{
  "schema_version": "stage1.v1",
  "sample_name": "sample_000056",
  "sequence_index": 56,
  "previous_sample_name": "sample_000055",
  "frame_id": 60057,
  "timestamp": 440.6197008341551,
  "platform_timestamp": 16814586.9633164,
  "delta_seconds": 0.10000000149011612,
  "town": "Carla/Maps/Town10HD_Opt",
  "weather": {
    "cloudiness": 20.0,
    "dust_storm": 0.0,
    "fog_density": 2.0,
    "fog_distance": 0.75,
    "fog_falloff": 0.10000000149011612,
    "mie_scattering_scale": 0.029999999329447746,
    "precipitation": 0.0,
    "precipitation_deposits": 0.0,
    "rayleigh_scattering_scale": 0.03310000151395798,
    "scattering_intensity": 1.0,
    "sun_altitude_angle": 45.0,
    "sun_azimuth_angle": 300.0,
    "wetness": 0.0,
    "wind_intensity": 10.0
  },
  "sensor_names": [
    "CAM_FRONT",
    "CAM_FRONT_RIGHT",
    "CAM_FRONT_LEFT",
    "CAM_BACK",
    "CAM_BACK_LEFT",
    "CAM_BACK_RIGHT",
    "LIDAR_TOP",
    "RADAR_FRONT",
    "RADAR_FRONT_LEFT",
    "RADAR_FRONT_RIGHT",
    "RADAR_BACK_LEFT",
    "RADAR_BACK_RIGHT"
  ],
  "camera_order_for_model": [
    "CAM_FRONT",
    "CAM_FRONT_RIGHT",
    "CAM_FRONT_LEFT",
    "CAM_BACK",
    "CAM_BACK_LEFT",
    "CAM_BACK_RIGHT"
  ],
  "radar_order_for_model": [
    "RADAR_FRONT",
    "RADAR_FRONT_LEFT",
    "RADAR_FRONT_RIGHT",
    "RADAR_BACK_LEFT",
    "RADAR_BACK_RIGHT"
  ],
  "coordinate_notes": {
    "carla_world": "left-handed x-forward y-right z-up",
    "bevfusion_lidar": "x-forward y-left z-up",
    "camera_frame_for_model": "OpenCV style x-right y-down z-forward"
  },
  "ego": {
    "actor_id": 28,
    "transform_carla": {
      "location": {
        "x": 87.98162841796875,
        "y": -57.299598693847656,
        "z": -0.003998908679932356
      },
      "rotation": {
        "roll": 0.6364087462425232,
        "pitch": -0.09204362332820892,
        "yaw": -145.70909118652344
      }
    },
    "velocity_carla": [
      -6.535897254943848,
      -4.246816635131836,
      9.269713700632565e-06
    ],
    "angular_velocity_carla": [
      -0.21095654368400574,
      -1.0425748825073242,
      -11.569897651672363
    ],
    "matrix_world_from_ego_carla": [
      [
        -0.8261866569519043,
        0.5633748769760132,
        0.0049305809661746025,
        87.98162841796875
      ],
      [
        -0.5633941888809204,
        -0.8261266946792603,
        -0.010081649757921696,
        -57.299598693847656
      ],
      [
        -0.0016064635710790753,
        -0.011107184924185276,
        0.9999369978904724,
        -0.003998908679932356
      ],
      [
        0.0,
        0.0,
        0.0,
        1.0
      ]
    ],
    "matrix_world_from_ego_bevfusion": [
      [
        -0.8261866569519043,
        -0.5633748769760132,
        0.0049305809661746025,
        87.98162841796875
      ],
      [
        0.5633941888809204,
        -0.8261266946792603,
        0.010081649757921696,
        57.299598693847656
      ],
      [
        -0.0016064635710790753,
        0.011107184924185276,
        0.9999369978904724,
        -0.003998908679932356
      ],
      [
        0.0,
        0.0,
        0.0,
        1.0
      ]
    ]
  },
  "sensors": {
    "CAM_FRONT": {
      "type_id": "sensor.camera.rgb",
      "blueprint_attributes": {
        "role_name": "front",
        "ros_name": "sensor.camera.rgb",
        "chromatic_aberration_offset": "0.0",
        "sensor_tick": "0.100000",
        "fstop": "1.4",
        "image_size_x": "960",
        "image_size_y": "540",
        "fov": "70.00",
        "lens_circle_falloff": "5.0",
        "lens_circle_multiplier": "0.0",
        "exposure_compensation": "0.0",
        "lens_y_size": "0.08",
        "lens_k": "-1.0",
        "exposure_mode": "histogram",
        "lens_kcube": "0.0",
        "lens_x_size": "0.08",
        "exposure_max_bright": "12.0",
        "shutter_speed": "200.0",
        "bloom_intensity": "0.675",
        "iso": "100.0",
        "enable_postprocess_effects": "false",
        "gamma": "2.2",
        "motion_blur_intensity": "0.0",
        "motion_blur_max_distortion": "0.35",
        "lens_flare_intensity": "0.1",
        "motion_blur_min_object_screen_size": "0.1",
        "exposure_min_bright": "10.0",
        "exposure_speed_up": "3.0",
        "exposure_speed_down": "1.0",
        "tint": "0.0",
        "calibration_constant": "16.0",
        "focal_distance": "1000.0",
        "min_fstop": "1.2",
        "blade_count": "5",
        "blur_amount": "0.0",
        "blur_radius": "0.0",
        "slope": "0.88",
        "toe": "0.55",
        "white_clip": "0.04",
        "shoulder": "0.26",
        "black_clip": "0.0",
        "temp": "6500.0",
        "chromatic_aberration_intensity": "0.0"
      },
      "transform_carla": {
        "location": {
          "x": 86.70941925048828,
          "y": -58.189998626708984,
          "z": 1.6934040784835815
        },
        "rotation": {
          "roll": 0.6364087462425232,
          "pitch": -0.09204362332820892,
          "yaw": -145.70909118652344
        }
      },
      "matrix_world_from_sensor_carla": [
        [
          -0.8261866569519043,
          0.5633748769760132,
          0.0049305809661746025,
          86.70941925048828
        ],
        [
          -0.5633941888809204,
          -0.8261266946792603,
          -0.010081649757921696,
          -58.189998626708984
        ],
        [
          -0.0016064635710790753,
          -0.011107184924185276,
          0.9999369978904724,
          1.6934040784835815
        ],
        [
          0.0,
          0.0,
          0.0,
          1.0
        ]
      ],
      "matrix_world_from_sensor_bevfusion": [
        [
          0.5633748769760132,
          -0.0049305809661746025,
          -0.8261866569519043,
          86.70941925048828
        ],
        [
          0.8261266946792603,
          -0.010081649757921696,
          0.5633941888809204,
          58.189998626708984
        ],
        [
          -0.011107184924185276,
          -0.9999369978904724,
          -0.0016064635710790753,
          1.6934040784835815
        ],
        [
          0.0,
          0.0,
          0.0,
          1.0
        ]
      ],
      "matrix_ego_from_sensor_carla": [
        [
          1.0,
          2.2882971073556746e-09,
          1.6210184583531628e-10,
          1.5500030517578125
        ],
        [
          6.06654104728932e-09,
          1.0,
          3.5288627575624787e-10,
          0.0
        ],
        [
          -2.8290414455511836e-10,
          -3.09212211391241e-10,
          1.0,
          1.6999999284744263
        ],
        [
          0.0,
          0.0,
          0.0,
          1.0
        ]
      ],
      "matrix_ego_from_sensor_bevfusion": [
        [
          2.2882971073556746e-09,
          -1.6210184583531628e-10,
          1.0,
          1.5500030517578125
        ],
        [
          -1.0,
          3.5288627575624787e-10,
          -6.06654104728932e-09,
          0.0
        ],
        [
          -3.09212211391241e-10,
          -1.0,
          -2.8290414455511836e-10,
          1.6999999284744263
        ],
        [
          0.0,
          0.0,
          0.0,
          1.0
        ]
      ],
      "camera_intrinsics": [
        [
          685.5110473632812,
          0.0,
          480.0
        ],
        [
          0.0,
          685.5110473632812,
          270.0
        ],
        [
          0.0,
          0.0,
          1.0
        ]
      ],
      "data_path": "D:\\Agent-AI\\outputs\\s3a_ml_long_v2\\sample_000056\\images\\CAM_FRONT.png",
      "raw_layout": "bgra8"
    },
    "CAM_FRONT_RIGHT": {
      "type_id": "sensor.camera.rgb",
      "blueprint_attributes": {
        "role_name": "front",
        "ros_name": "sensor.camera.rgb",
        "chromatic_aberration_offset": "0.0",
        "sensor_tick": "0.100000",
        "fstop": "1.4",
        "image_size_x": "960",
        "image_size_y": "540",
        "fov": "70.00",
        "lens_circle_falloff": "5.0",
        "lens_circle_multiplier": "0.0",
        "exposure_compensation": "0.0",
        "lens_y_size": "0.08",
        "lens_k": "-1.0",
        "exposure_mode": "histogram",
        "lens_kcube": "0.0",
        "lens_x_size": "0.08",
        "exposure_max_bright": "12.0",
        "shutter_speed": "200.0",
        "bloom_intensity": "0.675",
        "iso": "100.0",
        "enable_postprocess_effects": "false",
        "gamma": "2.2",
        "motion_blur_intensity": "0.0",
        "motion_blur_max_distortion": "0.35",
        "lens_flare_intensity": "0.1",
        "motion_blur_min_object_screen_size": "0.1",
        "exposure_min_bright": "10.0",
        "exposure_speed_up": "3.0",
        "exposure_speed_down": "1.0",
        "tint": "0.0",
        "calibration_constant": "16.0",
        "focal_distance": "1000.0",
        "min_fstop": "1.2",
        "blade_count": "5",
        "blur_amount": "0.0",
        "blur_radius": "0.0",
        "slope": "0.88",
        "toe": "0.55",
        "white_clip": "0.04",
        "shoulder": "0.26",
        "black_clip": "0.0",
        "temp": "6500.0",
        "chromatic_aberration_intensity": "0.0"
      },
      "transform_carla": {
        "location": {
          "x": 87.225830078125,
          "y": -58.50352096557617,
          "z": 1.6876968145370483
        },
        "rotation": {
          "roll": 0.289641410112381,
          "pitch": -0.5741046667098999,
          "yaw": -90.71005249023438
        }
      },
      "matrix_world_from_sensor_carla": [
        [
          -0.012391744181513786,
          0.9999111294746399,
          0.0049306186847388744,
          87.225830078125
        ],
        [
          -0.9998730421066284,
          -0.012341559864580631,
          -0.010081597603857517,
          -58.50352096557617
        ],
        [
          -0.010019849054515362,
          -0.00505492091178894,
          0.9999370574951172,
          1.6876968145370483
        ],
        [
          0.0,
          0.0,
          0.0,
          1.0
        ]
      ],
      "matrix_world_from_sensor_bevfusion": [
        [
          0.9999111294746399,
          -0.0049306186847388744,
          -0.012391744181513786,
          87.225830078125
        ],
        [
          0.012341559864580631,
          -0.010081597603857517,
          0.9998730421066284,
          58.50352096557617
        ],
        [
          -0.00505492091178894,
          -0.9999370574951172,
          -0.010019849054515362,
          1.6876968145370483
        ],
        [
          0.0,
          0.0,
          0.0,
          1.0
        ]
      ],
      "matrix_ego_from_sensor_carla": [
        [
          0.5735766291618347,
          -0.8191519379615784,
          -6.058603219116776e-08,
          1.2999954223632812
        ],
        [
          0.8191519379615784,
          0.5735766887664795,
          -2.2660895382387025e-08,
          0.5500030517578125
        ],
        [
          5.325440355363753e-08,
          -3.619885546868318e-08,
          1.0000001192092896,
          1.7000001668930054
        ],
        [
          0.0,
          0.0,
          0.0,
          1.0
        ]
      ],
      "matrix_ego_from_sensor_bevfusion": [
        [
          -0.8191519379615784,
          6.058603219116776e-08,
          0.5735766291618347,
          1.2999954223632812
        ],
        [
          -0.5735766887664795,
          -2.2660895382387025e-08,
          -0.8191519379615784,
          -0.5500030517578125
        ],
        [
          -3.619885546868318e-08,
          -1.0000001192092896,
          5.325440355363753e-08,
          1.7000001668930054
        ],
        [
          0.0,
          0.0,
          0.0,
          1.0
        ]
      ],
      "camera_intrinsics": [
        [
          685.5110473632812,
          0.0,
          480.0
        ],
        [
          0.0,
          685.5110473632812,
          270.0
        ],
        [
          0.0,
          0.0,
          1.0
        ]
      ],
      "data_path": "D:\\Agent-AI\\outputs\\s3a_ml_long_v2\\sample_000056\\images\\CAM_FRONT_RIGHT.png",
      "raw_layout": "bgra8"
    },
    "CAM_FRONT_LEFT": {
      "type_id": "sensor.camera.rgb",
      "blueprint_attributes": {
        "role_name": "front",
        "ros_name": "sensor.camera.rgb",
        "chromatic_aberration_offset": "0.0",
        "sensor_tick": "0.100000",
        "fstop": "1.4",
        "image_size_x": "960",
        "image_size_y": "540",
        "fov": "70.00",
        "lens_circle_falloff": "5.0",
        "lens_circle_multiplier": "0.0",
        "exposure_compensation": "0.0",
        "lens_y_size": "0.08",
        "lens_k": "-1.0",
        "exposure_mode": "histogram",
        "lens_kcube": "0.0",
        "lens_x_size": "0.08",
        "exposure_max_bright": "12.0",
        "shutter_speed": "200.0",
        "bloom_intensity": "0.675",
        "iso": "100.0",
        "enable_postprocess_effects": "false",
        "gamma": "2.2",
        "motion_blur_intensity": "0.0",
        "motion_blur_max_distortion": "0.35",
        "lens_flare_intensity": "0.1",
        "motion_blur_min_object_screen_size": "0.1",
        "exposure_min_bright": "10.0",
        "exposure_speed_up": "3.0",
        "exposure_speed_down": "1.0",
        "tint": "0.0",
        "calibration_constant": "16.0",
        "focal_distance": "1000.0",
        "min_fstop": "1.2",
        "blade_count": "5",
        "blur_amount": "0.0",
        "blur_radius": "0.0",
        "slope": "0.88",
        "toe": "0.55",
        "white_clip": "0.04",
        "shoulder": "0.26",
        "black_clip": "0.0",
        "temp": "6500.0",
        "chromatic_aberration_intensity": "0.0"
      },
      "transform_carla": {
        "location": {
          "x": 86.60610961914062,
          "y": -57.59477996826172,
          "z": 1.6999146938323975
        },
        "rotation": {
          "roll": 0.4404357671737671,
          "pitch": 0.4685167968273163,
          "yaw": 159.293212890625
        }
      },
      "matrix_world_from_sensor_carla": [
        [
          -0.9353708028793335,
          -0.3536340892314911,
          0.004930615425109863,
          86.60610961914062
        ],
        [
          0.35357391834259033,
          -0.9353522062301636,
          -0.010081625543534756,
          -57.59477996826172
        ],
        [
          0.008177069015800953,
          -0.007686721161007881,
          0.9999369978904724,
          1.6999146938323975
        ],
        [
          0.0,
          0.0,
          0.0,
          1.0
        ]
      ],
      "matrix_world_from_sensor_bevfusion": [
        [
          -0.3536340892314911,
          -0.004930615425109863,
          -0.9353708028793335,
          86.60610961914062
        ],
        [
          0.9353522062301636,
          -0.010081625543534756,
          -0.35357391834259033,
          57.59477996826172
        ],
        [
          -0.007686721161007881,
          -0.9999369978904724,
          0.008177069015800953,
          1.6999146938323975
        ],
        [
          0.0,
          0.0,
          0.0,
          1.0
        ]
      ],
      "matrix_ego_from_sensor_carla": [
        [
          0.5735762715339661,
          0.8191521167755127,
          -4.186382795978716e-08,
          1.3000030517578125
        ],
        [
          -0.8191521763801575,
          0.5735762715339661,
          -5.784362988592306e-10,
          -0.5500030517578125
        ],
        [
          2.36192416736003e-08,
          3.4458341957588345e-08,
          1.0,
          1.7000001668930054
        ],
        [
          0.0,
          0.0,
          0.0,
          1.0
        ]
      ],
      "matrix_ego_from_sensor_bevfusion": [
        [
          0.8191521167755127,
          4.186382795978716e-08,
          0.5735762715339661,
          1.3000030517578125
        ],
        [
          -0.5735762715339661,
          -5.784362988592306e-10,
          0.8191521763801575,
          0.5500030517578125
        ],
        [
          3.4458341957588345e-08,
          -1.0,
          2.36192416736003e-08,
          1.7000001668930054
        ],
        [
          0.0,
          0.0,
          0.0,
          1.0
        ]
      ],
      "camera_intrinsics": [
        [
          685.5110473632812,
          0.0,
          480.0
        ],
        [
          0.0,
          685.5110473632812,
          270.0
        ],
        [
          0.0,
          0.0,
          1.0
        ]
      ],
      "data_path": "D:\\Agent-AI\\outputs\\s3a_ml_long_v2\\sample_000056\\images\\CAM_FRONT_LEFT.png",
      "raw_layout": "bgra8"
    },
    "CAM_BACK": {
      "type_id": "sensor.camera.rgb",
      "blueprint_attributes": {
        "role_name": "front",
        "ros_name": "sensor.camera.rgb",
        "chromatic_aberration_offset": "0.0",
        "sensor_tick": "0.100000",
        "fstop": "1.4",
        "image_size_x": "960",
        "image_size_y": "540",
        "fov": "70.00",
        "lens_circle_falloff": "5.0",
        "lens_circle_multiplier": "0.0",
        "exposure_compensation": "0.0",
        "lens_y_size": "0.08",
        "lens_k": "-1.0",
        "exposure_mode": "histogram",
        "lens_kcube": "0.0",
        "lens_x_size": "0.08",
        "exposure_max_bright": "12.0",
        "shutter_speed": "200.0",
        "bloom_intensity": "0.675",
        "iso": "100.0",
        "enable_postprocess_effects": "false",
        "gamma": "2.2",
        "motion_blur_intensity": "0.0",
        "motion_blur_max_distortion": "0.35",
        "lens_flare_intensity": "0.1",
        "motion_blur_min_object_screen_size": "0.1",
        "exposure_min_bright": "10.0",
        "exposure_speed_up": "3.0",
        "exposure_speed_down": "1.0",
        "tint": "0.0",
        "calibration_constant": "16.0",
        "focal_distance": "1000.0",
        "min_fstop": "1.2",
        "blade_count": "5",
        "blur_amount": "0.0",
        "blur_radius": "0.0",
        "slope": "0.88",
        "toe": "0.55",
        "white_clip": "0.04",
        "shoulder": "0.26",
        "black_clip": "0.0",
        "temp": "6500.0",
        "chromatic_aberration_intensity": "0.0"
      },
      "transform_carla": {
        "location": {
          "x": 89.2706069946289,
          "y": -56.44347381591797,
          "z": 1.6983840465545654
        },
        "rotation": {
          "roll": -0.6364086866378784,
          "pitch": 0.09204362332820892,
          "yaw": 34.29092788696289
        }
      },
      "matrix_world_from_sensor_carla": [
        [
          0.8261864185333252,
          -0.5633751749992371,
          0.004930584225803614,
          89.2706069946289
        ],
        [
          0.5633944869041443,
          0.8261264562606812,
          -0.010081646963953972,
          -56.44347381591797
        ],
        [
          0.0016064635710790753,
          0.011107183992862701,
          0.9999369978904724,
          1.6983840465545654
        ],
        [
          0.0,
          0.0,
          0.0,
          1.0
        ]
      ],
      "matrix_world_from_sensor_bevfusion": [
        [
          -0.5633751749992371,
          -0.004930584225803614,
          0.8261864185333252,
          89.2706069946289
        ],
        [
          -0.8261264562606812,
          -0.010081646963953972,
          -0.5633944869041443,
          56.44347381591797
        ],
        [
          0.011107183992862701,
          -0.9999369978904724,
          0.0016064635710790753,
          1.6983840465545654
        ],
        [
          0.0,
          0.0,
          0.0,
          1.0
        ]
      ],
      "matrix_ego_from_sensor_carla": [
        [
          -0.9999998807907104,
          3.7045504086563597e-07,
          -4.261680341954843e-09,
          -1.5499992370605469
        ],
        [
          -3.71481490901715e-07,
          -1.0,
          -5.784362988592306e-10,
          0.0
        ],
        [
          -4.1408778628238e-09,
          3.092708311669412e-10,
          1.0,
          1.6999999284744263
        ],
        [
          0.0,
          0.0,
          0.0,
          1.0
        ]
      ],
      "matrix_ego_from_sensor_bevfusion": [
        [
          3.7045504086563597e-07,
          4.261680341954843e-09,
          -0.9999998807907104,
          -1.5499992370605469
        ],
        [
          1.0,
          -5.784362988592306e-10,
          3.71481490901715e-07,
          0.0
        ],
        [
          3.092708311669412e-10,
          -1.0,
          -4.1408778628238e-09,
          1.6999999284744263
        ],
        [
          0.0,
          0.0,
          0.0,
          1.0
        ]
      ],
      "camera_intrinsics": [
        [
          685.5110473632812,
          0.0,
          480.0
        ],
        [
          0.0,
          685.5110473632812,
          270.0
        ],
        [
          0.0,
          0.0,
          1.0
        ]
      ],
      "data_path": "D:\\Agent-AI\\outputs\\s3a_ml_long_v2\\sample_000056\\images\\CAM_BACK.png",
      "raw_layout": "bgra8"
    },
    "CAM_BACK_LEFT": {
      "type_id": "sensor.camera.rgb",
      "blueprint_attributes": {
        "role_name": "front",
        "ros_name": "sensor.camera.rgb",
        "chromatic_aberration_offset": "0.0",
        "sensor_tick": "0.100000",
        "fstop": "1.4",
        "image_size_x": "960",
        "image_size_y": "540",
        "fov": "70.00",
        "lens_circle_falloff": "5.0",
        "lens_circle_multiplier": "0.0",
        "exposure_compensation": "0.0",
        "lens_y_size": "0.08",
        "lens_k": "-1.0",
        "exposure_mode": "histogram",
        "lens_kcube": "0.0",
        "lens_x_size": "0.08",
        "exposure_max_bright": "12.0",
        "shutter_speed": "200.0",
        "bloom_intensity": "0.675",
        "iso": "100.0",
        "enable_postprocess_effects": "false",
        "gamma": "2.2",
        "motion_blur_intensity": "0.0",
        "motion_blur_max_distortion": "0.35",
        "lens_flare_intensity": "0.1",
        "motion_blur_min_object_screen_size": "0.1",
        "exposure_min_bright": "10.0",
        "exposure_speed_up": "3.0",
        "exposure_speed_down": "1.0",
        "tint": "0.0",
        "calibration_constant": "16.0",
        "focal_distance": "1000.0",
        "min_fstop": "1.2",
        "blade_count": "5",
        "blur_amount": "0.0",
        "blur_radius": "0.0",
        "slope": "0.88",
        "toe": "0.55",
        "white_clip": "0.04",
        "shoulder": "0.26",
        "black_clip": "0.0",
        "temp": "6500.0",
        "chromatic_aberration_intensity": "0.0"
      },
      "transform_carla": {
        "location": {
          "x": 88.75419616699219,
          "y": -56.12995529174805,
          "z": 1.7040913105010986
        },
        "rotation": {
          "roll": -0.2896413207054138,
          "pitch": 0.5741046667098999,
          "yaw": 89.28996276855469
        }
      },
      "matrix_world_from_sensor_carla": [
        [
          0.012391537427902222,
          -0.9999111294746399,
          0.004930619616061449,
          88.75419616699219
        ],
        [
          0.9998730421066284,
          0.012341353110969067,
          -0.010081596672534943,
          -56.12995529174805
        ],
        [
          0.010019849054515362,
          0.0050549195148050785,
          0.9999370574951172,
          1.7040913105010986
        ],
        [
          0.0,
          0.0,
          0.0,
          1.0
        ]
      ],
      "matrix_world_from_sensor_bevfusion": [
        [
          -0.9999111294746399,
          -0.004930619616061449,
          0.012391537427902222,
          88.75419616699219
        ],
        [
          -0.012341353110969067,
          -0.010081596672534943,
          -0.9998730421066284,
          56.12995529174805
        ],
        [
          0.0050549195148050785,
          -0.9999370574951172,
          0.010019849054515362,
          1.7040913105010986
        ],
        [
          0.0,
          0.0,
          0.0,
          1.0
        ]
      ],
      "matrix_ego_from_sensor_carla": [
        [
          -0.5735764503479004,
          0.8191520571708679,
          -6.151735476578324e-08,
          -1.2999954223632812
        ],
        [
          -0.8191520571708679,
          -0.5735765099525452,
          -2.2660895382387025e-08,
          -0.5500030517578125
        ],
        [
          -5.418572612825301e-08,
          3.7130266861140626e-08,
          1.0000001192092896,
          1.6999999284744263
        ],
        [
          0.0,
          0.0,
          0.0,
          1.0
        ]
      ],
      "matrix_ego_from_sensor_bevfusion": [
        [
          0.8191520571708679,
          6.151735476578324e-08,
          -0.5735764503479004,
          -1.2999954223632812
        ],
        [
          0.5735765099525452,
          -2.2660895382387025e-08,
          0.8191520571708679,
          0.5500030517578125
        ],
        [
          3.7130266861140626e-08,
          -1.0000001192092896,
          -5.418572612825301e-08,
          1.6999999284744263
        ],
        [
          0.0,
          0.0,
          0.0,
          1.0
        ]
      ],
      "camera_intrinsics": [
        [
          685.5110473632812,
          0.0,
          480.0
        ],
        [
          0.0,
          685.5110473632812,
          270.0
        ],
        [
          0.0,
          0.0,
          1.0
        ]
      ],
      "data_path": "D:\\Agent-AI\\outputs\\s3a_ml_long_v2\\sample_000056\\images\\CAM_BACK_LEFT.png",
      "raw_layout": "bgra8"
    },
    "CAM_BACK_RIGHT": {
      "type_id": "sensor.camera.rgb",
      "blueprint_attributes": {
        "role_name": "front",
        "ros_name": "sensor.camera.rgb",
        "chromatic_aberration_offset": "0.0",
        "sensor_tick": "0.100000",
        "fstop": "1.4",
        "image_size_x": "960",
        "image_size_y": "540",
        "fov": "70.00",
        "lens_circle_falloff": "5.0",
        "lens_circle_multiplier": "0.0",
        "exposure_compensation": "0.0",
        "lens_y_size": "0.08",
        "lens_k": "-1.0",
        "exposure_mode": "histogram",
        "lens_kcube": "0.0",
        "lens_x_size": "0.08",
        "exposure_max_bright": "12.0",
        "shutter_speed": "200.0",
        "bloom_intensity": "0.675",
        "iso": "100.0",
        "enable_postprocess_effects": "false",
        "gamma": "2.2",
        "motion_blur_intensity": "0.0",
        "motion_blur_max_distortion": "0.35",
        "lens_flare_intensity": "0.1",
        "motion_blur_min_object_screen_size": "0.1",
        "exposure_min_bright": "10.0",
        "exposure_speed_up": "3.0",
        "exposure_speed_down": "1.0",
        "tint": "0.0",
        "calibration_constant": "16.0",
        "focal_distance": "1000.0",
        "min_fstop": "1.2",
        "blade_count": "5",
        "blur_amount": "0.0",
        "blur_radius": "0.0",
        "slope": "0.88",
        "toe": "0.55",
        "white_clip": "0.04",
        "shoulder": "0.26",
        "black_clip": "0.0",
        "temp": "6500.0",
        "chromatic_aberration_intensity": "0.0"
      },
      "transform_carla": {
        "location": {
          "x": 89.37391662597656,
          "y": -57.0386962890625,
          "z": 1.69187331199646
        },
        "rotation": {
          "roll": -0.44043561816215515,
          "pitch": -0.4685167968273163,
          "yaw": -20.706787109375
        }
      },
      "matrix_world_from_sensor_carla": [
        [
          0.9353708624839783,
          0.3536339998245239,
          0.0049306172877550125,
          89.37391662597656
        ],
        [
          -0.35357382893562317,
          0.9353522658348083,
          -0.010081622749567032,
          -57.0386962890625
        ],
        [
          -0.008177069015800953,
          0.007686718832701445,
          0.9999369978904724,
          1.69187331199646
        ],
        [
          0.0,
          0.0,
          0.0,
          1.0
        ]
      ],
      "matrix_world_from_sensor_bevfusion": [
        [
          0.3536339998245239,
          -0.0049306172877550125,
          0.9353708624839783,
          89.37391662597656
        ],
        [
          -0.9353522658348083,
          -0.010081622749567032,
          0.35357382893562317,
          57.0386962890625
        ],
        [
          0.007686718832701445,
          -0.9999369978904724,
          -0.008177069015800953,
          1.69187331199646
        ],
        [
          0.0,
          0.0,
          0.0,
          1.0
        ]
      ],
      "matrix_ego_from_sensor_carla": [
        [
          -0.5735763311386108,
          -0.8191520571708679,
          -4.4890626327287464e-08,
          -1.3000030517578125
        ],
        [
          0.8191521167755127,
          -0.5735763311386108,
          -1.5097588734747092e-09,
          0.5500106811523438
        ],
        [
          -2.4550564248215778e-08,
          -3.771782530748169e-08,
          1.0,
          1.6999999284744263
        ],
        [
          0.0,
          0.0,
          0.0,
          1.0
        ]
      ],
      "matrix_ego_from_sensor_bevfusion": [
        [
          -0.8191520571708679,
          4.4890626327287464e-08,
          -0.5735763311386108,
          -1.3000030517578125
        ],
        [
          0.5735763311386108,
          -1.5097588734747092e-09,
          -0.8191521167755127,
          -0.5500106811523438
        ],
        [
          -3.771782530748169e-08,
          -1.0,
          -2.4550564248215778e-08,
          1.6999999284744263
        ],
        [
          0.0,
          0.0,
          0.0,
          1.0
        ]
      ],
      "camera_intrinsics": [
        [
          685.5110473632812,
          0.0,
          480.0
        ],
        [
          0.0,
          685.5110473632812,
          270.0
        ],
        [
          0.0,
          0.0,
          1.0
        ]
      ],
      "data_path": "D:\\Agent-AI\\outputs\\s3a_ml_long_v2\\sample_000056\\images\\CAM_BACK_RIGHT.png",
      "raw_layout": "bgra8"
    },
    "LIDAR_TOP": {
      "type_id": "sensor.lidar.ray_cast",
      "blueprint_attributes": {
        "atmosphere_attenuation_rate": "0.004",
        "role_name": "front",
        "noise_seed": "0",
        "upper_fov": "10.0",
        "ros_name": "sensor.lidar.ray_cast",
        "sensor_tick": "0.100000",
        "channels": "32",
        "range": "120.0",
        "points_per_second": "360000",
        "lower_fov": "-30.0",
        "rotation_frequency": "10.000000",
        "horizontal_fov": "360.0",
        "dropoff_general_rate": "0.0",
        "dropoff_intensity_limit": "1.0",
        "noise_stddev": "0.0",
        "dropoff_zero_intensity": "0.0"
      },
      "transform_carla": {
        "location": {
          "x": 87.99247741699219,
          "y": -57.32177734375,
          "z": 2.1958625316619873
        },
        "rotation": {
          "roll": 0.6364087462425232,
          "pitch": -0.09204362332820892,
          "yaw": -145.70909118652344
        }
      },
      "matrix_world_from_sensor_carla": [
        [
          -0.8261866569519043,
          0.5633748769760132,
          0.0049305809661746025,
          87.99247741699219
        ],
        [
          -0.5633941888809204,
          -0.8261266946792603,
          -0.010081649757921696,
          -57.32177734375
        ],
        [
          -0.0016064635710790753,
          -0.011107184924185276,
          0.9999369978904724,
          2.1958625316619873
        ],
        [
          0.0,
          0.0,
          0.0,
          1.0
        ]
      ],
      "matrix_world_from_sensor_bevfusion": [
        [
          -0.8261866569519043,
          -0.5633748769760132,
          0.0049305809661746025,
          87.99247741699219
        ],
        [
          0.5633941888809204,
          -0.8261266946792603,
          0.010081649757921696,
          57.32177734375
        ],
        [
          -0.0016064635710790753,
          0.011107184924185276,
          0.9999369978904724,
          2.1958625316619873
        ],
        [
          0.0,
          0.0,
          0.0,
          1.0
        ]
      ],
      "matrix_ego_from_sensor_carla": [
        [
          1.0,
          2.2882971073556746e-09,
          1.6210184583531628e-10,
          0.0
        ],
        [
          6.06654104728932e-09,
          1.0,
          3.5288627575624787e-10,
          0.0
        ],
        [
          -2.8290414455511836e-10,
          -3.09212211391241e-10,
          1.0,
          2.1999998092651367
        ],
        [
          0.0,
          0.0,
          0.0,
          1.0
        ]
      ],
      "matrix_ego_from_sensor_bevfusion": [
        [
          1.0,
          -2.2882971073556746e-09,
          1.6210184583531628e-10,
          0.0
        ],
        [
          -6.06654104728932e-09,
          1.0,
          -3.5288627575624787e-10,
          0.0
        ],
        [
          -2.8290414455511836e-10,
          3.09212211391241e-10,
          1.0,
          2.1999998092651367
        ],
        [
          0.0,
          0.0,
          0.0,
          1.0
        ]
      ],
      "data_path": "D:\\Agent-AI\\outputs\\s3a_ml_long_v2\\sample_000056\\lidar\\LIDAR_TOP.npy",
      "raw_layout": [
        "x",
        "y",
        "z",
        "intensity"
      ]
    },
    "RADAR_FRONT": {
      "type_id": "sensor.other.radar",
      "blueprint_attributes": {
        "sensor_tick": "0.100000",
        "role_name": "default",
        "noise_seed": "0",
        "ros_name": "sensor.other.radar",
        "horizontal_fov": "35.0",
        "points_per_second": "1500",
        "vertical_fov": "20.0",
        "range": "120.0"
      },
      "transform_carla": {
        "location": {
          "x": 86.33368682861328,
          "y": -58.43545913696289,
          "z": 0.8927316069602966
        },
        "rotation": {
          "roll": 0.6364087462425232,
          "pitch": -0.09204362332820892,
          "yaw": -145.70909118652344
        }
      },
      "matrix_world_from_sensor_carla": [
        [
          -0.8261866569519043,
          0.5633748769760132,
          0.0049305809661746025,
          86.33368682861328
        ],
        [
          -0.5633941888809204,
          -0.8261266946792603,
          -0.010081649757921696,
          -58.43545913696289
        ],
        [
          -0.0016064635710790753,
          -0.011107184924185276,
          0.9999369978904724,
          0.8927316069602966
        ],
        [
          0.0,
          0.0,
          0.0,
          1.0
        ]
      ],
      "matrix_world_from_sensor_bevfusion": [
        [
          -0.8261866569519043,
          -0.5633748769760132,
          0.0049305809661746025,
          86.33368682861328
        ],
        [
          0.5633941888809204,
          -0.8261266946792603,
          0.010081649757921696,
          58.43545913696289
        ],
        [
          -0.0016064635710790753,
          0.011107184924185276,
          0.9999369978904724,
          0.8927316069602966
        ],
        [
          0.0,
          0.0,
          0.0,
          1.0
        ]
      ],
      "matrix_ego_from_sensor_carla": [
        [
          1.0,
          2.2882971073556746e-09,
          1.6210184583531628e-10,
          2.0000038146972656
        ],
        [
          6.06654104728932e-09,
          1.0,
          3.5288627575624787e-10,
          -7.62939453125e-06
        ],
        [
          -2.8290414455511836e-10,
          -3.09212211391241e-10,
          1.0,
          0.9000000953674316
        ],
        [
          0.0,
          0.0,
          0.0,
          1.0
        ]
      ],
      "matrix_ego_from_sensor_bevfusion": [
        [
          1.0,
          -2.2882971073556746e-09,
          1.6210184583531628e-10,
          2.0000038146972656
        ],
        [
          -6.06654104728932e-09,
          1.0,
          -3.5288627575624787e-10,
          7.62939453125e-06
        ],
        [
          -2.8290414455511836e-10,
          3.09212211391241e-10,
          1.0,
          0.9000000953674316
        ],
        [
          0.0,
          0.0,
          0.0,
          1.0
        ]
      ],
      "data_path": "D:\\Agent-AI\\outputs\\s3a_ml_long_v2\\sample_000056\\radar\\RADAR_FRONT.npy",
      "raw_layout": [
        "velocity",
        "altitude",
        "azimuth",
        "depth"
      ]
    },
    "RADAR_FRONT_LEFT": {
      "type_id": "sensor.other.radar",
      "blueprint_attributes": {
        "sensor_tick": "0.100000",
        "role_name": "default",
        "noise_seed": "0",
        "ros_name": "sensor.other.radar",
        "horizontal_fov": "35.0",
        "points_per_second": "1500",
        "vertical_fov": "20.0",
        "range": "120.0"
      },
      "transform_carla": {
        "location": {
          "x": 86.20033264160156,
          "y": -57.618675231933594,
          "z": 0.9016241431236267
        },
        "rotation": {
          "roll": 0.5151004195213318,
          "pitch": 0.384915292263031,
          "yaw": 169.29312133789062
        }
      },
      "matrix_world_from_sensor_carla": [
        [
          -0.9825683236122131,
          -0.18583637475967407,
          0.004930546972900629,
          86.20033264160156
        ],
        [
          0.1857803463935852,
          -0.9825395941734314,
          -0.010081612505018711,
          -57.618675231933594
        ],
        [
          0.0067179882898926735,
          -0.00898987427353859,
          0.9999369978904724,
          0.9016241431236267
        ],
        [
          0.0,
          0.0,
          0.0,
          1.0
        ]
      ],
      "matrix_world_from_sensor_bevfusion": [
        [
          -0.9825683236122131,
          0.18583637475967407,
          0.004930546972900629,
          86.20033264160156
        ],
        [
          -0.1857803463935852,
          -0.9825395941734314,
          0.010081612505018711,
          57.618675231933594
        ],
        [
          0.0067179882898926735,
          0.00898987427353859,
          0.9999369978904724,
          0.9016241431236267
        ],
        [
          0.0,
          0.0,
          0.0,
          1.0
        ]
      ],
      "matrix_ego_from_sensor_carla": [
        [
          0.7071065306663513,
          0.7071070671081543,
          7.1470211970847686e-09,
          1.649993896484375
        ],
        [
          -0.7071070671081543,
          0.7071065306663513,
          -4.9938531532234265e-08,
          -0.75
        ],
        [
          -4.007343079592829e-08,
          3.0334724954173e-08,
          1.0,
          0.8999999761581421
        ],
        [
          0.0,
          0.0,
          0.0,
          1.0
        ]
      ],
      "matrix_ego_from_sensor_bevfusion": [
        [
          0.7071065306663513,
          -0.7071070671081543,
          7.1470211970847686e-09,
          1.649993896484375
        ],
        [
          0.7071070671081543,
          0.7071065306663513,
          4.9938531532234265e-08,
          0.75
        ],
        [
          -4.007343079592829e-08,
          -3.0334724954173e-08,
          1.0,
          0.8999999761581421
        ],
        [
          0.0,
          0.0,
          0.0,
          1.0
        ]
      ],
      "data_path": "D:\\Agent-AI\\outputs\\s3a_ml_long_v2\\sample_000056\\radar\\RADAR_FRONT_LEFT.npy",
      "raw_layout": [
        "velocity",
        "altitude",
        "azimuth",
        "depth"
      ]
    },
    "RADAR_FRONT_RIGHT": {
      "type_id": "sensor.other.radar",
      "blueprint_attributes": {
        "sensor_tick": "0.100000",
        "role_name": "default",
        "noise_seed": "0",
        "ros_name": "sensor.other.radar",
        "horizontal_fov": "35.0",
        "points_per_second": "1500",
        "vertical_fov": "20.0",
