{
  "schema_version": "stage1.v1",
  "sample_name": "sample_000019",
  "sequence_index": 19,
  "previous_sample_name": "sample_000018",
  "frame_id": 3939,
  "timestamp": 41.0310865752399,
  "platform_timestamp": 16816489.8589042,
  "delta_seconds": 0.10000000149011612,
  "town": "Carla/Maps/Town10HD_Opt",
  "weather": {
    "cloudiness": 20.0,
    "dust_storm": 0.0,
    "fog_density": 2.0,
    "fog_distance": 0.75,
    "fog_falloff": 0.10000000149011612,
    "mie_scattering_scale": 0.029999999329447746,
    "precipitation": 0.0,
    "precipitation_deposits": 0.0,
    "rayleigh_scattering_scale": 0.03310000151395798,
    "scattering_intensity": 1.0,
    "sun_altitude_angle": 45.0,
    "sun_azimuth_angle": 300.0,
    "wetness": 0.0,
    "wind_intensity": 10.0
  },
  "sensor_names": [
    "CAM_FRONT",
    "CAM_FRONT_RIGHT",
    "CAM_FRONT_LEFT",
    "CAM_BACK",
    "CAM_BACK_LEFT",
    "CAM_BACK_RIGHT",
    "LIDAR_TOP",
    "RADAR_FRONT",
    "RADAR_FRONT_LEFT",
    "RADAR_FRONT_RIGHT",
    "RADAR_BACK_LEFT",
    "RADAR_BACK_RIGHT"
  ],
  "camera_order_for_model": [
    "CAM_FRONT",
    "CAM_FRONT_RIGHT",
    "CAM_FRONT_LEFT",
    "CAM_BACK",
    "CAM_BACK_LEFT",
    "CAM_BACK_RIGHT"
  ],
  "radar_order_for_model": [
    "RADAR_FRONT",
    "RADAR_FRONT_LEFT",
    "RADAR_FRONT_RIGHT",
    "RADAR_BACK_LEFT",
    "RADAR_BACK_RIGHT"
  ],
  "coordinate_notes": {
    "carla_world": "left-handed x-forward y-right z-up",
    "bevfusion_lidar": "x-forward y-left z-up",
    "camera_frame_for_model": "OpenCV style x-right y-down z-forward"
  },
  "ego": {
    "actor_id": 24,
    "transform_carla": {
      "location": {
        "x": 108.79183959960938,
        "y": -32.21223068237305,
        "z": -0.0029489516746252775
      },
      "rotation": {
        "roll": 0.5840597152709961,
        "pitch": -0.37115246057510376,
        "yaw": -100.83951568603516
      }
    },
    "velocity_carla": [
      -1.5171715021133423,
      -6.658443450927734,
      -0.00019491194689180702
    ],
    "angular_velocity_carla": [
      2.38116717338562,
      0.5760315656661987,
      -13.421741485595703
    ],
    "matrix_world_from_ego_carla": [
      [
        -0.18805474042892456,
        0.9821191430091858,
        0.008793571032583714,
        108.79183959960938
      ],
      [
        -0.982137143611908,
        -0.18798406422138214,
        -0.008278870955109596,
        -32.21223068237305
      ],
      [
        -0.006477787159383297,
        -0.010193374007940292,
        0.9999270439147949,
        -0.0029489516746252775
      ],
      [
        0.0,
        0.0,
        0.0,
        1.0
      ]
    ],
    "matrix_world_from_ego_bevfusion": [
      [
        -0.18805474042892456,
        -0.9821191430091858,
        0.008793571032583714,
        108.79183959960938
      ],
      [
        0.982137143611908,
        -0.18798406422138214,
        0.008278870955109596,
        32.21223068237305
      ],
      [
        -0.006477787159383297,
        0.010193374007940292,
        0.9999270439147949,
        -0.0029489516746252775
      ],
      [
        0.0,
        0.0,
        0.0,
        1.0
      ]
    ]
  },
  "sensors": {
    "CAM_FRONT": {
      "type_id": "sensor.camera.rgb",
      "blueprint_attributes": {
        "role_name": "front",
        "ros_name": "sensor.camera.rgb",
        "chromatic_aberration_offset": "0.0",
        "sensor_tick": "0.100000",
        "fstop": "1.4",
        "image_size_x": "960",
        "image_size_y": "540",
        "fov": "70.00",
        "lens_circle_falloff": "5.0",
        "lens_circle_multiplier": "0.0",
        "exposure_compensation": "0.0",
        "lens_y_size": "0.08",
        "lens_k": "-1.0",
        "exposure_mode": "histogram",
        "lens_kcube": "0.0",
        "lens_x_size": "0.08",
        "exposure_max_bright": "12.0",
        "shutter_speed": "200.0",
        "bloom_intensity": "0.675",
        "iso": "100.0",
        "enable_postprocess_effects": "false",
        "gamma": "2.2",
        "motion_blur_intensity": "0.0",
        "motion_blur_max_distortion": "0.35",
        "lens_flare_intensity": "0.1",
        "motion_blur_min_object_screen_size": "0.1",
        "exposure_min_bright": "10.0",
        "exposure_speed_up": "3.0",
        "exposure_speed_down": "1.0",
        "tint": "0.0",
        "calibration_constant": "16.0",
        "focal_distance": "1000.0",
        "min_fstop": "1.2",
        "blade_count": "5",
        "blur_amount": "0.0",
        "blur_radius": "0.0",
        "slope": "0.88",
        "toe": "0.55",
        "white_clip": "0.04",
        "shoulder": "0.26",
        "black_clip": "0.0",
        "temp": "6500.0",
        "chromatic_aberration_intensity": "0.0"
      },
      "transform_carla": {
        "location": {
          "x": 108.51531219482422,
          "y": -33.748619079589844,
          "z": 1.6868864297866821
        },
        "rotation": {
          "roll": 0.5840597152709961,
          "pitch": -0.37115246057510376,
          "yaw": -100.83951568603516
        }
      },
      "matrix_world_from_sensor_carla": [
        [
          -0.18805474042892456,
          0.9821191430091858,
          0.008793571032583714,
          108.51531219482422
        ],
        [
          -0.982137143611908,
          -0.18798406422138214,
          -0.008278870955109596,
          -33.748619079589844
        ],
        [
          -0.006477787159383297,
          -0.010193374007940292,
          0.9999270439147949,
          1.6868864297866821
        ],
        [
          0.0,
          0.0,
          0.0,
          1.0
        ]
      ],
      "matrix_world_from_sensor_bevfusion": [
        [
          0.9821191430091858,
          -0.008793571032583714,
          -0.18805474042892456,
          108.51531219482422
        ],
        [
          0.18798406422138214,
          -0.008278870955109596,
          0.982137143611908,
          33.748619079589844
        ],
        [
          -0.010193374007940292,
          -0.9999270439147949,
          -0.006477787159383297,
          1.6868864297866821
        ],
        [
          0.0,
          0.0,
          0.0,
          1.0
        ]
      ],
      "matrix_ego_from_sensor_carla": [
        [
          1.0,
          -6.05250793928036e-10,
          -5.178759643342801e-10,
          1.5499992370605469
        ],
        [
          2.827758027734717e-09,
          0.9999999403953552,
          -4.5800652159755373e-10,
          7.62939453125e-06
        ],
        [
          2.7340407715570336e-11,
          -1.3432432943716321e-10,
          1.0,
          1.7000000476837158
        ],
        [
          0.0,
          0.0,
          0.0,
          1.0
        ]
      ],
      "matrix_ego_from_sensor_bevfusion": [
        [
          -6.05250793928036e-10,
          5.178759643342801e-10,
          1.0,
          1.5499992370605469
        ],
        [
          -0.9999999403953552,
          -4.5800652159755373e-10,
          -2.827758027734717e-09,
          -7.62939453125e-06
        ],
        [
          -1.3432432943716321e-10,
          -1.0,
          2.7340407715570336e-11,
          1.7000000476837158
        ],
        [
          0.0,
          0.0,
          0.0,
          1.0
        ]
      ],
      "camera_intrinsics": [
        [
          685.5110473632812,
          0.0,
          480.0
        ],
        [
          0.0,
          685.5110473632812,
          270.0
        ],
        [
          0.0,
          0.0,
          1.0
        ]
      ],
      "data_path": "D:\\Agent-AI\\outputs\\s3a_left_v3\\sample_000019\\images\\CAM_FRONT.png",
      "raw_layout": "bgra8"
    },
    "CAM_FRONT_RIGHT": {
      "type_id": "sensor.camera.rgb",
      "blueprint_attributes": {
        "role_name": "front",
        "ros_name": "sensor.camera.rgb",
        "chromatic_aberration_offset": "0.0",
        "sensor_tick": "0.100000",
        "fstop": "1.4",
        "image_size_x": "960",
        "image_size_y": "540",
        "fov": "70.00",
        "lens_circle_falloff": "5.0",
        "lens_circle_multiplier": "0.0",
        "exposure_compensation": "0.0",
        "lens_y_size": "0.08",
        "lens_k": "-1.0",
        "exposure_mode": "histogram",
        "lens_kcube": "0.0",
        "lens_x_size": "0.08",
        "exposure_max_bright": "12.0",
        "shutter_speed": "200.0",
        "bloom_intensity": "0.675",
        "iso": "100.0",
        "enable_postprocess_effects": "false",
        "gamma": "2.2",
        "motion_blur_intensity": "0.0",
        "motion_blur_max_distortion": "0.35",
        "lens_flare_intensity": "0.1",
        "motion_blur_min_object_screen_size": "0.1",
        "exposure_min_bright": "10.0",
        "exposure_speed_up": "3.0",
        "exposure_speed_down": "1.0",
        "tint": "0.0",
        "calibration_constant": "16.0",
        "focal_distance": "1000.0",
        "min_fstop": "1.2",
        "blade_count": "5",
        "blur_amount": "0.0",
        "blur_radius": "0.0",
        "slope": "0.88",
        "toe": "0.55",
        "white_clip": "0.04",
        "shoulder": "0.26",
        "black_clip": "0.0",
        "temp": "6500.0",
        "chromatic_aberration_intensity": "0.0"
      },
      "transform_carla": {
        "location": {
          "x": 109.10248565673828,
          "y": -33.60647201538086,
          "z": 1.6828995943069458
        },
        "rotation": {
          "roll": 0.030962353572249413,
          "pitch": -0.6913175582885742,
          "yaw": -45.837825775146484
        }
      },
      "matrix_world_from_sensor_carla": [
        [
          0.6966409087181091,
          0.717366099357605,
          0.00879357848316431,
          109.10248565673828
        ],
        [
          -0.7173184752464294,
          0.6966962218284607,
          -0.008278927765786648,
          -33.60647201538086
        ],
        [
          -0.01206547487527132,
          -0.0005403556860983372,
          0.9999271035194397,
          1.6828995943069458
        ],
        [
          0.0,
          0.0,
          0.0,
          1.0
        ]
      ],
      "matrix_world_from_sensor_bevfusion": [
        [
          0.717366099357605,
          -0.00879357848316431,
          0.6966409087181091,
          109.10248565673828
        ],
        [
          -0.6966962218284607,
          -0.008278927765786648,
          0.7173184752464294,
          33.60647201538086
        ],
        [
          -0.0005403556860983372,
          -0.9999271035194397,
          -0.01206547487527132,
          1.6828995943069458
        ],
        [
          0.0,
          0.0,
          0.0,
          1.0
        ]
      ],
      "matrix_ego_from_sensor_carla": [
        [
          0.5735766887664795,
          -0.8191518783569336,
          5.357838972486206e-08,
          1.299997329711914
        ],
        [
          0.8191518783569336,
          0.5735766887664795,
          1.756087186777222e-08,
          0.5500106811523438
        ],
        [
          -4.62039828619254e-08,
          3.455879138414275e-08,
          1.0000001192092896,
          1.7000000476837158
        ],
        [
          0.0,
          0.0,
          0.0,
          1.0
        ]
      ],
      "matrix_ego_from_sensor_bevfusion": [
        [
          -0.8191518783569336,
          -5.357838972486206e-08,
          0.5735766887664795,
          1.299997329711914
        ],
        [
          -0.5735766887664795,
          1.756087186777222e-08,
          -0.8191518783569336,
          -0.5500106811523438
        ],
        [
          3.455879138414275e-08,
          -1.0000001192092896,
          -4.62039828619254e-08,
          1.7000000476837158
        ],
        [
          0.0,
          0.0,
          0.0,
          1.0
        ]
      ],
      "camera_intrinsics": [
        [
          685.5110473632812,
          0.0,
          480.0
        ],
        [
          0.0,
          685.5110473632812,
          270.0
        ],
        [
          0.0,
          0.0,
          1.0
        ]
      ],
      "data_path": "D:\\Agent-AI\\outputs\\s3a_left_v3\\sample_000019\\images\\CAM_FRONT_RIGHT.png",
      "raw_layout": "bgra8"
    },
    "CAM_FRONT_LEFT": {
      "type_id": "sensor.camera.rgb",
      "blueprint_attributes": {
        "role_name": "front",
        "ros_name": "sensor.camera.rgb",
        "chromatic_aberration_offset": "0.0",
        "sensor_tick": "0.100000",
        "fstop": "1.4",
        "image_size_x": "960",
        "image_size_y": "540",
        "fov": "70.00",
        "lens_circle_falloff": "5.0",
        "lens_circle_multiplier": "0.0",
        "exposure_compensation": "0.0",
        "lens_y_size": "0.08",
        "lens_k": "-1.0",
        "exposure_mode": "histogram",
        "lens_kcube": "0.0",
        "lens_x_size": "0.08",
        "exposure_max_bright": "12.0",
        "shutter_speed": "200.0",
        "bloom_intensity": "0.675",
        "iso": "100.0",
        "enable_postprocess_effects": "false",
        "gamma": "2.2",
        "motion_blur_intensity": "0.0",
        "motion_blur_max_distortion": "0.35",
        "lens_flare_intensity": "0.1",
        "motion_blur_min_object_screen_size": "0.1",
        "exposure_min_bright": "10.0",
        "exposure_speed_up": "3.0",
        "exposure_speed_down": "1.0",
        "tint": "0.0",
        "calibration_constant": "16.0",
        "focal_distance": "1000.0",
        "min_fstop": "1.2",
        "blade_count": "5",
        "blur_amount": "0.0",
        "blur_radius": "0.0",
        "slope": "0.88",
        "toe": "0.55",
        "white_clip": "0.04",
        "shoulder": "0.26",
        "black_clip": "0.0",
        "temp": "6500.0",
        "chromatic_aberration_intensity": "0.0"
      },
      "transform_carla": {
        "location": {
          "x": 108.02215576171875,
          "y": -33.39969253540039,
          "z": 1.6941123008728027
        },
        "rotation": {
          "roll": 0.6390401124954224,
          "pitch": 0.26553040742874146,
          "yaw": -155.83615112304688
        }
      },
      "matrix_world_from_sensor_carla": [
        [
          -0.9123687744140625,
          0.4092748761177063,
          0.008793532848358154,
          108.02215576171875
        ],
        [
          -0.4093431234359741,
          -0.91234290599823,
          -0.00827892404049635,
          -33.39969253540039
        ],
        [
          0.0046343631111085415,
          -0.011153004132211208,
          0.9999270439147949,
          1.6941123008728027
        ],
        [
          0.0,
          0.0,
          0.0,
          1.0
        ]
      ],
      "matrix_world_from_sensor_bevfusion": [
        [
          0.4092748761177063,
          -0.008793532848358154,
          -0.9123687744140625,
          108.02215576171875
        ],
        [
          0.91234290599823,
          -0.00827892404049635,
          0.4093431234359741,
          33.39969253540039
        ],
        [
          -0.011153004132211208,
          -0.9999270439147949,
          0.0046343631111085415,
          1.6941123008728027
        ],
        [
          0.0,
          0.0,
          0.0,
          1.0
        ]
      ],
      "matrix_ego_from_sensor_carla": [
        [
          0.5735763907432556,
          0.8191520571708679,
          5.9086769255145555e-08,
          1.3000001907348633
        ],
        [
          -0.8191521167755127,
          0.5735763311386108,
          -2.746636162953564e-08,
          -0.54998779296875
        ],
        [
          -5.5172357349420054e-08,
          -3.3557469691913866e-08,
          1.0,
          1.7000000476837158
        ],
        [
          0.0,
          0.0,
          0.0,
          1.0
        ]
      ],
      "matrix_ego_from_sensor_bevfusion": [
        [
          0.8191520571708679,
          -5.9086769255145555e-08,
          0.5735763907432556,
          1.3000001907348633
        ],
        [
          -0.5735763311386108,
          -2.746636162953564e-08,
          0.8191521167755127,
          0.54998779296875
        ],
        [
          -3.3557469691913866e-08,
          -1.0,
          -5.5172357349420054e-08,
          1.7000000476837158
        ],
        [
          0.0,
          0.0,
          0.0,
          1.0
        ]
      ],
      "camera_intrinsics": [
        [
          685.5110473632812,
          0.0,
          480.0
        ],
        [
          0.0,
          685.5110473632812,
          270.0
        ],
        [
          0.0,
          0.0,
          1.0
        ]
      ],
      "data_path": "D:\\Agent-AI\\outputs\\s3a_left_v3\\sample_000019\\images\\CAM_FRONT_LEFT.png",
      "raw_layout": "bgra8"
    },
    "CAM_BACK": {
      "type_id": "sensor.camera.rgb",
      "blueprint_attributes": {
        "role_name": "front",
        "ros_name": "sensor.camera.rgb",
        "chromatic_aberration_offset": "0.0",
        "sensor_tick": "0.100000",
        "fstop": "1.4",
        "image_size_x": "960",
        "image_size_y": "540",
        "fov": "70.00",
        "lens_circle_falloff": "5.0",
        "lens_circle_multiplier": "0.0",
        "exposure_compensation": "0.0",
        "lens_y_size": "0.08",
        "lens_k": "-1.0",
        "exposure_mode": "histogram",
        "lens_kcube": "0.0",
        "lens_x_size": "0.08",
        "exposure_max_bright": "12.0",
        "shutter_speed": "200.0",
        "bloom_intensity": "0.675",
        "iso": "100.0",
        "enable_postprocess_effects": "false",
        "gamma": "2.2",
        "motion_blur_intensity": "0.0",
        "motion_blur_max_distortion": "0.35",
        "lens_flare_intensity": "0.1",
        "motion_blur_min_object_screen_size": "0.1",
        "exposure_min_bright": "10.0",
        "exposure_speed_up": "3.0",
        "exposure_speed_down": "1.0",
        "tint": "0.0",
        "calibration_constant": "16.0",
        "focal_distance": "1000.0",
        "min_fstop": "1.2",
        "blade_count": "5",
        "blur_amount": "0.0",
        "blur_radius": "0.0",
        "slope": "0.88",
        "toe": "0.55",
        "white_clip": "0.04",
        "shoulder": "0.26",
        "black_clip": "0.0",
        "temp": "6500.0",
        "chromatic_aberration_intensity": "0.0"
      },
      "transform_carla": {
        "location": {
          "x": 109.09828186035156,
          "y": -30.70399284362793,
          "z": 1.7069677114486694
        },
        "rotation": {
          "roll": -0.5840594172477722,
          "pitch": 0.37115246057510376,
          "yaw": 79.16047668457031
        }
      },
      "matrix_world_from_sensor_carla": [
        [
          0.1880548745393753,
          -0.9821191430091858,
          0.008793564513325691,
          109.09828186035156
        ],
        [
          0.982137143611908,
          0.18798419833183289,
          -0.008278871886432171,
          -30.70399284362793
        ],
        [
          0.006477787159383297,
          0.010193368420004845,
          0.9999270439147949,
          1.7069677114486694
        ],
        [
          0.0,
          0.0,
          0.0,
          1.0
        ]
      ],
      "matrix_world_from_sensor_bevfusion": [
        [
          -0.9821191430091858,
          -0.008793564513325691,
          0.1880548745393753,
          109.09828186035156
        ],
        [
          -0.18798419833183289,
          -0.008278871886432171,
          -0.982137143611908,
          30.70399284362793
        ],
        [
          0.010193368420004845,
          -0.9999270439147949,
          0.006477787159383297,
          1.7069677114486694
        ],
        [
          0.0,
          0.0,
          0.0,
          1.0
        ]
      ],
      "matrix_ego_from_sensor_carla": [
        [
          -1.0,
          -1.3107521112942777e-07,
          1.8104304722044162e-09,
          -1.5500011444091797
        ],
        [
          1.3128268960826972e-07,
          -1.0,
          -6.977264543905903e-09,
          0.0
        ],
        [
          1.3696435097187987e-09,
          -6.384526241021149e-09,
          1.0,
          1.700000286102295
        ],
        [
          0.0,
          0.0,
          0.0,
          1.0
        ]
      ],
      "matrix_ego_from_sensor_bevfusion": [
        [
          -1.3107521112942777e-07,
          -1.8104304722044162e-09,
          -1.0,
          -1.5500011444091797
        ],
        [
          1.0,
          -6.977264543905903e-09,
          -1.3128268960826972e-07,
          0.0
        ],
        [
          -6.384526241021149e-09,
          -1.0,
          1.3696435097187987e-09,
          1.700000286102295
        ],
        [
          0.0,
          0.0,
          0.0,
          1.0
        ]
      ],
      "camera_intrinsics": [
        [
          685.5110473632812,
          0.0,
          480.0
        ],
        [
          0.0,
          685.5110473632812,
          270.0
        ],
        [
          0.0,
          0.0,
          1.0
        ]
      ],
      "data_path": "D:\\Agent-AI\\outputs\\s3a_left_v3\\sample_000019\\images\\CAM_BACK.png",
      "raw_layout": "bgra8"
    },
    "CAM_BACK_LEFT": {
      "type_id": "sensor.camera.rgb",
      "blueprint_attributes": {
        "role_name": "front",
        "ros_name": "sensor.camera.rgb",
        "chromatic_aberration_offset": "0.0",
        "sensor_tick": "0.100000",
        "fstop": "1.4",
        "image_size_x": "960",
        "image_size_y": "540",
        "fov": "70.00",
        "lens_circle_falloff": "5.0",
        "lens_circle_multiplier": "0.0",
        "exposure_compensation": "0.0",
        "lens_y_size": "0.08",
        "lens_k": "-1.0",
        "exposure_mode": "histogram",
        "lens_kcube": "0.0",
        "lens_x_size": "0.08",
        "exposure_max_bright": "12.0",
        "shutter_speed": "200.0",
        "bloom_intensity": "0.675",
        "iso": "100.0",
        "enable_postprocess_effects": "false",
        "gamma": "2.2",
        "motion_blur_intensity": "0.0",
        "motion_blur_max_distortion": "0.35",
        "lens_flare_intensity": "0.1",
        "motion_blur_min_object_screen_size": "0.1",
        "exposure_min_bright": "10.0",
        "exposure_speed_up": "3.0",
        "exposure_speed_down": "1.0",
        "tint": "0.0",
        "calibration_constant": "16.0",
        "focal_distance": "1000.0",
        "min_fstop": "1.2",
        "blade_count": "5",
        "blur_amount": "0.0",
        "blur_radius": "0.0",
        "slope": "0.88",
        "toe": "0.55",
        "white_clip": "0.04",
        "shoulder": "0.26",
        "black_clip": "0.0",
        "temp": "6500.0",
        "chromatic_aberration_intensity": "0.0"
      },
      "transform_carla": {
        "location": {
          "x": 108.51110076904297,
          "y": -30.846134185791016,
          "z": 1.7109545469284058
        },
        "rotation": {
          "roll": -0.03096226043999195,
          "pitch": 0.6913175582885742,
          "yaw": 134.16217041015625
        }
      },
      "matrix_world_from_sensor_carla": [
        [
          -0.6966408491134644,
          -0.7173662185668945,
          0.008793575689196587,
          108.51110076904297
        ],
        [
          0.717318594455719,
          -0.6966961622238159,
          -0.008278931491076946,
          -30.846134185791016
        ],
        [
          0.01206547487527132,
          0.0005403540562838316,
          0.9999271035194397,
          1.7109545469284058
        ],
        [
          0.0,
          0.0,
          0.0,
          1.0
        ]
      ],
      "matrix_world_from_sensor_bevfusion": [
        [
          -0.7173662185668945,
          -0.008793575689196587,
          -0.6966408491134644,
          108.51110076904297
        ],
        [
          0.6966961622238159,
          -0.008278931491076946,
          -0.717318594455719,
          30.846134185791016
        ],
        [
          0.0005403540562838316,
          -0.9999271035194397,
          0.01206547487527132,
          1.7109545469284058
        ],
        [
          0.0,
          0.0,
          0.0,
          1.0
        ]
      ],
      "matrix_ego_from_sensor_carla": [
        [
          -0.573576807975769,
          0.8191518187522888,
          5.7769341310631717e-08,
          -1.300004005432129
        ],
        [
          -0.8191518187522888,
          -0.573576807975769,
          1.4766905032104205e-08,
          -0.54998779296875
        ],
        [
          4.527266028730992e-08,
          -3.8051133799399395e-08,
          1.0000001192092896,
          1.7000000476837158
        ],
        [
          0.0,
          0.0,
          0.0,
          1.0
        ]
      ],
      "matrix_ego_from_sensor_bevfusion": [
        [
          0.8191518187522888,
          -5.7769341310631717e-08,
          -0.573576807975769,
          -1.300004005432129
        ],
        [
          0.573576807975769,
          1.4766905032104205e-08,
          0.8191518187522888,
          0.54998779296875
        ],
        [
          -3.8051133799399395e-08,
          -1.0000001192092896,
          4.527266028730992e-08,
          1.7000000476837158
        ],
        [
          0.0,
          0.0,
          0.0,
          1.0
        ]
      ],
      "camera_intrinsics": [
        [
          685.5110473632812,
          0.0,
          480.0
        ],
        [
          0.0,
          685.5110473632812,
          270.0
        ],
        [
          0.0,
          0.0,
          1.0
        ]
      ],
      "data_path": "D:\\Agent-AI\\outputs\\s3a_left_v3\\sample_000019\\images\\CAM_BACK_LEFT.png",
      "raw_layout": "bgra8"
    },
    "CAM_BACK_RIGHT": {
      "type_id": "sensor.camera.rgb",
      "blueprint_attributes": {
        "role_name": "front",
        "ros_name": "sensor.camera.rgb",
        "chromatic_aberration_offset": "0.0",
        "sensor_tick": "0.100000",
        "fstop": "1.4",
        "image_size_x": "960",
        "image_size_y": "540",
        "fov": "70.00",
        "lens_circle_falloff": "5.0",
        "lens_circle_multiplier": "0.0",
        "exposure_compensation": "0.0",
        "lens_y_size": "0.08",
        "lens_k": "-1.0",
        "exposure_mode": "histogram",
        "lens_kcube": "0.0",
        "lens_x_size": "0.08",
        "exposure_max_bright": "12.0",
        "shutter_speed": "200.0",
        "bloom_intensity": "0.675",
        "iso": "100.0",
        "enable_postprocess_effects": "false",
        "gamma": "2.2",
        "motion_blur_intensity": "0.0",
        "motion_blur_max_distortion": "0.35",
        "lens_flare_intensity": "0.1",
        "motion_blur_min_object_screen_size": "0.1",
        "exposure_min_bright": "10.0",
        "exposure_speed_up": "3.0",
        "exposure_speed_down": "1.0",
        "tint": "0.0",
        "calibration_constant": "16.0",
        "focal_distance": "1000.0",
        "min_fstop": "1.2",
        "blade_count": "5",
        "blur_amount": "0.0",
        "blur_radius": "0.0",
        "slope": "0.88",
        "toe": "0.55",
        "white_clip": "0.04",
        "shoulder": "0.26",
        "black_clip": "0.0",
        "temp": "6500.0",
        "chromatic_aberration_intensity": "0.0"
      },
      "transform_carla": {
        "location": {
          "x": 109.5914306640625,
          "y": -31.05291748046875,
          "z": 1.6997418403625488
        },
        "rotation": {
          "roll": -0.6390400528907776,
          "pitch": -0.26553040742874146,
          "yaw": 24.16382598876953
        }
      },
      "matrix_world_from_sensor_carla": [
        [
          0.9123689532279968,
          -0.40927445888519287,
          0.008793529123067856,
          109.5914306640625
        ],
        [
          0.4093427062034607,
          0.9123430848121643,
          -0.008278925903141499,
          -31.05291748046875
        ],
        [
          -0.0046343631111085415,
          0.011153002269566059,
          0.9999270439147949,
          1.6997418403625488
        ],
        [
          0.0,
          0.0,
          0.0,
          1.0
        ]
      ],
      "matrix_world_from_sensor_bevfusion": [
        [
          -0.40927445888519287,
          -0.008793529123067856,
          0.9123689532279968,
          109.5914306640625
        ],
        [
          -0.9123430848121643,
          -0.008278925903141499,
          -0.4093427062034607,
          31.05291748046875
        ],
        [
          0.011153002269566059,
          -0.9999270439147949,
          -0.0046343631111085415,
          1.6997418403625488
        ],
        [
          0.0,
          0.0,
          0.0,
          1.0
        ]
      ],
      "matrix_ego_from_sensor_carla": [
        [
          -0.5735759735107422,
          -0.819152295589447,
          6.141507213897057e-08,
          -1.300002098083496
        ],
        [
          0.8191524147987366,
          -0.5735759735107422,
          -3.1191650151640715e-08,
          0.5500106811523438
        ],
        [
          5.982897022249745e-08,
          3.355760824774734e-08,
          1.0,
          1.7000000476837158
        ],
        [
          0.0,
          0.0,
          0.0,
          1.0
        ]
      ],
      "matrix_ego_from_sensor_bevfusion": [
        [
          -0.819152295589447,
          -6.141507213897057e-08,
          -0.5735759735107422,
          -1.300002098083496
        ],
        [
          0.5735759735107422,
          -3.1191650151640715e-08,
          -0.8191524147987366,
          -0.5500106811523438
        ],
        [
          3.355760824774734e-08,
          -1.0,
          5.982897022249745e-08,
          1.7000000476837158
        ],
        [
          0.0,
          0.0,
          0.0,
          1.0
        ]
      ],
      "camera_intrinsics": [
        [
          685.5110473632812,
          0.0,
          480.0
        ],
        [
          0.0,
          685.5110473632812,
          270.0
        ],
        [
          0.0,
          0.0,
          1.0
        ]
      ],
      "data_path": "D:\\Agent-AI\\outputs\\s3a_left_v3\\sample_000019\\images\\CAM_BACK_RIGHT.png",
      "raw_layout": "bgra8"
    },
    "LIDAR_TOP": {
      "type_id": "sensor.lidar.ray_cast",
      "blueprint_attributes": {
        "atmosphere_attenuation_rate": "0.004",
        "role_name": "front",
        "noise_seed": "0",
        "upper_fov": "10.0",
        "ros_name": "sensor.lidar.ray_cast",
        "sensor_tick": "0.100000",
        "channels": "32",
        "range": "120.0",
        "points_per_second": "360000",
        "lower_fov": "-30.0",
        "rotation_frequency": "10.000000",
        "horizontal_fov": "360.0",
        "dropoff_general_rate": "0.0",
        "dropoff_intensity_limit": "1.0",
        "noise_stddev": "0.0",
        "dropoff_zero_intensity": "0.0"
      },
      "transform_carla": {
        "location": {
          "x": 108.81118774414062,
          "y": -32.23044204711914,
          "z": 2.1968905925750732
        },
        "rotation": {
          "roll": 0.5840597152709961,
          "pitch": -0.37115246057510376,
          "yaw": -100.83951568603516
        }
      },
      "matrix_world_from_sensor_carla": [
        [
          -0.18805474042892456,
          0.9821191430091858,
          0.008793571032583714,
          108.81118774414062
        ],
        [
          -0.982137143611908,
          -0.18798406422138214,
          -0.008278870955109596,
          -32.23044204711914
        ],
        [
          -0.006477787159383297,
          -0.010193374007940292,
          0.9999270439147949,
          2.1968905925750732
        ],
        [
          0.0,
          0.0,
          0.0,
          1.0
        ]
      ],
      "matrix_world_from_sensor_bevfusion": [
        [
          -0.18805474042892456,
          -0.9821191430091858,
          0.008793571032583714,
          108.81118774414062
        ],
        [
          0.982137143611908,
          -0.18798406422138214,
          0.008278870955109596,
          32.23044204711914
        ],
        [
          -0.006477787159383297,
          0.010193374007940292,
          0.9999270439147949,
          2.1968905925750732
        ],
        [
          0.0,
          0.0,
          0.0,
          1.0
        ]
      ],
      "matrix_ego_from_sensor_carla": [
        [
          1.0,
          -6.05250793928036e-10,
          -5.178759643342801e-10,
          -2.86102294921875e-06
        ],
        [
          2.827758027734717e-09,
          0.9999999403953552,
          -4.5800652159755373e-10,
          0.0
        ],
        [
          2.7340407715570336e-11,
          -1.3432432943716321e-10,
          1.0,
          2.200000047683716
        ],
        [
          0.0,
          0.0,
          0.0,
          1.0
        ]
      ],
      "matrix_ego_from_sensor_bevfusion": [
        [
          1.0,
          6.05250793928036e-10,
          -5.178759643342801e-10,
          -2.86102294921875e-06
        ],
        [
          -2.827758027734717e-09,
          0.9999999403953552,
          4.5800652159755373e-10,
          0.0
        ],
        [
          2.7340407715570336e-11,
          1.3432432943716321e-10,
          1.0,
          2.200000047683716
        ],
        [
          0.0,
          0.0,
          0.0,
          1.0
        ]
      ],
      "data_path": "D:\\Agent-AI\\outputs\\s3a_left_v3\\sample_000019\\lidar\\LIDAR_TOP.npy",
      "raw_layout": [
        "x",
        "y",
        "z",
        "intensity"
      ]
    },
    "RADAR_FRONT": {
      "type_id": "sensor.other.radar",
      "blueprint_attributes": {
        "sensor_tick": "0.100000",
        "role_name": "default",
        "noise_seed": "0",
        "ros_name": "sensor.other.radar",
        "horizontal_fov": "35.0",
        "points_per_second": "1500",
        "vertical_fov": "20.0",
        "range": "120.0"
      },
      "transform_carla": {
        "location": {
          "x": 108.42365264892578,
          "y": -34.183956146240234,
          "z": 0.8840296864509583
        },
        "rotation": {
          "roll": 0.5840597152709961,
          "pitch": -0.37115246057510376,
          "yaw": -100.83951568603516
        }
      },
      "matrix_world_from_sensor_carla": [
        [
          -0.18805474042892456,
          0.9821191430091858,
          0.008793571032583714,
          108.42365264892578
        ],
        [
          -0.982137143611908,
          -0.18798406422138214,
          -0.008278870955109596,
          -34.183956146240234
        ],
        [
          -0.006477787159383297,
          -0.010193374007940292,
          0.9999270439147949,
          0.8840296864509583
        ],
        [
          0.0,
          0.0,
          0.0,
          1.0
        ]
      ],
      "matrix_world_from_sensor_bevfusion": [
        [
          -0.18805474042892456,
          -0.9821191430091858,
          0.008793571032583714,
          108.42365264892578
        ],
        [
          0.982137143611908,
          -0.18798406422138214,
          0.008278870955109596,
          34.183956146240234
        ],
        [
          -0.006477787159383297,
          0.010193374007940292,
          0.9999270439147949,
          0.8840296864509583
        ],
        [
          0.0,
          0.0,
          0.0,
          1.0
        ]
      ],
      "matrix_ego_from_sensor_carla": [
        [
          1.0,
          -6.05250793928036e-10,
          -5.178759643342801e-10,
          1.9999971389770508
        ],
        [
          2.827758027734717e-09,
          0.9999999403953552,
          -4.5800652159755373e-10,
          1.52587890625e-05
        ],
        [
          2.7340407715570336e-11,
          -1.3432432943716321e-10,
          1.0,
          0.8999998569488525
        ],
        [
          0.0,
          0.0,
          0.0,
          1.0
        ]
      ],
      "matrix_ego_from_sensor_bevfusion": [
        [
          1.0,
          6.05250793928036e-10,
          -5.178759643342801e-10,
          1.9999971389770508
        ],
        [
          -2.827758027734717e-09,
          0.9999999403953552,
          4.5800652159755373e-10,
          -1.52587890625e-05
        ],
        [
          2.7340407715570336e-11,
          1.3432432943716321e-10,
          1.0,
          0.8999998569488525
        ],
        [
          0.0,
          0.0,
          0.0,
          1.0
        ]
      ],
      "data_path": "D:\\Agent-AI\\outputs\\s3a_left_v3\\sample_000019\\radar\\RADAR_FRONT.npy",
      "raw_layout": [
        "velocity",
        "altitude",
        "azimuth",
        "depth"
      ]
    },
    "RADAR_FRONT_LEFT": {
      "type_id": "sensor.other.radar",
      "blueprint_attributes": {
        "sensor_tick": "0.100000",
        "role_name": "default",
        "noise_seed": "0",
        "ros_name": "sensor.other.radar",
        "horizontal_fov": "35.0",
        "points_per_second": "1500",
        "vertical_fov": "20.0",
        "range": "120.0"
      },
      "transform_carla": {
        "location": {
          "x": 107.75287628173828,
          "y": -33.69921875,
          "z": 0.89394211769104
        },
        "rotation": {
          "roll": 0.6754389405250549,
          "pitch": 0.15053053200244904,
          "yaw": -145.8367156982422
        }
      },
      "matrix_world_from_sensor_carla": [
        [
          -0.827437698841095,
          0.561488687992096,
          0.008793535642325878,
          107.75287628173828
        ],
        [
          -0.5615513920783997,
          -0.8274004459381104,
          -0.008278928697109222,
          -33.69921875
        ],
        [
          0.002627250272780657,
          -0.011788319796323776,
          0.9999270439147949,
          0.89394211769104
        ],
        [
          0.0,
          0.0,
          0.0,
          1.0
        ]
      ],
      "matrix_world_from_sensor_bevfusion": [
        [
          -0.827437698841095,
          -0.561488687992096,
          0.008793535642325878,
          107.75287628173828
        ],
        [
          0.5615513920783997,
          -0.8274004459381104,
          0.008278928697109222,
          33.69921875
        ],
        [
          0.002627250272780657,
          0.011788319796323776,
          0.9999270439147949,
          0.89394211769104
        ],
        [
          0.0,
          0.0,
          0.0,
          1.0
        ]
      ],
      "matrix_ego_from_sensor_carla": [
        [
          0.7071070671081543,
          0.7071064710617065,
          6.327771728820153e-08,
          1.6499977111816406
        ],
        [
          -0.7071064710617065,
          0.7071070671081543,
          -2.3741071331073726e-08,
          -0.7499923706054688
        ],
        [
          -6.136497177067213e-08,
          -2.7292065496453688e-08,
          1.0,
          0.9000000953674316
        ],
        [
          0.0,
          0.0,
          0.0,
          1.0
        ]
      ],
      "matrix_ego_from_sensor_bevfusion": [
        [
          0.7071070671081543,
          -0.7071064710617065,
          6.327771728820153e-08,
          1.6499977111816406
        ],
        [
          0.7071064710617065,
          0.7071070671081543,
          2.3741071331073726e-08,
          0.7499923706054688
        ],
        [
          -6.136497177067213e-08,
          2.7292065496453688e-08,
          1.0,
          0.9000000953674316
        ],
        [
          0.0,
          0.0,
          0.0,
          1.0
        ]
      ],
      "data_path": "D:\\Agent-AI\\outputs\\s3a_left_v3\\sample_000019\\radar\\RADAR_FRONT_LEFT.npy",
      "raw_layout": [
        "velocity",
        "altitude",
        "azimuth",
        "depth"
      ]
    },
    "RADAR_FRONT_RIGHT": {
      "type_id": "sensor.other.radar",
      "blueprint_attributes": {
        "sensor_tick": "0.100000",
        "role_name": "default",
        "noise_seed": "0",
