{
  "schema_version": "stage1.v1",
  "sample_name": "sample_000033",
  "sequence_index": 33,
  "previous_sample_name": "sample_000032",
  "frame_id": 60034,
  "timestamp": 438.3197007998824,
  "platform_timestamp": 16814576.0242208,
  "delta_seconds": 0.10000000149011612,
  "town": "Carla/Maps/Town10HD_Opt",
  "weather": {
    "cloudiness": 20.0,
    "dust_storm": 0.0,
    "fog_density": 2.0,
    "fog_distance": 0.75,
    "fog_falloff": 0.10000000149011612,
    "mie_scattering_scale": 0.029999999329447746,
    "precipitation": 0.0,
    "precipitation_deposits": 0.0,
    "rayleigh_scattering_scale": 0.03310000151395798,
    "scattering_intensity": 1.0,
    "sun_altitude_angle": 45.0,
    "sun_azimuth_angle": 300.0,
    "wetness": 0.0,
    "wind_intensity": 10.0
  },
  "sensor_names": [
    "CAM_FRONT",
    "CAM_FRONT_RIGHT",
    "CAM_FRONT_LEFT",
    "CAM_BACK",
    "CAM_BACK_LEFT",
    "CAM_BACK_RIGHT",
    "LIDAR_TOP",
    "RADAR_FRONT",
    "RADAR_FRONT_LEFT",
    "RADAR_FRONT_RIGHT",
    "RADAR_BACK_LEFT",
    "RADAR_BACK_RIGHT"
  ],
  "camera_order_for_model": [
    "CAM_FRONT",
    "CAM_FRONT_RIGHT",
    "CAM_FRONT_LEFT",
    "CAM_BACK",
    "CAM_BACK_LEFT",
    "CAM_BACK_RIGHT"
  ],
  "radar_order_for_model": [
    "RADAR_FRONT",
    "RADAR_FRONT_LEFT",
    "RADAR_FRONT_RIGHT",
    "RADAR_BACK_LEFT",
    "RADAR_BACK_RIGHT"
  ],
  "coordinate_notes": {
    "carla_world": "left-handed x-forward y-right z-up",
    "bevfusion_lidar": "x-forward y-left z-up",
    "camera_frame_for_model": "OpenCV style x-right y-down z-forward"
  },
  "ego": {
    "actor_id": 28,
    "transform_carla": {
      "location": {
        "x": 100.54862976074219,
        "y": -44.01094055175781,
        "z": -0.0043802643194794655
      },
      "rotation": {
        "roll": 0.610011875629425,
        "pitch": 0.014268264174461365,
        "yaw": -118.9577407836914
      }
    },
    "velocity_carla": [
      -4.128286361694336,
      -6.924645900726318,
      -0.00012074470578227192
    ],
    "angular_velocity_carla": [
      1.9748965501785278,
      1.0455398559570312,
      -15.066689491271973
    ],
    "matrix_world_from_ego_carla": [
      [
        -0.48416441679000854,
        0.8749260902404785,
        0.009436018764972687,
        100.54862976074219
      ],
      [
        -0.8749769330024719,
        -0.4841393232345581,
        -0.00493678217753768,
        -44.01094055175781
      ],
      [
        0.0002490281767677516,
        -0.010646513663232327,
        0.9999432563781738,
        -0.0043802643194794655
      ],
      [
        0.0,
        0.0,
        0.0,
        1.0
      ]
    ],
    "matrix_world_from_ego_bevfusion": [
      [
        -0.48416441679000854,
        -0.8749260902404785,
        0.009436018764972687,
        100.54862976074219
      ],
      [
        0.8749769330024719,
        -0.4841393232345581,
        0.00493678217753768,
        44.01094055175781
      ],
      [
        0.0002490281767677516,
        0.010646513663232327,
        0.9999432563781738,
        -0.0043802643194794655
      ],
      [
        0.0,
        0.0,
        0.0,
        1.0
      ]
    ]
  },
  "sensors": {
    "CAM_FRONT": {
      "type_id": "sensor.camera.rgb",
      "blueprint_attributes": {
        "role_name": "front",
        "ros_name": "sensor.camera.rgb",
        "chromatic_aberration_offset": "0.0",
        "sensor_tick": "0.100000",
        "fstop": "1.4",
        "image_size_x": "960",
        "image_size_y": "540",
        "fov": "70.00",
        "lens_circle_falloff": "5.0",
        "lens_circle_multiplier": "0.0",
        "exposure_compensation": "0.0",
        "lens_y_size": "0.08",
        "lens_k": "-1.0",
        "exposure_mode": "histogram",
        "lens_kcube": "0.0",
        "lens_x_size": "0.08",
        "exposure_max_bright": "12.0",
        "shutter_speed": "200.0",
        "bloom_intensity": "0.675",
        "iso": "100.0",
        "enable_postprocess_effects": "false",
        "gamma": "2.2",
        "motion_blur_intensity": "0.0",
        "motion_blur_max_distortion": "0.35",
        "lens_flare_intensity": "0.1",
        "motion_blur_min_object_screen_size": "0.1",
        "exposure_min_bright": "10.0",
        "exposure_speed_up": "3.0",
        "exposure_speed_down": "1.0",
        "tint": "0.0",
        "calibration_constant": "16.0",
        "focal_distance": "1000.0",
        "min_fstop": "1.2",
        "blade_count": "5",
        "blur_amount": "0.0",
        "blur_radius": "0.0",
        "slope": "0.88",
        "toe": "0.55",
        "white_clip": "0.04",
        "shoulder": "0.26",
        "black_clip": "0.0",
        "temp": "6500.0",
        "chromatic_aberration_intensity": "0.0"
      },
      "transform_carla": {
        "location": {
          "x": 99.81421661376953,
          "y": -45.375545501708984,
          "z": 1.6959093809127808
        },
        "rotation": {
          "roll": 0.610011875629425,
          "pitch": 0.014268264174461365,
          "yaw": -118.9577407836914
        }
      },
      "matrix_world_from_sensor_carla": [
        [
          -0.48416441679000854,
          0.8749260902404785,
          0.009436018764972687,
          99.81421661376953
        ],
        [
          -0.8749769330024719,
          -0.4841393232345581,
          -0.00493678217753768,
          -45.375545501708984
        ],
        [
          0.0002490281767677516,
          -0.010646513663232327,
          0.9999432563781738,
          1.6959093809127808
        ],
        [
          0.0,
          0.0,
          0.0,
          1.0
        ]
      ],
      "matrix_world_from_sensor_bevfusion": [
        [
          0.8749260902404785,
          -0.009436018764972687,
          -0.48416441679000854,
          99.81421661376953
        ],
        [
          0.4841393232345581,
          -0.00493678217753768,
          0.8749769330024719,
          45.375545501708984
        ],
        [
          -0.010646513663232327,
          -0.9999432563781738,
          0.0002490281767677516,
          1.6959093809127808
        ],
        [
          0.0,
          0.0,
          0.0,
          1.0
        ]
      ],
      "matrix_ego_from_sensor_carla": [
        [
          1.0,
          2.2364980978295534e-08,
          1.3697612488705602e-11,
          1.550002098083496
        ],
        [
          -9.272314471786558e-09,
          1.0,
          -3.065530052026588e-10,
          -7.62939453125e-06
        ],
        [
          -2.0428649050163727e-10,
          -9.86494219645806e-12,
          1.0,
          1.7000001668930054
        ],
        [
          0.0,
          0.0,
          0.0,
          1.0
        ]
      ],
      "matrix_ego_from_sensor_bevfusion": [
        [
          2.2364980978295534e-08,
          -1.3697612488705602e-11,
          1.0,
          1.550002098083496
        ],
        [
          -1.0,
          -3.065530052026588e-10,
          9.272314471786558e-09,
          7.62939453125e-06
        ],
        [
          -9.86494219645806e-12,
          -1.0,
          -2.0428649050163727e-10,
          1.7000001668930054
        ],
        [
          0.0,
          0.0,
          0.0,
          1.0
        ]
      ],
      "camera_intrinsics": [
        [
          685.5110473632812,
          0.0,
          480.0
        ],
        [
          0.0,
          685.5110473632812,
          270.0
        ],
        [
          0.0,
          0.0,
          1.0
        ]
      ],
      "data_path": "D:\\Agent-AI\\outputs\\s3a_ml_long_v2\\sample_000033\\images\\CAM_FRONT.png",
      "raw_layout": "bgra8"
    },
    "CAM_FRONT_RIGHT": {
      "type_id": "sensor.camera.rgb",
      "blueprint_attributes": {
        "role_name": "front",
        "ros_name": "sensor.camera.rgb",
        "chromatic_aberration_offset": "0.0",
        "sensor_tick": "0.100000",
        "fstop": "1.4",
        "image_size_x": "960",
        "image_size_y": "540",
        "fov": "70.00",
        "lens_circle_falloff": "5.0",
        "lens_circle_multiplier": "0.0",
        "exposure_compensation": "0.0",
        "lens_y_size": "0.08",
        "lens_k": "-1.0",
        "exposure_mode": "histogram",
        "lens_kcube": "0.0",
        "lens_x_size": "0.08",
        "exposure_max_bright": "12.0",
        "shutter_speed": "200.0",
        "bloom_intensity": "0.675",
        "iso": "100.0",
        "enable_postprocess_effects": "false",
        "gamma": "2.2",
        "motion_blur_intensity": "0.0",
        "motion_blur_max_distortion": "0.35",
        "lens_flare_intensity": "0.1",
        "motion_blur_min_object_screen_size": "0.1",
        "exposure_min_bright": "10.0",
        "exposure_speed_up": "3.0",
        "exposure_speed_down": "1.0",
        "tint": "0.0",
        "calibration_constant": "16.0",
        "focal_distance": "1000.0",
        "min_fstop": "1.2",
        "blade_count": "5",
        "blur_amount": "0.0",
        "blur_radius": "0.0",
        "slope": "0.88",
        "toe": "0.55",
        "white_clip": "0.04",
        "shoulder": "0.26",
        "black_clip": "0.0",
        "temp": "6500.0",
        "chromatic_aberration_intensity": "0.0"
      },
      "transform_carla": {
        "location": {
          "x": 100.41646575927734,
          "y": -45.42308044433594,
          "z": 1.6899914741516113
        },
        "rotation": {
          "roll": 0.36158549785614014,
          "pitch": -0.4915072023868561,
          "yaw": -63.959388732910156
        }
      },
      "matrix_world_from_sensor_carla": [
        [
          0.4389919638633728,
          0.8984414339065552,
          0.00943603552877903,
          100.41646575927734
        ],
        [
          -0.8984500765800476,
          0.43904802203178406,
          -0.004936817102134228,
          -45.42308044433594
        ],
        [
          -0.008578313514590263,
          -0.006310583557933569,
          0.9999433159828186,
          1.6899914741516113
        ],
        [
          0.0,
          0.0,
          0.0,
          1.0
        ]
      ],
      "matrix_world_from_sensor_bevfusion": [
        [
          0.8984414339065552,
          -0.00943603552877903,
          0.4389919638633728,
          100.41646575927734
        ],
        [
          -0.43904802203178406,
          -0.004936817102134228,
          0.8984500765800476,
          45.42308044433594
        ],
        [
          -0.006310583557933569,
          -0.9999433159828186,
          -0.008578313514590263,
          1.6899914741516113
        ],
        [
          0.0,
          0.0,
          0.0,
          1.0
        ]
      ],
      "matrix_ego_from_sensor_carla": [
        [
          0.5735767483711243,
          -0.8191519379615784,
          2.2671320820677465e-08,
          1.300004005432129
        ],
        [
          0.8191519379615784,
          0.5735766887664795,
          3.0723832367129944e-08,
          0.5500030517578125
        ],
        [
          -3.715001639648108e-08,
          5.470194297529929e-10,
          1.0,
          1.6999999284744263
        ],
        [
          0.0,
          0.0,
          0.0,
          1.0
        ]
      ],
      "matrix_ego_from_sensor_bevfusion": [
        [
          -0.8191519379615784,
          -2.2671320820677465e-08,
          0.5735767483711243,
          1.300004005432129
        ],
        [
          -0.5735766887664795,
          3.0723832367129944e-08,
          -0.8191519379615784,
          -0.5500030517578125
        ],
        [
          5.470194297529929e-10,
          -1.0,
          -3.715001639648108e-08,
          1.6999999284744263
        ],
        [
          0.0,
          0.0,
          0.0,
          1.0
        ]
      ],
      "camera_intrinsics": [
        [
          685.5110473632812,
          0.0,
          480.0
        ],
        [
          0.0,
          685.5110473632812,
          270.0
        ],
        [
          0.0,
          0.0,
          1.0
        ]
      ],
      "data_path": "D:\\Agent-AI\\outputs\\s3a_ml_long_v2\\sample_000033\\images\\CAM_FRONT_RIGHT.png",
      "raw_layout": "bgra8"
    },
    "CAM_FRONT_LEFT": {
      "type_id": "sensor.camera.rgb",
      "blueprint_attributes": {
        "role_name": "front",
        "ros_name": "sensor.camera.rgb",
        "chromatic_aberration_offset": "0.0",
        "sensor_tick": "0.100000",
        "fstop": "1.4",
        "image_size_x": "960",
        "image_size_y": "540",
        "fov": "70.00",
        "lens_circle_falloff": "5.0",
        "lens_circle_multiplier": "0.0",
        "exposure_compensation": "0.0",
        "lens_y_size": "0.08",
        "lens_k": "-1.0",
        "exposure_mode": "histogram",
        "lens_kcube": "0.0",
        "lens_x_size": "0.08",
        "exposure_max_bright": "12.0",
        "shutter_speed": "200.0",
        "bloom_intensity": "0.675",
        "iso": "100.0",
        "enable_postprocess_effects": "false",
        "gamma": "2.2",
        "motion_blur_intensity": "0.0",
        "motion_blur_max_distortion": "0.35",
        "lens_flare_intensity": "0.1",
        "motion_blur_min_object_screen_size": "0.1",
        "exposure_min_bright": "10.0",
        "exposure_speed_up": "3.0",
        "exposure_speed_down": "1.0",
        "tint": "0.0",
        "calibration_constant": "16.0",
        "focal_distance": "1000.0",
        "min_fstop": "1.2",
        "blade_count": "5",
        "blur_amount": "0.0",
        "blur_radius": "0.0",
        "slope": "0.88",
        "toe": "0.55",
        "white_clip": "0.04",
        "shoulder": "0.26",
        "black_clip": "0.0",
        "temp": "6500.0",
        "chromatic_aberration_intensity": "0.0"
      },
      "transform_carla": {
        "location": {
          "x": 99.45404815673828,
          "y": -44.890525817871094,
          "z": 1.70170259475708
        },
        "rotation": {
          "roll": 0.33820921182632446,
          "pitch": 0.5078723430633545,
          "yaw": -173.956298828125
        }
      },
      "matrix_world_from_sensor_carla": [
        [
          -0.9944028258323669,
          0.10523312538862228,
          0.009435998275876045,
          99.45404815673828
        ],
        [
          -0.10528285801410675,
          -0.9944300651550293,
          -0.004936780780553818,
          -44.890525817871094
        ],
        [
          0.00886392779648304,
          -0.005902597680687904,
          0.9999433159828186,
          1.70170259475708
        ],
        [
          0.0,
          0.0,
          0.0,
          1.0
        ]
      ],
      "matrix_world_from_sensor_bevfusion": [
        [
          0.10523312538862228,
          -0.009435998275876045,
          -0.9944028258323669,
          99.45404815673828
        ],
        [
          0.9944300651550293,
          -0.004936780780553818,
          0.10528285801410675,
          44.890525817871094
        ],
        [
          -0.005902597680687904,
          -0.9999433159828186,
          0.00886392779648304,
          1.70170259475708
        ],
        [
          0.0,
          0.0,
          0.0,
          1.0
        ]
      ],
      "matrix_ego_from_sensor_carla": [
        [
          0.573576807975769,
          0.8191518783569336,
          9.050728166926092e-09,
          1.2999992370605469
        ],
        [
          -0.8191518783569336,
          0.5735767483711243,
          -1.9567586662105896e-08,
          -0.5500030517578125
        ],
        [
          -2.0017941082528523e-08,
          3.96343446951164e-09,
          1.0,
          1.6999999284744263
        ],
        [
          0.0,
          0.0,
          0.0,
          1.0
        ]
      ],
      "matrix_ego_from_sensor_bevfusion": [
        [
          0.8191518783569336,
          -9.050728166926092e-09,
          0.573576807975769,
          1.2999992370605469
        ],
        [
          -0.5735767483711243,
          -1.9567586662105896e-08,
          0.8191518783569336,
          0.5500030517578125
        ],
        [
          3.96343446951164e-09,
          -1.0,
          -2.0017941082528523e-08,
          1.6999999284744263
        ],
        [
          0.0,
          0.0,
          0.0,
          1.0
        ]
      ],
      "camera_intrinsics": [
        [
          685.5110473632812,
          0.0,
          480.0
        ],
        [
          0.0,
          685.5110473632812,
          270.0
        ],
        [
          0.0,
          0.0,
          1.0
        ]
      ],
      "data_path": "D:\\Agent-AI\\outputs\\s3a_ml_long_v2\\sample_000033\\images\\CAM_FRONT_LEFT.png",
      "raw_layout": "bgra8"
    },
    "CAM_BACK": {
      "type_id": "sensor.camera.rgb",
      "blueprint_attributes": {
        "role_name": "front",
        "ros_name": "sensor.camera.rgb",
        "chromatic_aberration_offset": "0.0",
        "sensor_tick": "0.100000",
        "fstop": "1.4",
        "image_size_x": "960",
        "image_size_y": "540",
        "fov": "70.00",
        "lens_circle_falloff": "5.0",
        "lens_circle_multiplier": "0.0",
        "exposure_compensation": "0.0",
        "lens_y_size": "0.08",
        "lens_k": "-1.0",
        "exposure_mode": "histogram",
        "lens_kcube": "0.0",
        "lens_x_size": "0.08",
        "exposure_max_bright": "12.0",
        "shutter_speed": "200.0",
        "bloom_intensity": "0.675",
        "iso": "100.0",
        "enable_postprocess_effects": "false",
        "gamma": "2.2",
        "motion_blur_intensity": "0.0",
        "motion_blur_max_distortion": "0.35",
        "lens_flare_intensity": "0.1",
        "motion_blur_min_object_screen_size": "0.1",
        "exposure_min_bright": "10.0",
        "exposure_speed_up": "3.0",
        "exposure_speed_down": "1.0",
        "tint": "0.0",
        "calibration_constant": "16.0",
        "focal_distance": "1000.0",
        "min_fstop": "1.2",
        "blade_count": "5",
        "blur_amount": "0.0",
        "blur_radius": "0.0",
        "slope": "0.88",
        "toe": "0.55",
        "white_clip": "0.04",
        "shoulder": "0.26",
        "black_clip": "0.0",
        "temp": "6500.0",
        "chromatic_aberration_intensity": "0.0"
      },
      "transform_carla": {
        "location": {
          "x": 101.31512451171875,
          "y": -42.66312026977539,
          "z": 1.6951372623443604
        },
        "rotation": {
          "roll": -0.6100118160247803,
          "pitch": -0.014268264174461365,
          "yaw": 61.04227066040039
        }
      },
      "matrix_world_from_sensor_carla": [
        [
          0.4841642379760742,
          -0.8749262094497681,
          0.009436018764972687,
          101.31512451171875
        ],
        [
          0.8749770522117615,
          0.4841391444206238,
          -0.004936779849231243,
          -42.66312026977539
        ],
        [
          -0.0002490281767677516,
          0.010646512731909752,
          0.9999432563781738,
          1.6951372623443604
        ],
        [
          0.0,
          0.0,
          0.0,
          1.0
        ]
      ],
      "matrix_world_from_sensor_bevfusion": [
        [
          -0.8749262094497681,
          -0.009436018764972687,
          0.4841642379760742,
          101.31512451171875
        ],
        [
          -0.4841391444206238,
          -0.004936779849231243,
          -0.8749770522117615,
          42.66312026977539
        ],
        [
          0.010646512731909752,
          -0.9999432563781738,
          -0.0002490281767677516,
          1.6951372623443604
        ],
        [
          0.0,
          0.0,
          0.0,
          1.0
        ]
      ],
      "matrix_ego_from_sensor_carla": [
        [
          -1.0000001192092896,
          1.9369753090359154e-07,
          -2.023570422338139e-09,
          -1.5499963760375977
        ],
        [
          -1.97453331907127e-07,
          -1.0,
          -1.2378755798181373e-09,
          0.0
        ],
        [
          -2.240435170719479e-09,
          -9.214048413141995e-10,
          1.0,
          1.6999999284744263
        ],
        [
          0.0,
          0.0,
          0.0,
          1.0
        ]
      ],
      "matrix_ego_from_sensor_bevfusion": [
        [
          1.9369753090359154e-07,
          2.023570422338139e-09,
          -1.0000001192092896,
          -1.5499963760375977
        ],
        [
          1.0,
          -1.2378755798181373e-09,
          1.97453331907127e-07,
          0.0
        ],
        [
          -9.214048413141995e-10,
          -1.0,
          -2.240435170719479e-09,
          1.6999999284744263
        ],
        [
          0.0,
          0.0,
          0.0,
          1.0
        ]
      ],
      "camera_intrinsics": [
        [
          685.5110473632812,
          0.0,
          480.0
        ],
        [
          0.0,
          685.5110473632812,
          270.0
        ],
        [
          0.0,
          0.0,
          1.0
        ]
      ],
      "data_path": "D:\\Agent-AI\\outputs\\s3a_ml_long_v2\\sample_000033\\images\\CAM_BACK.png",
      "raw_layout": "bgra8"
    },
    "CAM_BACK_LEFT": {
      "type_id": "sensor.camera.rgb",
      "blueprint_attributes": {
        "role_name": "front",
        "ros_name": "sensor.camera.rgb",
        "chromatic_aberration_offset": "0.0",
        "sensor_tick": "0.100000",
        "fstop": "1.4",
        "image_size_x": "960",
        "image_size_y": "540",
        "fov": "70.00",
        "lens_circle_falloff": "5.0",
        "lens_circle_multiplier": "0.0",
        "exposure_compensation": "0.0",
        "lens_y_size": "0.08",
        "lens_k": "-1.0",
        "exposure_mode": "histogram",
        "lens_kcube": "0.0",
        "lens_x_size": "0.08",
        "exposure_max_bright": "12.0",
        "shutter_speed": "200.0",
        "bloom_intensity": "0.675",
        "iso": "100.0",
        "enable_postprocess_effects": "false",
        "gamma": "2.2",
        "motion_blur_intensity": "0.0",
        "motion_blur_max_distortion": "0.35",
        "lens_flare_intensity": "0.1",
        "motion_blur_min_object_screen_size": "0.1",
        "exposure_min_bright": "10.0",
        "exposure_speed_up": "3.0",
        "exposure_speed_down": "1.0",
        "tint": "0.0",
        "calibration_constant": "16.0",
        "focal_distance": "1000.0",
        "min_fstop": "1.2",
        "blade_count": "5",
        "blur_amount": "0.0",
        "blur_radius": "0.0",
        "slope": "0.88",
        "toe": "0.55",
        "white_clip": "0.04",
        "shoulder": "0.26",
        "black_clip": "0.0",
        "temp": "6500.0",
        "chromatic_aberration_intensity": "0.0"
      },
      "transform_carla": {
        "location": {
          "x": 100.71287536621094,
          "y": -42.61558532714844,
          "z": 1.7010549306869507
        },
        "rotation": {
          "roll": -0.3615853786468506,
          "pitch": 0.4915072023868561,
          "yaw": 116.04061889648438
        }
      },
      "matrix_world_from_sensor_carla": [
        [
          -0.4389921724796295,
          -0.8984413146972656,
          0.009436034597456455,
          100.71287536621094
        ],
        [
          0.8984499573707581,
          -0.43904823064804077,
          -0.0049368152394890785,
          -42.61558532714844
        ],
        [
          0.008578313514590263,
          0.00631058169528842,
          0.9999433159828186,
          1.7010549306869507
        ],
        [
          0.0,
          0.0,
          0.0,
          1.0
        ]
      ],
      "matrix_world_from_sensor_bevfusion": [
        [
          -0.8984413146972656,
          -0.009436034597456455,
          -0.4389921724796295,
          100.71287536621094
        ],
        [
          0.43904823064804077,
          -0.0049368152394890785,
          -0.8984499573707581,
          42.61558532714844
        ],
        [
          0.00631058169528842,
          -0.9999433159828186,
          0.008578313514590263,
          1.7010549306869507
        ],
        [
          0.0,
          0.0,
          0.0,
          1.0
        ]
      ],
      "matrix_ego_from_sensor_carla": [
        [
          -0.5735765099525452,
          0.8191520571708679,
          2.1507167602408117e-08,
          -1.2999992370605469
        ],
        [
          -0.8191520571708679,
          -0.5735765099525452,
          2.8861187217898987e-08,
          -0.5500030517578125
        ],
        [
          3.62186938218656e-08,
          -5.46913847543351e-10,
          1.0,
          1.6999996900558472
        ],
        [
          0.0,
          0.0,
          0.0,
          1.0
        ]
      ],
      "matrix_ego_from_sensor_bevfusion": [
        [
          0.8191520571708679,
          -2.1507167602408117e-08,
          -0.5735765099525452,
          -1.2999992370605469
        ],
        [
          0.5735765099525452,
          2.8861187217898987e-08,
          0.8191520571708679,
          0.5500030517578125
        ],
        [
          -5.46913847543351e-10,
          -1.0,
          3.62186938218656e-08,
          1.6999996900558472
        ],
        [
          0.0,
          0.0,
          0.0,
          1.0
        ]
      ],
      "camera_intrinsics": [
        [
          685.5110473632812,
          0.0,
          480.0
        ],
        [
          0.0,
          685.5110473632812,
          270.0
        ],
        [
          0.0,
          0.0,
          1.0
        ]
      ],
      "data_path": "D:\\Agent-AI\\outputs\\s3a_ml_long_v2\\sample_000033\\images\\CAM_BACK_LEFT.png",
      "raw_layout": "bgra8"
    },
    "CAM_BACK_RIGHT": {
      "type_id": "sensor.camera.rgb",
      "blueprint_attributes": {
        "role_name": "front",
        "ros_name": "sensor.camera.rgb",
        "chromatic_aberration_offset": "0.0",
        "sensor_tick": "0.100000",
        "fstop": "1.4",
        "image_size_x": "960",
        "image_size_y": "540",
        "fov": "70.00",
        "lens_circle_falloff": "5.0",
        "lens_circle_multiplier": "0.0",
        "exposure_compensation": "0.0",
        "lens_y_size": "0.08",
        "lens_k": "-1.0",
        "exposure_mode": "histogram",
        "lens_kcube": "0.0",
        "lens_x_size": "0.08",
        "exposure_max_bright": "12.0",
        "shutter_speed": "200.0",
        "bloom_intensity": "0.675",
        "iso": "100.0",
        "enable_postprocess_effects": "false",
        "gamma": "2.2",
        "motion_blur_intensity": "0.0",
        "motion_blur_max_distortion": "0.35",
        "lens_flare_intensity": "0.1",
        "motion_blur_min_object_screen_size": "0.1",
        "exposure_min_bright": "10.0",
        "exposure_speed_up": "3.0",
        "exposure_speed_down": "1.0",
        "tint": "0.0",
        "calibration_constant": "16.0",
        "focal_distance": "1000.0",
        "min_fstop": "1.2",
        "blade_count": "5",
        "blur_amount": "0.0",
        "blur_radius": "0.0",
        "slope": "0.88",
        "toe": "0.55",
        "white_clip": "0.04",
        "shoulder": "0.26",
        "black_clip": "0.0",
        "temp": "6500.0",
        "chromatic_aberration_intensity": "0.0"
      },
      "transform_carla": {
        "location": {
          "x": 101.67529296875,
          "y": -43.14813995361328,
          "z": 1.6893441677093506
        },
        "rotation": {
          "roll": -0.3382090628147125,
          "pitch": -0.5078723430633545,
          "yaw": 6.043678283691406
        }
      },
      "matrix_world_from_sensor_carla": [
        [
          0.9944028854370117,
          -0.10523272305727005,
          0.009435996413230896,
          101.67529296875
        ],
        [
          0.10528245568275452,
          0.9944301247596741,
          -0.004936782643198967,
          -43.14813995361328
        ],
        [
          -0.00886392779648304,
          0.005902595352381468,
          0.9999433159828186,
          1.6893441677093506
        ],
        [
          0.0,
          0.0,
          0.0,
          1.0
        ]
      ],
      "matrix_world_from_sensor_bevfusion": [
        [
          -0.10523272305727005,
          -0.009435996413230896,
          0.9944028854370117,
          101.67529296875
        ],
        [
          -0.9944301247596741,
          -0.004936782643198967,
          -0.10528245568275452,
          43.14813995361328
        ],
        [
          0.005902595352381468,
          -0.9999433159828186,
          -0.00886392779648304,
          1.6893441677093506
        ],
        [
          0.0,
          0.0,
          0.0,
          1.0
        ]
      ],
      "matrix_ego_from_sensor_carla": [
        [
          -0.5735765099525452,
          -0.8191521167755127,
          1.1146203959810919e-08,
          -1.2999982833862305
        ],
        [
          0.8191521167755127,
          -0.5735764503479004,
          -2.0498909236721374e-08,
          0.5500030517578125
        ],
        [
          2.3743231380990437e-08,
          -2.5663184910484915e-09,
          1.0,
          1.7000001668930054
        ],
        [
          0.0,
          0.0,
          0.0,
          1.0
        ]
      ],
      "matrix_ego_from_sensor_bevfusion": [
        [
          -0.8191521167755127,
          -1.1146203959810919e-08,
          -0.5735765099525452,
          -1.2999982833862305
        ],
        [
          0.5735764503479004,
          -2.0498909236721374e-08,
          -0.8191521167755127,
          -0.5500030517578125
        ],
        [
          -2.5663184910484915e-09,
          -1.0,
          2.3743231380990437e-08,
          1.7000001668930054
        ],
        [
          0.0,
          0.0,
          0.0,
          1.0
        ]
      ],
      "camera_intrinsics": [
        [
          685.5110473632812,
          0.0,
          480.0
        ],
        [
          0.0,
          685.5110473632812,
          270.0
        ],
        [
          0.0,
          0.0,
          1.0
        ]
      ],
      "data_path": "D:\\Agent-AI\\outputs\\s3a_ml_long_v2\\sample_000033\\images\\CAM_BACK_RIGHT.png",
      "raw_layout": "bgra8"
    },
    "LIDAR_TOP": {
      "type_id": "sensor.lidar.ray_cast",
      "blueprint_attributes": {
        "atmosphere_attenuation_rate": "0.004",
        "role_name": "front",
        "noise_seed": "0",
        "upper_fov": "10.0",
        "ros_name": "sensor.lidar.ray_cast",
        "sensor_tick": "0.100000",
        "channels": "32",
        "range": "120.0",
        "points_per_second": "360000",
        "lower_fov": "-30.0",
        "rotation_frequency": "10.000000",
        "horizontal_fov": "360.0",
        "dropoff_general_rate": "0.0",
        "dropoff_intensity_limit": "1.0",
        "noise_stddev": "0.0",
        "dropoff_zero_intensity": "0.0"
      },
      "transform_carla": {
        "location": {
          "x": 100.56938934326172,
          "y": -44.02180099487305,
          "z": 2.1954948902130127
        },
        "rotation": {
          "roll": 0.610011875629425,
          "pitch": 0.014268264174461365,
          "yaw": -118.9577407836914
        }
      },
      "matrix_world_from_sensor_carla": [
        [
          -0.48416441679000854,
          0.8749260902404785,
          0.009436018764972687,
          100.56938934326172
        ],
        [
          -0.8749769330024719,
          -0.4841393232345581,
          -0.00493678217753768,
          -44.02180099487305
        ],
        [
          0.0002490281767677516,
          -0.010646513663232327,
          0.9999432563781738,
          2.1954948902130127
        ],
        [
          0.0,
          0.0,
          0.0,
          1.0
        ]
      ],
      "matrix_world_from_sensor_bevfusion": [
        [
          -0.48416441679000854,
          -0.8749260902404785,
          0.009436018764972687,
          100.56938934326172
        ],
        [
          0.8749769330024719,
          -0.4841393232345581,
          0.00493678217753768,
          44.02180099487305
        ],
        [
          0.0002490281767677516,
          0.010646513663232327,
          0.9999432563781738,
          2.1954948902130127
        ],
        [
          0.0,
          0.0,
          0.0,
          1.0
        ]
      ],
      "matrix_ego_from_sensor_carla": [
        [
          1.0,
          2.2364980978295534e-08,
          1.3697612488705602e-11,
          -9.5367431640625e-07
        ],
        [
          -9.272314471786558e-09,
          1.0,
          -3.065530052026588e-10,
          -7.62939453125e-06
        ],
        [
          -2.0428649050163727e-10,
          -9.86494219645806e-12,
          1.0,
          2.1999998092651367
        ],
        [
          0.0,
          0.0,
          0.0,
          1.0
        ]
      ],
      "matrix_ego_from_sensor_bevfusion": [
        [
          1.0,
          -2.2364980978295534e-08,
          1.3697612488705602e-11,
          -9.5367431640625e-07
        ],
        [
          9.272314471786558e-09,
          1.0,
          3.065530052026588e-10,
          7.62939453125e-06
        ],
        [
          -2.0428649050163727e-10,
          9.86494219645806e-12,
          1.0,
          2.1999998092651367
        ],
        [
          0.0,
          0.0,
          0.0,
          1.0
        ]
      ],
      "data_path": "D:\\Agent-AI\\outputs\\s3a_ml_long_v2\\sample_000033\\lidar\\LIDAR_TOP.npy",
      "raw_layout": [
        "x",
        "y",
        "z",
        "intensity"
      ]
    },
    "RADAR_FRONT": {
      "type_id": "sensor.other.radar",
      "blueprint_attributes": {
        "sensor_tick": "0.100000",
        "role_name": "default",
        "noise_seed": "0",
        "ros_name": "sensor.other.radar",
        "horizontal_fov": "35.0",
        "points_per_second": "1500",
        "vertical_fov": "20.0",
        "range": "120.0"
      },
      "transform_carla": {
        "location": {
          "x": 99.58879852294922,
          "y": -45.76533889770508,
          "z": 0.8960667252540588
        },
        "rotation": {
          "roll": 0.610011875629425,
          "pitch": 0.014268264174461365,
          "yaw": -118.9577407836914
        }
      },
      "matrix_world_from_sensor_carla": [
        [
          -0.48416441679000854,
          0.8749260902404785,
          0.009436018764972687,
          99.58879852294922
        ],
        [
          -0.8749769330024719,
          -0.4841393232345581,
          -0.00493678217753768,
          -45.76533889770508
        ],
        [
          0.0002490281767677516,
          -0.010646513663232327,
          0.9999432563781738,
          0.8960667252540588
        ],
        [
          0.0,
          0.0,
          0.0,
          1.0
        ]
      ],
      "matrix_world_from_sensor_bevfusion": [
        [
          -0.48416441679000854,
          -0.8749260902404785,
          0.009436018764972687,
          99.58879852294922
        ],
        [
          0.8749769330024719,
          -0.4841393232345581,
          0.00493678217753768,
          45.76533889770508
        ],
        [
          0.0002490281767677516,
          0.010646513663232327,
          0.9999432563781738,
          0.8960667252540588
        ],
        [
          0.0,
          0.0,
          0.0,
          1.0
        ]
      ],
      "matrix_ego_from_sensor_carla": [
        [
          1.0,
          2.2364980978295534e-08,
          1.3697612488705602e-11,
          2.0000009536743164
        ],
        [
          -9.272314471786558e-09,
          1.0,
          -3.065530052026588e-10,
          7.62939453125e-06
        ],
        [
          -2.0428649050163727e-10,
          -9.86494219645806e-12,
          1.0,
          0.8999999761581421
        ],
        [
          0.0,
          0.0,
          0.0,
          1.0
        ]
      ],
      "matrix_ego_from_sensor_bevfusion": [
        [
          1.0,
          -2.2364980978295534e-08,
          1.3697612488705602e-11,
          2.0000009536743164
        ],
        [
          9.272314471786558e-09,
          1.0,
          3.065530052026588e-10,
          -7.62939453125e-06
        ],
        [
          -2.0428649050163727e-10,
          9.86494219645806e-12,
          1.0,
          0.8999999761581421
        ],
        [
          0.0,
          0.0,
          0.0,
          1.0
        ]
      ],
      "data_path": "D:\\Agent-AI\\outputs\\s3a_ml_long_v2\\sample_000033\\radar\\RADAR_FRONT.npy",
      "raw_layout": [
        "velocity",
        "altitude",
        "azimuth",
        "depth"
      ]
    },
    "RADAR_FRONT_LEFT": {
      "type_id": "sensor.other.radar",
      "blueprint_attributes": {
        "sensor_tick": "0.100000",
        "role_name": "default",
        "noise_seed": "0",
        "ros_name": "sensor.other.radar",
        "horizontal_fov": "35.0",
        "points_per_second": "1500",
        "vertical_fov": "20.0",
        "range": "120.0"
      },
      "transform_carla": {
        "location": {
          "x": 99.10205841064453,
          "y": -45.09598922729492,
          "z": 0.9039645195007324
        },
        "rotation": {
          "roll": 0.4212624728679657,
          "pitch": 0.4414282739162445,
          "yaw": -163.95616149902344
        }
      },
      "matrix_world_from_sensor_carla": [
        [
          -0.9610219597816467,
          0.27631083130836487,
          0.00943601131439209,
          99.10205841064453
        ],
        [
          -0.2763645350933075,
          -0.9610402584075928,
          -0.004936779849231243,
          -45.09598922729492
        ],
        [
          0.007704300340265036,
          -0.007352132815867662,
          0.9999433159828186,
          0.9039645195007324
        ],
        [
          0.0,
          0.0,
          0.0,
          1.0
        ]
      ],
      "matrix_world_from_sensor_bevfusion": [
        [
          -0.9610219597816467,
          -0.27631083130836487,
          0.00943601131439209,
          99.10205841064453
        ],
        [
          0.2763645350933075,
          -0.9610402584075928,
          0.004936779849231243,
          45.09598922729492
        ],
        [
          0.007704300340265036,
          0.007352132815867662,
          0.9999433159828186,
          0.9039645195007324
        ],
        [
          0.0,
          0.0,
          0.0,
          1.0
        ]
      ],
      "matrix_ego_from_sensor_carla": [
        [
          0.7071072459220886,
          0.7071064114570618,
          1.716563002851501e-09,
          1.6499977111816406
        ],
        [
          -0.707106351852417,
          0.7071072459220886,
          -8.391715766720154e-09,
          -0.75
        ],
        [
          -6.439663469137713e-09,
          5.103844902265564e-09,
          1.0,
          0.9000002145767212
        ],
        [
          0.0,
          0.0,
          0.0,
          1.0
        ]
      ],
      "matrix_ego_from_sensor_bevfusion": [
        [
          0.7071072459220886,
          -0.7071064114570618,
          1.716563002851501e-09,
          1.6499977111816406
        ],
        [
          0.707106351852417,
          0.7071072459220886,
          8.391715766720154e-09,
          0.75
        ],
        [
          -6.439663469137713e-09,
          -5.103844902265564e-09,
          1.0,
          0.9000002145767212
        ],
        [
          0.0,
          0.0,
          0.0,
          1.0
        ]
      ],
      "data_path": "D:\\Agent-AI\\outputs\\s3a_ml_long_v2\\sample_000033\\radar\\RADAR_FRONT_LEFT.npy",
      "raw_layout": [
        "velocity",
        "altitude",
        "azimuth",
        "depth"
      ]
    },
    "RADAR_FRONT_RIGHT": {
      "type_id": "sensor.other.radar",
      "blueprint_attributes": {
        "sensor_tick": "0.100000",
        "role_name": "default",
        "noise_seed": "0",
        "ros_name": "sensor.other.radar",
        "horizontal_fov": "35.0",
        "points_per_second": "1500",
