{
  "schema_version": "stage1.v1",
  "sample_name": "sample_000060",
  "sequence_index": 60,
  "previous_sample_name": "sample_000059",
  "frame_id": 60061,
  "timestamp": 441.01970084011555,
  "platform_timestamp": 16814588.8109969,
  "delta_seconds": 0.10000000149011612,
  "town": "Carla/Maps/Town10HD_Opt",
  "weather": {
    "cloudiness": 20.0,
    "dust_storm": 0.0,
    "fog_density": 2.0,
    "fog_distance": 0.75,
    "fog_falloff": 0.10000000149011612,
    "mie_scattering_scale": 0.029999999329447746,
    "precipitation": 0.0,
    "precipitation_deposits": 0.0,
    "rayleigh_scattering_scale": 0.03310000151395798,
    "scattering_intensity": 1.0,
    "sun_altitude_angle": 45.0,
    "sun_azimuth_angle": 300.0,
    "wetness": 0.0,
    "wind_intensity": 10.0
  },
  "sensor_names": [
    "CAM_FRONT",
    "CAM_FRONT_RIGHT",
    "CAM_FRONT_LEFT",
    "CAM_BACK",
    "CAM_BACK_LEFT",
    "CAM_BACK_RIGHT",
    "LIDAR_TOP",
    "RADAR_FRONT",
    "RADAR_FRONT_LEFT",
    "RADAR_FRONT_RIGHT",
    "RADAR_BACK_LEFT",
    "RADAR_BACK_RIGHT"
  ],
  "camera_order_for_model": [
    "CAM_FRONT",
    "CAM_FRONT_RIGHT",
    "CAM_FRONT_LEFT",
    "CAM_BACK",
    "CAM_BACK_LEFT",
    "CAM_BACK_RIGHT"
  ],
  "radar_order_for_model": [
    "RADAR_FRONT",
    "RADAR_FRONT_LEFT",
    "RADAR_FRONT_RIGHT",
    "RADAR_BACK_LEFT",
    "RADAR_BACK_RIGHT"
  ],
  "coordinate_notes": {
    "carla_world": "left-handed x-forward y-right z-up",
    "bevfusion_lidar": "x-forward y-left z-up",
    "camera_frame_for_model": "OpenCV style x-right y-down z-forward"
  },
  "ego": {
    "actor_id": 28,
    "transform_carla": {
      "location": {
        "x": 85.29938507080078,
        "y": -58.919281005859375,
        "z": -0.004227409139275551
      },
      "rotation": {
        "roll": 0.5011693239212036,
        "pitch": -0.0316169448196888,
        "yaw": -150.03404235839844
      }
    },
    "velocity_carla": [
      -6.736774921417236,
      -3.763955593109131,
      0.00010658263636287302
    ],
    "angular_velocity_carla": [
      -0.47198233008384705,
      -1.4020967483520508,
      -7.327656269073486
    ],
    "matrix_world_from_ego_carla": [
      [
        -0.8663221001625061,
        0.49947047233581543,
        0.0038909350987523794,
        85.29938507080078
      ],
      [
        -0.4994853138923645,
        -0.8662867546081543,
        -0.007853287272155285,
        -58.919281005859375
      ],
      [
        -0.0005518198013305664,
        -0.008746941573917866,
        0.9999615550041199,
        -0.004227409139275551
      ],
      [
        0.0,
        0.0,
        0.0,
        1.0
      ]
    ],
    "matrix_world_from_ego_bevfusion": [
      [
        -0.8663221001625061,
        -0.49947047233581543,
        0.0038909350987523794,
        85.29938507080078
      ],
      [
        0.4994853138923645,
        -0.8662867546081543,
        0.007853287272155285,
        58.919281005859375
      ],
      [
        -0.0005518198013305664,
        0.008746941573917866,
        0.9999615550041199,
        -0.004227409139275551
      ],
      [
        0.0,
        0.0,
        0.0,
        1.0
      ]
    ]
  },
  "sensors": {
    "CAM_FRONT": {
      "type_id": "sensor.camera.rgb",
      "blueprint_attributes": {
        "role_name": "front",
        "ros_name": "sensor.camera.rgb",
        "chromatic_aberration_offset": "0.0",
        "sensor_tick": "0.100000",
        "fstop": "1.4",
        "image_size_x": "960",
        "image_size_y": "540",
        "fov": "70.00",
        "lens_circle_falloff": "5.0",
        "lens_circle_multiplier": "0.0",
        "exposure_compensation": "0.0",
        "lens_y_size": "0.08",
        "lens_k": "-1.0",
        "exposure_mode": "histogram",
        "lens_kcube": "0.0",
        "lens_x_size": "0.08",
        "exposure_max_bright": "12.0",
        "shutter_speed": "200.0",
        "bloom_intensity": "0.675",
        "iso": "100.0",
        "enable_postprocess_effects": "false",
        "gamma": "2.2",
        "motion_blur_intensity": "0.0",
        "motion_blur_max_distortion": "0.35",
        "lens_flare_intensity": "0.1",
        "motion_blur_min_object_screen_size": "0.1",
        "exposure_min_bright": "10.0",
        "exposure_speed_up": "3.0",
        "exposure_speed_down": "1.0",
        "tint": "0.0",
        "calibration_constant": "16.0",
        "focal_distance": "1000.0",
        "min_fstop": "1.2",
        "blade_count": "5",
        "blur_amount": "0.0",
        "blur_radius": "0.0",
        "slope": "0.88",
        "toe": "0.55",
        "white_clip": "0.04",
        "shoulder": "0.26",
        "black_clip": "0.0",
        "temp": "6500.0",
        "chromatic_aberration_intensity": "0.0"
      },
      "transform_carla": {
        "location": {
          "x": 83.96320343017578,
          "y": -59.70683288574219,
          "z": 1.6948519945144653
        },
        "rotation": {
          "roll": 0.5011693239212036,
          "pitch": -0.0316169448196888,
          "yaw": -150.03404235839844
        }
      },
      "matrix_world_from_sensor_carla": [
        [
          -0.8663221001625061,
          0.49947047233581543,
          0.0038909350987523794,
          83.96320343017578
        ],
        [
          -0.4994853138923645,
          -0.8662867546081543,
          -0.007853287272155285,
          -59.70683288574219
        ],
        [
          -0.0005518198013305664,
          -0.008746941573917866,
          0.9999615550041199,
          1.6948519945144653
        ],
        [
          0.0,
          0.0,
          0.0,
          1.0
        ]
      ],
      "matrix_world_from_sensor_bevfusion": [
        [
          0.49947047233581543,
          -0.0038909350987523794,
          -0.8663221001625061,
          83.96320343017578
        ],
        [
          0.8662867546081543,
          -0.007853287272155285,
          0.4994853138923645,
          59.70683288574219
        ],
        [
          -0.008746941573917866,
          -0.9999615550041199,
          -0.0005518198013305664,
          1.6948519945144653
        ],
        [
          0.0,
          0.0,
          0.0,
          1.0
        ]
      ],
      "matrix_ego_from_sensor_carla": [
        [
          1.0,
          1.5604152414638861e-09,
          -8.930062245227077e-11,
          1.5499992370605469
        ],
        [
          5.547407866401954e-09,
          1.0,
          6.871914148831593e-11,
          7.62939453125e-06
        ],
        [
          -6.397726792783942e-11,
          4.786475660267797e-10,
          1.0,
          1.7000000476837158
        ],
        [
          0.0,
          0.0,
          0.0,
          1.0
        ]
      ],
      "matrix_ego_from_sensor_bevfusion": [
        [
          1.5604152414638861e-09,
          8.930062245227077e-11,
          1.0,
          1.5499992370605469
        ],
        [
          -1.0,
          6.871914148831593e-11,
          -5.547407866401954e-09,
          -7.62939453125e-06
        ],
        [
          4.786475660267797e-10,
          -1.0,
          -6.397726792783942e-11,
          1.7000000476837158
        ],
        [
          0.0,
          0.0,
          0.0,
          1.0
        ]
      ],
      "camera_intrinsics": [
        [
          685.5110473632812,
          0.0,
          480.0
        ],
        [
          0.0,
          685.5110473632812,
          270.0
        ],
        [
          0.0,
          0.0,
          1.0
        ]
      ],
      "data_path": "D:\\Agent-AI\\outputs\\s3a_ml_long_v2\\sample_000060\\images\\CAM_FRONT.png",
      "raw_layout": "bgra8"
    },
    "CAM_FRONT_RIGHT": {
      "type_id": "sensor.camera.rgb",
      "blueprint_attributes": {
        "role_name": "front",
        "ros_name": "sensor.camera.rgb",
        "chromatic_aberration_offset": "0.0",
        "sensor_tick": "0.100000",
        "fstop": "1.4",
        "image_size_x": "960",
        "image_size_y": "540",
        "fov": "70.00",
        "lens_circle_falloff": "5.0",
        "lens_circle_multiplier": "0.0",
        "exposure_compensation": "0.0",
        "lens_y_size": "0.08",
        "lens_k": "-1.0",
        "exposure_mode": "histogram",
        "lens_kcube": "0.0",
        "lens_x_size": "0.08",
        "exposure_max_bright": "12.0",
        "shutter_speed": "200.0",
        "bloom_intensity": "0.675",
        "iso": "100.0",
        "enable_postprocess_effects": "false",
        "gamma": "2.2",
        "motion_blur_intensity": "0.0",
        "motion_blur_max_distortion": "0.35",
        "lens_flare_intensity": "0.1",
        "motion_blur_min_object_screen_size": "0.1",
        "exposure_min_bright": "10.0",
        "exposure_speed_up": "3.0",
        "exposure_speed_down": "1.0",
        "tint": "0.0",
        "calibration_constant": "16.0",
        "focal_distance": "1000.0",
        "min_fstop": "1.2",
        "blade_count": "5",
        "blur_amount": "0.0",
        "blur_radius": "0.0",
        "slope": "0.88",
        "toe": "0.55",
        "white_clip": "0.04",
        "shoulder": "0.26",
        "black_clip": "0.0",
        "temp": "6500.0",
        "chromatic_aberration_intensity": "0.0"
      },
      "transform_carla": {
        "location": {
          "x": 84.4544906616211,
          "y": -60.05842208862305,
          "z": 1.6901791095733643
        },
        "rotation": {
          "roll": 0.26156502962112427,
          "pitch": -0.4286694824695587,
          "yaw": -95.0348892211914
        }
      },
      "matrix_world_from_sensor_carla": [
        [
          -0.08775989711284637,
          0.9961340427398682,
          0.003890942083671689,
          84.4544906616211
        ],
        [
          -0.9961135387420654,
          -0.08772742003202438,
          -0.007853326387703419,
          -60.05842208862305
        ],
        [
          -0.0074816239066421986,
          -0.004565027076750994,
          0.9999615550041199,
          1.6901791095733643
        ],
        [
          0.0,
          0.0,
          0.0,
          1.0
        ]
      ],
      "matrix_world_from_sensor_bevfusion": [
        [
          0.9961340427398682,
          -0.003890942083671689,
          -0.08775989711284637,
          84.4544906616211
        ],
        [
          0.08772742003202438,
          -0.007853326387703419,
          0.9961135387420654,
          60.05842208862305
        ],
        [
          -0.004565027076750994,
          -0.9999615550041199,
          -0.0074816239066421986,
          1.6901791095733643
        ],
        [
          0.0,
          0.0,
          0.0,
          1.0
        ]
      ],
      "matrix_ego_from_sensor_carla": [
        [
          0.5735765695571899,
          -0.8191519975662231,
          1.3414876320894109e-08,
          1.3000030517578125
        ],
        [
          0.8191519379615784,
          0.5735766291618347,
          3.732162312530818e-08,
          0.5500030517578125
        ],
        [
          -3.877784138239804e-08,
          -1.0568503405750107e-08,
          1.0,
          1.7000000476837158
        ],
        [
          0.0,
          0.0,
          0.0,
          1.0
        ]
      ],
      "matrix_ego_from_sensor_bevfusion": [
        [
          -0.8191519975662231,
          -1.3414876320894109e-08,
          0.5735765695571899,
          1.3000030517578125
        ],
        [
          -0.5735766291618347,
          3.732162312530818e-08,
          -0.8191519379615784,
          -0.5500030517578125
        ],
        [
          -1.0568503405750107e-08,
          -1.0,
          -3.877784138239804e-08,
          1.7000000476837158
        ],
        [
          0.0,
          0.0,
          0.0,
          1.0
        ]
      ],
      "camera_intrinsics": [
        [
          685.5110473632812,
          0.0,
          480.0
        ],
        [
          0.0,
          685.5110473632812,
          270.0
        ],
        [
          0.0,
          0.0,
          1.0
        ]
      ],
      "data_path": "D:\\Agent-AI\\outputs\\s3a_ml_long_v2\\sample_000060\\images\\CAM_FRONT_RIGHT.png",
      "raw_layout": "bgra8"
    },
    "CAM_FRONT_LEFT": {
      "type_id": "sensor.camera.rgb",
      "blueprint_attributes": {
        "role_name": "front",
        "ros_name": "sensor.camera.rgb",
        "chromatic_aberration_offset": "0.0",
        "sensor_tick": "0.100000",
        "fstop": "1.4",
        "image_size_x": "960",
        "image_size_y": "540",
        "fov": "70.00",
        "lens_circle_falloff": "5.0",
        "lens_circle_multiplier": "0.0",
        "exposure_compensation": "0.0",
        "lens_y_size": "0.08",
        "lens_k": "-1.0",
        "exposure_mode": "histogram",
        "lens_kcube": "0.0",
        "lens_x_size": "0.08",
        "exposure_max_bright": "12.0",
        "shutter_speed": "200.0",
        "bloom_intensity": "0.675",
        "iso": "100.0",
        "enable_postprocess_effects": "false",
        "gamma": "2.2",
        "motion_blur_intensity": "0.0",
        "motion_blur_max_distortion": "0.35",
        "lens_flare_intensity": "0.1",
        "motion_blur_min_object_screen_size": "0.1",
        "exposure_min_bright": "10.0",
        "exposure_speed_up": "3.0",
        "exposure_speed_down": "1.0",
        "tint": "0.0",
        "calibration_constant": "16.0",
        "focal_distance": "1000.0",
        "min_fstop": "1.2",
        "blade_count": "5",
        "blur_amount": "0.0",
        "blur_radius": "0.0",
        "slope": "0.88",
        "toe": "0.55",
        "white_clip": "0.04",
        "shoulder": "0.26",
        "black_clip": "0.0",
        "temp": "6500.0",
        "chromatic_aberration_intensity": "0.0"
      },
      "transform_carla": {
        "location": {
          "x": 83.90506744384766,
          "y": -59.105506896972656,
          "z": 1.699800729751587
        },
        "rotation": {
          "roll": 0.31336259841918945,
          "pitch": 0.39240118861198425,
          "yaw": 154.9671630859375
        }
      },
      "matrix_world_from_sensor_carla": [
        [
          -0.9060441851615906,
          -0.42316532135009766,
          0.0038910056464374065,
          83.90506744384766
        ],
        [
          0.42312777042388916,
          -0.9060360193252563,
          -0.00785331055521965,
          -59.105506896972656
        ],
        [
          0.006848639342933893,
          -0.005469053518027067,
          0.9999616146087646,
          1.699800729751587
        ],
        [
          0.0,
          0.0,
          0.0,
          1.0
        ]
      ],
      "matrix_world_from_sensor_bevfusion": [
        [
          -0.42316532135009766,
          -0.0038910056464374065,
          -0.9060441851615906,
          83.90506744384766
        ],
        [
          0.9060360193252563,
          -0.00785331055521965,
          -0.42312777042388916,
          59.105506896972656
        ],
        [
          -0.005469053518027067,
          -0.9999616146087646,
          0.006848639342933893,
          1.699800729751587
        ],
        [
          0.0,
          0.0,
          0.0,
          1.0
        ]
      ],
      "matrix_ego_from_sensor_carla": [
        [
          0.5735763311386108,
          0.819152295589447,
          -4.9482288488889026e-08,
          1.3000030517578125
        ],
        [
          -0.8191522359848022,
          0.5735762715339661,
          5.44953913106383e-08,
          -0.5499954223632812
        ],
        [
          7.331974671842545e-08,
          8.766082970623756e-09,
          1.0,
          1.7000000476837158
        ],
        [
          0.0,
          0.0,
          0.0,
          1.0
        ]
      ],
      "matrix_ego_from_sensor_bevfusion": [
        [
          0.819152295589447,
          4.9482288488889026e-08,
          0.5735763311386108,
          1.3000030517578125
        ],
        [
          -0.5735762715339661,
          5.44953913106383e-08,
          0.8191522359848022,
          0.5499954223632812
        ],
        [
          8.766082970623756e-09,
          -1.0,
          7.331974671842545e-08,
          1.7000000476837158
        ],
        [
          0.0,
          0.0,
          0.0,
          1.0
        ]
      ],
      "camera_intrinsics": [
        [
          685.5110473632812,
          0.0,
          480.0
        ],
        [
          0.0,
          685.5110473632812,
          270.0
        ],
        [
          0.0,
          0.0,
          1.0
        ]
      ],
      "data_path": "D:\\Agent-AI\\outputs\\s3a_ml_long_v2\\sample_000060\\images\\CAM_FRONT_LEFT.png",
      "raw_layout": "bgra8"
    },
    "CAM_BACK": {
      "type_id": "sensor.camera.rgb",
      "blueprint_attributes": {
        "role_name": "front",
        "ros_name": "sensor.camera.rgb",
        "chromatic_aberration_offset": "0.0",
        "sensor_tick": "0.100000",
        "fstop": "1.4",
        "image_size_x": "960",
        "image_size_y": "540",
        "fov": "70.00",
        "lens_circle_falloff": "5.0",
        "lens_circle_multiplier": "0.0",
        "exposure_compensation": "0.0",
        "lens_y_size": "0.08",
        "lens_k": "-1.0",
        "exposure_mode": "histogram",
        "lens_kcube": "0.0",
        "lens_x_size": "0.08",
        "exposure_max_bright": "12.0",
        "shutter_speed": "200.0",
        "bloom_intensity": "0.675",
        "iso": "100.0",
        "enable_postprocess_effects": "false",
        "gamma": "2.2",
        "motion_blur_intensity": "0.0",
        "motion_blur_max_distortion": "0.35",
        "lens_flare_intensity": "0.1",
        "motion_blur_min_object_screen_size": "0.1",
        "exposure_min_bright": "10.0",
        "exposure_speed_up": "3.0",
        "exposure_speed_down": "1.0",
        "tint": "0.0",
        "calibration_constant": "16.0",
        "focal_distance": "1000.0",
        "min_fstop": "1.2",
        "blade_count": "5",
        "blur_amount": "0.0",
        "blur_radius": "0.0",
        "slope": "0.88",
        "toe": "0.55",
        "white_clip": "0.04",
        "shoulder": "0.26",
        "black_clip": "0.0",
        "temp": "6500.0",
        "chromatic_aberration_intensity": "0.0"
      },
      "transform_carla": {
        "location": {
          "x": 86.64879608154297,
          "y": -58.15843200683594,
          "z": 1.69656240940094
        },
        "rotation": {
          "roll": -0.5011692047119141,
          "pitch": 0.0316169448196888,
          "yaw": 29.965957641601562
        }
      },
      "matrix_world_from_sensor_carla": [
        [
          0.8663221597671509,
          -0.49947041273117065,
          0.00389093323610723,
          86.64879608154297
        ],
        [
          0.4994852542877197,
          0.8662868142127991,
          -0.007853285409510136,
          -58.15843200683594
        ],
        [
          0.0005518198013305664,
          0.008746938779950142,
          0.9999615550041199,
          1.69656240940094
        ],
        [
          0.0,
          0.0,
          0.0,
          1.0
        ]
      ],
      "matrix_world_from_sensor_bevfusion": [
        [
          -0.49947041273117065,
          -0.00389093323610723,
          0.8663221597671509,
          86.64879608154297
        ],
        [
          -0.8662868142127991,
          -0.007853285409510136,
          -0.4994852542877197,
          58.15843200683594
        ],
        [
          0.008746938779950142,
          -0.9999615550041199,
          0.0005518198013305664,
          1.69656240940094
        ],
        [
          0.0,
          0.0,
          0.0,
          1.0
        ]
      ],
      "matrix_ego_from_sensor_carla": [
        [
          -1.0,
          -9.093491826206446e-08,
          6.091913085093381e-10,
          -1.5499954223632812
        ],
        [
          7.588965900140465e-08,
          -1.0,
          -2.725248471335817e-09,
          7.62939453125e-06
        ],
        [
          7.624691988894483e-10,
          -3.2725080423290365e-09,
          1.0,
          1.6999998092651367
        ],
        [
          0.0,
          0.0,
          0.0,
          1.0
        ]
      ],
      "matrix_ego_from_sensor_bevfusion": [
        [
          -9.093491826206446e-08,
          -6.091913085093381e-10,
          -1.0,
          -1.5499954223632812
        ],
        [
          1.0,
          -2.725248471335817e-09,
          -7.588965900140465e-08,
          -7.62939453125e-06
        ],
        [
          -3.2725080423290365e-09,
          -1.0,
          7.624691988894483e-10,
          1.6999998092651367
        ],
        [
          0.0,
          0.0,
          0.0,
          1.0
        ]
      ],
      "camera_intrinsics": [
        [
          685.5110473632812,
          0.0,
          480.0
        ],
        [
          0.0,
          685.5110473632812,
          270.0
        ],
        [
          0.0,
          0.0,
          1.0
        ]
      ],
      "data_path": "D:\\Agent-AI\\outputs\\s3a_ml_long_v2\\sample_000060\\images\\CAM_BACK.png",
      "raw_layout": "bgra8"
    },
    "CAM_BACK_LEFT": {
      "type_id": "sensor.camera.rgb",
      "blueprint_attributes": {
        "role_name": "front",
        "ros_name": "sensor.camera.rgb",
        "chromatic_aberration_offset": "0.0",
        "sensor_tick": "0.100000",
        "fstop": "1.4",
        "image_size_x": "960",
        "image_size_y": "540",
        "fov": "70.00",
        "lens_circle_falloff": "5.0",
        "lens_circle_multiplier": "0.0",
        "exposure_compensation": "0.0",
        "lens_y_size": "0.08",
        "lens_k": "-1.0",
        "exposure_mode": "histogram",
        "lens_kcube": "0.0",
        "lens_x_size": "0.08",
        "exposure_max_bright": "12.0",
        "shutter_speed": "200.0",
        "bloom_intensity": "0.675",
        "iso": "100.0",
        "enable_postprocess_effects": "false",
        "gamma": "2.2",
        "motion_blur_intensity": "0.0",
        "motion_blur_max_distortion": "0.35",
        "lens_flare_intensity": "0.1",
        "motion_blur_min_object_screen_size": "0.1",
        "exposure_min_bright": "10.0",
        "exposure_speed_up": "3.0",
        "exposure_speed_down": "1.0",
        "tint": "0.0",
        "calibration_constant": "16.0",
        "focal_distance": "1000.0",
        "min_fstop": "1.2",
        "blade_count": "5",
        "blur_amount": "0.0",
        "blur_radius": "0.0",
        "slope": "0.88",
        "toe": "0.55",
        "white_clip": "0.04",
        "shoulder": "0.26",
        "black_clip": "0.0",
        "temp": "6500.0",
        "chromatic_aberration_intensity": "0.0"
      },
      "transform_carla": {
        "location": {
          "x": 86.15750885009766,
          "y": -57.80684280395508,
          "z": 1.701235294342041
        },
        "rotation": {
          "roll": -0.2615649998188019,
          "pitch": 0.4286694824695587,
          "yaw": 84.96507263183594
        }
      },
      "matrix_world_from_sensor_carla": [
        [
          0.08776052296161652,
          -0.9961339831352234,
          0.0038909369613975286,
          86.15750885009766
        ],
        [
          0.9961134791374207,
          0.08772804588079453,
          -0.007853329181671143,
          -57.80684280395508
        ],
        [
          0.0074816239066421986,
          0.004565026611089706,
          0.9999615550041199,
          1.701235294342041
        ],
        [
          0.0,
          0.0,
          0.0,
          1.0
        ]
      ],
      "matrix_world_from_sensor_bevfusion": [
        [
          -0.9961339831352234,
          -0.0038909369613975286,
          0.08776052296161652,
          86.15750885009766
        ],
        [
          -0.08772804588079453,
          -0.007853329181671143,
          -0.9961134791374207,
          57.80684280395508
        ],
        [
          0.004565026611089706,
          -0.9999615550041199,
          0.0074816239066421986,
          1.701235294342041
        ],
        [
          0.0,
          0.0,
          0.0,
          1.0
        ]
      ],
      "matrix_ego_from_sensor_carla": [
        [
          -0.5735771059989929,
          0.8191515803337097,
          1.923564241224085e-08,
          -1.2999992370605469
        ],
        [
          -0.8191515803337097,
          -0.5735771059989929,
          3.732162312530818e-08,
          -0.5499954223632812
        ],
        [
          4.203747039355221e-08,
          5.446247008933369e-09,
          1.0,
          1.6999998092651367
        ],
        [
          0.0,
          0.0,
          0.0,
          1.0
        ]
      ],
      "matrix_ego_from_sensor_bevfusion": [
        [
          0.8191515803337097,
          -1.923564241224085e-08,
          -0.5735771059989929,
          -1.2999992370605469
        ],
        [
          0.5735771059989929,
          3.732162312530818e-08,
          0.8191515803337097,
          0.5499954223632812
        ],
        [
          5.446247008933369e-09,
          -1.0,
          4.203747039355221e-08,
          1.6999998092651367
        ],
        [
          0.0,
          0.0,
          0.0,
          1.0
        ]
      ],
      "camera_intrinsics": [
        [
          685.5110473632812,
          0.0,
          480.0
        ],
        [
          0.0,
          685.5110473632812,
          270.0
        ],
        [
          0.0,
          0.0,
          1.0
        ]
      ],
      "data_path": "D:\\Agent-AI\\outputs\\s3a_ml_long_v2\\sample_000060\\images\\CAM_BACK_LEFT.png",
      "raw_layout": "bgra8"
    },
    "CAM_BACK_RIGHT": {
      "type_id": "sensor.camera.rgb",
      "blueprint_attributes": {
        "role_name": "front",
        "ros_name": "sensor.camera.rgb",
        "chromatic_aberration_offset": "0.0",
        "sensor_tick": "0.100000",
        "fstop": "1.4",
        "image_size_x": "960",
        "image_size_y": "540",
        "fov": "70.00",
        "lens_circle_falloff": "5.0",
        "lens_circle_multiplier": "0.0",
        "exposure_compensation": "0.0",
        "lens_y_size": "0.08",
        "lens_k": "-1.0",
        "exposure_mode": "histogram",
        "lens_kcube": "0.0",
        "lens_x_size": "0.08",
        "exposure_max_bright": "12.0",
        "shutter_speed": "200.0",
        "bloom_intensity": "0.675",
        "iso": "100.0",
        "enable_postprocess_effects": "false",
        "gamma": "2.2",
        "motion_blur_intensity": "0.0",
        "motion_blur_max_distortion": "0.35",
        "lens_flare_intensity": "0.1",
        "motion_blur_min_object_screen_size": "0.1",
        "exposure_min_bright": "10.0",
        "exposure_speed_up": "3.0",
        "exposure_speed_down": "1.0",
        "tint": "0.0",
        "calibration_constant": "16.0",
        "focal_distance": "1000.0",
        "min_fstop": "1.2",
        "blade_count": "5",
        "blur_amount": "0.0",
        "blur_radius": "0.0",
        "slope": "0.88",
        "toe": "0.55",
        "white_clip": "0.04",
        "shoulder": "0.26",
        "black_clip": "0.0",
        "temp": "6500.0",
        "chromatic_aberration_intensity": "0.0"
      },
      "transform_carla": {
        "location": {
          "x": 86.70692443847656,
          "y": -58.75975799560547,
          "z": 1.6916136741638184
        },
        "rotation": {
          "roll": -0.3133625388145447,
          "pitch": -0.39240118861198425,
          "yaw": -25.03282928466797
        }
      },
      "matrix_world_from_sensor_carla": [
        [
          0.9060442447662354,
          0.42316511273384094,
          0.0038910077419131994,
          86.70692443847656
        ],
        [
          -0.42312756180763245,
          0.9060360789299011,
          -0.007853308692574501,
          -58.75975799560547
        ],
        [
          -0.006848639342933893,
          0.005469052586704493,
          0.9999616146087646,
          1.6916136741638184
        ],
        [
          0.0,
          0.0,
          0.0,
          1.0
        ]
      ],
      "matrix_world_from_sensor_bevfusion": [
        [
          0.42316511273384094,
          -0.0038910077419131994,
          0.9060442447662354,
          86.70692443847656
        ],
        [
          -0.9060360789299011,
          -0.007853308692574501,
          0.42312756180763245,
          58.75975799560547
        ],
        [
          0.005469052586704493,
          -0.9999616146087646,
          -0.006848639342933893,
          1.6916136741638184
        ],
        [
          0.0,
          0.0,
          0.0,
          1.0
        ]
      ],
      "matrix_ego_from_sensor_carla": [
        [
          -0.5735764503479004,
          -0.8191521167755127,
          -5.227625621273546e-08,
          -1.2999992370605469
        ],
        [
          0.8191520571708679,
          -0.5735764503479004,
          5.44953913106383e-08,
          0.5500030517578125
        ],
        [
          -7.471673058034867e-08,
          -1.1094353880025665e-08,
          1.0,
          1.6999998092651367
        ],
        [
          0.0,
          0.0,
          0.0,
          1.0
        ]
      ],
      "matrix_ego_from_sensor_bevfusion": [
        [
          -0.8191521167755127,
          5.227625621273546e-08,
          -0.5735764503479004,
          -1.2999992370605469
        ],
        [
          0.5735764503479004,
          5.44953913106383e-08,
          -0.8191520571708679,
          -0.5500030517578125
        ],
        [
          -1.1094353880025665e-08,
          -1.0,
          -7.471673058034867e-08,
          1.6999998092651367
        ],
        [
          0.0,
          0.0,
          0.0,
          1.0
        ]
      ],
      "camera_intrinsics": [
        [
          685.5110473632812,
          0.0,
          480.0
        ],
        [
          0.0,
          685.5110473632812,
          270.0
        ],
        [
          0.0,
          0.0,
          1.0
        ]
      ],
      "data_path": "D:\\Agent-AI\\outputs\\s3a_ml_long_v2\\sample_000060\\images\\CAM_BACK_RIGHT.png",
      "raw_layout": "bgra8"
    },
    "LIDAR_TOP": {
      "type_id": "sensor.lidar.ray_cast",
      "blueprint_attributes": {
        "atmosphere_attenuation_rate": "0.004",
        "role_name": "front",
        "noise_seed": "0",
        "upper_fov": "10.0",
        "ros_name": "sensor.lidar.ray_cast",
        "sensor_tick": "0.100000",
        "channels": "32",
        "range": "120.0",
        "points_per_second": "360000",
        "lower_fov": "-30.0",
        "rotation_frequency": "10.000000",
        "horizontal_fov": "360.0",
        "dropoff_general_rate": "0.0",
        "dropoff_intensity_limit": "1.0",
        "noise_stddev": "0.0",
        "dropoff_zero_intensity": "0.0"
      },
      "transform_carla": {
        "location": {
          "x": 85.30794525146484,
          "y": -58.93655776977539,
          "z": 2.195688009262085
        },
        "rotation": {
          "roll": 0.5011693239212036,
          "pitch": -0.0316169448196888,
          "yaw": -150.03404235839844
        }
      },
      "matrix_world_from_sensor_carla": [
        [
          -0.8663221001625061,
          0.49947047233581543,
          0.0038909350987523794,
          85.30794525146484
        ],
        [
          -0.4994853138923645,
          -0.8662867546081543,
          -0.007853287272155285,
          -58.93655776977539
        ],
        [
          -0.0005518198013305664,
          -0.008746941573917866,
          0.9999615550041199,
          2.195688009262085
        ],
        [
          0.0,
          0.0,
          0.0,
          1.0
        ]
      ],
      "matrix_world_from_sensor_bevfusion": [
        [
          -0.8663221001625061,
          -0.49947047233581543,
          0.0038909350987523794,
          85.30794525146484
        ],
        [
          0.4994853138923645,
          -0.8662867546081543,
          0.007853287272155285,
          58.93655776977539
        ],
        [
          -0.0005518198013305664,
          0.008746941573917866,
          0.9999615550041199,
          2.195688009262085
        ],
        [
          0.0,
          0.0,
          0.0,
          1.0
        ]
      ],
      "matrix_ego_from_sensor_carla": [
        [
          1.0,
          1.5604152414638861e-09,
          -8.930062245227077e-11,
          0.0
        ],
        [
          5.547407866401954e-09,
          1.0,
          6.871914148831593e-11,
          7.62939453125e-06
        ],
        [
          -6.397726792783942e-11,
          4.786475660267797e-10,
          1.0,
          2.200000047683716
        ],
        [
          0.0,
          0.0,
          0.0,
          1.0
        ]
      ],
      "matrix_ego_from_sensor_bevfusion": [
        [
          1.0,
          -1.5604152414638861e-09,
          -8.930062245227077e-11,
          0.0
        ],
        [
          -5.547407866401954e-09,
          1.0,
          -6.871914148831593e-11,
          -7.62939453125e-06
        ],
        [
          -6.397726792783942e-11,
          -4.786475660267797e-10,
          1.0,
          2.200000047683716
        ],
        [
          0.0,
          0.0,
          0.0,
          1.0
        ]
      ],
      "data_path": "D:\\Agent-AI\\outputs\\s3a_ml_long_v2\\sample_000060\\lidar\\LIDAR_TOP.npy",
      "raw_layout": [
        "x",
        "y",
        "z",
        "intensity"
      ]
    },
    "RADAR_FRONT": {
      "type_id": "sensor.other.radar",
      "blueprint_attributes": {
        "sensor_tick": "0.100000",
        "role_name": "default",
        "noise_seed": "0",
        "ros_name": "sensor.other.radar",
        "horizontal_fov": "35.0",
        "points_per_second": "1500",
        "vertical_fov": "20.0",
        "range": "120.0"
      },
      "transform_carla": {
        "location": {
          "x": 83.57024383544922,
          "y": -59.92531967163086,
          "z": 0.8946343660354614
        },
        "rotation": {
          "roll": 0.5011693239212036,
          "pitch": -0.0316169448196888,
          "yaw": -150.03404235839844
        }
      },
      "matrix_world_from_sensor_carla": [
        [
          -0.8663221001625061,
          0.49947047233581543,
          0.0038909350987523794,
          83.57024383544922
        ],
        [
          -0.4994853138923645,
          -0.8662867546081543,
          -0.007853287272155285,
          -59.92531967163086
        ],
        [
          -0.0005518198013305664,
          -0.008746941573917866,
          0.9999615550041199,
          0.8946343660354614
        ],
        [
          0.0,
          0.0,
          0.0,
          1.0
        ]
      ],
      "matrix_world_from_sensor_bevfusion": [
        [
          -0.8663221001625061,
          -0.49947047233581543,
          0.0038909350987523794,
          83.57024383544922
        ],
        [
          0.4994853138923645,
          -0.8662867546081543,
          0.007853287272155285,
          59.92531967163086
        ],
        [
          -0.0005518198013305664,
          0.008746941573917866,
          0.9999615550041199,
          0.8946343660354614
        ],
        [
          0.0,
          0.0,
          0.0,
          1.0
        ]
      ],
      "matrix_ego_from_sensor_carla": [
        [
          1.0,
          1.5604152414638861e-09,
          -8.930062245227077e-11,
          2.0000038146972656
        ],
        [
          5.547407866401954e-09,
          1.0,
          6.871914148831593e-11,
          0.0
        ],
        [
          -6.397726792783942e-11,
          4.786475660267797e-10,
          1.0,
          0.8999999761581421
        ],
        [
          0.0,
          0.0,
          0.0,
          1.0
        ]
      ],
      "matrix_ego_from_sensor_bevfusion": [
        [
          1.0,
          -1.5604152414638861e-09,
          -8.930062245227077e-11,
          2.0000038146972656
        ],
        [
          -5.547407866401954e-09,
          1.0,
          -6.871914148831593e-11,
          0.0
        ],
        [
          -6.397726792783942e-11,
          -4.786475660267797e-10,
          1.0,
          0.8999999761581421
        ],
        [
          0.0,
          0.0,
          0.0,
          1.0
        ]
      ],
      "data_path": "D:\\Agent-AI\\outputs\\s3a_ml_long_v2\\sample_000060\\radar\\RADAR_FRONT.npy",
      "raw_layout": [
        "velocity",
        "altitude",
        "azimuth",
        "depth"
      ]
    },
    "RADAR_FRONT_LEFT": {
      "type_id": "sensor.other.radar",
      "blueprint_attributes": {
        "sensor_tick": "0.100000",
        "role_name": "default",
        "noise_seed": "0",
        "ros_name": "sensor.other.radar",
        "horizontal_fov": "35.0",
        "points_per_second": "1500",
        "vertical_fov": "20.0",
        "range": "120.0"
      },
      "transform_carla": {
        "location": {
          "x": 83.49884796142578,
          "y": -59.10078430175781,
          "z": 0.9013877511024475
        },
        "rotation": {
          "roll": 0.3767406940460205,
          "pitch": 0.3320223093032837,
          "yaw": 164.96714782714844
        }
      },
      "matrix_world_from_sensor_carla": [
        [
          -0.9657610058784485,
          -0.25940415263175964,
          0.0038909530267119408,
          83.49884796142578
        ],
        [
          0.2593685984611511,
          -0.9657464027404785,
          -0.007853287272155285,
          -59.10078430175781
        ],
        [
          0.0057948497124016285,
          -0.006575207691639662,
          0.9999615550041199,
          0.9013877511024475
        ],
        [
          0.0,
          0.0,
          0.0,
          1.0
        ]
      ],
      "matrix_world_from_sensor_bevfusion": [
        [
          -0.9657610058784485,
          0.25940415263175964,
          0.0038909530267119408,
          83.49884796142578
        ],
        [
          -0.2593685984611511,
          -0.9657464027404785,
          0.007853287272155285,
          59.10078430175781
        ],
        [
          0.0057948497124016285,
          0.006575207691639662,
          0.9999615550041199,
          0.9013877511024475
        ],
        [
          0.0,
          0.0,
          0.0,
          1.0
        ]
      ],
      "matrix_ego_from_sensor_carla": [
        [
          0.7071061730384827,
          0.707107424736023,
          -1.5688954135839595e-08,
          1.6500053405761719
        ],
        [
          -0.7071073651313782,
          0.7071061134338379,
          8.450622424049925e-09,
          -0.75
        ],
        [
          1.7843650113036347e-08,
          3.728792385970792e-09,
          1.0,
          0.8999999761581421
        ],
        [
          0.0,
          0.0,
          0.0,
          1.0
        ]
      ],
      "matrix_ego_from_sensor_bevfusion": [
        [
          0.7071061730384827,
          -0.707107424736023,
          -1.5688954135839595e-08,
          1.6500053405761719
        ],
        [
          0.7071073651313782,
          0.7071061134338379,
          -8.450622424049925e-09,
          0.75
        ],
        [
          1.7843650113036347e-08,
          -3.728792385970792e-09,
          1.0,
          0.8999999761581421
        ],
        [
          0.0,
          0.0,
          0.0,
          1.0
        ]
      ],
      "data_path": "D:\\Agent-AI\\outputs\\s3a_ml_long_v2\\sample_000060\\radar\\RADAR_FRONT_LEFT.npy",
      "raw_layout": [
        "velocity",
        "altitude",
        "azimuth",
        "depth"
      ]
    },
    "RADAR_FRONT_RIGHT": {
      "type_id": "sensor.other.radar",
      "blueprint_attributes": {
        "sensor_tick": "0.100000",
        "role_name": "default",
        "noise_seed": "0",
        "ros_name": "sensor.other.radar",
        "horizontal_fov": "35.0",
        "points_per_second": "1500",
        "vertical_fov": "20.0",
        "range": "120.0"
      },
