{
  "schema_version": "stage1.v1",
  "sample_name": "sample_000085",
  "sequence_index": 85,
  "previous_sample_name": "sample_000084",
  "frame_id": 60086,
  "timestamp": 443.51970087736845,
  "platform_timestamp": 16814600.8445929,
  "delta_seconds": 0.10000000149011612,
  "town": "Carla/Maps/Town10HD_Opt",
  "weather": {
    "cloudiness": 20.0,
    "dust_storm": 0.0,
    "fog_density": 2.0,
    "fog_distance": 0.75,
    "fog_falloff": 0.10000000149011612,
    "mie_scattering_scale": 0.029999999329447746,
    "precipitation": 0.0,
    "precipitation_deposits": 0.0,
    "rayleigh_scattering_scale": 0.03310000151395798,
    "scattering_intensity": 1.0,
    "sun_altitude_angle": 45.0,
    "sun_azimuth_angle": 300.0,
    "wetness": 0.0,
    "wind_intensity": 10.0
  },
  "sensor_names": [
    "CAM_FRONT",
    "CAM_FRONT_RIGHT",
    "CAM_FRONT_LEFT",
    "CAM_BACK",
    "CAM_BACK_LEFT",
    "CAM_BACK_RIGHT",
    "LIDAR_TOP",
    "RADAR_FRONT",
    "RADAR_FRONT_LEFT",
    "RADAR_FRONT_RIGHT",
    "RADAR_BACK_LEFT",
    "RADAR_BACK_RIGHT"
  ],
  "camera_order_for_model": [
    "CAM_FRONT",
    "CAM_FRONT_RIGHT",
    "CAM_FRONT_LEFT",
    "CAM_BACK",
    "CAM_BACK_LEFT",
    "CAM_BACK_RIGHT"
  ],
  "radar_order_for_model": [
    "RADAR_FRONT",
    "RADAR_FRONT_LEFT",
    "RADAR_FRONT_RIGHT",
    "RADAR_BACK_LEFT",
    "RADAR_BACK_RIGHT"
  ],
  "coordinate_notes": {
    "carla_world": "left-handed x-forward y-right z-up",
    "bevfusion_lidar": "x-forward y-left z-up",
    "camera_frame_for_model": "OpenCV style x-right y-down z-forward"
  },
  "ego": {
    "actor_id": 28,
    "transform_carla": {
      "location": {
        "x": 77.61636352539062,
        "y": -62.18412399291992,
        "z": -0.00405742647126317
      },
      "rotation": {
        "roll": 0.14487630128860474,
        "pitch": -0.11902286857366562,
        "yaw": -160.99974060058594
      }
    },
    "velocity_carla": [
      -2.536935806274414,
      -0.6946147084236145,
      -2.1438598196255043e-05
    ],
    "angular_velocity_carla": [
      1.0469211339950562,
      -0.587876558303833,
      -7.07194709777832
    ],
    "matrix_world_from_ego_carla": [
      [
        -0.9455150961875916,
        0.3255763053894043,
        -0.0011409225407987833,
        77.61636352539062
      ],
      [
        -0.3255716860294342,
        -0.9455123543739319,
        -0.0030671244021505117,
        -62.18412399291992
      ],
      [
        -0.0020773394498974085,
        -0.002528560347855091,
        0.9999946355819702,
        -0.00405742647126317
      ],
      [
        0.0,
        0.0,
        0.0,
        1.0
      ]
    ],
    "matrix_world_from_ego_bevfusion": [
      [
        -0.9455150961875916,
        -0.3255763053894043,
        -0.0011409225407987833,
        77.61636352539062
      ],
      [
        0.3255716860294342,
        -0.9455123543739319,
        0.0030671244021505117,
        62.18412399291992
      ],
      [
        -0.0020773394498974085,
        0.002528560347855091,
        0.9999946355819702,
        -0.00405742647126317
      ],
      [
        0.0,
        0.0,
        0.0,
        1.0
      ]
    ]
  },
  "sensors": {
    "CAM_FRONT": {
      "type_id": "sensor.camera.rgb",
      "blueprint_attributes": {
        "role_name": "front",
        "ros_name": "sensor.camera.rgb",
        "chromatic_aberration_offset": "0.0",
        "sensor_tick": "0.100000",
        "fstop": "1.4",
        "image_size_x": "960",
        "image_size_y": "540",
        "fov": "70.00",
        "lens_circle_falloff": "5.0",
        "lens_circle_multiplier": "0.0",
        "exposure_compensation": "0.0",
        "lens_y_size": "0.08",
        "lens_k": "-1.0",
        "exposure_mode": "histogram",
        "lens_kcube": "0.0",
        "lens_x_size": "0.08",
        "exposure_max_bright": "12.0",
        "shutter_speed": "200.0",
        "bloom_intensity": "0.675",
        "iso": "100.0",
        "enable_postprocess_effects": "false",
        "gamma": "2.2",
        "motion_blur_intensity": "0.0",
        "motion_blur_max_distortion": "0.35",
        "lens_flare_intensity": "0.1",
        "motion_blur_min_object_screen_size": "0.1",
        "exposure_min_bright": "10.0",
        "exposure_speed_up": "3.0",
        "exposure_speed_down": "1.0",
        "tint": "0.0",
        "calibration_constant": "16.0",
        "focal_distance": "1000.0",
        "min_fstop": "1.2",
        "blade_count": "5",
        "blur_amount": "0.0",
        "blur_radius": "0.0",
        "slope": "0.88",
        "toe": "0.55",
        "white_clip": "0.04",
        "shoulder": "0.26",
        "black_clip": "0.0",
        "temp": "6500.0",
        "chromatic_aberration_intensity": "0.0"
      },
      "transform_carla": {
        "location": {
          "x": 76.14888000488281,
          "y": -62.693973541259766,
          "z": 1.6927136182785034
        },
        "rotation": {
          "roll": 0.14487630128860474,
          "pitch": -0.11902286857366562,
          "yaw": -160.99974060058594
        }
      },
      "matrix_world_from_sensor_carla": [
        [
          -0.9455150961875916,
          0.3255763053894043,
          -0.0011409225407987833,
          76.14888000488281
        ],
        [
          -0.3255716860294342,
          -0.9455123543739319,
          -0.0030671244021505117,
          -62.693973541259766
        ],
        [
          -0.0020773394498974085,
          -0.002528560347855091,
          0.9999946355819702,
          1.6927136182785034
        ],
        [
          0.0,
          0.0,
          0.0,
          1.0
        ]
      ],
      "matrix_world_from_sensor_bevfusion": [
        [
          0.3255763053894043,
          0.0011409225407987833,
          -0.9455150961875916,
          76.14888000488281
        ],
        [
          0.9455123543739319,
          -0.0030671244021505117,
          0.3255716860294342,
          62.693973541259766
        ],
        [
          -0.002528560347855091,
          -0.9999946355819702,
          -0.0020773394498974085,
          1.6927136182785034
        ],
        [
          0.0,
          0.0,
          0.0,
          1.0
        ]
      ],
      "matrix_ego_from_sensor_carla": [
        [
          0.9999999403953552,
          2.6402373620726394e-08,
          -3.2153696372105856e-11,
          1.5499992370605469
        ],
        [
          1.600593968476005e-08,
          1.0,
          6.007738750923863e-11,
          0.0
        ],
        [
          -3.2153696372105856e-11,
          6.007738750923863e-11,
          1.0,
          1.6999999284744263
        ],
        [
          0.0,
          0.0,
          0.0,
          1.0
        ]
      ],
      "matrix_ego_from_sensor_bevfusion": [
        [
          2.6402373620726394e-08,
          3.2153696372105856e-11,
          0.9999999403953552,
          1.5499992370605469
        ],
        [
          -1.0,
          6.007738750923863e-11,
          -1.600593968476005e-08,
          0.0
        ],
        [
          6.007738750923863e-11,
          -1.0,
          -3.2153696372105856e-11,
          1.6999999284744263
        ],
        [
          0.0,
          0.0,
          0.0,
          1.0
        ]
      ],
      "camera_intrinsics": [
        [
          685.5110473632812,
          0.0,
          480.0
        ],
        [
          0.0,
          685.5110473632812,
          270.0
        ],
        [
          0.0,
          0.0,
          1.0
        ]
      ],
      "data_path": "D:\\Agent-AI\\outputs\\s3a_ml_long_v2\\sample_000085\\images\\CAM_FRONT.png",
      "raw_layout": "bgra8"
    },
    "CAM_FRONT_RIGHT": {
      "type_id": "sensor.camera.rgb",
      "blueprint_attributes": {
        "role_name": "front",
        "ros_name": "sensor.camera.rgb",
        "chromatic_aberration_offset": "0.0",
        "sensor_tick": "0.100000",
        "fstop": "1.4",
        "image_size_x": "960",
        "image_size_y": "540",
        "fov": "70.00",
        "lens_circle_falloff": "5.0",
        "lens_circle_multiplier": "0.0",
        "exposure_compensation": "0.0",
        "lens_y_size": "0.08",
        "lens_k": "-1.0",
        "exposure_mode": "histogram",
        "lens_kcube": "0.0",
        "lens_x_size": "0.08",
        "exposure_max_bright": "12.0",
        "shutter_speed": "200.0",
        "bloom_intensity": "0.675",
        "iso": "100.0",
        "enable_postprocess_effects": "false",
        "gamma": "2.2",
        "motion_blur_intensity": "0.0",
        "motion_blur_max_distortion": "0.35",
        "lens_flare_intensity": "0.1",
        "motion_blur_min_object_screen_size": "0.1",
        "exposure_min_bright": "10.0",
        "exposure_speed_up": "3.0",
        "exposure_speed_down": "1.0",
        "tint": "0.0",
        "calibration_constant": "16.0",
        "focal_distance": "1000.0",
        "min_fstop": "1.2",
        "blade_count": "5",
        "blur_amount": "0.0",
        "blur_radius": "0.0",
        "slope": "0.88",
        "toe": "0.55",
        "white_clip": "0.04",
        "shoulder": "0.26",
        "black_clip": "0.0",
        "temp": "6500.0",
        "chromatic_aberration_intensity": "0.0"
      },
      "transform_carla": {
        "location": {
          "x": 76.56432342529297,
          "y": -63.13261413574219,
          "z": 1.6918423175811768
        },
        "rotation": {
          "roll": -0.014396893791854382,
          "pitch": -0.18694226443767548,
          "yaw": -105.99958801269531
        }
      },
      "matrix_world_from_sensor_carla": [
        [
          -0.275628924369812,
          0.9612634181976318,
          -0.001140853390097618,
          76.56432342529297
        ],
        [
          -0.961258590221405,
          -0.2756311297416687,
          -0.0030671064741909504,
          -63.13261413574219
        ],
        [
          -0.003262752201408148,
          0.0002512718492653221,
          0.9999946355819702,
          1.6918423175811768
        ],
        [
          0.0,
          0.0,
          0.0,
          1.0
        ]
      ],
      "matrix_world_from_sensor_bevfusion": [
        [
          0.9612634181976318,
          0.001140853390097618,
          -0.275628924369812,
          76.56432342529297
        ],
        [
          0.2756311297416687,
          -0.0030671064741909504,
          0.961258590221405,
          63.13261413574219
        ],
        [
          0.0002512718492653221,
          -0.9999946355819702,
          -0.003262752201408148,
          1.6918423175811768
        ],
        [
          0.0,
          0.0,
          0.0,
          1.0
        ]
      ],
      "matrix_ego_from_sensor_carla": [
        [
          0.5735766887664795,
          -0.8191518187522888,
          -7.127832901687725e-08,
          1.3000068664550781
        ],
        [
          0.8191518783569336,
          0.5735765695571899,
          5.648012724179807e-09,
          0.5500030517578125
        ],
        [
          3.636204937151888e-08,
          -6.156375320642837e-08,
          1.0,
          1.7000000476837158
        ],
        [
          0.0,
          0.0,
          0.0,
          1.0
        ]
      ],
      "matrix_ego_from_sensor_bevfusion": [
        [
          -0.8191518187522888,
          7.127832901687725e-08,
          0.5735766887664795,
          1.3000068664550781
        ],
        [
          -0.5735765695571899,
          5.648012724179807e-09,
          -0.8191518783569336,
          -0.5500030517578125
        ],
        [
          -6.156375320642837e-08,
          -1.0,
          3.636204937151888e-08,
          1.7000000476837158
        ],
        [
          0.0,
          0.0,
          0.0,
          1.0
        ]
      ],
      "camera_intrinsics": [
        [
          685.5110473632812,
          0.0,
          480.0
        ],
        [
          0.0,
          685.5110473632812,
          270.0
        ],
        [
          0.0,
          0.0,
          1.0
        ]
      ],
      "data_path": "D:\\Agent-AI\\outputs\\s3a_ml_long_v2\\sample_000085\\images\\CAM_FRONT_RIGHT.png",
      "raw_layout": "bgra8"
    },
    "CAM_FRONT_LEFT": {
      "type_id": "sensor.camera.rgb",
      "blueprint_attributes": {
        "role_name": "front",
        "ros_name": "sensor.camera.rgb",
        "chromatic_aberration_offset": "0.0",
        "sensor_tick": "0.100000",
        "fstop": "1.4",
        "image_size_x": "960",
        "image_size_y": "540",
        "fov": "70.00",
        "lens_circle_falloff": "5.0",
        "lens_circle_multiplier": "0.0",
        "exposure_compensation": "0.0",
        "lens_y_size": "0.08",
        "lens_k": "-1.0",
        "exposure_mode": "histogram",
        "lens_kcube": "0.0",
        "lens_x_size": "0.08",
        "exposure_max_bright": "12.0",
        "shutter_speed": "200.0",
        "bloom_intensity": "0.675",
        "iso": "100.0",
        "enable_postprocess_effects": "false",
        "gamma": "2.2",
        "motion_blur_intensity": "0.0",
        "motion_blur_max_distortion": "0.35",
        "lens_flare_intensity": "0.1",
        "motion_blur_min_object_screen_size": "0.1",
        "exposure_min_bright": "10.0",
        "exposure_speed_up": "3.0",
        "exposure_speed_down": "1.0",
        "tint": "0.0",
        "calibration_constant": "16.0",
        "focal_distance": "1000.0",
        "min_fstop": "1.2",
        "blade_count": "5",
        "blur_amount": "0.0",
        "blur_radius": "0.0",
        "slope": "0.88",
        "toe": "0.55",
        "white_clip": "0.04",
        "shoulder": "0.26",
        "black_clip": "0.0",
        "temp": "6500.0",
        "chromatic_aberration_intensity": "0.0"
      },
      "transform_carla": {
        "location": {
          "x": 76.20619201660156,
          "y": -62.092552185058594,
          "z": 1.6946234703063965
        },
        "rotation": {
          "roll": 0.18059194087982178,
          "pitch": 0.050406794995069504,
          "yaw": 144.00047302246094
        }
      },
      "matrix_world_from_sensor_carla": [
        [
          -0.8090214729309082,
          -0.5877779722213745,
          -0.0011408854043111205,
          76.20619201660156
        ],
        [
          0.5877783894538879,
          -0.8090161681175232,
          -0.0030670752748847008,
          -62.092552185058594
        ],
        [
          0.0008797644404694438,
          -0.0031519175972789526,
          0.999994695186615,
          1.6946234703063965
        ],
        [
          0.0,
          0.0,
          0.0,
          1.0
        ]
      ],
      "matrix_world_from_sensor_bevfusion": [
        [
          -0.5877779722213745,
          0.0011408854043111205,
          -0.8090214729309082,
          76.20619201660156
        ],
        [
          0.8090161681175232,
          -0.0030670752748847008,
          -0.5877783894538879,
          62.092552185058594
        ],
        [
          -0.0031519175972789526,
          -0.999994695186615,
          0.0008797644404694438,
          1.6946234703063965
        ],
        [
          0.0,
          0.0,
          0.0,
          1.0
        ]
      ],
      "matrix_ego_from_sensor_carla": [
        [
          0.5735761523246765,
          0.8191522359848022,
          -5.137871283977802e-08,
          1.2999992370605469
        ],
        [
          -0.8191521763801575,
          0.5735762119293213,
          -3.4549572092146263e-08,
          -0.5499954223632812
        ],
        [
          9.849265847350352e-10,
          6.184451706303662e-08,
          1.0,
          1.6999998092651367
        ],
        [
          0.0,
          0.0,
          0.0,
          1.0
        ]
      ],
      "matrix_ego_from_sensor_bevfusion": [
        [
          0.8191522359848022,
          5.137871283977802e-08,
          0.5735761523246765,
          1.2999992370605469
        ],
        [
          -0.5735762119293213,
          -3.4549572092146263e-08,
          0.8191521763801575,
          0.5499954223632812
        ],
        [
          6.184451706303662e-08,
          -1.0,
          9.849265847350352e-10,
          1.6999998092651367
        ],
        [
          0.0,
          0.0,
          0.0,
          1.0
        ]
      ],
      "camera_intrinsics": [
        [
          685.5110473632812,
          0.0,
          480.0
        ],
        [
          0.0,
          685.5110473632812,
          270.0
        ],
        [
          0.0,
          0.0,
          1.0
        ]
      ],
      "data_path": "D:\\Agent-AI\\outputs\\s3a_ml_long_v2\\sample_000085\\images\\CAM_FRONT_LEFT.png",
      "raw_layout": "bgra8"
    },
    "CAM_BACK": {
      "type_id": "sensor.camera.rgb",
      "blueprint_attributes": {
        "role_name": "front",
        "ros_name": "sensor.camera.rgb",
        "chromatic_aberration_offset": "0.0",
        "sensor_tick": "0.100000",
        "fstop": "1.4",
        "image_size_x": "960",
        "image_size_y": "540",
        "fov": "70.00",
        "lens_circle_falloff": "5.0",
        "lens_circle_multiplier": "0.0",
        "exposure_compensation": "0.0",
        "lens_y_size": "0.08",
        "lens_k": "-1.0",
        "exposure_mode": "histogram",
        "lens_kcube": "0.0",
        "lens_x_size": "0.08",
        "exposure_max_bright": "12.0",
        "shutter_speed": "200.0",
        "bloom_intensity": "0.675",
        "iso": "100.0",
        "enable_postprocess_effects": "false",
        "gamma": "2.2",
        "motion_blur_intensity": "0.0",
        "motion_blur_max_distortion": "0.35",
        "lens_flare_intensity": "0.1",
        "motion_blur_min_object_screen_size": "0.1",
        "exposure_min_bright": "10.0",
        "exposure_speed_up": "3.0",
        "exposure_speed_down": "1.0",
        "tint": "0.0",
        "calibration_constant": "16.0",
        "focal_distance": "1000.0",
        "min_fstop": "1.2",
        "blade_count": "5",
        "blur_amount": "0.0",
        "blur_radius": "0.0",
        "slope": "0.88",
        "toe": "0.55",
        "white_clip": "0.04",
        "shoulder": "0.26",
        "black_clip": "0.0",
        "temp": "6500.0",
        "chromatic_aberration_intensity": "0.0"
      },
      "transform_carla": {
        "location": {
          "x": 79.07997131347656,
          "y": -61.68470001220703,
          "z": 1.6991530656814575
        },
        "rotation": {
          "roll": -0.14487624168395996,
          "pitch": 0.11902286857366562,
          "yaw": 19.000274658203125
        }
      },
      "matrix_world_from_sensor_carla": [
        [
          0.945514976978302,
          -0.32557663321495056,
          -0.0011409218423068523,
          79.07997131347656
        ],
        [
          0.32557201385498047,
          0.9455122351646423,
          -0.0030671237036585808,
          -61.68470001220703
        ],
        [
          0.0020773394498974085,
          0.002528559183701873,
          0.9999946355819702,
          1.6991530656814575
        ],
        [
          0.0,
          0.0,
          0.0,
          1.0
        ]
      ],
      "matrix_world_from_sensor_bevfusion": [
        [
          -0.32557663321495056,
          0.0011409218423068523,
          0.945514976978302,
          79.07997131347656
        ],
        [
          -0.9455122351646423,
          -0.0030671237036585808,
          -0.32557201385498047,
          61.68470001220703
        ],
        [
          0.002528559183701873,
          -0.9999946355819702,
          0.0020773394498974085,
          1.6991530656814575
        ],
        [
          0.0,
          0.0,
          0.0,
          1.0
        ]
      ],
      "matrix_ego_from_sensor_carla": [
        [
          -0.9999999403953552,
          3.4023645412162296e-07,
          -9.6347629874316e-10,
          -1.5499954223632812
        ],
        [
          -3.5577133417064033e-07,
          -0.9999999403953552,
          -4.055838997985006e-10,
          0.0
        ],
        [
          -8.99168850487797e-10,
          -5.2573245756804e-10,
          1.0,
          1.6999996900558472
        ],
        [
          0.0,
          0.0,
          0.0,
          1.0
        ]
      ],
      "matrix_ego_from_sensor_bevfusion": [
        [
          3.4023645412162296e-07,
          9.6347629874316e-10,
          -0.9999999403953552,
          -1.5499954223632812
        ],
        [
          0.9999999403953552,
          -4.055838997985006e-10,
          3.5577133417064033e-07,
          0.0
        ],
        [
          -5.2573245756804e-10,
          -1.0,
          -8.99168850487797e-10,
          1.6999996900558472
        ],
        [
          0.0,
          0.0,
          0.0,
          1.0
        ]
      ],
      "camera_intrinsics": [
        [
          685.5110473632812,
          0.0,
          480.0
        ],
        [
          0.0,
          685.5110473632812,
          270.0
        ],
        [
          0.0,
          0.0,
          1.0
        ]
      ],
      "data_path": "D:\\Agent-AI\\outputs\\s3a_ml_long_v2\\sample_000085\\images\\CAM_BACK.png",
      "raw_layout": "bgra8"
    },
    "CAM_BACK_LEFT": {
      "type_id": "sensor.camera.rgb",
      "blueprint_attributes": {
        "role_name": "front",
        "ros_name": "sensor.camera.rgb",
        "chromatic_aberration_offset": "0.0",
        "sensor_tick": "0.100000",
        "fstop": "1.4",
        "image_size_x": "960",
        "image_size_y": "540",
        "fov": "70.00",
        "lens_circle_falloff": "5.0",
        "lens_circle_multiplier": "0.0",
        "exposure_compensation": "0.0",
        "lens_y_size": "0.08",
        "lens_k": "-1.0",
        "exposure_mode": "histogram",
        "lens_kcube": "0.0",
        "lens_x_size": "0.08",
        "exposure_max_bright": "12.0",
        "shutter_speed": "200.0",
        "bloom_intensity": "0.675",
        "iso": "100.0",
        "enable_postprocess_effects": "false",
        "gamma": "2.2",
        "motion_blur_intensity": "0.0",
        "motion_blur_max_distortion": "0.35",
        "lens_flare_intensity": "0.1",
        "motion_blur_min_object_screen_size": "0.1",
        "exposure_min_bright": "10.0",
        "exposure_speed_up": "3.0",
        "exposure_speed_down": "1.0",
        "tint": "0.0",
        "calibration_constant": "16.0",
        "focal_distance": "1000.0",
        "min_fstop": "1.2",
        "blade_count": "5",
        "blur_amount": "0.0",
        "blur_radius": "0.0",
        "slope": "0.88",
        "toe": "0.55",
        "white_clip": "0.04",
        "shoulder": "0.26",
        "black_clip": "0.0",
        "temp": "6500.0",
        "chromatic_aberration_intensity": "0.0"
      },
      "transform_carla": {
        "location": {
          "x": 78.6645278930664,
          "y": -61.246063232421875,
          "z": 1.7000244855880737
        },
        "rotation": {
          "roll": 0.014396927319467068,
          "pitch": 0.18694226443767548,
          "yaw": 74.00040435791016
        }
      },
      "matrix_world_from_sensor_carla": [
        [
          0.2756291627883911,
          -0.9612632989883423,
          -0.0011408546706661582,
          78.6645278930664
        ],
        [
          0.9612584710121155,
          0.2756313681602478,
          -0.003067106008529663,
          -61.246063232421875
        ],
        [
          0.003262752201408148,
          -0.0002512724313419312,
          0.9999946355819702,
          1.7000244855880737
        ],
        [
          0.0,
          0.0,
          0.0,
          1.0
        ]
      ],
      "matrix_world_from_sensor_bevfusion": [
        [
          -0.9612632989883423,
          0.0011408546706661582,
          0.2756291627883911,
          78.6645278930664
        ],
        [
          -0.2756313681602478,
          -0.003067106008529663,
          -0.9612584710121155,
          61.246063232421875
        ],
        [
          -0.0002512724313419312,
          -0.9999946355819702,
          0.003262752201408148,
          1.7000244855880737
        ],
        [
          0.0,
          0.0,
          0.0,
          1.0
        ]
      ],
      "matrix_ego_from_sensor_carla": [
        [
          -0.5735768675804138,
          0.8191516399383545,
          -7.01141757986079e-08,
          -1.2999992370605469
        ],
        [
          -0.8191516995429993,
          -0.573576807975769,
          4.716690149564329e-09,
          -0.5499954223632812
        ],
        [
          -3.636204937151888e-08,
          6.013766551404842e-08,
          1.0,
          1.6999996900558472
        ],
        [
          0.0,
          0.0,
          0.0,
          1.0
        ]
      ],
      "matrix_ego_from_sensor_bevfusion": [
        [
          0.8191516399383545,
          7.01141757986079e-08,
          -0.5735768675804138,
          -1.2999992370605469
        ],
        [
          0.573576807975769,
          4.716690149564329e-09,
          0.8191516995429993,
          0.5499954223632812
        ],
        [
          6.013766551404842e-08,
          -1.0,
          -3.636204937151888e-08,
          1.6999996900558472
        ],
        [
          0.0,
          0.0,
          0.0,
          1.0
        ]
      ],
      "camera_intrinsics": [
        [
          685.5110473632812,
          0.0,
          480.0
        ],
        [
          0.0,
          685.5110473632812,
          270.0
        ],
        [
          0.0,
          0.0,
          1.0
        ]
      ],
      "data_path": "D:\\Agent-AI\\outputs\\s3a_ml_long_v2\\sample_000085\\images\\CAM_BACK_LEFT.png",
      "raw_layout": "bgra8"
    },
    "CAM_BACK_RIGHT": {
      "type_id": "sensor.camera.rgb",
      "blueprint_attributes": {
        "role_name": "front",
        "ros_name": "sensor.camera.rgb",
        "chromatic_aberration_offset": "0.0",
        "sensor_tick": "0.100000",
        "fstop": "1.4",
        "image_size_x": "960",
        "image_size_y": "540",
        "fov": "70.00",
        "lens_circle_falloff": "5.0",
        "lens_circle_multiplier": "0.0",
        "exposure_compensation": "0.0",
        "lens_y_size": "0.08",
        "lens_k": "-1.0",
        "exposure_mode": "histogram",
        "lens_kcube": "0.0",
        "lens_x_size": "0.08",
        "exposure_max_bright": "12.0",
        "shutter_speed": "200.0",
        "bloom_intensity": "0.675",
        "iso": "100.0",
        "enable_postprocess_effects": "false",
        "gamma": "2.2",
        "motion_blur_intensity": "0.0",
        "motion_blur_max_distortion": "0.35",
        "lens_flare_intensity": "0.1",
        "motion_blur_min_object_screen_size": "0.1",
        "exposure_min_bright": "10.0",
        "exposure_speed_up": "3.0",
        "exposure_speed_down": "1.0",
        "tint": "0.0",
        "calibration_constant": "16.0",
        "focal_distance": "1000.0",
        "min_fstop": "1.2",
        "blade_count": "5",
        "blur_amount": "0.0",
        "blur_radius": "0.0",
        "slope": "0.88",
        "toe": "0.55",
        "white_clip": "0.04",
        "shoulder": "0.26",
        "black_clip": "0.0",
        "temp": "6500.0",
        "chromatic_aberration_intensity": "0.0"
      },
      "transform_carla": {
        "location": {
          "x": 79.02266693115234,
          "y": -62.28612518310547,
          "z": 1.6972432136535645
        },
        "rotation": {
          "roll": -0.18059194087982178,
          "pitch": -0.050406794995069504,
          "yaw": -35.99951934814453
        }
      },
      "matrix_world_from_sensor_carla": [
        [
          0.8090216517448425,
          0.5877777934074402,
          -0.0011408847058191895,
          79.02266693115234
        ],
        [
          -0.5877782106399536,
          0.8090163469314575,
          -0.0030670755077153444,
          -62.28612518310547
        ],
        [
          -0.0008797644404694438,
          0.0031519175972789526,
          0.999994695186615,
          1.6972432136535645
        ],
        [
          0.0,
          0.0,
          0.0,
          1.0
        ]
      ],
      "matrix_world_from_sensor_bevfusion": [
        [
          0.5877777934074402,
          0.0011408847058191895,
          0.8090216517448425,
          79.02266693115234
        ],
        [
          -0.8090163469314575,
          -0.0030670755077153444,
          0.5877782106399536,
          62.28612518310547
        ],
        [
          0.0031519175972789526,
          -0.999994695186615,
          -0.0008797644404694438,
          1.6972432136535645
        ],
        [
          0.0,
          0.0,
          0.0,
          1.0
        ]
      ],
      "matrix_ego_from_sensor_carla": [
        [
          -0.5735763311386108,
          -0.8191521167755127,
          -5.184437412708576e-08,
          -1.2999992370605469
        ],
        [
          0.8191521167755127,
          -0.5735764503479004,
          -3.4083910804838524e-08,
          0.5499954223632812
        ],
        [
          -1.6834185156966441e-09,
          -6.231017835034436e-08,
          1.0,
          1.6999998092651367
        ],
        [
          0.0,
          0.0,
          0.0,
          1.0
        ]
      ],
      "matrix_ego_from_sensor_bevfusion": [
        [
          -0.8191521167755127,
          5.184437412708576e-08,
          -0.5735763311386108,
          -1.2999992370605469
        ],
        [
          0.5735764503479004,
          -3.4083910804838524e-08,
          -0.8191521167755127,
          -0.5499954223632812
        ],
        [
          -6.231017835034436e-08,
          -1.0,
          -1.6834185156966441e-09,
          1.6999998092651367
        ],
        [
          0.0,
          0.0,
          0.0,
          1.0
        ]
      ],
      "camera_intrinsics": [
        [
          685.5110473632812,
          0.0,
          480.0
        ],
        [
          0.0,
          685.5110473632812,
          270.0
        ],
        [
          0.0,
          0.0,
          1.0
        ]
      ],
      "data_path": "D:\\Agent-AI\\outputs\\s3a_ml_long_v2\\sample_000085\\images\\CAM_BACK_RIGHT.png",
      "raw_layout": "bgra8"
    },
    "LIDAR_TOP": {
      "type_id": "sensor.lidar.ray_cast",
      "blueprint_attributes": {
        "atmosphere_attenuation_rate": "0.004",
        "role_name": "front",
        "noise_seed": "0",
        "upper_fov": "10.0",
        "ros_name": "sensor.lidar.ray_cast",
        "sensor_tick": "0.100000",
        "channels": "32",
        "range": "120.0",
        "points_per_second": "360000",
        "lower_fov": "-30.0",
        "rotation_frequency": "10.000000",
        "horizontal_fov": "360.0",
        "dropoff_general_rate": "0.0",
        "dropoff_intensity_limit": "1.0",
        "noise_stddev": "0.0",
        "dropoff_zero_intensity": "0.0"
      },
      "transform_carla": {
        "location": {
          "x": 77.61385345458984,
          "y": -62.19087219238281,
          "z": 2.1959307193756104
        },
        "rotation": {
          "roll": 0.14487630128860474,
          "pitch": -0.11902286857366562,
          "yaw": -160.99974060058594
        }
      },
      "matrix_world_from_sensor_carla": [
        [
          -0.9455150961875916,
          0.3255763053894043,
          -0.0011409225407987833,
          77.61385345458984
        ],
        [
          -0.3255716860294342,
          -0.9455123543739319,
          -0.0030671244021505117,
          -62.19087219238281
        ],
        [
          -0.0020773394498974085,
          -0.002528560347855091,
          0.9999946355819702,
          2.1959307193756104
        ],
        [
          0.0,
          0.0,
          0.0,
          1.0
        ]
      ],
      "matrix_world_from_sensor_bevfusion": [
        [
          -0.9455150961875916,
          -0.3255763053894043,
          -0.0011409225407987833,
          77.61385345458984
        ],
        [
          0.3255716860294342,
          -0.9455123543739319,
          0.0030671244021505117,
          62.19087219238281
        ],
        [
          -0.0020773394498974085,
          0.002528560347855091,
          0.9999946355819702,
          2.1959307193756104
        ],
        [
          0.0,
          0.0,
          0.0,
          1.0
        ]
      ],
      "matrix_ego_from_sensor_carla": [
        [
          0.9999999403953552,
          2.6402373620726394e-08,
          -3.2153696372105856e-11,
          3.814697265625e-06
        ],
        [
          1.600593968476005e-08,
          1.0,
          6.007738750923863e-11,
          0.0
        ],
        [
          -3.2153696372105856e-11,
          6.007738750923863e-11,
          1.0,
          2.200000047683716
        ],
        [
          0.0,
          0.0,
          0.0,
          1.0
        ]
      ],
      "matrix_ego_from_sensor_bevfusion": [
        [
          0.9999999403953552,
          -2.6402373620726394e-08,
          -3.2153696372105856e-11,
          3.814697265625e-06
        ],
        [
          -1.600593968476005e-08,
          1.0,
          -6.007738750923863e-11,
          0.0
        ],
        [
          -3.2153696372105856e-11,
          -6.007738750923863e-11,
          1.0,
          2.200000047683716
        ],
        [
          0.0,
          0.0,
          0.0,
          1.0
        ]
      ],
      "data_path": "D:\\Agent-AI\\outputs\\s3a_ml_long_v2\\sample_000085\\lidar\\LIDAR_TOP.npy",
      "raw_layout": [
        "x",
        "y",
        "z",
        "intensity"
      ]
    },
    "RADAR_FRONT": {
      "type_id": "sensor.other.radar",
      "blueprint_attributes": {
        "sensor_tick": "0.100000",
        "role_name": "default",
        "noise_seed": "0",
        "ros_name": "sensor.other.radar",
        "horizontal_fov": "35.0",
        "points_per_second": "1500",
        "vertical_fov": "20.0",
        "range": "120.0"
      },
      "transform_carla": {
        "location": {
          "x": 75.72431182861328,
          "y": -62.8380241394043,
          "z": 0.8917831182479858
        },
        "rotation": {
          "roll": 0.14487630128860474,
          "pitch": -0.11902286857366562,
          "yaw": -160.99974060058594
        }
      },
      "matrix_world_from_sensor_carla": [
        [
          -0.9455150961875916,
          0.3255763053894043,
          -0.0011409225407987833,
          75.72431182861328
        ],
        [
          -0.3255716860294342,
          -0.9455123543739319,
          -0.0030671244021505117,
          -62.8380241394043
        ],
        [
          -0.0020773394498974085,
          -0.002528560347855091,
          0.9999946355819702,
          0.8917831182479858
        ],
        [
          0.0,
          0.0,
          0.0,
          1.0
        ]
      ],
      "matrix_world_from_sensor_bevfusion": [
        [
          -0.9455150961875916,
          -0.3255763053894043,
          -0.0011409225407987833,
          75.72431182861328
        ],
        [
          0.3255716860294342,
          -0.9455123543739319,
          0.0030671244021505117,
          62.8380241394043
        ],
        [
          -0.0020773394498974085,
          0.002528560347855091,
          0.9999946355819702,
          0.8917831182479858
        ],
        [
          0.0,
          0.0,
          0.0,
          1.0
        ]
      ],
      "matrix_ego_from_sensor_carla": [
        [
          0.9999999403953552,
          2.6402373620726394e-08,
          -3.2153696372105856e-11,
          2.0
        ],
        [
          1.600593968476005e-08,
          1.0,
          6.007738750923863e-11,
          0.0
        ],
        [
          -3.2153696372105856e-11,
          6.007738750923863e-11,
          1.0,
          0.9000000357627869
        ],
        [
          0.0,
          0.0,
          0.0,
          1.0
        ]
      ],
      "matrix_ego_from_sensor_bevfusion": [
        [
          0.9999999403953552,
          -2.6402373620726394e-08,
          -3.2153696372105856e-11,
          2.0
        ],
        [
          -1.600593968476005e-08,
          1.0,
          -6.007738750923863e-11,
          0.0
        ],
        [
          -3.2153696372105856e-11,
          -6.007738750923863e-11,
          1.0,
          0.9000000357627869
        ],
        [
          0.0,
          0.0,
          0.0,
          1.0
        ]
      ],
      "data_path": "D:\\Agent-AI\\outputs\\s3a_ml_long_v2\\sample_000085\\radar\\RADAR_FRONT.npy",
      "raw_layout": [
        "velocity",
        "altitude",
        "azimuth",
        "depth"
      ]
    },
    "RADAR_FRONT_LEFT": {
      "type_id": "sensor.other.radar",
      "blueprint_attributes": {
        "sensor_tick": "0.100000",
        "role_name": "default",
        "noise_seed": "0",
        "ros_name": "sensor.other.radar",
        "horizontal_fov": "35.0",
        "points_per_second": "1500",
        "vertical_fov": "20.0",
        "range": "120.0"
      },
      "transform_carla": {
        "location": {
          "x": 75.8110580444336,
          "y": -62.01494598388672,
          "z": 0.8944067358970642
        },
        "rotation": {
          "roll": 0.18660177290439606,
          "pitch": 0.01827758550643921,
          "yaw": 154.0004425048828
        }
      },
      "matrix_world_from_sensor_carla": [
        [
          -0.898797333240509,
          -0.43836286664009094,
          -0.0011409503640607,
          75.8110580444336
        ],
        [
          0.4383642375469208,
          -0.8987921476364136,
          -0.0030670510604977608,
          -62.01494598388672
        ],
        [
          0.00031900402973406017,
          -0.003256809199228883,
          0.9999946355819702,
          0.8944067358970642
        ],
        [
          0.0,
          0.0,
          0.0,
          1.0
        ]
      ],
      "matrix_world_from_sensor_bevfusion": [
        [
          -0.898797333240509,
          0.43836286664009094,
          -0.0011409503640607,
          75.8110580444336
        ],
        [
          -0.4383642375469208,
          -0.8987921476364136,
          0.0030670510604977608,
          62.01494598388672
        ],
        [
          0.00031900402973406017,
          0.003256809199228883,
          0.9999946355819702,
          0.8944067358970642
        ],
        [
          0.0,
          0.0,
          0.0,
          1.0
        ]
      ],
      "matrix_ego_from_sensor_carla": [
        [
          0.7071067690849304,
          0.7071067690849304,
          2.528983467087187e-09,
          1.6500015258789062
        ],
        [
          -0.7071067690849304,
          0.7071067690849304,
          -7.840385052304555e-08,
          -0.7499923706054688
        ],
        [
          -5.732869112762273e-08,
          5.3792465593005545e-08,
          1.0,
          0.9000001549720764
        ],
        [
          0.0,
          0.0,
          0.0,
          1.0
        ]
      ],
      "matrix_ego_from_sensor_bevfusion": [
        [
          0.7071067690849304,
          -0.7071067690849304,
          2.528983467087187e-09,
          1.6500015258789062
        ],
        [
          0.7071067690849304,
          0.7071067690849304,
          7.840385052304555e-08,
          0.7499923706054688
        ],
        [
          -5.732869112762273e-08,
          -5.3792465593005545e-08,
          1.0,
          0.9000001549720764
        ],
        [
          0.0,
          0.0,
          0.0,
          1.0
        ]
      ],
      "data_path": "D:\\Agent-AI\\outputs\\s3a_ml_long_v2\\sample_000085\\radar\\RADAR_FRONT_LEFT.npy",
      "raw_layout": [
        "velocity",
        "altitude",
        "azimuth",
        "depth"
      ]
    },
    "RADAR_FRONT_RIGHT": {
      "type_id": "sensor.other.radar",
      "blueprint_attributes": {
        "sensor_tick": "0.100000",
        "role_name": "default",
        "noise_seed": "0",
        "ros_name": "sensor.other.radar",
