{
  "schema_version": "stage1.v1",
  "sample_name": "sample_000082",
  "sequence_index": 82,
  "previous_sample_name": "sample_000081",
  "frame_id": 60083,
  "timestamp": 443.2197008728981,
  "platform_timestamp": 16814599.4394485,
  "delta_seconds": 0.10000000149011612,
  "town": "Carla/Maps/Town10HD_Opt",
  "weather": {
    "cloudiness": 20.0,
    "dust_storm": 0.0,
    "fog_density": 2.0,
    "fog_distance": 0.75,
    "fog_falloff": 0.10000000149011612,
    "mie_scattering_scale": 0.029999999329447746,
    "precipitation": 0.0,
    "precipitation_deposits": 0.0,
    "rayleigh_scattering_scale": 0.03310000151395798,
    "scattering_intensity": 1.0,
    "sun_altitude_angle": 45.0,
    "sun_azimuth_angle": 300.0,
    "wetness": 0.0,
    "wind_intensity": 10.0
  },
  "sensor_names": [
    "CAM_FRONT",
    "CAM_FRONT_RIGHT",
    "CAM_FRONT_LEFT",
    "CAM_BACK",
    "CAM_BACK_LEFT",
    "CAM_BACK_RIGHT",
    "LIDAR_TOP",
    "RADAR_FRONT",
    "RADAR_FRONT_LEFT",
    "RADAR_FRONT_RIGHT",
    "RADAR_BACK_LEFT",
    "RADAR_BACK_RIGHT"
  ],
  "camera_order_for_model": [
    "CAM_FRONT",
    "CAM_FRONT_RIGHT",
    "CAM_FRONT_LEFT",
    "CAM_BACK",
    "CAM_BACK_LEFT",
    "CAM_BACK_RIGHT"
  ],
  "radar_order_for_model": [
    "RADAR_FRONT",
    "RADAR_FRONT_LEFT",
    "RADAR_FRONT_RIGHT",
    "RADAR_BACK_LEFT",
    "RADAR_BACK_RIGHT"
  ],
  "coordinate_notes": {
    "carla_world": "left-handed x-forward y-right z-up",
    "bevfusion_lidar": "x-forward y-left z-up",
    "camera_frame_for_model": "OpenCV style x-right y-down z-forward"
  },
  "ego": {
    "actor_id": 28,
    "transform_carla": {
      "location": {
        "x": 78.44661712646484,
        "y": -61.912811279296875,
        "z": -0.004211387597024441
      },
      "rotation": {
        "roll": 0.04675068333745003,
        "pitch": -0.0780007541179657,
        "yaw": -159.97059631347656
      }
    },
    "velocity_carla": [
      -2.8278186321258545,
      -0.9503445029258728,
      1.1348723774062819e-06
    ],
    "angular_velocity_carla": [
      0.1611873209476471,
      -0.8351449966430664,
      -2.9247889518737793
    ],
    "matrix_world_from_ego_carla": [
      [
        -0.9395160675048828,
        0.34250321984291077,
        -0.0009995633736252785,
        78.44661712646484
      ],
      [
        -0.3425019681453705,
        -0.9395162463188171,
        -0.0012328738812357187,
        -61.912811279296875
      ],
      [
        -0.0013613695045933127,
        -0.0008159524877555668,
        0.9999986886978149,
        -0.004211387597024441
      ],
      [
        0.0,
        0.0,
        0.0,
        1.0
      ]
    ],
    "matrix_world_from_ego_bevfusion": [
      [
        -0.9395160675048828,
        -0.34250321984291077,
        -0.0009995633736252785,
        78.44661712646484
      ],
      [
        0.3425019681453705,
        -0.9395162463188171,
        0.0012328738812357187,
        61.912811279296875
      ],
      [
        -0.0013613695045933127,
        0.0008159524877555668,
        0.9999986886978149,
        -0.004211387597024441
      ],
      [
        0.0,
        0.0,
        0.0,
        1.0
      ]
    ]
  },
  "sensors": {
    "CAM_FRONT": {
      "type_id": "sensor.camera.rgb",
      "blueprint_attributes": {
        "role_name": "front",
        "ros_name": "sensor.camera.rgb",
        "chromatic_aberration_offset": "0.0",
        "sensor_tick": "0.100000",
        "fstop": "1.4",
        "image_size_x": "960",
        "image_size_y": "540",
        "fov": "70.00",
        "lens_circle_falloff": "5.0",
        "lens_circle_multiplier": "0.0",
        "exposure_compensation": "0.0",
        "lens_y_size": "0.08",
        "lens_k": "-1.0",
        "exposure_mode": "histogram",
        "lens_kcube": "0.0",
        "lens_x_size": "0.08",
        "exposure_max_bright": "12.0",
        "shutter_speed": "200.0",
        "bloom_intensity": "0.675",
        "iso": "100.0",
        "enable_postprocess_effects": "false",
        "gamma": "2.2",
        "motion_blur_intensity": "0.0",
        "motion_blur_max_distortion": "0.35",
        "lens_flare_intensity": "0.1",
        "motion_blur_min_object_screen_size": "0.1",
        "exposure_min_bright": "10.0",
        "exposure_speed_up": "3.0",
        "exposure_speed_down": "1.0",
        "tint": "0.0",
        "calibration_constant": "16.0",
        "focal_distance": "1000.0",
        "min_fstop": "1.2",
        "blade_count": "5",
        "blur_amount": "0.0",
        "blur_radius": "0.0",
        "slope": "0.88",
        "toe": "0.55",
        "white_clip": "0.04",
        "shoulder": "0.26",
        "black_clip": "0.0",
        "temp": "6500.0",
        "chromatic_aberration_intensity": "0.0"
      },
      "transform_carla": {
        "location": {
          "x": 76.98866271972656,
          "y": -62.44578552246094,
          "z": 1.6936761140823364
        },
        "rotation": {
          "roll": 0.04675068333745003,
          "pitch": -0.0780007541179657,
          "yaw": -159.97059631347656
        }
      },
      "matrix_world_from_sensor_carla": [
        [
          -0.9395160675048828,
          0.34250321984291077,
          -0.0009995633736252785,
          76.98866271972656
        ],
        [
          -0.3425019681453705,
          -0.9395162463188171,
          -0.0012328738812357187,
          -62.44578552246094
        ],
        [
          -0.0013613695045933127,
          -0.0008159524877555668,
          0.9999986886978149,
          1.6936761140823364
        ],
        [
          0.0,
          0.0,
          0.0,
          1.0
        ]
      ],
      "matrix_world_from_sensor_bevfusion": [
        [
          0.34250321984291077,
          0.0009995633736252785,
          -0.9395160675048828,
          76.98866271972656
        ],
        [
          0.9395162463188171,
          -0.0012328738812357187,
          0.3425019681453705,
          62.44578552246094
        ],
        [
          -0.0008159524877555668,
          -0.9999986886978149,
          -0.0013613695045933127,
          1.6936761140823364
        ],
        [
          0.0,
          0.0,
          0.0,
          1.0
        ]
      ],
      "matrix_ego_from_sensor_carla": [
        [
          1.0,
          -2.5246661650157876e-08,
          3.893697864132406e-11,
          1.5500068664550781
        ],
        [
          1.73854139973173e-08,
          1.0,
          2.2222459983289866e-11,
          0.0
        ],
        [
          -6.9355909904089685e-12,
          -1.683907180360933e-11,
          1.0,
          1.6999999284744263
        ],
        [
          0.0,
          0.0,
          0.0,
          1.0
        ]
      ],
      "matrix_ego_from_sensor_bevfusion": [
        [
          -2.5246661650157876e-08,
          -3.893697864132406e-11,
          1.0,
          1.5500068664550781
        ],
        [
          -1.0,
          2.2222459983289866e-11,
          -1.73854139973173e-08,
          0.0
        ],
        [
          -1.683907180360933e-11,
          -1.0,
          -6.9355909904089685e-12,
          1.6999999284744263
        ],
        [
          0.0,
          0.0,
          0.0,
          1.0
        ]
      ],
      "camera_intrinsics": [
        [
          685.5110473632812,
          0.0,
          480.0
        ],
        [
          0.0,
          685.5110473632812,
          270.0
        ],
        [
          0.0,
          0.0,
          1.0
        ]
      ],
      "data_path": "D:\\Agent-AI\\outputs\\s3a_ml_long_v2\\sample_000082\\images\\CAM_FRONT.png",
      "raw_layout": "bgra8"
    },
    "CAM_FRONT_RIGHT": {
      "type_id": "sensor.camera.rgb",
      "blueprint_attributes": {
        "role_name": "front",
        "ros_name": "sensor.camera.rgb",
        "chromatic_aberration_offset": "0.0",
        "sensor_tick": "0.100000",
        "fstop": "1.4",
        "image_size_x": "960",
        "image_size_y": "540",
        "fov": "70.00",
        "lens_circle_falloff": "5.0",
        "lens_circle_multiplier": "0.0",
        "exposure_compensation": "0.0",
        "lens_y_size": "0.08",
        "lens_k": "-1.0",
        "exposure_mode": "histogram",
        "lens_kcube": "0.0",
        "lens_x_size": "0.08",
        "exposure_max_bright": "12.0",
        "shutter_speed": "200.0",
        "bloom_intensity": "0.675",
        "iso": "100.0",
        "enable_postprocess_effects": "false",
        "gamma": "2.2",
        "motion_blur_intensity": "0.0",
        "motion_blur_max_distortion": "0.35",
        "lens_flare_intensity": "0.1",
        "motion_blur_min_object_screen_size": "0.1",
        "exposure_min_bright": "10.0",
        "exposure_speed_up": "3.0",
        "exposure_speed_down": "1.0",
        "tint": "0.0",
        "calibration_constant": "16.0",
        "focal_distance": "1000.0",
        "min_fstop": "1.2",
        "blade_count": "5",
        "blur_amount": "0.0",
        "blur_radius": "0.0",
        "slope": "0.88",
        "toe": "0.55",
        "white_clip": "0.04",
        "shoulder": "0.26",
        "black_clip": "0.0",
        "temp": "6500.0",
        "chromatic_aberration_intensity": "0.0"
      },
      "transform_carla": {
        "location": {
          "x": 77.41191864013672,
          "y": -62.87689208984375,
          "z": 1.6935677528381348
        },
        "rotation": {
          "roll": -0.037081196904182434,
          "pitch": -0.08303460478782654,
          "yaw": -104.97056579589844
        }
      },
      "matrix_world_from_sensor_carla": [
        [
          -0.2583225667476654,
          0.9660581946372986,
          -0.0009995907312259078,
          77.41191864013672
        ],
        [
          -0.9660576581954956,
          -0.25832366943359375,
          -0.0012328539742156863,
          -62.87689208984375
        ],
        [
          -0.0014492267509922385,
          0.0006471882225014269,
          0.9999986886978149,
          1.6935677528381348
        ],
        [
          0.0,
          0.0,
          0.0,
          1.0
        ]
      ],
      "matrix_world_from_sensor_bevfusion": [
        [
          0.9660581946372986,
          0.0009995907312259078,
          -0.2583225667476654,
          77.41191864013672
        ],
        [
          0.25832366943359375,
          -0.0012328539742156863,
          0.9660576581954956,
          62.87689208984375
        ],
        [
          0.0006471882225014269,
          -0.9999986886978149,
          -0.0014492267509922385,
          1.6935677528381348
        ],
        [
          0.0,
          0.0,
          0.0,
          1.0
        ]
      ],
      "matrix_ego_from_sensor_carla": [
        [
          0.5735768675804138,
          -0.8191518187522888,
          1.8898219877883093e-08,
          1.3000030517578125
        ],
        [
          0.8191518783569336,
          0.5735768675804138,
          -2.809207799714386e-08,
          0.5499954223632812
        ],
        [
          1.2321407005799756e-08,
          3.135912152174569e-08,
          1.0,
          1.6999999284744263
        ],
        [
          0.0,
          0.0,
          0.0,
          1.0
        ]
      ],
      "matrix_ego_from_sensor_bevfusion": [
        [
          -0.8191518187522888,
          -1.8898219877883093e-08,
          0.5735768675804138,
          1.3000030517578125
        ],
        [
          -0.5735768675804138,
          -2.809207799714386e-08,
          -0.8191518783569336,
          -0.5499954223632812
        ],
        [
          3.135912152174569e-08,
          -1.0,
          1.2321407005799756e-08,
          1.6999999284744263
        ],
        [
          0.0,
          0.0,
          0.0,
          1.0
        ]
      ],
      "camera_intrinsics": [
        [
          685.5110473632812,
          0.0,
          480.0
        ],
        [
          0.0,
          685.5110473632812,
          270.0
        ],
        [
          0.0,
          0.0,
          1.0
        ]
      ],
      "data_path": "D:\\Agent-AI\\outputs\\s3a_ml_long_v2\\sample_000082\\images\\CAM_FRONT_RIGHT.png",
      "raw_layout": "bgra8"
    },
    "CAM_FRONT_LEFT": {
      "type_id": "sensor.camera.rgb",
      "blueprint_attributes": {
        "role_name": "front",
        "ros_name": "sensor.camera.rgb",
        "chromatic_aberration_offset": "0.0",
        "sensor_tick": "0.100000",
        "fstop": "1.4",
        "image_size_x": "960",
        "image_size_y": "540",
        "fov": "70.00",
        "lens_circle_falloff": "5.0",
        "lens_circle_multiplier": "0.0",
        "exposure_compensation": "0.0",
        "lens_y_size": "0.08",
        "lens_k": "-1.0",
        "exposure_mode": "histogram",
        "lens_kcube": "0.0",
        "lens_x_size": "0.08",
        "exposure_max_bright": "12.0",
        "shutter_speed": "200.0",
        "bloom_intensity": "0.675",
        "iso": "100.0",
        "enable_postprocess_effects": "false",
        "gamma": "2.2",
        "motion_blur_intensity": "0.0",
        "motion_blur_max_distortion": "0.35",
        "lens_flare_intensity": "0.1",
        "motion_blur_min_object_screen_size": "0.1",
        "exposure_min_bright": "10.0",
        "exposure_speed_up": "3.0",
        "exposure_speed_down": "1.0",
        "tint": "0.0",
        "calibration_constant": "16.0",
        "focal_distance": "1000.0",
        "min_fstop": "1.2",
        "blade_count": "5",
        "blur_amount": "0.0",
        "blur_radius": "0.0",
        "slope": "0.88",
        "toe": "0.55",
        "white_clip": "0.04",
        "shoulder": "0.26",
        "black_clip": "0.0",
        "temp": "6500.0",
        "chromatic_aberration_intensity": "0.0"
      },
      "transform_carla": {
        "location": {
          "x": 77.03517150878906,
          "y": -61.84342575073242,
          "z": 1.6944652795791626
        },
        "rotation": {
          "roll": 0.0907113254070282,
          "pitch": -0.0064408681355416775,
          "yaw": 145.0294189453125
        }
      },
      "matrix_world_from_sensor_carla": [
        [
          -0.8194465041160583,
          -0.573154866695404,
          -0.000999543583020568,
          77.03517150878906
        ],
        [
          0.5731557011604309,
          -0.8194456100463867,
          -0.001232925453223288,
          -61.84342575073242
        ],
        [
          -0.0001124143527704291,
          -0.0015832105418667197,
          0.9999987483024597,
          1.6944652795791626
        ],
        [
          0.0,
          0.0,
          0.0,
          1.0
        ]
      ],
      "matrix_world_from_sensor_bevfusion": [
        [
          -0.573154866695404,
          0.000999543583020568,
          -0.8194465041160583,
          77.03517150878906
        ],
        [
          0.8194456100463867,
          -0.001232925453223288,
          -0.5731557011604309,
          61.84342575073242
        ],
        [
          -0.0015832105418667197,
          -0.9999987483024597,
          -0.0001124143527704291,
          1.6944652795791626
        ],
        [
          0.0,
          0.0,
          0.0,
          1.0
        ]
      ],
      "matrix_ego_from_sensor_carla": [
        [
          0.5735765099525452,
          0.8191521763801575,
          -9.735295902757457e-10,
          1.2999916076660156
        ],
        [
          -0.8191521167755127,
          0.5735764503479004,
          5.5212659333392367e-08,
          -0.5499954223632812
        ],
        [
          4.5841574092264636e-08,
          -3.059254183312987e-08,
          1.0000001192092896,
          1.6999999284744263
        ],
        [
          0.0,
          0.0,
          0.0,
          1.0
        ]
      ],
      "matrix_ego_from_sensor_bevfusion": [
        [
          0.8191521763801575,
          9.735295902757457e-10,
          0.5735765099525452,
          1.2999916076660156
        ],
        [
          -0.5735764503479004,
          5.5212659333392367e-08,
          0.8191521167755127,
          0.5499954223632812
        ],
        [
          -3.059254183312987e-08,
          -1.0000001192092896,
          4.5841574092264636e-08,
          1.6999999284744263
        ],
        [
          0.0,
          0.0,
          0.0,
          1.0
        ]
      ],
      "camera_intrinsics": [
        [
          685.5110473632812,
          0.0,
          480.0
        ],
        [
          0.0,
          685.5110473632812,
          270.0
        ],
        [
          0.0,
          0.0,
          1.0
        ]
      ],
      "data_path": "D:\\Agent-AI\\outputs\\s3a_ml_long_v2\\sample_000082\\images\\CAM_FRONT_LEFT.png",
      "raw_layout": "bgra8"
    },
    "CAM_BACK": {
      "type_id": "sensor.camera.rgb",
      "blueprint_attributes": {
        "role_name": "front",
        "ros_name": "sensor.camera.rgb",
        "chromatic_aberration_offset": "0.0",
        "sensor_tick": "0.100000",
        "fstop": "1.4",
        "image_size_x": "960",
        "image_size_y": "540",
        "fov": "70.00",
        "lens_circle_falloff": "5.0",
        "lens_circle_multiplier": "0.0",
        "exposure_compensation": "0.0",
        "lens_y_size": "0.08",
        "lens_k": "-1.0",
        "exposure_mode": "histogram",
        "lens_kcube": "0.0",
        "lens_x_size": "0.08",
        "exposure_max_bright": "12.0",
        "shutter_speed": "200.0",
        "bloom_intensity": "0.675",
        "iso": "100.0",
        "enable_postprocess_effects": "false",
        "gamma": "2.2",
        "motion_blur_intensity": "0.0",
        "motion_blur_max_distortion": "0.35",
        "lens_flare_intensity": "0.1",
        "motion_blur_min_object_screen_size": "0.1",
        "exposure_min_bright": "10.0",
        "exposure_speed_up": "3.0",
        "exposure_speed_down": "1.0",
        "tint": "0.0",
        "calibration_constant": "16.0",
        "focal_distance": "1000.0",
        "min_fstop": "1.2",
        "blade_count": "5",
        "blur_amount": "0.0",
        "blur_radius": "0.0",
        "slope": "0.88",
        "toe": "0.55",
        "white_clip": "0.04",
        "shoulder": "0.26",
        "black_clip": "0.0",
        "temp": "6500.0",
        "chromatic_aberration_intensity": "0.0"
      },
      "transform_carla": {
        "location": {
          "x": 79.90116882324219,
          "y": -61.38402557373047,
          "z": 1.6978967189788818
        },
        "rotation": {
          "roll": -0.04675064608454704,
          "pitch": 0.0780007541179657,
          "yaw": 20.029415130615234
        }
      },
      "matrix_world_from_sensor_carla": [
        [
          0.939516007900238,
          -0.34250345826148987,
          -0.0009995633736252785,
          79.90116882324219
        ],
        [
          0.3425022065639496,
          0.9395161867141724,
          -0.0012328735319897532,
          -61.38402557373047
        ],
        [
          0.0013613695045933127,
          0.0008159518474712968,
          0.9999986886978149,
          1.6978967189788818
        ],
        [
          0.0,
          0.0,
          0.0,
          1.0
        ]
      ],
      "matrix_world_from_sensor_bevfusion": [
        [
          -0.34250345826148987,
          0.0009995633736252785,
          0.939516007900238,
          79.90116882324219
        ],
        [
          -0.9395161867141724,
          -0.0012328735319897532,
          -0.3425022065639496,
          61.38402557373047
        ],
        [
          0.0008159518474712968,
          -0.9999986886978149,
          0.0013613695045933127,
          1.6978967189788818
        ],
        [
          0.0,
          0.0,
          0.0,
          1.0
        ]
      ],
      "matrix_ego_from_sensor_carla": [
        [
          -1.0,
          2.5427854666304484e-07,
          -7.747834318561075e-11,
          -1.5500068664550781
        ],
        [
          -2.413835602510517e-07,
          -1.0000001192092896,
          -3.270235193753024e-10,
          -7.62939453125e-06
        ],
        [
          -2.2589505266346066e-10,
          -3.324061303988657e-10,
          1.0,
          1.700000286102295
        ],
        [
          0.0,
          0.0,
          0.0,
          1.0
        ]
      ],
      "matrix_ego_from_sensor_bevfusion": [
        [
          2.5427854666304484e-07,
          7.747834318561075e-11,
          -1.0,
          -1.5500068664550781
        ],
        [
          1.0000001192092896,
          -3.270235193753024e-10,
          2.413835602510517e-07,
          7.62939453125e-06
        ],
        [
          -3.324061303988657e-10,
          -1.0,
          -2.2589505266346066e-10,
          1.700000286102295
        ],
        [
          0.0,
          0.0,
          0.0,
          1.0
        ]
      ],
      "camera_intrinsics": [
        [
          685.5110473632812,
          0.0,
          480.0
        ],
        [
          0.0,
          685.5110473632812,
          270.0
        ],
        [
          0.0,
          0.0,
          1.0
        ]
      ],
      "data_path": "D:\\Agent-AI\\outputs\\s3a_ml_long_v2\\sample_000082\\images\\CAM_BACK.png",
      "raw_layout": "bgra8"
    },
    "CAM_BACK_LEFT": {
      "type_id": "sensor.camera.rgb",
      "blueprint_attributes": {
        "role_name": "front",
        "ros_name": "sensor.camera.rgb",
        "chromatic_aberration_offset": "0.0",
        "sensor_tick": "0.100000",
        "fstop": "1.4",
        "image_size_x": "960",
        "image_size_y": "540",
        "fov": "70.00",
        "lens_circle_falloff": "5.0",
        "lens_circle_multiplier": "0.0",
        "exposure_compensation": "0.0",
        "lens_y_size": "0.08",
        "lens_k": "-1.0",
        "exposure_mode": "histogram",
        "lens_kcube": "0.0",
        "lens_x_size": "0.08",
        "exposure_max_bright": "12.0",
        "shutter_speed": "200.0",
        "bloom_intensity": "0.675",
        "iso": "100.0",
        "enable_postprocess_effects": "false",
        "gamma": "2.2",
        "motion_blur_intensity": "0.0",
        "motion_blur_max_distortion": "0.35",
        "lens_flare_intensity": "0.1",
        "motion_blur_min_object_screen_size": "0.1",
        "exposure_min_bright": "10.0",
        "exposure_speed_up": "3.0",
        "exposure_speed_down": "1.0",
        "tint": "0.0",
        "calibration_constant": "16.0",
        "focal_distance": "1000.0",
        "min_fstop": "1.2",
        "blade_count": "5",
        "blur_amount": "0.0",
        "blur_radius": "0.0",
        "slope": "0.88",
        "toe": "0.55",
        "white_clip": "0.04",
        "shoulder": "0.26",
        "black_clip": "0.0",
        "temp": "6500.0",
        "chromatic_aberration_intensity": "0.0"
      },
      "transform_carla": {
        "location": {
          "x": 79.4779052734375,
          "y": -60.952919006347656,
          "z": 1.6980050802230835
        },
        "rotation": {
          "roll": 0.03708120435476303,
          "pitch": 0.08303460478782654,
          "yaw": 75.02942657470703
        }
      },
      "matrix_world_from_sensor_carla": [
        [
          0.25832271575927734,
          -0.9660581350326538,
          -0.0009995910804718733,
          79.4779052734375
        ],
        [
          0.9660575985908508,
          0.2583238184452057,
          -0.0012328538578003645,
          -60.952919006347656
        ],
        [
          0.0014492267509922385,
          -0.0006471883389167488,
          0.9999986886978149,
          1.6980050802230835
        ],
        [
          0.0,
          0.0,
          0.0,
          1.0
        ]
      ],
      "matrix_world_from_sensor_bevfusion": [
        [
          -0.9660581350326538,
          0.0009995910804718733,
          0.25832271575927734,
          79.4779052734375
        ],
        [
          -0.2583238184452057,
          -0.0012328538578003645,
          -0.9660575985908508,
          60.952919006347656
        ],
        [
          -0.0006471883389167488,
          -0.9999986886978149,
          0.0014492267509922385,
          1.6980050802230835
        ],
        [
          0.0,
          0.0,
          0.0,
          1.0
        ]
      ],
      "matrix_ego_from_sensor_carla": [
        [
          -0.5735769867897034,
          0.819151759147644,
          1.9247465843363898e-08,
          -1.2999954223632812
        ],
        [
          -0.819151759147644,
          -0.5735769867897034,
          -2.832490864079773e-08,
          -0.5500030517578125
        ],
        [
          -1.243782232762669e-08,
          -3.1766575148139964e-08,
          1.0,
          1.7000001668930054
        ],
        [
          0.0,
          0.0,
          0.0,
          1.0
        ]
      ],
      "matrix_ego_from_sensor_bevfusion": [
        [
          0.819151759147644,
          -1.9247465843363898e-08,
          -0.5735769867897034,
          -1.2999954223632812
        ],
        [
          0.5735769867897034,
          -2.832490864079773e-08,
          0.819151759147644,
          0.5500030517578125
        ],
        [
          -3.1766575148139964e-08,
          -1.0,
          -1.243782232762669e-08,
          1.7000001668930054
        ],
        [
          0.0,
          0.0,
          0.0,
          1.0
        ]
      ],
      "camera_intrinsics": [
        [
          685.5110473632812,
          0.0,
          480.0
        ],
        [
          0.0,
          685.5110473632812,
          270.0
        ],
        [
          0.0,
          0.0,
          1.0
        ]
      ],
      "data_path": "D:\\Agent-AI\\outputs\\s3a_ml_long_v2\\sample_000082\\images\\CAM_BACK_LEFT.png",
      "raw_layout": "bgra8"
    },
    "CAM_BACK_RIGHT": {
      "type_id": "sensor.camera.rgb",
      "blueprint_attributes": {
        "role_name": "front",
        "ros_name": "sensor.camera.rgb",
        "chromatic_aberration_offset": "0.0",
        "sensor_tick": "0.100000",
        "fstop": "1.4",
        "image_size_x": "960",
        "image_size_y": "540",
        "fov": "70.00",
        "lens_circle_falloff": "5.0",
        "lens_circle_multiplier": "0.0",
        "exposure_compensation": "0.0",
        "lens_y_size": "0.08",
        "lens_k": "-1.0",
        "exposure_mode": "histogram",
        "lens_kcube": "0.0",
        "lens_x_size": "0.08",
        "exposure_max_bright": "12.0",
        "shutter_speed": "200.0",
        "bloom_intensity": "0.675",
        "iso": "100.0",
        "enable_postprocess_effects": "false",
        "gamma": "2.2",
        "motion_blur_intensity": "0.0",
        "motion_blur_max_distortion": "0.35",
        "lens_flare_intensity": "0.1",
        "motion_blur_min_object_screen_size": "0.1",
        "exposure_min_bright": "10.0",
        "exposure_speed_up": "3.0",
        "exposure_speed_down": "1.0",
        "tint": "0.0",
        "calibration_constant": "16.0",
        "focal_distance": "1000.0",
        "min_fstop": "1.2",
        "blade_count": "5",
        "blur_amount": "0.0",
        "blur_radius": "0.0",
        "slope": "0.88",
        "toe": "0.55",
        "white_clip": "0.04",
        "shoulder": "0.26",
        "black_clip": "0.0",
        "temp": "6500.0",
        "chromatic_aberration_intensity": "0.0"
      },
      "transform_carla": {
        "location": {
          "x": 79.85466003417969,
          "y": -61.98638916015625,
          "z": 1.6971075534820557
        },
        "rotation": {
          "roll": -0.0907113254070282,
          "pitch": 0.0064408681355416775,
          "yaw": -34.97058868408203
        }
      },
      "matrix_world_from_sensor_carla": [
        [
          0.8194463849067688,
          0.5731550455093384,
          -0.0009995438158512115,
          79.85466003417969
        ],
        [
          -0.5731558799743652,
          0.8194454908370972,
          -0.0012329253368079662,
          -61.98638916015625
        ],
        [
          0.0001124143527704291,
          0.0015832105418667197,
          0.9999987483024597,
          1.6971075534820557
        ],
        [
          0.0,
          0.0,
          0.0,
          1.0
        ]
      ],
      "matrix_world_from_sensor_bevfusion": [
        [
          0.5731550455093384,
          0.0009995438158512115,
          0.8194463849067688,
          79.85466003417969
        ],
        [
          -0.8194454908370972,
          -0.0012329253368079662,
          0.5731558799743652,
          61.98638916015625
        ],
        [
          0.0015832105418667197,
          -0.9999987483024597,
          0.0001124143527704291,
          1.6971075534820557
        ],
        [
          0.0,
          0.0,
          0.0,
          1.0
        ]
      ],
      "matrix_ego_from_sensor_carla": [
        [
          -0.5735762715339661,
          -0.819152295589447,
          -8.571142129376597e-10,
          -1.2999954223632812
        ],
        [
          0.8191522359848022,
          -0.5735762715339661,
          5.49798286897385e-08,
          0.5499954223632812
        ],
        [
          -4.55068800420122e-08,
          3.059254183312987e-08,
          1.0000001192092896,
          1.7000001668930054
        ],
        [
          0.0,
          0.0,
          0.0,
          1.0
        ]
      ],
      "matrix_ego_from_sensor_bevfusion": [
        [
          -0.819152295589447,
          8.571142129376597e-10,
          -0.5735762715339661,
          -1.2999954223632812
        ],
        [
          0.5735762715339661,
          5.49798286897385e-08,
          -0.8191522359848022,
          -0.5499954223632812
        ],
        [
          3.059254183312987e-08,
          -1.0000001192092896,
          -4.55068800420122e-08,
          1.7000001668930054
        ],
        [
          0.0,
          0.0,
          0.0,
          1.0
        ]
      ],
      "camera_intrinsics": [
        [
          685.5110473632812,
          0.0,
          480.0
        ],
        [
          0.0,
          685.5110473632812,
          270.0
        ],
        [
          0.0,
          0.0,
          1.0
        ]
      ],
      "data_path": "D:\\Agent-AI\\outputs\\s3a_ml_long_v2\\sample_000082\\images\\CAM_BACK_RIGHT.png",
      "raw_layout": "bgra8"
    },
    "LIDAR_TOP": {
      "type_id": "sensor.lidar.ray_cast",
      "blueprint_attributes": {
        "atmosphere_attenuation_rate": "0.004",
        "role_name": "front",
        "noise_seed": "0",
        "upper_fov": "10.0",
        "ros_name": "sensor.lidar.ray_cast",
        "sensor_tick": "0.100000",
        "channels": "32",
        "range": "120.0",
        "points_per_second": "360000",
        "lower_fov": "-30.0",
        "rotation_frequency": "10.000000",
        "horizontal_fov": "360.0",
        "dropoff_general_rate": "0.0",
        "dropoff_intensity_limit": "1.0",
        "noise_stddev": "0.0",
        "dropoff_zero_intensity": "0.0"
      },
      "transform_carla": {
        "location": {
          "x": 78.44441986083984,
          "y": -61.91551971435547,
          "z": 2.1957857608795166
        },
        "rotation": {
          "roll": 0.04675068333745003,
          "pitch": -0.0780007541179657,
          "yaw": -159.97059631347656
        }
      },
      "matrix_world_from_sensor_carla": [
        [
          -0.9395160675048828,
          0.34250321984291077,
          -0.0009995633736252785,
          78.44441986083984
        ],
        [
          -0.3425019681453705,
          -0.9395162463188171,
          -0.0012328738812357187,
          -61.91551971435547
        ],
        [
          -0.0013613695045933127,
          -0.0008159524877555668,
          0.9999986886978149,
          2.1957857608795166
        ],
        [
          0.0,
          0.0,
          0.0,
          1.0
        ]
      ],
      "matrix_world_from_sensor_bevfusion": [
        [
          -0.9395160675048828,
          -0.34250321984291077,
          -0.0009995633736252785,
          78.44441986083984
        ],
        [
          0.3425019681453705,
          -0.9395162463188171,
          0.0012328738812357187,
          61.91551971435547
        ],
        [
          -0.0013613695045933127,
          0.0008159524877555668,
          0.9999986886978149,
          2.1957857608795166
        ],
        [
          0.0,
          0.0,
          0.0,
          1.0
        ]
      ],
      "matrix_ego_from_sensor_carla": [
        [
          1.0,
          -2.5246661650157876e-08,
          3.893697864132406e-11,
          -3.814697265625e-06
        ],
        [
          1.73854139973173e-08,
          1.0,
          2.2222459983289866e-11,
          -7.62939453125e-06
        ],
        [
          -6.9355909904089685e-12,
          -1.683907180360933e-11,
          1.0,
          2.200000047683716
        ],
        [
          0.0,
          0.0,
          0.0,
          1.0
        ]
      ],
      "matrix_ego_from_sensor_bevfusion": [
        [
          1.0,
          2.5246661650157876e-08,
          3.893697864132406e-11,
          -3.814697265625e-06
        ],
        [
          -1.73854139973173e-08,
          1.0,
          -2.2222459983289866e-11,
          7.62939453125e-06
        ],
        [
          -6.9355909904089685e-12,
          1.683907180360933e-11,
          1.0,
          2.200000047683716
        ],
        [
          0.0,
          0.0,
          0.0,
          1.0
        ]
      ],
      "data_path": "D:\\Agent-AI\\outputs\\s3a_ml_long_v2\\sample_000082\\lidar\\LIDAR_TOP.npy",
      "raw_layout": [
        "x",
        "y",
        "z",
        "intensity"
      ]
    },
    "RADAR_FRONT": {
      "type_id": "sensor.other.radar",
      "blueprint_attributes": {
        "sensor_tick": "0.100000",
        "role_name": "default",
        "noise_seed": "0",
        "ros_name": "sensor.other.radar",
        "horizontal_fov": "35.0",
        "points_per_second": "1500",
        "vertical_fov": "20.0",
        "range": "120.0"
      },
      "transform_carla": {
        "location": {
          "x": 76.56668090820312,
          "y": -62.59892272949219,
          "z": 0.8930647373199463
        },
        "rotation": {
          "roll": 0.04675068333745003,
          "pitch": -0.0780007541179657,
          "yaw": -159.97059631347656
        }
      },
      "matrix_world_from_sensor_carla": [
        [
          -0.9395160675048828,
          0.34250321984291077,
          -0.0009995633736252785,
          76.56668090820312
        ],
        [
          -0.3425019681453705,
          -0.9395162463188171,
          -0.0012328738812357187,
          -62.59892272949219
        ],
        [
          -0.0013613695045933127,
          -0.0008159524877555668,
          0.9999986886978149,
          0.8930647373199463
        ],
        [
          0.0,
          0.0,
          0.0,
          1.0
        ]
      ],
      "matrix_world_from_sensor_bevfusion": [
        [
          -0.9395160675048828,
          -0.34250321984291077,
          -0.0009995633736252785,
          76.56668090820312
        ],
        [
          0.3425019681453705,
          -0.9395162463188171,
          0.0012328738812357187,
          62.59892272949219
        ],
        [
          -0.0013613695045933127,
          0.0008159524877555668,
          0.9999986886978149,
          0.8930647373199463
        ],
        [
          0.0,
          0.0,
          0.0,
          1.0
        ]
      ],
      "matrix_ego_from_sensor_carla": [
        [
          1.0,
          -2.5246661650157876e-08,
          3.893697864132406e-11,
          1.9999961853027344
        ],
        [
          1.73854139973173e-08,
          1.0,
          2.2222459983289866e-11,
          -7.62939453125e-06
        ],
        [
          -6.9355909904089685e-12,
          -1.683907180360933e-11,
          1.0,
          0.9000000357627869
        ],
        [
          0.0,
          0.0,
          0.0,
          1.0
        ]
      ],
      "matrix_ego_from_sensor_bevfusion": [
        [
          1.0,
          2.5246661650157876e-08,
          3.893697864132406e-11,
          1.9999961853027344
        ],
        [
          -1.73854139973173e-08,
          1.0,
          -2.2222459983289866e-11,
          7.62939453125e-06
        ],
        [
          -6.9355909904089685e-12,
          1.683907180360933e-11,
          1.0,
          0.9000000357627869
        ],
        [
          0.0,
          0.0,
          0.0,
          1.0
        ]
      ],
      "data_path": "D:\\Agent-AI\\outputs\\s3a_ml_long_v2\\sample_000082\\radar\\RADAR_FRONT.npy",
      "raw_layout": [
        "velocity",
        "altitude",
        "azimuth",
        "depth"
      ]
    },
    "RADAR_FRONT_LEFT": {
      "type_id": "sensor.other.radar",
      "blueprint_attributes": {
        "sensor_tick": "0.100000",
        "role_name": "default",
        "noise_seed": "0",
        "ros_name": "sensor.other.radar",
        "horizontal_fov": "35.0",
        "points_per_second": "1500",
        "vertical_fov": "20.0",
        "range": "120.0"
      },
      "transform_carla": {
        "location": {
          "x": 76.63863372802734,
          "y": -61.7744140625,
          "z": 0.8941531181335449
        },
        "rotation": {
          "roll": 0.08821411430835724,
          "pitch": -0.022095661610364914,
          "yaw": 155.0294189453125
        }
      },
      "matrix_world_from_sensor_carla": [
        [
          -0.9065245985984802,
          -0.4221517741680145,
          -0.0009995511500164866,
          76.63863372802734
        ],
        [
          0.4221527874469757,
          -0.9065238237380981,
          -0.001232909387908876,
          -61.7744140625
        ],
        [
          -0.00038564205169677734,
          -0.0015396260423585773,
          0.9999987483024597,
          0.8941531181335449
        ],
        [
          0.0,
          0.0,
          0.0,
          1.0
        ]
      ],
      "matrix_world_from_sensor_bevfusion": [
        [
          -0.9065245985984802,
          0.4221517741680145,
          -0.0009995511500164866,
          76.63863372802734
        ],
        [
          -0.4221527874469757,
          -0.9065238237380981,
          0.001232909387908876,
          61.7744140625
        ],
        [
          -0.00038564205169677734,
          0.0015396260423585773,
          0.9999987483024597,
          0.8941531181335449
        ],
        [
          0.0,
          0.0,
          0.0,
          1.0
        ]
      ],
      "matrix_ego_from_sensor_carla": [
        [
          0.70710688829422,
          0.7071067094802856,
          5.398696489855581e-10,
          1.6500053405761719
        ],
        [
          -0.7071067690849304,
          0.70710688829422,
          3.7517530415698275e-08,
          -0.75
        ],
        [
          2.618750727378938e-08,
          -2.6919206419506736e-08,
          1.0000001192092896,
          0.8999999761581421
        ],
        [
          0.0,
          0.0,
          0.0,
          1.0
        ]
      ],
      "matrix_ego_from_sensor_bevfusion": [
        [
          0.70710688829422,
          -0.7071067094802856,
          5.398696489855581e-10,
          1.6500053405761719
        ],
        [
          0.7071067690849304,
          0.70710688829422,
          -3.7517530415698275e-08,
          0.75
        ],
        [
          2.618750727378938e-08,
          2.6919206419506736e-08,
          1.0000001192092896,
          0.8999999761581421
        ],
        [
          0.0,
          0.0,
          0.0,
          1.0
        ]
      ],
      "data_path": "D:\\Agent-AI\\outputs\\s3a_ml_long_v2\\sample_000082\\radar\\RADAR_FRONT_LEFT.npy",
      "raw_layout": [
        "velocity",
        "altitude",
        "azimuth",
        "depth"
      ]
    },
    "RADAR_FRONT_RIGHT": {
      "type_id": "sensor.other.radar",
      "blueprint_attributes": {
        "sensor_tick": "0.100000",
