{
  "schema_version": "stage1.v1",
  "sample_name": "sample_000019",
  "sequence_index": 19,
  "previous_sample_name": "sample_000018",
  "frame_id": 60020,
  "timestamp": 436.9197007790208,
  "platform_timestamp": 16814569.494979,
  "delta_seconds": 0.10000000149011612,
  "town": "Carla/Maps/Town10HD_Opt",
  "weather": {
    "cloudiness": 20.0,
    "dust_storm": 0.0,
    "fog_density": 2.0,
    "fog_distance": 0.75,
    "fog_falloff": 0.10000000149011612,
    "mie_scattering_scale": 0.029999999329447746,
    "precipitation": 0.0,
    "precipitation_deposits": 0.0,
    "rayleigh_scattering_scale": 0.03310000151395798,
    "scattering_intensity": 1.0,
    "sun_altitude_angle": 45.0,
    "sun_azimuth_angle": 300.0,
    "wetness": 0.0,
    "wind_intensity": 10.0
  },
  "sensor_names": [
    "CAM_FRONT",
    "CAM_FRONT_RIGHT",
    "CAM_FRONT_LEFT",
    "CAM_BACK",
    "CAM_BACK_LEFT",
    "CAM_BACK_RIGHT",
    "LIDAR_TOP",
    "RADAR_FRONT",
    "RADAR_FRONT_LEFT",
    "RADAR_FRONT_RIGHT",
    "RADAR_BACK_LEFT",
    "RADAR_BACK_RIGHT"
  ],
  "camera_order_for_model": [
    "CAM_FRONT",
    "CAM_FRONT_RIGHT",
    "CAM_FRONT_LEFT",
    "CAM_BACK",
    "CAM_BACK_LEFT",
    "CAM_BACK_RIGHT"
  ],
  "radar_order_for_model": [
    "RADAR_FRONT",
    "RADAR_FRONT_LEFT",
    "RADAR_FRONT_RIGHT",
    "RADAR_BACK_LEFT",
    "RADAR_BACK_RIGHT"
  ],
  "coordinate_notes": {
    "carla_world": "left-handed x-forward y-right z-up",
    "bevfusion_lidar": "x-forward y-left z-up",
    "camera_frame_for_model": "OpenCV style x-right y-down z-forward"
  },
  "ego": {
    "actor_id": 28,
    "transform_carla": {
      "location": {
        "x": 104.85198974609375,
        "y": -33.7095832824707,
        "z": -0.0033086775802075863
      },
      "rotation": {
        "roll": 0.6154945492744446,
        "pitch": -0.2759123146533966,
        "yaw": -104.17366790771484
      }
    },
    "velocity_carla": [
      -1.9855684041976929,
      -6.8107452392578125,
      -7.716178515693173e-05
    ],
    "angular_velocity_carla": [
      -0.2750680446624756,
      1.2747427225112915,
      -14.245180130004883
    ],
    "matrix_world_from_ego_carla": [
      [
        -0.2448589950799942,
        0.9695147275924683,
        0.009236106649041176,
        104.85198974609375
      ],
      [
        -0.9695467352867126,
        -0.24479755759239197,
        -0.007299049757421017,
        -33.7095832824707
      ],
      [
        -0.004815559834241867,
        -0.010742074809968472,
        0.9999306797981262,
        -0.0033086775802075863
      ],
      [
        0.0,
        0.0,
        0.0,
        1.0
      ]
    ],
    "matrix_world_from_ego_bevfusion": [
      [
        -0.2448589950799942,
        -0.9695147275924683,
        0.009236106649041176,
        104.85198974609375
      ],
      [
        0.9695467352867126,
        -0.24479755759239197,
        0.007299049757421017,
        33.7095832824707
      ],
      [
        -0.004815559834241867,
        0.010742074809968472,
        0.9999306797981262,
        -0.0033086775802075863
      ],
      [
        0.0,
        0.0,
        0.0,
        1.0
      ]
    ]
  },
  "sensors": {
    "CAM_FRONT": {
      "type_id": "sensor.camera.rgb",
      "blueprint_attributes": {
        "role_name": "front",
        "ros_name": "sensor.camera.rgb",
        "chromatic_aberration_offset": "0.0",
        "sensor_tick": "0.100000",
        "fstop": "1.4",
        "image_size_x": "960",
        "image_size_y": "540",
        "fov": "70.00",
        "lens_circle_falloff": "5.0",
        "lens_circle_multiplier": "0.0",
        "exposure_compensation": "0.0",
        "lens_y_size": "0.08",
        "lens_k": "-1.0",
        "exposure_mode": "histogram",
        "lens_kcube": "0.0",
        "lens_x_size": "0.08",
        "exposure_max_bright": "12.0",
        "shutter_speed": "200.0",
        "bloom_intensity": "0.675",
        "iso": "100.0",
        "enable_postprocess_effects": "false",
        "gamma": "2.2",
        "motion_blur_intensity": "0.0",
        "motion_blur_max_distortion": "0.35",
        "lens_flare_intensity": "0.1",
        "motion_blur_min_object_screen_size": "0.1",
        "exposure_min_bright": "10.0",
        "exposure_speed_up": "3.0",
        "exposure_speed_down": "1.0",
        "tint": "0.0",
        "calibration_constant": "16.0",
        "focal_distance": "1000.0",
        "min_fstop": "1.2",
        "blade_count": "5",
        "blur_amount": "0.0",
        "blur_radius": "0.0",
        "slope": "0.88",
        "toe": "0.55",
        "white_clip": "0.04",
        "shoulder": "0.26",
        "black_clip": "0.0",
        "temp": "6500.0",
        "chromatic_aberration_intensity": "0.0"
      },
      "transform_carla": {
        "location": {
          "x": 104.4881591796875,
          "y": -35.224788665771484,
          "z": 1.6891093254089355
        },
        "rotation": {
          "roll": 0.6154945492744446,
          "pitch": -0.2759123146533966,
          "yaw": -104.17366790771484
        }
      },
      "matrix_world_from_sensor_carla": [
        [
          -0.2448589950799942,
          0.9695147275924683,
          0.009236106649041176,
          104.4881591796875
        ],
        [
          -0.9695467352867126,
          -0.24479755759239197,
          -0.007299049757421017,
          -35.224788665771484
        ],
        [
          -0.004815559834241867,
          -0.010742074809968472,
          0.9999306797981262,
          1.6891093254089355
        ],
        [
          0.0,
          0.0,
          0.0,
          1.0
        ]
      ],
      "matrix_world_from_sensor_bevfusion": [
        [
          0.9695147275924683,
          -0.009236106649041176,
          -0.2448589950799942,
          104.4881591796875
        ],
        [
          0.24479755759239197,
          -0.007299049757421017,
          0.9695467352867126,
          35.224788665771484
        ],
        [
          -0.010742074809968472,
          -0.9999306797981262,
          -0.004815559834241867,
          1.6891093254089355
        ],
        [
          0.0,
          0.0,
          0.0,
          1.0
        ]
      ],
      "matrix_ego_from_sensor_carla": [
        [
          1.0,
          -5.519420476218784e-09,
          -6.356315473965424e-11,
          1.549999713897705
        ],
        [
          -5.06467312533232e-09,
          1.0,
          5.160572524864904e-10,
          0.0
        ],
        [
          -3.505928880542797e-10,
          8.071022739031264e-10,
          1.0,
          1.6999999284744263
        ],
        [
          0.0,
          0.0,
          0.0,
          1.0
        ]
      ],
      "matrix_ego_from_sensor_bevfusion": [
        [
          -5.519420476218784e-09,
          6.356315473965424e-11,
          1.0,
          1.549999713897705
        ],
        [
          -1.0,
          5.160572524864904e-10,
          5.06467312533232e-09,
          0.0
        ],
        [
          8.071022739031264e-10,
          -1.0,
          -3.505928880542797e-10,
          1.6999999284744263
        ],
        [
          0.0,
          0.0,
          0.0,
          1.0
        ]
      ],
      "camera_intrinsics": [
        [
          685.5110473632812,
          0.0,
          480.0
        ],
        [
          0.0,
          685.5110473632812,
          270.0
        ],
        [
          0.0,
          0.0,
          1.0
        ]
      ],
      "data_path": "D:\\Agent-AI\\outputs\\s3a_ml_long_v2\\sample_000019\\images\\CAM_FRONT.png",
      "raw_layout": "bgra8"
    },
    "CAM_FRONT_RIGHT": {
      "type_id": "sensor.camera.rgb",
      "blueprint_attributes": {
        "role_name": "front",
        "ros_name": "sensor.camera.rgb",
        "chromatic_aberration_offset": "0.0",
        "sensor_tick": "0.100000",
        "fstop": "1.4",
        "image_size_x": "960",
        "image_size_y": "540",
        "fov": "70.00",
        "lens_circle_falloff": "5.0",
        "lens_circle_multiplier": "0.0",
        "exposure_compensation": "0.0",
        "lens_y_size": "0.08",
        "lens_k": "-1.0",
        "exposure_mode": "histogram",
        "lens_kcube": "0.0",
        "lens_x_size": "0.08",
        "exposure_max_bright": "12.0",
        "shutter_speed": "200.0",
        "bloom_intensity": "0.675",
        "iso": "100.0",
        "enable_postprocess_effects": "false",
        "gamma": "2.2",
        "motion_blur_intensity": "0.0",
        "motion_blur_max_distortion": "0.35",
        "lens_flare_intensity": "0.1",
        "motion_blur_min_object_screen_size": "0.1",
        "exposure_min_bright": "10.0",
        "exposure_speed_up": "3.0",
        "exposure_speed_down": "1.0",
        "tint": "0.0",
        "calibration_constant": "16.0",
        "focal_distance": "1000.0",
        "min_fstop": "1.2",
        "blade_count": "5",
        "blur_amount": "0.0",
        "blur_radius": "0.0",
        "slope": "0.88",
        "toe": "0.55",
        "white_clip": "0.04",
        "shoulder": "0.26",
        "black_clip": "0.0",
        "temp": "6500.0",
        "chromatic_aberration_intensity": "0.0"
      },
      "transform_carla": {
        "location": {
          "x": 105.08260345458984,
          "y": -35.117042541503906,
          "z": 1.6844052076339722
        },
        "rotation": {
          "roll": 0.12702010571956635,
          "pitch": -0.6624326705932617,
          "yaw": -49.172916412353516
        }
      },
      "matrix_world_from_sensor_carla": [
        [
          0.6537346839904785,
          0.7566674947738647,
          0.009236067533493042,
          105.08260345458984
        ],
        [
          -0.7566355466842651,
          0.6537961363792419,
          -0.007298936136066914,
          -35.117042541503906
        ],
        [
          -0.011561373248696327,
          -0.0022167691495269537,
          0.999930739402771,
          1.6844052076339722
        ],
        [
          0.0,
          0.0,
          0.0,
          1.0
        ]
      ],
      "matrix_world_from_sensor_bevfusion": [
        [
          0.7566674947738647,
          -0.009236067533493042,
          0.6537346839904785,
          105.08260345458984
        ],
        [
          -0.6537961363792419,
          -0.007298936136066914,
          0.7566355466842651,
          35.117042541503906
        ],
        [
          -0.0022167691495269537,
          -0.999930739402771,
          -0.011561373248696327,
          1.6844052076339722
        ],
        [
          0.0,
          0.0,
          0.0,
          1.0
        ]
      ],
      "matrix_ego_from_sensor_carla": [
        [
          0.5735763907432556,
          -0.8191520571708679,
          -1.0093343405515043e-07,
          1.3000025749206543
        ],
        [
          0.8191521167755127,
          0.5735763907432556,
          -6.624811987876456e-08,
          0.5499954223632812
        ],
        [
          1.106375862036657e-07,
          -4.437129064172041e-08,
          1.0000001192092896,
          1.7000001668930054
        ],
        [
          0.0,
          0.0,
          0.0,
          1.0
        ]
      ],
      "matrix_ego_from_sensor_bevfusion": [
        [
          -0.8191520571708679,
          1.0093343405515043e-07,
          0.5735763907432556,
          1.3000025749206543
        ],
        [
          -0.5735763907432556,
          -6.624811987876456e-08,
          -0.8191521167755127,
          -0.5499954223632812
        ],
        [
          -4.437129064172041e-08,
          -1.0000001192092896,
          1.106375862036657e-07,
          1.7000001668930054
        ],
        [
          0.0,
          0.0,
          0.0,
          1.0
        ]
      ],
      "camera_intrinsics": [
        [
          685.5110473632812,
          0.0,
          480.0
        ],
        [
          0.0,
          685.5110473632812,
          270.0
        ],
        [
          0.0,
          0.0,
          1.0
        ]
      ],
      "data_path": "D:\\Agent-AI\\outputs\\s3a_ml_long_v2\\sample_000019\\images\\CAM_FRONT_RIGHT.png",
      "raw_layout": "bgra8"
    },
    "CAM_FRONT_LEFT": {
      "type_id": "sensor.camera.rgb",
      "blueprint_attributes": {
        "role_name": "front",
        "ros_name": "sensor.camera.rgb",
        "chromatic_aberration_offset": "0.0",
        "sensor_tick": "0.100000",
        "fstop": "1.4",
        "image_size_x": "960",
        "image_size_y": "540",
        "fov": "70.00",
        "lens_circle_falloff": "5.0",
        "lens_circle_multiplier": "0.0",
        "exposure_compensation": "0.0",
        "lens_y_size": "0.08",
        "lens_k": "-1.0",
        "exposure_mode": "histogram",
        "lens_kcube": "0.0",
        "lens_x_size": "0.08",
        "exposure_max_bright": "12.0",
        "shutter_speed": "200.0",
        "bloom_intensity": "0.675",
        "iso": "100.0",
        "enable_postprocess_effects": "false",
        "gamma": "2.2",
        "motion_blur_intensity": "0.0",
        "motion_blur_max_distortion": "0.35",
        "lens_flare_intensity": "0.1",
        "motion_blur_min_object_screen_size": "0.1",
        "exposure_min_bright": "10.0",
        "exposure_speed_up": "3.0",
        "exposure_speed_down": "1.0",
        "tint": "0.0",
        "calibration_constant": "16.0",
        "focal_distance": "1000.0",
        "min_fstop": "1.2",
        "blade_count": "5",
        "blur_amount": "0.0",
        "blur_radius": "0.0",
        "slope": "0.88",
        "toe": "0.55",
        "white_clip": "0.04",
        "shoulder": "0.26",
        "black_clip": "0.0",
        "temp": "6500.0",
        "chromatic_aberration_intensity": "0.0"
      },
      "transform_carla": {
        "location": {
          "x": 104.01614379882812,
          "y": -34.8477668762207,
          "z": 1.6962214708328247
        },
        "rotation": {
          "roll": 0.579053521156311,
          "pitch": 0.34591490030288696,
          "yaw": -159.17042541503906
        }
      },
      "matrix_world_from_sensor_carla": [
        [
          -0.9346252083778381,
          0.355514258146286,
          0.00923610758036375,
          104.01614379882812
        ],
        [
          -0.35558292269706726,
          -0.934616208076477,
          -0.007299001328647137,
          -34.8477668762207
        ],
        [
          0.006037317216396332,
          -0.010106033645570278,
          0.9999306797981262,
          1.6962214708328247
        ],
        [
          0.0,
          0.0,
          0.0,
          1.0
        ]
      ],
      "matrix_world_from_sensor_bevfusion": [
        [
          0.355514258146286,
          -0.00923610758036375,
          -0.9346252083778381,
          104.01614379882812
        ],
        [
          0.934616208076477,
          -0.007299001328647137,
          0.35558292269706726,
          34.8477668762207
        ],
        [
          -0.010106033645570278,
          -0.9999306797981262,
          0.006037317216396332,
          1.6962214708328247
        ],
        [
          0.0,
          0.0,
          0.0,
          1.0
        ]
      ],
      "matrix_ego_from_sensor_carla": [
        [
          0.5735765695571899,
          0.8191518783569336,
          -4.7095351618509085e-08,
          1.3000035285949707
        ],
        [
          -0.8191518783569336,
          0.5735765695571899,
          -1.0659813476365798e-08,
          -0.5499954223632812
        ],
        [
          1.817642925061591e-08,
          4.429883304624127e-08,
          1.0,
          1.7000001668930054
        ],
        [
          0.0,
          0.0,
          0.0,
          1.0
        ]
      ],
      "matrix_ego_from_sensor_bevfusion": [
        [
          0.8191518783569336,
          4.7095351618509085e-08,
          0.5735765695571899,
          1.3000035285949707
        ],
        [
          -0.5735765695571899,
          -1.0659813476365798e-08,
          0.8191518783569336,
          0.5499954223632812
        ],
        [
          4.429883304624127e-08,
          -1.0,
          1.817642925061591e-08,
          1.7000001668930054
        ],
        [
          0.0,
          0.0,
          0.0,
          1.0
        ]
      ],
      "camera_intrinsics": [
        [
          685.5110473632812,
          0.0,
          480.0
        ],
        [
          0.0,
          685.5110473632812,
          270.0
        ],
        [
          0.0,
          0.0,
          1.0
        ]
      ],
      "data_path": "D:\\Agent-AI\\outputs\\s3a_ml_long_v2\\sample_000019\\images\\CAM_FRONT_LEFT.png",
      "raw_layout": "bgra8"
    },
    "CAM_BACK": {
      "type_id": "sensor.camera.rgb",
      "blueprint_attributes": {
        "role_name": "front",
        "ros_name": "sensor.camera.rgb",
        "chromatic_aberration_offset": "0.0",
        "sensor_tick": "0.100000",
        "fstop": "1.4",
        "image_size_x": "960",
        "image_size_y": "540",
        "fov": "70.00",
        "lens_circle_falloff": "5.0",
        "lens_circle_multiplier": "0.0",
        "exposure_compensation": "0.0",
        "lens_y_size": "0.08",
        "lens_k": "-1.0",
        "exposure_mode": "histogram",
        "lens_kcube": "0.0",
        "lens_x_size": "0.08",
        "exposure_max_bright": "12.0",
        "shutter_speed": "200.0",
        "bloom_intensity": "0.675",
        "iso": "100.0",
        "enable_postprocess_effects": "false",
        "gamma": "2.2",
        "motion_blur_intensity": "0.0",
        "motion_blur_max_distortion": "0.35",
        "lens_flare_intensity": "0.1",
        "motion_blur_min_object_screen_size": "0.1",
        "exposure_min_bright": "10.0",
        "exposure_speed_up": "3.0",
        "exposure_speed_down": "1.0",
        "tint": "0.0",
        "calibration_constant": "16.0",
        "focal_distance": "1000.0",
        "min_fstop": "1.2",
        "blade_count": "5",
        "blur_amount": "0.0",
        "blur_radius": "0.0",
        "slope": "0.88",
        "toe": "0.55",
        "white_clip": "0.04",
        "shoulder": "0.26",
        "black_clip": "0.0",
        "temp": "6500.0",
        "chromatic_aberration_intensity": "0.0"
      },
      "transform_carla": {
        "location": {
          "x": 105.24722290039062,
          "y": -32.21919631958008,
          "z": 1.7040375471115112
        },
        "rotation": {
          "roll": -0.6154943704605103,
          "pitch": 0.2759123146533966,
          "yaw": 75.8263168334961
        }
      },
      "matrix_world_from_sensor_carla": [
        [
          0.2448592633008957,
          -0.9695146679878235,
          0.009236101992428303,
          105.24722290039062
        ],
        [
          0.9695466756820679,
          0.24479782581329346,
          -0.007299051620066166,
          -32.21919631958008
        ],
        [
          0.004815559834241867,
          0.010742072016000748,
          0.9999306797981262,
          1.7040375471115112
        ],
        [
          0.0,
          0.0,
          0.0,
          1.0
        ]
      ],
      "matrix_world_from_sensor_bevfusion": [
        [
          -0.9695146679878235,
          -0.009236101992428303,
          0.2448592633008957,
          105.24722290039062
        ],
        [
          -0.24479782581329346,
          -0.007299051620066166,
          -0.9695466756820679,
          32.21919631958008
        ],
        [
          0.010742072016000748,
          -0.9999306797981262,
          0.004815559834241867,
          1.7040375471115112
        ],
        [
          0.0,
          0.0,
          0.0,
          1.0
        ]
      ],
      "matrix_ego_from_sensor_carla": [
        [
          -1.0,
          -2.694219176646584e-07,
          2.7304045691067813e-09,
          -1.5499978065490723
        ],
        [
          2.729763366460247e-07,
          -1.0,
          -4.1405554540574485e-09,
          0.0
        ],
        [
          3.1445606119007152e-09,
          -4.532199060491848e-09,
          1.0,
          1.6999999284744263
        ],
        [
          0.0,
          0.0,
          0.0,
          1.0
        ]
      ],
      "matrix_ego_from_sensor_bevfusion": [
        [
          -2.694219176646584e-07,
          -2.7304045691067813e-09,
          -1.0,
          -1.5499978065490723
        ],
        [
          1.0,
          -4.1405554540574485e-09,
          -2.729763366460247e-07,
          0.0
        ],
        [
          -4.532199060491848e-09,
          -1.0,
          3.1445606119007152e-09,
          1.6999999284744263
        ],
        [
          0.0,
          0.0,
          0.0,
          1.0
        ]
      ],
      "camera_intrinsics": [
        [
          685.5110473632812,
          0.0,
          480.0
        ],
        [
          0.0,
          685.5110473632812,
          270.0
        ],
        [
          0.0,
          0.0,
          1.0
        ]
      ],
      "data_path": "D:\\Agent-AI\\outputs\\s3a_ml_long_v2\\sample_000019\\images\\CAM_BACK.png",
      "raw_layout": "bgra8"
    },
    "CAM_BACK_LEFT": {
      "type_id": "sensor.camera.rgb",
      "blueprint_attributes": {
        "role_name": "front",
        "ros_name": "sensor.camera.rgb",
        "chromatic_aberration_offset": "0.0",
        "sensor_tick": "0.100000",
        "fstop": "1.4",
        "image_size_x": "960",
        "image_size_y": "540",
        "fov": "70.00",
        "lens_circle_falloff": "5.0",
        "lens_circle_multiplier": "0.0",
        "exposure_compensation": "0.0",
        "lens_y_size": "0.08",
        "lens_k": "-1.0",
        "exposure_mode": "histogram",
        "lens_kcube": "0.0",
        "lens_x_size": "0.08",
        "exposure_max_bright": "12.0",
        "shutter_speed": "200.0",
        "bloom_intensity": "0.675",
        "iso": "100.0",
        "enable_postprocess_effects": "false",
        "gamma": "2.2",
        "motion_blur_intensity": "0.0",
        "motion_blur_max_distortion": "0.35",
        "lens_flare_intensity": "0.1",
        "motion_blur_min_object_screen_size": "0.1",
        "exposure_min_bright": "10.0",
        "exposure_speed_up": "3.0",
        "exposure_speed_down": "1.0",
        "tint": "0.0",
        "calibration_constant": "16.0",
        "focal_distance": "1000.0",
        "min_fstop": "1.2",
        "blade_count": "5",
        "blur_amount": "0.0",
        "blur_radius": "0.0",
        "slope": "0.88",
        "toe": "0.55",
        "white_clip": "0.04",
        "shoulder": "0.26",
        "black_clip": "0.0",
        "temp": "6500.0",
        "chromatic_aberration_intensity": "0.0"
      },
      "transform_carla": {
        "location": {
          "x": 104.65277099609375,
          "y": -32.326942443847656,
          "z": 1.7087416648864746
        },
        "rotation": {
          "roll": -0.1270199865102768,
          "pitch": 0.6624326705932617,
          "yaw": 130.8270721435547
        }
      },
      "matrix_world_from_sensor_carla": [
        [
          -0.6537345051765442,
          -0.7566676735877991,
          0.009236064739525318,
          104.65277099609375
        ],
        [
          0.7566357254981995,
          -0.6537959575653076,
          -0.007298939861357212,
          -32.326942443847656
        ],
        [
          0.011561373248696327,
          0.002216767054051161,
          0.999930739402771,
          1.7087416648864746
        ],
        [
          0.0,
          0.0,
          0.0,
          1.0
        ]
      ],
      "matrix_world_from_sensor_bevfusion": [
        [
          -0.7566676735877991,
          -0.009236064739525318,
          -0.6537345051765442,
          104.65277099609375
        ],
        [
          0.6537959575653076,
          -0.007298939861357212,
          -0.7566357254981995,
          32.326942443847656
        ],
        [
          0.002216767054051161,
          -0.999930739402771,
          0.011561373248696327,
          1.7087416648864746
        ],
        [
          0.0,
          0.0,
          0.0,
          1.0
        ]
      ],
      "matrix_ego_from_sensor_carla": [
        [
          -0.5735765695571899,
          0.8191519379615784,
          -9.674248246938078e-08,
          -1.2999982833862305
        ],
        [
          -0.8191519975662231,
          -0.5735766291618347,
          -6.811076502799551e-08,
          -0.5500030517578125
        ],
        [
          -1.106375862036657e-07,
          3.9481992786249975e-08,
          1.0000001192092896,
          1.6999999284744263
        ],
        [
          0.0,
          0.0,
          0.0,
          1.0
        ]
      ],
      "matrix_ego_from_sensor_bevfusion": [
        [
          0.8191519379615784,
          9.674248246938078e-08,
          -0.5735765695571899,
          -1.2999982833862305
        ],
        [
          0.5735766291618347,
          -6.811076502799551e-08,
          0.8191519975662231,
          0.5500030517578125
        ],
        [
          3.9481992786249975e-08,
          -1.0000001192092896,
          -1.106375862036657e-07,
          1.6999999284744263
        ],
        [
          0.0,
          0.0,
          0.0,
          1.0
        ]
      ],
      "camera_intrinsics": [
        [
          685.5110473632812,
          0.0,
          480.0
        ],
        [
          0.0,
          685.5110473632812,
          270.0
        ],
        [
          0.0,
          0.0,
          1.0
        ]
      ],
      "data_path": "D:\\Agent-AI\\outputs\\s3a_ml_long_v2\\sample_000019\\images\\CAM_BACK_LEFT.png",
      "raw_layout": "bgra8"
    },
    "CAM_BACK_RIGHT": {
      "type_id": "sensor.camera.rgb",
      "blueprint_attributes": {
        "role_name": "front",
        "ros_name": "sensor.camera.rgb",
        "chromatic_aberration_offset": "0.0",
        "sensor_tick": "0.100000",
        "fstop": "1.4",
        "image_size_x": "960",
        "image_size_y": "540",
        "fov": "70.00",
        "lens_circle_falloff": "5.0",
        "lens_circle_multiplier": "0.0",
        "exposure_compensation": "0.0",
        "lens_y_size": "0.08",
        "lens_k": "-1.0",
        "exposure_mode": "histogram",
        "lens_kcube": "0.0",
        "lens_x_size": "0.08",
        "exposure_max_bright": "12.0",
        "shutter_speed": "200.0",
        "bloom_intensity": "0.675",
        "iso": "100.0",
        "enable_postprocess_effects": "false",
        "gamma": "2.2",
        "motion_blur_intensity": "0.0",
        "motion_blur_max_distortion": "0.35",
        "lens_flare_intensity": "0.1",
        "motion_blur_min_object_screen_size": "0.1",
        "exposure_min_bright": "10.0",
        "exposure_speed_up": "3.0",
        "exposure_speed_down": "1.0",
        "tint": "0.0",
        "calibration_constant": "16.0",
        "focal_distance": "1000.0",
        "min_fstop": "1.2",
        "blade_count": "5",
        "blur_amount": "0.0",
        "blur_radius": "0.0",
        "slope": "0.88",
        "toe": "0.55",
        "white_clip": "0.04",
        "shoulder": "0.26",
        "black_clip": "0.0",
        "temp": "6500.0",
        "chromatic_aberration_intensity": "0.0"
      },
      "transform_carla": {
        "location": {
          "x": 105.71923828125,
          "y": -32.59621810913086,
          "z": 1.6969255208969116
        },
        "rotation": {
          "roll": -0.5790534615516663,
          "pitch": -0.34591490030288696,
          "yaw": 20.82954216003418
        }
      },
      "matrix_world_from_sensor_carla": [
        [
          0.9346253871917725,
          -0.3555137515068054,
          0.009236103855073452,
          105.71923828125
        ],
        [
          0.35558241605758667,
          0.9346163868904114,
          -0.0072990055195987225,
          -32.59621810913086
        ],
        [
          -0.006037317216396332,
          0.010106032714247704,
          0.9999306797981262,
          1.6969255208969116
        ],
        [
          0.0,
          0.0,
          0.0,
          1.0
        ]
      ],
      "matrix_world_from_sensor_bevfusion": [
        [
          -0.3555137515068054,
          -0.009236103855073452,
          0.9346253871917725,
          105.71923828125
        ],
        [
          -0.9346163868904114,
          -0.0072990055195987225,
          -0.35558241605758667,
          32.59621810913086
        ],
        [
          0.010106032714247704,
          -0.9999306797981262,
          -0.006037317216396332,
          1.6969255208969116
        ],
        [
          0.0,
          0.0,
          0.0,
          1.0
        ]
      ],
      "matrix_ego_from_sensor_carla": [
        [
          -0.5735760927200317,
          -0.8191521763801575,
          -4.243873874543169e-08,
          -1.3000011444091797
        ],
        [
          0.8191521167755127,
          -0.5735761523246765,
          -1.3453781200212234e-08,
          0.5500030517578125
        ],
        [
          -1.3519817265716938e-08,
          -4.1504801373548617e-08,
          1.0,
          1.6999999284744263
        ],
        [
          0.0,
          0.0,
          0.0,
          1.0
        ]
      ],
      "matrix_ego_from_sensor_bevfusion": [
        [
          -0.8191521763801575,
          4.243873874543169e-08,
          -0.5735760927200317,
          -1.3000011444091797
        ],
        [
          0.5735761523246765,
          -1.3453781200212234e-08,
          -0.8191521167755127,
          -0.5500030517578125
        ],
        [
          -4.1504801373548617e-08,
          -1.0,
          -1.3519817265716938e-08,
          1.6999999284744263
        ],
        [
          0.0,
          0.0,
          0.0,
          1.0
        ]
      ],
      "camera_intrinsics": [
        [
          685.5110473632812,
          0.0,
          480.0
        ],
        [
          0.0,
          685.5110473632812,
          270.0
        ],
        [
          0.0,
          0.0,
          1.0
        ]
      ],
      "data_path": "D:\\Agent-AI\\outputs\\s3a_ml_long_v2\\sample_000019\\images\\CAM_BACK_RIGHT.png",
      "raw_layout": "bgra8"
    },
    "LIDAR_TOP": {
      "type_id": "sensor.lidar.ray_cast",
      "blueprint_attributes": {
        "atmosphere_attenuation_rate": "0.004",
        "role_name": "front",
        "noise_seed": "0",
        "upper_fov": "10.0",
        "ros_name": "sensor.lidar.ray_cast",
        "sensor_tick": "0.100000",
        "channels": "32",
        "range": "120.0",
        "points_per_second": "360000",
        "lower_fov": "-30.0",
        "rotation_frequency": "10.000000",
        "horizontal_fov": "360.0",
        "dropoff_general_rate": "0.0",
        "dropoff_intensity_limit": "1.0",
        "noise_stddev": "0.0",
        "dropoff_zero_intensity": "0.0"
      },
      "transform_carla": {
        "location": {
          "x": 104.872314453125,
          "y": -33.725643157958984,
          "z": 2.1965386867523193
        },
        "rotation": {
          "roll": 0.6154945492744446,
          "pitch": -0.2759123146533966,
          "yaw": -104.17366790771484
        }
      },
      "matrix_world_from_sensor_carla": [
        [
          -0.2448589950799942,
          0.9695147275924683,
          0.009236106649041176,
          104.872314453125
        ],
        [
          -0.9695467352867126,
          -0.24479755759239197,
          -0.007299049757421017,
          -33.725643157958984
        ],
        [
          -0.004815559834241867,
          -0.010742074809968472,
          0.9999306797981262,
          2.1965386867523193
        ],
        [
          0.0,
          0.0,
          0.0,
          1.0
        ]
      ],
      "matrix_world_from_sensor_bevfusion": [
        [
          -0.2448589950799942,
          -0.9695147275924683,
          0.009236106649041176,
          104.872314453125
        ],
        [
          0.9695467352867126,
          -0.24479755759239197,
          0.007299049757421017,
          33.725643157958984
        ],
        [
          -0.004815559834241867,
          0.010742074809968472,
          0.9999306797981262,
          2.1965386867523193
        ],
        [
          0.0,
          0.0,
          0.0,
          1.0
        ]
      ],
      "matrix_ego_from_sensor_carla": [
        [
          1.0,
          -5.519420476218784e-09,
          -6.356315473965424e-11,
          0.0
        ],
        [
          -5.06467312533232e-09,
          1.0,
          5.160572524864904e-10,
          0.0
        ],
        [
          -3.505928880542797e-10,
          8.071022739031264e-10,
          1.0,
          2.1999998092651367
        ],
        [
          0.0,
          0.0,
          0.0,
          1.0
        ]
      ],
      "matrix_ego_from_sensor_bevfusion": [
        [
          1.0,
          5.519420476218784e-09,
          -6.356315473965424e-11,
          0.0
        ],
        [
          5.06467312533232e-09,
          1.0,
          -5.160572524864904e-10,
          0.0
        ],
        [
          -3.505928880542797e-10,
          -8.071022739031264e-10,
          1.0,
          2.1999998092651367
        ],
        [
          0.0,
          0.0,
          0.0,
          1.0
        ]
      ],
      "data_path": "D:\\Agent-AI\\outputs\\s3a_ml_long_v2\\sample_000019\\lidar\\LIDAR_TOP.npy",
      "raw_layout": [
        "x",
        "y",
        "z",
        "intensity"
      ]
    },
    "RADAR_FRONT": {
      "type_id": "sensor.other.radar",
      "blueprint_attributes": {
        "sensor_tick": "0.100000",
        "role_name": "default",
        "noise_seed": "0",
        "ros_name": "sensor.other.radar",
        "horizontal_fov": "35.0",
        "points_per_second": "1500",
        "vertical_fov": "20.0",
        "range": "120.0"
      },
      "transform_carla": {
        "location": {
          "x": 104.3705825805664,
          "y": -35.65524673461914,
          "z": 0.8869978189468384
        },
        "rotation": {
          "roll": 0.6154945492744446,
          "pitch": -0.2759123146533966,
          "yaw": -104.17366790771484
        }
      },
      "matrix_world_from_sensor_carla": [
        [
          -0.2448589950799942,
          0.9695147275924683,
          0.009236106649041176,
          104.3705825805664
        ],
        [
          -0.9695467352867126,
          -0.24479755759239197,
          -0.007299049757421017,
          -35.65524673461914
        ],
        [
          -0.004815559834241867,
          -0.010742074809968472,
          0.9999306797981262,
          0.8869978189468384
        ],
        [
          0.0,
          0.0,
          0.0,
          1.0
        ]
      ],
      "matrix_world_from_sensor_bevfusion": [
        [
          -0.2448589950799942,
          -0.9695147275924683,
          0.009236106649041176,
          104.3705825805664
        ],
        [
          0.9695467352867126,
          -0.24479755759239197,
          0.007299049757421017,
          35.65524673461914
        ],
        [
          -0.004815559834241867,
          0.010742074809968472,
          0.9999306797981262,
          0.8869978189468384
        ],
        [
          0.0,
          0.0,
          0.0,
          1.0
        ]
      ],
      "matrix_ego_from_sensor_carla": [
        [
          1.0,
          -5.519420476218784e-09,
          -6.356315473965424e-11,
          2.0000014305114746
        ],
        [
          -5.06467312533232e-09,
          1.0,
          5.160572524864904e-10,
          0.0
        ],
        [
          -3.505928880542797e-10,
          8.071022739031264e-10,
          1.0,
          0.8999999761581421
        ],
        [
          0.0,
          0.0,
          0.0,
          1.0
        ]
      ],
      "matrix_ego_from_sensor_bevfusion": [
        [
          1.0,
          5.519420476218784e-09,
          -6.356315473965424e-11,
          2.0000014305114746
        ],
        [
          5.06467312533232e-09,
          1.0,
          -5.160572524864904e-10,
          0.0
        ],
        [
          -3.505928880542797e-10,
          -8.071022739031264e-10,
          1.0,
          0.8999999761581421
        ],
        [
          0.0,
          0.0,
          0.0,
          1.0
        ]
      ],
      "data_path": "D:\\Agent-AI\\outputs\\s3a_ml_long_v2\\sample_000019\\radar\\RADAR_FRONT.npy",
      "raw_layout": [
        "velocity",
        "altitude",
        "azimuth",
        "depth"
      ]
    },
    "RADAR_FRONT_LEFT": {
      "type_id": "sensor.other.radar",
      "blueprint_attributes": {
        "sensor_tick": "0.100000",
        "role_name": "default",
        "noise_seed": "0",
        "ros_name": "sensor.other.radar",
        "horizontal_fov": "35.0",
        "points_per_second": "1500",
        "vertical_fov": "20.0",
        "range": "120.0"
      },
      "transform_carla": {
        "location": {
          "x": 103.7291488647461,
          "y": -35.13230514526367,
          "z": 0.8967399597167969
        },
        "rotation": {
          "roll": 0.6303218007087708,
          "pitch": 0.240108460187912,
          "yaw": -149.1708526611328
        }
      },
      "matrix_world_from_sensor_carla": [
        [
          -0.8586918115615845,
          0.5124092102050781,
          0.00923608336597681,
          103.7291488647461
        ],
        [
          -0.512475311756134,
          -0.8586709499359131,
          -0.007299020886421204,
          -35.13230514526367
        ],
        [
          0.004190671257674694,
          -0.011000873520970345,
          0.999930739402771,
          0.8967399597167969
        ],
        [
          0.0,
          0.0,
          0.0,
          1.0
        ]
      ],
      "matrix_world_from_sensor_bevfusion": [
        [
          -0.8586918115615845,
          -0.5124092102050781,
          0.00923608336597681,
          103.7291488647461
        ],
        [
          0.512475311756134,
          -0.8586709499359131,
          0.007299020886421204,
          35.13230514526367
        ],
        [
          0.004190671257674694,
          0.011000873520970345,
          0.999930739402771,
          0.8967399597167969
        ],
        [
          0.0,
          0.0,
          0.0,
          1.0
        ]
      ],
      "matrix_ego_from_sensor_carla": [
        [
          0.7071069478988647,
          0.7071065902709961,
          -2.2702334234736554e-08,
          1.6499981880187988
        ],
        [
          -0.7071065902709961,
          0.7071069478988647,
          -2.992654302147457e-08,
          -0.75
        ],
        [
          -5.263686375656107e-09,
          3.64267833674603e-08,
          1.0000001192092896,
          0.8999999761581421
        ],
        [
          0.0,
          0.0,
          0.0,
          1.0
        ]
      ],
      "matrix_ego_from_sensor_bevfusion": [
        [
          0.7071069478988647,
          -0.7071065902709961,
          -2.2702334234736554e-08,
          1.6499981880187988
        ],
        [
          0.7071065902709961,
          0.7071069478988647,
          2.992654302147457e-08,
          0.75
        ],
        [
          -5.263686375656107e-09,
          -3.64267833674603e-08,
          1.0000001192092896,
          0.8999999761581421
        ],
        [
          0.0,
          0.0,
          0.0,
          1.0
        ]
      ],
      "data_path": "D:\\Agent-AI\\outputs\\s3a_ml_long_v2\\sample_000019\\radar\\RADAR_FRONT_LEFT.npy",
      "raw_layout": [
        "velocity",
        "altitude",
        "azimuth",
        "depth"
      ]
    },
    "RADAR_FRONT_RIGHT": {
      "type_id": "sensor.other.radar",
      "blueprint_attributes": {
        "sensor_tick": "0.100000",
        "role_name": "default",
        "noise_seed": "0",
        "ros_name": "sensor.other.radar",
        "horizontal_fov": "35.0",
        "points_per_second": "1500",
        "vertical_fov": "20.0",
        "range": "120.0"
      },
