{
  "schema_version": "stage1.v1",
  "sample_name": "sample_000012",
  "sequence_index": 12,
  "previous_sample_name": "sample_000011",
  "frame_id": 2189,
  "timestamp": 33.4906323030591,
  "platform_timestamp": 16781871.4740736,
  "delta_seconds": 0.05000000074505806,
  "town": "Carla/Maps/Town10HD_Opt",
  "weather": {
    "cloudiness": 20.0,
    "dust_storm": 0.0,
    "fog_density": 2.0,
    "fog_distance": 0.75,
    "fog_falloff": 0.10000000149011612,
    "mie_scattering_scale": 0.029999999329447746,
    "precipitation": 0.0,
    "precipitation_deposits": 0.0,
    "rayleigh_scattering_scale": 0.03310000151395798,
    "scattering_intensity": 1.0,
    "sun_altitude_angle": 45.0,
    "sun_azimuth_angle": 300.0,
    "wetness": 0.0,
    "wind_intensity": 10.0
  },
  "sensor_names": [
    "CAM_FRONT",
    "CAM_FRONT_RIGHT",
    "CAM_FRONT_LEFT",
    "CAM_BACK",
    "CAM_BACK_LEFT",
    "CAM_BACK_RIGHT",
    "LIDAR_TOP",
    "RADAR_FRONT",
    "RADAR_FRONT_LEFT",
    "RADAR_FRONT_RIGHT",
    "RADAR_BACK_LEFT",
    "RADAR_BACK_RIGHT"
  ],
  "camera_order_for_model": [
    "CAM_FRONT",
    "CAM_FRONT_RIGHT",
    "CAM_FRONT_LEFT",
    "CAM_BACK",
    "CAM_BACK_LEFT",
    "CAM_BACK_RIGHT"
  ],
  "radar_order_for_model": [
    "RADAR_FRONT",
    "RADAR_FRONT_LEFT",
    "RADAR_FRONT_RIGHT",
    "RADAR_BACK_LEFT",
    "RADAR_BACK_RIGHT"
  ],
  "coordinate_notes": {
    "carla_world": "left-handed x-forward y-right z-up",
    "bevfusion_lidar": "x-forward y-left z-up",
    "camera_frame_for_model": "OpenCV style x-right y-down z-forward"
  },
  "ego": {
    "actor_id": 24,
    "transform_carla": {
      "location": {
        "x": -59.24892044067383,
        "y": 23.51900863647461,
        "z": -0.006324462592601776
      },
      "rotation": {
        "roll": 0.5963864326477051,
        "pitch": 0.5495433211326599,
        "yaw": -13.308917045593262
      }
    },
    "velocity_carla": [
      6.71343469619751,
      -1.9530786275863647,
      -0.0004180431133136153
    ],
    "angular_velocity_carla": [
      -0.7234161496162415,
      -0.40179678797721863,
      -20.2067813873291
    ],
    "matrix_world_from_ego_carla": [
      [
        0.9730982780456543,
        0.2302858829498291,
        -0.006936998106539249,
        -59.24892044067383
      ],
      [
        -0.23019060492515564,
        0.9730672836303711,
        0.012336956337094307,
        23.51900863647461
      ],
      [
        0.009591192938387394,
        -0.010408240370452404,
        0.9998998045921326,
        -0.006324462592601776
      ],
      [
        0.0,
        0.0,
        0.0,
        1.0
      ]
    ],
    "matrix_world_from_ego_bevfusion": [
      [
        0.9730982780456543,
        -0.2302858829498291,
        -0.006936998106539249,
        -59.24892044067383
      ],
      [
        0.23019060492515564,
        0.9730672836303711,
        -0.012336956337094307,
        -23.51900863647461
      ],
      [
        0.009591192938387394,
        0.010408240370452404,
        0.9998998045921326,
        -0.006324462592601776
      ],
      [
        0.0,
        0.0,
        0.0,
        1.0
      ]
    ]
  },
  "sensors": {
    "CAM_FRONT": {
      "type_id": "sensor.camera.rgb",
      "blueprint_attributes": {
        "role_name": "front",
        "ros_name": "sensor.camera.rgb",
        "chromatic_aberration_offset": "0.0",
        "sensor_tick": "0.050000",
        "fstop": "1.4",
        "image_size_x": "1600",
        "image_size_y": "900",
        "fov": "70.00",
        "lens_circle_falloff": "5.0",
        "lens_circle_multiplier": "0.0",
        "exposure_compensation": "0.0",
        "lens_y_size": "0.08",
        "lens_k": "-1.0",
        "exposure_mode": "histogram",
        "lens_kcube": "0.0",
        "lens_x_size": "0.08",
        "exposure_max_bright": "12.0",
        "shutter_speed": "200.0",
        "bloom_intensity": "0.675",
        "iso": "100.0",
        "enable_postprocess_effects": "false",
        "gamma": "2.2",
        "motion_blur_intensity": "0.0",
        "motion_blur_max_distortion": "0.35",
        "lens_flare_intensity": "0.1",
        "motion_blur_min_object_screen_size": "0.1",
        "exposure_min_bright": "10.0",
        "exposure_speed_up": "3.0",
        "exposure_speed_down": "1.0",
        "tint": "0.0",
        "calibration_constant": "16.0",
        "focal_distance": "1000.0",
        "min_fstop": "1.2",
        "blade_count": "5",
        "blur_amount": "0.0",
        "blur_radius": "0.0",
        "slope": "0.88",
        "toe": "0.55",
        "white_clip": "0.04",
        "shoulder": "0.26",
        "black_clip": "0.0",
        "temp": "6500.0",
        "chromatic_aberration_intensity": "0.0"
      },
      "transform_carla": {
        "location": {
          "x": -57.752410888671875,
          "y": 23.183185577392578,
          "z": 1.7083715200424194
        },
        "rotation": {
          "roll": 0.5963864326477051,
          "pitch": 0.5495433211326599,
          "yaw": -13.308917045593262
        }
      },
      "matrix_world_from_sensor_carla": [
        [
          0.9730982780456543,
          0.2302858829498291,
          -0.006936998106539249,
          -57.752410888671875
        ],
        [
          -0.23019060492515564,
          0.9730672836303711,
          0.012336956337094307,
          23.183185577392578
        ],
        [
          0.009591192938387394,
          -0.010408240370452404,
          0.9998998045921326,
          1.7083715200424194
        ],
        [
          0.0,
          0.0,
          0.0,
          1.0
        ]
      ],
      "matrix_world_from_sensor_bevfusion": [
        [
          0.2302858829498291,
          0.006936998106539249,
          0.9730982780456543,
          -57.752410888671875
        ],
        [
          -0.9730672836303711,
          0.012336956337094307,
          0.23019060492515564,
          -23.183185577392578
        ],
        [
          -0.010408240370452404,
          -0.9998998045921326,
          0.009591192938387394,
          1.7083715200424194
        ],
        [
          0.0,
          0.0,
          0.0,
          1.0
        ]
      ],
      "matrix_ego_from_sensor_carla": [
        [
          0.9999999403953552,
          -3.4155207551123112e-09,
          1.3131529197352165e-10,
          1.5499992370605469
        ],
        [
          1.3059664460968179e-08,
          1.0,
          -2.233944695895218e-10,
          -9.5367431640625e-07
        ],
        [
          -2.2823432033192148e-10,
          8.754863500826104e-11,
          1.0,
          1.7000000476837158
        ],
        [
          0.0,
          0.0,
          0.0,
          1.0
        ]
      ],
      "matrix_ego_from_sensor_bevfusion": [
        [
          -3.4155207551123112e-09,
          -1.3131529197352165e-10,
          0.9999999403953552,
          1.5499992370605469
        ],
        [
          -1.0,
          -2.233944695895218e-10,
          -1.3059664460968179e-08,
          9.5367431640625e-07
        ],
        [
          8.754863500826104e-11,
          -1.0,
          -2.2823432033192148e-10,
          1.7000000476837158
        ],
        [
          0.0,
          0.0,
          0.0,
          1.0
        ]
      ],
      "camera_intrinsics": [
        [
          1142.5184326171875,
          0.0,
          800.0
        ],
        [
          0.0,
          1142.5184326171875,
          450.0
        ],
        [
          0.0,
          0.0,
          1.0
        ]
      ],
      "data_path": "D:\\Agent-AI\\outputs\\samples\\sample_000012\\images\\CAM_FRONT.png",
      "raw_layout": "bgra8"
    },
    "CAM_FRONT_RIGHT": {
      "type_id": "sensor.camera.rgb",
      "blueprint_attributes": {
        "role_name": "front",
        "ros_name": "sensor.camera.rgb",
        "chromatic_aberration_offset": "0.0",
        "sensor_tick": "0.050000",
        "fstop": "1.4",
        "image_size_x": "1600",
        "image_size_y": "900",
        "fov": "70.00",
        "lens_circle_falloff": "5.0",
        "lens_circle_multiplier": "0.0",
        "exposure_compensation": "0.0",
        "lens_y_size": "0.08",
        "lens_k": "-1.0",
        "exposure_mode": "histogram",
        "lens_kcube": "0.0",
        "lens_x_size": "0.08",
        "exposure_max_bright": "12.0",
        "shutter_speed": "200.0",
        "bloom_intensity": "0.675",
        "iso": "100.0",
        "enable_postprocess_effects": "false",
        "gamma": "2.2",
        "motion_blur_intensity": "0.0",
        "motion_blur_max_distortion": "0.35",
        "lens_flare_intensity": "0.1",
        "motion_blur_min_object_screen_size": "0.1",
        "exposure_min_bright": "10.0",
        "exposure_speed_up": "3.0",
        "exposure_speed_down": "1.0",
        "tint": "0.0",
        "calibration_constant": "16.0",
        "focal_distance": "1000.0",
        "min_fstop": "1.2",
        "blade_count": "5",
        "blur_amount": "0.0",
        "blur_radius": "0.0",
        "slope": "0.88",
        "toe": "0.55",
        "white_clip": "0.04",
        "shoulder": "0.26",
        "black_clip": "0.0",
        "temp": "6500.0",
        "chromatic_aberration_intensity": "0.0"
      },
      "transform_carla": {
        "location": {
          "x": -57.86902618408203,
          "y": 23.77591896057129,
          "z": 1.700249195098877
        },
        "rotation": {
          "roll": 0.792232871055603,
          "pitch": -0.17330238223075867,
          "yaw": 41.68704605102539
        }
      },
      "matrix_world_from_sensor_carla": [
        [
          0.7467851042747498,
          -0.6650291681289673,
          -0.006936971098184586,
          -57.86902618408203
        ],
        [
          0.6650584936141968,
          0.7466893196105957,
          0.012336984276771545,
          23.77591896057129
        ],
        [
          -0.003024692414328456,
          -0.013826567679643631,
          0.9998998045921326,
          1.700249195098877
        ],
        [
          0.0,
          0.0,
          0.0,
          1.0
        ]
      ],
      "matrix_world_from_sensor_bevfusion": [
        [
          -0.6650291681289673,
          0.006936971098184586,
          0.7467851042747498,
          -57.86902618408203
        ],
        [
          -0.7466893196105957,
          0.012336984276771545,
          -0.6650584936141968,
          -23.77591896057129
        ],
        [
          -0.013826567679643631,
          -0.9998998045921326,
          -0.003024692414328456,
          1.700249195098877
        ],
        [
          0.0,
          0.0,
          0.0,
          1.0
        ]
      ],
      "matrix_ego_from_sensor_carla": [
        [
          0.573576033115387,
          -0.8191522359848022,
          1.9689089469920873e-08,
          1.3000030517578125
        ],
        [
          0.819152295589447,
          0.5735760927200317,
          3.330421805003425e-08,
          0.5499982833862305
        ],
        [
          -3.705273599052816e-08,
          -2.2048531889140577e-09,
          1.0,
          1.7000000476837158
        ],
        [
          0.0,
          0.0,
          0.0,
          1.0
        ]
      ],
      "matrix_ego_from_sensor_bevfusion": [
        [
          -0.8191522359848022,
          -1.9689089469920873e-08,
          0.573576033115387,
          1.3000030517578125
        ],
        [
          -0.5735760927200317,
          3.330421805003425e-08,
          -0.819152295589447,
          -0.5499982833862305
        ],
        [
          -2.2048531889140577e-09,
          -1.0,
          -3.705273599052816e-08,
          1.7000000476837158
        ],
        [
          0.0,
          0.0,
          0.0,
          1.0
        ]
      ],
      "camera_intrinsics": [
        [
          1142.5184326171875,
          0.0,
          800.0
        ],
        [
          0.0,
          1142.5184326171875,
          450.0
        ],
        [
          0.0,
          0.0,
          1.0
        ]
      ],
      "data_path": "D:\\Agent-AI\\outputs\\samples\\sample_000012\\images\\CAM_FRONT_RIGHT.png",
      "raw_layout": "bgra8"
    },
    "CAM_FRONT_LEFT": {
      "type_id": "sensor.camera.rgb",
      "blueprint_attributes": {
        "role_name": "front",
        "ros_name": "sensor.camera.rgb",
        "chromatic_aberration_offset": "0.0",
        "sensor_tick": "0.050000",
        "fstop": "1.4",
        "image_size_x": "1600",
        "image_size_y": "900",
        "fov": "70.00",
        "lens_circle_falloff": "5.0",
        "lens_circle_multiplier": "0.0",
        "exposure_compensation": "0.0",
        "lens_y_size": "0.08",
        "lens_k": "-1.0",
        "exposure_mode": "histogram",
        "lens_kcube": "0.0",
        "lens_x_size": "0.08",
        "exposure_max_bright": "12.0",
        "shutter_speed": "200.0",
        "bloom_intensity": "0.675",
        "iso": "100.0",
        "enable_postprocess_effects": "false",
        "gamma": "2.2",
        "motion_blur_intensity": "0.0",
        "motion_blur_max_distortion": "0.35",
        "lens_flare_intensity": "0.1",
        "motion_blur_min_object_screen_size": "0.1",
        "exposure_min_bright": "10.0",
        "exposure_speed_up": "3.0",
        "exposure_speed_down": "1.0",
        "tint": "0.0",
        "calibration_constant": "16.0",
        "focal_distance": "1000.0",
        "min_fstop": "1.2",
        "blade_count": "5",
        "blur_amount": "0.0",
        "blur_radius": "0.0",
        "slope": "0.88",
        "toe": "0.55",
        "white_clip": "0.04",
        "shoulder": "0.26",
        "black_clip": "0.0",
        "temp": "6500.0",
        "chromatic_aberration_intensity": "0.0"
      },
      "transform_carla": {
        "location": {
          "x": -58.12234115600586,
          "y": 22.70554542541504,
          "z": 1.711698293685913
        },
        "rotation": {
          "roll": -0.10811205208301544,
          "pitch": 0.8037288188934326,
          "yaw": -68.3125228881836
        }
      },
      "matrix_world_from_sensor_carla": [
        [
          0.369507372379303,
          0.9292019009590149,
          -0.006937016267329454,
          -58.12234115600586
        ],
        [
          -0.9291219115257263,
          0.3695676624774933,
          0.012336991727352142,
          22.70554542541504
        ],
        [
          0.014027253724634647,
          0.0018867243779823184,
          0.9998998045921326,
          1.711698293685913
        ],
        [
          0.0,
          0.0,
          0.0,
          1.0
        ]
      ],
      "matrix_world_from_sensor_bevfusion": [
        [
          0.9292019009590149,
          0.006937016267329454,
          0.369507372379303,
          -58.12234115600586
        ],
        [
          -0.3695676624774933,
          0.012336991727352142,
          0.9291219115257263,
          -22.70554542541504
        ],
        [
          0.0018867243779823184,
          -0.9998998045921326,
          0.014027253724634647,
          1.711698293685913
        ],
        [
          0.0,
          0.0,
          0.0,
          1.0
        ]
      ],
      "matrix_ego_from_sensor_carla": [
        [
          0.5735766887664795,
          0.8191518783569336,
          -2.5945716686237574e-08,
          1.3000030517578125
        ],
        [
          -0.8191518783569336,
          0.5735767483711243,
          2.9578927751572337e-08,
          -0.5500001907348633
        ],
        [
          3.891967281788311e-08,
          5.019265003625151e-09,
          1.0,
          1.7000000476837158
        ],
        [
          0.0,
          0.0,
          0.0,
          1.0
        ]
      ],
      "matrix_ego_from_sensor_bevfusion": [
        [
          0.8191518783569336,
          2.5945716686237574e-08,
          0.5735766887664795,
          1.3000030517578125
        ],
        [
          -0.5735767483711243,
          2.9578927751572337e-08,
          0.8191518783569336,
          0.5500001907348633
        ],
        [
          5.019265003625151e-09,
          -1.0,
          3.891967281788311e-08,
          1.7000000476837158
        ],
        [
          0.0,
          0.0,
          0.0,
          1.0
        ]
      ],
      "camera_intrinsics": [
        [
          1142.5184326171875,
          0.0,
          800.0
        ],
        [
          0.0,
          1142.5184326171875,
          450.0
        ],
        [
          0.0,
          0.0,
          1.0
        ]
      ],
      "data_path": "D:\\Agent-AI\\outputs\\samples\\sample_000012\\images\\CAM_FRONT_LEFT.png",
      "raw_layout": "bgra8"
    },
    "CAM_BACK": {
      "type_id": "sensor.camera.rgb",
      "blueprint_attributes": {
        "role_name": "front",
        "ros_name": "sensor.camera.rgb",
        "chromatic_aberration_offset": "0.0",
        "sensor_tick": "0.050000",
        "fstop": "1.4",
        "image_size_x": "1600",
        "image_size_y": "900",
        "fov": "70.00",
        "lens_circle_falloff": "5.0",
        "lens_circle_multiplier": "0.0",
        "exposure_compensation": "0.0",
        "lens_y_size": "0.08",
        "lens_k": "-1.0",
        "exposure_mode": "histogram",
        "lens_kcube": "0.0",
        "lens_x_size": "0.08",
        "exposure_max_bright": "12.0",
        "shutter_speed": "200.0",
        "bloom_intensity": "0.675",
        "iso": "100.0",
        "enable_postprocess_effects": "false",
        "gamma": "2.2",
        "motion_blur_intensity": "0.0",
        "motion_blur_max_distortion": "0.35",
        "lens_flare_intensity": "0.1",
        "motion_blur_min_object_screen_size": "0.1",
        "exposure_min_bright": "10.0",
        "exposure_speed_up": "3.0",
        "exposure_speed_down": "1.0",
        "tint": "0.0",
        "calibration_constant": "16.0",
        "focal_distance": "1000.0",
        "min_fstop": "1.2",
        "blade_count": "5",
        "blur_amount": "0.0",
        "blur_radius": "0.0",
        "slope": "0.88",
        "toe": "0.55",
        "white_clip": "0.04",
        "shoulder": "0.26",
        "black_clip": "0.0",
        "temp": "6500.0",
        "chromatic_aberration_intensity": "0.0"
      },
      "transform_carla": {
        "location": {
          "x": -60.76901626586914,
          "y": 23.89677619934082,
          "z": 1.6786389350891113
        },
        "rotation": {
          "roll": -0.5963865518569946,
          "pitch": -0.5495433211326599,
          "yaw": 166.69110107421875
        }
      },
      "matrix_world_from_sensor_carla": [
        [
          -0.9730983376502991,
          -0.2302856743335724,
          -0.006936999503523111,
          -60.76901626586914
        ],
        [
          0.23019039630889893,
          -0.9730673432350159,
          0.012336957268416882,
          23.89677619934082
        ],
        [
          -0.009591192938387394,
          0.010408242233097553,
          0.9998998045921326,
          1.6786389350891113
        ],
        [
          0.0,
          0.0,
          0.0,
          1.0
        ]
      ],
      "matrix_world_from_sensor_bevfusion": [
        [
          -0.2302856743335724,
          0.006936999503523111,
          -0.9730983376502991,
          -60.76901626586914
        ],
        [
          0.9730673432350159,
          0.012336957268416882,
          -0.23019039630889893,
          -23.89677619934082
        ],
        [
          0.010408242233097553,
          -0.9998998045921326,
          -0.009591192938387394,
          1.6786389350891113
        ],
        [
          0.0,
          0.0,
          0.0,
          1.0
        ]
      ],
      "matrix_ego_from_sensor_carla": [
        [
          -1.0,
          2.257648219483599e-07,
          -1.7313298572574354e-09,
          -1.5500030517578125
        ],
        [
          -2.3095276446838398e-07,
          -1.0,
          7.079281050259567e-10,
          -9.5367431640625e-07
        ],
        [
          -2.565733403514514e-09,
          -8.773515247639807e-11,
          1.0,
          1.7000000476837158
        ],
        [
          0.0,
          0.0,
          0.0,
          1.0
        ]
      ],
      "matrix_ego_from_sensor_bevfusion": [
        [
          2.257648219483599e-07,
          1.7313298572574354e-09,
          -1.0,
          -1.5500030517578125
        ],
        [
          1.0,
          7.079281050259567e-10,
          2.3095276446838398e-07,
          9.5367431640625e-07
        ],
        [
          -8.773515247639807e-11,
          -1.0,
          -2.565733403514514e-09,
          1.7000000476837158
        ],
        [
          0.0,
          0.0,
          0.0,
          1.0
        ]
      ],
      "camera_intrinsics": [
        [
          1142.5184326171875,
          0.0,
          800.0
        ],
        [
          0.0,
          1142.5184326171875,
          450.0
        ],
        [
          0.0,
          0.0,
          1.0
        ]
      ],
      "data_path": "D:\\Agent-AI\\outputs\\samples\\sample_000012\\images\\CAM_BACK.png",
      "raw_layout": "bgra8"
    },
    "CAM_BACK_LEFT": {
      "type_id": "sensor.camera.rgb",
      "blueprint_attributes": {
        "role_name": "front",
        "ros_name": "sensor.camera.rgb",
        "chromatic_aberration_offset": "0.0",
        "sensor_tick": "0.050000",
        "fstop": "1.4",
        "image_size_x": "1600",
        "image_size_y": "900",
        "fov": "70.00",
        "lens_circle_falloff": "5.0",
        "lens_circle_multiplier": "0.0",
        "exposure_compensation": "0.0",
        "lens_y_size": "0.08",
        "lens_k": "-1.0",
        "exposure_mode": "histogram",
        "lens_kcube": "0.0",
        "lens_x_size": "0.08",
        "exposure_max_bright": "12.0",
        "shutter_speed": "200.0",
        "bloom_intensity": "0.675",
        "iso": "100.0",
        "enable_postprocess_effects": "false",
        "gamma": "2.2",
        "motion_blur_intensity": "0.0",
        "motion_blur_max_distortion": "0.35",
        "lens_flare_intensity": "0.1",
        "motion_blur_min_object_screen_size": "0.1",
        "exposure_min_bright": "10.0",
        "exposure_speed_up": "3.0",
        "exposure_speed_down": "1.0",
        "tint": "0.0",
        "calibration_constant": "16.0",
        "focal_distance": "1000.0",
        "min_fstop": "1.2",
        "blade_count": "5",
        "blur_amount": "0.0",
        "blur_radius": "0.0",
        "slope": "0.88",
        "toe": "0.55",
        "white_clip": "0.04",
        "shoulder": "0.26",
        "black_clip": "0.0",
        "temp": "6500.0",
        "chromatic_aberration_intensity": "0.0"
      },
      "transform_carla": {
        "location": {
          "x": -60.65239715576172,
          "y": 23.30404281616211,
          "z": 1.6867612600326538
        },
        "rotation": {
          "roll": -0.7922328114509583,
          "pitch": 0.17330238223075867,
          "yaw": -138.3129425048828
        }
      },
      "matrix_world_from_sensor_carla": [
        [
          -0.7467849850654602,
          0.6650292873382568,
          -0.00693697202950716,
          -60.65239715576172
        ],
        [
          -0.6650586128234863,
          -0.7466892004013062,
          0.012336982414126396,
          23.30404281616211
        ],
        [
          0.003024692414328456,
          0.013826566748321056,
          0.9998998045921326,
          1.6867612600326538
        ],
        [
          0.0,
          0.0,
          0.0,
          1.0
        ]
      ],
      "matrix_world_from_sensor_bevfusion": [
        [
          0.6650292873382568,
          0.00693697202950716,
          -0.7467849850654602,
          -60.65239715576172
        ],
        [
          0.7466892004013062,
          0.012336982414126396,
          0.6650586128234863,
          -23.30404281616211
        ],
        [
          0.013826566748321056,
          -0.9998998045921326,
          0.003024692414328456,
          1.6867612600326538
        ],
        [
          0.0,
          0.0,
          0.0,
          1.0
        ]
      ],
      "matrix_ego_from_sensor_carla": [
        [
          -0.5735759139060974,
          0.819152295589447,
          1.9689089469920873e-08,
          -1.3000030517578125
        ],
        [
          -0.8191523551940918,
          -0.5735759139060974,
          3.1441572900803294e-08,
          -0.5500001907348633
        ],
        [
          3.4724429553989467e-08,
          2.204946447648126e-09,
          1.0,
          1.7000000476837158
        ],
        [
          0.0,
          0.0,
          0.0,
          1.0
        ]
      ],
      "matrix_ego_from_sensor_bevfusion": [
        [
          0.819152295589447,
          -1.9689089469920873e-08,
          -0.5735759139060974,
          -1.3000030517578125
        ],
        [
          0.5735759139060974,
          3.1441572900803294e-08,
          0.8191523551940918,
          0.5500001907348633
        ],
        [
          2.204946447648126e-09,
          -1.0,
          3.4724429553989467e-08,
          1.7000000476837158
        ],
        [
          0.0,
          0.0,
          0.0,
          1.0
        ]
      ],
      "camera_intrinsics": [
        [
          1142.5184326171875,
          0.0,
          800.0
        ],
        [
          0.0,
          1142.5184326171875,
          450.0
        ],
        [
          0.0,
          0.0,
          1.0
        ]
      ],
      "data_path": "D:\\Agent-AI\\outputs\\samples\\sample_000012\\images\\CAM_BACK_LEFT.png",
      "raw_layout": "bgra8"
    },
    "CAM_BACK_RIGHT": {
      "type_id": "sensor.camera.rgb",
      "blueprint_attributes": {
        "role_name": "front",
        "ros_name": "sensor.camera.rgb",
        "chromatic_aberration_offset": "0.0",
        "sensor_tick": "0.050000",
        "fstop": "1.4",
        "image_size_x": "1600",
        "image_size_y": "900",
        "fov": "70.00",
        "lens_circle_falloff": "5.0",
        "lens_circle_multiplier": "0.0",
        "exposure_compensation": "0.0",
        "lens_y_size": "0.08",
        "lens_k": "-1.0",
        "exposure_mode": "histogram",
        "lens_kcube": "0.0",
        "lens_x_size": "0.08",
        "exposure_max_bright": "12.0",
        "shutter_speed": "200.0",
        "bloom_intensity": "0.675",
        "iso": "100.0",
        "enable_postprocess_effects": "false",
        "gamma": "2.2",
        "motion_blur_intensity": "0.0",
        "motion_blur_max_distortion": "0.35",
        "lens_flare_intensity": "0.1",
        "motion_blur_min_object_screen_size": "0.1",
        "exposure_min_bright": "10.0",
        "exposure_speed_up": "3.0",
        "exposure_speed_down": "1.0",
        "tint": "0.0",
        "calibration_constant": "16.0",
        "focal_distance": "1000.0",
        "min_fstop": "1.2",
        "blade_count": "5",
        "blur_amount": "0.0",
        "blur_radius": "0.0",
        "slope": "0.88",
        "toe": "0.55",
        "white_clip": "0.04",
        "shoulder": "0.26",
        "black_clip": "0.0",
        "temp": "6500.0",
        "chromatic_aberration_intensity": "0.0"
      },
      "transform_carla": {
        "location": {
          "x": -60.399085998535156,
          "y": 24.37441635131836,
          "z": 1.6753121614456177
        },
        "rotation": {
          "roll": 0.1081121563911438,
          "pitch": -0.8037288188934326,
          "yaw": 111.68744659423828
        }
      },
      "matrix_world_from_sensor_carla": [
        [
          -0.3695067763328552,
          -0.929202139377594,
          -0.006937010213732719,
          -60.399085998535156
        ],
        [
          0.9291221499443054,
          -0.36956706643104553,
          0.012336996383965015,
          24.37441635131836
        ],
        [
          -0.014027253724634647,
          -0.0018867262406274676,
          0.9998998045921326,
          1.6753121614456177
        ],
        [
          0.0,
          0.0,
          0.0,
          1.0
        ]
      ],
      "matrix_world_from_sensor_bevfusion": [
        [
          -0.929202139377594,
          0.006937010213732719,
          -0.3695067763328552,
          -60.399085998535156
        ],
        [
          0.36956706643104553,
          0.012336996383965015,
          -0.9291221499443054,
          -24.37441635131836
        ],
        [
          -0.0018867262406274676,
          -0.9998998045921326,
          -0.014027253724634647,
          1.6753121614456177
        ],
        [
          0.0,
          0.0,
          0.0,
          1.0
        ]
      ],
      "matrix_ego_from_sensor_carla": [
        [
          -0.5735761523246765,
          -0.819152295589447,
          -2.1289103813160182e-08,
          -1.3000030517578125
        ],
        [
          0.8191522359848022,
          -0.5735762119293213,
          3.6098185773880687e-08,
          0.5499992370605469
        ],
        [
          -3.985099539249859e-08,
          2.3150867889398796e-09,
          1.0,
          1.7000000476837158
        ],
        [
          0.0,
          0.0,
          0.0,
          1.0
        ]
      ],
      "matrix_ego_from_sensor_bevfusion": [
        [
          -0.819152295589447,
          2.1289103813160182e-08,
          -0.5735761523246765,
          -1.3000030517578125
        ],
        [
          0.5735762119293213,
          3.6098185773880687e-08,
          -0.8191522359848022,
          -0.5499992370605469
        ],
        [
          2.3150867889398796e-09,
          -1.0,
          -3.985099539249859e-08,
          1.7000000476837158
        ],
        [
          0.0,
          0.0,
          0.0,
          1.0
        ]
      ],
      "camera_intrinsics": [
        [
          1142.5184326171875,
          0.0,
          800.0
        ],
        [
          0.0,
          1142.5184326171875,
          450.0
        ],
        [
          0.0,
          0.0,
          1.0
        ]
      ],
      "data_path": "D:\\Agent-AI\\outputs\\samples\\sample_000012\\images\\CAM_BACK_RIGHT.png",
      "raw_layout": "bgra8"
    },
    "LIDAR_TOP": {
      "type_id": "sensor.lidar.ray_cast",
      "blueprint_attributes": {
        "atmosphere_attenuation_rate": "0.004",
        "role_name": "front",
        "noise_seed": "0",
        "upper_fov": "10.0",
        "ros_name": "sensor.lidar.ray_cast",
        "sensor_tick": "0.050000",
        "channels": "32",
        "range": "120.0",
        "points_per_second": "360000",
        "lower_fov": "-30.0",
        "rotation_frequency": "20.000000",
        "horizontal_fov": "360.0",
        "dropoff_general_rate": "0.0",
        "dropoff_intensity_limit": "1.0",
        "noise_stddev": "0.0",
        "dropoff_zero_intensity": "0.0"
      },
      "transform_carla": {
        "location": {
          "x": -59.264183044433594,
          "y": 23.54615020751953,
          "z": 2.193455219268799
        },
        "rotation": {
          "roll": 0.5963864326477051,
          "pitch": 0.5495433211326599,
          "yaw": -13.308917045593262
        }
      },
      "matrix_world_from_sensor_carla": [
        [
          0.9730982780456543,
          0.2302858829498291,
          -0.006936998106539249,
          -59.264183044433594
        ],
        [
          -0.23019060492515564,
          0.9730672836303711,
          0.012336956337094307,
          23.54615020751953
        ],
        [
          0.009591192938387394,
          -0.010408240370452404,
          0.9998998045921326,
          2.193455219268799
        ],
        [
          0.0,
          0.0,
          0.0,
          1.0
        ]
      ],
      "matrix_world_from_sensor_bevfusion": [
        [
          0.9730982780456543,
          -0.2302858829498291,
          -0.006936998106539249,
          -59.264183044433594
        ],
        [
          0.23019060492515564,
          0.9730672836303711,
          -0.012336956337094307,
          -23.54615020751953
        ],
        [
          0.009591192938387394,
          0.010408240370452404,
          0.9998998045921326,
          2.193455219268799
        ],
        [
          0.0,
          0.0,
          0.0,
          1.0
        ]
      ],
      "matrix_ego_from_sensor_carla": [
        [
          0.9999999403953552,
          -3.4155207551123112e-09,
          1.3131529197352165e-10,
          -3.814697265625e-06
        ],
        [
          1.3059664460968179e-08,
          1.0,
          -2.233944695895218e-10,
          -9.5367431640625e-07
        ],
        [
          -2.2823432033192148e-10,
          8.754863500826104e-11,
          1.0,
          2.200000047683716
        ],
        [
          0.0,
          0.0,
          0.0,
          1.0
        ]
      ],
      "matrix_ego_from_sensor_bevfusion": [
        [
          0.9999999403953552,
          3.4155207551123112e-09,
          1.3131529197352165e-10,
          -3.814697265625e-06
        ],
        [
          -1.3059664460968179e-08,
          1.0,
          2.233944695895218e-10,
          9.5367431640625e-07
        ],
        [
          -2.2823432033192148e-10,
          -8.754863500826104e-11,
          1.0,
          2.200000047683716
        ],
        [
          0.0,
          0.0,
          0.0,
          1.0
        ]
      ],
      "data_path": "D:\\Agent-AI\\outputs\\samples\\sample_000012\\lidar\\LIDAR_TOP.npy",
      "raw_layout": [
        "x",
        "y",
        "z",
        "intensity"
      ]
    },
    "RADAR_FRONT": {
      "type_id": "sensor.other.radar",
      "blueprint_attributes": {
        "sensor_tick": "0.050000",
        "role_name": "default",
        "noise_seed": "0",
        "ros_name": "sensor.other.radar",
        "horizontal_fov": "35.0",
        "points_per_second": "1500",
        "vertical_fov": "20.0",
        "range": "120.0"
      },
      "transform_carla": {
        "location": {
          "x": -57.30896759033203,
          "y": 23.069730758666992,
          "z": 0.9127677083015442
        },
        "rotation": {
          "roll": 0.5963864326477051,
          "pitch": 0.5495433211326599,
          "yaw": -13.308917045593262
        }
      },
      "matrix_world_from_sensor_carla": [
        [
          0.9730982780456543,
          0.2302858829498291,
          -0.006936998106539249,
          -57.30896759033203
        ],
        [
          -0.23019060492515564,
          0.9730672836303711,
          0.012336956337094307,
          23.069730758666992
        ],
        [
          0.009591192938387394,
          -0.010408240370452404,
          0.9998998045921326,
          0.9127677083015442
        ],
        [
          0.0,
          0.0,
          0.0,
          1.0
        ]
      ],
      "matrix_world_from_sensor_bevfusion": [
        [
          0.9730982780456543,
          -0.2302858829498291,
          -0.006936998106539249,
          -57.30896759033203
        ],
        [
          0.23019060492515564,
          0.9730672836303711,
          -0.012336956337094307,
          -23.069730758666992
        ],
        [
          0.009591192938387394,
          0.010408240370452404,
          0.9998998045921326,
          0.9127677083015442
        ],
        [
          0.0,
          0.0,
          0.0,
          1.0
        ]
      ],
      "matrix_ego_from_sensor_carla": [
        [
          0.9999999403953552,
          -3.4155207551123112e-09,
          1.3131529197352165e-10,
          2.0
        ],
        [
          1.3059664460968179e-08,
          1.0,
          -2.233944695895218e-10,
          0.0
        ],
        [
          -2.2823432033192148e-10,
          8.754863500826104e-11,
          1.0,
          0.8999999165534973
        ],
        [
          0.0,
          0.0,
          0.0,
          1.0
        ]
      ],
      "matrix_ego_from_sensor_bevfusion": [
        [
          0.9999999403953552,
          3.4155207551123112e-09,
          1.3131529197352165e-10,
          2.0
        ],
        [
          -1.3059664460968179e-08,
          1.0,
          2.233944695895218e-10,
          0.0
        ],
        [
          -2.2823432033192148e-10,
          -8.754863500826104e-11,
          1.0,
          0.8999999165534973
        ],
        [
          0.0,
          0.0,
          0.0,
          1.0
        ]
      ],
      "data_path": "D:\\Agent-AI\\outputs\\samples\\sample_000012\\radar\\RADAR_FRONT.npy",
      "raw_layout": [
        "velocity",
        "altitude",
        "azimuth",
        "depth"
      ]
    },
    "RADAR_FRONT_LEFT": {
      "type_id": "sensor.other.radar",
      "blueprint_attributes": {
        "sensor_tick": "0.050000",
        "role_name": "default",
        "noise_seed": "0",
        "ros_name": "sensor.other.radar",
        "horizontal_fov": "35.0",
        "points_per_second": "1500",
        "vertical_fov": "20.0",
        "range": "120.0"
      },
      "transform_carla": {
        "location": {
          "x": -57.822265625,
          "y": 22.42049789428711,
          "z": 0.9172170162200928
        },
        "rotation": {
          "roll": 0.03310531750321388,
          "pitch": 0.8102926015853882,
          "yaw": -58.31150817871094
        }
      },
      "matrix_world_from_sensor_carla": [
        [
          0.5252482295036316,
          0.8509207963943481,
          -0.006937041413038969,
          -57.822265625
        ],
        [
          -0.8508315682411194,
          0.5252936482429504,
          0.01233701128512621,
          22.42049789428711
        ],
        [
          0.014141802676022053,
          -0.0005777389160357416,
          0.9998998045921326,
          0.9172170162200928
        ],
        [
          0.0,
          0.0,
          0.0,
          1.0
        ]
      ],
      "matrix_world_from_sensor_bevfusion": [
        [
          0.5252482295036316,
          -0.8509207963943481,
          -0.006937041413038969,
          -57.822265625
        ],
        [
          0.8508315682411194,
          0.5252936482429504,
          -0.01233701128512621,
          -22.42049789428711
        ],
        [
          0.014141802676022053,
          0.0005777389160357416,
          0.9998998045921326,
          0.9172170162200928
        ],
        [
          0.0,
          0.0,
          0.0,
          1.0
        ]
      ],
      "matrix_ego_from_sensor_carla": [
        [
          0.7071073055267334,
          0.707106351852417,
          -5.481671649931741e-08,
          1.6500015258789062
        ],
        [
          -0.707106351852417,
          0.7071071863174438,
          4.3548766370804515e-08,
          -0.7499980926513672
        ],
        [
          6.749608871814416e-08,
          9.074330620251203e-09,
          1.0,
          0.9000000357627869
        ],
        [
          0.0,
          0.0,
          0.0,
          1.0
        ]
      ],
      "matrix_ego_from_sensor_bevfusion": [
        [
          0.7071073055267334,
          -0.707106351852417,
          -5.481671649931741e-08,
          1.6500015258789062
        ],
        [
          0.707106351852417,
          0.7071071863174438,
          -4.3548766370804515e-08,
          0.7499980926513672
        ],
        [
          6.749608871814416e-08,
          -9.074330620251203e-09,
          1.0,
          0.9000000357627869
        ],
        [
          0.0,
          0.0,
          0.0,
          1.0
        ]
      ],
      "data_path": "D:\\Agent-AI\\outputs\\samples\\sample_000012\\radar\\RADAR_FRONT_LEFT.npy",
      "raw_layout": [
        "velocity",
        "altitude",
        "azimuth",
        "depth"
      ]
    },
    "RADAR_FRONT_RIGHT": {
      "type_id": "sensor.other.radar",
      "blueprint_attributes": {
        "sensor_tick": "0.050000",
        "role_name": "default",
        "noise_seed": "0",
        "ros_name": "sensor.other.radar",
        "horizontal_fov": "35.0",
        "points_per_second": "1500",
