{
  "schema_version": "stage1.v1",
  "sample_name": "sample_000022",
  "sequence_index": 22,
  "previous_sample_name": "sample_000021",
  "frame_id": 3942,
  "timestamp": 41.331086579710245,
  "platform_timestamp": 16816491.3208465,
  "delta_seconds": 0.10000000149011612,
  "town": "Carla/Maps/Town10HD_Opt",
  "weather": {
    "cloudiness": 20.0,
    "dust_storm": 0.0,
    "fog_density": 2.0,
    "fog_distance": 0.75,
    "fog_falloff": 0.10000000149011612,
    "mie_scattering_scale": 0.029999999329447746,
    "precipitation": 0.0,
    "precipitation_deposits": 0.0,
    "rayleigh_scattering_scale": 0.03310000151395798,
    "scattering_intensity": 1.0,
    "sun_altitude_angle": 45.0,
    "sun_azimuth_angle": 300.0,
    "wetness": 0.0,
    "wind_intensity": 10.0
  },
  "sensor_names": [
    "CAM_FRONT",
    "CAM_FRONT_RIGHT",
    "CAM_FRONT_LEFT",
    "CAM_BACK",
    "CAM_BACK_LEFT",
    "CAM_BACK_RIGHT",
    "LIDAR_TOP",
    "RADAR_FRONT",
    "RADAR_FRONT_LEFT",
    "RADAR_FRONT_RIGHT",
    "RADAR_BACK_LEFT",
    "RADAR_BACK_RIGHT"
  ],
  "camera_order_for_model": [
    "CAM_FRONT",
    "CAM_FRONT_RIGHT",
    "CAM_FRONT_LEFT",
    "CAM_BACK",
    "CAM_BACK_LEFT",
    "CAM_BACK_RIGHT"
  ],
  "radar_order_for_model": [
    "RADAR_FRONT",
    "RADAR_FRONT_LEFT",
    "RADAR_FRONT_RIGHT",
    "RADAR_BACK_LEFT",
    "RADAR_BACK_RIGHT"
  ],
  "coordinate_notes": {
    "carla_world": "left-handed x-forward y-right z-up",
    "bevfusion_lidar": "x-forward y-left z-up",
    "camera_frame_for_model": "OpenCV style x-right y-down z-forward"
  },
  "ego": {
    "actor_id": 24,
    "transform_carla": {
      "location": {
        "x": 108.48057556152344,
        "y": -33.5961799621582,
        "z": 0.001029701204970479
      },
      "rotation": {
        "roll": 0.19367463886737823,
        "pitch": -1.5107694864273071,
        "yaw": -103.32063293457031
      }
    },
    "velocity_carla": [
      -0.3117463290691376,
      -1.38787841796875,
      -0.0018206691602244973
    ],
    "angular_velocity_carla": [
      5.730602264404297,
      -2.3897218704223633,
      -2.834411144256592
    ],
    "matrix_world_from_ego_carla": [
      [
        -0.23032009601593018,
        0.9731109142303467,
        -0.002785119228065014,
        108.48057556152344
      ],
      [
        -0.9727576971054077,
        -0.23031215369701385,
        -0.026434188708662987,
        -33.5961799621582
      ],
      [
        -0.026364846155047417,
        -0.003379078581929207,
        0.9996466636657715,
        0.001029701204970479
      ],
      [
        0.0,
        0.0,
        0.0,
        1.0
      ]
    ],
    "matrix_world_from_ego_bevfusion": [
      [
        -0.23032009601593018,
        -0.9731109142303467,
        -0.002785119228065014,
        108.48057556152344
      ],
      [
        0.9727576971054077,
        -0.23031215369701385,
        0.026434188708662987,
        33.5961799621582
      ],
      [
        -0.026364846155047417,
        0.003379078581929207,
        0.9996466636657715,
        0.001029701204970479
      ],
      [
        0.0,
        0.0,
        0.0,
        1.0
      ]
    ]
  },
  "sensors": {
    "CAM_FRONT": {
      "type_id": "sensor.camera.rgb",
      "blueprint_attributes": {
        "role_name": "front",
        "ros_name": "sensor.camera.rgb",
        "chromatic_aberration_offset": "0.0",
        "sensor_tick": "0.100000",
        "fstop": "1.4",
        "image_size_x": "960",
        "image_size_y": "540",
        "fov": "70.00",
        "lens_circle_falloff": "5.0",
        "lens_circle_multiplier": "0.0",
        "exposure_compensation": "0.0",
        "lens_y_size": "0.08",
        "lens_k": "-1.0",
        "exposure_mode": "histogram",
        "lens_kcube": "0.0",
        "lens_x_size": "0.08",
        "exposure_max_bright": "12.0",
        "shutter_speed": "200.0",
        "bloom_intensity": "0.675",
        "iso": "100.0",
        "enable_postprocess_effects": "false",
        "gamma": "2.2",
        "motion_blur_intensity": "0.0",
        "motion_blur_max_distortion": "0.35",
        "lens_flare_intensity": "0.1",
        "motion_blur_min_object_screen_size": "0.1",
        "exposure_min_bright": "10.0",
        "exposure_speed_up": "3.0",
        "exposure_speed_down": "1.0",
        "tint": "0.0",
        "calibration_constant": "16.0",
        "focal_distance": "1000.0",
        "min_fstop": "1.2",
        "blade_count": "5",
        "blur_amount": "0.0",
        "blur_radius": "0.0",
        "slope": "0.88",
        "toe": "0.55",
        "white_clip": "0.04",
        "shoulder": "0.26",
        "black_clip": "0.0",
        "temp": "6500.0",
        "chromatic_aberration_intensity": "0.0"
      },
      "transform_carla": {
        "location": {
          "x": 108.11884307861328,
          "y": -35.14889144897461,
          "z": 1.6595633029937744
        },
        "rotation": {
          "roll": 0.19367463886737823,
          "pitch": -1.5107694864273071,
          "yaw": -103.32063293457031
        }
      },
      "matrix_world_from_sensor_carla": [
        [
          -0.23032009601593018,
          0.9731109142303467,
          -0.002785119228065014,
          108.11884307861328
        ],
        [
          -0.9727576971054077,
          -0.23031215369701385,
          -0.026434188708662987,
          -35.14889144897461
        ],
        [
          -0.026364846155047417,
          -0.003379078581929207,
          0.9996466636657715,
          1.6595633029937744
        ],
        [
          0.0,
          0.0,
          0.0,
          1.0
        ]
      ],
      "matrix_world_from_sensor_bevfusion": [
        [
          0.9731109142303467,
          0.002785119228065014,
          -0.23032009601593018,
          108.11884307861328
        ],
        [
          0.23031215369701385,
          -0.026434188708662987,
          0.9727576971054077,
          35.14889144897461
        ],
        [
          -0.003379078581929207,
          -0.9996466636657715,
          -0.026364846155047417,
          1.6595633029937744
        ],
        [
          0.0,
          0.0,
          0.0,
          1.0
        ]
      ],
      "matrix_ego_from_sensor_carla": [
        [
          1.0,
          -3.7551547982239697e-10,
          -1.2929435300179648e-09,
          1.5499992370605469
        ],
        [
          -3.69376945696942e-10,
          1.0,
          -4.219180560482982e-12,
          0.0
        ],
        [
          5.697016192129922e-10,
          -4.3014480866077065e-12,
          1.0,
          1.6999995708465576
        ],
        [
          0.0,
          0.0,
          0.0,
          1.0
        ]
      ],
      "matrix_ego_from_sensor_bevfusion": [
        [
          -3.7551547982239697e-10,
          1.2929435300179648e-09,
          1.0,
          1.5499992370605469
        ],
        [
          -1.0,
          -4.219180560482982e-12,
          3.69376945696942e-10,
          0.0
        ],
        [
          -4.3014480866077065e-12,
          -1.0,
          5.697016192129922e-10,
          1.6999995708465576
        ],
        [
          0.0,
          0.0,
          0.0,
          1.0
        ]
      ],
      "camera_intrinsics": [
        [
          685.5110473632812,
          0.0,
          480.0
        ],
        [
          0.0,
          685.5110473632812,
          270.0
        ],
        [
          0.0,
          0.0,
          1.0
        ]
      ],
      "data_path": "D:\\Agent-AI\\outputs\\s3a_left_v3\\sample_000022\\images\\CAM_FRONT.png",
      "raw_layout": "bgra8"
    },
    "CAM_FRONT_RIGHT": {
      "type_id": "sensor.camera.rgb",
      "blueprint_attributes": {
        "role_name": "front",
        "ros_name": "sensor.camera.rgb",
        "chromatic_aberration_offset": "0.0",
        "sensor_tick": "0.100000",
        "fstop": "1.4",
        "image_size_x": "960",
        "image_size_y": "540",
        "fov": "70.00",
        "lens_circle_falloff": "5.0",
        "lens_circle_multiplier": "0.0",
        "exposure_compensation": "0.0",
        "lens_y_size": "0.08",
        "lens_k": "-1.0",
        "exposure_mode": "histogram",
        "lens_kcube": "0.0",
        "lens_x_size": "0.08",
        "exposure_max_bright": "12.0",
        "shutter_speed": "200.0",
        "bloom_intensity": "0.675",
        "iso": "100.0",
        "enable_postprocess_effects": "false",
        "gamma": "2.2",
        "motion_blur_intensity": "0.0",
        "motion_blur_max_distortion": "0.35",
        "lens_flare_intensity": "0.1",
        "motion_blur_min_object_screen_size": "0.1",
        "exposure_min_bright": "10.0",
        "exposure_speed_up": "3.0",
        "exposure_speed_down": "1.0",
        "tint": "0.0",
        "calibration_constant": "16.0",
        "focal_distance": "1000.0",
        "min_fstop": "1.2",
        "blade_count": "5",
        "blur_amount": "0.0",
        "blur_radius": "0.0",
        "slope": "0.88",
        "toe": "0.55",
        "white_clip": "0.04",
        "shoulder": "0.26",
        "black_clip": "0.0",
        "temp": "6500.0",
        "chromatic_aberration_intensity": "0.0"
      },
      "transform_carla": {
        "location": {
          "x": 108.71163940429688,
          "y": -35.032371520996094,
          "z": 1.66429603099823
        },
        "rotation": {
          "roll": -1.1266134977340698,
          "pitch": -1.0250884294509888,
          "yaw": -48.3079833984375
        }
      },
      "matrix_world_from_sensor_carla": [
        [
          0.6650198698043823,
          0.7468204498291016,
          -0.0027851564809679985,
          108.71163940429688
        ],
        [
          -0.7466113567352295,
          0.6647350788116455,
          -0.02643420547246933,
          -35.032371520996094
        ],
        [
          -0.017890214920043945,
          0.019658701494336128,
          0.9996467232704163,
          1.66429603099823
        ],
        [
          0.0,
          0.0,
          0.0,
          1.0
        ]
      ],
      "matrix_world_from_sensor_bevfusion": [
        [
          0.7468204498291016,
          0.0027851564809679985,
          0.6650198698043823,
          108.71163940429688
        ],
        [
          -0.6647350788116455,
          -0.02643420547246933,
          0.7466113567352295,
          35.032371520996094
        ],
        [
          0.019658701494336128,
          -0.9996467232704163,
          -0.017890214920043945,
          1.66429603099823
        ],
        [
          0.0,
          0.0,
          0.0,
          1.0
        ]
      ],
      "matrix_ego_from_sensor_carla": [
        [
          0.5735761523246765,
          -0.8191522359848022,
          2.3212621158563707e-08,
          1.2999954223632812
        ],
        [
          0.8191522359848022,
          0.5735762119293213,
          -3.256908698290317e-08,
          0.5500106811523438
        ],
        [
          1.2483837963372935e-08,
          3.692314365366656e-08,
          1.0,
          1.6999995708465576
        ],
        [
          0.0,
          0.0,
          0.0,
          1.0
        ]
      ],
      "matrix_ego_from_sensor_bevfusion": [
        [
          -0.8191522359848022,
          -2.3212621158563707e-08,
          0.5735761523246765,
          1.2999954223632812
        ],
        [
          -0.5735762119293213,
          -3.256908698290317e-08,
          -0.8191522359848022,
          -0.5500106811523438
        ],
        [
          3.692314365366656e-08,
          -1.0,
          1.2483837963372935e-08,
          1.6999995708465576
        ],
        [
          0.0,
          0.0,
          0.0,
          1.0
        ]
      ],
      "camera_intrinsics": [
        [
          685.5110473632812,
          0.0,
          480.0
        ],
        [
          0.0,
          685.5110473632812,
          270.0
        ],
        [
          0.0,
          0.0,
          1.0
        ]
      ],
      "data_path": "D:\\Agent-AI\\outputs\\s3a_left_v3\\sample_000022\\images\\CAM_FRONT_RIGHT.png",
      "raw_layout": "bgra8"
    },
    "CAM_FRONT_LEFT": {
      "type_id": "sensor.camera.rgb",
      "blueprint_attributes": {
        "role_name": "front",
        "ros_name": "sensor.camera.rgb",
        "chromatic_aberration_offset": "0.0",
        "sensor_tick": "0.100000",
        "fstop": "1.4",
        "image_size_x": "960",
        "image_size_y": "540",
        "fov": "70.00",
        "lens_circle_falloff": "5.0",
        "lens_circle_multiplier": "0.0",
        "exposure_compensation": "0.0",
        "lens_y_size": "0.08",
        "lens_k": "-1.0",
        "exposure_mode": "histogram",
        "lens_kcube": "0.0",
        "lens_x_size": "0.08",
        "exposure_max_bright": "12.0",
        "shutter_speed": "200.0",
        "bloom_intensity": "0.675",
        "iso": "100.0",
        "enable_postprocess_effects": "false",
        "gamma": "2.2",
        "motion_blur_intensity": "0.0",
        "motion_blur_max_distortion": "0.35",
        "lens_flare_intensity": "0.1",
        "motion_blur_min_object_screen_size": "0.1",
        "exposure_min_bright": "10.0",
        "exposure_speed_up": "3.0",
        "exposure_speed_down": "1.0",
        "tint": "0.0",
        "calibration_constant": "16.0",
        "focal_distance": "1000.0",
        "min_fstop": "1.2",
        "blade_count": "5",
        "blur_amount": "0.0",
        "blur_radius": "0.0",
        "slope": "0.88",
        "toe": "0.55",
        "white_clip": "0.04",
        "shoulder": "0.26",
        "black_clip": "0.0",
        "temp": "6500.0",
        "chromatic_aberration_intensity": "0.0"
      },
      "transform_carla": {
        "location": {
          "x": 107.64120483398438,
          "y": -34.779029846191406,
          "z": 1.668013095855713
        },
        "rotation": {
          "roll": 1.3486847877502441,
          "pitch": -0.7078670859336853,
          "yaw": -158.32640075683594
        }
      },
      "matrix_world_from_sensor_carla": [
        [
          -0.9292318820953369,
          0.36948660016059875,
          -0.0027851173654198647,
          107.64120483398438
        ],
        [
          -0.3692905306816101,
          -0.9289379715919495,
          -0.026434239000082016,
          -34.779029846191406
        ],
        [
          -0.012354297563433647,
          -0.023535020649433136,
          0.9996466636657715,
          1.668013095855713
        ],
        [
          0.0,
          0.0,
          0.0,
          1.0
        ]
      ],
      "matrix_world_from_sensor_bevfusion": [
        [
          0.36948660016059875,
          0.0027851173654198647,
          -0.9292318820953369,
          107.64120483398438
        ],
        [
          0.9289379715919495,
          -0.026434239000082016,
          0.3692905306816101,
          34.779029846191406
        ],
        [
          -0.023535020649433136,
          -0.9996466636657715,
          -0.012354297563433647,
          1.668013095855713
        ],
        [
          0.0,
          0.0,
          0.0,
          1.0
        ]
      ],
      "matrix_ego_from_sensor_carla": [
        [
          0.5735767483711243,
          0.8191518783569336,
          4.713583123816534e-08,
          1.2999992370605469
        ],
        [
          -0.8191519379615784,
          0.5735766887664795,
          1.3267127840776993e-08,
          -0.5500030517578125
        ],
        [
          -1.3856532810052613e-08,
          -4.563615263464271e-08,
          1.0,
          1.6999998092651367
        ],
        [
          0.0,
          0.0,
          0.0,
          1.0
        ]
      ],
      "matrix_ego_from_sensor_bevfusion": [
        [
          0.8191518783569336,
          -4.713583123816534e-08,
          0.5735767483711243,
          1.2999992370605469
        ],
        [
          -0.5735766887664795,
          1.3267127840776993e-08,
          0.8191519379615784,
          0.5500030517578125
        ],
        [
          -4.563615263464271e-08,
          -1.0,
          -1.3856532810052613e-08,
          1.6999998092651367
        ],
        [
          0.0,
          0.0,
          0.0,
          1.0
        ]
      ],
      "camera_intrinsics": [
        [
          685.5110473632812,
          0.0,
          480.0
        ],
        [
          0.0,
          685.5110473632812,
          270.0
        ],
        [
          0.0,
          0.0,
          1.0
        ]
      ],
      "data_path": "D:\\Agent-AI\\outputs\\s3a_left_v3\\sample_000022\\images\\CAM_FRONT_LEFT.png",
      "raw_layout": "bgra8"
    },
    "CAM_BACK": {
      "type_id": "sensor.camera.rgb",
      "blueprint_attributes": {
        "role_name": "front",
        "ros_name": "sensor.camera.rgb",
        "chromatic_aberration_offset": "0.0",
        "sensor_tick": "0.100000",
        "fstop": "1.4",
        "image_size_x": "960",
        "image_size_y": "540",
        "fov": "70.00",
        "lens_circle_falloff": "5.0",
        "lens_circle_multiplier": "0.0",
        "exposure_compensation": "0.0",
        "lens_y_size": "0.08",
        "lens_k": "-1.0",
        "exposure_mode": "histogram",
        "lens_kcube": "0.0",
        "lens_x_size": "0.08",
        "exposure_max_bright": "12.0",
        "shutter_speed": "200.0",
        "bloom_intensity": "0.675",
        "iso": "100.0",
        "enable_postprocess_effects": "false",
        "gamma": "2.2",
        "motion_blur_intensity": "0.0",
        "motion_blur_max_distortion": "0.35",
        "lens_flare_intensity": "0.1",
        "motion_blur_min_object_screen_size": "0.1",
        "exposure_min_bright": "10.0",
        "exposure_speed_up": "3.0",
        "exposure_speed_down": "1.0",
        "tint": "0.0",
        "calibration_constant": "16.0",
        "focal_distance": "1000.0",
        "min_fstop": "1.2",
        "blade_count": "5",
        "blur_amount": "0.0",
        "blur_radius": "0.0",
        "slope": "0.88",
        "toe": "0.55",
        "white_clip": "0.04",
        "shoulder": "0.26",
        "black_clip": "0.0",
        "temp": "6500.0",
        "chromatic_aberration_intensity": "0.0"
      },
      "transform_carla": {
        "location": {
          "x": 108.83283996582031,
          "y": -32.13334274291992,
          "z": 1.7412946224212646
        },
        "rotation": {
          "roll": -0.19367404282093048,
          "pitch": 1.5107694864273071,
          "yaw": 76.67936706542969
        }
      },
      "matrix_world_from_sensor_carla": [
        [
          0.23032012581825256,
          -0.9731109142303467,
          -0.0027851304039359093,
          108.83283996582031
        ],
        [
          0.9727576971054077,
          0.23031218349933624,
          -0.026434186846017838,
          -32.13334274291992
        ],
        [
          0.026364846155047417,
          0.0033790681045502424,
          0.9996466636657715,
          1.7412946224212646
        ],
        [
          0.0,
          0.0,
          0.0,
          1.0
        ]
      ],
      "matrix_world_from_sensor_bevfusion": [
        [
          -0.9731109142303467,
          0.0027851304039359093,
          0.23032012581825256,
          108.83283996582031
        ],
        [
          -0.23031218349933624,
          -0.026434186846017838,
          -0.9727576971054077,
          32.13334274291992
        ],
        [
          0.0033790681045502424,
          -0.9996466636657715,
          0.026364846155047417,
          1.7412946224212646
        ],
        [
          0.0,
          0.0,
          0.0,
          1.0
        ]
      ],
      "matrix_ego_from_sensor_carla": [
        [
          -1.0,
          -2.83356644814603e-08,
          5.697016192129922e-10,
          -1.5500011444091797
        ],
        [
          3.01716980288802e-08,
          -1.0,
          -1.1180089742879318e-08,
          7.62939453125e-06
        ],
        [
          -5.697016192129922e-10,
          -1.1400698163299694e-08,
          1.0,
          1.6999998092651367
        ],
        [
          0.0,
          0.0,
          0.0,
          1.0
        ]
      ],
      "matrix_ego_from_sensor_bevfusion": [
        [
          -2.83356644814603e-08,
          -5.697016192129922e-10,
          -1.0,
          -1.5500011444091797
        ],
        [
          1.0,
          -1.1180089742879318e-08,
          -3.01716980288802e-08,
          -7.62939453125e-06
        ],
        [
          -1.1400698163299694e-08,
          -1.0,
          -5.697016192129922e-10,
          1.6999998092651367
        ],
        [
          0.0,
          0.0,
          0.0,
          1.0
        ]
      ],
      "camera_intrinsics": [
        [
          685.5110473632812,
          0.0,
          480.0
        ],
        [
          0.0,
          685.5110473632812,
          270.0
        ],
        [
          0.0,
          0.0,
          1.0
        ]
      ],
      "data_path": "D:\\Agent-AI\\outputs\\s3a_left_v3\\sample_000022\\images\\CAM_BACK.png",
      "raw_layout": "bgra8"
    },
    "CAM_BACK_LEFT": {
      "type_id": "sensor.camera.rgb",
      "blueprint_attributes": {
        "role_name": "front",
        "ros_name": "sensor.camera.rgb",
        "chromatic_aberration_offset": "0.0",
        "sensor_tick": "0.100000",
        "fstop": "1.4",
        "image_size_x": "960",
        "image_size_y": "540",
        "fov": "70.00",
        "lens_circle_falloff": "5.0",
        "lens_circle_multiplier": "0.0",
        "exposure_compensation": "0.0",
        "lens_y_size": "0.08",
        "lens_k": "-1.0",
        "exposure_mode": "histogram",
        "lens_kcube": "0.0",
        "lens_x_size": "0.08",
        "exposure_max_bright": "12.0",
        "shutter_speed": "200.0",
        "bloom_intensity": "0.675",
        "iso": "100.0",
        "enable_postprocess_effects": "false",
        "gamma": "2.2",
        "motion_blur_intensity": "0.0",
        "motion_blur_max_distortion": "0.35",
        "lens_flare_intensity": "0.1",
        "motion_blur_min_object_screen_size": "0.1",
        "exposure_min_bright": "10.0",
        "exposure_speed_up": "3.0",
        "exposure_speed_down": "1.0",
        "tint": "0.0",
        "calibration_constant": "16.0",
        "focal_distance": "1000.0",
        "min_fstop": "1.2",
        "blade_count": "5",
        "blur_amount": "0.0",
        "blur_radius": "0.0",
        "slope": "0.88",
        "toe": "0.55",
        "white_clip": "0.04",
        "shoulder": "0.26",
        "black_clip": "0.0",
        "temp": "6500.0",
        "chromatic_aberration_intensity": "0.0"
      },
      "transform_carla": {
        "location": {
          "x": 108.24004364013672,
          "y": -32.24985885620117,
          "z": 1.736561894416809
        },
        "rotation": {
          "roll": 1.1266134977340698,
          "pitch": 1.0250884294509888,
          "yaw": 131.6920166015625
        }
      },
      "matrix_world_from_sensor_carla": [
        [
          -0.6650198698043823,
          -0.7468204498291016,
          -0.0027851564809679985,
          108.24004364013672
        ],
        [
          0.7466113567352295,
          -0.6647350788116455,
          -0.02643420547246933,
          -32.24985885620117
        ],
        [
          0.017890214920043945,
          -0.019658701494336128,
          0.9996467232704163,
          1.736561894416809
        ],
        [
          0.0,
          0.0,
          0.0,
          1.0
        ]
      ],
      "matrix_world_from_sensor_bevfusion": [
        [
          -0.7468204498291016,
          0.0027851564809679985,
          -0.6650198698043823,
          108.24004364013672
        ],
        [
          0.6647350788116455,
          -0.02643420547246933,
          -0.7466113567352295,
          32.24985885620117
        ],
        [
          -0.019658701494336128,
          -0.9996467232704163,
          0.017890214920043945,
          1.736561894416809
        ],
        [
          0.0,
          0.0,
          0.0,
          1.0
        ]
      ],
      "matrix_ego_from_sensor_carla": [
        [
          -0.5735761523246765,
          0.8191522359848022,
          2.3212621158563707e-08,
          -1.3000025749206543
        ],
        [
          -0.8191522359848022,
          -0.5735762119293213,
          -3.256908698290317e-08,
          -0.5499954223632812
        ],
        [
          -1.2483837963372935e-08,
          -3.692314365366656e-08,
          1.0,
          1.6999998092651367
        ],
        [
          0.0,
          0.0,
          0.0,
          1.0
        ]
      ],
      "matrix_ego_from_sensor_bevfusion": [
        [
          0.8191522359848022,
          -2.3212621158563707e-08,
          -0.5735761523246765,
          -1.3000025749206543
        ],
        [
          0.5735762119293213,
          -3.256908698290317e-08,
          0.8191522359848022,
          0.5499954223632812
        ],
        [
          -3.692314365366656e-08,
          -1.0,
          -1.2483837963372935e-08,
          1.6999998092651367
        ],
        [
          0.0,
          0.0,
          0.0,
          1.0
        ]
      ],
      "camera_intrinsics": [
        [
          685.5110473632812,
          0.0,
          480.0
        ],
        [
          0.0,
          685.5110473632812,
          270.0
        ],
        [
          0.0,
          0.0,
          1.0
        ]
      ],
      "data_path": "D:\\Agent-AI\\outputs\\s3a_left_v3\\sample_000022\\images\\CAM_BACK_LEFT.png",
      "raw_layout": "bgra8"
    },
    "CAM_BACK_RIGHT": {
      "type_id": "sensor.camera.rgb",
      "blueprint_attributes": {
        "role_name": "front",
        "ros_name": "sensor.camera.rgb",
        "chromatic_aberration_offset": "0.0",
        "sensor_tick": "0.100000",
        "fstop": "1.4",
        "image_size_x": "960",
        "image_size_y": "540",
        "fov": "70.00",
        "lens_circle_falloff": "5.0",
        "lens_circle_multiplier": "0.0",
        "exposure_compensation": "0.0",
        "lens_y_size": "0.08",
        "lens_k": "-1.0",
        "exposure_mode": "histogram",
        "lens_kcube": "0.0",
        "lens_x_size": "0.08",
        "exposure_max_bright": "12.0",
        "shutter_speed": "200.0",
        "bloom_intensity": "0.675",
        "iso": "100.0",
        "enable_postprocess_effects": "false",
        "gamma": "2.2",
        "motion_blur_intensity": "0.0",
        "motion_blur_max_distortion": "0.35",
        "lens_flare_intensity": "0.1",
        "motion_blur_min_object_screen_size": "0.1",
        "exposure_min_bright": "10.0",
        "exposure_speed_up": "3.0",
        "exposure_speed_down": "1.0",
        "tint": "0.0",
        "calibration_constant": "16.0",
        "focal_distance": "1000.0",
        "min_fstop": "1.2",
        "blade_count": "5",
        "blur_amount": "0.0",
        "blur_radius": "0.0",
        "slope": "0.88",
        "toe": "0.55",
        "white_clip": "0.04",
        "shoulder": "0.26",
        "black_clip": "0.0",
        "temp": "6500.0",
        "chromatic_aberration_intensity": "0.0"
      },
      "transform_carla": {
        "location": {
          "x": 109.31046295166016,
          "y": -32.50320053100586,
          "z": 1.7328448295593262
        },
        "rotation": {
          "roll": -1.3486850261688232,
          "pitch": 0.7078670859336853,
          "yaw": 21.67357635498047
        }
      },
      "matrix_world_from_sensor_carla": [
        [
          0.9292320609092712,
          -0.36948612332344055,
          -0.00278512854129076,
          109.31046295166016
        ],
        [
          0.3692900538444519,
          0.9289381504058838,
          -0.026434239000082016,
          -32.50320053100586
        ],
        [
          0.012354297563433647,
          0.023535024374723434,
          0.9996466636657715,
          1.7328448295593262
        ],
        [
          0.0,
          0.0,
          0.0,
          1.0
        ]
      ],
      "matrix_world_from_sensor_bevfusion": [
        [
          -0.36948612332344055,
          0.00278512854129076,
          0.9292320609092712,
          109.31046295166016
        ],
        [
          -0.9289381504058838,
          -0.026434239000082016,
          -0.3692900538444519,
          32.50320053100586
        ],
        [
          0.023535024374723434,
          -0.9996466636657715,
          0.012354297563433647,
          1.7328448295593262
        ],
        [
          0.0,
          0.0,
          0.0,
          1.0
        ]
      ],
      "matrix_ego_from_sensor_carla": [
        [
          -0.5735763311386108,
          -0.8191521167755127,
          5.086112153662725e-08,
          -1.3000025749206543
        ],
        [
          0.8191521763801575,
          -0.5735762715339661,
          2.324087144955911e-09,
          0.5500030517578125
        ],
        [
          2.5963725391875414e-08,
          4.377218942863692e-08,
          1.0,
          1.6999998092651367
        ],
        [
          0.0,
          0.0,
          0.0,
          1.0
        ]
      ],
      "matrix_ego_from_sensor_bevfusion": [
        [
          -0.8191521167755127,
          -5.086112153662725e-08,
          -0.5735763311386108,
          -1.3000025749206543
        ],
        [
          0.5735762715339661,
          2.324087144955911e-09,
          -0.8191521763801575,
          -0.5500030517578125
        ],
        [
          4.377218942863692e-08,
          -1.0,
          2.5963725391875414e-08,
          1.6999998092651367
        ],
        [
          0.0,
          0.0,
          0.0,
          1.0
        ]
      ],
      "camera_intrinsics": [
        [
          685.5110473632812,
          0.0,
          480.0
        ],
        [
          0.0,
          685.5110473632812,
          270.0
        ],
        [
          0.0,
          0.0,
          1.0
        ]
      ],
      "data_path": "D:\\Agent-AI\\outputs\\s3a_left_v3\\sample_000022\\images\\CAM_BACK_RIGHT.png",
      "raw_layout": "bgra8"
    },
    "LIDAR_TOP": {
      "type_id": "sensor.lidar.ray_cast",
      "blueprint_attributes": {
        "atmosphere_attenuation_rate": "0.004",
        "role_name": "front",
        "noise_seed": "0",
        "upper_fov": "10.0",
        "ros_name": "sensor.lidar.ray_cast",
        "sensor_tick": "0.100000",
        "channels": "32",
        "range": "120.0",
        "points_per_second": "360000",
        "lower_fov": "-30.0",
        "rotation_frequency": "10.000000",
        "horizontal_fov": "360.0",
        "dropoff_general_rate": "0.0",
        "dropoff_intensity_limit": "1.0",
        "noise_stddev": "0.0",
        "dropoff_zero_intensity": "0.0"
      },
      "transform_carla": {
        "location": {
          "x": 108.47444915771484,
          "y": -33.65433120727539,
          "z": 2.2002522945404053
        },
        "rotation": {
          "roll": 0.19367463886737823,
          "pitch": -1.5107694864273071,
          "yaw": -103.32063293457031
        }
      },
      "matrix_world_from_sensor_carla": [
        [
          -0.23032009601593018,
          0.9731109142303467,
          -0.002785119228065014,
          108.47444915771484
        ],
        [
          -0.9727576971054077,
          -0.23031215369701385,
          -0.026434188708662987,
          -33.65433120727539
        ],
        [
          -0.026364846155047417,
          -0.003379078581929207,
          0.9996466636657715,
          2.2002522945404053
        ],
        [
          0.0,
          0.0,
          0.0,
          1.0
        ]
      ],
      "matrix_world_from_sensor_bevfusion": [
        [
          -0.23032009601593018,
          -0.9731109142303467,
          -0.002785119228065014,
          108.47444915771484
        ],
        [
          0.9727576971054077,
          -0.23031215369701385,
          0.026434188708662987,
          33.65433120727539
        ],
        [
          -0.026364846155047417,
          0.003379078581929207,
          0.9996466636657715,
          2.2002522945404053
        ],
        [
          0.0,
          0.0,
          0.0,
          1.0
        ]
      ],
      "matrix_ego_from_sensor_carla": [
        [
          1.0,
          -3.7551547982239697e-10,
          -1.2929435300179648e-09,
          -3.814697265625e-06
        ],
        [
          -3.69376945696942e-10,
          1.0,
          -4.219180560482982e-12,
          7.62939453125e-06
        ],
        [
          5.697016192129922e-10,
          -4.3014480866077065e-12,
          1.0,
          2.1999995708465576
        ],
        [
          0.0,
          0.0,
          0.0,
          1.0
        ]
      ],
      "matrix_ego_from_sensor_bevfusion": [
        [
          1.0,
          3.7551547982239697e-10,
          -1.2929435300179648e-09,
          -3.814697265625e-06
        ],
        [
          3.69376945696942e-10,
          1.0,
          4.219180560482982e-12,
          -7.62939453125e-06
        ],
        [
          5.697016192129922e-10,
          4.3014480866077065e-12,
          1.0,
          2.1999995708465576
        ],
        [
          0.0,
          0.0,
          0.0,
          1.0
        ]
      ],
      "data_path": "D:\\Agent-AI\\outputs\\s3a_left_v3\\sample_000022\\lidar\\LIDAR_TOP.npy",
      "raw_layout": [
        "x",
        "y",
        "z",
        "intensity"
      ]
    },
    "RADAR_FRONT": {
      "type_id": "sensor.other.radar",
      "blueprint_attributes": {
        "sensor_tick": "0.100000",
        "role_name": "default",
        "noise_seed": "0",
        "ros_name": "sensor.other.radar",
        "horizontal_fov": "35.0",
        "points_per_second": "1500",
        "vertical_fov": "20.0",
        "range": "120.0"
      },
      "transform_carla": {
        "location": {
          "x": 108.01742553710938,
          "y": -35.565486907958984,
          "z": 0.847981870174408
        },
        "rotation": {
          "roll": 0.19367463886737823,
          "pitch": -1.5107694864273071,
          "yaw": -103.32063293457031
        }
      },
      "matrix_world_from_sensor_carla": [
        [
          -0.23032009601593018,
          0.9731109142303467,
          -0.002785119228065014,
          108.01742553710938
        ],
        [
          -0.9727576971054077,
          -0.23031215369701385,
          -0.026434188708662987,
          -35.565486907958984
        ],
        [
          -0.026364846155047417,
          -0.003379078581929207,
          0.9996466636657715,
          0.847981870174408
        ],
        [
          0.0,
          0.0,
          0.0,
          1.0
        ]
      ],
      "matrix_world_from_sensor_bevfusion": [
        [
          -0.23032009601593018,
          -0.9731109142303467,
          -0.002785119228065014,
          108.01742553710938
        ],
        [
          0.9727576971054077,
          -0.23031215369701385,
          0.026434188708662987,
          35.565486907958984
        ],
        [
          -0.026364846155047417,
          0.003379078581929207,
          0.9996466636657715,
          0.847981870174408
        ],
        [
          0.0,
          0.0,
          0.0,
          1.0
        ]
      ],
      "matrix_ego_from_sensor_carla": [
        [
          1.0,
          -3.7551547982239697e-10,
          -1.2929435300179648e-09,
          2.0000009536743164
        ],
        [
          -3.69376945696942e-10,
          1.0,
          -4.219180560482982e-12,
          0.0
        ],
        [
          5.697016192129922e-10,
          -4.3014480866077065e-12,
          1.0,
          0.8999999165534973
        ],
        [
          0.0,
          0.0,
          0.0,
          1.0
        ]
      ],
      "matrix_ego_from_sensor_bevfusion": [
        [
          1.0,
          3.7551547982239697e-10,
          -1.2929435300179648e-09,
          2.0000009536743164
        ],
        [
          3.69376945696942e-10,
          1.0,
          4.219180560482982e-12,
          0.0
        ],
        [
          5.697016192129922e-10,
          4.3014480866077065e-12,
          1.0,
          0.8999999165534973
        ],
        [
          0.0,
          0.0,
          0.0,
          1.0
        ]
      ],
      "data_path": "D:\\Agent-AI\\outputs\\s3a_left_v3\\sample_000022\\radar\\RADAR_FRONT.npy",
      "raw_layout": [
        "velocity",
        "altitude",
        "azimuth",
        "depth"
      ]
    },
    "RADAR_FRONT_LEFT": {
      "type_id": "sensor.other.radar",
      "blueprint_attributes": {
        "sensor_tick": "0.100000",
        "role_name": "default",
        "noise_seed": "0",
        "ros_name": "sensor.other.radar",
        "horizontal_fov": "35.0",
        "points_per_second": "1500",
        "vertical_fov": "20.0",
        "range": "120.0"
      },
      "transform_carla": {
        "location": {
          "x": 107.36820983886719,
          "y": -35.052284240722656,
          "z": 0.8597439527511597
        },
        "rotation": {
          "roll": 1.2053027153015137,
          "pitch": -0.9312894344329834,
          "yaw": -148.3278350830078
        }
      },
      "matrix_world_from_sensor_carla": [
        [
          -0.8509538173675537,
          0.5252331495285034,
          -0.00278504379093647,
          107.36820983886719
        ],
        [
          -0.5249889492988586,
          -0.8506984114646912,
          -0.02643420547246933,
          -35.052284240722656
        ],
        [
          -0.016253352165222168,
          -0.021032169461250305,
          0.9996466636657715,
          0.8597439527511597
        ],
        [
          0.0,
          0.0,
          0.0,
          1.0
        ]
      ],
      "matrix_world_from_sensor_bevfusion": [
        [
          -0.8509538173675537,
          -0.5252331495285034,
          -0.00278504379093647,
          107.36820983886719
        ],
        [
          0.5249889492988586,
          -0.8506984114646912,
          0.02643420547246933,
          35.052284240722656
        ],
        [
          -0.016253352165222168,
          0.021032169461250305,
          0.9996466636657715,
          0.8597439527511597
        ],
        [
          0.0,
          0.0,
          0.0,
          1.0
        ]
      ],
      "matrix_ego_from_sensor_carla": [
        [
          0.7071073055267334,
          0.7071061730384827,
          -1.2929435300179648e-09,
          1.6499977111816406
        ],
        [
          -0.7071062326431274,
          0.7071073651313782,
          7.72955530692343e-08,
          -0.7499923706054688
        ],
        [
          5.624423238259624e-08,
          -5.081590614963716e-08,
          1.0,
          0.8999997973442078
        ],
        [
          0.0,
          0.0,
          0.0,
          1.0
        ]
      ],
      "matrix_ego_from_sensor_bevfusion": [
        [
          0.7071073055267334,
          -0.7071061730384827,
          -1.2929435300179648e-09,
          1.6499977111816406
        ],
        [
          0.7071062326431274,
          0.7071073651313782,
          -7.72955530692343e-08,
          0.7499923706054688
        ],
        [
          5.624423238259624e-08,
          5.081590614963716e-08,
          1.0,
          0.8999997973442078
        ],
        [
          0.0,
          0.0,
          0.0,
          1.0
        ]
      ],
      "data_path": "D:\\Agent-AI\\outputs\\s3a_left_v3\\sample_000022\\radar\\RADAR_FRONT_LEFT.npy",
      "raw_layout": [
        "velocity",
        "altitude",
        "azimuth",
        "depth"
      ]
    },
    "RADAR_FRONT_RIGHT": {
      "type_id": "sensor.other.radar",
      "blueprint_attributes": {
        "sensor_tick": "0.100000",
        "role_name": "default",
        "noise_seed": "0",
        "ros_name": "sensor.other.radar",
        "horizontal_fov": "35.0",
        "points_per_second": "1500",
