{
  "schema_version": "stage1.v1",
  "sample_name": "sample_000030",
  "sequence_index": 30,
  "previous_sample_name": "sample_000029",
  "frame_id": 3950,
  "timestamp": 42.131086591631174,
  "platform_timestamp": 16816495.2344719,
  "delta_seconds": 0.10000000149011612,
  "town": "Carla/Maps/Town10HD_Opt",
  "weather": {
    "cloudiness": 20.0,
    "dust_storm": 0.0,
    "fog_density": 2.0,
    "fog_distance": 0.75,
    "fog_falloff": 0.10000000149011612,
    "mie_scattering_scale": 0.029999999329447746,
    "precipitation": 0.0,
    "precipitation_deposits": 0.0,
    "rayleigh_scattering_scale": 0.03310000151395798,
    "scattering_intensity": 1.0,
    "sun_altitude_angle": 45.0,
    "sun_azimuth_angle": 300.0,
    "wetness": 0.0,
    "wind_intensity": 10.0
  },
  "sensor_names": [
    "CAM_FRONT",
    "CAM_FRONT_RIGHT",
    "CAM_FRONT_LEFT",
    "CAM_BACK",
    "CAM_BACK_LEFT",
    "CAM_BACK_RIGHT",
    "LIDAR_TOP",
    "RADAR_FRONT",
    "RADAR_FRONT_LEFT",
    "RADAR_FRONT_RIGHT",
    "RADAR_BACK_LEFT",
    "RADAR_BACK_RIGHT"
  ],
  "camera_order_for_model": [
    "CAM_FRONT",
    "CAM_FRONT_RIGHT",
    "CAM_FRONT_LEFT",
    "CAM_BACK",
    "CAM_BACK_LEFT",
    "CAM_BACK_RIGHT"
  ],
  "radar_order_for_model": [
    "RADAR_FRONT",
    "RADAR_FRONT_LEFT",
    "RADAR_FRONT_RIGHT",
    "RADAR_BACK_LEFT",
    "RADAR_BACK_RIGHT"
  ],
  "coordinate_notes": {
    "carla_world": "left-handed x-forward y-right z-up",
    "bevfusion_lidar": "x-forward y-left z-up",
    "camera_frame_for_model": "OpenCV style x-right y-down z-forward"
  },
  "ego": {
    "actor_id": 24,
    "transform_carla": {
      "location": {
        "x": 108.20068359375,
        "y": -34.58577346801758,
        "z": -0.005638732574880123
      },
      "rotation": {
        "roll": 0.08785933256149292,
        "pitch": 0.3097080886363983,
        "yaw": -104.79878234863281
      }
    },
    "velocity_carla": [
      -0.814365804195404,
      -2.672738552093506,
      -6.225585821084678e-05
    ],
    "angular_velocity_carla": [
      -0.9754672050476074,
      0.34183600544929504,
      -3.96523118019104
    ],
    "matrix_world_from_ego_carla": [
      [
        -0.2554214894771576,
        0.966825544834137,
        0.0028632418252527714,
        108.20068359375
      ],
      [
        -0.9668146967887878,
        -0.25543293356895447,
        0.004834412597119808,
        -34.58577346801758
      ],
      [
        0.0054053994826972485,
        -0.0015334116760641336,
        0.9999842047691345,
        -0.005638732574880123
      ],
      [
        0.0,
        0.0,
        0.0,
        1.0
      ]
    ],
    "matrix_world_from_ego_bevfusion": [
      [
        -0.2554214894771576,
        -0.966825544834137,
        0.0028632418252527714,
        108.20068359375
      ],
      [
        0.9668146967887878,
        -0.25543293356895447,
        -0.004834412597119808,
        34.58577346801758
      ],
      [
        0.0054053994826972485,
        0.0015334116760641336,
        0.9999842047691345,
        -0.005638732574880123
      ],
      [
        0.0,
        0.0,
        0.0,
        1.0
      ]
    ]
  },
  "sensors": {
    "CAM_FRONT": {
      "type_id": "sensor.camera.rgb",
      "blueprint_attributes": {
        "role_name": "front",
        "ros_name": "sensor.camera.rgb",
        "chromatic_aberration_offset": "0.0",
        "sensor_tick": "0.100000",
        "fstop": "1.4",
        "image_size_x": "960",
        "image_size_y": "540",
        "fov": "70.00",
        "lens_circle_falloff": "5.0",
        "lens_circle_multiplier": "0.0",
        "exposure_compensation": "0.0",
        "lens_y_size": "0.08",
        "lens_k": "-1.0",
        "exposure_mode": "histogram",
        "lens_kcube": "0.0",
        "lens_x_size": "0.08",
        "exposure_max_bright": "12.0",
        "shutter_speed": "200.0",
        "bloom_intensity": "0.675",
        "iso": "100.0",
        "enable_postprocess_effects": "false",
        "gamma": "2.2",
        "motion_blur_intensity": "0.0",
        "motion_blur_max_distortion": "0.35",
        "lens_flare_intensity": "0.1",
        "motion_blur_min_object_screen_size": "0.1",
        "exposure_min_bright": "10.0",
        "exposure_speed_up": "3.0",
        "exposure_speed_down": "1.0",
        "tint": "0.0",
        "calibration_constant": "16.0",
        "focal_distance": "1000.0",
        "min_fstop": "1.2",
        "blade_count": "5",
        "blur_amount": "0.0",
        "blur_radius": "0.0",
        "slope": "0.88",
        "toe": "0.55",
        "white_clip": "0.04",
        "shoulder": "0.26",
        "black_clip": "0.0",
        "temp": "6500.0",
        "chromatic_aberration_intensity": "0.0"
      },
      "transform_carla": {
        "location": {
          "x": 107.80964660644531,
          "y": -36.07611846923828,
          "z": 1.7027127742767334
        },
        "rotation": {
          "roll": 0.08785933256149292,
          "pitch": 0.3097080886363983,
          "yaw": -104.79878234863281
        }
      },
      "matrix_world_from_sensor_carla": [
        [
          -0.2554214894771576,
          0.966825544834137,
          0.0028632418252527714,
          107.80964660644531
        ],
        [
          -0.9668146967887878,
          -0.25543293356895447,
          0.004834412597119808,
          -36.07611846923828
        ],
        [
          0.0054053994826972485,
          -0.0015334116760641336,
          0.9999842047691345,
          1.7027127742767334
        ],
        [
          0.0,
          0.0,
          0.0,
          1.0
        ]
      ],
      "matrix_world_from_sensor_bevfusion": [
        [
          0.966825544834137,
          -0.0028632418252527714,
          -0.2554214894771576,
          107.80964660644531
        ],
        [
          0.25543293356895447,
          0.004834412597119808,
          0.9668146967887878,
          36.07611846923828
        ],
        [
          -0.0015334116760641336,
          -0.9999842047691345,
          0.0054053994826972485,
          1.7027127742767334
        ],
        [
          0.0,
          0.0,
          0.0,
          1.0
        ]
      ],
      "matrix_ego_from_sensor_carla": [
        [
          1.0,
          6.845073841077465e-09,
          -1.6352452725243438e-10,
          1.5500025749206543
        ],
        [
          -8.054114708500038e-09,
          1.0,
          1.2261613946407124e-10,
          0.0
        ],
        [
          -1.6351717202489624e-10,
          6.204495250905495e-12,
          1.0,
          1.6999999284744263
        ],
        [
          0.0,
          0.0,
          0.0,
          1.0
        ]
      ],
      "matrix_ego_from_sensor_bevfusion": [
        [
          6.845073841077465e-09,
          1.6352452725243438e-10,
          1.0,
          1.5500025749206543
        ],
        [
          -1.0,
          1.2261613946407124e-10,
          8.054114708500038e-09,
          0.0
        ],
        [
          6.204495250905495e-12,
          -1.0,
          -1.6351717202489624e-10,
          1.6999999284744263
        ],
        [
          0.0,
          0.0,
          0.0,
          1.0
        ]
      ],
      "camera_intrinsics": [
        [
          685.5110473632812,
          0.0,
          480.0
        ],
        [
          0.0,
          685.5110473632812,
          270.0
        ],
        [
          0.0,
          0.0,
          1.0
        ]
      ],
      "data_path": "D:\\Agent-AI\\outputs\\s3a_left_v3\\sample_000030\\images\\CAM_FRONT.png",
      "raw_layout": "bgra8"
    },
    "CAM_FRONT_RIGHT": {
      "type_id": "sensor.camera.rgb",
      "blueprint_attributes": {
        "role_name": "front",
        "ros_name": "sensor.camera.rgb",
        "chromatic_aberration_offset": "0.0",
        "sensor_tick": "0.100000",
        "fstop": "1.4",
        "image_size_x": "960",
        "image_size_y": "540",
        "fov": "70.00",
        "lens_circle_falloff": "5.0",
        "lens_circle_multiplier": "0.0",
        "exposure_compensation": "0.0",
        "lens_y_size": "0.08",
        "lens_k": "-1.0",
        "exposure_mode": "histogram",
        "lens_kcube": "0.0",
        "lens_x_size": "0.08",
        "exposure_max_bright": "12.0",
        "shutter_speed": "200.0",
        "bloom_intensity": "0.675",
        "iso": "100.0",
        "enable_postprocess_effects": "false",
        "gamma": "2.2",
        "motion_blur_intensity": "0.0",
        "motion_blur_max_distortion": "0.35",
        "lens_flare_intensity": "0.1",
        "motion_blur_min_object_screen_size": "0.1",
        "exposure_min_bright": "10.0",
        "exposure_speed_up": "3.0",
        "exposure_speed_down": "1.0",
        "tint": "0.0",
        "calibration_constant": "16.0",
        "focal_distance": "1000.0",
        "min_fstop": "1.2",
        "blade_count": "5",
        "blur_amount": "0.0",
        "blur_radius": "0.0",
        "slope": "0.88",
        "toe": "0.55",
        "white_clip": "0.04",
        "shoulder": "0.26",
        "black_clip": "0.0",
        "temp": "6500.0",
        "chromatic_aberration_intensity": "0.0"
      },
      "transform_carla": {
        "location": {
          "x": 108.4052505493164,
          "y": -35.97490310668945,
          "z": 1.700518012046814
        },
        "rotation": {
          "roll": 0.3040919899940491,
          "pitch": 0.10566984862089157,
          "yaw": -49.798744201660156
        }
      },
      "matrix_world_from_sensor_carla": [
        [
          0.645473301410675,
          0.763777494430542,
          0.0028632590547204018,
          108.4052505493164
        ],
        [
          -0.7637805938720703,
          0.645457923412323,
          0.004834391176700592,
          -35.97490310668945
        ],
        [
          0.0018442857544869184,
          -0.005307371728122234,
          0.9999842047691345,
          1.700518012046814
        ],
        [
          0.0,
          0.0,
          0.0,
          1.0
        ]
      ],
      "matrix_world_from_sensor_bevfusion": [
        [
          0.763777494430542,
          -0.0028632590547204018,
          0.645473301410675,
          108.4052505493164
        ],
        [
          -0.645457923412323,
          0.004834391176700592,
          0.7637805938720703,
          35.97490310668945
        ],
        [
          -0.005307371728122234,
          -0.9999842047691345,
          0.0018442857544869184,
          1.700518012046814
        ],
        [
          0.0,
          0.0,
          0.0,
          1.0
        ]
      ],
      "matrix_ego_from_sensor_carla": [
        [
          0.5735765099525452,
          -0.8191520571708679,
          1.6134620750563045e-08,
          1.300004005432129
        ],
        [
          0.8191519975662231,
          0.5735765695571899,
          2.212511240884396e-08,
          0.5500030517578125
        ],
        [
          -2.72682747493036e-08,
          1.4091139366456673e-09,
          1.0,
          1.6999999284744263
        ],
        [
          0.0,
          0.0,
          0.0,
          1.0
        ]
      ],
      "matrix_ego_from_sensor_bevfusion": [
        [
          -0.8191520571708679,
          -1.6134620750563045e-08,
          0.5735765099525452,
          1.300004005432129
        ],
        [
          -0.5735765695571899,
          2.212511240884396e-08,
          -0.8191519975662231,
          -0.5500030517578125
        ],
        [
          1.4091139366456673e-09,
          -1.0,
          -2.72682747493036e-08,
          1.6999999284744263
        ],
        [
          0.0,
          0.0,
          0.0,
          1.0
        ]
      ],
      "camera_intrinsics": [
        [
          685.5110473632812,
          0.0,
          480.0
        ],
        [
          0.0,
          685.5110473632812,
          270.0
        ],
        [
          0.0,
          0.0,
          1.0
        ]
      ],
      "data_path": "D:\\Agent-AI\\outputs\\s3a_left_v3\\sample_000030\\images\\CAM_FRONT_RIGHT.png",
      "raw_layout": "bgra8"
    },
    "CAM_FRONT_LEFT": {
      "type_id": "sensor.camera.rgb",
      "blueprint_attributes": {
        "role_name": "front",
        "ros_name": "sensor.camera.rgb",
        "chromatic_aberration_offset": "0.0",
        "sensor_tick": "0.100000",
        "fstop": "1.4",
        "image_size_x": "960",
        "image_size_y": "540",
        "fov": "70.00",
        "lens_circle_falloff": "5.0",
        "lens_circle_multiplier": "0.0",
        "exposure_compensation": "0.0",
        "lens_y_size": "0.08",
        "lens_k": "-1.0",
        "exposure_mode": "histogram",
        "lens_kcube": "0.0",
        "lens_x_size": "0.08",
        "exposure_max_bright": "12.0",
        "shutter_speed": "200.0",
        "bloom_intensity": "0.675",
        "iso": "100.0",
        "enable_postprocess_effects": "false",
        "gamma": "2.2",
        "motion_blur_intensity": "0.0",
        "motion_blur_max_distortion": "0.35",
        "lens_flare_intensity": "0.1",
        "motion_blur_min_object_screen_size": "0.1",
        "exposure_min_bright": "10.0",
        "exposure_speed_up": "3.0",
        "exposure_speed_down": "1.0",
        "tint": "0.0",
        "calibration_constant": "16.0",
        "focal_distance": "1000.0",
        "min_fstop": "1.2",
        "blade_count": "5",
        "blur_amount": "0.0",
        "blur_radius": "0.0",
        "slope": "0.88",
        "toe": "0.55",
        "white_clip": "0.04",
        "shoulder": "0.26",
        "black_clip": "0.0",
        "temp": "6500.0",
        "chromatic_aberration_intensity": "0.0"
      },
      "transform_carla": {
        "location": {
          "x": 107.34174346923828,
          "y": -35.69392395019531,
          "z": 1.7022048234939575
        },
        "rotation": {
          "roll": -0.20330581068992615,
          "pitch": 0.24960924685001373,
          "yaw": -159.79945373535156
        }
      },
      "matrix_world_from_sensor_carla": [
        [
          -0.938480794429779,
          0.34531959891319275,
          0.0028632241301238537,
          107.34174346923828
        ],
        [
          -0.3453039824962616,
          -0.938478410243988,
          0.004834406077861786,
          -35.69392395019531
        ],
        [
          0.004356489051133394,
          0.003548314794898033,
          0.9999842047691345,
          1.7022048234939575
        ],
        [
          0.0,
          0.0,
          0.0,
          1.0
        ]
      ],
      "matrix_world_from_sensor_bevfusion": [
        [
          0.34531959891319275,
          -0.0028632241301238537,
          -0.938480794429779,
          107.34174346923828
        ],
        [
          0.938478410243988,
          0.004834406077861786,
          0.3453039824962616,
          35.69392395019531
        ],
        [
          0.003548314794898033,
          -0.9999842047691345,
          0.004356489051133394,
          1.7022048234939575
        ],
        [
          0.0,
          0.0,
          0.0,
          1.0
        ]
      ],
      "matrix_ego_from_sensor_carla": [
        [
          0.5735766887664795,
          0.8191518783569336,
          1.0546685302870173e-08,
          1.2999992370605469
        ],
        [
          -0.8191519379615784,
          0.5735766887664795,
          -1.5477036541255984e-08,
          -0.5500030517578125
        ],
        [
          -1.9451654509339278e-08,
          9.970563263905774e-10,
          1.0,
          1.6999999284744263
        ],
        [
          0.0,
          0.0,
          0.0,
          1.0
        ]
      ],
      "matrix_ego_from_sensor_bevfusion": [
        [
          0.8191518783569336,
          -1.0546685302870173e-08,
          0.5735766887664795,
          1.2999992370605469
        ],
        [
          -0.5735766887664795,
          -1.5477036541255984e-08,
          0.8191519379615784,
          0.5500030517578125
        ],
        [
          9.970563263905774e-10,
          -1.0,
          -1.9451654509339278e-08,
          1.6999999284744263
        ],
        [
          0.0,
          0.0,
          0.0,
          1.0
        ]
      ],
      "camera_intrinsics": [
        [
          685.5110473632812,
          0.0,
          480.0
        ],
        [
          0.0,
          685.5110473632812,
          270.0
        ],
        [
          0.0,
          0.0,
          1.0
        ]
      ],
      "data_path": "D:\\Agent-AI\\outputs\\s3a_left_v3\\sample_000030\\images\\CAM_FRONT_LEFT.png",
      "raw_layout": "bgra8"
    },
    "CAM_BACK": {
      "type_id": "sensor.camera.rgb",
      "blueprint_attributes": {
        "role_name": "front",
        "ros_name": "sensor.camera.rgb",
        "chromatic_aberration_offset": "0.0",
        "sensor_tick": "0.100000",
        "fstop": "1.4",
        "image_size_x": "960",
        "image_size_y": "540",
        "fov": "70.00",
        "lens_circle_falloff": "5.0",
        "lens_circle_multiplier": "0.0",
        "exposure_compensation": "0.0",
        "lens_y_size": "0.08",
        "lens_k": "-1.0",
        "exposure_mode": "histogram",
        "lens_kcube": "0.0",
        "lens_x_size": "0.08",
        "exposure_max_bright": "12.0",
        "shutter_speed": "200.0",
        "bloom_intensity": "0.675",
        "iso": "100.0",
        "enable_postprocess_effects": "false",
        "gamma": "2.2",
        "motion_blur_intensity": "0.0",
        "motion_blur_max_distortion": "0.35",
        "lens_flare_intensity": "0.1",
        "motion_blur_min_object_screen_size": "0.1",
        "exposure_min_bright": "10.0",
        "exposure_speed_up": "3.0",
        "exposure_speed_down": "1.0",
        "tint": "0.0",
        "calibration_constant": "16.0",
        "focal_distance": "1000.0",
        "min_fstop": "1.2",
        "blade_count": "5",
        "blur_amount": "0.0",
        "blur_radius": "0.0",
        "slope": "0.88",
        "toe": "0.55",
        "white_clip": "0.04",
        "shoulder": "0.26",
        "black_clip": "0.0",
        "temp": "6500.0",
        "chromatic_aberration_intensity": "0.0"
      },
      "transform_carla": {
        "location": {
          "x": 108.60145568847656,
          "y": -33.0789909362793,
          "z": 1.6859558820724487
        },
        "rotation": {
          "roll": -0.08785942941904068,
          "pitch": -0.3097080886363983,
          "yaw": 75.20121002197266
        }
      },
      "matrix_world_from_sensor_carla": [
        [
          0.25542163848876953,
          -0.9668254852294922,
          0.0028632443863898516,
          108.60145568847656
        ],
        [
          0.9668146371841431,
          0.2554330825805664,
          0.004834411200135946,
          -33.0789909362793
        ],
        [
          -0.0054053994826972485,
          0.001533413422293961,
          0.9999842047691345,
          1.6859558820724487
        ],
        [
          0.0,
          0.0,
          0.0,
          1.0
        ]
      ],
      "matrix_world_from_sensor_bevfusion": [
        [
          -0.9668254852294922,
          -0.0028632443863898516,
          0.25542163848876953,
          108.60145568847656
        ],
        [
          -0.2554330825805664,
          0.004834411200135946,
          -0.9668146371841431,
          33.0789909362793
        ],
        [
          0.001533413422293961,
          -0.9999842047691345,
          -0.0054053994826972485,
          1.6859558820724487
        ],
        [
          0.0,
          0.0,
          0.0,
          1.0
        ]
      ],
      "matrix_ego_from_sensor_carla": [
        [
          -1.0,
          -1.658034847196177e-07,
          7.677980473630441e-10,
          -1.5500006675720215
        ],
        [
          1.7229066884283384e-07,
          -1.0,
          3.0329991851374416e-09,
          0.0
        ],
        [
          1.6351717202489624e-10,
          2.67132027609307e-09,
          1.0,
          1.6999998092651367
        ],
        [
          0.0,
          0.0,
          0.0,
          1.0
        ]
      ],
      "matrix_ego_from_sensor_bevfusion": [
        [
          -1.658034847196177e-07,
          -7.677980473630441e-10,
          -1.0,
          -1.5500006675720215
        ],
        [
          1.0,
          3.0329991851374416e-09,
          -1.7229066884283384e-07,
          0.0
        ],
        [
          2.67132027609307e-09,
          -1.0,
          1.6351717202489624e-10,
          1.6999998092651367
        ],
        [
          0.0,
          0.0,
          0.0,
          1.0
        ]
      ],
      "camera_intrinsics": [
        [
          685.5110473632812,
          0.0,
          480.0
        ],
        [
          0.0,
          685.5110473632812,
          270.0
        ],
        [
          0.0,
          0.0,
          1.0
        ]
      ],
      "data_path": "D:\\Agent-AI\\outputs\\s3a_left_v3\\sample_000030\\images\\CAM_BACK.png",
      "raw_layout": "bgra8"
    },
    "CAM_BACK_LEFT": {
      "type_id": "sensor.camera.rgb",
      "blueprint_attributes": {
        "role_name": "front",
        "ros_name": "sensor.camera.rgb",
        "chromatic_aberration_offset": "0.0",
        "sensor_tick": "0.100000",
        "fstop": "1.4",
        "image_size_x": "960",
        "image_size_y": "540",
        "fov": "70.00",
        "lens_circle_falloff": "5.0",
        "lens_circle_multiplier": "0.0",
        "exposure_compensation": "0.0",
        "lens_y_size": "0.08",
        "lens_k": "-1.0",
        "exposure_mode": "histogram",
        "lens_kcube": "0.0",
        "lens_x_size": "0.08",
        "exposure_max_bright": "12.0",
        "shutter_speed": "200.0",
        "bloom_intensity": "0.675",
        "iso": "100.0",
        "enable_postprocess_effects": "false",
        "gamma": "2.2",
        "motion_blur_intensity": "0.0",
        "motion_blur_max_distortion": "0.35",
        "lens_flare_intensity": "0.1",
        "motion_blur_min_object_screen_size": "0.1",
        "exposure_min_bright": "10.0",
        "exposure_speed_up": "3.0",
        "exposure_speed_down": "1.0",
        "tint": "0.0",
        "calibration_constant": "16.0",
        "focal_distance": "1000.0",
        "min_fstop": "1.2",
        "blade_count": "5",
        "blur_amount": "0.0",
        "blur_radius": "0.0",
        "slope": "0.88",
        "toe": "0.55",
        "white_clip": "0.04",
        "shoulder": "0.26",
        "black_clip": "0.0",
        "temp": "6500.0",
        "chromatic_aberration_intensity": "0.0"
      },
      "transform_carla": {
        "location": {
          "x": 108.0058364868164,
          "y": -33.180206298828125,
          "z": 1.6881507635116577
        },
        "rotation": {
          "roll": -0.3040919899940491,
          "pitch": -0.10566984862089157,
          "yaw": 130.20126342773438
        }
      },
      "matrix_world_from_sensor_carla": [
        [
          -0.6454733610153198,
          -0.7637774348258972,
          0.0028632585890591145,
          108.0058364868164
        ],
        [
          0.7637805342674255,
          -0.6454579830169678,
          0.004834391176700592,
          -33.180206298828125
        ],
        [
          -0.0018442857544869184,
          0.005307371728122234,
          0.9999842047691345,
          1.6881507635116577
        ],
        [
          0.0,
          0.0,
          0.0,
          1.0
        ]
      ],
      "matrix_world_from_sensor_bevfusion": [
        [
          -0.7637774348258972,
          -0.0028632585890591145,
          -0.6454733610153198,
          108.0058364868164
        ],
        [
          0.6454579830169678,
          0.004834391176700592,
          -0.7637805342674255,
          33.180206298828125
        ],
        [
          0.005307371728122234,
          -0.9999842047691345,
          -0.0018442857544869184,
          1.6881507635116577
        ],
        [
          0.0,
          0.0,
          0.0,
          1.0
        ]
      ],
      "matrix_ego_from_sensor_carla": [
        [
          -0.5735764503479004,
          0.8191521167755127,
          1.6600282037870784e-08,
          -1.2999982833862305
        ],
        [
          -0.8191520571708679,
          -0.5735765099525452,
          2.1659451121536222e-08,
          -0.5500030517578125
        ],
        [
          2.680261346199586e-08,
          -1.8747752239534066e-09,
          1.0,
          1.6999999284744263
        ],
        [
          0.0,
          0.0,
          0.0,
          1.0
        ]
      ],
      "matrix_ego_from_sensor_bevfusion": [
        [
          0.8191521167755127,
          -1.6600282037870784e-08,
          -0.5735764503479004,
          -1.2999982833862305
        ],
        [
          0.5735765099525452,
          2.1659451121536222e-08,
          0.8191520571708679,
          0.5500030517578125
        ],
        [
          -1.8747752239534066e-09,
          -1.0,
          2.680261346199586e-08,
          1.6999999284744263
        ],
        [
          0.0,
          0.0,
          0.0,
          1.0
        ]
      ],
      "camera_intrinsics": [
        [
          685.5110473632812,
          0.0,
          480.0
        ],
        [
          0.0,
          685.5110473632812,
          270.0
        ],
        [
          0.0,
          0.0,
          1.0
        ]
      ],
      "data_path": "D:\\Agent-AI\\outputs\\s3a_left_v3\\sample_000030\\images\\CAM_BACK_LEFT.png",
      "raw_layout": "bgra8"
    },
    "CAM_BACK_RIGHT": {
      "type_id": "sensor.camera.rgb",
      "blueprint_attributes": {
        "role_name": "front",
        "ros_name": "sensor.camera.rgb",
        "chromatic_aberration_offset": "0.0",
        "sensor_tick": "0.100000",
        "fstop": "1.4",
        "image_size_x": "960",
        "image_size_y": "540",
        "fov": "70.00",
        "lens_circle_falloff": "5.0",
        "lens_circle_multiplier": "0.0",
        "exposure_compensation": "0.0",
        "lens_y_size": "0.08",
        "lens_k": "-1.0",
        "exposure_mode": "histogram",
        "lens_kcube": "0.0",
        "lens_x_size": "0.08",
        "exposure_max_bright": "12.0",
        "shutter_speed": "200.0",
        "bloom_intensity": "0.675",
        "iso": "100.0",
        "enable_postprocess_effects": "false",
        "gamma": "2.2",
        "motion_blur_intensity": "0.0",
        "motion_blur_max_distortion": "0.35",
        "lens_flare_intensity": "0.1",
        "motion_blur_min_object_screen_size": "0.1",
        "exposure_min_bright": "10.0",
        "exposure_speed_up": "3.0",
        "exposure_speed_down": "1.0",
        "tint": "0.0",
        "calibration_constant": "16.0",
        "focal_distance": "1000.0",
        "min_fstop": "1.2",
        "blade_count": "5",
        "blur_amount": "0.0",
        "blur_radius": "0.0",
        "slope": "0.88",
        "toe": "0.55",
        "white_clip": "0.04",
        "shoulder": "0.26",
        "black_clip": "0.0",
        "temp": "6500.0",
        "chromatic_aberration_intensity": "0.0"
      },
      "transform_carla": {
        "location": {
          "x": 109.06935119628906,
          "y": -33.461181640625,
          "z": 1.6864638328552246
        },
        "rotation": {
          "roll": 0.20330587029457092,
          "pitch": -0.24960924685001373,
          "yaw": 20.200538635253906
        }
      },
      "matrix_world_from_sensor_carla": [
        [
          0.9384809136390686,
          -0.34531936049461365,
          0.0028632250614464283,
          109.06935119628906
        ],
        [
          0.3453037440776825,
          0.9384785294532776,
          0.004834406077861786,
          -33.461181640625
        ],
        [
          -0.004356489051133394,
          -0.0035483157262206078,
          0.9999842047691345,
          1.6864638328552246
        ],
        [
          0.0,
          0.0,
          0.0,
          1.0
        ]
      ],
      "matrix_world_from_sensor_bevfusion": [
        [
          -0.34531936049461365,
          -0.0028632250614464283,
          0.9384809136390686,
          109.06935119628906
        ],
        [
          -0.9384785294532776,
          0.004834406077861786,
          -0.3453037440776825,
          33.461181640625
        ],
        [
          -0.0035483157262206078,
          -0.9999842047691345,
          -0.004356489051133394,
          1.6864638328552246
        ],
        [
          0.0,
          0.0,
          0.0,
          1.0
        ]
      ],
      "matrix_ego_from_sensor_carla": [
        [
          -0.5735764503479004,
          -0.8191520571708679,
          1.0546685302870173e-08,
          -1.3000006675720215
        ],
        [
          0.8191521167755127,
          -0.5735765099525452,
          -1.4545713966640506e-08,
          0.5500030517578125
        ],
        [
          1.85203319347238e-08,
          -5.313803286277619e-10,
          1.0,
          1.6999998092651367
        ],
        [
          0.0,
          0.0,
          0.0,
          1.0
        ]
      ],
      "matrix_ego_from_sensor_bevfusion": [
        [
          -0.8191520571708679,
          -1.0546685302870173e-08,
          -0.5735764503479004,
          -1.3000006675720215
        ],
        [
          0.5735765099525452,
          -1.4545713966640506e-08,
          -0.8191521167755127,
          -0.5500030517578125
        ],
        [
          -5.313803286277619e-10,
          -1.0,
          1.85203319347238e-08,
          1.6999998092651367
        ],
        [
          0.0,
          0.0,
          0.0,
          1.0
        ]
      ],
      "camera_intrinsics": [
        [
          685.5110473632812,
          0.0,
          480.0
        ],
        [
          0.0,
          685.5110473632812,
          270.0
        ],
        [
          0.0,
          0.0,
          1.0
        ]
      ],
      "data_path": "D:\\Agent-AI\\outputs\\s3a_left_v3\\sample_000030\\images\\CAM_BACK_RIGHT.png",
      "raw_layout": "bgra8"
    },
    "LIDAR_TOP": {
      "type_id": "sensor.lidar.ray_cast",
      "blueprint_attributes": {
        "atmosphere_attenuation_rate": "0.004",
        "role_name": "front",
        "noise_seed": "0",
        "upper_fov": "10.0",
        "ros_name": "sensor.lidar.ray_cast",
        "sensor_tick": "0.100000",
        "channels": "32",
        "range": "120.0",
        "points_per_second": "360000",
        "lower_fov": "-30.0",
        "rotation_frequency": "10.000000",
        "horizontal_fov": "360.0",
        "dropoff_general_rate": "0.0",
        "dropoff_intensity_limit": "1.0",
        "noise_stddev": "0.0",
        "dropoff_zero_intensity": "0.0"
      },
      "transform_carla": {
        "location": {
          "x": 108.20697784423828,
          "y": -34.575138092041016,
          "z": 2.194326400756836
        },
        "rotation": {
          "roll": 0.08785933256149292,
          "pitch": 0.3097080886363983,
          "yaw": -104.79878234863281
        }
      },
      "matrix_world_from_sensor_carla": [
        [
          -0.2554214894771576,
          0.966825544834137,
          0.0028632418252527714,
          108.20697784423828
        ],
        [
          -0.9668146967887878,
          -0.25543293356895447,
          0.004834412597119808,
          -34.575138092041016
        ],
        [
          0.0054053994826972485,
          -0.0015334116760641336,
          0.9999842047691345,
          2.194326400756836
        ],
        [
          0.0,
          0.0,
          0.0,
          1.0
        ]
      ],
      "matrix_world_from_sensor_bevfusion": [
        [
          -0.2554214894771576,
          -0.966825544834137,
          0.0028632418252527714,
          108.20697784423828
        ],
        [
          0.9668146967887878,
          -0.25543293356895447,
          -0.004834412597119808,
          34.575138092041016
        ],
        [
          0.0054053994826972485,
          0.0015334116760641336,
          0.9999842047691345,
          2.194326400756836
        ],
        [
          0.0,
          0.0,
          0.0,
          1.0
        ]
      ],
      "matrix_ego_from_sensor_carla": [
        [
          1.0,
          6.845073841077465e-09,
          -1.6352452725243438e-10,
          1.9073486328125e-06
        ],
        [
          -8.054114708500038e-09,
          1.0,
          1.2261613946407124e-10,
          0.0
        ],
        [
          -1.6351717202489624e-10,
          6.204495250905495e-12,
          1.0,
          2.1999998092651367
        ],
        [
          0.0,
          0.0,
          0.0,
          1.0
        ]
      ],
      "matrix_ego_from_sensor_bevfusion": [
        [
          1.0,
          -6.845073841077465e-09,
          -1.6352452725243438e-10,
          1.9073486328125e-06
        ],
        [
          8.054114708500038e-09,
          1.0,
          -1.2261613946407124e-10,
          0.0
        ],
        [
          -1.6351717202489624e-10,
          -6.204495250905495e-12,
          1.0,
          2.1999998092651367
        ],
        [
          0.0,
          0.0,
          0.0,
          1.0
        ]
      ],
      "data_path": "D:\\Agent-AI\\outputs\\s3a_left_v3\\sample_000030\\lidar\\LIDAR_TOP.npy",
      "raw_layout": [
        "x",
        "y",
        "z",
        "intensity"
      ]
    },
    "RADAR_FRONT": {
      "type_id": "sensor.other.radar",
      "blueprint_attributes": {
        "sensor_tick": "0.100000",
        "role_name": "default",
        "noise_seed": "0",
        "ros_name": "sensor.other.radar",
        "horizontal_fov": "35.0",
        "points_per_second": "1500",
        "vertical_fov": "20.0",
        "range": "120.0"
      },
      "transform_carla": {
        "location": {
          "x": 107.69242095947266,
          "y": -36.515052795410156,
          "z": 0.9051579236984253
        },
        "rotation": {
          "roll": 0.08785933256149292,
          "pitch": 0.3097080886363983,
          "yaw": -104.79878234863281
        }
      },
      "matrix_world_from_sensor_carla": [
        [
          -0.2554214894771576,
          0.966825544834137,
          0.0028632418252527714,
          107.69242095947266
        ],
        [
          -0.9668146967887878,
          -0.25543293356895447,
          0.004834412597119808,
          -36.515052795410156
        ],
        [
          0.0054053994826972485,
          -0.0015334116760641336,
          0.9999842047691345,
          0.9051579236984253
        ],
        [
          0.0,
          0.0,
          0.0,
          1.0
        ]
      ],
      "matrix_world_from_sensor_bevfusion": [
        [
          -0.2554214894771576,
          -0.966825544834137,
          0.0028632418252527714,
          107.69242095947266
        ],
        [
          0.9668146967887878,
          -0.25543293356895447,
          -0.004834412597119808,
          36.515052795410156
        ],
        [
          0.0054053994826972485,
          0.0015334116760641336,
          0.9999842047691345,
          0.9051579236984253
        ],
        [
          0.0,
          0.0,
          0.0,
          1.0
        ]
      ],
      "matrix_ego_from_sensor_carla": [
        [
          1.0,
          6.845073841077465e-09,
          -1.6352452725243438e-10,
          2.0000014305114746
        ],
        [
          -8.054114708500038e-09,
          1.0,
          1.2261613946407124e-10,
          7.62939453125e-06
        ],
        [
          -1.6351717202489624e-10,
          6.204495250905495e-12,
          1.0,
          0.9000000953674316
        ],
        [
          0.0,
          0.0,
          0.0,
          1.0
        ]
      ],
      "matrix_ego_from_sensor_bevfusion": [
        [
          1.0,
          -6.845073841077465e-09,
          -1.6352452725243438e-10,
          2.0000014305114746
        ],
        [
          8.054114708500038e-09,
          1.0,
          -1.2261613946407124e-10,
          -7.62939453125e-06
        ],
        [
          -1.6351717202489624e-10,
          -6.204495250905495e-12,
          1.0,
          0.9000000953674316
        ],
        [
          0.0,
          0.0,
          0.0,
          1.0
        ]
      ],
      "data_path": "D:\\Agent-AI\\outputs\\s3a_left_v3\\sample_000030\\radar\\RADAR_FRONT.npy",
      "raw_layout": [
        "velocity",
        "altitude",
        "azimuth",
        "depth"
      ]
    },
    "RADAR_FRONT_LEFT": {
      "type_id": "sensor.other.radar",
      "blueprint_attributes": {
        "sensor_tick": "0.100000",
        "role_name": "default",
        "noise_seed": "0",
        "ros_name": "sensor.other.radar",
        "horizontal_fov": "35.0",
        "points_per_second": "1500",
        "vertical_fov": "20.0",
        "range": "120.0"
      },
      "transform_carla": {
        "location": {
          "x": 107.05669403076172,
          "y": -35.98509216308594,
          "z": 0.904416024684906
        },
        "rotation": {
          "roll": -0.1568726897239685,
          "pitch": 0.28112372756004333,
          "yaw": -149.79937744140625
        }
      },
      "matrix_world_from_sensor_carla": [
        [
          -0.8642589449882507,
          0.5030390024185181,
          0.0028632699977606535,
          107.05669403076172
        ],
        [
          -0.5030232071876526,
          -0.8642594218254089,
          0.004834430292248726,
          -35.98509216308594
        ],
        [
          0.004906515125185251,
          0.0027379083912819624,
          0.9999842047691345,
          0.904416024684906
        ],
        [
          0.0,
          0.0,
          0.0,
          1.0
        ]
      ],
      "matrix_world_from_sensor_bevfusion": [
        [
          -0.8642589449882507,
          -0.5030390024185181,
          0.0028632699977606535,
          107.05669403076172
        ],
        [
          0.5030232071876526,
          -0.8642594218254089,
          -0.004834430292248726,
          35.98509216308594
        ],
        [
          0.004906515125185251,
          -0.0027379083912819624,
          0.9999842047691345,
          0.904416024684906
        ],
        [
          0.0,
          0.0,
          0.0,
          1.0
        ]
      ],
      "matrix_ego_from_sensor_carla": [
        [
          0.7071070671081543,
          0.7071065306663513,
          -2.437791124521027e-08,
          1.6500015258789062
        ],
        [
          -0.7071064710617065,
          0.7071071267127991,
          2.282360433980557e-08,
          -0.75
        ],
        [
          3.379350843601969e-08,
          1.2247578506929813e-09,
          1.0,
          0.8999999761581421
        ],
        [
          0.0,
          0.0,
          0.0,
          1.0
        ]
      ],
      "matrix_ego_from_sensor_bevfusion": [
        [
          0.7071070671081543,
          -0.7071065306663513,
          -2.437791124521027e-08,
          1.6500015258789062
        ],
        [
          0.7071064710617065,
          0.7071071267127991,
          -2.282360433980557e-08,
          0.75
        ],
        [
          3.379350843601969e-08,
          -1.2247578506929813e-09,
          1.0,
          0.8999999761581421
        ],
        [
          0.0,
          0.0,
          0.0,
          1.0
        ]
      ],
      "data_path": "D:\\Agent-AI\\outputs\\s3a_left_v3\\sample_000030\\radar\\RADAR_FRONT_LEFT.npy",
      "raw_layout": [
        "velocity",
        "altitude",
        "azimuth",
        "depth"
      ]
    },
    "RADAR_FRONT_RIGHT": {
      "type_id": "sensor.other.radar",
      "blueprint_attributes": {
        "sensor_tick": "0.100000",
        "role_name": "default",
        "noise_seed": "0",
        "ros_name": "sensor.other.radar",
        "horizontal_fov": "35.0",
        "points_per_second": "1500",
        "vertical_fov": "20.0",
        "range": "120.0"
      },
      "transform_carla": {
