{
  "schema_version": "stage1.v1",
  "sample_name": "sample_000000",
  "sequence_index": 0,
  "previous_sample_name": null,
  "frame_id": 2177,
  "timestamp": 32.890632294118404,
  "platform_timestamp": 16781856.2114248,
  "delta_seconds": 0.05000000074505806,
  "town": "Carla/Maps/Town10HD_Opt",
  "weather": {
    "cloudiness": 20.0,
    "dust_storm": 0.0,
    "fog_density": 2.0,
    "fog_distance": 0.75,
    "fog_falloff": 0.10000000149011612,
    "mie_scattering_scale": 0.029999999329447746,
    "precipitation": 0.0,
    "precipitation_deposits": 0.0,
    "rayleigh_scattering_scale": 0.03310000151395798,
    "scattering_intensity": 1.0,
    "sun_altitude_angle": 45.0,
    "sun_azimuth_angle": 300.0,
    "wetness": 0.0,
    "wind_intensity": 10.0
  },
  "sensor_names": [
    "CAM_FRONT",
    "CAM_FRONT_RIGHT",
    "CAM_FRONT_LEFT",
    "CAM_BACK",
    "CAM_BACK_LEFT",
    "CAM_BACK_RIGHT",
    "LIDAR_TOP",
    "RADAR_FRONT",
    "RADAR_FRONT_LEFT",
    "RADAR_FRONT_RIGHT",
    "RADAR_BACK_LEFT",
    "RADAR_BACK_RIGHT"
  ],
  "camera_order_for_model": [
    "CAM_FRONT",
    "CAM_FRONT_RIGHT",
    "CAM_FRONT_LEFT",
    "CAM_BACK",
    "CAM_BACK_LEFT",
    "CAM_BACK_RIGHT"
  ],
  "radar_order_for_model": [
    "RADAR_FRONT",
    "RADAR_FRONT_LEFT",
    "RADAR_FRONT_RIGHT",
    "RADAR_BACK_LEFT",
    "RADAR_BACK_RIGHT"
  ],
  "coordinate_notes": {
    "carla_world": "left-handed x-forward y-right z-up",
    "bevfusion_lidar": "x-forward y-left z-up",
    "camera_frame_for_model": "OpenCV style x-right y-down z-forward"
  },
  "ego": {
    "actor_id": 24,
    "transform_carla": {
      "location": {
        "x": -62.5274543762207,
        "y": 24.20017433166504,
        "z": -0.0070214844308793545
      },
      "rotation": {
        "roll": 0.17739462852478027,
        "pitch": 0.5655191540718079,
        "yaw": -6.358311653137207
      }
    },
    "velocity_carla": [
      4.465070724487305,
      -0.7217497825622559,
      0.00265362742356956
    ],
    "angular_velocity_carla": [
      0.010237330570816994,
      -0.19596640765666962,
      -8.78030014038086
    ],
    "matrix_world_from_ego_carla": [
      [
        0.9938003420829773,
        0.1107756718993187,
        -0.00946636963635683,
        -62.5274543762207
      ],
      [
        -0.11074043810367584,
        0.9938405752182007,
        0.0041701276786625385,
        24.20017433166504
      ],
      [
        0.009870011359453201,
        -0.0030959646683186293,
        0.9999465346336365,
        -0.0070214844308793545
      ],
      [
        0.0,
        0.0,
        0.0,
        1.0
      ]
    ],
    "matrix_world_from_ego_bevfusion": [
      [
        0.9938003420829773,
        -0.1107756718993187,
        -0.00946636963635683,
        -62.5274543762207
      ],
      [
        0.11074043810367584,
        0.9938405752182007,
        -0.0041701276786625385,
        -24.20017433166504
      ],
      [
        0.009870011359453201,
        0.0030959646683186293,
        0.9999465346336365,
        -0.0070214844308793545
      ],
      [
        0.0,
        0.0,
        0.0,
        1.0
      ]
    ]
  },
  "sensors": {
    "CAM_FRONT": {
      "type_id": "sensor.camera.rgb",
      "blueprint_attributes": {
        "role_name": "front",
        "ros_name": "sensor.camera.rgb",
        "chromatic_aberration_offset": "0.0",
        "sensor_tick": "0.050000",
        "fstop": "1.4",
        "image_size_x": "1600",
        "image_size_y": "900",
        "fov": "70.00",
        "lens_circle_falloff": "5.0",
        "lens_circle_multiplier": "0.0",
        "exposure_compensation": "0.0",
        "lens_y_size": "0.08",
        "lens_k": "-1.0",
        "exposure_mode": "histogram",
        "lens_kcube": "0.0",
        "lens_x_size": "0.08",
        "exposure_max_bright": "12.0",
        "shutter_speed": "200.0",
        "bloom_intensity": "0.675",
        "iso": "100.0",
        "enable_postprocess_effects": "false",
        "gamma": "2.2",
        "motion_blur_intensity": "0.0",
        "motion_blur_max_distortion": "0.35",
        "lens_flare_intensity": "0.1",
        "motion_blur_min_object_screen_size": "0.1",
        "exposure_min_bright": "10.0",
        "exposure_speed_up": "3.0",
        "exposure_speed_down": "1.0",
        "tint": "0.0",
        "calibration_constant": "16.0",
        "focal_distance": "1000.0",
        "min_fstop": "1.2",
        "blade_count": "5",
        "blur_amount": "0.0",
        "blur_radius": "0.0",
        "slope": "0.88",
        "toe": "0.55",
        "white_clip": "0.04",
        "shoulder": "0.26",
        "black_clip": "0.0",
        "temp": "6500.0",
        "chromatic_aberration_intensity": "0.0"
      },
      "transform_carla": {
        "location": {
          "x": -61.00315856933594,
          "y": 24.03561782836914,
          "z": 1.7081860303878784
        },
        "rotation": {
          "roll": 0.17739462852478027,
          "pitch": 0.5655191540718079,
          "yaw": -6.358311653137207
        }
      },
      "matrix_world_from_sensor_carla": [
        [
          0.9938003420829773,
          0.1107756718993187,
          -0.00946636963635683,
          -61.00315856933594
        ],
        [
          -0.11074043810367584,
          0.9938405752182007,
          0.0041701276786625385,
          24.03561782836914
        ],
        [
          0.009870011359453201,
          -0.0030959646683186293,
          0.9999465346336365,
          1.7081860303878784
        ],
        [
          0.0,
          0.0,
          0.0,
          1.0
        ]
      ],
      "matrix_world_from_sensor_bevfusion": [
        [
          0.1107756718993187,
          0.00946636963635683,
          0.9938003420829773,
          -61.00315856933594
        ],
        [
          -0.9938405752182007,
          0.0041701276786625385,
          0.11074043810367584,
          -24.03561782836914
        ],
        [
          -0.0030959646683186293,
          -0.9999465346336365,
          0.009870011359453201,
          1.7081860303878784
        ],
        [
          0.0,
          0.0,
          0.0,
          1.0
        ]
      ],
      "matrix_ego_from_sensor_carla": [
        [
          0.9999999403953552,
          -5.584114060042111e-09,
          3.561264616536164e-10,
          1.5500030517578125
        ],
        [
          2.6727577928653545e-09,
          1.0,
          -1.5714846091086088e-11,
          0.0
        ],
        [
          -2.3217205935566199e-10,
          1.6883147657686948e-10,
          1.0,
          1.7000000476837158
        ],
        [
          0.0,
          0.0,
          0.0,
          1.0
        ]
      ],
      "matrix_ego_from_sensor_bevfusion": [
        [
          -5.584114060042111e-09,
          -3.561264616536164e-10,
          0.9999999403953552,
          1.5500030517578125
        ],
        [
          -1.0,
          -1.5714846091086088e-11,
          -2.6727577928653545e-09,
          0.0
        ],
        [
          1.6883147657686948e-10,
          -1.0,
          -2.3217205935566199e-10,
          1.7000000476837158
        ],
        [
          0.0,
          0.0,
          0.0,
          1.0
        ]
      ],
      "camera_intrinsics": [
        [
          1142.5184326171875,
          0.0,
          800.0
        ],
        [
          0.0,
          1142.5184326171875,
          450.0
        ],
        [
          0.0,
          0.0,
          1.0
        ]
      ],
      "data_path": "D:\\Agent-AI\\outputs\\samples\\sample_000000\\images\\CAM_FRONT.png",
      "raw_layout": "bgra8"
    },
    "CAM_FRONT_RIGHT": {
      "type_id": "sensor.camera.rgb",
      "blueprint_attributes": {
        "role_name": "front",
        "ros_name": "sensor.camera.rgb",
        "chromatic_aberration_offset": "0.0",
        "sensor_tick": "0.050000",
        "fstop": "1.4",
        "image_size_x": "1600",
        "image_size_y": "900",
        "fov": "70.00",
        "lens_circle_falloff": "5.0",
        "lens_circle_multiplier": "0.0",
        "exposure_compensation": "0.0",
        "lens_y_size": "0.08",
        "lens_k": "-1.0",
        "exposure_mode": "histogram",
        "lens_kcube": "0.0",
        "lens_x_size": "0.08",
        "exposure_max_bright": "12.0",
        "shutter_speed": "200.0",
        "bloom_intensity": "0.675",
        "iso": "100.0",
        "enable_postprocess_effects": "false",
        "gamma": "2.2",
        "motion_blur_intensity": "0.0",
        "motion_blur_max_distortion": "0.35",
        "lens_flare_intensity": "0.1",
        "motion_blur_min_object_screen_size": "0.1",
        "exposure_min_bright": "10.0",
        "exposure_speed_up": "3.0",
        "exposure_speed_down": "1.0",
        "tint": "0.0",
        "calibration_constant": "16.0",
        "focal_distance": "1000.0",
        "min_fstop": "1.2",
        "blade_count": "5",
        "blur_amount": "0.0",
        "blur_radius": "0.0",
        "slope": "0.88",
        "toe": "0.55",
        "white_clip": "0.04",
        "shoulder": "0.26",
        "black_clip": "0.0",
        "temp": "6500.0",
        "chromatic_aberration_intensity": "0.0"
      },
      "transform_carla": {
        "location": {
          "x": -61.19068145751953,
          "y": 24.609914779663086,
          "z": 1.7040157318115234
        },
        "rotation": {
          "roll": 0.5649948120117188,
          "pitch": 0.17906023561954498,
          "yaw": 48.64168167114258
        }
      },
      "matrix_world_from_sensor_carla": [
        [
          0.6607627868652344,
          -0.7505350708961487,
          -0.009466397576034069,
          -61.19068145751953
        ],
        [
          0.7505882382392883,
          0.6607570052146912,
          0.004170095548033714,
          24.609914779663086
        ],
        [
          0.003125185612589121,
          -0.009860810823738575,
          0.9999464750289917,
          1.7040157318115234
        ],
        [
          0.0,
          0.0,
          0.0,
          1.0
        ]
      ],
      "matrix_world_from_sensor_bevfusion": [
        [
          -0.7505350708961487,
          0.009466397576034069,
          0.6607627868652344,
          -61.19068145751953
        ],
        [
          -0.6607570052146912,
          0.004170095548033714,
          -0.7505882382392883,
          -24.609914779663086
        ],
        [
          -0.009860810823738575,
          -0.9999464750289917,
          0.003125185612589121,
          1.7040157318115234
        ],
        [
          0.0,
          0.0,
          0.0,
          1.0
        ]
      ],
      "matrix_ego_from_sensor_carla": [
        [
          0.5735766887664795,
          -0.8191518783569336,
          -2.4446558555268894e-08,
          1.3000030517578125
        ],
        [
          0.8191518783569336,
          0.5735766291618347,
          -3.498860934314507e-08,
          0.5499992370605469
        ],
        [
          4.29706012994302e-08,
          6.710362265849312e-10,
          0.9999999403953552,
          1.7000000476837158
        ],
        [
          0.0,
          0.0,
          0.0,
          1.0
        ]
      ],
      "matrix_ego_from_sensor_bevfusion": [
        [
          -0.8191518783569336,
          2.4446558555268894e-08,
          0.5735766887664795,
          1.3000030517578125
        ],
        [
          -0.5735766291618347,
          -3.498860934314507e-08,
          -0.8191518783569336,
          -0.5499992370605469
        ],
        [
          6.710362265849312e-10,
          -0.9999999403953552,
          4.29706012994302e-08,
          1.7000000476837158
        ],
        [
          0.0,
          0.0,
          0.0,
          1.0
        ]
      ],
      "camera_intrinsics": [
        [
          1142.5184326171875,
          0.0,
          800.0
        ],
        [
          0.0,
          1142.5184326171875,
          450.0
        ],
        [
          0.0,
          0.0,
          1.0
        ]
      ],
      "data_path": "D:\\Agent-AI\\outputs\\samples\\sample_000000\\images\\CAM_FRONT_RIGHT.png",
      "raw_layout": "bgra8"
    },
    "CAM_FRONT_LEFT": {
      "type_id": "sensor.camera.rgb",
      "blueprint_attributes": {
        "role_name": "front",
        "ros_name": "sensor.camera.rgb",
        "chromatic_aberration_offset": "0.0",
        "sensor_tick": "0.050000",
        "fstop": "1.4",
        "image_size_x": "1600",
        "image_size_y": "900",
        "fov": "70.00",
        "lens_circle_falloff": "5.0",
        "lens_circle_multiplier": "0.0",
        "exposure_compensation": "0.0",
        "lens_y_size": "0.08",
        "lens_k": "-1.0",
        "exposure_mode": "histogram",
        "lens_kcube": "0.0",
        "lens_x_size": "0.08",
        "exposure_max_bright": "12.0",
        "shutter_speed": "200.0",
        "bloom_intensity": "0.675",
        "iso": "100.0",
        "enable_postprocess_effects": "false",
        "gamma": "2.2",
        "motion_blur_intensity": "0.0",
        "motion_blur_max_distortion": "0.35",
        "lens_flare_intensity": "0.1",
        "motion_blur_min_object_screen_size": "0.1",
        "exposure_min_bright": "10.0",
        "exposure_speed_up": "3.0",
        "exposure_speed_down": "1.0",
        "tint": "0.0",
        "calibration_constant": "16.0",
        "focal_distance": "1000.0",
        "min_fstop": "1.2",
        "blade_count": "5",
        "blur_amount": "0.0",
        "blur_radius": "0.0",
        "slope": "0.88",
        "toe": "0.55",
        "white_clip": "0.04",
        "shoulder": "0.26",
        "black_clip": "0.0",
        "temp": "6500.0",
        "chromatic_aberration_intensity": "0.0"
      },
      "transform_carla": {
        "location": {
          "x": -61.31253433227539,
          "y": 23.51668930053711,
          "z": 1.7074211835861206
        },
        "rotation": {
          "roll": -0.36150890588760376,
          "pitch": 0.4696711003780365,
          "yaw": -61.360660552978516
        }
      },
      "matrix_world_from_sensor_carla": [
        [
          0.4792785048484802,
          0.8776118159294128,
          -0.009466342628002167,
          -61.31253433227539
        ],
        [
          -0.8776245713233948,
          0.47933048009872437,
          0.004170075990259647,
          23.51668930053711
        ],
        [
          0.00819721445441246,
          0.006309266667813063,
          0.9999464750289917,
          1.7074211835861206
        ],
        [
          0.0,
          0.0,
          0.0,
          1.0
        ]
      ],
      "matrix_world_from_sensor_bevfusion": [
        [
          0.8776118159294128,
          0.009466342628002167,
          0.4792785048484802,
          -61.31253433227539
        ],
        [
          -0.47933048009872437,
          0.004170075990259647,
          0.8776245713233948,
          -23.51668930053711
        ],
        [
          0.006309266667813063,
          -0.9999464750289917,
          0.00819721445441246,
          1.7074211835861206
        ],
        [
          0.0,
          0.0,
          0.0,
          1.0
        ]
      ],
      "matrix_ego_from_sensor_carla": [
        [
          0.5735765695571899,
          0.8191519379615784,
          3.2364116719918457e-08,
          1.3000030517578125
        ],
        [
          -0.8191519379615784,
          0.5735766291618347,
          -4.825995603141564e-08,
          -0.5500011444091797
        ],
        [
          -5.877605602222502e-08,
          8.324403943937853e-10,
          0.9999999403953552,
          1.6999998092651367
        ],
        [
          0.0,
          0.0,
          0.0,
          1.0
        ]
      ],
      "matrix_ego_from_sensor_bevfusion": [
        [
          0.8191519379615784,
          -3.2364116719918457e-08,
          0.5735765695571899,
          1.3000030517578125
        ],
        [
          -0.5735766291618347,
          -4.825995603141564e-08,
          0.8191519379615784,
          0.5500011444091797
        ],
        [
          8.324403943937853e-10,
          -0.9999999403953552,
          -5.877605602222502e-08,
          1.6999998092651367
        ],
        [
          0.0,
          0.0,
          0.0,
          1.0
        ]
      ],
      "camera_intrinsics": [
        [
          1142.5184326171875,
          0.0,
          800.0
        ],
        [
          0.0,
          1142.5184326171875,
          450.0
        ],
        [
          0.0,
          0.0,
          1.0
        ]
      ],
      "data_path": "D:\\Agent-AI\\outputs\\samples\\sample_000000\\images\\CAM_FRONT_LEFT.png",
      "raw_layout": "bgra8"
    },
    "CAM_BACK": {
      "type_id": "sensor.camera.rgb",
      "blueprint_attributes": {
        "role_name": "front",
        "ros_name": "sensor.camera.rgb",
        "chromatic_aberration_offset": "0.0",
        "sensor_tick": "0.050000",
        "fstop": "1.4",
        "image_size_x": "1600",
        "image_size_y": "900",
        "fov": "70.00",
        "lens_circle_falloff": "5.0",
        "lens_circle_multiplier": "0.0",
        "exposure_compensation": "0.0",
        "lens_y_size": "0.08",
        "lens_k": "-1.0",
        "exposure_mode": "histogram",
        "lens_kcube": "0.0",
        "lens_x_size": "0.08",
        "exposure_max_bright": "12.0",
        "shutter_speed": "200.0",
        "bloom_intensity": "0.675",
        "iso": "100.0",
        "enable_postprocess_effects": "false",
        "gamma": "2.2",
        "motion_blur_intensity": "0.0",
        "motion_blur_max_distortion": "0.35",
        "lens_flare_intensity": "0.1",
        "motion_blur_min_object_screen_size": "0.1",
        "exposure_min_bright": "10.0",
        "exposure_speed_up": "3.0",
        "exposure_speed_down": "1.0",
        "tint": "0.0",
        "calibration_constant": "16.0",
        "focal_distance": "1000.0",
        "min_fstop": "1.2",
        "blade_count": "5",
        "blur_amount": "0.0",
        "blur_radius": "0.0",
        "slope": "0.88",
        "toe": "0.55",
        "white_clip": "0.04",
        "shoulder": "0.26",
        "black_clip": "0.0",
        "temp": "6500.0",
        "chromatic_aberration_intensity": "0.0"
      },
      "transform_carla": {
        "location": {
          "x": -64.08393859863281,
          "y": 24.37891387939453,
          "z": 1.6775890588760376
        },
        "rotation": {
          "roll": -0.1773947924375534,
          "pitch": -0.5655191540718079,
          "yaw": 173.64170837402344
        }
      },
      "matrix_world_from_sensor_carla": [
        [
          -0.9938004016876221,
          -0.11077523976564407,
          -0.00946637149900198,
          -64.08393859863281
        ],
        [
          0.11074000597000122,
          -0.9938406348228455,
          0.004170126747339964,
          24.37891387939453
        ],
        [
          -0.009870011359453201,
          0.003095967462286353,
          0.9999465346336365,
          1.6775890588760376
        ],
        [
          0.0,
          0.0,
          0.0,
          1.0
        ]
      ],
      "matrix_world_from_sensor_bevfusion": [
        [
          -0.11077523976564407,
          0.00946637149900198,
          -0.9938004016876221,
          -64.08393859863281
        ],
        [
          0.9938406348228455,
          0.004170126747339964,
          -0.11074000597000122,
          -24.37891387939453
        ],
        [
          0.003095967462286353,
          -0.9999465346336365,
          -0.009870011359453201,
          1.6775890588760376
        ],
        [
          0.0,
          0.0,
          0.0,
          1.0
        ]
      ],
      "matrix_ego_from_sensor_carla": [
        [
          -1.0,
          4.4434648316382663e-07,
          -1.5065186875773406e-09,
          -1.5500030517578125
        ],
        [
          -4.395940038648405e-07,
          -1.0,
          -1.1798680921160098e-09,
          1.9073486328125e-06
        ],
        [
          -6.991505152598165e-10,
          -1.5659649132970799e-09,
          1.0,
          1.7000000476837158
        ],
        [
          0.0,
          0.0,
          0.0,
          1.0
        ]
      ],
      "matrix_ego_from_sensor_bevfusion": [
        [
          4.4434648316382663e-07,
          1.5065186875773406e-09,
          -1.0,
          -1.5500030517578125
        ],
        [
          1.0,
          -1.1798680921160098e-09,
          4.395940038648405e-07,
          -1.9073486328125e-06
        ],
        [
          -1.5659649132970799e-09,
          -1.0,
          -6.991505152598165e-10,
          1.7000000476837158
        ],
        [
          0.0,
          0.0,
          0.0,
          1.0
        ]
      ],
      "camera_intrinsics": [
        [
          1142.5184326171875,
          0.0,
          800.0
        ],
        [
          0.0,
          1142.5184326171875,
          450.0
        ],
        [
          0.0,
          0.0,
          1.0
        ]
      ],
      "data_path": "D:\\Agent-AI\\outputs\\samples\\sample_000000\\images\\CAM_BACK.png",
      "raw_layout": "bgra8"
    },
    "CAM_BACK_LEFT": {
      "type_id": "sensor.camera.rgb",
      "blueprint_attributes": {
        "role_name": "front",
        "ros_name": "sensor.camera.rgb",
        "chromatic_aberration_offset": "0.0",
        "sensor_tick": "0.050000",
        "fstop": "1.4",
        "image_size_x": "1600",
        "image_size_y": "900",
        "fov": "70.00",
        "lens_circle_falloff": "5.0",
        "lens_circle_multiplier": "0.0",
        "exposure_compensation": "0.0",
        "lens_y_size": "0.08",
        "lens_k": "-1.0",
        "exposure_mode": "histogram",
        "lens_kcube": "0.0",
        "lens_x_size": "0.08",
        "exposure_max_bright": "12.0",
        "shutter_speed": "200.0",
        "bloom_intensity": "0.675",
        "iso": "100.0",
        "enable_postprocess_effects": "false",
        "gamma": "2.2",
        "motion_blur_intensity": "0.0",
        "motion_blur_max_distortion": "0.35",
        "lens_flare_intensity": "0.1",
        "motion_blur_min_object_screen_size": "0.1",
        "exposure_min_bright": "10.0",
        "exposure_speed_up": "3.0",
        "exposure_speed_down": "1.0",
        "tint": "0.0",
        "calibration_constant": "16.0",
        "focal_distance": "1000.0",
        "min_fstop": "1.2",
        "blade_count": "5",
        "blur_amount": "0.0",
        "blur_radius": "0.0",
        "slope": "0.88",
        "toe": "0.55",
        "white_clip": "0.04",
        "shoulder": "0.26",
        "black_clip": "0.0",
        "temp": "6500.0",
        "chromatic_aberration_intensity": "0.0"
      },
      "transform_carla": {
        "location": {
          "x": -63.89641571044922,
          "y": 23.80461311340332,
          "z": 1.6817593574523926
        },
        "rotation": {
          "roll": -0.5649948120117188,
          "pitch": -0.17906023561954498,
          "yaw": -131.35830688476562
        }
      },
      "matrix_world_from_sensor_carla": [
        [
          -0.6607626080513,
          0.750535249710083,
          -0.009466398507356644,
          -63.89641571044922
        ],
        [
          -0.7505884170532227,
          -0.6607568264007568,
          0.004170093685388565,
          23.80461311340332
        ],
        [
          -0.003125185612589121,
          0.009860810823738575,
          0.9999464750289917,
          1.6817593574523926
        ],
        [
          0.0,
          0.0,
          0.0,
          1.0
        ]
      ],
      "matrix_world_from_sensor_bevfusion": [
        [
          0.750535249710083,
          0.009466398507356644,
          -0.6607626080513,
          -63.89641571044922
        ],
        [
          0.6607568264007568,
          0.004170093685388565,
          0.7505884170532227,
          -23.80461311340332
        ],
        [
          0.009860810823738575,
          -0.9999464750289917,
          -0.003125185612589121,
          1.6817593574523926
        ],
        [
          0.0,
          0.0,
          0.0,
          1.0
        ]
      ],
      "matrix_ego_from_sensor_carla": [
        [
          -0.5735764503479004,
          0.8191520571708679,
          -2.5377881129884372e-08,
          -1.2999954223632812
        ],
        [
          -0.8191520571708679,
          -0.5735764503479004,
          -3.685125449237603e-08,
          -0.5500030517578125
        ],
        [
          -4.5066077092315027e-08,
          -1.6023588012004097e-09,
          0.9999999403953552,
          1.7000000476837158
        ],
        [
          0.0,
          0.0,
          0.0,
          1.0
        ]
      ],
      "matrix_ego_from_sensor_bevfusion": [
        [
          0.8191520571708679,
          2.5377881129884372e-08,
          -0.5735764503479004,
          -1.2999954223632812
        ],
        [
          0.5735764503479004,
          -3.685125449237603e-08,
          0.8191520571708679,
          0.5500030517578125
        ],
        [
          -1.6023588012004097e-09,
          -0.9999999403953552,
          -4.5066077092315027e-08,
          1.7000000476837158
        ],
        [
          0.0,
          0.0,
          0.0,
          1.0
        ]
      ],
      "camera_intrinsics": [
        [
          1142.5184326171875,
          0.0,
          800.0
        ],
        [
          0.0,
          1142.5184326171875,
          450.0
        ],
        [
          0.0,
          0.0,
          1.0
        ]
      ],
      "data_path": "D:\\Agent-AI\\outputs\\samples\\sample_000000\\images\\CAM_BACK_LEFT.png",
      "raw_layout": "bgra8"
    },
    "CAM_BACK_RIGHT": {
      "type_id": "sensor.camera.rgb",
      "blueprint_attributes": {
        "role_name": "front",
        "ros_name": "sensor.camera.rgb",
        "chromatic_aberration_offset": "0.0",
        "sensor_tick": "0.050000",
        "fstop": "1.4",
        "image_size_x": "1600",
        "image_size_y": "900",
        "fov": "70.00",
        "lens_circle_falloff": "5.0",
        "lens_circle_multiplier": "0.0",
        "exposure_compensation": "0.0",
        "lens_y_size": "0.08",
        "lens_k": "-1.0",
        "exposure_mode": "histogram",
        "lens_kcube": "0.0",
        "lens_x_size": "0.08",
        "exposure_max_bright": "12.0",
        "shutter_speed": "200.0",
        "bloom_intensity": "0.675",
        "iso": "100.0",
        "enable_postprocess_effects": "false",
        "gamma": "2.2",
        "motion_blur_intensity": "0.0",
        "motion_blur_max_distortion": "0.35",
        "lens_flare_intensity": "0.1",
        "motion_blur_min_object_screen_size": "0.1",
        "exposure_min_bright": "10.0",
        "exposure_speed_up": "3.0",
        "exposure_speed_down": "1.0",
        "tint": "0.0",
        "calibration_constant": "16.0",
        "focal_distance": "1000.0",
        "min_fstop": "1.2",
        "blade_count": "5",
        "blur_amount": "0.0",
        "blur_radius": "0.0",
        "slope": "0.88",
        "toe": "0.55",
        "white_clip": "0.04",
        "shoulder": "0.26",
        "black_clip": "0.0",
        "temp": "6500.0",
        "chromatic_aberration_intensity": "0.0"
      },
      "transform_carla": {
        "location": {
          "x": -63.774559020996094,
          "y": 24.897838592529297,
          "z": 1.6783536672592163
        },
        "rotation": {
          "roll": 0.36150896549224854,
          "pitch": -0.4696711003780365,
          "yaw": 118.63931274414062
        }
      },
      "matrix_world_from_sensor_carla": [
        [
          -0.47927793860435486,
          -0.8776121139526367,
          -0.009466340765357018,
          -63.774559020996094
        ],
        [
          0.8776248693466187,
          -0.479329913854599,
          0.004170081578195095,
          24.897838592529297
        ],
        [
          -0.00819721445441246,
          -0.006309268064796925,
          0.9999464750289917,
          1.6783536672592163
        ],
        [
          0.0,
          0.0,
          0.0,
          1.0
        ]
      ],
      "matrix_world_from_sensor_bevfusion": [
        [
          -0.8776121139526367,
          0.009466340765357018,
          -0.47927793860435486,
          -63.774559020996094
        ],
        [
          0.479329913854599,
          0.004170081578195095,
          -0.8776248693466187,
          -24.897838592529297
        ],
        [
          -0.006309268064796925,
          -0.9999464750289917,
          -0.00819721445441246,
          1.6783536672592163
        ],
        [
          0.0,
          0.0,
          0.0,
          1.0
        ]
      ],
      "matrix_ego_from_sensor_carla": [
        [
          -0.573576033115387,
          -0.819152295589447,
          3.4226761869149414e-08,
          -1.2999954223632812
        ],
        [
          0.819152295589447,
          -0.5735760927200317,
          -4.24391899400689e-08,
          0.5499992370605469
        ],
        [
          5.5050765723763107e-08,
          2.892924566566535e-09,
          0.9999999403953552,
          1.7000000476837158
        ],
        [
          0.0,
          0.0,
          0.0,
          1.0
        ]
      ],
      "matrix_ego_from_sensor_bevfusion": [
        [
          -0.819152295589447,
          -3.4226761869149414e-08,
          -0.573576033115387,
          -1.2999954223632812
        ],
        [
          0.5735760927200317,
          -4.24391899400689e-08,
          -0.819152295589447,
          -0.5499992370605469
        ],
        [
          2.892924566566535e-09,
          -0.9999999403953552,
          5.5050765723763107e-08,
          1.7000000476837158
        ],
        [
          0.0,
          0.0,
          0.0,
          1.0
        ]
      ],
      "camera_intrinsics": [
        [
          1142.5184326171875,
          0.0,
          800.0
        ],
        [
          0.0,
          1142.5184326171875,
          450.0
        ],
        [
          0.0,
          0.0,
          1.0
        ]
      ],
      "data_path": "D:\\Agent-AI\\outputs\\samples\\sample_000000\\images\\CAM_BACK_RIGHT.png",
      "raw_layout": "bgra8"
    },
    "LIDAR_TOP": {
      "type_id": "sensor.lidar.ray_cast",
      "blueprint_attributes": {
        "atmosphere_attenuation_rate": "0.004",
        "role_name": "front",
        "noise_seed": "0",
        "upper_fov": "10.0",
        "ros_name": "sensor.lidar.ray_cast",
        "sensor_tick": "0.050000",
        "channels": "32",
        "range": "120.0",
        "points_per_second": "360000",
        "lower_fov": "-30.0",
        "rotation_frequency": "20.000000",
        "horizontal_fov": "360.0",
        "dropoff_general_rate": "0.0",
        "dropoff_intensity_limit": "1.0",
        "noise_stddev": "0.0",
        "dropoff_zero_intensity": "0.0"
      },
      "transform_carla": {
        "location": {
          "x": -62.54827880859375,
          "y": 24.2093505859375,
          "z": 2.1928608417510986
        },
        "rotation": {
          "roll": 0.17739462852478027,
          "pitch": 0.5655191540718079,
          "yaw": -6.358311653137207
        }
      },
      "matrix_world_from_sensor_carla": [
        [
          0.9938003420829773,
          0.1107756718993187,
          -0.00946636963635683,
          -62.54827880859375
        ],
        [
          -0.11074043810367584,
          0.9938405752182007,
          0.0041701276786625385,
          24.2093505859375
        ],
        [
          0.009870011359453201,
          -0.0030959646683186293,
          0.9999465346336365,
          2.1928608417510986
        ],
        [
          0.0,
          0.0,
          0.0,
          1.0
        ]
      ],
      "matrix_world_from_sensor_bevfusion": [
        [
          0.9938003420829773,
          -0.1107756718993187,
          -0.00946636963635683,
          -62.54827880859375
        ],
        [
          0.11074043810367584,
          0.9938405752182007,
          -0.0041701276786625385,
          -24.2093505859375
        ],
        [
          0.009870011359453201,
          0.0030959646683186293,
          0.9999465346336365,
          2.1928608417510986
        ],
        [
          0.0,
          0.0,
          0.0,
          1.0
        ]
      ],
      "matrix_ego_from_sensor_carla": [
        [
          0.9999999403953552,
          -5.584114060042111e-09,
          3.561264616536164e-10,
          7.62939453125e-06
        ],
        [
          2.6727577928653545e-09,
          1.0,
          -1.5714846091086088e-11,
          1.9073486328125e-06
        ],
        [
          -2.3217205935566199e-10,
          1.6883147657686948e-10,
          1.0,
          2.200000047683716
        ],
        [
          0.0,
          0.0,
          0.0,
          1.0
        ]
      ],
      "matrix_ego_from_sensor_bevfusion": [
        [
          0.9999999403953552,
          5.584114060042111e-09,
          3.561264616536164e-10,
          7.62939453125e-06
        ],
        [
          -2.6727577928653545e-09,
          1.0,
          1.5714846091086088e-11,
          -1.9073486328125e-06
        ],
        [
          -2.3217205935566199e-10,
          -1.6883147657686948e-10,
          1.0,
          2.200000047683716
        ],
        [
          0.0,
          0.0,
          0.0,
          1.0
        ]
      ],
      "data_path": "D:\\Agent-AI\\outputs\\samples\\sample_000000\\lidar\\LIDAR_TOP.npy",
      "raw_layout": [
        "x",
        "y",
        "z",
        "intensity"
      ]
    },
    "RADAR_FRONT": {
      "type_id": "sensor.other.radar",
      "blueprint_attributes": {
        "sensor_tick": "0.050000",
        "role_name": "default",
        "noise_seed": "0",
        "ros_name": "sensor.other.radar",
        "horizontal_fov": "35.0",
        "points_per_second": "1500",
        "vertical_fov": "20.0",
        "range": "120.0"
      },
      "transform_carla": {
        "location": {
          "x": -60.54837417602539,
          "y": 23.98244857788086,
          "z": 0.9126703143119812
        },
        "rotation": {
          "roll": 0.17739462852478027,
          "pitch": 0.5655191540718079,
          "yaw": -6.358311653137207
        }
      },
      "matrix_world_from_sensor_carla": [
        [
          0.9938003420829773,
          0.1107756718993187,
          -0.00946636963635683,
          -60.54837417602539
        ],
        [
          -0.11074043810367584,
          0.9938405752182007,
          0.0041701276786625385,
          23.98244857788086
        ],
        [
          0.009870011359453201,
          -0.0030959646683186293,
          0.9999465346336365,
          0.9126703143119812
        ],
        [
          0.0,
          0.0,
          0.0,
          1.0
        ]
      ],
      "matrix_world_from_sensor_bevfusion": [
        [
          0.9938003420829773,
          -0.1107756718993187,
          -0.00946636963635683,
          -60.54837417602539
        ],
        [
          0.11074043810367584,
          0.9938405752182007,
          -0.0041701276786625385,
          -23.98244857788086
        ],
        [
          0.009870011359453201,
          0.0030959646683186293,
          0.9999465346336365,
          0.9126703143119812
        ],
        [
          0.0,
          0.0,
          0.0,
          1.0
        ]
      ],
      "matrix_ego_from_sensor_carla": [
        [
          0.9999999403953552,
          -5.584114060042111e-09,
          3.561264616536164e-10,
          2.0
        ],
        [
          2.6727577928653545e-09,
          1.0,
          -1.5714846091086088e-11,
          1.9073486328125e-06
        ],
        [
          -2.3217205935566199e-10,
          1.6883147657686948e-10,
          1.0,
          0.8999999165534973
        ],
        [
          0.0,
          0.0,
          0.0,
          1.0
        ]
      ],
      "matrix_ego_from_sensor_bevfusion": [
        [
          0.9999999403953552,
          5.584114060042111e-09,
          3.561264616536164e-10,
          2.0
        ],
        [
          -2.6727577928653545e-09,
          1.0,
          1.5714846091086088e-11,
          -1.9073486328125e-06
        ],
        [
          -2.3217205935566199e-10,
          -1.6883147657686948e-10,
          1.0,
          0.8999999165534973
        ],
        [
          0.0,
          0.0,
          0.0,
          1.0
        ]
      ],
      "data_path": "D:\\Agent-AI\\outputs\\samples\\sample_000000\\radar\\RADAR_FRONT.npy",
      "raw_layout": [
        "velocity",
        "altitude",
        "azimuth",
        "depth"
      ]
    },
    "RADAR_FRONT_LEFT": {
      "type_id": "sensor.other.radar",
      "blueprint_attributes": {
        "sensor_tick": "0.050000",
        "role_name": "default",
        "noise_seed": "0",
        "ros_name": "sensor.other.radar",
        "horizontal_fov": "35.0",
        "points_per_second": "1500",
        "vertical_fov": "20.0",
        "range": "120.0"
      },
      "transform_carla": {
        "location": {
          "x": -60.979286193847656,
          "y": 23.275827407836914,
          "z": 0.9115378260612488
        },
        "rotation": {
          "roll": -0.2744579017162323,
          "pitch": 0.5253098011016846,
          "yaw": -51.36045837402344
        }
      },
      "matrix_world_from_sensor_carla": [
        [
          0.624392569065094,
          0.781053364276886,
          -0.0094663230702281,
          -60.979286193847656
        ],
        [
          -0.7810568809509277,
          0.6244459748268127,
          0.004170073661953211,
          23.275827407836914
        ],
        [
          0.009168257005512714,
          0.004789974540472031,
          0.9999465346336365,
          0.9115378260612488
        ],
        [
          0.0,
          0.0,
          0.0,
          1.0
        ]
      ],
      "matrix_world_from_sensor_bevfusion": [
        [
          0.624392569065094,
          -0.781053364276886,
          -0.0094663230702281,
          -60.979286193847656
        ],
        [
          0.7810568809509277,
          0.6244459748268127,
          -0.004170073661953211,
          -23.275827407836914
        ],
        [
          0.009168257005512714,
          -0.004789974540472031,
          0.9999465346336365,
          0.9115378260612488
        ],
        [
          0.0,
          0.0,
          0.0,
          1.0
        ]
      ],
      "matrix_ego_from_sensor_carla": [
        [
          0.7071065902709961,
          0.7071069478988647,
          5.3441514324958916e-08,
          1.6500015258789062
        ],
        [
          -0.7071069478988647,
          0.7071066498756409,
          -4.867731817626009e-08,
          -0.75
        ],
        [
          -7.163553306099857e-08,
          -1.6665242519309231e-09,
          1.0,
          0.9000000357627869
        ],
        [
          0.0,
          0.0,
          0.0,
          1.0
        ]
      ],
      "matrix_ego_from_sensor_bevfusion": [
        [
          0.7071065902709961,
          -0.7071069478988647,
          5.3441514324958916e-08,
          1.6500015258789062
        ],
        [
          0.7071069478988647,
          0.7071066498756409,
          4.867731817626009e-08,
          0.75
        ],
        [
          -7.163553306099857e-08,
          1.6665242519309231e-09,
          1.0,
          0.9000000357627869
        ],
        [
          0.0,
          0.0,
          0.0,
          1.0
        ]
      ],
      "data_path": "D:\\Agent-AI\\outputs\\samples\\sample_000000\\radar\\RADAR_FRONT_LEFT.npy",
      "raw_layout": [
        "velocity",
        "altitude",
        "azimuth",
        "depth"
      ]
    },
    "RADAR_FRONT_RIGHT": {
      "type_id": "sensor.other.radar",
      "blueprint_attributes": {
        "sensor_tick": "0.050000",
        "role_name": "default",
        "noise_seed": "0",
