{
  "schema_version": "stage1.v1",
  "sample_name": "sample_000000",
  "sequence_index": 0,
  "previous_sample_name": null,
  "frame_id": 60001,
  "timestamp": 435.0197007507086,
  "platform_timestamp": 16814560.6408786,
  "delta_seconds": 0.10000000149011612,
  "town": "Carla/Maps/Town10HD_Opt",
  "weather": {
    "cloudiness": 20.0,
    "dust_storm": 0.0,
    "fog_density": 2.0,
    "fog_distance": 0.75,
    "fog_falloff": 0.10000000149011612,
    "mie_scattering_scale": 0.029999999329447746,
    "precipitation": 0.0,
    "precipitation_deposits": 0.0,
    "rayleigh_scattering_scale": 0.03310000151395798,
    "scattering_intensity": 1.0,
    "sun_altitude_angle": 45.0,
    "sun_azimuth_angle": 300.0,
    "wetness": 0.0,
    "wind_intensity": 10.0
  },
  "sensor_names": [
    "CAM_FRONT",
    "CAM_FRONT_RIGHT",
    "CAM_FRONT_LEFT",
    "CAM_BACK",
    "CAM_BACK_LEFT",
    "CAM_BACK_RIGHT",
    "LIDAR_TOP",
    "RADAR_FRONT",
    "RADAR_FRONT_LEFT",
    "RADAR_FRONT_RIGHT",
    "RADAR_BACK_LEFT",
    "RADAR_BACK_RIGHT"
  ],
  "camera_order_for_model": [
    "CAM_FRONT",
    "CAM_FRONT_RIGHT",
    "CAM_FRONT_LEFT",
    "CAM_BACK",
    "CAM_BACK_LEFT",
    "CAM_BACK_RIGHT"
  ],
  "radar_order_for_model": [
    "RADAR_FRONT",
    "RADAR_FRONT_LEFT",
    "RADAR_FRONT_RIGHT",
    "RADAR_BACK_LEFT",
    "RADAR_BACK_RIGHT"
  ],
  "coordinate_notes": {
    "carla_world": "left-handed x-forward y-right z-up",
    "bevfusion_lidar": "x-forward y-left z-up",
    "camera_frame_for_model": "OpenCV style x-right y-down z-forward"
  },
  "ego": {
    "actor_id": 28,
    "transform_carla": {
      "location": {
        "x": 106.41765594482422,
        "y": -20.761810302734375,
        "z": -0.006373481824994087
      },
      "rotation": {
        "roll": 0.03410018980503082,
        "pitch": 0.5051129460334778,
        "yaw": -90.61852264404297
      }
    },
    "velocity_carla": [
      -0.08668729662895203,
      -3.5755228996276855,
      -3.875732363667339e-05
    ],
    "angular_velocity_carla": [
      -0.6919357776641846,
      0.06652545183897018,
      -1.7436789274215698
    ],
    "matrix_world_from_ego_carla": [
      [
        -0.01079465076327324,
        0.9999414682388306,
        0.000690292683430016,
        106.41765594482422
      ],
      [
        -0.9999028444290161,
        -0.010800314135849476,
        0.008808827959001064,
        -20.761810302734375
      ],
      [
        0.008815769106149673,
        -0.0005951374187134206,
        0.9999609589576721,
        -0.006373481824994087
      ],
      [
        0.0,
        0.0,
        0.0,
        1.0
      ]
    ],
    "matrix_world_from_ego_bevfusion": [
      [
        -0.01079465076327324,
        -0.9999414682388306,
        0.000690292683430016,
        106.41765594482422
      ],
      [
        0.9999028444290161,
        -0.010800314135849476,
        -0.008808827959001064,
        20.761810302734375
      ],
      [
        0.008815769106149673,
        0.0005951374187134206,
        0.9999609589576721,
        -0.006373481824994087
      ],
      [
        0.0,
        0.0,
        0.0,
        1.0
      ]
    ]
  },
  "sensors": {
    "CAM_FRONT": {
      "type_id": "sensor.camera.rgb",
      "blueprint_attributes": {
        "role_name": "front",
        "ros_name": "sensor.camera.rgb",
        "chromatic_aberration_offset": "0.0",
        "sensor_tick": "0.100000",
        "fstop": "1.4",
        "image_size_x": "960",
        "image_size_y": "540",
        "fov": "70.00",
        "lens_circle_falloff": "5.0",
        "lens_circle_multiplier": "0.0",
        "exposure_compensation": "0.0",
        "lens_y_size": "0.08",
        "lens_k": "-1.0",
        "exposure_mode": "histogram",
        "lens_kcube": "0.0",
        "lens_x_size": "0.08",
        "exposure_max_bright": "12.0",
        "shutter_speed": "200.0",
        "bloom_intensity": "0.675",
        "iso": "100.0",
        "enable_postprocess_effects": "false",
        "gamma": "2.2",
        "motion_blur_intensity": "0.0",
        "motion_blur_max_distortion": "0.35",
        "lens_flare_intensity": "0.1",
        "motion_blur_min_object_screen_size": "0.1",
        "exposure_min_bright": "10.0",
        "exposure_speed_up": "3.0",
        "exposure_speed_down": "1.0",
        "tint": "0.0",
        "calibration_constant": "16.0",
        "focal_distance": "1000.0",
        "min_fstop": "1.2",
        "blade_count": "5",
        "blur_amount": "0.0",
        "blur_radius": "0.0",
        "slope": "0.88",
        "toe": "0.55",
        "white_clip": "0.04",
        "shoulder": "0.26",
        "black_clip": "0.0",
        "temp": "6500.0",
        "chromatic_aberration_intensity": "0.0"
      },
      "transform_carla": {
        "location": {
          "x": 106.402099609375,
          "y": -22.29668426513672,
          "z": 1.707224726676941
        },
        "rotation": {
          "roll": 0.03410018980503082,
          "pitch": 0.5051129460334778,
          "yaw": -90.61852264404297
        }
      },
      "matrix_world_from_sensor_carla": [
        [
          -0.01079465076327324,
          0.9999414682388306,
          0.000690292683430016,
          106.402099609375
        ],
        [
          -0.9999028444290161,
          -0.010800314135849476,
          0.008808827959001064,
          -22.29668426513672
        ],
        [
          0.008815769106149673,
          -0.0005951374187134206,
          0.9999609589576721,
          1.707224726676941
        ],
        [
          0.0,
          0.0,
          0.0,
          1.0
        ]
      ],
      "matrix_world_from_sensor_bevfusion": [
        [
          0.9999414682388306,
          -0.000690292683430016,
          -0.01079465076327324,
          106.402099609375
        ],
        [
          0.010800314135849476,
          0.008808827959001064,
          0.9999028444290161,
          22.29668426513672
        ],
        [
          -0.0005951374187134206,
          -0.9999609589576721,
          0.008815769106149673,
          1.707224726676941
        ],
        [
          0.0,
          0.0,
          0.0,
          1.0
        ]
      ],
      "matrix_ego_from_sensor_carla": [
        [
          1.0,
          -4.511789830630164e-10,
          -5.187484330981817e-10,
          1.5500011444091797
        ],
        [
          -1.643329361478152e-10,
          1.0,
          6.813610786693403e-11,
          7.62939453125e-06
        ],
        [
          -5.187847929022382e-10,
          9.92845042291357e-12,
          1.0,
          1.7000000476837158
        ],
        [
          0.0,
          0.0,
          0.0,
          1.0
        ]
      ],
      "matrix_ego_from_sensor_bevfusion": [
        [
          -4.511789830630164e-10,
          5.187484330981817e-10,
          1.0,
          1.5500011444091797
        ],
        [
          -1.0,
          6.813610786693403e-11,
          1.643329361478152e-10,
          -7.62939453125e-06
        ],
        [
          9.92845042291357e-12,
          -1.0,
          -5.187847929022382e-10,
          1.7000000476837158
        ],
        [
          0.0,
          0.0,
          0.0,
          1.0
        ]
      ],
      "camera_intrinsics": [
        [
          685.5110473632812,
          0.0,
          480.0
        ],
        [
          0.0,
          685.5110473632812,
          270.0
        ],
        [
          0.0,
          0.0,
          1.0
        ]
      ],
      "data_path": "D:\\Agent-AI\\outputs\\s3a_ml_long_v2\\sample_000000\\images\\CAM_FRONT.png",
      "raw_layout": "bgra8"
    },
    "CAM_FRONT_RIGHT": {
      "type_id": "sensor.camera.rgb",
      "blueprint_attributes": {
        "role_name": "front",
        "ros_name": "sensor.camera.rgb",
        "chromatic_aberration_offset": "0.0",
        "sensor_tick": "0.100000",
        "fstop": "1.4",
        "image_size_x": "960",
        "image_size_y": "540",
        "fov": "70.00",
        "lens_circle_falloff": "5.0",
        "lens_circle_multiplier": "0.0",
        "exposure_compensation": "0.0",
        "lens_y_size": "0.08",
        "lens_k": "-1.0",
        "exposure_mode": "histogram",
        "lens_kcube": "0.0",
        "lens_x_size": "0.08",
        "exposure_max_bright": "12.0",
        "shutter_speed": "200.0",
        "bloom_intensity": "0.675",
        "iso": "100.0",
        "enable_postprocess_effects": "false",
        "gamma": "2.2",
        "motion_blur_intensity": "0.0",
        "motion_blur_max_distortion": "0.35",
        "lens_flare_intensity": "0.1",
        "motion_blur_min_object_screen_size": "0.1",
        "exposure_min_bright": "10.0",
        "exposure_speed_up": "3.0",
        "exposure_speed_down": "1.0",
        "tint": "0.0",
        "calibration_constant": "16.0",
        "focal_distance": "1000.0",
        "min_fstop": "1.2",
        "blade_count": "5",
        "blur_amount": "0.0",
        "blur_radius": "0.0",
        "slope": "0.88",
        "toe": "0.55",
        "white_clip": "0.04",
        "shoulder": "0.26",
        "black_clip": "0.0",
        "temp": "6500.0",
        "chromatic_aberration_intensity": "0.0"
      },
      "transform_carla": {
        "location": {
          "x": 106.95476531982422,
          "y": -22.052650451660156,
          "z": 1.70469331741333
        },
        "rotation": {
          "roll": 0.43332573771476746,
          "pitch": 0.261787474155426,
          "yaw": -35.617698669433594
        }
      },
      "matrix_world_from_sensor_carla": [
        [
          0.8129124641418457,
          0.5823854804039001,
          0.0006902709137648344,
          106.95476531982422
        ],
        [
          -0.582368016242981,
          0.8128775358200073,
          0.008808843791484833,
          -22.052650451660156
        ],
        [
          0.004569037351757288,
          -0.007562810089439154,
          0.9999609589576721,
          1.70469331741333
        ],
        [
          0.0,
          0.0,
          0.0,
          1.0
        ]
      ],
      "matrix_world_from_sensor_bevfusion": [
        [
          0.5823854804039001,
          -0.0006902709137648344,
          0.8129124641418457,
          106.95476531982422
        ],
        [
          -0.8128775358200073,
          0.008808843791484833,
          0.582368016242981,
          22.052650451660156
        ],
        [
          -0.007562810089439154,
          -0.9999609589576721,
          0.004569037351757288,
          1.70469331741333
        ],
        [
          0.0,
          0.0,
          0.0,
          1.0
        ]
      ],
      "matrix_ego_from_sensor_carla": [
        [
          0.5735766291618347,
          -0.8191519379615784,
          -1.5419908905300872e-08,
          1.3000011444091797
        ],
        [
          0.8191519975662231,
          0.5735766291618347,
          -2.1876152445088337e-08,
          0.5499954223632812
        ],
        [
          2.5579662832342365e-08,
          1.427716500579379e-09,
          1.0,
          1.6999999284744263
        ],
        [
          0.0,
          0.0,
          0.0,
          1.0
        ]
      ],
      "matrix_ego_from_sensor_bevfusion": [
        [
          -0.8191519379615784,
          1.5419908905300872e-08,
          0.5735766291618347,
          1.3000011444091797
        ],
        [
          -0.5735766291618347,
          -2.1876152445088337e-08,
          -0.8191519975662231,
          -0.5499954223632812
        ],
        [
          1.427716500579379e-09,
          -1.0,
          2.5579662832342365e-08,
          1.6999999284744263
        ],
        [
          0.0,
          0.0,
          0.0,
          1.0
        ]
      ],
      "camera_intrinsics": [
        [
          685.5110473632812,
          0.0,
          480.0
        ],
        [
          0.0,
          685.5110473632812,
          270.0
        ],
        [
          0.0,
          0.0,
          1.0
        ]
      ],
      "data_path": "D:\\Agent-AI\\outputs\\s3a_ml_long_v2\\sample_000000\\images\\CAM_FRONT_RIGHT.png",
      "raw_layout": "bgra8"
    },
    "CAM_FRONT_LEFT": {
      "type_id": "sensor.camera.rgb",
      "blueprint_attributes": {
        "role_name": "front",
        "ros_name": "sensor.camera.rgb",
        "chromatic_aberration_offset": "0.0",
        "sensor_tick": "0.100000",
        "fstop": "1.4",
        "image_size_x": "960",
        "image_size_y": "540",
        "fov": "70.00",
        "lens_circle_falloff": "5.0",
        "lens_circle_multiplier": "0.0",
        "exposure_compensation": "0.0",
        "lens_y_size": "0.08",
        "lens_k": "-1.0",
        "exposure_mode": "histogram",
        "lens_kcube": "0.0",
        "lens_x_size": "0.08",
        "exposure_max_bright": "12.0",
        "shutter_speed": "200.0",
        "bloom_intensity": "0.675",
        "iso": "100.0",
        "enable_postprocess_effects": "false",
        "gamma": "2.2",
        "motion_blur_intensity": "0.0",
        "motion_blur_max_distortion": "0.35",
        "lens_flare_intensity": "0.1",
        "motion_blur_min_object_screen_size": "0.1",
        "exposure_min_bright": "10.0",
        "exposure_speed_up": "3.0",
        "exposure_speed_down": "1.0",
        "tint": "0.0",
        "calibration_constant": "16.0",
        "focal_distance": "1000.0",
        "min_fstop": "1.2",
        "blade_count": "5",
        "blur_amount": "0.0",
        "blur_radius": "0.0",
        "slope": "0.88",
        "toe": "0.55",
        "white_clip": "0.04",
        "shoulder": "0.26",
        "black_clip": "0.0",
        "temp": "6500.0",
        "chromatic_aberration_intensity": "0.0"
      },
      "transform_carla": {
        "location": {
          "x": 105.85482025146484,
          "y": -22.040767669677734,
          "z": 1.7053478956222534
        },
        "rotation": {
          "roll": -0.39420971274375916,
          "pitch": 0.31764477491378784,
          "yaw": -145.61976623535156
        }
      },
      "matrix_world_from_sensor_carla": [
        [
          -0.8252956867218018,
          0.5647003650665283,
          0.0006902057211846113,
          105.85482025146484
        ],
        [
          -0.5646735429763794,
          -0.8252673149108887,
          0.008808767423033714,
          -22.040767669677734
        ],
        [
          0.005543918814510107,
          0.0068800970911979675,
          0.9999609589576721,
          1.7053478956222534
        ],
        [
          0.0,
          0.0,
          0.0,
          1.0
        ]
      ],
      "matrix_world_from_sensor_bevfusion": [
        [
          0.5647003650665283,
          -0.0006902057211846113,
          -0.8252956867218018,
          105.85482025146484
        ],
        [
          0.8252673149108887,
          0.008808767423033714,
          0.5646735429763794,
          22.040767669677734
        ],
        [
          0.0068800970911979675,
          -0.9999609589576721,
          0.005543918814510107,
          1.7053478956222534
        ],
        [
          0.0,
          0.0,
          0.0,
          1.0
        ]
      ],
      "matrix_ego_from_sensor_carla": [
        [
          0.5735763907432556,
          0.8191521167755127,
          6.09485439895252e-08,
          1.2999992370605469
        ],
        [
          -0.8191520571708679,
          0.5735763907432556,
          -8.625382719174013e-08,
          -0.5500106811523438
        ],
        [
          -1.0654430582235364e-07,
          -2.247905417362972e-09,
          1.0,
          1.6999998092651367
        ],
        [
          0.0,
          0.0,
          0.0,
          1.0
        ]
      ],
      "matrix_ego_from_sensor_bevfusion": [
        [
          0.8191521167755127,
          -6.09485439895252e-08,
          0.5735763907432556,
          1.2999992370605469
        ],
        [
          -0.5735763907432556,
          -8.625382719174013e-08,
          0.8191520571708679,
          0.5500106811523438
        ],
        [
          -2.247905417362972e-09,
          -1.0,
          -1.0654430582235364e-07,
          1.6999998092651367
        ],
        [
          0.0,
          0.0,
          0.0,
          1.0
        ]
      ],
      "camera_intrinsics": [
        [
          685.5110473632812,
          0.0,
          480.0
        ],
        [
          0.0,
          685.5110473632812,
          270.0
        ],
        [
          0.0,
          0.0,
          1.0
        ]
      ],
      "data_path": "D:\\Agent-AI\\outputs\\s3a_ml_long_v2\\sample_000000\\images\\CAM_FRONT_LEFT.png",
      "raw_layout": "bgra8"
    },
    "CAM_BACK": {
      "type_id": "sensor.camera.rgb",
      "blueprint_attributes": {
        "role_name": "front",
        "ros_name": "sensor.camera.rgb",
        "chromatic_aberration_offset": "0.0",
        "sensor_tick": "0.100000",
        "fstop": "1.4",
        "image_size_x": "960",
        "image_size_y": "540",
        "fov": "70.00",
        "lens_circle_falloff": "5.0",
        "lens_circle_multiplier": "0.0",
        "exposure_compensation": "0.0",
        "lens_y_size": "0.08",
        "lens_k": "-1.0",
        "exposure_mode": "histogram",
        "lens_kcube": "0.0",
        "lens_x_size": "0.08",
        "exposure_max_bright": "12.0",
        "shutter_speed": "200.0",
        "bloom_intensity": "0.675",
        "iso": "100.0",
        "enable_postprocess_effects": "false",
        "gamma": "2.2",
        "motion_blur_intensity": "0.0",
        "motion_blur_max_distortion": "0.35",
        "lens_flare_intensity": "0.1",
        "motion_blur_min_object_screen_size": "0.1",
        "exposure_min_bright": "10.0",
        "exposure_speed_up": "3.0",
        "exposure_speed_down": "1.0",
        "tint": "0.0",
        "calibration_constant": "16.0",
        "focal_distance": "1000.0",
        "min_fstop": "1.2",
        "blade_count": "5",
        "blur_amount": "0.0",
        "blur_radius": "0.0",
        "slope": "0.88",
        "toe": "0.55",
        "white_clip": "0.04",
        "shoulder": "0.26",
        "black_clip": "0.0",
        "temp": "6500.0",
        "chromatic_aberration_intensity": "0.0"
      },
      "transform_carla": {
        "location": {
          "x": 106.43556213378906,
          "y": -19.19698715209961,
          "z": 1.6798956394195557
        },
        "rotation": {
          "roll": -0.03410034999251366,
          "pitch": -0.5051129460334778,
          "yaw": 89.38146209716797
        }
      },
      "matrix_world_from_sensor_carla": [
        [
          0.010794920846819878,
          -0.9999414682388306,
          0.0006902978639118373,
          106.43556213378906
        ],
        [
          0.9999028444290161,
          0.010800584219396114,
          0.008808827959001064,
          -19.19698715209961
        ],
        [
          -0.008815769106149673,
          0.0005951402126811445,
          0.9999609589576721,
          1.6798956394195557
        ],
        [
          0.0,
          0.0,
          0.0,
          1.0
        ]
      ],
      "matrix_world_from_sensor_bevfusion": [
        [
          -0.9999414682388306,
          -0.0006902978639118373,
          0.010794920846819878,
          106.43556213378906
        ],
        [
          -0.010800584219396114,
          0.008808827959001064,
          -0.9999028444290161,
          19.19698715209961
        ],
        [
          0.0005951402126811445,
          -0.9999609589576721,
          -0.008815769106149673,
          1.6798956394195557
        ],
        [
          0.0,
          0.0,
          0.0,
          1.0
        ]
      ],
      "matrix_ego_from_sensor_carla": [
        [
          -1.0,
          -2.6958136345456296e-07,
          -5.187484330981817e-10,
          -1.5499992370605469
        ],
        [
          2.7024788096241537e-07,
          -1.0,
          5.2486179846766845e-09,
          0.0
        ],
        [
          5.187847929022382e-10,
          5.112236411974891e-09,
          1.0,
          1.6999998092651367
        ],
        [
          0.0,
          0.0,
          0.0,
          1.0
        ]
      ],
      "matrix_ego_from_sensor_bevfusion": [
        [
          -2.6958136345456296e-07,
          5.187484330981817e-10,
          -1.0,
          -1.5499992370605469
        ],
        [
          1.0,
          5.2486179846766845e-09,
          -2.7024788096241537e-07,
          0.0
        ],
        [
          5.112236411974891e-09,
          -1.0,
          5.187847929022382e-10,
          1.6999998092651367
        ],
        [
          0.0,
          0.0,
          0.0,
          1.0
        ]
      ],
      "camera_intrinsics": [
        [
          685.5110473632812,
          0.0,
          480.0
        ],
        [
          0.0,
          685.5110473632812,
          270.0
        ],
        [
          0.0,
          0.0,
          1.0
        ]
      ],
      "data_path": "D:\\Agent-AI\\outputs\\s3a_ml_long_v2\\sample_000000\\images\\CAM_BACK.png",
      "raw_layout": "bgra8"
    },
    "CAM_BACK_LEFT": {
      "type_id": "sensor.camera.rgb",
      "blueprint_attributes": {
        "role_name": "front",
        "ros_name": "sensor.camera.rgb",
        "chromatic_aberration_offset": "0.0",
        "sensor_tick": "0.100000",
        "fstop": "1.4",
        "image_size_x": "960",
        "image_size_y": "540",
        "fov": "70.00",
        "lens_circle_falloff": "5.0",
        "lens_circle_multiplier": "0.0",
        "exposure_compensation": "0.0",
        "lens_y_size": "0.08",
        "lens_k": "-1.0",
        "exposure_mode": "histogram",
        "lens_kcube": "0.0",
        "lens_x_size": "0.08",
        "exposure_max_bright": "12.0",
        "shutter_speed": "200.0",
        "bloom_intensity": "0.675",
        "iso": "100.0",
        "enable_postprocess_effects": "false",
        "gamma": "2.2",
        "motion_blur_intensity": "0.0",
        "motion_blur_max_distortion": "0.35",
        "lens_flare_intensity": "0.1",
        "motion_blur_min_object_screen_size": "0.1",
        "exposure_min_bright": "10.0",
        "exposure_speed_up": "3.0",
        "exposure_speed_down": "1.0",
        "tint": "0.0",
        "calibration_constant": "16.0",
        "focal_distance": "1000.0",
        "min_fstop": "1.2",
        "blade_count": "5",
        "blur_amount": "0.0",
        "blur_radius": "0.0",
        "slope": "0.88",
        "toe": "0.55",
        "white_clip": "0.04",
        "shoulder": "0.26",
        "black_clip": "0.0",
        "temp": "6500.0",
        "chromatic_aberration_intensity": "0.0"
      },
      "transform_carla": {
        "location": {
          "x": 105.88288879394531,
          "y": -19.441022872924805,
          "z": 1.6824270486831665
        },
        "rotation": {
          "roll": -0.43332579731941223,
          "pitch": -0.261787474155426,
          "yaw": 144.38229370117188
        }
      },
      "matrix_world_from_sensor_carla": [
        [
          -0.8129123449325562,
          -0.5823856592178345,
          0.0006902732420712709,
          105.88288879394531
        ],
        [
          0.5823681950569153,
          -0.8128774166107178,
          0.008808843791484833,
          -19.441022872924805
        ],
        [
          -0.004569037351757288,
          0.007562811020761728,
          0.9999609589576721,
          1.6824270486831665
        ],
        [
          0.0,
          0.0,
          0.0,
          1.0
        ]
      ],
      "matrix_world_from_sensor_bevfusion": [
        [
          -0.5823856592178345,
          -0.0006902732420712709,
          -0.8129123449325562,
          105.88288879394531
        ],
        [
          0.8128774166107178,
          0.008808843791484833,
          -0.5823681950569153,
          19.441022872924805
        ],
        [
          0.007562811020761728,
          -0.9999609589576721,
          -0.004569037351757288,
          1.6824270486831665
        ],
        [
          0.0,
          0.0,
          0.0,
          1.0
        ]
      ],
      "matrix_ego_from_sensor_carla": [
        [
          -0.573576807975769,
          0.8191518187522888,
          -1.5419908905300872e-08,
          -1.299997329711914
        ],
        [
          -0.8191518783569336,
          -0.573576807975769,
          -1.954784600854964e-08,
          -0.5500030517578125
        ],
        [
          -2.4182678970419147e-08,
          4.348922610919459e-10,
          1.0,
          1.7000000476837158
        ],
        [
          0.0,
          0.0,
          0.0,
          1.0
        ]
      ],
      "matrix_ego_from_sensor_bevfusion": [
        [
          0.8191518187522888,
          1.5419908905300872e-08,
          -0.573576807975769,
          -1.299997329711914
        ],
        [
          0.573576807975769,
          -1.954784600854964e-08,
          0.8191518783569336,
          0.5500030517578125
        ],
        [
          4.348922610919459e-10,
          -1.0,
          -2.4182678970419147e-08,
          1.7000000476837158
        ],
        [
          0.0,
          0.0,
          0.0,
          1.0
        ]
      ],
      "camera_intrinsics": [
        [
          685.5110473632812,
          0.0,
          480.0
        ],
        [
          0.0,
          685.5110473632812,
          270.0
        ],
        [
          0.0,
          0.0,
          1.0
        ]
      ],
      "data_path": "D:\\Agent-AI\\outputs\\s3a_ml_long_v2\\sample_000000\\images\\CAM_BACK_LEFT.png",
      "raw_layout": "bgra8"
    },
    "CAM_BACK_RIGHT": {
      "type_id": "sensor.camera.rgb",
      "blueprint_attributes": {
        "role_name": "front",
        "ros_name": "sensor.camera.rgb",
        "chromatic_aberration_offset": "0.0",
        "sensor_tick": "0.100000",
        "fstop": "1.4",
        "image_size_x": "960",
        "image_size_y": "540",
        "fov": "70.00",
        "lens_circle_falloff": "5.0",
        "lens_circle_multiplier": "0.0",
        "exposure_compensation": "0.0",
        "lens_y_size": "0.08",
        "lens_k": "-1.0",
        "exposure_mode": "histogram",
        "lens_kcube": "0.0",
        "lens_x_size": "0.08",
        "exposure_max_bright": "12.0",
        "shutter_speed": "200.0",
        "bloom_intensity": "0.675",
        "iso": "100.0",
        "enable_postprocess_effects": "false",
        "gamma": "2.2",
        "motion_blur_intensity": "0.0",
        "motion_blur_max_distortion": "0.35",
        "lens_flare_intensity": "0.1",
        "motion_blur_min_object_screen_size": "0.1",
        "exposure_min_bright": "10.0",
        "exposure_speed_up": "3.0",
        "exposure_speed_down": "1.0",
        "tint": "0.0",
        "calibration_constant": "16.0",
        "focal_distance": "1000.0",
        "min_fstop": "1.2",
        "blade_count": "5",
        "blur_amount": "0.0",
        "blur_radius": "0.0",
        "slope": "0.88",
        "toe": "0.55",
        "white_clip": "0.04",
        "shoulder": "0.26",
        "black_clip": "0.0",
        "temp": "6500.0",
        "chromatic_aberration_intensity": "0.0"
      },
      "transform_carla": {
        "location": {
          "x": 106.98282623291016,
          "y": -19.45290184020996,
          "z": 1.6817724704742432
        },
        "rotation": {
          "roll": 0.39420977234840393,
          "pitch": -0.31764477491378784,
          "yaw": 34.38021469116211
        }
      },
      "matrix_world_from_sensor_carla": [
        [
          0.8252958655357361,
          -0.564700186252594,
          0.0006902073509991169,
          106.98282623291016
        ],
        [
          0.5646733641624451,
          0.825267493724823,
          0.008808768354356289,
          -19.45290184020996
        ],
        [
          -0.005543918814510107,
          -0.006880098022520542,
          0.9999609589576721,
          1.6817724704742432
        ],
        [
          0.0,
          0.0,
          0.0,
          1.0
        ]
      ],
      "matrix_world_from_sensor_bevfusion": [
        [
          -0.564700186252594,
          -0.0006902073509991169,
          0.8252958655357361,
          106.98282623291016
        ],
        [
          -0.825267493724823,
          0.008808768354356289,
          -0.5646733641624451,
          19.45290184020996
        ],
        [
          -0.006880098022520542,
          -0.9999609589576721,
          -0.005543918814510107,
          1.6817724704742432
        ],
        [
          0.0,
          0.0,
          0.0,
          1.0
        ]
      ],
      "matrix_ego_from_sensor_carla": [
        [
          -0.5735762119293213,
          -0.819152295589447,
          6.001722141490973e-08,
          -1.2999992370605469
        ],
        [
          0.8191522359848022,
          -0.5735762119293213,
          -8.462401268616304e-08,
          0.5499954223632812
        ],
        [
          1.0514732196043042e-07,
          3.1792644072936582e-09,
          1.0,
          1.7000000476837158
        ],
        [
          0.0,
          0.0,
          0.0,
          1.0
        ]
      ],
      "matrix_ego_from_sensor_bevfusion": [
        [
          -0.819152295589447,
          -6.001722141490973e-08,
          -0.5735762119293213,
          -1.2999992370605469
        ],
        [
          0.5735762119293213,
          -8.462401268616304e-08,
          -0.8191522359848022,
          -0.5499954223632812
        ],
        [
          3.1792644072936582e-09,
          -1.0,
          1.0514732196043042e-07,
          1.7000000476837158
        ],
        [
          0.0,
          0.0,
          0.0,
          1.0
        ]
      ],
      "camera_intrinsics": [
        [
          685.5110473632812,
          0.0,
          480.0
        ],
        [
          0.0,
          685.5110473632812,
          270.0
        ],
        [
          0.0,
          0.0,
          1.0
        ]
      ],
      "data_path": "D:\\Agent-AI\\outputs\\s3a_ml_long_v2\\sample_000000\\images\\CAM_BACK_RIGHT.png",
      "raw_layout": "bgra8"
    },
    "LIDAR_TOP": {
      "type_id": "sensor.lidar.ray_cast",
      "blueprint_attributes": {
        "atmosphere_attenuation_rate": "0.004",
        "role_name": "front",
        "noise_seed": "0",
        "upper_fov": "10.0",
        "ros_name": "sensor.lidar.ray_cast",
        "sensor_tick": "0.100000",
        "channels": "32",
        "range": "120.0",
        "points_per_second": "360000",
        "lower_fov": "-30.0",
        "rotation_frequency": "10.000000",
        "horizontal_fov": "360.0",
        "dropoff_general_rate": "0.0",
        "dropoff_intensity_limit": "1.0",
        "noise_stddev": "0.0",
        "dropoff_zero_intensity": "0.0"
      },
      "transform_carla": {
        "location": {
          "x": 106.41917419433594,
          "y": -20.742431640625,
          "z": 2.193540573120117
        },
        "rotation": {
          "roll": 0.03410018980503082,
          "pitch": 0.5051129460334778,
          "yaw": -90.61852264404297
        }
      },
      "matrix_world_from_sensor_carla": [
        [
          -0.01079465076327324,
          0.9999414682388306,
          0.000690292683430016,
          106.41917419433594
        ],
        [
          -0.9999028444290161,
          -0.010800314135849476,
          0.008808827959001064,
          -20.742431640625
        ],
        [
          0.008815769106149673,
          -0.0005951374187134206,
          0.9999609589576721,
          2.193540573120117
        ],
        [
          0.0,
          0.0,
          0.0,
          1.0
        ]
      ],
      "matrix_world_from_sensor_bevfusion": [
        [
          -0.01079465076327324,
          -0.9999414682388306,
          0.000690292683430016,
          106.41917419433594
        ],
        [
          0.9999028444290161,
          -0.010800314135849476,
          -0.008808827959001064,
          20.742431640625
        ],
        [
          0.008815769106149673,
          0.0005951374187134206,
          0.9999609589576721,
          2.193540573120117
        ],
        [
          0.0,
          0.0,
          0.0,
          1.0
        ]
      ],
      "matrix_ego_from_sensor_carla": [
        [
          1.0,
          -4.511789830630164e-10,
          -5.187484330981817e-10,
          1.9073486328125e-06
        ],
        [
          -1.643329361478152e-10,
          1.0,
          6.813610786693403e-11,
          -7.62939453125e-06
        ],
        [
          -5.187847929022382e-10,
          9.92845042291357e-12,
          1.0,
          2.1999998092651367
        ],
        [
          0.0,
          0.0,
          0.0,
          1.0
        ]
      ],
      "matrix_ego_from_sensor_bevfusion": [
        [
          1.0,
          4.511789830630164e-10,
          -5.187484330981817e-10,
          1.9073486328125e-06
        ],
        [
          1.643329361478152e-10,
          1.0,
          -6.813610786693403e-11,
          7.62939453125e-06
        ],
        [
          -5.187847929022382e-10,
          -9.92845042291357e-12,
          1.0,
          2.1999998092651367
        ],
        [
          0.0,
          0.0,
          0.0,
          1.0
        ]
      ],
      "data_path": "D:\\Agent-AI\\outputs\\s3a_ml_long_v2\\sample_000000\\lidar\\LIDAR_TOP.npy",
      "raw_layout": [
        "x",
        "y",
        "z",
        "intensity"
      ]
    },
    "RADAR_FRONT": {
      "type_id": "sensor.other.radar",
      "blueprint_attributes": {
        "sensor_tick": "0.100000",
        "role_name": "default",
        "noise_seed": "0",
        "ros_name": "sensor.other.radar",
        "horizontal_fov": "35.0",
        "points_per_second": "1500",
        "vertical_fov": "20.0",
        "range": "120.0"
      },
      "transform_carla": {
        "location": {
          "x": 106.39669036865234,
          "y": -22.75368881225586,
          "z": 0.9112228155136108
        },
        "rotation": {
          "roll": 0.03410018980503082,
          "pitch": 0.5051129460334778,
          "yaw": -90.61852264404297
        }
      },
      "matrix_world_from_sensor_carla": [
        [
          -0.01079465076327324,
          0.9999414682388306,
          0.000690292683430016,
          106.39669036865234
        ],
        [
          -0.9999028444290161,
          -0.010800314135849476,
          0.008808827959001064,
          -22.75368881225586
        ],
        [
          0.008815769106149673,
          -0.0005951374187134206,
          0.9999609589576721,
          0.9112228155136108
        ],
        [
          0.0,
          0.0,
          0.0,
          1.0
        ]
      ],
      "matrix_world_from_sensor_bevfusion": [
        [
          -0.01079465076327324,
          -0.9999414682388306,
          0.000690292683430016,
          106.39669036865234
        ],
        [
          0.9999028444290161,
          -0.010800314135849476,
          -0.008808827959001064,
          22.75368881225586
        ],
        [
          0.008815769106149673,
          0.0005951374187134206,
          0.9999609589576721,
          0.9112228155136108
        ],
        [
          0.0,
          0.0,
          0.0,
          1.0
        ]
      ],
      "matrix_ego_from_sensor_carla": [
        [
          1.0,
          -4.511789830630164e-10,
          -5.187484330981817e-10,
          2.000001907348633
        ],
        [
          -1.643329361478152e-10,
          1.0,
          6.813610786693403e-11,
          7.62939453125e-06
        ],
        [
          -5.187847929022382e-10,
          9.92845042291357e-12,
          1.0,
          0.8999999165534973
        ],
        [
          0.0,
          0.0,
          0.0,
          1.0
        ]
      ],
      "matrix_ego_from_sensor_bevfusion": [
        [
          1.0,
          4.511789830630164e-10,
          -5.187484330981817e-10,
          2.000001907348633
        ],
        [
          1.643329361478152e-10,
          1.0,
          -6.813610786693403e-11,
          -7.62939453125e-06
        ],
        [
          -5.187847929022382e-10,
          -9.92845042291357e-12,
          1.0,
          0.8999999165534973
        ],
        [
          0.0,
          0.0,
          0.0,
          1.0
        ]
      ],
      "data_path": "D:\\Agent-AI\\outputs\\s3a_ml_long_v2\\sample_000000\\radar\\RADAR_FRONT.npy",
      "raw_layout": [
        "velocity",
        "altitude",
        "azimuth",
        "depth"
      ]
    },
    "RADAR_FRONT_LEFT": {
      "type_id": "sensor.other.radar",
      "blueprint_attributes": {
        "sensor_tick": "0.100000",
        "role_name": "default",
        "noise_seed": "0",
        "ros_name": "sensor.other.radar",
        "horizontal_fov": "35.0",
        "points_per_second": "1500",
        "vertical_fov": "20.0",
        "range": "120.0"
      },
      "transform_carla": {
        "location": {
          "x": 105.65050506591797,
          "y": -22.39562225341797,
          "z": 0.9085838198661804
        },
        "rotation": {
          "roll": -0.3330618441104889,
          "pitch": 0.3812747895717621,
          "yaw": -135.61981201171875
        }
      },
      "matrix_world_from_sensor_carla": [
        [
          -0.7146987915039062,
          0.6994320750236511,
          0.0006902515888214111,
          105.65050506591797
        ],
        [
          -0.699400782585144,
          -0.7146754860877991,
          0.008808784186840057,
          -22.39562225341797
        ],
        [
          0.006654451601207256,
          0.005812864750623703,
          0.9999610185623169,
          0.9085838198661804
        ],
        [
          0.0,
          0.0,
          0.0,
          1.0
        ]
      ],
      "matrix_world_from_sensor_bevfusion": [
        [
          -0.7146987915039062,
          -0.6994320750236511,
          0.0006902515888214111,
          105.65050506591797
        ],
        [
          0.699400782585144,
          -0.7146754860877991,
          -0.008808784186840057,
          22.39562225341797
        ],
        [
          0.006654451601207256,
          -0.005812864750623703,
          0.9999610185623169,
          0.9085838198661804
        ],
        [
          0.0,
          0.0,
          0.0,
          1.0
        ]
      ],
      "matrix_ego_from_sensor_carla": [
        [
          0.7071064710617065,
          0.7071072459220886,
          4.471019465768222e-08,
          1.6499996185302734
        ],
        [
          -0.7071071863174438,
          0.7071064710617065,
          -4.059628366803736e-08,
          -0.7500076293945312
        ],
        [
          -6.189068102457895e-08,
          -3.8885419328948956e-09,
          1.0,
          0.9000000357627869
        ],
        [
          0.0,
          0.0,
          0.0,
          1.0
        ]
      ],
      "matrix_ego_from_sensor_bevfusion": [
        [
          0.7071064710617065,
          -0.7071072459220886,
          4.471019465768222e-08,
          1.6499996185302734
        ],
        [
          0.7071071863174438,
          0.7071064710617065,
          4.059628366803736e-08,
          0.7500076293945312
        ],
        [
          -6.189068102457895e-08,
          3.8885419328948956e-09,
          1.0,
          0.9000000357627869
        ],
        [
          0.0,
          0.0,
          0.0,
          1.0
        ]
      ],
      "data_path": "D:\\Agent-AI\\outputs\\s3a_ml_long_v2\\sample_000000\\radar\\RADAR_FRONT_LEFT.npy",
      "raw_layout": [
        "velocity",
        "altitude",
        "azimuth",
        "depth"
      ]
    },
    "RADAR_FRONT_RIGHT": {
      "type_id": "sensor.other.radar",
      "blueprint_attributes": {
        "sensor_tick": "0.100000",
        "role_name": "default",
        "noise_seed": "0",
        "ros_name": "sensor.other.radar",
        "horizontal_fov": "35.0",
        "points_per_second": "1500",
