{
  "schema_version": "stage1.v1",
  "sample_name": "sample_000057",
  "sequence_index": 57,
  "previous_sample_name": "sample_000056",
  "frame_id": 60058,
  "timestamp": 440.7197008356452,
  "platform_timestamp": 16814587.4214796,
  "delta_seconds": 0.10000000149011612,
  "town": "Carla/Maps/Town10HD_Opt",
  "weather": {
    "cloudiness": 20.0,
    "dust_storm": 0.0,
    "fog_density": 2.0,
    "fog_distance": 0.75,
    "fog_falloff": 0.10000000149011612,
    "mie_scattering_scale": 0.029999999329447746,
    "precipitation": 0.0,
    "precipitation_deposits": 0.0,
    "rayleigh_scattering_scale": 0.03310000151395798,
    "scattering_intensity": 1.0,
    "sun_altitude_angle": 45.0,
    "sun_azimuth_angle": 300.0,
    "wetness": 0.0,
    "wind_intensity": 10.0
  },
  "sensor_names": [
    "CAM_FRONT",
    "CAM_FRONT_RIGHT",
    "CAM_FRONT_LEFT",
    "CAM_BACK",
    "CAM_BACK_LEFT",
    "CAM_BACK_RIGHT",
    "LIDAR_TOP",
    "RADAR_FRONT",
    "RADAR_FRONT_LEFT",
    "RADAR_FRONT_RIGHT",
    "RADAR_BACK_LEFT",
    "RADAR_BACK_RIGHT"
  ],
  "camera_order_for_model": [
    "CAM_FRONT",
    "CAM_FRONT_RIGHT",
    "CAM_FRONT_LEFT",
    "CAM_BACK",
    "CAM_BACK_LEFT",
    "CAM_BACK_RIGHT"
  ],
  "radar_order_for_model": [
    "RADAR_FRONT",
    "RADAR_FRONT_LEFT",
    "RADAR_FRONT_RIGHT",
    "RADAR_BACK_LEFT",
    "RADAR_BACK_RIGHT"
  ],
  "coordinate_notes": {
    "carla_world": "left-handed x-forward y-right z-up",
    "bevfusion_lidar": "x-forward y-left z-up",
    "camera_frame_for_model": "OpenCV style x-right y-down z-forward"
  },
  "ego": {
    "actor_id": 28,
    "transform_carla": {
      "location": {
        "x": 87.33354949951172,
        "y": -57.72303771972656,
        "z": -0.003904380602762103
      },
      "rotation": {
        "roll": 0.5169680118560791,
        "pitch": -0.11874283105134964,
        "yaw": -146.59165954589844
      }
    },
    "velocity_carla": [
      -6.5024895668029785,
      -4.160303115844727,
      0.00010136604396393523
    ],
    "angular_velocity_carla": [
      -0.8525681495666504,
      -0.5411004424095154,
      -7.331872940063477
    ],
    "matrix_world_from_ego_carla": [
      [
        -0.8347659707069397,
        0.5505954027175903,
        0.0032379571348428726,
        87.33354949951172
      ],
      [
        -0.5506010055541992,
        -0.8347234725952148,
        -0.008672885596752167,
        -57.72303771972656
      ],
      [
        -0.0020724518690258265,
        -0.009022652171552181,
        0.9999571442604065,
        -0.003904380602762103
      ],
      [
        0.0,
        0.0,
        0.0,
        1.0
      ]
    ],
    "matrix_world_from_ego_bevfusion": [
      [
        -0.8347659707069397,
        -0.5505954027175903,
        0.0032379571348428726,
        87.33354949951172
      ],
      [
        0.5506010055541992,
        -0.8347234725952148,
        0.008672885596752167,
        57.72303771972656
      ],
      [
        -0.0020724518690258265,
        0.009022652171552181,
        0.9999571442604065,
        -0.003904380602762103
      ],
      [
        0.0,
        0.0,
        0.0,
        1.0
      ]
    ]
  },
  "sensors": {
    "CAM_FRONT": {
      "type_id": "sensor.camera.rgb",
      "blueprint_attributes": {
        "role_name": "front",
        "ros_name": "sensor.camera.rgb",
        "chromatic_aberration_offset": "0.0",
        "sensor_tick": "0.100000",
        "fstop": "1.4",
        "image_size_x": "960",
        "image_size_y": "540",
        "fov": "70.00",
        "lens_circle_falloff": "5.0",
        "lens_circle_multiplier": "0.0",
        "exposure_compensation": "0.0",
        "lens_y_size": "0.08",
        "lens_k": "-1.0",
        "exposure_mode": "histogram",
        "lens_kcube": "0.0",
        "lens_x_size": "0.08",
        "exposure_max_bright": "12.0",
        "shutter_speed": "200.0",
        "bloom_intensity": "0.675",
        "iso": "100.0",
        "enable_postprocess_effects": "false",
        "gamma": "2.2",
        "motion_blur_intensity": "0.0",
        "motion_blur_max_distortion": "0.35",
        "lens_flare_intensity": "0.1",
        "motion_blur_min_object_screen_size": "0.1",
        "exposure_min_bright": "10.0",
        "exposure_speed_up": "3.0",
        "exposure_speed_down": "1.0",
        "tint": "0.0",
        "calibration_constant": "16.0",
        "focal_distance": "1000.0",
        "min_fstop": "1.2",
        "blade_count": "5",
        "blur_amount": "0.0",
        "blur_radius": "0.0",
        "slope": "0.88",
        "toe": "0.55",
        "white_clip": "0.04",
        "shoulder": "0.26",
        "black_clip": "0.0",
        "temp": "6500.0",
        "chromatic_aberration_intensity": "0.0"
      },
      "transform_carla": {
        "location": {
          "x": 86.04517364501953,
          "y": -58.591209411621094,
          "z": 1.692810297012329
        },
        "rotation": {
          "roll": 0.5169680118560791,
          "pitch": -0.11874283105134964,
          "yaw": -146.59165954589844
        }
      },
      "matrix_world_from_sensor_carla": [
        [
          -0.8347659707069397,
          0.5505954027175903,
          0.0032379571348428726,
          86.04517364501953
        ],
        [
          -0.5506010055541992,
          -0.8347234725952148,
          -0.008672885596752167,
          -58.591209411621094
        ],
        [
          -0.0020724518690258265,
          -0.009022652171552181,
          0.9999571442604065,
          1.692810297012329
        ],
        [
          0.0,
          0.0,
          0.0,
          1.0
        ]
      ],
      "matrix_world_from_sensor_bevfusion": [
        [
          0.5505954027175903,
          -0.0032379571348428726,
          -0.8347659707069397,
          86.04517364501953
        ],
        [
          0.8347234725952148,
          -0.008672885596752167,
          0.5506010055541992,
          58.591209411621094
        ],
        [
          -0.009022652171552181,
          -0.9999571442604065,
          -0.0020724518690258265,
          1.692810297012329
        ],
        [
          0.0,
          0.0,
          0.0,
          1.0
        ]
      ],
      "matrix_ego_from_sensor_carla": [
        [
          0.9999999403953552,
          -1.7815342090443664e-08,
          -3.5766892225730373e-10,
          1.5499916076660156
        ],
        [
          -1.7817443520584675e-08,
          1.0,
          1.735634413968512e-10,
          -7.62939453125e-06
        ],
        [
          -1.2484825673286792e-10,
          1.735634413968512e-10,
          1.0,
          1.6999998092651367
        ],
        [
          0.0,
          0.0,
          0.0,
          1.0
        ]
      ],
      "matrix_ego_from_sensor_bevfusion": [
        [
          -1.7815342090443664e-08,
          3.5766892225730373e-10,
          0.9999999403953552,
          1.5499916076660156
        ],
        [
          -1.0,
          1.735634413968512e-10,
          1.7817443520584675e-08,
          7.62939453125e-06
        ],
        [
          1.735634413968512e-10,
          -1.0,
          -1.2484825673286792e-10,
          1.6999998092651367
        ],
        [
          0.0,
          0.0,
          0.0,
          1.0
        ]
      ],
      "camera_intrinsics": [
        [
          685.5110473632812,
          0.0,
          480.0
        ],
        [
          0.0,
          685.5110473632812,
          270.0
        ],
        [
          0.0,
          0.0,
          1.0
        ]
      ],
      "data_path": "D:\\Agent-AI\\outputs\\s3a_ml_long_v2\\sample_000057\\images\\CAM_FRONT.png",
      "raw_layout": "bgra8"
    },
    "CAM_FRONT_RIGHT": {
      "type_id": "sensor.camera.rgb",
      "blueprint_attributes": {
        "role_name": "front",
        "ros_name": "sensor.camera.rgb",
        "chromatic_aberration_offset": "0.0",
        "sensor_tick": "0.100000",
        "fstop": "1.4",
        "image_size_x": "960",
        "image_size_y": "540",
        "fov": "70.00",
        "lens_circle_falloff": "5.0",
        "lens_circle_multiplier": "0.0",
        "exposure_compensation": "0.0",
        "lens_y_size": "0.08",
        "lens_k": "-1.0",
        "exposure_mode": "histogram",
        "lens_kcube": "0.0",
        "lens_x_size": "0.08",
        "exposure_max_bright": "12.0",
        "shutter_speed": "200.0",
        "bloom_intensity": "0.675",
        "iso": "100.0",
        "enable_postprocess_effects": "false",
        "gamma": "2.2",
        "motion_blur_intensity": "0.0",
        "motion_blur_max_distortion": "0.35",
        "lens_flare_intensity": "0.1",
        "motion_blur_min_object_screen_size": "0.1",
        "exposure_min_bright": "10.0",
        "exposure_speed_up": "3.0",
        "exposure_speed_down": "1.0",
        "tint": "0.0",
        "calibration_constant": "16.0",
        "focal_distance": "1000.0",
        "min_fstop": "1.2",
        "blade_count": "5",
        "blur_amount": "0.0",
        "blur_radius": "0.0",
        "slope": "0.88",
        "toe": "0.55",
        "white_clip": "0.04",
        "shoulder": "0.26",
        "black_clip": "0.0",
        "temp": "6500.0",
        "chromatic_aberration_intensity": "0.0"
      },
      "transform_carla": {
        "location": {
          "x": 86.55668640136719,
          "y": -58.91265869140625,
          "z": 1.6883660554885864
        },
        "rotation": {
          "roll": 0.1992545872926712,
          "pitch": -0.49158233404159546,
          "yaw": -91.59199523925781
        }
      },
      "matrix_world_from_sensor_carla": [
        [
          -0.027780985459685326,
          0.9996088147163391,
          0.003237941535189748,
          86.55668640136719
        ],
        [
          -0.9995772242546082,
          -0.027752015739679337,
          -0.00867287814617157,
          -58.91265869140625
        ],
        [
          -0.008579624816775322,
          -0.0034775137901306152,
          0.9999572038650513,
          1.6883660554885864
        ],
        [
          0.0,
          0.0,
          0.0,
          1.0
        ]
      ],
      "matrix_world_from_sensor_bevfusion": [
        [
          0.9996088147163391,
          -0.003237941535189748,
          -0.027780985459685326,
          86.55668640136719
        ],
        [
          0.027752015739679337,
          -0.00867287814617157,
          0.9995772242546082,
          58.91265869140625
        ],
        [
          -0.0034775137901306152,
          -0.9999572038650513,
          -0.008579624816775322,
          1.6883660554885864
        ],
        [
          0.0,
          0.0,
          0.0,
          1.0
        ]
      ],
      "matrix_ego_from_sensor_carla": [
        [
          0.5735766291618347,
          -0.8191518783569336,
          8.599198686454201e-09,
          1.2999992370605469
        ],
        [
          0.8191519379615784,
          0.5735766291618347,
          -1.5265388952911962e-08,
          0.5499954223632812
        ],
        [
          8.19565304510661e-09,
          1.5852297252649805e-08,
          1.0,
          1.7000000476837158
        ],
        [
          0.0,
          0.0,
          0.0,
          1.0
        ]
      ],
      "matrix_ego_from_sensor_bevfusion": [
        [
          -0.8191518783569336,
          -8.599198686454201e-09,
          0.5735766291618347,
          1.2999992370605469
        ],
        [
          -0.5735766291618347,
          -1.5265388952911962e-08,
          -0.8191519379615784,
          -0.5499954223632812
        ],
        [
          1.5852297252649805e-08,
          -1.0,
          8.19565304510661e-09,
          1.7000000476837158
        ],
        [
          0.0,
          0.0,
          0.0,
          1.0
        ]
      ],
      "camera_intrinsics": [
        [
          685.5110473632812,
          0.0,
          480.0
        ],
        [
          0.0,
          685.5110473632812,
          270.0
        ],
        [
          0.0,
          0.0,
          1.0
        ]
      ],
      "data_path": "D:\\Agent-AI\\outputs\\s3a_ml_long_v2\\sample_000057\\images\\CAM_FRONT_RIGHT.png",
      "raw_layout": "bgra8"
    },
    "CAM_FRONT_LEFT": {
      "type_id": "sensor.camera.rgb",
      "blueprint_attributes": {
        "role_name": "front",
        "ros_name": "sensor.camera.rgb",
        "chromatic_aberration_offset": "0.0",
        "sensor_tick": "0.100000",
        "fstop": "1.4",
        "image_size_x": "960",
        "image_size_y": "540",
        "fov": "70.00",
        "lens_circle_falloff": "5.0",
        "lens_circle_multiplier": "0.0",
        "exposure_compensation": "0.0",
        "lens_y_size": "0.08",
        "lens_k": "-1.0",
        "exposure_mode": "histogram",
        "lens_kcube": "0.0",
        "lens_x_size": "0.08",
        "exposure_max_bright": "12.0",
        "shutter_speed": "200.0",
        "bloom_intensity": "0.675",
        "iso": "100.0",
        "enable_postprocess_effects": "false",
        "gamma": "2.2",
        "motion_blur_intensity": "0.0",
        "motion_blur_max_distortion": "0.35",
        "lens_flare_intensity": "0.1",
        "motion_blur_min_object_screen_size": "0.1",
        "exposure_min_bright": "10.0",
        "exposure_speed_up": "3.0",
        "exposure_speed_down": "1.0",
        "tint": "0.0",
        "calibration_constant": "16.0",
        "focal_distance": "1000.0",
        "min_fstop": "1.2",
        "blade_count": "5",
        "blur_amount": "0.0",
        "blur_radius": "0.0",
        "slope": "0.88",
        "toe": "0.55",
        "white_clip": "0.04",
        "shoulder": "0.26",
        "black_clip": "0.0",
        "temp": "6500.0",
        "chromatic_aberration_intensity": "0.0"
      },
      "transform_carla": {
        "location": {
          "x": 85.95103454589844,
          "y": -57.99446105957031,
          "z": 1.6982909440994263
        },
        "rotation": {
          "roll": 0.393795907497406,
          "pitch": 0.35536789894104004,
          "yaw": 158.4100799560547
        }
      },
      "matrix_world_from_sensor_carla": [
        [
          -0.9298233389854431,
          -0.36799198389053345,
          0.0032380293123424053,
          85.95103454589844
        ],
        [
          0.36795392632484436,
          -0.9298036098480225,
          -0.008672932162880898,
          -57.99446105957031
        ],
        [
          0.006202300079166889,
          -0.006872849073261023,
          0.9999571442604065,
          1.6982909440994263
        ],
        [
          0.0,
          0.0,
          0.0,
          1.0
        ]
      ],
      "matrix_world_from_sensor_bevfusion": [
        [
          -0.36799198389053345,
          -0.0032380293123424053,
          -0.9298233389854431,
          85.95103454589844
        ],
        [
          0.9298036098480225,
          -0.008672932162880898,
          -0.36795392632484436,
          57.99446105957031
        ],
        [
          -0.006872849073261023,
          -0.9999571442604065,
          0.006202300079166889,
          1.6982909440994263
        ],
        [
          0.0,
          0.0,
          0.0,
          1.0
        ]
      ],
      "matrix_ego_from_sensor_carla": [
        [
          0.5735761523246765,
          0.8191522359848022,
          -3.4816604710385946e-08,
          1.2999916076660156
        ],
        [
          -0.8191521763801575,
          0.5735762119293213,
          7.840466054176431e-08,
          -0.5500030517578125
        ],
        [
          8.390747296971313e-08,
          -1.652071013324985e-08,
          1.0,
          1.6999998092651367
        ],
        [
          0.0,
          0.0,
          0.0,
          1.0
        ]
      ],
      "matrix_ego_from_sensor_bevfusion": [
        [
          0.8191522359848022,
          3.4816604710385946e-08,
          0.5735761523246765,
          1.2999916076660156
        ],
        [
          -0.5735762119293213,
          7.840466054176431e-08,
          0.8191521763801575,
          0.5500030517578125
        ],
        [
          -1.652071013324985e-08,
          -1.0,
          8.390747296971313e-08,
          1.6999998092651367
        ],
        [
          0.0,
          0.0,
          0.0,
          1.0
        ]
      ],
      "camera_intrinsics": [
        [
          685.5110473632812,
          0.0,
          480.0
        ],
        [
          0.0,
          685.5110473632812,
          270.0
        ],
        [
          0.0,
          0.0,
          1.0
        ]
      ],
      "data_path": "D:\\Agent-AI\\outputs\\s3a_ml_long_v2\\sample_000057\\images\\CAM_FRONT_LEFT.png",
      "raw_layout": "bgra8"
    },
    "CAM_BACK": {
      "type_id": "sensor.camera.rgb",
      "blueprint_attributes": {
        "role_name": "front",
        "ros_name": "sensor.camera.rgb",
        "chromatic_aberration_offset": "0.0",
        "sensor_tick": "0.100000",
        "fstop": "1.4",
        "image_size_x": "960",
        "image_size_y": "540",
        "fov": "70.00",
        "lens_circle_falloff": "5.0",
        "lens_circle_multiplier": "0.0",
        "exposure_compensation": "0.0",
        "lens_y_size": "0.08",
        "lens_k": "-1.0",
        "exposure_mode": "histogram",
        "lens_kcube": "0.0",
        "lens_x_size": "0.08",
        "exposure_max_bright": "12.0",
        "shutter_speed": "200.0",
        "bloom_intensity": "0.675",
        "iso": "100.0",
        "enable_postprocess_effects": "false",
        "gamma": "2.2",
        "motion_blur_intensity": "0.0",
        "motion_blur_max_distortion": "0.35",
        "lens_flare_intensity": "0.1",
        "motion_blur_min_object_screen_size": "0.1",
        "exposure_min_bright": "10.0",
        "exposure_speed_up": "3.0",
        "exposure_speed_down": "1.0",
        "tint": "0.0",
        "calibration_constant": "16.0",
        "focal_distance": "1000.0",
        "min_fstop": "1.2",
        "blade_count": "5",
        "blur_amount": "0.0",
        "blur_radius": "0.0",
        "slope": "0.88",
        "toe": "0.55",
        "white_clip": "0.04",
        "shoulder": "0.26",
        "black_clip": "0.0",
        "temp": "6500.0",
        "chromatic_aberration_intensity": "0.0"
      },
      "transform_carla": {
        "location": {
          "x": 88.63294982910156,
          "y": -56.88434982299805,
          "z": 1.6992350816726685
        },
        "rotation": {
          "roll": -0.5169678926467896,
          "pitch": 0.11874283105134964,
          "yaw": 33.408348083496094
        }
      },
      "matrix_world_from_sensor_carla": [
        [
          0.8347658514976501,
          -0.5505955815315247,
          0.0032379580661654472,
          88.63294982910156
        ],
        [
          0.5506011843681335,
          0.8347233533859253,
          -0.008672883734107018,
          -56.88434982299805
        ],
        [
          0.0020724518690258265,
          0.009022650308907032,
          0.9999571442604065,
          1.6992350816726685
        ],
        [
          0.0,
          0.0,
          0.0,
          1.0
        ]
      ],
      "matrix_world_from_sensor_bevfusion": [
        [
          -0.5505955815315247,
          -0.0032379580661654472,
          0.8347658514976501,
          88.63294982910156
        ],
        [
          -0.8347233533859253,
          -0.008672883734107018,
          -0.5506011843681335,
          56.88434982299805
        ],
        [
          0.009022650308907032,
          -0.9999571442604065,
          0.0020724518690258265,
          1.6992350816726685
        ],
        [
          0.0,
          0.0,
          0.0,
          1.0
        ]
      ],
      "matrix_ego_from_sensor_carla": [
        [
          -1.0,
          2.3246722946623777e-07,
          -1.987483511101118e-09,
          -1.5500068664550781
        ],
        [
          -1.9104801651792513e-07,
          -1.0,
          -7.577591332186273e-10,
          0.0
        ],
        [
          -1.970627439007444e-09,
          -1.1048062464880104e-09,
          1.0,
          1.7000000476837158
        ],
        [
          0.0,
          0.0,
          0.0,
          1.0
        ]
      ],
      "matrix_ego_from_sensor_bevfusion": [
        [
          2.3246722946623777e-07,
          1.987483511101118e-09,
          -1.0,
          -1.5500068664550781
        ],
        [
          1.0,
          -7.577591332186273e-10,
          1.9104801651792513e-07,
          0.0
        ],
        [
          -1.1048062464880104e-09,
          -1.0,
          -1.970627439007444e-09,
          1.7000000476837158
        ],
        [
          0.0,
          0.0,
          0.0,
          1.0
        ]
      ],
      "camera_intrinsics": [
        [
          685.5110473632812,
          0.0,
          480.0
        ],
        [
          0.0,
          685.5110473632812,
          270.0
        ],
        [
          0.0,
          0.0,
          1.0
        ]
      ],
      "data_path": "D:\\Agent-AI\\outputs\\s3a_ml_long_v2\\sample_000057\\images\\CAM_BACK.png",
      "raw_layout": "bgra8"
    },
    "CAM_BACK_LEFT": {
      "type_id": "sensor.camera.rgb",
      "blueprint_attributes": {
        "role_name": "front",
        "ros_name": "sensor.camera.rgb",
        "chromatic_aberration_offset": "0.0",
        "sensor_tick": "0.100000",
        "fstop": "1.4",
        "image_size_x": "960",
        "image_size_y": "540",
        "fov": "70.00",
        "lens_circle_falloff": "5.0",
        "lens_circle_multiplier": "0.0",
        "exposure_compensation": "0.0",
        "lens_y_size": "0.08",
        "lens_k": "-1.0",
        "exposure_mode": "histogram",
        "lens_kcube": "0.0",
        "lens_x_size": "0.08",
        "exposure_max_bright": "12.0",
        "shutter_speed": "200.0",
        "bloom_intensity": "0.675",
        "iso": "100.0",
        "enable_postprocess_effects": "false",
        "gamma": "2.2",
        "motion_blur_intensity": "0.0",
        "motion_blur_max_distortion": "0.35",
        "lens_flare_intensity": "0.1",
        "motion_blur_min_object_screen_size": "0.1",
        "exposure_min_bright": "10.0",
        "exposure_speed_up": "3.0",
        "exposure_speed_down": "1.0",
        "tint": "0.0",
        "calibration_constant": "16.0",
        "focal_distance": "1000.0",
        "min_fstop": "1.2",
        "blade_count": "5",
        "blur_amount": "0.0",
        "blur_radius": "0.0",
        "slope": "0.88",
        "toe": "0.55",
        "white_clip": "0.04",
        "shoulder": "0.26",
        "black_clip": "0.0",
        "temp": "6500.0",
        "chromatic_aberration_intensity": "0.0"
      },
      "transform_carla": {
        "location": {
          "x": 88.12142181396484,
          "y": -56.56290054321289,
          "z": 1.7036793231964111
        },
        "rotation": {
          "roll": -0.19925449788570404,
          "pitch": 0.49158233404159546,
          "yaw": 88.40798950195312
        }
      },
      "matrix_world_from_sensor_carla": [
        [
          0.027781255543231964,
          -0.9996088147163391,
          0.0032379375770688057,
          88.12142181396484
        ],
        [
          0.9995772242546082,
          0.027752285823225975,
          -0.00867287814617157,
          -56.56290054321289
        ],
        [
          0.008579624816775322,
          0.0034775121603161097,
          0.9999572038650513,
          1.7036793231964111
        ],
        [
          0.0,
          0.0,
          0.0,
          1.0
        ]
      ],
      "matrix_world_from_sensor_bevfusion": [
        [
          -0.9996088147163391,
          -0.0032379375770688057,
          0.027781255543231964,
          88.12142181396484
        ],
        [
          -0.027752285823225975,
          -0.00867287814617157,
          -0.9995772242546082,
          56.56290054321289
        ],
        [
          0.0034775121603161097,
          -0.9999572038650513,
          0.008579624816775322,
          1.7036793231964111
        ],
        [
          0.0,
          0.0,
          0.0,
          1.0
        ]
      ],
      "matrix_ego_from_sensor_carla": [
        [
          -0.573576807975769,
          0.819151759147644,
          1.2091658341262246e-08,
          -1.2999992370605469
        ],
        [
          -0.819151759147644,
          -0.573576807975769,
          -1.712803410214292e-08,
          -0.5500106811523438
        ],
        [
          -7.2643304704911316e-09,
          -1.9810348916848852e-08,
          1.0,
          1.7000000476837158
        ],
        [
          0.0,
          0.0,
          0.0,
          1.0
        ]
      ],
      "matrix_ego_from_sensor_bevfusion": [
        [
          0.819151759147644,
          -1.2091658341262246e-08,
          -0.573576807975769,
          -1.2999992370605469
        ],
        [
          0.573576807975769,
          -1.712803410214292e-08,
          0.819151759147644,
          0.5500106811523438
        ],
        [
          -1.9810348916848852e-08,
          -1.0,
          -7.2643304704911316e-09,
          1.7000000476837158
        ],
        [
          0.0,
          0.0,
          0.0,
          1.0
        ]
      ],
      "camera_intrinsics": [
        [
          685.5110473632812,
          0.0,
          480.0
        ],
        [
          0.0,
          685.5110473632812,
          270.0
        ],
        [
          0.0,
          0.0,
          1.0
        ]
      ],
      "data_path": "D:\\Agent-AI\\outputs\\s3a_ml_long_v2\\sample_000057\\images\\CAM_BACK_LEFT.png",
      "raw_layout": "bgra8"
    },
    "CAM_BACK_RIGHT": {
      "type_id": "sensor.camera.rgb",
      "blueprint_attributes": {
        "role_name": "front",
        "ros_name": "sensor.camera.rgb",
        "chromatic_aberration_offset": "0.0",
        "sensor_tick": "0.100000",
        "fstop": "1.4",
        "image_size_x": "960",
        "image_size_y": "540",
        "fov": "70.00",
        "lens_circle_falloff": "5.0",
        "lens_circle_multiplier": "0.0",
        "exposure_compensation": "0.0",
        "lens_y_size": "0.08",
        "lens_k": "-1.0",
        "exposure_mode": "histogram",
        "lens_kcube": "0.0",
        "lens_x_size": "0.08",
        "exposure_max_bright": "12.0",
        "shutter_speed": "200.0",
        "bloom_intensity": "0.675",
        "iso": "100.0",
        "enable_postprocess_effects": "false",
        "gamma": "2.2",
        "motion_blur_intensity": "0.0",
        "motion_blur_max_distortion": "0.35",
        "lens_flare_intensity": "0.1",
        "motion_blur_min_object_screen_size": "0.1",
        "exposure_min_bright": "10.0",
        "exposure_speed_up": "3.0",
        "exposure_speed_down": "1.0",
        "tint": "0.0",
        "calibration_constant": "16.0",
        "focal_distance": "1000.0",
        "min_fstop": "1.2",
        "blade_count": "5",
        "blur_amount": "0.0",
        "blur_radius": "0.0",
        "slope": "0.88",
        "toe": "0.55",
        "white_clip": "0.04",
        "shoulder": "0.26",
        "black_clip": "0.0",
        "temp": "6500.0",
        "chromatic_aberration_intensity": "0.0"
      },
      "transform_carla": {
        "location": {
          "x": 88.72708129882812,
          "y": -57.48109817504883,
          "z": 1.6937544345855713
        },
        "rotation": {
          "roll": -0.39379584789276123,
          "pitch": -0.35536789894104004,
          "yaw": -21.589914321899414
        }
      },
      "matrix_world_from_sensor_carla": [
        [
          0.9298233985900879,
          0.3679918348789215,
          0.003238030942156911,
          88.72708129882812
        ],
        [
          -0.3679537773132324,
          0.9298036694526672,
          -0.008672930300235748,
          -57.48109817504883
        ],
        [
          -0.006202300079166889,
          0.006872847676277161,
          0.9999571442604065,
          1.6937544345855713
        ],
        [
          0.0,
          0.0,
          0.0,
          1.0
        ]
      ],
      "matrix_world_from_sensor_bevfusion": [
        [
          0.3679918348789215,
          -0.003238030942156911,
          0.9298233985900879,
          88.72708129882812
        ],
        [
          -0.9298036694526672,
          -0.008672930300235748,
          0.3679537773132324,
          57.48109817504883
        ],
        [
          0.006872847676277161,
          -0.9999571442604065,
          -0.006202300079166889,
          1.6937544345855713
        ],
        [
          0.0,
          0.0,
          0.0,
          1.0
        ]
      ],
      "matrix_ego_from_sensor_carla": [
        [
          -0.5735763311386108,
          -0.8191521167755127,
          -3.714491114692464e-08,
          -1.2999992370605469
        ],
        [
          0.8191521167755127,
          -0.5735763311386108,
          7.840466054176431e-08,
          0.5499954223632812
        ],
        [
          -8.48387955443286e-08,
          1.4192463204665273e-08,
          1.0,
          1.7000000476837158
        ],
        [
          0.0,
          0.0,
          0.0,
          1.0
        ]
      ],
      "matrix_ego_from_sensor_bevfusion": [
        [
          -0.8191521167755127,
          3.714491114692464e-08,
          -0.5735763311386108,
          -1.2999992370605469
        ],
        [
          0.5735763311386108,
          7.840466054176431e-08,
          -0.8191521167755127,
          -0.5499954223632812
        ],
        [
          1.4192463204665273e-08,
          -1.0,
          -8.48387955443286e-08,
          1.7000000476837158
        ],
        [
          0.0,
          0.0,
          0.0,
          1.0
        ]
      ],
      "camera_intrinsics": [
        [
          685.5110473632812,
          0.0,
          480.0
        ],
        [
          0.0,
          685.5110473632812,
          270.0
        ],
        [
          0.0,
          0.0,
          1.0
        ]
      ],
      "data_path": "D:\\Agent-AI\\outputs\\s3a_ml_long_v2\\sample_000057\\images\\CAM_BACK_RIGHT.png",
      "raw_layout": "bgra8"
    },
    "LIDAR_TOP": {
      "type_id": "sensor.lidar.ray_cast",
      "blueprint_attributes": {
        "atmosphere_attenuation_rate": "0.004",
        "role_name": "front",
        "noise_seed": "0",
        "upper_fov": "10.0",
        "ros_name": "sensor.lidar.ray_cast",
        "sensor_tick": "0.100000",
        "channels": "32",
        "range": "120.0",
        "points_per_second": "360000",
        "lower_fov": "-30.0",
        "rotation_frequency": "10.000000",
        "horizontal_fov": "360.0",
        "dropoff_general_rate": "0.0",
        "dropoff_intensity_limit": "1.0",
        "noise_stddev": "0.0",
        "dropoff_zero_intensity": "0.0"
      },
      "transform_carla": {
        "location": {
          "x": 87.3406753540039,
          "y": -57.74211883544922,
          "z": 2.1960012912750244
        },
        "rotation": {
          "roll": 0.5169680118560791,
          "pitch": -0.11874283105134964,
          "yaw": -146.59165954589844
        }
      },
      "matrix_world_from_sensor_carla": [
        [
          -0.8347659707069397,
          0.5505954027175903,
          0.0032379571348428726,
          87.3406753540039
        ],
        [
          -0.5506010055541992,
          -0.8347234725952148,
          -0.008672885596752167,
          -57.74211883544922
        ],
        [
          -0.0020724518690258265,
          -0.009022652171552181,
          0.9999571442604065,
          2.1960012912750244
        ],
        [
          0.0,
          0.0,
          0.0,
          1.0
        ]
      ],
      "matrix_world_from_sensor_bevfusion": [
        [
          -0.8347659707069397,
          -0.5505954027175903,
          0.0032379571348428726,
          87.3406753540039
        ],
        [
          0.5506010055541992,
          -0.8347234725952148,
          0.008672885596752167,
          57.74211883544922
        ],
        [
          -0.0020724518690258265,
          0.009022652171552181,
          0.9999571442604065,
          2.1960012912750244
        ],
        [
          0.0,
          0.0,
          0.0,
          1.0
        ]
      ],
      "matrix_ego_from_sensor_carla": [
        [
          0.9999999403953552,
          -1.7815342090443664e-08,
          -3.5766892225730373e-10,
          -3.814697265625e-06
        ],
        [
          -1.7817443520584675e-08,
          1.0,
          1.735634413968512e-10,
          0.0
        ],
        [
          -1.2484825673286792e-10,
          1.735634413968512e-10,
          1.0,
          2.200000047683716
        ],
        [
          0.0,
          0.0,
          0.0,
          1.0
        ]
      ],
      "matrix_ego_from_sensor_bevfusion": [
        [
          0.9999999403953552,
          1.7815342090443664e-08,
          -3.5766892225730373e-10,
          -3.814697265625e-06
        ],
        [
          1.7817443520584675e-08,
          1.0,
          -1.735634413968512e-10,
          0.0
        ],
        [
          -1.2484825673286792e-10,
          -1.735634413968512e-10,
          1.0,
          2.200000047683716
        ],
        [
          0.0,
          0.0,
          0.0,
          1.0
        ]
      ],
      "data_path": "D:\\Agent-AI\\outputs\\s3a_ml_long_v2\\sample_000057\\lidar\\LIDAR_TOP.npy",
      "raw_layout": [
        "x",
        "y",
        "z",
        "intensity"
      ]
    },
    "RADAR_FRONT": {
      "type_id": "sensor.other.radar",
      "blueprint_attributes": {
        "sensor_tick": "0.100000",
        "role_name": "default",
        "noise_seed": "0",
        "ros_name": "sensor.other.radar",
        "horizontal_fov": "35.0",
        "points_per_second": "1500",
        "vertical_fov": "20.0",
        "range": "120.0"
      },
      "transform_carla": {
        "location": {
          "x": 85.66693115234375,
          "y": -58.8320426940918,
          "z": 0.891912043094635
        },
        "rotation": {
          "roll": 0.5169680118560791,
          "pitch": -0.11874283105134964,
          "yaw": -146.59165954589844
        }
      },
      "matrix_world_from_sensor_carla": [
        [
          -0.8347659707069397,
          0.5505954027175903,
          0.0032379571348428726,
          85.66693115234375
        ],
        [
          -0.5506010055541992,
          -0.8347234725952148,
          -0.008672885596752167,
          -58.8320426940918
        ],
        [
          -0.0020724518690258265,
          -0.009022652171552181,
          0.9999571442604065,
          0.891912043094635
        ],
        [
          0.0,
          0.0,
          0.0,
          1.0
        ]
      ],
      "matrix_world_from_sensor_bevfusion": [
        [
          -0.8347659707069397,
          -0.5505954027175903,
          0.0032379571348428726,
          85.66693115234375
        ],
        [
          0.5506010055541992,
          -0.8347234725952148,
          0.008672885596752167,
          58.8320426940918
        ],
        [
          -0.0020724518690258265,
          0.009022652171552181,
          0.9999571442604065,
          0.891912043094635
        ],
        [
          0.0,
          0.0,
          0.0,
          1.0
        ]
      ],
      "matrix_ego_from_sensor_carla": [
        [
          0.9999999403953552,
          -1.7815342090443664e-08,
          -3.5766892225730373e-10,
          1.9999961853027344
        ],
        [
          -1.7817443520584675e-08,
          1.0,
          1.735634413968512e-10,
          -7.62939453125e-06
        ],
        [
          -1.2484825673286792e-10,
          1.735634413968512e-10,
          1.0,
          0.8999997973442078
        ],
        [
          0.0,
          0.0,
          0.0,
          1.0
        ]
      ],
      "matrix_ego_from_sensor_bevfusion": [
        [
          0.9999999403953552,
          1.7815342090443664e-08,
          -3.5766892225730373e-10,
          1.9999961853027344
        ],
        [
          1.7817443520584675e-08,
          1.0,
          -1.735634413968512e-10,
          7.62939453125e-06
        ],
        [
          -1.2484825673286792e-10,
          -1.735634413968512e-10,
          1.0,
          0.8999997973442078
        ],
        [
          0.0,
          0.0,
          0.0,
          1.0
        ]
      ],
      "data_path": "D:\\Agent-AI\\outputs\\s3a_ml_long_v2\\sample_000057\\radar\\RADAR_FRONT.npy",
      "raw_layout": [
        "velocity",
        "altitude",
        "azimuth",
        "depth"
      ]
    },
    "RADAR_FRONT_LEFT": {
      "type_id": "sensor.other.radar",
      "blueprint_attributes": {
        "sensor_tick": "0.100000",
        "role_name": "default",
        "noise_seed": "0",
        "ros_name": "sensor.other.radar",
        "horizontal_fov": "35.0",
        "points_per_second": "1500",
        "vertical_fov": "20.0",
        "range": "120.0"
      },
      "transform_carla": {
        "location": {
          "x": 85.54615783691406,
          "y": -58.01329040527344,
          "z": 0.8994044065475464
        },
        "rotation": {
          "roll": 0.44952037930488586,
          "pitch": 0.2815813720226288,
          "yaw": 168.40992736816406
        }
      },
      "matrix_world_from_sensor_carla": [
        [
          -0.9795982241630554,
          -0.2009398192167282,
          0.0032379168551415205,
          85.54615783691406
        ],
        [
          0.20090579986572266,
          -0.9795722365379333,
          -0.008672893978655338,
          -58.01329040527344
        ],
        [
          0.004914502613246441,
          -0.007845435291528702,
          0.9999571442604065,
          0.8994044065475464
        ],
        [
          0.0,
          0.0,
          0.0,
          1.0
        ]
      ],
      "matrix_world_from_sensor_bevfusion": [
        [
          -0.9795982241630554,
          0.2009398192167282,
          0.0032379168551415205,
          85.54615783691406
        ],
        [
          -0.20090579986572266,
          -0.9795722365379333,
          0.008672893978655338,
          58.01329040527344
        ],
        [
          0.004914502613246441,
          0.007845435291528702,
          0.9999571442604065,
          0.8994044065475464
        ],
        [
          0.0,
          0.0,
          0.0,
          1.0
        ]
      ],
      "matrix_ego_from_sensor_carla": [
        [
          0.7071061134338379,
          0.707107424736023,
          3.805938675327525e-08,
          1.6499977111816406
        ],
        [
          -0.7071073651313782,
          0.7071062326431274,
          -1.4727597807961956e-08,
          -0.7500076293945312
        ],
        [
          -3.785430635616649e-08,
          -1.5818001131151505e-08,
          1.0,
          0.8999999165534973
        ],
        [
          0.0,
          0.0,
          0.0,
          1.0
        ]
      ],
      "matrix_ego_from_sensor_bevfusion": [
        [
          0.7071061134338379,
          -0.707107424736023,
          3.805938675327525e-08,
          1.6499977111816406
        ],
        [
          0.7071073651313782,
          0.7071062326431274,
          1.4727597807961956e-08,
          0.7500076293945312
        ],
        [
          -3.785430635616649e-08,
          1.5818001131151505e-08,
          1.0,
          0.8999999165534973
        ],
        [
          0.0,
          0.0,
          0.0,
          1.0
        ]
      ],
      "data_path": "D:\\Agent-AI\\outputs\\s3a_ml_long_v2\\sample_000057\\radar\\RADAR_FRONT_LEFT.npy",
      "raw_layout": [
        "velocity",
        "altitude",
        "azimuth",
        "depth"
      ]
    },
    "RADAR_FRONT_RIGHT": {
      "type_id": "sensor.other.radar",
      "blueprint_attributes": {
        "sensor_tick": "0.100000",
        "role_name": "default",
        "noise_seed": "0",
