{
  "schema_version": "stage1.v1",
  "sample_name": "sample_000040",
  "sequence_index": 40,
  "previous_sample_name": "sample_000039",
  "frame_id": 60041,
  "timestamp": 439.0197008103132,
  "platform_timestamp": 16814579.1397174,
  "delta_seconds": 0.10000000149011612,
  "town": "Carla/Maps/Town10HD_Opt",
  "weather": {
    "cloudiness": 20.0,
    "dust_storm": 0.0,
    "fog_density": 2.0,
    "fog_distance": 0.75,
    "fog_falloff": 0.10000000149011612,
    "mie_scattering_scale": 0.029999999329447746,
    "precipitation": 0.0,
    "precipitation_deposits": 0.0,
    "rayleigh_scattering_scale": 0.03310000151395798,
    "scattering_intensity": 1.0,
    "sun_altitude_angle": 45.0,
    "sun_azimuth_angle": 300.0,
    "wetness": 0.0,
    "wind_intensity": 10.0
  },
  "sensor_names": [
    "CAM_FRONT",
    "CAM_FRONT_RIGHT",
    "CAM_FRONT_LEFT",
    "CAM_BACK",
    "CAM_BACK_LEFT",
    "CAM_BACK_RIGHT",
    "LIDAR_TOP",
    "RADAR_FRONT",
    "RADAR_FRONT_LEFT",
    "RADAR_FRONT_RIGHT",
    "RADAR_BACK_LEFT",
    "RADAR_BACK_RIGHT"
  ],
  "camera_order_for_model": [
    "CAM_FRONT",
    "CAM_FRONT_RIGHT",
    "CAM_FRONT_LEFT",
    "CAM_BACK",
    "CAM_BACK_LEFT",
    "CAM_BACK_RIGHT"
  ],
  "radar_order_for_model": [
    "RADAR_FRONT",
    "RADAR_FRONT_LEFT",
    "RADAR_FRONT_RIGHT",
    "RADAR_BACK_LEFT",
    "RADAR_BACK_RIGHT"
  ],
  "coordinate_notes": {
    "carla_world": "left-handed x-forward y-right z-up",
    "bevfusion_lidar": "x-forward y-left z-up",
    "camera_frame_for_model": "OpenCV style x-right y-down z-forward"
  },
  "ego": {
    "actor_id": 28,
    "transform_carla": {
      "location": {
        "x": 97.38079833984375,
        "y": -48.6454963684082,
        "z": -0.0045246887020766735
      },
      "rotation": {
        "roll": 0.6587058901786804,
        "pitch": 0.04957351088523865,
        "yaw": -127.5430908203125
      }
    },
    "velocity_carla": [
      -5.114292621612549,
      -6.356655120849609,
      1.0414123607915826e-05
    ],
    "angular_velocity_carla": [
      0.4786483645439148,
      -1.2374919652938843,
      -12.355328559875488
    ],
    "matrix_world_from_ego_carla": [
      [
        -0.6093575954437256,
        0.7928368449211121,
        0.009642582386732101,
        97.38079833984375
      ],
      [
        -0.7928950190544128,
        -0.6093254089355469,
        -0.006319396663457155,
        -48.6454963684082
      ],
      [
        0.0008652208489365876,
        -0.011496329680085182,
        0.9999335408210754,
        -0.0045246887020766735
      ],
      [
        0.0,
        0.0,
        0.0,
        1.0
      ]
    ],
    "matrix_world_from_ego_bevfusion": [
      [
        -0.6093575954437256,
        -0.7928368449211121,
        0.009642582386732101,
        97.38079833984375
      ],
      [
        0.7928950190544128,
        -0.6093254089355469,
        0.006319396663457155,
        48.6454963684082
      ],
      [
        0.0008652208489365876,
        0.011496329680085182,
        0.9999335408210754,
        -0.0045246887020766735
      ],
      [
        0.0,
        0.0,
        0.0,
        1.0
      ]
    ]
  },
  "sensors": {
    "CAM_FRONT": {
      "type_id": "sensor.camera.rgb",
      "blueprint_attributes": {
        "role_name": "front",
        "ros_name": "sensor.camera.rgb",
        "chromatic_aberration_offset": "0.0",
        "sensor_tick": "0.100000",
        "fstop": "1.4",
        "image_size_x": "960",
        "image_size_y": "540",
        "fov": "70.00",
        "lens_circle_falloff": "5.0",
        "lens_circle_multiplier": "0.0",
        "exposure_compensation": "0.0",
        "lens_y_size": "0.08",
        "lens_k": "-1.0",
        "exposure_mode": "histogram",
        "lens_kcube": "0.0",
        "lens_x_size": "0.08",
        "exposure_max_bright": "12.0",
        "shutter_speed": "200.0",
        "bloom_intensity": "0.675",
        "iso": "100.0",
        "enable_postprocess_effects": "false",
        "gamma": "2.2",
        "motion_blur_intensity": "0.0",
        "motion_blur_max_distortion": "0.35",
        "lens_flare_intensity": "0.1",
        "motion_blur_min_object_screen_size": "0.1",
        "exposure_min_bright": "10.0",
        "exposure_speed_up": "3.0",
        "exposure_speed_down": "1.0",
        "tint": "0.0",
        "calibration_constant": "16.0",
        "focal_distance": "1000.0",
        "min_fstop": "1.2",
        "blade_count": "5",
        "blur_amount": "0.0",
        "blur_radius": "0.0",
        "slope": "0.88",
        "toe": "0.55",
        "white_clip": "0.04",
        "shoulder": "0.26",
        "black_clip": "0.0",
        "temp": "6500.0",
        "chromatic_aberration_intensity": "0.0"
      },
      "transform_carla": {
        "location": {
          "x": 96.45268249511719,
          "y": -49.88522720336914,
          "z": 1.696703314781189
        },
        "rotation": {
          "roll": 0.6587058901786804,
          "pitch": 0.04957351088523865,
          "yaw": -127.5430908203125
        }
      },
      "matrix_world_from_sensor_carla": [
        [
          -0.6093575954437256,
          0.7928368449211121,
          0.009642582386732101,
          96.45268249511719
        ],
        [
          -0.7928950190544128,
          -0.6093254089355469,
          -0.006319396663457155,
          -49.88522720336914
        ],
        [
          0.0008652208489365876,
          -0.011496329680085182,
          0.9999335408210754,
          1.696703314781189
        ],
        [
          0.0,
          0.0,
          0.0,
          1.0
        ]
      ],
      "matrix_world_from_sensor_bevfusion": [
        [
          0.7928368449211121,
          -0.009642582386732101,
          -0.6093575954437256,
          96.45268249511719
        ],
        [
          0.6093254089355469,
          -0.006319396663457155,
          0.7928950190544128,
          49.88522720336914
        ],
        [
          -0.011496329680085182,
          -0.9999335408210754,
          0.0008652208489365876,
          1.696703314781189
        ],
        [
          0.0,
          0.0,
          0.0,
          1.0
        ]
      ],
      "matrix_ego_from_sensor_carla": [
        [
          1.0,
          1.4499651257438018e-08,
          3.566018869083365e-10,
          1.5500068664550781
        ],
        [
          -4.370012796073297e-09,
          0.9999999403953552,
          -5.792644697244498e-10,
          -7.62939453125e-06
        ],
        [
          1.2371709212644078e-10,
          3.521199998246516e-10,
          1.0,
          1.6999999284744263
        ],
        [
          0.0,
          0.0,
          0.0,
          1.0
        ]
      ],
      "matrix_ego_from_sensor_bevfusion": [
        [
          1.4499651257438018e-08,
          -3.566018869083365e-10,
          1.0,
          1.5500068664550781
        ],
        [
          -0.9999999403953552,
          -5.792644697244498e-10,
          4.370012796073297e-09,
          7.62939453125e-06
        ],
        [
          3.521199998246516e-10,
          -1.0,
          1.2371709212644078e-10,
          1.6999999284744263
        ],
        [
          0.0,
          0.0,
          0.0,
          1.0
        ]
      ],
      "camera_intrinsics": [
        [
          685.5110473632812,
          0.0,
          480.0
        ],
        [
          0.0,
          685.5110473632812,
          270.0
        ],
        [
          0.0,
          0.0,
          1.0
        ]
      ],
      "data_path": "D:\\Agent-AI\\outputs\\s3a_ml_long_v2\\sample_000040\\images\\CAM_FRONT.png",
      "raw_layout": "bgra8"
    },
    "CAM_FRONT_RIGHT": {
      "type_id": "sensor.camera.rgb",
      "blueprint_attributes": {
        "role_name": "front",
        "ros_name": "sensor.camera.rgb",
        "chromatic_aberration_offset": "0.0",
        "sensor_tick": "0.100000",
        "fstop": "1.4",
        "image_size_x": "960",
        "image_size_y": "540",
        "fov": "70.00",
        "lens_circle_falloff": "5.0",
        "lens_circle_multiplier": "0.0",
        "exposure_compensation": "0.0",
        "lens_y_size": "0.08",
        "lens_k": "-1.0",
        "exposure_mode": "histogram",
        "lens_kcube": "0.0",
        "lens_x_size": "0.08",
        "exposure_max_bright": "12.0",
        "shutter_speed": "200.0",
        "bloom_intensity": "0.675",
        "iso": "100.0",
        "enable_postprocess_effects": "false",
        "gamma": "2.2",
        "motion_blur_intensity": "0.0",
        "motion_blur_max_distortion": "0.35",
        "lens_flare_intensity": "0.1",
        "motion_blur_min_object_screen_size": "0.1",
        "exposure_min_bright": "10.0",
        "exposure_speed_up": "3.0",
        "exposure_speed_down": "1.0",
        "tint": "0.0",
        "calibration_constant": "16.0",
        "focal_distance": "1000.0",
        "min_fstop": "1.2",
        "blade_count": "5",
        "blur_amount": "0.0",
        "blur_radius": "0.0",
        "slope": "0.88",
        "toe": "0.55",
        "white_clip": "0.04",
        "shoulder": "0.26",
        "black_clip": "0.0",
        "temp": "6500.0",
        "chromatic_aberration_intensity": "0.0"
      },
      "transform_carla": {
        "location": {
          "x": 97.04108428955078,
          "y": -50.022132873535156,
          "z": 1.6901640892028809
        },
        "rotation": {
          "roll": 0.4184383749961853,
          "pitch": -0.5111371874809265,
          "yaw": -72.54524230957031
        }
      },
      "matrix_world_from_sensor_carla": [
        [
          0.29994067549705505,
          0.953909158706665,
          0.009642565622925758,
          97.04108428955078
        ],
        [
          -0.9539161324501038,
          0.30000677704811096,
          -0.006319338921457529,
          -50.022132873535156
        ],
        [
          -0.008920908905565739,
          -0.0073027717880904675,
          0.9999335408210754,
          1.6901640892028809
        ],
        [
          0.0,
          0.0,
          0.0,
          1.0
        ]
      ],
      "matrix_world_from_sensor_bevfusion": [
        [
          0.953909158706665,
          -0.009642565622925758,
          0.29994067549705505,
          97.04108428955078
        ],
        [
          -0.30000677704811096,
          -0.006319338921457529,
          0.9539161324501038,
          50.022132873535156
        ],
        [
          -0.0073027717880904675,
          -0.9999335408210754,
          -0.008920908905565739,
          1.6901640892028809
        ],
        [
          0.0,
          0.0,
          0.0,
          1.0
        ]
      ],
      "matrix_ego_from_sensor_carla": [
        [
          0.5735765695571899,
          -0.8191519975662231,
          -3.5208277182618986e-08,
          1.3000068664550781
        ],
        [
          0.8191519975662231,
          0.5735765695571899,
          -4.807671416529047e-08,
          0.5499954223632812
        ],
        [
          6.202241564778888e-08,
          1.048478082132931e-09,
          1.0,
          1.6999999284744263
        ],
        [
          0.0,
          0.0,
          0.0,
          1.0
        ]
      ],
      "matrix_ego_from_sensor_bevfusion": [
        [
          -0.8191519975662231,
          3.5208277182618986e-08,
          0.5735765695571899,
          1.3000068664550781
        ],
        [
          -0.5735765695571899,
          -4.807671416529047e-08,
          -0.8191519975662231,
          -0.5499954223632812
        ],
        [
          1.048478082132931e-09,
          -1.0,
          6.202241564778888e-08,
          1.6999999284744263
        ],
        [
          0.0,
          0.0,
          0.0,
          1.0
        ]
      ],
      "camera_intrinsics": [
        [
          685.5110473632812,
          0.0,
          480.0
        ],
        [
          0.0,
          685.5110473632812,
          270.0
        ],
        [
          0.0,
          0.0,
          1.0
        ]
      ],
      "data_path": "D:\\Agent-AI\\outputs\\s3a_ml_long_v2\\sample_000040\\images\\CAM_FRONT_RIGHT.png",
      "raw_layout": "bgra8"
    },
    "CAM_FRONT_LEFT": {
      "type_id": "sensor.camera.rgb",
      "blueprint_attributes": {
        "role_name": "front",
        "ros_name": "sensor.camera.rgb",
        "chromatic_aberration_offset": "0.0",
        "sensor_tick": "0.100000",
        "fstop": "1.4",
        "image_size_x": "960",
        "image_size_y": "540",
        "fov": "70.00",
        "lens_circle_falloff": "5.0",
        "lens_circle_multiplier": "0.0",
        "exposure_compensation": "0.0",
        "lens_y_size": "0.08",
        "lens_k": "-1.0",
        "exposure_mode": "histogram",
        "lens_kcube": "0.0",
        "lens_x_size": "0.08",
        "exposure_max_bright": "12.0",
        "shutter_speed": "200.0",
        "bloom_intensity": "0.675",
        "iso": "100.0",
        "enable_postprocess_effects": "false",
        "gamma": "2.2",
        "motion_blur_intensity": "0.0",
        "motion_blur_max_distortion": "0.35",
        "lens_flare_intensity": "0.1",
        "motion_blur_min_object_screen_size": "0.1",
        "exposure_min_bright": "10.0",
        "exposure_speed_up": "3.0",
        "exposure_speed_down": "1.0",
        "tint": "0.0",
        "calibration_constant": "16.0",
        "focal_distance": "1000.0",
        "min_fstop": "1.2",
        "blade_count": "5",
        "blur_amount": "0.0",
        "blur_radius": "0.0",
        "slope": "0.88",
        "toe": "0.55",
        "white_clip": "0.04",
        "shoulder": "0.26",
        "black_clip": "0.0",
        "temp": "6500.0",
        "chromatic_aberration_intensity": "0.0"
      },
      "transform_carla": {
        "location": {
          "x": 96.16896057128906,
          "y": -49.35187530517578,
          "z": 1.7028100490570068
        },
        "rotation": {
          "roll": 0.3372200131416321,
          "pitch": 0.5680121779441833,
          "yaw": 177.45826721191406
        }
      },
      "matrix_world_from_sensor_carla": [
        [
          -0.9989671111106873,
          -0.04440471529960632,
          0.00964258797466755,
          96.16896057128906
        ],
        [
          0.04434501379728317,
          -0.9989962577819824,
          -0.0063194045796990395,
          -49.35187530517578
        ],
        [
          0.009913520887494087,
          -0.005885276477783918,
          0.9999335408210754,
          1.7028100490570068
        ],
        [
          0.0,
          0.0,
          0.0,
          1.0
        ]
      ],
      "matrix_world_from_sensor_bevfusion": [
        [
          -0.04440471529960632,
          -0.00964258797466755,
          -0.9989671111106873,
          96.16896057128906
        ],
        [
          0.9989962577819824,
          -0.0063194045796990395,
          -0.04434501379728317,
          49.35187530517578
        ],
        [
          -0.005885276477783918,
          -0.9999335408210754,
          0.009913520887494087,
          1.7028100490570068
        ],
        [
          0.0,
          0.0,
          0.0,
          1.0
        ]
      ],
      "matrix_ego_from_sensor_carla": [
        [
          0.5735757946968079,
          0.8191524744033813,
          2.8595312784318594e-09,
          1.3000049591064453
        ],
        [
          -0.8191525340080261,
          0.5735757946968079,
          9.66528368451236e-09,
          -0.5500030517578125
        ],
        [
          3.3258920062451125e-09,
          -7.0097581073014226e-09,
          1.0,
          1.6999999284744263
        ],
        [
          0.0,
          0.0,
          0.0,
          1.0
        ]
      ],
      "matrix_ego_from_sensor_bevfusion": [
        [
          0.8191524744033813,
          -2.8595312784318594e-09,
          0.5735757946968079,
          1.3000049591064453
        ],
        [
          -0.5735757946968079,
          9.66528368451236e-09,
          0.8191525340080261,
          0.5500030517578125
        ],
        [
          -7.0097581073014226e-09,
          -1.0,
          3.3258920062451125e-09,
          1.6999999284744263
        ],
        [
          0.0,
          0.0,
          0.0,
          1.0
        ]
      ],
      "camera_intrinsics": [
        [
          685.5110473632812,
          0.0,
          480.0
        ],
        [
          0.0,
          685.5110473632812,
          270.0
        ],
        [
          0.0,
          0.0,
          1.0
        ]
      ],
      "data_path": "D:\\Agent-AI\\outputs\\s3a_ml_long_v2\\sample_000040\\images\\CAM_FRONT_LEFT.png",
      "raw_layout": "bgra8"
    },
    "CAM_BACK": {
      "type_id": "sensor.camera.rgb",
      "blueprint_attributes": {
        "role_name": "front",
        "ros_name": "sensor.camera.rgb",
        "chromatic_aberration_offset": "0.0",
        "sensor_tick": "0.100000",
        "fstop": "1.4",
        "image_size_x": "960",
        "image_size_y": "540",
        "fov": "70.00",
        "lens_circle_falloff": "5.0",
        "lens_circle_multiplier": "0.0",
        "exposure_compensation": "0.0",
        "lens_y_size": "0.08",
        "lens_k": "-1.0",
        "exposure_mode": "histogram",
        "lens_kcube": "0.0",
        "lens_x_size": "0.08",
        "exposure_max_bright": "12.0",
        "shutter_speed": "200.0",
        "bloom_intensity": "0.675",
        "iso": "100.0",
        "enable_postprocess_effects": "false",
        "gamma": "2.2",
        "motion_blur_intensity": "0.0",
        "motion_blur_max_distortion": "0.35",
        "lens_flare_intensity": "0.1",
        "motion_blur_min_object_screen_size": "0.1",
        "exposure_min_bright": "10.0",
        "exposure_speed_up": "3.0",
        "exposure_speed_down": "1.0",
        "tint": "0.0",
        "calibration_constant": "16.0",
        "focal_distance": "1000.0",
        "min_fstop": "1.2",
        "blade_count": "5",
        "blur_amount": "0.0",
        "blur_radius": "0.0",
        "slope": "0.88",
        "toe": "0.55",
        "white_clip": "0.04",
        "shoulder": "0.26",
        "black_clip": "0.0",
        "temp": "6500.0",
        "chromatic_aberration_intensity": "0.0"
      },
      "transform_carla": {
        "location": {
          "x": 98.3416976928711,
          "y": -47.42725372314453,
          "z": 1.694021224975586
        },
        "rotation": {
          "roll": -0.6587058901786804,
          "pitch": -0.04957351088523865,
          "yaw": 52.45691680908203
        }
      },
      "matrix_world_from_sensor_carla": [
        [
          0.6093575954437256,
          -0.7928368449211121,
          0.009642582386732101,
          98.3416976928711
        ],
        [
          0.7928950190544128,
          0.6093254089355469,
          -0.006319396663457155,
          -47.42725372314453
        ],
        [
          -0.0008652208489365876,
          0.011496329680085182,
          0.9999335408210754,
          1.694021224975586
        ],
        [
          0.0,
          0.0,
          0.0,
          1.0
        ]
      ],
      "matrix_world_from_sensor_bevfusion": [
        [
          -0.7928368449211121,
          -0.009642582386732101,
          0.6093575954437256,
          98.3416976928711
        ],
        [
          -0.6093254089355469,
          -0.006319396663457155,
          -0.7928950190544128,
          47.42725372314453
        ],
        [
          0.011496329680085182,
          -0.9999335408210754,
          -0.0008652208489365876,
          1.694021224975586
        ],
        [
          0.0,
          0.0,
          0.0,
          1.0
        ]
      ],
      "matrix_ego_from_sensor_carla": [
        [
          -1.0,
          -1.4499651257438018e-08,
          3.566018869083365e-10,
          -1.549997329711914
        ],
        [
          4.370012796073297e-09,
          -0.9999999403953552,
          -5.792644697244498e-10,
          0.0
        ],
        [
          -1.2371709212644078e-10,
          -3.521199998246516e-10,
          1.0,
          1.6999999284744263
        ],
        [
          0.0,
          0.0,
          0.0,
          1.0
        ]
      ],
      "matrix_ego_from_sensor_bevfusion": [
        [
          -1.4499651257438018e-08,
          -3.566018869083365e-10,
          -1.0,
          -1.549997329711914
        ],
        [
          0.9999999403953552,
          -5.792644697244498e-10,
          -4.370012796073297e-09,
          0.0
        ],
        [
          -3.521199998246516e-10,
          -1.0,
          -1.2371709212644078e-10,
          1.6999999284744263
        ],
        [
          0.0,
          0.0,
          0.0,
          1.0
        ]
      ],
      "camera_intrinsics": [
        [
          685.5110473632812,
          0.0,
          480.0
        ],
        [
          0.0,
          685.5110473632812,
          270.0
        ],
        [
          0.0,
          0.0,
          1.0
        ]
      ],
      "data_path": "D:\\Agent-AI\\outputs\\s3a_ml_long_v2\\sample_000040\\images\\CAM_BACK.png",
      "raw_layout": "bgra8"
    },
    "CAM_BACK_LEFT": {
      "type_id": "sensor.camera.rgb",
      "blueprint_attributes": {
        "role_name": "front",
        "ros_name": "sensor.camera.rgb",
        "chromatic_aberration_offset": "0.0",
        "sensor_tick": "0.100000",
        "fstop": "1.4",
        "image_size_x": "960",
        "image_size_y": "540",
        "fov": "70.00",
        "lens_circle_falloff": "5.0",
        "lens_circle_multiplier": "0.0",
        "exposure_compensation": "0.0",
        "lens_y_size": "0.08",
        "lens_k": "-1.0",
        "exposure_mode": "histogram",
        "lens_kcube": "0.0",
        "lens_x_size": "0.08",
        "exposure_max_bright": "12.0",
        "shutter_speed": "200.0",
        "bloom_intensity": "0.675",
        "iso": "100.0",
        "enable_postprocess_effects": "false",
        "gamma": "2.2",
        "motion_blur_intensity": "0.0",
        "motion_blur_max_distortion": "0.35",
        "lens_flare_intensity": "0.1",
        "motion_blur_min_object_screen_size": "0.1",
        "exposure_min_bright": "10.0",
        "exposure_speed_up": "3.0",
        "exposure_speed_down": "1.0",
        "tint": "0.0",
        "calibration_constant": "16.0",
        "focal_distance": "1000.0",
        "min_fstop": "1.2",
        "blade_count": "5",
        "blur_amount": "0.0",
        "blur_radius": "0.0",
        "slope": "0.88",
        "toe": "0.55",
        "white_clip": "0.04",
        "shoulder": "0.26",
        "black_clip": "0.0",
        "temp": "6500.0",
        "chromatic_aberration_intensity": "0.0"
      },
      "transform_carla": {
        "location": {
          "x": 97.7532958984375,
          "y": -47.29034423828125,
          "z": 1.700560450553894
        },
        "rotation": {
          "roll": -0.4184383749961853,
          "pitch": 0.5111371874809265,
          "yaw": 107.45474243164062
        }
      },
      "matrix_world_from_sensor_carla": [
        [
          -0.29994040727615356,
          -0.9539092183113098,
          0.009642563760280609,
          97.7532958984375
        ],
        [
          0.9539161920547485,
          -0.3000065088272095,
          -0.006319340784102678,
          -47.29034423828125
        ],
        [
          0.008920908905565739,
          0.0073027717880904675,
          0.9999335408210754,
          1.700560450553894
        ],
        [
          0.0,
          0.0,
          0.0,
          1.0
        ]
      ],
      "matrix_world_from_sensor_bevfusion": [
        [
          -0.9539092183113098,
          -0.009642563760280609,
          -0.29994040727615356,
          97.7532958984375
        ],
        [
          0.3000065088272095,
          -0.006319340784102678,
          -0.9539161920547485,
          47.29034423828125
        ],
        [
          0.0073027717880904675,
          -0.9999335408210754,
          0.008920908905565739,
          1.700560450553894
        ],
        [
          0.0,
          0.0,
          0.0,
          1.0
        ]
      ],
      "matrix_ego_from_sensor_carla": [
        [
          -0.573576807975769,
          0.8191518187522888,
          -3.282176308516682e-08,
          -1.3000030517578125
        ],
        [
          -0.8191518187522888,
          -0.573576807975769,
          -4.900803673990595e-08,
          -0.5500030517578125
        ],
        [
          -6.015977049855792e-08,
          -2.9111233423861904e-09,
          1.0,
          1.6999999284744263
        ],
        [
          0.0,
          0.0,
          0.0,
          1.0
        ]
      ],
      "matrix_ego_from_sensor_bevfusion": [
        [
          0.8191518187522888,
          3.282176308516682e-08,
          -0.573576807975769,
          -1.3000030517578125
        ],
        [
          0.573576807975769,
          -4.900803673990595e-08,
          0.8191518187522888,
          0.5500030517578125
        ],
        [
          -2.9111233423861904e-09,
          -1.0,
          -6.015977049855792e-08,
          1.6999999284744263
        ],
        [
          0.0,
          0.0,
          0.0,
          1.0
        ]
      ],
      "camera_intrinsics": [
        [
          685.5110473632812,
          0.0,
          480.0
        ],
        [
          0.0,
          685.5110473632812,
          270.0
        ],
        [
          0.0,
          0.0,
          1.0
        ]
      ],
      "data_path": "D:\\Agent-AI\\outputs\\s3a_ml_long_v2\\sample_000040\\images\\CAM_BACK_LEFT.png",
      "raw_layout": "bgra8"
    },
    "CAM_BACK_RIGHT": {
      "type_id": "sensor.camera.rgb",
      "blueprint_attributes": {
        "role_name": "front",
        "ros_name": "sensor.camera.rgb",
        "chromatic_aberration_offset": "0.0",
        "sensor_tick": "0.100000",
        "fstop": "1.4",
        "image_size_x": "960",
        "image_size_y": "540",
        "fov": "70.00",
        "lens_circle_falloff": "5.0",
        "lens_circle_multiplier": "0.0",
        "exposure_compensation": "0.0",
        "lens_y_size": "0.08",
        "lens_k": "-1.0",
        "exposure_mode": "histogram",
        "lens_kcube": "0.0",
        "lens_x_size": "0.08",
        "exposure_max_bright": "12.0",
        "shutter_speed": "200.0",
        "bloom_intensity": "0.675",
        "iso": "100.0",
        "enable_postprocess_effects": "false",
        "gamma": "2.2",
        "motion_blur_intensity": "0.0",
        "motion_blur_max_distortion": "0.35",
        "lens_flare_intensity": "0.1",
        "motion_blur_min_object_screen_size": "0.1",
        "exposure_min_bright": "10.0",
        "exposure_speed_up": "3.0",
        "exposure_speed_down": "1.0",
        "tint": "0.0",
        "calibration_constant": "16.0",
        "focal_distance": "1000.0",
        "min_fstop": "1.2",
        "blade_count": "5",
        "blur_amount": "0.0",
        "blur_radius": "0.0",
        "slope": "0.88",
        "toe": "0.55",
        "white_clip": "0.04",
        "shoulder": "0.26",
        "black_clip": "0.0",
        "temp": "6500.0",
        "chromatic_aberration_intensity": "0.0"
      },
      "transform_carla": {
        "location": {
          "x": 98.62541961669922,
          "y": -47.96060562133789,
          "z": 1.687914490699768
        },
        "rotation": {
          "roll": -0.3372200131416321,
          "pitch": -0.5680121779441833,
          "yaw": -2.5417356491088867
        }
      },
      "matrix_world_from_sensor_carla": [
        [
          0.9989671111106873,
          0.04440462961792946,
          0.009642588905990124,
          98.62541961669922
        ],
        [
          -0.04434492811560631,
          0.9989962577819824,
          -0.006319403648376465,
          -47.96060562133789
        ],
        [
          -0.009913520887494087,
          0.005885276477783918,
          0.9999335408210754,
          1.687914490699768
        ],
        [
          0.0,
          0.0,
          0.0,
          1.0
        ]
      ],
      "matrix_world_from_sensor_bevfusion": [
        [
          0.04440462961792946,
          -0.009642588905990124,
          0.9989671111106873,
          98.62541961669922
        ],
        [
          -0.9989962577819824,
          -0.006319403648376465,
          0.04434492811560631,
          47.96060562133789
        ],
        [
          0.005885276477783918,
          -0.9999335408210754,
          -0.009913520887494087,
          1.687914490699768
        ],
        [
          0.0,
          0.0,
          0.0,
          1.0
        ]
      ],
      "matrix_ego_from_sensor_carla": [
        [
          -0.5735758543014526,
          -0.8191524744033813,
          1.6953780601625112e-09,
          -1.299997329711914
        ],
        [
          0.8191524744033813,
          -0.5735759139060974,
          8.733961109896882e-09,
          0.5500030517578125
        ],
        [
          -4.257214580860591e-09,
          6.078435532685944e-09,
          1.0,
          1.6999999284744263
        ],
        [
          0.0,
          0.0,
          0.0,
          1.0
        ]
      ],
      "matrix_ego_from_sensor_bevfusion": [
        [
          -0.8191524744033813,
          -1.6953780601625112e-09,
          -0.5735758543014526,
          -1.299997329711914
        ],
        [
          0.5735759139060974,
          8.733961109896882e-09,
          -0.8191524744033813,
          -0.5500030517578125
        ],
        [
          6.078435532685944e-09,
          -1.0,
          -4.257214580860591e-09,
          1.6999999284744263
        ],
        [
          0.0,
          0.0,
          0.0,
          1.0
        ]
      ],
      "camera_intrinsics": [
        [
          685.5110473632812,
          0.0,
          480.0
        ],
        [
          0.0,
          685.5110473632812,
          270.0
        ],
        [
          0.0,
          0.0,
          1.0
        ]
      ],
      "data_path": "D:\\Agent-AI\\outputs\\s3a_ml_long_v2\\sample_000040\\images\\CAM_BACK_RIGHT.png",
      "raw_layout": "bgra8"
    },
    "LIDAR_TOP": {
      "type_id": "sensor.lidar.ray_cast",
      "blueprint_attributes": {
        "atmosphere_attenuation_rate": "0.004",
        "role_name": "front",
        "noise_seed": "0",
        "upper_fov": "10.0",
        "ros_name": "sensor.lidar.ray_cast",
        "sensor_tick": "0.100000",
        "channels": "32",
        "range": "120.0",
        "points_per_second": "360000",
        "lower_fov": "-30.0",
        "rotation_frequency": "10.000000",
        "horizontal_fov": "360.0",
        "dropoff_general_rate": "0.0",
        "dropoff_intensity_limit": "1.0",
        "noise_stddev": "0.0",
        "dropoff_zero_intensity": "0.0"
      },
      "transform_carla": {
        "location": {
          "x": 97.40200805664062,
          "y": -48.65939712524414,
          "z": 2.195329189300537
        },
        "rotation": {
          "roll": 0.6587058901786804,
          "pitch": 0.04957351088523865,
          "yaw": -127.5430908203125
        }
      },
      "matrix_world_from_sensor_carla": [
        [
          -0.6093575954437256,
          0.7928368449211121,
          0.009642582386732101,
          97.40200805664062
        ],
        [
          -0.7928950190544128,
          -0.6093254089355469,
          -0.006319396663457155,
          -48.65939712524414
        ],
        [
          0.0008652208489365876,
          -0.011496329680085182,
          0.9999335408210754,
          2.195329189300537
        ],
        [
          0.0,
          0.0,
          0.0,
          1.0
        ]
      ],
      "matrix_world_from_sensor_bevfusion": [
        [
          -0.6093575954437256,
          -0.7928368449211121,
          0.009642582386732101,
          97.40200805664062
        ],
        [
          0.7928950190544128,
          -0.6093254089355469,
          0.006319396663457155,
          48.65939712524414
        ],
        [
          0.0008652208489365876,
          0.011496329680085182,
          0.9999335408210754,
          2.195329189300537
        ],
        [
          0.0,
          0.0,
          0.0,
          1.0
        ]
      ],
      "matrix_ego_from_sensor_carla": [
        [
          1.0,
          1.4499651257438018e-08,
          3.566018869083365e-10,
          3.814697265625e-06
        ],
        [
          -4.370012796073297e-09,
          0.9999999403953552,
          -5.792644697244498e-10,
          -7.62939453125e-06
        ],
        [
          1.2371709212644078e-10,
          3.521199998246516e-10,
          1.0,
          2.200000286102295
        ],
        [
          0.0,
          0.0,
          0.0,
          1.0
        ]
      ],
      "matrix_ego_from_sensor_bevfusion": [
        [
          1.0,
          -1.4499651257438018e-08,
          3.566018869083365e-10,
          3.814697265625e-06
        ],
        [
          4.370012796073297e-09,
          0.9999999403953552,
          5.792644697244498e-10,
          7.62939453125e-06
        ],
        [
          1.2371709212644078e-10,
          -3.521199998246516e-10,
          1.0,
          2.200000286102295
        ],
        [
          0.0,
          0.0,
          0.0,
          1.0
        ]
      ],
      "data_path": "D:\\Agent-AI\\outputs\\s3a_ml_long_v2\\sample_000040\\lidar\\LIDAR_TOP.npy",
      "raw_layout": [
        "x",
        "y",
        "z",
        "intensity"
      ]
    },
    "RADAR_FRONT": {
      "type_id": "sensor.other.radar",
      "blueprint_attributes": {
        "sensor_tick": "0.100000",
        "role_name": "default",
        "noise_seed": "0",
        "ros_name": "sensor.other.radar",
        "horizontal_fov": "35.0",
        "points_per_second": "1500",
        "vertical_fov": "20.0",
        "range": "120.0"
      },
      "transform_carla": {
        "location": {
          "x": 96.17076110839844,
          "y": -50.23697280883789,
          "z": 0.8971459269523621
        },
        "rotation": {
          "roll": 0.6587058901786804,
          "pitch": 0.04957351088523865,
          "yaw": -127.5430908203125
        }
      },
      "matrix_world_from_sensor_carla": [
        [
          -0.6093575954437256,
          0.7928368449211121,
          0.009642582386732101,
          96.17076110839844
        ],
        [
          -0.7928950190544128,
          -0.6093254089355469,
          -0.006319396663457155,
          -50.23697280883789
        ],
        [
          0.0008652208489365876,
          -0.011496329680085182,
          0.9999335408210754,
          0.8971459269523621
        ],
        [
          0.0,
          0.0,
          0.0,
          1.0
        ]
      ],
      "matrix_world_from_sensor_bevfusion": [
        [
          -0.6093575954437256,
          -0.7928368449211121,
          0.009642582386732101,
          96.17076110839844
        ],
        [
          0.7928950190544128,
          -0.6093254089355469,
          0.006319396663457155,
          50.23697280883789
        ],
        [
          0.0008652208489365876,
          0.011496329680085182,
          0.9999335408210754,
          0.8971459269523621
        ],
        [
          0.0,
          0.0,
          0.0,
          1.0
        ]
      ],
      "matrix_ego_from_sensor_carla": [
        [
          1.0,
          1.4499651257438018e-08,
          3.566018869083365e-10,
          2.0000038146972656
        ],
        [
          -4.370012796073297e-09,
          0.9999999403953552,
          -5.792644697244498e-10,
          -7.62939453125e-06
        ],
        [
          1.2371709212644078e-10,
          3.521199998246516e-10,
          1.0,
          0.8999999761581421
        ],
        [
          0.0,
          0.0,
          0.0,
          1.0
        ]
      ],
      "matrix_ego_from_sensor_bevfusion": [
        [
          1.0,
          -1.4499651257438018e-08,
          3.566018869083365e-10,
          2.0000038146972656
        ],
        [
          4.370012796073297e-09,
          0.9999999403953552,
          5.792644697244498e-10,
          7.62939453125e-06
        ],
        [
          1.2371709212644078e-10,
          -3.521199998246516e-10,
          1.0,
          0.8999999761581421
        ],
        [
          0.0,
          0.0,
          0.0,
          1.0
        ]
      ],
      "data_path": "D:\\Agent-AI\\outputs\\s3a_ml_long_v2\\sample_000040\\radar\\RADAR_FRONT.npy",
      "raw_layout": [
        "velocity",
        "altitude",
        "azimuth",
        "depth"
      ]
    },
    "RADAR_FRONT_LEFT": {
      "type_id": "sensor.other.radar",
      "blueprint_attributes": {
        "sensor_tick": "0.100000",
        "role_name": "default",
        "noise_seed": "0",
        "ros_name": "sensor.other.radar",
        "horizontal_fov": "35.0",
        "points_per_second": "1500",
        "vertical_fov": "20.0",
        "range": "120.0"
      },
      "transform_carla": {
        "location": {
          "x": 95.78941345214844,
          "y": -49.502464294433594,
          "z": 0.905465304851532
        },
        "rotation": {
          "roll": 0.4307318329811096,
          "pitch": 0.5008236169815063,
          "yaw": -172.54150390625
        }
      },
      "matrix_world_from_sensor_carla": [
        [
          -0.9915012717247009,
          0.12973910570144653,
          0.009642555378377438,
          95.78941345214844
        ],
        [
          -0.12980295717716217,
          -0.9915196895599365,
          -0.006319405511021614,
          -49.502464294433594
        ],
        [
          0.008740909397602081,
          -0.007517330348491669,
          0.9999335408210754,
          0.905465304851532
        ],
        [
          0.0,
          0.0,
          0.0,
          1.0
        ]
      ],
      "matrix_world_from_sensor_bevfusion": [
        [
          -0.9915012717247009,
          -0.12973910570144653,
          0.009642555378377438,
          95.78941345214844
        ],
        [
          0.12980295717716217,
          -0.9915196895599365,
          0.006319405511021614,
          49.502464294433594
        ],
        [
          0.008740909397602081,
          0.007517330348491669,
          0.9999335408210754,
          0.905465304851532
        ],
        [
          0.0,
          0.0,
          0.0,
          1.0
        ]
      ],
      "matrix_ego_from_sensor_carla": [
        [
          0.7071065306663513,
          0.7071070671081543,
          2.3639666224539724e-08,
          1.6499977111816406
        ],
        [
          -0.7071070075035095,
          0.7071065902709961,
          -1.6411748404721038e-08,
          -0.75
        ],
        [
          -2.9570697890335396e-08,
          -3.3185876269214987e-09,
          1.0,
          0.8999999761581421
        ],
        [
          0.0,
          0.0,
          0.0,
          1.0
        ]
      ],
      "matrix_ego_from_sensor_bevfusion": [
        [
          0.7071065306663513,
          -0.7071070671081543,
          2.3639666224539724e-08,
          1.6499977111816406
        ],
        [
          0.7071070075035095,
          0.7071065902709961,
          1.6411748404721038e-08,
          0.75
        ],
        [
          -2.9570697890335396e-08,
          3.3185876269214987e-09,
          1.0,
          0.8999999761581421
        ],
        [
          0.0,
          0.0,
          0.0,
          1.0
        ]
      ],
      "data_path": "D:\\Agent-AI\\outputs\\s3a_ml_long_v2\\sample_000040\\radar\\RADAR_FRONT_LEFT.npy",
      "raw_layout": [
        "velocity",
        "altitude",
        "azimuth",
        "depth"
      ]
    },
    "RADAR_FRONT_RIGHT": {
      "type_id": "sensor.other.radar",
      "blueprint_attributes": {
        "sensor_tick": "0.100000",
        "role_name": "default",
        "noise_seed": "0",
        "ros_name": "sensor.other.radar",
