{
  "schema_version": "stage1.v1",
  "sample_name": "sample_000087",
  "sequence_index": 87,
  "previous_sample_name": "sample_000086",
  "frame_id": 60088,
  "timestamp": 443.7197008803487,
  "platform_timestamp": 16814601.843971,
  "delta_seconds": 0.10000000149011612,
  "town": "Carla/Maps/Town10HD_Opt",
  "weather": {
    "cloudiness": 20.0,
    "dust_storm": 0.0,
    "fog_density": 2.0,
    "fog_distance": 0.75,
    "fog_falloff": 0.10000000149011612,
    "mie_scattering_scale": 0.029999999329447746,
    "precipitation": 0.0,
    "precipitation_deposits": 0.0,
    "rayleigh_scattering_scale": 0.03310000151395798,
    "scattering_intensity": 1.0,
    "sun_altitude_angle": 45.0,
    "sun_azimuth_angle": 300.0,
    "wetness": 0.0,
    "wind_intensity": 10.0
  },
  "sensor_names": [
    "CAM_FRONT",
    "CAM_FRONT_RIGHT",
    "CAM_FRONT_LEFT",
    "CAM_BACK",
    "CAM_BACK_LEFT",
    "CAM_BACK_RIGHT",
    "LIDAR_TOP",
    "RADAR_FRONT",
    "RADAR_FRONT_LEFT",
    "RADAR_FRONT_RIGHT",
    "RADAR_BACK_LEFT",
    "RADAR_BACK_RIGHT"
  ],
  "camera_order_for_model": [
    "CAM_FRONT",
    "CAM_FRONT_RIGHT",
    "CAM_FRONT_LEFT",
    "CAM_BACK",
    "CAM_BACK_LEFT",
    "CAM_BACK_RIGHT"
  ],
  "radar_order_for_model": [
    "RADAR_FRONT",
    "RADAR_FRONT_LEFT",
    "RADAR_FRONT_RIGHT",
    "RADAR_BACK_LEFT",
    "RADAR_BACK_RIGHT"
  ],
  "coordinate_notes": {
    "carla_world": "left-handed x-forward y-right z-up",
    "bevfusion_lidar": "x-forward y-left z-up",
    "camera_frame_for_model": "OpenCV style x-right y-down z-forward"
  },
  "ego": {
    "actor_id": 28,
    "transform_carla": {
      "location": {
        "x": 77.29169464111328,
        "y": -62.27869415283203,
        "z": -0.001976661616936326
      },
      "rotation": {
        "roll": -0.01828002743422985,
        "pitch": -0.6753554344177246,
        "yaw": -161.7229766845703
      }
    },
    "velocity_carla": [
      -0.025177592411637306,
      0.0002506589808035642,
      -0.0003170108830090612
    ],
    "angular_velocity_carla": [
      0.7327764630317688,
      -5.989841461181641,
      -0.025142110884189606
    ],
    "matrix_world_from_ego_carla": [
      [
        -0.9494854211807251,
        0.3136080503463745,
        -0.01129232533276081,
        77.29169464111328
      ],
      [
        -0.313589870929718,
        -0.9495524764060974,
        -0.0033935587853193283,
        -62.27869415283203
      ],
      [
        -0.011786903254687786,
        0.0003190245188307017,
        0.9999305009841919,
        -0.001976661616936326
      ],
      [
        0.0,
        0.0,
        0.0,
        1.0
      ]
    ],
    "matrix_world_from_ego_bevfusion": [
      [
        -0.9494854211807251,
        -0.3136080503463745,
        -0.01129232533276081,
        77.29169464111328
      ],
      [
        0.313589870929718,
        -0.9495524764060974,
        0.0033935587853193283,
        62.27869415283203
      ],
      [
        -0.011786903254687786,
        -0.0003190245188307017,
        0.9999305009841919,
        -0.001976661616936326
      ],
      [
        0.0,
        0.0,
        0.0,
        1.0
      ]
    ]
  },
  "sensors": {
    "CAM_FRONT": {
      "type_id": "sensor.camera.rgb",
      "blueprint_attributes": {
        "role_name": "front",
        "ros_name": "sensor.camera.rgb",
        "chromatic_aberration_offset": "0.0",
        "sensor_tick": "0.100000",
        "fstop": "1.4",
        "image_size_x": "960",
        "image_size_y": "540",
        "fov": "70.00",
        "lens_circle_falloff": "5.0",
        "lens_circle_multiplier": "0.0",
        "exposure_compensation": "0.0",
        "lens_y_size": "0.08",
        "lens_k": "-1.0",
        "exposure_mode": "histogram",
        "lens_kcube": "0.0",
        "lens_x_size": "0.08",
        "exposure_max_bright": "12.0",
        "shutter_speed": "200.0",
        "bloom_intensity": "0.675",
        "iso": "100.0",
        "enable_postprocess_effects": "false",
        "gamma": "2.2",
        "motion_blur_intensity": "0.0",
        "motion_blur_max_distortion": "0.35",
        "lens_flare_intensity": "0.1",
        "motion_blur_min_object_screen_size": "0.1",
        "exposure_min_bright": "10.0",
        "exposure_speed_up": "3.0",
        "exposure_speed_down": "1.0",
        "tint": "0.0",
        "calibration_constant": "16.0",
        "focal_distance": "1000.0",
        "min_fstop": "1.2",
        "blade_count": "5",
        "blur_amount": "0.0",
        "blur_radius": "0.0",
        "slope": "0.88",
        "toe": "0.55",
        "white_clip": "0.04",
        "shoulder": "0.26",
        "black_clip": "0.0",
        "temp": "6500.0",
        "chromatic_aberration_intensity": "0.0"
      },
      "transform_carla": {
        "location": {
          "x": 75.80079650878906,
          "y": -62.77052688598633,
          "z": 1.6796354055404663
        },
        "rotation": {
          "roll": -0.01828002743422985,
          "pitch": -0.6753554344177246,
          "yaw": -161.7229766845703
        }
      },
      "matrix_world_from_sensor_carla": [
        [
          -0.9494854211807251,
          0.3136080503463745,
          -0.01129232533276081,
          75.80079650878906
        ],
        [
          -0.313589870929718,
          -0.9495524764060974,
          -0.0033935587853193283,
          -62.77052688598633
        ],
        [
          -0.011786903254687786,
          0.0003190245188307017,
          0.9999305009841919,
          1.6796354055404663
        ],
        [
          0.0,
          0.0,
          0.0,
          1.0
        ]
      ],
      "matrix_world_from_sensor_bevfusion": [
        [
          0.3136080503463745,
          0.01129232533276081,
          -0.9494854211807251,
          75.80079650878906
        ],
        [
          0.9495524764060974,
          -0.0033935587853193283,
          0.313589870929718,
          62.77052688598633
        ],
        [
          0.0003190245188307017,
          -0.9999305009841919,
          -0.011786903254687786,
          1.6796354055404663
        ],
        [
          0.0,
          0.0,
          0.0,
          1.0
        ]
      ],
      "matrix_ego_from_sensor_carla": [
        [
          1.0,
          1.1456454451774789e-08,
          -3.85754761467183e-10,
          1.5500030517578125
        ],
        [
          9.95619320320884e-09,
          1.0,
          9.256044541938735e-11,
          0.0
        ],
        [
          3.1686414603271373e-10,
          -7.199427165538452e-11,
          1.0,
          1.6999998092651367
        ],
        [
          0.0,
          0.0,
          0.0,
          1.0
        ]
      ],
      "matrix_ego_from_sensor_bevfusion": [
        [
          1.1456454451774789e-08,
          3.85754761467183e-10,
          1.0,
          1.5500030517578125
        ],
        [
          -1.0,
          9.256044541938735e-11,
          -9.95619320320884e-09,
          0.0
        ],
        [
          -7.199427165538452e-11,
          -1.0,
          3.1686414603271373e-10,
          1.6999998092651367
        ],
        [
          0.0,
          0.0,
          0.0,
          1.0
        ]
      ],
      "camera_intrinsics": [
        [
          685.5110473632812,
          0.0,
          480.0
        ],
        [
          0.0,
          685.5110473632812,
          270.0
        ],
        [
          0.0,
          0.0,
          1.0
        ]
      ],
      "data_path": "D:\\Agent-AI\\outputs\\s3a_ml_long_v2\\sample_000087\\images\\CAM_FRONT.png",
      "raw_layout": "bgra8"
    },
    "CAM_FRONT_RIGHT": {
      "type_id": "sensor.camera.rgb",
      "blueprint_attributes": {
        "role_name": "front",
        "ros_name": "sensor.camera.rgb",
        "chromatic_aberration_offset": "0.0",
        "sensor_tick": "0.100000",
        "fstop": "1.4",
        "image_size_x": "960",
        "image_size_y": "540",
        "fov": "70.00",
        "lens_circle_falloff": "5.0",
        "lens_circle_multiplier": "0.0",
        "exposure_compensation": "0.0",
        "lens_y_size": "0.08",
        "lens_k": "-1.0",
        "exposure_mode": "histogram",
        "lens_kcube": "0.0",
        "lens_x_size": "0.08",
        "exposure_max_bright": "12.0",
        "shutter_speed": "200.0",
        "bloom_intensity": "0.675",
        "iso": "100.0",
        "enable_postprocess_effects": "false",
        "gamma": "2.2",
        "motion_blur_intensity": "0.0",
        "motion_blur_max_distortion": "0.35",
        "lens_flare_intensity": "0.1",
        "motion_blur_min_object_screen_size": "0.1",
        "exposure_min_bright": "10.0",
        "exposure_speed_up": "3.0",
        "exposure_speed_down": "1.0",
        "tint": "0.0",
        "calibration_constant": "16.0",
        "focal_distance": "1000.0",
        "min_fstop": "1.2",
        "blade_count": "5",
        "blur_amount": "0.0",
        "blur_radius": "0.0",
        "slope": "0.88",
        "toe": "0.55",
        "white_clip": "0.04",
        "shoulder": "0.26",
        "black_clip": "0.0",
        "temp": "6500.0",
        "chromatic_aberration_intensity": "0.0"
      },
      "transform_carla": {
        "location": {
          "x": 76.21065521240234,
          "y": -63.21438217163086,
          "z": 1.6827577352523804
        },
        "rotation": {
          "roll": -0.5637099146842957,
          "pitch": -0.37238872051239014,
          "yaw": -106.72128295898438
        }
      },
      "matrix_world_from_sensor_carla": [
        [
          -0.28771018981933594,
          0.957650899887085,
          -0.011292306706309319,
          76.21065521240234
        ],
        [
          -0.957695484161377,
          -0.2877635955810547,
          -0.003393562976270914,
          -63.21438217163086
        ],
        [
          -0.006499363575130701,
          0.009838228113949299,
          0.9999305009841919,
          1.6827577352523804
        ],
        [
          0.0,
          0.0,
          0.0,
          1.0
        ]
      ],
      "matrix_world_from_sensor_bevfusion": [
        [
          0.957650899887085,
          0.011292306706309319,
          -0.28771018981933594,
          76.21065521240234
        ],
        [
          0.2877635955810547,
          -0.003393562976270914,
          0.957695484161377,
          63.21438217163086
        ],
        [
          0.009838228113949299,
          -0.9999305009841919,
          -0.006499363575130701,
          1.6827577352523804
        ],
        [
          0.0,
          0.0,
          0.0,
          1.0
        ]
      ],
      "matrix_ego_from_sensor_carla": [
        [
          0.5735767483711243,
          -0.8191516995429993,
          -1.714956177067961e-08,
          1.3000030517578125
        ],
        [
          0.8191518187522888,
          0.573576807975769,
          9.900551489749887e-09,
          0.5499954223632812
        ],
        [
          1.326638021659221e-09,
          -1.843793384637138e-08,
          1.0,
          1.6999999284744263
        ],
        [
          0.0,
          0.0,
          0.0,
          1.0
        ]
      ],
      "matrix_ego_from_sensor_bevfusion": [
        [
          -0.8191516995429993,
          1.714956177067961e-08,
          0.5735767483711243,
          1.3000030517578125
        ],
        [
          -0.573576807975769,
          9.900551489749887e-09,
          -0.8191518187522888,
          -0.5499954223632812
        ],
        [
          -1.843793384637138e-08,
          -1.0,
          1.326638021659221e-09,
          1.6999999284744263
        ],
        [
          0.0,
          0.0,
          0.0,
          1.0
        ]
      ],
      "camera_intrinsics": [
        [
          685.5110473632812,
          0.0,
          480.0
        ],
        [
          0.0,
          685.5110473632812,
          270.0
        ],
        [
          0.0,
          0.0,
          1.0
        ]
      ],
      "data_path": "D:\\Agent-AI\\outputs\\s3a_ml_long_v2\\sample_000087\\images\\CAM_FRONT_RIGHT.png",
      "raw_layout": "bgra8"
    },
    "CAM_FRONT_LEFT": {
      "type_id": "sensor.camera.rgb",
      "blueprint_attributes": {
        "role_name": "front",
        "ros_name": "sensor.camera.rgb",
        "chromatic_aberration_offset": "0.0",
        "sensor_tick": "0.100000",
        "fstop": "1.4",
        "image_size_x": "960",
        "image_size_y": "540",
        "fov": "70.00",
        "lens_circle_falloff": "5.0",
        "lens_circle_multiplier": "0.0",
        "exposure_compensation": "0.0",
        "lens_y_size": "0.08",
        "lens_k": "-1.0",
        "exposure_mode": "histogram",
        "lens_kcube": "0.0",
        "lens_x_size": "0.08",
        "exposure_max_bright": "12.0",
        "shutter_speed": "200.0",
        "bloom_intensity": "0.675",
        "iso": "100.0",
        "enable_postprocess_effects": "false",
        "gamma": "2.2",
        "motion_blur_intensity": "0.0",
        "motion_blur_max_distortion": "0.35",
        "lens_flare_intensity": "0.1",
        "motion_blur_min_object_screen_size": "0.1",
        "exposure_min_bright": "10.0",
        "exposure_speed_up": "3.0",
        "exposure_speed_down": "1.0",
        "tint": "0.0",
        "calibration_constant": "16.0",
        "focal_distance": "1000.0",
        "min_fstop": "1.2",
        "blade_count": "5",
        "blur_amount": "0.0",
        "blur_radius": "0.0",
        "slope": "0.88",
        "toe": "0.55",
        "white_clip": "0.04",
        "shoulder": "0.26",
        "black_clip": "0.0",
        "temp": "6500.0",
        "chromatic_aberration_intensity": "0.0"
      },
      "transform_carla": {
        "location": {
          "x": 75.86568450927734,
          "y": -62.16987609863281,
          "z": 1.6824067831039429
        },
        "rotation": {
          "roll": 0.5427420139312744,
          "pitch": -0.40233227610588074,
          "yaw": 143.27500915527344
        }
      },
      "matrix_world_from_sensor_carla": [
        [
          -0.8014950752258301,
          -0.5978947281837463,
          -0.011292269453406334,
          75.86568450927734
        ],
        [
          0.5979600548744202,
          -0.8015186190605164,
          -0.0033935746178030968,
          -62.16987609863281
        ],
        [
          -0.007021964993327856,
          -0.009472259320318699,
          0.9999304413795471,
          1.6824067831039429
        ],
        [
          0.0,
          0.0,
          0.0,
          1.0
        ]
      ],
      "matrix_world_from_sensor_bevfusion": [
        [
          -0.5978947281837463,
          0.011292269453406334,
          -0.8014950752258301,
          75.86568450927734
        ],
        [
          0.8015186190605164,
          -0.0033935746178030968,
          -0.5979600548744202,
          62.16987609863281
        ],
        [
          -0.009472259320318699,
          -0.9999304413795471,
          -0.007021964993327856,
          1.6824067831039429
        ],
        [
          0.0,
          0.0,
          0.0,
          1.0
        ]
      ],
      "matrix_ego_from_sensor_carla": [
        [
          0.5735763907432556,
          0.8191519975662231,
          -4.8111974848552563e-08,
          1.2999992370605469
        ],
        [
          -0.8191520571708679,
          0.5735763311386108,
          3.2582523346036396e-08,
          -0.5499954223632812
        ],
        [
          5.3976215497186786e-08,
          2.0921326893130754e-08,
          0.9999999403953552,
          1.6999999284744263
        ],
        [
          0.0,
          0.0,
          0.0,
          1.0
        ]
      ],
      "matrix_ego_from_sensor_bevfusion": [
        [
          0.8191519975662231,
          4.8111974848552563e-08,
          0.5735763907432556,
          1.2999992370605469
        ],
        [
          -0.5735763311386108,
          3.2582523346036396e-08,
          0.8191520571708679,
          0.5499954223632812
        ],
        [
          2.0921326893130754e-08,
          -0.9999999403953552,
          5.3976215497186786e-08,
          1.6999999284744263
        ],
        [
          0.0,
          0.0,
          0.0,
          1.0
        ]
      ],
      "camera_intrinsics": [
        [
          685.5110473632812,
          0.0,
          480.0
        ],
        [
          0.0,
          685.5110473632812,
          270.0
        ],
        [
          0.0,
          0.0,
          1.0
        ]
      ],
      "data_path": "D:\\Agent-AI\\outputs\\s3a_ml_long_v2\\sample_000087\\images\\CAM_FRONT_LEFT.png",
      "raw_layout": "bgra8"
    },
    "CAM_BACK": {
      "type_id": "sensor.camera.rgb",
      "blueprint_attributes": {
        "role_name": "front",
        "ros_name": "sensor.camera.rgb",
        "chromatic_aberration_offset": "0.0",
        "sensor_tick": "0.100000",
        "fstop": "1.4",
        "image_size_x": "960",
        "image_size_y": "540",
        "fov": "70.00",
        "lens_circle_falloff": "5.0",
        "lens_circle_multiplier": "0.0",
        "exposure_compensation": "0.0",
        "lens_y_size": "0.08",
        "lens_k": "-1.0",
        "exposure_mode": "histogram",
        "lens_kcube": "0.0",
        "lens_x_size": "0.08",
        "exposure_max_bright": "12.0",
        "shutter_speed": "200.0",
        "bloom_intensity": "0.675",
        "iso": "100.0",
        "enable_postprocess_effects": "false",
        "gamma": "2.2",
        "motion_blur_intensity": "0.0",
        "motion_blur_max_distortion": "0.35",
        "lens_flare_intensity": "0.1",
        "motion_blur_min_object_screen_size": "0.1",
        "exposure_min_bright": "10.0",
        "exposure_speed_up": "3.0",
        "exposure_speed_down": "1.0",
        "tint": "0.0",
        "calibration_constant": "16.0",
        "focal_distance": "1000.0",
        "min_fstop": "1.2",
        "blade_count": "5",
        "blur_amount": "0.0",
        "blur_radius": "0.0",
        "slope": "0.88",
        "toe": "0.55",
        "white_clip": "0.04",
        "shoulder": "0.26",
        "black_clip": "0.0",
        "temp": "6500.0",
        "chromatic_aberration_intensity": "0.0"
      },
      "transform_carla": {
        "location": {
          "x": 78.74420166015625,
          "y": -61.79840087890625,
          "z": 1.716174840927124
        },
        "rotation": {
          "roll": 0.018280262127518654,
          "pitch": 0.6753554344177246,
          "yaw": 18.277040481567383
        }
      },
      "matrix_world_from_sensor_carla": [
        [
          0.9494853019714355,
          -0.3136083483695984,
          -0.011292326264083385,
          78.74420166015625
        ],
        [
          0.3135901689529419,
          0.9495523571968079,
          -0.0033935585524886847,
          -61.79840087890625
        ],
        [
          0.011786903254687786,
          -0.0003190286224707961,
          0.9999305009841919,
          1.716174840927124
        ],
        [
          0.0,
          0.0,
          0.0,
          1.0
        ]
      ],
      "matrix_world_from_sensor_bevfusion": [
        [
          -0.3136083483695984,
          0.011292326264083385,
          0.9494853019714355,
          78.74420166015625
        ],
        [
          -0.9495523571968079,
          -0.0033935585524886847,
          -0.3135901689529419,
          61.79840087890625
        ],
        [
          -0.0003190286224707961,
          -0.9999305009841919,
          0.011786903254687786,
          1.716174840927124
        ],
        [
          0.0,
          0.0,
          0.0,
          1.0
        ]
      ],
      "matrix_ego_from_sensor_carla": [
        [
          -0.9999999403953552,
          2.941955585811229e-07,
          -3.85754761467183e-10,
          -1.5499992370605469
        ],
        [
          -3.2274732575388043e-07,
          -1.0,
          -3.439969975538304e-10,
          7.62939453125e-06
        ],
        [
          -3.1686414603271373e-10,
          -1.3144710320212027e-10,
          1.0,
          1.6999999284744263
        ],
        [
          0.0,
          0.0,
          0.0,
          1.0
        ]
      ],
      "matrix_ego_from_sensor_bevfusion": [
        [
          2.941955585811229e-07,
          3.85754761467183e-10,
          -0.9999999403953552,
          -1.5499992370605469
        ],
        [
          1.0,
          -3.439969975538304e-10,
          3.2274732575388043e-07,
          -7.62939453125e-06
        ],
        [
          -1.3144710320212027e-10,
          -1.0,
          -3.1686414603271373e-10,
          1.6999999284744263
        ],
        [
          0.0,
          0.0,
          0.0,
          1.0
        ]
      ],
      "camera_intrinsics": [
        [
          685.5110473632812,
          0.0,
          480.0
        ],
        [
          0.0,
          685.5110473632812,
          270.0
        ],
        [
          0.0,
          0.0,
          1.0
        ]
      ],
      "data_path": "D:\\Agent-AI\\outputs\\s3a_ml_long_v2\\sample_000087\\images\\CAM_BACK.png",
      "raw_layout": "bgra8"
    },
    "CAM_BACK_LEFT": {
      "type_id": "sensor.camera.rgb",
      "blueprint_attributes": {
        "role_name": "front",
        "ros_name": "sensor.camera.rgb",
        "chromatic_aberration_offset": "0.0",
        "sensor_tick": "0.100000",
        "fstop": "1.4",
        "image_size_x": "960",
        "image_size_y": "540",
        "fov": "70.00",
        "lens_circle_falloff": "5.0",
        "lens_circle_multiplier": "0.0",
        "exposure_compensation": "0.0",
        "lens_y_size": "0.08",
        "lens_k": "-1.0",
        "exposure_mode": "histogram",
        "lens_kcube": "0.0",
        "lens_x_size": "0.08",
        "exposure_max_bright": "12.0",
        "shutter_speed": "200.0",
        "bloom_intensity": "0.675",
        "iso": "100.0",
        "enable_postprocess_effects": "false",
        "gamma": "2.2",
        "motion_blur_intensity": "0.0",
        "motion_blur_max_distortion": "0.35",
        "lens_flare_intensity": "0.1",
        "motion_blur_min_object_screen_size": "0.1",
        "exposure_min_bright": "10.0",
        "exposure_speed_up": "3.0",
        "exposure_speed_down": "1.0",
        "tint": "0.0",
        "calibration_constant": "16.0",
        "focal_distance": "1000.0",
        "min_fstop": "1.2",
        "blade_count": "5",
        "blur_amount": "0.0",
        "blur_radius": "0.0",
        "slope": "0.88",
        "toe": "0.55",
        "white_clip": "0.04",
        "shoulder": "0.26",
        "black_clip": "0.0",
        "temp": "6500.0",
        "chromatic_aberration_intensity": "0.0"
      },
      "transform_carla": {
        "location": {
          "x": 78.3343505859375,
          "y": -61.35454559326172,
          "z": 1.7130526304244995
        },
        "rotation": {
          "roll": 0.5637099742889404,
          "pitch": 0.37238872051239014,
          "yaw": 73.27872467041016
        }
      },
      "matrix_world_from_sensor_carla": [
        [
          0.28771013021469116,
          -0.957650899887085,
          -0.011292306706309319,
          78.3343505859375
        ],
        [
          0.957695484161377,
          0.2877635359764099,
          -0.0033935634419322014,
          -61.35454559326172
        ],
        [
          0.006499363575130701,
          -0.009838229045271873,
          0.9999305009841919,
          1.7130526304244995
        ],
        [
          0.0,
          0.0,
          0.0,
          1.0
        ]
      ],
      "matrix_world_from_sensor_bevfusion": [
        [
          -0.957650899887085,
          0.011292306706309319,
          0.28771013021469116,
          78.3343505859375
        ],
        [
          -0.2877635359764099,
          -0.0033935634419322014,
          -0.957695484161377,
          61.35454559326172
        ],
        [
          -0.009838229045271873,
          -0.9999305009841919,
          0.006499363575130701,
          1.7130526304244995
        ],
        [
          0.0,
          0.0,
          0.0,
          1.0
        ]
      ],
      "matrix_ego_from_sensor_carla": [
        [
          -0.5735766887664795,
          0.819151759147644,
          -1.714956177067961e-08,
          -1.2999992370605469
        ],
        [
          -0.8191518187522888,
          -0.5735767483711243,
          1.0337108946600893e-08,
          -0.54998779296875
        ],
        [
          -3.9531541928816694e-10,
          1.8437999571574437e-08,
          1.0,
          1.6999998092651367
        ],
        [
          0.0,
          0.0,
          0.0,
          1.0
        ]
      ],
      "matrix_ego_from_sensor_bevfusion": [
        [
          0.819151759147644,
          1.714956177067961e-08,
          -0.5735766887664795,
          -1.2999992370605469
        ],
        [
          0.5735767483711243,
          1.0337108946600893e-08,
          0.8191518187522888,
          0.54998779296875
        ],
        [
          1.8437999571574437e-08,
          -1.0,
          -3.9531541928816694e-10,
          1.6999998092651367
        ],
        [
          0.0,
          0.0,
          0.0,
          1.0
        ]
      ],
      "camera_intrinsics": [
        [
          685.5110473632812,
          0.0,
          480.0
        ],
        [
          0.0,
          685.5110473632812,
          270.0
        ],
        [
          0.0,
          0.0,
          1.0
        ]
      ],
      "data_path": "D:\\Agent-AI\\outputs\\s3a_ml_long_v2\\sample_000087\\images\\CAM_BACK_LEFT.png",
      "raw_layout": "bgra8"
    },
    "CAM_BACK_RIGHT": {
      "type_id": "sensor.camera.rgb",
      "blueprint_attributes": {
        "role_name": "front",
        "ros_name": "sensor.camera.rgb",
        "chromatic_aberration_offset": "0.0",
        "sensor_tick": "0.100000",
        "fstop": "1.4",
        "image_size_x": "960",
        "image_size_y": "540",
        "fov": "70.00",
        "lens_circle_falloff": "5.0",
        "lens_circle_multiplier": "0.0",
        "exposure_compensation": "0.0",
        "lens_y_size": "0.08",
        "lens_k": "-1.0",
        "exposure_mode": "histogram",
        "lens_kcube": "0.0",
        "lens_x_size": "0.08",
        "exposure_max_bright": "12.0",
        "shutter_speed": "200.0",
        "bloom_intensity": "0.675",
        "iso": "100.0",
        "enable_postprocess_effects": "false",
        "gamma": "2.2",
        "motion_blur_intensity": "0.0",
        "motion_blur_max_distortion": "0.35",
        "lens_flare_intensity": "0.1",
        "motion_blur_min_object_screen_size": "0.1",
        "exposure_min_bright": "10.0",
        "exposure_speed_up": "3.0",
        "exposure_speed_down": "1.0",
        "tint": "0.0",
        "calibration_constant": "16.0",
        "focal_distance": "1000.0",
        "min_fstop": "1.2",
        "blade_count": "5",
        "blur_amount": "0.0",
        "blur_radius": "0.0",
        "slope": "0.88",
        "toe": "0.55",
        "white_clip": "0.04",
        "shoulder": "0.26",
        "black_clip": "0.0",
        "temp": "6500.0",
        "chromatic_aberration_intensity": "0.0"
      },
      "transform_carla": {
        "location": {
          "x": 78.67931365966797,
          "y": -62.399051666259766,
          "z": 1.713403582572937
        },
        "rotation": {
          "roll": -0.5427420735359192,
          "pitch": 0.40233227610588074,
          "yaw": -36.72499465942383
        }
      },
      "matrix_world_from_sensor_carla": [
        [
          0.8014950752258301,
          0.5978947281837463,
          -0.011292270384728909,
          78.67931365966797
        ],
        [
          -0.5979600548744202,
          0.8015186190605164,
          -0.0033935760147869587,
          -62.399051666259766
        ],
        [
          0.007021964993327856,
          0.009472261182963848,
          0.9999304413795471,
          1.713403582572937
        ],
        [
          0.0,
          0.0,
          0.0,
          1.0
        ]
      ],
      "matrix_world_from_sensor_bevfusion": [
        [
          0.5978947281837463,
          0.011292270384728909,
          0.8014950752258301,
          78.67931365966797
        ],
        [
          -0.8015186190605164,
          -0.0033935760147869587,
          0.5979600548744202,
          62.399051666259766
        ],
        [
          0.009472261182963848,
          -0.9999304413795471,
          0.007021964993327856,
          1.713403582572937
        ],
        [
          0.0,
          0.0,
          0.0,
          1.0
        ]
      ],
      "matrix_ego_from_sensor_carla": [
        [
          -0.5735763907432556,
          -0.8191519975662231,
          -4.7180652273937085e-08,
          -1.2999954223632812
        ],
        [
          0.8191520571708679,
          -0.5735763311386108,
          3.365936507293554e-08,
          0.5500106811523438
        ],
        [
          -5.3976215497186786e-08,
          -1.9058811417949073e-08,
          0.9999999403953552,
          1.6999999284744263
        ],
        [
          0.0,
          0.0,
          0.0,
          1.0
        ]
      ],
      "matrix_ego_from_sensor_bevfusion": [
        [
          -0.8191519975662231,
          4.7180652273937085e-08,
          -0.5735763907432556,
          -1.2999954223632812
        ],
        [
          0.5735763311386108,
          3.365936507293554e-08,
          -0.8191520571708679,
          -0.5500106811523438
        ],
        [
          -1.9058811417949073e-08,
          -0.9999999403953552,
          -5.3976215497186786e-08,
          1.6999999284744263
        ],
        [
          0.0,
          0.0,
          0.0,
          1.0
        ]
      ],
      "camera_intrinsics": [
        [
          685.5110473632812,
          0.0,
          480.0
        ],
        [
          0.0,
          685.5110473632812,
          270.0
        ],
        [
          0.0,
          0.0,
          1.0
        ]
      ],
      "data_path": "D:\\Agent-AI\\outputs\\s3a_ml_long_v2\\sample_000087\\images\\CAM_BACK_RIGHT.png",
      "raw_layout": "bgra8"
    },
    "LIDAR_TOP": {
      "type_id": "sensor.lidar.ray_cast",
      "blueprint_attributes": {
        "atmosphere_attenuation_rate": "0.004",
        "role_name": "front",
        "noise_seed": "0",
        "upper_fov": "10.0",
        "ros_name": "sensor.lidar.ray_cast",
        "sensor_tick": "0.100000",
        "channels": "32",
        "range": "120.0",
        "points_per_second": "360000",
        "lower_fov": "-30.0",
        "rotation_frequency": "10.000000",
        "horizontal_fov": "360.0",
        "dropoff_general_rate": "0.0",
        "dropoff_intensity_limit": "1.0",
        "noise_stddev": "0.0",
        "dropoff_zero_intensity": "0.0"
      },
      "transform_carla": {
        "location": {
          "x": 77.26685333251953,
          "y": -62.28615951538086,
          "z": 2.1978704929351807
        },
        "rotation": {
          "roll": -0.01828002743422985,
          "pitch": -0.6753554344177246,
          "yaw": -161.7229766845703
        }
      },
      "matrix_world_from_sensor_carla": [
        [
          -0.9494854211807251,
          0.3136080503463745,
          -0.01129232533276081,
          77.26685333251953
        ],
        [
          -0.313589870929718,
          -0.9495524764060974,
          -0.0033935587853193283,
          -62.28615951538086
        ],
        [
          -0.011786903254687786,
          0.0003190245188307017,
          0.9999305009841919,
          2.1978704929351807
        ],
        [
          0.0,
          0.0,
          0.0,
          1.0
        ]
      ],
      "matrix_world_from_sensor_bevfusion": [
        [
          -0.9494854211807251,
          -0.3136080503463745,
          -0.01129232533276081,
          77.26685333251953
        ],
        [
          0.313589870929718,
          -0.9495524764060974,
          0.0033935587853193283,
          62.28615951538086
        ],
        [
          -0.011786903254687786,
          -0.0003190245188307017,
          0.9999305009841919,
          2.1978704929351807
        ],
        [
          0.0,
          0.0,
          0.0,
          1.0
        ]
      ],
      "matrix_ego_from_sensor_carla": [
        [
          1.0,
          1.1456454451774789e-08,
          -3.85754761467183e-10,
          3.814697265625e-06
        ],
        [
          9.95619320320884e-09,
          1.0,
          9.256044541938735e-11,
          0.0
        ],
        [
          3.1686414603271373e-10,
          -7.199427165538452e-11,
          1.0,
          2.1999998092651367
        ],
        [
          0.0,
          0.0,
          0.0,
          1.0
        ]
      ],
      "matrix_ego_from_sensor_bevfusion": [
        [
          1.0,
          -1.1456454451774789e-08,
          -3.85754761467183e-10,
          3.814697265625e-06
        ],
        [
          -9.95619320320884e-09,
          1.0,
          -9.256044541938735e-11,
          0.0
        ],
        [
          3.1686414603271373e-10,
          7.199427165538452e-11,
          1.0,
          2.1999998092651367
        ],
        [
          0.0,
          0.0,
          0.0,
          1.0
        ]
      ],
      "data_path": "D:\\Agent-AI\\outputs\\s3a_ml_long_v2\\sample_000087\\lidar\\LIDAR_TOP.npy",
      "raw_layout": [
        "x",
        "y",
        "z",
        "intensity"
      ]
    },
    "RADAR_FRONT": {
      "type_id": "sensor.other.radar",
      "blueprint_attributes": {
        "sensor_tick": "0.100000",
        "role_name": "default",
        "noise_seed": "0",
        "ros_name": "sensor.other.radar",
        "horizontal_fov": "35.0",
        "points_per_second": "1500",
        "vertical_fov": "20.0",
        "range": "120.0"
      },
      "transform_carla": {
        "location": {
          "x": 75.38256072998047,
          "y": -62.90892791748047,
          "z": 0.8743869066238403
        },
        "rotation": {
          "roll": -0.01828002743422985,
          "pitch": -0.6753554344177246,
          "yaw": -161.7229766845703
        }
      },
      "matrix_world_from_sensor_carla": [
        [
          -0.9494854211807251,
          0.3136080503463745,
          -0.01129232533276081,
          75.38256072998047
        ],
        [
          -0.313589870929718,
          -0.9495524764060974,
          -0.0033935587853193283,
          -62.90892791748047
        ],
        [
          -0.011786903254687786,
          0.0003190245188307017,
          0.9999305009841919,
          0.8743869066238403
        ],
        [
          0.0,
          0.0,
          0.0,
          1.0
        ]
      ],
      "matrix_world_from_sensor_bevfusion": [
        [
          -0.9494854211807251,
          -0.3136080503463745,
          -0.01129232533276081,
          75.38256072998047
        ],
        [
          0.313589870929718,
          -0.9495524764060974,
          0.0033935587853193283,
          62.90892791748047
        ],
        [
          -0.011786903254687786,
          -0.0003190245188307017,
          0.9999305009841919,
          0.8743869066238403
        ],
        [
          0.0,
          0.0,
          0.0,
          1.0
        ]
      ],
      "matrix_ego_from_sensor_carla": [
        [
          1.0,
          1.1456454451774789e-08,
          -3.85754761467183e-10,
          2.0000038146972656
        ],
        [
          9.95619320320884e-09,
          1.0,
          9.256044541938735e-11,
          7.62939453125e-06
        ],
        [
          3.1686414603271373e-10,
          -7.199427165538452e-11,
          1.0,
          0.8999998569488525
        ],
        [
          0.0,
          0.0,
          0.0,
          1.0
        ]
      ],
      "matrix_ego_from_sensor_bevfusion": [
        [
          1.0,
          -1.1456454451774789e-08,
          -3.85754761467183e-10,
          2.0000038146972656
        ],
        [
          -9.95619320320884e-09,
          1.0,
          -9.256044541938735e-11,
          -7.62939453125e-06
        ],
        [
          3.1686414603271373e-10,
          7.199427165538452e-11,
          1.0,
          0.8999998569488525
        ],
        [
          0.0,
          0.0,
          0.0,
          1.0
        ]
      ],
      "data_path": "D:\\Agent-AI\\outputs\\s3a_ml_long_v2\\sample_000087\\radar\\RADAR_FRONT.npy",
      "raw_layout": [
        "velocity",
        "altitude",
        "azimuth",
        "depth"
      ]
    },
    "RADAR_FRONT_LEFT": {
      "type_id": "sensor.other.radar",
      "blueprint_attributes": {
        "sensor_tick": "0.100000",
        "role_name": "default",
        "noise_seed": "0",
        "ros_name": "sensor.other.radar",
        "horizontal_fov": "35.0",
        "points_per_second": "1500",
        "vertical_fov": "20.0",
        "range": "120.0"
      },
      "transform_carla": {
        "location": {
          "x": 75.47967529296875,
          "y": -62.087005615234375,
          "z": 0.8782731294631958
        },
        "rotation": {
          "roll": 0.46463334560394287,
          "pitch": -0.49046218395233154,
          "yaw": 153.27493286132812
        }
      },
      "matrix_world_from_sensor_carla": [
        [
          -0.89314204454422,
          -0.4496329724788666,
          -0.01129222009330988,
          75.47967529296875
        ],
        [
          0.4496932625770569,
          -0.8931766152381897,
          -0.003393593244254589,
          -62.087005615234375
        ],
        [
          -0.008560075424611568,
          -0.008108995854854584,
          0.9999304413795471,
          0.8782731294631958
        ],
        [
          0.0,
          0.0,
          0.0,
          1.0
        ]
      ],
      "matrix_world_from_sensor_bevfusion": [
        [
          -0.89314204454422,
          0.4496329724788666,
          -0.01129222009330988,
          75.47967529296875
        ],
        [
          -0.4496932625770569,
          -0.8931766152381897,
          0.003393593244254589,
          62.087005615234375
        ],
        [
          -0.008560075424611568,
          0.008108995854854584,
          0.9999304413795471,
          0.8782731294631958
        ],
        [
          0.0,
          0.0,
          0.0,
          1.0
        ]
      ],
      "matrix_ego_from_sensor_carla": [
        [
          0.7071069478988647,
          0.7071066498756409,
          -8.909016457891994e-08,
          1.6500015258789062
        ],
        [
          -0.7071066498756409,
          0.7071070075035095,
          6.587730894125343e-08,
          -0.75
        ],
        [
          1.1020797785477043e-07,
          1.643289060382358e-08,
          0.9999999403953552,
          0.8999999165534973
        ],
        [
          0.0,
          0.0,
          0.0,
          1.0
        ]
      ],
      "matrix_ego_from_sensor_bevfusion": [
        [
          0.7071069478988647,
          -0.7071066498756409,
          -8.909016457891994e-08,
          1.6500015258789062
        ],
        [
          0.7071066498756409,
          0.7071070075035095,
          -6.587730894125343e-08,
          0.75
        ],
        [
          1.1020797785477043e-07,
          -1.643289060382358e-08,
          0.9999999403953552,
          0.8999999165534973
        ],
        [
          0.0,
          0.0,
          0.0,
          1.0
        ]
      ],
      "data_path": "D:\\Agent-AI\\outputs\\s3a_ml_long_v2\\sample_000087\\radar\\RADAR_FRONT_LEFT.npy",
      "raw_layout": [
        "velocity",
        "altitude",
        "azimuth",
        "depth"
      ]
    },
    "RADAR_FRONT_RIGHT": {
      "type_id": "sensor.other.radar",
      "blueprint_attributes": {
        "sensor_tick": "0.100000",
        "role_name": "default",
        "noise_seed": "0",
        "ros_name": "sensor.other.radar",
        "horizontal_fov": "35.0",
