{
  "schema_version": "stage1.v1",
  "sample_name": "sample_000046",
  "sequence_index": 46,
  "previous_sample_name": "sample_000045",
  "frame_id": 726319,
  "timestamp": 5001.794624786824,
  "platform_timestamp": 16813387.2276532,
  "delta_seconds": 0.10000000149011612,
  "town": "Carla/Maps/Town10HD_Opt",
  "weather": {
    "cloudiness": 20.0,
    "dust_storm": 0.0,
    "fog_density": 2.0,
    "fog_distance": 0.75,
    "fog_falloff": 0.10000000149011612,
    "mie_scattering_scale": 0.029999999329447746,
    "precipitation": 0.0,
    "precipitation_deposits": 0.0,
    "rayleigh_scattering_scale": 0.03310000151395798,
    "scattering_intensity": 1.0,
    "sun_altitude_angle": 45.0,
    "sun_azimuth_angle": 300.0,
    "wetness": 0.0,
    "wind_intensity": 10.0
  },
  "sensor_names": [
    "CAM_FRONT",
    "CAM_FRONT_RIGHT",
    "CAM_FRONT_LEFT",
    "CAM_BACK",
    "CAM_BACK_LEFT",
    "CAM_BACK_RIGHT",
    "LIDAR_TOP",
    "RADAR_FRONT",
    "RADAR_FRONT_LEFT",
    "RADAR_FRONT_RIGHT",
    "RADAR_BACK_LEFT",
    "RADAR_BACK_RIGHT"
  ],
  "camera_order_for_model": [
    "CAM_FRONT",
    "CAM_FRONT_RIGHT",
    "CAM_FRONT_LEFT",
    "CAM_BACK",
    "CAM_BACK_LEFT",
    "CAM_BACK_RIGHT"
  ],
  "radar_order_for_model": [
    "RADAR_FRONT",
    "RADAR_FRONT_LEFT",
    "RADAR_FRONT_RIGHT",
    "RADAR_BACK_LEFT",
    "RADAR_BACK_RIGHT"
  ],
  "coordinate_notes": {
    "carla_world": "left-handed x-forward y-right z-up",
    "bevfusion_lidar": "x-forward y-left z-up",
    "camera_frame_for_model": "OpenCV style x-right y-down z-forward"
  },
  "ego": {
    "actor_id": 49,
    "transform_carla": {
      "location": {
        "x": 103.61907958984375,
        "y": -37.3553581237793,
        "z": -0.004080276470631361
      },
      "rotation": {
        "roll": -0.006195066496729851,
        "pitch": -0.11282788962125778,
        "yaw": -109.16006469726562
      }
    },
    "velocity_carla": [
      0.0006318113883025944,
      0.0015953349648043513,
      2.271652192575857e-05
    ],
    "angular_velocity_carla": [
      -0.4927566647529602,
      0.1979086548089981,
      0.00028621076489798725
    ],
    "matrix_world_from_ego_carla": [
      [
        -0.3282076418399811,
        0.94460529088974,
        -0.000748448190279305,
        103.61907958984375
      ],
      [
        -0.9446035027503967,
        -0.3282085061073303,
        -0.0018246456747874618,
        -37.3553581237793
      ],
      [
        -0.001969217089936137,
        0.00010812409891514108,
        0.9999980330467224,
        -0.004080276470631361
      ],
      [
        0.0,
        0.0,
        0.0,
        1.0
      ]
    ],
    "matrix_world_from_ego_bevfusion": [
      [
        -0.3282076418399811,
        -0.94460529088974,
        -0.000748448190279305,
        103.61907958984375
      ],
      [
        0.9446035027503967,
        -0.3282085061073303,
        0.0018246456747874618,
        37.3553581237793
      ],
      [
        -0.001969217089936137,
        -0.00010812409891514108,
        0.9999980330467224,
        -0.004080276470631361
      ],
      [
        0.0,
        0.0,
        0.0,
        1.0
      ]
    ]
  },
  "sensors": {
    "CAM_FRONT": {
      "type_id": "sensor.camera.rgb",
      "blueprint_attributes": {
        "role_name": "front",
        "ros_name": "sensor.camera.rgb",
        "chromatic_aberration_offset": "0.0",
        "sensor_tick": "0.100000",
        "fstop": "1.4",
        "image_size_x": "960",
        "image_size_y": "540",
        "fov": "70.00",
        "lens_circle_falloff": "5.0",
        "lens_circle_multiplier": "0.0",
        "exposure_compensation": "0.0",
        "lens_y_size": "0.08",
        "lens_k": "-1.0",
        "exposure_mode": "histogram",
        "lens_kcube": "0.0",
        "lens_x_size": "0.08",
        "exposure_max_bright": "12.0",
        "shutter_speed": "200.0",
        "bloom_intensity": "0.675",
        "iso": "100.0",
        "enable_postprocess_effects": "false",
        "gamma": "2.2",
        "motion_blur_intensity": "0.0",
        "motion_blur_max_distortion": "0.35",
        "lens_flare_intensity": "0.1",
        "motion_blur_min_object_screen_size": "0.1",
        "exposure_min_bright": "10.0",
        "exposure_speed_up": "3.0",
        "exposure_speed_down": "1.0",
        "tint": "0.0",
        "calibration_constant": "16.0",
        "focal_distance": "1000.0",
        "min_fstop": "1.2",
        "blade_count": "5",
        "blur_amount": "0.0",
        "blur_radius": "0.0",
        "slope": "0.88",
        "toe": "0.55",
        "white_clip": "0.04",
        "shoulder": "0.26",
        "black_clip": "0.0",
        "temp": "6500.0",
        "chromatic_aberration_intensity": "0.0"
      },
      "transform_carla": {
        "location": {
          "x": 103.10909271240234,
          "y": -38.822593688964844,
          "z": 1.6928642988204956
        },
        "rotation": {
          "roll": -0.006195066496729851,
          "pitch": -0.11282788962125778,
          "yaw": -109.16006469726562
        }
      },
      "matrix_world_from_sensor_carla": [
        [
          -0.3282076418399811,
          0.94460529088974,
          -0.000748448190279305,
          103.10909271240234
        ],
        [
          -0.9446035027503967,
          -0.3282085061073303,
          -0.0018246456747874618,
          -38.822593688964844
        ],
        [
          -0.001969217089936137,
          0.00010812409891514108,
          0.9999980330467224,
          1.6928642988204956
        ],
        [
          0.0,
          0.0,
          0.0,
          1.0
        ]
      ],
      "matrix_world_from_sensor_bevfusion": [
        [
          0.94460529088974,
          0.000748448190279305,
          -0.3282076418399811,
          103.10909271240234
        ],
        [
          0.3282085061073303,
          -0.0018246456747874618,
          0.9446035027503967,
          38.822593688964844
        ],
        [
          0.00010812409891514108,
          -0.9999980330467224,
          -0.001969217089936137,
          1.6928642988204956
        ],
        [
          0.0,
          0.0,
          0.0,
          1.0
        ]
      ],
      "matrix_ego_from_sensor_carla": [
        [
          1.0,
          -2.3922988034996706e-08,
          1.48067710870059e-10,
          1.5499941110610962
        ],
        [
          1.6118837820044973e-08,
          1.0,
          5.653531115479282e-11,
          0.0
        ],
        [
          3.069322573878708e-11,
          4.842816425654206e-11,
          1.0,
          1.700000286102295
        ],
        [
          0.0,
          0.0,
          0.0,
          1.0
        ]
      ],
      "matrix_ego_from_sensor_bevfusion": [
        [
          -2.3922988034996706e-08,
          -1.48067710870059e-10,
          1.0,
          1.5499941110610962
        ],
        [
          -1.0,
          5.653531115479282e-11,
          -1.6118837820044973e-08,
          0.0
        ],
        [
          4.842816425654206e-11,
          -1.0,
          3.069322573878708e-11,
          1.700000286102295
        ],
        [
          0.0,
          0.0,
          0.0,
          1.0
        ]
      ],
      "camera_intrinsics": [
        [
          685.5110473632812,
          0.0,
          480.0
        ],
        [
          0.0,
          685.5110473632812,
          270.0
        ],
        [
          0.0,
          0.0,
          1.0
        ]
      ],
      "data_path": "D:\\Agent-AI\\outputs\\s3a_ml_long_v1\\sample_000046\\images\\CAM_FRONT.png",
      "raw_layout": "bgra8"
    },
    "CAM_FRONT_RIGHT": {
      "type_id": "sensor.camera.rgb",
      "blueprint_attributes": {
        "role_name": "front",
        "ros_name": "sensor.camera.rgb",
        "chromatic_aberration_offset": "0.0",
        "sensor_tick": "0.100000",
        "fstop": "1.4",
        "image_size_x": "960",
        "image_size_y": "540",
        "fov": "70.00",
        "lens_circle_falloff": "5.0",
        "lens_circle_multiplier": "0.0",
        "exposure_compensation": "0.0",
        "lens_y_size": "0.08",
        "lens_k": "-1.0",
        "exposure_mode": "histogram",
        "lens_kcube": "0.0",
        "lens_x_size": "0.08",
        "exposure_max_bright": "12.0",
        "shutter_speed": "200.0",
        "bloom_intensity": "0.675",
        "iso": "100.0",
        "enable_postprocess_effects": "false",
        "gamma": "2.2",
        "motion_blur_intensity": "0.0",
        "motion_blur_max_distortion": "0.35",
        "lens_flare_intensity": "0.1",
        "motion_blur_min_object_screen_size": "0.1",
        "exposure_min_bright": "10.0",
        "exposure_speed_up": "3.0",
        "exposure_speed_down": "1.0",
        "tint": "0.0",
        "calibration_constant": "16.0",
        "focal_distance": "1000.0",
        "min_fstop": "1.2",
        "blade_count": "5",
        "blur_amount": "0.0",
        "blur_radius": "0.0",
        "slope": "0.88",
        "toe": "0.55",
        "white_clip": "0.04",
        "shoulder": "0.26",
        "black_clip": "0.0",
        "temp": "6500.0",
        "chromatic_aberration_intensity": "0.0"
      },
      "transform_carla": {
        "location": {
          "x": 103.7106704711914,
          "y": -38.76696014404297,
          "z": 1.6934161186218262
        },
        "rotation": {
          "roll": -0.0959729254245758,
          "pitch": -0.05964120849967003,
          "yaw": -54.16002655029297
        }
      },
      "matrix_world_from_sensor_carla": [
        [
          0.5855230689048767,
          0.810655415058136,
          -0.000748391670640558,
          103.7106704711914
        ],
        [
          -0.8106551170349121,
          0.5855211019515991,
          -0.001824615290388465,
          -38.76696014404297
        ],
        [
          -0.0010409351671114564,
          0.0016750417416915298,
          0.9999980330467224,
          1.6934161186218262
        ],
        [
          0.0,
          0.0,
          0.0,
          1.0
        ]
      ],
      "matrix_world_from_sensor_bevfusion": [
        [
          0.810655415058136,
          0.000748391670640558,
          0.5855230689048767,
          103.7106704711914
        ],
        [
          -0.5855211019515991,
          -0.001824615290388465,
          0.8106551170349121,
          38.76696014404297
        ],
        [
          0.0016750417416915298,
          -0.9999980330467224,
          -0.0010409351671114564,
          1.6934161186218262
        ],
        [
          0.0,
          0.0,
          0.0,
          1.0
        ]
      ],
      "matrix_ego_from_sensor_carla": [
        [
          0.5735765695571899,
          -0.8191519379615784,
          -4.7116554213744166e-08,
          1.3000000715255737
        ],
        [
          0.8191519975662231,
          0.5735765695571899,
          4.346489745898907e-08,
          0.5499954223632812
        ],
        [
          -8.375537596805316e-09,
          -6.373085881250518e-08,
          1.0,
          1.700000286102295
        ],
        [
          0.0,
          0.0,
          0.0,
          1.0
        ]
      ],
      "matrix_ego_from_sensor_bevfusion": [
        [
          -0.8191519379615784,
          4.7116554213744166e-08,
          0.5735765695571899,
          1.3000000715255737
        ],
        [
          -0.5735765695571899,
          4.346489745898907e-08,
          -0.8191519975662231,
          -0.5499954223632812
        ],
        [
          -6.373085881250518e-08,
          -1.0,
          -8.375537596805316e-09,
          1.700000286102295
        ],
        [
          0.0,
          0.0,
          0.0,
          1.0
        ]
      ],
      "camera_intrinsics": [
        [
          685.5110473632812,
          0.0,
          480.0
        ],
        [
          0.0,
          685.5110473632812,
          270.0
        ],
        [
          0.0,
          0.0,
          1.0
        ]
      ],
      "data_path": "D:\\Agent-AI\\outputs\\s3a_ml_long_v1\\sample_000046\\images\\CAM_FRONT_RIGHT.png",
      "raw_layout": "bgra8"
    },
    "CAM_FRONT_LEFT": {
      "type_id": "sensor.camera.rgb",
      "blueprint_attributes": {
        "role_name": "front",
        "ros_name": "sensor.camera.rgb",
        "chromatic_aberration_offset": "0.0",
        "sensor_tick": "0.100000",
        "fstop": "1.4",
        "image_size_x": "960",
        "image_size_y": "540",
        "fov": "70.00",
        "lens_circle_falloff": "5.0",
        "lens_circle_multiplier": "0.0",
        "exposure_compensation": "0.0",
        "lens_y_size": "0.08",
        "lens_k": "-1.0",
        "exposure_mode": "histogram",
        "lens_kcube": "0.0",
        "lens_x_size": "0.08",
        "exposure_max_bright": "12.0",
        "shutter_speed": "200.0",
        "bloom_intensity": "0.675",
        "iso": "100.0",
        "enable_postprocess_effects": "false",
        "gamma": "2.2",
        "motion_blur_intensity": "0.0",
        "motion_blur_max_distortion": "0.35",
        "lens_flare_intensity": "0.1",
        "motion_blur_min_object_screen_size": "0.1",
        "exposure_min_bright": "10.0",
        "exposure_speed_up": "3.0",
        "exposure_speed_down": "1.0",
        "tint": "0.0",
        "calibration_constant": "16.0",
        "focal_distance": "1000.0",
        "min_fstop": "1.2",
        "blade_count": "5",
        "blur_amount": "0.0",
        "blur_radius": "0.0",
        "slope": "0.88",
        "toe": "0.55",
        "white_clip": "0.04",
        "shoulder": "0.26",
        "black_clip": "0.0",
        "temp": "6500.0",
        "chromatic_aberration_intensity": "0.0"
      },
      "transform_carla": {
        "location": {
          "x": 102.6716079711914,
          "y": -38.40592956542969,
          "z": 1.693297028541565
        },
        "rotation": {
          "roll": 0.08886627852916718,
          "pitch": -0.06979086995124817,
          "yaw": -164.1601104736328
        }
      },
      "matrix_world_from_sensor_carla": [
        [
          -0.9620274901390076,
          0.27295151352882385,
          -0.0007484781090170145,
          102.6716079711914
        ],
        [
          -0.27294981479644775,
          -0.9620265364646912,
          -0.0018245885148644447,
          -38.40592956542969
        ],
        [
          -0.0012180800549685955,
          -0.0015510073862969875,
          0.9999980926513672,
          1.693297028541565
        ],
        [
          0.0,
          0.0,
          0.0,
          1.0
        ]
      ],
      "matrix_world_from_sensor_bevfusion": [
        [
          0.27295151352882385,
          0.0007484781090170145,
          -0.9620274901390076,
          102.6716079711914
        ],
        [
          0.9620265364646912,
          -0.0018245885148644447,
          0.27294981479644775,
          38.40592956542969
        ],
        [
          -0.0015510073862969875,
          -0.9999980926513672,
          -0.0012180800549685955,
          1.693297028541565
        ],
        [
          0.0,
          0.0,
          0.0,
          1.0
        ]
      ],
      "matrix_ego_from_sensor_carla": [
        [
          0.5735765695571899,
          0.8191519379615784,
          -4.420713040076407e-08,
          1.29999577999115
        ],
        [
          -0.8191518783569336,
          0.5735765695571899,
          -4.6983362977925935e-08,
          -0.5499954223632812
        ],
        [
          -1.3159934475481805e-08,
          6.326144585955262e-08,
          1.0000001192092896,
          1.7000001668930054
        ],
        [
          0.0,
          0.0,
          0.0,
          1.0
        ]
      ],
      "matrix_ego_from_sensor_bevfusion": [
        [
          0.8191519379615784,
          4.420713040076407e-08,
          0.5735765695571899,
          1.29999577999115
        ],
        [
          -0.5735765695571899,
          -4.6983362977925935e-08,
          0.8191518783569336,
          0.5499954223632812
        ],
        [
          6.326144585955262e-08,
          -1.0000001192092896,
          -1.3159934475481805e-08,
          1.7000001668930054
        ],
        [
          0.0,
          0.0,
          0.0,
          1.0
        ]
      ],
      "camera_intrinsics": [
        [
          685.5110473632812,
          0.0,
          480.0
        ],
        [
          0.0,
          685.5110473632812,
          270.0
        ],
        [
          0.0,
          0.0,
          1.0
        ]
      ],
      "data_path": "D:\\Agent-AI\\outputs\\s3a_ml_long_v1\\sample_000046\\images\\CAM_FRONT_LEFT.png",
      "raw_layout": "bgra8"
    },
    "CAM_BACK": {
      "type_id": "sensor.camera.rgb",
      "blueprint_attributes": {
        "role_name": "front",
        "ros_name": "sensor.camera.rgb",
        "chromatic_aberration_offset": "0.0",
        "sensor_tick": "0.100000",
        "fstop": "1.4",
        "image_size_x": "960",
        "image_size_y": "540",
        "fov": "70.00",
        "lens_circle_falloff": "5.0",
        "lens_circle_multiplier": "0.0",
        "exposure_compensation": "0.0",
        "lens_y_size": "0.08",
        "lens_k": "-1.0",
        "exposure_mode": "histogram",
        "lens_kcube": "0.0",
        "lens_x_size": "0.08",
        "exposure_max_bright": "12.0",
        "shutter_speed": "200.0",
        "bloom_intensity": "0.675",
        "iso": "100.0",
        "enable_postprocess_effects": "false",
        "gamma": "2.2",
        "motion_blur_intensity": "0.0",
        "motion_blur_max_distortion": "0.35",
        "lens_flare_intensity": "0.1",
        "motion_blur_min_object_screen_size": "0.1",
        "exposure_min_bright": "10.0",
        "exposure_speed_up": "3.0",
        "exposure_speed_down": "1.0",
        "tint": "0.0",
        "calibration_constant": "16.0",
        "focal_distance": "1000.0",
        "min_fstop": "1.2",
        "blade_count": "5",
        "blur_amount": "0.0",
        "blur_radius": "0.0",
        "slope": "0.88",
        "toe": "0.55",
        "white_clip": "0.04",
        "shoulder": "0.26",
        "black_clip": "0.0",
        "temp": "6500.0",
        "chromatic_aberration_intensity": "0.0"
      },
      "transform_carla": {
        "location": {
          "x": 104.12653350830078,
          "y": -35.894325256347656,
          "z": 1.6989684104919434
        },
        "rotation": {
          "roll": 0.006195106543600559,
          "pitch": 0.11282788962125778,
          "yaw": 70.83992767333984
        }
      },
      "matrix_world_from_sensor_carla": [
        [
          0.328207790851593,
          -0.94460529088974,
          -0.0007484491798095405,
          104.12653350830078
        ],
        [
          0.9446035027503967,
          0.32820865511894226,
          -0.001824645441956818,
          -35.894325256347656
        ],
        [
          0.001969217089936137,
          -0.00010812479740707204,
          0.9999980330467224,
          1.6989684104919434
        ],
        [
          0.0,
          0.0,
          0.0,
          1.0
        ]
      ],
      "matrix_world_from_sensor_bevfusion": [
        [
          -0.94460529088974,
          0.0007484491798095405,
          0.328207790851593,
          104.12653350830078
        ],
        [
          -0.32820865511894226,
          -0.001824645441956818,
          -0.9446035027503967,
          35.894325256347656
        ],
        [
          -0.00010812479740707204,
          -0.9999980330467224,
          0.001969217089936137,
          1.6989684104919434
        ],
        [
          0.0,
          0.0,
          0.0,
          1.0
        ]
      ],
      "matrix_ego_from_sensor_carla": [
        [
          -1.0000001192092896,
          -1.1683253120509107e-07,
          1.48067710870059e-10,
          -1.5500017404556274
        ],
        [
          1.328927794475021e-07,
          -1.0,
          -9.475468187858382e-10,
          0.0
        ],
        [
          -3.069322573878708e-11,
          -1.0161291807975203e-09,
          1.0,
          1.6999998092651367
        ],
        [
          0.0,
          0.0,
          0.0,
          1.0
        ]
      ],
      "matrix_ego_from_sensor_bevfusion": [
        [
          -1.1683253120509107e-07,
          -1.48067710870059e-10,
          -1.0000001192092896,
          -1.5500017404556274
        ],
        [
          1.0,
          -9.475468187858382e-10,
          -1.328927794475021e-07,
          0.0
        ],
        [
          -1.0161291807975203e-09,
          -1.0,
          -3.069322573878708e-11,
          1.6999998092651367
        ],
        [
          0.0,
          0.0,
          0.0,
          1.0
        ]
      ],
      "camera_intrinsics": [
        [
          685.5110473632812,
          0.0,
          480.0
        ],
        [
          0.0,
          685.5110473632812,
          270.0
        ],
        [
          0.0,
          0.0,
          1.0
        ]
      ],
      "data_path": "D:\\Agent-AI\\outputs\\s3a_ml_long_v1\\sample_000046\\images\\CAM_BACK.png",
      "raw_layout": "bgra8"
    },
    "CAM_BACK_LEFT": {
      "type_id": "sensor.camera.rgb",
      "blueprint_attributes": {
        "role_name": "front",
        "ros_name": "sensor.camera.rgb",
        "chromatic_aberration_offset": "0.0",
        "sensor_tick": "0.100000",
        "fstop": "1.4",
        "image_size_x": "960",
        "image_size_y": "540",
        "fov": "70.00",
        "lens_circle_falloff": "5.0",
        "lens_circle_multiplier": "0.0",
        "exposure_compensation": "0.0",
        "lens_y_size": "0.08",
        "lens_k": "-1.0",
        "exposure_mode": "histogram",
        "lens_kcube": "0.0",
        "lens_x_size": "0.08",
        "exposure_max_bright": "12.0",
        "shutter_speed": "200.0",
        "bloom_intensity": "0.675",
        "iso": "100.0",
        "enable_postprocess_effects": "false",
        "gamma": "2.2",
        "motion_blur_intensity": "0.0",
        "motion_blur_max_distortion": "0.35",
        "lens_flare_intensity": "0.1",
        "motion_blur_min_object_screen_size": "0.1",
        "exposure_min_bright": "10.0",
        "exposure_speed_up": "3.0",
        "exposure_speed_down": "1.0",
        "tint": "0.0",
        "calibration_constant": "16.0",
        "focal_distance": "1000.0",
        "min_fstop": "1.2",
        "blade_count": "5",
        "blur_amount": "0.0",
        "blur_radius": "0.0",
        "slope": "0.88",
        "toe": "0.55",
        "white_clip": "0.04",
        "shoulder": "0.26",
        "black_clip": "0.0",
        "temp": "6500.0",
        "chromatic_aberration_intensity": "0.0"
      },
      "transform_carla": {
        "location": {
          "x": 103.52494812011719,
          "y": -35.94995880126953,
          "z": 1.6984167098999023
        },
        "rotation": {
          "roll": 0.0959729328751564,
          "pitch": 0.05964120849967003,
          "yaw": 125.83995819091797
        }
      },
      "matrix_world_from_sensor_carla": [
        [
          -0.5855227708816528,
          -0.8106555938720703,
          -0.000748392310924828,
          103.52494812011719
        ],
        [
          0.8106552958488464,
          -0.5855208039283752,
          -0.0018246150575578213,
          -35.94995880126953
        ],
        [
          0.0010409351671114564,
          -0.0016750418581068516,
          0.9999980330467224,
          1.6984167098999023
        ],
        [
          0.0,
          0.0,
          0.0,
          1.0
        ]
      ],
      "matrix_world_from_sensor_bevfusion": [
        [
          -0.8106555938720703,
          0.000748392310924828,
          -0.5855227708816528,
          103.52494812011719
        ],
        [
          0.5855208039283752,
          -0.0018246150575578213,
          -0.8106552958488464,
          35.94995880126953
        ],
        [
          -0.0016750418581068516,
          -0.9999980330467224,
          0.0010409351671114564,
          1.6984167098999023
        ],
        [
          0.0,
          0.0,
          0.0,
          1.0
        ]
      ],
      "matrix_ego_from_sensor_carla": [
        [
          -0.573576807975769,
          0.819151759147644,
          -4.7116554213744166e-08,
          -1.3000041246414185
        ],
        [
          -0.819151759147644,
          -0.5735768675804138,
          4.274457765518491e-08,
          -0.5500030517578125
        ],
        [
          7.793460987670642e-09,
          6.326519752519744e-08,
          1.0,
          1.6999998092651367
        ],
        [
          0.0,
          0.0,
          0.0,
          1.0
        ]
      ],
      "matrix_ego_from_sensor_bevfusion": [
        [
          0.819151759147644,
          4.7116554213744166e-08,
          -0.573576807975769,
          -1.3000041246414185
        ],
        [
          0.5735768675804138,
          4.274457765518491e-08,
          0.819151759147644,
          0.5500030517578125
        ],
        [
          6.326519752519744e-08,
          -1.0,
          7.793460987670642e-09,
          1.6999998092651367
        ],
        [
          0.0,
          0.0,
          0.0,
          1.0
        ]
      ],
      "camera_intrinsics": [
        [
          685.5110473632812,
          0.0,
          480.0
        ],
        [
          0.0,
          685.5110473632812,
          270.0
        ],
        [
          0.0,
          0.0,
          1.0
        ]
      ],
      "data_path": "D:\\Agent-AI\\outputs\\s3a_ml_long_v1\\sample_000046\\images\\CAM_BACK_LEFT.png",
      "raw_layout": "bgra8"
    },
    "CAM_BACK_RIGHT": {
      "type_id": "sensor.camera.rgb",
      "blueprint_attributes": {
        "role_name": "front",
        "ros_name": "sensor.camera.rgb",
        "chromatic_aberration_offset": "0.0",
        "sensor_tick": "0.100000",
        "fstop": "1.4",
        "image_size_x": "960",
        "image_size_y": "540",
        "fov": "70.00",
        "lens_circle_falloff": "5.0",
        "lens_circle_multiplier": "0.0",
        "exposure_compensation": "0.0",
        "lens_y_size": "0.08",
        "lens_k": "-1.0",
        "exposure_mode": "histogram",
        "lens_kcube": "0.0",
        "lens_x_size": "0.08",
        "exposure_max_bright": "12.0",
        "shutter_speed": "200.0",
        "bloom_intensity": "0.675",
        "iso": "100.0",
        "enable_postprocess_effects": "false",
        "gamma": "2.2",
        "motion_blur_intensity": "0.0",
        "motion_blur_max_distortion": "0.35",
        "lens_flare_intensity": "0.1",
        "motion_blur_min_object_screen_size": "0.1",
        "exposure_min_bright": "10.0",
        "exposure_speed_up": "3.0",
        "exposure_speed_down": "1.0",
        "tint": "0.0",
        "calibration_constant": "16.0",
        "focal_distance": "1000.0",
        "min_fstop": "1.2",
        "blade_count": "5",
        "blur_amount": "0.0",
        "blur_radius": "0.0",
        "slope": "0.88",
        "toe": "0.55",
        "white_clip": "0.04",
        "shoulder": "0.26",
        "black_clip": "0.0",
        "temp": "6500.0",
        "chromatic_aberration_intensity": "0.0"
      },
      "transform_carla": {
        "location": {
          "x": 104.56401062011719,
          "y": -36.31098937988281,
          "z": 1.698535680770874
        },
        "rotation": {
          "roll": -0.08886627852916718,
          "pitch": 0.06979086995124817,
          "yaw": 15.839881896972656
        }
      },
      "matrix_world_from_sensor_carla": [
        [
          0.9620275497436523,
          -0.2729514241218567,
          -0.0007484783418476582,
          104.56401062011719
        ],
        [
          0.2729497253894806,
          0.9620265960693359,
          -0.0018245885148644447,
          -36.31098937988281
        ],
        [
          0.0012180800549685955,
          0.0015510073862969875,
          0.9999980926513672,
          1.698535680770874
        ],
        [
          0.0,
          0.0,
          0.0,
          1.0
        ]
      ],
      "matrix_world_from_sensor_bevfusion": [
        [
          -0.2729514241218567,
          0.0007484783418476582,
          0.9620275497436523,
          104.56401062011719
        ],
        [
          -0.9620265960693359,
          -0.0018245885148644447,
          -0.2729497253894806,
          36.31098937988281
        ],
        [
          0.0015510073862969875,
          -0.9999980926513672,
          0.0012180800549685955,
          1.698535680770874
        ],
        [
          0.0,
          0.0,
          0.0,
          1.0
        ]
      ],
      "matrix_ego_from_sensor_carla": [
        [
          -0.5735765099525452,
          -0.8191520571708679,
          -4.420713040076407e-08,
          -1.3000037670135498
        ],
        [
          0.8191519975662231,
          -0.5735765099525452,
          -4.7216193621579805e-08,
          0.5499954223632812
        ],
        [
          1.327634979730874e-08,
          -6.349427650320649e-08,
          1.0000001192092896,
          1.6999999284744263
        ],
        [
          0.0,
          0.0,
          0.0,
          1.0
        ]
      ],
      "matrix_ego_from_sensor_bevfusion": [
        [
          -0.8191520571708679,
          4.420713040076407e-08,
          -0.5735765099525452,
          -1.3000037670135498
        ],
        [
          0.5735765099525452,
          -4.7216193621579805e-08,
          -0.8191519975662231,
          -0.5499954223632812
        ],
        [
          -6.349427650320649e-08,
          -1.0000001192092896,
          1.327634979730874e-08,
          1.6999999284744263
        ],
        [
          0.0,
          0.0,
          0.0,
          1.0
        ]
      ],
      "camera_intrinsics": [
        [
          685.5110473632812,
          0.0,
          480.0
        ],
        [
          0.0,
          685.5110473632812,
          270.0
        ],
        [
          0.0,
          0.0,
          1.0
        ]
      ],
      "data_path": "D:\\Agent-AI\\outputs\\s3a_ml_long_v1\\sample_000046\\images\\CAM_BACK_RIGHT.png",
      "raw_layout": "bgra8"
    },
    "LIDAR_TOP": {
      "type_id": "sensor.lidar.ray_cast",
      "blueprint_attributes": {
        "atmosphere_attenuation_rate": "0.004",
        "role_name": "front",
        "noise_seed": "0",
        "upper_fov": "10.0",
        "ros_name": "sensor.lidar.ray_cast",
        "sensor_tick": "0.100000",
        "channels": "32",
        "range": "120.0",
        "points_per_second": "360000",
        "lower_fov": "-30.0",
        "rotation_frequency": "10.000000",
        "horizontal_fov": "360.0",
        "dropoff_general_rate": "0.0",
        "dropoff_intensity_limit": "1.0",
        "noise_stddev": "0.0",
        "dropoff_zero_intensity": "0.0"
      },
      "transform_carla": {
        "location": {
          "x": 103.617431640625,
          "y": -37.359371185302734,
          "z": 2.195915460586548
        },
        "rotation": {
          "roll": -0.006195066496729851,
          "pitch": -0.11282788962125778,
          "yaw": -109.16006469726562
        }
      },
      "matrix_world_from_sensor_carla": [
        [
          -0.3282076418399811,
          0.94460529088974,
          -0.000748448190279305,
          103.617431640625
        ],
        [
          -0.9446035027503967,
          -0.3282085061073303,
          -0.0018246456747874618,
          -37.359371185302734
        ],
        [
          -0.001969217089936137,
          0.00010812409891514108,
          0.9999980330467224,
          2.195915460586548
        ],
        [
          0.0,
          0.0,
          0.0,
          1.0
        ]
      ],
      "matrix_world_from_sensor_bevfusion": [
        [
          -0.3282076418399811,
          -0.94460529088974,
          -0.000748448190279305,
          103.617431640625
        ],
        [
          0.9446035027503967,
          -0.3282085061073303,
          0.0018246456747874618,
          37.359371185302734
        ],
        [
          -0.001969217089936137,
          -0.00010812409891514108,
          0.9999980330467224,
          2.195915460586548
        ],
        [
          0.0,
          0.0,
          0.0,
          1.0
        ]
      ],
      "matrix_ego_from_sensor_carla": [
        [
          1.0,
          -2.3922988034996706e-08,
          1.48067710870059e-10,
          -1.3113021850585938e-06
        ],
        [
          1.6118837820044973e-08,
          1.0,
          5.653531115479282e-11,
          -7.62939453125e-06
        ],
        [
          3.069322573878708e-11,
          4.842816425654206e-11,
          1.0,
          2.200000047683716
        ],
        [
          0.0,
          0.0,
          0.0,
          1.0
        ]
      ],
      "matrix_ego_from_sensor_bevfusion": [
        [
          1.0,
          2.3922988034996706e-08,
          1.48067710870059e-10,
          -1.3113021850585938e-06
        ],
        [
          -1.6118837820044973e-08,
          1.0,
          -5.653531115479282e-11,
          7.62939453125e-06
        ],
        [
          3.069322573878708e-11,
          -4.842816425654206e-11,
          1.0,
          2.200000047683716
        ],
        [
          0.0,
          0.0,
          0.0,
          1.0
        ]
      ],
      "data_path": "D:\\Agent-AI\\outputs\\s3a_ml_long_v1\\sample_000046\\lidar\\LIDAR_TOP.npy",
      "raw_layout": [
        "x",
        "y",
        "z",
        "intensity"
      ]
    },
    "RADAR_FRONT": {
      "type_id": "sensor.other.radar",
      "blueprint_attributes": {
        "sensor_tick": "0.100000",
        "role_name": "default",
        "noise_seed": "0",
        "ros_name": "sensor.other.radar",
        "horizontal_fov": "35.0",
        "points_per_second": "1500",
        "vertical_fov": "20.0",
        "range": "120.0"
      },
      "transform_carla": {
        "location": {
          "x": 102.96199035644531,
          "y": -39.24620819091797,
          "z": 0.8919796347618103
        },
        "rotation": {
          "roll": -0.006195066496729851,
          "pitch": -0.11282788962125778,
          "yaw": -109.16006469726562
        }
      },
      "matrix_world_from_sensor_carla": [
        [
          -0.3282076418399811,
          0.94460529088974,
          -0.000748448190279305,
          102.96199035644531
        ],
        [
          -0.9446035027503967,
          -0.3282085061073303,
          -0.0018246456747874618,
          -39.24620819091797
        ],
        [
          -0.001969217089936137,
          0.00010812409891514108,
          0.9999980330467224,
          0.8919796347618103
        ],
        [
          0.0,
          0.0,
          0.0,
          1.0
        ]
      ],
      "matrix_world_from_sensor_bevfusion": [
        [
          -0.3282076418399811,
          -0.94460529088974,
          -0.000748448190279305,
          102.96199035644531
        ],
        [
          0.9446035027503967,
          -0.3282085061073303,
          0.0018246456747874618,
          39.24620819091797
        ],
        [
          -0.001969217089936137,
          -0.00010812409891514108,
          0.9999980330467224,
          0.8919796347618103
        ],
        [
          0.0,
          0.0,
          0.0,
          1.0
        ]
      ],
      "matrix_ego_from_sensor_carla": [
        [
          1.0,
          -2.3922988034996706e-08,
          1.48067710870059e-10,
          1.9999977350234985
        ],
        [
          1.6118837820044973e-08,
          1.0,
          5.653531115479282e-11,
          -7.62939453125e-06
        ],
        [
          3.069322573878708e-11,
          4.842816425654206e-11,
          1.0,
          0.9000001549720764
        ],
        [
          0.0,
          0.0,
          0.0,
          1.0
        ]
      ],
      "matrix_ego_from_sensor_bevfusion": [
        [
          1.0,
          2.3922988034996706e-08,
          1.48067710870059e-10,
          1.9999977350234985
        ],
        [
          -1.6118837820044973e-08,
          1.0,
          -5.653531115479282e-11,
          7.62939453125e-06
        ],
        [
          3.069322573878708e-11,
          -4.842816425654206e-11,
          1.0,
          0.9000001549720764
        ],
        [
          0.0,
          0.0,
          0.0,
          1.0
        ]
      ],
      "data_path": "D:\\Agent-AI\\outputs\\s3a_ml_long_v1\\sample_000046\\radar\\RADAR_FRONT.npy",
      "raw_layout": [
        "velocity",
        "altitude",
        "azimuth",
        "depth"
      ]
    },
    "RADAR_FRONT_LEFT": {
      "type_id": "sensor.other.radar",
      "blueprint_attributes": {
        "sensor_tick": "0.100000",
        "role_name": "default",
        "noise_seed": "0",
        "ros_name": "sensor.other.radar",
        "horizontal_fov": "35.0",
        "points_per_second": "1500",
        "vertical_fov": "20.0",
        "range": "120.0"
      },
      "transform_carla": {
        "location": {
          "x": 102.368408203125,
          "y": -38.66944122314453,
          "z": 0.8925877809524536
        },
        "rotation": {
          "roll": 0.07539771497249603,
          "pitch": -0.08416158705949783,
          "yaw": -154.16014099121094
        }
      },
      "matrix_world_from_sensor_carla": [
        [
          -0.9000148177146912,
          0.4358586370944977,
          -0.0007484673988074064,
          102.368408203125
        ],
        [
          -0.43585681915283203,
          -0.9000141024589539,
          -0.0018245934043079615,
          -38.66944122314453
        ],
        [
          -0.0014688961673527956,
          -0.0013159365626052022,
          0.9999980330467224,
          0.8925877809524536
        ],
        [
          0.0,
          0.0,
          0.0,
          1.0
        ]
      ],
      "matrix_world_from_sensor_bevfusion": [
        [
          -0.9000148177146912,
          -0.4358586370944977,
          -0.0007484673988074064,
          102.368408203125
        ],
        [
          0.43585681915283203,
          -0.9000141024589539,
          0.0018245934043079615,
          38.66944122314453
        ],
        [
          -0.0014688961673527956,
          0.0013159365626052022,
          0.9999980330467224,
          0.8925877809524536
        ],
        [
          0.0,
          0.0,
          0.0,
          1.0
        ]
      ],
      "matrix_ego_from_sensor_carla": [
        [
          0.7071066498756409,
          0.7071069478988647,
          -4.292560262797451e-08,
          1.6500009298324585
        ],
        [
          -0.7071070075035095,
          0.7071065306663513,
          -3.52609639264756e-08,
          -0.75
        ],
        [
          5.479249498563377e-09,
          5.5362505690936814e-08,
          1.0,
          0.9000001549720764
        ],
        [
          0.0,
          0.0,
          0.0,
          1.0
        ]
      ],
      "matrix_ego_from_sensor_bevfusion": [
        [
          0.7071066498756409,
          -0.7071069478988647,
          -4.292560262797451e-08,
          1.6500009298324585
        ],
        [
          0.7071070075035095,
          0.7071065306663513,
          3.52609639264756e-08,
          0.75
        ],
        [
          5.479249498563377e-09,
          -5.5362505690936814e-08,
          1.0,
          0.9000001549720764
        ],
        [
          0.0,
          0.0,
          0.0,
          1.0
        ]
      ],
      "data_path": "D:\\Agent-AI\\outputs\\s3a_ml_long_v1\\sample_000046\\radar\\RADAR_FRONT_LEFT.npy",
      "raw_layout": [
        "velocity",
        "altitude",
        "azimuth",
        "depth"
      ]
    },
    "RADAR_FRONT_RIGHT": {
      "type_id": "sensor.other.radar",
      "blueprint_attributes": {
        "sensor_tick": "0.100000",
        "role_name": "default",
        "noise_seed": "0",
