{
  "schema_version": "stage1.v1",
  "sample_name": "sample_000015",
  "sequence_index": 15,
  "previous_sample_name": "sample_000014",
  "frame_id": 3935,
  "timestamp": 40.63108656927943,
  "platform_timestamp": 16816487.8052524,
  "delta_seconds": 0.10000000149011612,
  "town": "Carla/Maps/Town10HD_Opt",
  "weather": {
    "cloudiness": 20.0,
    "dust_storm": 0.0,
    "fog_density": 2.0,
    "fog_distance": 0.75,
    "fog_falloff": 0.10000000149011612,
    "mie_scattering_scale": 0.029999999329447746,
    "precipitation": 0.0,
    "precipitation_deposits": 0.0,
    "rayleigh_scattering_scale": 0.03310000151395798,
    "scattering_intensity": 1.0,
    "sun_altitude_angle": 45.0,
    "sun_azimuth_angle": 300.0,
    "wetness": 0.0,
    "wind_intensity": 10.0
  },
  "sensor_names": [
    "CAM_FRONT",
    "CAM_FRONT_RIGHT",
    "CAM_FRONT_LEFT",
    "CAM_BACK",
    "CAM_BACK_LEFT",
    "CAM_BACK_RIGHT",
    "LIDAR_TOP",
    "RADAR_FRONT",
    "RADAR_FRONT_LEFT",
    "RADAR_FRONT_RIGHT",
    "RADAR_BACK_LEFT",
    "RADAR_BACK_RIGHT"
  ],
  "camera_order_for_model": [
    "CAM_FRONT",
    "CAM_FRONT_RIGHT",
    "CAM_FRONT_LEFT",
    "CAM_BACK",
    "CAM_BACK_LEFT",
    "CAM_BACK_RIGHT"
  ],
  "radar_order_for_model": [
    "RADAR_FRONT",
    "RADAR_FRONT_LEFT",
    "RADAR_FRONT_RIGHT",
    "RADAR_BACK_LEFT",
    "RADAR_BACK_RIGHT"
  ],
  "coordinate_notes": {
    "carla_world": "left-handed x-forward y-right z-up",
    "bevfusion_lidar": "x-forward y-left z-up",
    "camera_frame_for_model": "OpenCV style x-right y-down z-forward"
  },
  "ego": {
    "actor_id": 24,
    "transform_carla": {
      "location": {
        "x": 109.32575225830078,
        "y": -29.059804916381836,
        "z": -0.005972022656351328
      },
      "rotation": {
        "roll": 0.27109217643737793,
        "pitch": 0.4386005699634552,
        "yaw": -96.66128540039062
      }
    },
    "velocity_carla": [
      -1.0817493200302124,
      -8.818532943725586,
      6.937980651855469e-05
    ],
    "angular_velocity_carla": [
      1.6341526508331299,
      -0.7228204607963562,
      -3.721791982650757
    ],
    "matrix_world_from_ego_carla": [
      [
        -0.11599626392126083,
        0.9932339191436768,
        0.005587454419583082,
        109.32575225830078
      ],
      [
        -0.9932200908660889,
        -0.11603434383869171,
        0.007054342422634363,
        -29.059804916381836
      ],
      [
        0.007654949091374874,
        -0.004731294699013233,
        0.9999594688415527,
        -0.005972022656351328
      ],
      [
        0.0,
        0.0,
        0.0,
        1.0
      ]
    ],
    "matrix_world_from_ego_bevfusion": [
      [
        -0.11599626392126083,
        -0.9932339191436768,
        0.005587454419583082,
        109.32575225830078
      ],
      [
        0.9932200908660889,
        -0.11603434383869171,
        -0.007054342422634363,
        29.059804916381836
      ],
      [
        0.007654949091374874,
        0.004731294699013233,
        0.9999594688415527,
        -0.005972022656351328
      ],
      [
        0.0,
        0.0,
        0.0,
        1.0
      ]
    ]
  },
  "sensors": {
    "CAM_FRONT": {
      "type_id": "sensor.camera.rgb",
      "blueprint_attributes": {
        "role_name": "front",
        "ros_name": "sensor.camera.rgb",
        "chromatic_aberration_offset": "0.0",
        "sensor_tick": "0.100000",
        "fstop": "1.4",
        "image_size_x": "960",
        "image_size_y": "540",
        "fov": "70.00",
        "lens_circle_falloff": "5.0",
        "lens_circle_multiplier": "0.0",
        "exposure_compensation": "0.0",
        "lens_y_size": "0.08",
        "lens_k": "-1.0",
        "exposure_mode": "histogram",
        "lens_kcube": "0.0",
        "lens_x_size": "0.08",
        "exposure_max_bright": "12.0",
        "shutter_speed": "200.0",
        "bloom_intensity": "0.675",
        "iso": "100.0",
        "enable_postprocess_effects": "false",
        "gamma": "2.2",
        "motion_blur_intensity": "0.0",
        "motion_blur_max_distortion": "0.35",
        "lens_flare_intensity": "0.1",
        "motion_blur_min_object_screen_size": "0.1",
        "exposure_min_bright": "10.0",
        "exposure_speed_up": "3.0",
        "exposure_speed_down": "1.0",
        "tint": "0.0",
        "calibration_constant": "16.0",
        "focal_distance": "1000.0",
        "min_fstop": "1.2",
        "blade_count": "5",
        "blur_amount": "0.0",
        "blur_radius": "0.0",
        "slope": "0.88",
        "toe": "0.55",
        "white_clip": "0.04",
        "shoulder": "0.26",
        "black_clip": "0.0",
        "temp": "6500.0",
        "chromatic_aberration_intensity": "0.0"
      },
      "transform_carla": {
        "location": {
          "x": 109.15545654296875,
          "y": -30.587303161621094,
          "z": 1.705824375152588
        },
        "rotation": {
          "roll": 0.27109217643737793,
          "pitch": 0.4386005699634552,
          "yaw": -96.66128540039062
        }
      },
      "matrix_world_from_sensor_carla": [
        [
          -0.11599626392126083,
          0.9932339191436768,
          0.005587454419583082,
          109.15545654296875
        ],
        [
          -0.9932200908660889,
          -0.11603434383869171,
          0.007054342422634363,
          -30.587303161621094
        ],
        [
          0.007654949091374874,
          -0.004731294699013233,
          0.9999594688415527,
          1.705824375152588
        ],
        [
          0.0,
          0.0,
          0.0,
          1.0
        ]
      ],
      "matrix_world_from_sensor_bevfusion": [
        [
          0.9932339191436768,
          -0.005587454419583082,
          -0.11599626392126083,
          109.15545654296875
        ],
        [
          0.11603434383869171,
          0.007054342422634363,
          0.9932200908660889,
          30.587303161621094
        ],
        [
          -0.004731294699013233,
          -0.9999594688415527,
          0.007654949091374874,
          1.705824375152588
        ],
        [
          0.0,
          0.0,
          0.0,
          1.0
        ]
      ],
      "matrix_ego_from_sensor_carla": [
        [
          1.0,
          -4.569945311061474e-09,
          -1.335560551041226e-10,
          1.5499992370605469
        ],
        [
          -3.5053790981010025e-09,
          1.0,
          -8.757639058387667e-11,
          -7.62939453125e-06
        ],
        [
          -1.4292794725534463e-10,
          9.605888307007149e-11,
          1.0,
          1.7000000476837158
        ],
        [
          0.0,
          0.0,
          0.0,
          1.0
        ]
      ],
      "matrix_ego_from_sensor_bevfusion": [
        [
          -4.569945311061474e-09,
          1.335560551041226e-10,
          1.0,
          1.5499992370605469
        ],
        [
          -1.0,
          -8.757639058387667e-11,
          3.5053790981010025e-09,
          7.62939453125e-06
        ],
        [
          9.605888307007149e-11,
          -1.0,
          -1.4292794725534463e-10,
          1.7000000476837158
        ],
        [
          0.0,
          0.0,
          0.0,
          1.0
        ]
      ],
      "camera_intrinsics": [
        [
          685.5110473632812,
          0.0,
          480.0
        ],
        [
          0.0,
          685.5110473632812,
          270.0
        ],
        [
          0.0,
          0.0,
          1.0
        ]
      ],
      "data_path": "D:\\Agent-AI\\outputs\\s3a_left_v3\\sample_000015\\images\\CAM_FRONT.png",
      "raw_layout": "bgra8"
    },
    "CAM_FRONT_RIGHT": {
      "type_id": "sensor.camera.rgb",
      "blueprint_attributes": {
        "role_name": "front",
        "ros_name": "sensor.camera.rgb",
        "chromatic_aberration_offset": "0.0",
        "sensor_tick": "0.100000",
        "fstop": "1.4",
        "image_size_x": "960",
        "image_size_y": "540",
        "fov": "70.00",
        "lens_circle_falloff": "5.0",
        "lens_circle_multiplier": "0.0",
        "exposure_compensation": "0.0",
        "lens_y_size": "0.08",
        "lens_k": "-1.0",
        "exposure_mode": "histogram",
        "lens_kcube": "0.0",
        "lens_x_size": "0.08",
        "exposure_max_bright": "12.0",
        "shutter_speed": "200.0",
        "bloom_intensity": "0.675",
        "iso": "100.0",
        "enable_postprocess_effects": "false",
        "gamma": "2.2",
        "motion_blur_intensity": "0.0",
        "motion_blur_max_distortion": "0.35",
        "lens_flare_intensity": "0.1",
        "motion_blur_min_object_screen_size": "0.1",
        "exposure_min_bright": "10.0",
        "exposure_speed_up": "3.0",
        "exposure_speed_down": "1.0",
        "tint": "0.0",
        "calibration_constant": "16.0",
        "focal_distance": "1000.0",
        "min_fstop": "1.2",
        "blade_count": "5",
        "blur_amount": "0.0",
        "blur_radius": "0.0",
        "slope": "0.88",
        "toe": "0.55",
        "white_clip": "0.04",
        "shoulder": "0.26",
        "black_clip": "0.0",
        "temp": "6500.0",
        "chromatic_aberration_intensity": "0.0"
      },
      "transform_carla": {
        "location": {
          "x": 109.73072814941406,
          "y": -30.402816772460938,
          "z": 1.7013083696365356
        },
        "rotation": {
          "roll": 0.5147709250450134,
          "pitch": 0.029506415128707886,
          "yaw": -41.66220474243164
        }
      },
      "matrix_world_from_sensor_carla": [
        [
          0.7470768094062805,
          0.6647143363952637,
          0.0055875033140182495,
          109.73072814941406
        ],
        [
          -0.6647376418113708,
          0.7470436096191406,
          0.007054298184812069,
          -30.402816772460938
        ],
        [
          0.0005149840726517141,
          -0.00898432545363903,
          0.9999595284461975,
          1.7013083696365356
        ],
        [
          0.0,
          0.0,
          0.0,
          1.0
        ]
      ],
      "matrix_world_from_sensor_bevfusion": [
        [
          0.6647143363952637,
          -0.0055875033140182495,
          0.7470768094062805,
          109.73072814941406
        ],
        [
          -0.7470436096191406,
          0.007054298184812069,
          0.6647376418113708,
          30.402816772460938
        ],
        [
          -0.00898432545363903,
          -0.9999595284461975,
          0.0005149840726517141,
          1.7013083696365356
        ],
        [
          0.0,
          0.0,
          0.0,
          1.0
        ]
      ],
      "matrix_ego_from_sensor_carla": [
        [
          0.5735766887664795,
          -0.8191519975662231,
          3.850693985896214e-08,
          1.2999992370605469
        ],
        [
          0.8191519975662231,
          0.5735765695571899,
          5.318146278909808e-08,
          0.54998779296875
        ],
        [
          -6.670984475931618e-08,
          1.3251294506133604e-09,
          1.0,
          1.7000000476837158
        ],
        [
          0.0,
          0.0,
          0.0,
          1.0
        ]
      ],
      "matrix_ego_from_sensor_bevfusion": [
        [
          -0.8191519975662231,
          -3.850693985896214e-08,
          0.5735766887664795,
          1.2999992370605469
        ],
        [
          -0.5735765695571899,
          5.318146278909808e-08,
          -0.8191519975662231,
          -0.54998779296875
        ],
        [
          1.3251294506133604e-09,
          -1.0,
          -6.670984475931618e-08,
          1.7000000476837158
        ],
        [
          0.0,
          0.0,
          0.0,
          1.0
        ]
      ],
      "camera_intrinsics": [
        [
          685.5110473632812,
          0.0,
          480.0
        ],
        [
          0.0,
          685.5110473632812,
          270.0
        ],
        [
          0.0,
          0.0,
          1.0
        ]
      ],
      "data_path": "D:\\Agent-AI\\outputs\\s3a_left_v3\\sample_000015\\images\\CAM_FRONT_RIGHT.png",
      "raw_layout": "bgra8"
    },
    "CAM_FRONT_LEFT": {
      "type_id": "sensor.camera.rgb",
      "blueprint_attributes": {
        "role_name": "front",
        "ros_name": "sensor.camera.rgb",
        "chromatic_aberration_offset": "0.0",
        "sensor_tick": "0.100000",
        "fstop": "1.4",
        "image_size_x": "960",
        "image_size_y": "540",
        "fov": "70.00",
        "lens_circle_falloff": "5.0",
        "lens_circle_multiplier": "0.0",
        "exposure_compensation": "0.0",
        "lens_y_size": "0.08",
        "lens_k": "-1.0",
        "exposure_mode": "histogram",
        "lens_kcube": "0.0",
        "lens_x_size": "0.08",
        "exposure_max_bright": "12.0",
        "shutter_speed": "200.0",
        "bloom_intensity": "0.675",
        "iso": "100.0",
        "enable_postprocess_effects": "false",
        "gamma": "2.2",
        "motion_blur_intensity": "0.0",
        "motion_blur_max_distortion": "0.35",
        "lens_flare_intensity": "0.1",
        "motion_blur_min_object_screen_size": "0.1",
        "exposure_min_bright": "10.0",
        "exposure_speed_up": "3.0",
        "exposure_speed_down": "1.0",
        "tint": "0.0",
        "calibration_constant": "16.0",
        "focal_distance": "1000.0",
        "min_fstop": "1.2",
        "blade_count": "5",
        "blur_amount": "0.0",
        "blur_radius": "0.0",
        "slope": "0.88",
        "toe": "0.55",
        "white_clip": "0.04",
        "shoulder": "0.26",
        "black_clip": "0.0",
        "temp": "6500.0",
        "chromatic_aberration_intensity": "0.0"
      },
      "transform_carla": {
        "location": {
          "x": 108.63816833496094,
          "y": -30.27518081665039,
          "z": 1.7065129280090332
        },
        "rotation": {
          "roll": -0.20379742980003357,
          "pitch": 0.4736326038837433,
          "yaw": -151.6631622314453
        }
      },
      "matrix_world_from_sensor_carla": [
        [
          -0.880142331123352,
          0.47467705607414246,
          0.005587459541857243,
          108.63816833496094
        ],
        [
          -0.4746379852294922,
          -0.8801528811454773,
          0.007054345216602087,
          -30.27518081665039
        ],
        [
          0.008266353979706764,
          0.0035568070597946644,
          0.9999595284461975,
          1.7065129280090332
        ],
        [
          0.0,
          0.0,
          0.0,
          1.0
        ]
      ],
      "matrix_world_from_sensor_bevfusion": [
        [
          0.47467705607414246,
          -0.005587459541857243,
          -0.880142331123352,
          108.63816833496094
        ],
        [
          0.8801528811454773,
          0.007054345216602087,
          0.4746379852294922,
          30.27518081665039
        ],
        [
          0.0035568070597946644,
          -0.9999595284461975,
          0.008266353979706764,
          1.7065129280090332
        ],
        [
          0.0,
          0.0,
          0.0,
          1.0
        ]
      ],
      "matrix_ego_from_sensor_carla": [
        [
          0.5735765695571899,
          0.8191521167755127,
          -2.9369144893820476e-09,
          1.3000011444091797
        ],
        [
          -0.8191519975662231,
          0.5735765099525452,
          4.287029398142295e-09,
          -0.5500106811523438
        ],
        [
          4.449227208880302e-09,
          -9.914931098364832e-10,
          1.0,
          1.7000000476837158
        ],
        [
          0.0,
          0.0,
          0.0,
          1.0
        ]
      ],
      "matrix_ego_from_sensor_bevfusion": [
        [
          0.8191521167755127,
          2.9369144893820476e-09,
          0.5735765695571899,
          1.3000011444091797
        ],
        [
          -0.5735765099525452,
          4.287029398142295e-09,
          0.8191519975662231,
          0.5500106811523438
        ],
        [
          -9.914931098364832e-10,
          -1.0,
          4.449227208880302e-09,
          1.7000000476837158
        ],
        [
          0.0,
          0.0,
          0.0,
          1.0
        ]
      ],
      "camera_intrinsics": [
        [
          685.5110473632812,
          0.0,
          480.0
        ],
        [
          0.0,
          685.5110473632812,
          270.0
        ],
        [
          0.0,
          0.0,
          1.0
        ]
      ],
      "data_path": "D:\\Agent-AI\\outputs\\s3a_left_v3\\sample_000015\\images\\CAM_FRONT_LEFT.png",
      "raw_layout": "bgra8"
    },
    "CAM_BACK": {
      "type_id": "sensor.camera.rgb",
      "blueprint_attributes": {
        "role_name": "front",
        "ros_name": "sensor.camera.rgb",
        "chromatic_aberration_offset": "0.0",
        "sensor_tick": "0.100000",
        "fstop": "1.4",
        "image_size_x": "960",
        "image_size_y": "540",
        "fov": "70.00",
        "lens_circle_falloff": "5.0",
        "lens_circle_multiplier": "0.0",
        "exposure_compensation": "0.0",
        "lens_y_size": "0.08",
        "lens_k": "-1.0",
        "exposure_mode": "histogram",
        "lens_kcube": "0.0",
        "lens_x_size": "0.08",
        "exposure_max_bright": "12.0",
        "shutter_speed": "200.0",
        "bloom_intensity": "0.675",
        "iso": "100.0",
        "enable_postprocess_effects": "false",
        "gamma": "2.2",
        "motion_blur_intensity": "0.0",
        "motion_blur_max_distortion": "0.35",
        "lens_flare_intensity": "0.1",
        "motion_blur_min_object_screen_size": "0.1",
        "exposure_min_bright": "10.0",
        "exposure_speed_up": "3.0",
        "exposure_speed_down": "1.0",
        "tint": "0.0",
        "calibration_constant": "16.0",
        "focal_distance": "1000.0",
        "min_fstop": "1.2",
        "blade_count": "5",
        "blur_amount": "0.0",
        "blur_radius": "0.0",
        "slope": "0.88",
        "toe": "0.55",
        "white_clip": "0.04",
        "shoulder": "0.26",
        "black_clip": "0.0",
        "temp": "6500.0",
        "chromatic_aberration_intensity": "0.0"
      },
      "transform_carla": {
        "location": {
          "x": 109.51504516601562,
          "y": -27.508319854736328,
          "z": 1.6820939779281616
        },
        "rotation": {
          "roll": -0.2710922360420227,
          "pitch": -0.4386005699634552,
          "yaw": 83.33871459960938
        }
      },
      "matrix_world_from_sensor_carla": [
        [
          0.11599618196487427,
          -0.9932339191436768,
          0.0055874548852443695,
          109.51504516601562
        ],
        [
          0.9932200908660889,
          0.11603426188230515,
          0.0070543428882956505,
          -27.508319854736328
        ],
        [
          -0.007654949091374874,
          0.004731295630335808,
          0.9999594688415527,
          1.6820939779281616
        ],
        [
          0.0,
          0.0,
          0.0,
          1.0
        ]
      ],
      "matrix_world_from_sensor_bevfusion": [
        [
          -0.9932339191436768,
          -0.0055874548852443695,
          0.11599618196487427,
          109.51504516601562
        ],
        [
          -0.11603426188230515,
          0.0070543428882956505,
          -0.9932200908660889,
          27.508319854736328
        ],
        [
          0.004731295630335808,
          -0.9999594688415527,
          -0.007654949091374874,
          1.6820939779281616
        ],
        [
          0.0,
          0.0,
          0.0,
          1.0
        ]
      ],
      "matrix_ego_from_sensor_carla": [
        [
          -1.0,
          8.598048850672058e-08,
          -5.992173424118619e-10,
          -1.550002098083496
        ],
        [
          -7.845100924441795e-08,
          -1.0,
          3.780848967238626e-10,
          -7.62939453125e-06
        ],
        [
          -3.227333400523946e-10,
          3.6956471216598175e-10,
          1.0,
          1.7000000476837158
        ],
        [
          0.0,
          0.0,
          0.0,
          1.0
        ]
      ],
      "matrix_ego_from_sensor_bevfusion": [
        [
          8.598048850672058e-08,
          5.992173424118619e-10,
          -1.0,
          -1.550002098083496
        ],
        [
          1.0,
          3.780848967238626e-10,
          7.845100924441795e-08,
          7.62939453125e-06
        ],
        [
          3.6956471216598175e-10,
          -1.0,
          -3.227333400523946e-10,
          1.7000000476837158
        ],
        [
          0.0,
          0.0,
          0.0,
          1.0
        ]
      ],
      "camera_intrinsics": [
        [
          685.5110473632812,
          0.0,
          480.0
        ],
        [
          0.0,
          685.5110473632812,
          270.0
        ],
        [
          0.0,
          0.0,
          1.0
        ]
      ],
      "data_path": "D:\\Agent-AI\\outputs\\s3a_left_v3\\sample_000015\\images\\CAM_BACK.png",
      "raw_layout": "bgra8"
    },
    "CAM_BACK_LEFT": {
      "type_id": "sensor.camera.rgb",
      "blueprint_attributes": {
        "role_name": "front",
        "ros_name": "sensor.camera.rgb",
        "chromatic_aberration_offset": "0.0",
        "sensor_tick": "0.100000",
        "fstop": "1.4",
        "image_size_x": "960",
        "image_size_y": "540",
        "fov": "70.00",
        "lens_circle_falloff": "5.0",
        "lens_circle_multiplier": "0.0",
        "exposure_compensation": "0.0",
        "lens_y_size": "0.08",
        "lens_k": "-1.0",
        "exposure_mode": "histogram",
        "lens_kcube": "0.0",
        "lens_x_size": "0.08",
        "exposure_max_bright": "12.0",
        "shutter_speed": "200.0",
        "bloom_intensity": "0.675",
        "iso": "100.0",
        "enable_postprocess_effects": "false",
        "gamma": "2.2",
        "motion_blur_intensity": "0.0",
        "motion_blur_max_distortion": "0.35",
        "lens_flare_intensity": "0.1",
        "motion_blur_min_object_screen_size": "0.1",
        "exposure_min_bright": "10.0",
        "exposure_speed_up": "3.0",
        "exposure_speed_down": "1.0",
        "tint": "0.0",
        "calibration_constant": "16.0",
        "focal_distance": "1000.0",
        "min_fstop": "1.2",
        "blade_count": "5",
        "blur_amount": "0.0",
        "blur_radius": "0.0",
        "slope": "0.88",
        "toe": "0.55",
        "white_clip": "0.04",
        "shoulder": "0.26",
        "black_clip": "0.0",
        "temp": "6500.0",
        "chromatic_aberration_intensity": "0.0"
      },
      "transform_carla": {
        "location": {
          "x": 108.93976593017578,
          "y": -27.692806243896484,
          "z": 1.6866098642349243
        },
        "rotation": {
          "roll": -0.5147708654403687,
          "pitch": -0.029506415128707886,
          "yaw": 138.33778381347656
        }
      },
      "matrix_world_from_sensor_carla": [
        [
          -0.7470765709877014,
          -0.6647145748138428,
          0.0055875047110021114,
          108.93976593017578
        ],
        [
          0.66473788022995,
          -0.7470433712005615,
          0.007054294925183058,
          -27.692806243896484
        ],
        [
          -0.0005149840726517141,
          0.008984324522316456,
          0.9999595284461975,
          1.6866098642349243
        ],
        [
          0.0,
          0.0,
          0.0,
          1.0
        ]
      ],
      "matrix_world_from_sensor_bevfusion": [
        [
          -0.6647145748138428,
          -0.0055875047110021114,
          -0.7470765709877014,
          108.93976593017578
        ],
        [
          0.7470433712005615,
          0.007054294925183058,
          -0.66473788022995,
          27.692806243896484
        ],
        [
          0.008984324522316456,
          -0.9999595284461975,
          -0.0005149840726517141,
          1.6866098642349243
        ],
        [
          0.0,
          0.0,
          0.0,
          1.0
        ]
      ],
      "matrix_ego_from_sensor_carla": [
        [
          -0.5735769271850586,
          0.819151759147644,
          4.1766568870116316e-08,
          -1.300002098083496
        ],
        [
          -0.819151759147644,
          -0.5735768675804138,
          5.5044107938329034e-08,
          -0.5500106811523438
        ],
        [
          6.979485078772996e-08,
          -2.256414388668304e-09,
          1.0,
          1.7000000476837158
        ],
        [
          0.0,
          0.0,
          0.0,
          1.0
        ]
      ],
      "matrix_ego_from_sensor_bevfusion": [
        [
          0.819151759147644,
          -4.1766568870116316e-08,
          -0.5735769271850586,
          -1.300002098083496
        ],
        [
          0.5735768675804138,
          5.5044107938329034e-08,
          0.819151759147644,
          0.5500106811523438
        ],
        [
          -2.256414388668304e-09,
          -1.0,
          6.979485078772996e-08,
          1.7000000476837158
        ],
        [
          0.0,
          0.0,
          0.0,
          1.0
        ]
      ],
      "camera_intrinsics": [
        [
          685.5110473632812,
          0.0,
          480.0
        ],
        [
          0.0,
          685.5110473632812,
          270.0
        ],
        [
          0.0,
          0.0,
          1.0
        ]
      ],
      "data_path": "D:\\Agent-AI\\outputs\\s3a_left_v3\\sample_000015\\images\\CAM_BACK_LEFT.png",
      "raw_layout": "bgra8"
    },
    "CAM_BACK_RIGHT": {
      "type_id": "sensor.camera.rgb",
      "blueprint_attributes": {
        "role_name": "front",
        "ros_name": "sensor.camera.rgb",
        "chromatic_aberration_offset": "0.0",
        "sensor_tick": "0.100000",
        "fstop": "1.4",
        "image_size_x": "960",
        "image_size_y": "540",
        "fov": "70.00",
        "lens_circle_falloff": "5.0",
        "lens_circle_multiplier": "0.0",
        "exposure_compensation": "0.0",
        "lens_y_size": "0.08",
        "lens_k": "-1.0",
        "exposure_mode": "histogram",
        "lens_kcube": "0.0",
        "lens_x_size": "0.08",
        "exposure_max_bright": "12.0",
        "shutter_speed": "200.0",
        "bloom_intensity": "0.675",
        "iso": "100.0",
        "enable_postprocess_effects": "false",
        "gamma": "2.2",
        "motion_blur_intensity": "0.0",
        "motion_blur_max_distortion": "0.35",
        "lens_flare_intensity": "0.1",
        "motion_blur_min_object_screen_size": "0.1",
        "exposure_min_bright": "10.0",
        "exposure_speed_up": "3.0",
        "exposure_speed_down": "1.0",
        "tint": "0.0",
        "calibration_constant": "16.0",
        "focal_distance": "1000.0",
        "min_fstop": "1.2",
        "blade_count": "5",
        "blur_amount": "0.0",
        "blur_radius": "0.0",
        "slope": "0.88",
        "toe": "0.55",
        "white_clip": "0.04",
        "shoulder": "0.26",
        "black_clip": "0.0",
        "temp": "6500.0",
        "chromatic_aberration_intensity": "0.0"
      },
      "transform_carla": {
        "location": {
          "x": 110.03231811523438,
          "y": -27.820444107055664,
          "z": 1.6814054250717163
        },
        "rotation": {
          "roll": 0.20379747450351715,
          "pitch": -0.4736326038837433,
          "yaw": 28.336814880371094
        }
      },
      "matrix_world_from_sensor_carla": [
        [
          0.8801425099372864,
          -0.4746766984462738,
          0.005587461404502392,
          110.03231811523438
        ],
        [
          0.47463762760162354,
          0.8801530599594116,
          0.007054343819618225,
          -27.820444107055664
        ],
        [
          -0.008266353979706764,
          -0.003556807991117239,
          0.9999595284461975,
          1.6814054250717163
        ],
        [
          0.0,
          0.0,
          0.0,
          1.0
        ]
      ],
      "matrix_world_from_sensor_bevfusion": [
        [
          -0.4746766984462738,
          -0.005587461404502392,
          0.8801425099372864,
          110.03231811523438
        ],
        [
          -0.8801530599594116,
          0.007054343819618225,
          -0.47463762760162354,
          27.820444107055664
        ],
        [
          -0.003556807991117239,
          -0.9999595284461975,
          -0.008266353979706764,
          1.6814054250717163
        ],
        [
          0.0,
          0.0,
          0.0,
          1.0
        ]
      ],
      "matrix_ego_from_sensor_carla": [
        [
          -0.5735762119293213,
          -0.819152295589447,
          -2.005591914766569e-09,
          -1.3000011444091797
        ],
        [
          0.8191522359848022,
          -0.5735761523246765,
          6.615335834680991e-09,
          0.54998779296875
        ],
        [
          -6.311872358111259e-09,
          3.5526679376118864e-09,
          1.0,
          1.7000000476837158
        ],
        [
          0.0,
          0.0,
          0.0,
          1.0
        ]
      ],
      "matrix_ego_from_sensor_bevfusion": [
        [
          -0.819152295589447,
          2.005591914766569e-09,
          -0.5735762119293213,
          -1.3000011444091797
        ],
        [
          0.5735761523246765,
          6.615335834680991e-09,
          -0.8191522359848022,
          -0.54998779296875
        ],
        [
          3.5526679376118864e-09,
          -1.0,
          -6.311872358111259e-09,
          1.7000000476837158
        ],
        [
          0.0,
          0.0,
          0.0,
          1.0
        ]
      ],
      "camera_intrinsics": [
        [
          685.5110473632812,
          0.0,
          480.0
        ],
        [
          0.0,
          685.5110473632812,
          270.0
        ],
        [
          0.0,
          0.0,
          1.0
        ]
      ],
      "data_path": "D:\\Agent-AI\\outputs\\s3a_left_v3\\sample_000015\\images\\CAM_BACK_RIGHT.png",
      "raw_layout": "bgra8"
    },
    "LIDAR_TOP": {
      "type_id": "sensor.lidar.ray_cast",
      "blueprint_attributes": {
        "atmosphere_attenuation_rate": "0.004",
        "role_name": "front",
        "noise_seed": "0",
        "upper_fov": "10.0",
        "ros_name": "sensor.lidar.ray_cast",
        "sensor_tick": "0.100000",
        "channels": "32",
        "range": "120.0",
        "points_per_second": "360000",
        "lower_fov": "-30.0",
        "rotation_frequency": "10.000000",
        "horizontal_fov": "360.0",
        "dropoff_general_rate": "0.0",
        "dropoff_intensity_limit": "1.0",
        "noise_stddev": "0.0",
        "dropoff_zero_intensity": "0.0"
      },
      "transform_carla": {
        "location": {
          "x": 109.33804321289062,
          "y": -29.04428482055664,
          "z": 2.193938970565796
        },
        "rotation": {
          "roll": 0.27109217643737793,
          "pitch": 0.4386005699634552,
          "yaw": -96.66128540039062
        }
      },
      "matrix_world_from_sensor_carla": [
        [
          -0.11599626392126083,
          0.9932339191436768,
          0.005587454419583082,
          109.33804321289062
        ],
        [
          -0.9932200908660889,
          -0.11603434383869171,
          0.007054342422634363,
          -29.04428482055664
        ],
        [
          0.007654949091374874,
          -0.004731294699013233,
          0.9999594688415527,
          2.193938970565796
        ],
        [
          0.0,
          0.0,
          0.0,
          1.0
        ]
      ],
      "matrix_world_from_sensor_bevfusion": [
        [
          -0.11599626392126083,
          -0.9932339191436768,
          0.005587454419583082,
          109.33804321289062
        ],
        [
          0.9932200908660889,
          -0.11603434383869171,
          -0.007054342422634363,
          29.04428482055664
        ],
        [
          0.007654949091374874,
          0.004731294699013233,
          0.9999594688415527,
          2.193938970565796
        ],
        [
          0.0,
          0.0,
          0.0,
          1.0
        ]
      ],
      "matrix_ego_from_sensor_carla": [
        [
          1.0,
          -4.569945311061474e-09,
          -1.335560551041226e-10,
          -1.9073486328125e-06
        ],
        [
          -3.5053790981010025e-09,
          1.0,
          -8.757639058387667e-11,
          -1.52587890625e-05
        ],
        [
          -1.4292794725534463e-10,
          9.605888307007149e-11,
          1.0,
          2.200000047683716
        ],
        [
          0.0,
          0.0,
          0.0,
          1.0
        ]
      ],
      "matrix_ego_from_sensor_bevfusion": [
        [
          1.0,
          4.569945311061474e-09,
          -1.335560551041226e-10,
          -1.9073486328125e-06
        ],
        [
          3.5053790981010025e-09,
          1.0,
          8.757639058387667e-11,
          1.52587890625e-05
        ],
        [
          -1.4292794725534463e-10,
          -9.605888307007149e-11,
          1.0,
          2.200000047683716
        ],
        [
          0.0,
          0.0,
          0.0,
          1.0
        ]
      ],
      "data_path": "D:\\Agent-AI\\outputs\\s3a_left_v3\\sample_000015\\lidar\\LIDAR_TOP.npy",
      "raw_layout": [
        "x",
        "y",
        "z",
        "intensity"
      ]
    },
    "RADAR_FRONT": {
      "type_id": "sensor.other.radar",
      "blueprint_attributes": {
        "sensor_tick": "0.100000",
        "role_name": "default",
        "noise_seed": "0",
        "ros_name": "sensor.other.radar",
        "horizontal_fov": "35.0",
        "points_per_second": "1500",
        "vertical_fov": "20.0",
        "range": "120.0"
      },
      "transform_carla": {
        "location": {
          "x": 109.09878540039062,
          "y": -31.039894104003906,
          "z": 0.9093014597892761
        },
        "rotation": {
          "roll": 0.27109217643737793,
          "pitch": 0.4386005699634552,
          "yaw": -96.66128540039062
        }
      },
      "matrix_world_from_sensor_carla": [
        [
          -0.11599626392126083,
          0.9932339191436768,
          0.005587454419583082,
          109.09878540039062
        ],
        [
          -0.9932200908660889,
          -0.11603434383869171,
          0.007054342422634363,
          -31.039894104003906
        ],
        [
          0.007654949091374874,
          -0.004731294699013233,
          0.9999594688415527,
          0.9093014597892761
        ],
        [
          0.0,
          0.0,
          0.0,
          1.0
        ]
      ],
      "matrix_world_from_sensor_bevfusion": [
        [
          -0.11599626392126083,
          -0.9932339191436768,
          0.005587454419583082,
          109.09878540039062
        ],
        [
          0.9932200908660889,
          -0.11603434383869171,
          -0.007054342422634363,
          31.039894104003906
        ],
        [
          0.007654949091374874,
          0.004731294699013233,
          0.9999594688415527,
          0.9093014597892761
        ],
        [
          0.0,
          0.0,
          0.0,
          1.0
        ]
      ],
      "matrix_ego_from_sensor_carla": [
        [
          1.0,
          -4.569945311061474e-09,
          -1.335560551041226e-10,
          1.9999961853027344
        ],
        [
          -3.5053790981010025e-09,
          1.0,
          -8.757639058387667e-11,
          -1.52587890625e-05
        ],
        [
          -1.4292794725534463e-10,
          9.605888307007149e-11,
          1.0,
          0.9000000953674316
        ],
        [
          0.0,
          0.0,
          0.0,
          1.0
        ]
      ],
      "matrix_ego_from_sensor_bevfusion": [
        [
          1.0,
          4.569945311061474e-09,
          -1.335560551041226e-10,
          1.9999961853027344
        ],
        [
          3.5053790981010025e-09,
          1.0,
          8.757639058387667e-11,
          1.52587890625e-05
        ],
        [
          -1.4292794725534463e-10,
          -9.605888307007149e-11,
          1.0,
          0.9000000953674316
        ],
        [
          0.0,
          0.0,
          0.0,
          1.0
        ]
      ],
      "data_path": "D:\\Agent-AI\\outputs\\s3a_left_v3\\sample_000015\\radar\\RADAR_FRONT.npy",
      "raw_layout": [
        "velocity",
        "altitude",
        "azimuth",
        "depth"
      ]
    },
    "RADAR_FRONT_LEFT": {
      "type_id": "sensor.other.radar",
      "blueprint_attributes": {
        "sensor_tick": "0.100000",
        "role_name": "default",
        "noise_seed": "0",
        "ros_name": "sensor.other.radar",
        "horizontal_fov": "35.0",
        "points_per_second": "1500",
        "vertical_fov": "20.0",
        "range": "120.0"
      },
      "transform_carla": {
        "location": {
          "x": 108.39446258544922,
          "y": -30.605243682861328,
          "z": 0.9101705551147461
        },
        "rotation": {
          "roll": -0.1184542179107666,
          "pitch": 0.5018276572227478,
          "yaw": -141.66285705566406
        }
      },
      "matrix_world_from_sensor_carla": [
        [
          -0.7843442559242249,
          0.6203005909919739,
          0.005587483290582895,
          108.39446258544922
        ],
        [
          -0.620263934135437,
          -0.7843614816665649,
          0.007054364308714867,
          -30.605243682861328
        ],
        [
          0.008758433163166046,
          0.0020673354156315327,
          0.9999594688415527,
          0.9101705551147461
        ],
        [
          0.0,
          0.0,
          0.0,
          1.0
        ]
      ],
      "matrix_world_from_sensor_bevfusion": [
        [
          -0.7843442559242249,
          -0.6203005909919739,
          0.005587483290582895,
          108.39446258544922
        ],
        [
          0.620263934135437,
          -0.7843614816665649,
          -0.007054364308714867,
          30.605243682861328
        ],
        [
          0.008758433163166046,
          -0.0020673354156315327,
          0.9999594688415527,
          0.9101705551147461
        ],
        [
          0.0,
          0.0,
          0.0,
          1.0
        ]
      ],
      "matrix_ego_from_sensor_carla": [
        [
          0.7071067690849304,
          0.7071069478988647,
          -2.5279264903588228e-08,
          1.6499996185302734
        ],
        [
          -0.7071068286895752,
          0.7071067094802856,
          2.5989455920694127e-08,
          -0.75
        ],
        [
          3.575675933120692e-08,
          -2.1775512504262906e-09,
          1.0,
          0.8999998569488525
        ],
        [
          0.0,
          0.0,
          0.0,
          1.0
        ]
      ],
      "matrix_ego_from_sensor_bevfusion": [
        [
          0.7071067690849304,
          -0.7071069478988647,
          -2.5279264903588228e-08,
          1.6499996185302734
        ],
        [
          0.7071068286895752,
          0.7071067094802856,
          -2.5989455920694127e-08,
          0.75
        ],
        [
          3.575675933120692e-08,
          2.1775512504262906e-09,
          1.0,
          0.8999998569488525
        ],
        [
          0.0,
          0.0,
          0.0,
          1.0
        ]
      ],
      "data_path": "D:\\Agent-AI\\outputs\\s3a_left_v3\\sample_000015\\radar\\RADAR_FRONT_LEFT.npy",
      "raw_layout": [
        "velocity",
        "altitude",
        "azimuth",
        "depth"
      ]
    },
    "RADAR_FRONT_RIGHT": {
      "type_id": "sensor.other.radar",
      "blueprint_attributes": {
        "sensor_tick": "0.100000",
        "role_name": "default",
        "noise_seed": "0",
        "ros_name": "sensor.other.radar",
        "horizontal_fov": "35.0",
        "points_per_second": "1500",
