{
  "schema_version": "stage1.v1",
  "sample_name": "sample_000041",
  "sequence_index": 41,
  "previous_sample_name": "sample_000040",
  "frame_id": 3961,
  "timestamp": 43.23108660802245,
  "platform_timestamp": 16816500.6903891,
  "delta_seconds": 0.10000000149011612,
  "town": "Carla/Maps/Town10HD_Opt",
  "weather": {
    "cloudiness": 20.0,
    "dust_storm": 0.0,
    "fog_density": 2.0,
    "fog_distance": 0.75,
    "fog_falloff": 0.10000000149011612,
    "mie_scattering_scale": 0.029999999329447746,
    "precipitation": 0.0,
    "precipitation_deposits": 0.0,
    "rayleigh_scattering_scale": 0.03310000151395798,
    "scattering_intensity": 1.0,
    "sun_altitude_angle": 45.0,
    "sun_azimuth_angle": 300.0,
    "wetness": 0.0,
    "wind_intensity": 10.0
  },
  "sensor_names": [
    "CAM_FRONT",
    "CAM_FRONT_RIGHT",
    "CAM_FRONT_LEFT",
    "CAM_BACK",
    "CAM_BACK_LEFT",
    "CAM_BACK_RIGHT",
    "LIDAR_TOP",
    "RADAR_FRONT",
    "RADAR_FRONT_LEFT",
    "RADAR_FRONT_RIGHT",
    "RADAR_BACK_LEFT",
    "RADAR_BACK_RIGHT"
  ],
  "camera_order_for_model": [
    "CAM_FRONT",
    "CAM_FRONT_RIGHT",
    "CAM_FRONT_LEFT",
    "CAM_BACK",
    "CAM_BACK_LEFT",
    "CAM_BACK_RIGHT"
  ],
  "radar_order_for_model": [
    "RADAR_FRONT",
    "RADAR_FRONT_LEFT",
    "RADAR_FRONT_RIGHT",
    "RADAR_BACK_LEFT",
    "RADAR_BACK_RIGHT"
  ],
  "coordinate_notes": {
    "carla_world": "left-handed x-forward y-right z-up",
    "bevfusion_lidar": "x-forward y-left z-up",
    "camera_frame_for_model": "OpenCV style x-right y-down z-forward"
  },
  "ego": {
    "actor_id": 24,
    "transform_carla": {
      "location": {
        "x": 107.10187530517578,
        "y": -37.96990203857422,
        "z": -0.004161147866398096
      },
      "rotation": {
        "roll": 0.07083483040332794,
        "pitch": -0.09155184775590897,
        "yaw": -108.6897201538086
      }
    },
    "velocity_carla": [
      -1.0184321403503418,
      -2.7308154106140137,
      2.651214572324534e-06
    ],
    "angular_velocity_carla": [
      0.6195878386497498,
      -0.41672512888908386,
      -3.3037118911743164
    ],
    "matrix_world_from_ego_carla": [
      [
        -0.32044267654418945,
        0.9472677111625671,
        0.0006590784178115427,
        107.10187530517578
      ],
      [
        -0.9472665786743164,
        -0.32044094800949097,
        -0.0019097835756838322,
        -37.96990203857422
      ],
      [
        -0.001597880502231419,
        -0.0012362991692498326,
        0.9999979734420776,
        -0.004161147866398096
      ],
      [
        0.0,
        0.0,
        0.0,
        1.0
      ]
    ],
    "matrix_world_from_ego_bevfusion": [
      [
        -0.32044267654418945,
        -0.9472677111625671,
        0.0006590784178115427,
        107.10187530517578
      ],
      [
        0.9472665786743164,
        -0.32044094800949097,
        0.0019097835756838322,
        37.96990203857422
      ],
      [
        -0.001597880502231419,
        0.0012362991692498326,
        0.9999979734420776,
        -0.004161147866398096
      ],
      [
        0.0,
        0.0,
        0.0,
        1.0
      ]
    ]
  },
  "sensors": {
    "CAM_FRONT": {
      "type_id": "sensor.camera.rgb",
      "blueprint_attributes": {
        "role_name": "front",
        "ros_name": "sensor.camera.rgb",
        "chromatic_aberration_offset": "0.0",
        "sensor_tick": "0.100000",
        "fstop": "1.4",
        "image_size_x": "960",
        "image_size_y": "540",
        "fov": "70.00",
        "lens_circle_falloff": "5.0",
        "lens_circle_multiplier": "0.0",
        "exposure_compensation": "0.0",
        "lens_y_size": "0.08",
        "lens_k": "-1.0",
        "exposure_mode": "histogram",
        "lens_kcube": "0.0",
        "lens_x_size": "0.08",
        "exposure_max_bright": "12.0",
        "shutter_speed": "200.0",
        "bloom_intensity": "0.675",
        "iso": "100.0",
        "enable_postprocess_effects": "false",
        "gamma": "2.2",
        "motion_blur_intensity": "0.0",
        "motion_blur_max_distortion": "0.35",
        "lens_flare_intensity": "0.1",
        "motion_blur_min_object_screen_size": "0.1",
        "exposure_min_bright": "10.0",
        "exposure_speed_up": "3.0",
        "exposure_speed_down": "1.0",
        "tint": "0.0",
        "calibration_constant": "16.0",
        "focal_distance": "1000.0",
        "min_fstop": "1.2",
        "blade_count": "5",
        "blur_amount": "0.0",
        "blur_radius": "0.0",
        "slope": "0.88",
        "toe": "0.55",
        "white_clip": "0.04",
        "shoulder": "0.26",
        "black_clip": "0.0",
        "temp": "6500.0",
        "chromatic_aberration_intensity": "0.0"
      },
      "transform_carla": {
        "location": {
          "x": 106.60630798339844,
          "y": -39.44141387939453,
          "z": 1.6933587789535522
        },
        "rotation": {
          "roll": 0.07083483040332794,
          "pitch": -0.09155184775590897,
          "yaw": -108.6897201538086
        }
      },
      "matrix_world_from_sensor_carla": [
        [
          -0.32044267654418945,
          0.9472677111625671,
          0.0006590784178115427,
          106.60630798339844
        ],
        [
          -0.9472665786743164,
          -0.32044094800949097,
          -0.0019097835756838322,
          -39.44141387939453
        ],
        [
          -0.001597880502231419,
          -0.0012362991692498326,
          0.9999979734420776,
          1.6933587789535522
        ],
        [
          0.0,
          0.0,
          0.0,
          1.0
        ]
      ],
      "matrix_world_from_sensor_bevfusion": [
        [
          0.9472677111625671,
          -0.0006590784178115427,
          -0.32044267654418945,
          106.60630798339844
        ],
        [
          0.32044094800949097,
          -0.0019097835756838322,
          0.9472665786743164,
          39.44141387939453
        ],
        [
          -0.0012362991692498326,
          -0.9999979734420776,
          -0.001597880502231419,
          1.6933587789535522
        ],
        [
          0.0,
          0.0,
          0.0,
          1.0
        ]
      ],
      "matrix_ego_from_sensor_carla": [
        [
          1.0,
          7.579876282193254e-09,
          9.498370145966106e-11,
          1.5500012636184692
        ],
        [
          7.579690652903537e-09,
          1.0,
          -5.570544026056723e-11,
          0.0
        ],
        [
          -2.143162036727375e-11,
          -5.5705204338174497e-11,
          1.0,
          1.7000001668930054
        ],
        [
          0.0,
          0.0,
          0.0,
          1.0
        ]
      ],
      "matrix_ego_from_sensor_bevfusion": [
        [
          7.579876282193254e-09,
          -9.498370145966106e-11,
          1.0,
          1.5500012636184692
        ],
        [
          -1.0,
          -5.570544026056723e-11,
          -7.579690652903537e-09,
          0.0
        ],
        [
          -5.5705204338174497e-11,
          -1.0,
          -2.143162036727375e-11,
          1.7000001668930054
        ],
        [
          0.0,
          0.0,
          0.0,
          1.0
        ]
      ],
      "camera_intrinsics": [
        [
          685.5110473632812,
          0.0,
          480.0
        ],
        [
          0.0,
          685.5110473632812,
          270.0
        ],
        [
          0.0,
          0.0,
          1.0
        ]
      ],
      "data_path": "D:\\Agent-AI\\outputs\\s3a_left_v3\\sample_000041\\images\\CAM_FRONT.png",
      "raw_layout": "bgra8"
    },
    "CAM_FRONT_RIGHT": {
      "type_id": "sensor.camera.rgb",
      "blueprint_attributes": {
        "role_name": "front",
        "ros_name": "sensor.camera.rgb",
        "chromatic_aberration_offset": "0.0",
        "sensor_tick": "0.100000",
        "fstop": "1.4",
        "image_size_x": "960",
        "image_size_y": "540",
        "fov": "70.00",
        "lens_circle_falloff": "5.0",
        "lens_circle_multiplier": "0.0",
        "exposure_compensation": "0.0",
        "lens_y_size": "0.08",
        "lens_k": "-1.0",
        "exposure_mode": "histogram",
        "lens_kcube": "0.0",
        "lens_x_size": "0.08",
        "exposure_max_bright": "12.0",
        "shutter_speed": "200.0",
        "bloom_intensity": "0.675",
        "iso": "100.0",
        "enable_postprocess_effects": "false",
        "gamma": "2.2",
        "motion_blur_intensity": "0.0",
        "motion_blur_max_distortion": "0.35",
        "lens_flare_intensity": "0.1",
        "motion_blur_min_object_screen_size": "0.1",
        "exposure_min_bright": "10.0",
        "exposure_speed_up": "3.0",
        "exposure_speed_down": "1.0",
        "tint": "0.0",
        "calibration_constant": "16.0",
        "focal_distance": "1000.0",
        "min_fstop": "1.2",
        "blade_count": "5",
        "blur_amount": "0.0",
        "blur_radius": "0.0",
        "slope": "0.88",
        "toe": "0.55",
        "white_clip": "0.04",
        "shoulder": "0.26",
        "black_clip": "0.0",
        "temp": "6500.0",
        "chromatic_aberration_intensity": "0.0"
      },
      "transform_carla": {
        "location": {
          "x": 107.2074203491211,
          "y": -39.380836486816406,
          "z": 1.6930779218673706
        },
        "rotation": {
          "roll": -0.03436649218201637,
          "pitch": -0.11053294688463211,
          "yaw": -53.689640045166016
        }
      },
      "matrix_world_from_sensor_carla": [
        [
          0.592157781124115,
          0.8058217763900757,
          0.0006590322009287775,
          107.2074203491211
        ],
        [
          -0.8058197498321533,
          0.592157781124115,
          -0.0019097418989986181,
          -39.380836486816406
        ],
        [
          -0.0019291626522317529,
          0.0005998072447255254,
          0.9999979734420776,
          1.6930779218673706
        ],
        [
          0.0,
          0.0,
          0.0,
          1.0
        ]
      ],
      "matrix_world_from_sensor_bevfusion": [
        [
          0.8058217763900757,
          -0.0006590322009287775,
          0.592157781124115,
          107.2074203491211
        ],
        [
          -0.592157781124115,
          -0.0019097418989986181,
          0.8058197498321533,
          39.380836486816406
        ],
        [
          0.0005998072447255254,
          -0.9999979734420776,
          -0.0019291626522317529,
          1.6930779218673706
        ],
        [
          0.0,
          0.0,
          0.0,
          1.0
        ]
      ],
      "matrix_ego_from_sensor_carla": [
        [
          0.5735766291618347,
          -0.8191518783569336,
          -2.458506465075061e-08,
          1.2999995946884155
        ],
        [
          0.8191519379615784,
          0.5735765695571899,
          -5.709921424568165e-08,
          0.5500030517578125
        ],
        [
          6.106948546857893e-08,
          1.2696086848507093e-08,
          1.0,
          1.6999998092651367
        ],
        [
          0.0,
          0.0,
          0.0,
          1.0
        ]
      ],
      "matrix_ego_from_sensor_bevfusion": [
        [
          -0.8191518783569336,
          2.458506465075061e-08,
          0.5735766291618347,
          1.2999995946884155
        ],
        [
          -0.5735765695571899,
          -5.709921424568165e-08,
          -0.8191519379615784,
          -0.5500030517578125
        ],
        [
          1.2696086848507093e-08,
          -1.0,
          6.106948546857893e-08,
          1.6999998092651367
        ],
        [
          0.0,
          0.0,
          0.0,
          1.0
        ]
      ],
      "camera_intrinsics": [
        [
          685.5110473632812,
          0.0,
          480.0
        ],
        [
          0.0,
          685.5110473632812,
          270.0
        ],
        [
          0.0,
          0.0,
          1.0
        ]
      ],
      "data_path": "D:\\Agent-AI\\outputs\\s3a_left_v3\\sample_000041\\images\\CAM_FRONT_RIGHT.png",
      "raw_layout": "bgra8"
    },
    "CAM_FRONT_LEFT": {
      "type_id": "sensor.camera.rgb",
      "blueprint_attributes": {
        "role_name": "front",
        "ros_name": "sensor.camera.rgb",
        "chromatic_aberration_offset": "0.0",
        "sensor_tick": "0.100000",
        "fstop": "1.4",
        "image_size_x": "960",
        "image_size_y": "540",
        "fov": "70.00",
        "lens_circle_falloff": "5.0",
        "lens_circle_multiplier": "0.0",
        "exposure_compensation": "0.0",
        "lens_y_size": "0.08",
        "lens_k": "-1.0",
        "exposure_mode": "histogram",
        "lens_kcube": "0.0",
        "lens_x_size": "0.08",
        "exposure_max_bright": "12.0",
        "shutter_speed": "200.0",
        "bloom_intensity": "0.675",
        "iso": "100.0",
        "enable_postprocess_effects": "false",
        "gamma": "2.2",
        "motion_blur_intensity": "0.0",
        "motion_blur_max_distortion": "0.35",
        "lens_flare_intensity": "0.1",
        "motion_blur_min_object_screen_size": "0.1",
        "exposure_min_bright": "10.0",
        "exposure_speed_up": "3.0",
        "exposure_speed_down": "1.0",
        "tint": "0.0",
        "calibration_constant": "16.0",
        "focal_distance": "1000.0",
        "min_fstop": "1.2",
        "blade_count": "5",
        "blur_amount": "0.0",
        "blur_radius": "0.0",
        "slope": "0.88",
        "toe": "0.55",
        "white_clip": "0.04",
        "shoulder": "0.26",
        "black_clip": "0.0",
        "temp": "6500.0",
        "chromatic_aberration_intensity": "0.0"
      },
      "transform_carla": {
        "location": {
          "x": 106.16542053222656,
          "y": -39.02835464477539,
          "z": 1.694438099861145
        },
        "rotation": {
          "roll": 0.11562477052211761,
          "pitch": 0.005511962343007326,
          "yaw": -163.6896209716797
        }
      },
      "matrix_world_from_sensor_carla": [
        [
          -0.959754467010498,
          0.28083980083465576,
          0.0006590750417672098,
          106.16542053222656
        ],
        [
          -0.28084054589271545,
          -0.9597525596618652,
          -0.0019097973126918077,
          -39.02835464477539
        ],
        [
          9.620188939152285e-05,
          -0.002018031431362033,
          0.9999979734420776,
          1.694438099861145
        ],
        [
          0.0,
          0.0,
          0.0,
          1.0
        ]
      ],
      "matrix_world_from_sensor_bevfusion": [
        [
          0.28083980083465576,
          -0.0006590750417672098,
          -0.959754467010498,
          106.16542053222656
        ],
        [
          0.9597525596618652,
          -0.0019097973126918077,
          0.28084054589271545,
          39.02835464477539
        ],
        [
          -0.002018031431362033,
          -0.9999979734420776,
          9.620188939152285e-05,
          1.694438099861145
        ],
        [
          0.0,
          0.0,
          0.0,
          1.0
        ]
      ],
      "matrix_ego_from_sensor_carla": [
        [
          0.5735769271850586,
          0.8191516995429993,
          1.4181237517618683e-08,
          1.3000036478042603
        ],
        [
          -0.8191516399383545,
          0.5735769867897034,
          1.2248630998357157e-09,
          -0.5500030517578125
        ],
        [
          -7.2380856863674126e-09,
          -1.2208487554232761e-08,
          1.0,
          1.7000000476837158
        ],
        [
          0.0,
          0.0,
          0.0,
          1.0
        ]
      ],
      "matrix_ego_from_sensor_bevfusion": [
        [
          0.8191516995429993,
          -1.4181237517618683e-08,
          0.5735769271850586,
          1.3000036478042603
        ],
        [
          -0.5735769867897034,
          1.2248630998357157e-09,
          0.8191516399383545,
          0.5500030517578125
        ],
        [
          -1.2208487554232761e-08,
          -1.0,
          -7.2380856863674126e-09,
          1.7000000476837158
        ],
        [
          0.0,
          0.0,
          0.0,
          1.0
        ]
      ],
      "camera_intrinsics": [
        [
          685.5110473632812,
          0.0,
          480.0
        ],
        [
          0.0,
          685.5110473632812,
          270.0
        ],
        [
          0.0,
          0.0,
          1.0
        ]
      ],
      "data_path": "D:\\Agent-AI\\outputs\\s3a_left_v3\\sample_000041\\images\\CAM_FRONT_LEFT.png",
      "raw_layout": "bgra8"
    },
    "CAM_BACK": {
      "type_id": "sensor.camera.rgb",
      "blueprint_attributes": {
        "role_name": "front",
        "ros_name": "sensor.camera.rgb",
        "chromatic_aberration_offset": "0.0",
        "sensor_tick": "0.100000",
        "fstop": "1.4",
        "image_size_x": "960",
        "image_size_y": "540",
        "fov": "70.00",
        "lens_circle_falloff": "5.0",
        "lens_circle_multiplier": "0.0",
        "exposure_compensation": "0.0",
        "lens_y_size": "0.08",
        "lens_k": "-1.0",
        "exposure_mode": "histogram",
        "lens_kcube": "0.0",
        "lens_x_size": "0.08",
        "exposure_max_bright": "12.0",
        "shutter_speed": "200.0",
        "bloom_intensity": "0.675",
        "iso": "100.0",
        "enable_postprocess_effects": "false",
        "gamma": "2.2",
        "motion_blur_intensity": "0.0",
        "motion_blur_max_distortion": "0.35",
        "lens_flare_intensity": "0.1",
        "motion_blur_min_object_screen_size": "0.1",
        "exposure_min_bright": "10.0",
        "exposure_speed_up": "3.0",
        "exposure_speed_down": "1.0",
        "tint": "0.0",
        "calibration_constant": "16.0",
        "focal_distance": "1000.0",
        "min_fstop": "1.2",
        "blade_count": "5",
        "blur_amount": "0.0",
        "blur_radius": "0.0",
        "slope": "0.88",
        "toe": "0.55",
        "white_clip": "0.04",
        "shoulder": "0.26",
        "black_clip": "0.0",
        "temp": "6500.0",
        "chromatic_aberration_intensity": "0.0"
      },
      "transform_carla": {
        "location": {
          "x": 107.59967803955078,
          "y": -36.5048828125,
          "z": 1.6983120441436768
        },
        "rotation": {
          "roll": -0.07083477824926376,
          "pitch": 0.09155184775590897,
          "yaw": 71.31029510498047
        }
      },
      "matrix_world_from_sensor_carla": [
        [
          0.3204423785209656,
          -0.9472678303718567,
          0.00065907824318856,
          107.59967803955078
        ],
        [
          0.947266697883606,
          0.3204406499862671,
          -0.001909782993607223,
          -36.5048828125
        ],
        [
          0.001597880502231419,
          0.001236298237927258,
          0.9999979734420776,
          1.6983120441436768
        ],
        [
          0.0,
          0.0,
          0.0,
          1.0
        ]
      ],
      "matrix_world_from_sensor_bevfusion": [
        [
          -0.9472678303718567,
          -0.00065907824318856,
          0.3204423785209656,
          107.59967803955078
        ],
        [
          -0.3204406499862671,
          -0.001909782993607223,
          -0.947266697883606,
          36.5048828125
        ],
        [
          0.001236298237927258,
          -0.9999979734420776,
          0.001597880502231419,
          1.6983120441436768
        ],
        [
          0.0,
          0.0,
          0.0,
          1.0
        ]
      ],
      "matrix_ego_from_sensor_carla": [
        [
          -1.0,
          3.045313121674553e-07,
          -4.870929215528008e-10,
          -1.5500017404556274
        ],
        [
          -3.140000615076133e-07,
          -1.0,
          -4.0495140574137167e-10,
          0.0
        ],
        [
          -4.442296530626777e-10,
          -4.099541817126351e-10,
          1.0,
          1.7000000476837158
        ],
        [
          0.0,
          0.0,
          0.0,
          1.0
        ]
      ],
      "matrix_ego_from_sensor_bevfusion": [
        [
          3.045313121674553e-07,
          4.870929215528008e-10,
          -1.0,
          -1.5500017404556274
        ],
        [
          1.0,
          -4.0495140574137167e-10,
          3.140000615076133e-07,
          0.0
        ],
        [
          -4.099541817126351e-10,
          -1.0,
          -4.442296530626777e-10,
          1.7000000476837158
        ],
        [
          0.0,
          0.0,
          0.0,
          1.0
        ]
      ],
      "camera_intrinsics": [
        [
          685.5110473632812,
          0.0,
          480.0
        ],
        [
          0.0,
          685.5110473632812,
          270.0
        ],
        [
          0.0,
          0.0,
          1.0
        ]
      ],
      "data_path": "D:\\Agent-AI\\outputs\\s3a_left_v3\\sample_000041\\images\\CAM_BACK.png",
      "raw_layout": "bgra8"
    },
    "CAM_BACK_LEFT": {
      "type_id": "sensor.camera.rgb",
      "blueprint_attributes": {
        "role_name": "front",
        "ros_name": "sensor.camera.rgb",
        "chromatic_aberration_offset": "0.0",
        "sensor_tick": "0.100000",
        "fstop": "1.4",
        "image_size_x": "960",
        "image_size_y": "540",
        "fov": "70.00",
        "lens_circle_falloff": "5.0",
        "lens_circle_multiplier": "0.0",
        "exposure_compensation": "0.0",
        "lens_y_size": "0.08",
        "lens_k": "-1.0",
        "exposure_mode": "histogram",
        "lens_kcube": "0.0",
        "lens_x_size": "0.08",
        "exposure_max_bright": "12.0",
        "shutter_speed": "200.0",
        "bloom_intensity": "0.675",
        "iso": "100.0",
        "enable_postprocess_effects": "false",
        "gamma": "2.2",
        "motion_blur_intensity": "0.0",
        "motion_blur_max_distortion": "0.35",
        "lens_flare_intensity": "0.1",
        "motion_blur_min_object_screen_size": "0.1",
        "exposure_min_bright": "10.0",
        "exposure_speed_up": "3.0",
        "exposure_speed_down": "1.0",
        "tint": "0.0",
        "calibration_constant": "16.0",
        "focal_distance": "1000.0",
        "min_fstop": "1.2",
        "blade_count": "5",
        "blur_amount": "0.0",
        "blur_radius": "0.0",
        "slope": "0.88",
        "toe": "0.55",
        "white_clip": "0.04",
        "shoulder": "0.26",
        "black_clip": "0.0",
        "temp": "6500.0",
        "chromatic_aberration_intensity": "0.0"
      },
      "transform_carla": {
        "location": {
          "x": 106.99857330322266,
          "y": -36.56545639038086,
          "z": 1.6985927820205688
        },
        "rotation": {
          "roll": 0.03436651453375816,
          "pitch": 0.11053294688463211,
          "yaw": 126.31037902832031
        }
      },
      "matrix_world_from_sensor_carla": [
        [
          -0.5921580195426941,
          -0.8058215975761414,
          0.000659032491967082,
          106.99857330322266
        ],
        [
          0.805819571018219,
          -0.5921580195426941,
          -0.0019097418989986181,
          -36.56545639038086
        ],
        [
          0.0019291626522317529,
          -0.0005998076521791518,
          0.9999979734420776,
          1.6985927820205688
        ],
        [
          0.0,
          0.0,
          0.0,
          1.0
        ]
      ],
      "matrix_world_from_sensor_bevfusion": [
        [
          -0.8058215975761414,
          -0.000659032491967082,
          -0.5921580195426941,
          106.99857330322266
        ],
        [
          0.5921580195426941,
          -0.0019097418989986181,
          -0.805819571018219,
          36.56545639038086
        ],
        [
          -0.0005998076521791518,
          -0.9999979734420776,
          0.0019291626522317529,
          1.6985927820205688
        ],
        [
          0.0,
          0.0,
          0.0,
          1.0
        ]
      ],
      "matrix_ego_from_sensor_carla": [
        [
          -0.5735763907432556,
          0.8191520571708679,
          -2.4701479972577545e-08,
          -1.3000035285949707
        ],
        [
          -0.8191521167755127,
          -0.5735763311386108,
          -5.686638360202778e-08,
          -0.5500030517578125
        ],
        [
          -6.083665482492506e-08,
          -1.2521462977588271e-08,
          1.0,
          1.700000286102295
        ],
        [
          0.0,
          0.0,
          0.0,
          1.0
        ]
      ],
      "matrix_ego_from_sensor_bevfusion": [
        [
          0.8191520571708679,
          2.4701479972577545e-08,
          -0.5735763907432556,
          -1.3000035285949707
        ],
        [
          0.5735763311386108,
          -5.686638360202778e-08,
          0.8191521167755127,
          0.5500030517578125
        ],
        [
          -1.2521462977588271e-08,
          -1.0,
          -6.083665482492506e-08,
          1.700000286102295
        ],
        [
          0.0,
          0.0,
          0.0,
          1.0
        ]
      ],
      "camera_intrinsics": [
        [
          685.5110473632812,
          0.0,
          480.0
        ],
        [
          0.0,
          685.5110473632812,
          270.0
        ],
        [
          0.0,
          0.0,
          1.0
        ]
      ],
      "data_path": "D:\\Agent-AI\\outputs\\s3a_left_v3\\sample_000041\\images\\CAM_BACK_LEFT.png",
      "raw_layout": "bgra8"
    },
    "CAM_BACK_RIGHT": {
      "type_id": "sensor.camera.rgb",
      "blueprint_attributes": {
        "role_name": "front",
        "ros_name": "sensor.camera.rgb",
        "chromatic_aberration_offset": "0.0",
        "sensor_tick": "0.100000",
        "fstop": "1.4",
        "image_size_x": "960",
        "image_size_y": "540",
        "fov": "70.00",
        "lens_circle_falloff": "5.0",
        "lens_circle_multiplier": "0.0",
        "exposure_compensation": "0.0",
        "lens_y_size": "0.08",
        "lens_k": "-1.0",
        "exposure_mode": "histogram",
        "lens_kcube": "0.0",
        "lens_x_size": "0.08",
        "exposure_max_bright": "12.0",
        "shutter_speed": "200.0",
        "bloom_intensity": "0.675",
        "iso": "100.0",
        "enable_postprocess_effects": "false",
        "gamma": "2.2",
        "motion_blur_intensity": "0.0",
        "motion_blur_max_distortion": "0.35",
        "lens_flare_intensity": "0.1",
        "motion_blur_min_object_screen_size": "0.1",
        "exposure_min_bright": "10.0",
        "exposure_speed_up": "3.0",
        "exposure_speed_down": "1.0",
        "tint": "0.0",
        "calibration_constant": "16.0",
        "focal_distance": "1000.0",
        "min_fstop": "1.2",
        "blade_count": "5",
        "blur_amount": "0.0",
        "blur_radius": "0.0",
        "slope": "0.88",
        "toe": "0.55",
        "white_clip": "0.04",
        "shoulder": "0.26",
        "black_clip": "0.0",
        "temp": "6500.0",
        "chromatic_aberration_intensity": "0.0"
      },
      "transform_carla": {
        "location": {
          "x": 108.04056549072266,
          "y": -36.91794204711914,
          "z": 1.6972326040267944
        },
        "rotation": {
          "roll": -0.11562477052211761,
          "pitch": -0.005511962343007326,
          "yaw": 16.310359954833984
        }
      },
      "matrix_world_from_sensor_carla": [
        [
          0.9597545266151428,
          -0.2808395028114319,
          0.0006590744014829397,
          108.04056549072266
        ],
        [
          0.2808402478694916,
          0.95975261926651,
          -0.0019097974291071296,
          -36.91794204711914
        ],
        [
          -9.620188939152285e-05,
          0.002018031431362033,
          0.9999979734420776,
          1.6972326040267944
        ],
        [
          0.0,
          0.0,
          0.0,
          1.0
        ]
      ],
      "matrix_world_from_sensor_bevfusion": [
        [
          -0.2808395028114319,
          -0.0006590744014829397,
          0.9597545266151428,
          108.04056549072266
        ],
        [
          -0.95975261926651,
          -0.0019097974291071296,
          -0.2808402478694916,
          36.91794204711914
        ],
        [
          0.002018031431362033,
          -0.9999979734420776,
          -9.620188939152285e-05,
          1.6972326040267944
        ],
        [
          0.0,
          0.0,
          0.0,
          1.0
        ]
      ],
      "matrix_ego_from_sensor_carla": [
        [
          -0.5735766887664795,
          -0.8191518187522888,
          1.4530483483099488e-08,
          -1.3000001907348633
        ],
        [
          0.8191518187522888,
          -0.5735766887664795,
          6.427864907010417e-10,
          0.54998779296875
        ],
        [
          7.80561038027372e-09,
          1.2208487554232761e-08,
          1.0,
          1.7000000476837158
        ],
        [
          0.0,
          0.0,
          0.0,
          1.0
        ]
      ],
      "matrix_ego_from_sensor_bevfusion": [
        [
          -0.8191518187522888,
          -1.4530483483099488e-08,
          -0.5735766887664795,
          -1.3000001907348633
        ],
        [
          0.5735766887664795,
          6.427864907010417e-10,
          -0.8191518187522888,
          -0.54998779296875
        ],
        [
          1.2208487554232761e-08,
          -1.0,
          7.80561038027372e-09,
          1.7000000476837158
        ],
        [
          0.0,
          0.0,
          0.0,
          1.0
        ]
      ],
      "camera_intrinsics": [
        [
          685.5110473632812,
          0.0,
          480.0
        ],
        [
          0.0,
          685.5110473632812,
          270.0
        ],
        [
          0.0,
          0.0,
          1.0
        ]
      ],
      "data_path": "D:\\Agent-AI\\outputs\\s3a_left_v3\\sample_000041\\images\\CAM_BACK_RIGHT.png",
      "raw_layout": "bgra8"
    },
    "LIDAR_TOP": {
      "type_id": "sensor.lidar.ray_cast",
      "blueprint_attributes": {
        "atmosphere_attenuation_rate": "0.004",
        "role_name": "front",
        "noise_seed": "0",
        "upper_fov": "10.0",
        "ros_name": "sensor.lidar.ray_cast",
        "sensor_tick": "0.100000",
        "channels": "32",
        "range": "120.0",
        "points_per_second": "360000",
        "lower_fov": "-30.0",
        "rotation_frequency": "10.000000",
        "horizontal_fov": "360.0",
        "dropoff_general_rate": "0.0",
        "dropoff_intensity_limit": "1.0",
        "noise_stddev": "0.0",
        "dropoff_zero_intensity": "0.0"
      },
      "transform_carla": {
        "location": {
          "x": 107.10331726074219,
          "y": -37.97410202026367,
          "z": 2.1958343982696533
        },
        "rotation": {
          "roll": 0.07083483040332794,
          "pitch": -0.09155184775590897,
          "yaw": -108.6897201538086
        }
      },
      "matrix_world_from_sensor_carla": [
        [
          -0.32044267654418945,
          0.9472677111625671,
          0.0006590784178115427,
          107.10331726074219
        ],
        [
          -0.9472665786743164,
          -0.32044094800949097,
          -0.0019097835756838322,
          -37.97410202026367
        ],
        [
          -0.001597880502231419,
          -0.0012362991692498326,
          0.9999979734420776,
          2.1958343982696533
        ],
        [
          0.0,
          0.0,
          0.0,
          1.0
        ]
      ],
      "matrix_world_from_sensor_bevfusion": [
        [
          -0.32044267654418945,
          -0.9472677111625671,
          0.0006590784178115427,
          107.10331726074219
        ],
        [
          0.9472665786743164,
          -0.32044094800949097,
          0.0019097835756838322,
          37.97410202026367
        ],
        [
          -0.001597880502231419,
          0.0012362991692498326,
          0.9999979734420776,
          2.1958343982696533
        ],
        [
          0.0,
          0.0,
          0.0,
          1.0
        ]
      ],
      "matrix_ego_from_sensor_carla": [
        [
          1.0,
          7.579876282193254e-09,
          9.498370145966106e-11,
          3.0994415283203125e-06
        ],
        [
          7.579690652903537e-09,
          1.0,
          -5.570544026056723e-11,
          -1.52587890625e-05
        ],
        [
          -2.143162036727375e-11,
          -5.5705204338174497e-11,
          1.0,
          2.200000047683716
        ],
        [
          0.0,
          0.0,
          0.0,
          1.0
        ]
      ],
      "matrix_ego_from_sensor_bevfusion": [
        [
          1.0,
          -7.579876282193254e-09,
          9.498370145966106e-11,
          3.0994415283203125e-06
        ],
        [
          -7.579690652903537e-09,
          1.0,
          5.570544026056723e-11,
          1.52587890625e-05
        ],
        [
          -2.143162036727375e-11,
          5.5705204338174497e-11,
          1.0,
          2.200000047683716
        ],
        [
          0.0,
          0.0,
          0.0,
          1.0
        ]
      ],
      "data_path": "D:\\Agent-AI\\outputs\\s3a_left_v3\\sample_000041\\lidar\\LIDAR_TOP.npy",
      "raw_layout": [
        "x",
        "y",
        "z",
        "intensity"
      ]
    },
    "RADAR_FRONT": {
      "type_id": "sensor.other.radar",
      "blueprint_attributes": {
        "sensor_tick": "0.100000",
        "role_name": "default",
        "noise_seed": "0",
        "ros_name": "sensor.other.radar",
        "horizontal_fov": "35.0",
        "points_per_second": "1500",
        "vertical_fov": "20.0",
        "range": "120.0"
      },
      "transform_carla": {
        "location": {
          "x": 106.46157836914062,
          "y": -39.866153717041016,
          "z": 0.8926411867141724
        },
        "rotation": {
          "roll": 0.07083483040332794,
          "pitch": -0.09155184775590897,
          "yaw": -108.6897201538086
        }
      },
      "matrix_world_from_sensor_carla": [
        [
          -0.32044267654418945,
          0.9472677111625671,
          0.0006590784178115427,
          106.46157836914062
        ],
        [
          -0.9472665786743164,
          -0.32044094800949097,
          -0.0019097835756838322,
          -39.866153717041016
        ],
        [
          -0.001597880502231419,
          -0.0012362991692498326,
          0.9999979734420776,
          0.8926411867141724
        ],
        [
          0.0,
          0.0,
          0.0,
          1.0
        ]
      ],
      "matrix_world_from_sensor_bevfusion": [
        [
          -0.32044267654418945,
          -0.9472677111625671,
          0.0006590784178115427,
          106.46157836914062
        ],
        [
          0.9472665786743164,
          -0.32044094800949097,
          0.0019097835756838322,
          39.866153717041016
        ],
        [
          -0.001597880502231419,
          0.0012362991692498326,
          0.9999979734420776,
          0.8926411867141724
        ],
        [
          0.0,
          0.0,
          0.0,
          1.0
        ]
      ],
      "matrix_ego_from_sensor_carla": [
        [
          1.0,
          7.579876282193254e-09,
          9.498370145966106e-11,
          2.000001907348633
        ],
        [
          7.579690652903537e-09,
          1.0,
          -5.570544026056723e-11,
          -7.62939453125e-06
        ],
        [
          -2.143162036727375e-11,
          -5.5705204338174497e-11,
          1.0,
          0.8999999165534973
        ],
        [
          0.0,
          0.0,
          0.0,
          1.0
        ]
      ],
      "matrix_ego_from_sensor_bevfusion": [
        [
          1.0,
          -7.579876282193254e-09,
          9.498370145966106e-11,
          2.000001907348633
        ],
        [
          -7.579690652903537e-09,
          1.0,
          5.570544026056723e-11,
          7.62939453125e-06
        ],
        [
          -2.143162036727375e-11,
          5.5705204338174497e-11,
          1.0,
          0.8999999165534973
        ],
        [
          0.0,
          0.0,
          0.0,
          1.0
        ]
      ],
      "data_path": "D:\\Agent-AI\\outputs\\s3a_left_v3\\sample_000041\\radar\\RADAR_FRONT.npy",
      "raw_layout": [
        "velocity",
        "altitude",
        "azimuth",
        "depth"
      ]
    },
    "RADAR_FRONT_LEFT": {
      "type_id": "sensor.other.radar",
      "blueprint_attributes": {
        "sensor_tick": "0.100000",
        "role_name": "default",
        "noise_seed": "0",
        "ros_name": "sensor.other.radar",
        "horizontal_fov": "35.0",
        "points_per_second": "1500",
        "vertical_fov": "20.0",
        "range": "120.0"
      },
      "transform_carla": {
        "location": {
          "x": 105.86328887939453,
          "y": -39.29427719116211,
          "z": 0.8941277265548706
        },
        "rotation": {
          "roll": 0.11482531577348709,
          "pitch": -0.014650754630565643,
          "yaw": -153.68968200683594
        }
      },
      "matrix_world_from_sensor_carla": [
        [
          -0.8964065313339233,
          0.4432322084903717,
          0.000659058743622154,
          105.86328887939453
        ],
        [
          -0.44323262572288513,
          -0.8964045643806458,
          -0.001909805228933692,
          -39.29427719116211
        ],
        [
          -0.0002557038969825953,
          -0.0020040781237185,
          0.9999979138374329,
          0.8941277265548706
        ],
        [
          0.0,
          0.0,
          0.0,
          1.0
        ]
      ],
      "matrix_world_from_sensor_bevfusion": [
        [
          -0.8964065313339233,
          -0.4432322084903717,
          0.000659058743622154,
          105.86328887939453
        ],
        [
          0.44323262572288513,
          -0.8964045643806458,
          0.001909805228933692,
          39.29427719116211
        ],
        [
          -0.0002557038969825953,
          0.0020040781237185,
          0.9999979138374329,
          0.8941277265548706
        ],
        [
          0.0,
          0.0,
          0.0,
          1.0
        ]
      ],
      "matrix_ego_from_sensor_carla": [
        [
          0.7071067690849304,
          0.7071067690849304,
          2.6965748745055862e-08,
          1.6499990224838257
        ],
        [
          -0.7071067094802856,
          0.7071067690849304,
          -1.1623548346051393e-08,
          -0.7500076293945312
        ],
        [
          -2.7275959268990846e-08,
          -1.0606949985003666e-08,
          0.9999999403953552,
          0.9000000357627869
        ],
        [
          0.0,
          0.0,
          0.0,
          1.0
        ]
      ],
      "matrix_ego_from_sensor_bevfusion": [
        [
          0.7071067690849304,
          -0.7071067690849304,
          2.6965748745055862e-08,
          1.6499990224838257
        ],
        [
          0.7071067094802856,
          0.7071067690849304,
          1.1623548346051393e-08,
          0.7500076293945312
        ],
        [
          -2.7275959268990846e-08,
          1.0606949985003666e-08,
          0.9999999403953552,
          0.9000000357627869
        ],
        [
          0.0,
          0.0,
          0.0,
          1.0
        ]
      ],
      "data_path": "D:\\Agent-AI\\outputs\\s3a_left_v3\\sample_000041\\radar\\RADAR_FRONT_LEFT.npy",
      "raw_layout": [
        "velocity",
        "altitude",
        "azimuth",
        "depth"
      ]
    },
    "RADAR_FRONT_RIGHT": {
      "type_id": "sensor.other.radar",
      "blueprint_attributes": {
        "sensor_tick": "0.100000",
        "role_name": "default",
        "noise_seed": "0",
        "ros_name": "sensor.other.radar",
