{
  "schema_version": "stage1.v1",
  "sample_name": "sample_000049",
  "sequence_index": 49,
  "previous_sample_name": "sample_000048",
  "frame_id": 726322,
  "timestamp": 5002.094624791294,
  "platform_timestamp": 16813388.6139911,
  "delta_seconds": 0.10000000149011612,
  "town": "Carla/Maps/Town10HD_Opt",
  "weather": {
    "cloudiness": 20.0,
    "dust_storm": 0.0,
    "fog_density": 2.0,
    "fog_distance": 0.75,
    "fog_falloff": 0.10000000149011612,
    "mie_scattering_scale": 0.029999999329447746,
    "precipitation": 0.0,
    "precipitation_deposits": 0.0,
    "rayleigh_scattering_scale": 0.03310000151395798,
    "scattering_intensity": 1.0,
    "sun_altitude_angle": 45.0,
    "sun_azimuth_angle": 300.0,
    "wetness": 0.0,
    "wind_intensity": 10.0
  },
  "sensor_names": [
    "CAM_FRONT",
    "CAM_FRONT_RIGHT",
    "CAM_FRONT_LEFT",
    "CAM_BACK",
    "CAM_BACK_LEFT",
    "CAM_BACK_RIGHT",
    "LIDAR_TOP",
    "RADAR_FRONT",
    "RADAR_FRONT_LEFT",
    "RADAR_FRONT_RIGHT",
    "RADAR_BACK_LEFT",
    "RADAR_BACK_RIGHT"
  ],
  "camera_order_for_model": [
    "CAM_FRONT",
    "CAM_FRONT_RIGHT",
    "CAM_FRONT_LEFT",
    "CAM_BACK",
    "CAM_BACK_LEFT",
    "CAM_BACK_RIGHT"
  ],
  "radar_order_for_model": [
    "RADAR_FRONT",
    "RADAR_FRONT_LEFT",
    "RADAR_FRONT_RIGHT",
    "RADAR_BACK_LEFT",
    "RADAR_BACK_RIGHT"
  ],
  "coordinate_notes": {
    "carla_world": "left-handed x-forward y-right z-up",
    "bevfusion_lidar": "x-forward y-left z-up",
    "camera_frame_for_model": "OpenCV style x-right y-down z-forward"
  },
  "ego": {
    "actor_id": 49,
    "transform_carla": {
      "location": {
        "x": 103.61882781982422,
        "y": -37.355857849121094,
        "z": -0.0043949889950454235
      },
      "rotation": {
        "roll": -0.0019531248835846782,
        "pitch": -0.02807890623807907,
        "yaw": -109.1600341796875
      }
    },
    "velocity_carla": [
      0.0001632209459785372,
      0.00040365103632211685,
      -6.046294856787426e-06
    ],
    "angular_velocity_carla": [
      -0.1239151805639267,
      0.05107058957219124,
      6.61341255181469e-05
    ],
    "matrix_world_from_ego_carla": [
      [
        -0.3282078206539154,
        0.9446055293083191,
        -0.0001930447615450248,
        103.61882781982422
      ],
      [
        -0.9446054100990295,
        -0.3282078802585602,
        -0.00045173417311161757,
        -37.355857849121094
      ],
      [
        -0.0004900693893432617,
        3.4088454412994906e-05,
        0.9999998807907104,
        -0.0043949889950454235
      ],
      [
        0.0,
        0.0,
        0.0,
        1.0
      ]
    ],
    "matrix_world_from_ego_bevfusion": [
      [
        -0.3282078206539154,
        -0.9446055293083191,
        -0.0001930447615450248,
        103.61882781982422
      ],
      [
        0.9446054100990295,
        -0.3282078802585602,
        0.00045173417311161757,
        37.355857849121094
      ],
      [
        -0.0004900693893432617,
        -3.4088454412994906e-05,
        0.9999998807907104,
        -0.0043949889950454235
      ],
      [
        0.0,
        0.0,
        0.0,
        1.0
      ]
    ]
  },
  "sensors": {
    "CAM_FRONT": {
      "type_id": "sensor.camera.rgb",
      "blueprint_attributes": {
        "role_name": "front",
        "ros_name": "sensor.camera.rgb",
        "chromatic_aberration_offset": "0.0",
        "sensor_tick": "0.100000",
        "fstop": "1.4",
        "image_size_x": "960",
        "image_size_y": "540",
        "fov": "70.00",
        "lens_circle_falloff": "5.0",
        "lens_circle_multiplier": "0.0",
        "exposure_compensation": "0.0",
        "lens_y_size": "0.08",
        "lens_k": "-1.0",
        "exposure_mode": "histogram",
        "lens_kcube": "0.0",
        "lens_x_size": "0.08",
        "exposure_max_bright": "12.0",
        "shutter_speed": "200.0",
        "bloom_intensity": "0.675",
        "iso": "100.0",
        "enable_postprocess_effects": "false",
        "gamma": "2.2",
        "motion_blur_intensity": "0.0",
        "motion_blur_max_distortion": "0.35",
        "lens_flare_intensity": "0.1",
        "motion_blur_min_object_screen_size": "0.1",
        "exposure_min_bright": "10.0",
        "exposure_speed_up": "3.0",
        "exposure_speed_down": "1.0",
        "tint": "0.0",
        "calibration_constant": "16.0",
        "focal_distance": "1000.0",
        "min_fstop": "1.2",
        "blade_count": "5",
        "blur_amount": "0.0",
        "blur_radius": "0.0",
        "slope": "0.88",
        "toe": "0.55",
        "white_clip": "0.04",
        "shoulder": "0.26",
        "black_clip": "0.0",
        "temp": "6500.0",
        "chromatic_aberration_intensity": "0.0"
      },
      "transform_carla": {
        "location": {
          "x": 103.10977172851562,
          "y": -38.820762634277344,
          "z": 1.694845199584961
        },
        "rotation": {
          "roll": -0.0019531248835846782,
          "pitch": -0.02807890623807907,
          "yaw": -109.1600341796875
        }
      },
      "matrix_world_from_sensor_carla": [
        [
          -0.3282078206539154,
          0.9446055293083191,
          -0.0001930447615450248,
          103.10977172851562
        ],
        [
          -0.9446054100990295,
          -0.3282078802585602,
          -0.00045173417311161757,
          -38.820762634277344
        ],
        [
          -0.0004900693893432617,
          3.4088454412994906e-05,
          0.9999998807907104,
          1.694845199584961
        ],
        [
          0.0,
          0.0,
          0.0,
          1.0
        ]
      ],
      "matrix_world_from_sensor_bevfusion": [
        [
          0.9446055293083191,
          0.0001930447615450248,
          -0.3282078206539154,
          103.10977172851562
        ],
        [
          0.3282078802585602,
          -0.00045173417311161757,
          0.9446054100990295,
          38.820762634277344
        ],
        [
          3.4088454412994906e-05,
          -0.9999998807907104,
          -0.0004900693893432617,
          1.694845199584961
        ],
        [
          0.0,
          0.0,
          0.0,
          1.0
        ]
      ],
      "matrix_ego_from_sensor_carla": [
        [
          1.0,
          8.742360613211986e-09,
          2.1316282072803006e-13,
          1.5499993562698364
        ],
        [
          8.742369494996183e-09,
          1.0,
          -7.701637071144685e-12,
          0.0
        ],
        [
          2.1316282072803006e-13,
          -4.256816253656037e-13,
          1.0,
          1.7000000476837158
        ],
        [
          0.0,
          0.0,
          0.0,
          1.0
        ]
      ],
      "matrix_ego_from_sensor_bevfusion": [
        [
          8.742360613211986e-09,
          -2.1316282072803006e-13,
          1.0,
          1.5499993562698364
        ],
        [
          -1.0,
          -7.701637071144685e-12,
          -8.742369494996183e-09,
          0.0
        ],
        [
          -4.256816253656037e-13,
          -1.0,
          2.1316282072803006e-13,
          1.7000000476837158
        ],
        [
          0.0,
          0.0,
          0.0,
          1.0
        ]
      ],
      "camera_intrinsics": [
        [
          685.5110473632812,
          0.0,
          480.0
        ],
        [
          0.0,
          685.5110473632812,
          270.0
        ],
        [
          0.0,
          0.0,
          1.0
        ]
      ],
      "data_path": "D:\\Agent-AI\\outputs\\s3a_ml_long_v1\\sample_000049\\images\\CAM_FRONT.png",
      "raw_layout": "bgra8"
    },
    "CAM_FRONT_RIGHT": {
      "type_id": "sensor.camera.rgb",
      "blueprint_attributes": {
        "role_name": "front",
        "ros_name": "sensor.camera.rgb",
        "chromatic_aberration_offset": "0.0",
        "sensor_tick": "0.100000",
        "fstop": "1.4",
        "image_size_x": "960",
        "image_size_y": "540",
        "fov": "70.00",
        "lens_circle_falloff": "5.0",
        "lens_circle_multiplier": "0.0",
        "exposure_compensation": "0.0",
        "lens_y_size": "0.08",
        "lens_k": "-1.0",
        "exposure_mode": "histogram",
        "lens_kcube": "0.0",
        "lens_x_size": "0.08",
        "exposure_max_bright": "12.0",
        "shutter_speed": "200.0",
        "bloom_intensity": "0.675",
        "iso": "100.0",
        "enable_postprocess_effects": "false",
        "gamma": "2.2",
        "motion_blur_intensity": "0.0",
        "motion_blur_max_distortion": "0.35",
        "lens_flare_intensity": "0.1",
        "motion_blur_min_object_screen_size": "0.1",
        "exposure_min_bright": "10.0",
        "exposure_speed_up": "3.0",
        "exposure_speed_down": "1.0",
        "tint": "0.0",
        "calibration_constant": "16.0",
        "focal_distance": "1000.0",
        "min_fstop": "1.2",
        "blade_count": "5",
        "blur_amount": "0.0",
        "blur_radius": "0.0",
        "slope": "0.88",
        "toe": "0.55",
        "white_clip": "0.04",
        "shoulder": "0.26",
        "black_clip": "0.0",
        "temp": "6500.0",
        "chromatic_aberration_intensity": "0.0"
      },
      "transform_carla": {
        "location": {
          "x": 103.71136474609375,
          "y": -38.7651252746582,
          "z": 1.694986343383789
        },
        "rotation": {
          "roll": -0.024118918925523758,
          "pitch": -0.014507320709526539,
          "yaw": -54.16004180908203
        }
      },
      "matrix_world_from_sensor_carla": [
        [
          0.5855230689048767,
          0.8106557130813599,
          -0.00019299445557408035,
          103.71136474609375
        ],
        [
          -0.8106556534767151,
          0.5855230093002319,
          -0.0004517370252870023,
          -38.7651252746582
        ],
        [
          -0.0002532005019020289,
          0.0004209545149933547,
          0.9999998807907104,
          1.694986343383789
        ],
        [
          0.0,
          0.0,
          0.0,
          1.0
        ]
      ],
      "matrix_world_from_sensor_bevfusion": [
        [
          0.8106557130813599,
          0.00019299445557408035,
          0.5855230689048767,
          103.71136474609375
        ],
        [
          -0.5855230093002319,
          -0.0004517370252870023,
          0.8106556534767151,
          38.7651252746582
        ],
        [
          0.0004209545149933547,
          -0.9999998807907104,
          -0.0002532005019020289,
          1.694986343383789
        ],
        [
          0.0,
          0.0,
          0.0,
          1.0
        ]
      ],
      "matrix_ego_from_sensor_carla": [
        [
          0.5735765695571899,
          -0.8191519379615784,
          -1.3795002473671047e-08,
          1.2999991178512573
        ],
        [
          0.8191518783569336,
          0.5735766291618347,
          4.845381340601307e-08,
          0.5500106811523438
        ],
        [
          -3.180940666425158e-08,
          -3.913662638410642e-08,
          1.0,
          1.6999999284744263
        ],
        [
          0.0,
          0.0,
          0.0,
          1.0
        ]
      ],
      "matrix_ego_from_sensor_bevfusion": [
        [
          -0.8191519379615784,
          1.3795002473671047e-08,
          0.5735765695571899,
          1.2999991178512573
        ],
        [
          -0.5735766291618347,
          4.845381340601307e-08,
          -0.8191518783569336,
          -0.5500106811523438
        ],
        [
          -3.913662638410642e-08,
          -1.0,
          -3.180940666425158e-08,
          1.6999999284744263
        ],
        [
          0.0,
          0.0,
          0.0,
          1.0
        ]
      ],
      "camera_intrinsics": [
        [
          685.5110473632812,
          0.0,
          480.0
        ],
        [
          0.0,
          685.5110473632812,
          270.0
        ],
        [
          0.0,
          0.0,
          1.0
        ]
      ],
      "data_path": "D:\\Agent-AI\\outputs\\s3a_ml_long_v1\\sample_000049\\images\\CAM_FRONT_RIGHT.png",
      "raw_layout": "bgra8"
    },
    "CAM_FRONT_LEFT": {
      "type_id": "sensor.camera.rgb",
      "blueprint_attributes": {
        "role_name": "front",
        "ros_name": "sensor.camera.rgb",
        "chromatic_aberration_offset": "0.0",
        "sensor_tick": "0.100000",
        "fstop": "1.4",
        "image_size_x": "960",
        "image_size_y": "540",
        "fov": "70.00",
        "lens_circle_falloff": "5.0",
        "lens_circle_multiplier": "0.0",
        "exposure_compensation": "0.0",
        "lens_y_size": "0.08",
        "lens_k": "-1.0",
        "exposure_mode": "histogram",
        "lens_kcube": "0.0",
        "lens_x_size": "0.08",
        "exposure_max_bright": "12.0",
        "shutter_speed": "200.0",
        "bloom_intensity": "0.675",
        "iso": "100.0",
        "enable_postprocess_effects": "false",
        "gamma": "2.2",
        "motion_blur_intensity": "0.0",
        "motion_blur_max_distortion": "0.35",
        "lens_flare_intensity": "0.1",
        "motion_blur_min_object_screen_size": "0.1",
        "exposure_min_bright": "10.0",
        "exposure_speed_up": "3.0",
        "exposure_speed_down": "1.0",
        "tint": "0.0",
        "calibration_constant": "16.0",
        "focal_distance": "1000.0",
        "min_fstop": "1.2",
        "blade_count": "5",
        "blur_amount": "0.0",
        "blur_radius": "0.0",
        "slope": "0.88",
        "toe": "0.55",
        "white_clip": "0.04",
        "shoulder": "0.26",
        "black_clip": "0.0",
        "temp": "6500.0",
        "chromatic_aberration_intensity": "0.0"
      },
      "transform_carla": {
        "location": {
          "x": 102.67229461669922,
          "y": -38.40409469604492,
          "z": 1.6949490308761597
        },
        "rotation": {
          "roll": 0.02187838777899742,
          "pitch": -0.01770384982228279,
          "yaw": -164.16001892089844
        }
      },
      "matrix_world_from_sensor_carla": [
        [
          -0.9620276689529419,
          0.27295172214508057,
          -0.00019303083536215127,
          102.67229461669922
        ],
        [
          -0.272951602935791,
          -0.9620276093482971,
          -0.00045168964425101876,
          -38.40409469604492
        ],
        [
          -0.000308990478515625,
          -0.00038184988079592586,
          0.9999998807907104,
          1.6949490308761597
        ],
        [
          0.0,
          0.0,
          0.0,
          1.0
        ]
      ],
      "matrix_world_from_sensor_bevfusion": [
        [
          0.27295172214508057,
          0.00019303083536215127,
          -0.9620276689529419,
          102.67229461669922
        ],
        [
          0.9620276093482971,
          -0.00045168964425101876,
          0.272951602935791,
          38.40409469604492
        ],
        [
          -0.00038184988079592586,
          -0.9999998807907104,
          -0.000308990478515625,
          1.6949490308761597
        ],
        [
          0.0,
          0.0,
          0.0,
          1.0
        ]
      ],
      "matrix_ego_from_sensor_carla": [
        [
          0.5735767483711243,
          0.819151759147644,
          -4.6624123228866665e-08,
          1.2999976873397827
        ],
        [
          -0.819151759147644,
          0.5735767483711243,
          -1.4665311187656016e-09,
          -0.5500030517578125
        ],
        [
          2.5531790015520528e-08,
          3.8986446071476166e-08,
          1.0,
          1.7000000476837158
        ],
        [
          0.0,
          0.0,
          0.0,
          1.0
        ]
      ],
      "matrix_ego_from_sensor_bevfusion": [
        [
          0.819151759147644,
          4.6624123228866665e-08,
          0.5735767483711243,
          1.2999976873397827
        ],
        [
          -0.5735767483711243,
          -1.4665311187656016e-09,
          0.819151759147644,
          0.5500030517578125
        ],
        [
          3.8986446071476166e-08,
          -1.0,
          2.5531790015520528e-08,
          1.7000000476837158
        ],
        [
          0.0,
          0.0,
          0.0,
          1.0
        ]
      ],
      "camera_intrinsics": [
        [
          685.5110473632812,
          0.0,
          480.0
        ],
        [
          0.0,
          685.5110473632812,
          270.0
        ],
        [
          0.0,
          0.0,
          1.0
        ]
      ],
      "data_path": "D:\\Agent-AI\\outputs\\s3a_ml_long_v1\\sample_000049\\images\\CAM_FRONT_LEFT.png",
      "raw_layout": "bgra8"
    },
    "CAM_BACK": {
      "type_id": "sensor.camera.rgb",
      "blueprint_attributes": {
        "role_name": "front",
        "ros_name": "sensor.camera.rgb",
        "chromatic_aberration_offset": "0.0",
        "sensor_tick": "0.100000",
        "fstop": "1.4",
        "image_size_x": "960",
        "image_size_y": "540",
        "fov": "70.00",
        "lens_circle_falloff": "5.0",
        "lens_circle_multiplier": "0.0",
        "exposure_compensation": "0.0",
        "lens_y_size": "0.08",
        "lens_k": "-1.0",
        "exposure_mode": "histogram",
        "lens_kcube": "0.0",
        "lens_x_size": "0.08",
        "exposure_max_bright": "12.0",
        "shutter_speed": "200.0",
        "bloom_intensity": "0.675",
        "iso": "100.0",
        "enable_postprocess_effects": "false",
        "gamma": "2.2",
        "motion_blur_intensity": "0.0",
        "motion_blur_max_distortion": "0.35",
        "lens_flare_intensity": "0.1",
        "motion_blur_min_object_screen_size": "0.1",
        "exposure_min_bright": "10.0",
        "exposure_speed_up": "3.0",
        "exposure_speed_down": "1.0",
        "tint": "0.0",
        "calibration_constant": "16.0",
        "focal_distance": "1000.0",
        "min_fstop": "1.2",
        "blade_count": "5",
        "blur_amount": "0.0",
        "blur_radius": "0.0",
        "slope": "0.88",
        "toe": "0.55",
        "white_clip": "0.04",
        "shoulder": "0.26",
        "black_clip": "0.0",
        "temp": "6500.0",
        "chromatic_aberration_intensity": "0.0"
      },
      "transform_carla": {
        "location": {
          "x": 104.12722778320312,
          "y": -35.89248275756836,
          "z": 1.6963642835617065
        },
        "rotation": {
          "roll": 0.0019531340803951025,
          "pitch": 0.02807890623807907,
          "yaw": 70.83995056152344
        }
      },
      "matrix_world_from_sensor_carla": [
        [
          0.3282080888748169,
          -0.9446054697036743,
          -0.00019304505258332938,
          104.12722778320312
        ],
        [
          0.9446053504943848,
          0.32820814847946167,
          -0.0004517340858001262,
          -35.89248275756836
        ],
        [
          0.0004900693893432617,
          -3.4088618122041225e-05,
          0.9999998807907104,
          1.6963642835617065
        ],
        [
          0.0,
          0.0,
          0.0,
          1.0
        ]
      ],
      "matrix_world_from_sensor_bevfusion": [
        [
          -0.9446054697036743,
          0.00019304505258332938,
          0.3282080888748169,
          104.12722778320312
        ],
        [
          -0.32820814847946167,
          -0.0004517340858001262,
          -0.9446053504943848,
          35.89248275756836
        ],
        [
          -3.4088618122041225e-05,
          -0.9999998807907104,
          0.0004900693893432617,
          1.6963642835617065
        ],
        [
          0.0,
          0.0,
          0.0,
          1.0
        ]
      ],
      "matrix_ego_from_sensor_carla": [
        [
          -1.0,
          -2.6210517489744234e-07,
          2.1316282072803006e-13,
          -1.5500050783157349
        ],
        [
          2.7904127364308806e-07,
          -1.0000001192092896,
          -2.9873994944473736e-10,
          7.62939453125e-06
        ],
        [
          -2.1316282072803006e-13,
          -2.869746107414528e-10,
          1.0,
          1.6999999284744263
        ],
        [
          0.0,
          0.0,
          0.0,
          1.0
        ]
      ],
      "matrix_ego_from_sensor_bevfusion": [
        [
          -2.6210517489744234e-07,
          -2.1316282072803006e-13,
          -1.0,
          -1.5500050783157349
        ],
        [
          1.0000001192092896,
          -2.9873994944473736e-10,
          -2.7904127364308806e-07,
          -7.62939453125e-06
        ],
        [
          -2.869746107414528e-10,
          -1.0,
          -2.1316282072803006e-13,
          1.6999999284744263
        ],
        [
          0.0,
          0.0,
          0.0,
          1.0
        ]
      ],
      "camera_intrinsics": [
        [
          685.5110473632812,
          0.0,
          480.0
        ],
        [
          0.0,
          685.5110473632812,
          270.0
        ],
        [
          0.0,
          0.0,
          1.0
        ]
      ],
      "data_path": "D:\\Agent-AI\\outputs\\s3a_ml_long_v1\\sample_000049\\images\\CAM_BACK.png",
      "raw_layout": "bgra8"
    },
    "CAM_BACK_LEFT": {
      "type_id": "sensor.camera.rgb",
      "blueprint_attributes": {
        "role_name": "front",
        "ros_name": "sensor.camera.rgb",
        "chromatic_aberration_offset": "0.0",
        "sensor_tick": "0.100000",
        "fstop": "1.4",
        "image_size_x": "960",
        "image_size_y": "540",
        "fov": "70.00",
        "lens_circle_falloff": "5.0",
        "lens_circle_multiplier": "0.0",
        "exposure_compensation": "0.0",
        "lens_y_size": "0.08",
        "lens_k": "-1.0",
        "exposure_mode": "histogram",
        "lens_kcube": "0.0",
        "lens_x_size": "0.08",
        "exposure_max_bright": "12.0",
        "shutter_speed": "200.0",
        "bloom_intensity": "0.675",
        "iso": "100.0",
        "enable_postprocess_effects": "false",
        "gamma": "2.2",
        "motion_blur_intensity": "0.0",
        "motion_blur_max_distortion": "0.35",
        "lens_flare_intensity": "0.1",
        "motion_blur_min_object_screen_size": "0.1",
        "exposure_min_bright": "10.0",
        "exposure_speed_up": "3.0",
        "exposure_speed_down": "1.0",
        "tint": "0.0",
        "calibration_constant": "16.0",
        "focal_distance": "1000.0",
        "min_fstop": "1.2",
        "blade_count": "5",
        "blur_amount": "0.0",
        "blur_radius": "0.0",
        "slope": "0.88",
        "toe": "0.55",
        "white_clip": "0.04",
        "shoulder": "0.26",
        "black_clip": "0.0",
        "temp": "6500.0",
        "chromatic_aberration_intensity": "0.0"
      },
      "transform_carla": {
        "location": {
          "x": 103.525634765625,
          "y": -35.9481201171875,
          "z": 1.6962231397628784
        },
        "rotation": {
          "roll": 0.02411891520023346,
          "pitch": 0.014507320709526539,
          "yaw": 125.8399429321289
        }
      },
      "matrix_world_from_sensor_carla": [
        [
          -0.5855228304862976,
          -0.8106558918952942,
          -0.00019299454288557172,
          103.525634765625
        ],
        [
          0.8106558322906494,
          -0.5855227708816528,
          -0.00045173693797551095,
          -35.9481201171875
        ],
        [
          0.0002532005019020289,
          -0.00042095445678569376,
          0.9999998807907104,
          1.6962231397628784
        ],
        [
          0.0,
          0.0,
          0.0,
          1.0
        ]
      ],
      "matrix_world_from_sensor_bevfusion": [
        [
          -0.8106558918952942,
          0.00019299454288557172,
          -0.5855228304862976,
          103.525634765625
        ],
        [
          0.5855227708816528,
          -0.00045173693797551095,
          -0.8106558322906494,
          35.9481201171875
        ],
        [
          -0.00042095445678569376,
          -0.9999998807907104,
          0.0002532005019020289,
          1.6962231397628784
        ],
        [
          0.0,
          0.0,
          0.0,
          1.0
        ]
      ],
      "matrix_ego_from_sensor_carla": [
        [
          -0.573576807975769,
          0.819151759147644,
          -1.3853210134584515e-08,
          -1.3000047206878662
        ],
        [
          -0.819151759147644,
          -0.5735768675804138,
          4.8337398084186134e-08,
          -0.5500030517578125
        ],
        [
          3.169299134242465e-08,
          3.910752255364969e-08,
          1.0,
          1.7000000476837158
        ],
        [
          0.0,
          0.0,
          0.0,
          1.0
        ]
      ],
      "matrix_ego_from_sensor_bevfusion": [
        [
          0.819151759147644,
          1.3853210134584515e-08,
          -0.573576807975769,
          -1.3000047206878662
        ],
        [
          0.5735768675804138,
          4.8337398084186134e-08,
          0.819151759147644,
          0.5500030517578125
        ],
        [
          3.910752255364969e-08,
          -1.0,
          3.169299134242465e-08,
          1.7000000476837158
        ],
        [
          0.0,
          0.0,
          0.0,
          1.0
        ]
      ],
      "camera_intrinsics": [
        [
          685.5110473632812,
          0.0,
          480.0
        ],
        [
          0.0,
          685.5110473632812,
          270.0
        ],
        [
          0.0,
          0.0,
          1.0
        ]
      ],
      "data_path": "D:\\Agent-AI\\outputs\\s3a_ml_long_v1\\sample_000049\\images\\CAM_BACK_LEFT.png",
      "raw_layout": "bgra8"
    },
    "CAM_BACK_RIGHT": {
      "type_id": "sensor.camera.rgb",
      "blueprint_attributes": {
        "role_name": "front",
        "ros_name": "sensor.camera.rgb",
        "chromatic_aberration_offset": "0.0",
        "sensor_tick": "0.100000",
        "fstop": "1.4",
        "image_size_x": "960",
        "image_size_y": "540",
        "fov": "70.00",
        "lens_circle_falloff": "5.0",
        "lens_circle_multiplier": "0.0",
        "exposure_compensation": "0.0",
        "lens_y_size": "0.08",
        "lens_k": "-1.0",
        "exposure_mode": "histogram",
        "lens_kcube": "0.0",
        "lens_x_size": "0.08",
        "exposure_max_bright": "12.0",
        "shutter_speed": "200.0",
        "bloom_intensity": "0.675",
        "iso": "100.0",
        "enable_postprocess_effects": "false",
        "gamma": "2.2",
        "motion_blur_intensity": "0.0",
        "motion_blur_max_distortion": "0.35",
        "lens_flare_intensity": "0.1",
        "motion_blur_min_object_screen_size": "0.1",
        "exposure_min_bright": "10.0",
        "exposure_speed_up": "3.0",
        "exposure_speed_down": "1.0",
        "tint": "0.0",
        "calibration_constant": "16.0",
        "focal_distance": "1000.0",
        "min_fstop": "1.2",
        "blade_count": "5",
        "blur_amount": "0.0",
        "blur_radius": "0.0",
        "slope": "0.88",
        "toe": "0.55",
        "white_clip": "0.04",
        "shoulder": "0.26",
        "black_clip": "0.0",
        "temp": "6500.0",
        "chromatic_aberration_intensity": "0.0"
      },
      "transform_carla": {
        "location": {
          "x": 104.56470489501953,
          "y": -36.30915069580078,
          "z": 1.696260690689087
        },
        "rotation": {
          "roll": -0.02187838964164257,
          "pitch": 0.01770384982228279,
          "yaw": 15.839963912963867
        }
      },
      "matrix_world_from_sensor_carla": [
        [
          0.9620277881622314,
          -0.2729514241218567,
          -0.00019303096632938832,
          104.56470489501953
        ],
        [
          0.27295130491256714,
          0.9620277285575867,
          -0.0004516896151471883,
          -36.30915069580078
        ],
        [
          0.000308990478515625,
          0.0003818499098997563,
          0.9999998807907104,
          1.696260690689087
        ],
        [
          0.0,
          0.0,
          0.0,
          1.0
        ]
      ],
      "matrix_world_from_sensor_bevfusion": [
        [
          -0.2729514241218567,
          0.00019303096632938832,
          0.9620277881622314,
          104.56470489501953
        ],
        [
          -0.9620277285575867,
          -0.0004516896151471883,
          -0.27295130491256714,
          36.30915069580078
        ],
        [
          0.0003818499098997563,
          -0.9999998807907104,
          0.000308990478515625,
          1.696260690689087
        ],
        [
          0.0,
          0.0,
          0.0,
          1.0
        ]
      ],
      "matrix_ego_from_sensor_carla": [
        [
          -0.5735765099525452,
          -0.8191519975662231,
          -4.6624123228866665e-08,
          -1.3000035285949707
        ],
        [
          0.8191519975662231,
          -0.5735765099525452,
          -1.5938603770138116e-09,
          0.5500030517578125
        ],
        [
          -2.5415374693693593e-08,
          -3.907375756284637e-08,
          1.0,
          1.7000000476837158
        ],
        [
          0.0,
          0.0,
          0.0,
          1.0
        ]
      ],
      "matrix_ego_from_sensor_bevfusion": [
        [
          -0.8191519975662231,
          4.6624123228866665e-08,
          -0.5735765099525452,
          -1.3000035285949707
        ],
        [
          0.5735765099525452,
          -1.5938603770138116e-09,
          -0.8191519975662231,
          -0.5500030517578125
        ],
        [
          -3.907375756284637e-08,
          -1.0,
          -2.5415374693693593e-08,
          1.7000000476837158
        ],
        [
          0.0,
          0.0,
          0.0,
          1.0
        ]
      ],
      "camera_intrinsics": [
        [
          685.5110473632812,
          0.0,
          480.0
        ],
        [
          0.0,
          685.5110473632812,
          270.0
        ],
        [
          0.0,
          0.0,
          1.0
        ]
      ],
      "data_path": "D:\\Agent-AI\\outputs\\s3a_ml_long_v1\\sample_000049\\images\\CAM_BACK_RIGHT.png",
      "raw_layout": "bgra8"
    },
    "LIDAR_TOP": {
      "type_id": "sensor.lidar.ray_cast",
      "blueprint_attributes": {
        "atmosphere_attenuation_rate": "0.004",
        "role_name": "front",
        "noise_seed": "0",
        "upper_fov": "10.0",
        "ros_name": "sensor.lidar.ray_cast",
        "sensor_tick": "0.100000",
        "channels": "32",
        "range": "120.0",
        "points_per_second": "360000",
        "lower_fov": "-30.0",
        "rotation_frequency": "10.000000",
        "horizontal_fov": "360.0",
        "dropoff_general_rate": "0.0",
        "dropoff_intensity_limit": "1.0",
        "noise_stddev": "0.0",
        "dropoff_zero_intensity": "0.0"
      },
      "transform_carla": {
        "location": {
          "x": 103.618408203125,
          "y": -37.356849670410156,
          "z": 2.1956045627593994
        },
        "rotation": {
          "roll": -0.0019531248835846782,
          "pitch": -0.02807890623807907,
          "yaw": -109.1600341796875
        }
      },
      "matrix_world_from_sensor_carla": [
        [
          -0.3282078206539154,
          0.9446055293083191,
          -0.0001930447615450248,
          103.618408203125
        ],
        [
          -0.9446054100990295,
          -0.3282078802585602,
          -0.00045173417311161757,
          -37.356849670410156
        ],
        [
          -0.0004900693893432617,
          3.4088454412994906e-05,
          0.9999998807907104,
          2.1956045627593994
        ],
        [
          0.0,
          0.0,
          0.0,
          1.0
        ]
      ],
      "matrix_world_from_sensor_bevfusion": [
        [
          -0.3282078206539154,
          -0.9446055293083191,
          -0.0001930447615450248,
          103.618408203125
        ],
        [
          0.9446054100990295,
          -0.3282078802585602,
          0.00045173417311161757,
          37.356849670410156
        ],
        [
          -0.0004900693893432617,
          -3.4088454412994906e-05,
          0.9999998807907104,
          2.1956045627593994
        ],
        [
          0.0,
          0.0,
          0.0,
          1.0
        ]
      ],
      "matrix_ego_from_sensor_carla": [
        [
          1.0,
          8.742360613211986e-09,
          2.1316282072803006e-13,
          -4.887580871582031e-06
        ],
        [
          8.742369494996183e-09,
          1.0,
          -7.701637071144685e-12,
          7.62939453125e-06
        ],
        [
          2.1316282072803006e-13,
          -4.256816253656037e-13,
          1.0,
          2.1999998092651367
        ],
        [
          0.0,
          0.0,
          0.0,
          1.0
        ]
      ],
      "matrix_ego_from_sensor_bevfusion": [
        [
          1.0,
          -8.742360613211986e-09,
          2.1316282072803006e-13,
          -4.887580871582031e-06
        ],
        [
          -8.742369494996183e-09,
          1.0,
          7.701637071144685e-12,
          -7.62939453125e-06
        ],
        [
          2.1316282072803006e-13,
          4.256816253656037e-13,
          1.0,
          2.1999998092651367
        ],
        [
          0.0,
          0.0,
          0.0,
          1.0
        ]
      ],
      "data_path": "D:\\Agent-AI\\outputs\\s3a_ml_long_v1\\sample_000049\\lidar\\LIDAR_TOP.npy",
      "raw_layout": [
        "x",
        "y",
        "z",
        "intensity"
      ]
    },
    "RADAR_FRONT": {
      "type_id": "sensor.other.radar",
      "blueprint_attributes": {
        "sensor_tick": "0.100000",
        "role_name": "default",
        "noise_seed": "0",
        "ros_name": "sensor.other.radar",
        "horizontal_fov": "35.0",
        "points_per_second": "1500",
        "vertical_fov": "20.0",
        "range": "120.0"
      },
      "transform_carla": {
        "location": {
          "x": 102.96223449707031,
          "y": -39.2454719543457,
          "z": 0.8946248292922974
        },
        "rotation": {
          "roll": -0.0019531248835846782,
          "pitch": -0.02807890623807907,
          "yaw": -109.1600341796875
        }
      },
      "matrix_world_from_sensor_carla": [
        [
          -0.3282078206539154,
          0.9446055293083191,
          -0.0001930447615450248,
          102.96223449707031
        ],
        [
          -0.9446054100990295,
          -0.3282078802585602,
          -0.00045173417311161757,
          -39.2454719543457
        ],
        [
          -0.0004900693893432617,
          3.4088454412994906e-05,
          0.9999998807907104,
          0.8946248292922974
        ],
        [
          0.0,
          0.0,
          0.0,
          1.0
        ]
      ],
      "matrix_world_from_sensor_bevfusion": [
        [
          -0.3282078206539154,
          -0.9446055293083191,
          -0.0001930447615450248,
          102.96223449707031
        ],
        [
          0.9446054100990295,
          -0.3282078802585602,
          0.00045173417311161757,
          39.2454719543457
        ],
        [
          -0.0004900693893432617,
          -3.4088454412994906e-05,
          0.9999998807907104,
          0.8946248292922974
        ],
        [
          0.0,
          0.0,
          0.0,
          1.0
        ]
      ],
      "matrix_ego_from_sensor_carla": [
        [
          1.0,
          8.742360613211986e-09,
          2.1316282072803006e-13,
          1.9999979734420776
        ],
        [
          8.742369494996183e-09,
          1.0,
          -7.701637071144685e-12,
          0.0
        ],
        [
          2.1316282072803006e-13,
          -4.256816253656037e-13,
          1.0,
          0.9000000357627869
        ],
        [
          0.0,
          0.0,
          0.0,
          1.0
        ]
      ],
      "matrix_ego_from_sensor_bevfusion": [
        [
          1.0,
          -8.742360613211986e-09,
          2.1316282072803006e-13,
          1.9999979734420776
        ],
        [
          -8.742369494996183e-09,
          1.0,
          7.701637071144685e-12,
          0.0
        ],
        [
          2.1316282072803006e-13,
          4.256816253656037e-13,
          1.0,
          0.9000000357627869
        ],
        [
          0.0,
          0.0,
          0.0,
          1.0
        ]
      ],
      "data_path": "D:\\Agent-AI\\outputs\\s3a_ml_long_v1\\sample_000049\\radar\\RADAR_FRONT.npy",
      "raw_layout": [
        "velocity",
        "altitude",
        "azimuth",
        "depth"
      ]
    },
    "RADAR_FRONT_LEFT": {
      "type_id": "sensor.other.radar",
      "blueprint_attributes": {
        "sensor_tick": "0.100000",
        "role_name": "default",
        "noise_seed": "0",
        "ros_name": "sensor.other.radar",
        "horizontal_fov": "35.0",
        "points_per_second": "1500",
        "vertical_fov": "20.0",
        "range": "120.0"
      },
      "transform_carla": {
        "location": {
          "x": 102.36865997314453,
          "y": -38.668704986572266,
          "z": 0.8947708010673523
        },
        "rotation": {
          "roll": 0.01847178116440773,
          "pitch": -0.021235056221485138,
          "yaw": -154.16004943847656
        }
      },
      "matrix_world_from_sensor_carla": [
        [
          -0.9000149965286255,
          0.4358588755130768,
          -0.00019304703164380044,
          102.36865997314453
        ],
        [
          -0.43585875630378723,
          -0.9000149369239807,
          -0.00045169758959673345,
          -38.668704986572266
        ],
        [
          -0.00037062165210954845,
          -0.00032239337451756,
          0.9999998807907104,
          0.8947708010673523
        ],
        [
          0.0,
          0.0,
          0.0,
          1.0
        ]
      ],
      "matrix_world_from_sensor_bevfusion": [
        [
          -0.9000149965286255,
          -0.4358588755130768,
          -0.00019304703164380044,
          102.36865997314453
        ],
        [
          0.43585875630378723,
          -0.9000149369239807,
          0.00045169758959673345,
          38.668704986572266
        ],
        [
          -0.00037062165210954845,
          0.00032239337451756,
          0.9999998807907104,
          0.8947708010673523
        ],
        [
          0.0,
          0.0,
          0.0,
          1.0
        ]
      ],
      "matrix_ego_from_sensor_carla": [
        [
          0.7071066498756409,
          0.70710688829422,
          -3.3818437827903836e-08,
          1.649997353553772
        ],
        [
          -0.70710688829422,
          0.7071067094802856,
          -1.4155800975856891e-08,
          -0.7499923706054688
        ],
        [
          1.3868501014258072e-08,
          3.385708424730183e-08,
          1.0,
          0.9000000357627869
        ],
        [
          0.0,
          0.0,
          0.0,
          1.0
        ]
      ],
      "matrix_ego_from_sensor_bevfusion": [
        [
          0.7071066498756409,
          -0.70710688829422,
          -3.3818437827903836e-08,
          1.649997353553772
        ],
        [
          0.70710688829422,
          0.7071067094802856,
          1.4155800975856891e-08,
          0.7499923706054688
        ],
        [
          1.3868501014258072e-08,
          -3.385708424730183e-08,
          1.0,
          0.9000000357627869
        ],
        [
          0.0,
          0.0,
          0.0,
          1.0
        ]
      ],
      "data_path": "D:\\Agent-AI\\outputs\\s3a_ml_long_v1\\sample_000049\\radar\\RADAR_FRONT_LEFT.npy",
      "raw_layout": [
        "velocity",
        "altitude",
        "azimuth",
        "depth"
      ]
    },
    "RADAR_FRONT_RIGHT": {
      "type_id": "sensor.other.radar",
      "blueprint_attributes": {
        "sensor_tick": "0.100000",
