{
  "schema_version": "stage1.v1",
  "sample_name": "sample_000021",
  "sequence_index": 21,
  "previous_sample_name": "sample_000020",
  "frame_id": 2198,
  "timestamp": 33.940632309764624,
  "platform_timestamp": 16781882.8047974,
  "delta_seconds": 0.05000000074505806,
  "town": "Carla/Maps/Town10HD_Opt",
  "weather": {
    "cloudiness": 20.0,
    "dust_storm": 0.0,
    "fog_density": 2.0,
    "fog_distance": 0.75,
    "fog_falloff": 0.10000000149011612,
    "mie_scattering_scale": 0.029999999329447746,
    "precipitation": 0.0,
    "precipitation_deposits": 0.0,
    "rayleigh_scattering_scale": 0.03310000151395798,
    "scattering_intensity": 1.0,
    "sun_altitude_angle": 45.0,
    "sun_azimuth_angle": 300.0,
    "wetness": 0.0,
    "wind_intensity": 10.0
  },
  "sensor_names": [
    "CAM_FRONT",
    "CAM_FRONT_RIGHT",
    "CAM_FRONT_LEFT",
    "CAM_BACK",
    "CAM_BACK_LEFT",
    "CAM_BACK_RIGHT",
    "LIDAR_TOP",
    "RADAR_FRONT",
    "RADAR_FRONT_LEFT",
    "RADAR_FRONT_RIGHT",
    "RADAR_BACK_LEFT",
    "RADAR_BACK_RIGHT"
  ],
  "camera_order_for_model": [
    "CAM_FRONT",
    "CAM_FRONT_RIGHT",
    "CAM_FRONT_LEFT",
    "CAM_BACK",
    "CAM_BACK_LEFT",
    "CAM_BACK_RIGHT"
  ],
  "radar_order_for_model": [
    "RADAR_FRONT",
    "RADAR_FRONT_LEFT",
    "RADAR_FRONT_RIGHT",
    "RADAR_BACK_LEFT",
    "RADAR_BACK_RIGHT"
  ],
  "coordinate_notes": {
    "carla_world": "left-handed x-forward y-right z-up",
    "bevfusion_lidar": "x-forward y-left z-up",
    "camera_frame_for_model": "OpenCV style x-right y-down z-forward"
  },
  "ego": {
    "actor_id": 24,
    "transform_carla": {
      "location": {
        "x": -55.89299774169922,
        "y": 22.25520896911621,
        "z": -0.00548694608733058
      },
      "rotation": {
        "roll": 1.1508870124816895,
        "pitch": 0.3118254244327545,
        "yaw": -23.432598114013672
      }
    },
    "velocity_carla": [
      7.3545379638671875,
      -3.694119453430176,
      -0.00013384818157646805
    ],
    "angular_velocity_carla": [
      -1.7988947629928589,
      3.183753728866577,
      -26.751449584960938
    ],
    "matrix_world_from_ego_carla": [
      [
        0.9175149202346802,
        0.3976900279521942,
        0.0029948600567877293,
        -55.89299774169922
      ],
      [
        -0.3976640999317169,
        0.9172999262809753,
        0.020592765882611275,
        22.25520896911621
      ],
      [
        0.005442353431135416,
        -0.02008512057363987,
        0.999783456325531,
        -0.00548694608733058
      ],
      [
        0.0,
        0.0,
        0.0,
        1.0
      ]
    ],
    "matrix_world_from_ego_bevfusion": [
      [
        0.9175149202346802,
        -0.3976900279521942,
        0.0029948600567877293,
        -55.89299774169922
      ],
      [
        0.3976640999317169,
        0.9172999262809753,
        -0.020592765882611275,
        -22.25520896911621
      ],
      [
        0.005442353431135416,
        0.02008512057363987,
        0.999783456325531,
        -0.00548694608733058
      ],
      [
        0.0,
        0.0,
        0.0,
        1.0
      ]
    ]
  },
  "sensors": {
    "CAM_FRONT": {
      "type_id": "sensor.camera.rgb",
      "blueprint_attributes": {
        "role_name": "front",
        "ros_name": "sensor.camera.rgb",
        "chromatic_aberration_offset": "0.0",
        "sensor_tick": "0.050000",
        "fstop": "1.4",
        "image_size_x": "1600",
        "image_size_y": "900",
        "fov": "70.00",
        "lens_circle_falloff": "5.0",
        "lens_circle_multiplier": "0.0",
        "exposure_compensation": "0.0",
        "lens_y_size": "0.08",
        "lens_k": "-1.0",
        "exposure_mode": "histogram",
        "lens_kcube": "0.0",
        "lens_x_size": "0.08",
        "exposure_max_bright": "12.0",
        "shutter_speed": "200.0",
        "bloom_intensity": "0.675",
        "iso": "100.0",
        "enable_postprocess_effects": "false",
        "gamma": "2.2",
        "motion_blur_intensity": "0.0",
        "motion_blur_max_distortion": "0.35",
        "lens_flare_intensity": "0.1",
        "motion_blur_min_object_screen_size": "0.1",
        "exposure_min_bright": "10.0",
        "exposure_speed_up": "3.0",
        "exposure_speed_down": "1.0",
        "tint": "0.0",
        "calibration_constant": "16.0",
        "focal_distance": "1000.0",
        "min_fstop": "1.2",
        "blade_count": "5",
        "blur_amount": "0.0",
        "blur_radius": "0.0",
        "slope": "0.88",
        "toe": "0.55",
        "white_clip": "0.04",
        "shoulder": "0.26",
        "black_clip": "0.0",
        "temp": "6500.0",
        "chromatic_aberration_intensity": "0.0"
      },
      "transform_carla": {
        "location": {
          "x": -54.465755462646484,
          "y": 21.673837661743164,
          "z": 1.7025805711746216
        },
        "rotation": {
          "roll": 1.1508870124816895,
          "pitch": 0.3118254244327545,
          "yaw": -23.432598114013672
        }
      },
      "matrix_world_from_sensor_carla": [
        [
          0.9175149202346802,
          0.3976900279521942,
          0.0029948600567877293,
          -54.465755462646484
        ],
        [
          -0.3976640999317169,
          0.9172999262809753,
          0.020592765882611275,
          21.673837661743164
        ],
        [
          0.005442353431135416,
          -0.02008512057363987,
          0.999783456325531,
          1.7025805711746216
        ],
        [
          0.0,
          0.0,
          0.0,
          1.0
        ]
      ],
      "matrix_world_from_sensor_bevfusion": [
        [
          0.3976900279521942,
          -0.0029948600567877293,
          0.9175149202346802,
          -54.465755462646484
        ],
        [
          -0.9172999262809753,
          0.020592765882611275,
          0.3976640999317169,
          -21.673837661743164
        ],
        [
          -0.02008512057363987,
          -0.999783456325531,
          0.005442353431135416,
          1.7025805711746216
        ],
        [
          0.0,
          0.0,
          0.0,
          1.0
        ]
      ],
      "matrix_ego_from_sensor_carla": [
        [
          1.0,
          -1.0239951109269896e-08,
          8.160927489342384e-11,
          1.5500030517578125
        ],
        [
          -1.6680888892395274e-09,
          1.0,
          2.8984370459284037e-11,
          2.384185791015625e-07
        ],
        [
          8.150843888721226e-11,
          2.9387714484130356e-11,
          1.0,
          1.6999999284744263
        ],
        [
          0.0,
          0.0,
          0.0,
          1.0
        ]
      ],
      "matrix_ego_from_sensor_bevfusion": [
        [
          -1.0239951109269896e-08,
          -8.160927489342384e-11,
          1.0,
          1.5500030517578125
        ],
        [
          -1.0,
          2.8984370459284037e-11,
          1.6680888892395274e-09,
          -2.384185791015625e-07
        ],
        [
          2.9387714484130356e-11,
          -1.0,
          8.150843888721226e-11,
          1.6999999284744263
        ],
        [
          0.0,
          0.0,
          0.0,
          1.0
        ]
      ],
      "camera_intrinsics": [
        [
          1142.5184326171875,
          0.0,
          800.0
        ],
        [
          0.0,
          1142.5184326171875,
          450.0
        ],
        [
          0.0,
          0.0,
          1.0
        ]
      ],
      "data_path": "D:\\Agent-AI\\outputs\\samples\\sample_000021\\images\\CAM_FRONT.png",
      "raw_layout": "bgra8"
    },
    "CAM_FRONT_RIGHT": {
      "type_id": "sensor.camera.rgb",
      "blueprint_attributes": {
        "role_name": "front",
        "ros_name": "sensor.camera.rgb",
        "chromatic_aberration_offset": "0.0",
        "sensor_tick": "0.050000",
        "fstop": "1.4",
        "image_size_x": "1600",
        "image_size_y": "900",
        "fov": "70.00",
        "lens_circle_falloff": "5.0",
        "lens_circle_multiplier": "0.0",
        "exposure_compensation": "0.0",
        "lens_y_size": "0.08",
        "lens_k": "-1.0",
        "exposure_mode": "histogram",
        "lens_kcube": "0.0",
        "lens_x_size": "0.08",
        "exposure_max_bright": "12.0",
        "shutter_speed": "200.0",
        "bloom_intensity": "0.675",
        "iso": "100.0",
        "enable_postprocess_effects": "false",
        "gamma": "2.2",
        "motion_blur_intensity": "0.0",
        "motion_blur_max_distortion": "0.35",
        "lens_flare_intensity": "0.1",
        "motion_blur_min_object_screen_size": "0.1",
        "exposure_min_bright": "10.0",
        "exposure_speed_up": "3.0",
        "exposure_speed_down": "1.0",
        "tint": "0.0",
        "calibration_constant": "16.0",
        "focal_distance": "1000.0",
        "min_fstop": "1.2",
        "blade_count": "5",
        "blur_amount": "0.0",
        "blur_radius": "0.0",
        "slope": "0.88",
        "toe": "0.55",
        "white_clip": "0.04",
        "shoulder": "0.26",
        "black_clip": "0.0",
        "temp": "6500.0",
        "chromatic_aberration_intensity": "0.0"
      },
      "transform_carla": {
        "location": {
          "x": -54.47640609741211,
          "y": 22.277767181396484,
          "z": 1.6901732683181763
        },
        "rotation": {
          "roll": 0.9156190156936646,
          "pitch": -0.7638404965400696,
          "yaw": 31.558156967163086
        }
      },
      "matrix_world_from_sensor_carla": [
        [
          0.8520336747169495,
          -0.5234784483909607,
          0.002994842827320099,
          -54.47640609741211
        ],
        [
          0.523317277431488,
          0.8518890738487244,
          0.02059275284409523,
          22.277767181396484
        ],
        [
          -0.013331136666238308,
          -0.015978466719388962,
          0.999783456325531,
          1.6901732683181763
        ],
        [
          0.0,
          0.0,
          0.0,
          1.0
        ]
      ],
      "matrix_world_from_sensor_bevfusion": [
        [
          -0.5234784483909607,
          -0.002994842827320099,
          0.8520336747169495,
          -54.47640609741211
        ],
        [
          -0.8518890738487244,
          0.02059275284409523,
          -0.523317277431488,
          -22.277767181396484
        ],
        [
          -0.015978466719388962,
          -0.999783456325531,
          -0.013331136666238308,
          1.6901732683181763
        ],
        [
          0.0,
          0.0,
          0.0,
          1.0
        ]
      ],
      "matrix_ego_from_sensor_carla": [
        [
          0.5735765695571899,
          -0.8191519379615784,
          -1.0628600222162277e-08,
          1.3000068664550781
        ],
        [
          0.8191519975662231,
          0.5735765695571899,
          -1.8597466677761076e-08,
          0.5499995946884155
        ],
        [
          2.3887723799020932e-08,
          1.103853675132882e-09,
          1.0,
          1.7000000476837158
        ],
        [
          0.0,
          0.0,
          0.0,
          1.0
        ]
      ],
      "matrix_ego_from_sensor_bevfusion": [
        [
          -0.8191519379615784,
          1.0628600222162277e-08,
          0.5735765695571899,
          1.3000068664550781
        ],
        [
          -0.5735765695571899,
          -1.8597466677761076e-08,
          -0.8191519975662231,
          -0.5499995946884155
        ],
        [
          1.103853675132882e-09,
          -1.0,
          2.3887723799020932e-08,
          1.7000000476837158
        ],
        [
          0.0,
          0.0,
          0.0,
          1.0
        ]
      ],
      "camera_intrinsics": [
        [
          1142.5184326171875,
          0.0,
          800.0
        ],
        [
          0.0,
          1142.5184326171875,
          450.0
        ],
        [
          0.0,
          0.0,
          1.0
        ]
      ],
      "data_path": "D:\\Agent-AI\\outputs\\samples\\sample_000021\\images\\CAM_FRONT_RIGHT.png",
      "raw_layout": "bgra8"
    },
    "CAM_FRONT_LEFT": {
      "type_id": "sensor.camera.rgb",
      "blueprint_attributes": {
        "role_name": "front",
        "ros_name": "sensor.camera.rgb",
        "chromatic_aberration_offset": "0.0",
        "sensor_tick": "0.050000",
        "fstop": "1.4",
        "image_size_x": "1600",
        "image_size_y": "900",
        "fov": "70.00",
        "lens_circle_falloff": "5.0",
        "lens_circle_multiplier": "0.0",
        "exposure_compensation": "0.0",
        "lens_y_size": "0.08",
        "lens_k": "-1.0",
        "exposure_mode": "histogram",
        "lens_kcube": "0.0",
        "lens_x_size": "0.08",
        "exposure_max_bright": "12.0",
        "shutter_speed": "200.0",
        "bloom_intensity": "0.675",
        "iso": "100.0",
        "enable_postprocess_effects": "false",
        "gamma": "2.2",
        "motion_blur_intensity": "0.0",
        "motion_blur_max_distortion": "0.35",
        "lens_flare_intensity": "0.1",
        "motion_blur_min_object_screen_size": "0.1",
        "exposure_min_bright": "10.0",
        "exposure_speed_up": "3.0",
        "exposure_speed_down": "1.0",
        "tint": "0.0",
        "calibration_constant": "16.0",
        "focal_distance": "1000.0",
        "min_fstop": "1.2",
        "blade_count": "5",
        "blur_amount": "0.0",
        "blur_radius": "0.0",
        "slope": "0.88",
        "toe": "0.55",
        "white_clip": "0.04",
        "shoulder": "0.26",
        "black_clip": "0.0",
        "temp": "6500.0",
        "chromatic_aberration_intensity": "0.0"
      },
      "transform_carla": {
        "location": {
          "x": -54.91386413574219,
          "y": 21.26873779296875,
          "z": 1.7122668027877808
        },
        "rotation": {
          "roll": 0.40471723675727844,
          "pitch": 1.1215989589691162,
          "yaw": -78.43177795410156
        }
      },
      "matrix_world_from_sensor_carla": [
        [
          0.2004961520433426,
          0.97968989610672,
          0.0029948693700134754,
          -54.91386413574219
        ],
        [
          -0.9794989228248596,
          0.20039410889148712,
          0.020592737942934036,
          21.26873779296875
        ],
        [
          0.019574344158172607,
          -0.007062236312776804,
          0.999783456325531,
          1.7122668027877808
        ],
        [
          0.0,
          0.0,
          0.0,
          1.0
        ]
      ],
      "matrix_world_from_sensor_bevfusion": [
        [
          0.97968989610672,
          -0.0029948693700134754,
          0.2004961520433426,
          -54.91386413574219
        ],
        [
          -0.20039410889148712,
          0.020592737942934036,
          0.9794989228248596,
          -21.26873779296875
        ],
        [
          -0.007062236312776804,
          -0.999783456325531,
          0.019574344158172607,
          1.7122668027877808
        ],
        [
          0.0,
          0.0,
          0.0,
          1.0
        ]
      ],
      "matrix_ego_from_sensor_carla": [
        [
          0.5735762715339661,
          0.8191521167755127,
          1.9639383452840775e-08,
          1.3000068664550781
        ],
        [
          -0.8191521763801575,
          0.5735763311386108,
          -2.0460111826992033e-08,
          -0.5499999523162842
        ],
        [
          -3.098501721865432e-08,
          -2.277372734837968e-09,
          1.0,
          1.6999999284744263
        ],
        [
          0.0,
          0.0,
          0.0,
          1.0
        ]
      ],
      "matrix_ego_from_sensor_bevfusion": [
        [
          0.8191521167755127,
          -1.9639383452840775e-08,
          0.5735762715339661,
          1.3000068664550781
        ],
        [
          -0.5735763311386108,
          -2.0460111826992033e-08,
          0.8191521763801575,
          0.5499999523162842
        ],
        [
          -2.277372734837968e-09,
          -1.0,
          -3.098501721865432e-08,
          1.6999999284744263
        ],
        [
          0.0,
          0.0,
          0.0,
          1.0
        ]
      ],
      "camera_intrinsics": [
        [
          1142.5184326171875,
          0.0,
          800.0
        ],
        [
          0.0,
          1142.5184326171875,
          450.0
        ],
        [
          0.0,
          0.0,
          1.0
        ]
      ],
      "data_path": "D:\\Agent-AI\\outputs\\samples\\sample_000021\\images\\CAM_FRONT_LEFT.png",
      "raw_layout": "bgra8"
    },
    "CAM_BACK": {
      "type_id": "sensor.camera.rgb",
      "blueprint_attributes": {
        "role_name": "front",
        "ros_name": "sensor.camera.rgb",
        "chromatic_aberration_offset": "0.0",
        "sensor_tick": "0.050000",
        "fstop": "1.4",
        "image_size_x": "1600",
        "image_size_y": "900",
        "fov": "70.00",
        "lens_circle_falloff": "5.0",
        "lens_circle_multiplier": "0.0",
        "exposure_compensation": "0.0",
        "lens_y_size": "0.08",
        "lens_k": "-1.0",
        "exposure_mode": "histogram",
        "lens_kcube": "0.0",
        "lens_x_size": "0.08",
        "exposure_max_bright": "12.0",
        "shutter_speed": "200.0",
        "bloom_intensity": "0.675",
        "iso": "100.0",
        "enable_postprocess_effects": "false",
        "gamma": "2.2",
        "motion_blur_intensity": "0.0",
        "motion_blur_max_distortion": "0.35",
        "lens_flare_intensity": "0.1",
        "motion_blur_min_object_screen_size": "0.1",
        "exposure_min_bright": "10.0",
        "exposure_speed_up": "3.0",
        "exposure_speed_down": "1.0",
        "tint": "0.0",
        "calibration_constant": "16.0",
        "focal_distance": "1000.0",
        "min_fstop": "1.2",
        "blade_count": "5",
        "blur_amount": "0.0",
        "blur_radius": "0.0",
        "slope": "0.88",
        "toe": "0.55",
        "white_clip": "0.04",
        "shoulder": "0.26",
        "black_clip": "0.0",
        "temp": "6500.0",
        "chromatic_aberration_intensity": "0.0"
      },
      "transform_carla": {
        "location": {
          "x": -57.31005096435547,
          "y": 22.90659523010254,
          "z": 1.6857093572616577
        },
        "rotation": {
          "roll": -1.1508868932724,
          "pitch": -0.3118254244327545,
          "yaw": 156.56741333007812
        }
      },
      "matrix_world_from_sensor_carla": [
        [
          -0.9175150394439697,
          -0.3976898193359375,
          0.002994854934513569,
          -57.31005096435547
        ],
        [
          0.3976638913154602,
          -0.9173000454902649,
          0.020592767745256424,
          22.90659523010254
        ],
        [
          -0.005442353431135416,
          0.02008511871099472,
          0.999783456325531,
          1.6857093572616577
        ],
        [
          0.0,
          0.0,
          0.0,
          1.0
        ]
      ],
      "matrix_world_from_sensor_bevfusion": [
        [
          -0.3976898193359375,
          -0.002994854934513569,
          -0.9175150394439697,
          -57.31005096435547
        ],
        [
          0.9173000454902649,
          0.020592767745256424,
          -0.3976638913154602,
          -22.90659523010254
        ],
        [
          0.02008511871099472,
          -0.999783456325531,
          -0.005442353431135416,
          1.6857093572616577
        ],
        [
          0.0,
          0.0,
          0.0,
          1.0
        ]
      ],
      "matrix_ego_from_sensor_carla": [
        [
          -1.0,
          2.364466098470075e-07,
          -5.0406647744694055e-09,
          -1.5499954223632812
        ],
        [
          -2.492942314802349e-07,
          -1.0,
          2.8984370459284037e-11,
          1.1920928955078125e-07
        ],
        [
          -5.203782738050222e-09,
          -3.754274668921198e-09,
          1.0,
          1.7000000476837158
        ],
        [
          0.0,
          0.0,
          0.0,
          1.0
        ]
      ],
      "matrix_ego_from_sensor_bevfusion": [
        [
          2.364466098470075e-07,
          5.0406647744694055e-09,
          -1.0,
          -1.5499954223632812
        ],
        [
          1.0,
          2.8984370459284037e-11,
          2.492942314802349e-07,
          -1.1920928955078125e-07
        ],
        [
          -3.754274668921198e-09,
          -1.0,
          -5.203782738050222e-09,
          1.7000000476837158
        ],
        [
          0.0,
          0.0,
          0.0,
          1.0
        ]
      ],
      "camera_intrinsics": [
        [
          1142.5184326171875,
          0.0,
          800.0
        ],
        [
          0.0,
          1142.5184326171875,
          450.0
        ],
        [
          0.0,
          0.0,
          1.0
        ]
      ],
      "data_path": "D:\\Agent-AI\\outputs\\samples\\sample_000021\\images\\CAM_BACK.png",
      "raw_layout": "bgra8"
    },
    "CAM_BACK_LEFT": {
      "type_id": "sensor.camera.rgb",
      "blueprint_attributes": {
        "role_name": "front",
        "ros_name": "sensor.camera.rgb",
        "chromatic_aberration_offset": "0.0",
        "sensor_tick": "0.050000",
        "fstop": "1.4",
        "image_size_x": "1600",
        "image_size_y": "900",
        "fov": "70.00",
        "lens_circle_falloff": "5.0",
        "lens_circle_multiplier": "0.0",
        "exposure_compensation": "0.0",
        "lens_y_size": "0.08",
        "lens_k": "-1.0",
        "exposure_mode": "histogram",
        "lens_kcube": "0.0",
        "lens_x_size": "0.08",
        "exposure_max_bright": "12.0",
        "shutter_speed": "200.0",
        "bloom_intensity": "0.675",
        "iso": "100.0",
        "enable_postprocess_effects": "false",
        "gamma": "2.2",
        "motion_blur_intensity": "0.0",
        "motion_blur_max_distortion": "0.35",
        "lens_flare_intensity": "0.1",
        "motion_blur_min_object_screen_size": "0.1",
        "exposure_min_bright": "10.0",
        "exposure_speed_up": "3.0",
        "exposure_speed_down": "1.0",
        "tint": "0.0",
        "calibration_constant": "16.0",
        "focal_distance": "1000.0",
        "min_fstop": "1.2",
        "blade_count": "5",
        "blur_amount": "0.0",
        "blur_radius": "0.0",
        "slope": "0.88",
        "toe": "0.55",
        "white_clip": "0.04",
        "shoulder": "0.26",
        "black_clip": "0.0",
        "temp": "6500.0",
        "chromatic_aberration_intensity": "0.0"
      },
      "transform_carla": {
        "location": {
          "x": -57.29940414428711,
          "y": 22.30266571044922,
          "z": 1.6981165409088135
        },
        "rotation": {
          "roll": -0.9156190156936646,
          "pitch": 0.7638404965400696,
          "yaw": -148.44183349609375
        }
      },
      "matrix_world_from_sensor_carla": [
        [
          -0.8520334959030151,
          0.5234786868095398,
          0.002994837239384651,
          -57.29940414428711
        ],
        [
          -0.5233175158500671,
          -0.85188889503479,
          0.02059275284409523,
          22.30266571044922
        ],
        [
          0.013331136666238308,
          0.015978466719388962,
          0.999783456325531,
          1.6981165409088135
        ],
        [
          0.0,
          0.0,
          0.0,
          1.0
        ]
      ],
      "matrix_world_from_sensor_bevfusion": [
        [
          0.5234786868095398,
          -0.002994837239384651,
          -0.8520334959030151,
          -57.29940414428711
        ],
        [
          0.85188889503479,
          0.02059275284409523,
          0.5233175158500671,
          -22.30266571044922
        ],
        [
          0.015978466719388962,
          -0.999783456325531,
          0.013331136666238308,
          1.6981165409088135
        ],
        [
          0.0,
          0.0,
          0.0,
          1.0
        ]
      ],
      "matrix_ego_from_sensor_carla": [
        [
          -0.5735763311386108,
          0.8191520571708679,
          -1.575087438254741e-08,
          -1.2999954223632812
        ],
        [
          -0.8191521763801575,
          -0.5735762715339661,
          -2.0460111826992033e-08,
          -0.5499992370605469
        ],
        [
          -2.8544336672098325e-08,
          2.621436623329032e-09,
          1.0,
          1.6999998092651367
        ],
        [
          0.0,
          0.0,
          0.0,
          1.0
        ]
      ],
      "matrix_ego_from_sensor_bevfusion": [
        [
          0.8191520571708679,
          1.575087438254741e-08,
          -0.5735763311386108,
          -1.2999954223632812
        ],
        [
          0.5735762715339661,
          -2.0460111826992033e-08,
          0.8191521763801575,
          0.5499992370605469
        ],
        [
          2.621436623329032e-09,
          -1.0,
          -2.8544336672098325e-08,
          1.6999998092651367
        ],
        [
          0.0,
          0.0,
          0.0,
          1.0
        ]
      ],
      "camera_intrinsics": [
        [
          1142.5184326171875,
          0.0,
          800.0
        ],
        [
          0.0,
          1142.5184326171875,
          450.0
        ],
        [
          0.0,
          0.0,
          1.0
        ]
      ],
      "data_path": "D:\\Agent-AI\\outputs\\samples\\sample_000021\\images\\CAM_BACK_LEFT.png",
      "raw_layout": "bgra8"
    },
    "CAM_BACK_RIGHT": {
      "type_id": "sensor.camera.rgb",
      "blueprint_attributes": {
        "role_name": "front",
        "ros_name": "sensor.camera.rgb",
        "chromatic_aberration_offset": "0.0",
        "sensor_tick": "0.050000",
        "fstop": "1.4",
        "image_size_x": "1600",
        "image_size_y": "900",
        "fov": "70.00",
        "lens_circle_falloff": "5.0",
        "lens_circle_multiplier": "0.0",
        "exposure_compensation": "0.0",
        "lens_y_size": "0.08",
        "lens_k": "-1.0",
        "exposure_mode": "histogram",
        "lens_kcube": "0.0",
        "lens_x_size": "0.08",
        "exposure_max_bright": "12.0",
        "shutter_speed": "200.0",
        "bloom_intensity": "0.675",
        "iso": "100.0",
        "enable_postprocess_effects": "false",
        "gamma": "2.2",
        "motion_blur_intensity": "0.0",
        "motion_blur_max_distortion": "0.35",
        "lens_flare_intensity": "0.1",
        "motion_blur_min_object_screen_size": "0.1",
        "exposure_min_bright": "10.0",
        "exposure_speed_up": "3.0",
        "exposure_speed_down": "1.0",
        "tint": "0.0",
        "calibration_constant": "16.0",
        "focal_distance": "1000.0",
        "min_fstop": "1.2",
        "blade_count": "5",
        "blur_amount": "0.0",
        "blur_radius": "0.0",
        "slope": "0.88",
        "toe": "0.55",
        "white_clip": "0.04",
        "shoulder": "0.26",
        "black_clip": "0.0",
        "temp": "6500.0",
        "chromatic_aberration_intensity": "0.0"
      },
      "transform_carla": {
        "location": {
          "x": -56.86194610595703,
          "y": 23.311697006225586,
          "z": 1.676023006439209
        },
        "rotation": {
          "roll": -0.40471693873405457,
          "pitch": -1.1215989589691162,
          "yaw": 101.56822204589844
        }
      },
      "matrix_world_from_sensor_carla": [
        [
          -0.2004961222410202,
          -0.97968989610672,
          0.002994865644723177,
          -56.86194610595703
        ],
        [
          0.9794989228248596,
          -0.20039407908916473,
          0.020592737942934036,
          23.311697006225586
        ],
        [
          -0.019574344158172607,
          0.007062231190502644,
          0.999783456325531,
          1.676023006439209
        ],
        [
          0.0,
          0.0,
          0.0,
          1.0
        ]
      ],
      "matrix_world_from_sensor_bevfusion": [
        [
          -0.97968989610672,
          -0.002994865644723177,
          -0.2004961222410202,
          -56.86194610595703
        ],
        [
          0.20039407908916473,
          0.020592737942934036,
          -0.9794989228248596,
          -23.311697006225586
        ],
        [
          0.007062231190502644,
          -0.999783456325531,
          -0.019574344158172607,
          1.676023006439209
        ],
        [
          0.0,
          0.0,
          0.0,
          1.0
        ]
      ],
      "matrix_ego_from_sensor_carla": [
        [
          -0.5735762119293213,
          -0.8191521763801575,
          1.63797544416866e-08,
          -1.2999992370605469
        ],
        [
          0.8191521763801575,
          -0.5735763311386108,
          -2.232275697622299e-08,
          0.5500019788742065
        ],
        [
          3.098501721865432e-08,
          -2.378130803393219e-09,
          1.0,
          1.6999999284744263
        ],
        [
          0.0,
          0.0,
          0.0,
          1.0
        ]
      ],
      "matrix_ego_from_sensor_bevfusion": [
        [
          -0.8191521763801575,
          -1.63797544416866e-08,
          -0.5735762119293213,
          -1.2999992370605469
        ],
        [
          0.5735763311386108,
          -2.232275697622299e-08,
          -0.8191521763801575,
          -0.5500019788742065
        ],
        [
          -2.378130803393219e-09,
          -1.0,
          3.098501721865432e-08,
          1.6999999284744263
        ],
        [
          0.0,
          0.0,
          0.0,
          1.0
        ]
      ],
      "camera_intrinsics": [
        [
          1142.5184326171875,
          0.0,
          800.0
        ],
        [
          0.0,
          1142.5184326171875,
          450.0
        ],
        [
          0.0,
          0.0,
          1.0
        ]
      ],
      "data_path": "D:\\Agent-AI\\outputs\\samples\\sample_000021\\images\\CAM_BACK_RIGHT.png",
      "raw_layout": "bgra8"
    },
    "LIDAR_TOP": {
      "type_id": "sensor.lidar.ray_cast",
      "blueprint_attributes": {
        "atmosphere_attenuation_rate": "0.004",
        "role_name": "front",
        "noise_seed": "0",
        "upper_fov": "10.0",
        "ros_name": "sensor.lidar.ray_cast",
        "sensor_tick": "0.050000",
        "channels": "32",
        "range": "120.0",
        "points_per_second": "360000",
        "lower_fov": "-30.0",
        "rotation_frequency": "20.000000",
        "horizontal_fov": "360.0",
        "dropoff_general_rate": "0.0",
        "dropoff_intensity_limit": "1.0",
        "noise_stddev": "0.0",
        "dropoff_zero_intensity": "0.0"
      },
      "transform_carla": {
        "location": {
          "x": -55.886409759521484,
          "y": 22.300514221191406,
          "z": 2.1940367221832275
        },
        "rotation": {
          "roll": 1.1508870124816895,
          "pitch": 0.3118254244327545,
          "yaw": -23.432598114013672
        }
      },
      "matrix_world_from_sensor_carla": [
        [
          0.9175149202346802,
          0.3976900279521942,
          0.0029948600567877293,
          -55.886409759521484
        ],
        [
          -0.3976640999317169,
          0.9172999262809753,
          0.020592765882611275,
          22.300514221191406
        ],
        [
          0.005442353431135416,
          -0.02008512057363987,
          0.999783456325531,
          2.1940367221832275
        ],
        [
          0.0,
          0.0,
          0.0,
          1.0
        ]
      ],
      "matrix_world_from_sensor_bevfusion": [
        [
          0.9175149202346802,
          -0.3976900279521942,
          0.0029948600567877293,
          -55.886409759521484
        ],
        [
          0.3976640999317169,
          0.9172999262809753,
          -0.020592765882611275,
          -22.300514221191406
        ],
        [
          0.005442353431135416,
          0.02008512057363987,
          0.999783456325531,
          2.1940367221832275
        ],
        [
          0.0,
          0.0,
          0.0,
          1.0
        ]
      ],
      "matrix_ego_from_sensor_carla": [
        [
          1.0,
          -1.0239951109269896e-08,
          8.160927489342384e-11,
          0.0
        ],
        [
          -1.6680888892395274e-09,
          1.0,
          2.8984370459284037e-11,
          1.1920928955078125e-07
        ],
        [
          8.150843888721226e-11,
          2.9387714484130356e-11,
          1.0,
          2.200000047683716
        ],
        [
          0.0,
          0.0,
          0.0,
          1.0
        ]
      ],
      "matrix_ego_from_sensor_bevfusion": [
        [
          1.0,
          1.0239951109269896e-08,
          8.160927489342384e-11,
          0.0
        ],
        [
          1.6680888892395274e-09,
          1.0,
          -2.8984370459284037e-11,
          -1.1920928955078125e-07
        ],
        [
          8.150843888721226e-11,
          -2.9387714484130356e-11,
          1.0,
          2.200000047683716
        ],
        [
          0.0,
          0.0,
          0.0,
          1.0
        ]
      ],
      "data_path": "D:\\Agent-AI\\outputs\\samples\\sample_000021\\lidar\\LIDAR_TOP.npy",
      "raw_layout": [
        "x",
        "y",
        "z",
        "intensity"
      ]
    },
    "RADAR_FRONT": {
      "type_id": "sensor.other.radar",
      "blueprint_attributes": {
        "sensor_tick": "0.050000",
        "role_name": "default",
        "noise_seed": "0",
        "ros_name": "sensor.other.radar",
        "horizontal_fov": "35.0",
        "points_per_second": "1500",
        "vertical_fov": "20.0",
        "range": "120.0"
      },
      "transform_carla": {
        "location": {
          "x": -54.05527114868164,
          "y": 21.47841453552246,
          "z": 0.9052029252052307
        },
        "rotation": {
          "roll": 1.1508870124816895,
          "pitch": 0.3118254244327545,
          "yaw": -23.432598114013672
        }
      },
      "matrix_world_from_sensor_carla": [
        [
          0.9175149202346802,
          0.3976900279521942,
          0.0029948600567877293,
          -54.05527114868164
        ],
        [
          -0.3976640999317169,
          0.9172999262809753,
          0.020592765882611275,
          21.47841453552246
        ],
        [
          0.005442353431135416,
          -0.02008512057363987,
          0.999783456325531,
          0.9052029252052307
        ],
        [
          0.0,
          0.0,
          0.0,
          1.0
        ]
      ],
      "matrix_world_from_sensor_bevfusion": [
        [
          0.9175149202346802,
          -0.3976900279521942,
          0.0029948600567877293,
          -54.05527114868164
        ],
        [
          0.3976640999317169,
          0.9172999262809753,
          -0.020592765882611275,
          -21.47841453552246
        ],
        [
          0.005442353431135416,
          0.02008512057363987,
          0.999783456325531,
          0.9052029252052307
        ],
        [
          0.0,
          0.0,
          0.0,
          1.0
        ]
      ],
      "matrix_ego_from_sensor_carla": [
        [
          1.0,
          -1.0239951109269896e-08,
          8.160927489342384e-11,
          2.0
        ],
        [
          -1.6680888892395274e-09,
          1.0,
          2.8984370459284037e-11,
          2.384185791015625e-07
        ],
        [
          8.150843888721226e-11,
          2.9387714484130356e-11,
          1.0,
          0.8999999761581421
        ],
        [
          0.0,
          0.0,
          0.0,
          1.0
        ]
      ],
      "matrix_ego_from_sensor_bevfusion": [
        [
          1.0,
          1.0239951109269896e-08,
          8.160927489342384e-11,
          2.0
        ],
        [
          1.6680888892395274e-09,
          1.0,
          -2.8984370459284037e-11,
          -2.384185791015625e-07
        ],
        [
          8.150843888721226e-11,
          -2.9387714484130356e-11,
          1.0,
          0.8999999761581421
        ],
        [
          0.0,
          0.0,
          0.0,
          1.0
        ]
      ],
      "data_path": "D:\\Agent-AI\\outputs\\samples\\sample_000021\\radar\\RADAR_FRONT.npy",
      "raw_layout": [
        "velocity",
        "altitude",
        "azimuth",
        "depth"
      ]
    },
    "RADAR_FRONT_LEFT": {
      "type_id": "sensor.other.radar",
      "blueprint_attributes": {
        "sensor_tick": "0.050000",
        "role_name": "default",
        "noise_seed": "0",
        "ros_name": "sensor.other.radar",
        "horizontal_fov": "35.0",
        "points_per_second": "1500",
        "vertical_fov": "20.0",
        "range": "120.0"
      },
      "transform_carla": {
        "location": {
          "x": -54.6746711730957,
          "y": 20.92962074279785,
          "z": 0.9183619618415833
        },
        "rotation": {
          "roll": 0.5933475494384766,
          "pitch": 1.034281849861145,
          "yaw": -68.43040466308594
        }
      },
      "matrix_world_from_sensor_carla": [
        [
          0.36757126450538635,
          0.9299905300140381,
          0.002994868904352188,
          -54.6746711730957
        ],
        [
          -0.92982017993927,
          0.36743757128715515,
          0.020592760294675827,
          20.92962074279785
        ],
        [
          0.018050644546747208,
          -0.0103539964184165,
          0.999783456325531,
          0.9183619618415833
        ],
        [
          0.0,
          0.0,
          0.0,
          1.0
        ]
      ],
      "matrix_world_from_sensor_bevfusion": [
        [
          0.36757126450538635,
          -0.9299905300140381,
          0.002994868904352188,
          -54.6746711730957
        ],
        [
          0.92982017993927,
          0.36743757128715515,
          -0.020592760294675827,
          -20.92962074279785
        ],
        [
          0.018050644546747208,
          0.0103539964184165,
          0.999783456325531,
          0.9183619618415833
        ],
        [
          0.0,
          0.0,
          0.0,
          1.0
        ]
      ],
      "matrix_ego_from_sensor_carla": [
        [
          0.7071064114570618,
          0.7071071267127991,
          1.079181899399373e-08,
          1.6500015258789062
        ],
        [
          -0.7071071863174438,
          0.7071064710617065,
          -1.833660778771673e-09,
          -0.7500011920928955
        ],
        [
          -1.0236599123913948e-08,
          -5.188942608924663e-09,
          1.0,
          0.8999999761581421
        ],
        [
          0.0,
          0.0,
          0.0,
          1.0
        ]
      ],
      "matrix_ego_from_sensor_bevfusion": [
        [
          0.7071064114570618,
          -0.7071071267127991,
          1.079181899399373e-08,
          1.6500015258789062
        ],
        [
          0.7071071863174438,
          0.7071064710617065,
          1.833660778771673e-09,
          0.7500011920928955
        ],
        [
          -1.0236599123913948e-08,
          5.188942608924663e-09,
          1.0,
          0.8999999761581421
        ],
        [
          0.0,
          0.0,
          0.0,
          1.0
        ]
      ],
      "data_path": "D:\\Agent-AI\\outputs\\samples\\sample_000021\\radar\\RADAR_FRONT_LEFT.npy",
      "raw_layout": [
        "velocity",
        "altitude",
        "azimuth",
        "depth"
      ]
    },
    "RADAR_FRONT_RIGHT": {
      "type_id": "sensor.other.radar",
      "blueprint_attributes": {
        "sensor_tick": "0.050000",
        "role_name": "default",
        "noise_seed": "0",
        "ros_name": "sensor.other.radar",
        "horizontal_fov": "35.0",
        "points_per_second": "1500",
        "vertical_fov": "20.0",
        "range": "120.0"
      },
      "transform_carla": {
