{
  "schema_version": "stage1.v1",
  "sample_name": "sample_000037",
  "sequence_index": 37,
  "previous_sample_name": "sample_000036",
  "frame_id": 726310,
  "timestamp": 5000.894624773413,
  "platform_timestamp": 16813382.8635732,
  "delta_seconds": 0.10000000149011612,
  "town": "Carla/Maps/Town10HD_Opt",
  "weather": {
    "cloudiness": 20.0,
    "dust_storm": 0.0,
    "fog_density": 2.0,
    "fog_distance": 0.75,
    "fog_falloff": 0.10000000149011612,
    "mie_scattering_scale": 0.029999999329447746,
    "precipitation": 0.0,
    "precipitation_deposits": 0.0,
    "rayleigh_scattering_scale": 0.03310000151395798,
    "scattering_intensity": 1.0,
    "sun_altitude_angle": 45.0,
    "sun_azimuth_angle": 300.0,
    "wetness": 0.0,
    "wind_intensity": 10.0
  },
  "sensor_names": [
    "CAM_FRONT",
    "CAM_FRONT_RIGHT",
    "CAM_FRONT_LEFT",
    "CAM_BACK",
    "CAM_BACK_LEFT",
    "CAM_BACK_RIGHT",
    "LIDAR_TOP",
    "RADAR_FRONT",
    "RADAR_FRONT_LEFT",
    "RADAR_FRONT_RIGHT",
    "RADAR_BACK_LEFT",
    "RADAR_BACK_RIGHT"
  ],
  "camera_order_for_model": [
    "CAM_FRONT",
    "CAM_FRONT_RIGHT",
    "CAM_FRONT_LEFT",
    "CAM_BACK",
    "CAM_BACK_LEFT",
    "CAM_BACK_RIGHT"
  ],
  "radar_order_for_model": [
    "RADAR_FRONT",
    "RADAR_FRONT_LEFT",
    "RADAR_FRONT_RIGHT",
    "RADAR_BACK_LEFT",
    "RADAR_BACK_RIGHT"
  ],
  "coordinate_notes": {
    "carla_world": "left-handed x-forward y-right z-up",
    "bevfusion_lidar": "x-forward y-left z-up",
    "camera_frame_for_model": "OpenCV style x-right y-down z-forward"
  },
  "ego": {
    "actor_id": 49,
    "transform_carla": {
      "location": {
        "x": 103.83525848388672,
        "y": -36.76042556762695,
        "z": -0.004599342122673988
      },
      "rotation": {
        "roll": 0.08617131412029266,
        "pitch": 0.026391848921775818,
        "yaw": -108.39820861816406
      }
    },
    "velocity_carla": [
      -1.09513521194458,
      -2.9652483463287354,
      2.005576970987022e-05
    ],
    "angular_velocity_carla": [
      1.3402302265167236,
      -0.7575539946556091,
      -4.623215198516846
    ],
    "matrix_world_from_ego_carla": [
      [
        -0.3156193494796753,
        0.9488845467567444,
        0.0015724801924079657,
        103.83525848388672
      ],
      [
        -0.9488857388496399,
        -0.31561967730522156,
        -3.760319668799639e-05,
        -36.76042556762695
      ],
      [
        0.00046062463661655784,
        -0.0015039723366498947,
        0.9999987483024597,
        -0.004599342122673988
      ],
      [
        0.0,
        0.0,
        0.0,
        1.0
      ]
    ],
    "matrix_world_from_ego_bevfusion": [
      [
        -0.3156193494796753,
        -0.9488845467567444,
        0.0015724801924079657,
        103.83525848388672
      ],
      [
        0.9488857388496399,
        -0.31561967730522156,
        3.760319668799639e-05,
        36.76042556762695
      ],
      [
        0.00046062463661655784,
        0.0015039723366498947,
        0.9999987483024597,
        -0.004599342122673988
      ],
      [
        0.0,
        0.0,
        0.0,
        1.0
      ]
    ]
  },
  "sensors": {
    "CAM_FRONT": {
      "type_id": "sensor.camera.rgb",
      "blueprint_attributes": {
        "role_name": "front",
        "ros_name": "sensor.camera.rgb",
        "chromatic_aberration_offset": "0.0",
        "sensor_tick": "0.100000",
        "fstop": "1.4",
        "image_size_x": "960",
        "image_size_y": "540",
        "fov": "70.00",
        "lens_circle_falloff": "5.0",
        "lens_circle_multiplier": "0.0",
        "exposure_compensation": "0.0",
        "lens_y_size": "0.08",
        "lens_k": "-1.0",
        "exposure_mode": "histogram",
        "lens_kcube": "0.0",
        "lens_x_size": "0.08",
        "exposure_max_bright": "12.0",
        "shutter_speed": "200.0",
        "bloom_intensity": "0.675",
        "iso": "100.0",
        "enable_postprocess_effects": "false",
        "gamma": "2.2",
        "motion_blur_intensity": "0.0",
        "motion_blur_max_distortion": "0.35",
        "lens_flare_intensity": "0.1",
        "motion_blur_min_object_screen_size": "0.1",
        "exposure_min_bright": "10.0",
        "exposure_speed_up": "3.0",
        "exposure_speed_down": "1.0",
        "tint": "0.0",
        "calibration_constant": "16.0",
        "focal_distance": "1000.0",
        "min_fstop": "1.2",
        "blade_count": "5",
        "blur_amount": "0.0",
        "blur_radius": "0.0",
        "slope": "0.88",
        "toe": "0.55",
        "white_clip": "0.04",
        "shoulder": "0.26",
        "black_clip": "0.0",
        "temp": "6500.0",
        "chromatic_aberration_intensity": "0.0"
      },
      "transform_carla": {
        "location": {
          "x": 103.34872436523438,
          "y": -38.23126220703125,
          "z": 1.6961125135421753
        },
        "rotation": {
          "roll": 0.08617131412029266,
          "pitch": 0.026391848921775818,
          "yaw": -108.39820861816406
        }
      },
      "matrix_world_from_sensor_carla": [
        [
          -0.3156193494796753,
          0.9488845467567444,
          0.0015724801924079657,
          103.34872436523438
        ],
        [
          -0.9488857388496399,
          -0.31561967730522156,
          -3.760319668799639e-05,
          -38.23126220703125
        ],
        [
          0.00046062463661655784,
          -0.0015039723366498947,
          0.9999987483024597,
          1.6961125135421753
        ],
        [
          0.0,
          0.0,
          0.0,
          1.0
        ]
      ],
      "matrix_world_from_sensor_bevfusion": [
        [
          0.9488845467567444,
          -0.0015724801924079657,
          -0.3156193494796753,
          103.34872436523438
        ],
        [
          0.31561967730522156,
          -3.760319668799639e-05,
          0.9488857388496399,
          38.23126220703125
        ],
        [
          -0.0015039723366498947,
          -0.9999987483024597,
          0.00046062463661655784,
          1.6961125135421753
        ],
        [
          0.0,
          0.0,
          0.0,
          1.0
        ]
      ],
      "matrix_ego_from_sensor_carla": [
        [
          1.0,
          -2.351320471660756e-09,
          -2.3589945968849335e-11,
          1.5499992370605469
        ],
        [
          7.115215083786097e-09,
          1.0,
          1.9873470924469672e-11,
          1.52587890625e-05
        ],
        [
          5.5138844878843685e-12,
          1.987332520769769e-11,
          1.0,
          1.7000000476837158
        ],
        [
          0.0,
          0.0,
          0.0,
          1.0
        ]
      ],
      "matrix_ego_from_sensor_bevfusion": [
        [
          -2.351320471660756e-09,
          2.3589945968849335e-11,
          1.0,
          1.5499992370605469
        ],
        [
          -1.0,
          1.9873470924469672e-11,
          -7.115215083786097e-09,
          -1.52587890625e-05
        ],
        [
          1.987332520769769e-11,
          -1.0,
          5.5138844878843685e-12,
          1.7000000476837158
        ],
        [
          0.0,
          0.0,
          0.0,
          1.0
        ]
      ],
      "camera_intrinsics": [
        [
          685.5110473632812,
          0.0,
          480.0
        ],
        [
          0.0,
          685.5110473632812,
          270.0
        ],
        [
          0.0,
          0.0,
          1.0
        ]
      ],
      "data_path": "D:\\Agent-AI\\outputs\\s3a_ml_long_v1\\sample_000037\\images\\CAM_FRONT.png",
      "raw_layout": "bgra8"
    },
    "CAM_FRONT_RIGHT": {
      "type_id": "sensor.camera.rgb",
      "blueprint_attributes": {
        "role_name": "front",
        "ros_name": "sensor.camera.rgb",
        "chromatic_aberration_offset": "0.0",
        "sensor_tick": "0.100000",
        "fstop": "1.4",
        "image_size_x": "960",
        "image_size_y": "540",
        "fov": "70.00",
        "lens_circle_falloff": "5.0",
        "lens_circle_multiplier": "0.0",
        "exposure_compensation": "0.0",
        "lens_y_size": "0.08",
        "lens_k": "-1.0",
        "exposure_mode": "histogram",
        "lens_kcube": "0.0",
        "lens_x_size": "0.08",
        "exposure_max_bright": "12.0",
        "shutter_speed": "200.0",
        "bloom_intensity": "0.675",
        "iso": "100.0",
        "enable_postprocess_effects": "false",
        "gamma": "2.2",
        "motion_blur_intensity": "0.0",
        "motion_blur_max_distortion": "0.35",
        "lens_flare_intensity": "0.1",
        "motion_blur_min_object_screen_size": "0.1",
        "exposure_min_bright": "10.0",
        "exposure_speed_up": "3.0",
        "exposure_speed_down": "1.0",
        "tint": "0.0",
        "calibration_constant": "16.0",
        "focal_distance": "1000.0",
        "min_fstop": "1.2",
        "blade_count": "5",
        "blur_amount": "0.0",
        "blur_radius": "0.0",
        "slope": "0.88",
        "toe": "0.55",
        "white_clip": "0.04",
        "shoulder": "0.26",
        "black_clip": "0.0",
        "temp": "6500.0",
        "chromatic_aberration_intensity": "0.0"
      },
      "transform_carla": {
        "location": {
          "x": 103.94951629638672,
          "y": -38.16762924194336,
          "z": 1.695170283317566
        },
        "rotation": {
          "roll": 0.07104480266571045,
          "pitch": -0.055447474122047424,
          "yaw": -53.39828109741211
        }
      },
      "matrix_world_from_sensor_carla": [
        [
          0.5962486267089844,
          0.8027982711791992,
          0.0015724576078355312,
          103.94951629638672
        ],
        [
          -0.8027992248535156,
          0.5962494015693665,
          -3.757333615794778e-05,
          -38.16762924194336
        ],
        [
          -0.0009677407797425985,
          -0.0012399647384881973,
          0.9999987483024597,
          1.695170283317566
        ],
        [
          0.0,
          0.0,
          0.0,
          1.0
        ]
      ],
      "matrix_world_from_sensor_bevfusion": [
        [
          0.8027982711791992,
          -0.0015724576078355312,
          0.5962486267089844,
          103.94951629638672
        ],
        [
          -0.5962494015693665,
          -3.757333615794778e-05,
          0.8027992248535156,
          38.16762924194336
        ],
        [
          -0.0012399647384881973,
          -0.9999987483024597,
          -0.0009677407797425985,
          1.695170283317566
        ],
        [
          0.0,
          0.0,
          0.0,
          1.0
        ]
      ],
      "matrix_ego_from_sensor_carla": [
        [
          0.5735767483711243,
          -0.8191518783569336,
          -2.121117859132937e-08,
          1.2999935150146484
        ],
        [
          0.8191518783569336,
          0.5735766887664795,
          -3.0830186403818516e-08,
          0.5500030517578125
        ],
        [
          3.7358276472332363e-08,
          2.7149227310729884e-10,
          1.0,
          1.7000000476837158
        ],
        [
          0.0,
          0.0,
          0.0,
          1.0
        ]
      ],
      "matrix_ego_from_sensor_bevfusion": [
        [
          -0.8191518783569336,
          2.121117859132937e-08,
          0.5735767483711243,
          1.2999935150146484
        ],
        [
          -0.5735766887664795,
          -3.0830186403818516e-08,
          -0.8191518783569336,
          -0.5500030517578125
        ],
        [
          2.7149227310729884e-10,
          -1.0,
          3.7358276472332363e-08,
          1.7000000476837158
        ],
        [
          0.0,
          0.0,
          0.0,
          1.0
        ]
      ],
      "camera_intrinsics": [
        [
          685.5110473632812,
          0.0,
          480.0
        ],
        [
          0.0,
          685.5110473632812,
          270.0
        ],
        [
          0.0,
          0.0,
          1.0
        ]
      ],
      "data_path": "D:\\Agent-AI\\outputs\\s3a_ml_long_v1\\sample_000037\\images\\CAM_FRONT_RIGHT.png",
      "raw_layout": "bgra8"
    },
    "CAM_FRONT_LEFT": {
      "type_id": "sensor.camera.rgb",
      "blueprint_attributes": {
        "role_name": "front",
        "ros_name": "sensor.camera.rgb",
        "chromatic_aberration_offset": "0.0",
        "sensor_tick": "0.100000",
        "fstop": "1.4",
        "image_size_x": "960",
        "image_size_y": "540",
        "fov": "70.00",
        "lens_circle_falloff": "5.0",
        "lens_circle_multiplier": "0.0",
        "exposure_compensation": "0.0",
        "lens_y_size": "0.08",
        "lens_k": "-1.0",
        "exposure_mode": "histogram",
        "lens_kcube": "0.0",
        "lens_x_size": "0.08",
        "exposure_max_bright": "12.0",
        "shutter_speed": "200.0",
        "bloom_intensity": "0.675",
        "iso": "100.0",
        "enable_postprocess_effects": "false",
        "gamma": "2.2",
        "motion_blur_intensity": "0.0",
        "motion_blur_max_distortion": "0.35",
        "lens_flare_intensity": "0.1",
        "motion_blur_min_object_screen_size": "0.1",
        "exposure_min_bright": "10.0",
        "exposure_speed_up": "3.0",
        "exposure_speed_down": "1.0",
        "tint": "0.0",
        "calibration_constant": "16.0",
        "focal_distance": "1000.0",
        "min_fstop": "1.2",
        "blade_count": "5",
        "blur_amount": "0.0",
        "blur_radius": "0.0",
        "slope": "0.88",
        "toe": "0.55",
        "white_clip": "0.04",
        "shoulder": "0.26",
        "black_clip": "0.0",
        "temp": "6500.0",
        "chromatic_aberration_intensity": "0.0"
      },
      "transform_carla": {
        "location": {
          "x": 102.9057388305664,
          "y": -37.82044982910156,
          "z": 1.6968244314193726
        },
        "rotation": {
          "roll": 0.02780691348016262,
          "pitch": 0.08572570234537125,
          "yaw": -163.39817810058594
        }
      },
      "matrix_world_from_sensor_carla": [
        [
          -0.9583123922348022,
          0.2857181131839752,
          0.0015724896220490336,
          102.9057388305664
        ],
        [
          -0.28571850061416626,
          -0.958313524723053,
          -3.759967512451112e-05,
          -37.82044982910156
        ],
        [
          0.0014961952110752463,
          -0.00048532162327319384,
          0.9999987483024597,
          1.6968244314193726
        ],
        [
          0.0,
          0.0,
          0.0,
          1.0
        ]
      ],
      "matrix_world_from_sensor_bevfusion": [
        [
          0.2857181131839752,
          -0.0015724896220490336,
          -0.9583123922348022,
          102.9057388305664
        ],
        [
          0.958313524723053,
          -3.759967512451112e-05,
          0.28571850061416626,
          37.82044982910156
        ],
        [
          -0.00048532162327319384,
          -0.9999987483024597,
          0.0014961952110752463,
          1.6968244314193726
        ],
        [
          0.0,
          0.0,
          0.0,
          1.0
        ]
      ],
      "matrix_ego_from_sensor_carla": [
        [
          0.5735768675804138,
          0.8191516995429993,
          -6.339121227938449e-09,
          1.2999978065490723
        ],
        [
          -0.819151759147644,
          0.5735768675804138,
          7.819700442723843e-09,
          -0.5499954223632812
        ],
        [
          1.0001579120455517e-08,
          6.947873942841909e-10,
          1.0,
          1.6999999284744263
        ],
        [
          0.0,
          0.0,
          0.0,
          1.0
        ]
      ],
      "matrix_ego_from_sensor_bevfusion": [
        [
          0.8191516995429993,
          6.339121227938449e-09,
          0.5735768675804138,
          1.2999978065490723
        ],
        [
          -0.5735768675804138,
          7.819700442723843e-09,
          0.819151759147644,
          0.5499954223632812
        ],
        [
          6.947873942841909e-10,
          -1.0,
          1.0001579120455517e-08,
          1.6999999284744263
        ],
        [
          0.0,
          0.0,
          0.0,
          1.0
        ]
      ],
      "camera_intrinsics": [
        [
          685.5110473632812,
          0.0,
          480.0
        ],
        [
          0.0,
          685.5110473632812,
          270.0
        ],
        [
          0.0,
          0.0,
          1.0
        ]
      ],
      "data_path": "D:\\Agent-AI\\outputs\\s3a_ml_long_v1\\sample_000037\\images\\CAM_FRONT_LEFT.png",
      "raw_layout": "bgra8"
    },
    "CAM_BACK": {
      "type_id": "sensor.camera.rgb",
      "blueprint_attributes": {
        "role_name": "front",
        "ros_name": "sensor.camera.rgb",
        "chromatic_aberration_offset": "0.0",
        "sensor_tick": "0.100000",
        "fstop": "1.4",
        "image_size_x": "960",
        "image_size_y": "540",
        "fov": "70.00",
        "lens_circle_falloff": "5.0",
        "lens_circle_multiplier": "0.0",
        "exposure_compensation": "0.0",
        "lens_y_size": "0.08",
        "lens_k": "-1.0",
        "exposure_mode": "histogram",
        "lens_kcube": "0.0",
        "lens_x_size": "0.08",
        "exposure_max_bright": "12.0",
        "shutter_speed": "200.0",
        "bloom_intensity": "0.675",
        "iso": "100.0",
        "enable_postprocess_effects": "false",
        "gamma": "2.2",
        "motion_blur_intensity": "0.0",
        "motion_blur_max_distortion": "0.35",
        "lens_flare_intensity": "0.1",
        "motion_blur_min_object_screen_size": "0.1",
        "exposure_min_bright": "10.0",
        "exposure_speed_up": "3.0",
        "exposure_speed_down": "1.0",
        "tint": "0.0",
        "calibration_constant": "16.0",
        "focal_distance": "1000.0",
        "min_fstop": "1.2",
        "blade_count": "5",
        "blur_amount": "0.0",
        "blur_radius": "0.0",
        "slope": "0.88",
        "toe": "0.55",
        "white_clip": "0.04",
        "shoulder": "0.26",
        "black_clip": "0.0",
        "temp": "6500.0",
        "chromatic_aberration_intensity": "0.0"
      },
      "transform_carla": {
        "location": {
          "x": 104.3271484375,
          "y": -35.28971481323242,
          "z": 1.6946845054626465
        },
        "rotation": {
          "roll": -0.08617131412029266,
          "pitch": -0.026391848921775818,
          "yaw": 71.60179138183594
        }
      },
      "matrix_world_from_sensor_carla": [
        [
          0.3156193792819977,
          -0.9488845467567444,
          0.0015724801924079657,
          104.3271484375
        ],
        [
          0.9488857388496399,
          0.31561970710754395,
          -3.7603225791826844e-05,
          -35.28971481323242
        ],
        [
          -0.00046062463661655784,
          0.0015039723366498947,
          0.9999987483024597,
          1.6946845054626465
        ],
        [
          0.0,
          0.0,
          0.0,
          1.0
        ]
      ],
      "matrix_world_from_sensor_bevfusion": [
        [
          -0.9488845467567444,
          -0.0015724801924079657,
          0.3156193792819977,
          104.3271484375
        ],
        [
          -0.31561970710754395,
          -3.7603225791826844e-05,
          -0.9488857388496399,
          35.28971481323242
        ],
        [
          0.0015039723366498947,
          -0.9999987483024597,
          -0.00046062463661655784,
          1.6946845054626465
        ],
        [
          0.0,
          0.0,
          0.0,
          1.0
        ]
      ],
      "matrix_ego_from_sensor_carla": [
        [
          -1.0,
          -2.5927711533313413e-08,
          5.5138844878843685e-12,
          -1.5500051975250244
        ],
        [
          2.2687107303909215e-08,
          -1.0,
          1.9873470924469672e-11,
          7.62939453125e-06
        ],
        [
          5.269377642558304e-11,
          -1.987332520769769e-11,
          1.0,
          1.6999999284744263
        ],
        [
          0.0,
          0.0,
          0.0,
          1.0
        ]
      ],
      "matrix_ego_from_sensor_bevfusion": [
        [
          -2.5927711533313413e-08,
          -5.5138844878843685e-12,
          -1.0,
          -1.5500051975250244
        ],
        [
          1.0,
          1.9873470924469672e-11,
          -2.2687107303909215e-08,
          -7.62939453125e-06
        ],
        [
          -1.987332520769769e-11,
          -1.0,
          5.269377642558304e-11,
          1.6999999284744263
        ],
        [
          0.0,
          0.0,
          0.0,
          1.0
        ]
      ],
      "camera_intrinsics": [
        [
          685.5110473632812,
          0.0,
          480.0
        ],
        [
          0.0,
          685.5110473632812,
          270.0
        ],
        [
          0.0,
          0.0,
          1.0
        ]
      ],
      "data_path": "D:\\Agent-AI\\outputs\\s3a_ml_long_v1\\sample_000037\\images\\CAM_BACK.png",
      "raw_layout": "bgra8"
    },
    "CAM_BACK_LEFT": {
      "type_id": "sensor.camera.rgb",
      "blueprint_attributes": {
        "role_name": "front",
        "ros_name": "sensor.camera.rgb",
        "chromatic_aberration_offset": "0.0",
        "sensor_tick": "0.100000",
        "fstop": "1.4",
        "image_size_x": "960",
        "image_size_y": "540",
        "fov": "70.00",
        "lens_circle_falloff": "5.0",
        "lens_circle_multiplier": "0.0",
        "exposure_compensation": "0.0",
        "lens_y_size": "0.08",
        "lens_k": "-1.0",
        "exposure_mode": "histogram",
        "lens_kcube": "0.0",
        "lens_x_size": "0.08",
        "exposure_max_bright": "12.0",
        "shutter_speed": "200.0",
        "bloom_intensity": "0.675",
        "iso": "100.0",
        "enable_postprocess_effects": "false",
        "gamma": "2.2",
        "motion_blur_intensity": "0.0",
        "motion_blur_max_distortion": "0.35",
        "lens_flare_intensity": "0.1",
        "motion_blur_min_object_screen_size": "0.1",
        "exposure_min_bright": "10.0",
        "exposure_speed_up": "3.0",
        "exposure_speed_down": "1.0",
        "tint": "0.0",
        "calibration_constant": "16.0",
        "focal_distance": "1000.0",
        "min_fstop": "1.2",
        "blade_count": "5",
        "blur_amount": "0.0",
        "blur_radius": "0.0",
        "slope": "0.88",
        "toe": "0.55",
        "white_clip": "0.04",
        "shoulder": "0.26",
        "black_clip": "0.0",
        "temp": "6500.0",
        "chromatic_aberration_intensity": "0.0"
      },
      "transform_carla": {
        "location": {
          "x": 103.72635650634766,
          "y": -35.35334777832031,
          "z": 1.695626974105835
        },
        "rotation": {
          "roll": -0.07104478776454926,
          "pitch": 0.055447474122047424,
          "yaw": 126.60173034667969
        }
      },
      "matrix_world_from_sensor_carla": [
        [
          -0.5962486863136292,
          -0.8027982115745544,
          0.0015724573750048876,
          103.72635650634766
        ],
        [
          0.8027991652488708,
          -0.5962494611740112,
          -3.757333615794778e-05,
          -35.35334777832031
        ],
        [
          0.0009677407797425985,
          0.0012399645056575537,
          0.9999987483024597,
          1.695626974105835
        ],
        [
          0.0,
          0.0,
          0.0,
          1.0
        ]
      ],
      "matrix_world_from_sensor_bevfusion": [
        [
          -0.8027982115745544,
          -0.0015724573750048876,
          -0.5962486863136292,
          103.72635650634766
        ],
        [
          0.5962494611740112,
          -3.757333615794778e-05,
          -0.8027991652488708,
          35.35334777832031
        ],
        [
          0.0012399645056575537,
          -0.9999987483024597,
          0.0009677407797425985,
          1.695626974105835
        ],
        [
          0.0,
          0.0,
          0.0,
          1.0
        ]
      ],
      "matrix_ego_from_sensor_carla": [
        [
          -0.5735766887664795,
          0.8191518783569336,
          -2.1152970930415904e-08,
          -1.3000032901763916
        ],
        [
          -0.8191518783569336,
          -0.5735766291618347,
          -3.1063017047472385e-08,
          -0.5499954223632812
        ],
        [
          -3.74746917941593e-08,
          -3.879073173784775e-10,
          1.0,
          1.7000000476837158
        ],
        [
          0.0,
          0.0,
          0.0,
          1.0
        ]
      ],
      "matrix_ego_from_sensor_bevfusion": [
        [
          0.8191518783569336,
          2.1152970930415904e-08,
          -0.5735766887664795,
          -1.3000032901763916
        ],
        [
          0.5735766291618347,
          -3.1063017047472385e-08,
          0.8191518783569336,
          0.5499954223632812
        ],
        [
          -3.879073173784775e-10,
          -1.0,
          -3.74746917941593e-08,
          1.7000000476837158
        ],
        [
          0.0,
          0.0,
          0.0,
          1.0
        ]
      ],
      "camera_intrinsics": [
        [
          685.5110473632812,
          0.0,
          480.0
        ],
        [
          0.0,
          685.5110473632812,
          270.0
        ],
        [
          0.0,
          0.0,
          1.0
        ]
      ],
      "data_path": "D:\\Agent-AI\\outputs\\s3a_ml_long_v1\\sample_000037\\images\\CAM_BACK_LEFT.png",
      "raw_layout": "bgra8"
    },
    "CAM_BACK_RIGHT": {
      "type_id": "sensor.camera.rgb",
      "blueprint_attributes": {
        "role_name": "front",
        "ros_name": "sensor.camera.rgb",
        "chromatic_aberration_offset": "0.0",
        "sensor_tick": "0.100000",
        "fstop": "1.4",
        "image_size_x": "960",
        "image_size_y": "540",
        "fov": "70.00",
        "lens_circle_falloff": "5.0",
        "lens_circle_multiplier": "0.0",
        "exposure_compensation": "0.0",
        "lens_y_size": "0.08",
        "lens_k": "-1.0",
        "exposure_mode": "histogram",
        "lens_kcube": "0.0",
        "lens_x_size": "0.08",
        "exposure_max_bright": "12.0",
        "shutter_speed": "200.0",
        "bloom_intensity": "0.675",
        "iso": "100.0",
        "enable_postprocess_effects": "false",
        "gamma": "2.2",
        "motion_blur_intensity": "0.0",
        "motion_blur_max_distortion": "0.35",
        "lens_flare_intensity": "0.1",
        "motion_blur_min_object_screen_size": "0.1",
        "exposure_min_bright": "10.0",
        "exposure_speed_up": "3.0",
        "exposure_speed_down": "1.0",
        "tint": "0.0",
        "calibration_constant": "16.0",
        "focal_distance": "1000.0",
        "min_fstop": "1.2",
        "blade_count": "5",
        "blur_amount": "0.0",
        "blur_radius": "0.0",
        "slope": "0.88",
        "toe": "0.55",
        "white_clip": "0.04",
        "shoulder": "0.26",
        "black_clip": "0.0",
        "temp": "6500.0",
        "chromatic_aberration_intensity": "0.0"
      },
      "transform_carla": {
        "location": {
          "x": 104.77012634277344,
          "y": -35.70052719116211,
          "z": 1.6939725875854492
        },
        "rotation": {
          "roll": -0.027806898579001427,
          "pitch": -0.08572570234537125,
          "yaw": 16.601797103881836
        }
      },
      "matrix_world_from_sensor_carla": [
        [
          0.9583125114440918,
          -0.2857177257537842,
          0.0015724895056337118,
          104.77012634277344
        ],
        [
          0.2857181131839752,
          0.9583136439323425,
          -3.760008257813752e-05,
          -35.70052719116211
        ],
        [
          -0.0014961952110752463,
          0.0004853213613387197,
          0.9999987483024597,
          1.6939725875854492
        ],
        [
          0.0,
          0.0,
          0.0,
          1.0
        ]
      ],
      "matrix_world_from_sensor_bevfusion": [
        [
          -0.2857177257537842,
          -0.0015724895056337118,
          0.9583125114440918,
          104.77012634277344
        ],
        [
          -0.9583136439323425,
          -3.760008257813752e-05,
          -0.2857181131839752,
          35.70052719116211
        ],
        [
          0.0004853213613387197,
          -0.9999987483024597,
          -0.0014961952110752463,
          1.6939725875854492
        ],
        [
          0.0,
          0.0,
          0.0,
          1.0
        ]
      ],
      "matrix_ego_from_sensor_carla": [
        [
          -0.5735765695571899,
          -0.8191519379615784,
          -5.9025637710874435e-09,
          -1.300004005432129
        ],
        [
          0.8191519975662231,
          -0.5735765695571899,
          7.936115764550777e-09,
          0.5500030517578125
        ],
        [
          -9.768748476801647e-09,
          -3.4554106798090345e-10,
          1.0,
          1.7000000476837158
        ],
        [
          0.0,
          0.0,
          0.0,
          1.0
        ]
      ],
      "matrix_ego_from_sensor_bevfusion": [
        [
          -0.8191519379615784,
          5.9025637710874435e-09,
          -0.5735765695571899,
          -1.300004005432129
        ],
        [
          0.5735765695571899,
          7.936115764550777e-09,
          -0.8191519975662231,
          -0.5500030517578125
        ],
        [
          -3.4554106798090345e-10,
          -1.0,
          -9.768748476801647e-09,
          1.7000000476837158
        ],
        [
          0.0,
          0.0,
          0.0,
          1.0
        ]
      ],
      "camera_intrinsics": [
        [
          685.5110473632812,
          0.0,
          480.0
        ],
        [
          0.0,
          685.5110473632812,
          270.0
        ],
        [
          0.0,
          0.0,
          1.0
        ]
      ],
      "data_path": "D:\\Agent-AI\\outputs\\s3a_ml_long_v1\\sample_000037\\images\\CAM_BACK_RIGHT.png",
      "raw_layout": "bgra8"
    },
    "LIDAR_TOP": {
      "type_id": "sensor.lidar.ray_cast",
      "blueprint_attributes": {
        "atmosphere_attenuation_rate": "0.004",
        "role_name": "front",
        "noise_seed": "0",
        "upper_fov": "10.0",
        "ros_name": "sensor.lidar.ray_cast",
        "sensor_tick": "0.100000",
        "channels": "32",
        "range": "120.0",
        "points_per_second": "360000",
        "lower_fov": "-30.0",
        "rotation_frequency": "10.000000",
        "horizontal_fov": "360.0",
        "dropoff_general_rate": "0.0",
        "dropoff_intensity_limit": "1.0",
        "noise_stddev": "0.0",
        "dropoff_zero_intensity": "0.0"
      },
      "transform_carla": {
        "location": {
          "x": 103.83871459960938,
          "y": -36.76050567626953,
          "z": 2.1953978538513184
        },
        "rotation": {
          "roll": 0.08617131412029266,
          "pitch": 0.026391848921775818,
          "yaw": -108.39820861816406
        }
      },
      "matrix_world_from_sensor_carla": [
        [
          -0.3156193494796753,
          0.9488845467567444,
          0.0015724801924079657,
          103.83871459960938
        ],
        [
          -0.9488857388496399,
          -0.31561967730522156,
          -3.760319668799639e-05,
          -36.76050567626953
        ],
        [
          0.00046062463661655784,
          -0.0015039723366498947,
          0.9999987483024597,
          2.1953978538513184
        ],
        [
          0.0,
          0.0,
          0.0,
          1.0
        ]
      ],
      "matrix_world_from_sensor_bevfusion": [
        [
          -0.3156193494796753,
          -0.9488845467567444,
          0.0015724801924079657,
          103.83871459960938
        ],
        [
          0.9488857388496399,
          -0.31561967730522156,
          3.760319668799639e-05,
          36.76050567626953
        ],
        [
          0.00046062463661655784,
          0.0015039723366498947,
          0.9999987483024597,
          2.1953978538513184
        ],
        [
          0.0,
          0.0,
          0.0,
          1.0
        ]
      ],
      "matrix_ego_from_sensor_carla": [
        [
          1.0,
          -2.351320471660756e-09,
          -2.3589945968849335e-11,
          -2.384185791015625e-06
        ],
        [
          7.115215083786097e-09,
          1.0,
          1.9873470924469672e-11,
          0.0
        ],
        [
          5.5138844878843685e-12,
          1.987332520769769e-11,
          1.0,
          2.1999998092651367
        ],
        [
          0.0,
          0.0,
          0.0,
          1.0
        ]
      ],
      "matrix_ego_from_sensor_bevfusion": [
        [
          1.0,
          2.351320471660756e-09,
          -2.3589945968849335e-11,
          -2.384185791015625e-06
        ],
        [
          -7.115215083786097e-09,
          1.0,
          -1.9873470924469672e-11,
          0.0
        ],
        [
          5.5138844878843685e-12,
          -1.987332520769769e-11,
          1.0,
          2.1999998092651367
        ],
        [
          0.0,
          0.0,
          0.0,
          1.0
        ]
      ],
      "data_path": "D:\\Agent-AI\\outputs\\s3a_ml_long_v1\\sample_000037\\lidar\\LIDAR_TOP.npy",
      "raw_layout": [
        "x",
        "y",
        "z",
        "intensity"
      ]
    },
    "RADAR_FRONT": {
      "type_id": "sensor.other.radar",
      "blueprint_attributes": {
        "sensor_tick": "0.100000",
        "role_name": "default",
        "noise_seed": "0",
        "ros_name": "sensor.other.radar",
        "horizontal_fov": "35.0",
        "points_per_second": "1500",
        "vertical_fov": "20.0",
        "range": "120.0"
      },
      "transform_carla": {
        "location": {
          "x": 103.20543670654297,
          "y": -38.65822982788086,
          "z": 0.8963207602500916
        },
        "rotation": {
          "roll": 0.08617131412029266,
          "pitch": 0.026391848921775818,
          "yaw": -108.39820861816406
        }
      },
      "matrix_world_from_sensor_carla": [
        [
          -0.3156193494796753,
          0.9488845467567444,
          0.0015724801924079657,
          103.20543670654297
        ],
        [
          -0.9488857388496399,
          -0.31561967730522156,
          -3.760319668799639e-05,
          -38.65822982788086
        ],
        [
          0.00046062463661655784,
          -0.0015039723366498947,
          0.9999987483024597,
          0.8963207602500916
        ],
        [
          0.0,
          0.0,
          0.0,
          1.0
        ]
      ],
      "matrix_world_from_sensor_bevfusion": [
        [
          -0.3156193494796753,
          -0.9488845467567444,
          0.0015724801924079657,
          103.20543670654297
        ],
        [
          0.9488857388496399,
          -0.31561967730522156,
          3.760319668799639e-05,
          38.65822982788086
        ],
        [
          0.00046062463661655784,
          0.0015039723366498947,
          0.9999987483024597,
          0.8963207602500916
        ],
        [
          0.0,
          0.0,
          0.0,
          1.0
        ]
      ],
      "matrix_ego_from_sensor_carla": [
        [
          1.0,
          -2.351320471660756e-09,
          -2.3589945968849335e-11,
          1.999997615814209
        ],
        [
          7.115215083786097e-09,
          1.0,
          1.9873470924469672e-11,
          7.62939453125e-06
        ],
        [
          5.5138844878843685e-12,
          1.987332520769769e-11,
          1.0,
          0.8999999761581421
        ],
        [
          0.0,
          0.0,
          0.0,
          1.0
        ]
      ],
      "matrix_ego_from_sensor_bevfusion": [
        [
          1.0,
          2.351320471660756e-09,
          -2.3589945968849335e-11,
          1.999997615814209
        ],
        [
          -7.115215083786097e-09,
          1.0,
          -1.9873470924469672e-11,
          -7.62939453125e-06
        ],
        [
          5.5138844878843685e-12,
          -1.987332520769769e-11,
          1.0,
          0.8999999761581421
        ],
        [
          0.0,
          0.0,
          0.0,
          1.0
        ]
      ],
      "data_path": "D:\\Agent-AI\\outputs\\s3a_ml_long_v1\\sample_000037\\radar\\RADAR_FRONT.npy",
      "raw_layout": [
        "velocity",
        "altitude",
        "azimuth",
        "depth"
      ]
    },
    "RADAR_FRONT_LEFT": {
      "type_id": "sensor.other.radar",
      "blueprint_attributes": {
        "sensor_tick": "0.100000",
        "role_name": "default",
        "noise_seed": "0",
        "ros_name": "sensor.other.radar",
        "horizontal_fov": "35.0",
        "points_per_second": "1500",
        "vertical_fov": "20.0",
        "range": "120.0"
      },
      "transform_carla": {
        "location": {
          "x": 102.604248046875,
          "y": -38.08940505981445,
          "z": 0.8972876071929932
        },
        "rotation": {
          "roll": 0.042270492762327194,
          "pitch": 0.07959219068288803,
          "yaw": -153.39820861816406
        }
      },
      "matrix_world_from_sensor_carla": [
        [
          -0.8941394090652466,
          0.44778600335121155,
          0.0015724494587630033,
          102.604248046875
        ],
        [
          -0.4477866291999817,
          -0.8941404819488525,
          -3.761914558708668e-05,
          -38.08940505981445
        ],
        [
          0.0013891452690586448,
          -0.0007377585279755294,
          0.9999987483024597,
          0.8972876071929932
        ],
        [
          0.0,
          0.0,
          0.0,
          1.0
        ]
      ],
      "matrix_world_from_sensor_bevfusion": [
        [
          -0.8941394090652466,
          -0.44778600335121155,
          0.0015724494587630033,
          102.604248046875
        ],
        [
          0.4477866291999817,
          -0.8941404819488525,
          3.761914558708668e-05,
          38.08940505981445
        ],
        [
          0.0013891452690586448,
          0.0007377585279755294,
          0.9999987483024597,
          0.8972876071929932
        ],
        [
          0.0,
          0.0,
          0.0,
          1.0
        ]
      ],
      "matrix_ego_from_sensor_carla": [
        [
          0.7071067690849304,
          0.70710688829422,
          2.4831081191223348e-08,
          1.6499953269958496
        ],
        [
          -0.70710688829422,
          0.7071067690849304,
          -2.419451305968323e-08,
          -0.7499923706054688
        ],
        [
          -3.48007418438101e-08,
          -4.153256627503765e-10,
          1.0,
          0.9000000953674316
        ],
        [
          0.0,
          0.0,
          0.0,
          1.0
        ]
      ],
      "matrix_ego_from_sensor_bevfusion": [
        [
          0.7071067690849304,
          -0.70710688829422,
          2.4831081191223348e-08,
          1.6499953269958496
        ],
        [
          0.70710688829422,
          0.7071067690849304,
          2.419451305968323e-08,
          0.7499923706054688
        ],
        [
          -3.48007418438101e-08,
          4.153256627503765e-10,
          1.0,
          0.9000000953674316
        ],
        [
          0.0,
          0.0,
          0.0,
          1.0
        ]
      ],
      "data_path": "D:\\Agent-AI\\outputs\\s3a_ml_long_v1\\sample_000037\\radar\\RADAR_FRONT_LEFT.npy",
      "raw_layout": [
        "velocity",
        "altitude",
        "azimuth",
        "depth"
      ]
    },
    "RADAR_FRONT_RIGHT": {
      "type_id": "sensor.other.radar",
      "blueprint_attributes": {
        "sensor_tick": "0.100000",
        "role_name": "default",
        "noise_seed": "0",
