{
  "schema_version": "stage1.v1",
  "sample_name": "sample_000026",
  "sequence_index": 26,
  "previous_sample_name": "sample_000025",
  "frame_id": 3946,
  "timestamp": 41.73108658567071,
  "platform_timestamp": 16816493.3023378,
  "delta_seconds": 0.10000000149011612,
  "town": "Carla/Maps/Town10HD_Opt",
  "weather": {
    "cloudiness": 20.0,
    "dust_storm": 0.0,
    "fog_density": 2.0,
    "fog_distance": 0.75,
    "fog_falloff": 0.10000000149011612,
    "mie_scattering_scale": 0.029999999329447746,
    "precipitation": 0.0,
    "precipitation_deposits": 0.0,
    "rayleigh_scattering_scale": 0.03310000151395798,
    "scattering_intensity": 1.0,
    "sun_altitude_angle": 45.0,
    "sun_azimuth_angle": 300.0,
    "wetness": 0.0,
    "wind_intensity": 10.0
  },
  "sensor_names": [
    "CAM_FRONT",
    "CAM_FRONT_RIGHT",
    "CAM_FRONT_LEFT",
    "CAM_BACK",
    "CAM_BACK_LEFT",
    "CAM_BACK_RIGHT",
    "LIDAR_TOP",
    "RADAR_FRONT",
    "RADAR_FRONT_LEFT",
    "RADAR_FRONT_RIGHT",
    "RADAR_BACK_LEFT",
    "RADAR_BACK_RIGHT"
  ],
  "camera_order_for_model": [
    "CAM_FRONT",
    "CAM_FRONT_RIGHT",
    "CAM_FRONT_LEFT",
    "CAM_BACK",
    "CAM_BACK_LEFT",
    "CAM_BACK_RIGHT"
  ],
  "radar_order_for_model": [
    "RADAR_FRONT",
    "RADAR_FRONT_LEFT",
    "RADAR_FRONT_RIGHT",
    "RADAR_BACK_LEFT",
    "RADAR_BACK_RIGHT"
  ],
  "coordinate_notes": {
    "carla_world": "left-handed x-forward y-right z-up",
    "bevfusion_lidar": "x-forward y-left z-up",
    "camera_frame_for_model": "OpenCV style x-right y-down z-forward"
  },
  "ego": {
    "actor_id": 24,
    "transform_carla": {
      "location": {
        "x": 108.42247009277344,
        "y": -33.833824157714844,
        "z": -0.0031135939061641693
      },
      "rotation": {
        "roll": 0.06474959850311279,
        "pitch": -0.39376720786094666,
        "yaw": -103.51607513427734
      }
    },
    "velocity_carla": [
      -0.3023074269294739,
      -1.1697078943252563,
      0.0009520435123704374
    ],
    "angular_velocity_carla": [
      -3.396329164505005,
      0.6288514137268066,
      -1.3465667963027954
    ],
    "matrix_world_from_ego_carla": [
      [
        -0.23371261358261108,
        0.9723055362701416,
        -0.0005074272630736232,
        108.42247009277344
      ],
      [
        -0.9722814559936523,
        -0.2337104231119156,
        -0.00694626197218895,
        -33.833824157714844
      ],
      [
        -0.006872480269521475,
        -0.0011300668120384216,
        0.9999757409095764,
        -0.0031135939061641693
      ],
      [
        0.0,
        0.0,
        0.0,
        1.0
      ]
    ],
    "matrix_world_from_ego_bevfusion": [
      [
        -0.23371261358261108,
        -0.9723055362701416,
        -0.0005074272630736232,
        108.42247009277344
      ],
      [
        0.9722814559936523,
        -0.2337104231119156,
        0.00694626197218895,
        33.833824157714844
      ],
      [
        -0.006872480269521475,
        0.0011300668120384216,
        0.9999757409095764,
        -0.0031135939061641693
      ],
      [
        0.0,
        0.0,
        0.0,
        1.0
      ]
    ]
  },
  "sensors": {
    "CAM_FRONT": {
      "type_id": "sensor.camera.rgb",
      "blueprint_attributes": {
        "role_name": "front",
        "ros_name": "sensor.camera.rgb",
        "chromatic_aberration_offset": "0.0",
        "sensor_tick": "0.100000",
        "fstop": "1.4",
        "image_size_x": "960",
        "image_size_y": "540",
        "fov": "70.00",
        "lens_circle_falloff": "5.0",
        "lens_circle_multiplier": "0.0",
        "exposure_compensation": "0.0",
        "lens_y_size": "0.08",
        "lens_k": "-1.0",
        "exposure_mode": "histogram",
        "lens_kcube": "0.0",
        "lens_x_size": "0.08",
        "exposure_max_bright": "12.0",
        "shutter_speed": "200.0",
        "bloom_intensity": "0.675",
        "iso": "100.0",
        "enable_postprocess_effects": "false",
        "gamma": "2.2",
        "motion_blur_intensity": "0.0",
        "motion_blur_max_distortion": "0.35",
        "lens_flare_intensity": "0.1",
        "motion_blur_min_object_screen_size": "0.1",
        "exposure_min_bright": "10.0",
        "exposure_speed_up": "3.0",
        "exposure_speed_down": "1.0",
        "tint": "0.0",
        "calibration_constant": "16.0",
        "focal_distance": "1000.0",
        "min_fstop": "1.2",
        "blade_count": "5",
        "blur_amount": "0.0",
        "blur_radius": "0.0",
        "slope": "0.88",
        "toe": "0.55",
        "white_clip": "0.04",
        "shoulder": "0.26",
        "black_clip": "0.0",
        "temp": "6500.0",
        "chromatic_aberration_intensity": "0.0"
      },
      "transform_carla": {
        "location": {
          "x": 108.05935668945312,
          "y": -35.35266876220703,
          "z": 1.6861928701400757
        },
        "rotation": {
          "roll": 0.06474959850311279,
          "pitch": -0.39376720786094666,
          "yaw": -103.51607513427734
        }
      },
      "matrix_world_from_sensor_carla": [
        [
          -0.23371261358261108,
          0.9723055362701416,
          -0.0005074272630736232,
          108.05935668945312
        ],
        [
          -0.9722814559936523,
          -0.2337104231119156,
          -0.00694626197218895,
          -35.35266876220703
        ],
        [
          -0.006872480269521475,
          -0.0011300668120384216,
          0.9999757409095764,
          1.6861928701400757
        ],
        [
          0.0,
          0.0,
          0.0,
          1.0
        ]
      ],
      "matrix_world_from_sensor_bevfusion": [
        [
          0.9723055362701416,
          0.0005074272630736232,
          -0.23371261358261108,
          108.05935668945312
        ],
        [
          0.2337104231119156,
          -0.00694626197218895,
          0.9722814559936523,
          35.35266876220703
        ],
        [
          -0.0011300668120384216,
          -0.9999757409095764,
          -0.006872480269521475,
          1.6861928701400757
        ],
        [
          0.0,
          0.0,
          0.0,
          1.0
        ]
      ],
      "matrix_ego_from_sensor_carla": [
        [
          0.9999999403953552,
          -7.805119217607626e-09,
          1.337943644763584e-11,
          1.549997329711914
        ],
        [
          -9.1876604102481e-09,
          1.0,
          -5.962014909544067e-11,
          7.62939453125e-06
        ],
        [
          1.337943644763584e-11,
          -5.962297322525956e-11,
          1.0,
          1.7000000476837158
        ],
        [
          0.0,
          0.0,
          0.0,
          1.0
        ]
      ],
      "matrix_ego_from_sensor_bevfusion": [
        [
          -7.805119217607626e-09,
          -1.337943644763584e-11,
          0.9999999403953552,
          1.549997329711914
        ],
        [
          -1.0,
          -5.962014909544067e-11,
          9.1876604102481e-09,
          -7.62939453125e-06
        ],
        [
          -5.962297322525956e-11,
          -1.0,
          1.337943644763584e-11,
          1.7000000476837158
        ],
        [
          0.0,
          0.0,
          0.0,
          1.0
        ]
      ],
      "camera_intrinsics": [
        [
          685.5110473632812,
          0.0,
          480.0
        ],
        [
          0.0,
          685.5110473632812,
          270.0
        ],
        [
          0.0,
          0.0,
          1.0
        ]
      ],
      "data_path": "D:\\Agent-AI\\outputs\\s3a_left_v3\\sample_000026\\images\\CAM_FRONT.png",
      "raw_layout": "bgra8"
    },
    "CAM_FRONT_RIGHT": {
      "type_id": "sensor.camera.rgb",
      "blueprint_attributes": {
        "role_name": "front",
        "ros_name": "sensor.camera.rgb",
        "chromatic_aberration_offset": "0.0",
        "sensor_tick": "0.100000",
        "fstop": "1.4",
        "image_size_x": "960",
        "image_size_y": "540",
        "fov": "70.00",
        "lens_circle_falloff": "5.0",
        "lens_circle_multiplier": "0.0",
        "exposure_compensation": "0.0",
        "lens_y_size": "0.08",
        "lens_k": "-1.0",
        "exposure_mode": "histogram",
        "lens_kcube": "0.0",
        "lens_x_size": "0.08",
        "exposure_max_bright": "12.0",
        "shutter_speed": "200.0",
        "bloom_intensity": "0.675",
        "iso": "100.0",
        "enable_postprocess_effects": "false",
        "gamma": "2.2",
        "motion_blur_intensity": "0.0",
        "motion_blur_max_distortion": "0.35",
        "lens_flare_intensity": "0.1",
        "motion_blur_min_object_screen_size": "0.1",
        "exposure_min_bright": "10.0",
        "exposure_speed_up": "3.0",
        "exposure_speed_down": "1.0",
        "tint": "0.0",
        "calibration_constant": "16.0",
        "focal_distance": "1000.0",
        "min_fstop": "1.2",
        "blade_count": "5",
        "blur_amount": "0.0",
        "blur_radius": "0.0",
        "slope": "0.88",
        "toe": "0.55",
        "white_clip": "0.04",
        "shoulder": "0.26",
        "black_clip": "0.0",
        "temp": "6500.0",
        "chromatic_aberration_intensity": "0.0"
      },
      "transform_carla": {
        "location": {
          "x": 108.65254974365234,
          "y": -35.23814010620117,
          "z": 1.6872893571853638
        },
        "rotation": {
          "roll": -0.28542011976242065,
          "pitch": -0.2788902819156647,
          "yaw": -48.51513671875
        }
      },
      "matrix_world_from_sensor_carla": [
        [
          0.6624143123626709,
          0.7491375207901001,
          -0.0005074723158031702,
          108.65254974365234
        ],
        [
          -0.749121904373169,
          0.6623957753181458,
          -0.006946231238543987,
          -35.23814010620117
        ],
        [
          -0.00486753461882472,
          0.004981440957635641,
          0.9999757409095764,
          1.6872893571853638
        ],
        [
          0.0,
          0.0,
          0.0,
          1.0
        ]
      ],
      "matrix_world_from_sensor_bevfusion": [
        [
          0.7491375207901001,
          0.0005074723158031702,
          0.6624143123626709,
          108.65254974365234
        ],
        [
          -0.6623957753181458,
          -0.006946231238543987,
          0.749121904373169,
          35.23814010620117
        ],
        [
          0.004981440957635641,
          -0.9999757409095764,
          -0.00486753461882472,
          1.6872893571853638
        ],
        [
          0.0,
          0.0,
          0.0,
          1.0
        ]
      ],
      "matrix_ego_from_sensor_carla": [
        [
          0.5735761523246765,
          -0.8191521763801575,
          -1.9544394547210686e-08,
          1.3000001907348633
        ],
        [
          0.819152295589447,
          0.5735762119293213,
          -5.0933117279328144e-08,
          0.5499954223632812
        ],
        [
          5.288938353942285e-08,
          1.2799563187115837e-08,
          1.0,
          1.6999999284744263
        ],
        [
          0.0,
          0.0,
          0.0,
          1.0
        ]
      ],
      "matrix_ego_from_sensor_bevfusion": [
        [
          -0.8191521763801575,
          1.9544394547210686e-08,
          0.5735761523246765,
          1.3000001907348633
        ],
        [
          -0.5735762119293213,
          -5.0933117279328144e-08,
          -0.819152295589447,
          -0.5499954223632812
        ],
        [
          1.2799563187115837e-08,
          -1.0,
          5.288938353942285e-08,
          1.6999999284744263
        ],
        [
          0.0,
          0.0,
          0.0,
          1.0
        ]
      ],
      "camera_intrinsics": [
        [
          685.5110473632812,
          0.0,
          480.0
        ],
        [
          0.0,
          685.5110473632812,
          270.0
        ],
        [
          0.0,
          0.0,
          1.0
        ]
      ],
      "data_path": "D:\\Agent-AI\\outputs\\s3a_left_v3\\sample_000026\\images\\CAM_FRONT_RIGHT.png",
      "raw_layout": "bgra8"
    },
    "CAM_FRONT_LEFT": {
      "type_id": "sensor.camera.rgb",
      "blueprint_attributes": {
        "role_name": "front",
        "ros_name": "sensor.camera.rgb",
        "chromatic_aberration_offset": "0.0",
        "sensor_tick": "0.100000",
        "fstop": "1.4",
        "image_size_x": "960",
        "image_size_y": "540",
        "fov": "70.00",
        "lens_circle_falloff": "5.0",
        "lens_circle_multiplier": "0.0",
        "exposure_compensation": "0.0",
        "lens_y_size": "0.08",
        "lens_k": "-1.0",
        "exposure_mode": "histogram",
        "lens_kcube": "0.0",
        "lens_x_size": "0.08",
        "exposure_max_bright": "12.0",
        "shutter_speed": "200.0",
        "bloom_intensity": "0.675",
        "iso": "100.0",
        "enable_postprocess_effects": "false",
        "gamma": "2.2",
        "motion_blur_intensity": "0.0",
        "motion_blur_max_distortion": "0.35",
        "lens_flare_intensity": "0.1",
        "motion_blur_min_object_screen_size": "0.1",
        "exposure_min_bright": "10.0",
        "exposure_speed_up": "3.0",
        "exposure_speed_down": "1.0",
        "tint": "0.0",
        "calibration_constant": "16.0",
        "focal_distance": "1000.0",
        "min_fstop": "1.2",
        "blade_count": "5",
        "blur_amount": "0.0",
        "blur_radius": "0.0",
        "slope": "0.88",
        "toe": "0.55",
        "white_clip": "0.04",
        "shoulder": "0.26",
        "black_clip": "0.0",
        "temp": "6500.0",
        "chromatic_aberration_intensity": "0.0"
      },
      "transform_carla": {
        "location": {
          "x": 107.58301544189453,
          "y": -34.981056213378906,
          "z": 1.6885324716567993
        },
        "rotation": {
          "roll": 0.35969552397727966,
          "pitch": -0.1728174388408661,
          "yaw": -158.51638793945312
        }
      },
      "matrix_world_from_sensor_carla": [
        [
          -0.9305180907249451,
          0.3662455677986145,
          -0.0005074504297226667,
          107.58301544189453
        ],
        [
          -0.3662334978580475,
          -0.9304970502853394,
          -0.006946288049221039,
          -34.981056213378906
        ],
        [
          -0.0030162285547703505,
          -0.006277801468968391,
          0.9999757409095764,
          1.6885324716567993
        ],
        [
          0.0,
          0.0,
          0.0,
          1.0
        ]
      ],
      "matrix_world_from_sensor_bevfusion": [
        [
          0.3662455677986145,
          0.0005074504297226667,
          -0.9305180907249451,
          107.58301544189453
        ],
        [
          0.9304970502853394,
          -0.006946288049221039,
          0.3662334978580475,
          34.981056213378906
        ],
        [
          -0.006277801468968391,
          -0.9999757409095764,
          -0.0030162285547703505,
          1.6885324716567993
        ],
        [
          0.0,
          0.0,
          0.0,
          1.0
        ]
      ],
      "matrix_ego_from_sensor_carla": [
        [
          0.5735765695571899,
          0.8191519379615784,
          3.0747024482025154e-08,
          1.299997329711914
        ],
        [
          -0.8191520571708679,
          0.5735766291618347,
          -1.64741802421986e-08,
          -0.5499954223632812
        ],
        [
          -3.160282702197037e-08,
          -1.6275633285545155e-08,
          1.0,
          1.6999999284744263
        ],
        [
          0.0,
          0.0,
          0.0,
          1.0
        ]
      ],
      "matrix_ego_from_sensor_bevfusion": [
        [
          0.8191519379615784,
          -3.0747024482025154e-08,
          0.5735765695571899,
          1.299997329711914
        ],
        [
          -0.5735766291618347,
          -1.64741802421986e-08,
          0.8191520571708679,
          0.5499954223632812
        ],
        [
          -1.6275633285545155e-08,
          -1.0,
          -3.160282702197037e-08,
          1.6999999284744263
        ],
        [
          0.0,
          0.0,
          0.0,
          1.0
        ]
      ],
      "camera_intrinsics": [
        [
          685.5110473632812,
          0.0,
          480.0
        ],
        [
          0.0,
          685.5110473632812,
          270.0
        ],
        [
          0.0,
          0.0,
          1.0
        ]
      ],
      "data_path": "D:\\Agent-AI\\outputs\\s3a_left_v3\\sample_000026\\images\\CAM_FRONT_LEFT.png",
      "raw_layout": "bgra8"
    },
    "CAM_BACK": {
      "type_id": "sensor.camera.rgb",
      "blueprint_attributes": {
        "role_name": "front",
        "ros_name": "sensor.camera.rgb",
        "chromatic_aberration_offset": "0.0",
        "sensor_tick": "0.100000",
        "fstop": "1.4",
        "image_size_x": "960",
        "image_size_y": "540",
        "fov": "70.00",
        "lens_circle_falloff": "5.0",
        "lens_circle_multiplier": "0.0",
        "exposure_compensation": "0.0",
        "lens_y_size": "0.08",
        "lens_k": "-1.0",
        "exposure_mode": "histogram",
        "lens_kcube": "0.0",
        "lens_x_size": "0.08",
        "exposure_max_bright": "12.0",
        "shutter_speed": "200.0",
        "bloom_intensity": "0.675",
        "iso": "100.0",
        "enable_postprocess_effects": "false",
        "gamma": "2.2",
        "motion_blur_intensity": "0.0",
        "motion_blur_max_distortion": "0.35",
        "lens_flare_intensity": "0.1",
        "motion_blur_min_object_screen_size": "0.1",
        "exposure_min_bright": "10.0",
        "exposure_speed_up": "3.0",
        "exposure_speed_down": "1.0",
        "tint": "0.0",
        "calibration_constant": "16.0",
        "focal_distance": "1000.0",
        "min_fstop": "1.2",
        "blade_count": "5",
        "blur_amount": "0.0",
        "blur_radius": "0.0",
        "slope": "0.88",
        "toe": "0.55",
        "white_clip": "0.04",
        "shoulder": "0.26",
        "black_clip": "0.0",
        "temp": "6500.0",
        "chromatic_aberration_intensity": "0.0"
      },
      "transform_carla": {
        "location": {
          "x": 108.78386688232422,
          "y": -32.33859634399414,
          "z": 1.707497477531433
        },
        "rotation": {
          "roll": -0.06474944949150085,
          "pitch": 0.39376720786094666,
          "yaw": 76.48393249511719
        }
      },
      "matrix_world_from_sensor_carla": [
        [
          0.23371252417564392,
          -0.9723055362701416,
          -0.0005074292421340942,
          108.78386688232422
        ],
        [
          0.9722814559936523,
          0.23371033370494843,
          -0.006946261040866375,
          -32.33859634399414
        ],
        [
          0.006872480269521475,
          0.0011300641344860196,
          0.9999757409095764,
          1.707497477531433
        ],
        [
          0.0,
          0.0,
          0.0,
          1.0
        ]
      ],
      "matrix_world_from_sensor_bevfusion": [
        [
          -0.9723055362701416,
          0.0005074292421340942,
          0.23371252417564392,
          108.78386688232422
        ],
        [
          -0.23371033370494843,
          -0.006946261040866375,
          -0.9722814559936523,
          32.33859634399414
        ],
        [
          0.0011300641344860196,
          -0.9999757409095764,
          0.006872480269521475,
          1.707497477531433
        ],
        [
          0.0,
          0.0,
          0.0,
          1.0
        ]
      ],
      "matrix_ego_from_sensor_carla": [
        [
          -0.9999999403953552,
          9.475211726339694e-08,
          -4.522818508601034e-10,
          -1.5500025749206543
        ],
        [
          -8.021930852919468e-08,
          -1.0,
          -2.155095879530222e-09,
          7.62939453125e-06
        ],
        [
          -1.337943644763584e-11,
          -2.035787760590324e-09,
          1.0,
          1.6999999284744263
        ],
        [
          0.0,
          0.0,
          0.0,
          1.0
        ]
      ],
      "matrix_ego_from_sensor_bevfusion": [
        [
          9.475211726339694e-08,
          4.522818508601034e-10,
          -0.9999999403953552,
          -1.5500025749206543
        ],
        [
          1.0,
          -2.155095879530222e-09,
          8.021930852919468e-08,
          -7.62939453125e-06
        ],
        [
          -2.035787760590324e-09,
          -1.0,
          -1.337943644763584e-11,
          1.6999999284744263
        ],
        [
          0.0,
          0.0,
          0.0,
          1.0
        ]
      ],
      "camera_intrinsics": [
        [
          685.5110473632812,
          0.0,
          480.0
        ],
        [
          0.0,
          685.5110473632812,
          270.0
        ],
        [
          0.0,
          0.0,
          1.0
        ]
      ],
      "data_path": "D:\\Agent-AI\\outputs\\s3a_left_v3\\sample_000026\\images\\CAM_BACK.png",
      "raw_layout": "bgra8"
    },
    "CAM_BACK_LEFT": {
      "type_id": "sensor.camera.rgb",
      "blueprint_attributes": {
        "role_name": "front",
        "ros_name": "sensor.camera.rgb",
        "chromatic_aberration_offset": "0.0",
        "sensor_tick": "0.100000",
        "fstop": "1.4",
        "image_size_x": "960",
        "image_size_y": "540",
        "fov": "70.00",
        "lens_circle_falloff": "5.0",
        "lens_circle_multiplier": "0.0",
        "exposure_compensation": "0.0",
        "lens_y_size": "0.08",
        "lens_k": "-1.0",
        "exposure_mode": "histogram",
        "lens_kcube": "0.0",
        "lens_x_size": "0.08",
        "exposure_max_bright": "12.0",
        "shutter_speed": "200.0",
        "bloom_intensity": "0.675",
        "iso": "100.0",
        "enable_postprocess_effects": "false",
        "gamma": "2.2",
        "motion_blur_intensity": "0.0",
        "motion_blur_max_distortion": "0.35",
        "lens_flare_intensity": "0.1",
        "motion_blur_min_object_screen_size": "0.1",
        "exposure_min_bright": "10.0",
        "exposure_speed_up": "3.0",
        "exposure_speed_down": "1.0",
        "tint": "0.0",
        "calibration_constant": "16.0",
        "focal_distance": "1000.0",
        "min_fstop": "1.2",
        "blade_count": "5",
        "blur_amount": "0.0",
        "blur_radius": "0.0",
        "slope": "0.88",
        "toe": "0.55",
        "white_clip": "0.04",
        "shoulder": "0.26",
        "black_clip": "0.0",
        "temp": "6500.0",
        "chromatic_aberration_intensity": "0.0"
      },
      "transform_carla": {
        "location": {
          "x": 108.19065856933594,
          "y": -32.453125,
          "z": 1.706400990486145
        },
        "rotation": {
          "roll": 0.28542017936706543,
          "pitch": 0.2788902819156647,
          "yaw": 131.48486328125
        }
      },
      "matrix_world_from_sensor_carla": [
        [
          -0.6624141931533813,
          -0.7491375803947449,
          -0.0005074741784483194,
          108.19065856933594
        ],
        [
          0.7491219639778137,
          -0.6623956561088562,
          -0.006946231704205275,
          -32.453125
        ],
        [
          0.00486753461882472,
          -0.004981442354619503,
          0.9999757409095764,
          1.706400990486145
        ],
        [
          0.0,
          0.0,
          0.0,
          1.0
        ]
      ],
      "matrix_world_from_sensor_bevfusion": [
        [
          -0.7491375803947449,
          0.0005074741784483194,
          -0.6624141931533813,
          108.19065856933594
        ],
        [
          0.6623956561088562,
          -0.006946231704205275,
          -0.7491219639778137,
          32.453125
        ],
        [
          -0.004981442354619503,
          -0.9999757409095764,
          0.00486753461882472,
          1.706400990486145
        ],
        [
          0.0,
          0.0,
          0.0,
          1.0
        ]
      ],
      "matrix_ego_from_sensor_carla": [
        [
          -0.5735762119293213,
          0.8191521167755127,
          -1.8613071972595208e-08,
          -1.3000011444091797
        ],
        [
          -0.8191521763801575,
          -0.5735763311386108,
          -5.2679347106732166e-08,
          -0.5500106811523438
        ],
        [
          -5.335504482673059e-08,
          -1.5127834984696165e-08,
          1.0,
          1.7000000476837158
        ],
        [
          0.0,
          0.0,
          0.0,
          1.0
        ]
      ],
      "matrix_ego_from_sensor_bevfusion": [
        [
          0.8191521167755127,
          1.8613071972595208e-08,
          -0.5735762119293213,
          -1.3000011444091797
        ],
        [
          0.5735763311386108,
          -5.2679347106732166e-08,
          0.8191521763801575,
          0.5500106811523438
        ],
        [
          -1.5127834984696165e-08,
          -1.0,
          -5.335504482673059e-08,
          1.7000000476837158
        ],
        [
          0.0,
          0.0,
          0.0,
          1.0
        ]
      ],
      "camera_intrinsics": [
        [
          685.5110473632812,
          0.0,
          480.0
        ],
        [
          0.0,
          685.5110473632812,
          270.0
        ],
        [
          0.0,
          0.0,
          1.0
        ]
      ],
      "data_path": "D:\\Agent-AI\\outputs\\s3a_left_v3\\sample_000026\\images\\CAM_BACK_LEFT.png",
      "raw_layout": "bgra8"
    },
    "CAM_BACK_RIGHT": {
      "type_id": "sensor.camera.rgb",
      "blueprint_attributes": {
        "role_name": "front",
        "ros_name": "sensor.camera.rgb",
        "chromatic_aberration_offset": "0.0",
        "sensor_tick": "0.100000",
        "fstop": "1.4",
        "image_size_x": "960",
        "image_size_y": "540",
        "fov": "70.00",
        "lens_circle_falloff": "5.0",
        "lens_circle_multiplier": "0.0",
        "exposure_compensation": "0.0",
        "lens_y_size": "0.08",
        "lens_k": "-1.0",
        "exposure_mode": "histogram",
        "lens_kcube": "0.0",
        "lens_x_size": "0.08",
        "exposure_max_bright": "12.0",
        "shutter_speed": "200.0",
        "bloom_intensity": "0.675",
        "iso": "100.0",
        "enable_postprocess_effects": "false",
        "gamma": "2.2",
        "motion_blur_intensity": "0.0",
        "motion_blur_max_distortion": "0.35",
        "lens_flare_intensity": "0.1",
        "motion_blur_min_object_screen_size": "0.1",
        "exposure_min_bright": "10.0",
        "exposure_speed_up": "3.0",
        "exposure_speed_down": "1.0",
        "tint": "0.0",
        "calibration_constant": "16.0",
        "focal_distance": "1000.0",
        "min_fstop": "1.2",
        "blade_count": "5",
        "blur_amount": "0.0",
        "blur_radius": "0.0",
        "slope": "0.88",
        "toe": "0.55",
        "white_clip": "0.04",
        "shoulder": "0.26",
        "black_clip": "0.0",
        "temp": "6500.0",
        "chromatic_aberration_intensity": "0.0"
      },
      "transform_carla": {
        "location": {
          "x": 109.26020050048828,
          "y": -32.710205078125,
          "z": 1.7051578760147095
        },
        "rotation": {
          "roll": -0.35969552397727966,
          "pitch": 0.1728174388408661,
          "yaw": 21.483606338500977
        }
      },
      "matrix_world_from_sensor_carla": [
        [
          0.9305181503295898,
          -0.36624541878700256,
          -0.000507451593875885,
          109.26020050048828
        ],
        [
          0.36623334884643555,
          0.9304971098899841,
          -0.006946288049221039,
          -32.710205078125
        ],
        [
          0.0030162285547703505,
          0.006277801468968391,
          0.9999757409095764,
          1.7051578760147095
        ],
        [
          0.0,
          0.0,
          0.0,
          1.0
        ]
      ],
      "matrix_world_from_sensor_bevfusion": [
        [
          -0.36624541878700256,
          0.000507451593875885,
          0.9305181503295898,
          109.26020050048828
        ],
        [
          -0.9304971098899841,
          -0.006946288049221039,
          -0.36623334884643555,
          32.710205078125
        ],
        [
          0.006277801468968391,
          -0.9999757409095764,
          0.0030162285547703505,
          1.7051578760147095
        ],
        [
          0.0,
          0.0,
          0.0,
          1.0
        ]
      ],
      "matrix_ego_from_sensor_carla": [
        [
          -0.5735764503479004,
          -0.8191519975662231,
          3.0747024482025154e-08,
          -1.300002098083496
        ],
        [
          0.8191521167755127,
          -0.5735764503479004,
          -1.7521918138641013e-08,
          0.5499954223632812
        ],
        [
          3.253414959658585e-08,
          1.5809971998237415e-08,
          1.0,
          1.6999999284744263
        ],
        [
          0.0,
          0.0,
          0.0,
          1.0
        ]
      ],
      "matrix_ego_from_sensor_bevfusion": [
        [
          -0.8191519975662231,
          -3.0747024482025154e-08,
          -0.5735764503479004,
          -1.300002098083496
        ],
        [
          0.5735764503479004,
          -1.7521918138641013e-08,
          -0.8191521167755127,
          -0.5499954223632812
        ],
        [
          1.5809971998237415e-08,
          -1.0,
          3.253414959658585e-08,
          1.6999999284744263
        ],
        [
          0.0,
          0.0,
          0.0,
          1.0
        ]
      ],
      "camera_intrinsics": [
        [
          685.5110473632812,
          0.0,
          480.0
        ],
        [
          0.0,
          685.5110473632812,
          270.0
        ],
        [
          0.0,
          0.0,
          1.0
        ]
      ],
      "data_path": "D:\\Agent-AI\\outputs\\s3a_left_v3\\sample_000026\\images\\CAM_BACK_RIGHT.png",
      "raw_layout": "bgra8"
    },
    "LIDAR_TOP": {
      "type_id": "sensor.lidar.ray_cast",
      "blueprint_attributes": {
        "atmosphere_attenuation_rate": "0.004",
        "role_name": "front",
        "noise_seed": "0",
        "upper_fov": "10.0",
        "ros_name": "sensor.lidar.ray_cast",
        "sensor_tick": "0.100000",
        "channels": "32",
        "range": "120.0",
        "points_per_second": "360000",
        "lower_fov": "-30.0",
        "rotation_frequency": "10.000000",
        "horizontal_fov": "360.0",
        "dropoff_general_rate": "0.0",
        "dropoff_intensity_limit": "1.0",
        "noise_stddev": "0.0",
        "dropoff_zero_intensity": "0.0"
      },
      "transform_carla": {
        "location": {
          "x": 108.42135620117188,
          "y": -33.84910202026367,
          "z": 2.1968328952789307
        },
        "rotation": {
          "roll": 0.06474959850311279,
          "pitch": -0.39376720786094666,
          "yaw": -103.51607513427734
        }
      },
      "matrix_world_from_sensor_carla": [
        [
          -0.23371261358261108,
          0.9723055362701416,
          -0.0005074272630736232,
          108.42135620117188
        ],
        [
          -0.9722814559936523,
          -0.2337104231119156,
          -0.00694626197218895,
          -33.84910202026367
        ],
        [
          -0.006872480269521475,
          -0.0011300668120384216,
          0.9999757409095764,
          2.1968328952789307
        ],
        [
          0.0,
          0.0,
          0.0,
          1.0
        ]
      ],
      "matrix_world_from_sensor_bevfusion": [
        [
          -0.23371261358261108,
          -0.9723055362701416,
          -0.0005074272630736232,
          108.42135620117188
        ],
        [
          0.9722814559936523,
          -0.2337104231119156,
          0.00694626197218895,
          33.84910202026367
        ],
        [
          -0.006872480269521475,
          0.0011300668120384216,
          0.9999757409095764,
          2.1968328952789307
        ],
        [
          0.0,
          0.0,
          0.0,
          1.0
        ]
      ],
      "matrix_ego_from_sensor_carla": [
        [
          0.9999999403953552,
          -7.805119217607626e-09,
          1.337943644763584e-11,
          -6.198883056640625e-06
        ],
        [
          -9.1876604102481e-09,
          1.0,
          -5.962014909544067e-11,
          7.62939453125e-06
        ],
        [
          1.337943644763584e-11,
          -5.962297322525956e-11,
          1.0,
          2.1999998092651367
        ],
        [
          0.0,
          0.0,
          0.0,
          1.0
        ]
      ],
      "matrix_ego_from_sensor_bevfusion": [
        [
          0.9999999403953552,
          7.805119217607626e-09,
          1.337943644763584e-11,
          -6.198883056640625e-06
        ],
        [
          9.1876604102481e-09,
          1.0,
          5.962014909544067e-11,
          -7.62939453125e-06
        ],
        [
          1.337943644763584e-11,
          5.962297322525956e-11,
          1.0,
          2.1999998092651367
        ],
        [
          0.0,
          0.0,
          0.0,
          1.0
        ]
      ],
      "data_path": "D:\\Agent-AI\\outputs\\s3a_left_v3\\sample_000026\\lidar\\LIDAR_TOP.npy",
      "raw_layout": [
        "x",
        "y",
        "z",
        "intensity"
      ]
    },
    "RADAR_FRONT": {
      "type_id": "sensor.other.radar",
      "blueprint_attributes": {
        "sensor_tick": "0.100000",
        "role_name": "default",
        "noise_seed": "0",
        "ros_name": "sensor.other.radar",
        "horizontal_fov": "35.0",
        "points_per_second": "1500",
        "vertical_fov": "20.0",
        "range": "120.0"
      },
      "transform_carla": {
        "location": {
          "x": 107.95458984375,
          "y": -35.784637451171875,
          "z": 0.8831196427345276
        },
        "rotation": {
          "roll": 0.06474959850311279,
          "pitch": -0.39376720786094666,
          "yaw": -103.51607513427734
        }
      },
      "matrix_world_from_sensor_carla": [
        [
          -0.23371261358261108,
          0.9723055362701416,
          -0.0005074272630736232,
          107.95458984375
        ],
        [
          -0.9722814559936523,
          -0.2337104231119156,
          -0.00694626197218895,
          -35.784637451171875
        ],
        [
          -0.006872480269521475,
          -0.0011300668120384216,
          0.9999757409095764,
          0.8831196427345276
        ],
        [
          0.0,
          0.0,
          0.0,
          1.0
        ]
      ],
      "matrix_world_from_sensor_bevfusion": [
        [
          -0.23371261358261108,
          -0.9723055362701416,
          -0.0005074272630736232,
          107.95458984375
        ],
        [
          0.9722814559936523,
          -0.2337104231119156,
          0.00694626197218895,
          35.784637451171875
        ],
        [
          -0.006872480269521475,
          0.0011300668120384216,
          0.9999757409095764,
          0.8831196427345276
        ],
        [
          0.0,
          0.0,
          0.0,
          1.0
        ]
      ],
      "matrix_ego_from_sensor_carla": [
        [
          0.9999999403953552,
          -7.805119217607626e-09,
          1.337943644763584e-11,
          1.9999980926513672
        ],
        [
          -9.1876604102481e-09,
          1.0,
          -5.962014909544067e-11,
          0.0
        ],
        [
          1.337943644763584e-11,
          -5.962297322525956e-11,
          1.0,
          0.8999999761581421
        ],
        [
          0.0,
          0.0,
          0.0,
          1.0
        ]
      ],
      "matrix_ego_from_sensor_bevfusion": [
        [
          0.9999999403953552,
          7.805119217607626e-09,
          1.337943644763584e-11,
          1.9999980926513672
        ],
        [
          9.1876604102481e-09,
          1.0,
          5.962014909544067e-11,
          0.0
        ],
        [
          1.337943644763584e-11,
          5.962297322525956e-11,
          1.0,
          0.8999999761581421
        ],
        [
          0.0,
          0.0,
          0.0,
          1.0
        ]
      ],
      "data_path": "D:\\Agent-AI\\outputs\\s3a_left_v3\\sample_000026\\radar\\RADAR_FRONT.npy",
      "raw_layout": [
        "velocity",
        "altitude",
        "azimuth",
        "depth"
      ]
    },
    "RADAR_FRONT_LEFT": {
      "type_id": "sensor.other.radar",
      "blueprint_attributes": {
        "sensor_tick": "0.100000",
        "role_name": "default",
        "noise_seed": "0",
        "ros_name": "sensor.other.radar",
        "horizontal_fov": "35.0",
        "points_per_second": "1500",
        "vertical_fov": "20.0",
        "range": "120.0"
      },
      "transform_carla": {
        "location": {
          "x": 107.30715942382812,
          "y": -35.26905822753906,
          "z": 0.8863725066184998
        },
        "rotation": {
          "roll": 0.3242221772670746,
          "pitch": -0.23264989256858826,
          "yaw": -148.51646423339844
        }
      },
      "matrix_world_from_sensor_carla": [
        [
          -0.8527832627296448,
          0.5222647786140442,
          -0.0005074127111583948,
          107.30715942382812
        ],
        [
          -0.5222492218017578,
          -0.8527646660804749,
          -0.006946270354092121,
          -35.26905822753906
        ],
        [
          -0.0040604956448078156,
          -0.0056586675345897675,
          0.9999757409095764,
          0.8863725066184998
        ],
        [
          0.0,
          0.0,
          0.0,
          1.0
        ]
      ],
      "matrix_world_from_sensor_bevfusion": [
        [
          -0.8527832627296448,
          -0.5222647786140442,
          -0.0005074127111583948,
          107.30715942382812
        ],
        [
          0.5222492218017578,
          -0.8527646660804749,
          0.006946270354092121,
          35.26905822753906
        ],
        [
          -0.0040604956448078156,
          0.0056586675345897675,
          0.9999757409095764,
          0.8863725066184998
        ],
        [
          0.0,
          0.0,
          0.0,
          1.0
        ]
      ],
      "matrix_ego_from_sensor_carla": [
        [
          0.7071073055267334,
          0.7071062326431274,
          4.669992392791755e-09,
          1.6500005722045898
        ],
        [
          -0.7071062922477722,
          0.7071073651313782,
          1.612210986934315e-08,
          -0.75
        ],
        [
          8.165641496304943e-09,
          -1.546277417219244e-08,
          1.0,
          0.8999999761581421
        ],
        [
          0.0,
          0.0,
          0.0,
          1.0
        ]
      ],
      "matrix_ego_from_sensor_bevfusion": [
        [
          0.7071073055267334,
          -0.7071062326431274,
          4.669992392791755e-09,
          1.6500005722045898
        ],
        [
          0.7071062922477722,
          0.7071073651313782,
          -1.612210986934315e-08,
          0.75
        ],
        [
          8.165641496304943e-09,
          1.546277417219244e-08,
          1.0,
          0.8999999761581421
        ],
        [
          0.0,
          0.0,
          0.0,
          1.0
        ]
      ],
      "data_path": "D:\\Agent-AI\\outputs\\s3a_left_v3\\sample_000026\\radar\\RADAR_FRONT_LEFT.npy",
      "raw_layout": [
        "velocity",
        "altitude",
        "azimuth",
        "depth"
      ]
    },
    "RADAR_FRONT_RIGHT": {
      "type_id": "sensor.other.radar",
      "blueprint_attributes": {
        "sensor_tick": "0.100000",
        "role_name": "default",
        "noise_seed": "0",
        "ros_name": "sensor.other.radar",
