{
  "schema_version": "stage1.v1",
  "sample_name": "sample_000005",
  "sequence_index": 5,
  "previous_sample_name": "sample_000004",
  "frame_id": 3925,
  "timestamp": 39.63108655437827,
  "platform_timestamp": 16816482.7531532,
  "delta_seconds": 0.10000000149011612,
  "town": "Carla/Maps/Town10HD_Opt",
  "weather": {
    "cloudiness": 20.0,
    "dust_storm": 0.0,
    "fog_density": 2.0,
    "fog_distance": 0.75,
    "fog_falloff": 0.10000000149011612,
    "mie_scattering_scale": 0.029999999329447746,
    "precipitation": 0.0,
    "precipitation_deposits": 0.0,
    "rayleigh_scattering_scale": 0.03310000151395798,
    "scattering_intensity": 1.0,
    "sun_altitude_angle": 45.0,
    "sun_azimuth_angle": 300.0,
    "wetness": 0.0,
    "wind_intensity": 10.0
  },
  "sensor_names": [
    "CAM_FRONT",
    "CAM_FRONT_RIGHT",
    "CAM_FRONT_LEFT",
    "CAM_BACK",
    "CAM_BACK_LEFT",
    "CAM_BACK_RIGHT",
    "LIDAR_TOP",
    "RADAR_FRONT",
    "RADAR_FRONT_LEFT",
    "RADAR_FRONT_RIGHT",
    "RADAR_BACK_LEFT",
    "RADAR_BACK_RIGHT"
  ],
  "camera_order_for_model": [
    "CAM_FRONT",
    "CAM_FRONT_RIGHT",
    "CAM_FRONT_LEFT",
    "CAM_BACK",
    "CAM_BACK_LEFT",
    "CAM_BACK_RIGHT"
  ],
  "radar_order_for_model": [
    "RADAR_FRONT",
    "RADAR_FRONT_LEFT",
    "RADAR_FRONT_RIGHT",
    "RADAR_BACK_LEFT",
    "RADAR_BACK_RIGHT"
  ],
  "coordinate_notes": {
    "carla_world": "left-handed x-forward y-right z-up",
    "bevfusion_lidar": "x-forward y-left z-up",
    "camera_frame_for_model": "OpenCV style x-right y-down z-forward"
  },
  "ego": {
    "actor_id": 24,
    "transform_carla": {
      "location": {
        "x": 109.88274383544922,
        "y": -22.073328018188477,
        "z": -0.006541900336742401
      },
      "rotation": {
        "roll": 0.03132333606481552,
        "pitch": 0.5857774615287781,
        "yaw": -91.1859130859375
      }
    },
    "velocity_carla": [
      -0.14096830785274506,
      -5.171717643737793,
      0.0037914179265499115
    ],
    "angular_velocity_carla": [
      -0.06565513461828232,
      0.02230297029018402,
      -1.3851683139801025
    ],
    "matrix_world_from_ego_carla": [
      [
        -0.020695554092526436,
        0.9997854828834534,
        0.000758171605411917,
        109.88274383544922
      ],
      [
        -0.9997335076332092,
        -0.020702220499515533,
        0.010210060514509678,
        -22.073328018188477
      ],
      [
        0.010223567485809326,
        -0.000546666735317558,
        0.9999475479125977,
        -0.006541900336742401
      ],
      [
        0.0,
        0.0,
        0.0,
        1.0
      ]
    ],
    "matrix_world_from_ego_bevfusion": [
      [
        -0.020695554092526436,
        -0.9997854828834534,
        0.000758171605411917,
        109.88274383544922
      ],
      [
        0.9997335076332092,
        -0.020702220499515533,
        -0.010210060514509678,
        22.073328018188477
      ],
      [
        0.010223567485809326,
        0.000546666735317558,
        0.9999475479125977,
        -0.006541900336742401
      ],
      [
        0.0,
        0.0,
        0.0,
        1.0
      ]
    ]
  },
  "sensors": {
    "CAM_FRONT": {
      "type_id": "sensor.camera.rgb",
      "blueprint_attributes": {
        "role_name": "front",
        "ros_name": "sensor.camera.rgb",
        "chromatic_aberration_offset": "0.0",
        "sensor_tick": "0.100000",
        "fstop": "1.4",
        "image_size_x": "960",
        "image_size_y": "540",
        "fov": "70.00",
        "lens_circle_falloff": "5.0",
        "lens_circle_multiplier": "0.0",
        "exposure_compensation": "0.0",
        "lens_y_size": "0.08",
        "lens_k": "-1.0",
        "exposure_mode": "histogram",
        "lens_kcube": "0.0",
        "lens_x_size": "0.08",
        "exposure_max_bright": "12.0",
        "shutter_speed": "200.0",
        "bloom_intensity": "0.675",
        "iso": "100.0",
        "enable_postprocess_effects": "false",
        "gamma": "2.2",
        "motion_blur_intensity": "0.0",
        "motion_blur_max_distortion": "0.35",
        "lens_flare_intensity": "0.1",
        "motion_blur_min_object_screen_size": "0.1",
        "exposure_min_bright": "10.0",
        "exposure_speed_up": "3.0",
        "exposure_speed_down": "1.0",
        "tint": "0.0",
        "calibration_constant": "16.0",
        "focal_distance": "1000.0",
        "min_fstop": "1.2",
        "blade_count": "5",
        "blur_amount": "0.0",
        "blur_radius": "0.0",
        "slope": "0.88",
        "toe": "0.55",
        "white_clip": "0.04",
        "shoulder": "0.26",
        "black_clip": "0.0",
        "temp": "6500.0",
        "chromatic_aberration_intensity": "0.0"
      },
      "transform_carla": {
        "location": {
          "x": 109.8519515991211,
          "y": -23.60555648803711,
          "z": 1.709215521812439
        },
        "rotation": {
          "roll": 0.03132333606481552,
          "pitch": 0.5857774615287781,
          "yaw": -91.1859130859375
        }
      },
      "matrix_world_from_sensor_carla": [
        [
          -0.020695554092526436,
          0.9997854828834534,
          0.000758171605411917,
          109.8519515991211
        ],
        [
          -0.9997335076332092,
          -0.020702220499515533,
          0.010210060514509678,
          -23.60555648803711
        ],
        [
          0.010223567485809326,
          -0.000546666735317558,
          0.9999475479125977,
          1.709215521812439
        ],
        [
          0.0,
          0.0,
          0.0,
          1.0
        ]
      ],
      "matrix_world_from_sensor_bevfusion": [
        [
          0.9997854828834534,
          -0.000758171605411917,
          -0.020695554092526436,
          109.8519515991211
        ],
        [
          0.020702220499515533,
          0.010210060514509678,
          0.9997335076332092,
          23.60555648803711
        ],
        [
          -0.000546666735317558,
          -0.9999475479125977,
          0.010223567485809326,
          1.709215521812439
        ],
        [
          0.0,
          0.0,
          0.0,
          1.0
        ]
      ],
      "matrix_ego_from_sensor_carla": [
        [
          1.0,
          -1.4062888631372061e-09,
          1.943476490851026e-10,
          1.549997329711914
        ],
        [
          -7.788779066153495e-10,
          1.0,
          -2.256239639564228e-11,
          0.0
        ],
        [
          -1.276028172014776e-10,
          6.126599227940233e-11,
          1.0,
          1.7000000476837158
        ],
        [
          0.0,
          0.0,
          0.0,
          1.0
        ]
      ],
      "matrix_ego_from_sensor_bevfusion": [
        [
          -1.4062888631372061e-09,
          -1.943476490851026e-10,
          1.0,
          1.549997329711914
        ],
        [
          -1.0,
          -2.256239639564228e-11,
          7.788779066153495e-10,
          0.0
        ],
        [
          6.126599227940233e-11,
          -1.0,
          -1.276028172014776e-10,
          1.7000000476837158
        ],
        [
          0.0,
          0.0,
          0.0,
          1.0
        ]
      ],
      "camera_intrinsics": [
        [
          685.5110473632812,
          0.0,
          480.0
        ],
        [
          0.0,
          685.5110473632812,
          270.0
        ],
        [
          0.0,
          0.0,
          1.0
        ]
      ],
      "data_path": "D:\\Agent-AI\\outputs\\s3a_left_v3\\sample_000005\\images\\CAM_FRONT.png",
      "raw_layout": "bgra8"
    },
    "CAM_FRONT_RIGHT": {
      "type_id": "sensor.camera.rgb",
      "blueprint_attributes": {
        "role_name": "front",
        "ros_name": "sensor.camera.rgb",
        "chromatic_aberration_offset": "0.0",
        "sensor_tick": "0.100000",
        "fstop": "1.4",
        "image_size_x": "960",
        "image_size_y": "540",
        "fov": "70.00",
        "lens_circle_falloff": "5.0",
        "lens_circle_multiplier": "0.0",
        "exposure_compensation": "0.0",
        "lens_y_size": "0.08",
        "lens_k": "-1.0",
        "exposure_mode": "histogram",
        "lens_kcube": "0.0",
        "lens_x_size": "0.08",
        "exposure_max_bright": "12.0",
        "shutter_speed": "200.0",
        "bloom_intensity": "0.675",
        "iso": "100.0",
        "enable_postprocess_effects": "false",
        "gamma": "2.2",
        "motion_blur_intensity": "0.0",
        "motion_blur_max_distortion": "0.35",
        "lens_flare_intensity": "0.1",
        "motion_blur_min_object_screen_size": "0.1",
        "exposure_min_bright": "10.0",
        "exposure_speed_up": "3.0",
        "exposure_speed_down": "1.0",
        "tint": "0.0",
        "calibration_constant": "16.0",
        "focal_distance": "1000.0",
        "min_fstop": "1.2",
        "blade_count": "5",
        "blur_amount": "0.0",
        "blur_radius": "0.0",
        "slope": "0.88",
        "toe": "0.55",
        "white_clip": "0.04",
        "shoulder": "0.26",
        "black_clip": "0.0",
        "temp": "6500.0",
        "chromatic_aberration_intensity": "0.0"
      },
      "transform_carla": {
        "location": {
          "x": 110.40701293945312,
          "y": -23.367008209228516,
          "z": 1.7063589096069336
        },
        "rotation": {
          "roll": 0.49781131744384766,
          "pitch": 0.3103227913379669,
          "yaw": -36.18473815917969
        }
      },
      "matrix_world_from_sensor_carla": [
        [
          0.8071057796478271,
          0.5904063582420349,
          0.0007582260295748711,
          110.40701293945312
        ],
        [
          -0.5903820395469666,
          0.8070594072341919,
          0.01021002046763897,
          -23.367008209228516
        ],
        [
          0.0054161278530955315,
          -0.00868820957839489,
          0.9999476075172424,
          1.7063589096069336
        ],
        [
          0.0,
          0.0,
          0.0,
          1.0
        ]
      ],
      "matrix_world_from_sensor_bevfusion": [
        [
          0.5904063582420349,
          -0.0007582260295748711,
          0.8071057796478271,
          110.40701293945312
        ],
        [
          -0.8070594072341919,
          0.01021002046763897,
          0.5903820395469666,
          23.367008209228516
        ],
        [
          -0.00868820957839489,
          -0.9999476075172424,
          0.0054161278530955315,
          1.7063589096069336
        ],
        [
          0.0,
          0.0,
          0.0,
          1.0
        ]
      ],
      "matrix_ego_from_sensor_carla": [
        [
          0.5735766291618347,
          -0.8191519975662231,
          3.99192678912641e-08,
          1.2999954223632812
        ],
        [
          0.8191519975662231,
          0.5735766291618347,
          5.518392498515823e-08,
          0.5500030517578125
        ],
        [
          -6.86288714746297e-08,
          1.6427766924564935e-09,
          1.0,
          1.7000000476837158
        ],
        [
          0.0,
          0.0,
          0.0,
          1.0
        ]
      ],
      "matrix_ego_from_sensor_bevfusion": [
        [
          -0.8191519975662231,
          -3.99192678912641e-08,
          0.5735766291618347,
          1.2999954223632812
        ],
        [
          -0.5735766291618347,
          5.518392498515823e-08,
          -0.8191519975662231,
          -0.5500030517578125
        ],
        [
          1.6427766924564935e-09,
          -1.0,
          -6.86288714746297e-08,
          1.7000000476837158
        ],
        [
          0.0,
          0.0,
          0.0,
          1.0
        ]
      ],
      "camera_intrinsics": [
        [
          685.5110473632812,
          0.0,
          480.0
        ],
        [
          0.0,
          685.5110473632812,
          270.0
        ],
        [
          0.0,
          0.0,
          1.0
        ]
      ],
      "data_path": "D:\\Agent-AI\\outputs\\s3a_left_v3\\sample_000005\\images\\CAM_FRONT_RIGHT.png",
      "raw_layout": "bgra8"
    },
    "CAM_FRONT_LEFT": {
      "type_id": "sensor.camera.rgb",
      "blueprint_attributes": {
        "role_name": "front",
        "ros_name": "sensor.camera.rgb",
        "chromatic_aberration_offset": "0.0",
        "sensor_tick": "0.100000",
        "fstop": "1.4",
        "image_size_x": "960",
        "image_size_y": "540",
        "fov": "70.00",
        "lens_circle_falloff": "5.0",
        "lens_circle_multiplier": "0.0",
        "exposure_compensation": "0.0",
        "lens_y_size": "0.08",
        "lens_k": "-1.0",
        "exposure_mode": "histogram",
        "lens_kcube": "0.0",
        "lens_x_size": "0.08",
        "exposure_max_bright": "12.0",
        "shutter_speed": "200.0",
        "bloom_intensity": "0.675",
        "iso": "100.0",
        "enable_postprocess_effects": "false",
        "gamma": "2.2",
        "motion_blur_intensity": "0.0",
        "motion_blur_max_distortion": "0.35",
        "lens_flare_intensity": "0.1",
        "motion_blur_min_object_screen_size": "0.1",
        "exposure_min_bright": "10.0",
        "exposure_speed_up": "3.0",
        "exposure_speed_down": "1.0",
        "tint": "0.0",
        "calibration_constant": "16.0",
        "focal_distance": "1000.0",
        "min_fstop": "1.2",
        "blade_count": "5",
        "blur_amount": "0.0",
        "blur_radius": "0.0",
        "slope": "0.88",
        "toe": "0.55",
        "white_clip": "0.04",
        "shoulder": "0.26",
        "black_clip": "0.0",
        "temp": "6500.0",
        "chromatic_aberration_intensity": "0.0"
      },
      "transform_carla": {
        "location": {
          "x": 109.30724334716797,
          "y": -23.34423828125,
          "z": 1.7069602012634277
        },
        "rotation": {
          "roll": -0.461881160736084,
          "pitch": 0.36164483428001404,
          "yaw": -146.18751525878906
        }
      },
      "matrix_world_from_sensor_carla": [
        [
          -0.8308466076850891,
          0.5565009713172913,
          0.0007582111284136772,
          109.30724334716797
        ],
        [
          -0.5564656853675842,
          -0.8308078646659851,
          0.010210087522864342,
          -23.34423828125
        ],
        [
          0.006311851087957621,
          0.008061098866164684,
          0.9999476075172424,
          1.7069602012634277
        ],
        [
          0.0,
          0.0,
          0.0,
          1.0
        ]
      ],
      "matrix_world_from_sensor_bevfusion": [
        [
          0.5565009713172913,
          -0.0007582111284136772,
          -0.8308466076850891,
          109.30724334716797
        ],
        [
          0.8308078646659851,
          0.010210087522864342,
          0.5564656853675842,
          23.34423828125
        ],
        [
          0.008061098866164684,
          -0.9999476075172424,
          0.006311851087957621,
          1.7069602012634277
        ],
        [
          0.0,
          0.0,
          0.0,
          1.0
        ]
      ],
      "matrix_ego_from_sensor_carla": [
        [
          0.573576807975769,
          0.8191518187522888,
          -2.7135957481050355e-08,
          1.299997329711914
        ],
        [
          -0.8191518187522888,
          0.573576807975769,
          3.8885779929387354e-08,
          -0.5500030517578125
        ],
        [
          4.64920937304214e-08,
          -4.518570517753062e-10,
          1.0,
          1.6999999284744263
        ],
        [
          0.0,
          0.0,
          0.0,
          1.0
        ]
      ],
      "matrix_ego_from_sensor_bevfusion": [
        [
          0.8191518187522888,
          2.7135957481050355e-08,
          0.573576807975769,
          1.299997329711914
        ],
        [
          -0.573576807975769,
          3.8885779929387354e-08,
          0.8191518187522888,
          0.5500030517578125
        ],
        [
          -4.518570517753062e-10,
          -1.0,
          4.64920937304214e-08,
          1.6999999284744263
        ],
        [
          0.0,
          0.0,
          0.0,
          1.0
        ]
      ],
      "camera_intrinsics": [
        [
          685.5110473632812,
          0.0,
          480.0
        ],
        [
          0.0,
          685.5110473632812,
          270.0
        ],
        [
          0.0,
          0.0,
          1.0
        ]
      ],
      "data_path": "D:\\Agent-AI\\outputs\\s3a_left_v3\\sample_000005\\images\\CAM_FRONT_LEFT.png",
      "raw_layout": "bgra8"
    },
    "CAM_BACK": {
      "type_id": "sensor.camera.rgb",
      "blueprint_attributes": {
        "role_name": "front",
        "ros_name": "sensor.camera.rgb",
        "chromatic_aberration_offset": "0.0",
        "sensor_tick": "0.100000",
        "fstop": "1.4",
        "image_size_x": "960",
        "image_size_y": "540",
        "fov": "70.00",
        "lens_circle_falloff": "5.0",
        "lens_circle_multiplier": "0.0",
        "exposure_compensation": "0.0",
        "lens_y_size": "0.08",
        "lens_k": "-1.0",
        "exposure_mode": "histogram",
        "lens_kcube": "0.0",
        "lens_x_size": "0.08",
        "exposure_max_bright": "12.0",
        "shutter_speed": "200.0",
        "bloom_intensity": "0.675",
        "iso": "100.0",
        "enable_postprocess_effects": "false",
        "gamma": "2.2",
        "motion_blur_intensity": "0.0",
        "motion_blur_max_distortion": "0.35",
        "lens_flare_intensity": "0.1",
        "motion_blur_min_object_screen_size": "0.1",
        "exposure_min_bright": "10.0",
        "exposure_speed_up": "3.0",
        "exposure_speed_down": "1.0",
        "tint": "0.0",
        "calibration_constant": "16.0",
        "focal_distance": "1000.0",
        "min_fstop": "1.2",
        "blade_count": "5",
        "blur_amount": "0.0",
        "blur_radius": "0.0",
        "slope": "0.88",
        "toe": "0.55",
        "white_clip": "0.04",
        "shoulder": "0.26",
        "black_clip": "0.0",
        "temp": "6500.0",
        "chromatic_aberration_intensity": "0.0"
      },
      "transform_carla": {
        "location": {
          "x": 109.91610717773438,
          "y": -20.506383895874023,
          "z": 1.6775224208831787
        },
        "rotation": {
          "roll": -0.031323548406362534,
          "pitch": -0.5857774615287781,
          "yaw": 88.8140869140625
        }
      },
      "matrix_world_from_sensor_carla": [
        [
          0.020695585757493973,
          -0.9997854828834534,
          0.0007581756799481809,
          109.91610717773438
        ],
        [
          0.9997335076332092,
          0.02070225216448307,
          0.010210060514509678,
          -20.506383895874023
        ],
        [
          -0.010223567485809326,
          0.0005466704606078565,
          0.9999475479125977,
          1.6775224208831787
        ],
        [
          0.0,
          0.0,
          0.0,
          1.0
        ]
      ],
      "matrix_world_from_sensor_bevfusion": [
        [
          -0.9997854828834534,
          -0.0007581756799481809,
          0.020695585757493973,
          109.91610717773438
        ],
        [
          -0.02070225216448307,
          0.010210060514509678,
          -0.9997335076332092,
          20.506383895874023
        ],
        [
          0.0005466704606078565,
          -0.9999475479125977,
          -0.010223567485809326,
          1.6775224208831787
        ],
        [
          0.0,
          0.0,
          0.0,
          1.0
        ]
      ],
      "matrix_ego_from_sensor_carla": [
        [
          -1.0,
          -3.021195382757469e-08,
          1.943476490851026e-10,
          -1.5500011444091797
        ],
        [
          3.24438467202981e-08,
          -1.0,
          4.051973867547076e-09,
          0.0
        ],
        [
          1.276028172014776e-10,
          4.0130752054778895e-09,
          1.0,
          1.7000000476837158
        ],
        [
          0.0,
          0.0,
          0.0,
          1.0
        ]
      ],
      "matrix_ego_from_sensor_bevfusion": [
        [
          -3.021195382757469e-08,
          -1.943476490851026e-10,
          -1.0,
          -1.5500011444091797
        ],
        [
          1.0,
          4.051973867547076e-09,
          -3.24438467202981e-08,
          0.0
        ],
        [
          4.0130752054778895e-09,
          -1.0,
          1.276028172014776e-10,
          1.7000000476837158
        ],
        [
          0.0,
          0.0,
          0.0,
          1.0
        ]
      ],
      "camera_intrinsics": [
        [
          685.5110473632812,
          0.0,
          480.0
        ],
        [
          0.0,
          685.5110473632812,
          270.0
        ],
        [
          0.0,
          0.0,
          1.0
        ]
      ],
      "data_path": "D:\\Agent-AI\\outputs\\s3a_left_v3\\sample_000005\\images\\CAM_BACK.png",
      "raw_layout": "bgra8"
    },
    "CAM_BACK_LEFT": {
      "type_id": "sensor.camera.rgb",
      "blueprint_attributes": {
        "role_name": "front",
        "ros_name": "sensor.camera.rgb",
        "chromatic_aberration_offset": "0.0",
        "sensor_tick": "0.100000",
        "fstop": "1.4",
        "image_size_x": "960",
        "image_size_y": "540",
        "fov": "70.00",
        "lens_circle_falloff": "5.0",
        "lens_circle_multiplier": "0.0",
        "exposure_compensation": "0.0",
        "lens_y_size": "0.08",
        "lens_k": "-1.0",
        "exposure_mode": "histogram",
        "lens_kcube": "0.0",
        "lens_x_size": "0.08",
        "exposure_max_bright": "12.0",
        "shutter_speed": "200.0",
        "bloom_intensity": "0.675",
        "iso": "100.0",
        "enable_postprocess_effects": "false",
        "gamma": "2.2",
        "motion_blur_intensity": "0.0",
        "motion_blur_max_distortion": "0.35",
        "lens_flare_intensity": "0.1",
        "motion_blur_min_object_screen_size": "0.1",
        "exposure_min_bright": "10.0",
        "exposure_speed_up": "3.0",
        "exposure_speed_down": "1.0",
        "tint": "0.0",
        "calibration_constant": "16.0",
        "focal_distance": "1000.0",
        "min_fstop": "1.2",
        "blade_count": "5",
        "blur_amount": "0.0",
        "blur_radius": "0.0",
        "slope": "0.88",
        "toe": "0.55",
        "white_clip": "0.04",
        "shoulder": "0.26",
        "black_clip": "0.0",
        "temp": "6500.0",
        "chromatic_aberration_intensity": "0.0"
      },
      "transform_carla": {
        "location": {
          "x": 109.36105346679688,
          "y": -20.744930267333984,
          "z": 1.680379033088684
        },
        "rotation": {
          "roll": -0.49781131744384766,
          "pitch": -0.3103227913379669,
          "yaw": 143.81524658203125
        }
      },
      "matrix_world_from_sensor_carla": [
        [
          -0.8071056008338928,
          -0.590406596660614,
          0.0007582288235425949,
          109.36105346679688
        ],
        [
          0.5903822779655457,
          -0.8070592284202576,
          0.01021002046763897,
          -20.744930267333984
        ],
        [
          -0.0054161278530955315,
          0.00868820957839489,
          0.9999476075172424,
          1.680379033088684
        ],
        [
          0.0,
          0.0,
          0.0,
          1.0
        ]
      ],
      "matrix_world_from_sensor_bevfusion": [
        [
          -0.590406596660614,
          -0.0007582288235425949,
          -0.8071056008338928,
          109.36105346679688
        ],
        [
          0.8070592284202576,
          0.01021002046763897,
          -0.5903822779655457,
          20.744930267333984
        ],
        [
          0.00868820957839489,
          -0.9999476075172424,
          -0.0054161278530955315,
          1.680379033088684
        ],
        [
          0.0,
          0.0,
          0.0,
          1.0
        ]
      ],
      "matrix_ego_from_sensor_carla": [
        [
          -0.5735768675804138,
          0.8191518187522888,
          3.99192678912641e-08,
          -1.3000011444091797
        ],
        [
          -0.8191518187522888,
          -0.5735768675804138,
          5.7977892709004664e-08,
          -0.5499954223632812
        ],
        [
          7.09571779111684e-08,
          -7.11454117841015e-10,
          1.0,
          1.7000000476837158
        ],
        [
          0.0,
          0.0,
          0.0,
          1.0
        ]
      ],
      "matrix_ego_from_sensor_bevfusion": [
        [
          0.8191518187522888,
          -3.99192678912641e-08,
          -0.5735768675804138,
          -1.3000011444091797
        ],
        [
          0.5735768675804138,
          5.7977892709004664e-08,
          0.8191518187522888,
          0.5499954223632812
        ],
        [
          -7.11454117841015e-10,
          -1.0,
          7.09571779111684e-08,
          1.7000000476837158
        ],
        [
          0.0,
          0.0,
          0.0,
          1.0
        ]
      ],
      "camera_intrinsics": [
        [
          685.5110473632812,
          0.0,
          480.0
        ],
        [
          0.0,
          685.5110473632812,
          270.0
        ],
        [
          0.0,
          0.0,
          1.0
        ]
      ],
      "data_path": "D:\\Agent-AI\\outputs\\s3a_left_v3\\sample_000005\\images\\CAM_BACK_LEFT.png",
      "raw_layout": "bgra8"
    },
    "CAM_BACK_RIGHT": {
      "type_id": "sensor.camera.rgb",
      "blueprint_attributes": {
        "role_name": "front",
        "ros_name": "sensor.camera.rgb",
        "chromatic_aberration_offset": "0.0",
        "sensor_tick": "0.100000",
        "fstop": "1.4",
        "image_size_x": "960",
        "image_size_y": "540",
        "fov": "70.00",
        "lens_circle_falloff": "5.0",
        "lens_circle_multiplier": "0.0",
        "exposure_compensation": "0.0",
        "lens_y_size": "0.08",
        "lens_k": "-1.0",
        "exposure_mode": "histogram",
        "lens_kcube": "0.0",
        "lens_x_size": "0.08",
        "exposure_max_bright": "12.0",
        "shutter_speed": "200.0",
        "bloom_intensity": "0.675",
        "iso": "100.0",
        "enable_postprocess_effects": "false",
        "gamma": "2.2",
        "motion_blur_intensity": "0.0",
        "motion_blur_max_distortion": "0.35",
        "lens_flare_intensity": "0.1",
        "motion_blur_min_object_screen_size": "0.1",
        "exposure_min_bright": "10.0",
        "exposure_speed_up": "3.0",
        "exposure_speed_down": "1.0",
        "tint": "0.0",
        "calibration_constant": "16.0",
        "focal_distance": "1000.0",
        "min_fstop": "1.2",
        "blade_count": "5",
        "blur_amount": "0.0",
        "blur_radius": "0.0",
        "slope": "0.88",
        "toe": "0.55",
        "white_clip": "0.04",
        "shoulder": "0.26",
        "black_clip": "0.0",
        "temp": "6500.0",
        "chromatic_aberration_intensity": "0.0"
      },
      "transform_carla": {
        "location": {
          "x": 110.4608154296875,
          "y": -20.767702102661133,
          "z": 1.6797776222229004
        },
        "rotation": {
          "roll": 0.461881160736084,
          "pitch": -0.36164483428001404,
          "yaw": 33.81246566772461
        }
      },
      "matrix_world_from_sensor_carla": [
        [
          0.8308468461036682,
          -0.5565006136894226,
          0.000758215319365263,
          110.4608154296875
        ],
        [
          0.5564653277397156,
          0.8308081030845642,
          0.010210087522864342,
          -20.767702102661133
        ],
        [
          -0.006311851087957621,
          -0.008061098866164684,
          0.9999476075172424,
          1.6797776222229004
        ],
        [
          0.0,
          0.0,
          0.0,
          1.0
        ]
      ],
      "matrix_world_from_sensor_bevfusion": [
        [
          -0.5565006136894226,
          -0.000758215319365263,
          0.8308468461036682,
          110.4608154296875
        ],
        [
          -0.8308081030845642,
          0.010210087522864342,
          -0.5564653277397156,
          20.767702102661133
        ],
        [
          -0.008061098866164684,
          -0.9999476075172424,
          -0.006311851087957621,
          1.6797776222229004
        ],
        [
          0.0,
          0.0,
          0.0,
          1.0
        ]
      ],
      "matrix_ego_from_sensor_carla": [
        [
          -0.5735764503479004,
          -0.8191521167755127,
          -2.7135957481050355e-08,
          -1.3000011444091797
        ],
        [
          0.8191520571708679,
          -0.5735764503479004,
          4.307673151515701e-08,
          0.5500030517578125
        ],
        [
          -5.0217384028883316e-08,
          3.2458247201105905e-09,
          1.0,
          1.7000000476837158
        ],
        [
          0.0,
          0.0,
          0.0,
          1.0
        ]
      ],
      "matrix_ego_from_sensor_bevfusion": [
        [
          -0.8191521167755127,
          2.7135957481050355e-08,
          -0.5735764503479004,
          -1.3000011444091797
        ],
        [
          0.5735764503479004,
          4.307673151515701e-08,
          -0.8191520571708679,
          -0.5500030517578125
        ],
        [
          3.2458247201105905e-09,
          -1.0,
          -5.0217384028883316e-08,
          1.7000000476837158
        ],
        [
          0.0,
          0.0,
          0.0,
          1.0
        ]
      ],
      "camera_intrinsics": [
        [
          685.5110473632812,
          0.0,
          480.0
        ],
        [
          0.0,
          685.5110473632812,
          270.0
        ],
        [
          0.0,
          0.0,
          1.0
        ]
      ],
      "data_path": "D:\\Agent-AI\\outputs\\s3a_left_v3\\sample_000005\\images\\CAM_BACK_RIGHT.png",
      "raw_layout": "bgra8"
    },
    "LIDAR_TOP": {
      "type_id": "sensor.lidar.ray_cast",
      "blueprint_attributes": {
        "atmosphere_attenuation_rate": "0.004",
        "role_name": "front",
        "noise_seed": "0",
        "upper_fov": "10.0",
        "ros_name": "sensor.lidar.ray_cast",
        "sensor_tick": "0.100000",
        "channels": "32",
        "range": "120.0",
        "points_per_second": "360000",
        "lower_fov": "-30.0",
        "rotation_frequency": "10.000000",
        "horizontal_fov": "360.0",
        "dropoff_general_rate": "0.0",
        "dropoff_intensity_limit": "1.0",
        "noise_stddev": "0.0",
        "dropoff_zero_intensity": "0.0"
      },
      "transform_carla": {
        "location": {
          "x": 109.88441467285156,
          "y": -22.050867080688477,
          "z": 2.193342685699463
        },
        "rotation": {
          "roll": 0.03132333606481552,
          "pitch": 0.5857774615287781,
          "yaw": -91.1859130859375
        }
      },
      "matrix_world_from_sensor_carla": [
        [
          -0.020695554092526436,
          0.9997854828834534,
          0.000758171605411917,
          109.88441467285156
        ],
        [
          -0.9997335076332092,
          -0.020702220499515533,
          0.010210060514509678,
          -22.050867080688477
        ],
        [
          0.010223567485809326,
          -0.000546666735317558,
          0.9999475479125977,
          2.193342685699463
        ],
        [
          0.0,
          0.0,
          0.0,
          1.0
        ]
      ],
      "matrix_world_from_sensor_bevfusion": [
        [
          -0.020695554092526436,
          -0.9997854828834534,
          0.000758171605411917,
          109.88441467285156
        ],
        [
          0.9997335076332092,
          -0.020702220499515533,
          -0.010210060514509678,
          22.050867080688477
        ],
        [
          0.010223567485809326,
          0.000546666735317558,
          0.9999475479125977,
          2.193342685699463
        ],
        [
          0.0,
          0.0,
          0.0,
          1.0
        ]
      ],
      "matrix_ego_from_sensor_carla": [
        [
          1.0,
          -1.4062888631372061e-09,
          1.943476490851026e-10,
          0.0
        ],
        [
          -7.788779066153495e-10,
          1.0,
          -2.256239639564228e-11,
          7.62939453125e-06
        ],
        [
          -1.276028172014776e-10,
          6.126599227940233e-11,
          1.0,
          2.1999998092651367
        ],
        [
          0.0,
          0.0,
          0.0,
          1.0
        ]
      ],
      "matrix_ego_from_sensor_bevfusion": [
        [
          1.0,
          1.4062888631372061e-09,
          1.943476490851026e-10,
          0.0
        ],
        [
          7.788779066153495e-10,
          1.0,
          2.256239639564228e-11,
          -7.62939453125e-06
        ],
        [
          -1.276028172014776e-10,
          -6.126599227940233e-11,
          1.0,
          2.1999998092651367
        ],
        [
          0.0,
          0.0,
          0.0,
          1.0
        ]
      ],
      "data_path": "D:\\Agent-AI\\outputs\\s3a_left_v3\\sample_000005\\lidar\\LIDAR_TOP.npy",
      "raw_layout": [
        "x",
        "y",
        "z",
        "intensity"
      ]
    },
    "RADAR_FRONT": {
      "type_id": "sensor.other.radar",
      "blueprint_attributes": {
        "sensor_tick": "0.100000",
        "role_name": "default",
        "noise_seed": "0",
        "ros_name": "sensor.other.radar",
        "horizontal_fov": "35.0",
        "points_per_second": "1500",
        "vertical_fov": "20.0",
        "range": "120.0"
      },
      "transform_carla": {
        "location": {
          "x": 109.84202575683594,
          "y": -24.06360626220703,
          "z": 0.9138581156730652
        },
        "rotation": {
          "roll": 0.03132333606481552,
          "pitch": 0.5857774615287781,
          "yaw": -91.1859130859375
        }
      },
      "matrix_world_from_sensor_carla": [
        [
          -0.020695554092526436,
          0.9997854828834534,
          0.000758171605411917,
          109.84202575683594
        ],
        [
          -0.9997335076332092,
          -0.020702220499515533,
          0.010210060514509678,
          -24.06360626220703
        ],
        [
          0.010223567485809326,
          -0.000546666735317558,
          0.9999475479125977,
          0.9138581156730652
        ],
        [
          0.0,
          0.0,
          0.0,
          1.0
        ]
      ],
      "matrix_world_from_sensor_bevfusion": [
        [
          -0.020695554092526436,
          -0.9997854828834534,
          0.000758171605411917,
          109.84202575683594
        ],
        [
          0.9997335076332092,
          -0.020702220499515533,
          -0.010210060514509678,
          24.06360626220703
        ],
        [
          0.010223567485809326,
          0.000546666735317558,
          0.9999475479125977,
          0.9138581156730652
        ],
        [
          0.0,
          0.0,
          0.0,
          1.0
        ]
      ],
      "matrix_ego_from_sensor_carla": [
        [
          1.0,
          -1.4062888631372061e-09,
          1.943476490851026e-10,
          1.9999980926513672
        ],
        [
          -7.788779066153495e-10,
          1.0,
          -2.256239639564228e-11,
          -7.62939453125e-06
        ],
        [
          -1.276028172014776e-10,
          6.126599227940233e-11,
          1.0,
          0.9000000953674316
        ],
        [
          0.0,
          0.0,
          0.0,
          1.0
        ]
      ],
      "matrix_ego_from_sensor_bevfusion": [
        [
          1.0,
          1.4062888631372061e-09,
          1.943476490851026e-10,
          1.9999980926513672
        ],
        [
          7.788779066153495e-10,
          1.0,
          2.256239639564228e-11,
          7.62939453125e-06
        ],
        [
          -1.276028172014776e-10,
          -6.126599227940233e-11,
          1.0,
          0.9000000953674316
        ],
        [
          0.0,
          0.0,
          0.0,
          1.0
        ]
      ],
      "data_path": "D:\\Agent-AI\\outputs\\s3a_left_v3\\sample_000005\\radar\\RADAR_FRONT.npy",
      "raw_layout": [
        "velocity",
        "altitude",
        "azimuth",
        "depth"
      ]
    },
    "RADAR_FRONT_LEFT": {
      "type_id": "sensor.other.radar",
      "blueprint_attributes": {
        "sensor_tick": "0.100000",
        "role_name": "default",
        "noise_seed": "0",
        "ros_name": "sensor.other.radar",
        "horizontal_fov": "35.0",
        "points_per_second": "1500",
        "vertical_fov": "20.0",
        "range": "120.0"
      },
      "transform_carla": {
        "location": {
          "x": 109.09944152832031,
          "y": -23.698171615600586,
          "z": 0.9106898307800293
        },
        "rotation": {
          "roll": -0.3920665383338928,
          "pitch": 0.4363534450531006,
          "yaw": -136.1875762939453
        }
      },
      "matrix_world_from_sensor_carla": [
        [
          -0.7215892672538757,
          0.6923210024833679,
          0.0007581934332847595,
          109.09944152832031
        ],
        [
          -0.6922795176506042,
          -0.7215571999549866,
          0.010210077278316021,
          -23.698171615600586
        ],
        [
          0.007615730632096529,
          0.006842599716037512,
          0.9999475479125977,
          0.9106898307800293
        ],
        [
          0.0,
          0.0,
          0.0,
          1.0
        ]
      ],
      "matrix_world_from_sensor_bevfusion": [
        [
          -0.7215892672538757,
          -0.6923210024833679,
          0.0007581934332847595,
          109.09944152832031
        ],
        [
          0.6922795176506042,
          -0.7215571999549866,
          -0.010210077278316021,
          23.698171615600586
        ],
        [
          0.007615730632096529,
          -0.006842599716037512,
          0.9999475479125977,
          0.9106898307800293
        ],
        [
          0.0,
          0.0,
          0.0,
          1.0
        ]
      ],
      "matrix_ego_from_sensor_carla": [
        [
          0.7071065902709961,
          0.7071069478988647,
          -1.656945869399351e-08,
          1.6499977111816406
        ],
        [
          -0.7071070075035095,
          0.7071066498756409,
          2.145606359249541e-08,
          -0.7499923706054688
        ],
        [
          2.6141719899896998e-08,
          -4.598209368822381e-09,
          1.0,
          0.9000000953674316
        ],
        [
          0.0,
          0.0,
          0.0,
          1.0
        ]
      ],
      "matrix_ego_from_sensor_bevfusion": [
        [
          0.7071065902709961,
          -0.7071069478988647,
          -1.656945869399351e-08,
          1.6499977111816406
        ],
        [
          0.7071070075035095,
          0.7071066498756409,
          -2.145606359249541e-08,
          0.7499923706054688
        ],
        [
          2.6141719899896998e-08,
          4.598209368822381e-09,
          1.0,
          0.9000000953674316
        ],
        [
          0.0,
          0.0,
          0.0,
          1.0
        ]
      ],
      "data_path": "D:\\Agent-AI\\outputs\\s3a_left_v3\\sample_000005\\radar\\RADAR_FRONT_LEFT.npy",
      "raw_layout": [
        "velocity",
        "altitude",
        "azimuth",
        "depth"
      ]
    },
    "RADAR_FRONT_RIGHT": {
      "type_id": "sensor.other.radar",
      "blueprint_attributes": {
        "sensor_tick": "0.100000",
        "role_name": "default",
        "noise_seed": "0",
        "ros_name": "sensor.other.radar",
        "horizontal_fov": "35.0",
        "points_per_second": "1500",
        "vertical_fov": "20.0",
        "range": "120.0"
      },
      "transform_carla": {
