{
  "schema_version": "stage1.v1",
  "sample_name": "sample_000045",
  "sequence_index": 45,
  "previous_sample_name": "sample_000044",
  "frame_id": 60046,
  "timestamp": 439.5197008177638,
  "platform_timestamp": 16814581.6187825,
  "delta_seconds": 0.10000000149011612,
  "town": "Carla/Maps/Town10HD_Opt",
  "weather": {
    "cloudiness": 20.0,
    "dust_storm": 0.0,
    "fog_density": 2.0,
    "fog_distance": 0.75,
    "fog_falloff": 0.10000000149011612,
    "mie_scattering_scale": 0.029999999329447746,
    "precipitation": 0.0,
    "precipitation_deposits": 0.0,
    "rayleigh_scattering_scale": 0.03310000151395798,
    "scattering_intensity": 1.0,
    "sun_altitude_angle": 45.0,
    "sun_azimuth_angle": 300.0,
    "wetness": 0.0,
    "wind_intensity": 10.0
  },
  "sensor_names": [
    "CAM_FRONT",
    "CAM_FRONT_RIGHT",
    "CAM_FRONT_LEFT",
    "CAM_BACK",
    "CAM_BACK_LEFT",
    "CAM_BACK_RIGHT",
    "LIDAR_TOP",
    "RADAR_FRONT",
    "RADAR_FRONT_LEFT",
    "RADAR_FRONT_RIGHT",
    "RADAR_BACK_LEFT",
    "RADAR_BACK_RIGHT"
  ],
  "camera_order_for_model": [
    "CAM_FRONT",
    "CAM_FRONT_RIGHT",
    "CAM_FRONT_LEFT",
    "CAM_BACK",
    "CAM_BACK_LEFT",
    "CAM_BACK_RIGHT"
  ],
  "radar_order_for_model": [
    "RADAR_FRONT",
    "RADAR_FRONT_LEFT",
    "RADAR_FRONT_RIGHT",
    "RADAR_BACK_LEFT",
    "RADAR_BACK_RIGHT"
  ],
  "coordinate_notes": {
    "carla_world": "left-handed x-forward y-right z-up",
    "bevfusion_lidar": "x-forward y-left z-up",
    "camera_frame_for_model": "OpenCV style x-right y-down z-forward"
  },
  "ego": {
    "actor_id": 28,
    "transform_carla": {
      "location": {
        "x": 94.78401947021484,
        "y": -51.61924362182617,
        "z": -0.0046701813116669655
      },
      "rotation": {
        "roll": 0.41853955388069153,
        "pitch": 0.08863536268472672,
        "yaw": -132.4998779296875
      }
    },
    "velocity_carla": [
      -5.645261287689209,
      -6.0381999015808105,
      9.399413829669356e-05
    ],
    "angular_velocity_carla": [
      -1.2751843929290771,
      -0.006190378684550524,
      -5.008029460906982
    ],
    "matrix_world_from_ego_carla": [
      [
        -0.6755877733230591,
        0.7372514605522156,
        0.0064307874999940395,
        94.78401947021484
      ],
      [
        -0.7372778654098511,
        -0.6755788922309875,
        -0.0037945350632071495,
        -51.61924362182617
      ],
      [
        0.0015469783684238791,
        -0.00730481930077076,
        0.9999721050262451,
        -0.0046701813116669655
      ],
      [
        0.0,
        0.0,
        0.0,
        1.0
      ]
    ],
    "matrix_world_from_ego_bevfusion": [
      [
        -0.6755877733230591,
        -0.7372514605522156,
        0.0064307874999940395,
        94.78401947021484
      ],
      [
        0.7372778654098511,
        -0.6755788922309875,
        0.0037945350632071495,
        51.61924362182617
      ],
      [
        0.0015469783684238791,
        0.00730481930077076,
        0.9999721050262451,
        -0.0046701813116669655
      ],
      [
        0.0,
        0.0,
        0.0,
        1.0
      ]
    ]
  },
  "sensors": {
    "CAM_FRONT": {
      "type_id": "sensor.camera.rgb",
      "blueprint_attributes": {
        "role_name": "front",
        "ros_name": "sensor.camera.rgb",
        "chromatic_aberration_offset": "0.0",
        "sensor_tick": "0.100000",
        "fstop": "1.4",
        "image_size_x": "960",
        "image_size_y": "540",
        "fov": "70.00",
        "lens_circle_falloff": "5.0",
        "lens_circle_multiplier": "0.0",
        "exposure_compensation": "0.0",
        "lens_y_size": "0.08",
        "lens_k": "-1.0",
        "exposure_mode": "histogram",
        "lens_kcube": "0.0",
        "lens_x_size": "0.08",
        "exposure_max_bright": "12.0",
        "shutter_speed": "200.0",
        "bloom_intensity": "0.675",
        "iso": "100.0",
        "enable_postprocess_effects": "false",
        "gamma": "2.2",
        "motion_blur_intensity": "0.0",
        "motion_blur_max_distortion": "0.35",
        "lens_flare_intensity": "0.1",
        "motion_blur_min_object_screen_size": "0.1",
        "exposure_min_bright": "10.0",
        "exposure_speed_up": "3.0",
        "exposure_speed_down": "1.0",
        "tint": "0.0",
        "calibration_constant": "16.0",
        "focal_distance": "1000.0",
        "min_fstop": "1.2",
        "blade_count": "5",
        "blur_amount": "0.0",
        "blur_radius": "0.0",
        "slope": "0.88",
        "toe": "0.55",
        "white_clip": "0.04",
        "shoulder": "0.26",
        "black_clip": "0.0",
        "temp": "6500.0",
        "chromatic_aberration_intensity": "0.0"
      },
      "transform_carla": {
        "location": {
          "x": 93.74778747558594,
          "y": -52.76847457885742,
          "z": 1.6976803541183472
        },
        "rotation": {
          "roll": 0.41853955388069153,
          "pitch": 0.08863536268472672,
          "yaw": -132.4998779296875
        }
      },
      "matrix_world_from_sensor_carla": [
        [
          -0.6755877733230591,
          0.7372514605522156,
          0.0064307874999940395,
          93.74778747558594
        ],
        [
          -0.7372778654098511,
          -0.6755788922309875,
          -0.0037945350632071495,
          -52.76847457885742
        ],
        [
          0.0015469783684238791,
          -0.00730481930077076,
          0.9999721050262451,
          1.6976803541183472
        ],
        [
          0.0,
          0.0,
          0.0,
          1.0
        ]
      ],
      "matrix_world_from_sensor_bevfusion": [
        [
          0.7372514605522156,
          -0.0064307874999940395,
          -0.6755877733230591,
          93.74778747558594
        ],
        [
          0.6755788922309875,
          -0.0037945350632071495,
          0.7372778654098511,
          52.76847457885742
        ],
        [
          -0.00730481930077076,
          -0.9999721050262451,
          0.0015469783684238791,
          1.6976803541183472
        ],
        [
          0.0,
          0.0,
          0.0,
          1.0
        ]
      ],
      "matrix_ego_from_sensor_carla": [
        [
          1.0,
          3.5887161686787294e-08,
          2.700070445005309e-10,
          1.5500049591064453
        ],
        [
          -7.068408081067901e-10,
          1.0,
          2.7377311528908876e-10,
          0.0
        ],
        [
          -1.0346013629147777e-10,
          -1.616410338911578e-10,
          1.0,
          1.700000286102295
        ],
        [
          0.0,
          0.0,
          0.0,
          1.0
        ]
      ],
      "matrix_ego_from_sensor_bevfusion": [
        [
          3.5887161686787294e-08,
          -2.700070445005309e-10,
          1.0,
          1.5500049591064453
        ],
        [
          -1.0,
          2.7377311528908876e-10,
          7.068408081067901e-10,
          0.0
        ],
        [
          -1.616410338911578e-10,
          -1.0,
          -1.0346013629147777e-10,
          1.700000286102295
        ],
        [
          0.0,
          0.0,
          0.0,
          1.0
        ]
      ],
      "camera_intrinsics": [
        [
          685.5110473632812,
          0.0,
          480.0
        ],
        [
          0.0,
          685.5110473632812,
          270.0
        ],
        [
          0.0,
          0.0,
          1.0
        ]
      ],
      "data_path": "D:\\Agent-AI\\outputs\\s3a_ml_long_v2\\sample_000045\\images\\CAM_FRONT.png",
      "raw_layout": "bgra8"
    },
    "CAM_FRONT_RIGHT": {
      "type_id": "sensor.camera.rgb",
      "blueprint_attributes": {
        "role_name": "front",
        "ros_name": "sensor.camera.rgb",
        "chromatic_aberration_offset": "0.0",
        "sensor_tick": "0.100000",
        "fstop": "1.4",
        "image_size_x": "960",
        "image_size_y": "540",
        "fov": "70.00",
        "lens_circle_falloff": "5.0",
        "lens_circle_multiplier": "0.0",
        "exposure_compensation": "0.0",
        "lens_y_size": "0.08",
        "lens_k": "-1.0",
        "exposure_mode": "histogram",
        "lens_kcube": "0.0",
        "lens_x_size": "0.08",
        "exposure_max_bright": "12.0",
        "shutter_speed": "200.0",
        "bloom_intensity": "0.675",
        "iso": "100.0",
        "enable_postprocess_effects": "false",
        "gamma": "2.2",
        "motion_blur_intensity": "0.0",
        "motion_blur_max_distortion": "0.35",
        "lens_flare_intensity": "0.1",
        "motion_blur_min_object_screen_size": "0.1",
        "exposure_min_bright": "10.0",
        "exposure_speed_up": "3.0",
        "exposure_speed_down": "1.0",
        "tint": "0.0",
        "calibration_constant": "16.0",
        "focal_distance": "1000.0",
        "min_fstop": "1.2",
        "blade_count": "5",
        "blur_amount": "0.0",
        "blur_radius": "0.0",
        "slope": "0.88",
        "toe": "0.55",
        "white_clip": "0.04",
        "shoulder": "0.26",
        "black_clip": "0.0",
        "temp": "6500.0",
        "chromatic_aberration_intensity": "0.0"
      },
      "transform_carla": {
        "location": {
          "x": 94.32217407226562,
          "y": -52.95572280883789,
          "z": 1.6932756900787354
        },
        "rotation": {
          "roll": 0.312673419713974,
          "pitch": -0.29200422763824463,
          "yaw": -77.50096893310547
        }
      },
      "matrix_world_from_sensor_carla": [
        [
          0.21642030775547028,
          0.976279079914093,
          0.006430782377719879,
          94.32217407226562
        ],
        [
          -0.9762869477272034,
          0.21644705533981323,
          -0.0037944980431348085,
          -52.95572280883789
        ],
        [
          -0.005096413195133209,
          -0.005457082763314247,
          0.9999721050262451,
          1.6932756900787354
        ],
        [
          0.0,
          0.0,
          0.0,
          1.0
        ]
      ],
      "matrix_world_from_sensor_bevfusion": [
        [
          0.976279079914093,
          -0.006430782377719879,
          0.21642030775547028,
          94.32217407226562
        ],
        [
          -0.21644705533981323,
          -0.0037944980431348085,
          0.9762869477272034,
          52.95572280883789
        ],
        [
          -0.005457082763314247,
          -0.9999721050262451,
          -0.005096413195133209,
          1.6932756900787354
        ],
        [
          0.0,
          0.0,
          0.0,
          1.0
        ]
      ],
      "matrix_ego_from_sensor_carla": [
        [
          0.5735760927200317,
          -0.8191524147987366,
          -2.3711550056759734e-08,
          1.3000049591064453
        ],
        [
          0.8191523551940918,
          0.573576033115387,
          -2.9062887207942367e-08,
          0.5500030517578125
        ],
        [
          3.708675322400268e-08,
          -2.6996342938900852e-09,
          1.0,
          1.7000000476837158
        ],
        [
          0.0,
          0.0,
          0.0,
          1.0
        ]
      ],
      "matrix_ego_from_sensor_bevfusion": [
        [
          -0.8191524147987366,
          2.3711550056759734e-08,
          0.5735760927200317,
          1.3000049591064453
        ],
        [
          -0.573576033115387,
          -2.9062887207942367e-08,
          -0.8191523551940918,
          -0.5500030517578125
        ],
        [
          -2.6996342938900852e-09,
          -1.0,
          3.708675322400268e-08,
          1.7000000476837158
        ],
        [
          0.0,
          0.0,
          0.0,
          1.0
        ]
      ],
      "camera_intrinsics": [
        [
          685.5110473632812,
          0.0,
          480.0
        ],
        [
          0.0,
          685.5110473632812,
          270.0
        ],
        [
          0.0,
          0.0,
          1.0
        ]
      ],
      "data_path": "D:\\Agent-AI\\outputs\\s3a_ml_long_v2\\sample_000045\\images\\CAM_FRONT_RIGHT.png",
      "raw_layout": "bgra8"
    },
    "CAM_FRONT_LEFT": {
      "type_id": "sensor.camera.rgb",
      "blueprint_attributes": {
        "role_name": "front",
        "ros_name": "sensor.camera.rgb",
        "chromatic_aberration_offset": "0.0",
        "sensor_tick": "0.100000",
        "fstop": "1.4",
        "image_size_x": "960",
        "image_size_y": "540",
        "fov": "70.00",
        "lens_circle_falloff": "5.0",
        "lens_circle_multiplier": "0.0",
        "exposure_compensation": "0.0",
        "lens_y_size": "0.08",
        "lens_k": "-1.0",
        "exposure_mode": "histogram",
        "lens_kcube": "0.0",
        "lens_x_size": "0.08",
        "exposure_max_bright": "12.0",
        "shutter_speed": "200.0",
        "bloom_intensity": "0.675",
        "iso": "100.0",
        "enable_postprocess_effects": "false",
        "gamma": "2.2",
        "motion_blur_intensity": "0.0",
        "motion_blur_max_distortion": "0.35",
        "lens_flare_intensity": "0.1",
        "motion_blur_min_object_screen_size": "0.1",
        "exposure_min_bright": "10.0",
        "exposure_speed_up": "3.0",
        "exposure_speed_down": "1.0",
        "tint": "0.0",
        "calibration_constant": "16.0",
        "focal_distance": "1000.0",
        "min_fstop": "1.2",
        "blade_count": "5",
        "blur_amount": "0.0",
        "blur_radius": "0.0",
        "slope": "0.88",
        "toe": "0.55",
        "white_clip": "0.04",
        "shoulder": "0.26",
        "black_clip": "0.0",
        "temp": "6500.0",
        "chromatic_aberration_intensity": "0.0"
      },
      "transform_carla": {
        "location": {
          "x": 93.51119995117188,
          "y": -52.21258544921875,
          "z": 1.7013109922409058
        },
        "rotation": {
          "roll": 0.1674603968858719,
          "pitch": 0.3936852514743805,
          "yaw": 172.5003662109375
        }
      },
      "matrix_world_from_sensor_carla": [
        [
          -0.9914222359657288,
          -0.13053926825523376,
          0.00643076840788126,
          93.51119995117188
        ],
        [
          0.13051684200763702,
          -0.9914388060569763,
          -0.003794534131884575,
          -52.21258544921875
        ],
        [
          0.0068710497580468655,
          -0.002922662068158388,
          0.9999721050262451,
          1.7013109922409058
        ],
        [
          0.0,
          0.0,
          0.0,
          1.0
        ]
      ],
      "matrix_world_from_sensor_bevfusion": [
        [
          -0.13053926825523376,
          -0.00643076840788126,
          -0.9914222359657288,
          93.51119995117188
        ],
        [
          0.9914388060569763,
          -0.003794534131884575,
          -0.13051684200763702,
          52.21258544921875
        ],
        [
          -0.002922662068158388,
          -0.9999721050262451,
          0.0068710497580468655,
          1.7013109922409058
        ],
        [
          0.0,
          0.0,
          0.0,
          1.0
        ]
      ],
      "matrix_ego_from_sensor_carla": [
        [
          0.5735762119293213,
          0.8191522359848022,
          1.2144369954114609e-08,
          1.3000011444091797
        ],
        [
          -0.8191521167755127,
          0.5735762715339661,
          -1.509304858871019e-08,
          -0.5499954223632812
        ],
        [
          -1.8963529413440483e-08,
          -1.7671623053772123e-09,
          1.0,
          1.7000000476837158
        ],
        [
          0.0,
          0.0,
          0.0,
          1.0
        ]
      ],
      "matrix_ego_from_sensor_bevfusion": [
        [
          0.8191522359848022,
          -1.2144369954114609e-08,
          0.5735762119293213,
          1.3000011444091797
        ],
        [
          -0.5735762715339661,
          -1.509304858871019e-08,
          0.8191521167755127,
          0.5499954223632812
        ],
        [
          -1.7671623053772123e-09,
          -1.0,
          -1.8963529413440483e-08,
          1.7000000476837158
        ],
        [
          0.0,
          0.0,
          0.0,
          1.0
        ]
      ],
      "camera_intrinsics": [
        [
          685.5110473632812,
          0.0,
          480.0
        ],
        [
          0.0,
          685.5110473632812,
          270.0
        ],
        [
          0.0,
          0.0,
          1.0
        ]
      ],
      "data_path": "D:\\Agent-AI\\outputs\\s3a_ml_long_v2\\sample_000045\\images\\CAM_FRONT_LEFT.png",
      "raw_layout": "bgra8"
    },
    "CAM_BACK": {
      "type_id": "sensor.camera.rgb",
      "blueprint_attributes": {
        "role_name": "front",
        "ros_name": "sensor.camera.rgb",
        "chromatic_aberration_offset": "0.0",
        "sensor_tick": "0.100000",
        "fstop": "1.4",
        "image_size_x": "960",
        "image_size_y": "540",
        "fov": "70.00",
        "lens_circle_falloff": "5.0",
        "lens_circle_multiplier": "0.0",
        "exposure_compensation": "0.0",
        "lens_y_size": "0.08",
        "lens_k": "-1.0",
        "exposure_mode": "histogram",
        "lens_kcube": "0.0",
        "lens_x_size": "0.08",
        "exposure_max_bright": "12.0",
        "shutter_speed": "200.0",
        "bloom_intensity": "0.675",
        "iso": "100.0",
        "enable_postprocess_effects": "false",
        "gamma": "2.2",
        "motion_blur_intensity": "0.0",
        "motion_blur_max_distortion": "0.35",
        "lens_flare_intensity": "0.1",
        "motion_blur_min_object_screen_size": "0.1",
        "exposure_min_bright": "10.0",
        "exposure_speed_up": "3.0",
        "exposure_speed_down": "1.0",
        "tint": "0.0",
        "calibration_constant": "16.0",
        "focal_distance": "1000.0",
        "min_fstop": "1.2",
        "blade_count": "5",
        "blur_amount": "0.0",
        "blur_radius": "0.0",
        "slope": "0.88",
        "toe": "0.55",
        "white_clip": "0.04",
        "shoulder": "0.26",
        "black_clip": "0.0",
        "temp": "6500.0",
        "chromatic_aberration_intensity": "0.0"
      },
      "transform_carla": {
        "location": {
          "x": 95.84211730957031,
          "y": -50.482913970947266,
          "z": 1.6928844451904297
        },
        "rotation": {
          "roll": -0.41853952407836914,
          "pitch": -0.08863536268472672,
          "yaw": 47.50010681152344
        }
      },
      "matrix_world_from_sensor_carla": [
        [
          0.6755880117416382,
          -0.7372512817382812,
          0.006430786568671465,
          95.84211730957031
        ],
        [
          0.7372776865959167,
          0.6755791306495667,
          -0.003794536693021655,
          -50.482913970947266
        ],
        [
          -0.0015469783684238791,
          0.007304818835109472,
          0.9999721050262451,
          1.6928844451904297
        ],
        [
          0.0,
          0.0,
          0.0,
          1.0
        ]
      ],
      "matrix_world_from_sensor_bevfusion": [
        [
          -0.7372512817382812,
          -0.006430786568671465,
          0.6755880117416382,
          95.84211730957031
        ],
        [
          -0.6755791306495667,
          -0.003794536693021655,
          -0.7372776865959167,
          50.482913970947266
        ],
        [
          0.007304818835109472,
          -0.9999721050262451,
          -0.0015469783684238791,
          1.6928844451904297
        ],
        [
          0.0,
          0.0,
          0.0,
          1.0
        ]
      ],
      "matrix_ego_from_sensor_carla": [
        [
          -1.0000001192092896,
          -3.3087795259234554e-07,
          2.01623695517128e-09,
          -1.5500030517578125
        ],
        [
          3.0032350650799344e-07,
          -1.0000001192092896,
          2.7377311528908876e-10,
          0.0
        ],
        [
          2.0825206004104757e-09,
          -3.0400729156276896e-10,
          1.0,
          1.7000000476837158
        ],
        [
          0.0,
          0.0,
          0.0,
          1.0
        ]
      ],
      "matrix_ego_from_sensor_bevfusion": [
        [
          -3.3087795259234554e-07,
          -2.01623695517128e-09,
          -1.0000001192092896,
          -1.5500030517578125
        ],
        [
          1.0000001192092896,
          2.7377311528908876e-10,
          -3.0032350650799344e-07,
          0.0
        ],
        [
          -3.0400729156276896e-10,
          -1.0,
          2.0825206004104757e-09,
          1.7000000476837158
        ],
        [
          0.0,
          0.0,
          0.0,
          1.0
        ]
      ],
      "camera_intrinsics": [
        [
          685.5110473632812,
          0.0,
          480.0
        ],
        [
          0.0,
          685.5110473632812,
          270.0
        ],
        [
          0.0,
          0.0,
          1.0
        ]
      ],
      "data_path": "D:\\Agent-AI\\outputs\\s3a_ml_long_v2\\sample_000045\\images\\CAM_BACK.png",
      "raw_layout": "bgra8"
    },
    "CAM_BACK_LEFT": {
      "type_id": "sensor.camera.rgb",
      "blueprint_attributes": {
        "role_name": "front",
        "ros_name": "sensor.camera.rgb",
        "chromatic_aberration_offset": "0.0",
        "sensor_tick": "0.100000",
        "fstop": "1.4",
        "image_size_x": "960",
        "image_size_y": "540",
        "fov": "70.00",
        "lens_circle_falloff": "5.0",
        "lens_circle_multiplier": "0.0",
        "exposure_compensation": "0.0",
        "lens_y_size": "0.08",
        "lens_k": "-1.0",
        "exposure_mode": "histogram",
        "lens_kcube": "0.0",
        "lens_x_size": "0.08",
        "exposure_max_bright": "12.0",
        "shutter_speed": "200.0",
        "bloom_intensity": "0.675",
        "iso": "100.0",
        "enable_postprocess_effects": "false",
        "gamma": "2.2",
        "motion_blur_intensity": "0.0",
        "motion_blur_max_distortion": "0.35",
        "lens_flare_intensity": "0.1",
        "motion_blur_min_object_screen_size": "0.1",
        "exposure_min_bright": "10.0",
        "exposure_speed_up": "3.0",
        "exposure_speed_down": "1.0",
        "tint": "0.0",
        "calibration_constant": "16.0",
        "focal_distance": "1000.0",
        "min_fstop": "1.2",
        "blade_count": "5",
        "blur_amount": "0.0",
        "blur_radius": "0.0",
        "slope": "0.88",
        "toe": "0.55",
        "white_clip": "0.04",
        "shoulder": "0.26",
        "black_clip": "0.0",
        "temp": "6500.0",
        "chromatic_aberration_intensity": "0.0"
      },
      "transform_carla": {
        "location": {
          "x": 95.26773071289062,
          "y": -50.29566192626953,
          "z": 1.6972891092300415
        },
        "rotation": {
          "roll": -0.3126733601093292,
          "pitch": 0.29200422763824463,
          "yaw": 102.4990005493164
        }
      },
      "matrix_world_from_sensor_carla": [
        [
          -0.21641980111598969,
          -0.9762791991233826,
          0.006430779118090868,
          95.26773071289062
        ],
        [
          0.9762870669364929,
          -0.21644654870033264,
          -0.0037945020012557507,
          -50.29566192626953
        ],
        [
          0.005096413195133209,
          0.0054570818319916725,
          0.9999721050262451,
          1.6972891092300415
        ],
        [
          0.0,
          0.0,
          0.0,
          1.0
        ]
      ],
      "matrix_world_from_sensor_bevfusion": [
        [
          -0.9762791991233826,
          -0.006430779118090868,
          -0.21641980111598969,
          95.26773071289062
        ],
        [
          0.21644654870033264,
          -0.0037945020012557507,
          -0.9762870669364929,
          50.29566192626953
        ],
        [
          0.0054570818319916725,
          -0.9999721050262451,
          0.005096413195133209,
          1.6972891092300415
        ],
        [
          0.0,
          0.0,
          0.0,
          1.0
        ]
      ],
      "matrix_ego_from_sensor_carla": [
        [
          -0.5735765099525452,
          0.8191521167755127,
          -1.8472860574547667e-08,
          -1.299997329711914
        ],
        [
          -0.8191520571708679,
          -0.5735765099525452,
          -2.8597225920634628e-08,
          -0.5499954223632812
        ],
        [
          -3.429278550015624e-08,
          -1.0256300253530526e-09,
          1.0,
          1.700000286102295
        ],
        [
          0.0,
          0.0,
          0.0,
          1.0
        ]
      ],
      "matrix_ego_from_sensor_bevfusion": [
        [
          0.8191521167755127,
          1.8472860574547667e-08,
          -0.5735765099525452,
          -1.299997329711914
        ],
        [
          0.5735765099525452,
          -2.8597225920634628e-08,
          0.8191520571708679,
          0.5499954223632812
        ],
        [
          -1.0256300253530526e-09,
          -1.0,
          -3.429278550015624e-08,
          1.700000286102295
        ],
        [
          0.0,
          0.0,
          0.0,
          1.0
        ]
      ],
      "camera_intrinsics": [
        [
          685.5110473632812,
          0.0,
          480.0
        ],
        [
          0.0,
          685.5110473632812,
          270.0
        ],
        [
          0.0,
          0.0,
          1.0
        ]
      ],
      "data_path": "D:\\Agent-AI\\outputs\\s3a_ml_long_v2\\sample_000045\\images\\CAM_BACK_LEFT.png",
      "raw_layout": "bgra8"
    },
    "CAM_BACK_RIGHT": {
      "type_id": "sensor.camera.rgb",
      "blueprint_attributes": {
        "role_name": "front",
        "ros_name": "sensor.camera.rgb",
        "chromatic_aberration_offset": "0.0",
        "sensor_tick": "0.100000",
        "fstop": "1.4",
        "image_size_x": "960",
        "image_size_y": "540",
        "fov": "70.00",
        "lens_circle_falloff": "5.0",
        "lens_circle_multiplier": "0.0",
        "exposure_compensation": "0.0",
        "lens_y_size": "0.08",
        "lens_k": "-1.0",
        "exposure_mode": "histogram",
        "lens_kcube": "0.0",
        "lens_x_size": "0.08",
        "exposure_max_bright": "12.0",
        "shutter_speed": "200.0",
        "bloom_intensity": "0.675",
        "iso": "100.0",
        "enable_postprocess_effects": "false",
        "gamma": "2.2",
        "motion_blur_intensity": "0.0",
        "motion_blur_max_distortion": "0.35",
        "lens_flare_intensity": "0.1",
        "motion_blur_min_object_screen_size": "0.1",
        "exposure_min_bright": "10.0",
        "exposure_speed_up": "3.0",
        "exposure_speed_down": "1.0",
        "tint": "0.0",
        "calibration_constant": "16.0",
        "focal_distance": "1000.0",
        "min_fstop": "1.2",
        "blade_count": "5",
        "blur_amount": "0.0",
        "blur_radius": "0.0",
        "slope": "0.88",
        "toe": "0.55",
        "white_clip": "0.04",
        "shoulder": "0.26",
        "black_clip": "0.0",
        "temp": "6500.0",
        "chromatic_aberration_intensity": "0.0"
      },
      "transform_carla": {
        "location": {
          "x": 96.0787124633789,
          "y": -51.03879928588867,
          "z": 1.689253807067871
        },
        "rotation": {
          "roll": -0.16746030747890472,
          "pitch": -0.3936852514743805,
          "yaw": -7.4996418952941895
        }
      },
      "matrix_world_from_sensor_carla": [
        [
          0.9914222359657288,
          0.13053932785987854,
          0.00643076840788126,
          96.0787124633789
        ],
        [
          -0.1305169016122818,
          0.9914388060569763,
          -0.0037945329677313566,
          -51.03879928588867
        ],
        [
          -0.0068710497580468655,
          0.002922660671174526,
          0.9999721050262451,
          1.689253807067871
        ],
        [
          0.0,
          0.0,
          0.0,
          1.0
        ]
      ],
      "matrix_world_from_sensor_bevfusion": [
        [
          0.13053932785987854,
          -0.00643076840788126,
          0.9914222359657288,
          96.0787124633789
        ],
        [
          -0.9914388060569763,
          -0.0037945329677313566,
          0.1305169016122818,
          51.03879928588867
        ],
        [
          0.002922660671174526,
          -0.9999721050262451,
          -0.0068710497580468655,
          1.689253807067871
        ],
        [
          0.0,
          0.0,
          0.0,
          1.0
        ]
      ],
      "matrix_ego_from_sensor_carla": [
        [
          -0.5735761523246765,
          -0.8191522359848022,
          1.1329462701326065e-08,
          -1.3000011444091797
        ],
        [
          0.8191521763801575,
          -0.5735762119293213,
          -1.555870987601793e-08,
          0.5500030517578125
        ],
        [
          1.8963529413440483e-08,
          8.358786440787469e-10,
          1.0,
          1.700000286102295
        ],
        [
          0.0,
          0.0,
          0.0,
          1.0
        ]
      ],
      "matrix_ego_from_sensor_bevfusion": [
        [
          -0.8191522359848022,
          -1.1329462701326065e-08,
          -0.5735761523246765,
          -1.3000011444091797
        ],
        [
          0.5735762119293213,
          -1.555870987601793e-08,
          -0.8191521763801575,
          -0.5500030517578125
        ],
        [
          8.358786440787469e-10,
          -1.0,
          1.8963529413440483e-08,
          1.700000286102295
        ],
        [
          0.0,
          0.0,
          0.0,
          1.0
        ]
      ],
      "camera_intrinsics": [
        [
          685.5110473632812,
          0.0,
          480.0
        ],
        [
          0.0,
          685.5110473632812,
          270.0
        ],
        [
          0.0,
          0.0,
          1.0
        ]
      ],
      "data_path": "D:\\Agent-AI\\outputs\\s3a_ml_long_v2\\sample_000045\\images\\CAM_BACK_RIGHT.png",
      "raw_layout": "bgra8"
    },
    "LIDAR_TOP": {
      "type_id": "sensor.lidar.ray_cast",
      "blueprint_attributes": {
        "atmosphere_attenuation_rate": "0.004",
        "role_name": "front",
        "noise_seed": "0",
        "upper_fov": "10.0",
        "ros_name": "sensor.lidar.ray_cast",
        "sensor_tick": "0.100000",
        "channels": "32",
        "range": "120.0",
        "points_per_second": "360000",
        "lower_fov": "-30.0",
        "rotation_frequency": "10.000000",
        "horizontal_fov": "360.0",
        "dropoff_general_rate": "0.0",
        "dropoff_intensity_limit": "1.0",
        "noise_stddev": "0.0",
        "dropoff_zero_intensity": "0.0"
      },
      "transform_carla": {
        "location": {
          "x": 94.79817199707031,
          "y": -51.62759017944336,
          "z": 2.195268392562866
        },
        "rotation": {
          "roll": 0.41853955388069153,
          "pitch": 0.08863536268472672,
          "yaw": -132.4998779296875
        }
      },
      "matrix_world_from_sensor_carla": [
        [
          -0.6755877733230591,
          0.7372514605522156,
          0.0064307874999940395,
          94.79817199707031
        ],
        [
          -0.7372778654098511,
          -0.6755788922309875,
          -0.0037945350632071495,
          -51.62759017944336
        ],
        [
          0.0015469783684238791,
          -0.00730481930077076,
          0.9999721050262451,
          2.195268392562866
        ],
        [
          0.0,
          0.0,
          0.0,
          1.0
        ]
      ],
      "matrix_world_from_sensor_bevfusion": [
        [
          -0.6755877733230591,
          -0.7372514605522156,
          0.0064307874999940395,
          94.79817199707031
        ],
        [
          0.7372778654098511,
          -0.6755788922309875,
          0.0037945350632071495,
          51.62759017944336
        ],
        [
          0.0015469783684238791,
          0.00730481930077076,
          0.9999721050262451,
          2.195268392562866
        ],
        [
          0.0,
          0.0,
          0.0,
          1.0
        ]
      ],
      "matrix_ego_from_sensor_carla": [
        [
          1.0,
          3.5887161686787294e-08,
          2.700070445005309e-10,
          -5.7220458984375e-06
        ],
        [
          -7.068408081067901e-10,
          1.0,
          2.7377311528908876e-10,
          0.0
        ],
        [
          -1.0346013629147777e-10,
          -1.616410338911578e-10,
          1.0,
          2.200000047683716
        ],
        [
          0.0,
          0.0,
          0.0,
          1.0
        ]
      ],
      "matrix_ego_from_sensor_bevfusion": [
        [
          1.0,
          -3.5887161686787294e-08,
          2.700070445005309e-10,
          -5.7220458984375e-06
        ],
        [
          7.068408081067901e-10,
          1.0,
          -2.7377311528908876e-10,
          0.0
        ],
        [
          -1.0346013629147777e-10,
          1.616410338911578e-10,
          1.0,
          2.200000047683716
        ],
        [
          0.0,
          0.0,
          0.0,
          1.0
        ]
      ],
      "data_path": "D:\\Agent-AI\\outputs\\s3a_ml_long_v2\\sample_000045\\lidar\\LIDAR_TOP.npy",
      "raw_layout": [
        "x",
        "y",
        "z",
        "intensity"
      ]
    },
    "RADAR_FRONT": {
      "type_id": "sensor.other.radar",
      "blueprint_attributes": {
        "sensor_tick": "0.100000",
        "role_name": "default",
        "noise_seed": "0",
        "ros_name": "sensor.other.radar",
        "horizontal_fov": "35.0",
        "points_per_second": "1500",
        "vertical_fov": "20.0",
        "range": "120.0"
      },
      "transform_carla": {
        "location": {
          "x": 93.43862915039062,
          "y": -53.09720993041992,
          "z": 0.8983986377716064
        },
        "rotation": {
          "roll": 0.41853955388069153,
          "pitch": 0.08863536268472672,
          "yaw": -132.4998779296875
        }
      },
      "matrix_world_from_sensor_carla": [
        [
          -0.6755877733230591,
          0.7372514605522156,
          0.0064307874999940395,
          93.43862915039062
        ],
        [
          -0.7372778654098511,
          -0.6755788922309875,
          -0.0037945350632071495,
          -53.09720993041992
        ],
        [
          0.0015469783684238791,
          -0.00730481930077076,
          0.9999721050262451,
          0.8983986377716064
        ],
        [
          0.0,
          0.0,
          0.0,
          1.0
        ]
      ],
      "matrix_world_from_sensor_bevfusion": [
        [
          -0.6755877733230591,
          -0.7372514605522156,
          0.0064307874999940395,
          93.43862915039062
        ],
        [
          0.7372778654098511,
          -0.6755788922309875,
          0.0037945350632071495,
          53.09720993041992
        ],
        [
          0.0015469783684238791,
          0.00730481930077076,
          0.9999721050262451,
          0.8983986377716064
        ],
        [
          0.0,
          0.0,
          0.0,
          1.0
        ]
      ],
      "matrix_ego_from_sensor_carla": [
        [
          1.0,
          3.5887161686787294e-08,
          2.700070445005309e-10,
          2.0000038146972656
        ],
        [
          -7.068408081067901e-10,
          1.0,
          2.7377311528908876e-10,
          0.0
        ],
        [
          -1.0346013629147777e-10,
          -1.616410338911578e-10,
          1.0,
          0.8999999165534973
        ],
        [
          0.0,
          0.0,
          0.0,
          1.0
        ]
      ],
      "matrix_ego_from_sensor_bevfusion": [
        [
          1.0,
          -3.5887161686787294e-08,
          2.700070445005309e-10,
          2.0000038146972656
        ],
        [
          7.068408081067901e-10,
          1.0,
          -2.7377311528908876e-10,
          0.0
        ],
        [
          -1.0346013629147777e-10,
          1.616410338911578e-10,
          1.0,
          0.8999999165534973
        ],
        [
          0.0,
          0.0,
          0.0,
          1.0
        ]
      ],
      "data_path": "D:\\Agent-AI\\outputs\\s3a_ml_long_v2\\sample_000045\\radar\\RADAR_FRONT.npy",
      "raw_layout": [
        "velocity",
        "altitude",
        "azimuth",
        "depth"
      ]
    },
    "RADAR_FRONT_LEFT": {
      "type_id": "sensor.other.radar",
      "blueprint_attributes": {
        "sensor_tick": "0.100000",
        "role_name": "default",
        "noise_seed": "0",
        "ros_name": "sensor.other.radar",
        "horizontal_fov": "35.0",
        "points_per_second": "1500",
        "vertical_fov": "20.0",
        "range": "120.0"
      },
      "transform_carla": {
        "location": {
          "x": 93.12214660644531,
          "y": -52.33247756958008,
          "z": 0.9033358693122864
        },
        "rotation": {
          "roll": 0.2332797348499298,
          "pitch": 0.3586258888244629,
          "yaw": -177.4994659423828
        }
      },
      "matrix_world_from_sensor_carla": [
        [
          -0.999028205871582,
          0.04360299929976463,
          0.006430784240365028,
          93.12214660644531
        ],
        [
          -0.043627962470054626,
          -0.9990406632423401,
          -0.0037945338990539312,
          -52.33247756958008
        ],
        [
          0.00625916151329875,
          -0.004071408417075872,
          0.9999721050262451,
          0.9033358693122864
        ],
        [
          0.0,
          0.0,
          0.0,
          1.0
        ]
      ],
      "matrix_world_from_sensor_bevfusion": [
        [
          -0.999028205871582,
          -0.04360299929976463,
          0.006430784240365028,
          93.12214660644531
        ],
        [
          0.043627962470054626,
          -0.9990406632423401,
          0.0037945338990539312,
          52.33247756958008
        ],
        [
          0.00625916151329875,
          0.004071408417075872,
          0.9999721050262451,
          0.9033358693122864
        ],
        [
          0.0,
          0.0,
          0.0,
          1.0
        ]
      ],
      "matrix_ego_from_sensor_carla": [
        [
          0.70710688829422,
          0.7071067094802856,
          1.3177449131873686e-09,
          1.6500015258789062
        ],
        [
          -0.7071066498756409,
          0.7071069478988647,
          -3.4515172941951278e-09,
          -0.7500076293945312
        ],
        [
          -4.2597010363465415e-09,
          1.5704471056920966e-09,
          1.0,
          0.9000000357627869
        ],
        [
          0.0,
          0.0,
          0.0,
          1.0
        ]
      ],
      "matrix_ego_from_sensor_bevfusion": [
        [
          0.70710688829422,
          -0.7071067094802856,
          1.3177449131873686e-09,
          1.6500015258789062
        ],
        [
          0.7071066498756409,
          0.7071069478988647,
          3.4515172941951278e-09,
          0.7500076293945312
        ],
        [
          -4.2597010363465415e-09,
          -1.5704471056920966e-09,
          1.0,
          0.9000000357627869
        ],
        [
          0.0,
          0.0,
          0.0,
          1.0
        ]
      ],
      "data_path": "D:\\Agent-AI\\outputs\\s3a_ml_long_v2\\sample_000045\\radar\\RADAR_FRONT_LEFT.npy",
      "raw_layout": [
        "velocity",
        "altitude",
        "azimuth",
        "depth"
      ]
    },
    "RADAR_FRONT_RIGHT": {
      "type_id": "sensor.other.radar",
      "blueprint_attributes": {
        "sensor_tick": "0.100000",
        "role_name": "default",
        "noise_seed": "0",
        "ros_name": "sensor.other.radar",
        "horizontal_fov": "35.0",
        "points_per_second": "1500",
