{
  "schema_version": "stage1.v1",
  "sample_name": "sample_000103",
  "sequence_index": 103,
  "previous_sample_name": "sample_000102",
  "frame_id": 60104,
  "timestamp": 445.31970090419054,
  "platform_timestamp": 16814609.6961,
  "delta_seconds": 0.10000000149011612,
  "town": "Carla/Maps/Town10HD_Opt",
  "weather": {
    "cloudiness": 20.0,
    "dust_storm": 0.0,
    "fog_density": 2.0,
    "fog_distance": 0.75,
    "fog_falloff": 0.10000000149011612,
    "mie_scattering_scale": 0.029999999329447746,
    "precipitation": 0.0,
    "precipitation_deposits": 0.0,
    "rayleigh_scattering_scale": 0.03310000151395798,
    "scattering_intensity": 1.0,
    "sun_altitude_angle": 45.0,
    "sun_azimuth_angle": 300.0,
    "wetness": 0.0,
    "wind_intensity": 10.0
  },
  "sensor_names": [
    "CAM_FRONT",
    "CAM_FRONT_RIGHT",
    "CAM_FRONT_LEFT",
    "CAM_BACK",
    "CAM_BACK_LEFT",
    "CAM_BACK_RIGHT",
    "LIDAR_TOP",
    "RADAR_FRONT",
    "RADAR_FRONT_LEFT",
    "RADAR_FRONT_RIGHT",
    "RADAR_BACK_LEFT",
    "RADAR_BACK_RIGHT"
  ],
  "camera_order_for_model": [
    "CAM_FRONT",
    "CAM_FRONT_RIGHT",
    "CAM_FRONT_LEFT",
    "CAM_BACK",
    "CAM_BACK_LEFT",
    "CAM_BACK_RIGHT"
  ],
  "radar_order_for_model": [
    "RADAR_FRONT",
    "RADAR_FRONT_LEFT",
    "RADAR_FRONT_RIGHT",
    "RADAR_BACK_LEFT",
    "RADAR_BACK_RIGHT"
  ],
  "coordinate_notes": {
    "carla_world": "left-handed x-forward y-right z-up",
    "bevfusion_lidar": "x-forward y-left z-up",
    "camera_frame_for_model": "OpenCV style x-right y-down z-forward"
  },
  "ego": {
    "actor_id": 28,
    "transform_carla": {
      "location": {
        "x": 77.28754425048828,
        "y": -62.2799072265625,
        "z": -0.004491729661822319
      },
      "rotation": {
        "roll": -0.000274658203125,
        "pitch": -0.0024452076759189367,
        "yaw": -161.72349548339844
      }
    },
    "velocity_carla": [
      3.535976429702714e-05,
      8.636199709144421e-06,
      -2.6416778382554185e-06
    ],
    "angular_velocity_carla": [
      -0.0025627072900533676,
      0.010896108113229275,
      1.080285892385291e-05
    ],
    "matrix_world_from_ego_carla": [
      [
        -0.9495541453361511,
        0.3136030435562134,
        -4.202736818115227e-05,
        77.28754425048828
      ],
      [
        -0.3136030435562134,
        -0.9495541453361511,
        -8.83174561749911e-06,
        -62.2799072265625
      ],
      [
        -4.267692565917969e-05,
        4.793690095539205e-06,
        1.0,
        -0.004491729661822319
      ],
      [
        0.0,
        0.0,
        0.0,
        1.0
      ]
    ],
    "matrix_world_from_ego_bevfusion": [
      [
        -0.9495541453361511,
        -0.3136030435562134,
        -4.202736818115227e-05,
        77.28754425048828
      ],
      [
        0.3136030435562134,
        -0.9495541453361511,
        8.83174561749911e-06,
        62.2799072265625
      ],
      [
        -4.267692565917969e-05,
        -4.793690095539205e-06,
        1.0,
        -0.004491729661822319
      ],
      [
        0.0,
        0.0,
        0.0,
        1.0
      ]
    ]
  },
  "sensors": {
    "CAM_FRONT": {
      "type_id": "sensor.camera.rgb",
      "blueprint_attributes": {
        "role_name": "front",
        "ros_name": "sensor.camera.rgb",
        "chromatic_aberration_offset": "0.0",
        "sensor_tick": "0.100000",
        "fstop": "1.4",
        "image_size_x": "960",
        "image_size_y": "540",
        "fov": "70.00",
        "lens_circle_falloff": "5.0",
        "lens_circle_multiplier": "0.0",
        "exposure_compensation": "0.0",
        "lens_y_size": "0.08",
        "lens_k": "-1.0",
        "exposure_mode": "histogram",
        "lens_kcube": "0.0",
        "lens_x_size": "0.08",
        "exposure_max_bright": "12.0",
        "shutter_speed": "200.0",
        "bloom_intensity": "0.675",
        "iso": "100.0",
        "enable_postprocess_effects": "false",
        "gamma": "2.2",
        "motion_blur_intensity": "0.0",
        "motion_blur_max_distortion": "0.35",
        "lens_flare_intensity": "0.1",
        "motion_blur_min_object_screen_size": "0.1",
        "exposure_min_bright": "10.0",
        "exposure_speed_up": "3.0",
        "exposure_speed_down": "1.0",
        "tint": "0.0",
        "calibration_constant": "16.0",
        "focal_distance": "1000.0",
        "min_fstop": "1.2",
        "blade_count": "5",
        "blur_amount": "0.0",
        "blur_radius": "0.0",
        "slope": "0.88",
        "toe": "0.55",
        "white_clip": "0.04",
        "shoulder": "0.26",
        "black_clip": "0.0",
        "temp": "6500.0",
        "chromatic_aberration_intensity": "0.0"
      },
      "transform_carla": {
        "location": {
          "x": 75.81565856933594,
          "y": -62.7660026550293,
          "z": 1.6954421997070312
        },
        "rotation": {
          "roll": -0.000274658203125,
          "pitch": -0.0024452076759189367,
          "yaw": -161.72349548339844
        }
      },
      "matrix_world_from_sensor_carla": [
        [
          -0.9495541453361511,
          0.3136030435562134,
          -4.202736818115227e-05,
          75.81565856933594
        ],
        [
          -0.3136030435562134,
          -0.9495541453361511,
          -8.83174561749911e-06,
          -62.7660026550293
        ],
        [
          -4.267692565917969e-05,
          4.793690095539205e-06,
          1.0,
          1.6954421997070312
        ],
        [
          0.0,
          0.0,
          0.0,
          1.0
        ]
      ],
      "matrix_world_from_sensor_bevfusion": [
        [
          0.3136030435562134,
          4.202736818115227e-05,
          -0.9495541453361511,
          75.81565856933594
        ],
        [
          0.9495541453361511,
          -8.83174561749911e-06,
          0.3136030435562134,
          62.7660026550293
        ],
        [
          4.793690095539205e-06,
          -1.0,
          -4.267692565917969e-05,
          1.6954421997070312
        ],
        [
          0.0,
          0.0,
          0.0,
          1.0
        ]
      ],
      "matrix_ego_from_sensor_carla": [
        [
          1.0,
          2.1330022192955767e-08,
          0.0,
          1.5500106811523438
        ],
        [
          -1.807902094697056e-08,
          1.0,
          -4.547473508864641e-13,
          0.0
        ],
        [
          0.0,
          0.0,
          1.0,
          1.7000000476837158
        ],
        [
          0.0,
          0.0,
          0.0,
          1.0
        ]
      ],
      "matrix_ego_from_sensor_bevfusion": [
        [
          2.1330022192955767e-08,
          0.0,
          1.0,
          1.5500106811523438
        ],
        [
          -1.0,
          -4.547473508864641e-13,
          1.807902094697056e-08,
          0.0
        ],
        [
          0.0,
          -1.0,
          0.0,
          1.7000000476837158
        ],
        [
          0.0,
          0.0,
          0.0,
          1.0
        ]
      ],
      "camera_intrinsics": [
        [
          685.5110473632812,
          0.0,
          480.0
        ],
        [
          0.0,
          685.5110473632812,
          270.0
        ],
        [
          0.0,
          0.0,
          1.0
        ]
      ],
      "data_path": "D:\\Agent-AI\\outputs\\s3a_ml_long_v2\\sample_000103\\images\\CAM_FRONT.png",
      "raw_layout": "bgra8"
    },
    "CAM_FRONT_RIGHT": {
      "type_id": "sensor.camera.rgb",
      "blueprint_attributes": {
        "role_name": "front",
        "ros_name": "sensor.camera.rgb",
        "chromatic_aberration_offset": "0.0",
        "sensor_tick": "0.100000",
        "fstop": "1.4",
        "image_size_x": "960",
        "image_size_y": "540",
        "fov": "70.00",
        "lens_circle_falloff": "5.0",
        "lens_circle_multiplier": "0.0",
        "exposure_compensation": "0.0",
        "lens_y_size": "0.08",
        "lens_k": "-1.0",
        "exposure_mode": "histogram",
        "lens_kcube": "0.0",
        "lens_x_size": "0.08",
        "exposure_max_bright": "12.0",
        "shutter_speed": "200.0",
        "bloom_intensity": "0.675",
        "iso": "100.0",
        "enable_postprocess_effects": "false",
        "gamma": "2.2",
        "motion_blur_intensity": "0.0",
        "motion_blur_max_distortion": "0.35",
        "lens_flare_intensity": "0.1",
        "motion_blur_min_object_screen_size": "0.1",
        "exposure_min_bright": "10.0",
        "exposure_speed_up": "3.0",
        "exposure_speed_down": "1.0",
        "tint": "0.0",
        "calibration_constant": "16.0",
        "focal_distance": "1000.0",
        "min_fstop": "1.2",
        "blade_count": "5",
        "blur_amount": "0.0",
        "blur_radius": "0.0",
        "slope": "0.88",
        "toe": "0.55",
        "white_clip": "0.04",
        "shoulder": "0.26",
        "black_clip": "0.0",
        "temp": "6500.0",
        "chromatic_aberration_intensity": "0.0"
      },
      "transform_carla": {
        "location": {
          "x": 76.22553253173828,
          "y": -63.209861755371094,
          "z": 1.6954554319381714
        },
        "rotation": {
          "roll": -0.0021574199199676514,
          "pitch": -0.0011747924145311117,
          "yaw": -106.72351837158203
        }
      },
      "matrix_world_from_sensor_carla": [
        [
          -0.2877536118030548,
          0.957704484462738,
          -4.196158261038363e-05,
          76.22553253173828
        ],
        [
          -0.957704484462738,
          -0.2877536118030548,
          -8.801671356195584e-06,
          -63.209861755371094
        ],
        [
          -2.050399598374497e-05,
          3.765408109757118e-05,
          1.0,
          1.6954554319381714
        ],
        [
          0.0,
          0.0,
          0.0,
          1.0
        ]
      ],
      "matrix_world_from_sensor_bevfusion": [
        [
          0.957704484462738,
          4.196158261038363e-05,
          -0.2877536118030548,
          76.22553253173828
        ],
        [
          0.2877536118030548,
          -8.801671356195584e-06,
          0.957704484462738,
          63.209861755371094
        ],
        [
          3.765408109757118e-05,
          -1.0,
          -2.050399598374497e-05,
          1.6954554319381714
        ],
        [
          0.0,
          0.0,
          0.0,
          1.0
        ]
      ],
      "matrix_ego_from_sensor_carla": [
        [
          0.5735766887664795,
          -0.8191518783569336,
          -7.189737516455352e-08,
          1.3000068664550781
        ],
        [
          0.8191518783569336,
          0.5735767483711243,
          -7.927155820652843e-09,
          0.5500030517578125
        ],
        [
          4.7733919927850366e-08,
          -5.43477653991431e-08,
          1.0,
          1.7000000476837158
        ],
        [
          0.0,
          0.0,
          0.0,
          1.0
        ]
      ],
      "matrix_ego_from_sensor_bevfusion": [
        [
          -0.8191518783569336,
          7.189737516455352e-08,
          0.5735766887664795,
          1.3000068664550781
        ],
        [
          -0.5735767483711243,
          -7.927155820652843e-09,
          -0.8191518783569336,
          -0.5500030517578125
        ],
        [
          -5.43477653991431e-08,
          -1.0,
          4.7733919927850366e-08,
          1.7000000476837158
        ],
        [
          0.0,
          0.0,
          0.0,
          1.0
        ]
      ],
      "camera_intrinsics": [
        [
          685.5110473632812,
          0.0,
          480.0
        ],
        [
          0.0,
          685.5110473632812,
          270.0
        ],
        [
          0.0,
          0.0,
          1.0
        ]
      ],
      "data_path": "D:\\Agent-AI\\outputs\\s3a_ml_long_v2\\sample_000103\\images\\CAM_FRONT_RIGHT.png",
      "raw_layout": "bgra8"
    },
    "CAM_FRONT_LEFT": {
      "type_id": "sensor.camera.rgb",
      "blueprint_attributes": {
        "role_name": "front",
        "ros_name": "sensor.camera.rgb",
        "chromatic_aberration_offset": "0.0",
        "sensor_tick": "0.100000",
        "fstop": "1.4",
        "image_size_x": "960",
        "image_size_y": "540",
        "fov": "70.00",
        "lens_circle_falloff": "5.0",
        "lens_circle_multiplier": "0.0",
        "exposure_compensation": "0.0",
        "lens_y_size": "0.08",
        "lens_k": "-1.0",
        "exposure_mode": "histogram",
        "lens_kcube": "0.0",
        "lens_x_size": "0.08",
        "exposure_max_bright": "12.0",
        "shutter_speed": "200.0",
        "bloom_intensity": "0.675",
        "iso": "100.0",
        "enable_postprocess_effects": "false",
        "gamma": "2.2",
        "motion_blur_intensity": "0.0",
        "motion_blur_max_distortion": "0.35",
        "lens_flare_intensity": "0.1",
        "motion_blur_min_object_screen_size": "0.1",
        "exposure_min_bright": "10.0",
        "exposure_speed_up": "3.0",
        "exposure_speed_down": "1.0",
        "tint": "0.0",
        "calibration_constant": "16.0",
        "focal_distance": "1000.0",
        "min_fstop": "1.2",
        "blade_count": "5",
        "blur_amount": "0.0",
        "blur_radius": "0.0",
        "slope": "0.88",
        "toe": "0.55",
        "white_clip": "0.04",
        "shoulder": "0.26",
        "black_clip": "0.0",
        "temp": "6500.0",
        "chromatic_aberration_intensity": "0.0"
      },
      "transform_carla": {
        "location": {
          "x": 75.88056945800781,
          "y": -62.16535186767578,
          "z": 1.6954503059387207
        },
        "rotation": {
          "roll": 0.0018423449946567416,
          "pitch": -0.0016255849041044712,
          "yaw": 143.27650451660156
        }
      },
      "matrix_world_from_sensor_carla": [
        [
          -0.8015305399894714,
          -0.5979537963867188,
          -4.196806548861787e-05,
          75.88056945800781
        ],
        [
          0.5979537963867188,
          -0.8015305399894714,
          -8.808172424323857e-06,
          -62.16535186767578
        ],
        [
          -2.8371809094096534e-05,
          -3.215498509234749e-05,
          1.0,
          1.6954503059387207
        ],
        [
          0.0,
          0.0,
          0.0,
          1.0
        ]
      ],
      "matrix_world_from_sensor_bevfusion": [
        [
          -0.5979537963867188,
          4.196806548861787e-05,
          -0.8015305399894714,
          75.88056945800781
        ],
        [
          0.8015305399894714,
          -8.808172424323857e-06,
          -0.5979537963867188,
          62.16535186767578
        ],
        [
          -3.215498509234749e-05,
          -1.0,
          -2.8371809094096534e-05,
          1.6954503059387207
        ],
        [
          0.0,
          0.0,
          0.0,
          1.0
        ]
      ],
      "matrix_ego_from_sensor_carla": [
        [
          0.5735765695571899,
          0.8191519975662231,
          -6.37010089121759e-08,
          1.3000068664550781
        ],
        [
          -0.8191519975662231,
          0.5735765695571899,
          -3.787135938182473e-09,
          -0.5499954223632812
        ],
        [
          3.343302523717284e-08,
          5.435504135675728e-08,
          1.0,
          1.7000001668930054
        ],
        [
          0.0,
          0.0,
          0.0,
          1.0
        ]
      ],
      "matrix_ego_from_sensor_bevfusion": [
        [
          0.8191519975662231,
          6.37010089121759e-08,
          0.5735765695571899,
          1.3000068664550781
        ],
        [
          -0.5735765695571899,
          -3.787135938182473e-09,
          0.8191519975662231,
          0.5499954223632812
        ],
        [
          5.435504135675728e-08,
          -1.0,
          3.343302523717284e-08,
          1.7000001668930054
        ],
        [
          0.0,
          0.0,
          0.0,
          1.0
        ]
      ],
      "camera_intrinsics": [
        [
          685.5110473632812,
          0.0,
          480.0
        ],
        [
          0.0,
          685.5110473632812,
          270.0
        ],
        [
          0.0,
          0.0,
          1.0
        ]
      ],
      "data_path": "D:\\Agent-AI\\outputs\\s3a_ml_long_v2\\sample_000103\\images\\CAM_FRONT_LEFT.png",
      "raw_layout": "bgra8"
    },
    "CAM_BACK": {
      "type_id": "sensor.camera.rgb",
      "blueprint_attributes": {
        "role_name": "front",
        "ros_name": "sensor.camera.rgb",
        "chromatic_aberration_offset": "0.0",
        "sensor_tick": "0.100000",
        "fstop": "1.4",
        "image_size_x": "960",
        "image_size_y": "540",
        "fov": "70.00",
        "lens_circle_falloff": "5.0",
        "lens_circle_multiplier": "0.0",
        "exposure_compensation": "0.0",
        "lens_y_size": "0.08",
        "lens_k": "-1.0",
        "exposure_mode": "histogram",
        "lens_kcube": "0.0",
        "lens_x_size": "0.08",
        "exposure_max_bright": "12.0",
        "shutter_speed": "200.0",
        "bloom_intensity": "0.675",
        "iso": "100.0",
        "enable_postprocess_effects": "false",
        "gamma": "2.2",
        "motion_blur_intensity": "0.0",
        "motion_blur_max_distortion": "0.35",
        "lens_flare_intensity": "0.1",
        "motion_blur_min_object_screen_size": "0.1",
        "exposure_min_bright": "10.0",
        "exposure_speed_up": "3.0",
        "exposure_speed_down": "1.0",
        "tint": "0.0",
        "calibration_constant": "16.0",
        "focal_distance": "1000.0",
        "min_fstop": "1.2",
        "blade_count": "5",
        "blur_amount": "0.0",
        "blur_radius": "0.0",
        "slope": "0.88",
        "toe": "0.55",
        "white_clip": "0.04",
        "shoulder": "0.26",
        "black_clip": "0.0",
        "temp": "6500.0",
        "chromatic_aberration_intensity": "0.0"
      },
      "transform_carla": {
        "location": {
          "x": 78.75927734375,
          "y": -61.7938346862793,
          "z": 1.6955742835998535
        },
        "rotation": {
          "roll": 0.00027465904713608325,
          "pitch": 0.0024452076759189367,
          "yaw": 18.276527404785156
        }
      },
      "matrix_world_from_sensor_carla": [
        [
          0.9495540261268616,
          -0.3136034905910492,
          -4.202736818115227e-05,
          78.75927734375
        ],
        [
          0.3136034905910492,
          0.9495540261268616,
          -8.831751983962022e-06,
          -61.7938346862793
        ],
        [
          4.267692565917969e-05,
          -4.793704647454433e-06,
          1.0,
          1.6955742835998535
        ],
        [
          0.0,
          0.0,
          0.0,
          1.0
        ]
      ],
      "matrix_world_from_sensor_bevfusion": [
        [
          -0.3136034905910492,
          4.202736818115227e-05,
          0.9495540261268616,
          78.75927734375
        ],
        [
          -0.9495540261268616,
          -8.831751983962022e-06,
          -0.3136034905910492,
          61.7938346862793
        ],
        [
          -4.793704647454433e-06,
          -1.0,
          4.267692565917969e-05,
          1.6955742835998535
        ],
        [
          0.0,
          0.0,
          0.0,
          1.0
        ]
      ],
      "matrix_ego_from_sensor_carla": [
        [
          -1.0,
          4.63089207869416e-07,
          3.637978807091713e-12,
          -1.5499954223632812
        ],
        [
          -4.660094248265523e-07,
          -1.0,
          5.9117155615240335e-12,
          0.0
        ],
        [
          3.637978807091713e-12,
          5.4569682106375694e-12,
          1.0,
          1.6999998092651367
        ],
        [
          0.0,
          0.0,
          0.0,
          1.0
        ]
      ],
      "matrix_ego_from_sensor_bevfusion": [
        [
          4.63089207869416e-07,
          -3.637978807091713e-12,
          -1.0,
          -1.5499954223632812
        ],
        [
          1.0,
          5.9117155615240335e-12,
          4.660094248265523e-07,
          0.0
        ],
        [
          5.4569682106375694e-12,
          -1.0,
          3.637978807091713e-12,
          1.6999998092651367
        ],
        [
          0.0,
          0.0,
          0.0,
          1.0
        ]
      ],
      "camera_intrinsics": [
        [
          685.5110473632812,
          0.0,
          480.0
        ],
        [
          0.0,
          685.5110473632812,
          270.0
        ],
        [
          0.0,
          0.0,
          1.0
        ]
      ],
      "data_path": "D:\\Agent-AI\\outputs\\s3a_ml_long_v2\\sample_000103\\images\\CAM_BACK.png",
      "raw_layout": "bgra8"
    },
    "CAM_BACK_LEFT": {
      "type_id": "sensor.camera.rgb",
      "blueprint_attributes": {
        "role_name": "front",
        "ros_name": "sensor.camera.rgb",
        "chromatic_aberration_offset": "0.0",
        "sensor_tick": "0.100000",
        "fstop": "1.4",
        "image_size_x": "960",
        "image_size_y": "540",
        "fov": "70.00",
        "lens_circle_falloff": "5.0",
        "lens_circle_multiplier": "0.0",
        "exposure_compensation": "0.0",
        "lens_y_size": "0.08",
        "lens_k": "-1.0",
        "exposure_mode": "histogram",
        "lens_kcube": "0.0",
        "lens_x_size": "0.08",
        "exposure_max_bright": "12.0",
        "shutter_speed": "200.0",
        "bloom_intensity": "0.675",
        "iso": "100.0",
        "enable_postprocess_effects": "false",
        "gamma": "2.2",
        "motion_blur_intensity": "0.0",
        "motion_blur_max_distortion": "0.35",
        "lens_flare_intensity": "0.1",
        "motion_blur_min_object_screen_size": "0.1",
        "exposure_min_bright": "10.0",
        "exposure_speed_up": "3.0",
        "exposure_speed_down": "1.0",
        "tint": "0.0",
        "calibration_constant": "16.0",
        "focal_distance": "1000.0",
        "min_fstop": "1.2",
        "blade_count": "5",
        "blur_amount": "0.0",
        "blur_radius": "0.0",
        "slope": "0.88",
        "toe": "0.55",
        "white_clip": "0.04",
        "shoulder": "0.26",
        "black_clip": "0.0",
        "temp": "6500.0",
        "chromatic_aberration_intensity": "0.0"
      },
      "transform_carla": {
        "location": {
          "x": 78.34941101074219,
          "y": -61.34998321533203,
          "z": 1.6955610513687134
        },
        "rotation": {
          "roll": 0.002157420152798295,
          "pitch": 0.0011747924145311117,
          "yaw": 73.27648162841797
        }
      },
      "matrix_world_from_sensor_carla": [
        [
          0.2877536416053772,
          -0.957704484462738,
          -4.196158624836244e-05,
          78.34941101074219
        ],
        [
          0.957704484462738,
          0.2877536416053772,
          -8.80166953720618e-06,
          -61.34998321533203
        ],
        [
          2.050399598374497e-05,
          -3.7654084735549986e-05,
          1.0,
          1.6955610513687134
        ],
        [
          0.0,
          0.0,
          0.0,
          1.0
        ]
      ],
      "matrix_world_from_sensor_bevfusion": [
        [
          -0.957704484462738,
          4.196158624836244e-05,
          0.2877536416053772,
          78.34941101074219
        ],
        [
          -0.2877536416053772,
          -8.80166953720618e-06,
          -0.957704484462738,
          61.34998321533203
        ],
        [
          -3.7654084735549986e-05,
          -1.0,
          2.050399598374497e-05,
          1.6955610513687134
        ],
        [
          0.0,
          0.0,
          0.0,
          1.0
        ]
      ],
      "matrix_ego_from_sensor_carla": [
        [
          -0.5735767483711243,
          0.8191518783569336,
          -7.189737516455352e-08,
          -1.2999954223632812
        ],
        [
          -0.8191518783569336,
          -0.5735767483711243,
          -7.929884304758161e-09,
          -0.5499954223632812
        ],
        [
          -4.7733919927850366e-08,
          5.434412742033601e-08,
          1.0,
          1.6999999284744263
        ],
        [
          0.0,
          0.0,
          0.0,
          1.0
        ]
      ],
      "matrix_ego_from_sensor_bevfusion": [
        [
          0.8191518783569336,
          7.189737516455352e-08,
          -0.5735767483711243,
          -1.2999954223632812
        ],
        [
          0.5735767483711243,
          -7.929884304758161e-09,
          0.8191518783569336,
          0.5499954223632812
        ],
        [
          5.434412742033601e-08,
          -1.0,
          -4.7733919927850366e-08,
          1.6999999284744263
        ],
        [
          0.0,
          0.0,
          0.0,
          1.0
        ]
      ],
      "camera_intrinsics": [
        [
          685.5110473632812,
          0.0,
          480.0
        ],
        [
          0.0,
          685.5110473632812,
          270.0
        ],
        [
          0.0,
          0.0,
          1.0
        ]
      ],
      "data_path": "D:\\Agent-AI\\outputs\\s3a_ml_long_v2\\sample_000103\\images\\CAM_BACK_LEFT.png",
      "raw_layout": "bgra8"
    },
    "CAM_BACK_RIGHT": {
      "type_id": "sensor.camera.rgb",
      "blueprint_attributes": {
        "role_name": "front",
        "ros_name": "sensor.camera.rgb",
        "chromatic_aberration_offset": "0.0",
        "sensor_tick": "0.100000",
        "fstop": "1.4",
        "image_size_x": "960",
        "image_size_y": "540",
        "fov": "70.00",
        "lens_circle_falloff": "5.0",
        "lens_circle_multiplier": "0.0",
        "exposure_compensation": "0.0",
        "lens_y_size": "0.08",
        "lens_k": "-1.0",
        "exposure_mode": "histogram",
        "lens_kcube": "0.0",
        "lens_x_size": "0.08",
        "exposure_max_bright": "12.0",
        "shutter_speed": "200.0",
        "bloom_intensity": "0.675",
        "iso": "100.0",
        "enable_postprocess_effects": "false",
        "gamma": "2.2",
        "motion_blur_intensity": "0.0",
        "motion_blur_max_distortion": "0.35",
        "lens_flare_intensity": "0.1",
        "motion_blur_min_object_screen_size": "0.1",
        "exposure_min_bright": "10.0",
        "exposure_speed_up": "3.0",
        "exposure_speed_down": "1.0",
        "tint": "0.0",
        "calibration_constant": "16.0",
        "focal_distance": "1000.0",
        "min_fstop": "1.2",
        "blade_count": "5",
        "blur_amount": "0.0",
        "blur_radius": "0.0",
        "slope": "0.88",
        "toe": "0.55",
        "white_clip": "0.04",
        "shoulder": "0.26",
        "black_clip": "0.0",
        "temp": "6500.0",
        "chromatic_aberration_intensity": "0.0"
      },
      "transform_carla": {
        "location": {
          "x": 78.69437408447266,
          "y": -62.39448928833008,
          "z": 1.695566177368164
        },
        "rotation": {
          "roll": -0.001842345460318029,
          "pitch": 0.0016255849041044712,
          "yaw": -36.72349166870117
        }
      },
      "matrix_world_from_sensor_carla": [
        [
          0.8015305399894714,
          0.5979538559913635,
          -4.196807276457548e-05,
          78.69437408447266
        ],
        [
          -0.5979538559913635,
          0.8015305399894714,
          -8.808176062302664e-06,
          -62.39448928833008
        ],
        [
          2.8371809094096534e-05,
          3.21549923683051e-05,
          1.0,
          1.695566177368164
        ],
        [
          0.0,
          0.0,
          0.0,
          1.0
        ]
      ],
      "matrix_world_from_sensor_bevfusion": [
        [
          0.5979538559913635,
          4.196807276457548e-05,
          0.8015305399894714,
          78.69437408447266
        ],
        [
          -0.8015305399894714,
          -8.808176062302664e-06,
          0.5979538559913635,
          62.39448928833008
        ],
        [
          3.21549923683051e-05,
          -1.0,
          2.8371809094096534e-05,
          1.695566177368164
        ],
        [
          0.0,
          0.0,
          0.0,
          1.0
        ]
      ],
      "matrix_ego_from_sensor_carla": [
        [
          -0.5735765695571899,
          -0.8191520571708679,
          -6.36973709333688e-08,
          -1.2999954223632812
        ],
        [
          0.8191520571708679,
          -0.5735765099525452,
          -3.7862264434807e-09,
          0.5499954223632812
        ],
        [
          -3.343302523717284e-08,
          -5.43477653991431e-08,
          1.0,
          1.6999998092651367
        ],
        [
          0.0,
          0.0,
          0.0,
          1.0
        ]
      ],
      "matrix_ego_from_sensor_bevfusion": [
        [
          -0.8191520571708679,
          6.36973709333688e-08,
          -0.5735765695571899,
          -1.2999954223632812
        ],
        [
          0.5735765099525452,
          -3.7862264434807e-09,
          -0.8191520571708679,
          -0.5499954223632812
        ],
        [
          -5.43477653991431e-08,
          -1.0,
          -3.343302523717284e-08,
          1.6999998092651367
        ],
        [
          0.0,
          0.0,
          0.0,
          1.0
        ]
      ],
      "camera_intrinsics": [
        [
          685.5110473632812,
          0.0,
          480.0
        ],
        [
          0.0,
          685.5110473632812,
          270.0
        ],
        [
          0.0,
          0.0,
          1.0
        ]
      ],
      "data_path": "D:\\Agent-AI\\outputs\\s3a_ml_long_v2\\sample_000103\\images\\CAM_BACK_RIGHT.png",
      "raw_layout": "bgra8"
    },
    "LIDAR_TOP": {
      "type_id": "sensor.lidar.ray_cast",
      "blueprint_attributes": {
        "atmosphere_attenuation_rate": "0.004",
        "role_name": "front",
        "noise_seed": "0",
        "upper_fov": "10.0",
        "ros_name": "sensor.lidar.ray_cast",
        "sensor_tick": "0.100000",
        "channels": "32",
        "range": "120.0",
        "points_per_second": "360000",
        "lower_fov": "-30.0",
        "rotation_frequency": "10.000000",
        "horizontal_fov": "360.0",
        "dropoff_general_rate": "0.0",
        "dropoff_intensity_limit": "1.0",
        "noise_stddev": "0.0",
        "dropoff_zero_intensity": "0.0"
      },
      "transform_carla": {
        "location": {
          "x": 77.2874526977539,
          "y": -62.27992630004883,
          "z": 2.1955082416534424
        },
        "rotation": {
          "roll": -0.000274658203125,
          "pitch": -0.0024452076759189367,
          "yaw": -161.72349548339844
        }
      },
      "matrix_world_from_sensor_carla": [
        [
          -0.9495541453361511,
          0.3136030435562134,
          -4.202736818115227e-05,
          77.2874526977539
        ],
        [
          -0.3136030435562134,
          -0.9495541453361511,
          -8.83174561749911e-06,
          -62.27992630004883
        ],
        [
          -4.267692565917969e-05,
          4.793690095539205e-06,
          1.0,
          2.1955082416534424
        ],
        [
          0.0,
          0.0,
          0.0,
          1.0
        ]
      ],
      "matrix_world_from_sensor_bevfusion": [
        [
          -0.9495541453361511,
          -0.3136030435562134,
          -4.202736818115227e-05,
          77.2874526977539
        ],
        [
          0.3136030435562134,
          -0.9495541453361511,
          8.83174561749911e-06,
          62.27992630004883
        ],
        [
          -4.267692565917969e-05,
          -4.793690095539205e-06,
          1.0,
          2.1955082416534424
        ],
        [
          0.0,
          0.0,
          0.0,
          1.0
        ]
      ],
      "matrix_ego_from_sensor_carla": [
        [
          1.0,
          2.1330022192955767e-08,
          0.0,
          0.0
        ],
        [
          -1.807902094697056e-08,
          1.0,
          -4.547473508864641e-13,
          0.0
        ],
        [
          0.0,
          0.0,
          1.0,
          2.200000047683716
        ],
        [
          0.0,
          0.0,
          0.0,
          1.0
        ]
      ],
      "matrix_ego_from_sensor_bevfusion": [
        [
          1.0,
          -2.1330022192955767e-08,
          0.0,
          0.0
        ],
        [
          1.807902094697056e-08,
          1.0,
          4.547473508864641e-13,
          0.0
        ],
        [
          0.0,
          0.0,
          1.0,
          2.200000047683716
        ],
        [
          0.0,
          0.0,
          0.0,
          1.0
        ]
      ],
      "data_path": "D:\\Agent-AI\\outputs\\s3a_ml_long_v2\\sample_000103\\lidar\\LIDAR_TOP.npy",
      "raw_layout": [
        "x",
        "y",
        "z",
        "intensity"
      ]
    },
    "RADAR_FRONT": {
      "type_id": "sensor.other.radar",
      "blueprint_attributes": {
        "sensor_tick": "0.100000",
        "role_name": "default",
        "noise_seed": "0",
        "ros_name": "sensor.other.radar",
        "horizontal_fov": "35.0",
        "points_per_second": "1500",
        "vertical_fov": "20.0",
        "range": "120.0"
      },
      "transform_carla": {
        "location": {
          "x": 75.38839721679688,
          "y": -62.9071159362793,
          "z": 0.8954230546951294
        },
        "rotation": {
          "roll": -0.000274658203125,
          "pitch": -0.0024452076759189367,
          "yaw": -161.72349548339844
        }
      },
      "matrix_world_from_sensor_carla": [
        [
          -0.9495541453361511,
          0.3136030435562134,
          -4.202736818115227e-05,
          75.38839721679688
        ],
        [
          -0.3136030435562134,
          -0.9495541453361511,
          -8.83174561749911e-06,
          -62.9071159362793
        ],
        [
          -4.267692565917969e-05,
          4.793690095539205e-06,
          1.0,
          0.8954230546951294
        ],
        [
          0.0,
          0.0,
          0.0,
          1.0
        ]
      ],
      "matrix_world_from_sensor_bevfusion": [
        [
          -0.9495541453361511,
          -0.3136030435562134,
          -4.202736818115227e-05,
          75.38839721679688
        ],
        [
          0.3136030435562134,
          -0.9495541453361511,
          8.83174561749911e-06,
          62.9071159362793
        ],
        [
          -4.267692565917969e-05,
          -4.793690095539205e-06,
          1.0,
          0.8954230546951294
        ],
        [
          0.0,
          0.0,
          0.0,
          1.0
        ]
      ],
      "matrix_ego_from_sensor_carla": [
        [
          1.0,
          2.1330022192955767e-08,
          0.0,
          1.9999961853027344
        ],
        [
          -1.807902094697056e-08,
          1.0,
          -4.547473508864641e-13,
          0.0
        ],
        [
          0.0,
          0.0,
          1.0,
          0.9000001549720764
        ],
        [
          0.0,
          0.0,
          0.0,
          1.0
        ]
      ],
      "matrix_ego_from_sensor_bevfusion": [
        [
          1.0,
          -2.1330022192955767e-08,
          0.0,
          1.9999961853027344
        ],
        [
          1.807902094697056e-08,
          1.0,
          4.547473508864641e-13,
          0.0
        ],
        [
          0.0,
          0.0,
          1.0,
          0.9000001549720764
        ],
        [
          0.0,
          0.0,
          0.0,
          1.0
        ]
      ],
      "data_path": "D:\\Agent-AI\\outputs\\s3a_ml_long_v2\\sample_000103\\radar\\RADAR_FRONT.npy",
      "raw_layout": [
        "velocity",
        "altitude",
        "azimuth",
        "depth"
      ]
    },
    "RADAR_FRONT_LEFT": {
      "type_id": "sensor.other.radar",
      "blueprint_attributes": {
        "sensor_tick": "0.100000",
        "role_name": "default",
        "noise_seed": "0",
        "ros_name": "sensor.other.radar",
        "horizontal_fov": "35.0",
        "points_per_second": "1500",
        "vertical_fov": "20.0",
        "range": "120.0"
      },
      "transform_carla": {
        "location": {
          "x": 75.48553466796875,
          "y": -62.0851936340332,
          "z": 0.8954343199729919
        },
        "rotation": {
          "roll": 0.0015321221435442567,
          "pitch": -0.00191928306594491,
          "yaw": 153.27651977539062
        }
      },
      "matrix_world_from_sensor_carla": [
        [
          -0.8931871652603149,
          -0.4496850371360779,
          -4.194464781903662e-05,
          75.48553466796875
        ],
        [
          0.4496850371360779,
          -0.8931871652603149,
          -8.820876246318221e-06,
          -62.0851936340332
        ],
        [
          -3.3497806725790724e-05,
          -2.674057577678468e-05,
          1.0,
          0.8954343199729919
        ],
        [
          0.0,
          0.0,
          0.0,
          1.0
        ]
      ],
      "matrix_world_from_sensor_bevfusion": [
        [
          -0.8931871652603149,
          0.4496850371360779,
          -4.194464781903662e-05,
          75.48553466796875
        ],
        [
          -0.4496850371360779,
          -0.8931871652603149,
          8.820876246318221e-06,
          62.0851936340332
        ],
        [
          -3.3497806725790724e-05,
          2.674057577678468e-05,
          1.0,
          0.8954343199729919
        ],
        [
          0.0,
          0.0,
          0.0,
          1.0
        ]
      ],
      "matrix_ego_from_sensor_carla": [
        [
          0.7071070075035095,
          0.7071065306663513,
          -8.195638656616211e-08,
          1.6500091552734375
        ],
        [
          -0.7071065902709961,
          0.7071070075035095,
          1.5620116755599156e-08,
          -0.7499923706054688
        ],
        [
          6.899426807649434e-08,
          4.6904460759833455e-08,
          1.0,
          0.9000000357627869
        ],
        [
          0.0,
          0.0,
          0.0,
          1.0
        ]
      ],
      "matrix_ego_from_sensor_bevfusion": [
        [
          0.7071070075035095,
          -0.7071065306663513,
          -8.195638656616211e-08,
          1.6500091552734375
        ],
        [
          0.7071065902709961,
          0.7071070075035095,
          -1.5620116755599156e-08,
          0.7499923706054688
        ],
        [
          6.899426807649434e-08,
          -4.6904460759833455e-08,
          1.0,
          0.9000000357627869
        ],
        [
          0.0,
          0.0,
          0.0,
          1.0
        ]
      ],
      "data_path": "D:\\Agent-AI\\outputs\\s3a_ml_long_v2\\sample_000103\\radar\\RADAR_FRONT_LEFT.npy",
      "raw_layout": [
        "velocity",
        "altitude",
        "azimuth",
        "depth"
      ]
    },
    "RADAR_FRONT_RIGHT": {
      "type_id": "sensor.other.radar",
      "blueprint_attributes": {
        "sensor_tick": "0.100000",
        "role_name": "default",
        "noise_seed": "0",
        "ros_name": "sensor.other.radar",
        "horizontal_fov": "35.0",
        "points_per_second": "1500",
        "vertical_fov": "20.0",
        "range": "120.0"
      },
      "transform_carla": {
        "location": {
          "x": 75.95594024658203,
          "y": -63.509525299072266,
          "z": 0.8954415917396545
        },
        "rotation": {
          "roll": -0.0019205474527552724,
          "pitch": -0.0015367924934253097,
          "yaw": -116.7234878540039
        }
      },
      "matrix_world_from_sensor_carla": [
        [
          -0.449685275554657,
          0.8931871056556702,
          -4.2001018300652504e-05,
          75.95594024658203
        ],
        [
          -0.8931871056556702,
          -0.449685275554657,
          -8.883749615051784e-06,
