{
  "schema_version": "stage1.v1",
  "sample_name": "sample_000002",
  "sequence_index": 2,
  "previous_sample_name": "sample_000001",
  "frame_id": 2179,
  "timestamp": 32.99063229560852,
  "platform_timestamp": 16781858.5934157,
  "delta_seconds": 0.05000000074505806,
  "town": "Carla/Maps/Town10HD_Opt",
  "weather": {
    "cloudiness": 20.0,
    "dust_storm": 0.0,
    "fog_density": 2.0,
    "fog_distance": 0.75,
    "fog_falloff": 0.10000000149011612,
    "mie_scattering_scale": 0.029999999329447746,
    "precipitation": 0.0,
    "precipitation_deposits": 0.0,
    "rayleigh_scattering_scale": 0.03310000151395798,
    "scattering_intensity": 1.0,
    "sun_altitude_angle": 45.0,
    "sun_azimuth_angle": 300.0,
    "wetness": 0.0,
    "wind_intensity": 10.0
  },
  "sensor_names": [
    "CAM_FRONT",
    "CAM_FRONT_RIGHT",
    "CAM_FRONT_LEFT",
    "CAM_BACK",
    "CAM_BACK_LEFT",
    "CAM_BACK_RIGHT",
    "LIDAR_TOP",
    "RADAR_FRONT",
    "RADAR_FRONT_LEFT",
    "RADAR_FRONT_RIGHT",
    "RADAR_BACK_LEFT",
    "RADAR_BACK_RIGHT"
  ],
  "camera_order_for_model": [
    "CAM_FRONT",
    "CAM_FRONT_RIGHT",
    "CAM_FRONT_LEFT",
    "CAM_BACK",
    "CAM_BACK_LEFT",
    "CAM_BACK_RIGHT"
  ],
  "radar_order_for_model": [
    "RADAR_FRONT",
    "RADAR_FRONT_LEFT",
    "RADAR_FRONT_RIGHT",
    "RADAR_BACK_LEFT",
    "RADAR_BACK_RIGHT"
  ],
  "coordinate_notes": {
    "carla_world": "left-handed x-forward y-right z-up",
    "bevfusion_lidar": "x-forward y-left z-up",
    "camera_frame_for_model": "OpenCV style x-right y-down z-forward"
  },
  "ego": {
    "actor_id": 24,
    "transform_carla": {
      "location": {
        "x": -62.05241012573242,
        "y": 24.125621795654297,
        "z": -0.006873969919979572
      },
      "rotation": {
        "roll": 0.17064735293388367,
        "pitch": 0.5781754851341248,
        "yaw": -7.183079719543457
      }
    },
    "velocity_carla": [
      4.974813938140869,
      -0.8246650695800781,
      0.0014504813589155674
    ],
    "angular_velocity_carla": [
      -0.02973254583775997,
      -0.08429235219955444,
      -7.961169242858887
    ],
    "matrix_world_from_ego_carla": [
      [
        0.9921011924743652,
        0.1250694990158081,
        -0.009639238938689232,
        -62.05241012573242
      ],
      [
        -0.12503387033939362,
        0.9921435713768005,
        0.0042167408391833305,
        24.125621795654297
      ],
      [
        0.010090894065797329,
        -0.002978202188387513,
        0.9999446868896484,
        -0.006873969919979572
      ],
      [
        0.0,
        0.0,
        0.0,
        1.0
      ]
    ],
    "matrix_world_from_ego_bevfusion": [
      [
        0.9921011924743652,
        -0.1250694990158081,
        -0.009639238938689232,
        -62.05241012573242
      ],
      [
        0.12503387033939362,
        0.9921435713768005,
        -0.0042167408391833305,
        -24.125621795654297
      ],
      [
        0.010090894065797329,
        0.002978202188387513,
        0.9999446868896484,
        -0.006873969919979572
      ],
      [
        0.0,
        0.0,
        0.0,
        1.0
      ]
    ]
  },
  "sensors": {
    "CAM_FRONT": {
      "type_id": "sensor.camera.rgb",
      "blueprint_attributes": {
        "role_name": "front",
        "ros_name": "sensor.camera.rgb",
        "chromatic_aberration_offset": "0.0",
        "sensor_tick": "0.050000",
        "fstop": "1.4",
        "image_size_x": "1600",
        "image_size_y": "900",
        "fov": "70.00",
        "lens_circle_falloff": "5.0",
        "lens_circle_multiplier": "0.0",
        "exposure_compensation": "0.0",
        "lens_y_size": "0.08",
        "lens_k": "-1.0",
        "exposure_mode": "histogram",
        "lens_kcube": "0.0",
        "lens_x_size": "0.08",
        "exposure_max_bright": "12.0",
        "shutter_speed": "200.0",
        "bloom_intensity": "0.675",
        "iso": "100.0",
        "enable_postprocess_effects": "false",
        "gamma": "2.2",
        "motion_blur_intensity": "0.0",
        "motion_blur_max_distortion": "0.35",
        "lens_flare_intensity": "0.1",
        "motion_blur_min_object_screen_size": "0.1",
        "exposure_min_bright": "10.0",
        "exposure_speed_up": "3.0",
        "exposure_speed_down": "1.0",
        "tint": "0.0",
        "calibration_constant": "16.0",
        "focal_distance": "1000.0",
        "min_fstop": "1.2",
        "blade_count": "5",
        "blur_amount": "0.0",
        "blur_radius": "0.0",
        "slope": "0.88",
        "toe": "0.55",
        "white_clip": "0.04",
        "shoulder": "0.26",
        "black_clip": "0.0",
        "temp": "6500.0",
        "chromatic_aberration_intensity": "0.0"
      },
      "transform_carla": {
        "location": {
          "x": -60.53104019165039,
          "y": 23.938989639282227,
          "z": 1.7086727619171143
        },
        "rotation": {
          "roll": 0.17064735293388367,
          "pitch": 0.5781754851341248,
          "yaw": -7.183079719543457
        }
      },
      "matrix_world_from_sensor_carla": [
        [
          0.9921011924743652,
          0.1250694990158081,
          -0.009639238938689232,
          -60.53104019165039
        ],
        [
          -0.12503387033939362,
          0.9921435713768005,
          0.0042167408391833305,
          23.938989639282227
        ],
        [
          0.010090894065797329,
          -0.002978202188387513,
          0.9999446868896484,
          1.7086727619171143
        ],
        [
          0.0,
          0.0,
          0.0,
          1.0
        ]
      ],
      "matrix_world_from_sensor_bevfusion": [
        [
          0.1250694990158081,
          0.009639238938689232,
          0.9921011924743652,
          -60.53104019165039
        ],
        [
          -0.9921435713768005,
          0.0042167408391833305,
          0.12503387033939362,
          -23.938989639282227
        ],
        [
          -0.002978202188387513,
          -0.9999446868896484,
          0.010090894065797329,
          1.7086727619171143
        ],
        [
          0.0,
          0.0,
          0.0,
          1.0
        ]
      ],
      "matrix_ego_from_sensor_carla": [
        [
          1.0,
          6.847551414779218e-10,
          -2.964632983548654e-10,
          1.5500030517578125
        ],
        [
          -6.6461964820518915e-09,
          1.0,
          -1.1048228998333798e-10,
          1.9073486328125e-06
        ],
        [
          3.334360565432348e-11,
          -1.6578537154199324e-10,
          1.0,
          1.7000000476837158
        ],
        [
          0.0,
          0.0,
          0.0,
          1.0
        ]
      ],
      "matrix_ego_from_sensor_bevfusion": [
        [
          6.847551414779218e-10,
          2.964632983548654e-10,
          1.0,
          1.5500030517578125
        ],
        [
          -1.0,
          -1.1048228998333798e-10,
          6.6461964820518915e-09,
          -1.9073486328125e-06
        ],
        [
          -1.6578537154199324e-10,
          -1.0,
          3.334360565432348e-11,
          1.7000000476837158
        ],
        [
          0.0,
          0.0,
          0.0,
          1.0
        ]
      ],
      "camera_intrinsics": [
        [
          1142.5184326171875,
          0.0,
          800.0
        ],
        [
          0.0,
          1142.5184326171875,
          450.0
        ],
        [
          0.0,
          0.0,
          1.0
        ]
      ],
      "data_path": "D:\\Agent-AI\\outputs\\samples\\sample_000002\\images\\CAM_FRONT.png",
      "raw_layout": "bgra8"
    },
    "CAM_FRONT_RIGHT": {
      "type_id": "sensor.camera.rgb",
      "blueprint_attributes": {
        "role_name": "front",
        "ros_name": "sensor.camera.rgb",
        "chromatic_aberration_offset": "0.0",
        "sensor_tick": "0.050000",
        "fstop": "1.4",
        "image_size_x": "1600",
        "image_size_y": "900",
        "fov": "70.00",
        "lens_circle_falloff": "5.0",
        "lens_circle_multiplier": "0.0",
        "exposure_compensation": "0.0",
        "lens_y_size": "0.08",
        "lens_k": "-1.0",
        "exposure_mode": "histogram",
        "lens_kcube": "0.0",
        "lens_x_size": "0.08",
        "exposure_max_bright": "12.0",
        "shutter_speed": "200.0",
        "bloom_intensity": "0.675",
        "iso": "100.0",
        "enable_postprocess_effects": "false",
        "gamma": "2.2",
        "motion_blur_intensity": "0.0",
        "motion_blur_max_distortion": "0.35",
        "lens_flare_intensity": "0.1",
        "motion_blur_min_object_screen_size": "0.1",
        "exposure_min_bright": "10.0",
        "exposure_speed_up": "3.0",
        "exposure_speed_down": "1.0",
        "tint": "0.0",
        "calibration_constant": "16.0",
        "focal_distance": "1000.0",
        "min_fstop": "1.2",
        "blade_count": "5",
        "blur_amount": "0.0",
        "blur_radius": "0.0",
        "slope": "0.88",
        "toe": "0.55",
        "white_clip": "0.04",
        "shoulder": "0.26",
        "black_clip": "0.0",
        "temp": "6500.0",
        "chromatic_aberration_intensity": "0.0"
      },
      "transform_carla": {
        "location": {
          "x": -60.71027755737305,
          "y": 24.51592445373535,
          "z": 1.7045120000839233
        },
        "rotation": {
          "roll": 0.5714923143386841,
          "pitch": 0.19183951616287231,
          "yaw": 47.81698226928711
        }
      },
      "matrix_world_from_sensor_carla": [
        [
          0.6714972257614136,
          -0.7409443855285645,
          -0.009639185853302479,
          -60.71027755737305
        ],
        [
          0.7409995198249817,
          0.6714922785758972,
          0.004216800443828106,
          24.51592445373535
        ],
        [
          0.0033482247963547707,
          -0.009974201209843159,
          0.9999446272850037,
          1.7045120000839233
        ],
        [
          0.0,
          0.0,
          0.0,
          1.0
        ]
      ],
      "matrix_world_from_sensor_bevfusion": [
        [
          -0.7409443855285645,
          0.009639185853302479,
          0.6714972257614136,
          -60.71027755737305
        ],
        [
          -0.6714922785758972,
          0.004216800443828106,
          -0.7409995198249817,
          -24.51592445373535
        ],
        [
          -0.009974201209843159,
          -0.9999446272850037,
          0.0033482247963547707,
          1.7045120000839233
        ],
        [
          0.0,
          0.0,
          0.0,
          1.0
        ]
      ],
      "matrix_ego_from_sensor_carla": [
        [
          0.5735769271850586,
          -0.8191516995429993,
          4.3805556515508215e-08,
          1.3000030517578125
        ],
        [
          0.8191516995429993,
          0.573576807975769,
          6.595810475573671e-08,
          0.5499992370605469
        ],
        [
          -7.96951837855886e-08,
          -9.070084128204314e-10,
          0.9999999403953552,
          1.6999998092651367
        ],
        [
          0.0,
          0.0,
          0.0,
          1.0
        ]
      ],
      "matrix_ego_from_sensor_bevfusion": [
        [
          -0.8191516995429993,
          -4.3805556515508215e-08,
          0.5735769271850586,
          1.3000030517578125
        ],
        [
          -0.573576807975769,
          6.595810475573671e-08,
          -0.8191516995429993,
          -0.5499992370605469
        ],
        [
          -9.070084128204314e-10,
          -0.9999999403953552,
          -7.96951837855886e-08,
          1.6999998092651367
        ],
        [
          0.0,
          0.0,
          0.0,
          1.0
        ]
      ],
      "camera_intrinsics": [
        [
          1142.5184326171875,
          0.0,
          800.0
        ],
        [
          0.0,
          1142.5184326171875,
          450.0
        ],
        [
          0.0,
          0.0,
          1.0
        ]
      ],
      "data_path": "D:\\Agent-AI\\outputs\\samples\\sample_000002\\images\\CAM_FRONT_RIGHT.png",
      "raw_layout": "bgra8"
    },
    "CAM_FRONT_LEFT": {
      "type_id": "sensor.camera.rgb",
      "blueprint_attributes": {
        "role_name": "front",
        "ros_name": "sensor.camera.rgb",
        "chromatic_aberration_offset": "0.0",
        "sensor_tick": "0.050000",
        "fstop": "1.4",
        "image_size_x": "1600",
        "image_size_y": "900",
        "fov": "70.00",
        "lens_circle_falloff": "5.0",
        "lens_circle_multiplier": "0.0",
        "exposure_compensation": "0.0",
        "lens_y_size": "0.08",
        "lens_k": "-1.0",
        "exposure_mode": "histogram",
        "lens_kcube": "0.0",
        "lens_x_size": "0.08",
        "exposure_max_bright": "12.0",
        "shutter_speed": "200.0",
        "bloom_intensity": "0.675",
        "iso": "100.0",
        "enable_postprocess_effects": "false",
        "gamma": "2.2",
        "motion_blur_intensity": "0.0",
        "motion_blur_max_distortion": "0.35",
        "lens_flare_intensity": "0.1",
        "motion_blur_min_object_screen_size": "0.1",
        "exposure_min_bright": "10.0",
        "exposure_speed_up": "3.0",
        "exposure_speed_down": "1.0",
        "tint": "0.0",
        "calibration_constant": "16.0",
        "focal_distance": "1000.0",
        "min_fstop": "1.2",
        "blade_count": "5",
        "blur_amount": "0.0",
        "blur_radius": "0.0",
        "slope": "0.88",
        "toe": "0.55",
        "white_clip": "0.04",
        "shoulder": "0.26",
        "black_clip": "0.0",
        "temp": "6500.0",
        "chromatic_aberration_intensity": "0.0"
      },
      "transform_carla": {
        "location": {
          "x": -60.84785461425781,
          "y": 23.42456817626953,
          "z": 1.7077879905700684
        },
        "rotation": {
          "roll": -0.3757467269897461,
          "pitch": 0.4714059829711914,
          "yaw": -62.18547439575195
        }
      },
      "matrix_world_from_sensor_carla": [
        [
          0.4665951430797577,
          0.8844184875488281,
          -0.009639235213398933,
          -60.84785461425781
        ],
        [
          -0.8844327330589294,
          0.4666486084461212,
          0.004216733388602734,
          23.42456817626953
        ],
        [
          0.008227493613958359,
          0.006557748187333345,
          0.9999446272850037,
          1.7077879905700684
        ],
        [
          0.0,
          0.0,
          0.0,
          1.0
        ]
      ],
      "matrix_world_from_sensor_bevfusion": [
        [
          0.8844184875488281,
          0.009639235213398933,
          0.4665951430797577,
          -60.84785461425781
        ],
        [
          -0.4666486084461212,
          0.004216733388602734,
          0.8844327330589294,
          -23.42456817626953
        ],
        [
          0.006557748187333345,
          -0.9999446272850037,
          0.008227493613958359,
          1.7077879905700684
        ],
        [
          0.0,
          0.0,
          0.0,
          1.0
        ]
      ],
      "matrix_ego_from_sensor_carla": [
        [
          0.5735766291618347,
          0.8191518783569336,
          3.758685362953429e-09,
          1.3000030517578125
        ],
        [
          -0.8191518187522888,
          0.5735765695571899,
          -6.685056064270611e-09,
          -0.5499992370605469
        ],
        [
          -6.681178277290201e-09,
          1.0268053074469208e-09,
          0.9999999403953552,
          1.6999998092651367
        ],
        [
          0.0,
          0.0,
          0.0,
          1.0
        ]
      ],
      "matrix_ego_from_sensor_bevfusion": [
        [
          0.8191518783569336,
          -3.758685362953429e-09,
          0.5735766291618347,
          1.3000030517578125
        ],
        [
          -0.5735765695571899,
          -6.685056064270611e-09,
          0.8191518187522888,
          0.5499992370605469
        ],
        [
          1.0268053074469208e-09,
          -0.9999999403953552,
          -6.681178277290201e-09,
          1.6999998092651367
        ],
        [
          0.0,
          0.0,
          0.0,
          1.0
        ]
      ],
      "camera_intrinsics": [
        [
          1142.5184326171875,
          0.0,
          800.0
        ],
        [
          0.0,
          1142.5184326171875,
          450.0
        ],
        [
          0.0,
          0.0,
          1.0
        ]
      ],
      "data_path": "D:\\Agent-AI\\outputs\\samples\\sample_000002\\images\\CAM_FRONT_LEFT.png",
      "raw_layout": "bgra8"
    },
    "CAM_BACK": {
      "type_id": "sensor.camera.rgb",
      "blueprint_attributes": {
        "role_name": "front",
        "ros_name": "sensor.camera.rgb",
        "chromatic_aberration_offset": "0.0",
        "sensor_tick": "0.050000",
        "fstop": "1.4",
        "image_size_x": "1600",
        "image_size_y": "900",
        "fov": "70.00",
        "lens_circle_falloff": "5.0",
        "lens_circle_multiplier": "0.0",
        "exposure_compensation": "0.0",
        "lens_y_size": "0.08",
        "lens_k": "-1.0",
        "exposure_mode": "histogram",
        "lens_kcube": "0.0",
        "lens_x_size": "0.08",
        "exposure_max_bright": "12.0",
        "shutter_speed": "200.0",
        "bloom_intensity": "0.675",
        "iso": "100.0",
        "enable_postprocess_effects": "false",
        "gamma": "2.2",
        "motion_blur_intensity": "0.0",
        "motion_blur_max_distortion": "0.35",
        "lens_flare_intensity": "0.1",
        "motion_blur_min_object_screen_size": "0.1",
        "exposure_min_bright": "10.0",
        "exposure_speed_up": "3.0",
        "exposure_speed_down": "1.0",
        "tint": "0.0",
        "calibration_constant": "16.0",
        "focal_distance": "1000.0",
        "min_fstop": "1.2",
        "blade_count": "5",
        "blur_amount": "0.0",
        "blur_radius": "0.0",
        "slope": "0.88",
        "toe": "0.55",
        "white_clip": "0.04",
        "shoulder": "0.26",
        "black_clip": "0.0",
        "temp": "6500.0",
        "chromatic_aberration_intensity": "0.0"
      },
      "transform_carla": {
        "location": {
          "x": -63.6065559387207,
          "y": 24.32659339904785,
          "z": 1.6773910522460938
        },
        "rotation": {
          "roll": -0.17064756155014038,
          "pitch": -0.5781754851341248,
          "yaw": 172.81692504882812
        }
      },
      "matrix_world_from_sensor_carla": [
        [
          -0.9921011924743652,
          -0.12506937980651855,
          -0.009639238938689232,
          -63.6065559387207
        ],
        [
          0.12503375113010406,
          -0.9921435713768005,
          0.004216743167489767,
          24.32659339904785
        ],
        [
          -0.010090894065797329,
          0.002978205680847168,
          0.9999446868896484,
          1.6773910522460938
        ],
        [
          0.0,
          0.0,
          0.0,
          1.0
        ]
      ],
      "matrix_world_from_sensor_bevfusion": [
        [
          -0.12506937980651855,
          0.009639238938689232,
          -0.9921011924743652,
          -63.6065559387207
        ],
        [
          0.9921435713768005,
          0.004216743167489767,
          -0.12503375113010406,
          -24.32659339904785
        ],
        [
          0.002978205680847168,
          -0.9999446868896484,
          -0.010090894065797329,
          1.6773910522460938
        ],
        [
          0.0,
          0.0,
          0.0,
          1.0
        ]
      ],
      "matrix_ego_from_sensor_carla": [
        [
          -1.0,
          1.1855977533059558e-07,
          -2.964632983548654e-10,
          -1.5499954223632812
        ],
        [
          -1.1162631352590324e-07,
          -1.0,
          2.2178241465553583e-09,
          0.0
        ],
        [
          -9.646661247586508e-10,
          2.4938984211075876e-09,
          1.0,
          1.7000000476837158
        ],
        [
          0.0,
          0.0,
          0.0,
          1.0
        ]
      ],
      "matrix_ego_from_sensor_bevfusion": [
        [
          1.1855977533059558e-07,
          2.964632983548654e-10,
          -1.0,
          -1.5499954223632812
        ],
        [
          1.0,
          2.2178241465553583e-09,
          1.1162631352590324e-07,
          0.0
        ],
        [
          2.4938984211075876e-09,
          -1.0,
          -9.646661247586508e-10,
          1.7000000476837158
        ],
        [
          0.0,
          0.0,
          0.0,
          1.0
        ]
      ],
      "camera_intrinsics": [
        [
          1142.5184326171875,
          0.0,
          800.0
        ],
        [
          0.0,
          1142.5184326171875,
          450.0
        ],
        [
          0.0,
          0.0,
          1.0
        ]
      ],
      "data_path": "D:\\Agent-AI\\outputs\\samples\\sample_000002\\images\\CAM_BACK.png",
      "raw_layout": "bgra8"
    },
    "CAM_BACK_LEFT": {
      "type_id": "sensor.camera.rgb",
      "blueprint_attributes": {
        "role_name": "front",
        "ros_name": "sensor.camera.rgb",
        "chromatic_aberration_offset": "0.0",
        "sensor_tick": "0.050000",
        "fstop": "1.4",
        "image_size_x": "1600",
        "image_size_y": "900",
        "fov": "70.00",
        "lens_circle_falloff": "5.0",
        "lens_circle_multiplier": "0.0",
        "exposure_compensation": "0.0",
        "lens_y_size": "0.08",
        "lens_k": "-1.0",
        "exposure_mode": "histogram",
        "lens_kcube": "0.0",
        "lens_x_size": "0.08",
        "exposure_max_bright": "12.0",
        "shutter_speed": "200.0",
        "bloom_intensity": "0.675",
        "iso": "100.0",
        "enable_postprocess_effects": "false",
        "gamma": "2.2",
        "motion_blur_intensity": "0.0",
        "motion_blur_max_distortion": "0.35",
        "lens_flare_intensity": "0.1",
        "motion_blur_min_object_screen_size": "0.1",
        "exposure_min_bright": "10.0",
        "exposure_speed_up": "3.0",
        "exposure_speed_down": "1.0",
        "tint": "0.0",
        "calibration_constant": "16.0",
        "focal_distance": "1000.0",
        "min_fstop": "1.2",
        "blade_count": "5",
        "blur_amount": "0.0",
        "blur_radius": "0.0",
        "slope": "0.88",
        "toe": "0.55",
        "white_clip": "0.04",
        "shoulder": "0.26",
        "black_clip": "0.0",
        "temp": "6500.0",
        "chromatic_aberration_intensity": "0.0"
      },
      "transform_carla": {
        "location": {
          "x": -63.42731857299805,
          "y": 23.74965476989746,
          "z": 1.6815518140792847
        },
        "rotation": {
          "roll": -0.5714923143386841,
          "pitch": -0.19183951616287231,
          "yaw": -132.1829833984375
        }
      },
      "matrix_world_from_sensor_carla": [
        [
          -0.6714968085289001,
          0.7409447431564331,
          -0.009639187715947628,
          -63.42731857299805
        ],
        [
          -0.7409998774528503,
          -0.6714918613433838,
          0.004216794855892658,
          23.74965476989746
        ],
        [
          -0.0033482247963547707,
          0.009974201209843159,
          0.9999446272850037,
          1.6815518140792847
        ],
        [
          0.0,
          0.0,
          0.0,
          1.0
        ]
      ],
      "matrix_world_from_sensor_bevfusion": [
        [
          0.7409447431564331,
          0.009639187715947628,
          -0.6714968085289001,
          -63.42731857299805
        ],
        [
          0.6714918613433838,
          0.004216794855892658,
          0.7409998774528503,
          -23.74965476989746
        ],
        [
          0.009974201209843159,
          -0.9999446272850037,
          -0.0033482247963547707,
          1.6815518140792847
        ],
        [
          0.0,
          0.0,
          0.0,
          1.0
        ]
      ],
      "matrix_ego_from_sensor_carla": [
        [
          -0.5735765099525452,
          0.8191519975662231,
          4.2874233940892736e-08,
          -1.3000030517578125
        ],
        [
          -0.8191519975662231,
          -0.5735763311386108,
          6.013733866438997e-08,
          -0.5500011444091797
        ],
        [
          7.410724833789573e-08,
          -9.556366808993744e-10,
          0.9999999403953552,
          1.7000000476837158
        ],
        [
          0.0,
          0.0,
          0.0,
          1.0
        ]
      ],
      "matrix_ego_from_sensor_bevfusion": [
        [
          0.8191519975662231,
          -4.2874233940892736e-08,
          -0.5735765099525452,
          -1.3000030517578125
        ],
        [
          0.5735763311386108,
          6.013733866438997e-08,
          0.8191519975662231,
          0.5500011444091797
        ],
        [
          -9.556366808993744e-10,
          -0.9999999403953552,
          7.410724833789573e-08,
          1.7000000476837158
        ],
        [
          0.0,
          0.0,
          0.0,
          1.0
        ]
      ],
      "camera_intrinsics": [
        [
          1142.5184326171875,
          0.0,
          800.0
        ],
        [
          0.0,
          1142.5184326171875,
          450.0
        ],
        [
          0.0,
          0.0,
          1.0
        ]
      ],
      "data_path": "D:\\Agent-AI\\outputs\\samples\\sample_000002\\images\\CAM_BACK_LEFT.png",
      "raw_layout": "bgra8"
    },
    "CAM_BACK_RIGHT": {
      "type_id": "sensor.camera.rgb",
      "blueprint_attributes": {
        "role_name": "front",
        "ros_name": "sensor.camera.rgb",
        "chromatic_aberration_offset": "0.0",
        "sensor_tick": "0.050000",
        "fstop": "1.4",
        "image_size_x": "1600",
        "image_size_y": "900",
        "fov": "70.00",
        "lens_circle_falloff": "5.0",
        "lens_circle_multiplier": "0.0",
        "exposure_compensation": "0.0",
        "lens_y_size": "0.08",
        "lens_k": "-1.0",
        "exposure_mode": "histogram",
        "lens_kcube": "0.0",
        "lens_x_size": "0.08",
        "exposure_max_bright": "12.0",
        "shutter_speed": "200.0",
        "bloom_intensity": "0.675",
        "iso": "100.0",
        "enable_postprocess_effects": "false",
        "gamma": "2.2",
        "motion_blur_intensity": "0.0",
        "motion_blur_max_distortion": "0.35",
        "lens_flare_intensity": "0.1",
        "motion_blur_min_object_screen_size": "0.1",
        "exposure_min_bright": "10.0",
        "exposure_speed_up": "3.0",
        "exposure_speed_down": "1.0",
        "tint": "0.0",
        "calibration_constant": "16.0",
        "focal_distance": "1000.0",
        "min_fstop": "1.2",
        "blade_count": "5",
        "blur_amount": "0.0",
        "blur_radius": "0.0",
        "slope": "0.88",
        "toe": "0.55",
        "white_clip": "0.04",
        "shoulder": "0.26",
        "black_clip": "0.0",
        "temp": "6500.0",
        "chromatic_aberration_intensity": "0.0"
      },
      "transform_carla": {
        "location": {
          "x": -63.28974151611328,
          "y": 24.841012954711914,
          "z": 1.6782758235931396
        },
        "rotation": {
          "roll": 0.3757467567920685,
          "pitch": -0.4714059829711914,
          "yaw": 117.8144760131836
        }
      },
      "matrix_world_from_sensor_carla": [
        [
          -0.4665943682193756,
          -0.8844189047813416,
          -0.00963923241943121,
          -63.28974151611328
        ],
        [
          0.8844331502914429,
          -0.46664783358573914,
          0.004216741770505905,
          24.841012954711914
        ],
        [
          -0.008227493613958359,
          -0.006557748652994633,
          0.9999446272850037,
          1.6782758235931396
        ],
        [
          0.0,
          0.0,
          0.0,
          1.0
        ]
      ],
      "matrix_world_from_sensor_bevfusion": [
        [
          -0.8844189047813416,
          0.00963923241943121,
          -0.4665943682193756,
          -63.28974151611328
        ],
        [
          0.46664783358573914,
          0.004216741770505905,
          -0.8844331502914429,
          -24.841012954711914
        ],
        [
          -0.006557748652994633,
          -0.9999446272850037,
          -0.008227493613958359,
          1.6782758235931396
        ],
        [
          0.0,
          0.0,
          0.0,
          1.0
        ]
      ],
      "matrix_ego_from_sensor_carla": [
        [
          -0.5735759139060974,
          -0.8191524147987366,
          5.621330512184386e-09,
          -1.2999954223632812
        ],
        [
          0.8191523551940918,
          -0.5735758543014526,
          1.92967752887796e-09,
          0.5499973297119141
        ],
        [
          1.0932426075527246e-09,
          6.423801046651079e-09,
          0.9999999403953552,
          1.7000000476837158
        ],
        [
          0.0,
          0.0,
          0.0,
          1.0
        ]
      ],
      "matrix_ego_from_sensor_bevfusion": [
        [
          -0.8191524147987366,
          -5.621330512184386e-09,
          -0.5735759139060974,
          -1.2999954223632812
        ],
        [
          0.5735758543014526,
          1.92967752887796e-09,
          -0.8191523551940918,
          -0.5499973297119141
        ],
        [
          6.423801046651079e-09,
          -0.9999999403953552,
          1.0932426075527246e-09,
          1.7000000476837158
        ],
        [
          0.0,
          0.0,
          0.0,
          1.0
        ]
      ],
      "camera_intrinsics": [
        [
          1142.5184326171875,
          0.0,
          800.0
        ],
        [
          0.0,
          1142.5184326171875,
          450.0
        ],
        [
          0.0,
          0.0,
          1.0
        ]
      ],
      "data_path": "D:\\Agent-AI\\outputs\\samples\\sample_000002\\images\\CAM_BACK_RIGHT.png",
      "raw_layout": "bgra8"
    },
    "LIDAR_TOP": {
      "type_id": "sensor.lidar.ray_cast",
      "blueprint_attributes": {
        "atmosphere_attenuation_rate": "0.004",
        "role_name": "front",
        "noise_seed": "0",
        "upper_fov": "10.0",
        "ros_name": "sensor.lidar.ray_cast",
        "sensor_tick": "0.050000",
        "channels": "32",
        "range": "120.0",
        "points_per_second": "360000",
        "lower_fov": "-30.0",
        "rotation_frequency": "20.000000",
        "horizontal_fov": "360.0",
        "dropoff_general_rate": "0.0",
        "dropoff_intensity_limit": "1.0",
        "noise_stddev": "0.0",
        "dropoff_zero_intensity": "0.0"
      },
      "transform_carla": {
        "location": {
          "x": -62.07361602783203,
          "y": 24.134899139404297,
          "z": 2.1930043697357178
        },
        "rotation": {
          "roll": 0.17064735293388367,
          "pitch": 0.5781754851341248,
          "yaw": -7.183079719543457
        }
      },
      "matrix_world_from_sensor_carla": [
        [
          0.9921011924743652,
          0.1250694990158081,
          -0.009639238938689232,
          -62.07361602783203
        ],
        [
          -0.12503387033939362,
          0.9921435713768005,
          0.0042167408391833305,
          24.134899139404297
        ],
        [
          0.010090894065797329,
          -0.002978202188387513,
          0.9999446868896484,
          2.1930043697357178
        ],
        [
          0.0,
          0.0,
          0.0,
          1.0
        ]
      ],
      "matrix_world_from_sensor_bevfusion": [
        [
          0.9921011924743652,
          -0.1250694990158081,
          -0.009639238938689232,
          -62.07361602783203
        ],
        [
          0.12503387033939362,
          0.9921435713768005,
          -0.0042167408391833305,
          -24.134899139404297
        ],
        [
          0.010090894065797329,
          0.002978202188387513,
          0.9999446868896484,
          2.1930043697357178
        ],
        [
          0.0,
          0.0,
          0.0,
          1.0
        ]
      ],
      "matrix_ego_from_sensor_carla": [
        [
          1.0,
          6.847551414779218e-10,
          -2.964632983548654e-10,
          7.62939453125e-06
        ],
        [
          -6.6461964820518915e-09,
          1.0,
          -1.1048228998333798e-10,
          0.0
        ],
        [
          3.334360565432348e-11,
          -1.6578537154199324e-10,
          1.0,
          2.200000047683716
        ],
        [
          0.0,
          0.0,
          0.0,
          1.0
        ]
      ],
      "matrix_ego_from_sensor_bevfusion": [
        [
          1.0,
          -6.847551414779218e-10,
          -2.964632983548654e-10,
          7.62939453125e-06
        ],
        [
          6.6461964820518915e-09,
          1.0,
          1.1048228998333798e-10,
          0.0
        ],
        [
          3.334360565432348e-11,
          1.6578537154199324e-10,
          1.0,
          2.200000047683716
        ],
        [
          0.0,
          0.0,
          0.0,
          1.0
        ]
      ],
      "data_path": "D:\\Agent-AI\\outputs\\samples\\sample_000002\\lidar\\LIDAR_TOP.npy",
      "raw_layout": [
        "x",
        "y",
        "z",
        "intensity"
      ]
    },
    "RADAR_FRONT": {
      "type_id": "sensor.other.radar",
      "blueprint_attributes": {
        "sensor_tick": "0.050000",
        "role_name": "default",
        "noise_seed": "0",
        "ros_name": "sensor.other.radar",
        "horizontal_fov": "35.0",
        "points_per_second": "1500",
        "vertical_fov": "20.0",
        "range": "120.0"
      },
      "transform_carla": {
        "location": {
          "x": -60.07688522338867,
          "y": 23.879350662231445,
          "z": 0.9132580161094666
        },
        "rotation": {
          "roll": 0.17064735293388367,
          "pitch": 0.5781754851341248,
          "yaw": -7.183079719543457
        }
      },
      "matrix_world_from_sensor_carla": [
        [
          0.9921011924743652,
          0.1250694990158081,
          -0.009639238938689232,
          -60.07688522338867
        ],
        [
          -0.12503387033939362,
          0.9921435713768005,
          0.0042167408391833305,
          23.879350662231445
        ],
        [
          0.010090894065797329,
          -0.002978202188387513,
          0.9999446868896484,
          0.9132580161094666
        ],
        [
          0.0,
          0.0,
          0.0,
          1.0
        ]
      ],
      "matrix_world_from_sensor_bevfusion": [
        [
          0.9921011924743652,
          -0.1250694990158081,
          -0.009639238938689232,
          -60.07688522338867
        ],
        [
          0.12503387033939362,
          0.9921435713768005,
          -0.0042167408391833305,
          -23.879350662231445
        ],
        [
          0.010090894065797329,
          0.002978202188387513,
          0.9999446868896484,
          0.9132580161094666
        ],
        [
          0.0,
          0.0,
          0.0,
          1.0
        ]
      ],
      "matrix_ego_from_sensor_carla": [
        [
          1.0,
          6.847551414779218e-10,
          -2.964632983548654e-10,
          2.0000038146972656
        ],
        [
          -6.6461964820518915e-09,
          1.0,
          -1.1048228998333798e-10,
          0.0
        ],
        [
          3.334360565432348e-11,
          -1.6578537154199324e-10,
          1.0,
          0.9000000357627869
        ],
        [
          0.0,
          0.0,
          0.0,
          1.0
        ]
      ],
      "matrix_ego_from_sensor_bevfusion": [
        [
          1.0,
          -6.847551414779218e-10,
          -2.964632983548654e-10,
          2.0000038146972656
        ],
        [
          6.6461964820518915e-09,
          1.0,
          1.1048228998333798e-10,
          0.0
        ],
        [
          3.334360565432348e-11,
          1.6578537154199324e-10,
          1.0,
          0.9000000357627869
        ],
        [
          0.0,
          0.0,
          0.0,
          1.0
        ]
      ],
      "data_path": "D:\\Agent-AI\\outputs\\samples\\sample_000002\\radar\\RADAR_FRONT.npy",
      "raw_layout": [
        "velocity",
        "altitude",
        "azimuth",
        "depth"
      ]
    },
    "RADAR_FRONT_LEFT": {
      "type_id": "sensor.other.radar",
      "blueprint_attributes": {
        "sensor_tick": "0.050000",
        "role_name": "default",
        "noise_seed": "0",
        "ros_name": "sensor.other.radar",
        "horizontal_fov": "35.0",
        "points_per_second": "1500",
        "vertical_fov": "20.0",
        "range": "120.0"
      },
      "transform_carla": {
        "location": {
          "x": -60.51792526245117,
          "y": 23.17900276184082,
          "z": 0.9119598269462585
        },
        "rotation": {
          "roll": -0.2881787121295929,
          "pitch": 0.5294898748397827,
          "yaw": -52.185272216796875
        }
      },
      "matrix_world_from_sensor_carla": [
        [
          0.6130839586257935,
          0.7899590134620667,
          -0.009639214724302292,
          -60.51792526245117
        ],
        [
          -0.7899637222290039,
          0.6131390929222107,
          0.004216713830828667,
          23.17900276184082
        ],
        [
          0.009241210296750069,
          0.005029431078583002,
          0.9999446868896484,
          0.9119598269462585
        ],
        [
          0.0,
          0.0,
          0.0,
          1.0
        ]
      ],
      "matrix_world_from_sensor_bevfusion": [
        [
          0.6130839586257935,
          -0.7899590134620667,
          -0.009639214724302292,
          -60.51792526245117
        ],
        [
          0.7899637222290039,
          0.6131390929222107,
          -0.004216713830828667,
          -23.17900276184082
        ],
        [
          0.009241210296750069,
          -0.005029431078583002,
          0.9999446868896484,
          0.9119598269462585
        ],
        [
          0.0,
          0.0,
          0.0,
          1.0
        ]
      ],
      "matrix_ego_from_sensor_carla": [
        [
          0.7071068286895752,
          0.7071068286895752,
          2.671189136549401e-08,
          1.6499977111816406
        ],
        [
          -0.7071067690849304,
          0.7071067690849304,
          -2.385920794267804e-08,
          -0.7500019073486328
        ],
        [
          -3.580506913181125e-08,
          -1.8904491305704596e-09,
          1.0,
          0.8999999165534973
        ],
        [
          0.0,
          0.0,
          0.0,
          1.0
        ]
      ],
      "matrix_ego_from_sensor_bevfusion": [
        [
          0.7071068286895752,
          -0.7071068286895752,
          2.671189136549401e-08,
          1.6499977111816406
        ],
        [
          0.7071067690849304,
          0.7071067690849304,
          2.385920794267804e-08,
          0.7500019073486328
        ],
        [
          -3.580506913181125e-08,
          1.8904491305704596e-09,
          1.0,
          0.8999999165534973
        ],
        [
          0.0,
          0.0,
          0.0,
          1.0
        ]
      ],
      "data_path": "D:\\Agent-AI\\outputs\\samples\\sample_000002\\radar\\RADAR_FRONT_LEFT.npy",
      "raw_layout": [
        "velocity",
        "altitude",
        "azimuth",
        "depth"
      ]
    },
    "RADAR_FRONT_RIGHT": {
      "type_id": "sensor.other.radar",
      "blueprint_attributes": {
        "sensor_tick": "0.050000",
        "role_name": "default",
        "noise_seed": "0",
        "ros_name": "sensor.other.radar",
        "horizontal_fov": "35.0",
