{
  "schema_version": "stage1.v1",
  "sample_name": "sample_000033",
  "sequence_index": 33,
  "previous_sample_name": "sample_000032",
  "frame_id": 3953,
  "timestamp": 42.43108659610152,
  "platform_timestamp": 16816496.764487,
  "delta_seconds": 0.10000000149011612,
  "town": "Carla/Maps/Town10HD_Opt",
  "weather": {
    "cloudiness": 20.0,
    "dust_storm": 0.0,
    "fog_density": 2.0,
    "fog_distance": 0.75,
    "fog_falloff": 0.10000000149011612,
    "mie_scattering_scale": 0.029999999329447746,
    "precipitation": 0.0,
    "precipitation_deposits": 0.0,
    "rayleigh_scattering_scale": 0.03310000151395798,
    "scattering_intensity": 1.0,
    "sun_altitude_angle": 45.0,
    "sun_azimuth_angle": 300.0,
    "wetness": 0.0,
    "wind_intensity": 10.0
  },
  "sensor_names": [
    "CAM_FRONT",
    "CAM_FRONT_RIGHT",
    "CAM_FRONT_LEFT",
    "CAM_BACK",
    "CAM_BACK_LEFT",
    "CAM_BACK_RIGHT",
    "LIDAR_TOP",
    "RADAR_FRONT",
    "RADAR_FRONT_LEFT",
    "RADAR_FRONT_RIGHT",
    "RADAR_BACK_LEFT",
    "RADAR_BACK_RIGHT"
  ],
  "camera_order_for_model": [
    "CAM_FRONT",
    "CAM_FRONT_RIGHT",
    "CAM_FRONT_LEFT",
    "CAM_BACK",
    "CAM_BACK_LEFT",
    "CAM_BACK_RIGHT"
  ],
  "radar_order_for_model": [
    "RADAR_FRONT",
    "RADAR_FRONT_LEFT",
    "RADAR_FRONT_RIGHT",
    "RADAR_BACK_LEFT",
    "RADAR_BACK_RIGHT"
  ],
  "coordinate_notes": {
    "carla_world": "left-handed x-forward y-right z-up",
    "bevfusion_lidar": "x-forward y-left z-up",
    "camera_frame_for_model": "OpenCV style x-right y-down z-forward"
  },
  "ego": {
    "actor_id": 24,
    "transform_carla": {
      "location": {
        "x": 107.90364074707031,
        "y": -35.57183837890625,
        "z": -0.005697517190128565
      },
      "rotation": {
        "roll": 0.06308220326900482,
        "pitch": 0.3216540813446045,
        "yaw": -105.8899917602539
      }
    },
    "velocity_carla": [
      -1.0267164707183838,
      -3.319082260131836,
      5.9804915508721024e-05
    ],
    "angular_velocity_carla": [
      1.9081306457519531,
      -0.6763563752174377,
      -3.0013723373413086
    ],
    "matrix_world_from_ego_carla": [
      [
        -0.2737869322299957,
        0.9617868661880493,
        0.0025959559716284275,
        107.90364074707031
      ],
      [
        -0.9617739915847778,
        -0.27379703521728516,
        0.005097936373203993,
        -35.57183837890625
      ],
      [
        0.005613893270492554,
        -0.0011009745066985488,
        0.9999836683273315,
        -0.005697517190128565
      ],
      [
        0.0,
        0.0,
        0.0,
        1.0
      ]
    ],
    "matrix_world_from_ego_bevfusion": [
      [
        -0.2737869322299957,
        -0.9617868661880493,
        0.0025959559716284275,
        107.90364074707031
      ],
      [
        0.9617739915847778,
        -0.27379703521728516,
        -0.005097936373203993,
        35.57183837890625
      ],
      [
        0.005613893270492554,
        0.0011009745066985488,
        0.9999836683273315,
        -0.005697517190128565
      ],
      [
        0.0,
        0.0,
        0.0,
        1.0
      ]
    ]
  },
  "sensors": {
    "CAM_FRONT": {
      "type_id": "sensor.camera.rgb",
      "blueprint_attributes": {
        "role_name": "front",
        "ros_name": "sensor.camera.rgb",
        "chromatic_aberration_offset": "0.0",
        "sensor_tick": "0.100000",
        "fstop": "1.4",
        "image_size_x": "960",
        "image_size_y": "540",
        "fov": "70.00",
        "lens_circle_falloff": "5.0",
        "lens_circle_multiplier": "0.0",
        "exposure_compensation": "0.0",
        "lens_y_size": "0.08",
        "lens_k": "-1.0",
        "exposure_mode": "histogram",
        "lens_kcube": "0.0",
        "lens_x_size": "0.08",
        "exposure_max_bright": "12.0",
        "shutter_speed": "200.0",
        "bloom_intensity": "0.675",
        "iso": "100.0",
        "enable_postprocess_effects": "false",
        "gamma": "2.2",
        "motion_blur_intensity": "0.0",
        "motion_blur_max_distortion": "0.35",
        "lens_flare_intensity": "0.1",
        "motion_blur_min_object_screen_size": "0.1",
        "exposure_min_bright": "10.0",
        "exposure_speed_up": "3.0",
        "exposure_speed_down": "1.0",
        "tint": "0.0",
        "calibration_constant": "16.0",
        "focal_distance": "1000.0",
        "min_fstop": "1.2",
        "blade_count": "5",
        "blur_amount": "0.0",
        "blur_radius": "0.0",
        "slope": "0.88",
        "toe": "0.55",
        "white_clip": "0.04",
        "shoulder": "0.26",
        "black_clip": "0.0",
        "temp": "6500.0",
        "chromatic_aberration_intensity": "0.0"
      },
      "transform_carla": {
        "location": {
          "x": 107.48368072509766,
          "y": -37.05392074584961,
          "z": 1.7029762268066406
        },
        "rotation": {
          "roll": 0.06308220326900482,
          "pitch": 0.3216540813446045,
          "yaw": -105.8899917602539
        }
      },
      "matrix_world_from_sensor_carla": [
        [
          -0.2737869322299957,
          0.9617868661880493,
          0.0025959559716284275,
          107.48368072509766
        ],
        [
          -0.9617739915847778,
          -0.27379703521728516,
          0.005097936373203993,
          -37.05392074584961
        ],
        [
          0.005613893270492554,
          -0.0011009745066985488,
          0.9999836683273315,
          1.7029762268066406
        ],
        [
          0.0,
          0.0,
          0.0,
          1.0
        ]
      ],
      "matrix_world_from_sensor_bevfusion": [
        [
          0.9617868661880493,
          -0.0025959559716284275,
          -0.2737869322299957,
          107.48368072509766
        ],
        [
          0.27379703521728516,
          0.005097936373203993,
          0.9617739915847778,
          37.05392074584961
        ],
        [
          -0.0011009745066985488,
          -0.9999836683273315,
          0.005613893270492554,
          1.7029762268066406
        ],
        [
          0.0,
          0.0,
          0.0,
          1.0
        ]
      ],
      "matrix_ego_from_sensor_carla": [
        [
          1.0,
          8.747335300540726e-09,
          5.100631028653879e-11,
          1.5500011444091797
        ],
        [
          8.747335300540726e-09,
          1.0,
          -6.361962345824423e-11,
          0.0
        ],
        [
          -2.836078039081258e-10,
          2.0035709202836927e-12,
          1.0,
          1.7000000476837158
        ],
        [
          0.0,
          0.0,
          0.0,
          1.0
        ]
      ],
      "matrix_ego_from_sensor_bevfusion": [
        [
          8.747335300540726e-09,
          -5.100631028653879e-11,
          1.0,
          1.5500011444091797
        ],
        [
          -1.0,
          -6.361962345824423e-11,
          -8.747335300540726e-09,
          0.0
        ],
        [
          2.0035709202836927e-12,
          -1.0,
          -2.836078039081258e-10,
          1.7000000476837158
        ],
        [
          0.0,
          0.0,
          0.0,
          1.0
        ]
      ],
      "camera_intrinsics": [
        [
          685.5110473632812,
          0.0,
          480.0
        ],
        [
          0.0,
          685.5110473632812,
          270.0
        ],
        [
          0.0,
          0.0,
          1.0
        ]
      ],
      "data_path": "D:\\Agent-AI\\outputs\\s3a_left_v3\\sample_000033\\images\\CAM_FRONT.png",
      "raw_layout": "bgra8"
    },
    "CAM_FRONT_RIGHT": {
      "type_id": "sensor.camera.rgb",
      "blueprint_attributes": {
        "role_name": "front",
        "ros_name": "sensor.camera.rgb",
        "chromatic_aberration_offset": "0.0",
        "sensor_tick": "0.100000",
        "fstop": "1.4",
        "image_size_x": "960",
        "image_size_y": "540",
        "fov": "70.00",
        "lens_circle_falloff": "5.0",
        "lens_circle_multiplier": "0.0",
        "exposure_compensation": "0.0",
        "lens_y_size": "0.08",
        "lens_k": "-1.0",
        "exposure_mode": "histogram",
        "lens_kcube": "0.0",
        "lens_x_size": "0.08",
        "exposure_max_bright": "12.0",
        "shutter_speed": "200.0",
        "bloom_intensity": "0.675",
        "iso": "100.0",
        "enable_postprocess_effects": "false",
        "gamma": "2.2",
        "motion_blur_intensity": "0.0",
        "motion_blur_max_distortion": "0.35",
        "lens_flare_intensity": "0.1",
        "motion_blur_min_object_screen_size": "0.1",
        "exposure_min_bright": "10.0",
        "exposure_speed_up": "3.0",
        "exposure_speed_down": "1.0",
        "tint": "0.0",
        "calibration_constant": "16.0",
        "focal_distance": "1000.0",
        "min_fstop": "1.2",
        "blade_count": "5",
        "blur_amount": "0.0",
        "blur_radius": "0.0",
        "slope": "0.88",
        "toe": "0.55",
        "white_clip": "0.04",
        "shoulder": "0.26",
        "black_clip": "0.0",
        "temp": "6500.0",
        "chromatic_aberration_intensity": "0.0"
      },
      "transform_carla": {
        "location": {
          "x": 108.08110809326172,
          "y": -36.96406555175781,
          "z": 1.7009671926498413
        },
        "rotation": {
          "roll": 0.2996661961078644,
          "pitch": 0.13281984627246857,
          "yaw": -50.88984298706055
        }
      },
      "matrix_world_from_sensor_carla": [
        [
          0.6308116912841797,
          0.7759315967559814,
          0.00259595038369298,
          108.08110809326172
        ],
        [
          -0.7759324908256531,
          0.6307953596115112,
          0.005097942426800728,
          -36.96406555175781
        ],
        [
          0.0023181415162980556,
          -0.005230124108493328,
          0.9999836683273315,
          1.7009671926498413
        ],
        [
          0.0,
          0.0,
          0.0,
          1.0
        ]
      ],
      "matrix_world_from_sensor_bevfusion": [
        [
          0.7759315967559814,
          -0.00259595038369298,
          0.6308116912841797,
          108.08110809326172
        ],
        [
          -0.6307953596115112,
          0.005097942426800728,
          0.7759324908256531,
          36.96406555175781
        ],
        [
          -0.005230124108493328,
          -0.9999836683273315,
          0.0023181415162980556,
          1.7009671926498413
        ],
        [
          0.0,
          0.0,
          0.0,
          1.0
        ]
      ],
      "matrix_ego_from_sensor_carla": [
        [
          0.5735766887664795,
          -0.8191518783569336,
          -4.1399452754831145e-09,
          1.3000030517578125
        ],
        [
          0.8191518187522888,
          0.5735766887664795,
          -7.048539085729999e-09,
          0.5499954223632812
        ],
        [
          8.335997669917106e-09,
          5.123990676203505e-10,
          1.0,
          1.6999999284744263
        ],
        [
          0.0,
          0.0,
          0.0,
          1.0
        ]
      ],
      "matrix_ego_from_sensor_bevfusion": [
        [
          -0.8191518783569336,
          4.1399452754831145e-09,
          0.5735766887664795,
          1.3000030517578125
        ],
        [
          -0.5735766887664795,
          -7.048539085729999e-09,
          -0.8191518187522888,
          -0.5499954223632812
        ],
        [
          5.123990676203505e-10,
          -1.0,
          8.335997669917106e-09,
          1.6999999284744263
        ],
        [
          0.0,
          0.0,
          0.0,
          1.0
        ]
      ],
      "camera_intrinsics": [
        [
          685.5110473632812,
          0.0,
          480.0
        ],
        [
          0.0,
          685.5110473632812,
          270.0
        ],
        [
          0.0,
          0.0,
          1.0
        ]
      ],
      "data_path": "D:\\Agent-AI\\outputs\\s3a_left_v3\\sample_000033\\images\\CAM_FRONT_RIGHT.png",
      "raw_layout": "bgra8"
    },
    "CAM_FRONT_LEFT": {
      "type_id": "sensor.camera.rgb",
      "blueprint_attributes": {
        "role_name": "front",
        "ros_name": "sensor.camera.rgb",
        "chromatic_aberration_offset": "0.0",
        "sensor_tick": "0.100000",
        "fstop": "1.4",
        "image_size_x": "960",
        "image_size_y": "540",
        "fov": "70.00",
        "lens_circle_falloff": "5.0",
        "lens_circle_multiplier": "0.0",
        "exposure_compensation": "0.0",
        "lens_y_size": "0.08",
        "lens_k": "-1.0",
        "exposure_mode": "histogram",
        "lens_kcube": "0.0",
        "lens_x_size": "0.08",
        "exposure_max_bright": "12.0",
        "shutter_speed": "200.0",
        "bloom_intensity": "0.675",
        "iso": "100.0",
        "enable_postprocess_effects": "false",
        "gamma": "2.2",
        "motion_blur_intensity": "0.0",
        "motion_blur_max_distortion": "0.35",
        "lens_flare_intensity": "0.1",
        "motion_blur_min_object_screen_size": "0.1",
        "exposure_min_bright": "10.0",
        "exposure_speed_up": "3.0",
        "exposure_speed_down": "1.0",
        "tint": "0.0",
        "calibration_constant": "16.0",
        "focal_distance": "1000.0",
        "min_fstop": "1.2",
        "blade_count": "5",
        "blur_amount": "0.0",
        "blur_radius": "0.0",
        "slope": "0.88",
        "toe": "0.55",
        "white_clip": "0.04",
        "shoulder": "0.26",
        "black_clip": "0.0",
        "temp": "6500.0",
        "chromatic_aberration_intensity": "0.0"
      },
      "transform_carla": {
        "location": {
          "x": 107.02315521240234,
          "y": -36.66289138793945,
          "z": 1.7021783590316772
        },
        "rotation": {
          "roll": -0.22730278968811035,
          "pitch": 0.23616060614585876,
          "yaw": -160.89060974121094
        }
      },
      "matrix_world_from_sensor_carla": [
        [
          -0.9448872208595276,
          0.3273856043815613,
          0.002595864702016115,
          107.02315521240234
        ],
        [
          -0.32736992835998535,
          -0.9448824524879456,
          0.005097906105220318,
          -36.66289138793945
        ],
        [
          0.0041217682883143425,
          0.003967138007283211,
          0.9999836087226868,
          1.7021783590316772
        ],
        [
          0.0,
          0.0,
          0.0,
          1.0
        ]
      ],
      "matrix_world_from_sensor_bevfusion": [
        [
          0.3273856043815613,
          -0.002595864702016115,
          -0.9448872208595276,
          107.02315521240234
        ],
        [
          0.9448824524879456,
          0.005097906105220318,
          0.32736992835998535,
          36.66289138793945
        ],
        [
          0.003967138007283211,
          -0.9999836087226868,
          0.0041217682883143425,
          1.7021783590316772
        ],
        [
          0.0,
          0.0,
          0.0,
          1.0
        ]
      ],
      "matrix_ego_from_sensor_carla": [
        [
          0.573576807975769,
          0.819151759147644,
          5.373310330014647e-08,
          1.3000001907348633
        ],
        [
          -0.8191516995429993,
          0.5735768675804138,
          -7.93932457554547e-08,
          -0.5499954223632812
        ],
        [
          -9.596638506081945e-08,
          1.0974435804556038e-09,
          0.9999999403953552,
          1.7000001668930054
        ],
        [
          0.0,
          0.0,
          0.0,
          1.0
        ]
      ],
      "matrix_ego_from_sensor_bevfusion": [
        [
          0.819151759147644,
          -5.373310330014647e-08,
          0.573576807975769,
          1.3000001907348633
        ],
        [
          -0.5735768675804138,
          -7.93932457554547e-08,
          0.8191516995429993,
          0.5499954223632812
        ],
        [
          1.0974435804556038e-09,
          -0.9999999403953552,
          -9.596638506081945e-08,
          1.7000001668930054
        ],
        [
          0.0,
          0.0,
          0.0,
          1.0
        ]
      ],
      "camera_intrinsics": [
        [
          685.5110473632812,
          0.0,
          480.0
        ],
        [
          0.0,
          685.5110473632812,
          270.0
        ],
        [
          0.0,
          0.0,
          1.0
        ]
      ],
      "data_path": "D:\\Agent-AI\\outputs\\s3a_left_v3\\sample_000033\\images\\CAM_FRONT_LEFT.png",
      "raw_layout": "bgra8"
    },
    "CAM_BACK": {
      "type_id": "sensor.camera.rgb",
      "blueprint_attributes": {
        "role_name": "front",
        "ros_name": "sensor.camera.rgb",
        "chromatic_aberration_offset": "0.0",
        "sensor_tick": "0.100000",
        "fstop": "1.4",
        "image_size_x": "960",
        "image_size_y": "540",
        "fov": "70.00",
        "lens_circle_falloff": "5.0",
        "lens_circle_multiplier": "0.0",
        "exposure_compensation": "0.0",
        "lens_y_size": "0.08",
        "lens_k": "-1.0",
        "exposure_mode": "histogram",
        "lens_kcube": "0.0",
        "lens_x_size": "0.08",
        "exposure_max_bright": "12.0",
        "shutter_speed": "200.0",
        "bloom_intensity": "0.675",
        "iso": "100.0",
        "enable_postprocess_effects": "false",
        "gamma": "2.2",
        "motion_blur_intensity": "0.0",
        "motion_blur_max_distortion": "0.35",
        "lens_flare_intensity": "0.1",
        "motion_blur_min_object_screen_size": "0.1",
        "exposure_min_bright": "10.0",
        "exposure_speed_up": "3.0",
        "exposure_speed_down": "1.0",
        "tint": "0.0",
        "calibration_constant": "16.0",
        "focal_distance": "1000.0",
        "min_fstop": "1.2",
        "blade_count": "5",
        "blur_amount": "0.0",
        "blur_radius": "0.0",
        "slope": "0.88",
        "toe": "0.55",
        "white_clip": "0.04",
        "shoulder": "0.26",
        "black_clip": "0.0",
        "temp": "6500.0",
        "chromatic_aberration_intensity": "0.0"
      },
      "transform_carla": {
        "location": {
          "x": 108.3324203491211,
          "y": -34.07242202758789,
          "z": 1.6855732202529907
        },
        "rotation": {
          "roll": -0.06308230757713318,
          "pitch": -0.3216540813446045,
          "yaw": 74.10999298095703
        }
      },
      "matrix_world_from_sensor_carla": [
        [
          0.2737872004508972,
          -0.9617868065834045,
          0.0025959592312574387,
          108.3324203491211
        ],
        [
          0.9617739319801331,
          0.27379730343818665,
          0.005097935441881418,
          -34.07242202758789
        ],
        [
          -0.005613893270492554,
          0.001100976369343698,
          0.9999836683273315,
          1.6855732202529907
        ],
        [
          0.0,
          0.0,
          0.0,
          1.0
        ]
      ],
      "matrix_world_from_sensor_bevfusion": [
        [
          -0.9617868065834045,
          -0.0025959592312574387,
          0.2737872004508972,
          108.3324203491211
        ],
        [
          -0.27379730343818665,
          0.005097935441881418,
          -0.9617739319801331,
          34.07242202758789
        ],
        [
          0.001100976369343698,
          -0.9999836683273315,
          -0.005613893270492554,
          1.6855732202529907
        ],
        [
          0.0,
          0.0,
          0.0,
          1.0
        ]
      ],
      "matrix_ego_from_sensor_carla": [
        [
          -1.0,
          -2.9650738042619196e-07,
          5.100631028653879e-11,
          -1.5499987602233887
        ],
        [
          2.7579309858083434e-07,
          -1.0,
          3.3124247789118044e-09,
          -7.62939453125e-06
        ],
        [
          7.49269091215865e-10,
          3.3740101823553914e-09,
          1.0,
          1.7000000476837158
        ],
        [
          0.0,
          0.0,
          0.0,
          1.0
        ]
      ],
      "matrix_ego_from_sensor_bevfusion": [
        [
          -2.9650738042619196e-07,
          -5.100631028653879e-11,
          -1.0,
          -1.5499987602233887
        ],
        [
          1.0,
          3.3124247789118044e-09,
          -2.7579309858083434e-07,
          7.62939453125e-06
        ],
        [
          3.3740101823553914e-09,
          -1.0,
          7.49269091215865e-10,
          1.7000000476837158
        ],
        [
          0.0,
          0.0,
          0.0,
          1.0
        ]
      ],
      "camera_intrinsics": [
        [
          685.5110473632812,
          0.0,
          480.0
        ],
        [
          0.0,
          685.5110473632812,
          270.0
        ],
        [
          0.0,
          0.0,
          1.0
        ]
      ],
      "data_path": "D:\\Agent-AI\\outputs\\s3a_left_v3\\sample_000033\\images\\CAM_BACK.png",
      "raw_layout": "bgra8"
    },
    "CAM_BACK_LEFT": {
      "type_id": "sensor.camera.rgb",
      "blueprint_attributes": {
        "role_name": "front",
        "ros_name": "sensor.camera.rgb",
        "chromatic_aberration_offset": "0.0",
        "sensor_tick": "0.100000",
        "fstop": "1.4",
        "image_size_x": "960",
        "image_size_y": "540",
        "fov": "70.00",
        "lens_circle_falloff": "5.0",
        "lens_circle_multiplier": "0.0",
        "exposure_compensation": "0.0",
        "lens_y_size": "0.08",
        "lens_k": "-1.0",
        "exposure_mode": "histogram",
        "lens_kcube": "0.0",
        "lens_x_size": "0.08",
        "exposure_max_bright": "12.0",
        "shutter_speed": "200.0",
        "bloom_intensity": "0.675",
        "iso": "100.0",
        "enable_postprocess_effects": "false",
        "gamma": "2.2",
        "motion_blur_intensity": "0.0",
        "motion_blur_max_distortion": "0.35",
        "lens_flare_intensity": "0.1",
        "motion_blur_min_object_screen_size": "0.1",
        "exposure_min_bright": "10.0",
        "exposure_speed_up": "3.0",
        "exposure_speed_down": "1.0",
        "tint": "0.0",
        "calibration_constant": "16.0",
        "focal_distance": "1000.0",
        "min_fstop": "1.2",
        "blade_count": "5",
        "blur_amount": "0.0",
        "blur_radius": "0.0",
        "slope": "0.88",
        "toe": "0.55",
        "white_clip": "0.04",
        "shoulder": "0.26",
        "black_clip": "0.0",
        "temp": "6500.0",
        "chromatic_aberration_intensity": "0.0"
      },
      "transform_carla": {
        "location": {
          "x": 107.73500061035156,
          "y": -34.16228103637695,
          "z": 1.68758225440979
        },
        "rotation": {
          "roll": -0.29966622591018677,
          "pitch": -0.13281984627246857,
          "yaw": 129.1101531982422
        }
      },
      "matrix_world_from_sensor_carla": [
        [
          -0.6308116316795349,
          -0.7759316563606262,
          0.002595950849354267,
          107.73500061035156
        ],
        [
          0.7759325504302979,
          -0.6307953000068665,
          0.005097942426800728,
          -34.16228103637695
        ],
        [
          -0.0023181415162980556,
          0.005230124574154615,
          0.9999836683273315,
          1.68758225440979
        ],
        [
          0.0,
          0.0,
          0.0,
          1.0
        ]
      ],
      "matrix_world_from_sensor_bevfusion": [
        [
          -0.7759316563606262,
          -0.002595950849354267,
          -0.6308116316795349,
          107.73500061035156
        ],
        [
          0.6307953000068665,
          0.005097942426800728,
          -0.7759325504302979,
          34.16228103637695
        ],
        [
          0.005230124574154615,
          -0.9999836683273315,
          -0.0023181415162980556,
          1.68758225440979
        ],
        [
          0.0,
          0.0,
          0.0,
          1.0
        ]
      ],
      "matrix_ego_from_sensor_carla": [
        [
          -0.5735767483711243,
          0.8191518783569336,
          -4.1399452754831145e-09,
          -1.2999968528747559
        ],
        [
          -0.8191518187522888,
          -0.5735767483711243,
          -6.58287779842226e-09,
          -0.5499954223632812
        ],
        [
          -8.103167026263236e-09,
          -4.674541309590552e-11,
          1.0,
          1.7000001668930054
        ],
        [
          0.0,
          0.0,
          0.0,
          1.0
        ]
      ],
      "matrix_ego_from_sensor_bevfusion": [
        [
          0.8191518783569336,
          4.1399452754831145e-09,
          -0.5735767483711243,
          -1.2999968528747559
        ],
        [
          0.5735767483711243,
          -6.58287779842226e-09,
          0.8191518187522888,
          0.5499954223632812
        ],
        [
          -4.674541309590552e-11,
          -1.0,
          -8.103167026263236e-09,
          1.7000001668930054
        ],
        [
          0.0,
          0.0,
          0.0,
          1.0
        ]
      ],
      "camera_intrinsics": [
        [
          685.5110473632812,
          0.0,
          480.0
        ],
        [
          0.0,
          685.5110473632812,
          270.0
        ],
        [
          0.0,
          0.0,
          1.0
        ]
      ],
      "data_path": "D:\\Agent-AI\\outputs\\s3a_left_v3\\sample_000033\\images\\CAM_BACK_LEFT.png",
      "raw_layout": "bgra8"
    },
    "CAM_BACK_RIGHT": {
      "type_id": "sensor.camera.rgb",
      "blueprint_attributes": {
        "role_name": "front",
        "ros_name": "sensor.camera.rgb",
        "chromatic_aberration_offset": "0.0",
        "sensor_tick": "0.100000",
        "fstop": "1.4",
        "image_size_x": "960",
        "image_size_y": "540",
        "fov": "70.00",
        "lens_circle_falloff": "5.0",
        "lens_circle_multiplier": "0.0",
        "exposure_compensation": "0.0",
        "lens_y_size": "0.08",
        "lens_k": "-1.0",
        "exposure_mode": "histogram",
        "lens_kcube": "0.0",
        "lens_x_size": "0.08",
        "exposure_max_bright": "12.0",
        "shutter_speed": "200.0",
        "bloom_intensity": "0.675",
        "iso": "100.0",
        "enable_postprocess_effects": "false",
        "gamma": "2.2",
        "motion_blur_intensity": "0.0",
        "motion_blur_max_distortion": "0.35",
        "lens_flare_intensity": "0.1",
        "motion_blur_min_object_screen_size": "0.1",
        "exposure_min_bright": "10.0",
        "exposure_speed_up": "3.0",
        "exposure_speed_down": "1.0",
        "tint": "0.0",
        "calibration_constant": "16.0",
        "focal_distance": "1000.0",
        "min_fstop": "1.2",
        "blade_count": "5",
        "blur_amount": "0.0",
        "blur_radius": "0.0",
        "slope": "0.88",
        "toe": "0.55",
        "white_clip": "0.04",
        "shoulder": "0.26",
        "black_clip": "0.0",
        "temp": "6500.0",
        "chromatic_aberration_intensity": "0.0"
      },
      "transform_carla": {
        "location": {
          "x": 108.79295349121094,
          "y": -34.46345520019531,
          "z": 1.686371088027954
        },
        "rotation": {
          "roll": 0.22730278968811035,
          "pitch": -0.23616060614585876,
          "yaw": 19.10936164855957
        }
      },
      "matrix_world_from_sensor_carla": [
        [
          0.9448873996734619,
          -0.32738515734672546,
          0.0025958672631531954,
          108.79295349121094
        ],
        [
          0.32736948132514954,
          0.9448826313018799,
          0.005097904708236456,
          -34.46345520019531
        ],
        [
          -0.0041217682883143425,
          -0.003967138007283211,
          0.9999836087226868,
          1.686371088027954
        ],
        [
          0.0,
          0.0,
          0.0,
          1.0
        ]
      ],
      "matrix_world_from_sensor_bevfusion": [
        [
          -0.32738515734672546,
          -0.0025958672631531954,
          0.9448873996734619,
          108.79295349121094
        ],
        [
          -0.9448826313018799,
          0.005097904708236456,
          -0.32736948132514954,
          34.46345520019531
        ],
        [
          -0.003967138007283211,
          -0.9999836087226868,
          -0.0041217682883143425,
          1.686371088027954
        ],
        [
          0.0,
          0.0,
          0.0,
          1.0
        ]
      ],
      "matrix_ego_from_sensor_carla": [
        [
          -0.5735763907432556,
          -0.8191520571708679,
          5.4664425874761946e-08,
          -1.2999956607818604
        ],
        [
          0.8191519975662231,
          -0.5735764503479004,
          -7.67156933534352e-08,
          0.5499954223632812
        ],
        [
          9.410373991158849e-08,
          1.2308628560830925e-09,
          0.9999999403953552,
          1.7000000476837158
        ],
        [
          0.0,
          0.0,
          0.0,
          1.0
        ]
      ],
      "matrix_ego_from_sensor_bevfusion": [
        [
          -0.8191520571708679,
          -5.4664425874761946e-08,
          -0.5735763907432556,
          -1.2999956607818604
        ],
        [
          0.5735764503479004,
          -7.67156933534352e-08,
          -0.8191519975662231,
          -0.5499954223632812
        ],
        [
          1.2308628560830925e-09,
          -0.9999999403953552,
          9.410373991158849e-08,
          1.7000000476837158
        ],
        [
          0.0,
          0.0,
          0.0,
          1.0
        ]
      ],
      "camera_intrinsics": [
        [
          685.5110473632812,
          0.0,
          480.0
        ],
        [
          0.0,
          685.5110473632812,
          270.0
        ],
        [
          0.0,
          0.0,
          1.0
        ]
      ],
      "data_path": "D:\\Agent-AI\\outputs\\s3a_left_v3\\sample_000033\\images\\CAM_BACK_RIGHT.png",
      "raw_layout": "bgra8"
    },
    "LIDAR_TOP": {
      "type_id": "sensor.lidar.ray_cast",
      "blueprint_attributes": {
        "atmosphere_attenuation_rate": "0.004",
        "role_name": "front",
        "noise_seed": "0",
        "upper_fov": "10.0",
        "ros_name": "sensor.lidar.ray_cast",
        "sensor_tick": "0.100000",
        "channels": "32",
        "range": "120.0",
        "points_per_second": "360000",
        "lower_fov": "-30.0",
        "rotation_frequency": "10.000000",
        "horizontal_fov": "360.0",
        "dropoff_general_rate": "0.0",
        "dropoff_intensity_limit": "1.0",
        "noise_stddev": "0.0",
        "dropoff_zero_intensity": "0.0"
      },
      "transform_carla": {
        "location": {
          "x": 107.90935516357422,
          "y": -35.56062316894531,
          "z": 2.1942665576934814
        },
        "rotation": {
          "roll": 0.06308220326900482,
          "pitch": 0.3216540813446045,
          "yaw": -105.8899917602539
        }
      },
      "matrix_world_from_sensor_carla": [
        [
          -0.2737869322299957,
          0.9617868661880493,
          0.0025959559716284275,
          107.90935516357422
        ],
        [
          -0.9617739915847778,
          -0.27379703521728516,
          0.005097936373203993,
          -35.56062316894531
        ],
        [
          0.005613893270492554,
          -0.0011009745066985488,
          0.9999836683273315,
          2.1942665576934814
        ],
        [
          0.0,
          0.0,
          0.0,
          1.0
        ]
      ],
      "matrix_world_from_sensor_bevfusion": [
        [
          -0.2737869322299957,
          -0.9617868661880493,
          0.0025959559716284275,
          107.90935516357422
        ],
        [
          0.9617739915847778,
          -0.27379703521728516,
          -0.005097936373203993,
          35.56062316894531
        ],
        [
          0.005613893270492554,
          0.0011009745066985488,
          0.9999836683273315,
          2.1942665576934814
        ],
        [
          0.0,
          0.0,
          0.0,
          1.0
        ]
      ],
      "matrix_ego_from_sensor_carla": [
        [
          1.0,
          8.747335300540726e-09,
          5.100631028653879e-11,
          1.9073486328125e-06
        ],
        [
          8.747335300540726e-09,
          1.0,
          -6.361962345824423e-11,
          0.0
        ],
        [
          -2.836078039081258e-10,
          2.0035709202836927e-12,
          1.0,
          2.200000047683716
        ],
        [
          0.0,
          0.0,
          0.0,
          1.0
        ]
      ],
      "matrix_ego_from_sensor_bevfusion": [
        [
          1.0,
          -8.747335300540726e-09,
          5.100631028653879e-11,
          1.9073486328125e-06
        ],
        [
          -8.747335300540726e-09,
          1.0,
          6.361962345824423e-11,
          0.0
        ],
        [
          -2.836078039081258e-10,
          -2.0035709202836927e-12,
          1.0,
          2.200000047683716
        ],
        [
          0.0,
          0.0,
          0.0,
          1.0
        ]
      ],
      "data_path": "D:\\Agent-AI\\outputs\\s3a_left_v3\\sample_000033\\lidar\\LIDAR_TOP.npy",
      "raw_layout": [
        "x",
        "y",
        "z",
        "intensity"
      ]
    },
    "RADAR_FRONT": {
      "type_id": "sensor.other.radar",
      "blueprint_attributes": {
        "sensor_tick": "0.100000",
        "role_name": "default",
        "noise_seed": "0",
        "ros_name": "sensor.other.radar",
        "horizontal_fov": "35.0",
        "points_per_second": "1500",
        "vertical_fov": "20.0",
        "range": "120.0"
      },
      "transform_carla": {
        "location": {
          "x": 107.35840606689453,
          "y": -37.49079895019531,
          "z": 0.9055155515670776
        },
        "rotation": {
          "roll": 0.06308220326900482,
          "pitch": 0.3216540813446045,
          "yaw": -105.8899917602539
        }
      },
      "matrix_world_from_sensor_carla": [
        [
          -0.2737869322299957,
          0.9617868661880493,
          0.0025959559716284275,
          107.35840606689453
        ],
        [
          -0.9617739915847778,
          -0.27379703521728516,
          0.005097936373203993,
          -37.49079895019531
        ],
        [
          0.005613893270492554,
          -0.0011009745066985488,
          0.9999836683273315,
          0.9055155515670776
        ],
        [
          0.0,
          0.0,
          0.0,
          1.0
        ]
      ],
      "matrix_world_from_sensor_bevfusion": [
        [
          -0.2737869322299957,
          -0.9617868661880493,
          0.0025959559716284275,
          107.35840606689453
        ],
        [
          0.9617739915847778,
          -0.27379703521728516,
          -0.005097936373203993,
          37.49079895019531
        ],
        [
          0.005613893270492554,
          0.0011009745066985488,
          0.9999836683273315,
          0.9055155515670776
        ],
        [
          0.0,
          0.0,
          0.0,
          1.0
        ]
      ],
      "matrix_ego_from_sensor_carla": [
        [
          1.0,
          8.747335300540726e-09,
          5.100631028653879e-11,
          2.000002384185791
        ],
        [
          8.747335300540726e-09,
          1.0,
          -6.361962345824423e-11,
          0.0
        ],
        [
          -2.836078039081258e-10,
          2.0035709202836927e-12,
          1.0,
          0.8999999761581421
        ],
        [
          0.0,
          0.0,
          0.0,
          1.0
        ]
      ],
      "matrix_ego_from_sensor_bevfusion": [
        [
          1.0,
          -8.747335300540726e-09,
          5.100631028653879e-11,
          2.000002384185791
        ],
        [
          -8.747335300540726e-09,
          1.0,
          6.361962345824423e-11,
          0.0
        ],
        [
          -2.836078039081258e-10,
          -2.0035709202836927e-12,
          1.0,
          0.8999999761581421
        ],
        [
          0.0,
          0.0,
          0.0,
          1.0
        ]
      ],
      "data_path": "D:\\Agent-AI\\outputs\\s3a_left_v3\\sample_000033\\radar\\RADAR_FRONT.npy",
      "raw_layout": [
        "velocity",
        "altitude",
        "azimuth",
        "depth"
      ]
    },
    "RADAR_FRONT_LEFT": {
      "type_id": "sensor.other.radar",
      "blueprint_attributes": {
        "sensor_tick": "0.100000",
        "role_name": "default",
        "noise_seed": "0",
        "ros_name": "sensor.other.radar",
        "horizontal_fov": "35.0",
        "points_per_second": "1500",
        "vertical_fov": "20.0",
        "range": "120.0"
      },
      "transform_carla": {
        "location": {
          "x": 106.7328872680664,
          "y": -36.94883346557617,
          "z": 0.9043763279914856
        },
        "rotation": {
          "roll": -0.18283973634243011,
          "pitch": 0.27204641699790955,
          "yaw": -150.89059448242188
        }
      },
      "matrix_world_from_sensor_carla": [
        [
          -0.8736825585365295,
          0.48648950457572937,
          0.002595920581370592,
          106.7328872680664
        ],
        [
          -0.4864732623100281,
          -0.873680591583252,
          0.005097915418446064,
          -36.94883346557617
        ],
        [
          0.004748087842017412,
          0.0031911141704767942,
          0.9999836683273315,
          0.9043763279914856
        ],
        [
          0.0,
          0.0,
          0.0,
          1.0
        ]
      ],
      "matrix_world_from_sensor_bevfusion": [
        [
          -0.8736825585365295,
          -0.48648950457572937,
          0.002595920581370592,
          106.7328872680664
        ],
        [
          0.4864732623100281,
          -0.873680591583252,
          -0.005097915418446064,
          36.94883346557617
        ],
        [
          0.004748087842017412,
          -0.0031911141704767942,
          0.9999836683273315,
          0.9043763279914856
        ],
        [
          0.0,
          0.0,
          0.0,
          1.0
        ]
      ],
      "matrix_ego_from_sensor_carla": [
        [
          0.7071068286895752,
          0.7071067094802856,
          2.985332869798185e-08,
          1.6500043869018555
        ],
        [
          -0.7071067094802856,
          0.7071068286895752,
          -2.8236128102321345e-08,
          -0.7500076293945312
        ],
        [
          -4.103998207938275e-08,
          -8.508650450878008e-10,
          1.0,
          0.8999998569488525
        ],
        [
          0.0,
          0.0,
          0.0,
          1.0
        ]
      ],
      "matrix_ego_from_sensor_bevfusion": [
        [
          0.7071068286895752,
          -0.7071067094802856,
          2.985332869798185e-08,
          1.6500043869018555
        ],
        [
          0.7071067094802856,
          0.7071068286895752,
          2.8236128102321345e-08,
          0.7500076293945312
        ],
        [
          -4.103998207938275e-08,
          8.508650450878008e-10,
          1.0,
          0.8999998569488525
        ],
        [
          0.0,
          0.0,
          0.0,
          1.0
        ]
      ],
      "data_path": "D:\\Agent-AI\\outputs\\s3a_left_v3\\sample_000033\\radar\\RADAR_FRONT_LEFT.npy",
      "raw_layout": [
        "velocity",
        "altitude",
        "azimuth",
        "depth"
      ]
    },
    "RADAR_FRONT_RIGHT": {
      "type_id": "sensor.other.radar",
      "blueprint_attributes": {
        "sensor_tick": "0.100000",
        "role_name": "default",
        "noise_seed": "0",
        "ros_name": "sensor.other.radar",
        "horizontal_fov": "35.0",
        "points_per_second": "1500",
