{
  "schema_version": "stage1.v1",
  "sample_name": "sample_000010",
  "sequence_index": 10,
  "previous_sample_name": "sample_000009",
  "frame_id": 3930,
  "timestamp": 40.13108656182885,
  "platform_timestamp": 16816485.2161492,
  "delta_seconds": 0.10000000149011612,
  "town": "Carla/Maps/Town10HD_Opt",
  "weather": {
    "cloudiness": 20.0,
    "dust_storm": 0.0,
    "fog_density": 2.0,
    "fog_distance": 0.75,
    "fog_falloff": 0.10000000149011612,
    "mie_scattering_scale": 0.029999999329447746,
    "precipitation": 0.0,
    "precipitation_deposits": 0.0,
    "rayleigh_scattering_scale": 0.03310000151395798,
    "scattering_intensity": 1.0,
    "sun_altitude_angle": 45.0,
    "sun_azimuth_angle": 300.0,
    "wetness": 0.0,
    "wind_intensity": 10.0
  },
  "sensor_names": [
    "CAM_FRONT",
    "CAM_FRONT_RIGHT",
    "CAM_FRONT_LEFT",
    "CAM_BACK",
    "CAM_BACK_LEFT",
    "CAM_BACK_RIGHT",
    "LIDAR_TOP",
    "RADAR_FRONT",
    "RADAR_FRONT_LEFT",
    "RADAR_FRONT_RIGHT",
    "RADAR_BACK_LEFT",
    "RADAR_BACK_RIGHT"
  ],
  "camera_order_for_model": [
    "CAM_FRONT",
    "CAM_FRONT_RIGHT",
    "CAM_FRONT_LEFT",
    "CAM_BACK",
    "CAM_BACK_LEFT",
    "CAM_BACK_RIGHT"
  ],
  "radar_order_for_model": [
    "RADAR_FRONT",
    "RADAR_FRONT_LEFT",
    "RADAR_FRONT_RIGHT",
    "RADAR_BACK_LEFT",
    "RADAR_BACK_RIGHT"
  ],
  "coordinate_notes": {
    "carla_world": "left-handed x-forward y-right z-up",
    "bevfusion_lidar": "x-forward y-left z-up",
    "camera_frame_for_model": "OpenCV style x-right y-down z-forward"
  },
  "ego": {
    "actor_id": 24,
    "transform_carla": {
      "location": {
        "x": 109.733154296875,
        "y": -24.976652145385742,
        "z": -0.0062694549560546875
      },
      "rotation": {
        "roll": 0.13787692785263062,
        "pitch": 0.5335196852684021,
        "yaw": -93.26791381835938
      }
    },
    "velocity_carla": [
      -0.4733857214450836,
      -7.034389019012451,
      -0.000308589922497049
    ],
    "angular_velocity_carla": [
      -0.7539404630661011,
      -0.10597886890172958,
      -3.3544857501983643
    ],
    "matrix_world_from_ego_carla": [
      [
        -0.05700245872139931,
        0.9983697533607483,
        0.0029332933481782675,
        109.733154296875
      ],
      [
        -0.9983306527137756,
        -0.05702713131904602,
        0.009159195236861706,
        -24.976652145385742
      ],
      [
        0.009311540983617306,
        -0.002406299812719226,
        0.9999537467956543,
        -0.0062694549560546875
      ],
      [
        0.0,
        0.0,
        0.0,
        1.0
      ]
    ],
    "matrix_world_from_ego_bevfusion": [
      [
        -0.05700245872139931,
        -0.9983697533607483,
        0.0029332933481782675,
        109.733154296875
      ],
      [
        0.9983306527137756,
        -0.05702713131904602,
        -0.009159195236861706,
        24.976652145385742
      ],
      [
        0.009311540983617306,
        0.002406299812719226,
        0.9999537467956543,
        -0.0062694549560546875
      ],
      [
        0.0,
        0.0,
        0.0,
        1.0
      ]
    ]
  },
  "sensors": {
    "CAM_FRONT": {
      "type_id": "sensor.camera.rgb",
      "blueprint_attributes": {
        "role_name": "front",
        "ros_name": "sensor.camera.rgb",
        "chromatic_aberration_offset": "0.0",
        "sensor_tick": "0.100000",
        "fstop": "1.4",
        "image_size_x": "960",
        "image_size_y": "540",
        "fov": "70.00",
        "lens_circle_falloff": "5.0",
        "lens_circle_multiplier": "0.0",
        "exposure_compensation": "0.0",
        "lens_y_size": "0.08",
        "lens_k": "-1.0",
        "exposure_mode": "histogram",
        "lens_kcube": "0.0",
        "lens_x_size": "0.08",
        "exposure_max_bright": "12.0",
        "shutter_speed": "200.0",
        "bloom_intensity": "0.675",
        "iso": "100.0",
        "enable_postprocess_effects": "false",
        "gamma": "2.2",
        "motion_blur_intensity": "0.0",
        "motion_blur_max_distortion": "0.35",
        "lens_flare_intensity": "0.1",
        "motion_blur_min_object_screen_size": "0.1",
        "exposure_min_bright": "10.0",
        "exposure_speed_up": "3.0",
        "exposure_speed_down": "1.0",
        "tint": "0.0",
        "calibration_constant": "16.0",
        "focal_distance": "1000.0",
        "min_fstop": "1.2",
        "blade_count": "5",
        "blur_amount": "0.0",
        "blur_radius": "0.0",
        "slope": "0.88",
        "toe": "0.55",
        "white_clip": "0.04",
        "shoulder": "0.26",
        "black_clip": "0.0",
        "temp": "6500.0",
        "chromatic_aberration_intensity": "0.0"
      },
      "transform_carla": {
        "location": {
          "x": 109.6497802734375,
          "y": -26.508493423461914,
          "z": 1.7080847024917603
        },
        "rotation": {
          "roll": 0.13787692785263062,
          "pitch": 0.5335196852684021,
          "yaw": -93.26791381835938
        }
      },
      "matrix_world_from_sensor_carla": [
        [
          -0.05700245872139931,
          0.9983697533607483,
          0.0029332933481782675,
          109.6497802734375
        ],
        [
          -0.9983306527137756,
          -0.05702713131904602,
          0.009159195236861706,
          -26.508493423461914
        ],
        [
          0.009311540983617306,
          -0.002406299812719226,
          0.9999537467956543,
          1.7080847024917603
        ],
        [
          0.0,
          0.0,
          0.0,
          1.0
        ]
      ],
      "matrix_world_from_sensor_bevfusion": [
        [
          0.9983697533607483,
          -0.0029332933481782675,
          -0.05700245872139931,
          109.6497802734375
        ],
        [
          0.05702713131904602,
          0.009159195236861706,
          0.9983306527137756,
          26.508493423461914
        ],
        [
          -0.002406299812719226,
          -0.9999537467956543,
          0.009311540983617306,
          1.7080847024917603
        ],
        [
          0.0,
          0.0,
          0.0,
          1.0
        ]
      ],
      "matrix_ego_from_sensor_carla": [
        [
          1.0,
          -4.2759887297627586e-10,
          -4.1753533963628797e-10,
          1.5500011444091797
        ],
        [
          -7.572579785453115e-10,
          1.0,
          6.029288179831838e-12,
          -1.52587890625e-05
        ],
        [
          -4.1757841628964343e-10,
          6.029288179831838e-12,
          1.0,
          1.6999998092651367
        ],
        [
          0.0,
          0.0,
          0.0,
          1.0
        ]
      ],
      "matrix_ego_from_sensor_bevfusion": [
        [
          -4.2759887297627586e-10,
          4.1753533963628797e-10,
          1.0,
          1.5500011444091797
        ],
        [
          -1.0,
          6.029288179831838e-12,
          7.572579785453115e-10,
          1.52587890625e-05
        ],
        [
          6.029288179831838e-12,
          -1.0,
          -4.1757841628964343e-10,
          1.6999998092651367
        ],
        [
          0.0,
          0.0,
          0.0,
          1.0
        ]
      ],
      "camera_intrinsics": [
        [
          685.5110473632812,
          0.0,
          480.0
        ],
        [
          0.0,
          685.5110473632812,
          270.0
        ],
        [
          0.0,
          0.0,
          1.0
        ]
      ],
      "data_path": "D:\\Agent-AI\\outputs\\s3a_left_v3\\sample_000010\\images\\CAM_FRONT.png",
      "raw_layout": "bgra8"
    },
    "CAM_FRONT_RIGHT": {
      "type_id": "sensor.camera.rgb",
      "blueprint_attributes": {
        "role_name": "front",
        "ros_name": "sensor.camera.rgb",
        "chromatic_aberration_offset": "0.0",
        "sensor_tick": "0.100000",
        "fstop": "1.4",
        "image_size_x": "960",
        "image_size_y": "540",
        "fov": "70.00",
        "lens_circle_falloff": "5.0",
        "lens_circle_multiplier": "0.0",
        "exposure_compensation": "0.0",
        "lens_y_size": "0.08",
        "lens_k": "-1.0",
        "exposure_mode": "histogram",
        "lens_kcube": "0.0",
        "lens_x_size": "0.08",
        "exposure_max_bright": "12.0",
        "shutter_speed": "200.0",
        "bloom_intensity": "0.675",
        "iso": "100.0",
        "enable_postprocess_effects": "false",
        "gamma": "2.2",
        "motion_blur_intensity": "0.0",
        "motion_blur_max_distortion": "0.35",
        "lens_flare_intensity": "0.1",
        "motion_blur_min_object_screen_size": "0.1",
        "exposure_min_bright": "10.0",
        "exposure_speed_up": "3.0",
        "exposure_speed_down": "1.0",
        "tint": "0.0",
        "calibration_constant": "16.0",
        "focal_distance": "1000.0",
        "min_fstop": "1.2",
        "blade_count": "5",
        "blur_amount": "0.0",
        "blur_radius": "0.0",
        "slope": "0.88",
        "toe": "0.55",
        "white_clip": "0.04",
        "shoulder": "0.26",
        "black_clip": "0.0",
        "temp": "6500.0",
        "chromatic_aberration_intensity": "0.0"
      },
      "transform_carla": {
        "location": {
          "x": 110.21314239501953,
          "y": -26.2902774810791,
          "z": 1.704433560371399
        },
        "rotation": {
          "roll": 0.5161166787147522,
          "pitch": 0.1930689513683319,
          "yaw": -38.267677307128906
        }
      },
      "matrix_world_from_sensor_carla": [
        [
          0.7851213812828064,
          0.6193349361419678,
          0.0029333478305488825,
          110.21314239501953
        ],
        [
          -0.6193327307701111,
          0.7850751876831055,
          0.009159148670732975,
          -26.2902774810791
        ],
        [
          0.0033696824684739113,
          -0.009007762186229229,
          0.9999537467956543,
          1.704433560371399
        ],
        [
          0.0,
          0.0,
          0.0,
          1.0
        ]
      ],
      "matrix_world_from_sensor_bevfusion": [
        [
          0.6193349361419678,
          -0.0029333478305488825,
          0.7851213812828064,
          110.21314239501953
        ],
        [
          -0.7850751876831055,
          0.009159148670732975,
          0.6193327307701111,
          26.2902774810791
        ],
        [
          -0.009007762186229229,
          -0.9999537467956543,
          0.0033696824684739113,
          1.704433560371399
        ],
        [
          0.0,
          0.0,
          0.0,
          1.0
        ]
      ],
      "matrix_ego_from_sensor_carla": [
        [
          0.5735763311386108,
          -0.8191520571708679,
          4.335462477911278e-08,
          1.3000011444091797
        ],
        [
          0.8191520571708679,
          0.5735763311386108,
          5.7049536650310984e-08,
          0.5499954223632812
        ],
        [
          -7.157392190038081e-08,
          2.199319393270116e-09,
          1.0,
          1.7000000476837158
        ],
        [
          0.0,
          0.0,
          0.0,
          1.0
        ]
      ],
      "matrix_ego_from_sensor_bevfusion": [
        [
          -0.8191520571708679,
          -4.335462477911278e-08,
          0.5735763311386108,
          1.3000011444091797
        ],
        [
          -0.5735763311386108,
          5.7049536650310984e-08,
          -0.8191520571708679,
          -0.5499954223632812
        ],
        [
          2.199319393270116e-09,
          -1.0,
          -7.157392190038081e-08,
          1.7000000476837158
        ],
        [
          0.0,
          0.0,
          0.0,
          1.0
        ]
      ],
      "camera_intrinsics": [
        [
          685.5110473632812,
          0.0,
          480.0
        ],
        [
          0.0,
          685.5110473632812,
          270.0
        ],
        [
          0.0,
          0.0,
          1.0
        ]
      ],
      "data_path": "D:\\Agent-AI\\outputs\\s3a_left_v3\\sample_000010\\images\\CAM_FRONT_RIGHT.png",
      "raw_layout": "bgra8"
    },
    "CAM_FRONT_LEFT": {
      "type_id": "sensor.camera.rgb",
      "blueprint_attributes": {
        "role_name": "front",
        "ros_name": "sensor.camera.rgb",
        "chromatic_aberration_offset": "0.0",
        "sensor_tick": "0.100000",
        "fstop": "1.4",
        "image_size_x": "960",
        "image_size_y": "540",
        "fov": "70.00",
        "lens_circle_falloff": "5.0",
        "lens_circle_multiplier": "0.0",
        "exposure_compensation": "0.0",
        "lens_y_size": "0.08",
        "lens_k": "-1.0",
        "exposure_mode": "histogram",
        "lens_kcube": "0.0",
        "lens_x_size": "0.08",
        "exposure_max_bright": "12.0",
        "shutter_speed": "200.0",
        "bloom_intensity": "0.675",
        "iso": "100.0",
        "enable_postprocess_effects": "false",
        "gamma": "2.2",
        "motion_blur_intensity": "0.0",
        "motion_blur_max_distortion": "0.35",
        "lens_flare_intensity": "0.1",
        "motion_blur_min_object_screen_size": "0.1",
        "exposure_min_bright": "10.0",
        "exposure_speed_up": "3.0",
        "exposure_speed_down": "1.0",
        "tint": "0.0",
        "calibration_constant": "16.0",
        "focal_distance": "1000.0",
        "min_fstop": "1.2",
        "blade_count": "5",
        "blur_amount": "0.0",
        "blur_radius": "0.0",
        "slope": "0.88",
        "toe": "0.55",
        "white_clip": "0.04",
        "shoulder": "0.26",
        "black_clip": "0.0",
        "temp": "6500.0",
        "chromatic_aberration_intensity": "0.0"
      },
      "transform_carla": {
        "location": {
          "x": 109.11492919921875,
          "y": -26.22754669189453,
          "z": 1.707080364227295
        },
        "rotation": {
          "roll": -0.35795992612838745,
          "pitch": 0.4189501106739044,
          "yaw": -148.2698516845703
        }
      },
      "matrix_world_from_sensor_carla": [
        [
          -0.8505117893218994,
          0.5259478092193604,
          0.0029332819394767284,
          109.11492919921875
        ],
        [
          -0.5259051322937012,
          -0.8504939675331116,
          0.009159190580248833,
          -26.22754669189453
        ],
        [
          0.00731199374422431,
          0.006247371435165405,
          0.9999537467956543,
          1.707080364227295
        ],
        [
          0.0,
          0.0,
          0.0,
          1.0
        ]
      ],
      "matrix_world_from_sensor_bevfusion": [
        [
          0.5259478092193604,
          -0.0029332819394767284,
          -0.8505117893218994,
          109.11492919921875
        ],
        [
          0.8504939675331116,
          0.009159190580248833,
          0.5259051322937012,
          26.22754669189453
        ],
        [
          0.006247371435165405,
          -0.9999537467956543,
          0.00731199374422431,
          1.707080364227295
        ],
        [
          0.0,
          0.0,
          0.0,
          1.0
        ]
      ],
      "matrix_ego_from_sensor_carla": [
        [
          0.5735765099525452,
          0.8191519975662231,
          5.170400108056583e-09,
          1.3000011444091797
        ],
        [
          -0.8191519379615784,
          0.5735765695571899,
          -1.0937011296618948e-08,
          -0.5500030517578125
        ],
        [
          -1.270590122004478e-08,
          1.1460343785074656e-09,
          1.0,
          1.6999999284744263
        ],
        [
          0.0,
          0.0,
          0.0,
          1.0
        ]
      ],
      "matrix_ego_from_sensor_bevfusion": [
        [
          0.8191519975662231,
          -5.170400108056583e-09,
          0.5735765099525452,
          1.3000011444091797
        ],
        [
          -0.5735765695571899,
          -1.0937011296618948e-08,
          0.8191519379615784,
          0.5500030517578125
        ],
        [
          1.1460343785074656e-09,
          -1.0,
          -1.270590122004478e-08,
          1.6999999284744263
        ],
        [
          0.0,
          0.0,
          0.0,
          1.0
        ]
      ],
      "camera_intrinsics": [
        [
          685.5110473632812,
          0.0,
          480.0
        ],
        [
          0.0,
          685.5110473632812,
          270.0
        ],
        [
          0.0,
          0.0,
          1.0
        ]
      ],
      "data_path": "D:\\Agent-AI\\outputs\\s3a_left_v3\\sample_000010\\images\\CAM_FRONT_LEFT.png",
      "raw_layout": "bgra8"
    },
    "CAM_BACK": {
      "type_id": "sensor.camera.rgb",
      "blueprint_attributes": {
        "role_name": "front",
        "ros_name": "sensor.camera.rgb",
        "chromatic_aberration_offset": "0.0",
        "sensor_tick": "0.100000",
        "fstop": "1.4",
        "image_size_x": "960",
        "image_size_y": "540",
        "fov": "70.00",
        "lens_circle_falloff": "5.0",
        "lens_circle_multiplier": "0.0",
        "exposure_compensation": "0.0",
        "lens_y_size": "0.08",
        "lens_k": "-1.0",
        "exposure_mode": "histogram",
        "lens_kcube": "0.0",
        "lens_x_size": "0.08",
        "exposure_max_bright": "12.0",
        "shutter_speed": "200.0",
        "bloom_intensity": "0.675",
        "iso": "100.0",
        "enable_postprocess_effects": "false",
        "gamma": "2.2",
        "motion_blur_intensity": "0.0",
        "motion_blur_max_distortion": "0.35",
        "lens_flare_intensity": "0.1",
        "motion_blur_min_object_screen_size": "0.1",
        "exposure_min_bright": "10.0",
        "exposure_speed_up": "3.0",
        "exposure_speed_down": "1.0",
        "tint": "0.0",
        "calibration_constant": "16.0",
        "focal_distance": "1000.0",
        "min_fstop": "1.2",
        "blade_count": "5",
        "blur_amount": "0.0",
        "blur_radius": "0.0",
        "slope": "0.88",
        "toe": "0.55",
        "white_clip": "0.04",
        "shoulder": "0.26",
        "black_clip": "0.0",
        "temp": "6500.0",
        "chromatic_aberration_intensity": "0.0"
      },
      "transform_carla": {
        "location": {
          "x": 109.82649230957031,
          "y": -23.41366958618164,
          "z": 1.6792190074920654
        },
        "rotation": {
          "roll": -0.13787707686424255,
          "pitch": -0.5335196852684021,
          "yaw": 86.73209381103516
        }
      },
      "matrix_world_from_sensor_carla": [
        [
          0.05700237303972244,
          -0.9983697533607483,
          0.002933294977992773,
          109.82649230957031
        ],
        [
          0.9983306527137756,
          0.057027045637369156,
          0.00915919616818428,
          -23.41366958618164
        ],
        [
          -0.009311540983617306,
          0.002406302373856306,
          0.9999537467956543,
          1.6792190074920654
        ],
        [
          0.0,
          0.0,
          0.0,
          1.0
        ]
      ],
      "matrix_world_from_sensor_bevfusion": [
        [
          -0.9983697533607483,
          -0.002933294977992773,
          0.05700237303972244,
          109.82649230957031
        ],
        [
          -0.057027045637369156,
          0.00915919616818428,
          -0.9983306527137756,
          23.41366958618164
        ],
        [
          0.002406302373856306,
          -0.9999537467956543,
          -0.009311540983617306,
          1.6792190074920654
        ],
        [
          0.0,
          0.0,
          0.0,
          1.0
        ]
      ],
      "matrix_ego_from_sensor_carla": [
        [
          -1.0,
          8.599124612373998e-08,
          -1.3488579142517665e-09,
          -1.5499992370605469
        ],
        [
          -8.49244159439877e-08,
          -1.0,
          1.6358437937569192e-09,
          -1.52587890625e-05
        ],
        [
          -5.137441583258351e-10,
          1.623666756600528e-09,
          1.0,
          1.6999999284744263
        ],
        [
          0.0,
          0.0,
          0.0,
          1.0
        ]
      ],
      "matrix_ego_from_sensor_bevfusion": [
        [
          8.599124612373998e-08,
          1.3488579142517665e-09,
          -1.0,
          -1.5499992370605469
        ],
        [
          1.0,
          1.6358437937569192e-09,
          8.49244159439877e-08,
          1.52587890625e-05
        ],
        [
          1.623666756600528e-09,
          -1.0,
          -5.137441583258351e-10,
          1.6999999284744263
        ],
        [
          0.0,
          0.0,
          0.0,
          1.0
        ]
      ],
      "camera_intrinsics": [
        [
          685.5110473632812,
          0.0,
          480.0
        ],
        [
          0.0,
          685.5110473632812,
          270.0
        ],
        [
          0.0,
          0.0,
          1.0
        ]
      ],
      "data_path": "D:\\Agent-AI\\outputs\\s3a_left_v3\\sample_000010\\images\\CAM_BACK.png",
      "raw_layout": "bgra8"
    },
    "CAM_BACK_LEFT": {
      "type_id": "sensor.camera.rgb",
      "blueprint_attributes": {
        "role_name": "front",
        "ros_name": "sensor.camera.rgb",
        "chromatic_aberration_offset": "0.0",
        "sensor_tick": "0.100000",
        "fstop": "1.4",
        "image_size_x": "960",
        "image_size_y": "540",
        "fov": "70.00",
        "lens_circle_falloff": "5.0",
        "lens_circle_multiplier": "0.0",
        "exposure_compensation": "0.0",
        "lens_y_size": "0.08",
        "lens_k": "-1.0",
        "exposure_mode": "histogram",
        "lens_kcube": "0.0",
        "lens_x_size": "0.08",
        "exposure_max_bright": "12.0",
        "shutter_speed": "200.0",
        "bloom_intensity": "0.675",
        "iso": "100.0",
        "enable_postprocess_effects": "false",
        "gamma": "2.2",
        "motion_blur_intensity": "0.0",
        "motion_blur_max_distortion": "0.35",
        "lens_flare_intensity": "0.1",
        "motion_blur_min_object_screen_size": "0.1",
        "exposure_min_bright": "10.0",
        "exposure_speed_up": "3.0",
        "exposure_speed_down": "1.0",
        "tint": "0.0",
        "calibration_constant": "16.0",
        "focal_distance": "1000.0",
        "min_fstop": "1.2",
        "blade_count": "5",
        "blur_amount": "0.0",
        "blur_radius": "0.0",
        "slope": "0.88",
        "toe": "0.55",
        "white_clip": "0.04",
        "shoulder": "0.26",
        "black_clip": "0.0",
        "temp": "6500.0",
        "chromatic_aberration_intensity": "0.0"
      },
      "transform_carla": {
        "location": {
          "x": 109.26314544677734,
          "y": -23.631887435913086,
          "z": 1.6828701496124268
        },
        "rotation": {
          "roll": -0.5161166787147522,
          "pitch": -0.1930689513683319,
          "yaw": 141.73233032226562
        }
      },
      "matrix_world_from_sensor_carla": [
        [
          -0.7851214408874512,
          -0.619334876537323,
          0.0029333471320569515,
          109.26314544677734
        ],
        [
          0.6193326711654663,
          -0.7850752472877502,
          0.00915914960205555,
          -23.631887435913086
        ],
        [
          -0.0033696824684739113,
          0.009007762186229229,
          0.9999537467956543,
          1.6828701496124268
        ],
        [
          0.0,
          0.0,
          0.0,
          1.0
        ]
      ],
      "matrix_world_from_sensor_bevfusion": [
        [
          -0.619334876537323,
          -0.0029333471320569515,
          -0.7851214408874512,
          109.26314544677734
        ],
        [
          0.7850752472877502,
          0.00915914960205555,
          -0.6193326711654663,
          23.631887435913086
        ],
        [
          0.009007762186229229,
          -0.9999537467956543,
          -0.0033696824684739113,
          1.6828701496124268
        ],
        [
          0.0,
          0.0,
          0.0,
          1.0
        ]
      ],
      "matrix_ego_from_sensor_carla": [
        [
          -0.5735762715339661,
          0.8191521167755127,
          4.2423302204497304e-08,
          -1.2999992370605469
        ],
        [
          -0.8191521167755127,
          -0.5735762715339661,
          5.6351044719349375e-08,
          -0.5500030517578125
        ],
        [
          7.110826061307307e-08,
          -3.1306419678855946e-09,
          1.0,
          1.6999996900558472
        ],
        [
          0.0,
          0.0,
          0.0,
          1.0
        ]
      ],
      "matrix_ego_from_sensor_bevfusion": [
        [
          0.8191521167755127,
          -4.2423302204497304e-08,
          -0.5735762715339661,
          -1.2999992370605469
        ],
        [
          0.5735762715339661,
          5.6351044719349375e-08,
          0.8191521167755127,
          0.5500030517578125
        ],
        [
          -3.1306419678855946e-09,
          -1.0,
          7.110826061307307e-08,
          1.6999996900558472
        ],
        [
          0.0,
          0.0,
          0.0,
          1.0
        ]
      ],
      "camera_intrinsics": [
        [
          685.5110473632812,
          0.0,
          480.0
        ],
        [
          0.0,
          685.5110473632812,
          270.0
        ],
        [
          0.0,
          0.0,
          1.0
        ]
      ],
      "data_path": "D:\\Agent-AI\\outputs\\s3a_left_v3\\sample_000010\\images\\CAM_BACK_LEFT.png",
      "raw_layout": "bgra8"
    },
    "CAM_BACK_RIGHT": {
      "type_id": "sensor.camera.rgb",
      "blueprint_attributes": {
        "role_name": "front",
        "ros_name": "sensor.camera.rgb",
        "chromatic_aberration_offset": "0.0",
        "sensor_tick": "0.100000",
        "fstop": "1.4",
        "image_size_x": "960",
        "image_size_y": "540",
        "fov": "70.00",
        "lens_circle_falloff": "5.0",
        "lens_circle_multiplier": "0.0",
        "exposure_compensation": "0.0",
        "lens_y_size": "0.08",
        "lens_k": "-1.0",
        "exposure_mode": "histogram",
        "lens_kcube": "0.0",
        "lens_x_size": "0.08",
        "exposure_max_bright": "12.0",
        "shutter_speed": "200.0",
        "bloom_intensity": "0.675",
        "iso": "100.0",
        "enable_postprocess_effects": "false",
        "gamma": "2.2",
        "motion_blur_intensity": "0.0",
        "motion_blur_max_distortion": "0.35",
        "lens_flare_intensity": "0.1",
        "motion_blur_min_object_screen_size": "0.1",
        "exposure_min_bright": "10.0",
        "exposure_speed_up": "3.0",
        "exposure_speed_down": "1.0",
        "tint": "0.0",
        "calibration_constant": "16.0",
        "focal_distance": "1000.0",
        "min_fstop": "1.2",
        "blade_count": "5",
        "blur_amount": "0.0",
        "blur_radius": "0.0",
        "slope": "0.88",
        "toe": "0.55",
        "white_clip": "0.04",
        "shoulder": "0.26",
        "black_clip": "0.0",
        "temp": "6500.0",
        "chromatic_aberration_intensity": "0.0"
      },
      "transform_carla": {
        "location": {
          "x": 110.36134338378906,
          "y": -23.694616317749023,
          "z": 1.6802233457565308
        },
        "rotation": {
          "roll": 0.35795995593070984,
          "pitch": -0.4189501106739044,
          "yaw": 31.730140686035156
        }
      },
      "matrix_world_from_sensor_carla": [
        [
          0.8505117893218994,
          -0.5259477496147156,
          0.0029332819394767284,
          110.36134338378906
        ],
        [
          0.5259050726890564,
          0.8504939675331116,
          0.009159190580248833,
          -23.694616317749023
        ],
        [
          -0.00731199374422431,
          -0.006247371900826693,
          0.9999537467956543,
          1.6802233457565308
        ],
        [
          0.0,
          0.0,
          0.0,
          1.0
        ]
      ],
      "matrix_world_from_sensor_bevfusion": [
        [
          -0.5259477496147156,
          -0.0029332819394767284,
          0.8505117893218994,
          110.36134338378906
        ],
        [
          -0.8504939675331116,
          0.009159190580248833,
          -0.5259050726890564,
          23.694616317749023
        ],
        [
          -0.006247371900826693,
          -0.9999537467956543,
          -0.00731199374422431,
          1.6802233457565308
        ],
        [
          0.0,
          0.0,
          0.0,
          1.0
        ]
      ],
      "matrix_ego_from_sensor_carla": [
        [
          -0.5735764503479004,
          -0.8191519975662231,
          5.170400108056583e-09,
          -1.2999992370605469
        ],
        [
          0.8191519379615784,
          -0.5735765099525452,
          -1.0937011296618948e-08,
          0.54998779296875
        ],
        [
          1.224023993273704e-08,
          -1.6116741274885271e-09,
          1.0,
          1.6999998092651367
        ],
        [
          0.0,
          0.0,
          0.0,
          1.0
        ]
      ],
      "matrix_ego_from_sensor_bevfusion": [
        [
          -0.8191519975662231,
          -5.170400108056583e-09,
          -0.5735764503479004,
          -1.2999992370605469
        ],
        [
          0.5735765099525452,
          -1.0937011296618948e-08,
          -0.8191519379615784,
          -0.54998779296875
        ],
        [
          -1.6116741274885271e-09,
          -1.0,
          1.224023993273704e-08,
          1.6999998092651367
        ],
        [
          0.0,
          0.0,
          0.0,
          1.0
        ]
      ],
      "camera_intrinsics": [
        [
          685.5110473632812,
          0.0,
          480.0
        ],
        [
          0.0,
          685.5110473632812,
          270.0
        ],
        [
          0.0,
          0.0,
          1.0
        ]
      ],
      "data_path": "D:\\Agent-AI\\outputs\\s3a_left_v3\\sample_000010\\images\\CAM_BACK_RIGHT.png",
      "raw_layout": "bgra8"
    },
    "LIDAR_TOP": {
      "type_id": "sensor.lidar.ray_cast",
      "blueprint_attributes": {
        "atmosphere_attenuation_rate": "0.004",
        "role_name": "front",
        "noise_seed": "0",
        "upper_fov": "10.0",
        "ros_name": "sensor.lidar.ray_cast",
        "sensor_tick": "0.100000",
        "channels": "32",
        "range": "120.0",
        "points_per_second": "360000",
        "lower_fov": "-30.0",
        "rotation_frequency": "10.000000",
        "horizontal_fov": "360.0",
        "dropoff_general_rate": "0.0",
        "dropoff_intensity_limit": "1.0",
        "noise_stddev": "0.0",
        "dropoff_zero_intensity": "0.0"
      },
      "transform_carla": {
        "location": {
          "x": 109.73960876464844,
          "y": -24.956501007080078,
          "z": 2.1936287879943848
        },
        "rotation": {
          "roll": 0.13787692785263062,
          "pitch": 0.5335196852684021,
          "yaw": -93.26791381835938
        }
      },
      "matrix_world_from_sensor_carla": [
        [
          -0.05700245872139931,
          0.9983697533607483,
          0.0029332933481782675,
          109.73960876464844
        ],
        [
          -0.9983306527137756,
          -0.05702713131904602,
          0.009159195236861706,
          -24.956501007080078
        ],
        [
          0.009311540983617306,
          -0.002406299812719226,
          0.9999537467956543,
          2.1936287879943848
        ],
        [
          0.0,
          0.0,
          0.0,
          1.0
        ]
      ],
      "matrix_world_from_sensor_bevfusion": [
        [
          -0.05700245872139931,
          -0.9983697533607483,
          0.0029332933481782675,
          109.73960876464844
        ],
        [
          0.9983306527137756,
          -0.05702713131904602,
          -0.009159195236861706,
          24.956501007080078
        ],
        [
          0.009311540983617306,
          0.002406299812719226,
          0.9999537467956543,
          2.1936287879943848
        ],
        [
          0.0,
          0.0,
          0.0,
          1.0
        ]
      ],
      "matrix_ego_from_sensor_carla": [
        [
          1.0,
          -4.2759887297627586e-10,
          -4.1753533963628797e-10,
          0.0
        ],
        [
          -7.572579785453115e-10,
          1.0,
          6.029288179831838e-12,
          -7.62939453125e-06
        ],
        [
          -4.1757841628964343e-10,
          6.029288179831838e-12,
          1.0,
          2.200000047683716
        ],
        [
          0.0,
          0.0,
          0.0,
          1.0
        ]
      ],
      "matrix_ego_from_sensor_bevfusion": [
        [
          1.0,
          4.2759887297627586e-10,
          -4.1753533963628797e-10,
          0.0
        ],
        [
          7.572579785453115e-10,
          1.0,
          -6.029288179831838e-12,
          7.62939453125e-06
        ],
        [
          -4.1757841628964343e-10,
          -6.029288179831838e-12,
          1.0,
          2.200000047683716
        ],
        [
          0.0,
          0.0,
          0.0,
          1.0
        ]
      ],
      "data_path": "D:\\Agent-AI\\outputs\\s3a_left_v3\\sample_000010\\lidar\\LIDAR_TOP.npy",
      "raw_layout": [
        "x",
        "y",
        "z",
        "intensity"
      ]
    },
    "RADAR_FRONT": {
      "type_id": "sensor.other.radar",
      "blueprint_attributes": {
        "sensor_tick": "0.100000",
        "role_name": "default",
        "noise_seed": "0",
        "ros_name": "sensor.other.radar",
        "horizontal_fov": "35.0",
        "points_per_second": "1500",
        "vertical_fov": "20.0",
        "range": "120.0"
      },
      "transform_carla": {
        "location": {
          "x": 109.62178802490234,
          "y": -26.965070724487305,
          "z": 0.9123119711875916
        },
        "rotation": {
          "roll": 0.13787692785263062,
          "pitch": 0.5335196852684021,
          "yaw": -93.26791381835938
        }
      },
      "matrix_world_from_sensor_carla": [
        [
          -0.05700245872139931,
          0.9983697533607483,
          0.0029332933481782675,
          109.62178802490234
        ],
        [
          -0.9983306527137756,
          -0.05702713131904602,
          0.009159195236861706,
          -26.965070724487305
        ],
        [
          0.009311540983617306,
          -0.002406299812719226,
          0.9999537467956543,
          0.9123119711875916
        ],
        [
          0.0,
          0.0,
          0.0,
          1.0
        ]
      ],
      "matrix_world_from_sensor_bevfusion": [
        [
          -0.05700245872139931,
          -0.9983697533607483,
          0.0029332933481782675,
          109.62178802490234
        ],
        [
          0.9983306527137756,
          -0.05702713131904602,
          -0.009159195236861706,
          26.965070724487305
        ],
        [
          0.009311540983617306,
          0.002406299812719226,
          0.9999537467956543,
          0.9123119711875916
        ],
        [
          0.0,
          0.0,
          0.0,
          1.0
        ]
      ],
      "matrix_ego_from_sensor_carla": [
        [
          1.0,
          -4.2759887297627586e-10,
          -4.1753533963628797e-10,
          2.000001907348633
        ],
        [
          -7.572579785453115e-10,
          1.0,
          6.029288179831838e-12,
          -7.62939453125e-06
        ],
        [
          -4.1757841628964343e-10,
          6.029288179831838e-12,
          1.0,
          0.8999999165534973
        ],
        [
          0.0,
          0.0,
          0.0,
          1.0
        ]
      ],
      "matrix_ego_from_sensor_bevfusion": [
        [
          1.0,
          4.2759887297627586e-10,
          -4.1753533963628797e-10,
          2.000001907348633
        ],
        [
          7.572579785453115e-10,
          1.0,
          -6.029288179831838e-12,
          7.62939453125e-06
        ],
        [
          -4.1757841628964343e-10,
          -6.029288179831838e-12,
          1.0,
          0.8999999165534973
        ],
        [
          0.0,
          0.0,
          0.0,
          1.0
        ]
      ],
      "data_path": "D:\\Agent-AI\\outputs\\s3a_left_v3\\sample_000010\\radar\\RADAR_FRONT.npy",
      "raw_layout": [
        "velocity",
        "altitude",
        "azimuth",
        "depth"
      ]
    },
    "RADAR_FRONT_LEFT": {
      "type_id": "sensor.other.radar",
      "blueprint_attributes": {
        "sensor_tick": "0.100000",
        "role_name": "default",
        "noise_seed": "0",
        "ros_name": "sensor.other.radar",
        "horizontal_fov": "35.0",
        "points_per_second": "1500",
        "vertical_fov": "20.0",
        "range": "120.0"
      },
      "transform_carla": {
        "location": {
          "x": 108.89295959472656,
          "y": -26.572885513305664,
          "z": 0.9108576774597168
        },
        "rotation": {
          "roll": -0.2797712981700897,
          "pitch": 0.4747459292411804,
          "yaw": -138.2696990966797
        }
      },
      "matrix_world_from_sensor_carla": [
        [
          -0.7462605834007263,
          0.6656475067138672,
          0.002933304524049163,
          108.89295959472656
        ],
        [
          -0.6656023859977722,
          -0.7462503910064697,
          0.0091592101380229,
          -26.572885513305664
        ],
        [
          0.008285784162580967,
          0.004882743116468191,
          0.9999537467956543,
          0.9108576774597168
        ],
        [
          0.0,
          0.0,
          0.0,
          1.0
        ]
      ],
      "matrix_world_from_sensor_bevfusion": [
        [
          -0.7462605834007263,
          -0.6656475067138672,
          0.002933304524049163,
          108.89295959472656
        ],
        [
          0.6656023859977722,
          -0.7462503910064697,
          -0.0091592101380229,
          26.572885513305664
        ],
        [
          0.008285784162580967,
          -0.004882743116468191,
          0.9999537467956543,
          0.9108576774597168
        ],
        [
          0.0,
          0.0,
          0.0,
          1.0
        ]
      ],
      "matrix_ego_from_sensor_carla": [
        [
          0.7071070075035095,
          0.7071065306663513,
          -1.6250019996277842e-08,
          1.650003433227539
        ],
        [
          -0.7071065306663513,
          0.7071070671081543,
          1.0483407919537058e-08,
          -0.7500076293945312
        ],
        [
          1.7224639492496863e-08,
          3.2628382218291563e-09,
          1.0,
          0.8999999761581421
        ],
        [
          0.0,
          0.0,
          0.0,
          1.0
        ]
      ],
      "matrix_ego_from_sensor_bevfusion": [
        [
          0.7071070075035095,
          -0.7071065306663513,
          -1.6250019996277842e-08,
          1.650003433227539
        ],
        [
          0.7071065306663513,
          0.7071070671081543,
          -1.0483407919537058e-08,
          0.7500076293945312
        ],
        [
          1.7224639492496863e-08,
          -3.2628382218291563e-09,
          1.0,
          0.8999999761581421
        ],
        [
          0.0,
          0.0,
          0.0,
          1.0
        ]
      ],
      "data_path": "D:\\Agent-AI\\outputs\\s3a_left_v3\\sample_000010\\radar\\RADAR_FRONT_LEFT.npy",
      "raw_layout": [
        "velocity",
        "altitude",
        "azimuth",
        "depth"
      ]
    },
    "RADAR_FRONT_RIGHT": {
      "type_id": "sensor.other.radar",
      "blueprint_attributes": {
        "sensor_tick": "0.100000",
        "role_name": "default",
        "noise_seed": "0",
        "ros_name": "sensor.other.radar",
        "horizontal_fov": "35.0",
        "points_per_second": "1500",
