{
  "schema_version": "stage1.v1",
  "sample_name": "sample_000014",
  "sequence_index": 14,
  "previous_sample_name": "sample_000013",
  "frame_id": 3934,
  "timestamp": 40.531086567789316,
  "platform_timestamp": 16816487.3127523,
  "delta_seconds": 0.10000000149011612,
  "town": "Carla/Maps/Town10HD_Opt",
  "weather": {
    "cloudiness": 20.0,
    "dust_storm": 0.0,
    "fog_density": 2.0,
    "fog_distance": 0.75,
    "fog_falloff": 0.10000000149011612,
    "mie_scattering_scale": 0.029999999329447746,
    "precipitation": 0.0,
    "precipitation_deposits": 0.0,
    "rayleigh_scattering_scale": 0.03310000151395798,
    "scattering_intensity": 1.0,
    "sun_altitude_angle": 45.0,
    "sun_azimuth_angle": 300.0,
    "wetness": 0.0,
    "wind_intensity": 10.0
  },
  "sensor_names": [
    "CAM_FRONT",
    "CAM_FRONT_RIGHT",
    "CAM_FRONT_LEFT",
    "CAM_BACK",
    "CAM_BACK_LEFT",
    "CAM_BACK_RIGHT",
    "LIDAR_TOP",
    "RADAR_FRONT",
    "RADAR_FRONT_LEFT",
    "RADAR_FRONT_RIGHT",
    "RADAR_BACK_LEFT",
    "RADAR_BACK_RIGHT"
  ],
  "camera_order_for_model": [
    "CAM_FRONT",
    "CAM_FRONT_RIGHT",
    "CAM_FRONT_LEFT",
    "CAM_BACK",
    "CAM_BACK_LEFT",
    "CAM_BACK_RIGHT"
  ],
  "radar_order_for_model": [
    "RADAR_FRONT",
    "RADAR_FRONT_LEFT",
    "RADAR_FRONT_RIGHT",
    "RADAR_BACK_LEFT",
    "RADAR_BACK_RIGHT"
  ],
  "coordinate_notes": {
    "carla_world": "left-handed x-forward y-right z-up",
    "bevfusion_lidar": "x-forward y-left z-up",
    "camera_frame_for_model": "OpenCV style x-right y-down z-forward"
  },
  "ego": {
    "actor_id": 24,
    "transform_carla": {
      "location": {
        "x": 109.43084716796875,
        "y": -28.172765731811523,
        "z": -0.006271056830883026
      },
      "rotation": {
        "roll": 0.33002960681915283,
        "pitch": 0.521484911441803,
        "yaw": -96.21605682373047
      }
    },
    "velocity_carla": [
      -1.056258201599121,
      -8.836822509765625,
      -2.2087097022449598e-05
    ],
    "angular_velocity_carla": [
      -0.34929677844047546,
      -0.269313782453537,
      -5.693545818328857
    ],
    "matrix_world_from_ego_carla": [
      [
        -0.108273446559906,
        0.9940985441207886,
        0.006711681839078665,
        109.43084716796875
      ],
      [
        -0.9940794706344604,
        -0.10832825303077698,
        0.008424152620136738,
        -28.172765731811523
      ],
      [
        0.009101502597332,
        -0.005759832914918661,
        0.9999420046806335,
        -0.006271056830883026
      ],
      [
        0.0,
        0.0,
        0.0,
        1.0
      ]
    ],
    "matrix_world_from_ego_bevfusion": [
      [
        -0.108273446559906,
        -0.9940985441207886,
        0.006711681839078665,
        109.43084716796875
      ],
      [
        0.9940794706344604,
        -0.10832825303077698,
        -0.008424152620136738,
        28.172765731811523
      ],
      [
        0.009101502597332,
        0.005759832914918661,
        0.9999420046806335,
        -0.006271056830883026
      ],
      [
        0.0,
        0.0,
        0.0,
        1.0
      ]
    ]
  },
  "sensors": {
    "CAM_FRONT": {
      "type_id": "sensor.camera.rgb",
      "blueprint_attributes": {
        "role_name": "front",
        "ros_name": "sensor.camera.rgb",
        "chromatic_aberration_offset": "0.0",
        "sensor_tick": "0.100000",
        "fstop": "1.4",
        "image_size_x": "960",
        "image_size_y": "540",
        "fov": "70.00",
        "lens_circle_falloff": "5.0",
        "lens_circle_multiplier": "0.0",
        "exposure_compensation": "0.0",
        "lens_y_size": "0.08",
        "lens_k": "-1.0",
        "exposure_mode": "histogram",
        "lens_kcube": "0.0",
        "lens_x_size": "0.08",
        "exposure_max_bright": "12.0",
        "shutter_speed": "200.0",
        "bloom_intensity": "0.675",
        "iso": "100.0",
        "enable_postprocess_effects": "false",
        "gamma": "2.2",
        "motion_blur_intensity": "0.0",
        "motion_blur_max_distortion": "0.35",
        "lens_flare_intensity": "0.1",
        "motion_blur_min_object_screen_size": "0.1",
        "exposure_min_bright": "10.0",
        "exposure_speed_up": "3.0",
        "exposure_speed_down": "1.0",
        "tint": "0.0",
        "calibration_constant": "16.0",
        "focal_distance": "1000.0",
        "min_fstop": "1.2",
        "blade_count": "5",
        "blur_amount": "0.0",
        "blur_radius": "0.0",
        "slope": "0.88",
        "toe": "0.55",
        "white_clip": "0.04",
        "shoulder": "0.26",
        "black_clip": "0.0",
        "temp": "6500.0",
        "chromatic_aberration_intensity": "0.0"
      },
      "transform_carla": {
        "location": {
          "x": 109.27442932128906,
          "y": -29.69926643371582,
          "z": 1.707737684249878
        },
        "rotation": {
          "roll": 0.33002960681915283,
          "pitch": 0.521484911441803,
          "yaw": -96.21605682373047
        }
      },
      "matrix_world_from_sensor_carla": [
        [
          -0.108273446559906,
          0.9940985441207886,
          0.006711681839078665,
          109.27442932128906
        ],
        [
          -0.9940794706344604,
          -0.10832825303077698,
          0.008424152620136738,
          -29.69926643371582
        ],
        [
          0.009101502597332,
          -0.005759832914918661,
          0.9999420046806335,
          1.707737684249878
        ],
        [
          0.0,
          0.0,
          0.0,
          1.0
        ]
      ],
      "matrix_world_from_sensor_bevfusion": [
        [
          0.9940985441207886,
          -0.006711681839078665,
          -0.108273446559906,
          109.27442932128906
        ],
        [
          0.10832825303077698,
          0.008424152620136738,
          0.9940794706344604,
          29.69926643371582
        ],
        [
          -0.005759832914918661,
          -0.9999420046806335,
          0.009101502597332,
          1.707737684249878
        ],
        [
          0.0,
          0.0,
          0.0,
          1.0
        ]
      ],
      "matrix_ego_from_sensor_carla": [
        [
          1.0,
          -1.565837237649248e-09,
          2.1534996008654161e-10,
          1.5499992370605469
        ],
        [
          -5.290132221169586e-10,
          1.0,
          -3.014548888291557e-10,
          0.0
        ],
        [
          2.1534996008654161e-10,
          1.6420639847858354e-10,
          1.0,
          1.7000000476837158
        ],
        [
          0.0,
          0.0,
          0.0,
          1.0
        ]
      ],
      "matrix_ego_from_sensor_bevfusion": [
        [
          -1.565837237649248e-09,
          -2.1534996008654161e-10,
          1.0,
          1.5499992370605469
        ],
        [
          -1.0,
          -3.014548888291557e-10,
          5.290132221169586e-10,
          0.0
        ],
        [
          1.6420639847858354e-10,
          -1.0,
          2.1534996008654161e-10,
          1.7000000476837158
        ],
        [
          0.0,
          0.0,
          0.0,
          1.0
        ]
      ],
      "camera_intrinsics": [
        [
          685.5110473632812,
          0.0,
          480.0
        ],
        [
          0.0,
          685.5110473632812,
          270.0
        ],
        [
          0.0,
          0.0,
          1.0
        ]
      ],
      "data_path": "D:\\Agent-AI\\outputs\\s3a_left_v3\\sample_000014\\images\\CAM_FRONT.png",
      "raw_layout": "bgra8"
    },
    "CAM_FRONT_RIGHT": {
      "type_id": "sensor.camera.rgb",
      "blueprint_attributes": {
        "role_name": "front",
        "ros_name": "sensor.camera.rgb",
        "chromatic_aberration_offset": "0.0",
        "sensor_tick": "0.100000",
        "fstop": "1.4",
        "image_size_x": "960",
        "image_size_y": "540",
        "fov": "70.00",
        "lens_circle_falloff": "5.0",
        "lens_circle_multiplier": "0.0",
        "exposure_compensation": "0.0",
        "lens_y_size": "0.08",
        "lens_k": "-1.0",
        "exposure_mode": "histogram",
        "lens_kcube": "0.0",
        "lens_x_size": "0.08",
        "exposure_max_bright": "12.0",
        "shutter_speed": "200.0",
        "bloom_intensity": "0.675",
        "iso": "100.0",
        "enable_postprocess_effects": "false",
        "gamma": "2.2",
        "motion_blur_intensity": "0.0",
        "motion_blur_max_distortion": "0.35",
        "lens_flare_intensity": "0.1",
        "motion_blur_min_object_screen_size": "0.1",
        "exposure_min_bright": "10.0",
        "exposure_speed_up": "3.0",
        "exposure_speed_down": "1.0",
        "tint": "0.0",
        "calibration_constant": "16.0",
        "focal_distance": "1000.0",
        "min_fstop": "1.2",
        "blade_count": "5",
        "blur_amount": "0.0",
        "blur_radius": "0.0",
        "slope": "0.88",
        "toe": "0.55",
        "white_clip": "0.04",
        "shoulder": "0.26",
        "black_clip": "0.0",
        "temp": "6500.0",
        "chromatic_aberration_intensity": "0.0"
      },
      "transform_carla": {
        "location": {
          "x": 109.84825897216797,
          "y": -29.51032829284668,
          "z": 1.7022942304611206
        },
        "rotation": {
          "roll": 0.61646968126297,
          "pitch": 0.028775585815310478,
          "yaw": -41.217430114746094
        }
      },
      "matrix_world_from_sensor_carla": [
        [
          0.7522143721580505,
          0.6588842272758484,
          0.006711684167385101,
          109.84825897216797
        ],
        [
          -0.6589182615280151,
          0.7521674036979675,
          0.008424147963523865,
          -29.51032829284668
        ],
        [
          0.0005022287368774414,
          -0.010759216733276844,
          0.9999420046806335,
          1.7022942304611206
        ],
        [
          0.0,
          0.0,
          0.0,
          1.0
        ]
      ],
      "matrix_world_from_sensor_bevfusion": [
        [
          0.6588842272758484,
          -0.006711684167385101,
          0.7522143721580505,
          109.84825897216797
        ],
        [
          -0.7521674036979675,
          0.008424147963523865,
          0.6589182615280151,
          29.51032829284668
        ],
        [
          -0.010759216733276844,
          -0.9999420046806335,
          0.0005022287368774414,
          1.7022942304611206
        ],
        [
          0.0,
          0.0,
          0.0,
          1.0
        ]
      ],
      "matrix_ego_from_sensor_carla": [
        [
          0.5735769271850586,
          -0.8191518187522888,
          4.871962833163934e-09,
          1.2999992370605469
        ],
        [
          0.8191516995429993,
          0.573576807975769,
          2.4925128627728554e-09,
          0.5500030517578125
        ],
        [
          -5.669228642091184e-09,
          1.8607306806472934e-09,
          1.0,
          1.6999998092651367
        ],
        [
          0.0,
          0.0,
          0.0,
          1.0
        ]
      ],
      "matrix_ego_from_sensor_bevfusion": [
        [
          -0.8191518187522888,
          -4.871962833163934e-09,
          0.5735769271850586,
          1.2999992370605469
        ],
        [
          -0.573576807975769,
          2.4925128627728554e-09,
          -0.8191516995429993,
          -0.5500030517578125
        ],
        [
          1.8607306806472934e-09,
          -1.0,
          -5.669228642091184e-09,
          1.6999998092651367
        ],
        [
          0.0,
          0.0,
          0.0,
          1.0
        ]
      ],
      "camera_intrinsics": [
        [
          685.5110473632812,
          0.0,
          480.0
        ],
        [
          0.0,
          685.5110473632812,
          270.0
        ],
        [
          0.0,
          0.0,
          1.0
        ]
      ],
      "data_path": "D:\\Agent-AI\\outputs\\s3a_left_v3\\sample_000014\\images\\CAM_FRONT_RIGHT.png",
      "raw_layout": "bgra8"
    },
    "CAM_FRONT_LEFT": {
      "type_id": "sensor.camera.rgb",
      "blueprint_attributes": {
        "role_name": "front",
        "ros_name": "sensor.camera.rgb",
        "chromatic_aberration_offset": "0.0",
        "sensor_tick": "0.100000",
        "fstop": "1.4",
        "image_size_x": "960",
        "image_size_y": "540",
        "fov": "70.00",
        "lens_circle_falloff": "5.0",
        "lens_circle_multiplier": "0.0",
        "exposure_compensation": "0.0",
        "lens_y_size": "0.08",
        "lens_k": "-1.0",
        "exposure_mode": "histogram",
        "lens_kcube": "0.0",
        "lens_x_size": "0.08",
        "exposure_max_bright": "12.0",
        "shutter_speed": "200.0",
        "bloom_intensity": "0.675",
        "iso": "100.0",
        "enable_postprocess_effects": "false",
        "gamma": "2.2",
        "motion_blur_intensity": "0.0",
        "motion_blur_max_distortion": "0.35",
        "lens_flare_intensity": "0.1",
        "motion_blur_min_object_screen_size": "0.1",
        "exposure_min_bright": "10.0",
        "exposure_speed_up": "3.0",
        "exposure_speed_down": "1.0",
        "tint": "0.0",
        "calibration_constant": "16.0",
        "focal_distance": "1000.0",
        "min_fstop": "1.2",
        "blade_count": "5",
        "blur_amount": "0.0",
        "blur_radius": "0.0",
        "slope": "0.88",
        "toe": "0.55",
        "white_clip": "0.04",
        "shoulder": "0.26",
        "black_clip": "0.0",
        "temp": "6500.0",
        "chromatic_aberration_intensity": "0.0"
      },
      "transform_carla": {
        "location": {
          "x": 108.75474548339844,
          "y": -29.39116668701172,
          "z": 1.7086302042007446
        },
        "rotation": {
          "roll": -0.2378935068845749,
          "pitch": 0.5694465041160583,
          "yaw": -151.21873474121094
        }
      },
      "matrix_world_from_sensor_carla": [
        [
          -0.8764208555221558,
          0.4814991056919098,
          0.00671165157109499,
          108.75474548339844
        ],
        [
          -0.4814433157444,
          -0.8764367699623108,
          0.00842413492500782,
          -29.39116668701172
        ],
        [
          0.009938552044332027,
          0.0041518076322972775,
          0.9999419450759888,
          1.7086302042007446
        ],
        [
          0.0,
          0.0,
          0.0,
          1.0
        ]
      ],
      "matrix_world_from_sensor_bevfusion": [
        [
          0.4814991056919098,
          -0.00671165157109499,
          -0.8764208555221558,
          108.75474548339844
        ],
        [
          0.8764367699623108,
          0.00842413492500782,
          0.4814433157444,
          29.39116668701172
        ],
        [
          0.0041518076322972775,
          -0.9999419450759888,
          0.009938552044332027,
          1.7086302042007446
        ],
        [
          0.0,
          0.0,
          0.0,
          1.0
        ]
      ],
      "matrix_ego_from_sensor_carla": [
        [
          0.5735765099525452,
          0.8191520571708679,
          2.016195566056922e-08,
          1.2999992370605469
        ],
        [
          -0.8191519379615784,
          0.5735764503479004,
          -2.7897819165900728e-08,
          -0.5500030517578125
        ],
        [
          -3.435976125842899e-08,
          -2.3668305093593744e-09,
          0.9999999403953552,
          1.7000000476837158
        ],
        [
          0.0,
          0.0,
          0.0,
          1.0
        ]
      ],
      "matrix_ego_from_sensor_bevfusion": [
        [
          0.8191520571708679,
          -2.016195566056922e-08,
          0.5735765099525452,
          1.2999992370605469
        ],
        [
          -0.5735764503479004,
          -2.7897819165900728e-08,
          0.8191519379615784,
          0.5500030517578125
        ],
        [
          -2.3668305093593744e-09,
          -0.9999999403953552,
          -3.435976125842899e-08,
          1.7000000476837158
        ],
        [
          0.0,
          0.0,
          0.0,
          1.0
        ]
      ],
      "camera_intrinsics": [
        [
          685.5110473632812,
          0.0,
          480.0
        ],
        [
          0.0,
          685.5110473632812,
          270.0
        ],
        [
          0.0,
          0.0,
          1.0
        ]
      ],
      "data_path": "D:\\Agent-AI\\outputs\\s3a_left_v3\\sample_000014\\images\\CAM_FRONT_LEFT.png",
      "raw_layout": "bgra8"
    },
    "CAM_BACK": {
      "type_id": "sensor.camera.rgb",
      "blueprint_attributes": {
        "role_name": "front",
        "ros_name": "sensor.camera.rgb",
        "chromatic_aberration_offset": "0.0",
        "sensor_tick": "0.100000",
        "fstop": "1.4",
        "image_size_x": "960",
        "image_size_y": "540",
        "fov": "70.00",
        "lens_circle_falloff": "5.0",
        "lens_circle_multiplier": "0.0",
        "exposure_compensation": "0.0",
        "lens_y_size": "0.08",
        "lens_k": "-1.0",
        "exposure_mode": "histogram",
        "lens_kcube": "0.0",
        "lens_x_size": "0.08",
        "exposure_max_bright": "12.0",
        "shutter_speed": "200.0",
        "bloom_intensity": "0.675",
        "iso": "100.0",
        "enable_postprocess_effects": "false",
        "gamma": "2.2",
        "motion_blur_intensity": "0.0",
        "motion_blur_max_distortion": "0.35",
        "lens_flare_intensity": "0.1",
        "motion_blur_min_object_screen_size": "0.1",
        "exposure_min_bright": "10.0",
        "exposure_speed_up": "3.0",
        "exposure_speed_down": "1.0",
        "tint": "0.0",
        "calibration_constant": "16.0",
        "focal_distance": "1000.0",
        "min_fstop": "1.2",
        "blade_count": "5",
        "blur_amount": "0.0",
        "blur_radius": "0.0",
        "slope": "0.88",
        "toe": "0.55",
        "white_clip": "0.04",
        "shoulder": "0.26",
        "black_clip": "0.0",
        "temp": "6500.0",
        "chromatic_aberration_intensity": "0.0"
      },
      "transform_carla": {
        "location": {
          "x": 109.6100845336914,
          "y": -26.61762237548828,
          "z": 1.67952299118042
        },
        "rotation": {
          "roll": -0.3300296664237976,
          "pitch": -0.521484911441803,
          "yaw": 83.78392791748047
        }
      },
      "matrix_world_from_sensor_carla": [
        [
          0.1082737147808075,
          -0.9940985441207886,
          0.006711685564368963,
          109.6100845336914
        ],
        [
          0.9940794706344604,
          0.10832852125167847,
          0.008424151688814163,
          -26.61762237548828
        ],
        [
          -0.009101502597332,
          0.005759834311902523,
          0.9999420046806335,
          1.67952299118042
        ],
        [
          0.0,
          0.0,
          0.0,
          1.0
        ]
      ],
      "matrix_world_from_sensor_bevfusion": [
        [
          -0.9940985441207886,
          -0.006711685564368963,
          0.1082737147808075,
          109.6100845336914
        ],
        [
          -0.10832852125167847,
          0.008424151688814163,
          -0.9940794706344604,
          26.61762237548828
        ],
        [
          0.005759834311902523,
          -0.9999420046806335,
          -0.009101502597332,
          1.67952299118042
        ],
        [
          0.0,
          0.0,
          0.0,
          1.0
        ]
      ],
      "matrix_ego_from_sensor_carla": [
        [
          -1.0,
          -2.650525630087941e-07,
          2.1534996008654161e-10,
          -1.5499992370605469
        ],
        [
          2.687499147668859e-07,
          -1.0,
          3.423835437388334e-09,
          0.0
        ],
        [
          1.6472951891444154e-09,
          3.5610028259469573e-09,
          1.0,
          1.7000000476837158
        ],
        [
          0.0,
          0.0,
          0.0,
          1.0
        ]
      ],
      "matrix_ego_from_sensor_bevfusion": [
        [
          -2.650525630087941e-07,
          -2.1534996008654161e-10,
          -1.0,
          -1.5499992370605469
        ],
        [
          1.0,
          3.423835437388334e-09,
          -2.687499147668859e-07,
          0.0
        ],
        [
          3.5610028259469573e-09,
          -1.0,
          1.6472951891444154e-09,
          1.7000000476837158
        ],
        [
          0.0,
          0.0,
          0.0,
          1.0
        ]
      ],
      "camera_intrinsics": [
        [
          685.5110473632812,
          0.0,
          480.0
        ],
        [
          0.0,
          685.5110473632812,
          270.0
        ],
        [
          0.0,
          0.0,
          1.0
        ]
      ],
      "data_path": "D:\\Agent-AI\\outputs\\s3a_left_v3\\sample_000014\\images\\CAM_BACK.png",
      "raw_layout": "bgra8"
    },
    "CAM_BACK_LEFT": {
      "type_id": "sensor.camera.rgb",
      "blueprint_attributes": {
        "role_name": "front",
        "ros_name": "sensor.camera.rgb",
        "chromatic_aberration_offset": "0.0",
        "sensor_tick": "0.100000",
        "fstop": "1.4",
        "image_size_x": "960",
        "image_size_y": "540",
        "fov": "70.00",
        "lens_circle_falloff": "5.0",
        "lens_circle_multiplier": "0.0",
        "exposure_compensation": "0.0",
        "lens_y_size": "0.08",
        "lens_k": "-1.0",
        "exposure_mode": "histogram",
        "lens_kcube": "0.0",
        "lens_x_size": "0.08",
        "exposure_max_bright": "12.0",
        "shutter_speed": "200.0",
        "bloom_intensity": "0.675",
        "iso": "100.0",
        "enable_postprocess_effects": "false",
        "gamma": "2.2",
        "motion_blur_intensity": "0.0",
        "motion_blur_max_distortion": "0.35",
        "lens_flare_intensity": "0.1",
        "motion_blur_min_object_screen_size": "0.1",
        "exposure_min_bright": "10.0",
        "exposure_speed_up": "3.0",
        "exposure_speed_down": "1.0",
        "tint": "0.0",
        "calibration_constant": "16.0",
        "focal_distance": "1000.0",
        "min_fstop": "1.2",
        "blade_count": "5",
        "blur_amount": "0.0",
        "blur_radius": "0.0",
        "slope": "0.88",
        "toe": "0.55",
        "white_clip": "0.04",
        "shoulder": "0.26",
        "black_clip": "0.0",
        "temp": "6500.0",
        "chromatic_aberration_intensity": "0.0"
      },
      "transform_carla": {
        "location": {
          "x": 109.0362548828125,
          "y": -26.806562423706055,
          "z": 1.6849662065505981
        },
        "rotation": {
          "roll": -0.61646968126297,
          "pitch": -0.028775585815310478,
          "yaw": 138.78256225585938
        }
      },
      "matrix_world_from_sensor_carla": [
        [
          -0.752214252948761,
          -0.6588843464851379,
          0.006711685098707676,
          109.0362548828125
        ],
        [
          0.6589183807373047,
          -0.752167284488678,
          0.008424146100878716,
          -26.806562423706055
        ],
        [
          -0.0005022287368774414,
          0.010759216733276844,
          0.9999420046806335,
          1.6849662065505981
        ],
        [
          0.0,
          0.0,
          0.0,
          1.0
        ]
      ],
      "matrix_world_from_sensor_bevfusion": [
        [
          -0.6588843464851379,
          -0.006711685098707676,
          -0.752214252948761,
          109.0362548828125
        ],
        [
          0.752167284488678,
          0.008424146100878716,
          -0.6589183807373047,
          26.806562423706055
        ],
        [
          0.010759216733276844,
          -0.9999420046806335,
          -0.0005022287368774414,
          1.6849662065505981
        ],
        [
          0.0,
          0.0,
          0.0,
          1.0
        ]
      ],
      "matrix_ego_from_sensor_carla": [
        [
          -0.5735770463943481,
          0.8191516995429993,
          6.734607982394891e-09,
          -1.299997329711914
        ],
        [
          -0.8191515803337097,
          -0.5735769271850586,
          3.423835437388334e-09,
          -0.5500030517578125
        ],
        [
          7.648289113149076e-09,
          -1.8607306806472934e-09,
          1.0,
          1.6999998092651367
        ],
        [
          0.0,
          0.0,
          0.0,
          1.0
        ]
      ],
      "matrix_ego_from_sensor_bevfusion": [
        [
          0.8191516995429993,
          -6.734607982394891e-09,
          -0.5735770463943481,
          -1.299997329711914
        ],
        [
          0.5735769271850586,
          3.423835437388334e-09,
          0.8191515803337097,
          0.5500030517578125
        ],
        [
          -1.8607306806472934e-09,
          -1.0,
          7.648289113149076e-09,
          1.6999998092651367
        ],
        [
          0.0,
          0.0,
          0.0,
          1.0
        ]
      ],
      "camera_intrinsics": [
        [
          685.5110473632812,
          0.0,
          480.0
        ],
        [
          0.0,
          685.5110473632812,
          270.0
        ],
        [
          0.0,
          0.0,
          1.0
        ]
      ],
      "data_path": "D:\\Agent-AI\\outputs\\s3a_left_v3\\sample_000014\\images\\CAM_BACK_LEFT.png",
      "raw_layout": "bgra8"
    },
    "CAM_BACK_RIGHT": {
      "type_id": "sensor.camera.rgb",
      "blueprint_attributes": {
        "role_name": "front",
        "ros_name": "sensor.camera.rgb",
        "chromatic_aberration_offset": "0.0",
        "sensor_tick": "0.100000",
        "fstop": "1.4",
        "image_size_x": "960",
        "image_size_y": "540",
        "fov": "70.00",
        "lens_circle_falloff": "5.0",
        "lens_circle_multiplier": "0.0",
        "exposure_compensation": "0.0",
        "lens_y_size": "0.08",
        "lens_k": "-1.0",
        "exposure_mode": "histogram",
        "lens_kcube": "0.0",
        "lens_x_size": "0.08",
        "exposure_max_bright": "12.0",
        "shutter_speed": "200.0",
        "bloom_intensity": "0.675",
        "iso": "100.0",
        "enable_postprocess_effects": "false",
        "gamma": "2.2",
        "motion_blur_intensity": "0.0",
        "motion_blur_max_distortion": "0.35",
        "lens_flare_intensity": "0.1",
        "motion_blur_min_object_screen_size": "0.1",
        "exposure_min_bright": "10.0",
        "exposure_speed_up": "3.0",
        "exposure_speed_down": "1.0",
        "tint": "0.0",
        "calibration_constant": "16.0",
        "focal_distance": "1000.0",
        "min_fstop": "1.2",
        "blade_count": "5",
        "blur_amount": "0.0",
        "blur_radius": "0.0",
        "slope": "0.88",
        "toe": "0.55",
        "white_clip": "0.04",
        "shoulder": "0.26",
        "black_clip": "0.0",
        "temp": "6500.0",
        "chromatic_aberration_intensity": "0.0"
      },
      "transform_carla": {
        "location": {
          "x": 110.1297607421875,
          "y": -26.925722122192383,
          "z": 1.6786304712295532
        },
        "rotation": {
          "roll": 0.23789361119270325,
          "pitch": -0.5694465041160583,
          "yaw": 28.781230926513672
        }
      },
      "matrix_world_from_sensor_carla": [
        [
          0.8764210939407349,
          -0.4814985990524292,
          0.0067116557620465755,
          110.1297607421875
        ],
        [
          0.48144280910491943,
          0.8764370083808899,
          0.008424133062362671,
          -26.925722122192383
        ],
        [
          -0.009938552044332027,
          -0.004151809494942427,
          0.9999419450759888,
          1.6786304712295532
        ],
        [
          0.0,
          0.0,
          0.0,
          1.0
        ]
      ],
      "matrix_world_from_sensor_bevfusion": [
        [
          -0.4814985990524292,
          -0.0067116557620465755,
          0.8764210939407349,
          110.1297607421875
        ],
        [
          -0.8764370083808899,
          0.008424133062362671,
          -0.48144280910491943,
          26.925722122192383
        ],
        [
          -0.004151809494942427,
          -0.9999419450759888,
          -0.009938552044332027,
          1.6786304712295532
        ],
        [
          0.0,
          0.0,
          0.0,
          1.0
        ]
      ],
      "matrix_ego_from_sensor_carla": [
        [
          -0.573576033115387,
          -0.8191523551940918,
          2.2024600809800177e-08,
          -1.2999992370605469
        ],
        [
          0.8191522359848022,
          -0.5735759735107422,
          -2.3241206292823335e-08,
          0.5499954223632812
        ],
        [
          3.1565793534582554e-08,
          6.092228943543887e-09,
          0.9999999403953552,
          1.7000000476837158
        ],
        [
          0.0,
          0.0,
          0.0,
          1.0
        ]
      ],
      "matrix_ego_from_sensor_bevfusion": [
        [
          -0.8191523551940918,
          -2.2024600809800177e-08,
          -0.573576033115387,
          -1.2999992370605469
        ],
        [
          0.5735759735107422,
          -2.3241206292823335e-08,
          -0.8191522359848022,
          -0.5499954223632812
        ],
        [
          6.092228943543887e-09,
          -0.9999999403953552,
          3.1565793534582554e-08,
          1.7000000476837158
        ],
        [
          0.0,
          0.0,
          0.0,
          1.0
        ]
      ],
      "camera_intrinsics": [
        [
          685.5110473632812,
          0.0,
          480.0
        ],
        [
          0.0,
          685.5110473632812,
          270.0
        ],
        [
          0.0,
          0.0,
          1.0
        ]
      ],
      "data_path": "D:\\Agent-AI\\outputs\\s3a_left_v3\\sample_000014\\images\\CAM_BACK_RIGHT.png",
      "raw_layout": "bgra8"
    },
    "LIDAR_TOP": {
      "type_id": "sensor.lidar.ray_cast",
      "blueprint_attributes": {
        "atmosphere_attenuation_rate": "0.004",
        "role_name": "front",
        "noise_seed": "0",
        "upper_fov": "10.0",
        "ros_name": "sensor.lidar.ray_cast",
        "sensor_tick": "0.100000",
        "channels": "32",
        "range": "120.0",
        "points_per_second": "360000",
        "lower_fov": "-30.0",
        "rotation_frequency": "10.000000",
        "horizontal_fov": "360.0",
        "dropoff_general_rate": "0.0",
        "dropoff_intensity_limit": "1.0",
        "noise_stddev": "0.0",
        "dropoff_zero_intensity": "0.0"
      },
      "transform_carla": {
        "location": {
          "x": 109.44561004638672,
          "y": -28.154232025146484,
          "z": 2.193601369857788
        },
        "rotation": {
          "roll": 0.33002960681915283,
          "pitch": 0.521484911441803,
          "yaw": -96.21605682373047
        }
      },
      "matrix_world_from_sensor_carla": [
        [
          -0.108273446559906,
          0.9940985441207886,
          0.006711681839078665,
          109.44561004638672
        ],
        [
          -0.9940794706344604,
          -0.10832825303077698,
          0.008424152620136738,
          -28.154232025146484
        ],
        [
          0.009101502597332,
          -0.005759832914918661,
          0.9999420046806335,
          2.193601369857788
        ],
        [
          0.0,
          0.0,
          0.0,
          1.0
        ]
      ],
      "matrix_world_from_sensor_bevfusion": [
        [
          -0.108273446559906,
          -0.9940985441207886,
          0.006711681839078665,
          109.44561004638672
        ],
        [
          0.9940794706344604,
          -0.10832825303077698,
          -0.008424152620136738,
          28.154232025146484
        ],
        [
          0.009101502597332,
          0.005759832914918661,
          0.9999420046806335,
          2.193601369857788
        ],
        [
          0.0,
          0.0,
          0.0,
          1.0
        ]
      ],
      "matrix_ego_from_sensor_carla": [
        [
          1.0,
          -1.565837237649248e-09,
          2.1534996008654161e-10,
          -1.9073486328125e-06
        ],
        [
          -5.290132221169586e-10,
          1.0,
          -3.014548888291557e-10,
          -7.62939453125e-06
        ],
        [
          2.1534996008654161e-10,
          1.6420639847858354e-10,
          1.0,
          2.200000047683716
        ],
        [
          0.0,
          0.0,
          0.0,
          1.0
        ]
      ],
      "matrix_ego_from_sensor_bevfusion": [
        [
          1.0,
          1.565837237649248e-09,
          2.1534996008654161e-10,
          -1.9073486328125e-06
        ],
        [
          5.290132221169586e-10,
          1.0,
          3.014548888291557e-10,
          7.62939453125e-06
        ],
        [
          2.1534996008654161e-10,
          -1.6420639847858354e-10,
          1.0,
          2.200000047683716
        ],
        [
          0.0,
          0.0,
          0.0,
          1.0
        ]
      ],
      "data_path": "D:\\Agent-AI\\outputs\\s3a_left_v3\\sample_000014\\lidar\\LIDAR_TOP.npy",
      "raw_layout": [
        "x",
        "y",
        "z",
        "intensity"
      ]
    },
    "RADAR_FRONT": {
      "type_id": "sensor.other.radar",
      "blueprint_attributes": {
        "sensor_tick": "0.100000",
        "role_name": "default",
        "noise_seed": "0",
        "ros_name": "sensor.other.radar",
        "horizontal_fov": "35.0",
        "points_per_second": "1500",
        "vertical_fov": "20.0",
        "range": "120.0"
      },
      "transform_carla": {
        "location": {
          "x": 109.2203369140625,
          "y": -30.15334129333496,
          "z": 0.9118797183036804
        },
        "rotation": {
          "roll": 0.33002960681915283,
          "pitch": 0.521484911441803,
          "yaw": -96.21605682373047
        }
      },
      "matrix_world_from_sensor_carla": [
        [
          -0.108273446559906,
          0.9940985441207886,
          0.006711681839078665,
          109.2203369140625
        ],
        [
          -0.9940794706344604,
          -0.10832825303077698,
          0.008424152620136738,
          -30.15334129333496
        ],
        [
          0.009101502597332,
          -0.005759832914918661,
          0.9999420046806335,
          0.9118797183036804
        ],
        [
          0.0,
          0.0,
          0.0,
          1.0
        ]
      ],
      "matrix_world_from_sensor_bevfusion": [
        [
          -0.108273446559906,
          -0.9940985441207886,
          0.006711681839078665,
          109.2203369140625
        ],
        [
          0.9940794706344604,
          -0.10832825303077698,
          -0.008424152620136738,
          30.15334129333496
        ],
        [
          0.009101502597332,
          0.005759832914918661,
          0.9999420046806335,
          0.9118797183036804
        ],
        [
          0.0,
          0.0,
          0.0,
          1.0
        ]
      ],
      "matrix_ego_from_sensor_carla": [
        [
          1.0,
          -1.565837237649248e-09,
          2.1534996008654161e-10,
          1.9999980926513672
        ],
        [
          -5.290132221169586e-10,
          1.0,
          -3.014548888291557e-10,
          0.0
        ],
        [
          2.1534996008654161e-10,
          1.6420639847858354e-10,
          1.0,
          0.8999999761581421
        ],
        [
          0.0,
          0.0,
          0.0,
          1.0
        ]
      ],
      "matrix_ego_from_sensor_bevfusion": [
        [
          1.0,
          1.565837237649248e-09,
          2.1534996008654161e-10,
          1.9999980926513672
        ],
        [
          5.290132221169586e-10,
          1.0,
          3.014548888291557e-10,
          0.0
        ],
        [
          2.1534996008654161e-10,
          -1.6420639847858354e-10,
          1.0,
          0.8999999761581421
        ],
        [
          0.0,
          0.0,
          0.0,
          1.0
        ]
      ],
      "data_path": "D:\\Agent-AI\\outputs\\s3a_left_v3\\sample_000014\\radar\\RADAR_FRONT.npy",
      "raw_layout": [
        "velocity",
        "altitude",
        "azimuth",
        "depth"
      ]
    },
    "RADAR_FRONT_LEFT": {
      "type_id": "sensor.other.radar",
      "blueprint_attributes": {
        "sensor_tick": "0.100000",
        "role_name": "default",
        "noise_seed": "0",
        "ros_name": "sensor.other.radar",
        "horizontal_fov": "35.0",
        "points_per_second": "1500",
        "vertical_fov": "20.0",
        "range": "120.0"
      },
      "transform_carla": {
        "location": {
          "x": 108.51266479492188,
          "y": -29.72416877746582,
          "z": 0.9130140542984009
        },
        "rotation": {
          "roll": -0.1353927105665207,
          "pitch": 0.6021016240119934,
          "yaw": -141.21827697753906
        }
      },
      "matrix_world_from_sensor_carla": [
        [
          -0.7794947028160095,
          0.6263728737831116,
          0.0067116133868694305,
          108.51266479492188
        ],
        [
          -0.6263206601142883,
          -0.7795199751853943,
          0.008424095809459686,
          -29.72416877746582
        ],
        [
          0.010508461855351925,
          0.002362916013225913,
          0.9999420046806335,
          0.9130140542984009
        ],
        [
          0.0,
          0.0,
          0.0,
          1.0
        ]
      ],
      "matrix_world_from_sensor_bevfusion": [
        [
          -0.7794947028160095,
          -0.6263728737831116,
          0.0067116133868694305,
          108.51266479492188
        ],
        [
          0.6263206601142883,
          -0.7795199751853943,
          -0.008424095809459686,
          29.72416877746582
        ],
        [
          0.010508461855351925,
          -0.002362916013225913,
          0.9999420046806335,
          0.9130140542984009
        ],
        [
          0.0,
          0.0,
          0.0,
          1.0
        ]
      ],
      "matrix_ego_from_sensor_carla": [
        [
          0.7071067690849304,
          0.7071068286895752,
          6.447660894082219e-08,
          1.6499996185302734
        ],
        [
          -0.7071067690849304,
          0.7071067690849304,
          -6.22344060730029e-08,
          -0.7499923706054688
        ],
        [
          -8.883228019840317e-08,
          -1.7634648186160007e-09,
          1.0,
          0.8999999761581421
        ],
        [
          0.0,
          0.0,
          0.0,
          1.0
        ]
      ],
      "matrix_ego_from_sensor_bevfusion": [
        [
          0.7071067690849304,
          -0.7071068286895752,
          6.447660894082219e-08,
          1.6499996185302734
        ],
        [
          0.7071067690849304,
          0.7071067690849304,
          6.22344060730029e-08,
          0.7499923706054688
        ],
        [
          -8.883228019840317e-08,
          1.7634648186160007e-09,
          1.0,
          0.8999999761581421
        ],
        [
          0.0,
          0.0,
          0.0,
          1.0
        ]
      ],
      "data_path": "D:\\Agent-AI\\outputs\\s3a_left_v3\\sample_000014\\radar\\RADAR_FRONT_LEFT.npy",
      "raw_layout": [
        "velocity",
        "altitude",
        "azimuth",
        "depth"
      ]
    },
    "RADAR_FRONT_RIGHT": {
      "type_id": "sensor.other.radar",
      "blueprint_attributes": {
        "sensor_tick": "0.100000",
        "role_name": "default",
        "noise_seed": "0",
        "ros_name": "sensor.other.radar",
        "horizontal_fov": "35.0",
        "points_per_second": "1500",
        "vertical_fov": "20.0",
        "range": "120.0"
      },
      "transform_carla": {
