{
  "schema_version": "stage1.v1",
  "sample_name": "sample_000025",
  "sequence_index": 25,
  "previous_sample_name": "sample_000024",
  "frame_id": 726298,
  "timestamp": 4999.694624755532,
  "platform_timestamp": 16813377.0504604,
  "delta_seconds": 0.10000000149011612,
  "town": "Carla/Maps/Town10HD_Opt",
  "weather": {
    "cloudiness": 20.0,
    "dust_storm": 0.0,
    "fog_density": 2.0,
    "fog_distance": 0.75,
    "fog_falloff": 0.10000000149011612,
    "mie_scattering_scale": 0.029999999329447746,
    "precipitation": 0.0,
    "precipitation_deposits": 0.0,
    "rayleigh_scattering_scale": 0.03310000151395798,
    "scattering_intensity": 1.0,
    "sun_altitude_angle": 45.0,
    "sun_azimuth_angle": 300.0,
    "wetness": 0.0,
    "wind_intensity": 10.0
  },
  "sensor_names": [
    "CAM_FRONT",
    "CAM_FRONT_RIGHT",
    "CAM_FRONT_LEFT",
    "CAM_BACK",
    "CAM_BACK_LEFT",
    "CAM_BACK_RIGHT",
    "LIDAR_TOP",
    "RADAR_FRONT",
    "RADAR_FRONT_LEFT",
    "RADAR_FRONT_RIGHT",
    "RADAR_BACK_LEFT",
    "RADAR_BACK_RIGHT"
  ],
  "camera_order_for_model": [
    "CAM_FRONT",
    "CAM_FRONT_RIGHT",
    "CAM_FRONT_LEFT",
    "CAM_BACK",
    "CAM_BACK_LEFT",
    "CAM_BACK_RIGHT"
  ],
  "radar_order_for_model": [
    "RADAR_FRONT",
    "RADAR_FRONT_LEFT",
    "RADAR_FRONT_RIGHT",
    "RADAR_BACK_LEFT",
    "RADAR_BACK_RIGHT"
  ],
  "coordinate_notes": {
    "carla_world": "left-handed x-forward y-right z-up",
    "bevfusion_lidar": "x-forward y-left z-up",
    "camera_frame_for_model": "OpenCV style x-right y-down z-forward"
  },
  "ego": {
    "actor_id": 49,
    "transform_carla": {
      "location": {
        "x": 104.97482299804688,
        "y": -33.17340850830078,
        "z": -0.004500617738813162
      },
      "rotation": {
        "roll": 0.11750344932079315,
        "pitch": 0.0003278490621596575,
        "yaw": -103.27946472167969
      }
    },
    "velocity_carla": [
      -0.5642827749252319,
      -1.8373903036117554,
      0.00011672973050735891
    ],
    "angular_velocity_carla": [
      -1.670653223991394,
      1.0841236114501953,
      -5.417043685913086
    ],
    "matrix_world_from_ego_carla": [
      [
        -0.22970086336135864,
        0.9732592701911926,
        0.0019972987938672304,
        104.97482299804688
      ],
      [
        -0.973261296749115,
        -0.22970040142536163,
        -0.00046550625120289624,
        -33.17340850830078
      ],
      [
        5.722045443690149e-06,
        -0.0020508207380771637,
        0.9999979138374329,
        -0.004500617738813162
      ],
      [
        0.0,
        0.0,
        0.0,
        1.0
      ]
    ],
    "matrix_world_from_ego_bevfusion": [
      [
        -0.22970086336135864,
        -0.9732592701911926,
        0.0019972987938672304,
        104.97482299804688
      ],
      [
        0.973261296749115,
        -0.22970040142536163,
        0.00046550625120289624,
        33.17340850830078
      ],
      [
        5.722045443690149e-06,
        0.0020508207380771637,
        0.9999979138374329,
        -0.004500617738813162
      ],
      [
        0.0,
        0.0,
        0.0,
        1.0
      ]
    ]
  },
  "sensors": {
    "CAM_FRONT": {
      "type_id": "sensor.camera.rgb",
      "blueprint_attributes": {
        "role_name": "front",
        "ros_name": "sensor.camera.rgb",
        "chromatic_aberration_offset": "0.0",
        "sensor_tick": "0.100000",
        "fstop": "1.4",
        "image_size_x": "960",
        "image_size_y": "540",
        "fov": "70.00",
        "lens_circle_falloff": "5.0",
        "lens_circle_multiplier": "0.0",
        "exposure_compensation": "0.0",
        "lens_y_size": "0.08",
        "lens_k": "-1.0",
        "exposure_mode": "histogram",
        "lens_kcube": "0.0",
        "lens_x_size": "0.08",
        "exposure_max_bright": "12.0",
        "shutter_speed": "200.0",
        "bloom_intensity": "0.675",
        "iso": "100.0",
        "enable_postprocess_effects": "false",
        "gamma": "2.2",
        "motion_blur_intensity": "0.0",
        "motion_blur_max_distortion": "0.35",
        "lens_flare_intensity": "0.1",
        "motion_blur_min_object_screen_size": "0.1",
        "exposure_min_bright": "10.0",
        "exposure_speed_up": "3.0",
        "exposure_speed_down": "1.0",
        "tint": "0.0",
        "calibration_constant": "16.0",
        "focal_distance": "1000.0",
        "min_fstop": "1.2",
        "blade_count": "5",
        "blur_amount": "0.0",
        "blur_radius": "0.0",
        "slope": "0.88",
        "toe": "0.55",
        "white_clip": "0.04",
        "shoulder": "0.26",
        "black_clip": "0.0",
        "temp": "6500.0",
        "chromatic_aberration_intensity": "0.0"
      },
      "transform_carla": {
        "location": {
          "x": 104.62218475341797,
          "y": -34.68275451660156,
          "z": 1.6955046653747559
        },
        "rotation": {
          "roll": 0.11750344932079315,
          "pitch": 0.0003278490621596575,
          "yaw": -103.27946472167969
        }
      },
      "matrix_world_from_sensor_carla": [
        [
          -0.22970086336135864,
          0.9732592701911926,
          0.0019972987938672304,
          104.62218475341797
        ],
        [
          -0.973261296749115,
          -0.22970040142536163,
          -0.00046550625120289624,
          -34.68275451660156
        ],
        [
          5.722045443690149e-06,
          -0.0020508207380771637,
          0.9999979138374329,
          1.6955046653747559
        ],
        [
          0.0,
          0.0,
          0.0,
          1.0
        ]
      ],
      "matrix_world_from_sensor_bevfusion": [
        [
          0.9732592701911926,
          -0.0019972987938672304,
          -0.22970086336135864,
          104.62218475341797
        ],
        [
          0.22970040142536163,
          -0.00046550625120289624,
          0.973261296749115,
          34.68275451660156
        ],
        [
          -0.0020508207380771637,
          -0.9999979138374329,
          5.722045443690149e-06,
          1.6955046653747559
        ],
        [
          0.0,
          0.0,
          0.0,
          1.0
        ]
      ],
      "matrix_ego_from_sensor_carla": [
        [
          1.0,
          -1.5280216203450436e-08,
          -2.012259976702513e-11,
          1.549997329711914
        ],
        [
          -1.569326180117514e-08,
          1.0,
          -1.4543677373524133e-10,
          7.62939453125e-06
        ],
        [
          2.2737369279046682e-11,
          -2.319833214414757e-11,
          1.0,
          1.6999999284744263
        ],
        [
          0.0,
          0.0,
          0.0,
          1.0
        ]
      ],
      "matrix_ego_from_sensor_bevfusion": [
        [
          -1.5280216203450436e-08,
          2.012259976702513e-11,
          1.0,
          1.549997329711914
        ],
        [
          -1.0,
          -1.4543677373524133e-10,
          1.569326180117514e-08,
          -7.62939453125e-06
        ],
        [
          -2.319833214414757e-11,
          -1.0,
          2.2737369279046682e-11,
          1.6999999284744263
        ],
        [
          0.0,
          0.0,
          0.0,
          1.0
        ]
      ],
      "camera_intrinsics": [
        [
          685.5110473632812,
          0.0,
          480.0
        ],
        [
          0.0,
          685.5110473632812,
          270.0
        ],
        [
          0.0,
          0.0,
          1.0
        ]
      ],
      "data_path": "D:\\Agent-AI\\outputs\\s3a_ml_long_v1\\sample_000025\\images\\CAM_FRONT.png",
      "raw_layout": "bgra8"
    },
    "CAM_FRONT_RIGHT": {
      "type_id": "sensor.camera.rgb",
      "blueprint_attributes": {
        "role_name": "front",
        "ros_name": "sensor.camera.rgb",
        "chromatic_aberration_offset": "0.0",
        "sensor_tick": "0.100000",
        "fstop": "1.4",
        "image_size_x": "960",
        "image_size_y": "540",
        "fov": "70.00",
        "lens_circle_falloff": "5.0",
        "lens_circle_multiplier": "0.0",
        "exposure_compensation": "0.0",
        "lens_y_size": "0.08",
        "lens_k": "-1.0",
        "exposure_mode": "histogram",
        "lens_kcube": "0.0",
        "lens_x_size": "0.08",
        "exposure_max_bright": "12.0",
        "shutter_speed": "200.0",
        "bloom_intensity": "0.675",
        "iso": "100.0",
        "enable_postprocess_effects": "false",
        "gamma": "2.2",
        "motion_blur_intensity": "0.0",
        "motion_blur_max_distortion": "0.35",
        "lens_flare_intensity": "0.1",
        "motion_blur_min_object_screen_size": "0.1",
        "exposure_min_bright": "10.0",
        "exposure_speed_up": "3.0",
        "exposure_speed_down": "1.0",
        "tint": "0.0",
        "calibration_constant": "16.0",
        "focal_distance": "1000.0",
        "min_fstop": "1.2",
        "blade_count": "5",
        "blur_amount": "0.0",
        "blur_radius": "0.0",
        "slope": "0.88",
        "toe": "0.55",
        "white_clip": "0.04",
        "shoulder": "0.26",
        "black_clip": "0.0",
        "temp": "6500.0",
        "chromatic_aberration_intensity": "0.0"
      },
      "transform_carla": {
        "location": {
          "x": 105.21489715576172,
          "y": -34.565773010253906,
          "z": 1.6943752765655518
        },
        "rotation": {
          "roll": 0.06766585260629654,
          "pitch": -0.09606660902500153,
          "yaw": -48.27949905395508
        }
      },
      "matrix_world_from_sensor_carla": [
        [
          0.6654965281486511,
          0.7463982701301575,
          0.0019973162561655045,
          105.21489715576172
        ],
        [
          -0.7463990449905396,
          0.6654984951019287,
          -0.00046552461571991444,
          -34.565773010253906
        ],
        [
          -0.0016766778426244855,
          -0.0011809899006038904,
          0.9999978542327881,
          1.6943752765655518
        ],
        [
          0.0,
          0.0,
          0.0,
          1.0
        ]
      ],
      "matrix_world_from_sensor_bevfusion": [
        [
          0.7463982701301575,
          -0.0019973162561655045,
          0.6654965281486511,
          105.21489715576172
        ],
        [
          -0.6654984951019287,
          -0.00046552461571991444,
          0.7463990449905396,
          34.565773010253906
        ],
        [
          -0.0011809899006038904,
          -0.9999978542327881,
          -0.0016766778426244855,
          1.6943752765655518
        ],
        [
          0.0,
          0.0,
          0.0,
          1.0
        ]
      ],
      "matrix_ego_from_sensor_carla": [
        [
          0.5735761523246765,
          -0.8191522359848022,
          1.3836597645422444e-08,
          1.299997329711914
        ],
        [
          0.8191521763801575,
          0.5735762119293213,
          2.116438935217957e-08,
          0.5500030517578125
        ],
        [
          -2.5622485466669787e-08,
          -9.5833030400172e-10,
          0.9999999403953552,
          1.6999999284744263
        ],
        [
          0.0,
          0.0,
          0.0,
          1.0
        ]
      ],
      "matrix_ego_from_sensor_bevfusion": [
        [
          -0.8191522359848022,
          -1.3836597645422444e-08,
          0.5735761523246765,
          1.299997329711914
        ],
        [
          -0.5735762119293213,
          2.116438935217957e-08,
          -0.8191521763801575,
          -0.5500030517578125
        ],
        [
          -9.5833030400172e-10,
          -0.9999999403953552,
          -2.5622485466669787e-08,
          1.6999999284744263
        ],
        [
          0.0,
          0.0,
          0.0,
          1.0
        ]
      ],
      "camera_intrinsics": [
        [
          685.5110473632812,
          0.0,
          480.0
        ],
        [
          0.0,
          685.5110473632812,
          270.0
        ],
        [
          0.0,
          0.0,
          1.0
        ]
      ],
      "data_path": "D:\\Agent-AI\\outputs\\s3a_ml_long_v1\\sample_000025\\images\\CAM_FRONT_RIGHT.png",
      "raw_layout": "bgra8"
    },
    "CAM_FRONT_LEFT": {
      "type_id": "sensor.camera.rgb",
      "blueprint_attributes": {
        "role_name": "front",
        "ros_name": "sensor.camera.rgb",
        "chromatic_aberration_offset": "0.0",
        "sensor_tick": "0.100000",
        "fstop": "1.4",
        "image_size_x": "960",
        "image_size_y": "540",
        "fov": "70.00",
        "lens_circle_falloff": "5.0",
        "lens_circle_multiplier": "0.0",
        "exposure_compensation": "0.0",
        "lens_y_size": "0.08",
        "lens_k": "-1.0",
        "exposure_mode": "histogram",
        "lens_kcube": "0.0",
        "lens_x_size": "0.08",
        "exposure_max_bright": "12.0",
        "shutter_speed": "200.0",
        "bloom_intensity": "0.675",
        "iso": "100.0",
        "enable_postprocess_effects": "false",
        "gamma": "2.2",
        "motion_blur_intensity": "0.0",
        "motion_blur_max_distortion": "0.35",
        "lens_flare_intensity": "0.1",
        "motion_blur_min_object_screen_size": "0.1",
        "exposure_min_bright": "10.0",
        "exposure_speed_up": "3.0",
        "exposure_speed_down": "1.0",
        "tint": "0.0",
        "calibration_constant": "16.0",
        "focal_distance": "1000.0",
        "min_fstop": "1.2",
        "blade_count": "5",
        "blur_amount": "0.0",
        "blur_radius": "0.0",
        "slope": "0.88",
        "toe": "0.55",
        "white_clip": "0.04",
        "shoulder": "0.26",
        "black_clip": "0.0",
        "temp": "6500.0",
        "chromatic_aberration_intensity": "0.0"
      },
      "transform_carla": {
        "location": {
          "x": 104.14431762695312,
          "y": -34.31310272216797,
          "z": 1.6966310739517212
        },
        "rotation": {
          "roll": 0.06712871789932251,
          "pitch": 0.09644226729869843,
          "yaw": -158.27938842773438
        }
      },
      "matrix_world_from_sensor_carla": [
        [
          -0.9289981722831726,
          0.3700788915157318,
          0.001997315790504217,
          104.14431762695312
        ],
        [
          -0.37008044123649597,
          -0.9289995431900024,
          -0.0004654990625567734,
          -34.31310272216797
        ],
        [
          0.0016832342371344566,
          -0.0011716153239831328,
          0.9999978542327881,
          1.6966310739517212
        ],
        [
          0.0,
          0.0,
          0.0,
          1.0
        ]
      ],
      "matrix_world_from_sensor_bevfusion": [
        [
          0.3700788915157318,
          -0.001997315790504217,
          -0.9289981722831726,
          104.14431762695312
        ],
        [
          0.9289995431900024,
          -0.0004654990625567734,
          0.37008044123649597,
          34.31310272216797
        ],
        [
          -0.0011716153239831328,
          -0.9999978542327881,
          0.0016832342371344566,
          1.6966310739517212
        ],
        [
          0.0,
          0.0,
          0.0,
          1.0
        ]
      ],
      "matrix_ego_from_sensor_carla": [
        [
          0.5735766291618347,
          0.8191518187522888,
          -1.0916664905380458e-08,
          1.299997329711914
        ],
        [
          -0.8191518783569336,
          0.5735766291618347,
          1.4877962861703509e-08,
          -0.5500030517578125
        ],
        [
          1.8739912732712583e-08,
          3.021226324673165e-10,
          0.9999999403953552,
          1.6999998092651367
        ],
        [
          0.0,
          0.0,
          0.0,
          1.0
        ]
      ],
      "matrix_ego_from_sensor_bevfusion": [
        [
          0.8191518187522888,
          1.0916664905380458e-08,
          0.5735766291618347,
          1.299997329711914
        ],
        [
          -0.5735766291618347,
          1.4877962861703509e-08,
          0.8191518783569336,
          0.5500030517578125
        ],
        [
          3.021226324673165e-10,
          -0.9999999403953552,
          1.8739912732712583e-08,
          1.6999998092651367
        ],
        [
          0.0,
          0.0,
          0.0,
          1.0
        ]
      ],
      "camera_intrinsics": [
        [
          685.5110473632812,
          0.0,
          480.0
        ],
        [
          0.0,
          685.5110473632812,
          270.0
        ],
        [
          0.0,
          0.0,
          1.0
        ]
      ],
      "data_path": "D:\\Agent-AI\\outputs\\s3a_ml_long_v1\\sample_000025\\images\\CAM_FRONT_LEFT.png",
      "raw_layout": "bgra8"
    },
    "CAM_BACK": {
      "type_id": "sensor.camera.rgb",
      "blueprint_attributes": {
        "role_name": "front",
        "ros_name": "sensor.camera.rgb",
        "chromatic_aberration_offset": "0.0",
        "sensor_tick": "0.100000",
        "fstop": "1.4",
        "image_size_x": "960",
        "image_size_y": "540",
        "fov": "70.00",
        "lens_circle_falloff": "5.0",
        "lens_circle_multiplier": "0.0",
        "exposure_compensation": "0.0",
        "lens_y_size": "0.08",
        "lens_k": "-1.0",
        "exposure_mode": "histogram",
        "lens_kcube": "0.0",
        "lens_x_size": "0.08",
        "exposure_max_bright": "12.0",
        "shutter_speed": "200.0",
        "bloom_intensity": "0.675",
        "iso": "100.0",
        "enable_postprocess_effects": "false",
        "gamma": "2.2",
        "motion_blur_intensity": "0.0",
        "motion_blur_max_distortion": "0.35",
        "lens_flare_intensity": "0.1",
        "motion_blur_min_object_screen_size": "0.1",
        "exposure_min_bright": "10.0",
        "exposure_speed_up": "3.0",
        "exposure_speed_down": "1.0",
        "tint": "0.0",
        "calibration_constant": "16.0",
        "focal_distance": "1000.0",
        "min_fstop": "1.2",
        "blade_count": "5",
        "blur_amount": "0.0",
        "blur_radius": "0.0",
        "slope": "0.88",
        "toe": "0.55",
        "white_clip": "0.04",
        "shoulder": "0.26",
        "black_clip": "0.0",
        "temp": "6500.0",
        "chromatic_aberration_intensity": "0.0"
      },
      "transform_carla": {
        "location": {
          "x": 105.33425903320312,
          "y": -31.6656436920166,
          "z": 1.6954869031906128
        },
        "rotation": {
          "roll": -0.11750341951847076,
          "pitch": -0.0003278490621596575,
          "yaw": 76.72053527832031
        }
      },
      "matrix_world_from_sensor_carla": [
        [
          0.22970089316368103,
          -0.9732592701911926,
          0.0019972980953752995,
          105.33425903320312
        ],
        [
          0.973261296749115,
          0.22970043122768402,
          -0.0004655061347875744,
          -31.6656436920166
        ],
        [
          -5.722045443690149e-06,
          0.0020508200395852327,
          0.9999979138374329,
          1.6954869031906128
        ],
        [
          0.0,
          0.0,
          0.0,
          1.0
        ]
      ],
      "matrix_world_from_sensor_bevfusion": [
        [
          -0.9732592701911926,
          -0.0019972980953752995,
          0.22970089316368103,
          105.33425903320312
        ],
        [
          -0.22970043122768402,
          -0.0004655061347875744,
          -0.973261296749115,
          31.6656436920166
        ],
        [
          0.0020508200395852327,
          -0.9999979138374329,
          -5.722045443690149e-06,
          1.6954869031906128
        ],
        [
          0.0,
          0.0,
          0.0,
          1.0
        ]
      ],
      "matrix_ego_from_sensor_carla": [
        [
          -1.0,
          -1.3725232506089924e-08,
          4.1268294337371e-11,
          -1.5500025749206543
        ],
        [
          4.549558596522729e-08,
          -1.0,
          -8.439287046968502e-10,
          7.62939453125e-06
        ],
        [
          3.54702933691442e-11,
          -6.752921000163781e-10,
          1.0,
          1.6999999284744263
        ],
        [
          0.0,
          0.0,
          0.0,
          1.0
        ]
      ],
      "matrix_ego_from_sensor_bevfusion": [
        [
          -1.3725232506089924e-08,
          -4.1268294337371e-11,
          -1.0,
          -1.5500025749206543
        ],
        [
          1.0,
          -8.439287046968502e-10,
          -4.549558596522729e-08,
          -7.62939453125e-06
        ],
        [
          -6.752921000163781e-10,
          -1.0,
          3.54702933691442e-11,
          1.6999999284744263
        ],
        [
          0.0,
          0.0,
          0.0,
          1.0
        ]
      ],
      "camera_intrinsics": [
        [
          685.5110473632812,
          0.0,
          480.0
        ],
        [
          0.0,
          685.5110473632812,
          270.0
        ],
        [
          0.0,
          0.0,
          1.0
        ]
      ],
      "data_path": "D:\\Agent-AI\\outputs\\s3a_ml_long_v1\\sample_000025\\images\\CAM_BACK.png",
      "raw_layout": "bgra8"
    },
    "CAM_BACK_LEFT": {
      "type_id": "sensor.camera.rgb",
      "blueprint_attributes": {
        "role_name": "front",
        "ros_name": "sensor.camera.rgb",
        "chromatic_aberration_offset": "0.0",
        "sensor_tick": "0.100000",
        "fstop": "1.4",
        "image_size_x": "960",
        "image_size_y": "540",
        "fov": "70.00",
        "lens_circle_falloff": "5.0",
        "lens_circle_multiplier": "0.0",
        "exposure_compensation": "0.0",
        "lens_y_size": "0.08",
        "lens_k": "-1.0",
        "exposure_mode": "histogram",
        "lens_kcube": "0.0",
        "lens_x_size": "0.08",
        "exposure_max_bright": "12.0",
        "shutter_speed": "200.0",
        "bloom_intensity": "0.675",
        "iso": "100.0",
        "enable_postprocess_effects": "false",
        "gamma": "2.2",
        "motion_blur_intensity": "0.0",
        "motion_blur_max_distortion": "0.35",
        "lens_flare_intensity": "0.1",
        "motion_blur_min_object_screen_size": "0.1",
        "exposure_min_bright": "10.0",
        "exposure_speed_up": "3.0",
        "exposure_speed_down": "1.0",
        "tint": "0.0",
        "calibration_constant": "16.0",
        "focal_distance": "1000.0",
        "min_fstop": "1.2",
        "blade_count": "5",
        "blur_amount": "0.0",
        "blur_radius": "0.0",
        "slope": "0.88",
        "toe": "0.55",
        "white_clip": "0.04",
        "shoulder": "0.26",
        "black_clip": "0.0",
        "temp": "6500.0",
        "chromatic_aberration_intensity": "0.0"
      },
      "transform_carla": {
        "location": {
          "x": 104.74153137207031,
          "y": -31.782623291015625,
          "z": 1.696616291999817
        },
        "rotation": {
          "roll": -0.06766583025455475,
          "pitch": 0.09606660902500153,
          "yaw": 131.7205047607422
        }
      },
      "matrix_world_from_sensor_carla": [
        [
          -0.6654964685440063,
          -0.7463982701301575,
          0.001997316023334861,
          104.74153137207031
        ],
        [
          0.7463990449905396,
          -0.6654984354972839,
          -0.000465524906758219,
          -31.782623291015625
        ],
        [
          0.0016766778426244855,
          0.001180989551357925,
          0.9999978542327881,
          1.696616291999817
        ],
        [
          0.0,
          0.0,
          0.0,
          1.0
        ]
      ],
      "matrix_world_from_sensor_bevfusion": [
        [
          -0.7463982701301575,
          -0.001997316023334861,
          -0.6654964685440063,
          104.74153137207031
        ],
        [
          0.6654984354972839,
          -0.000465524906758219,
          -0.7463990449905396,
          31.782623291015625
        ],
        [
          0.001180989551357925,
          -0.9999978542327881,
          0.0016766778426244855,
          1.696616291999817
        ],
        [
          0.0,
          0.0,
          0.0,
          1.0
        ]
      ],
      "matrix_ego_from_sensor_carla": [
        [
          -0.5735761523246765,
          0.8191521763801575,
          1.4178112905938178e-08,
          -1.3000006675720215
        ],
        [
          -0.8191521167755127,
          -0.5735762119293213,
          2.116438935217957e-08,
          -0.5500030517578125
        ],
        [
          2.573890078849672e-08,
          4.926696828277954e-10,
          0.9999999403953552,
          1.6999999284744263
        ],
        [
          0.0,
          0.0,
          0.0,
          1.0
        ]
      ],
      "matrix_ego_from_sensor_bevfusion": [
        [
          0.8191521763801575,
          -1.4178112905938178e-08,
          -0.5735761523246765,
          -1.3000006675720215
        ],
        [
          0.5735762119293213,
          2.116438935217957e-08,
          0.8191521167755127,
          0.5500030517578125
        ],
        [
          4.926696828277954e-10,
          -0.9999999403953552,
          2.573890078849672e-08,
          1.6999999284744263
        ],
        [
          0.0,
          0.0,
          0.0,
          1.0
        ]
      ],
      "camera_intrinsics": [
        [
          685.5110473632812,
          0.0,
          480.0
        ],
        [
          0.0,
          685.5110473632812,
          270.0
        ],
        [
          0.0,
          0.0,
          1.0
        ]
      ],
      "data_path": "D:\\Agent-AI\\outputs\\s3a_ml_long_v1\\sample_000025\\images\\CAM_BACK_LEFT.png",
      "raw_layout": "bgra8"
    },
    "CAM_BACK_RIGHT": {
      "type_id": "sensor.camera.rgb",
      "blueprint_attributes": {
        "role_name": "front",
        "ros_name": "sensor.camera.rgb",
        "chromatic_aberration_offset": "0.0",
        "sensor_tick": "0.100000",
        "fstop": "1.4",
        "image_size_x": "960",
        "image_size_y": "540",
        "fov": "70.00",
        "lens_circle_falloff": "5.0",
        "lens_circle_multiplier": "0.0",
        "exposure_compensation": "0.0",
        "lens_y_size": "0.08",
        "lens_k": "-1.0",
        "exposure_mode": "histogram",
        "lens_kcube": "0.0",
        "lens_x_size": "0.08",
        "exposure_max_bright": "12.0",
        "shutter_speed": "200.0",
        "bloom_intensity": "0.675",
        "iso": "100.0",
        "enable_postprocess_effects": "false",
        "gamma": "2.2",
        "motion_blur_intensity": "0.0",
        "motion_blur_max_distortion": "0.35",
        "lens_flare_intensity": "0.1",
        "motion_blur_min_object_screen_size": "0.1",
        "exposure_min_bright": "10.0",
        "exposure_speed_up": "3.0",
        "exposure_speed_down": "1.0",
        "tint": "0.0",
        "calibration_constant": "16.0",
        "focal_distance": "1000.0",
        "min_fstop": "1.2",
        "blade_count": "5",
        "blur_amount": "0.0",
        "blur_radius": "0.0",
        "slope": "0.88",
        "toe": "0.55",
        "white_clip": "0.04",
        "shoulder": "0.26",
        "black_clip": "0.0",
        "temp": "6500.0",
        "chromatic_aberration_intensity": "0.0"
      },
      "transform_carla": {
        "location": {
          "x": 105.81211853027344,
          "y": -32.03529357910156,
          "z": 1.6943604946136475
        },
        "rotation": {
          "roll": -0.06712868809700012,
          "pitch": -0.09644226729869843,
          "yaw": 21.720577239990234
        }
      },
      "matrix_world_from_sensor_carla": [
        [
          0.9289984107017517,
          -0.37007832527160645,
          0.00199731532484293,
          105.81211853027344
        ],
        [
          0.3700798749923706,
          0.9289997816085815,
          -0.0004654997610487044,
          -32.03529357910156
        ],
        [
          -0.0016832342371344566,
          0.0011716147419065237,
          0.9999978542327881,
          1.6943604946136475
        ],
        [
          0.0,
          0.0,
          0.0,
          1.0
        ]
      ],
      "matrix_world_from_sensor_bevfusion": [
        [
          -0.37007832527160645,
          -0.00199731532484293,
          0.9289984107017517,
          105.81211853027344
        ],
        [
          -0.9289997816085815,
          -0.0004654997610487044,
          -0.3700798749923706,
          32.03529357910156
        ],
        [
          0.0011716147419065237,
          -0.9999978542327881,
          -0.0016832342371344566,
          1.6943604946136475
        ],
        [
          0.0,
          0.0,
          0.0,
          1.0
        ]
      ],
      "matrix_ego_from_sensor_carla": [
        [
          -0.5735761523246765,
          -0.8191521763801575,
          -1.0120857041329145e-08,
          -1.3000025749206543
        ],
        [
          0.8191522359848022,
          -0.5735760927200317,
          1.4645132218049639e-08,
          0.5500030517578125
        ],
        [
          -1.792500547992404e-08,
          1.6353990384132544e-10,
          0.9999999403953552,
          1.7000000476837158
        ],
        [
          0.0,
          0.0,
          0.0,
          1.0
        ]
      ],
      "matrix_ego_from_sensor_bevfusion": [
        [
          -0.8191521763801575,
          1.0120857041329145e-08,
          -0.5735761523246765,
          -1.3000025749206543
        ],
        [
          0.5735760927200317,
          1.4645132218049639e-08,
          -0.8191522359848022,
          -0.5500030517578125
        ],
        [
          1.6353990384132544e-10,
          -0.9999999403953552,
          -1.792500547992404e-08,
          1.7000000476837158
        ],
        [
          0.0,
          0.0,
          0.0,
          1.0
        ]
      ],
      "camera_intrinsics": [
        [
          685.5110473632812,
          0.0,
          480.0
        ],
        [
          0.0,
          685.5110473632812,
          270.0
        ],
        [
          0.0,
          0.0,
          1.0
        ]
      ],
      "data_path": "D:\\Agent-AI\\outputs\\s3a_ml_long_v1\\sample_000025\\images\\CAM_BACK_RIGHT.png",
      "raw_layout": "bgra8"
    },
    "LIDAR_TOP": {
      "type_id": "sensor.lidar.ray_cast",
      "blueprint_attributes": {
        "atmosphere_attenuation_rate": "0.004",
        "role_name": "front",
        "noise_seed": "0",
        "upper_fov": "10.0",
        "ros_name": "sensor.lidar.ray_cast",
        "sensor_tick": "0.100000",
        "channels": "32",
        "range": "120.0",
        "points_per_second": "360000",
        "lower_fov": "-30.0",
        "rotation_frequency": "10.000000",
        "horizontal_fov": "360.0",
        "dropoff_general_rate": "0.0",
        "dropoff_intensity_limit": "1.0",
        "noise_stddev": "0.0",
        "dropoff_zero_intensity": "0.0"
      },
      "transform_carla": {
        "location": {
          "x": 104.97921752929688,
          "y": -33.17443084716797,
          "z": 2.1954948902130127
        },
        "rotation": {
          "roll": 0.11750344932079315,
          "pitch": 0.0003278490621596575,
          "yaw": -103.27946472167969
        }
      },
      "matrix_world_from_sensor_carla": [
        [
          -0.22970086336135864,
          0.9732592701911926,
          0.0019972987938672304,
          104.97921752929688
        ],
        [
          -0.973261296749115,
          -0.22970040142536163,
          -0.00046550625120289624,
          -33.17443084716797
        ],
        [
          5.722045443690149e-06,
          -0.0020508207380771637,
          0.9999979138374329,
          2.1954948902130127
        ],
        [
          0.0,
          0.0,
          0.0,
          1.0
        ]
      ],
      "matrix_world_from_sensor_bevfusion": [
        [
          -0.22970086336135864,
          -0.9732592701911926,
          0.0019972987938672304,
          104.97921752929688
        ],
        [
          0.973261296749115,
          -0.22970040142536163,
          0.00046550625120289624,
          33.17443084716797
        ],
        [
          5.722045443690149e-06,
          0.0020508207380771637,
          0.9999979138374329,
          2.1954948902130127
        ],
        [
          0.0,
          0.0,
          0.0,
          1.0
        ]
      ],
      "matrix_ego_from_sensor_carla": [
        [
          1.0,
          -1.5280216203450436e-08,
          -2.012259976702513e-11,
          -2.86102294921875e-06
        ],
        [
          -1.569326180117514e-08,
          1.0,
          -1.4543677373524133e-10,
          0.0
        ],
        [
          2.2737369279046682e-11,
          -2.319833214414757e-11,
          1.0,
          2.1999998092651367
        ],
        [
          0.0,
          0.0,
          0.0,
          1.0
        ]
      ],
      "matrix_ego_from_sensor_bevfusion": [
        [
          1.0,
          1.5280216203450436e-08,
          -2.012259976702513e-11,
          -2.86102294921875e-06
        ],
        [
          1.569326180117514e-08,
          1.0,
          1.4543677373524133e-10,
          0.0
        ],
        [
          2.2737369279046682e-11,
          2.319833214414757e-11,
          1.0,
          2.1999998092651367
        ],
        [
          0.0,
          0.0,
          0.0,
          1.0
        ]
      ],
      "data_path": "D:\\Agent-AI\\outputs\\s3a_ml_long_v1\\sample_000025\\lidar\\LIDAR_TOP.npy",
      "raw_layout": [
        "x",
        "y",
        "z",
        "intensity"
      ]
    },
    "RADAR_FRONT": {
      "type_id": "sensor.other.radar",
      "blueprint_attributes": {
        "sensor_tick": "0.100000",
        "role_name": "default",
        "noise_seed": "0",
        "ros_name": "sensor.other.radar",
        "horizontal_fov": "35.0",
        "points_per_second": "1500",
        "vertical_fov": "20.0",
        "range": "120.0"
      },
      "transform_carla": {
        "location": {
          "x": 104.5172119140625,
          "y": -35.1203498840332,
          "z": 0.895508885383606
        },
        "rotation": {
          "roll": 0.11750344932079315,
          "pitch": 0.0003278490621596575,
          "yaw": -103.27946472167969
        }
      },
      "matrix_world_from_sensor_carla": [
        [
          -0.22970086336135864,
          0.9732592701911926,
          0.0019972987938672304,
          104.5172119140625
        ],
        [
          -0.973261296749115,
          -0.22970040142536163,
          -0.00046550625120289624,
          -35.1203498840332
        ],
        [
          5.722045443690149e-06,
          -0.0020508207380771637,
          0.9999979138374329,
          0.895508885383606
        ],
        [
          0.0,
          0.0,
          0.0,
          1.0
        ]
      ],
      "matrix_world_from_sensor_bevfusion": [
        [
          -0.22970086336135864,
          -0.9732592701911926,
          0.0019972987938672304,
          104.5172119140625
        ],
        [
          0.973261296749115,
          -0.22970040142536163,
          0.00046550625120289624,
          35.1203498840332
        ],
        [
          5.722045443690149e-06,
          0.0020508207380771637,
          0.9999979138374329,
          0.895508885383606
        ],
        [
          0.0,
          0.0,
          0.0,
          1.0
        ]
      ],
      "matrix_ego_from_sensor_carla": [
        [
          1.0,
          -1.5280216203450436e-08,
          -2.012259976702513e-11,
          2.0
        ],
        [
          -1.569326180117514e-08,
          1.0,
          -1.4543677373524133e-10,
          -1.52587890625e-05
        ],
        [
          2.2737369279046682e-11,
          -2.319833214414757e-11,
          1.0,
          0.8999998569488525
        ],
        [
          0.0,
          0.0,
          0.0,
          1.0
        ]
      ],
      "matrix_ego_from_sensor_bevfusion": [
        [
          1.0,
          1.5280216203450436e-08,
          -2.012259976702513e-11,
          2.0
        ],
        [
          1.569326180117514e-08,
          1.0,
          1.4543677373524133e-10,
          1.52587890625e-05
        ],
        [
          2.2737369279046682e-11,
          2.319833214414757e-11,
          1.0,
          0.8999998569488525
        ],
        [
          0.0,
          0.0,
          0.0,
          1.0
        ]
      ],
      "data_path": "D:\\Agent-AI\\outputs\\s3a_ml_long_v1\\sample_000025\\radar\\RADAR_FRONT.npy",
      "raw_layout": [
        "velocity",
        "altitude",
        "azimuth",
        "depth"
      ]
    },
    "RADAR_FRONT_LEFT": {
      "type_id": "sensor.other.radar",
      "blueprint_attributes": {
        "sensor_tick": "0.100000",
        "role_name": "default",
        "noise_seed": "0",
        "ros_name": "sensor.other.radar",
        "horizontal_fov": "35.0",
        "points_per_second": "1500",
        "vertical_fov": "20.0",
        "range": "120.0"
      },
      "transform_carla": {
        "location": {
          "x": 103.86767578125,
          "y": -34.6074333190918,
          "z": 0.8970449566841125
        },
        "rotation": {
          "roll": 0.0828557163476944,
          "pitch": 0.08331464231014252,
          "yaw": -148.27935791015625
        }
      },
      "matrix_world_from_sensor_carla": [
        [
          -0.8506209254264832,
          0.5257757306098938,
          0.0019972301088273525,
          103.86767578125
        ],
        [
          -0.5257775187492371,
          -0.8506220579147339,
          -0.00046554760774597526,
          -34.6074333190918
        ],
        [
          0.0014541143318638206,
          -0.0014461030950769782,
          0.9999978542327881,
          0.8970449566841125
        ],
        [
          0.0,
          0.0,
          0.0,
          1.0
        ]
      ],
      "matrix_world_from_sensor_bevfusion": [
        [
          -0.8506209254264832,
          -0.5257757306098938,
          0.0019972301088273525,
          103.86767578125
        ],
        [
          0.5257775187492371,
          -0.8506220579147339,
          0.00046554760774597526,
          34.6074333190918
        ],
        [
          0.0014541143318638206,
          0.0014461030950769782,
          0.9999978542327881,
          0.8970449566841125
        ],
        [
          0.0,
          0.0,
          0.0,
          1.0
        ]
      ],
      "matrix_ego_from_sensor_carla": [
        [
          0.7071072459220886,
          0.707106351852417,
          5.600440999842249e-08,
          1.6499967575073242
        ],
        [
          -0.707106351852417,
          0.7071072459220886,
          -5.7299537559174496e-08,
          -0.7499923706054688
        ],
        [
          -7.995430451046559e-08,
          1.007524841334373e-09,
          0.9999999403953552,
          0.8999998569488525
        ],
        [
          0.0,
          0.0,
          0.0,
          1.0
        ]
      ],
      "matrix_ego_from_sensor_bevfusion": [
        [
          0.7071072459220886,
          -0.707106351852417,
          5.600440999842249e-08,
          1.6499967575073242
        ],
        [
          0.707106351852417,
          0.7071072459220886,
          5.7299537559174496e-08,
          0.7499923706054688
        ],
        [
          -7.995430451046559e-08,
          -1.007524841334373e-09,
          0.9999999403953552,
          0.8999998569488525
        ],
        [
          0.0,
          0.0,
          0.0,
          1.0
        ]
      ],
      "data_path": "D:\\Agent-AI\\outputs\\s3a_ml_long_v1\\sample_000025\\radar\\RADAR_FRONT_LEFT.npy",
      "raw_layout": [
        "velocity",
        "altitude",
        "azimuth",
        "depth"
      ]
    },
    "RADAR_FRONT_RIGHT": {
      "type_id": "sensor.other.radar",
      "blueprint_attributes": {
