{
  "schema_version": "stage1.v1",
  "sample_name": "sample_000039",
  "sequence_index": 39,
  "previous_sample_name": "sample_000038",
  "frame_id": 726312,
  "timestamp": 5001.094624776393,
  "platform_timestamp": 16813383.7596683,
  "delta_seconds": 0.10000000149011612,
  "town": "Carla/Maps/Town10HD_Opt",
  "weather": {
    "cloudiness": 20.0,
    "dust_storm": 0.0,
    "fog_density": 2.0,
    "fog_distance": 0.75,
    "fog_falloff": 0.10000000149011612,
    "mie_scattering_scale": 0.029999999329447746,
    "precipitation": 0.0,
    "precipitation_deposits": 0.0,
    "rayleigh_scattering_scale": 0.03310000151395798,
    "scattering_intensity": 1.0,
    "sun_altitude_angle": 45.0,
    "sun_azimuth_angle": 300.0,
    "wetness": 0.0,
    "wind_intensity": 10.0
  },
  "sensor_names": [
    "CAM_FRONT",
    "CAM_FRONT_RIGHT",
    "CAM_FRONT_LEFT",
    "CAM_BACK",
    "CAM_BACK_LEFT",
    "CAM_BACK_RIGHT",
    "LIDAR_TOP",
    "RADAR_FRONT",
    "RADAR_FRONT_LEFT",
    "RADAR_FRONT_RIGHT",
    "RADAR_BACK_LEFT",
    "RADAR_BACK_RIGHT"
  ],
  "camera_order_for_model": [
    "CAM_FRONT",
    "CAM_FRONT_RIGHT",
    "CAM_FRONT_LEFT",
    "CAM_BACK",
    "CAM_BACK_LEFT",
    "CAM_BACK_RIGHT"
  ],
  "radar_order_for_model": [
    "RADAR_FRONT",
    "RADAR_FRONT_LEFT",
    "RADAR_FRONT_RIGHT",
    "RADAR_BACK_LEFT",
    "RADAR_BACK_RIGHT"
  ],
  "coordinate_notes": {
    "carla_world": "left-handed x-forward y-right z-up",
    "bevfusion_lidar": "x-forward y-left z-up",
    "camera_frame_for_model": "OpenCV style x-right y-down z-forward"
  },
  "ego": {
    "actor_id": 49,
    "transform_carla": {
      "location": {
        "x": 103.65419006347656,
        "y": -37.25690460205078,
        "z": -0.003478202736005187
      },
      "rotation": {
        "roll": 0.023845892399549484,
        "pitch": -0.27514731884002686,
        "yaw": -108.95317840576172
      }
    },
    "velocity_carla": [
      -0.7655909061431885,
      -2.0550122261047363,
      -4.008293035440147e-05
    ],
    "angular_velocity_carla": [
      1.0404795408248901,
      -0.588787317276001,
      -3.068755865097046
    ],
    "matrix_world_from_ego_carla": [
      [
        -0.3247916102409363,
        0.9457849264144897,
        -0.0011661092285066843,
        103.65419006347656
      ],
      [
        -0.9457734227180481,
        -0.32479342818260193,
        -0.004677028860896826,
        -37.25690460205078
      ],
      [
        -0.004802207928150892,
        -0.0004161845427006483,
        0.9999884366989136,
        -0.003478202736005187
      ],
      [
        0.0,
        0.0,
        0.0,
        1.0
      ]
    ],
    "matrix_world_from_ego_bevfusion": [
      [
        -0.3247916102409363,
        -0.9457849264144897,
        -0.0011661092285066843,
        103.65419006347656
      ],
      [
        0.9457734227180481,
        -0.32479342818260193,
        0.004677028860896826,
        37.25690460205078
      ],
      [
        -0.004802207928150892,
        0.0004161845427006483,
        0.9999884366989136,
        -0.003478202736005187
      ],
      [
        0.0,
        0.0,
        0.0,
        1.0
      ]
    ]
  },
  "sensors": {
    "CAM_FRONT": {
      "type_id": "sensor.camera.rgb",
      "blueprint_attributes": {
        "role_name": "front",
        "ros_name": "sensor.camera.rgb",
        "chromatic_aberration_offset": "0.0",
        "sensor_tick": "0.100000",
        "fstop": "1.4",
        "image_size_x": "960",
        "image_size_y": "540",
        "fov": "70.00",
        "lens_circle_falloff": "5.0",
        "lens_circle_multiplier": "0.0",
        "exposure_compensation": "0.0",
        "lens_y_size": "0.08",
        "lens_k": "-1.0",
        "exposure_mode": "histogram",
        "lens_kcube": "0.0",
        "lens_x_size": "0.08",
        "exposure_max_bright": "12.0",
        "shutter_speed": "200.0",
        "bloom_intensity": "0.675",
        "iso": "100.0",
        "enable_postprocess_effects": "false",
        "gamma": "2.2",
        "motion_blur_intensity": "0.0",
        "motion_blur_max_distortion": "0.35",
        "lens_flare_intensity": "0.1",
        "motion_blur_min_object_screen_size": "0.1",
        "exposure_min_bright": "10.0",
        "exposure_speed_up": "3.0",
        "exposure_speed_down": "1.0",
        "tint": "0.0",
        "calibration_constant": "16.0",
        "focal_distance": "1000.0",
        "min_fstop": "1.2",
        "blade_count": "5",
        "blur_amount": "0.0",
        "blur_radius": "0.0",
        "slope": "0.88",
        "toe": "0.55",
        "white_clip": "0.04",
        "shoulder": "0.26",
        "black_clip": "0.0",
        "temp": "6500.0",
        "chromatic_aberration_intensity": "0.0"
      },
      "transform_carla": {
        "location": {
          "x": 103.14877319335938,
          "y": -38.73080062866211,
          "z": 1.689058542251587
        },
        "rotation": {
          "roll": 0.023845892399549484,
          "pitch": -0.27514731884002686,
          "yaw": -108.95317840576172
        }
      },
      "matrix_world_from_sensor_carla": [
        [
          -0.3247916102409363,
          0.9457849264144897,
          -0.0011661092285066843,
          103.14877319335938
        ],
        [
          -0.9457734227180481,
          -0.32479342818260193,
          -0.004677028860896826,
          -38.73080062866211
        ],
        [
          -0.004802207928150892,
          -0.0004161845427006483,
          0.9999884366989136,
          1.689058542251587
        ],
        [
          0.0,
          0.0,
          0.0,
          1.0
        ]
      ],
      "matrix_world_from_sensor_bevfusion": [
        [
          0.9457849264144897,
          0.0011661092285066843,
          -0.3247916102409363,
          103.14877319335938
        ],
        [
          0.32479342818260193,
          -0.004677028860896826,
          0.9457734227180481,
          38.73080062866211
        ],
        [
          -0.0004161845427006483,
          -0.9999884366989136,
          -0.004802207928150892,
          1.689058542251587
        ],
        [
          0.0,
          0.0,
          0.0,
          1.0
        ]
      ],
      "matrix_ego_from_sensor_carla": [
        [
          1.0,
          2.3190210640677833e-08,
          1.156775786270714e-10,
          1.5499991178512573
        ],
        [
          -6.611778680110092e-09,
          1.0,
          -1.8768344517416935e-11,
          -7.62939453125e-06
        ],
        [
          2.224894712909986e-10,
          5.99482130603235e-11,
          1.0,
          1.6999998092651367
        ],
        [
          0.0,
          0.0,
          0.0,
          1.0
        ]
      ],
      "matrix_ego_from_sensor_bevfusion": [
        [
          2.3190210640677833e-08,
          -1.156775786270714e-10,
          1.0,
          1.5499991178512573
        ],
        [
          -1.0,
          -1.8768344517416935e-11,
          6.611778680110092e-09,
          7.62939453125e-06
        ],
        [
          5.99482130603235e-11,
          -1.0,
          2.224894712909986e-10,
          1.6999998092651367
        ],
        [
          0.0,
          0.0,
          0.0,
          1.0
        ]
      ],
      "camera_intrinsics": [
        [
          685.5110473632812,
          0.0,
          480.0
        ],
        [
          0.0,
          685.5110473632812,
          270.0
        ],
        [
          0.0,
          0.0,
          1.0
        ]
      ],
      "data_path": "D:\\Agent-AI\\outputs\\s3a_ml_long_v1\\sample_000039\\images\\CAM_FRONT.png",
      "raw_layout": "bgra8"
    },
    "CAM_FRONT_RIGHT": {
      "type_id": "sensor.camera.rgb",
      "blueprint_attributes": {
        "role_name": "front",
        "ros_name": "sensor.camera.rgb",
        "chromatic_aberration_offset": "0.0",
        "sensor_tick": "0.100000",
        "fstop": "1.4",
        "image_size_x": "960",
        "image_size_y": "540",
        "fov": "70.00",
        "lens_circle_falloff": "5.0",
        "lens_circle_multiplier": "0.0",
        "exposure_compensation": "0.0",
        "lens_y_size": "0.08",
        "lens_k": "-1.0",
        "exposure_mode": "histogram",
        "lens_kcube": "0.0",
        "lens_x_size": "0.08",
        "exposure_max_bright": "12.0",
        "shutter_speed": "200.0",
        "bloom_intensity": "0.675",
        "iso": "100.0",
        "enable_postprocess_effects": "false",
        "gamma": "2.2",
        "motion_blur_intensity": "0.0",
        "motion_blur_max_distortion": "0.35",
        "lens_flare_intensity": "0.1",
        "motion_blur_min_object_screen_size": "0.1",
        "exposure_min_bright": "10.0",
        "exposure_speed_up": "3.0",
        "exposure_speed_down": "1.0",
        "tint": "0.0",
        "calibration_constant": "16.0",
        "focal_distance": "1000.0",
        "min_fstop": "1.2",
        "blade_count": "5",
        "blur_amount": "0.0",
        "blur_radius": "0.0",
        "slope": "0.88",
        "toe": "0.55",
        "white_clip": "0.04",
        "shoulder": "0.26",
        "black_clip": "0.0",
        "temp": "6500.0",
        "chromatic_aberration_intensity": "0.0"
      },
      "transform_carla": {
        "location": {
          "x": 103.75015258789062,
          "y": -38.672996520996094,
          "z": 1.6900302171707153
        },
        "rotation": {
          "roll": -0.211710125207901,
          "pitch": -0.1773526817560196,
          "yaw": -53.95280456542969
        }
      },
      "matrix_world_from_sensor_carla": [
        [
          0.5884486436843872,
          0.8085337281227112,
          -0.001166081870906055,
          103.75015258789062
        ],
        [
          -0.8085286617279053,
          0.5884381532669067,
          -0.0046770465560257435,
          -38.672996520996094
        ],
        [
          -0.0030953832902014256,
          0.0036950125358998775,
          0.9999883770942688,
          1.6900302171707153
        ],
        [
          0.0,
          0.0,
          0.0,
          1.0
        ]
      ],
      "matrix_world_from_sensor_bevfusion": [
        [
          0.8085337281227112,
          0.001166081870906055,
          0.5884486436843872,
          103.75015258789062
        ],
        [
          -0.5884381532669067,
          -0.0046770465560257435,
          0.8085286617279053,
          38.672996520996094
        ],
        [
          0.0036950125358998775,
          -0.9999883770942688,
          -0.0030953832902014256,
          1.6900302171707153
        ],
        [
          0.0,
          0.0,
          0.0,
          1.0
        ]
      ],
      "matrix_ego_from_sensor_carla": [
        [
          0.5735766291618347,
          -0.8191518783569336,
          8.31815327728691e-09,
          1.3000010251998901
        ],
        [
          0.8191518783569336,
          0.5735765695571899,
          3.17292148110937e-08,
          0.5499954223632812
        ],
        [
          -3.066054787836947e-08,
          -1.1502054420020613e-08,
          0.9999999403953552,
          1.6999998092651367
        ],
        [
          0.0,
          0.0,
          0.0,
          1.0
        ]
      ],
      "matrix_ego_from_sensor_bevfusion": [
        [
          -0.8191518783569336,
          -8.31815327728691e-09,
          0.5735766291618347,
          1.3000010251998901
        ],
        [
          -0.5735765695571899,
          3.17292148110937e-08,
          -0.8191518783569336,
          -0.5499954223632812
        ],
        [
          -1.1502054420020613e-08,
          -0.9999999403953552,
          -3.066054787836947e-08,
          1.6999998092651367
        ],
        [
          0.0,
          0.0,
          0.0,
          1.0
        ]
      ],
      "camera_intrinsics": [
        [
          685.5110473632812,
          0.0,
          480.0
        ],
        [
          0.0,
          685.5110473632812,
          270.0
        ],
        [
          0.0,
          0.0,
          1.0
        ]
      ],
      "data_path": "D:\\Agent-AI\\outputs\\s3a_ml_long_v1\\sample_000039\\images\\CAM_FRONT_RIGHT.png",
      "raw_layout": "bgra8"
    },
    "CAM_FRONT_LEFT": {
      "type_id": "sensor.camera.rgb",
      "blueprint_attributes": {
        "role_name": "front",
        "ros_name": "sensor.camera.rgb",
        "chromatic_aberration_offset": "0.0",
        "sensor_tick": "0.100000",
        "fstop": "1.4",
        "image_size_x": "960",
        "image_size_y": "540",
        "fov": "70.00",
        "lens_circle_falloff": "5.0",
        "lens_circle_multiplier": "0.0",
        "exposure_compensation": "0.0",
        "lens_y_size": "0.08",
        "lens_k": "-1.0",
        "exposure_mode": "histogram",
        "lens_kcube": "0.0",
        "lens_x_size": "0.08",
        "exposure_max_bright": "12.0",
        "shutter_speed": "200.0",
        "bloom_intensity": "0.675",
        "iso": "100.0",
        "enable_postprocess_effects": "false",
        "gamma": "2.2",
        "motion_blur_intensity": "0.0",
        "motion_blur_max_distortion": "0.35",
        "lens_flare_intensity": "0.1",
        "motion_blur_min_object_screen_size": "0.1",
        "exposure_min_bright": "10.0",
        "exposure_speed_up": "3.0",
        "exposure_speed_down": "1.0",
        "tint": "0.0",
        "calibration_constant": "16.0",
        "focal_distance": "1000.0",
        "min_fstop": "1.2",
        "blade_count": "5",
        "blur_amount": "0.0",
        "blur_radius": "0.0",
        "slope": "0.88",
        "toe": "0.55",
        "white_clip": "0.04",
        "shoulder": "0.26",
        "black_clip": "0.0",
        "temp": "6500.0",
        "chromatic_aberration_intensity": "0.0"
      },
      "transform_carla": {
        "location": {
          "x": 102.70979309082031,
          "y": -38.31572341918945,
          "z": 1.6904881000518799
        },
        "rotation": {
          "roll": 0.23906458914279938,
          "pitch": -0.13827717304229736,
          "yaw": -163.95339965820312
        }
      },
      "matrix_world_from_sensor_carla": [
        [
          -0.9610344171524048,
          0.2764262855052948,
          -0.001165991765446961,
          102.70979309082031
        ],
        [
          -0.27641820907592773,
          -0.9610260725021362,
          -0.004676982760429382,
          -38.31572341918945
        ],
        [
          -0.002413389505818486,
          -0.004172440152615309,
          0.9999883770942688,
          1.6904881000518799
        ],
        [
          0.0,
          0.0,
          0.0,
          1.0
        ]
      ],
      "matrix_world_from_sensor_bevfusion": [
        [
          0.2764262855052948,
          0.001165991765446961,
          -0.9610344171524048,
          102.70979309082031
        ],
        [
          0.9610260725021362,
          -0.004676982760429382,
          0.27641820907592773,
          38.31572341918945
        ],
        [
          -0.004172440152615309,
          -0.9999883770942688,
          -0.002413389505818486,
          1.6904881000518799
        ],
        [
          0.0,
          0.0,
          0.0,
          1.0
        ]
      ],
      "matrix_ego_from_sensor_carla": [
        [
          0.5735764503479004,
          0.8191519975662231,
          -8.155447517310677e-08,
          1.3000012636184692
        ],
        [
          -0.8191519379615784,
          0.5735765099525452,
          9.622330310321558e-08,
          -0.5500030517578125
        ],
        [
          1.2575048913276987e-07,
          1.1957333789780478e-08,
          0.9999999403953552,
          1.6999999284744263
        ],
        [
          0.0,
          0.0,
          0.0,
          1.0
        ]
      ],
      "matrix_ego_from_sensor_bevfusion": [
        [
          0.8191519975662231,
          8.155447517310677e-08,
          0.5735764503479004,
          1.3000012636184692
        ],
        [
          -0.5735765099525452,
          9.622330310321558e-08,
          0.8191519379615784,
          0.5500030517578125
        ],
        [
          1.1957333789780478e-08,
          -0.9999999403953552,
          1.2575048913276987e-07,
          1.6999999284744263
        ],
        [
          0.0,
          0.0,
          0.0,
          1.0
        ]
      ],
      "camera_intrinsics": [
        [
          685.5110473632812,
          0.0,
          480.0
        ],
        [
          0.0,
          685.5110473632812,
          270.0
        ],
        [
          0.0,
          0.0,
          1.0
        ]
      ],
      "data_path": "D:\\Agent-AI\\outputs\\s3a_ml_long_v1\\sample_000039\\images\\CAM_FRONT_LEFT.png",
      "raw_layout": "bgra8"
    },
    "CAM_BACK": {
      "type_id": "sensor.camera.rgb",
      "blueprint_attributes": {
        "role_name": "front",
        "ros_name": "sensor.camera.rgb",
        "chromatic_aberration_offset": "0.0",
        "sensor_tick": "0.100000",
        "fstop": "1.4",
        "image_size_x": "960",
        "image_size_y": "540",
        "fov": "70.00",
        "lens_circle_falloff": "5.0",
        "lens_circle_multiplier": "0.0",
        "exposure_compensation": "0.0",
        "lens_y_size": "0.08",
        "lens_k": "-1.0",
        "exposure_mode": "histogram",
        "lens_kcube": "0.0",
        "lens_x_size": "0.08",
        "exposure_max_bright": "12.0",
        "shutter_speed": "200.0",
        "bloom_intensity": "0.675",
        "iso": "100.0",
        "enable_postprocess_effects": "false",
        "gamma": "2.2",
        "motion_blur_intensity": "0.0",
        "motion_blur_max_distortion": "0.35",
        "lens_flare_intensity": "0.1",
        "motion_blur_min_object_screen_size": "0.1",
        "exposure_min_bright": "10.0",
        "exposure_speed_up": "3.0",
        "exposure_speed_down": "1.0",
        "tint": "0.0",
        "calibration_constant": "16.0",
        "focal_distance": "1000.0",
        "min_fstop": "1.2",
        "blade_count": "5",
        "blur_amount": "0.0",
        "blur_radius": "0.0",
        "slope": "0.88",
        "toe": "0.55",
        "white_clip": "0.04",
        "shoulder": "0.26",
        "black_clip": "0.0",
        "temp": "6500.0",
        "chromatic_aberration_intensity": "0.0"
      },
      "transform_carla": {
        "location": {
          "x": 104.15563201904297,
          "y": -35.79890441894531,
          "z": 1.7039453983306885
        },
        "rotation": {
          "roll": -0.023845797404646873,
          "pitch": 0.27514731884002686,
          "yaw": 71.04682159423828
        }
      },
      "matrix_world_from_sensor_carla": [
        [
          0.32479164004325867,
          -0.9457849264144897,
          -0.0011661109747365117,
          104.15563201904297
        ],
        [
          0.9457734227180481,
          0.3247934579849243,
          -0.0046770283952355385,
          -35.79890441894531
        ],
        [
          0.004802207928150892,
          0.0004161828837823123,
          0.9999884366989136,
          1.7039453983306885
        ],
        [
          0.0,
          0.0,
          0.0,
          1.0
        ]
      ],
      "matrix_world_from_sensor_bevfusion": [
        [
          -0.9457849264144897,
          0.0011661109747365117,
          0.32479164004325867,
          104.15563201904297
        ],
        [
          -0.3247934579849243,
          -0.0046770283952355385,
          -0.9457734227180481,
          35.79890441894531
        ],
        [
          0.0004161828837823123,
          -0.9999884366989136,
          0.004802207928150892,
          1.7039453983306885
        ],
        [
          0.0,
          0.0,
          0.0,
          1.0
        ]
      ],
      "matrix_ego_from_sensor_carla": [
        [
          -1.0,
          -5.1368619580216546e-08,
          1.156775786270714e-10,
          -1.550000548362732
        ],
        [
          3.6414100179626985e-08,
          -1.0,
          -1.7941019780920442e-09,
          0.0
        ],
        [
          -2.224894712909986e-10,
          -1.864366216963731e-09,
          1.0,
          1.6999998092651367
        ],
        [
          0.0,
          0.0,
          0.0,
          1.0
        ]
      ],
      "matrix_ego_from_sensor_bevfusion": [
        [
          -5.1368619580216546e-08,
          -1.156775786270714e-10,
          -1.0,
          -1.550000548362732
        ],
        [
          1.0,
          -1.7941019780920442e-09,
          -3.6414100179626985e-08,
          0.0
        ],
        [
          -1.864366216963731e-09,
          -1.0,
          -2.224894712909986e-10,
          1.6999998092651367
        ],
        [
          0.0,
          0.0,
          0.0,
          1.0
        ]
      ],
      "camera_intrinsics": [
        [
          685.5110473632812,
          0.0,
          480.0
        ],
        [
          0.0,
          685.5110473632812,
          270.0
        ],
        [
          0.0,
          0.0,
          1.0
        ]
      ],
      "data_path": "D:\\Agent-AI\\outputs\\s3a_ml_long_v1\\sample_000039\\images\\CAM_BACK.png",
      "raw_layout": "bgra8"
    },
    "CAM_BACK_LEFT": {
      "type_id": "sensor.camera.rgb",
      "blueprint_attributes": {
        "role_name": "front",
        "ros_name": "sensor.camera.rgb",
        "chromatic_aberration_offset": "0.0",
        "sensor_tick": "0.100000",
        "fstop": "1.4",
        "image_size_x": "960",
        "image_size_y": "540",
        "fov": "70.00",
        "lens_circle_falloff": "5.0",
        "lens_circle_multiplier": "0.0",
        "exposure_compensation": "0.0",
        "lens_y_size": "0.08",
        "lens_k": "-1.0",
        "exposure_mode": "histogram",
        "lens_kcube": "0.0",
        "lens_x_size": "0.08",
        "exposure_max_bright": "12.0",
        "shutter_speed": "200.0",
        "bloom_intensity": "0.675",
        "iso": "100.0",
        "enable_postprocess_effects": "false",
        "gamma": "2.2",
        "motion_blur_intensity": "0.0",
        "motion_blur_max_distortion": "0.35",
        "lens_flare_intensity": "0.1",
        "motion_blur_min_object_screen_size": "0.1",
        "exposure_min_bright": "10.0",
        "exposure_speed_up": "3.0",
        "exposure_speed_down": "1.0",
        "tint": "0.0",
        "calibration_constant": "16.0",
        "focal_distance": "1000.0",
        "min_fstop": "1.2",
        "blade_count": "5",
        "blur_amount": "0.0",
        "blur_radius": "0.0",
        "slope": "0.88",
        "toe": "0.55",
        "white_clip": "0.04",
        "shoulder": "0.26",
        "black_clip": "0.0",
        "temp": "6500.0",
        "chromatic_aberration_intensity": "0.0"
      },
      "transform_carla": {
        "location": {
          "x": 103.55425262451172,
          "y": -35.856712341308594,
          "z": 1.70297372341156
        },
        "rotation": {
          "roll": 0.2117101401090622,
          "pitch": 0.1773526817560196,
          "yaw": 126.04720306396484
        }
      },
      "matrix_world_from_sensor_carla": [
        [
          -0.5884488224983215,
          -0.8085336089134216,
          -0.0011660812888294458,
          103.55425262451172
        ],
        [
          0.8085285425186157,
          -0.5884383320808411,
          -0.004677047021687031,
          -35.856712341308594
        ],
        [
          0.0030953832902014256,
          -0.003695013001561165,
          0.9999883770942688,
          1.70297372341156
        ],
        [
          0.0,
          0.0,
          0.0,
          1.0
        ]
      ],
      "matrix_world_from_sensor_bevfusion": [
        [
          -0.8085336089134216,
          0.0011660812888294458,
          -0.5884488224983215,
          103.55425262451172
        ],
        [
          0.5884383320808411,
          -0.004677047021687031,
          -0.8085285425186157,
          35.856712341308594
        ],
        [
          -0.003695013001561165,
          -0.9999883770942688,
          0.0030953832902014256,
          1.70297372341156
        ],
        [
          0.0,
          0.0,
          0.0,
          1.0
        ]
      ],
      "matrix_ego_from_sensor_carla": [
        [
          -0.5735764503479004,
          0.8191519975662231,
          8.31815327728691e-09,
          -1.2999987602233887
        ],
        [
          -0.8191520571708679,
          -0.5735763907432556,
          3.2340395250685106e-08,
          -0.5499954223632812
        ],
        [
          3.135903980933108e-08,
          1.1734890392745001e-08,
          0.9999999403953552,
          1.6999998092651367
        ],
        [
          0.0,
          0.0,
          0.0,
          1.0
        ]
      ],
      "matrix_ego_from_sensor_bevfusion": [
        [
          0.8191519975662231,
          -8.31815327728691e-09,
          -0.5735764503479004,
          -1.2999987602233887
        ],
        [
          0.5735763907432556,
          3.2340395250685106e-08,
          0.8191520571708679,
          0.5499954223632812
        ],
        [
          1.1734890392745001e-08,
          -0.9999999403953552,
          3.135903980933108e-08,
          1.6999998092651367
        ],
        [
          0.0,
          0.0,
          0.0,
          1.0
        ]
      ],
      "camera_intrinsics": [
        [
          685.5110473632812,
          0.0,
          480.0
        ],
        [
          0.0,
          685.5110473632812,
          270.0
        ],
        [
          0.0,
          0.0,
          1.0
        ]
      ],
      "data_path": "D:\\Agent-AI\\outputs\\s3a_ml_long_v1\\sample_000039\\images\\CAM_BACK_LEFT.png",
      "raw_layout": "bgra8"
    },
    "CAM_BACK_RIGHT": {
      "type_id": "sensor.camera.rgb",
      "blueprint_attributes": {
        "role_name": "front",
        "ros_name": "sensor.camera.rgb",
        "chromatic_aberration_offset": "0.0",
        "sensor_tick": "0.100000",
        "fstop": "1.4",
        "image_size_x": "960",
        "image_size_y": "540",
        "fov": "70.00",
        "lens_circle_falloff": "5.0",
        "lens_circle_multiplier": "0.0",
        "exposure_compensation": "0.0",
        "lens_y_size": "0.08",
        "lens_k": "-1.0",
        "exposure_mode": "histogram",
        "lens_kcube": "0.0",
        "lens_x_size": "0.08",
        "exposure_max_bright": "12.0",
        "shutter_speed": "200.0",
        "bloom_intensity": "0.675",
        "iso": "100.0",
        "enable_postprocess_effects": "false",
        "gamma": "2.2",
        "motion_blur_intensity": "0.0",
        "motion_blur_max_distortion": "0.35",
        "lens_flare_intensity": "0.1",
        "motion_blur_min_object_screen_size": "0.1",
        "exposure_min_bright": "10.0",
        "exposure_speed_up": "3.0",
        "exposure_speed_down": "1.0",
        "tint": "0.0",
        "calibration_constant": "16.0",
        "focal_distance": "1000.0",
        "min_fstop": "1.2",
        "blade_count": "5",
        "blur_amount": "0.0",
        "blur_radius": "0.0",
        "slope": "0.88",
        "toe": "0.55",
        "white_clip": "0.04",
        "shoulder": "0.26",
        "black_clip": "0.0",
        "temp": "6500.0",
        "chromatic_aberration_intensity": "0.0"
      },
      "transform_carla": {
        "location": {
          "x": 104.59461975097656,
          "y": -36.213985443115234,
          "z": 1.7025158405303955
        },
        "rotation": {
          "roll": -0.23906458914279938,
          "pitch": 0.13827717304229736,
          "yaw": 16.046588897705078
        }
      },
      "matrix_world_from_sensor_carla": [
        [
          0.9610344767570496,
          -0.27642616629600525,
          -0.0011659924639388919,
          104.59461975097656
        ],
        [
          0.2764180898666382,
          0.961026132106781,
          -0.004676982760429382,
          -36.213985443115234
        ],
        [
          0.002413389505818486,
          0.004172440152615309,
          0.9999883770942688,
          1.7025158405303955
        ],
        [
          0.0,
          0.0,
          0.0,
          1.0
        ]
      ],
      "matrix_world_from_sensor_bevfusion": [
        [
          -0.27642616629600525,
          0.0011659924639388919,
          0.9610344767570496,
          104.59461975097656
        ],
        [
          -0.961026132106781,
          -0.004676982760429382,
          -0.2764180898666382,
          36.213985443115234
        ],
        [
          0.004172440152615309,
          -0.9999883770942688,
          0.002413389505818486,
          1.7025158405303955
        ],
        [
          0.0,
          0.0,
          0.0,
          1.0
        ]
      ],
      "matrix_ego_from_sensor_carla": [
        [
          -0.5735763311386108,
          -0.8191521167755127,
          -8.108881388579903e-08,
          -1.2999992370605469
        ],
        [
          0.8191520571708679,
          -0.5735763907432556,
          9.552481117225398e-08,
          0.5500030517578125
        ],
        [
          -1.2528482784546213e-07,
          -1.2422995077088217e-08,
          0.9999999403953552,
          1.6999996900558472
        ],
        [
          0.0,
          0.0,
          0.0,
          1.0
        ]
      ],
      "matrix_ego_from_sensor_bevfusion": [
        [
          -0.8191521167755127,
          8.108881388579903e-08,
          -0.5735763311386108,
          -1.2999992370605469
        ],
        [
          0.5735763907432556,
          9.552481117225398e-08,
          -0.8191520571708679,
          -0.5500030517578125
        ],
        [
          -1.2422995077088217e-08,
          -0.9999999403953552,
          -1.2528482784546213e-07,
          1.6999996900558472
        ],
        [
          0.0,
          0.0,
          0.0,
          1.0
        ]
      ],
      "camera_intrinsics": [
        [
          685.5110473632812,
          0.0,
          480.0
        ],
        [
          0.0,
          685.5110473632812,
          270.0
        ],
        [
          0.0,
          0.0,
          1.0
        ]
      ],
      "data_path": "D:\\Agent-AI\\outputs\\s3a_ml_long_v1\\sample_000039\\images\\CAM_BACK_RIGHT.png",
      "raw_layout": "bgra8"
    },
    "LIDAR_TOP": {
      "type_id": "sensor.lidar.ray_cast",
      "blueprint_attributes": {
        "atmosphere_attenuation_rate": "0.004",
        "role_name": "front",
        "noise_seed": "0",
        "upper_fov": "10.0",
        "ros_name": "sensor.lidar.ray_cast",
        "sensor_tick": "0.100000",
        "channels": "32",
        "range": "120.0",
        "points_per_second": "360000",
        "lower_fov": "-30.0",
        "rotation_frequency": "10.000000",
        "horizontal_fov": "360.0",
        "dropoff_general_rate": "0.0",
        "dropoff_intensity_limit": "1.0",
        "noise_stddev": "0.0",
        "dropoff_zero_intensity": "0.0"
      },
      "transform_carla": {
        "location": {
          "x": 103.65161895751953,
          "y": -37.26719284057617,
          "z": 2.1964962482452393
        },
        "rotation": {
          "roll": 0.023845892399549484,
          "pitch": -0.27514731884002686,
          "yaw": -108.95317840576172
        }
      },
      "matrix_world_from_sensor_carla": [
        [
          -0.3247916102409363,
          0.9457849264144897,
          -0.0011661092285066843,
          103.65161895751953
        ],
        [
          -0.9457734227180481,
          -0.32479342818260193,
          -0.004677028860896826,
          -37.26719284057617
        ],
        [
          -0.004802207928150892,
          -0.0004161845427006483,
          0.9999884366989136,
          2.1964962482452393
        ],
        [
          0.0,
          0.0,
          0.0,
          1.0
        ]
      ],
      "matrix_world_from_sensor_bevfusion": [
        [
          -0.3247916102409363,
          -0.9457849264144897,
          -0.0011661092285066843,
          103.65161895751953
        ],
        [
          0.9457734227180481,
          -0.32479342818260193,
          0.004677028860896826,
          37.26719284057617
        ],
        [
          -0.004802207928150892,
          0.0004161845427006483,
          0.9999884366989136,
          2.1964962482452393
        ],
        [
          0.0,
          0.0,
          0.0,
          1.0
        ]
      ],
      "matrix_ego_from_sensor_carla": [
        [
          1.0,
          2.3190210640677833e-08,
          1.156775786270714e-10,
          2.384185791015625e-06
        ],
        [
          -6.611778680110092e-09,
          1.0,
          -1.8768344517416935e-11,
          0.0
        ],
        [
          2.224894712909986e-10,
          5.99482130603235e-11,
          1.0,
          2.200000047683716
        ],
        [
          0.0,
          0.0,
          0.0,
          1.0
        ]
      ],
      "matrix_ego_from_sensor_bevfusion": [
        [
          1.0,
          -2.3190210640677833e-08,
          1.156775786270714e-10,
          2.384185791015625e-06
        ],
        [
          6.611778680110092e-09,
          1.0,
          1.8768344517416935e-11,
          0.0
        ],
        [
          2.224894712909986e-10,
          -5.99482130603235e-11,
          1.0,
          2.200000047683716
        ],
        [
          0.0,
          0.0,
          0.0,
          1.0
        ]
      ],
      "data_path": "D:\\Agent-AI\\outputs\\s3a_ml_long_v1\\sample_000039\\lidar\\LIDAR_TOP.npy",
      "raw_layout": [
        "x",
        "y",
        "z",
        "intensity"
      ]
    },
    "RADAR_FRONT": {
      "type_id": "sensor.other.radar",
      "blueprint_attributes": {
        "sensor_tick": "0.100000",
        "role_name": "default",
        "noise_seed": "0",
        "ros_name": "sensor.other.radar",
        "horizontal_fov": "35.0",
        "points_per_second": "1500",
        "vertical_fov": "20.0",
        "range": "120.0"
      },
      "transform_carla": {
        "location": {
          "x": 103.00355529785156,
          "y": -39.15266036987305,
          "z": 0.8869068622589111
        },
        "rotation": {
          "roll": 0.023845892399549484,
          "pitch": -0.27514731884002686,
          "yaw": -108.95317840576172
        }
      },
      "matrix_world_from_sensor_carla": [
        [
          -0.3247916102409363,
          0.9457849264144897,
          -0.0011661092285066843,
          103.00355529785156
        ],
        [
          -0.9457734227180481,
          -0.32479342818260193,
          -0.004677028860896826,
          -39.15266036987305
        ],
        [
          -0.004802207928150892,
          -0.0004161845427006483,
          0.9999884366989136,
          0.8869068622589111
        ],
        [
          0.0,
          0.0,
          0.0,
          1.0
        ]
      ],
      "matrix_world_from_sensor_bevfusion": [
        [
          -0.3247916102409363,
          -0.9457849264144897,
          -0.0011661092285066843,
          103.00355529785156
        ],
        [
          0.9457734227180481,
          -0.32479342818260193,
          0.004677028860896826,
          39.15266036987305
        ],
        [
          -0.004802207928150892,
          0.0004161845427006483,
          0.9999884366989136,
          0.8869068622589111
        ],
        [
          0.0,
          0.0,
          0.0,
          1.0
        ]
      ],
      "matrix_ego_from_sensor_carla": [
        [
          1.0,
          2.3190210640677833e-08,
          1.156775786270714e-10,
          1.9999998807907104
        ],
        [
          -6.611778680110092e-09,
          1.0,
          -1.8768344517416935e-11,
          7.62939453125e-06
        ],
        [
          2.224894712909986e-10,
          5.99482130603235e-11,
          1.0,
          0.8999998569488525
        ],
        [
          0.0,
          0.0,
          0.0,
          1.0
        ]
      ],
      "matrix_ego_from_sensor_bevfusion": [
        [
          1.0,
          -2.3190210640677833e-08,
          1.156775786270714e-10,
          1.9999998807907104
        ],
        [
          6.611778680110092e-09,
          1.0,
          1.8768344517416935e-11,
          -7.62939453125e-06
        ],
        [
          2.224894712909986e-10,
          -5.99482130603235e-11,
          1.0,
          0.8999998569488525
        ],
        [
          0.0,
          0.0,
          0.0,
          1.0
        ]
      ],
      "data_path": "D:\\Agent-AI\\outputs\\s3a_ml_long_v1\\sample_000039\\radar\\RADAR_FRONT.npy",
      "raw_layout": [
        "velocity",
        "altitude",
        "azimuth",
        "depth"
      ]
    },
    "RADAR_FRONT_LEFT": {
      "type_id": "sensor.other.radar",
      "blueprint_attributes": {
        "sensor_tick": "0.100000",
        "role_name": "default",
        "noise_seed": "0",
        "ros_name": "sensor.other.radar",
        "horizontal_fov": "35.0",
        "points_per_second": "1500",
        "vertical_fov": "20.0",
        "range": "120.0"
      },
      "transform_carla": {
        "location": {
          "x": 102.40789031982422,
          "y": -38.57804489135742,
          "z": 0.8888998031616211
        },
        "rotation": {
          "roll": 0.21142007410526276,
          "pitch": -0.1776941865682602,
          "yaw": -153.95346069335938
        }
      },
      "matrix_world_from_sensor_carla": [
        [
          -0.8984333276748657,
          0.43910834193229675,
          -0.001166076515801251,
          102.40789031982422
        ],
        [
          -0.43909892439842224,
          -0.8984265923500061,
          -0.0046770004555583,
          -38.57804489135742
        ],
        [
          -0.0031013437546789646,
          -0.0036899500992149115,
          0.9999883770942688,
          0.8888998031616211
        ],
        [
          0.0,
          0.0,
          0.0,
          1.0
        ]
      ],
      "matrix_world_from_sensor_bevfusion": [
        [
          -0.8984333276748657,
          -0.43910834193229675,
          -0.001166076515801251,
          102.40789031982422
        ],
        [
          0.43909892439842224,
          -0.8984265923500061,
          0.0046770004555583,
          38.57804489135742
        ],
        [
          -0.0031013437546789646,
          0.0036899500992149115,
          0.9999883770942688,
          0.8888998031616211
        ],
        [
          0.0,
          0.0,
          0.0,
          1.0
        ]
      ],
      "matrix_ego_from_sensor_carla": [
        [
          0.7071065902709961,
          0.7071070075035095,
          -3.68509915915638e-08,
          1.650004267692566
        ],
        [
          -0.70710688829422,
          0.7071066498756409,
          2.1746599188077198e-08,
          -0.75
        ],
        [
          4.228507677339621e-08,
          1.190857368271736e-08,
          0.9999999403953552,
          0.8999999165534973
        ],
        [
          0.0,
          0.0,
          0.0,
          1.0
        ]
      ],
      "matrix_ego_from_sensor_bevfusion": [
        [
          0.7071065902709961,
          -0.7071070075035095,
          -3.68509915915638e-08,
          1.650004267692566
        ],
        [
          0.70710688829422,
          0.7071066498756409,
          -2.1746599188077198e-08,
          0.75
        ],
        [
          4.228507677339621e-08,
          -1.190857368271736e-08,
          0.9999999403953552,
          0.8999999165534973
        ],
        [
          0.0,
          0.0,
          0.0,
          1.0
        ]
      ],
      "data_path": "D:\\Agent-AI\\outputs\\s3a_ml_long_v1\\sample_000039\\radar\\RADAR_FRONT_LEFT.npy",
      "raw_layout": [
        "velocity",
        "altitude",
        "azimuth",
        "depth"
      ]
    },
    "RADAR_FRONT_RIGHT": {
      "type_id": "sensor.other.radar",
      "blueprint_attributes": {
        "sensor_tick": "0.100000",
