{
  "schema_version": "stage1.v1",
  "sample_name": "sample_000000",
  "sequence_index": 0,
  "previous_sample_name": null,
  "frame_id": 726273,
  "timestamp": 4997.194624718279,
  "platform_timestamp": 16813364.8536383,
  "delta_seconds": 0.10000000149011612,
  "town": "Carla/Maps/Town10HD_Opt",
  "weather": {
    "cloudiness": 20.0,
    "dust_storm": 0.0,
    "fog_density": 2.0,
    "fog_distance": 0.75,
    "fog_falloff": 0.10000000149011612,
    "mie_scattering_scale": 0.029999999329447746,
    "precipitation": 0.0,
    "precipitation_deposits": 0.0,
    "rayleigh_scattering_scale": 0.03310000151395798,
    "scattering_intensity": 1.0,
    "sun_altitude_angle": 45.0,
    "sun_azimuth_angle": 300.0,
    "wetness": 0.0,
    "wind_intensity": 10.0
  },
  "sensor_names": [
    "CAM_FRONT",
    "CAM_FRONT_RIGHT",
    "CAM_FRONT_LEFT",
    "CAM_BACK",
    "CAM_BACK_LEFT",
    "CAM_BACK_RIGHT",
    "LIDAR_TOP",
    "RADAR_FRONT",
    "RADAR_FRONT_LEFT",
    "RADAR_FRONT_RIGHT",
    "RADAR_BACK_LEFT",
    "RADAR_BACK_RIGHT"
  ],
  "camera_order_for_model": [
    "CAM_FRONT",
    "CAM_FRONT_RIGHT",
    "CAM_FRONT_LEFT",
    "CAM_BACK",
    "CAM_BACK_LEFT",
    "CAM_BACK_RIGHT"
  ],
  "radar_order_for_model": [
    "RADAR_FRONT",
    "RADAR_FRONT_LEFT",
    "RADAR_FRONT_RIGHT",
    "RADAR_BACK_LEFT",
    "RADAR_BACK_RIGHT"
  ],
  "coordinate_notes": {
    "carla_world": "left-handed x-forward y-right z-up",
    "bevfusion_lidar": "x-forward y-left z-up",
    "camera_frame_for_model": "OpenCV style x-right y-down z-forward"
  },
  "ego": {
    "actor_id": 49,
    "transform_carla": {
      "location": {
        "x": 106.41753387451172,
        "y": -20.761430740356445,
        "z": -0.006379852071404457
      },
      "rotation": {
        "roll": 0.034034162759780884,
        "pitch": 0.5069912672042847,
        "yaw": -90.62764739990234
      }
    },
    "velocity_carla": [
      -0.08664891868829727,
      -3.5817859172821045,
      -3.9405822462867945e-05
    ],
    "angular_velocity_carla": [
      -0.6673846244812012,
      0.0730644091963768,
      -1.9344358444213867
    ],
    "matrix_world_from_ego_carla": [
      [
        -0.010953894816339016,
        0.9999397397041321,
        0.0006909023504704237,
        106.41753387451172
      ],
      [
        -0.9999008178710938,
        -0.01095957774668932,
        0.00884151179343462,
        -20.761430740356445
      ],
      [
        0.008848551660776138,
        -0.0005939848488196731,
        0.9999606609344482,
        -0.006379852071404457
      ],
      [
        0.0,
        0.0,
        0.0,
        1.0
      ]
    ],
    "matrix_world_from_ego_bevfusion": [
      [
        -0.010953894816339016,
        -0.9999397397041321,
        0.0006909023504704237,
        106.41753387451172
      ],
      [
        0.9999008178710938,
        -0.01095957774668932,
        -0.00884151179343462,
        20.761430740356445
      ],
      [
        0.008848551660776138,
        0.0005939848488196731,
        0.9999606609344482,
        -0.006379852071404457
      ],
      [
        0.0,
        0.0,
        0.0,
        1.0
      ]
    ]
  },
  "sensors": {
    "CAM_FRONT": {
      "type_id": "sensor.camera.rgb",
      "blueprint_attributes": {
        "role_name": "front",
        "ros_name": "sensor.camera.rgb",
        "chromatic_aberration_offset": "0.0",
        "sensor_tick": "0.100000",
        "fstop": "1.4",
        "image_size_x": "960",
        "image_size_y": "540",
        "fov": "70.00",
        "lens_circle_falloff": "5.0",
        "lens_circle_multiplier": "0.0",
        "exposure_compensation": "0.0",
        "lens_y_size": "0.08",
        "lens_k": "-1.0",
        "exposure_mode": "histogram",
        "lens_kcube": "0.0",
        "lens_x_size": "0.08",
        "exposure_max_bright": "12.0",
        "shutter_speed": "200.0",
        "bloom_intensity": "0.675",
        "iso": "100.0",
        "enable_postprocess_effects": "false",
        "gamma": "2.2",
        "motion_blur_intensity": "0.0",
        "motion_blur_max_distortion": "0.35",
        "lens_flare_intensity": "0.1",
        "motion_blur_min_object_screen_size": "0.1",
        "exposure_min_bright": "10.0",
        "exposure_speed_up": "3.0",
        "exposure_speed_down": "1.0",
        "tint": "0.0",
        "calibration_constant": "16.0",
        "focal_distance": "1000.0",
        "min_fstop": "1.2",
        "blade_count": "5",
        "blur_amount": "0.0",
        "blur_radius": "0.0",
        "slope": "0.88",
        "toe": "0.55",
        "white_clip": "0.04",
        "shoulder": "0.26",
        "black_clip": "0.0",
        "temp": "6500.0",
        "chromatic_aberration_intensity": "0.0"
      },
      "transform_carla": {
        "location": {
          "x": 106.4017333984375,
          "y": -22.29624366760254,
          "z": 1.707268476486206
        },
        "rotation": {
          "roll": 0.034034162759780884,
          "pitch": 0.5069912672042847,
          "yaw": -90.62764739990234
        }
      },
      "matrix_world_from_sensor_carla": [
        [
          -0.010953894816339016,
          0.9999397397041321,
          0.0006909023504704237,
          106.4017333984375
        ],
        [
          -0.9999008178710938,
          -0.01095957774668932,
          0.00884151179343462,
          -22.29624366760254
        ],
        [
          0.008848551660776138,
          -0.0005939848488196731,
          0.9999606609344482,
          1.707268476486206
        ],
        [
          0.0,
          0.0,
          0.0,
          1.0
        ]
      ],
      "matrix_world_from_sensor_bevfusion": [
        [
          0.9999397397041321,
          -0.0006909023504704237,
          -0.010953894816339016,
          106.4017333984375
        ],
        [
          0.01095957774668932,
          0.00884151179343462,
          0.9999008178710938,
          22.29624366760254
        ],
        [
          -0.0005939848488196731,
          -0.9999606609344482,
          0.008848551660776138,
          1.707268476486206
        ],
        [
          0.0,
          0.0,
          0.0,
          1.0
        ]
      ],
      "matrix_ego_from_sensor_carla": [
        [
          1.0,
          6.016832171384934e-11,
          2.2088908480100145e-10,
          1.549997329711914
        ],
        [
          -5.938186609100171e-10,
          1.0,
          -3.266849291083673e-11,
          0.0
        ],
        [
          -7.104334898144771e-10,
          2.5536878167642385e-11,
          1.0,
          1.6999999284744263
        ],
        [
          0.0,
          0.0,
          0.0,
          1.0
        ]
      ],
      "matrix_ego_from_sensor_bevfusion": [
        [
          6.016832171384934e-11,
          -2.2088908480100145e-10,
          1.0,
          1.549997329711914
        ],
        [
          -1.0,
          -3.266849291083673e-11,
          5.938186609100171e-10,
          0.0
        ],
        [
          2.5536878167642385e-11,
          -1.0,
          -7.104334898144771e-10,
          1.6999999284744263
        ],
        [
          0.0,
          0.0,
          0.0,
          1.0
        ]
      ],
      "camera_intrinsics": [
        [
          685.5110473632812,
          0.0,
          480.0
        ],
        [
          0.0,
          685.5110473632812,
          270.0
        ],
        [
          0.0,
          0.0,
          1.0
        ]
      ],
      "data_path": "D:\\Agent-AI\\outputs\\s3a_ml_long_v1\\sample_000000\\images\\CAM_FRONT.png",
      "raw_layout": "bgra8"
    },
    "CAM_FRONT_RIGHT": {
      "type_id": "sensor.camera.rgb",
      "blueprint_attributes": {
        "role_name": "front",
        "ros_name": "sensor.camera.rgb",
        "chromatic_aberration_offset": "0.0",
        "sensor_tick": "0.100000",
        "fstop": "1.4",
        "image_size_x": "960",
        "image_size_y": "540",
        "fov": "70.00",
        "lens_circle_falloff": "5.0",
        "lens_circle_multiplier": "0.0",
        "exposure_compensation": "0.0",
        "lens_y_size": "0.08",
        "lens_k": "-1.0",
        "exposure_mode": "histogram",
        "lens_kcube": "0.0",
        "lens_x_size": "0.08",
        "exposure_max_bright": "12.0",
        "shutter_speed": "200.0",
        "bloom_intensity": "0.675",
        "iso": "100.0",
        "enable_postprocess_effects": "false",
        "gamma": "2.2",
        "motion_blur_intensity": "0.0",
        "motion_blur_max_distortion": "0.35",
        "lens_flare_intensity": "0.1",
        "motion_blur_min_object_screen_size": "0.1",
        "exposure_min_bright": "10.0",
        "exposure_speed_up": "3.0",
        "exposure_speed_down": "1.0",
        "tint": "0.0",
        "calibration_constant": "16.0",
        "focal_distance": "1000.0",
        "min_fstop": "1.2",
        "blade_count": "5",
        "blur_amount": "0.0",
        "blur_radius": "0.0",
        "slope": "0.88",
        "toe": "0.55",
        "white_clip": "0.04",
        "shoulder": "0.26",
        "black_clip": "0.0",
        "temp": "6500.0",
        "chromatic_aberration_intensity": "0.0"
      },
      "transform_carla": {
        "location": {
          "x": 106.95443725585938,
          "y": -22.05229949951172,
          "z": 1.7047295570373535
        },
        "rotation": {
          "roll": 0.4348266124725342,
          "pitch": 0.2629212737083435,
          "yaw": -35.62682342529297
        }
      },
      "matrix_world_from_sensor_carla": [
        [
          0.8128195405006409,
          0.5825151205062866,
          0.0006908487994223833,
          106.95443725585938
        ],
        [
          -0.5824974179267883,
          0.8127844333648682,
          0.00884154997766018,
          -22.05229949951172
        ],
        [
          0.00458882562816143,
          -0.007589003071188927,
          0.9999606609344482,
          1.7047295570373535
        ],
        [
          0.0,
          0.0,
          0.0,
          1.0
        ]
      ],
      "matrix_world_from_sensor_bevfusion": [
        [
          0.5825151205062866,
          -0.0006908487994223833,
          0.8128195405006409,
          106.95443725585938
        ],
        [
          -0.8127844333648682,
          0.00884154997766018,
          0.5824974179267883,
          22.05229949951172
        ],
        [
          -0.007589003071188927,
          -0.9999606609344482,
          0.00458882562816143,
          1.7047295570373535
        ],
        [
          0.0,
          0.0,
          0.0,
          1.0
        ]
      ],
      "matrix_ego_from_sensor_carla": [
        [
          0.5735767483711243,
          -0.8191518783569336,
          -3.79633355862552e-08,
          1.3000011444091797
        ],
        [
          0.8191518187522888,
          0.573576807975769,
          -5.399116886906086e-08,
          0.5500030517578125
        ],
        [
          6.581471012623297e-08,
          5.210654130394232e-10,
          1.0,
          1.6999998092651367
        ],
        [
          0.0,
          0.0,
          0.0,
          1.0
        ]
      ],
      "matrix_ego_from_sensor_bevfusion": [
        [
          -0.8191518783569336,
          3.79633355862552e-08,
          0.5735767483711243,
          1.3000011444091797
        ],
        [
          -0.573576807975769,
          -5.399116886906086e-08,
          -0.8191518187522888,
          -0.5500030517578125
        ],
        [
          5.210654130394232e-10,
          -1.0,
          6.581471012623297e-08,
          1.6999998092651367
        ],
        [
          0.0,
          0.0,
          0.0,
          1.0
        ]
      ],
      "camera_intrinsics": [
        [
          685.5110473632812,
          0.0,
          480.0
        ],
        [
          0.0,
          685.5110473632812,
          270.0
        ],
        [
          0.0,
          0.0,
          1.0
        ]
      ],
      "data_path": "D:\\Agent-AI\\outputs\\s3a_ml_long_v1\\sample_000000\\images\\CAM_FRONT_RIGHT.png",
      "raw_layout": "bgra8"
    },
    "CAM_FRONT_LEFT": {
      "type_id": "sensor.camera.rgb",
      "blueprint_attributes": {
        "role_name": "front",
        "ros_name": "sensor.camera.rgb",
        "chromatic_aberration_offset": "0.0",
        "sensor_tick": "0.100000",
        "fstop": "1.4",
        "image_size_x": "960",
        "image_size_y": "540",
        "fov": "70.00",
        "lens_circle_falloff": "5.0",
        "lens_circle_multiplier": "0.0",
        "exposure_compensation": "0.0",
        "lens_y_size": "0.08",
        "lens_k": "-1.0",
        "exposure_mode": "histogram",
        "lens_kcube": "0.0",
        "lens_x_size": "0.08",
        "exposure_max_bright": "12.0",
        "shutter_speed": "200.0",
        "bloom_intensity": "0.675",
        "iso": "100.0",
        "enable_postprocess_effects": "false",
        "gamma": "2.2",
        "motion_blur_intensity": "0.0",
        "motion_blur_max_distortion": "0.35",
        "lens_flare_intensity": "0.1",
        "motion_blur_min_object_screen_size": "0.1",
        "exposure_min_bright": "10.0",
        "exposure_speed_up": "3.0",
        "exposure_speed_down": "1.0",
        "tint": "0.0",
        "calibration_constant": "16.0",
        "focal_distance": "1000.0",
        "min_fstop": "1.2",
        "blade_count": "5",
        "blur_amount": "0.0",
        "blur_radius": "0.0",
        "slope": "0.88",
        "toe": "0.55",
        "white_clip": "0.04",
        "shoulder": "0.26",
        "black_clip": "0.0",
        "temp": "6500.0",
        "chromatic_aberration_intensity": "0.0"
      },
      "transform_carla": {
        "location": {
          "x": 105.85449981689453,
          "y": -22.04024314880371,
          "z": 1.7053829431533813
        },
        "rotation": {
          "roll": -0.395786315202713,
          "pitch": 0.3186761140823364,
          "yaw": -145.62889099121094
        }
      },
      "matrix_world_from_sensor_carla": [
        [
          -0.8253855109214783,
          0.5645690560340881,
          0.0006909302901476622,
          105.85449981689453
        ],
        [
          -0.5645420551300049,
          -0.8253569602966309,
          0.008841530419886112,
          -22.04024314880371
        ],
        [
          0.0055619184859097,
          0.006907612085342407,
          0.9999606609344482,
          1.7053829431533813
        ],
        [
          0.0,
          0.0,
          0.0,
          1.0
        ]
      ],
      "matrix_world_from_sensor_bevfusion": [
        [
          0.5645690560340881,
          -0.0006909302901476622,
          -0.8253855109214783,
          105.85449981689453
        ],
        [
          0.8253569602966309,
          0.008841530419886112,
          0.5645420551300049,
          22.04024314880371
        ],
        [
          0.006907612085342407,
          -0.9999606609344482,
          0.0055619184859097,
          1.7053829431533813
        ],
        [
          0.0,
          0.0,
          0.0,
          1.0
        ]
      ],
      "matrix_ego_from_sensor_carla": [
        [
          0.5735765099525452,
          0.8191519975662231,
          -1.840556151933015e-08,
          1.3000011444091797
        ],
        [
          -0.8191519379615784,
          0.5735765099525452,
          2.7674177616177076e-08,
          -0.5499954223632812
        ],
        [
          3.3122081077863186e-08,
          -1.6554579929106694e-09,
          1.0,
          1.6999998092651367
        ],
        [
          0.0,
          0.0,
          0.0,
          1.0
        ]
      ],
      "matrix_ego_from_sensor_bevfusion": [
        [
          0.8191519975662231,
          1.840556151933015e-08,
          0.5735765099525452,
          1.3000011444091797
        ],
        [
          -0.5735765099525452,
          2.7674177616177076e-08,
          0.8191519379615784,
          0.5499954223632812
        ],
        [
          -1.6554579929106694e-09,
          -1.0,
          3.3122081077863186e-08,
          1.6999998092651367
        ],
        [
          0.0,
          0.0,
          0.0,
          1.0
        ]
      ],
      "camera_intrinsics": [
        [
          685.5110473632812,
          0.0,
          480.0
        ],
        [
          0.0,
          685.5110473632812,
          270.0
        ],
        [
          0.0,
          0.0,
          1.0
        ]
      ],
      "data_path": "D:\\Agent-AI\\outputs\\s3a_ml_long_v1\\sample_000000\\images\\CAM_FRONT_LEFT.png",
      "raw_layout": "bgra8"
    },
    "CAM_BACK": {
      "type_id": "sensor.camera.rgb",
      "blueprint_attributes": {
        "role_name": "front",
        "ros_name": "sensor.camera.rgb",
        "chromatic_aberration_offset": "0.0",
        "sensor_tick": "0.100000",
        "fstop": "1.4",
        "image_size_x": "960",
        "image_size_y": "540",
        "fov": "70.00",
        "lens_circle_falloff": "5.0",
        "lens_circle_multiplier": "0.0",
        "exposure_compensation": "0.0",
        "lens_y_size": "0.08",
        "lens_k": "-1.0",
        "exposure_mode": "histogram",
        "lens_kcube": "0.0",
        "lens_x_size": "0.08",
        "exposure_max_bright": "12.0",
        "shutter_speed": "200.0",
        "bloom_intensity": "0.675",
        "iso": "100.0",
        "enable_postprocess_effects": "false",
        "gamma": "2.2",
        "motion_blur_intensity": "0.0",
        "motion_blur_max_distortion": "0.35",
        "lens_flare_intensity": "0.1",
        "motion_blur_min_object_screen_size": "0.1",
        "exposure_min_bright": "10.0",
        "exposure_speed_up": "3.0",
        "exposure_speed_down": "1.0",
        "tint": "0.0",
        "calibration_constant": "16.0",
        "focal_distance": "1000.0",
        "min_fstop": "1.2",
        "blade_count": "5",
        "blur_amount": "0.0",
        "blur_radius": "0.0",
        "slope": "0.88",
        "toe": "0.55",
        "white_clip": "0.04",
        "shoulder": "0.26",
        "black_clip": "0.0",
        "temp": "6500.0",
        "chromatic_aberration_intensity": "0.0"
      },
      "transform_carla": {
        "location": {
          "x": 106.4356918334961,
          "y": -19.19655418395996,
          "z": 1.6798380613327026
        },
        "rotation": {
          "roll": -0.03403432294726372,
          "pitch": -0.5069912672042847,
          "yaw": 89.37234497070312
        }
      },
      "matrix_world_from_sensor_carla": [
        [
          0.010954045690596104,
          -0.9999397397041321,
          0.0006909064832143486,
          106.4356918334961
        ],
        [
          0.9999008178710938,
          0.010959728620946407,
          0.00884151179343462,
          -19.19655418395996
        ],
        [
          -0.008848551660776138,
          0.0005939876427873969,
          0.9999606609344482,
          1.6798380613327026
        ],
        [
          0.0,
          0.0,
          0.0,
          1.0
        ]
      ],
      "matrix_world_from_sensor_bevfusion": [
        [
          -0.9999397397041321,
          -0.0006909064832143486,
          0.010954045690596104,
          106.4356918334961
        ],
        [
          -0.010959728620946407,
          0.00884151179343462,
          -0.9999008178710938,
          19.19655418395996
        ],
        [
          0.0005939876427873969,
          -0.9999606609344482,
          -0.008848551660776138,
          1.6798380613327026
        ],
        [
          0.0,
          0.0,
          0.0,
          1.0
        ]
      ],
      "matrix_ego_from_sensor_carla": [
        [
          -1.0,
          -1.5089469229678798e-07,
          2.2088908480100145e-10,
          -1.5499992370605469
        ],
        [
          1.5146807186283695e-07,
          -1.0,
          4.100075390311986e-09,
          7.62939453125e-06
        ],
        [
          7.104334898144771e-10,
          4.107097328898135e-09,
          1.0,
          1.6999999284744263
        ],
        [
          0.0,
          0.0,
          0.0,
          1.0
        ]
      ],
      "matrix_ego_from_sensor_bevfusion": [
        [
          -1.5089469229678798e-07,
          -2.2088908480100145e-10,
          -1.0,
          -1.5499992370605469
        ],
        [
          1.0,
          4.100075390311986e-09,
          -1.5146807186283695e-07,
          -7.62939453125e-06
        ],
        [
          4.107097328898135e-09,
          -1.0,
          7.104334898144771e-10,
          1.6999999284744263
        ],
        [
          0.0,
          0.0,
          0.0,
          1.0
        ]
      ],
      "camera_intrinsics": [
        [
          685.5110473632812,
          0.0,
          480.0
        ],
        [
          0.0,
          685.5110473632812,
          270.0
        ],
        [
          0.0,
          0.0,
          1.0
        ]
      ],
      "data_path": "D:\\Agent-AI\\outputs\\s3a_ml_long_v1\\sample_000000\\images\\CAM_BACK.png",
      "raw_layout": "bgra8"
    },
    "CAM_BACK_LEFT": {
      "type_id": "sensor.camera.rgb",
      "blueprint_attributes": {
        "role_name": "front",
        "ros_name": "sensor.camera.rgb",
        "chromatic_aberration_offset": "0.0",
        "sensor_tick": "0.100000",
        "fstop": "1.4",
        "image_size_x": "960",
        "image_size_y": "540",
        "fov": "70.00",
        "lens_circle_falloff": "5.0",
        "lens_circle_multiplier": "0.0",
        "exposure_compensation": "0.0",
        "lens_y_size": "0.08",
        "lens_k": "-1.0",
        "exposure_mode": "histogram",
        "lens_kcube": "0.0",
        "lens_x_size": "0.08",
        "exposure_max_bright": "12.0",
        "shutter_speed": "200.0",
        "bloom_intensity": "0.675",
        "iso": "100.0",
        "enable_postprocess_effects": "false",
        "gamma": "2.2",
        "motion_blur_intensity": "0.0",
        "motion_blur_max_distortion": "0.35",
        "lens_flare_intensity": "0.1",
        "motion_blur_min_object_screen_size": "0.1",
        "exposure_min_bright": "10.0",
        "exposure_speed_up": "3.0",
        "exposure_speed_down": "1.0",
        "tint": "0.0",
        "calibration_constant": "16.0",
        "focal_distance": "1000.0",
        "min_fstop": "1.2",
        "blade_count": "5",
        "blur_amount": "0.0",
        "blur_radius": "0.0",
        "slope": "0.88",
        "toe": "0.55",
        "white_clip": "0.04",
        "shoulder": "0.26",
        "black_clip": "0.0",
        "temp": "6500.0",
        "chromatic_aberration_intensity": "0.0"
      },
      "transform_carla": {
        "location": {
          "x": 105.88298797607422,
          "y": -19.440500259399414,
          "z": 1.6823768615722656
        },
        "rotation": {
          "roll": -0.43482664227485657,
          "pitch": -0.2629212737083435,
          "yaw": 144.3731689453125
        }
      },
      "matrix_world_from_sensor_carla": [
        [
          -0.8128194212913513,
          -0.582515299320221,
          0.0006908511277288198,
          105.88298797607422
        ],
        [
          0.5824975967407227,
          -0.8127843141555786,
          0.008841550908982754,
          -19.440500259399414
        ],
        [
          -0.00458882562816143,
          0.007589004002511501,
          0.9999606609344482,
          1.6823768615722656
        ],
        [
          0.0,
          0.0,
          0.0,
          1.0
        ]
      ],
      "matrix_world_from_sensor_bevfusion": [
        [
          -0.582515299320221,
          -0.0006908511277288198,
          -0.8128194212913513,
          105.88298797607422
        ],
        [
          0.8127843141555786,
          0.008841550908982754,
          -0.5824975967407227,
          19.440500259399414
        ],
        [
          0.007589004002511501,
          -0.9999606609344482,
          -0.00458882562816143,
          1.6823768615722656
        ],
        [
          0.0,
          0.0,
          0.0,
          1.0
        ]
      ],
      "matrix_ego_from_sensor_carla": [
        [
          -0.5735769271850586,
          0.819151759147644,
          -3.8894658160870677e-08,
          -1.3000011444091797
        ],
        [
          -0.8191516995429993,
          -0.5735769867897034,
          -5.172107009343563e-08,
          -0.54998779296875
        ],
        [
          -6.395206497700201e-08,
          1.3415430988317212e-09,
          1.0,
          1.6999999284744263
        ],
        [
          0.0,
          0.0,
          0.0,
          1.0
        ]
      ],
      "matrix_ego_from_sensor_bevfusion": [
        [
          0.819151759147644,
          3.8894658160870677e-08,
          -0.5735769271850586,
          -1.3000011444091797
        ],
        [
          0.5735769867897034,
          -5.172107009343563e-08,
          0.8191516995429993,
          0.54998779296875
        ],
        [
          1.3415430988317212e-09,
          -1.0,
          -6.395206497700201e-08,
          1.6999999284744263
        ],
        [
          0.0,
          0.0,
          0.0,
          1.0
        ]
      ],
      "camera_intrinsics": [
        [
          685.5110473632812,
          0.0,
          480.0
        ],
        [
          0.0,
          685.5110473632812,
          270.0
        ],
        [
          0.0,
          0.0,
          1.0
        ]
      ],
      "data_path": "D:\\Agent-AI\\outputs\\s3a_ml_long_v1\\sample_000000\\images\\CAM_BACK_LEFT.png",
      "raw_layout": "bgra8"
    },
    "CAM_BACK_RIGHT": {
      "type_id": "sensor.camera.rgb",
      "blueprint_attributes": {
        "role_name": "front",
        "ros_name": "sensor.camera.rgb",
        "chromatic_aberration_offset": "0.0",
        "sensor_tick": "0.100000",
        "fstop": "1.4",
        "image_size_x": "960",
        "image_size_y": "540",
        "fov": "70.00",
        "lens_circle_falloff": "5.0",
        "lens_circle_multiplier": "0.0",
        "exposure_compensation": "0.0",
        "lens_y_size": "0.08",
        "lens_k": "-1.0",
        "exposure_mode": "histogram",
        "lens_kcube": "0.0",
        "lens_x_size": "0.08",
        "exposure_max_bright": "12.0",
        "shutter_speed": "200.0",
        "bloom_intensity": "0.675",
        "iso": "100.0",
        "enable_postprocess_effects": "false",
        "gamma": "2.2",
        "motion_blur_intensity": "0.0",
        "motion_blur_max_distortion": "0.35",
        "lens_flare_intensity": "0.1",
        "motion_blur_min_object_screen_size": "0.1",
        "exposure_min_bright": "10.0",
        "exposure_speed_up": "3.0",
        "exposure_speed_down": "1.0",
        "tint": "0.0",
        "calibration_constant": "16.0",
        "focal_distance": "1000.0",
        "min_fstop": "1.2",
        "blade_count": "5",
        "blur_amount": "0.0",
        "blur_radius": "0.0",
        "slope": "0.88",
        "toe": "0.55",
        "white_clip": "0.04",
        "shoulder": "0.26",
        "black_clip": "0.0",
        "temp": "6500.0",
        "chromatic_aberration_intensity": "0.0"
      },
      "transform_carla": {
        "location": {
          "x": 106.98291778564453,
          "y": -19.452556610107422,
          "z": 1.6817234754562378
        },
        "rotation": {
          "roll": 0.395786315202713,
          "pitch": -0.3186761140823364,
          "yaw": 34.37109375
        }
      },
      "matrix_world_from_sensor_carla": [
        [
          0.8253856301307678,
          -0.5645688772201538,
          0.000690932385623455,
          106.98291778564453
        ],
        [
          0.5645418763160706,
          0.8253570795059204,
          0.008841530419886112,
          -19.452556610107422
        ],
        [
          -0.0055619184859097,
          -0.006907612085342407,
          0.9999606609344482,
          1.6817234754562378
        ],
        [
          0.0,
          0.0,
          0.0,
          1.0
        ]
      ],
      "matrix_world_from_sensor_bevfusion": [
        [
          -0.5645688772201538,
          -0.000690932385623455,
          0.8253856301307678,
          106.98291778564453
        ],
        [
          -0.8253570795059204,
          0.008841530419886112,
          -0.5645418763160706,
          19.452556610107422
        ],
        [
          -0.006907612085342407,
          -0.9999606609344482,
          -0.0055619184859097,
          1.6817234754562378
        ],
        [
          0.0,
          0.0,
          0.0,
          1.0
        ]
      ],
      "matrix_ego_from_sensor_carla": [
        [
          -0.5735763311386108,
          -0.8191521167755127,
          -1.840556151933015e-08,
          -1.2999992370605469
        ],
        [
          0.8191520571708679,
          -0.5735763311386108,
          2.9769653409061902e-08,
          0.5500030517578125
        ],
        [
          -3.4519064939786404e-08,
          2.586780567526148e-09,
          1.0,
          1.6999999284744263
        ],
        [
          0.0,
          0.0,
          0.0,
          1.0
        ]
      ],
      "matrix_ego_from_sensor_bevfusion": [
        [
          -0.8191521167755127,
          1.840556151933015e-08,
          -0.5735763311386108,
          -1.2999992370605469
        ],
        [
          0.5735763311386108,
          2.9769653409061902e-08,
          -0.8191520571708679,
          -0.5500030517578125
        ],
        [
          2.586780567526148e-09,
          -1.0,
          -3.4519064939786404e-08,
          1.6999999284744263
        ],
        [
          0.0,
          0.0,
          0.0,
          1.0
        ]
      ],
      "camera_intrinsics": [
        [
          685.5110473632812,
          0.0,
          480.0
        ],
        [
          0.0,
          685.5110473632812,
          270.0
        ],
        [
          0.0,
          0.0,
          1.0
        ]
      ],
      "data_path": "D:\\Agent-AI\\outputs\\s3a_ml_long_v1\\sample_000000\\images\\CAM_BACK_RIGHT.png",
      "raw_layout": "bgra8"
    },
    "LIDAR_TOP": {
      "type_id": "sensor.lidar.ray_cast",
      "blueprint_attributes": {
        "atmosphere_attenuation_rate": "0.004",
        "role_name": "front",
        "noise_seed": "0",
        "upper_fov": "10.0",
        "ros_name": "sensor.lidar.ray_cast",
        "sensor_tick": "0.100000",
        "channels": "32",
        "range": "120.0",
        "points_per_second": "360000",
        "lower_fov": "-30.0",
        "rotation_frequency": "10.000000",
        "horizontal_fov": "360.0",
        "dropoff_general_rate": "0.0",
        "dropoff_intensity_limit": "1.0",
        "noise_stddev": "0.0",
        "dropoff_zero_intensity": "0.0"
      },
      "transform_carla": {
        "location": {
          "x": 106.41905975341797,
          "y": -20.741979598999023,
          "z": 2.1935336589813232
        },
        "rotation": {
          "roll": 0.034034162759780884,
          "pitch": 0.5069912672042847,
          "yaw": -90.62764739990234
        }
      },
      "matrix_world_from_sensor_carla": [
        [
          -0.010953894816339016,
          0.9999397397041321,
          0.0006909023504704237,
          106.41905975341797
        ],
        [
          -0.9999008178710938,
          -0.01095957774668932,
          0.00884151179343462,
          -20.741979598999023
        ],
        [
          0.008848551660776138,
          -0.0005939848488196731,
          0.9999606609344482,
          2.1935336589813232
        ],
        [
          0.0,
          0.0,
          0.0,
          1.0
        ]
      ],
      "matrix_world_from_sensor_bevfusion": [
        [
          -0.010953894816339016,
          -0.9999397397041321,
          0.0006909023504704237,
          106.41905975341797
        ],
        [
          0.9999008178710938,
          -0.01095957774668932,
          -0.00884151179343462,
          20.741979598999023
        ],
        [
          0.008848551660776138,
          0.0005939848488196731,
          0.9999606609344482,
          2.1935336589813232
        ],
        [
          0.0,
          0.0,
          0.0,
          1.0
        ]
      ],
      "matrix_ego_from_sensor_carla": [
        [
          1.0,
          6.016832171384934e-11,
          2.2088908480100145e-10,
          0.0
        ],
        [
          -5.938186609100171e-10,
          1.0,
          -3.266849291083673e-11,
          7.62939453125e-06
        ],
        [
          -7.104334898144771e-10,
          2.5536878167642385e-11,
          1.0,
          2.200000047683716
        ],
        [
          0.0,
          0.0,
          0.0,
          1.0
        ]
      ],
      "matrix_ego_from_sensor_bevfusion": [
        [
          1.0,
          -6.016832171384934e-11,
          2.2088908480100145e-10,
          0.0
        ],
        [
          5.938186609100171e-10,
          1.0,
          3.266849291083673e-11,
          -7.62939453125e-06
        ],
        [
          -7.104334898144771e-10,
          -2.5536878167642385e-11,
          1.0,
          2.200000047683716
        ],
        [
          0.0,
          0.0,
          0.0,
          1.0
        ]
      ],
      "data_path": "D:\\Agent-AI\\outputs\\s3a_ml_long_v1\\sample_000000\\lidar\\LIDAR_TOP.npy",
      "raw_layout": [
        "x",
        "y",
        "z",
        "intensity"
      ]
    },
    "RADAR_FRONT": {
      "type_id": "sensor.other.radar",
      "blueprint_attributes": {
        "sensor_tick": "0.100000",
        "role_name": "default",
        "noise_seed": "0",
        "ros_name": "sensor.other.radar",
        "horizontal_fov": "35.0",
        "points_per_second": "1500",
        "vertical_fov": "20.0",
        "range": "120.0"
      },
      "transform_carla": {
        "location": {
          "x": 106.39624786376953,
          "y": -22.753273010253906,
          "z": 0.9112818837165833
        },
        "rotation": {
          "roll": 0.034034162759780884,
          "pitch": 0.5069912672042847,
          "yaw": -90.62764739990234
        }
      },
      "matrix_world_from_sensor_carla": [
        [
          -0.010953894816339016,
          0.9999397397041321,
          0.0006909023504704237,
          106.39624786376953
        ],
        [
          -0.9999008178710938,
          -0.01095957774668932,
          0.00884151179343462,
          -22.753273010253906
        ],
        [
          0.008848551660776138,
          -0.0005939848488196731,
          0.9999606609344482,
          0.9112818837165833
        ],
        [
          0.0,
          0.0,
          0.0,
          1.0
        ]
      ],
      "matrix_world_from_sensor_bevfusion": [
        [
          -0.010953894816339016,
          -0.9999397397041321,
          0.0006909023504704237,
          106.39624786376953
        ],
        [
          0.9999008178710938,
          -0.01095957774668932,
          -0.00884151179343462,
          22.753273010253906
        ],
        [
          0.008848551660776138,
          0.0005939848488196731,
          0.9999606609344482,
          0.9112818837165833
        ],
        [
          0.0,
          0.0,
          0.0,
          1.0
        ]
      ],
      "matrix_ego_from_sensor_carla": [
        [
          1.0,
          6.016832171384934e-11,
          2.2088908480100145e-10,
          1.9999980926513672
        ],
        [
          -5.938186609100171e-10,
          1.0,
          -3.266849291083673e-11,
          0.0
        ],
        [
          -7.104334898144771e-10,
          2.5536878167642385e-11,
          1.0,
          0.9000000357627869
        ],
        [
          0.0,
          0.0,
          0.0,
          1.0
        ]
      ],
      "matrix_ego_from_sensor_bevfusion": [
        [
          1.0,
          -6.016832171384934e-11,
          2.2088908480100145e-10,
          1.9999980926513672
        ],
        [
          5.938186609100171e-10,
          1.0,
          3.266849291083673e-11,
          0.0
        ],
        [
          -7.104334898144771e-10,
          -2.5536878167642385e-11,
          1.0,
          0.9000000357627869
        ],
        [
          0.0,
          0.0,
          0.0,
          1.0
        ]
      ],
      "data_path": "D:\\Agent-AI\\outputs\\s3a_ml_long_v1\\sample_000000\\radar\\RADAR_FRONT.npy",
      "raw_layout": [
        "velocity",
        "altitude",
        "azimuth",
        "depth"
      ]
    },
    "RADAR_FRONT_LEFT": {
      "type_id": "sensor.other.radar",
      "blueprint_attributes": {
        "sensor_tick": "0.100000",
        "role_name": "default",
        "noise_seed": "0",
        "ros_name": "sensor.other.radar",
        "horizontal_fov": "35.0",
        "points_per_second": "1500",
        "vertical_fov": "20.0",
        "range": "120.0"
      },
      "transform_carla": {
        "location": {
          "x": 105.65013122558594,
          "y": -22.395090103149414,
          "z": 0.90863037109375
        },
        "rotation": {
          "roll": -0.3344367742538452,
          "pitch": 0.38255205750465393,
          "yaw": -135.62893676757812
        }
      },
      "matrix_world_from_sensor_carla": [
        [
          -0.7148100733757019,
          0.6993182897567749,
          0.0006908075883984566,
          105.65013122558594
        ],
        [
          -0.6992867588996887,
          -0.7147865891456604,
          0.008841414004564285,
          -22.395090103149414
        ],
        [
          0.006676743272691965,
          0.0058368598110973835,
          0.9999606609344482,
          0.90863037109375
        ],
        [
          0.0,
          0.0,
          0.0,
          1.0
        ]
      ],
      "matrix_world_from_sensor_bevfusion": [
        [
          -0.7148100733757019,
          -0.6993182897567749,
          0.0006908075883984566,
          105.65013122558594
        ],
        [
          0.6992867588996887,
          -0.7147865891456604,
          -0.008841414004564285,
          22.395090103149414
        ],
        [
          0.006676743272691965,
          -0.0058368598110973835,
          0.9999606609344482,
          0.90863037109375
        ],
        [
          0.0,
          0.0,
          0.0,
          1.0
        ]
      ],
      "matrix_ego_from_sensor_carla": [
        [
          0.7071064710617065,
          0.7071071267127991,
          9.894107932950647e-08,
          1.6499996185302734
        ],
        [
          -0.7071071267127991,
          0.7071065306663513,
          -9.368879716475931e-08,
          -0.75
        ],
        [
          -1.359969701297814e-07,
          -3.7708862699048495e-09,
          1.0,
          0.9000000357627869
        ],
        [
          0.0,
          0.0,
          0.0,
          1.0
        ]
      ],
      "matrix_ego_from_sensor_bevfusion": [
        [
          0.7071064710617065,
          -0.7071071267127991,
          9.894107932950647e-08,
          1.6499996185302734
        ],
        [
          0.7071071267127991,
          0.7071065306663513,
          9.368879716475931e-08,
          0.75
        ],
        [
          -1.359969701297814e-07,
          3.7708862699048495e-09,
          1.0,
          0.9000000357627869
        ],
        [
          0.0,
          0.0,
          0.0,
          1.0
        ]
      ],
      "data_path": "D:\\Agent-AI\\outputs\\s3a_ml_long_v1\\sample_000000\\radar\\RADAR_FRONT_LEFT.npy",
      "raw_layout": [
        "velocity",
        "altitude",
        "azimuth",
        "depth"
      ]
    },
    "RADAR_FRONT_RIGHT": {
      "type_id": "sensor.other.radar",
      "blueprint_attributes": {
        "sensor_tick": "0.100000",
        "role_name": "default",
        "noise_seed": "0",
        "ros_name": "sensor.other.radar",
        "horizontal_fov": "35.0",
        "points_per_second": "1500",
        "vertical_fov": "20.0",
        "range": "120.0"
      },
      "transform_carla": {
