{
  "schema_version": "stage1.v1",
  "sample_name": "sample_000024",
  "sequence_index": 24,
  "previous_sample_name": "sample_000023",
  "frame_id": 60025,
  "timestamp": 437.41970078647137,
  "platform_timestamp": 16814571.8942494,
  "delta_seconds": 0.10000000149011612,
  "town": "Carla/Maps/Town10HD_Opt",
  "weather": {
    "cloudiness": 20.0,
    "dust_storm": 0.0,
    "fog_density": 2.0,
    "fog_distance": 0.75,
    "fog_falloff": 0.10000000149011612,
    "mie_scattering_scale": 0.029999999329447746,
    "precipitation": 0.0,
    "precipitation_deposits": 0.0,
    "rayleigh_scattering_scale": 0.03310000151395798,
    "scattering_intensity": 1.0,
    "sun_altitude_angle": 45.0,
    "sun_azimuth_angle": 300.0,
    "wetness": 0.0,
    "wind_intensity": 10.0
  },
  "sensor_names": [
    "CAM_FRONT",
    "CAM_FRONT_RIGHT",
    "CAM_FRONT_LEFT",
    "CAM_BACK",
    "CAM_BACK_LEFT",
    "CAM_BACK_RIGHT",
    "LIDAR_TOP",
    "RADAR_FRONT",
    "RADAR_FRONT_LEFT",
    "RADAR_FRONT_RIGHT",
    "RADAR_BACK_LEFT",
    "RADAR_BACK_RIGHT"
  ],
  "camera_order_for_model": [
    "CAM_FRONT",
    "CAM_FRONT_RIGHT",
    "CAM_FRONT_LEFT",
    "CAM_BACK",
    "CAM_BACK_LEFT",
    "CAM_BACK_RIGHT"
  ],
  "radar_order_for_model": [
    "RADAR_FRONT",
    "RADAR_FRONT_LEFT",
    "RADAR_FRONT_RIGHT",
    "RADAR_BACK_LEFT",
    "RADAR_BACK_RIGHT"
  ],
  "coordinate_notes": {
    "carla_world": "left-handed x-forward y-right z-up",
    "bevfusion_lidar": "x-forward y-left z-up",
    "camera_frame_for_model": "OpenCV style x-right y-down z-forward"
  },
  "ego": {
    "actor_id": 28,
    "transform_carla": {
      "location": {
        "x": 103.64698028564453,
        "y": -37.4630012512207,
        "z": -0.005261802580207586
      },
      "rotation": {
        "roll": 0.5821394920349121,
        "pitch": 0.249178946018219,
        "yaw": -109.333984375
      }
    },
    "velocity_carla": [
      -2.9775195121765137,
      -7.93923282623291,
      -5.0268172344658524e-05
    ],
    "angular_velocity_carla": [
      0.7381419539451599,
      -0.7391314506530762,
      -12.102115631103516
    ],
    "matrix_world_from_ego_carla": [
      [
        -0.33107104897499084,
        0.943541407585144,
        0.011026855558156967,
        103.64698028564453
      ],
      [
        -0.9435957670211792,
        -0.3310987949371338,
        0.0007397669833153486,
        -37.4630012512207
      ],
      [
        0.004348979331552982,
        -0.010159979574382305,
        0.9999389052391052,
        -0.005261802580207586
      ],
      [
        0.0,
        0.0,
        0.0,
        1.0
      ]
    ],
    "matrix_world_from_ego_bevfusion": [
      [
        -0.33107104897499084,
        -0.943541407585144,
        0.011026855558156967,
        103.64698028564453
      ],
      [
        0.9435957670211792,
        -0.3310987949371338,
        -0.0007397669833153486,
        37.4630012512207
      ],
      [
        0.004348979331552982,
        0.010159979574382305,
        0.9999389052391052,
        -0.005261802580207586
      ],
      [
        0.0,
        0.0,
        0.0,
        1.0
      ]
    ]
  },
  "sensors": {
    "CAM_FRONT": {
      "type_id": "sensor.camera.rgb",
      "blueprint_attributes": {
        "role_name": "front",
        "ros_name": "sensor.camera.rgb",
        "chromatic_aberration_offset": "0.0",
        "sensor_tick": "0.100000",
        "fstop": "1.4",
        "image_size_x": "960",
        "image_size_y": "540",
        "fov": "70.00",
        "lens_circle_falloff": "5.0",
        "lens_circle_multiplier": "0.0",
        "exposure_compensation": "0.0",
        "lens_y_size": "0.08",
        "lens_k": "-1.0",
        "exposure_mode": "histogram",
        "lens_kcube": "0.0",
        "lens_x_size": "0.08",
        "exposure_max_bright": "12.0",
        "shutter_speed": "200.0",
        "bloom_intensity": "0.675",
        "iso": "100.0",
        "enable_postprocess_effects": "false",
        "gamma": "2.2",
        "motion_blur_intensity": "0.0",
        "motion_blur_max_distortion": "0.35",
        "lens_flare_intensity": "0.1",
        "motion_blur_min_object_screen_size": "0.1",
        "exposure_min_bright": "10.0",
        "exposure_speed_up": "3.0",
        "exposure_speed_down": "1.0",
        "tint": "0.0",
        "calibration_constant": "16.0",
        "focal_distance": "1000.0",
        "min_fstop": "1.2",
        "blade_count": "5",
        "blur_amount": "0.0",
        "blur_radius": "0.0",
        "slope": "0.88",
        "toe": "0.55",
        "white_clip": "0.04",
        "shoulder": "0.26",
        "black_clip": "0.0",
        "temp": "6500.0",
        "chromatic_aberration_intensity": "0.0"
      },
      "transform_carla": {
        "location": {
          "x": 103.1525650024414,
          "y": -38.92431640625,
          "z": 1.7013752460479736
        },
        "rotation": {
          "roll": 0.5821394920349121,
          "pitch": 0.249178946018219,
          "yaw": -109.333984375
        }
      },
      "matrix_world_from_sensor_carla": [
        [
          -0.33107104897499084,
          0.943541407585144,
          0.011026855558156967,
          103.1525650024414
        ],
        [
          -0.9435957670211792,
          -0.3310987949371338,
          0.0007397669833153486,
          -38.92431640625
        ],
        [
          0.004348979331552982,
          -0.010159979574382305,
          0.9999389052391052,
          1.7013752460479736
        ],
        [
          0.0,
          0.0,
          0.0,
          1.0
        ]
      ],
      "matrix_world_from_sensor_bevfusion": [
        [
          0.943541407585144,
          -0.011026855558156967,
          -0.33107104897499084,
          103.1525650024414
        ],
        [
          0.3310987949371338,
          0.0007397669833153486,
          0.9435957670211792,
          38.92431640625
        ],
        [
          -0.010159979574382305,
          -0.9999389052391052,
          0.004348979331552982,
          1.7013752460479736
        ],
        [
          0.0,
          0.0,
          0.0,
          1.0
        ]
      ],
      "matrix_ego_from_sensor_carla": [
        [
          0.9999999403953552,
          -1.523358683641618e-08,
          1.9271420570454723e-10,
          1.549999475479126
        ],
        [
          -5.162569038930087e-09,
          1.0,
          -4.706344758353964e-10,
          0.0
        ],
        [
          -1.3699263945454732e-11,
          -1.4489387467619963e-10,
          1.0,
          1.7000001668930054
        ],
        [
          0.0,
          0.0,
          0.0,
          1.0
        ]
      ],
      "matrix_ego_from_sensor_bevfusion": [
        [
          -1.523358683641618e-08,
          -1.9271420570454723e-10,
          0.9999999403953552,
          1.549999475479126
        ],
        [
          -1.0,
          -4.706344758353964e-10,
          5.162569038930087e-09,
          0.0
        ],
        [
          -1.4489387467619963e-10,
          -1.0,
          -1.3699263945454732e-11,
          1.7000001668930054
        ],
        [
          0.0,
          0.0,
          0.0,
          1.0
        ]
      ],
      "camera_intrinsics": [
        [
          685.5110473632812,
          0.0,
          480.0
        ],
        [
          0.0,
          685.5110473632812,
          270.0
        ],
        [
          0.0,
          0.0,
          1.0
        ]
      ],
      "data_path": "D:\\Agent-AI\\outputs\\s3a_ml_long_v2\\sample_000024\\images\\CAM_FRONT.png",
      "raw_layout": "bgra8"
    },
    "CAM_FRONT_RIGHT": {
      "type_id": "sensor.camera.rgb",
      "blueprint_attributes": {
        "role_name": "front",
        "ros_name": "sensor.camera.rgb",
        "chromatic_aberration_offset": "0.0",
        "sensor_tick": "0.100000",
        "fstop": "1.4",
        "image_size_x": "960",
        "image_size_y": "540",
        "fov": "70.00",
        "lens_circle_falloff": "5.0",
        "lens_circle_multiplier": "0.0",
        "exposure_compensation": "0.0",
        "lens_y_size": "0.08",
        "lens_k": "-1.0",
        "exposure_mode": "histogram",
        "lens_kcube": "0.0",
        "lens_x_size": "0.08",
        "exposure_max_bright": "12.0",
        "shutter_speed": "200.0",
        "bloom_intensity": "0.675",
        "iso": "100.0",
        "enable_postprocess_effects": "false",
        "gamma": "2.2",
        "motion_blur_intensity": "0.0",
        "motion_blur_max_distortion": "0.35",
        "lens_flare_intensity": "0.1",
        "motion_blur_min_object_screen_size": "0.1",
        "exposure_min_bright": "10.0",
        "exposure_speed_up": "3.0",
        "exposure_speed_down": "1.0",
        "tint": "0.0",
        "calibration_constant": "16.0",
        "focal_distance": "1000.0",
        "min_fstop": "1.2",
        "blade_count": "5",
        "blur_amount": "0.0",
        "blur_radius": "0.0",
        "slope": "0.88",
        "toe": "0.55",
        "white_clip": "0.04",
        "shoulder": "0.26",
        "black_clip": "0.0",
        "temp": "6500.0",
        "chromatic_aberration_intensity": "0.0"
      },
      "transform_carla": {
        "location": {
          "x": 103.75428771972656,
          "y": -38.87052536010742,
          "z": 1.694700002670288
        },
        "rotation": {
          "roll": 0.5380244255065918,
          "pitch": -0.3339211046695709,
          "yaw": -54.33681869506836
        }
      },
      "matrix_world_from_sensor_carla": [
        [
          0.5830093622207642,
          0.8123906254768372,
          0.011026793159544468,
          103.75428771972656
        ],
        [
          -0.8124445080757141,
          0.5830380320549011,
          0.0007398538291454315,
          -38.87052536010742
        ],
        [
          -0.005827989429235458,
          -0.009390000253915787,
          0.9999389052391052,
          1.694700002670288
        ],
        [
          0.0,
          0.0,
          0.0,
          1.0
        ]
      ],
      "matrix_world_from_sensor_bevfusion": [
        [
          0.8123906254768372,
          -0.011026793159544468,
          0.5830093622207642,
          103.75428771972656
        ],
        [
          -0.5830380320549011,
          0.0007398538291454315,
          0.8124445080757141,
          38.87052536010742
        ],
        [
          -0.009390000253915787,
          -0.9999389052391052,
          -0.005827989429235458,
          1.694700002670288
        ],
        [
          0.0,
          0.0,
          0.0,
          1.0
        ]
      ],
      "matrix_ego_from_sensor_carla": [
        [
          0.5735763907432556,
          -0.8191521167755127,
          -6.127457652382873e-08,
          1.2999985218048096
        ],
        [
          0.8191520571708679,
          0.5735764503479004,
          -8.801495710031304e-08,
          0.5500106811523438
        ],
        [
          1.0704911801440176e-07,
          3.567492967704311e-10,
          1.0,
          1.7000001668930054
        ],
        [
          0.0,
          0.0,
          0.0,
          1.0
        ]
      ],
      "matrix_ego_from_sensor_bevfusion": [
        [
          -0.8191521167755127,
          6.127457652382873e-08,
          0.5735763907432556,
          1.2999985218048096
        ],
        [
          -0.5735764503479004,
          -8.801495710031304e-08,
          -0.8191520571708679,
          -0.5500106811523438
        ],
        [
          3.567492967704311e-10,
          -1.0,
          1.0704911801440176e-07,
          1.7000001668930054
        ],
        [
          0.0,
          0.0,
          0.0,
          1.0
        ]
      ],
      "camera_intrinsics": [
        [
          685.5110473632812,
          0.0,
          480.0
        ],
        [
          0.0,
          685.5110473632812,
          270.0
        ],
        [
          0.0,
          0.0,
          1.0
        ]
      ],
      "data_path": "D:\\Agent-AI\\outputs\\s3a_ml_long_v2\\sample_000024\\images\\CAM_FRONT_RIGHT.png",
      "raw_layout": "bgra8"
    },
    "CAM_FRONT_LEFT": {
      "type_id": "sensor.camera.rgb",
      "blueprint_attributes": {
        "role_name": "front",
        "ros_name": "sensor.camera.rgb",
        "chromatic_aberration_offset": "0.0",
        "sensor_tick": "0.100000",
        "fstop": "1.4",
        "image_size_x": "960",
        "image_size_y": "540",
        "fov": "70.00",
        "lens_circle_falloff": "5.0",
        "lens_circle_multiplier": "0.0",
        "exposure_compensation": "0.0",
        "lens_y_size": "0.08",
        "lens_k": "-1.0",
        "exposure_mode": "histogram",
        "lens_kcube": "0.0",
        "lens_x_size": "0.08",
        "exposure_max_bright": "12.0",
        "shutter_speed": "200.0",
        "bloom_intensity": "0.675",
        "iso": "100.0",
        "enable_postprocess_effects": "false",
        "gamma": "2.2",
        "motion_blur_intensity": "0.0",
        "motion_blur_max_distortion": "0.35",
        "lens_flare_intensity": "0.1",
        "motion_blur_min_object_screen_size": "0.1",
        "exposure_min_bright": "10.0",
        "exposure_speed_up": "3.0",
        "exposure_speed_down": "1.0",
        "tint": "0.0",
        "calibration_constant": "16.0",
        "focal_distance": "1000.0",
        "min_fstop": "1.2",
        "blade_count": "5",
        "blur_amount": "0.0",
        "blur_radius": "0.0",
        "slope": "0.88",
        "toe": "0.55",
        "white_clip": "0.04",
        "shoulder": "0.26",
        "black_clip": "0.0",
        "temp": "6500.0",
        "chromatic_aberration_intensity": "0.0"
      },
      "transform_carla": {
        "location": {
          "x": 102.71638488769531,
          "y": -38.50631332397461,
          "z": 1.7058759927749634
        },
        "rotation": {
          "roll": 0.1297854781150818,
          "pitch": 0.6197850108146667,
          "yaw": -164.33453369140625
        }
      },
      "matrix_world_from_sensor_carla": [
        [
          -0.9627982378005981,
          0.26999595761299133,
          0.011026891879737377,
          102.71638488769531
        ],
        [
          -0.2700044512748718,
          -0.9628587961196899,
          0.0007397816516458988,
          -38.50631332397461
        ],
        [
          0.010817077942192554,
          -0.002265049610286951,
          0.9999389052391052,
          1.7058759927749634
        ],
        [
          0.0,
          0.0,
          0.0,
          1.0
        ]
      ],
      "matrix_world_from_sensor_bevfusion": [
        [
          0.26999595761299133,
          -0.011026891879737377,
          -0.9627982378005981,
          102.71638488769531
        ],
        [
          0.9628587961196899,
          0.0007397816516458988,
          0.2700044512748718,
          38.50631332397461
        ],
        [
          -0.002265049610286951,
          -0.9999389052391052,
          0.010817077942192554,
          1.7058759927749634
        ],
        [
          0.0,
          0.0,
          0.0,
          1.0
        ]
      ],
      "matrix_ego_from_sensor_carla": [
        [
          0.5735767483711243,
          0.8191518783569336,
          -2.5884318688440544e-08,
          1.2999985218048096
        ],
        [
          -0.819151759147644,
          0.5735767483711243,
          2.9331687301237253e-08,
          -0.5500030517578125
        ],
        [
          3.9201211166073335e-08,
          4.137206133236759e-09,
          1.0,
          1.7000001668930054
        ],
        [
          0.0,
          0.0,
          0.0,
          1.0
        ]
      ],
      "matrix_ego_from_sensor_bevfusion": [
        [
          0.8191518783569336,
          2.5884318688440544e-08,
          0.5735767483711243,
          1.2999985218048096
        ],
        [
          -0.5735767483711243,
          2.9331687301237253e-08,
          0.819151759147644,
          0.5500030517578125
        ],
        [
          4.137206133236759e-09,
          -1.0,
          3.9201211166073335e-08,
          1.7000001668930054
        ],
        [
          0.0,
          0.0,
          0.0,
          1.0
        ]
      ],
      "camera_intrinsics": [
        [
          685.5110473632812,
          0.0,
          480.0
        ],
        [
          0.0,
          685.5110473632812,
          270.0
        ],
        [
          0.0,
          0.0,
          1.0
        ]
      ],
      "data_path": "D:\\Agent-AI\\outputs\\s3a_ml_long_v2\\sample_000024\\images\\CAM_FRONT_LEFT.png",
      "raw_layout": "bgra8"
    },
    "CAM_BACK": {
      "type_id": "sensor.camera.rgb",
      "blueprint_attributes": {
        "role_name": "front",
        "ros_name": "sensor.camera.rgb",
        "chromatic_aberration_offset": "0.0",
        "sensor_tick": "0.100000",
        "fstop": "1.4",
        "image_size_x": "960",
        "image_size_y": "540",
        "fov": "70.00",
        "lens_circle_falloff": "5.0",
        "lens_circle_multiplier": "0.0",
        "exposure_compensation": "0.0",
        "lens_y_size": "0.08",
        "lens_k": "-1.0",
        "exposure_mode": "histogram",
        "lens_kcube": "0.0",
        "lens_x_size": "0.08",
        "exposure_max_bright": "12.0",
        "shutter_speed": "200.0",
        "bloom_intensity": "0.675",
        "iso": "100.0",
        "enable_postprocess_effects": "false",
        "gamma": "2.2",
        "motion_blur_intensity": "0.0",
        "motion_blur_max_distortion": "0.35",
        "lens_flare_intensity": "0.1",
        "motion_blur_min_object_screen_size": "0.1",
        "exposure_min_bright": "10.0",
        "exposure_speed_up": "3.0",
        "exposure_speed_down": "1.0",
        "tint": "0.0",
        "calibration_constant": "16.0",
        "focal_distance": "1000.0",
        "min_fstop": "1.2",
        "blade_count": "5",
        "blur_amount": "0.0",
        "blur_radius": "0.0",
        "slope": "0.88",
        "toe": "0.55",
        "white_clip": "0.04",
        "shoulder": "0.26",
        "black_clip": "0.0",
        "temp": "6500.0",
        "chromatic_aberration_intensity": "0.0"
      },
      "transform_carla": {
        "location": {
          "x": 104.17888641357422,
          "y": -35.99917221069336,
          "z": 1.6878933906555176
        },
        "rotation": {
          "roll": -0.5821394920349121,
          "pitch": -0.249178946018219,
          "yaw": 70.666015625
        }
      },
      "matrix_world_from_sensor_carla": [
        [
          0.3310709595680237,
          -0.9435414671897888,
          0.011026856489479542,
          104.17888641357422
        ],
        [
          0.943595826625824,
          0.3310987055301666,
          0.0007397681474685669,
          -35.99917221069336
        ],
        [
          -0.004348979331552982,
          0.010159979574382305,
          0.9999389052391052,
          1.6878933906555176
        ],
        [
          0.0,
          0.0,
          0.0,
          1.0
        ]
      ],
      "matrix_world_from_sensor_bevfusion": [
        [
          -0.9435414671897888,
          -0.011026856489479542,
          0.3310709595680237,
          104.17888641357422
        ],
        [
          -0.3310987055301666,
          0.0007397681474685669,
          -0.943595826625824,
          35.99917221069336
        ],
        [
          0.010159979574382305,
          -0.9999389052391052,
          -0.004348979331552982,
          1.6878933906555176
        ],
        [
          0.0,
          0.0,
          0.0,
          1.0
        ]
      ],
      "matrix_ego_from_sensor_carla": [
        [
          -1.0,
          1.294006324314978e-07,
          -1.2042696839742462e-09,
          -1.5499995946884155
        ],
        [
          -1.0398043315262839e-07,
          -1.0,
          4.606880987800821e-10,
          0.0
        ],
        [
          -9.176233106700238e-10,
          -7.864286999392789e-10,
          1.0,
          1.7000001668930054
        ],
        [
          0.0,
          0.0,
          0.0,
          1.0
        ]
      ],
      "matrix_ego_from_sensor_bevfusion": [
        [
          1.294006324314978e-07,
          1.2042696839742462e-09,
          -1.0,
          -1.5499995946884155
        ],
        [
          1.0,
          4.606880987800821e-10,
          1.0398043315262839e-07,
          0.0
        ],
        [
          -7.864286999392789e-10,
          -1.0,
          -9.176233106700238e-10,
          1.7000001668930054
        ],
        [
          0.0,
          0.0,
          0.0,
          1.0
        ]
      ],
      "camera_intrinsics": [
        [
          685.5110473632812,
          0.0,
          480.0
        ],
        [
          0.0,
          685.5110473632812,
          270.0
        ],
        [
          0.0,
          0.0,
          1.0
        ]
      ],
      "data_path": "D:\\Agent-AI\\outputs\\s3a_ml_long_v2\\sample_000024\\images\\CAM_BACK.png",
      "raw_layout": "bgra8"
    },
    "CAM_BACK_LEFT": {
      "type_id": "sensor.camera.rgb",
      "blueprint_attributes": {
        "role_name": "front",
        "ros_name": "sensor.camera.rgb",
        "chromatic_aberration_offset": "0.0",
        "sensor_tick": "0.100000",
        "fstop": "1.4",
        "image_size_x": "960",
        "image_size_y": "540",
        "fov": "70.00",
        "lens_circle_falloff": "5.0",
        "lens_circle_multiplier": "0.0",
        "exposure_compensation": "0.0",
        "lens_y_size": "0.08",
        "lens_k": "-1.0",
        "exposure_mode": "histogram",
        "lens_kcube": "0.0",
        "lens_x_size": "0.08",
        "exposure_max_bright": "12.0",
        "shutter_speed": "200.0",
        "bloom_intensity": "0.675",
        "iso": "100.0",
        "enable_postprocess_effects": "false",
        "gamma": "2.2",
        "motion_blur_intensity": "0.0",
        "motion_blur_max_distortion": "0.35",
        "lens_flare_intensity": "0.1",
        "motion_blur_min_object_screen_size": "0.1",
        "exposure_min_bright": "10.0",
        "exposure_speed_up": "3.0",
        "exposure_speed_down": "1.0",
        "tint": "0.0",
        "calibration_constant": "16.0",
        "focal_distance": "1000.0",
        "min_fstop": "1.2",
        "blade_count": "5",
        "blur_amount": "0.0",
        "blur_radius": "0.0",
        "slope": "0.88",
        "toe": "0.55",
        "white_clip": "0.04",
        "shoulder": "0.26",
        "black_clip": "0.0",
        "temp": "6500.0",
        "chromatic_aberration_intensity": "0.0"
      },
      "transform_carla": {
        "location": {
          "x": 103.57716369628906,
          "y": -36.0529670715332,
          "z": 1.6945686340332031
        },
        "rotation": {
          "roll": -0.5380244255065918,
          "pitch": 0.3339211046695709,
          "yaw": 125.66316223144531
        }
      },
      "matrix_world_from_sensor_carla": [
        [
          -0.5830090045928955,
          -0.8123908638954163,
          0.011026794090867043,
          103.57716369628906
        ],
        [
          0.8124447464942932,
          -0.5830376744270325,
          0.0007398491725325584,
          -36.0529670715332
        ],
        [
          0.005827989429235458,
          0.009390000253915787,
          0.9999389052391052,
          1.6945686340332031
        ],
        [
          0.0,
          0.0,
          0.0,
          1.0
        ]
      ],
      "matrix_world_from_sensor_bevfusion": [
        [
          -0.8123908638954163,
          -0.011026794090867043,
          -0.5830090045928955,
          103.57716369628906
        ],
        [
          0.5830376744270325,
          0.0007398491725325584,
          -0.8124447464942932,
          36.0529670715332
        ],
        [
          0.009390000253915787,
          -0.9999389052391052,
          0.005827989429235458,
          1.6945686340332031
        ],
        [
          0.0,
          0.0,
          0.0,
          1.0
        ]
      ],
      "matrix_ego_from_sensor_carla": [
        [
          -0.5735766887664795,
          0.8191518783569336,
          -5.7083624938059074e-08,
          -1.2999987602233887
        ],
        [
          -0.819151759147644,
          -0.573576807975769,
          -8.52209893764666e-08,
          -0.5500106811523438
        ],
        [
          -1.0332382771593984e-07,
          -2.219394446001388e-09,
          1.0,
          1.6999999284744263
        ],
        [
          0.0,
          0.0,
          0.0,
          1.0
        ]
      ],
      "matrix_ego_from_sensor_bevfusion": [
        [
          0.8191518783569336,
          5.7083624938059074e-08,
          -0.5735766887664795,
          -1.2999987602233887
        ],
        [
          0.573576807975769,
          -8.52209893764666e-08,
          0.819151759147644,
          0.5500106811523438
        ],
        [
          -2.219394446001388e-09,
          -1.0,
          -1.0332382771593984e-07,
          1.6999999284744263
        ],
        [
          0.0,
          0.0,
          0.0,
          1.0
        ]
      ],
      "camera_intrinsics": [
        [
          685.5110473632812,
          0.0,
          480.0
        ],
        [
          0.0,
          685.5110473632812,
          270.0
        ],
        [
          0.0,
          0.0,
          1.0
        ]
      ],
      "data_path": "D:\\Agent-AI\\outputs\\s3a_ml_long_v2\\sample_000024\\images\\CAM_BACK_LEFT.png",
      "raw_layout": "bgra8"
    },
    "CAM_BACK_RIGHT": {
      "type_id": "sensor.camera.rgb",
      "blueprint_attributes": {
        "role_name": "front",
        "ros_name": "sensor.camera.rgb",
        "chromatic_aberration_offset": "0.0",
        "sensor_tick": "0.100000",
        "fstop": "1.4",
        "image_size_x": "960",
        "image_size_y": "540",
        "fov": "70.00",
        "lens_circle_falloff": "5.0",
        "lens_circle_multiplier": "0.0",
        "exposure_compensation": "0.0",
        "lens_y_size": "0.08",
        "lens_k": "-1.0",
        "exposure_mode": "histogram",
        "lens_kcube": "0.0",
        "lens_x_size": "0.08",
        "exposure_max_bright": "12.0",
        "shutter_speed": "200.0",
        "bloom_intensity": "0.675",
        "iso": "100.0",
        "enable_postprocess_effects": "false",
        "gamma": "2.2",
        "motion_blur_intensity": "0.0",
        "motion_blur_max_distortion": "0.35",
        "lens_flare_intensity": "0.1",
        "motion_blur_min_object_screen_size": "0.1",
        "exposure_min_bright": "10.0",
        "exposure_speed_up": "3.0",
        "exposure_speed_down": "1.0",
        "tint": "0.0",
        "calibration_constant": "16.0",
        "focal_distance": "1000.0",
        "min_fstop": "1.2",
        "blade_count": "5",
        "blur_amount": "0.0",
        "blur_radius": "0.0",
        "slope": "0.88",
        "toe": "0.55",
        "white_clip": "0.04",
        "shoulder": "0.26",
        "black_clip": "0.0",
        "temp": "6500.0",
        "chromatic_aberration_intensity": "0.0"
      },
      "transform_carla": {
        "location": {
          "x": 104.61506652832031,
          "y": -36.41717529296875,
          "z": 1.6833927631378174
        },
        "rotation": {
          "roll": -0.12978537380695343,
          "pitch": -0.6197850108146667,
          "yaw": 15.665456771850586
        }
      },
      "matrix_world_from_sensor_carla": [
        [
          0.9627982974052429,
          -0.26999571919441223,
          0.011026890948414803,
          104.61506652832031
        ],
        [
          0.2700042128562927,
          0.9628588557243347,
          0.0007397804874926805,
          -36.41717529296875
        ],
        [
          -0.010817077942192554,
          0.002265047747641802,
          0.9999389052391052,
          1.6833927631378174
        ],
        [
          0.0,
          0.0,
          0.0,
          1.0
        ]
      ],
      "matrix_world_from_sensor_bevfusion": [
        [
          -0.26999571919441223,
          -0.011026890948414803,
          0.9627982974052429,
          104.61506652832031
        ],
        [
          -0.9628588557243347,
          0.0007397804874926805,
          -0.2700042128562927,
          36.41717529296875
        ],
        [
          0.002265047747641802,
          -0.9999389052391052,
          -0.010817077942192554,
          1.6833927631378174
        ],
        [
          0.0,
          0.0,
          0.0,
          1.0
        ]
      ],
      "matrix_ego_from_sensor_carla": [
        [
          -0.5735765695571899,
          -0.8191519975662231,
          -2.4487334826517326e-08,
          -1.2999985218048096
        ],
        [
          0.8191518783569336,
          -0.5735765695571899,
          2.8400364726621774e-08,
          0.5500030517578125
        ],
        [
          -3.9201211166073335e-08,
          -3.2057698717835592e-09,
          1.0,
          1.7000001668930054
        ],
        [
          0.0,
          0.0,
          0.0,
          1.0
        ]
      ],
      "matrix_ego_from_sensor_bevfusion": [
        [
          -0.8191519975662231,
          2.4487334826517326e-08,
          -0.5735765695571899,
          -1.2999985218048096
        ],
        [
          0.5735765695571899,
          2.8400364726621774e-08,
          -0.8191518783569336,
          -0.5500030517578125
        ],
        [
          -3.2057698717835592e-09,
          -1.0,
          -3.9201211166073335e-08,
          1.7000001668930054
        ],
        [
          0.0,
          0.0,
          0.0,
          1.0
        ]
      ],
      "camera_intrinsics": [
        [
          685.5110473632812,
          0.0,
          480.0
        ],
        [
          0.0,
          685.5110473632812,
          270.0
        ],
        [
          0.0,
          0.0,
          1.0
        ]
      ],
      "data_path": "D:\\Agent-AI\\outputs\\s3a_ml_long_v2\\sample_000024\\images\\CAM_BACK_RIGHT.png",
      "raw_layout": "bgra8"
    },
    "LIDAR_TOP": {
      "type_id": "sensor.lidar.ray_cast",
      "blueprint_attributes": {
        "atmosphere_attenuation_rate": "0.004",
        "role_name": "front",
        "noise_seed": "0",
        "upper_fov": "10.0",
        "ros_name": "sensor.lidar.ray_cast",
        "sensor_tick": "0.100000",
        "channels": "32",
        "range": "120.0",
        "points_per_second": "360000",
        "lower_fov": "-30.0",
        "rotation_frequency": "10.000000",
        "horizontal_fov": "360.0",
        "dropoff_general_rate": "0.0",
        "dropoff_intensity_limit": "1.0",
        "noise_stddev": "0.0",
        "dropoff_zero_intensity": "0.0"
      },
      "transform_carla": {
        "location": {
          "x": 103.67123413085938,
          "y": -37.46137237548828,
          "z": 2.194603681564331
        },
        "rotation": {
          "roll": 0.5821394920349121,
          "pitch": 0.249178946018219,
          "yaw": -109.333984375
        }
      },
      "matrix_world_from_sensor_carla": [
        [
          -0.33107104897499084,
          0.943541407585144,
          0.011026855558156967,
          103.67123413085938
        ],
        [
          -0.9435957670211792,
          -0.3310987949371338,
          0.0007397669833153486,
          -37.46137237548828
        ],
        [
          0.004348979331552982,
          -0.010159979574382305,
          0.9999389052391052,
          2.194603681564331
        ],
        [
          0.0,
          0.0,
          0.0,
          1.0
        ]
      ],
      "matrix_world_from_sensor_bevfusion": [
        [
          -0.33107104897499084,
          -0.943541407585144,
          0.011026855558156967,
          103.67123413085938
        ],
        [
          0.9435957670211792,
          -0.3310987949371338,
          -0.0007397669833153486,
          37.46137237548828
        ],
        [
          0.004348979331552982,
          0.010159979574382305,
          0.9999389052391052,
          2.194603681564331
        ],
        [
          0.0,
          0.0,
          0.0,
          1.0
        ]
      ],
      "matrix_ego_from_sensor_carla": [
        [
          0.9999999403953552,
          -1.523358683641618e-08,
          1.9271420570454723e-10,
          -2.0265579223632812e-06
        ],
        [
          -5.162569038930087e-09,
          1.0,
          -4.706344758353964e-10,
          -1.52587890625e-05
        ],
        [
          -1.3699263945454732e-11,
          -1.4489387467619963e-10,
          1.0,
          2.1999998092651367
        ],
        [
          0.0,
          0.0,
          0.0,
          1.0
        ]
      ],
      "matrix_ego_from_sensor_bevfusion": [
        [
          0.9999999403953552,
          1.523358683641618e-08,
          1.9271420570454723e-10,
          -2.0265579223632812e-06
        ],
        [
          5.162569038930087e-09,
          1.0,
          4.706344758353964e-10,
          1.52587890625e-05
        ],
        [
          -1.3699263945454732e-11,
          1.4489387467619963e-10,
          1.0,
          2.1999998092651367
        ],
        [
          0.0,
          0.0,
          0.0,
          1.0
        ]
      ],
      "data_path": "D:\\Agent-AI\\outputs\\s3a_ml_long_v2\\sample_000024\\lidar\\LIDAR_TOP.npy",
      "raw_layout": [
        "x",
        "y",
        "z",
        "intensity"
      ]
    },
    "RADAR_FRONT": {
      "type_id": "sensor.other.radar",
      "blueprint_attributes": {
        "sensor_tick": "0.100000",
        "role_name": "default",
        "noise_seed": "0",
        "ros_name": "sensor.other.radar",
        "horizontal_fov": "35.0",
        "points_per_second": "1500",
        "vertical_fov": "20.0",
        "range": "120.0"
      },
      "transform_carla": {
        "location": {
          "x": 102.99476623535156,
          "y": -39.34952926635742,
          "z": 0.9033811688423157
        },
        "rotation": {
          "roll": 0.5821394920349121,
          "pitch": 0.249178946018219,
          "yaw": -109.333984375
        }
      },
      "matrix_world_from_sensor_carla": [
        [
          -0.33107104897499084,
          0.943541407585144,
          0.011026855558156967,
          102.99476623535156
        ],
        [
          -0.9435957670211792,
          -0.3310987949371338,
          0.0007397669833153486,
          -39.34952926635742
        ],
        [
          0.004348979331552982,
          -0.010159979574382305,
          0.9999389052391052,
          0.9033811688423157
        ],
        [
          0.0,
          0.0,
          0.0,
          1.0
        ]
      ],
      "matrix_world_from_sensor_bevfusion": [
        [
          -0.33107104897499084,
          -0.943541407585144,
          0.011026855558156967,
          102.99476623535156
        ],
        [
          0.9435957670211792,
          -0.3310987949371338,
          -0.0007397669833153486,
          39.34952926635742
        ],
        [
          0.004348979331552982,
          0.010159979574382305,
          0.9999389052391052,
          0.9033811688423157
        ],
        [
          0.0,
          0.0,
          0.0,
          1.0
        ]
      ],
      "matrix_ego_from_sensor_carla": [
        [
          0.9999999403953552,
          -1.523358683641618e-08,
          1.9271420570454723e-10,
          2.000000476837158
        ],
        [
          -5.162569038930087e-09,
          1.0,
          -4.706344758353964e-10,
          0.0
        ],
        [
          -1.3699263945454732e-11,
          -1.4489387467619963e-10,
          1.0,
          0.8999999761581421
        ],
        [
          0.0,
          0.0,
          0.0,
          1.0
        ]
      ],
      "matrix_ego_from_sensor_bevfusion": [
        [
          0.9999999403953552,
          1.523358683641618e-08,
          1.9271420570454723e-10,
          2.000000476837158
        ],
        [
          5.162569038930087e-09,
          1.0,
          4.706344758353964e-10,
          0.0
        ],
        [
          -1.3699263945454732e-11,
          1.4489387467619963e-10,
          1.0,
          0.8999999761581421
        ],
        [
          0.0,
          0.0,
          0.0,
          1.0
        ]
      ],
      "data_path": "D:\\Agent-AI\\outputs\\s3a_ml_long_v2\\sample_000024\\radar\\RADAR_FRONT.npy",
      "raw_layout": [
        "velocity",
        "altitude",
        "azimuth",
        "depth"
      ]
    },
    "RADAR_FRONT_LEFT": {
      "type_id": "sensor.other.radar",
      "blueprint_attributes": {
        "sensor_tick": "0.100000",
        "role_name": "default",
        "noise_seed": "0",
        "ros_name": "sensor.other.radar",
        "horizontal_fov": "35.0",
        "points_per_second": "1500",
        "vertical_fov": "20.0",
        "range": "120.0"
      },
      "transform_carla": {
        "location": {
          "x": 102.40298461914062,
          "y": -38.77094650268555,
          "z": 0.909479022026062
        },
        "rotation": {
          "roll": 0.23544125258922577,
          "pitch": 0.5878333449363708,
          "yaw": -154.3340606689453
        }
      },
      "matrix_world_from_sensor_carla": [
        [
          -0.9012871384620667,
          0.43308180570602417,
          0.011026913300156593,
          102.40298461914062
        ],
        [
          -0.4331006705760956,
          -0.9013451933860779,
          0.0007397937588393688,
          -38.77094650268555
        ],
        [
          0.010259447619318962,
          -0.004108997527509928,
          0.9999389052391052,
          0.909479022026062
        ],
        [
          0.0,
          0.0,
          0.0,
          1.0
        ]
      ],
      "matrix_world_from_sensor_bevfusion": [
        [
          -0.9012871384620667,
          -0.43308180570602417,
          0.011026913300156593,
          102.40298461914062
        ],
        [
          0.4331006705760956,
          -0.9013451933860779,
          -0.0007397937588393688,
          38.77094650268555
        ],
        [
          0.010259447619318962,
          0.004108997527509928,
          0.9999389052391052,
          0.909479022026062
        ],
        [
          0.0,
          0.0,
          0.0,
          1.0
        ]
      ],
      "matrix_ego_from_sensor_carla": [
        [
          0.7071067094802856,
          0.7071068286895752,
          -4.4045108893442375e-08,
          1.6499977111816406
        ],
        [
          -0.70710688829422,
          0.7071066498756409,
          4.516417106970039e-08,
          -0.7499923706054688
        ],
        [
          6.392303930624621e-08,
          -1.1294503110548249e-09,
          1.0,
          0.9000002145767212
        ],
        [
          0.0,
          0.0,
          0.0,
          1.0
        ]
      ],
      "matrix_ego_from_sensor_bevfusion": [
        [
          0.7071067094802856,
          -0.7071068286895752,
          -4.4045108893442375e-08,
          1.6499977111816406
        ],
        [
          0.70710688829422,
          0.7071066498756409,
          -4.516417106970039e-08,
          0.7499923706054688
        ],
        [
          6.392303930624621e-08,
          1.1294503110548249e-09,
          1.0,
          0.9000002145767212
        ],
        [
          0.0,
          0.0,
          0.0,
          1.0
        ]
      ],
      "data_path": "D:\\Agent-AI\\outputs\\s3a_ml_long_v2\\sample_000024\\radar\\RADAR_FRONT_LEFT.npy",
      "raw_layout": [
        "velocity",
        "altitude",
        "azimuth",
        "depth"
      ]
    },
    "RADAR_FRONT_RIGHT": {
      "type_id": "sensor.other.radar",
      "blueprint_attributes": {
        "sensor_tick": "0.100000",
        "role_name": "default",
        "noise_seed": "0",
        "ros_name": "sensor.other.radar",
        "horizontal_fov": "35.0",
        "points_per_second": "1500",
