{
  "schema_version": "stage1.v1",
  "sample_name": "sample_000015",
  "sequence_index": 15,
  "previous_sample_name": "sample_000014",
  "frame_id": 2192,
  "timestamp": 33.640632305294275,
  "platform_timestamp": 16781875.677009,
  "delta_seconds": 0.05000000074505806,
  "town": "Carla/Maps/Town10HD_Opt",
  "weather": {
    "cloudiness": 20.0,
    "dust_storm": 0.0,
    "fog_density": 2.0,
    "fog_distance": 0.75,
    "fog_falloff": 0.10000000149011612,
    "mie_scattering_scale": 0.029999999329447746,
    "precipitation": 0.0,
    "precipitation_deposits": 0.0,
    "rayleigh_scattering_scale": 0.03310000151395798,
    "scattering_intensity": 1.0,
    "sun_altitude_angle": 45.0,
    "sun_azimuth_angle": 300.0,
    "wetness": 0.0,
    "wind_intensity": 10.0
  },
  "sensor_names": [
    "CAM_FRONT",
    "CAM_FRONT_RIGHT",
    "CAM_FRONT_LEFT",
    "CAM_BACK",
    "CAM_BACK_LEFT",
    "CAM_BACK_RIGHT",
    "LIDAR_TOP",
    "RADAR_FRONT",
    "RADAR_FRONT_LEFT",
    "RADAR_FRONT_RIGHT",
    "RADAR_BACK_LEFT",
    "RADAR_BACK_RIGHT"
  ],
  "camera_order_for_model": [
    "CAM_FRONT",
    "CAM_FRONT_RIGHT",
    "CAM_FRONT_LEFT",
    "CAM_BACK",
    "CAM_BACK_LEFT",
    "CAM_BACK_RIGHT"
  ],
  "radar_order_for_model": [
    "RADAR_FRONT",
    "RADAR_FRONT_LEFT",
    "RADAR_FRONT_RIGHT",
    "RADAR_BACK_LEFT",
    "RADAR_BACK_RIGHT"
  ],
  "coordinate_notes": {
    "carla_world": "left-handed x-forward y-right z-up",
    "bevfusion_lidar": "x-forward y-left z-up",
    "camera_frame_for_model": "OpenCV style x-right y-down z-forward"
  },
  "ego": {
    "actor_id": 24,
    "transform_carla": {
      "location": {
        "x": -58.18671798706055,
        "y": 23.187389373779297,
        "z": -0.006487693637609482
      },
      "rotation": {
        "roll": 0.8083446025848389,
        "pitch": 0.5879904627799988,
        "yaw": -16.228107452392578
      }
    },
    "velocity_carla": [
      7.353714466094971,
      -2.5976343154907227,
      -0.00037631989107467234
    ],
    "angular_velocity_carla": [
      -1.3602936267852783,
      0.3073641061782837,
      -20.915483474731445
    ],
    "matrix_world_from_ego_carla": [
      [
        0.9601061344146729,
        0.27957335114479065,
        -0.005909731145948172,
        -58.18671798706055
      ],
      [
        -0.27944743633270264,
        0.9600206613540649,
        0.016413312405347824,
        23.187389373779297
      ],
      [
        0.01026218943297863,
        -0.014107064343988895,
        0.9998478293418884,
        -0.006487693637609482
      ],
      [
        0.0,
        0.0,
        0.0,
        1.0
      ]
    ],
    "matrix_world_from_ego_bevfusion": [
      [
        0.9601061344146729,
        -0.27957335114479065,
        -0.005909731145948172,
        -58.18671798706055
      ],
      [
        0.27944743633270264,
        0.9600206613540649,
        -0.016413312405347824,
        -23.187389373779297
      ],
      [
        0.01026218943297863,
        0.014107064343988895,
        0.9998478293418884,
        -0.006487693637609482
      ],
      [
        0.0,
        0.0,
        0.0,
        1.0
      ]
    ]
  },
  "sensors": {
    "CAM_FRONT": {
      "type_id": "sensor.camera.rgb",
      "blueprint_attributes": {
        "role_name": "front",
        "ros_name": "sensor.camera.rgb",
        "chromatic_aberration_offset": "0.0",
        "sensor_tick": "0.050000",
        "fstop": "1.4",
        "image_size_x": "1600",
        "image_size_y": "900",
        "fov": "70.00",
        "lens_circle_falloff": "5.0",
        "lens_circle_multiplier": "0.0",
        "exposure_compensation": "0.0",
        "lens_y_size": "0.08",
        "lens_k": "-1.0",
        "exposure_mode": "histogram",
        "lens_kcube": "0.0",
        "lens_x_size": "0.08",
        "exposure_max_bright": "12.0",
        "shutter_speed": "200.0",
        "bloom_intensity": "0.675",
        "iso": "100.0",
        "enable_postprocess_effects": "false",
        "gamma": "2.2",
        "motion_blur_intensity": "0.0",
        "motion_blur_max_distortion": "0.35",
        "lens_flare_intensity": "0.1",
        "motion_blur_min_object_screen_size": "0.1",
        "exposure_min_bright": "10.0",
        "exposure_speed_up": "3.0",
        "exposure_speed_down": "1.0",
        "tint": "0.0",
        "calibration_constant": "16.0",
        "focal_distance": "1000.0",
        "min_fstop": "1.2",
        "blade_count": "5",
        "blur_amount": "0.0",
        "blur_radius": "0.0",
        "slope": "0.88",
        "toe": "0.55",
        "white_clip": "0.04",
        "shoulder": "0.26",
        "black_clip": "0.0",
        "temp": "6500.0",
        "chromatic_aberration_intensity": "0.0"
      },
      "transform_carla": {
        "location": {
          "x": -56.70859909057617,
          "y": 22.782148361206055,
          "z": 1.7091599702835083
        },
        "rotation": {
          "roll": 0.8083446025848389,
          "pitch": 0.5879904627799988,
          "yaw": -16.228107452392578
        }
      },
      "matrix_world_from_sensor_carla": [
        [
          0.9601061344146729,
          0.27957335114479065,
          -0.005909731145948172,
          -56.70859909057617
        ],
        [
          -0.27944743633270264,
          0.9600206613540649,
          0.016413312405347824,
          22.782148361206055
        ],
        [
          0.01026218943297863,
          -0.014107064343988895,
          0.9998478293418884,
          1.7091599702835083
        ],
        [
          0.0,
          0.0,
          0.0,
          1.0
        ]
      ],
      "matrix_world_from_sensor_bevfusion": [
        [
          0.27957335114479065,
          0.005909731145948172,
          0.9601061344146729,
          -56.70859909057617
        ],
        [
          -0.9600206613540649,
          0.016413312405347824,
          0.27944743633270264,
          -22.782148361206055
        ],
        [
          -0.014107064343988895,
          -0.9998478293418884,
          0.01026218943297863,
          1.7091599702835083
        ],
        [
          0.0,
          0.0,
          0.0,
          1.0
        ]
      ],
      "matrix_ego_from_sensor_carla": [
        [
          1.0,
          -1.0406409067797995e-08,
          2.2383794817670832e-10,
          1.5500030517578125
        ],
        [
          1.5502706895986762e-09,
          1.0,
          -1.7410961561381555e-11,
          9.5367431640625e-07
        ],
        [
          2.2383794817670832e-10,
          -1.7269241592288154e-11,
          1.0,
          1.7000000476837158
        ],
        [
          0.0,
          0.0,
          0.0,
          1.0
        ]
      ],
      "matrix_ego_from_sensor_bevfusion": [
        [
          -1.0406409067797995e-08,
          -2.2383794817670832e-10,
          1.0,
          1.5500030517578125
        ],
        [
          -1.0,
          -1.7410961561381555e-11,
          -1.5502706895986762e-09,
          -9.5367431640625e-07
        ],
        [
          -1.7269241592288154e-11,
          -1.0,
          2.2383794817670832e-10,
          1.7000000476837158
        ],
        [
          0.0,
          0.0,
          0.0,
          1.0
        ]
      ],
      "camera_intrinsics": [
        [
          1142.5184326171875,
          0.0,
          800.0
        ],
        [
          0.0,
          1142.5184326171875,
          450.0
        ],
        [
          0.0,
          0.0,
          1.0
        ]
      ],
      "data_path": "D:\\Agent-AI\\outputs\\samples\\sample_000015\\images\\CAM_FRONT.png",
      "raw_layout": "bgra8"
    },
    "CAM_FRONT_RIGHT": {
      "type_id": "sensor.camera.rgb",
      "blueprint_attributes": {
        "role_name": "front",
        "ros_name": "sensor.camera.rgb",
        "chromatic_aberration_offset": "0.0",
        "sensor_tick": "0.050000",
        "fstop": "1.4",
        "image_size_x": "1600",
        "image_size_y": "900",
        "fov": "70.00",
        "lens_circle_falloff": "5.0",
        "lens_circle_multiplier": "0.0",
        "exposure_compensation": "0.0",
        "lens_y_size": "0.08",
        "lens_k": "-1.0",
        "exposure_mode": "histogram",
        "lens_kcube": "0.0",
        "lens_x_size": "0.08",
        "exposure_max_bright": "12.0",
        "shutter_speed": "200.0",
        "bloom_intensity": "0.675",
        "iso": "100.0",
        "enable_postprocess_effects": "false",
        "gamma": "2.2",
        "motion_blur_intensity": "0.0",
        "motion_blur_max_distortion": "0.35",
        "lens_flare_intensity": "0.1",
        "motion_blur_min_object_screen_size": "0.1",
        "exposure_min_bright": "10.0",
        "exposure_speed_up": "3.0",
        "exposure_speed_down": "1.0",
        "tint": "0.0",
        "calibration_constant": "16.0",
        "focal_distance": "1000.0",
        "min_fstop": "1.2",
        "blade_count": "5",
        "blur_amount": "0.0",
        "blur_radius": "0.0",
        "slope": "0.88",
        "toe": "0.55",
        "white_clip": "0.04",
        "shoulder": "0.26",
        "black_clip": "0.0",
        "temp": "6500.0",
        "chromatic_aberration_intensity": "0.0"
      },
      "transform_carla": {
        "location": {
          "x": -56.79486083984375,
          "y": 23.380022048950195,
          "z": 1.6988356113433838
        },
        "rotation": {
          "roll": 0.9453109502792358,
          "pitch": -0.3248506188392639,
          "yaw": 38.76504898071289
        }
      },
      "matrix_world_from_sensor_carla": [
        [
          0.7797074913978577,
          -0.6261160969734192,
          -0.0059097264893352985,
          -56.79486083984375
        ],
        [
          0.6261182427406311,
          0.7795553803443909,
          0.016413317993283272,
          23.380022048950195
        ],
        [
          -0.005669682752341032,
          -0.016497774049639702,
          0.9998478293418884,
          1.6988356113433838
        ],
        [
          0.0,
          0.0,
          0.0,
          1.0
        ]
      ],
      "matrix_world_from_sensor_bevfusion": [
        [
          -0.6261160969734192,
          0.0059097264893352985,
          0.7797074913978577,
          -56.79486083984375
        ],
        [
          -0.7795553803443909,
          0.016413317993283272,
          -0.6261182427406311,
          -23.380022048950195
        ],
        [
          -0.016497774049639702,
          -0.9998478293418884,
          -0.005669682752341032,
          1.6988356113433838
        ],
        [
          0.0,
          0.0,
          0.0,
          1.0
        ]
      ],
      "matrix_ego_from_sensor_carla": [
        [
          0.5735766291618347,
          -0.8191519379615784,
          3.0178055610008414e-09,
          1.2999992370605469
        ],
        [
          0.8191519379615784,
          0.5735766887664795,
          6.501847060746968e-09,
          0.5500016212463379
        ],
        [
          -6.16460660296525e-09,
          1.4941184955929998e-09,
          1.0,
          1.7000000476837158
        ],
        [
          0.0,
          0.0,
          0.0,
          1.0
        ]
      ],
      "matrix_ego_from_sensor_bevfusion": [
        [
          -0.8191519379615784,
          -3.0178055610008414e-09,
          0.5735766291618347,
          1.2999992370605469
        ],
        [
          -0.5735766887664795,
          6.501847060746968e-09,
          -0.8191519379615784,
          -0.5500016212463379
        ],
        [
          1.4941184955929998e-09,
          -1.0,
          -6.16460660296525e-09,
          1.7000000476837158
        ],
        [
          0.0,
          0.0,
          0.0,
          1.0
        ]
      ],
      "camera_intrinsics": [
        [
          1142.5184326171875,
          0.0,
          800.0
        ],
        [
          0.0,
          1142.5184326171875,
          450.0
        ],
        [
          0.0,
          0.0,
          1.0
        ]
      ],
      "data_path": "D:\\Agent-AI\\outputs\\samples\\sample_000015\\images\\CAM_FRONT_RIGHT.png",
      "raw_layout": "bgra8"
    },
    "CAM_FRONT_LEFT": {
      "type_id": "sensor.camera.rgb",
      "blueprint_attributes": {
        "role_name": "front",
        "ros_name": "sensor.camera.rgb",
        "chromatic_aberration_offset": "0.0",
        "sensor_tick": "0.050000",
        "fstop": "1.4",
        "image_size_x": "1600",
        "image_size_y": "900",
        "fov": "70.00",
        "lens_circle_falloff": "5.0",
        "lens_circle_multiplier": "0.0",
        "exposure_compensation": "0.0",
        "lens_y_size": "0.08",
        "lens_k": "-1.0",
        "exposure_mode": "histogram",
        "lens_kcube": "0.0",
        "lens_x_size": "0.08",
        "exposure_max_bright": "12.0",
        "shutter_speed": "200.0",
        "bloom_intensity": "0.675",
        "iso": "100.0",
        "enable_postprocess_effects": "false",
        "gamma": "2.2",
        "motion_blur_intensity": "0.0",
        "motion_blur_max_distortion": "0.35",
        "lens_flare_intensity": "0.1",
        "motion_blur_min_object_screen_size": "0.1",
        "exposure_min_bright": "10.0",
        "exposure_speed_up": "3.0",
        "exposure_speed_down": "1.0",
        "tint": "0.0",
        "calibration_constant": "16.0",
        "focal_distance": "1000.0",
        "min_fstop": "1.2",
        "blade_count": "5",
        "blur_amount": "0.0",
        "blur_radius": "0.0",
        "slope": "0.88",
        "toe": "0.55",
        "white_clip": "0.04",
        "shoulder": "0.26",
        "black_clip": "0.0",
        "temp": "6500.0",
        "chromatic_aberration_intensity": "0.0"
      },
      "transform_carla": {
        "location": {
          "x": -57.10239028930664,
          "y": 22.323999404907227,
          "z": 1.714353322982788
        },
        "rotation": {
          "roll": -0.018040204420685768,
          "pitch": 0.9994000792503357,
          "yaw": -71.23238372802734
        }
      },
      "matrix_world_from_sensor_carla": [
        [
          0.3216816484928131,
          0.9468294382095337,
          -0.005909724626690149,
          -57.10239028930664
        ],
        [
          -0.9466872811317444,
          0.3217357397079468,
          0.016413269564509392,
          22.323999404907227
        ],
        [
          0.01744193769991398,
          0.00031481304904446006,
          0.9998478293418884,
          1.714353322982788
        ],
        [
          0.0,
          0.0,
          0.0,
          1.0
        ]
      ],
      "matrix_world_from_sensor_bevfusion": [
        [
          0.9468294382095337,
          0.005909724626690149,
          0.3216816484928131,
          -57.10239028930664
        ],
        [
          -0.3217357397079468,
          0.016413269564509392,
          0.9466872811317444,
          -22.323999404907227
        ],
        [
          0.00031481304904446006,
          -0.9998478293418884,
          0.01744193769991398,
          1.714353322982788
        ],
        [
          0.0,
          0.0,
          0.0,
          1.0
        ]
      ],
      "matrix_ego_from_sensor_carla": [
        [
          0.5735768675804138,
          0.8191516995429993,
          1.8850290217642396e-08,
          1.3000030517578125
        ],
        [
          -0.8191518187522888,
          0.573576807975769,
          -3.91329599835899e-08,
          -0.5499992370605469
        ],
        [
          -4.4585284797449276e-08,
          7.391968814829397e-09,
          1.0,
          1.7000000476837158
        ],
        [
          0.0,
          0.0,
          0.0,
          1.0
        ]
      ],
      "matrix_ego_from_sensor_bevfusion": [
        [
          0.8191516995429993,
          -1.8850290217642396e-08,
          0.5735768675804138,
          1.3000030517578125
        ],
        [
          -0.573576807975769,
          -3.91329599835899e-08,
          0.8191518187522888,
          0.5499992370605469
        ],
        [
          7.391968814829397e-09,
          -1.0,
          -4.4585284797449276e-08,
          1.7000000476837158
        ],
        [
          0.0,
          0.0,
          0.0,
          1.0
        ]
      ],
      "camera_intrinsics": [
        [
          1142.5184326171875,
          0.0,
          800.0
        ],
        [
          0.0,
          1142.5184326171875,
          450.0
        ],
        [
          0.0,
          0.0,
          1.0
        ]
      ],
      "data_path": "D:\\Agent-AI\\outputs\\samples\\sample_000015\\images\\CAM_FRONT_LEFT.png",
      "raw_layout": "bgra8"
    },
    "CAM_BACK": {
      "type_id": "sensor.camera.rgb",
      "blueprint_attributes": {
        "role_name": "front",
        "ros_name": "sensor.camera.rgb",
        "chromatic_aberration_offset": "0.0",
        "sensor_tick": "0.050000",
        "fstop": "1.4",
        "image_size_x": "1600",
        "image_size_y": "900",
        "fov": "70.00",
        "lens_circle_falloff": "5.0",
        "lens_circle_multiplier": "0.0",
        "exposure_compensation": "0.0",
        "lens_y_size": "0.08",
        "lens_k": "-1.0",
        "exposure_mode": "histogram",
        "lens_kcube": "0.0",
        "lens_x_size": "0.08",
        "exposure_max_bright": "12.0",
        "shutter_speed": "200.0",
        "bloom_intensity": "0.675",
        "iso": "100.0",
        "enable_postprocess_effects": "false",
        "gamma": "2.2",
        "motion_blur_intensity": "0.0",
        "motion_blur_max_distortion": "0.35",
        "lens_flare_intensity": "0.1",
        "motion_blur_min_object_screen_size": "0.1",
        "exposure_min_bright": "10.0",
        "exposure_speed_up": "3.0",
        "exposure_speed_down": "1.0",
        "tint": "0.0",
        "calibration_constant": "16.0",
        "focal_distance": "1000.0",
        "min_fstop": "1.2",
        "blade_count": "5",
        "blur_amount": "0.0",
        "blur_radius": "0.0",
        "slope": "0.88",
        "toe": "0.55",
        "white_clip": "0.04",
        "shoulder": "0.26",
        "black_clip": "0.0",
        "temp": "6500.0",
        "chromatic_aberration_intensity": "0.0"
      },
      "transform_carla": {
        "location": {
          "x": -59.68492889404297,
          "y": 23.648433685302734,
          "z": 1.6773470640182495
        },
        "rotation": {
          "roll": -0.8083447217941284,
          "pitch": -0.5879904627799988,
          "yaw": 163.7718963623047
        }
      },
      "matrix_world_from_sensor_carla": [
        [
          -0.9601061940193176,
          -0.2795732319355011,
          -0.0059097325429320335,
          -59.68492889404297
        ],
        [
          0.2794473171234131,
          -0.9600207209587097,
          0.016413314267992973,
          23.648433685302734
        ],
        [
          -0.01026218943297863,
          0.014107066206634045,
          0.9998478293418884,
          1.6773470640182495
        ],
        [
          0.0,
          0.0,
          0.0,
          1.0
        ]
      ],
      "matrix_world_from_sensor_bevfusion": [
        [
          -0.2795732319355011,
          0.0059097325429320335,
          -0.9601061940193176,
          -59.68492889404297
        ],
        [
          0.9600207209587097,
          0.016413314267992973,
          -0.2794473171234131,
          -23.648433685302734
        ],
        [
          0.014107066206634045,
          -0.9998478293418884,
          -0.01026218943297863,
          1.6773470640182495
        ],
        [
          0.0,
          0.0,
          0.0,
          1.0
        ]
      ],
      "matrix_ego_from_sensor_carla": [
        [
          -1.0,
          1.4629675604282966e-07,
          -1.6388072010542487e-09,
          -1.5499992370605469
        ],
        [
          -1.1600108251741403e-07,
          -1.0,
          9.13911613054097e-10,
          -1.430511474609375e-06
        ],
        [
          -1.1551605227921868e-09,
          1.698580165410135e-11,
          1.0,
          1.6999998092651367
        ],
        [
          0.0,
          0.0,
          0.0,
          1.0
        ]
      ],
      "matrix_ego_from_sensor_bevfusion": [
        [
          1.4629675604282966e-07,
          1.6388072010542487e-09,
          -1.0,
          -1.5499992370605469
        ],
        [
          1.0,
          9.13911613054097e-10,
          1.1600108251741403e-07,
          1.430511474609375e-06
        ],
        [
          1.698580165410135e-11,
          -1.0,
          -1.1551605227921868e-09,
          1.6999998092651367
        ],
        [
          0.0,
          0.0,
          0.0,
          1.0
        ]
      ],
      "camera_intrinsics": [
        [
          1142.5184326171875,
          0.0,
          800.0
        ],
        [
          0.0,
          1142.5184326171875,
          450.0
        ],
        [
          0.0,
          0.0,
          1.0
        ]
      ],
      "data_path": "D:\\Agent-AI\\outputs\\samples\\sample_000015\\images\\CAM_BACK.png",
      "raw_layout": "bgra8"
    },
    "CAM_BACK_LEFT": {
      "type_id": "sensor.camera.rgb",
      "blueprint_attributes": {
        "role_name": "front",
        "ros_name": "sensor.camera.rgb",
        "chromatic_aberration_offset": "0.0",
        "sensor_tick": "0.050000",
        "fstop": "1.4",
        "image_size_x": "1600",
        "image_size_y": "900",
        "fov": "70.00",
        "lens_circle_falloff": "5.0",
        "lens_circle_multiplier": "0.0",
        "exposure_compensation": "0.0",
        "lens_y_size": "0.08",
        "lens_k": "-1.0",
        "exposure_mode": "histogram",
        "lens_kcube": "0.0",
        "lens_x_size": "0.08",
        "exposure_max_bright": "12.0",
        "shutter_speed": "200.0",
        "bloom_intensity": "0.675",
        "iso": "100.0",
        "enable_postprocess_effects": "false",
        "gamma": "2.2",
        "motion_blur_intensity": "0.0",
        "motion_blur_max_distortion": "0.35",
        "lens_flare_intensity": "0.1",
        "motion_blur_min_object_screen_size": "0.1",
        "exposure_min_bright": "10.0",
        "exposure_speed_up": "3.0",
        "exposure_speed_down": "1.0",
        "tint": "0.0",
        "calibration_constant": "16.0",
        "focal_distance": "1000.0",
        "min_fstop": "1.2",
        "blade_count": "5",
        "blur_amount": "0.0",
        "blur_radius": "0.0",
        "slope": "0.88",
        "toe": "0.55",
        "white_clip": "0.04",
        "shoulder": "0.26",
        "black_clip": "0.0",
        "temp": "6500.0",
        "chromatic_aberration_intensity": "0.0"
      },
      "transform_carla": {
        "location": {
          "x": -59.59866714477539,
          "y": 23.050561904907227,
          "z": 1.687671422958374
        },
        "rotation": {
          "roll": -0.9453105926513672,
          "pitch": 0.3248506188392639,
          "yaw": -141.23492431640625
        }
      },
      "matrix_world_from_sensor_carla": [
        [
          -0.7797071933746338,
          0.6261164546012878,
          -0.00590972974896431,
          -59.59866714477539
        ],
        [
          -0.6261186003684998,
          -0.779555082321167,
          0.016413310542702675,
          23.050561904907227
        ],
        [
          0.005669682752341032,
          0.016497766599059105,
          0.9998478293418884,
          1.687671422958374
        ],
        [
          0.0,
          0.0,
          0.0,
          1.0
        ]
      ],
      "matrix_world_from_sensor_bevfusion": [
        [
          0.6261164546012878,
          0.00590972974896431,
          -0.7797071933746338,
          -59.59866714477539
        ],
        [
          0.779555082321167,
          0.016413310542702675,
          0.6261186003684998,
          -23.050561904907227
        ],
        [
          0.016497766599059105,
          -0.9998478293418884,
          0.005669682752341032,
          1.687671422958374
        ],
        [
          0.0,
          0.0,
          0.0,
          1.0
        ]
      ],
      "matrix_ego_from_sensor_carla": [
        [
          -0.5735762715339661,
          0.8191521763801575,
          2.086482986385363e-09,
          -1.2999992370605469
        ],
        [
          -0.8191521763801575,
          -0.5735763311386108,
          -1.8800561107923386e-09,
          -0.5499997138977051
        ],
        [
          -1.2859742160031828e-09,
          -7.080920294555426e-09,
          1.0,
          1.6999998092651367
        ],
        [
          0.0,
          0.0,
          0.0,
          1.0
        ]
      ],
      "matrix_ego_from_sensor_bevfusion": [
        [
          0.8191521763801575,
          -2.086482986385363e-09,
          -0.5735762715339661,
          -1.2999992370605469
        ],
        [
          0.5735763311386108,
          -1.8800561107923386e-09,
          0.8191521763801575,
          0.5499997138977051
        ],
        [
          -7.080920294555426e-09,
          -1.0,
          -1.2859742160031828e-09,
          1.6999998092651367
        ],
        [
          0.0,
          0.0,
          0.0,
          1.0
        ]
      ],
      "camera_intrinsics": [
        [
          1142.5184326171875,
          0.0,
          800.0
        ],
        [
          0.0,
          1142.5184326171875,
          450.0
        ],
        [
          0.0,
          0.0,
          1.0
        ]
      ],
      "data_path": "D:\\Agent-AI\\outputs\\samples\\sample_000015\\images\\CAM_BACK_LEFT.png",
      "raw_layout": "bgra8"
    },
    "CAM_BACK_RIGHT": {
      "type_id": "sensor.camera.rgb",
      "blueprint_attributes": {
        "role_name": "front",
        "ros_name": "sensor.camera.rgb",
        "chromatic_aberration_offset": "0.0",
        "sensor_tick": "0.050000",
        "fstop": "1.4",
        "image_size_x": "1600",
        "image_size_y": "900",
        "fov": "70.00",
        "lens_circle_falloff": "5.0",
        "lens_circle_multiplier": "0.0",
        "exposure_compensation": "0.0",
        "lens_y_size": "0.08",
        "lens_k": "-1.0",
        "exposure_mode": "histogram",
        "lens_kcube": "0.0",
        "lens_x_size": "0.08",
        "exposure_max_bright": "12.0",
        "shutter_speed": "200.0",
        "bloom_intensity": "0.675",
        "iso": "100.0",
        "enable_postprocess_effects": "false",
        "gamma": "2.2",
        "motion_blur_intensity": "0.0",
        "motion_blur_max_distortion": "0.35",
        "lens_flare_intensity": "0.1",
        "motion_blur_min_object_screen_size": "0.1",
        "exposure_min_bright": "10.0",
        "exposure_speed_up": "3.0",
        "exposure_speed_down": "1.0",
        "tint": "0.0",
        "calibration_constant": "16.0",
        "focal_distance": "1000.0",
        "min_fstop": "1.2",
        "blade_count": "5",
        "blur_amount": "0.0",
        "blur_radius": "0.0",
        "slope": "0.88",
        "toe": "0.55",
        "white_clip": "0.04",
        "shoulder": "0.26",
        "black_clip": "0.0",
        "temp": "6500.0",
        "chromatic_aberration_intensity": "0.0"
      },
      "transform_carla": {
        "location": {
          "x": -59.2911376953125,
          "y": 24.106584548950195,
          "z": 1.6721537113189697
        },
        "rotation": {
          "roll": 0.018040364608168602,
          "pitch": -0.9994000792503357,
          "yaw": 108.76758575439453
        }
      },
      "matrix_world_from_sensor_carla": [
        [
          -0.3216811716556549,
          -0.9468295574188232,
          -0.005909719038754702,
          -59.2911376953125
        ],
        [
          0.9466874003410339,
          -0.3217352628707886,
          0.01641327142715454,
          24.106584548950195
        ],
        [
          -0.01744193769991398,
          -0.0003148158430121839,
          0.9998478293418884,
          1.6721537113189697
        ],
        [
          0.0,
          0.0,
          0.0,
          1.0
        ]
      ],
      "matrix_world_from_sensor_bevfusion": [
        [
          -0.9468295574188232,
          0.005909719038754702,
          -0.3216811716556549,
          -59.2911376953125
        ],
        [
          0.3217352628707886,
          0.01641327142715454,
          -0.9466874003410339,
          -24.106584548950195
        ],
        [
          -0.0003148158430121839,
          -0.9998478293418884,
          -0.01744193769991398,
          1.6721537113189697
        ],
        [
          0.0,
          0.0,
          0.0,
          1.0
        ]
      ],
      "matrix_ego_from_sensor_carla": [
        [
          -0.5735764503479004,
          -0.8191519379615784,
          2.350690309071979e-08,
          -1.2999992370605469
        ],
        [
          0.8191520571708679,
          -0.5735763311386108,
          -3.6338992259743463e-08,
          0.5500006675720215
        ],
        [
          4.272263964821832e-08,
          -1.8909198651329007e-09,
          1.0,
          1.6999998092651367
        ],
        [
          0.0,
          0.0,
          0.0,
          1.0
        ]
      ],
      "matrix_ego_from_sensor_bevfusion": [
        [
          -0.8191519379615784,
          -2.350690309071979e-08,
          -0.5735764503479004,
          -1.2999992370605469
        ],
        [
          0.5735763311386108,
          -3.6338992259743463e-08,
          -0.8191520571708679,
          -0.5500006675720215
        ],
        [
          -1.8909198651329007e-09,
          -1.0,
          4.272263964821832e-08,
          1.6999998092651367
        ],
        [
          0.0,
          0.0,
          0.0,
          1.0
        ]
      ],
      "camera_intrinsics": [
        [
          1142.5184326171875,
          0.0,
          800.0
        ],
        [
          0.0,
          1142.5184326171875,
          450.0
        ],
        [
          0.0,
          0.0,
          1.0
        ]
      ],
      "data_path": "D:\\Agent-AI\\outputs\\samples\\sample_000015\\images\\CAM_BACK_RIGHT.png",
      "raw_layout": "bgra8"
    },
    "LIDAR_TOP": {
      "type_id": "sensor.lidar.ray_cast",
      "blueprint_attributes": {
        "atmosphere_attenuation_rate": "0.004",
        "role_name": "front",
        "noise_seed": "0",
        "upper_fov": "10.0",
        "ros_name": "sensor.lidar.ray_cast",
        "sensor_tick": "0.050000",
        "channels": "32",
        "range": "120.0",
        "points_per_second": "360000",
        "lower_fov": "-30.0",
        "rotation_frequency": "20.000000",
        "horizontal_fov": "360.0",
        "dropoff_general_rate": "0.0",
        "dropoff_intensity_limit": "1.0",
        "noise_stddev": "0.0",
        "dropoff_zero_intensity": "0.0"
      },
      "transform_carla": {
        "location": {
          "x": -58.1997184753418,
          "y": 23.22349739074707,
          "z": 2.1931774616241455
        },
        "rotation": {
          "roll": 0.8083446025848389,
          "pitch": 0.5879904627799988,
          "yaw": -16.228107452392578
        }
      },
      "matrix_world_from_sensor_carla": [
        [
          0.9601061344146729,
          0.27957335114479065,
          -0.005909731145948172,
          -58.1997184753418
        ],
        [
          -0.27944743633270264,
          0.9600206613540649,
          0.016413312405347824,
          23.22349739074707
        ],
        [
          0.01026218943297863,
          -0.014107064343988895,
          0.9998478293418884,
          2.1931774616241455
        ],
        [
          0.0,
          0.0,
          0.0,
          1.0
        ]
      ],
      "matrix_world_from_sensor_bevfusion": [
        [
          0.9601061344146729,
          -0.27957335114479065,
          -0.005909731145948172,
          -58.1997184753418
        ],
        [
          0.27944743633270264,
          0.9600206613540649,
          -0.016413312405347824,
          -23.22349739074707
        ],
        [
          0.01026218943297863,
          0.014107064343988895,
          0.9998478293418884,
          2.1931774616241455
        ],
        [
          0.0,
          0.0,
          0.0,
          1.0
        ]
      ],
      "matrix_ego_from_sensor_carla": [
        [
          1.0,
          -1.0406409067797995e-08,
          2.2383794817670832e-10,
          3.814697265625e-06
        ],
        [
          1.5502706895986762e-09,
          1.0,
          -1.7410961561381555e-11,
          4.76837158203125e-07
        ],
        [
          2.2383794817670832e-10,
          -1.7269241592288154e-11,
          1.0,
          2.200000047683716
        ],
        [
          0.0,
          0.0,
          0.0,
          1.0
        ]
      ],
      "matrix_ego_from_sensor_bevfusion": [
        [
          1.0,
          1.0406409067797995e-08,
          2.2383794817670832e-10,
          3.814697265625e-06
        ],
        [
          -1.5502706895986762e-09,
          1.0,
          1.7410961561381555e-11,
          -4.76837158203125e-07
        ],
        [
          2.2383794817670832e-10,
          1.7269241592288154e-11,
          1.0,
          2.200000047683716
        ],
        [
          0.0,
          0.0,
          0.0,
          1.0
        ]
      ],
      "data_path": "D:\\Agent-AI\\outputs\\samples\\sample_000015\\lidar\\LIDAR_TOP.npy",
      "raw_layout": [
        "x",
        "y",
        "z",
        "intensity"
      ]
    },
    "RADAR_FRONT": {
      "type_id": "sensor.other.radar",
      "blueprint_attributes": {
        "sensor_tick": "0.050000",
        "role_name": "default",
        "noise_seed": "0",
        "ros_name": "sensor.other.radar",
        "horizontal_fov": "35.0",
        "points_per_second": "1500",
        "vertical_fov": "20.0",
        "range": "120.0"
      },
      "transform_carla": {
        "location": {
          "x": -56.27182388305664,
          "y": 22.643266677856445,
          "z": 0.9138996601104736
        },
        "rotation": {
          "roll": 0.8083446025848389,
          "pitch": 0.5879904627799988,
          "yaw": -16.228107452392578
        }
      },
      "matrix_world_from_sensor_carla": [
        [
          0.9601061344146729,
          0.27957335114479065,
          -0.005909731145948172,
          -56.27182388305664
        ],
        [
          -0.27944743633270264,
          0.9600206613540649,
          0.016413312405347824,
          22.643266677856445
        ],
        [
          0.01026218943297863,
          -0.014107064343988895,
          0.9998478293418884,
          0.9138996601104736
        ],
        [
          0.0,
          0.0,
          0.0,
          1.0
        ]
      ],
      "matrix_world_from_sensor_bevfusion": [
        [
          0.9601061344146729,
          -0.27957335114479065,
          -0.005909731145948172,
          -56.27182388305664
        ],
        [
          0.27944743633270264,
          0.9600206613540649,
          -0.016413312405347824,
          -22.643266677856445
        ],
        [
          0.01026218943297863,
          0.014107064343988895,
          0.9998478293418884,
          0.9138996601104736
        ],
        [
          0.0,
          0.0,
          0.0,
          1.0
        ]
      ],
      "matrix_ego_from_sensor_carla": [
        [
          1.0,
          -1.0406409067797995e-08,
          2.2383794817670832e-10,
          2.0000038146972656
        ],
        [
          1.5502706895986762e-09,
          1.0,
          -1.7410961561381555e-11,
          9.5367431640625e-07
        ],
        [
          2.2383794817670832e-10,
          -1.7269241592288154e-11,
          1.0,
          0.8999999165534973
        ],
        [
          0.0,
          0.0,
          0.0,
          1.0
        ]
      ],
      "matrix_ego_from_sensor_bevfusion": [
        [
          1.0,
          1.0406409067797995e-08,
          2.2383794817670832e-10,
          2.0000038146972656
        ],
        [
          -1.5502706895986762e-09,
          1.0,
          1.7410961561381555e-11,
          -9.5367431640625e-07
        ],
        [
          2.2383794817670832e-10,
          1.7269241592288154e-11,
          1.0,
          0.8999999165534973
        ],
        [
          0.0,
          0.0,
          0.0,
          1.0
        ]
      ],
      "data_path": "D:\\Agent-AI\\outputs\\samples\\sample_000015\\radar\\RADAR_FRONT.npy",
      "raw_layout": [
        "velocity",
        "altitude",
        "azimuth",
        "depth"
      ]
    },
    "RADAR_FRONT_LEFT": {
      "type_id": "sensor.other.radar",
      "blueprint_attributes": {
        "sensor_tick": "0.050000",
        "role_name": "default",
        "noise_seed": "0",
        "ros_name": "sensor.other.radar",
        "horizontal_fov": "35.0",
        "points_per_second": "1500",
        "vertical_fov": "20.0",
        "range": "120.0"
      },
      "transform_carla": {
        "location": {
          "x": -56.817543029785156,
          "y": 22.021059036254883,
          "z": 0.9208881855010986
        },
        "rotation": {
          "roll": 0.15579548478126526,
          "pitch": 0.9873515963554382,
          "yaw": -61.23088073730469
        }
      },
      "matrix_world_from_sensor_carla": [
        [
          0.4812099039554596,
          0.8765854835510254,
          -0.005909750238060951,
          -56.817543029785156
        ],
        [
          -0.8764359951019287,
          0.4812385141849518,
          0.01641332544386387,
          22.021059036254883
        ],
        [
          0.017231682315468788,
          -0.0027187371160835028,
          0.9998478293418884,
          0.9208881855010986
        ],
        [
          0.0,
          0.0,
          0.0,
          1.0
        ]
      ],
      "matrix_world_from_sensor_bevfusion": [
        [
          0.4812099039554596,
          -0.8765854835510254,
          -0.005909750238060951,
          -56.817543029785156
        ],
        [
          0.8764359951019287,
          0.4812385141849518,
          -0.01641332544386387,
          -22.021059036254883
        ],
        [
          0.017231682315468788,
          0.0027187371160835028,
          0.9998478293418884,
          0.9208881855010986
        ],
        [
          0.0,
          0.0,
          0.0,
          1.0
        ]
      ],
      "matrix_ego_from_sensor_carla": [
        [
          0.7071072459220886,
          0.7071062922477722,
          -2.212790306543866e-08,
          1.6499977111816406
        ],
        [
          -0.7071062922477722,
          0.7071071863174438,
          7.4331696353624466e-09,
          -0.7499985694885254
        ],
        [
          1.9074382962003256e-08,
          1.1147832879032649e-08,
          1.0,
          0.8999999165534973
        ],
        [
          0.0,
          0.0,
          0.0,
          1.0
        ]
      ],
      "matrix_ego_from_sensor_bevfusion": [
        [
          0.7071072459220886,
          -0.7071062922477722,
          -2.212790306543866e-08,
          1.6499977111816406
        ],
        [
          0.7071062922477722,
          0.7071071863174438,
          -7.4331696353624466e-09,
          0.7499985694885254
        ],
        [
          1.9074382962003256e-08,
          -1.1147832879032649e-08,
          1.0,
          0.8999999165534973
        ],
        [
          0.0,
          0.0,
          0.0,
          1.0
        ]
      ],
      "data_path": "D:\\Agent-AI\\outputs\\samples\\sample_000015\\radar\\RADAR_FRONT_LEFT.npy",
      "raw_layout": [
        "velocity",
        "altitude",
        "azimuth",
        "depth"
      ]
    },
    "RADAR_FRONT_RIGHT": {
      "type_id": "sensor.other.radar",
      "blueprint_attributes": {
        "sensor_tick": "0.050000",
        "role_name": "default",
        "noise_seed": "0",
        "ros_name": "sensor.other.radar",
        "horizontal_fov": "35.0",
