{
  "schema_version": "stage1.v1",
  "sample_name": "sample_000021",
  "sequence_index": 21,
  "previous_sample_name": "sample_000020",
  "frame_id": 60022,
  "timestamp": 437.119700782001,
  "platform_timestamp": 16814570.4726183,
  "delta_seconds": 0.10000000149011612,
  "town": "Carla/Maps/Town10HD_Opt",
  "weather": {
    "cloudiness": 20.0,
    "dust_storm": 0.0,
    "fog_density": 2.0,
    "fog_distance": 0.75,
    "fog_falloff": 0.10000000149011612,
    "mie_scattering_scale": 0.029999999329447746,
    "precipitation": 0.0,
    "precipitation_deposits": 0.0,
    "rayleigh_scattering_scale": 0.03310000151395798,
    "scattering_intensity": 1.0,
    "sun_altitude_angle": 45.0,
    "sun_azimuth_angle": 300.0,
    "wetness": 0.0,
    "wind_intensity": 10.0
  },
  "sensor_names": [
    "CAM_FRONT",
    "CAM_FRONT_RIGHT",
    "CAM_FRONT_LEFT",
    "CAM_BACK",
    "CAM_BACK_LEFT",
    "CAM_BACK_RIGHT",
    "LIDAR_TOP",
    "RADAR_FRONT",
    "RADAR_FRONT_LEFT",
    "RADAR_FRONT_RIGHT",
    "RADAR_BACK_LEFT",
    "RADAR_BACK_RIGHT"
  ],
  "camera_order_for_model": [
    "CAM_FRONT",
    "CAM_FRONT_RIGHT",
    "CAM_FRONT_LEFT",
    "CAM_BACK",
    "CAM_BACK_LEFT",
    "CAM_BACK_RIGHT"
  ],
  "radar_order_for_model": [
    "RADAR_FRONT",
    "RADAR_FRONT_LEFT",
    "RADAR_FRONT_RIGHT",
    "RADAR_BACK_LEFT",
    "RADAR_BACK_RIGHT"
  ],
  "coordinate_notes": {
    "carla_world": "left-handed x-forward y-right z-up",
    "bevfusion_lidar": "x-forward y-left z-up",
    "camera_frame_for_model": "OpenCV style x-right y-down z-forward"
  },
  "ego": {
    "actor_id": 28,
    "transform_carla": {
      "location": {
        "x": 104.43688201904297,
        "y": -35.11658477783203,
        "z": -0.004323234315961599
      },
      "rotation": {
        "roll": 0.4633444845676422,
        "pitch": -0.005464151035994291,
        "yaw": -106.22964477539062
      }
    },
    "velocity_carla": [
      -2.258279323577881,
      -7.286543846130371,
      0.00011369704589014873
    ],
    "angular_velocity_carla": [
      -1.7671183347702026,
      -0.38232365250587463,
      -7.329038619995117
    ],
    "matrix_world_from_ego_carla": [
      [
        -0.2794879376888275,
        0.9601180553436279,
        0.007737880572676659,
        104.43688201904297
      ],
      [
        -0.9601492285728455,
        -0.2794780433177948,
        -0.0023517266381531954,
        -35.11658477783203
      ],
      [
        -9.536742436466739e-05,
        -0.008086798712611198,
        0.9999672770500183,
        -0.004323234315961599
      ],
      [
        0.0,
        0.0,
        0.0,
        1.0
      ]
    ],
    "matrix_world_from_ego_bevfusion": [
      [
        -0.2794879376888275,
        -0.9601180553436279,
        0.007737880572676659,
        104.43688201904297
      ],
      [
        0.9601492285728455,
        -0.2794780433177948,
        0.0023517266381531954,
        35.11658477783203
      ],
      [
        -9.536742436466739e-05,
        0.008086798712611198,
        0.9999672770500183,
        -0.004323234315961599
      ],
      [
        0.0,
        0.0,
        0.0,
        1.0
      ]
    ]
  },
  "sensors": {
    "CAM_FRONT": {
      "type_id": "sensor.camera.rgb",
      "blueprint_attributes": {
        "role_name": "front",
        "ros_name": "sensor.camera.rgb",
        "chromatic_aberration_offset": "0.0",
        "sensor_tick": "0.100000",
        "fstop": "1.4",
        "image_size_x": "960",
        "image_size_y": "540",
        "fov": "70.00",
        "lens_circle_falloff": "5.0",
        "lens_circle_multiplier": "0.0",
        "exposure_compensation": "0.0",
        "lens_y_size": "0.08",
        "lens_k": "-1.0",
        "exposure_mode": "histogram",
        "lens_kcube": "0.0",
        "lens_x_size": "0.08",
        "exposure_max_bright": "12.0",
        "shutter_speed": "200.0",
        "bloom_intensity": "0.675",
        "iso": "100.0",
        "enable_postprocess_effects": "false",
        "gamma": "2.2",
        "motion_blur_intensity": "0.0",
        "motion_blur_max_distortion": "0.35",
        "lens_flare_intensity": "0.1",
        "motion_blur_min_object_screen_size": "0.1",
        "exposure_min_bright": "10.0",
        "exposure_speed_up": "3.0",
        "exposure_speed_down": "1.0",
        "tint": "0.0",
        "calibration_constant": "16.0",
        "focal_distance": "1000.0",
        "min_fstop": "1.2",
        "blade_count": "5",
        "blur_amount": "0.0",
        "blur_radius": "0.0",
        "slope": "0.88",
        "toe": "0.55",
        "white_clip": "0.04",
        "shoulder": "0.26",
        "black_clip": "0.0",
        "temp": "6500.0",
        "chromatic_aberration_intensity": "0.0"
      },
      "transform_carla": {
        "location": {
          "x": 104.01683044433594,
          "y": -36.60881423950195,
          "z": 1.695473313331604
        },
        "rotation": {
          "roll": 0.4633444845676422,
          "pitch": -0.005464151035994291,
          "yaw": -106.22964477539062
        }
      },
      "matrix_world_from_sensor_carla": [
        [
          -0.2794879376888275,
          0.9601180553436279,
          0.007737880572676659,
          104.01683044433594
        ],
        [
          -0.9601492285728455,
          -0.2794780433177948,
          -0.0023517266381531954,
          -36.60881423950195
        ],
        [
          -9.536742436466739e-05,
          -0.008086798712611198,
          0.9999672770500183,
          1.695473313331604
        ],
        [
          0.0,
          0.0,
          0.0,
          1.0
        ]
      ],
      "matrix_world_from_sensor_bevfusion": [
        [
          0.9601180553436279,
          -0.007737880572676659,
          -0.2794879376888275,
          104.01683044433594
        ],
        [
          0.2794780433177948,
          -0.0023517266381531954,
          0.9601492285728455,
          36.60881423950195
        ],
        [
          -0.008086798712611198,
          -0.9999672770500183,
          -9.536742436466739e-05,
          1.695473313331604
        ],
        [
          0.0,
          0.0,
          0.0,
          1.0
        ]
      ],
      "matrix_ego_from_sensor_carla": [
        [
          1.0,
          -1.002461402777044e-08,
          7.20791204500415e-11,
          1.5500001907348633
        ],
        [
          6.633106508502351e-09,
          0.9999999403953552,
          1.2829859397101018e-10,
          0.0
        ],
        [
          3.7289046850297325e-11,
          -3.537121706642665e-10,
          1.0,
          1.7000000476837158
        ],
        [
          0.0,
          0.0,
          0.0,
          1.0
        ]
      ],
      "matrix_ego_from_sensor_bevfusion": [
        [
          -1.002461402777044e-08,
          -7.20791204500415e-11,
          1.0,
          1.5500001907348633
        ],
        [
          -0.9999999403953552,
          1.2829859397101018e-10,
          -6.633106508502351e-09,
          0.0
        ],
        [
          -3.537121706642665e-10,
          -1.0,
          3.7289046850297325e-11,
          1.7000000476837158
        ],
        [
          0.0,
          0.0,
          0.0,
          1.0
        ]
      ],
      "camera_intrinsics": [
        [
          685.5110473632812,
          0.0,
          480.0
        ],
        [
          0.0,
          685.5110473632812,
          270.0
        ],
        [
          0.0,
          0.0,
          1.0
        ]
      ],
      "data_path": "D:\\Agent-AI\\outputs\\s3a_ml_long_v2\\sample_000021\\images\\CAM_FRONT.png",
      "raw_layout": "bgra8"
    },
    "CAM_FRONT_RIGHT": {
      "type_id": "sensor.camera.rgb",
      "blueprint_attributes": {
        "role_name": "front",
        "ros_name": "sensor.camera.rgb",
        "chromatic_aberration_offset": "0.0",
        "sensor_tick": "0.100000",
        "fstop": "1.4",
        "image_size_x": "960",
        "image_size_y": "540",
        "fov": "70.00",
        "lens_circle_falloff": "5.0",
        "lens_circle_multiplier": "0.0",
        "exposure_compensation": "0.0",
        "lens_y_size": "0.08",
        "lens_k": "-1.0",
        "exposure_mode": "histogram",
        "lens_kcube": "0.0",
        "lens_x_size": "0.08",
        "exposure_max_bright": "12.0",
        "shutter_speed": "200.0",
        "bloom_intensity": "0.675",
        "iso": "100.0",
        "enable_postprocess_effects": "false",
        "gamma": "2.2",
        "motion_blur_intensity": "0.0",
        "motion_blur_max_distortion": "0.35",
        "lens_flare_intensity": "0.1",
        "motion_blur_min_object_screen_size": "0.1",
        "exposure_min_bright": "10.0",
        "exposure_speed_up": "3.0",
        "exposure_speed_down": "1.0",
        "tint": "0.0",
        "calibration_constant": "16.0",
        "focal_distance": "1000.0",
        "min_fstop": "1.2",
        "blade_count": "5",
        "blur_amount": "0.0",
        "blur_radius": "0.0",
        "slope": "0.88",
        "toe": "0.55",
        "white_clip": "0.04",
        "shoulder": "0.26",
        "black_clip": "0.0",
        "temp": "6500.0",
        "chromatic_aberration_intensity": "0.0"
      },
      "transform_carla": {
        "location": {
          "x": 104.61476135253906,
          "y": -36.522491455078125,
          "z": 1.6910494565963745
        },
        "rotation": {
          "roll": 0.26129260659217834,
          "pitch": -0.3826749920845032,
          "yaw": -51.23051071166992
        }
      },
      "matrix_world_from_sensor_carla": [
        [
          0.6261747479438782,
          0.7796443700790405,
          0.0077378153800964355,
          104.61476135253906
        ],
        [
          -0.7796541452407837,
          0.6262059211730957,
          -0.0023516141809523106,
          -36.522491455078125
        ],
        [
          -0.006678888574242592,
          -0.004560298752039671,
          0.9999673366546631,
          1.6910494565963745
        ],
        [
          0.0,
          0.0,
          0.0,
          1.0
        ]
      ],
      "matrix_world_from_sensor_bevfusion": [
        [
          0.7796443700790405,
          -0.0077378153800964355,
          0.6261747479438782,
          104.61476135253906
        ],
        [
          -0.6262059211730957,
          -0.0023516141809523106,
          0.7796541452407837,
          36.522491455078125
        ],
        [
          -0.004560298752039671,
          -0.9999673366546631,
          -0.006678888574242592,
          1.6910494565963745
        ],
        [
          0.0,
          0.0,
          0.0,
          1.0
        ]
      ],
      "matrix_ego_from_sensor_carla": [
        [
          0.5735766887664795,
          -0.8191518187522888,
          -8.974802767625079e-08,
          1.300002098083496
        ],
        [
          0.8191518783569336,
          0.5735766887664795,
          -9.441729531545207e-08,
          0.5499954223632812
        ],
        [
          1.2828220974370197e-07,
          -2.0080435092495463e-08,
          1.0000001192092896,
          1.7000000476837158
        ],
        [
          0.0,
          0.0,
          0.0,
          1.0
        ]
      ],
      "matrix_ego_from_sensor_bevfusion": [
        [
          -0.8191518187522888,
          8.974802767625079e-08,
          0.5735766887664795,
          1.300002098083496
        ],
        [
          -0.5735766887664795,
          -9.441729531545207e-08,
          -0.8191518783569336,
          -0.5499954223632812
        ],
        [
          -2.0080435092495463e-08,
          -1.0000001192092896,
          1.2828220974370197e-07,
          1.7000000476837158
        ],
        [
          0.0,
          0.0,
          0.0,
          1.0
        ]
      ],
      "camera_intrinsics": [
        [
          685.5110473632812,
          0.0,
          480.0
        ],
        [
          0.0,
          685.5110473632812,
          270.0
        ],
        [
          0.0,
          0.0,
          1.0
        ]
      ],
      "data_path": "D:\\Agent-AI\\outputs\\s3a_ml_long_v2\\sample_000021\\images\\CAM_FRONT_RIGHT.png",
      "raw_layout": "bgra8"
    },
    "CAM_FRONT_LEFT": {
      "type_id": "sensor.camera.rgb",
      "blueprint_attributes": {
        "role_name": "front",
        "ros_name": "sensor.camera.rgb",
        "chromatic_aberration_offset": "0.0",
        "sensor_tick": "0.100000",
        "fstop": "1.4",
        "image_size_x": "960",
        "image_size_y": "540",
        "fov": "70.00",
        "lens_circle_falloff": "5.0",
        "lens_circle_multiplier": "0.0",
        "exposure_compensation": "0.0",
        "lens_y_size": "0.08",
        "lens_k": "-1.0",
        "exposure_mode": "histogram",
        "lens_kcube": "0.0",
        "lens_x_size": "0.08",
        "exposure_max_bright": "12.0",
        "shutter_speed": "200.0",
        "bloom_intensity": "0.675",
        "iso": "100.0",
        "enable_postprocess_effects": "false",
        "gamma": "2.2",
        "motion_blur_intensity": "0.0",
        "motion_blur_max_distortion": "0.35",
        "lens_flare_intensity": "0.1",
        "motion_blur_min_object_screen_size": "0.1",
        "exposure_min_bright": "10.0",
        "exposure_speed_up": "3.0",
        "exposure_speed_down": "1.0",
        "tint": "0.0",
        "calibration_constant": "16.0",
        "focal_distance": "1000.0",
        "min_fstop": "1.2",
        "blade_count": "5",
        "blur_amount": "0.0",
        "blur_radius": "0.0",
        "slope": "0.88",
        "toe": "0.55",
        "white_clip": "0.04",
        "shoulder": "0.26",
        "black_clip": "0.0",
        "temp": "6500.0",
        "chromatic_aberration_intensity": "0.0"
      },
      "transform_carla": {
        "location": {
          "x": 103.55863952636719,
          "y": -36.215065002441406,
          "z": 1.6999448537826538
        },
        "rotation": {
          "roll": 0.2702421545982361,
          "pitch": 0.37641170620918274,
          "yaw": -161.2287139892578
        }
      },
      "matrix_world_from_sensor_carla": [
        [
          -0.9467902183532715,
          0.3217582404613495,
          0.0077378349378705025,
          103.55863952636719
        ],
        [
          -0.32178419828414917,
          -0.9468100666999817,
          -0.002351716859266162,
          -36.215065002441406
        ],
        [
          0.006569576449692249,
          -0.004716495517641306,
          0.9999672770500183,
          1.6999448537826538
        ],
        [
          0.0,
          0.0,
          0.0,
          1.0
        ]
      ],
      "matrix_world_from_sensor_bevfusion": [
        [
          0.3217582404613495,
          -0.0077378349378705025,
          -0.9467902183532715,
          103.55863952636719
        ],
        [
          0.9468100666999817,
          -0.002351716859266162,
          0.32178419828414917,
          36.215065002441406
        ],
        [
          -0.004716495517641306,
          -0.9999672770500183,
          0.006569576449692249,
          1.6999448537826538
        ],
        [
          0.0,
          0.0,
          0.0,
          1.0
        ]
      ],
      "matrix_ego_from_sensor_carla": [
        [
          0.5735766291618347,
          0.8191518187522888,
          3.2589486664846845e-09,
          1.2999992370605469
        ],
        [
          -0.8191518187522888,
          0.5735766291618347,
          -4.64378295816914e-08,
          -0.5500030517578125
        ],
        [
          -3.903003786831505e-08,
          2.3671361759625142e-08,
          1.0,
          1.7000000476837158
        ],
        [
          0.0,
          0.0,
          0.0,
          1.0
        ]
      ],
      "matrix_ego_from_sensor_bevfusion": [
        [
          0.8191518187522888,
          -3.2589486664846845e-09,
          0.5735766291618347,
          1.2999992370605469
        ],
        [
          -0.5735766291618347,
          -4.64378295816914e-08,
          0.8191518187522888,
          0.5500030517578125
        ],
        [
          2.3671361759625142e-08,
          -1.0,
          -3.903003786831505e-08,
          1.7000000476837158
        ],
        [
          0.0,
          0.0,
          0.0,
          1.0
        ]
      ],
      "camera_intrinsics": [
        [
          685.5110473632812,
          0.0,
          480.0
        ],
        [
          0.0,
          685.5110473632812,
          270.0
        ],
        [
          0.0,
          0.0,
          1.0
        ]
      ],
      "data_path": "D:\\Agent-AI\\outputs\\s3a_ml_long_v2\\sample_000021\\images\\CAM_FRONT_LEFT.png",
      "raw_layout": "bgra8"
    },
    "CAM_BACK": {
      "type_id": "sensor.camera.rgb",
      "blueprint_attributes": {
        "role_name": "front",
        "ros_name": "sensor.camera.rgb",
        "chromatic_aberration_offset": "0.0",
        "sensor_tick": "0.100000",
        "fstop": "1.4",
        "image_size_x": "960",
        "image_size_y": "540",
        "fov": "70.00",
        "lens_circle_falloff": "5.0",
        "lens_circle_multiplier": "0.0",
        "exposure_compensation": "0.0",
        "lens_y_size": "0.08",
        "lens_k": "-1.0",
        "exposure_mode": "histogram",
        "lens_kcube": "0.0",
        "lens_x_size": "0.08",
        "exposure_max_bright": "12.0",
        "shutter_speed": "200.0",
        "bloom_intensity": "0.675",
        "iso": "100.0",
        "enable_postprocess_effects": "false",
        "gamma": "2.2",
        "motion_blur_intensity": "0.0",
        "motion_blur_max_distortion": "0.35",
        "lens_flare_intensity": "0.1",
        "motion_blur_min_object_screen_size": "0.1",
        "exposure_min_bright": "10.0",
        "exposure_speed_up": "3.0",
        "exposure_speed_down": "1.0",
        "tint": "0.0",
        "calibration_constant": "16.0",
        "focal_distance": "1000.0",
        "min_fstop": "1.2",
        "blade_count": "5",
        "blur_amount": "0.0",
        "blur_radius": "0.0",
        "slope": "0.88",
        "toe": "0.55",
        "white_clip": "0.04",
        "shoulder": "0.26",
        "black_clip": "0.0",
        "temp": "6500.0",
        "chromatic_aberration_intensity": "0.0"
      },
      "transform_carla": {
        "location": {
          "x": 104.88323974609375,
          "y": -33.63235092163086,
          "z": 1.6957688331604004
        },
        "rotation": {
          "roll": -0.46334436535835266,
          "pitch": 0.005464151035994291,
          "yaw": 73.7703628540039
        }
      },
      "matrix_world_from_sensor_carla": [
        [
          0.27948784828186035,
          -0.9601180553436279,
          0.007737877778708935,
          104.88323974609375
        ],
        [
          0.9601492285728455,
          0.27947795391082764,
          -0.00235172500833869,
          -33.63235092163086
        ],
        [
          9.536742436466739e-05,
          0.008086795918643475,
          0.9999672770500183,
          1.6957688331604004
        ],
        [
          0.0,
          0.0,
          0.0,
          1.0
        ]
      ],
      "matrix_world_from_sensor_bevfusion": [
        [
          -0.9601180553436279,
          -0.007737877778708935,
          0.27948784828186035,
          104.88323974609375
        ],
        [
          -0.27947795391082764,
          -0.00235172500833869,
          -0.9601492285728455,
          33.63235092163086
        ],
        [
          0.008086795918643475,
          -0.9999672770500183,
          9.536742436466739e-05,
          1.6957688331604004
        ],
        [
          0.0,
          0.0,
          0.0,
          1.0
        ]
      ],
      "matrix_ego_from_sensor_carla": [
        [
          -0.9999999403953552,
          9.586890570290052e-08,
          -7.937598356377862e-10,
          -1.549999713897705
        ],
        [
          -9.604007544794513e-08,
          -0.9999999403953552,
          -2.665669018853123e-09,
          0.0
        ],
        [
          -7.35780991689694e-10,
          -2.440164292849545e-09,
          1.0,
          1.6999998092651367
        ],
        [
          0.0,
          0.0,
          0.0,
          1.0
        ]
      ],
      "matrix_ego_from_sensor_bevfusion": [
        [
          9.586890570290052e-08,
          7.937598356377862e-10,
          -0.9999999403953552,
          -1.549999713897705
        ],
        [
          0.9999999403953552,
          -2.665669018853123e-09,
          9.604007544794513e-08,
          0.0
        ],
        [
          -2.440164292849545e-09,
          -1.0,
          -7.35780991689694e-10,
          1.6999998092651367
        ],
        [
          0.0,
          0.0,
          0.0,
          1.0
        ]
      ],
      "camera_intrinsics": [
        [
          685.5110473632812,
          0.0,
          480.0
        ],
        [
          0.0,
          685.5110473632812,
          270.0
        ],
        [
          0.0,
          0.0,
          1.0
        ]
      ],
      "data_path": "D:\\Agent-AI\\outputs\\s3a_ml_long_v2\\sample_000021\\images\\CAM_BACK.png",
      "raw_layout": "bgra8"
    },
    "CAM_BACK_LEFT": {
      "type_id": "sensor.camera.rgb",
      "blueprint_attributes": {
        "role_name": "front",
        "ros_name": "sensor.camera.rgb",
        "chromatic_aberration_offset": "0.0",
        "sensor_tick": "0.100000",
        "fstop": "1.4",
        "image_size_x": "960",
        "image_size_y": "540",
        "fov": "70.00",
        "lens_circle_falloff": "5.0",
        "lens_circle_multiplier": "0.0",
        "exposure_compensation": "0.0",
        "lens_y_size": "0.08",
        "lens_k": "-1.0",
        "exposure_mode": "histogram",
        "lens_kcube": "0.0",
        "lens_x_size": "0.08",
        "exposure_max_bright": "12.0",
        "shutter_speed": "200.0",
        "bloom_intensity": "0.675",
        "iso": "100.0",
        "enable_postprocess_effects": "false",
        "gamma": "2.2",
        "motion_blur_intensity": "0.0",
        "motion_blur_max_distortion": "0.35",
        "lens_flare_intensity": "0.1",
        "motion_blur_min_object_screen_size": "0.1",
        "exposure_min_bright": "10.0",
        "exposure_speed_up": "3.0",
        "exposure_speed_down": "1.0",
        "tint": "0.0",
        "calibration_constant": "16.0",
        "focal_distance": "1000.0",
        "min_fstop": "1.2",
        "blade_count": "5",
        "blur_amount": "0.0",
        "blur_radius": "0.0",
        "slope": "0.88",
        "toe": "0.55",
        "white_clip": "0.04",
        "shoulder": "0.26",
        "black_clip": "0.0",
        "temp": "6500.0",
        "chromatic_aberration_intensity": "0.0"
      },
      "transform_carla": {
        "location": {
          "x": 104.28530883789062,
          "y": -33.71867752075195,
          "z": 1.7001926898956299
        },
        "rotation": {
          "roll": -0.2612925171852112,
          "pitch": 0.3826749920845032,
          "yaw": 128.76950073242188
        }
      },
      "matrix_world_from_sensor_carla": [
        [
          -0.6261749267578125,
          -0.7796441912651062,
          0.007737814448773861,
          104.28530883789062
        ],
        [
          0.7796539664268494,
          -0.62620609998703,
          -0.002351613249629736,
          -33.71867752075195
        ],
        [
          0.006678888574242592,
          0.004560297355055809,
          0.9999673366546631,
          1.7001926898956299
        ],
        [
          0.0,
          0.0,
          0.0,
          1.0
        ]
      ],
      "matrix_world_from_sensor_bevfusion": [
        [
          -0.7796441912651062,
          -0.007737814448773861,
          -0.6261749267578125,
          104.28530883789062
        ],
        [
          0.62620609998703,
          -0.002351613249629736,
          -0.7796539664268494,
          33.71867752075195
        ],
        [
          0.004560297355055809,
          -0.9999673366546631,
          0.006678888574242592,
          1.7001926898956299
        ],
        [
          0.0,
          0.0,
          0.0,
          1.0
        ]
      ],
      "matrix_ego_from_sensor_carla": [
        [
          -0.5735764503479004,
          0.8191519975662231,
          -9.041013981914148e-08,
          -1.299999475479126
        ],
        [
          -0.8191519975662231,
          -0.5735764503479004,
          -9.534861789006754e-08,
          -0.5499954223632812
        ],
        [
          -1.2921353231831745e-07,
          2.0546140788724188e-08,
          1.0000001192092896,
          1.6999998092651367
        ],
        [
          0.0,
          0.0,
          0.0,
          1.0
        ]
      ],
      "matrix_ego_from_sensor_bevfusion": [
        [
          0.8191519975662231,
          9.041013981914148e-08,
          -0.5735764503479004,
          -1.299999475479126
        ],
        [
          0.5735764503479004,
          -9.534861789006754e-08,
          0.8191519975662231,
          0.5499954223632812
        ],
        [
          2.0546140788724188e-08,
          -1.0000001192092896,
          -1.2921353231831745e-07,
          1.6999998092651367
        ],
        [
          0.0,
          0.0,
          0.0,
          1.0
        ]
      ],
      "camera_intrinsics": [
        [
          685.5110473632812,
          0.0,
          480.0
        ],
        [
          0.0,
          685.5110473632812,
          270.0
        ],
        [
          0.0,
          0.0,
          1.0
        ]
      ],
      "data_path": "D:\\Agent-AI\\outputs\\s3a_ml_long_v2\\sample_000021\\images\\CAM_BACK_LEFT.png",
      "raw_layout": "bgra8"
    },
    "CAM_BACK_RIGHT": {
      "type_id": "sensor.camera.rgb",
      "blueprint_attributes": {
        "role_name": "front",
        "ros_name": "sensor.camera.rgb",
        "chromatic_aberration_offset": "0.0",
        "sensor_tick": "0.100000",
        "fstop": "1.4",
        "image_size_x": "960",
        "image_size_y": "540",
        "fov": "70.00",
        "lens_circle_falloff": "5.0",
        "lens_circle_multiplier": "0.0",
        "exposure_compensation": "0.0",
        "lens_y_size": "0.08",
        "lens_k": "-1.0",
        "exposure_mode": "histogram",
        "lens_kcube": "0.0",
        "lens_x_size": "0.08",
        "exposure_max_bright": "12.0",
        "shutter_speed": "200.0",
        "bloom_intensity": "0.675",
        "iso": "100.0",
        "enable_postprocess_effects": "false",
        "gamma": "2.2",
        "motion_blur_intensity": "0.0",
        "motion_blur_max_distortion": "0.35",
        "lens_flare_intensity": "0.1",
        "motion_blur_min_object_screen_size": "0.1",
        "exposure_min_bright": "10.0",
        "exposure_speed_up": "3.0",
        "exposure_speed_down": "1.0",
        "tint": "0.0",
        "calibration_constant": "16.0",
        "focal_distance": "1000.0",
        "min_fstop": "1.2",
        "blade_count": "5",
        "blur_amount": "0.0",
        "blur_radius": "0.0",
        "slope": "0.88",
        "toe": "0.55",
        "white_clip": "0.04",
        "shoulder": "0.26",
        "black_clip": "0.0",
        "temp": "6500.0",
        "chromatic_aberration_intensity": "0.0"
      },
      "transform_carla": {
        "location": {
          "x": 105.3414306640625,
          "y": -34.02610397338867,
          "z": 1.6912972927093506
        },
        "rotation": {
          "roll": -0.2702420651912689,
          "pitch": -0.37641170620918274,
          "yaw": 18.771272659301758
        }
      },
      "matrix_world_from_sensor_carla": [
        [
          0.9467902779579163,
          -0.32175812125205994,
          0.007737834472209215,
          105.3414306640625
        ],
        [
          0.3217840790748596,
          0.9468101263046265,
          -0.0023517166264355183,
          -34.02610397338867
        ],
        [
          -0.006569576449692249,
          0.004716494120657444,
          0.9999672770500183,
          1.6912972927093506
        ],
        [
          0.0,
          0.0,
          0.0,
          1.0
        ]
      ],
      "matrix_world_from_sensor_bevfusion": [
        [
          -0.32175812125205994,
          -0.007737834472209215,
          0.9467902779579163,
          105.3414306640625
        ],
        [
          -0.9468101263046265,
          -0.0023517166264355183,
          -0.3217840790748596,
          34.02610397338867
        ],
        [
          0.004716494120657444,
          -0.9999672770500183,
          -0.006569576449692249,
          1.6912972927093506
        ],
        [
          0.0,
          0.0,
          0.0,
          1.0
        ]
      ],
      "matrix_ego_from_sensor_carla": [
        [
          -0.5735765099525452,
          -0.8191519379615784,
          3.266224624098868e-09,
          -1.299997091293335
        ],
        [
          0.8191518783569336,
          -0.5735765099525452,
          -4.64378295816914e-08,
          0.5499954223632812
        ],
        [
          3.996136044293053e-08,
          -2.4136976861655057e-08,
          1.0,
          1.6999998092651367
        ],
        [
          0.0,
          0.0,
          0.0,
          1.0
        ]
      ],
      "matrix_ego_from_sensor_bevfusion": [
        [
          -0.8191519379615784,
          -3.266224624098868e-09,
          -0.5735765099525452,
          -1.299997091293335
        ],
        [
          0.5735765099525452,
          -4.64378295816914e-08,
          -0.8191518783569336,
          -0.5499954223632812
        ],
        [
          -2.4136976861655057e-08,
          -1.0,
          3.996136044293053e-08,
          1.6999998092651367
        ],
        [
          0.0,
          0.0,
          0.0,
          1.0
        ]
      ],
      "camera_intrinsics": [
        [
          685.5110473632812,
          0.0,
          480.0
        ],
        [
          0.0,
          685.5110473632812,
          270.0
        ],
        [
          0.0,
          0.0,
          1.0
        ]
      ],
      "data_path": "D:\\Agent-AI\\outputs\\s3a_ml_long_v2\\sample_000021\\images\\CAM_BACK_RIGHT.png",
      "raw_layout": "bgra8"
    },
    "LIDAR_TOP": {
      "type_id": "sensor.lidar.ray_cast",
      "blueprint_attributes": {
        "atmosphere_attenuation_rate": "0.004",
        "role_name": "front",
        "noise_seed": "0",
        "upper_fov": "10.0",
        "ros_name": "sensor.lidar.ray_cast",
        "sensor_tick": "0.100000",
        "channels": "32",
        "range": "120.0",
        "points_per_second": "360000",
        "lower_fov": "-30.0",
        "rotation_frequency": "10.000000",
        "horizontal_fov": "360.0",
        "dropoff_general_rate": "0.0",
        "dropoff_intensity_limit": "1.0",
        "noise_stddev": "0.0",
        "dropoff_zero_intensity": "0.0"
      },
      "transform_carla": {
        "location": {
          "x": 104.45390319824219,
          "y": -35.121761322021484,
          "z": 2.1956045627593994
        },
        "rotation": {
          "roll": 0.4633444845676422,
          "pitch": -0.005464151035994291,
          "yaw": -106.22964477539062
        }
      },
      "matrix_world_from_sensor_carla": [
        [
          -0.2794879376888275,
          0.9601180553436279,
          0.007737880572676659,
          104.45390319824219
        ],
        [
          -0.9601492285728455,
          -0.2794780433177948,
          -0.0023517266381531954,
          -35.121761322021484
        ],
        [
          -9.536742436466739e-05,
          -0.008086798712611198,
          0.9999672770500183,
          2.1956045627593994
        ],
        [
          0.0,
          0.0,
          0.0,
          1.0
        ]
      ],
      "matrix_world_from_sensor_bevfusion": [
        [
          -0.2794879376888275,
          -0.9601180553436279,
          0.007737880572676659,
          104.45390319824219
        ],
        [
          0.9601492285728455,
          -0.2794780433177948,
          0.0023517266381531954,
          35.121761322021484
        ],
        [
          -9.536742436466739e-05,
          0.008086798712611198,
          0.9999672770500183,
          2.1956045627593994
        ],
        [
          0.0,
          0.0,
          0.0,
          1.0
        ]
      ],
      "matrix_ego_from_sensor_carla": [
        [
          1.0,
          -1.002461402777044e-08,
          7.20791204500415e-11,
          1.9073486328125e-06
        ],
        [
          6.633106508502351e-09,
          0.9999999403953552,
          1.2829859397101018e-10,
          -7.62939453125e-06
        ],
        [
          3.7289046850297325e-11,
          -3.537121706642665e-10,
          1.0,
          2.1999998092651367
        ],
        [
          0.0,
          0.0,
          0.0,
          1.0
        ]
      ],
      "matrix_ego_from_sensor_bevfusion": [
        [
          1.0,
          1.002461402777044e-08,
          7.20791204500415e-11,
          1.9073486328125e-06
        ],
        [
          -6.633106508502351e-09,
          0.9999999403953552,
          -1.2829859397101018e-10,
          7.62939453125e-06
        ],
        [
          3.7289046850297325e-11,
          3.537121706642665e-10,
          1.0,
          2.1999998092651367
        ],
        [
          0.0,
          0.0,
          0.0,
          1.0
        ]
      ],
      "data_path": "D:\\Agent-AI\\outputs\\s3a_ml_long_v2\\sample_000021\\lidar\\LIDAR_TOP.npy",
      "raw_layout": [
        "x",
        "y",
        "z",
        "intensity"
      ]
    },
    "RADAR_FRONT": {
      "type_id": "sensor.other.radar",
      "blueprint_attributes": {
        "sensor_tick": "0.100000",
        "role_name": "default",
        "noise_seed": "0",
        "ros_name": "sensor.other.radar",
        "horizontal_fov": "35.0",
        "points_per_second": "1500",
        "vertical_fov": "20.0",
        "range": "120.0"
      },
      "transform_carla": {
        "location": {
          "x": 103.88487243652344,
          "y": -37.03900146484375,
          "z": 0.8954566717147827
        },
        "rotation": {
          "roll": 0.4633444845676422,
          "pitch": -0.005464151035994291,
          "yaw": -106.22964477539062
        }
      },
      "matrix_world_from_sensor_carla": [
        [
          -0.2794879376888275,
          0.9601180553436279,
          0.007737880572676659,
          103.88487243652344
        ],
        [
          -0.9601492285728455,
          -0.2794780433177948,
          -0.0023517266381531954,
          -37.03900146484375
        ],
        [
          -9.536742436466739e-05,
          -0.008086798712611198,
          0.9999672770500183,
          0.8954566717147827
        ],
        [
          0.0,
          0.0,
          0.0,
          1.0
        ]
      ],
      "matrix_world_from_sensor_bevfusion": [
        [
          -0.2794879376888275,
          -0.9601180553436279,
          0.007737880572676659,
          103.88487243652344
        ],
        [
          0.9601492285728455,
          -0.2794780433177948,
          0.0023517266381531954,
          37.03900146484375
        ],
        [
          -9.536742436466739e-05,
          0.008086798712611198,
          0.9999672770500183,
          0.8954566717147827
        ],
        [
          0.0,
          0.0,
          0.0,
          1.0
        ]
      ],
      "matrix_ego_from_sensor_carla": [
        [
          1.0,
          -1.002461402777044e-08,
          7.20791204500415e-11,
          2.0000009536743164
        ],
        [
          6.633106508502351e-09,
          0.9999999403953552,
          1.2829859397101018e-10,
          0.0
        ],
        [
          3.7289046850297325e-11,
          -3.537121706642665e-10,
          1.0,
          0.9000001549720764
        ],
        [
          0.0,
          0.0,
          0.0,
          1.0
        ]
      ],
      "matrix_ego_from_sensor_bevfusion": [
        [
          1.0,
          1.002461402777044e-08,
          7.20791204500415e-11,
          2.0000009536743164
        ],
        [
          -6.633106508502351e-09,
          0.9999999403953552,
          -1.2829859397101018e-10,
          0.0
        ],
        [
          3.7289046850297325e-11,
          3.537121706642665e-10,
          1.0,
          0.9000001549720764
        ],
        [
          0.0,
          0.0,
          0.0,
          1.0
        ]
      ],
      "data_path": "D:\\Agent-AI\\outputs\\s3a_ml_long_v2\\sample_000021\\radar\\RADAR_FRONT.npy",
      "raw_layout": [
        "velocity",
        "altitude",
        "azimuth",
        "depth"
      ]
    },
    "RADAR_FRONT_LEFT": {
      "type_id": "sensor.other.radar",
      "blueprint_attributes": {
        "sensor_tick": "0.100000",
        "role_name": "default",
        "noise_seed": "0",
        "ros_name": "sensor.other.radar",
        "horizontal_fov": "35.0",
        "points_per_second": "1500",
        "vertical_fov": "20.0",
        "range": "120.0"
      },
      "transform_carla": {
        "location": {
          "x": 103.26260375976562,
          "y": -36.493343353271484,
          "z": 0.9015551805496216
        },
        "rotation": {
          "roll": 0.3315002918243408,
          "pitch": 0.3237714469432831,
          "yaw": -151.22866821289062
        }
      },
      "matrix_world_from_sensor_carla": [
        [
          -0.876533567905426,
          0.4812784492969513,
          0.007737917825579643,
          103.26260375976562
        ],
        [
          -0.4813074767589569,
          -0.8765486478805542,
          -0.002351683098822832,
          -36.493343353271484
        ],
        [
          0.005650847684592009,
          -0.005785647314041853,
          0.9999672770500183,
          0.9015551805496216
        ],
        [
          0.0,
          0.0,
          0.0,
          1.0
        ]
      ],
      "matrix_world_from_sensor_bevfusion": [
        [
          -0.876533567905426,
          -0.4812784492969513,
          0.007737917825579643,
          103.26260375976562
        ],
        [
          0.4813074767589569,
          -0.8765486478805542,
          0.002351683098822832,
          36.493343353271484
        ],
        [
          0.005650847684592009,
          0.005785647314041853,
          0.9999672770500183,
          0.9015551805496216
        ],
        [
          0.0,
          0.0,
          0.0,
          1.0
        ]
      ],
      "matrix_ego_from_sensor_carla": [
        [
          0.7071069478988647,
          0.7071064710617065,
          -5.220567800279241e-08,
          1.650003433227539
        ],
        [
          -0.7071065306663513,
          0.7071070075035095,
          2.4342686089084964e-08,
          -0.75
        ],
        [
          5.5239972596154985e-08,
          1.947788774714354e-08,
          1.0,
          0.9000001549720764
        ],
        [
          0.0,
          0.0,
          0.0,
          1.0
        ]
      ],
      "matrix_ego_from_sensor_bevfusion": [
        [
          0.7071069478988647,
          -0.7071064710617065,
          -5.220567800279241e-08,
          1.650003433227539
        ],
        [
          0.7071065306663513,
          0.7071070075035095,
          -2.4342686089084964e-08,
          0.75
        ],
        [
          5.5239972596154985e-08,
          -1.947788774714354e-08,
          1.0,
          0.9000001549720764
        ],
        [
          0.0,
          0.0,
          0.0,
          1.0
        ]
      ],
      "data_path": "D:\\Agent-AI\\outputs\\s3a_ml_long_v2\\sample_000021\\radar\\RADAR_FRONT_LEFT.npy",
      "raw_layout": [
        "velocity",
        "altitude",
        "azimuth",
        "depth"
      ]
    },
    "RADAR_FRONT_RIGHT": {
      "type_id": "sensor.other.radar",
      "blueprint_attributes": {
        "sensor_tick": "0.100000",
