{
  "schema_version": "stage1.v1",
  "sample_name": "sample_000011",
  "sequence_index": 11,
  "previous_sample_name": "sample_000010",
  "frame_id": 2188,
  "timestamp": 33.44063230231404,
  "platform_timestamp": 16781870.0121925,
  "delta_seconds": 0.05000000074505806,
  "town": "Carla/Maps/Town10HD_Opt",
  "weather": {
    "cloudiness": 20.0,
    "dust_storm": 0.0,
    "fog_density": 2.0,
    "fog_distance": 0.75,
    "fog_falloff": 0.10000000149011612,
    "mie_scattering_scale": 0.029999999329447746,
    "precipitation": 0.0,
    "precipitation_deposits": 0.0,
    "rayleigh_scattering_scale": 0.03310000151395798,
    "scattering_intensity": 1.0,
    "sun_altitude_angle": 45.0,
    "sun_azimuth_angle": 300.0,
    "wetness": 0.0,
    "wind_intensity": 10.0
  },
  "sensor_names": [
    "CAM_FRONT",
    "CAM_FRONT_RIGHT",
    "CAM_FRONT_LEFT",
    "CAM_BACK",
    "CAM_BACK_LEFT",
    "CAM_BACK_RIGHT",
    "LIDAR_TOP",
    "RADAR_FRONT",
    "RADAR_FRONT_LEFT",
    "RADAR_FRONT_RIGHT",
    "RADAR_BACK_LEFT",
    "RADAR_BACK_RIGHT"
  ],
  "camera_order_for_model": [
    "CAM_FRONT",
    "CAM_FRONT_RIGHT",
    "CAM_FRONT_LEFT",
    "CAM_BACK",
    "CAM_BACK_LEFT",
    "CAM_BACK_RIGHT"
  ],
  "radar_order_for_model": [
    "RADAR_FRONT",
    "RADAR_FRONT_LEFT",
    "RADAR_FRONT_RIGHT",
    "RADAR_BACK_LEFT",
    "RADAR_BACK_RIGHT"
  ],
  "coordinate_notes": {
    "carla_world": "left-handed x-forward y-right z-up",
    "bevfusion_lidar": "x-forward y-left z-up",
    "camera_frame_for_model": "OpenCV style x-right y-down z-forward"
  },
  "ego": {
    "actor_id": 24,
    "transform_carla": {
      "location": {
        "x": -59.58092498779297,
        "y": 23.610795974731445,
        "z": -0.006171340588480234
      },
      "rotation": {
        "roll": 0.564481794834137,
        "pitch": 0.5126603245735168,
        "yaw": -12.389147758483887
      }
    },
    "velocity_carla": [
      6.4925150871276855,
      -1.8182179927825928,
      -0.0004935454926453531
    ],
    "angular_velocity_carla": [
      -1.5974127054214478,
      -0.8511844873428345,
      -15.917122840881348
    ],
    "matrix_world_from_ego_carla": [
      [
        0.9766738414764404,
        0.2146260142326355,
        -0.006624977104365826,
        -59.58092498779297
      ],
      [
        -0.2145417332649231,
        0.9766466617584229,
        0.011542078107595444,
        23.610795974731445
      ],
      [
        0.008947491645812988,
        -0.00985151156783104,
        0.9999114274978638,
        -0.006171340588480234
      ],
      [
        0.0,
        0.0,
        0.0,
        1.0
      ]
    ],
    "matrix_world_from_ego_bevfusion": [
      [
        0.9766738414764404,
        -0.2146260142326355,
        -0.006624977104365826,
        -59.58092498779297
      ],
      [
        0.2145417332649231,
        0.9766466617584229,
        -0.011542078107595444,
        -23.610795974731445
      ],
      [
        0.008947491645812988,
        0.00985151156783104,
        0.9999114274978638,
        -0.006171340588480234
      ],
      [
        0.0,
        0.0,
        0.0,
        1.0
      ]
    ]
  },
  "sensors": {
    "CAM_FRONT": {
      "type_id": "sensor.camera.rgb",
      "blueprint_attributes": {
        "role_name": "front",
        "ros_name": "sensor.camera.rgb",
        "chromatic_aberration_offset": "0.0",
        "sensor_tick": "0.050000",
        "fstop": "1.4",
        "image_size_x": "1600",
        "image_size_y": "900",
        "fov": "70.00",
        "lens_circle_falloff": "5.0",
        "lens_circle_multiplier": "0.0",
        "exposure_compensation": "0.0",
        "lens_y_size": "0.08",
        "lens_k": "-1.0",
        "exposure_mode": "histogram",
        "lens_kcube": "0.0",
        "lens_x_size": "0.08",
        "exposure_max_bright": "12.0",
        "shutter_speed": "200.0",
        "bloom_intensity": "0.675",
        "iso": "100.0",
        "enable_postprocess_effects": "false",
        "gamma": "2.2",
        "motion_blur_intensity": "0.0",
        "motion_blur_max_distortion": "0.35",
        "lens_flare_intensity": "0.1",
        "motion_blur_min_object_screen_size": "0.1",
        "exposure_min_bright": "10.0",
        "exposure_speed_up": "3.0",
        "exposure_speed_down": "1.0",
        "tint": "0.0",
        "calibration_constant": "16.0",
        "focal_distance": "1000.0",
        "min_fstop": "1.2",
        "blade_count": "5",
        "blur_amount": "0.0",
        "blur_radius": "0.0",
        "slope": "0.88",
        "toe": "0.55",
        "white_clip": "0.04",
        "shoulder": "0.26",
        "black_clip": "0.0",
        "temp": "6500.0",
        "chromatic_aberration_intensity": "0.0"
      },
      "transform_carla": {
        "location": {
          "x": -58.07834243774414,
          "y": 23.29787826538086,
          "z": 1.7075467109680176
        },
        "rotation": {
          "roll": 0.564481794834137,
          "pitch": 0.5126603245735168,
          "yaw": -12.389147758483887
        }
      },
      "matrix_world_from_sensor_carla": [
        [
          0.9766738414764404,
          0.2146260142326355,
          -0.006624977104365826,
          -58.07834243774414
        ],
        [
          -0.2145417332649231,
          0.9766466617584229,
          0.011542078107595444,
          23.29787826538086
        ],
        [
          0.008947491645812988,
          -0.00985151156783104,
          0.9999114274978638,
          1.7075467109680176
        ],
        [
          0.0,
          0.0,
          0.0,
          1.0
        ]
      ],
      "matrix_world_from_sensor_bevfusion": [
        [
          0.2146260142326355,
          0.006624977104365826,
          0.9766738414764404,
          -58.07834243774414
        ],
        [
          -0.9766466617584229,
          0.011542078107595444,
          0.2145417332649231,
          -23.29787826538086
        ],
        [
          -0.00985151156783104,
          -0.9999114274978638,
          0.008947491645812988,
          1.7075467109680176
        ],
        [
          0.0,
          0.0,
          0.0,
          1.0
        ]
      ],
      "matrix_ego_from_sensor_carla": [
        [
          1.0,
          -2.420150746473837e-09,
          5.3788085097039584e-11,
          1.5499992370605469
        ],
        [
          -4.5301784545870305e-09,
          1.0,
          -7.62230278894549e-11,
          9.5367431640625e-07
        ],
        [
          5.3788085097039584e-11,
          8.550995467260236e-10,
          1.0,
          1.6999998092651367
        ],
        [
          0.0,
          0.0,
          0.0,
          1.0
        ]
      ],
      "matrix_ego_from_sensor_bevfusion": [
        [
          -2.420150746473837e-09,
          -5.3788085097039584e-11,
          1.0,
          1.5499992370605469
        ],
        [
          -1.0,
          -7.62230278894549e-11,
          4.5301784545870305e-09,
          -9.5367431640625e-07
        ],
        [
          8.550995467260236e-10,
          -1.0,
          5.3788085097039584e-11,
          1.6999998092651367
        ],
        [
          0.0,
          0.0,
          0.0,
          1.0
        ]
      ],
      "camera_intrinsics": [
        [
          1142.5184326171875,
          0.0,
          800.0
        ],
        [
          0.0,
          1142.5184326171875,
          450.0
        ],
        [
          0.0,
          0.0,
          1.0
        ]
      ],
      "data_path": "D:\\Agent-AI\\outputs\\samples\\sample_000011\\images\\CAM_FRONT.png",
      "raw_layout": "bgra8"
    },
    "CAM_FRONT_RIGHT": {
      "type_id": "sensor.camera.rgb",
      "blueprint_attributes": {
        "role_name": "front",
        "ros_name": "sensor.camera.rgb",
        "chromatic_aberration_offset": "0.0",
        "sensor_tick": "0.050000",
        "fstop": "1.4",
        "image_size_x": "1600",
        "image_size_y": "900",
        "fov": "70.00",
        "lens_circle_falloff": "5.0",
        "lens_circle_multiplier": "0.0",
        "exposure_compensation": "0.0",
        "lens_y_size": "0.08",
        "lens_k": "-1.0",
        "exposure_mode": "histogram",
        "lens_kcube": "0.0",
        "lens_x_size": "0.08",
        "exposure_max_bright": "12.0",
        "shutter_speed": "200.0",
        "bloom_intensity": "0.675",
        "iso": "100.0",
        "enable_postprocess_effects": "false",
        "gamma": "2.2",
        "motion_blur_intensity": "0.0",
        "motion_blur_max_distortion": "0.35",
        "lens_flare_intensity": "0.1",
        "motion_blur_min_object_screen_size": "0.1",
        "exposure_min_bright": "10.0",
        "exposure_speed_up": "3.0",
        "exposure_speed_down": "1.0",
        "tint": "0.0",
        "calibration_constant": "16.0",
        "focal_distance": "1000.0",
        "min_fstop": "1.2",
        "blade_count": "5",
        "blur_amount": "0.0",
        "blur_radius": "0.0",
        "slope": "0.88",
        "toe": "0.55",
        "white_clip": "0.04",
        "shoulder": "0.26",
        "black_clip": "0.0",
        "temp": "6500.0",
        "chromatic_aberration_intensity": "0.0"
      },
      "transform_carla": {
        "location": {
          "x": -58.2044677734375,
          "y": 23.888668060302734,
          "z": 1.6998915672302246
        },
        "rotation": {
          "roll": 0.743720531463623,
          "pitch": -0.16832317411899567,
          "yaw": 42.60725402832031
        }
      },
      "matrix_world_from_sensor_carla": [
        [
          0.7360082268714905,
          -0.6769402027130127,
          -0.006625000387430191,
          -58.2044677734375
        ],
        [
          0.6769662499427795,
          0.7359235882759094,
          0.011542058549821377,
          23.888668060302734
        ],
        [
          -0.0029377893079072237,
          -0.012979951687157154,
          0.9999114871025085,
          1.6998915672302246
        ],
        [
          0.0,
          0.0,
          0.0,
          1.0
        ]
      ],
      "matrix_world_from_sensor_bevfusion": [
        [
          -0.6769402027130127,
          0.006625000387430191,
          0.7360082268714905,
          -58.2044677734375
        ],
        [
          -0.7359235882759094,
          0.011542058549821377,
          -0.6769662499427795,
          -23.888668060302734
        ],
        [
          -0.012979951687157154,
          -0.9999114871025085,
          -0.0029377893079072237,
          1.6998915672302246
        ],
        [
          0.0,
          0.0,
          0.0,
          1.0
        ]
      ],
      "matrix_ego_from_sensor_carla": [
        [
          0.5735762119293213,
          -0.8191522359848022,
          -1.8039351346033072e-08,
          1.2999992370605469
        ],
        [
          0.8191522359848022,
          0.5735761523246765,
          -2.4877806481526932e-08,
          0.5499992370605469
        ],
        [
          3.0636336134648445e-08,
          -5.165811112206597e-10,
          1.0,
          1.7000000476837158
        ],
        [
          0.0,
          0.0,
          0.0,
          1.0
        ]
      ],
      "matrix_ego_from_sensor_bevfusion": [
        [
          -0.8191522359848022,
          1.8039351346033072e-08,
          0.5735762119293213,
          1.2999992370605469
        ],
        [
          -0.5735761523246765,
          -2.4877806481526932e-08,
          -0.8191522359848022,
          -0.5499992370605469
        ],
        [
          -5.165811112206597e-10,
          -1.0,
          3.0636336134648445e-08,
          1.7000000476837158
        ],
        [
          0.0,
          0.0,
          0.0,
          1.0
        ]
      ],
      "camera_intrinsics": [
        [
          1142.5184326171875,
          0.0,
          800.0
        ],
        [
          0.0,
          1142.5184326171875,
          450.0
        ],
        [
          0.0,
          0.0,
          1.0
        ]
      ],
      "data_path": "D:\\Agent-AI\\outputs\\samples\\sample_000011\\images\\CAM_FRONT_RIGHT.png",
      "raw_layout": "bgra8"
    },
    "CAM_FRONT_LEFT": {
      "type_id": "sensor.camera.rgb",
      "blueprint_attributes": {
        "role_name": "front",
        "ros_name": "sensor.camera.rgb",
        "chromatic_aberration_offset": "0.0",
        "sensor_tick": "0.050000",
        "fstop": "1.4",
        "image_size_x": "1600",
        "image_size_y": "900",
        "fov": "70.00",
        "lens_circle_falloff": "5.0",
        "lens_circle_multiplier": "0.0",
        "exposure_compensation": "0.0",
        "lens_y_size": "0.08",
        "lens_k": "-1.0",
        "exposure_mode": "histogram",
        "lens_kcube": "0.0",
        "lens_x_size": "0.08",
        "exposure_max_bright": "12.0",
        "shutter_speed": "200.0",
        "bloom_intensity": "0.675",
        "iso": "100.0",
        "enable_postprocess_effects": "false",
        "gamma": "2.2",
        "motion_blur_intensity": "0.0",
        "motion_blur_max_distortion": "0.35",
        "lens_flare_intensity": "0.1",
        "motion_blur_min_object_screen_size": "0.1",
        "exposure_min_bright": "10.0",
        "exposure_speed_up": "3.0",
        "exposure_speed_down": "1.0",
        "tint": "0.0",
        "calibration_constant": "16.0",
        "focal_distance": "1000.0",
        "min_fstop": "1.2",
        "blade_count": "5",
        "blur_amount": "0.0",
        "blur_radius": "0.0",
        "slope": "0.88",
        "toe": "0.55",
        "white_clip": "0.04",
        "shoulder": "0.26",
        "black_clip": "0.0",
        "temp": "6500.0",
        "chromatic_aberration_intensity": "0.0"
      },
      "transform_carla": {
        "location": {
          "x": -58.440555572509766,
          "y": 22.81435775756836,
          "z": 1.7107281684875488
        },
        "rotation": {
          "roll": -0.09619426727294922,
          "pitch": 0.7564365863800049,
          "yaw": -67.39230346679688
        }
      },
      "matrix_world_from_sensor_carla": [
        [
          0.3843858540058136,
          0.9231487512588501,
          -0.006624964531511068,
          -58.440555572509766
        ],
        [
          -0.9230781197547913,
          0.38443928956985474,
          0.01154204923659563,
          22.81435775756836
        ],
        [
          0.013201924972236156,
          0.0016787595814093947,
          0.9999114274978638,
          1.7107281684875488
        ],
        [
          0.0,
          0.0,
          0.0,
          1.0
        ]
      ],
      "matrix_world_from_sensor_bevfusion": [
        [
          0.9231487512588501,
          0.006624964531511068,
          0.3843858540058136,
          -58.440555572509766
        ],
        [
          -0.38443928956985474,
          0.01154204923659563,
          0.9230781197547913,
          -22.81435775756836
        ],
        [
          0.0016787595814093947,
          -0.9999114274978638,
          0.013201924972236156,
          1.7107281684875488
        ],
        [
          0.0,
          0.0,
          0.0,
          1.0
        ]
      ],
      "matrix_ego_from_sensor_carla": [
        [
          0.5735765099525452,
          0.8191519975662231,
          1.774891700279113e-08,
          1.3000030517578125
        ],
        [
          -0.8191519975662231,
          0.5735765695571899,
          -2.5221932986596585e-08,
          -0.5500001907348633
        ],
        [
          -3.125134284687192e-08,
          -1.4598595943215997e-10,
          1.0,
          1.6999998092651367
        ],
        [
          0.0,
          0.0,
          0.0,
          1.0
        ]
      ],
      "matrix_ego_from_sensor_bevfusion": [
        [
          0.8191519975662231,
          -1.774891700279113e-08,
          0.5735765099525452,
          1.3000030517578125
        ],
        [
          -0.5735765695571899,
          -2.5221932986596585e-08,
          0.8191519975662231,
          0.5500001907348633
        ],
        [
          -1.4598595943215997e-10,
          -1.0,
          -3.125134284687192e-08,
          1.6999998092651367
        ],
        [
          0.0,
          0.0,
          0.0,
          1.0
        ]
      ],
      "camera_intrinsics": [
        [
          1142.5184326171875,
          0.0,
          800.0
        ],
        [
          0.0,
          1142.5184326171875,
          450.0
        ],
        [
          0.0,
          0.0,
          1.0
        ]
      ],
      "data_path": "D:\\Agent-AI\\outputs\\samples\\sample_000011\\images\\CAM_FRONT_LEFT.png",
      "raw_layout": "bgra8"
    },
    "CAM_BACK": {
      "type_id": "sensor.camera.rgb",
      "blueprint_attributes": {
        "role_name": "front",
        "ros_name": "sensor.camera.rgb",
        "chromatic_aberration_offset": "0.0",
        "sensor_tick": "0.050000",
        "fstop": "1.4",
        "image_size_x": "1600",
        "image_size_y": "900",
        "fov": "70.00",
        "lens_circle_falloff": "5.0",
        "lens_circle_multiplier": "0.0",
        "exposure_compensation": "0.0",
        "lens_y_size": "0.08",
        "lens_k": "-1.0",
        "exposure_mode": "histogram",
        "lens_kcube": "0.0",
        "lens_x_size": "0.08",
        "exposure_max_bright": "12.0",
        "shutter_speed": "200.0",
        "bloom_intensity": "0.675",
        "iso": "100.0",
        "enable_postprocess_effects": "false",
        "gamma": "2.2",
        "motion_blur_intensity": "0.0",
        "motion_blur_max_distortion": "0.35",
        "lens_flare_intensity": "0.1",
        "motion_blur_min_object_screen_size": "0.1",
        "exposure_min_bright": "10.0",
        "exposure_speed_up": "3.0",
        "exposure_speed_down": "1.0",
        "tint": "0.0",
        "calibration_constant": "16.0",
        "focal_distance": "1000.0",
        "min_fstop": "1.2",
        "blade_count": "5",
        "blur_amount": "0.0",
        "blur_radius": "0.0",
        "slope": "0.88",
        "toe": "0.55",
        "white_clip": "0.04",
        "shoulder": "0.26",
        "black_clip": "0.0",
        "temp": "6500.0",
        "chromatic_aberration_intensity": "0.0"
      },
      "transform_carla": {
        "location": {
          "x": -61.10603332519531,
          "y": 23.962955474853516,
          "z": 1.6798095703125
        },
        "rotation": {
          "roll": -0.5644819140434265,
          "pitch": -0.5126603245735168,
          "yaw": 167.61087036132812
        }
      },
      "matrix_world_from_sensor_carla": [
        [
          -0.9766739010810852,
          -0.21462562680244446,
          -0.006624981295317411,
          -61.10603332519531
        ],
        [
          0.21454134583473206,
          -0.9766467213630676,
          0.011542078107595444,
          23.962955474853516
        ],
        [
          -0.008947491645812988,
          0.009851513430476189,
          0.9999114274978638,
          1.6798095703125
        ],
        [
          0.0,
          0.0,
          0.0,
          1.0
        ]
      ],
      "matrix_world_from_sensor_bevfusion": [
        [
          -0.21462562680244446,
          0.006624981295317411,
          -0.9766739010810852,
          -61.10603332519531
        ],
        [
          0.9766467213630676,
          0.011542078107595444,
          -0.21454134583473206,
          -23.962955474853516
        ],
        [
          0.009851513430476189,
          -0.9999114274978638,
          -0.008947491645812988,
          1.6798095703125
        ],
        [
          0.0,
          0.0,
          0.0,
          1.0
        ]
      ],
      "matrix_ego_from_sensor_carla": [
        [
          -1.0,
          3.8774970789745566e-07,
          -4.602824787980353e-09,
          -1.5499992370605469
        ],
        [
          -3.88749896274021e-07,
          -1.0,
          -1.0075456025049334e-09,
          -1.9073486328125e-06
        ],
        [
          -3.779078383558954e-09,
          -1.7865871004829614e-09,
          1.0,
          1.7000000476837158
        ],
        [
          0.0,
          0.0,
          0.0,
          1.0
        ]
      ],
      "matrix_ego_from_sensor_bevfusion": [
        [
          3.8774970789745566e-07,
          4.602824787980353e-09,
          -1.0,
          -1.5499992370605469
        ],
        [
          1.0,
          -1.0075456025049334e-09,
          3.88749896274021e-07,
          1.9073486328125e-06
        ],
        [
          -1.7865871004829614e-09,
          -1.0,
          -3.779078383558954e-09,
          1.7000000476837158
        ],
        [
          0.0,
          0.0,
          0.0,
          1.0
        ]
      ],
      "camera_intrinsics": [
        [
          1142.5184326171875,
          0.0,
          800.0
        ],
        [
          0.0,
          1142.5184326171875,
          450.0
        ],
        [
          0.0,
          0.0,
          1.0
        ]
      ],
      "data_path": "D:\\Agent-AI\\outputs\\samples\\sample_000011\\images\\CAM_BACK.png",
      "raw_layout": "bgra8"
    },
    "CAM_BACK_LEFT": {
      "type_id": "sensor.camera.rgb",
      "blueprint_attributes": {
        "role_name": "front",
        "ros_name": "sensor.camera.rgb",
        "chromatic_aberration_offset": "0.0",
        "sensor_tick": "0.050000",
        "fstop": "1.4",
        "image_size_x": "1600",
        "image_size_y": "900",
        "fov": "70.00",
        "lens_circle_falloff": "5.0",
        "lens_circle_multiplier": "0.0",
        "exposure_compensation": "0.0",
        "lens_y_size": "0.08",
        "lens_k": "-1.0",
        "exposure_mode": "histogram",
        "lens_kcube": "0.0",
        "lens_x_size": "0.08",
        "exposure_max_bright": "12.0",
        "shutter_speed": "200.0",
        "bloom_intensity": "0.675",
        "iso": "100.0",
        "enable_postprocess_effects": "false",
        "gamma": "2.2",
        "motion_blur_intensity": "0.0",
        "motion_blur_max_distortion": "0.35",
        "lens_flare_intensity": "0.1",
        "motion_blur_min_object_screen_size": "0.1",
        "exposure_min_bright": "10.0",
        "exposure_speed_up": "3.0",
        "exposure_speed_down": "1.0",
        "tint": "0.0",
        "calibration_constant": "16.0",
        "focal_distance": "1000.0",
        "min_fstop": "1.2",
        "blade_count": "5",
        "blur_amount": "0.0",
        "blur_radius": "0.0",
        "slope": "0.88",
        "toe": "0.55",
        "white_clip": "0.04",
        "shoulder": "0.26",
        "black_clip": "0.0",
        "temp": "6500.0",
        "chromatic_aberration_intensity": "0.0"
      },
      "transform_carla": {
        "location": {
          "x": -60.97991180419922,
          "y": 23.37216567993164,
          "z": 1.6874645948410034
        },
        "rotation": {
          "roll": -0.7437204718589783,
          "pitch": 0.16832317411899567,
          "yaw": -137.39271545410156
        }
      },
      "matrix_world_from_sensor_carla": [
        [
          -0.736007809638977,
          0.6769406199455261,
          -0.006625006441026926,
          -60.97991180419922
        ],
        [
          -0.676966667175293,
          -0.735923171043396,
          0.011542053893208504,
          23.37216567993164
        ],
        [
          0.0029377893079072237,
          0.01297995075583458,
          0.9999114871025085,
          1.6874645948410034
        ],
        [
          0.0,
          0.0,
          0.0,
          1.0
        ]
      ],
      "matrix_world_from_sensor_bevfusion": [
        [
          0.6769406199455261,
          0.006625006441026926,
          -0.736007809638977,
          -60.97991180419922
        ],
        [
          0.735923171043396,
          0.011542053893208504,
          0.676966667175293,
          -23.37216567993164
        ],
        [
          0.01297995075583458,
          -0.9999114871025085,
          0.0029377893079072237,
          1.6874645948410034
        ],
        [
          0.0,
          0.0,
          0.0,
          1.0
        ]
      ],
      "matrix_ego_from_sensor_carla": [
        [
          -0.5735756754875183,
          0.8191525340080261,
          -2.3627286793725943e-08,
          -1.2999992370605469
        ],
        [
          -0.8191525936126709,
          -0.5735756754875183,
          -3.04657419292198e-08,
          -0.5500011444091797
        ],
        [
          -3.831974737522614e-08,
          2.3793087500223464e-09,
          1.0,
          1.6999998092651367
        ],
        [
          0.0,
          0.0,
          0.0,
          1.0
        ]
      ],
      "matrix_ego_from_sensor_bevfusion": [
        [
          0.8191525340080261,
          2.3627286793725943e-08,
          -0.5735756754875183,
          -1.2999992370605469
        ],
        [
          0.5735756754875183,
          -3.04657419292198e-08,
          0.8191525936126709,
          0.5500011444091797
        ],
        [
          2.3793087500223464e-09,
          -1.0,
          -3.831974737522614e-08,
          1.6999998092651367
        ],
        [
          0.0,
          0.0,
          0.0,
          1.0
        ]
      ],
      "camera_intrinsics": [
        [
          1142.5184326171875,
          0.0,
          800.0
        ],
        [
          0.0,
          1142.5184326171875,
          450.0
        ],
        [
          0.0,
          0.0,
          1.0
        ]
      ],
      "data_path": "D:\\Agent-AI\\outputs\\samples\\sample_000011\\images\\CAM_BACK_LEFT.png",
      "raw_layout": "bgra8"
    },
    "CAM_BACK_RIGHT": {
      "type_id": "sensor.camera.rgb",
      "blueprint_attributes": {
        "role_name": "front",
        "ros_name": "sensor.camera.rgb",
        "chromatic_aberration_offset": "0.0",
        "sensor_tick": "0.050000",
        "fstop": "1.4",
        "image_size_x": "1600",
        "image_size_y": "900",
        "fov": "70.00",
        "lens_circle_falloff": "5.0",
        "lens_circle_multiplier": "0.0",
        "exposure_compensation": "0.0",
        "lens_y_size": "0.08",
        "lens_k": "-1.0",
        "exposure_mode": "histogram",
        "lens_kcube": "0.0",
        "lens_x_size": "0.08",
        "exposure_max_bright": "12.0",
        "shutter_speed": "200.0",
        "bloom_intensity": "0.675",
        "iso": "100.0",
        "enable_postprocess_effects": "false",
        "gamma": "2.2",
        "motion_blur_intensity": "0.0",
        "motion_blur_max_distortion": "0.35",
        "lens_flare_intensity": "0.1",
        "motion_blur_min_object_screen_size": "0.1",
        "exposure_min_bright": "10.0",
        "exposure_speed_up": "3.0",
        "exposure_speed_down": "1.0",
        "tint": "0.0",
        "calibration_constant": "16.0",
        "focal_distance": "1000.0",
        "min_fstop": "1.2",
        "blade_count": "5",
        "blur_amount": "0.0",
        "blur_radius": "0.0",
        "slope": "0.88",
        "toe": "0.55",
        "white_clip": "0.04",
        "shoulder": "0.26",
        "black_clip": "0.0",
        "temp": "6500.0",
        "chromatic_aberration_intensity": "0.0"
      },
      "transform_carla": {
        "location": {
          "x": -60.74382019042969,
          "y": 24.446475982666016,
          "z": 1.6766281127929688
        },
        "rotation": {
          "roll": 0.09619434177875519,
          "pitch": -0.7564365863800049,
          "yaw": 112.607666015625
        }
      },
      "matrix_world_from_sensor_carla": [
        [
          -0.38438528776168823,
          -0.9231489896774292,
          -0.006624958477914333,
          -60.74382019042969
        ],
        [
          0.9230783581733704,
          -0.38443872332572937,
          0.011542052030563354,
          24.446475982666016
        ],
        [
          -0.013201924972236156,
          -0.0016787608619779348,
          0.9999114274978638,
          1.6766281127929688
        ],
        [
          0.0,
          0.0,
          0.0,
          1.0
        ]
      ],
      "matrix_world_from_sensor_bevfusion": [
        [
          -0.9231489896774292,
          0.006624958477914333,
          -0.38438528776168823,
          -60.74382019042969
        ],
        [
          0.38443872332572937,
          0.011542052030563354,
          -0.9230783581733704,
          -24.446475982666016
        ],
        [
          -0.0016787608619779348,
          -0.9999114274978638,
          -0.013201924972236156,
          1.6766281127929688
        ],
        [
          0.0,
          0.0,
          0.0,
          1.0
        ]
      ],
      "matrix_ego_from_sensor_carla": [
        [
          -0.573576033115387,
          -0.819152295589447,
          2.3336852450484002e-08,
          -1.3000068664550781
        ],
        [
          0.819152295589447,
          -0.573576033115387,
          -2.149664268813467e-08,
          0.5499982833862305
        ],
        [
          3.032002027225644e-08,
          6.781772921016227e-09,
          1.0,
          1.7000000476837158
        ],
        [
          0.0,
          0.0,
          0.0,
          1.0
        ]
      ],
      "matrix_ego_from_sensor_bevfusion": [
        [
          -0.819152295589447,
          -2.3336852450484002e-08,
          -0.573576033115387,
          -1.3000068664550781
        ],
        [
          0.573576033115387,
          -2.149664268813467e-08,
          -0.819152295589447,
          -0.5499982833862305
        ],
        [
          6.781772921016227e-09,
          -1.0,
          3.032002027225644e-08,
          1.7000000476837158
        ],
        [
          0.0,
          0.0,
          0.0,
          1.0
        ]
      ],
      "camera_intrinsics": [
        [
          1142.5184326171875,
          0.0,
          800.0
        ],
        [
          0.0,
          1142.5184326171875,
          450.0
        ],
        [
          0.0,
          0.0,
          1.0
        ]
      ],
      "data_path": "D:\\Agent-AI\\outputs\\samples\\sample_000011\\images\\CAM_BACK_RIGHT.png",
      "raw_layout": "bgra8"
    },
    "LIDAR_TOP": {
      "type_id": "sensor.lidar.ray_cast",
      "blueprint_attributes": {
        "atmosphere_attenuation_rate": "0.004",
        "role_name": "front",
        "noise_seed": "0",
        "upper_fov": "10.0",
        "ros_name": "sensor.lidar.ray_cast",
        "sensor_tick": "0.050000",
        "channels": "32",
        "range": "120.0",
        "points_per_second": "360000",
        "lower_fov": "-30.0",
        "rotation_frequency": "20.000000",
        "horizontal_fov": "360.0",
        "dropoff_general_rate": "0.0",
        "dropoff_intensity_limit": "1.0",
        "noise_stddev": "0.0",
        "dropoff_zero_intensity": "0.0"
      },
      "transform_carla": {
        "location": {
          "x": -59.59550094604492,
          "y": 23.636188507080078,
          "z": 2.193633794784546
        },
        "rotation": {
          "roll": 0.564481794834137,
          "pitch": 0.5126603245735168,
          "yaw": -12.389147758483887
        }
      },
      "matrix_world_from_sensor_carla": [
        [
          0.9766738414764404,
          0.2146260142326355,
          -0.006624977104365826,
          -59.59550094604492
        ],
        [
          -0.2145417332649231,
          0.9766466617584229,
          0.011542078107595444,
          23.636188507080078
        ],
        [
          0.008947491645812988,
          -0.00985151156783104,
          0.9999114274978638,
          2.193633794784546
        ],
        [
          0.0,
          0.0,
          0.0,
          1.0
        ]
      ],
      "matrix_world_from_sensor_bevfusion": [
        [
          0.9766738414764404,
          -0.2146260142326355,
          -0.006624977104365826,
          -59.59550094604492
        ],
        [
          0.2145417332649231,
          0.9766466617584229,
          -0.011542078107595444,
          -23.636188507080078
        ],
        [
          0.008947491645812988,
          0.00985151156783104,
          0.9999114274978638,
          2.193633794784546
        ],
        [
          0.0,
          0.0,
          0.0,
          1.0
        ]
      ],
      "matrix_ego_from_sensor_carla": [
        [
          1.0,
          -2.420150746473837e-09,
          5.3788085097039584e-11,
          -3.814697265625e-06
        ],
        [
          -4.5301784545870305e-09,
          1.0,
          -7.62230278894549e-11,
          0.0
        ],
        [
          5.3788085097039584e-11,
          8.550995467260236e-10,
          1.0,
          2.200000047683716
        ],
        [
          0.0,
          0.0,
          0.0,
          1.0
        ]
      ],
      "matrix_ego_from_sensor_bevfusion": [
        [
          1.0,
          2.420150746473837e-09,
          5.3788085097039584e-11,
          -3.814697265625e-06
        ],
        [
          4.5301784545870305e-09,
          1.0,
          7.62230278894549e-11,
          0.0
        ],
        [
          5.3788085097039584e-11,
          -8.550995467260236e-10,
          1.0,
          2.200000047683716
        ],
        [
          0.0,
          0.0,
          0.0,
          1.0
        ]
      ],
      "data_path": "D:\\Agent-AI\\outputs\\samples\\sample_000011\\lidar\\LIDAR_TOP.npy",
      "raw_layout": [
        "x",
        "y",
        "z",
        "intensity"
      ]
    },
    "RADAR_FRONT": {
      "type_id": "sensor.other.radar",
      "blueprint_attributes": {
        "sensor_tick": "0.050000",
        "role_name": "default",
        "noise_seed": "0",
        "ros_name": "sensor.other.radar",
        "horizontal_fov": "35.0",
        "points_per_second": "1500",
        "vertical_fov": "20.0",
        "range": "120.0"
      },
      "transform_carla": {
        "location": {
          "x": -57.63353729248047,
          "y": 23.192102432250977,
          "z": 0.9116438627243042
        },
        "rotation": {
          "roll": 0.564481794834137,
          "pitch": 0.5126603245735168,
          "yaw": -12.389147758483887
        }
      },
      "matrix_world_from_sensor_carla": [
        [
          0.9766738414764404,
          0.2146260142326355,
          -0.006624977104365826,
          -57.63353729248047
        ],
        [
          -0.2145417332649231,
          0.9766466617584229,
          0.011542078107595444,
          23.192102432250977
        ],
        [
          0.008947491645812988,
          -0.00985151156783104,
          0.9999114274978638,
          0.9116438627243042
        ],
        [
          0.0,
          0.0,
          0.0,
          1.0
        ]
      ],
      "matrix_world_from_sensor_bevfusion": [
        [
          0.9766738414764404,
          -0.2146260142326355,
          -0.006624977104365826,
          -57.63353729248047
        ],
        [
          0.2145417332649231,
          0.9766466617584229,
          -0.011542078107595444,
          -23.192102432250977
        ],
        [
          0.008947491645812988,
          0.00985151156783104,
          0.9999114274978638,
          0.9116438627243042
        ],
        [
          0.0,
          0.0,
          0.0,
          1.0
        ]
      ],
      "matrix_ego_from_sensor_carla": [
        [
          1.0,
          -2.420150746473837e-09,
          5.3788085097039584e-11,
          2.0
        ],
        [
          -4.5301784545870305e-09,
          1.0,
          -7.62230278894549e-11,
          2.86102294921875e-06
        ],
        [
          5.3788085097039584e-11,
          8.550995467260236e-10,
          1.0,
          0.8999999165534973
        ],
        [
          0.0,
          0.0,
          0.0,
          1.0
        ]
      ],
      "matrix_ego_from_sensor_bevfusion": [
        [
          1.0,
          2.420150746473837e-09,
          5.3788085097039584e-11,
          2.0
        ],
        [
          4.5301784545870305e-09,
          1.0,
          7.62230278894549e-11,
          -2.86102294921875e-06
        ],
        [
          5.3788085097039584e-11,
          -8.550995467260236e-10,
          1.0,
          0.8999999165534973
        ],
        [
          0.0,
          0.0,
          0.0,
          1.0
        ]
      ],
      "data_path": "D:\\Agent-AI\\outputs\\samples\\sample_000011\\radar\\RADAR_FRONT.npy",
      "raw_layout": [
        "velocity",
        "altitude",
        "azimuth",
        "depth"
      ]
    },
    "RADAR_FRONT_LEFT": {
      "type_id": "sensor.other.radar",
      "blueprint_attributes": {
        "sensor_tick": "0.050000",
        "role_name": "default",
        "noise_seed": "0",
        "ros_name": "sensor.other.radar",
        "horizontal_fov": "35.0",
        "points_per_second": "1500",
        "vertical_fov": "20.0",
        "range": "120.0"
      },
      "transform_carla": {
        "location": {
          "x": -58.13634490966797,
          "y": 22.534704208374023,
          "z": 0.9159009456634521
        },
        "rotation": {
          "roll": 0.03662900999188423,
          "pitch": 0.7616479992866516,
          "yaw": -57.39138412475586
        }
      },
      "matrix_world_from_sensor_carla": [
        [
          0.5388498902320862,
          0.8423757553100586,
          -0.006624970119446516,
          -58.13634490966797
        ],
        [
          -0.8422969579696655,
          0.5388902425765991,
          0.011542050167918205,
          22.534704208374023
        ],
        [
          0.013292874209582806,
          -0.0006392403156496584,
          0.9999114871025085,
          0.9159009456634521
        ],
        [
          0.0,
          0.0,
          0.0,
          1.0
        ]
      ],
      "matrix_world_from_sensor_bevfusion": [
        [
          0.5388498902320862,
          -0.8423757553100586,
          -0.006624970119446516,
          -58.13634490966797
        ],
        [
          0.8422969579696655,
          0.5388902425765991,
          -0.011542050167918205,
          -22.534704208374023
        ],
        [
          0.013292874209582806,
          0.0006392403156496584,
          0.9999114871025085,
          0.9159009456634521
        ],
        [
          0.0,
          0.0,
          0.0,
          1.0
        ]
      ],
      "matrix_ego_from_sensor_carla": [
        [
          0.7071073651313782,
          0.7071061730384827,
          1.3625616190893197e-08,
          1.6500015258789062
        ],
        [
          -0.7071062326431274,
          0.7071073651313782,
          -2.674045163075789e-08,
          -0.7500009536743164
        ],
        [
          -2.9062395157097853e-08,
          9.529116162809714e-09,
          1.0,
          0.8999999165534973
        ],
        [
          0.0,
          0.0,
          0.0,
          1.0
        ]
      ],
      "matrix_ego_from_sensor_bevfusion": [
        [
          0.7071073651313782,
          -0.7071061730384827,
          1.3625616190893197e-08,
          1.6500015258789062
        ],
        [
          0.7071062326431274,
          0.7071073651313782,
          2.674045163075789e-08,
          0.7500009536743164
        ],
        [
          -2.9062395157097853e-08,
          -9.529116162809714e-09,
          1.0,
          0.8999999165534973
        ],
        [
          0.0,
          0.0,
          0.0,
          1.0
        ]
      ],
      "data_path": "D:\\Agent-AI\\outputs\\samples\\sample_000011\\radar\\RADAR_FRONT_LEFT.npy",
      "raw_layout": [
        "velocity",
        "altitude",
        "azimuth",
        "depth"
      ]
    },
    "RADAR_FRONT_RIGHT": {
      "type_id": "sensor.other.radar",
      "blueprint_attributes": {
        "sensor_tick": "0.050000",
        "role_name": "default",
        "noise_seed": "0",
        "ros_name": "sensor.other.radar",
        "horizontal_fov": "35.0",
        "points_per_second": "1500",
        "vertical_fov": "20.0",
        "range": "120.0"
      },
      "transform_carla": {
