{
  "schema_version": "stage1.v1",
  "sample_name": "sample_000026",
  "sequence_index": 26,
  "previous_sample_name": "sample_000025",
  "frame_id": 2203,
  "timestamp": 34.190632313489914,
  "platform_timestamp": 16781888.4364548,
  "delta_seconds": 0.05000000074505806,
  "town": "Carla/Maps/Town10HD_Opt",
  "weather": {
    "cloudiness": 20.0,
    "dust_storm": 0.0,
    "fog_density": 2.0,
    "fog_distance": 0.75,
    "fog_falloff": 0.10000000149011612,
    "mie_scattering_scale": 0.029999999329447746,
    "precipitation": 0.0,
    "precipitation_deposits": 0.0,
    "rayleigh_scattering_scale": 0.03310000151395798,
    "scattering_intensity": 1.0,
    "sun_altitude_angle": 45.0,
    "sun_azimuth_angle": 300.0,
    "wetness": 0.0,
    "wind_intensity": 10.0
  },
  "sensor_names": [
    "CAM_FRONT",
    "CAM_FRONT_RIGHT",
    "CAM_FRONT_LEFT",
    "CAM_BACK",
    "CAM_BACK_LEFT",
    "CAM_BACK_RIGHT",
    "LIDAR_TOP",
    "RADAR_FRONT",
    "RADAR_FRONT_LEFT",
    "RADAR_FRONT_RIGHT",
    "RADAR_BACK_LEFT",
    "RADAR_BACK_RIGHT"
  ],
  "camera_order_for_model": [
    "CAM_FRONT",
    "CAM_FRONT_RIGHT",
    "CAM_FRONT_LEFT",
    "CAM_BACK",
    "CAM_BACK_LEFT",
    "CAM_BACK_RIGHT"
  ],
  "radar_order_for_model": [
    "RADAR_FRONT",
    "RADAR_FRONT_LEFT",
    "RADAR_FRONT_RIGHT",
    "RADAR_BACK_LEFT",
    "RADAR_BACK_RIGHT"
  ],
  "coordinate_notes": {
    "carla_world": "left-handed x-forward y-right z-up",
    "bevfusion_lidar": "x-forward y-left z-up",
    "camera_frame_for_model": "OpenCV style x-right y-down z-forward"
  },
  "ego": {
    "actor_id": 24,
    "transform_carla": {
      "location": {
        "x": -54.17226791381836,
        "y": 21.28060531616211,
        "z": -0.004172973334789276
      },
      "rotation": {
        "roll": 1.360753059387207,
        "pitch": -0.04451917111873627,
        "yaw": -30.60324478149414
      }
    },
    "velocity_carla": [
      6.476405620574951,
      -4.313414096832275,
      -0.00012077331484761089
    ],
    "angular_velocity_carla": [
      0.4659614562988281,
      0.057626716792583466,
      -30.213104248046875
    ],
    "matrix_world_from_ego_carla": [
      [
        0.8607129454612732,
        0.5089306831359863,
        0.01275815162807703,
        -54.17226791381836
      ],
      [
        -0.5090899467468262,
        0.8604798913002014,
        0.02004423551261425,
        21.28060531616211
      ],
      [
        -0.0007770060328766704,
        -0.023747380822896957,
        0.9997177124023438,
        -0.004172973334789276
      ],
      [
        0.0,
        0.0,
        0.0,
        1.0
      ]
    ],
    "matrix_world_from_ego_bevfusion": [
      [
        0.8607129454612732,
        -0.5089306831359863,
        0.01275815162807703,
        -54.17226791381836
      ],
      [
        0.5090899467468262,
        0.8604798913002014,
        -0.02004423551261425,
        -21.28060531616211
      ],
      [
        -0.0007770060328766704,
        0.023747380822896957,
        0.9997177124023438,
        -0.004172973334789276
      ],
      [
        0.0,
        0.0,
        0.0,
        1.0
      ]
    ]
  },
  "sensors": {
    "CAM_FRONT": {
      "type_id": "sensor.camera.rgb",
      "blueprint_attributes": {
        "role_name": "front",
        "ros_name": "sensor.camera.rgb",
        "chromatic_aberration_offset": "0.0",
        "sensor_tick": "0.050000",
        "fstop": "1.4",
        "image_size_x": "1600",
        "image_size_y": "900",
        "fov": "70.00",
        "lens_circle_falloff": "5.0",
        "lens_circle_multiplier": "0.0",
        "exposure_compensation": "0.0",
        "lens_y_size": "0.08",
        "lens_k": "-1.0",
        "exposure_mode": "histogram",
        "lens_kcube": "0.0",
        "lens_x_size": "0.08",
        "exposure_max_bright": "12.0",
        "shutter_speed": "200.0",
        "bloom_intensity": "0.675",
        "iso": "100.0",
        "enable_postprocess_effects": "false",
        "gamma": "2.2",
        "motion_blur_intensity": "0.0",
        "motion_blur_max_distortion": "0.35",
        "lens_flare_intensity": "0.1",
        "motion_blur_min_object_screen_size": "0.1",
        "exposure_min_bright": "10.0",
        "exposure_speed_up": "3.0",
        "exposure_speed_down": "1.0",
        "tint": "0.0",
        "calibration_constant": "16.0",
        "focal_distance": "1000.0",
        "min_fstop": "1.2",
        "blade_count": "5",
        "blur_amount": "0.0",
        "blur_radius": "0.0",
        "slope": "0.88",
        "toe": "0.55",
        "white_clip": "0.04",
        "shoulder": "0.26",
        "black_clip": "0.0",
        "temp": "6500.0",
        "chromatic_aberration_intensity": "0.0"
      },
      "transform_carla": {
        "location": {
          "x": -52.81647491455078,
          "y": 20.525590896606445,
          "z": 1.694142460823059
        },
        "rotation": {
          "roll": 1.360753059387207,
          "pitch": -0.04451917111873627,
          "yaw": -30.60324478149414
        }
      },
      "matrix_world_from_sensor_carla": [
        [
          0.8607129454612732,
          0.5089306831359863,
          0.01275815162807703,
          -52.81647491455078
        ],
        [
          -0.5090899467468262,
          0.8604798913002014,
          0.02004423551261425,
          20.525590896606445
        ],
        [
          -0.0007770060328766704,
          -0.023747380822896957,
          0.9997177124023438,
          1.694142460823059
        ],
        [
          0.0,
          0.0,
          0.0,
          1.0
        ]
      ],
      "matrix_world_from_sensor_bevfusion": [
        [
          0.5089306831359863,
          -0.01275815162807703,
          0.8607129454612732,
          -52.81647491455078
        ],
        [
          -0.8604798913002014,
          0.02004423551261425,
          0.5090899467468262,
          -20.525590896606445
        ],
        [
          -0.023747380822896957,
          -0.9997177124023438,
          -0.0007770060328766704,
          1.694142460823059
        ],
        [
          0.0,
          0.0,
          0.0,
          1.0
        ]
      ],
      "matrix_ego_from_sensor_carla": [
        [
          1.0000001192092896,
          5.076112419288847e-09,
          7.102274324211066e-11,
          1.5499992370605469
        ],
        [
          2.655089126335497e-08,
          1.0,
          1.7933103890754865e-09,
          -1.9073486328125e-06
        ],
        [
          -1.738174049137342e-10,
          -5.159999094672685e-10,
          1.0,
          1.6999996900558472
        ],
        [
          0.0,
          0.0,
          0.0,
          1.0
        ]
      ],
      "matrix_ego_from_sensor_bevfusion": [
        [
          5.076112419288847e-09,
          -7.102274324211066e-11,
          1.0000001192092896,
          1.5499992370605469
        ],
        [
          -1.0,
          1.7933103890754865e-09,
          -2.655089126335497e-08,
          1.9073486328125e-06
        ],
        [
          -5.159999094672685e-10,
          -1.0,
          -1.738174049137342e-10,
          1.6999996900558472
        ],
        [
          0.0,
          0.0,
          0.0,
          1.0
        ]
      ],
      "camera_intrinsics": [
        [
          1142.5184326171875,
          0.0,
          800.0
        ],
        [
          0.0,
          1142.5184326171875,
          450.0
        ],
        [
          0.0,
          0.0,
          1.0
        ]
      ],
      "data_path": "D:\\Agent-AI\\outputs\\samples\\sample_000026\\images\\CAM_FRONT.png",
      "raw_layout": "bgra8"
    },
    "CAM_FRONT_RIGHT": {
      "type_id": "sensor.camera.rgb",
      "blueprint_attributes": {
        "role_name": "front",
        "ros_name": "sensor.camera.rgb",
        "chromatic_aberration_offset": "0.0",
        "sensor_tick": "0.050000",
        "fstop": "1.4",
        "image_size_x": "1600",
        "image_size_y": "900",
        "fov": "70.00",
        "lens_circle_falloff": "5.0",
        "lens_circle_multiplier": "0.0",
        "exposure_compensation": "0.0",
        "lens_y_size": "0.08",
        "lens_k": "-1.0",
        "exposure_mode": "histogram",
        "lens_kcube": "0.0",
        "lens_x_size": "0.08",
        "exposure_max_bright": "12.0",
        "shutter_speed": "200.0",
        "bloom_intensity": "0.675",
        "iso": "100.0",
        "enable_postprocess_effects": "false",
        "gamma": "2.2",
        "motion_blur_intensity": "0.0",
        "motion_blur_max_distortion": "0.35",
        "lens_flare_intensity": "0.1",
        "motion_blur_min_object_screen_size": "0.1",
        "exposure_min_bright": "10.0",
        "exposure_speed_up": "3.0",
        "exposure_speed_down": "1.0",
        "tint": "0.0",
        "calibration_constant": "16.0",
        "focal_distance": "1000.0",
        "min_fstop": "1.2",
        "blade_count": "5",
        "blur_amount": "0.0",
        "blur_radius": "0.0",
        "slope": "0.88",
        "toe": "0.55",
        "white_clip": "0.04",
        "shoulder": "0.26",
        "black_clip": "0.0",
        "temp": "6500.0",
        "chromatic_aberration_intensity": "0.0"
      },
      "transform_carla": {
        "location": {
          "x": -52.75174331665039,
          "y": 21.126127243041992,
          "z": 1.681275725364685
        },
        "rotation": {
          "roll": 0.7441178560256958,
          "pitch": -1.1401702165603638,
          "yaw": 24.389850616455078
        }
      },
      "matrix_world_from_sensor_carla": [
        [
          0.9105764627456665,
          -0.4131436049938202,
          0.012758215889334679,
          -52.75174331665039
        ],
        [
          0.41286131739616394,
          0.9105733036994934,
          0.02004416286945343,
          21.126127243041992
        ],
        [
          -0.019898410886526108,
          -0.01298436988145113,
          0.999717652797699,
          1.681275725364685
        ],
        [
          0.0,
          0.0,
          0.0,
          1.0
        ]
      ],
      "matrix_world_from_sensor_bevfusion": [
        [
          -0.4131436049938202,
          -0.012758215889334679,
          0.9105764627456665,
          -52.75174331665039
        ],
        [
          -0.9105733036994934,
          0.02004416286945343,
          -0.41286131739616394,
          -21.126127243041992
        ],
        [
          -0.01298436988145113,
          -0.999717652797699,
          -0.019898410886526108,
          1.681275725364685
        ],
        [
          0.0,
          0.0,
          0.0,
          1.0
        ]
      ],
      "matrix_ego_from_sensor_carla": [
        [
          0.5735768675804138,
          -0.819151759147644,
          9.202723560974846e-08,
          1.2999992370605469
        ],
        [
          0.8191516995429993,
          0.5735768675804138,
          -2.6593557578280524e-08,
          0.5499973297119141
        ],
        [
          -3.114209334853513e-08,
          9.354711494324874e-08,
          0.9999999403953552,
          1.6999996900558472
        ],
        [
          0.0,
          0.0,
          0.0,
          1.0
        ]
      ],
      "matrix_ego_from_sensor_bevfusion": [
        [
          -0.819151759147644,
          -9.202723560974846e-08,
          0.5735768675804138,
          1.2999992370605469
        ],
        [
          -0.5735768675804138,
          -2.6593557578280524e-08,
          -0.8191516995429993,
          -0.5499973297119141
        ],
        [
          9.354711494324874e-08,
          -0.9999999403953552,
          -3.114209334853513e-08,
          1.6999996900558472
        ],
        [
          0.0,
          0.0,
          0.0,
          1.0
        ]
      ],
      "camera_intrinsics": [
        [
          1142.5184326171875,
          0.0,
          800.0
        ],
        [
          0.0,
          1142.5184326171875,
          450.0
        ],
        [
          0.0,
          0.0,
          1.0
        ]
      ],
      "data_path": "D:\\Agent-AI\\outputs\\samples\\sample_000026\\images\\CAM_FRONT_RIGHT.png",
      "raw_layout": "bgra8"
    },
    "CAM_FRONT_LEFT": {
      "type_id": "sensor.camera.rgb",
      "blueprint_attributes": {
        "role_name": "front",
        "ros_name": "sensor.camera.rgb",
        "chromatic_aberration_offset": "0.0",
        "sensor_tick": "0.050000",
        "fstop": "1.4",
        "image_size_x": "1600",
        "image_size_y": "900",
        "fov": "70.00",
        "lens_circle_falloff": "5.0",
        "lens_circle_multiplier": "0.0",
        "exposure_compensation": "0.0",
        "lens_y_size": "0.08",
        "lens_k": "-1.0",
        "exposure_mode": "histogram",
        "lens_kcube": "0.0",
        "lens_x_size": "0.08",
        "exposure_max_bright": "12.0",
        "shutter_speed": "200.0",
        "bloom_intensity": "0.675",
        "iso": "100.0",
        "enable_postprocess_effects": "false",
        "gamma": "2.2",
        "motion_blur_intensity": "0.0",
        "motion_blur_max_distortion": "0.35",
        "lens_flare_intensity": "0.1",
        "motion_blur_min_object_screen_size": "0.1",
        "exposure_min_bright": "10.0",
        "exposure_speed_up": "3.0",
        "exposure_speed_down": "1.0",
        "tint": "0.0",
        "calibration_constant": "16.0",
        "focal_distance": "1000.0",
        "min_fstop": "1.2",
        "blade_count": "5",
        "blur_amount": "0.0",
        "blur_radius": "0.0",
        "slope": "0.88",
        "toe": "0.55",
        "white_clip": "0.04",
        "shoulder": "0.26",
        "black_clip": "0.0",
        "temp": "6500.0",
        "chromatic_aberration_intensity": "0.0"
      },
      "transform_carla": {
        "location": {
          "x": -53.31156539916992,
          "y": 20.17959976196289,
          "z": 1.707397699356079
        },
        "rotation": {
          "roll": 0.8170701265335083,
          "pitch": 1.0890804529190063,
          "yaw": -85.59494018554688
        }
      },
      "matrix_world_from_sensor_carla": [
        [
          0.07679320126771927,
          0.9969654083251953,
          0.012758240103721619,
          -53.31156539916992
        ],
        [
          -0.9968658685684204,
          0.07652902603149414,
          0.020044095814228058,
          20.17959976196289
        ],
        [
          0.019006894901394844,
          -0.014257504604756832,
          0.999717652797699,
          1.707397699356079
        ],
        [
          0.0,
          0.0,
          0.0,
          1.0
        ]
      ],
      "matrix_world_from_sensor_bevfusion": [
        [
          0.9969654083251953,
          -0.012758240103721619,
          0.07679320126771927,
          -53.31156539916992
        ],
        [
          -0.07652902603149414,
          0.020044095814228058,
          0.9968658685684204,
          -20.17959976196289
        ],
        [
          -0.014257504604756832,
          -0.999717652797699,
          0.019006894901394844,
          1.707397699356079
        ],
        [
          0.0,
          0.0,
          0.0,
          1.0
        ]
      ],
      "matrix_ego_from_sensor_carla": [
        [
          0.5735765695571899,
          0.8191519975662231,
          1.4755734412119637e-07,
          1.2999992370605469
        ],
        [
          -0.8191519975662231,
          0.5735765099525452,
          -7.315968986176813e-08,
          -0.5500020980834961
        ],
        [
          -1.4741189602318627e-07,
          -7.877204666328907e-08,
          0.9999999403953552,
          1.6999995708465576
        ],
        [
          0.0,
          0.0,
          0.0,
          1.0
        ]
      ],
      "matrix_ego_from_sensor_bevfusion": [
        [
          0.8191519975662231,
          -1.4755734412119637e-07,
          0.5735765695571899,
          1.2999992370605469
        ],
        [
          -0.5735765099525452,
          -7.315968986176813e-08,
          0.8191519975662231,
          0.5500020980834961
        ],
        [
          -7.877204666328907e-08,
          -0.9999999403953552,
          -1.4741189602318627e-07,
          1.6999995708465576
        ],
        [
          0.0,
          0.0,
          0.0,
          1.0
        ]
      ],
      "camera_intrinsics": [
        [
          1142.5184326171875,
          0.0,
          800.0
        ],
        [
          0.0,
          1142.5184326171875,
          450.0
        ],
        [
          0.0,
          0.0,
          1.0
        ]
      ],
      "data_path": "D:\\Agent-AI\\outputs\\samples\\sample_000026\\images\\CAM_FRONT_LEFT.png",
      "raw_layout": "bgra8"
    },
    "CAM_BACK": {
      "type_id": "sensor.camera.rgb",
      "blueprint_attributes": {
        "role_name": "front",
        "ros_name": "sensor.camera.rgb",
        "chromatic_aberration_offset": "0.0",
        "sensor_tick": "0.050000",
        "fstop": "1.4",
        "image_size_x": "1600",
        "image_size_y": "900",
        "fov": "70.00",
        "lens_circle_falloff": "5.0",
        "lens_circle_multiplier": "0.0",
        "exposure_compensation": "0.0",
        "lens_y_size": "0.08",
        "lens_k": "-1.0",
        "exposure_mode": "histogram",
        "lens_kcube": "0.0",
        "lens_x_size": "0.08",
        "exposure_max_bright": "12.0",
        "shutter_speed": "200.0",
        "bloom_intensity": "0.675",
        "iso": "100.0",
        "enable_postprocess_effects": "false",
        "gamma": "2.2",
        "motion_blur_intensity": "0.0",
        "motion_blur_max_distortion": "0.35",
        "lens_flare_intensity": "0.1",
        "motion_blur_min_object_screen_size": "0.1",
        "exposure_min_bright": "10.0",
        "exposure_speed_up": "3.0",
        "exposure_speed_down": "1.0",
        "tint": "0.0",
        "calibration_constant": "16.0",
        "focal_distance": "1000.0",
        "min_fstop": "1.2",
        "blade_count": "5",
        "blur_amount": "0.0",
        "blur_radius": "0.0",
        "slope": "0.88",
        "toe": "0.55",
        "white_clip": "0.04",
        "shoulder": "0.26",
        "black_clip": "0.0",
        "temp": "6500.0",
        "chromatic_aberration_intensity": "0.0"
      },
      "transform_carla": {
        "location": {
          "x": -55.48468780517578,
          "y": 22.103769302368164,
          "z": 1.6965516805648804
        },
        "rotation": {
          "roll": -1.360752820968628,
          "pitch": 0.04452599957585335,
          "yaw": 149.3967742919922
        }
      },
      "matrix_world_from_sensor_carla": [
        [
          -0.8607130646705627,
          -0.508930504322052,
          0.012758247554302216,
          -55.48468780517578
        ],
        [
          0.5090897679328918,
          -0.860480010509491,
          0.020044172182679176,
          22.103769302368164
        ],
        [
          0.0007771252421662211,
          0.02374737523496151,
          0.9997177124023438,
          1.6965516805648804
        ],
        [
          0.0,
          0.0,
          0.0,
          1.0
        ]
      ],
      "matrix_world_from_sensor_bevfusion": [
        [
          -0.508930504322052,
          -0.012758247554302216,
          -0.8607130646705627,
          -55.48468780517578
        ],
        [
          0.860480010509491,
          0.020044172182679176,
          -0.5090897679328918,
          -22.103769302368164
        ],
        [
          0.02374737523496151,
          -0.9997177124023438,
          0.0007771252421662211,
          1.6965516805648804
        ],
        [
          0.0,
          0.0,
          0.0,
          1.0
        ]
      ],
      "matrix_ego_from_sensor_carla": [
        [
          -1.0,
          2.0462860561565321e-07,
          1.1514757147779164e-07,
          -1.5500068664550781
        ],
        [
          -2.428511152174906e-07,
          -1.0,
          -3.794625058617385e-09,
          -3.814697265625e-06
        ],
        [
          1.1387793108497135e-07,
          -5.07035791130761e-09,
          1.0,
          1.7000000476837158
        ],
        [
          0.0,
          0.0,
          0.0,
          1.0
        ]
      ],
      "matrix_ego_from_sensor_bevfusion": [
        [
          2.0462860561565321e-07,
          -1.1514757147779164e-07,
          -1.0,
          -1.5500068664550781
        ],
        [
          1.0,
          -3.794625058617385e-09,
          2.428511152174906e-07,
          3.814697265625e-06
        ],
        [
          -5.07035791130761e-09,
          -1.0,
          1.1387793108497135e-07,
          1.7000000476837158
        ],
        [
          0.0,
          0.0,
          0.0,
          1.0
        ]
      ],
      "camera_intrinsics": [
        [
          1142.5184326171875,
          0.0,
          800.0
        ],
        [
          0.0,
          1142.5184326171875,
          450.0
        ],
        [
          0.0,
          0.0,
          1.0
        ]
      ],
      "data_path": "D:\\Agent-AI\\outputs\\samples\\sample_000026\\images\\CAM_BACK.png",
      "raw_layout": "bgra8"
    },
    "CAM_BACK_LEFT": {
      "type_id": "sensor.camera.rgb",
      "blueprint_attributes": {
        "role_name": "front",
        "ros_name": "sensor.camera.rgb",
        "chromatic_aberration_offset": "0.0",
        "sensor_tick": "0.050000",
        "fstop": "1.4",
        "image_size_x": "1600",
        "image_size_y": "900",
        "fov": "70.00",
        "lens_circle_falloff": "5.0",
        "lens_circle_multiplier": "0.0",
        "exposure_compensation": "0.0",
        "lens_y_size": "0.08",
        "lens_k": "-1.0",
        "exposure_mode": "histogram",
        "lens_kcube": "0.0",
        "lens_x_size": "0.08",
        "exposure_max_bright": "12.0",
        "shutter_speed": "200.0",
        "bloom_intensity": "0.675",
        "iso": "100.0",
        "enable_postprocess_effects": "false",
        "gamma": "2.2",
        "motion_blur_intensity": "0.0",
        "motion_blur_max_distortion": "0.35",
        "lens_flare_intensity": "0.1",
        "motion_blur_min_object_screen_size": "0.1",
        "exposure_min_bright": "10.0",
        "exposure_speed_up": "3.0",
        "exposure_speed_down": "1.0",
        "tint": "0.0",
        "calibration_constant": "16.0",
        "focal_distance": "1000.0",
        "min_fstop": "1.2",
        "blade_count": "5",
        "blur_amount": "0.0",
        "blur_radius": "0.0",
        "slope": "0.88",
        "toe": "0.55",
        "white_clip": "0.04",
        "shoulder": "0.26",
        "black_clip": "0.0",
        "temp": "6500.0",
        "chromatic_aberration_intensity": "0.0"
      },
      "transform_carla": {
        "location": {
          "x": -55.54941940307617,
          "y": 21.503231048583984,
          "z": 1.7094182968139648
        },
        "rotation": {
          "roll": -0.7441176176071167,
          "pitch": 1.1401702165603638,
          "yaw": -155.61012268066406
        }
      },
      "matrix_world_from_sensor_carla": [
        [
          -0.9105762839317322,
          0.4131440222263336,
          0.012758208438754082,
          -55.54941940307617
        ],
        [
          -0.41286173462867737,
          -0.9105731248855591,
          0.02004416659474373,
          21.503231048583984
        ],
        [
          0.019898410886526108,
          0.012984366156160831,
          0.999717652797699,
          1.7094182968139648
        ],
        [
          0.0,
          0.0,
          0.0,
          1.0
        ]
      ],
      "matrix_world_from_sensor_bevfusion": [
        [
          0.4131440222263336,
          -0.012758208438754082,
          -0.9105762839317322,
          -55.54941940307617
        ],
        [
          0.9105731248855591,
          0.02004416659474373,
          0.41286173462867737,
          -21.503231048583984
        ],
        [
          0.012984366156160831,
          -0.999717652797699,
          0.019898410886526108,
          1.7094182968139648
        ],
        [
          0.0,
          0.0,
          0.0,
          1.0
        ]
      ],
      "matrix_ego_from_sensor_carla": [
        [
          -0.5735765099525452,
          0.8191519975662231,
          8.358712477729568e-08,
          -1.2999992370605469
        ],
        [
          -0.8191519975662231,
          -0.5735765099525452,
          -2.845620272751148e-08,
          -0.5500040054321289
        ],
        [
          2.5554157900842256e-08,
          -8.795812789230695e-08,
          0.9999999403953552,
          1.6999998092651367
        ],
        [
          0.0,
          0.0,
          0.0,
          1.0
        ]
      ],
      "matrix_ego_from_sensor_bevfusion": [
        [
          0.8191519975662231,
          -8.358712477729568e-08,
          -0.5735765099525452,
          -1.2999992370605469
        ],
        [
          0.5735765099525452,
          -2.845620272751148e-08,
          0.8191519975662231,
          0.5500040054321289
        ],
        [
          -8.795812789230695e-08,
          -0.9999999403953552,
          2.5554157900842256e-08,
          1.6999998092651367
        ],
        [
          0.0,
          0.0,
          0.0,
          1.0
        ]
      ],
      "camera_intrinsics": [
        [
          1142.5184326171875,
          0.0,
          800.0
        ],
        [
          0.0,
          1142.5184326171875,
          450.0
        ],
        [
          0.0,
          0.0,
          1.0
        ]
      ],
      "data_path": "D:\\Agent-AI\\outputs\\samples\\sample_000026\\images\\CAM_BACK_LEFT.png",
      "raw_layout": "bgra8"
    },
    "CAM_BACK_RIGHT": {
      "type_id": "sensor.camera.rgb",
      "blueprint_attributes": {
        "role_name": "front",
        "ros_name": "sensor.camera.rgb",
        "chromatic_aberration_offset": "0.0",
        "sensor_tick": "0.050000",
        "fstop": "1.4",
        "image_size_x": "1600",
        "image_size_y": "900",
        "fov": "70.00",
        "lens_circle_falloff": "5.0",
        "lens_circle_multiplier": "0.0",
        "exposure_compensation": "0.0",
        "lens_y_size": "0.08",
        "lens_k": "-1.0",
        "exposure_mode": "histogram",
        "lens_kcube": "0.0",
        "lens_x_size": "0.08",
        "exposure_max_bright": "12.0",
        "shutter_speed": "200.0",
        "bloom_intensity": "0.675",
        "iso": "100.0",
        "enable_postprocess_effects": "false",
        "gamma": "2.2",
        "motion_blur_intensity": "0.0",
        "motion_blur_max_distortion": "0.35",
        "lens_flare_intensity": "0.1",
        "motion_blur_min_object_screen_size": "0.1",
        "exposure_min_bright": "10.0",
        "exposure_speed_up": "3.0",
        "exposure_speed_down": "1.0",
        "tint": "0.0",
        "calibration_constant": "16.0",
        "focal_distance": "1000.0",
        "min_fstop": "1.2",
        "blade_count": "5",
        "blur_amount": "0.0",
        "blur_radius": "0.0",
        "slope": "0.88",
        "toe": "0.55",
        "white_clip": "0.04",
        "shoulder": "0.26",
        "black_clip": "0.0",
        "temp": "6500.0",
        "chromatic_aberration_intensity": "0.0"
      },
      "transform_carla": {
        "location": {
          "x": -54.989593505859375,
          "y": 22.44976043701172,
          "z": 1.6832963228225708
        },
        "rotation": {
          "roll": -0.8170701265335083,
          "pitch": -1.0890804529190063,
          "yaw": 94.405029296875
        }
      },
      "matrix_world_from_sensor_carla": [
        [
          -0.07679269462823868,
          -0.9969654083251953,
          0.01275825034826994,
          -54.989593505859375
        ],
        [
          0.9968658685684204,
          -0.07652851939201355,
          0.02004408836364746,
          22.44976043701172
        ],
        [
          -0.019006894901394844,
          0.014257504604756832,
          0.999717652797699,
          1.6832963228225708
        ],
        [
          0.0,
          0.0,
          0.0,
          1.0
        ]
      ],
      "matrix_world_from_sensor_bevfusion": [
        [
          -0.9969654083251953,
          -0.01275825034826994,
          -0.07679269462823868,
          -54.989593505859375
        ],
        [
          0.07652851939201355,
          0.02004408836364746,
          -0.9968658685684204,
          -22.44976043701172
        ],
        [
          0.014257504604756832,
          -0.999717652797699,
          -0.019006894901394844,
          1.6832963228225708
        ],
        [
          0.0,
          0.0,
          0.0,
          1.0
        ]
      ],
      "matrix_ego_from_sensor_carla": [
        [
          -0.5735761523246765,
          -0.8191522359848022,
          1.5978095291302452e-07,
          -1.2999992370605469
        ],
        [
          0.8191522359848022,
          -0.5735760927200317,
          -7.315968986176813e-08,
          0.5499982833862305
        ],
        [
          1.5299983147087914e-07,
          8.901659498405934e-08,
          0.9999999403953552,
          1.7000000476837158
        ],
        [
          0.0,
          0.0,
          0.0,
          1.0
        ]
      ],
      "matrix_ego_from_sensor_bevfusion": [
        [
          -0.8191522359848022,
          -1.5978095291302452e-07,
          -0.5735761523246765,
          -1.2999992370605469
        ],
        [
          0.5735760927200317,
          -7.315968986176813e-08,
          -0.8191522359848022,
          -0.5499982833862305
        ],
        [
          8.901659498405934e-08,
          -0.9999999403953552,
          1.5299983147087914e-07,
          1.7000000476837158
        ],
        [
          0.0,
          0.0,
          0.0,
          1.0
        ]
      ],
      "camera_intrinsics": [
        [
          1142.5184326171875,
          0.0,
          800.0
        ],
        [
          0.0,
          1142.5184326171875,
          450.0
        ],
        [
          0.0,
          0.0,
          1.0
        ]
      ],
      "data_path": "D:\\Agent-AI\\outputs\\samples\\sample_000026\\images\\CAM_BACK_RIGHT.png",
      "raw_layout": "bgra8"
    },
    "LIDAR_TOP": {
      "type_id": "sensor.lidar.ray_cast",
      "blueprint_attributes": {
        "atmosphere_attenuation_rate": "0.004",
        "role_name": "front",
        "noise_seed": "0",
        "upper_fov": "10.0",
        "ros_name": "sensor.lidar.ray_cast",
        "sensor_tick": "0.050000",
        "channels": "32",
        "range": "120.0",
        "points_per_second": "360000",
        "lower_fov": "-30.0",
        "rotation_frequency": "20.000000",
        "horizontal_fov": "360.0",
        "dropoff_general_rate": "0.0",
        "dropoff_intensity_limit": "1.0",
        "noise_stddev": "0.0",
        "dropoff_zero_intensity": "0.0"
      },
      "transform_carla": {
        "location": {
          "x": -54.144203186035156,
          "y": 21.3247013092041,
          "z": 2.1952059268951416
        },
        "rotation": {
          "roll": 1.360753059387207,
          "pitch": -0.04451917111873627,
          "yaw": -30.60324478149414
        }
      },
      "matrix_world_from_sensor_carla": [
        [
          0.8607129454612732,
          0.5089306831359863,
          0.01275815162807703,
          -54.144203186035156
        ],
        [
          -0.5090899467468262,
          0.8604798913002014,
          0.02004423551261425,
          21.3247013092041
        ],
        [
          -0.0007770060328766704,
          -0.023747380822896957,
          0.9997177124023438,
          2.1952059268951416
        ],
        [
          0.0,
          0.0,
          0.0,
          1.0
        ]
      ],
      "matrix_world_from_sensor_bevfusion": [
        [
          0.8607129454612732,
          -0.5089306831359863,
          0.01275815162807703,
          -54.144203186035156
        ],
        [
          0.5090899467468262,
          0.8604798913002014,
          -0.02004423551261425,
          -21.3247013092041
        ],
        [
          -0.0007770060328766704,
          0.023747380822896957,
          0.9997177124023438,
          2.1952059268951416
        ],
        [
          0.0,
          0.0,
          0.0,
          1.0
        ]
      ],
      "matrix_ego_from_sensor_carla": [
        [
          1.0000001192092896,
          5.076112419288847e-09,
          7.102274324211066e-11,
          -3.814697265625e-06
        ],
        [
          2.655089126335497e-08,
          1.0,
          1.7933103890754865e-09,
          -4.76837158203125e-06
        ],
        [
          -1.738174049137342e-10,
          -5.159999094672685e-10,
          1.0,
          2.1999998092651367
        ],
        [
          0.0,
          0.0,
          0.0,
          1.0
        ]
      ],
      "matrix_ego_from_sensor_bevfusion": [
        [
          1.0000001192092896,
          -5.076112419288847e-09,
          7.102274324211066e-11,
          -3.814697265625e-06
        ],
        [
          -2.655089126335497e-08,
          1.0,
          -1.7933103890754865e-09,
          4.76837158203125e-06
        ],
        [
          -1.738174049137342e-10,
          5.159999094672685e-10,
          1.0,
          2.1999998092651367
        ],
        [
          0.0,
          0.0,
          0.0,
          1.0
        ]
      ],
      "data_path": "D:\\Agent-AI\\outputs\\samples\\sample_000026\\lidar\\LIDAR_TOP.npy",
      "raw_layout": [
        "x",
        "y",
        "z",
        "intensity"
      ]
    },
    "RADAR_FRONT": {
      "type_id": "sensor.other.radar",
      "blueprint_attributes": {
        "sensor_tick": "0.050000",
        "role_name": "default",
        "noise_seed": "0",
        "ros_name": "sensor.other.radar",
        "horizontal_fov": "35.0",
        "points_per_second": "1500",
        "vertical_fov": "20.0",
        "range": "120.0"
      },
      "transform_carla": {
        "location": {
          "x": -52.43935775756836,
          "y": 20.28046417236328,
          "z": 0.8940187096595764
        },
        "rotation": {
          "roll": 1.360753059387207,
          "pitch": -0.04451917111873627,
          "yaw": -30.60324478149414
        }
      },
      "matrix_world_from_sensor_carla": [
        [
          0.8607129454612732,
          0.5089306831359863,
          0.01275815162807703,
          -52.43935775756836
        ],
        [
          -0.5090899467468262,
          0.8604798913002014,
          0.02004423551261425,
          20.28046417236328
        ],
        [
          -0.0007770060328766704,
          -0.023747380822896957,
          0.9997177124023438,
          0.8940187096595764
        ],
        [
          0.0,
          0.0,
          0.0,
          1.0
        ]
      ],
      "matrix_world_from_sensor_bevfusion": [
        [
          0.8607129454612732,
          -0.5089306831359863,
          0.01275815162807703,
          -52.43935775756836
        ],
        [
          0.5090899467468262,
          0.8604798913002014,
          -0.02004423551261425,
          -20.28046417236328
        ],
        [
          -0.0007770060328766704,
          0.023747380822896957,
          0.9997177124023438,
          0.8940187096595764
        ],
        [
          0.0,
          0.0,
          0.0,
          1.0
        ]
      ],
      "matrix_ego_from_sensor_carla": [
        [
          1.0000001192092896,
          5.076112419288847e-09,
          7.102274324211066e-11,
          2.0
        ],
        [
          2.655089126335497e-08,
          1.0,
          1.7933103890754865e-09,
          -9.5367431640625e-07
        ],
        [
          -1.738174049137342e-10,
          -5.159999094672685e-10,
          1.0,
          0.899999737739563
        ],
        [
          0.0,
          0.0,
          0.0,
          1.0
        ]
      ],
      "matrix_ego_from_sensor_bevfusion": [
        [
          1.0000001192092896,
          -5.076112419288847e-09,
          7.102274324211066e-11,
          2.0
        ],
        [
          -2.655089126335497e-08,
          1.0,
          -1.7933103890754865e-09,
          9.5367431640625e-07
        ],
        [
          -1.738174049137342e-10,
          5.159999094672685e-10,
          1.0,
          0.899999737739563
        ],
        [
          0.0,
          0.0,
          0.0,
          1.0
        ]
      ],
      "data_path": "D:\\Agent-AI\\outputs\\samples\\sample_000026\\radar\\RADAR_FRONT.npy",
      "raw_layout": [
        "velocity",
        "altitude",
        "azimuth",
        "depth"
      ]
    },
    "RADAR_FRONT_LEFT": {
      "type_id": "sensor.other.radar",
      "blueprint_attributes": {
        "sensor_tick": "0.050000",
        "role_name": "default",
        "noise_seed": "0",
        "ros_name": "sensor.other.radar",
        "horizontal_fov": "35.0",
        "points_per_second": "1500",
        "vertical_fov": "20.0",
        "range": "120.0"
      },
      "transform_carla": {
        "location": {
          "x": -53.12230682373047,
          "y": 19.81328773498535,
          "z": 0.9121012687683105
        },
        "rotation": {
          "roll": 0.9937717914581299,
          "pitch": 0.9306610226631165,
          "yaw": -75.59461975097656
        }
      },
      "matrix_world_from_sensor_carla": [
        [
          0.24874800443649292,
          0.9684841632843018,
          0.012758244760334492,
          -53.12230682373047
        ],
        [
          -0.9684320688247681,
          0.24847054481506348,
          0.02004413679242134,
          19.81328773498535
        ],
        [
          0.016242384910583496,
          -0.017341433092951775,
          0.999717652797699,
          0.9121012687683105
        ],
        [
          0.0,
          0.0,
          0.0,
          1.0
        ]
      ],
      "matrix_world_from_sensor_bevfusion": [
        [
          0.24874800443649292,
          -0.9684841632843018,
          0.012758244760334492,
          -53.12230682373047
        ],
        [
          0.9684320688247681,
          0.24847054481506348,
          -0.02004413679242134,
          -19.81328773498535
        ],
        [
          0.016242384910583496,
          0.017341433092951775,
          0.999717652797699,
          0.9121012687683105
        ],
        [
          0.0,
          0.0,
          0.0,
          1.0
        ]
      ],
      "matrix_ego_from_sensor_carla": [
        [
          0.7071070671081543,
          0.7071065306663513,
          1.3044429181263695e-07,
          1.6499977111816406
        ],
        [
          -0.7071065306663513,
          0.7071070075035095,
          -3.590678332443531e-08,
          -0.75
        ],
        [
          -1.1750622519457465e-07,
          -6.764420845684072e-08,
          0.9999999403953552,
          0.8999998569488525
        ],
        [
          0.0,
          0.0,
          0.0,
          1.0
        ]
      ],
      "matrix_ego_from_sensor_bevfusion": [
        [
          0.7071070671081543,
          -0.7071065306663513,
          1.3044429181263695e-07,
          1.6499977111816406
        ],
        [
          0.7071065306663513,
          0.7071070075035095,
          3.590678332443531e-08,
          0.75
        ],
        [
          -1.1750622519457465e-07,
          6.764420845684072e-08,
          0.9999999403953552,
          0.8999998569488525
        ],
        [
          0.0,
          0.0,
          0.0,
          1.0
        ]
      ],
      "data_path": "D:\\Agent-AI\\outputs\\samples\\sample_000026\\radar\\RADAR_FRONT_LEFT.npy",
      "raw_layout": [
        "velocity",
        "altitude",
        "azimuth",
        "depth"
      ]
    },
    "RADAR_FRONT_RIGHT": {
      "type_id": "sensor.other.radar",
      "blueprint_attributes": {
        "sensor_tick": "0.050000",
        "role_name": "default",
