{
  "schema_version": "stage1.v1",
  "sample_name": "sample_000004",
  "sequence_index": 4,
  "previous_sample_name": "sample_000003",
  "frame_id": 60005,
  "timestamp": 435.41970075666904,
  "platform_timestamp": 16814562.491058,
  "delta_seconds": 0.10000000149011612,
  "town": "Carla/Maps/Town10HD_Opt",
  "weather": {
    "cloudiness": 20.0,
    "dust_storm": 0.0,
    "fog_density": 2.0,
    "fog_distance": 0.75,
    "fog_falloff": 0.10000000149011612,
    "mie_scattering_scale": 0.029999999329447746,
    "precipitation": 0.0,
    "precipitation_deposits": 0.0,
    "rayleigh_scattering_scale": 0.03310000151395798,
    "scattering_intensity": 1.0,
    "sun_altitude_angle": 45.0,
    "sun_azimuth_angle": 300.0,
    "wetness": 0.0,
    "wind_intensity": 10.0
  },
  "sensor_names": [
    "CAM_FRONT",
    "CAM_FRONT_RIGHT",
    "CAM_FRONT_LEFT",
    "CAM_BACK",
    "CAM_BACK_LEFT",
    "CAM_BACK_RIGHT",
    "LIDAR_TOP",
    "RADAR_FRONT",
    "RADAR_FRONT_LEFT",
    "RADAR_FRONT_RIGHT",
    "RADAR_BACK_LEFT",
    "RADAR_BACK_RIGHT"
  ],
  "camera_order_for_model": [
    "CAM_FRONT",
    "CAM_FRONT_RIGHT",
    "CAM_FRONT_LEFT",
    "CAM_BACK",
    "CAM_BACK_LEFT",
    "CAM_BACK_RIGHT"
  ],
  "radar_order_for_model": [
    "RADAR_FRONT",
    "RADAR_FRONT_LEFT",
    "RADAR_FRONT_RIGHT",
    "RADAR_BACK_LEFT",
    "RADAR_BACK_RIGHT"
  ],
  "coordinate_notes": {
    "carla_world": "left-handed x-forward y-right z-up",
    "bevfusion_lidar": "x-forward y-left z-up",
    "camera_frame_for_model": "OpenCV style x-right y-down z-forward"
  },
  "ego": {
    "actor_id": 28,
    "transform_carla": {
      "location": {
        "x": 106.37305450439453,
        "y": -22.623016357421875,
        "z": -0.006188621278852224
      },
      "rotation": {
        "roll": 0.02752096764743328,
        "pitch": 0.5356370806694031,
        "yaw": -91.226806640625
      }
    },
    "velocity_carla": [
      -0.14111506938934326,
      -5.366470813751221,
      0.0006293106125667691
    ],
    "angular_velocity_carla": [
      1.438676357269287,
      -0.08458523452281952,
      -1.1586283445358276
    ],
    "matrix_world_from_ego_carla": [
      [
        -0.021409248933196068,
        0.9997705221176147,
        0.0006803743308410048,
        106.37305450439453
      ],
      [
        -0.9997270703315735,
        -0.02141467109322548,
        0.009336067363619804,
        -22.623016357421875
      ],
      [
        0.009348494932055473,
        -0.00048031049664132297,
        0.9999561905860901,
        -0.006188621278852224
      ],
      [
        0.0,
        0.0,
        0.0,
        1.0
      ]
    ],
    "matrix_world_from_ego_bevfusion": [
      [
        -0.021409248933196068,
        -0.9997705221176147,
        0.0006803743308410048,
        106.37305450439453
      ],
      [
        0.9997270703315735,
        -0.02141467109322548,
        -0.009336067363619804,
        22.623016357421875
      ],
      [
        0.009348494932055473,
        0.00048031049664132297,
        0.9999561905860901,
        -0.006188621278852224
      ],
      [
        0.0,
        0.0,
        0.0,
        1.0
      ]
    ]
  },
  "sensors": {
    "CAM_FRONT": {
      "type_id": "sensor.camera.rgb",
      "blueprint_attributes": {
        "role_name": "front",
        "ros_name": "sensor.camera.rgb",
        "chromatic_aberration_offset": "0.0",
        "sensor_tick": "0.100000",
        "fstop": "1.4",
        "image_size_x": "960",
        "image_size_y": "540",
        "fov": "70.00",
        "lens_circle_falloff": "5.0",
        "lens_circle_multiplier": "0.0",
        "exposure_compensation": "0.0",
        "lens_y_size": "0.08",
        "lens_k": "-1.0",
        "exposure_mode": "histogram",
        "lens_kcube": "0.0",
        "lens_x_size": "0.08",
        "exposure_max_bright": "12.0",
        "shutter_speed": "200.0",
        "bloom_intensity": "0.675",
        "iso": "100.0",
        "enable_postprocess_effects": "false",
        "gamma": "2.2",
        "motion_blur_intensity": "0.0",
        "motion_blur_max_distortion": "0.35",
        "lens_flare_intensity": "0.1",
        "motion_blur_min_object_screen_size": "0.1",
        "exposure_min_bright": "10.0",
        "exposure_speed_up": "3.0",
        "exposure_speed_down": "1.0",
        "tint": "0.0",
        "calibration_constant": "16.0",
        "focal_distance": "1000.0",
        "min_fstop": "1.2",
        "blade_count": "5",
        "blur_amount": "0.0",
        "blur_radius": "0.0",
        "slope": "0.88",
        "toe": "0.55",
        "white_clip": "0.04",
        "shoulder": "0.26",
        "black_clip": "0.0",
        "temp": "6500.0",
        "chromatic_aberration_intensity": "0.0"
      },
      "transform_carla": {
        "location": {
          "x": 106.34102630615234,
          "y": -24.156723022460938,
          "z": 1.7082270383834839
        },
        "rotation": {
          "roll": 0.02752096764743328,
          "pitch": 0.5356370806694031,
          "yaw": -91.226806640625
        }
      },
      "matrix_world_from_sensor_carla": [
        [
          -0.021409248933196068,
          0.9997705221176147,
          0.0006803743308410048,
          106.34102630615234
        ],
        [
          -0.9997270703315735,
          -0.02141467109322548,
          0.009336067363619804,
          -24.156723022460938
        ],
        [
          0.009348494932055473,
          -0.00048031049664132297,
          0.9999561905860901,
          1.7082270383834839
        ],
        [
          0.0,
          0.0,
          0.0,
          1.0
        ]
      ],
      "matrix_world_from_sensor_bevfusion": [
        [
          0.9997705221176147,
          -0.0006803743308410048,
          -0.021409248933196068,
          106.34102630615234
        ],
        [
          0.02141467109322548,
          0.009336067363619804,
          0.9997270703315735,
          24.156723022460938
        ],
        [
          -0.00048031049664132297,
          -0.9999561905860901,
          0.009348494932055473,
          1.7082270383834839
        ],
        [
          0.0,
          0.0,
          0.0,
          1.0
        ]
      ],
      "matrix_ego_from_sensor_carla": [
        [
          1.0,
          3.520830849090828e-10,
          2.2980811698047887e-10,
          1.5500011444091797
        ],
        [
          9.385170418596545e-10,
          1.0,
          -2.905317306178823e-11,
          -7.62939453125e-06
        ],
        [
          2.2984891767663385e-10,
          5.1932416700317674e-14,
          1.0,
          1.7000000476837158
        ],
        [
          0.0,
          0.0,
          0.0,
          1.0
        ]
      ],
      "matrix_ego_from_sensor_bevfusion": [
        [
          3.520830849090828e-10,
          -2.2980811698047887e-10,
          1.0,
          1.5500011444091797
        ],
        [
          -1.0,
          -2.905317306178823e-11,
          -9.385170418596545e-10,
          7.62939453125e-06
        ],
        [
          5.1932416700317674e-14,
          -1.0,
          2.2984891767663385e-10,
          1.7000000476837158
        ],
        [
          0.0,
          0.0,
          0.0,
          1.0
        ]
      ],
      "camera_intrinsics": [
        [
          685.5110473632812,
          0.0,
          480.0
        ],
        [
          0.0,
          685.5110473632812,
          270.0
        ],
        [
          0.0,
          0.0,
          1.0
        ]
      ],
      "data_path": "D:\\Agent-AI\\outputs\\s3a_ml_long_v2\\sample_000004\\images\\CAM_FRONT.png",
      "raw_layout": "bgra8"
    },
    "CAM_FRONT_RIGHT": {
      "type_id": "sensor.camera.rgb",
      "blueprint_attributes": {
        "role_name": "front",
        "ros_name": "sensor.camera.rgb",
        "chromatic_aberration_offset": "0.0",
        "sensor_tick": "0.100000",
        "fstop": "1.4",
        "image_size_x": "960",
        "image_size_y": "540",
        "fov": "70.00",
        "lens_circle_falloff": "5.0",
        "lens_circle_multiplier": "0.0",
        "exposure_compensation": "0.0",
        "lens_y_size": "0.08",
        "lens_k": "-1.0",
        "exposure_mode": "histogram",
        "lens_kcube": "0.0",
        "lens_x_size": "0.08",
        "exposure_max_bright": "12.0",
        "shutter_speed": "200.0",
        "bloom_intensity": "0.675",
        "iso": "100.0",
        "enable_postprocess_effects": "false",
        "gamma": "2.2",
        "motion_blur_intensity": "0.0",
        "motion_blur_max_distortion": "0.35",
        "lens_flare_intensity": "0.1",
        "motion_blur_min_object_screen_size": "0.1",
        "exposure_min_bright": "10.0",
        "exposure_speed_up": "3.0",
        "exposure_speed_down": "1.0",
        "tint": "0.0",
        "calibration_constant": "16.0",
        "focal_distance": "1000.0",
        "min_fstop": "1.2",
        "blade_count": "5",
        "blur_amount": "0.0",
        "blur_radius": "0.0",
        "slope": "0.88",
        "toe": "0.55",
        "white_clip": "0.04",
        "shoulder": "0.26",
        "black_clip": "0.0",
        "temp": "6500.0",
        "chromatic_aberration_intensity": "0.0"
      },
      "transform_carla": {
        "location": {
          "x": 106.89625549316406,
          "y": -23.918569564819336,
          "z": 1.7056255340576172
        },
        "rotation": {
          "roll": 0.4545569121837616,
          "pitch": 0.2846822738647461,
          "yaw": -36.22580337524414
        }
      },
      "matrix_world_from_sensor_carla": [
        [
          0.8066843152046204,
          0.59098219871521,
          0.0006803795695304871,
          106.89625549316406
        ],
        [
          -0.590961754322052,
          0.8066455721855164,
          0.00933606456965208,
          -23.918569564819336
        ],
        [
          0.004968622699379921,
          -0.007933334447443485,
          0.9999561905860901,
          1.7056255340576172
        ],
        [
          0.0,
          0.0,
          0.0,
          1.0
        ]
      ],
      "matrix_world_from_sensor_bevfusion": [
        [
          0.59098219871521,
          -0.0006803795695304871,
          0.8066843152046204,
          106.89625549316406
        ],
        [
          -0.8066455721855164,
          0.00933606456965208,
          0.590961754322052,
          23.918569564819336
        ],
        [
          -0.007933334447443485,
          -0.9999561905860901,
          0.004968622699379921,
          1.7056255340576172
        ],
        [
          0.0,
          0.0,
          0.0,
          1.0
        ]
      ],
      "matrix_ego_from_sensor_carla": [
        [
          0.5735764503479004,
          -0.8191521167755127,
          3.0237758963380656e-09,
          1.3000011444091797
        ],
        [
          0.8191521167755127,
          0.5735763907432556,
          5.267843938838723e-09,
          0.5500030517578125
        ],
        [
          -6.262224072628442e-09,
          -7.599104123734435e-10,
          1.0,
          1.6999998092651367
        ],
        [
          0.0,
          0.0,
          0.0,
          1.0
        ]
      ],
      "matrix_ego_from_sensor_bevfusion": [
        [
          -0.8191521167755127,
          -3.0237758963380656e-09,
          0.5735764503479004,
          1.3000011444091797
        ],
        [
          -0.5735763907432556,
          5.267843938838723e-09,
          -0.8191521167755127,
          -0.5500030517578125
        ],
        [
          -7.599104123734435e-10,
          -1.0,
          -6.262224072628442e-09,
          1.6999998092651367
        ],
        [
          0.0,
          0.0,
          0.0,
          1.0
        ]
      ],
      "camera_intrinsics": [
        [
          685.5110473632812,
          0.0,
          480.0
        ],
        [
          0.0,
          685.5110473632812,
          270.0
        ],
        [
          0.0,
          0.0,
          1.0
        ]
      ],
      "data_path": "D:\\Agent-AI\\outputs\\s3a_ml_long_v2\\sample_000004\\images\\CAM_FRONT_RIGHT.png",
      "raw_layout": "bgra8"
    },
    "CAM_FRONT_LEFT": {
      "type_id": "sensor.camera.rgb",
      "blueprint_attributes": {
        "role_name": "front",
        "ros_name": "sensor.camera.rgb",
        "chromatic_aberration_offset": "0.0",
        "sensor_tick": "0.100000",
        "fstop": "1.4",
        "image_size_x": "960",
        "image_size_y": "540",
        "fov": "70.00",
        "lens_circle_falloff": "5.0",
        "lens_circle_multiplier": "0.0",
        "exposure_compensation": "0.0",
        "lens_y_size": "0.08",
        "lens_k": "-1.0",
        "exposure_mode": "histogram",
        "lens_kcube": "0.0",
        "lens_x_size": "0.08",
        "exposure_max_bright": "12.0",
        "shutter_speed": "200.0",
        "bloom_intensity": "0.675",
        "iso": "100.0",
        "enable_postprocess_effects": "false",
        "gamma": "2.2",
        "motion_blur_intensity": "0.0",
        "motion_blur_max_distortion": "0.35",
        "lens_flare_intensity": "0.1",
        "motion_blur_min_object_screen_size": "0.1",
        "exposure_min_bright": "10.0",
        "exposure_speed_up": "3.0",
        "exposure_speed_down": "1.0",
        "tint": "0.0",
        "calibration_constant": "16.0",
        "focal_distance": "1000.0",
        "min_fstop": "1.2",
        "blade_count": "5",
        "blur_amount": "0.0",
        "blur_radius": "0.0",
        "slope": "0.88",
        "toe": "0.55",
        "white_clip": "0.04",
        "shoulder": "0.26",
        "black_clip": "0.0",
        "temp": "6500.0",
        "chromatic_aberration_intensity": "0.0"
      },
      "transform_carla": {
        "location": {
          "x": 105.79650115966797,
          "y": -23.8950138092041,
          "z": 1.7061539888381958
        },
        "rotation": {
          "roll": -0.42298802733421326,
          "pitch": 0.3297683596611023,
          "yaw": -146.22811889648438
        }
      },
      "matrix_world_from_sensor_carla": [
        [
          -0.831243634223938,
          0.5559079051017761,
          0.0006803595460951328,
          105.79650115966797
        ],
        [
          -0.5558784604072571,
          -0.8312111496925354,
          0.009336060844361782,
          -23.8950138092041
        ],
        [
          0.005755512043833733,
          0.007382343988865614,
          0.9999561905860901,
          1.7061539888381958
        ],
        [
          0.0,
          0.0,
          0.0,
          1.0
        ]
      ],
      "matrix_world_from_sensor_bevfusion": [
        [
          0.5559079051017761,
          -0.0006803595460951328,
          -0.831243634223938,
          105.79650115966797
        ],
        [
          0.8312111496925354,
          0.009336060844361782,
          0.5558784604072571,
          23.8950138092041
        ],
        [
          0.007382343988865614,
          -0.9999561905860901,
          0.005755512043833733,
          1.7061539888381958
        ],
        [
          0.0,
          0.0,
          0.0,
          1.0
        ]
      ],
      "matrix_ego_from_sensor_carla": [
        [
          0.5735769271850586,
          0.819151759147644,
          6.74906619479998e-09,
          1.3000011444091797
        ],
        [
          -0.819151759147644,
          0.5735769271850586,
          -1.4668279924023864e-08,
          -0.5500030517578125
        ],
        [
          -1.5589675328442354e-08,
          2.5467377096077826e-09,
          1.0,
          1.6999999284744263
        ],
        [
          0.0,
          0.0,
          0.0,
          1.0
        ]
      ],
      "matrix_ego_from_sensor_bevfusion": [
        [
          0.819151759147644,
          -6.74906619479998e-09,
          0.5735769271850586,
          1.3000011444091797
        ],
        [
          -0.5735769271850586,
          -1.4668279924023864e-08,
          0.819151759147644,
          0.5500030517578125
        ],
        [
          2.5467377096077826e-09,
          -1.0,
          -1.5589675328442354e-08,
          1.6999999284744263
        ],
        [
          0.0,
          0.0,
          0.0,
          1.0
        ]
      ],
      "camera_intrinsics": [
        [
          685.5110473632812,
          0.0,
          480.0
        ],
        [
          0.0,
          685.5110473632812,
          270.0
        ],
        [
          0.0,
          0.0,
          1.0
        ]
      ],
      "data_path": "D:\\Agent-AI\\outputs\\s3a_ml_long_v2\\sample_000004\\images\\CAM_FRONT_LEFT.png",
      "raw_layout": "bgra8"
    },
    "CAM_BACK": {
      "type_id": "sensor.camera.rgb",
      "blueprint_attributes": {
        "role_name": "front",
        "ros_name": "sensor.camera.rgb",
        "chromatic_aberration_offset": "0.0",
        "sensor_tick": "0.100000",
        "fstop": "1.4",
        "image_size_x": "960",
        "image_size_y": "540",
        "fov": "70.00",
        "lens_circle_falloff": "5.0",
        "lens_circle_multiplier": "0.0",
        "exposure_compensation": "0.0",
        "lens_y_size": "0.08",
        "lens_k": "-1.0",
        "exposure_mode": "histogram",
        "lens_kcube": "0.0",
        "lens_x_size": "0.08",
        "exposure_max_bright": "12.0",
        "shutter_speed": "200.0",
        "bloom_intensity": "0.675",
        "iso": "100.0",
        "enable_postprocess_effects": "false",
        "gamma": "2.2",
        "motion_blur_intensity": "0.0",
        "motion_blur_max_distortion": "0.35",
        "lens_flare_intensity": "0.1",
        "motion_blur_min_object_screen_size": "0.1",
        "exposure_min_bright": "10.0",
        "exposure_speed_up": "3.0",
        "exposure_speed_down": "1.0",
        "tint": "0.0",
        "calibration_constant": "16.0",
        "focal_distance": "1000.0",
        "min_fstop": "1.2",
        "blade_count": "5",
        "blur_amount": "0.0",
        "blur_radius": "0.0",
        "slope": "0.88",
        "toe": "0.55",
        "white_clip": "0.04",
        "shoulder": "0.26",
        "black_clip": "0.0",
        "temp": "6500.0",
        "chromatic_aberration_intensity": "0.0"
      },
      "transform_carla": {
        "location": {
          "x": 106.40740203857422,
          "y": -21.057567596435547,
          "z": 1.6792466640472412
        },
        "rotation": {
          "roll": -0.027521155774593353,
          "pitch": -0.5356370806694031,
          "yaw": 88.7732162475586
        }
      },
      "matrix_world_from_sensor_carla": [
        [
          0.0214088037610054,
          -0.9997705221176147,
          0.0006803734577260911,
          106.40740203857422
        ],
        [
          0.9997270703315735,
          0.021414225921034813,
          0.009336067363619804,
          -21.057567596435547
        ],
        [
          -0.009348494932055473,
          0.0004803137562703341,
          0.9999561905860901,
          1.6792466640472412
        ],
        [
          0.0,
          0.0,
          0.0,
          1.0
        ]
      ],
      "matrix_world_from_sensor_bevfusion": [
        [
          -0.9997705221176147,
          -0.0006803734577260911,
          0.0214088037610054,
          106.40740203857422
        ],
        [
          -0.021414225921034813,
          0.009336067363619804,
          -0.9997270703315735,
          21.057567596435547
        ],
        [
          0.0004803137562703341,
          -0.9999561905860901,
          -0.009348494932055473,
          1.6792466640472412
        ],
        [
          0.0,
          0.0,
          0.0,
          1.0
        ]
      ],
      "matrix_ego_from_sensor_carla": [
        [
          -1.0,
          4.447291530595976e-07,
          2.2980811698047887e-10,
          -1.5500030517578125
        ],
        [
          -4.461107039333001e-07,
          -1.0,
          -9.021680624776707e-10,
          0.0
        ],
        [
          -2.2984891767663385e-10,
          -9.024134772772641e-10,
          1.0,
          1.7000000476837158
        ],
        [
          0.0,
          0.0,
          0.0,
          1.0
        ]
      ],
      "matrix_ego_from_sensor_bevfusion": [
        [
          4.447291530595976e-07,
          -2.2980811698047887e-10,
          -1.0,
          -1.5500030517578125
        ],
        [
          1.0,
          -9.021680624776707e-10,
          4.461107039333001e-07,
          0.0
        ],
        [
          -9.024134772772641e-10,
          -1.0,
          -2.2984891767663385e-10,
          1.7000000476837158
        ],
        [
          0.0,
          0.0,
          0.0,
          1.0
        ]
      ],
      "camera_intrinsics": [
        [
          685.5110473632812,
          0.0,
          480.0
        ],
        [
          0.0,
          685.5110473632812,
          270.0
        ],
        [
          0.0,
          0.0,
          1.0
        ]
      ],
      "data_path": "D:\\Agent-AI\\outputs\\s3a_ml_long_v2\\sample_000004\\images\\CAM_BACK.png",
      "raw_layout": "bgra8"
    },
    "CAM_BACK_LEFT": {
      "type_id": "sensor.camera.rgb",
      "blueprint_attributes": {
        "role_name": "front",
        "ros_name": "sensor.camera.rgb",
        "chromatic_aberration_offset": "0.0",
        "sensor_tick": "0.100000",
        "fstop": "1.4",
        "image_size_x": "960",
        "image_size_y": "540",
        "fov": "70.00",
        "lens_circle_falloff": "5.0",
        "lens_circle_multiplier": "0.0",
        "exposure_compensation": "0.0",
        "lens_y_size": "0.08",
        "lens_k": "-1.0",
        "exposure_mode": "histogram",
        "lens_kcube": "0.0",
        "lens_x_size": "0.08",
        "exposure_max_bright": "12.0",
        "shutter_speed": "200.0",
        "bloom_intensity": "0.675",
        "iso": "100.0",
        "enable_postprocess_effects": "false",
        "gamma": "2.2",
        "motion_blur_intensity": "0.0",
        "motion_blur_max_distortion": "0.35",
        "lens_flare_intensity": "0.1",
        "motion_blur_min_object_screen_size": "0.1",
        "exposure_min_bright": "10.0",
        "exposure_speed_up": "3.0",
        "exposure_speed_down": "1.0",
        "tint": "0.0",
        "calibration_constant": "16.0",
        "focal_distance": "1000.0",
        "min_fstop": "1.2",
        "blade_count": "5",
        "blur_amount": "0.0",
        "blur_radius": "0.0",
        "slope": "0.88",
        "toe": "0.55",
        "white_clip": "0.04",
        "shoulder": "0.26",
        "black_clip": "0.0",
        "temp": "6500.0",
        "chromatic_aberration_intensity": "0.0"
      },
      "transform_carla": {
        "location": {
          "x": 105.85216522216797,
          "y": -21.29572296142578,
          "z": 1.6818479299545288
        },
        "rotation": {
          "roll": -0.4545568525791168,
          "pitch": -0.2846822738647461,
          "yaw": 143.77420043945312
        }
      },
      "matrix_world_from_sensor_carla": [
        [
          -0.8066843152046204,
          -0.59098219871521,
          0.0006803781725466251,
          105.85216522216797
        ],
        [
          0.590961754322052,
          -0.8066455721855164,
          0.009336062707006931,
          -21.29572296142578
        ],
        [
          -0.004968622699379921,
          0.007933332584798336,
          0.9999561905860901,
          1.6818479299545288
        ],
        [
          0.0,
          0.0,
          0.0,
          1.0
        ]
      ],
      "matrix_world_from_sensor_bevfusion": [
        [
          -0.59098219871521,
          -0.0006803781725466251,
          -0.8066843152046204,
          105.85216522216797
        ],
        [
          0.8066455721855164,
          0.009336062707006931,
          -0.590961754322052,
          21.29572296142578
        ],
        [
          0.007933332584798336,
          -0.9999561905860901,
          -0.004968622699379921,
          1.6818479299545288
        ],
        [
          0.0,
          0.0,
          0.0,
          1.0
        ]
      ],
      "matrix_ego_from_sensor_carla": [
        [
          -0.5735764503479004,
          0.8191521167755127,
          4.886421045569023e-09,
          -1.2999992370605469
        ],
        [
          -0.8191521167755127,
          -0.5735763907432556,
          3.899963907372239e-09,
          -0.5500106811523438
        ],
        [
          6.262224072628442e-09,
          -1.1026530799540524e-09,
          1.0,
          1.6999999284744263
        ],
        [
          0.0,
          0.0,
          0.0,
          1.0
        ]
      ],
      "matrix_ego_from_sensor_bevfusion": [
        [
          0.8191521167755127,
          -4.886421045569023e-09,
          -0.5735764503479004,
          -1.2999992370605469
        ],
        [
          0.5735763907432556,
          3.899963907372239e-09,
          0.8191521167755127,
          0.5500106811523438
        ],
        [
          -1.1026530799540524e-09,
          -1.0,
          6.262224072628442e-09,
          1.6999999284744263
        ],
        [
          0.0,
          0.0,
          0.0,
          1.0
        ]
      ],
      "camera_intrinsics": [
        [
          685.5110473632812,
          0.0,
          480.0
        ],
        [
          0.0,
          685.5110473632812,
          270.0
        ],
        [
          0.0,
          0.0,
          1.0
        ]
      ],
      "data_path": "D:\\Agent-AI\\outputs\\s3a_ml_long_v2\\sample_000004\\images\\CAM_BACK_LEFT.png",
      "raw_layout": "bgra8"
    },
    "CAM_BACK_RIGHT": {
      "type_id": "sensor.camera.rgb",
      "blueprint_attributes": {
        "role_name": "front",
        "ros_name": "sensor.camera.rgb",
        "chromatic_aberration_offset": "0.0",
        "sensor_tick": "0.100000",
        "fstop": "1.4",
        "image_size_x": "960",
        "image_size_y": "540",
        "fov": "70.00",
        "lens_circle_falloff": "5.0",
        "lens_circle_multiplier": "0.0",
        "exposure_compensation": "0.0",
        "lens_y_size": "0.08",
        "lens_k": "-1.0",
        "exposure_mode": "histogram",
        "lens_kcube": "0.0",
        "lens_x_size": "0.08",
        "exposure_max_bright": "12.0",
        "shutter_speed": "200.0",
        "bloom_intensity": "0.675",
        "iso": "100.0",
        "enable_postprocess_effects": "false",
        "gamma": "2.2",
        "motion_blur_intensity": "0.0",
        "motion_blur_max_distortion": "0.35",
        "lens_flare_intensity": "0.1",
        "motion_blur_min_object_screen_size": "0.1",
        "exposure_min_bright": "10.0",
        "exposure_speed_up": "3.0",
        "exposure_speed_down": "1.0",
        "tint": "0.0",
        "calibration_constant": "16.0",
        "focal_distance": "1000.0",
        "min_fstop": "1.2",
        "blade_count": "5",
        "blur_amount": "0.0",
        "blur_radius": "0.0",
        "slope": "0.88",
        "toe": "0.55",
        "white_clip": "0.04",
        "shoulder": "0.26",
        "black_clip": "0.0",
        "temp": "6500.0",
        "chromatic_aberration_intensity": "0.0"
      },
      "transform_carla": {
        "location": {
          "x": 106.95191955566406,
          "y": -21.319278717041016,
          "z": 1.6813197135925293
        },
        "rotation": {
          "roll": 0.42298808693885803,
          "pitch": -0.3297683596611023,
          "yaw": 33.77185821533203
        }
      },
      "matrix_world_from_sensor_carla": [
        [
          0.8312438726425171,
          -0.5559076070785522,
          0.0006803623400628567,
          106.95191955566406
        ],
        [
          0.5558781623840332,
          0.8312113881111145,
          0.009336061775684357,
          -21.319278717041016
        ],
        [
          -0.005755512043833733,
          -0.007382345385849476,
          0.9999561905860901,
          1.6813197135925293
        ],
        [
          0.0,
          0.0,
          0.0,
          1.0
        ]
      ],
      "matrix_world_from_sensor_bevfusion": [
        [
          -0.5559076070785522,
          -0.0006803623400628567,
          0.8312438726425171,
          106.95191955566406
        ],
        [
          -0.8312113881111145,
          0.009336061775684357,
          -0.5558781623840332,
          21.319278717041016
        ],
        [
          -0.007382345385849476,
          -0.9999561905860901,
          -0.005755512043833733,
          1.6813197135925293
        ],
        [
          0.0,
          0.0,
          0.0,
          1.0
        ]
      ],
      "matrix_ego_from_sensor_carla": [
        [
          -0.5735766291618347,
          -0.8191520571708679,
          5.817743620184501e-09,
          -1.2999992370605469
        ],
        [
          0.8191519975662231,
          -0.5735766291618347,
          -1.1903416030634162e-08,
          0.5499954223632812
        ],
        [
          1.3261368891903658e-08,
          -1.6153538506813447e-09,
          1.0,
          1.7000000476837158
        ],
        [
          0.0,
          0.0,
          0.0,
          1.0
        ]
      ],
      "matrix_ego_from_sensor_bevfusion": [
        [
          -0.8191520571708679,
          -5.817743620184501e-09,
          -0.5735766291618347,
          -1.2999992370605469
        ],
        [
          0.5735766291618347,
          -1.1903416030634162e-08,
          -0.8191519975662231,
          -0.5499954223632812
        ],
        [
          -1.6153538506813447e-09,
          -1.0,
          1.3261368891903658e-08,
          1.7000000476837158
        ],
        [
          0.0,
          0.0,
          0.0,
          1.0
        ]
      ],
      "camera_intrinsics": [
        [
          685.5110473632812,
          0.0,
          480.0
        ],
        [
          0.0,
          685.5110473632812,
          270.0
        ],
        [
          0.0,
          0.0,
          1.0
        ]
      ],
      "data_path": "D:\\Agent-AI\\outputs\\s3a_ml_long_v2\\sample_000004\\images\\CAM_BACK_RIGHT.png",
      "raw_layout": "bgra8"
    },
    "LIDAR_TOP": {
      "type_id": "sensor.lidar.ray_cast",
      "blueprint_attributes": {
        "atmosphere_attenuation_rate": "0.004",
        "role_name": "front",
        "noise_seed": "0",
        "upper_fov": "10.0",
        "ros_name": "sensor.lidar.ray_cast",
        "sensor_tick": "0.100000",
        "channels": "32",
        "range": "120.0",
        "points_per_second": "360000",
        "lower_fov": "-30.0",
        "rotation_frequency": "10.000000",
        "horizontal_fov": "360.0",
        "dropoff_general_rate": "0.0",
        "dropoff_intensity_limit": "1.0",
        "noise_stddev": "0.0",
        "dropoff_zero_intensity": "0.0"
      },
      "transform_carla": {
        "location": {
          "x": 106.37454986572266,
          "y": -22.60247802734375,
          "z": 2.1937148571014404
        },
        "rotation": {
          "roll": 0.02752096764743328,
          "pitch": 0.5356370806694031,
          "yaw": -91.226806640625
        }
      },
      "matrix_world_from_sensor_carla": [
        [
          -0.021409248933196068,
          0.9997705221176147,
          0.0006803743308410048,
          106.37454986572266
        ],
        [
          -0.9997270703315735,
          -0.02141467109322548,
          0.009336067363619804,
          -22.60247802734375
        ],
        [
          0.009348494932055473,
          -0.00048031049664132297,
          0.9999561905860901,
          2.1937148571014404
        ],
        [
          0.0,
          0.0,
          0.0,
          1.0
        ]
      ],
      "matrix_world_from_sensor_bevfusion": [
        [
          -0.021409248933196068,
          -0.9997705221176147,
          0.0006803743308410048,
          106.37454986572266
        ],
        [
          0.9997270703315735,
          -0.02141467109322548,
          -0.009336067363619804,
          22.60247802734375
        ],
        [
          0.009348494932055473,
          0.00048031049664132297,
          0.9999561905860901,
          2.1937148571014404
        ],
        [
          0.0,
          0.0,
          0.0,
          1.0
        ]
      ],
      "matrix_ego_from_sensor_carla": [
        [
          1.0,
          3.520830849090828e-10,
          2.2980811698047887e-10,
          0.0
        ],
        [
          9.385170418596545e-10,
          1.0,
          -2.905317306178823e-11,
          -7.62939453125e-06
        ],
        [
          2.2984891767663385e-10,
          5.1932416700317674e-14,
          1.0,
          2.1999998092651367
        ],
        [
          0.0,
          0.0,
          0.0,
          1.0
        ]
      ],
      "matrix_ego_from_sensor_bevfusion": [
        [
          1.0,
          -3.520830849090828e-10,
          2.2980811698047887e-10,
          0.0
        ],
        [
          -9.385170418596545e-10,
          1.0,
          2.905317306178823e-11,
          7.62939453125e-06
        ],
        [
          2.2984891767663385e-10,
          -5.1932416700317674e-14,
          1.0,
          2.1999998092651367
        ],
        [
          0.0,
          0.0,
          0.0,
          1.0
        ]
      ],
      "data_path": "D:\\Agent-AI\\outputs\\s3a_ml_long_v2\\sample_000004\\lidar\\LIDAR_TOP.npy",
      "raw_layout": [
        "x",
        "y",
        "z",
        "intensity"
      ]
    },
    "RADAR_FRONT": {
      "type_id": "sensor.other.radar",
      "blueprint_attributes": {
        "sensor_tick": "0.100000",
        "role_name": "default",
        "noise_seed": "0",
        "ros_name": "sensor.other.radar",
        "horizontal_fov": "35.0",
        "points_per_second": "1500",
        "vertical_fov": "20.0",
        "range": "120.0"
      },
      "transform_carla": {
        "location": {
          "x": 106.33084869384766,
          "y": -24.61406898498535,
          "z": 0.9124690294265747
        },
        "rotation": {
          "roll": 0.02752096764743328,
          "pitch": 0.5356370806694031,
          "yaw": -91.226806640625
        }
      },
      "matrix_world_from_sensor_carla": [
        [
          -0.021409248933196068,
          0.9997705221176147,
          0.0006803743308410048,
          106.33084869384766
        ],
        [
          -0.9997270703315735,
          -0.02141467109322548,
          0.009336067363619804,
          -24.61406898498535
        ],
        [
          0.009348494932055473,
          -0.00048031049664132297,
          0.9999561905860901,
          0.9124690294265747
        ],
        [
          0.0,
          0.0,
          0.0,
          1.0
        ]
      ],
      "matrix_world_from_sensor_bevfusion": [
        [
          -0.021409248933196068,
          -0.9997705221176147,
          0.0006803743308410048,
          106.33084869384766
        ],
        [
          0.9997270703315735,
          -0.02141467109322548,
          -0.009336067363619804,
          24.61406898498535
        ],
        [
          0.009348494932055473,
          0.00048031049664132297,
          0.9999561905860901,
          0.9124690294265747
        ],
        [
          0.0,
          0.0,
          0.0,
          1.0
        ]
      ],
      "matrix_ego_from_sensor_carla": [
        [
          1.0,
          3.520830849090828e-10,
          2.2980811698047887e-10,
          2.0
        ],
        [
          9.385170418596545e-10,
          1.0,
          -2.905317306178823e-11,
          0.0
        ],
        [
          2.2984891767663385e-10,
          5.1932416700317674e-14,
          1.0,
          0.9000000953674316
        ],
        [
          0.0,
          0.0,
          0.0,
          1.0
        ]
      ],
      "matrix_ego_from_sensor_bevfusion": [
        [
          1.0,
          -3.520830849090828e-10,
          2.2980811698047887e-10,
          2.0
        ],
        [
          -9.385170418596545e-10,
          1.0,
          2.905317306178823e-11,
          0.0
        ],
        [
          2.2984891767663385e-10,
          -5.1932416700317674e-14,
          1.0,
          0.9000000953674316
        ],
        [
          0.0,
          0.0,
          0.0,
          1.0
        ]
      ],
      "data_path": "D:\\Agent-AI\\outputs\\s3a_ml_long_v2\\sample_000004\\radar\\RADAR_FRONT.npy",
      "raw_layout": [
        "velocity",
        "altitude",
        "azimuth",
        "depth"
      ]
    },
    "RADAR_FRONT_LEFT": {
      "type_id": "sensor.other.radar",
      "blueprint_attributes": {
        "sensor_tick": "0.100000",
        "role_name": "default",
        "noise_seed": "0",
        "ros_name": "sensor.other.radar",
        "horizontal_fov": "35.0",
        "points_per_second": "1500",
        "vertical_fov": "20.0",
        "range": "120.0"
      },
      "transform_carla": {
        "location": {
          "x": 105.58851623535156,
          "y": -24.24810218811035,
          "z": 0.9095571637153625
        },
        "rotation": {
          "roll": -0.3592987358570099,
          "pitch": 0.39820683002471924,
          "yaw": -136.2281951904297
        }
      },
      "matrix_world_from_sensor_carla": [
        [
          -0.7220832705497742,
          0.6918058395385742,
          0.0006803390569984913,
          105.58851623535156
        ],
        [
          -0.6917712688446045,
          -0.7220563292503357,
          0.009336031973361969,
          -24.24810218811035
        ],
        [
          0.006949964445084333,
          0.006270753685384989,
          0.9999561905860901,
          0.9095571637153625
        ],
        [
          0.0,
          0.0,
          0.0,
          1.0
        ]
      ],
      "matrix_world_from_sensor_bevfusion": [
        [
          -0.7220832705497742,
          -0.6918058395385742,
          0.0006803390569984913,
          105.58851623535156
        ],
        [
          0.6917712688446045,
          -0.7220563292503357,
          -0.009336031973361969,
          24.24810218811035
        ],
        [
          0.006949964445084333,
          -0.006270753685384989,
          0.9999561905860901,
          0.9095571637153625
        ],
        [
          0.0,
          0.0,
          0.0,
          1.0
        ]
      ],
      "matrix_ego_from_sensor_carla": [
        [
          0.7071067094802856,
          0.70710688829422,
          3.655138769431687e-08,
          1.6499996185302734
        ],
        [
          -0.70710688829422,
          0.7071066498756409,
          -3.4487989353237936e-08,
          -0.75
        ],
        [
          -5.0222805469957166e-08,
          -4.4354550587932806e-10,
          1.0,
          0.8999999761581421
        ],
        [
          0.0,
          0.0,
          0.0,
          1.0
        ]
      ],
      "matrix_ego_from_sensor_bevfusion": [
        [
          0.7071067094802856,
          -0.70710688829422,
          3.655138769431687e-08,
          1.6499996185302734
        ],
        [
          0.70710688829422,
          0.7071066498756409,
          3.4487989353237936e-08,
          0.75
        ],
        [
          -5.0222805469957166e-08,
          4.4354550587932806e-10,
          1.0,
          0.8999999761581421
        ],
        [
          0.0,
          0.0,
          0.0,
          1.0
        ]
      ],
      "data_path": "D:\\Agent-AI\\outputs\\s3a_ml_long_v2\\sample_000004\\radar\\RADAR_FRONT_LEFT.npy",
      "raw_layout": [
        "velocity",
        "altitude",
        "azimuth",
        "depth"
      ]
    },
    "RADAR_FRONT_RIGHT": {
      "type_id": "sensor.other.radar",
      "blueprint_attributes": {
        "sensor_tick": "0.100000",
        "role_name": "default",
        "noise_seed": "0",
        "ros_name": "sensor.other.radar",
        "horizontal_fov": "35.0",
        "points_per_second": "1500",
        "vertical_fov": "20.0",
        "range": "120.0"
      },
