{
  "schema_version": "stage1.v1",
  "sample_name": "sample_000090",
  "sequence_index": 90,
  "previous_sample_name": "sample_000089",
  "frame_id": 60091,
  "timestamp": 444.01970088481903,
  "platform_timestamp": 16814603.3755544,
  "delta_seconds": 0.10000000149011612,
  "town": "Carla/Maps/Town10HD_Opt",
  "weather": {
    "cloudiness": 20.0,
    "dust_storm": 0.0,
    "fog_density": 2.0,
    "fog_distance": 0.75,
    "fog_falloff": 0.10000000149011612,
    "mie_scattering_scale": 0.029999999329447746,
    "precipitation": 0.0,
    "precipitation_deposits": 0.0,
    "rayleigh_scattering_scale": 0.03310000151395798,
    "scattering_intensity": 1.0,
    "sun_altitude_angle": 45.0,
    "sun_azimuth_angle": 300.0,
    "wetness": 0.0,
    "wind_intensity": 10.0
  },
  "sensor_names": [
    "CAM_FRONT",
    "CAM_FRONT_RIGHT",
    "CAM_FRONT_LEFT",
    "CAM_BACK",
    "CAM_BACK_LEFT",
    "CAM_BACK_RIGHT",
    "LIDAR_TOP",
    "RADAR_FRONT",
    "RADAR_FRONT_LEFT",
    "RADAR_FRONT_RIGHT",
    "RADAR_BACK_LEFT",
    "RADAR_BACK_RIGHT"
  ],
  "camera_order_for_model": [
    "CAM_FRONT",
    "CAM_FRONT_RIGHT",
    "CAM_FRONT_LEFT",
    "CAM_BACK",
    "CAM_BACK_LEFT",
    "CAM_BACK_RIGHT"
  ],
  "radar_order_for_model": [
    "RADAR_FRONT",
    "RADAR_FRONT_LEFT",
    "RADAR_FRONT_RIGHT",
    "RADAR_BACK_LEFT",
    "RADAR_BACK_RIGHT"
  ],
  "coordinate_notes": {
    "carla_world": "left-handed x-forward y-right z-up",
    "bevfusion_lidar": "x-forward y-left z-up",
    "camera_frame_for_model": "OpenCV style x-right y-down z-forward"
  },
  "ego": {
    "actor_id": 28,
    "transform_carla": {
      "location": {
        "x": 77.2900619506836,
        "y": -62.2791633605957,
        "z": -0.0029992293566465378
      },
      "rotation": {
        "roll": -0.02926635928452015,
        "pitch": -0.408786803483963,
        "yaw": -161.72311401367188
      }
    },
    "velocity_carla": [
      0.005416104570031166,
      0.0007506650290451944,
      0.00019215582869946957
    ],
    "angular_velocity_carla": [
      -0.42436784505844116,
      1.6489230394363403,
      -0.0022125409450381994
    ],
    "matrix_world_from_ego_carla": [
      [
        -0.94952791929245,
        0.3136059045791626,
        -0.006934877019375563,
        77.2900619506836
      ],
      [
        -0.31360140442848206,
        -0.9495530724525452,
        -0.001752456184476614,
        -62.2791633605957
      ],
      [
        -0.0071346149779856205,
        0.0005107813631184399,
        0.9999744296073914,
        -0.0029992293566465378
      ],
      [
        0.0,
        0.0,
        0.0,
        1.0
      ]
    ],
    "matrix_world_from_ego_bevfusion": [
      [
        -0.94952791929245,
        -0.3136059045791626,
        -0.006934877019375563,
        77.2900619506836
      ],
      [
        0.31360140442848206,
        -0.9495530724525452,
        0.001752456184476614,
        62.2791633605957
      ],
      [
        -0.0071346149779856205,
        -0.0005107813631184399,
        0.9999744296073914,
        -0.0029992293566465378
      ],
      [
        0.0,
        0.0,
        0.0,
        1.0
      ]
    ]
  },
  "sensors": {
    "CAM_FRONT": {
      "type_id": "sensor.camera.rgb",
      "blueprint_attributes": {
        "role_name": "front",
        "ros_name": "sensor.camera.rgb",
        "chromatic_aberration_offset": "0.0",
        "sensor_tick": "0.100000",
        "fstop": "1.4",
        "image_size_x": "960",
        "image_size_y": "540",
        "fov": "70.00",
        "lens_circle_falloff": "5.0",
        "lens_circle_multiplier": "0.0",
        "exposure_compensation": "0.0",
        "lens_y_size": "0.08",
        "lens_k": "-1.0",
        "exposure_mode": "histogram",
        "lens_kcube": "0.0",
        "lens_x_size": "0.08",
        "exposure_max_bright": "12.0",
        "shutter_speed": "200.0",
        "bloom_intensity": "0.675",
        "iso": "100.0",
        "enable_postprocess_effects": "false",
        "gamma": "2.2",
        "motion_blur_intensity": "0.0",
        "motion_blur_max_distortion": "0.35",
        "lens_flare_intensity": "0.1",
        "motion_blur_min_object_screen_size": "0.1",
        "exposure_min_bright": "10.0",
        "exposure_speed_up": "3.0",
        "exposure_speed_down": "1.0",
        "tint": "0.0",
        "calibration_constant": "16.0",
        "focal_distance": "1000.0",
        "min_fstop": "1.2",
        "blade_count": "5",
        "blur_amount": "0.0",
        "blur_radius": "0.0",
        "slope": "0.88",
        "toe": "0.55",
        "white_clip": "0.04",
        "shoulder": "0.26",
        "black_clip": "0.0",
        "temp": "6500.0",
        "chromatic_aberration_intensity": "0.0"
      },
      "transform_carla": {
        "location": {
          "x": 75.80650329589844,
          "y": -62.768226623535156,
          "z": 1.6858986616134644
        },
        "rotation": {
          "roll": -0.02926635928452015,
          "pitch": -0.408786803483963,
          "yaw": -161.72311401367188
        }
      },
      "matrix_world_from_sensor_carla": [
        [
          -0.94952791929245,
          0.3136059045791626,
          -0.006934877019375563,
          75.80650329589844
        ],
        [
          -0.31360140442848206,
          -0.9495530724525452,
          -0.001752456184476614,
          -62.768226623535156
        ],
        [
          -0.0071346149779856205,
          0.0005107813631184399,
          0.9999744296073914,
          1.6858986616134644
        ],
        [
          0.0,
          0.0,
          0.0,
          1.0
        ]
      ],
      "matrix_world_from_sensor_bevfusion": [
        [
          0.3136059045791626,
          0.006934877019375563,
          -0.94952791929245,
          75.80650329589844
        ],
        [
          0.9495530724525452,
          -0.001752456184476614,
          0.31360140442848206,
          62.768226623535156
        ],
        [
          0.0005107813631184399,
          -0.9999744296073914,
          -0.0071346149779856205,
          1.6858986616134644
        ],
        [
          0.0,
          0.0,
          0.0,
          1.0
        ]
      ],
      "matrix_ego_from_sensor_carla": [
        [
          1.0000001192092896,
          -2.1622770240981026e-09,
          3.6133085412615173e-10,
          1.5499992370605469
        ],
        [
          1.803511828768478e-08,
          1.0,
          9.405881629120927e-11,
          0.0
        ],
        [
          -1.0431852603964842e-10,
          3.584371341402992e-11,
          1.0,
          1.7000000476837158
        ],
        [
          0.0,
          0.0,
          0.0,
          1.0
        ]
      ],
      "matrix_ego_from_sensor_bevfusion": [
        [
          -2.1622770240981026e-09,
          -3.6133085412615173e-10,
          1.0000001192092896,
          1.5499992370605469
        ],
        [
          -1.0,
          9.405881629120927e-11,
          -1.803511828768478e-08,
          0.0
        ],
        [
          3.584371341402992e-11,
          -1.0,
          -1.0431852603964842e-10,
          1.7000000476837158
        ],
        [
          0.0,
          0.0,
          0.0,
          1.0
        ]
      ],
      "camera_intrinsics": [
        [
          685.5110473632812,
          0.0,
          480.0
        ],
        [
          0.0,
          685.5110473632812,
          270.0
        ],
        [
          0.0,
          0.0,
          1.0
        ]
      ],
      "data_path": "D:\\Agent-AI\\outputs\\s3a_ml_long_v2\\sample_000090\\images\\CAM_FRONT.png",
      "raw_layout": "bgra8"
    },
    "CAM_FRONT_RIGHT": {
      "type_id": "sensor.camera.rgb",
      "blueprint_attributes": {
        "role_name": "front",
        "ros_name": "sensor.camera.rgb",
        "chromatic_aberration_offset": "0.0",
        "sensor_tick": "0.100000",
        "fstop": "1.4",
        "image_size_x": "960",
        "image_size_y": "540",
        "fov": "70.00",
        "lens_circle_falloff": "5.0",
        "lens_circle_multiplier": "0.0",
        "exposure_compensation": "0.0",
        "lens_y_size": "0.08",
        "lens_k": "-1.0",
        "exposure_mode": "histogram",
        "lens_kcube": "0.0",
        "lens_x_size": "0.08",
        "exposure_max_bright": "12.0",
        "shutter_speed": "200.0",
        "bloom_intensity": "0.675",
        "iso": "100.0",
        "enable_postprocess_effects": "false",
        "gamma": "2.2",
        "motion_blur_intensity": "0.0",
        "motion_blur_max_distortion": "0.35",
        "lens_flare_intensity": "0.1",
        "motion_blur_min_object_screen_size": "0.1",
        "exposure_min_bright": "10.0",
        "exposure_speed_up": "3.0",
        "exposure_speed_down": "1.0",
        "tint": "0.0",
        "calibration_constant": "16.0",
        "focal_distance": "1000.0",
        "min_fstop": "1.2",
        "blade_count": "5",
        "blur_amount": "0.0",
        "blur_radius": "0.0",
        "slope": "0.88",
        "toe": "0.55",
        "white_clip": "0.04",
        "shoulder": "0.26",
        "black_clip": "0.0",
        "temp": "6500.0",
        "chromatic_aberration_intensity": "0.0"
      },
      "transform_carla": {
        "location": {
          "x": 76.21636962890625,
          "y": -63.21207809448242,
          "z": 1.6879632472991943
        },
        "rotation": {
          "roll": -0.3516431152820587,
          "pitch": -0.21048593521118164,
          "yaw": -106.72261047363281
        }
      },
      "matrix_world_from_sensor_carla": [
        [
          -0.2877365052700043,
          0.9576844573020935,
          -0.006934774108231068,
          76.21636962890625
        ],
        [
          -0.9577025771141052,
          -0.287754625082016,
          -0.0017523005371913314,
          -63.21207809448242
        ],
        [
          -0.003673664527013898,
          0.006137249991297722,
          0.9999744296073914,
          1.6879632472991943
        ],
        [
          0.0,
          0.0,
          0.0,
          1.0
        ]
      ],
      "matrix_world_from_sensor_bevfusion": [
        [
          0.9576844573020935,
          0.006934774108231068,
          -0.2877365052700043,
          76.21636962890625
        ],
        [
          0.287754625082016,
          -0.0017523005371913314,
          0.9577025771141052,
          63.21207809448242
        ],
        [
          0.006137249991297722,
          -0.9999744296073914,
          -0.003673664527013898,
          1.6879632472991943
        ],
        [
          0.0,
          0.0,
          0.0,
          1.0
        ]
      ],
      "matrix_ego_from_sensor_carla": [
        [
          0.5735769867897034,
          -0.8191516995429993,
          -1.4632198030994914e-07,
          1.3000030517578125
        ],
        [
          0.819151759147644,
          0.5735769271850586,
          -1.1533172994404595e-07,
          0.5499954223632812
        ],
        [
          1.7868740087578772e-07,
          -5.402074876315055e-08,
          1.0,
          1.7000000476837158
        ],
        [
          0.0,
          0.0,
          0.0,
          1.0
        ]
      ],
      "matrix_ego_from_sensor_bevfusion": [
        [
          -0.8191516995429993,
          1.4632198030994914e-07,
          0.5735769867897034,
          1.3000030517578125
        ],
        [
          -0.5735769271850586,
          -1.1533172994404595e-07,
          -0.819151759147644,
          -0.5499954223632812
        ],
        [
          -5.402074876315055e-08,
          -1.0,
          1.7868740087578772e-07,
          1.7000000476837158
        ],
        [
          0.0,
          0.0,
          0.0,
          1.0
        ]
      ],
      "camera_intrinsics": [
        [
          685.5110473632812,
          0.0,
          480.0
        ],
        [
          0.0,
          685.5110473632812,
          270.0
        ],
        [
          0.0,
          0.0,
          1.0
        ]
      ],
      "data_path": "D:\\Agent-AI\\outputs\\s3a_ml_long_v2\\sample_000090\\images\\CAM_FRONT_RIGHT.png",
      "raw_layout": "bgra8"
    },
    "CAM_FRONT_LEFT": {
      "type_id": "sensor.camera.rgb",
      "blueprint_attributes": {
        "role_name": "front",
        "ros_name": "sensor.camera.rgb",
        "chromatic_aberration_offset": "0.0",
        "sensor_tick": "0.100000",
        "fstop": "1.4",
        "image_size_x": "960",
        "image_size_y": "540",
        "fov": "70.00",
        "lens_circle_falloff": "5.0",
        "lens_circle_multiplier": "0.0",
        "exposure_compensation": "0.0",
        "lens_y_size": "0.08",
        "lens_k": "-1.0",
        "exposure_mode": "histogram",
        "lens_kcube": "0.0",
        "lens_x_size": "0.08",
        "exposure_max_bright": "12.0",
        "shutter_speed": "200.0",
        "bloom_intensity": "0.675",
        "iso": "100.0",
        "enable_postprocess_effects": "false",
        "gamma": "2.2",
        "motion_blur_intensity": "0.0",
        "motion_blur_max_distortion": "0.35",
        "lens_flare_intensity": "0.1",
        "motion_blur_min_object_screen_size": "0.1",
        "exposure_min_bright": "10.0",
        "exposure_speed_up": "3.0",
        "exposure_speed_down": "1.0",
        "tint": "0.0",
        "calibration_constant": "16.0",
        "focal_distance": "1000.0",
        "min_fstop": "1.2",
        "blade_count": "5",
        "blur_amount": "0.0",
        "blur_radius": "0.0",
        "slope": "0.88",
        "toe": "0.55",
        "white_clip": "0.04",
        "shoulder": "0.26",
        "black_clip": "0.0",
        "temp": "6500.0",
        "chromatic_aberration_intensity": "0.0"
      },
      "transform_carla": {
        "location": {
          "x": 75.87140655517578,
          "y": -62.167572021484375,
          "z": 1.6874014139175415
        },
        "rotation": {
          "roll": 0.31807130575180054,
          "pitch": -0.25844067335128784,
          "yaw": 143.27603149414062
        }
      },
      "matrix_world_from_sensor_carla": [
        [
          -0.8015174269676208,
          -0.5979312062263489,
          -0.006934821605682373,
          75.87140655517578
        ],
        [
          0.5979544520378113,
          -0.8015281558036804,
          -0.001752425218001008,
          -62.167572021484375
        ],
        [
          -0.0045106252655386925,
          -0.005551306065171957,
          0.9999743700027466,
          1.6874014139175415
        ],
        [
          0.0,
          0.0,
          0.0,
          1.0
        ]
      ],
      "matrix_world_from_sensor_bevfusion": [
        [
          -0.5979312062263489,
          0.006934821605682373,
          -0.8015174269676208,
          75.87140655517578
        ],
        [
          0.8015281558036804,
          -0.001752425218001008,
          -0.5979544520378113,
          62.167572021484375
        ],
        [
          -0.005551306065171957,
          -0.9999743700027466,
          -0.0045106252655386925,
          1.6874014139175415
        ],
        [
          0.0,
          0.0,
          0.0,
          1.0
        ]
      ],
      "matrix_ego_from_sensor_carla": [
        [
          0.5735759735107422,
          0.819152295589447,
          -6.161202747989591e-08,
          1.2999992370605469
        ],
        [
          -0.8191524147987366,
          0.5735759735107422,
          -1.1868956484306636e-08,
          -0.5499954223632812
        ],
        [
          2.6397152907975396e-08,
          5.859570606503439e-08,
          0.9999999403953552,
          1.7000000476837158
        ],
        [
          0.0,
          0.0,
          0.0,
          1.0
        ]
      ],
      "matrix_ego_from_sensor_bevfusion": [
        [
          0.819152295589447,
          6.161202747989591e-08,
          0.5735759735107422,
          1.2999992370605469
        ],
        [
          -0.5735759735107422,
          -1.1868956484306636e-08,
          0.8191524147987366,
          0.5499954223632812
        ],
        [
          5.859570606503439e-08,
          -0.9999999403953552,
          2.6397152907975396e-08,
          1.7000000476837158
        ],
        [
          0.0,
          0.0,
          0.0,
          1.0
        ]
      ],
      "camera_intrinsics": [
        [
          685.5110473632812,
          0.0,
          480.0
        ],
        [
          0.0,
          685.5110473632812,
          270.0
        ],
        [
          0.0,
          0.0,
          1.0
        ]
      ],
      "data_path": "D:\\Agent-AI\\outputs\\s3a_ml_long_v2\\sample_000090\\images\\CAM_FRONT_LEFT.png",
      "raw_layout": "bgra8"
    },
    "CAM_BACK": {
      "type_id": "sensor.camera.rgb",
      "blueprint_attributes": {
        "role_name": "front",
        "ros_name": "sensor.camera.rgb",
        "chromatic_aberration_offset": "0.0",
        "sensor_tick": "0.100000",
        "fstop": "1.4",
        "image_size_x": "960",
        "image_size_y": "540",
        "fov": "70.00",
        "lens_circle_falloff": "5.0",
        "lens_circle_multiplier": "0.0",
        "exposure_compensation": "0.0",
        "lens_y_size": "0.08",
        "lens_k": "-1.0",
        "exposure_mode": "histogram",
        "lens_kcube": "0.0",
        "lens_x_size": "0.08",
        "exposure_max_bright": "12.0",
        "shutter_speed": "200.0",
        "bloom_intensity": "0.675",
        "iso": "100.0",
        "enable_postprocess_effects": "false",
        "gamma": "2.2",
        "motion_blur_intensity": "0.0",
        "motion_blur_max_distortion": "0.35",
        "lens_flare_intensity": "0.1",
        "motion_blur_min_object_screen_size": "0.1",
        "exposure_min_bright": "10.0",
        "exposure_speed_up": "3.0",
        "exposure_speed_down": "1.0",
        "tint": "0.0",
        "calibration_constant": "16.0",
        "focal_distance": "1000.0",
        "min_fstop": "1.2",
        "blade_count": "5",
        "blur_amount": "0.0",
        "blur_radius": "0.0",
        "slope": "0.88",
        "toe": "0.55",
        "white_clip": "0.04",
        "shoulder": "0.26",
        "black_clip": "0.0",
        "temp": "6500.0",
        "chromatic_aberration_intensity": "0.0"
      },
      "transform_carla": {
        "location": {
          "x": 78.75004577636719,
          "y": -61.79606246948242,
          "z": 1.7080156803131104
        },
        "rotation": {
          "roll": 0.029266495257616043,
          "pitch": 0.408786803483963,
          "yaw": 18.276885986328125
        }
      },
      "matrix_world_from_sensor_carla": [
        [
          0.94952791929245,
          -0.313605934381485,
          -0.006934877950698137,
          78.75004577636719
        ],
        [
          0.31360143423080444,
          0.9495530724525452,
          -0.001752454205416143,
          -61.79606246948242
        ],
        [
          0.0071346149779856205,
          -0.0005107836914248765,
          0.9999744296073914,
          1.7080156803131104
        ],
        [
          0.0,
          0.0,
          0.0,
          1.0
        ]
      ],
      "matrix_world_from_sensor_bevfusion": [
        [
          -0.313605934381485,
          0.006934877950698137,
          0.94952791929245,
          78.75004577636719
        ],
        [
          -0.9495530724525452,
          -0.001752454205416143,
          -0.31360143423080444,
          61.79606246948242
        ],
        [
          -0.0005107836914248765,
          -0.9999744296073914,
          0.0071346149779856205,
          1.7080156803131104
        ],
        [
          0.0,
          0.0,
          0.0,
          1.0
        ]
      ],
      "matrix_ego_from_sensor_carla": [
        [
          -1.0000001192092896,
          3.1981212345044696e-08,
          3.6133085412615173e-10,
          -1.5500030517578125
        ],
        [
          -4.633404770970628e-08,
          -1.0,
          -2.059624693018236e-09,
          0.0
        ],
        [
          -3.6134276126809084e-10,
          -2.131260057325335e-09,
          1.0,
          1.6999998092651367
        ],
        [
          0.0,
          0.0,
          0.0,
          1.0
        ]
      ],
      "matrix_ego_from_sensor_bevfusion": [
        [
          3.1981212345044696e-08,
          -3.6133085412615173e-10,
          -1.0000001192092896,
          -1.5500030517578125
        ],
        [
          1.0,
          -2.059624693018236e-09,
          4.633404770970628e-08,
          0.0
        ],
        [
          -2.131260057325335e-09,
          -1.0,
          -3.6134276126809084e-10,
          1.6999998092651367
        ],
        [
          0.0,
          0.0,
          0.0,
          1.0
        ]
      ],
      "camera_intrinsics": [
        [
          685.5110473632812,
          0.0,
          480.0
        ],
        [
          0.0,
          685.5110473632812,
          270.0
        ],
        [
          0.0,
          0.0,
          1.0
        ]
      ],
      "data_path": "D:\\Agent-AI\\outputs\\s3a_ml_long_v2\\sample_000090\\images\\CAM_BACK.png",
      "raw_layout": "bgra8"
    },
    "CAM_BACK_LEFT": {
      "type_id": "sensor.camera.rgb",
      "blueprint_attributes": {
        "role_name": "front",
        "ros_name": "sensor.camera.rgb",
        "chromatic_aberration_offset": "0.0",
        "sensor_tick": "0.100000",
        "fstop": "1.4",
        "image_size_x": "960",
        "image_size_y": "540",
        "fov": "70.00",
        "lens_circle_falloff": "5.0",
        "lens_circle_multiplier": "0.0",
        "exposure_compensation": "0.0",
        "lens_y_size": "0.08",
        "lens_k": "-1.0",
        "exposure_mode": "histogram",
        "lens_kcube": "0.0",
        "lens_x_size": "0.08",
        "exposure_max_bright": "12.0",
        "shutter_speed": "200.0",
        "bloom_intensity": "0.675",
        "iso": "100.0",
        "enable_postprocess_effects": "false",
        "gamma": "2.2",
        "motion_blur_intensity": "0.0",
        "motion_blur_max_distortion": "0.35",
        "lens_flare_intensity": "0.1",
        "motion_blur_min_object_screen_size": "0.1",
        "exposure_min_bright": "10.0",
        "exposure_speed_up": "3.0",
        "exposure_speed_down": "1.0",
        "tint": "0.0",
        "calibration_constant": "16.0",
        "focal_distance": "1000.0",
        "min_fstop": "1.2",
        "blade_count": "5",
        "blur_amount": "0.0",
        "blur_radius": "0.0",
        "slope": "0.88",
        "toe": "0.55",
        "white_clip": "0.04",
        "shoulder": "0.26",
        "black_clip": "0.0",
        "temp": "6500.0",
        "chromatic_aberration_intensity": "0.0"
      },
      "transform_carla": {
        "location": {
          "x": 78.34017181396484,
          "y": -61.35220718383789,
          "z": 1.70595121383667
        },
        "rotation": {
          "roll": 0.3516431152820587,
          "pitch": 0.21048593521118164,
          "yaw": 73.27737426757812
        }
      },
      "matrix_world_from_sensor_carla": [
        [
          0.2877368628978729,
          -0.957684338092804,
          -0.006934774573892355,
          78.34017181396484
        ],
        [
          0.9577024579048157,
          0.28775498270988464,
          -0.001752298092469573,
          -61.35220718383789
        ],
        [
          0.003673664527013898,
          -0.006137249991297722,
          0.9999744296073914,
          1.70595121383667
        ],
        [
          0.0,
          0.0,
          0.0,
          1.0
        ]
      ],
      "matrix_world_from_sensor_bevfusion": [
        [
          -0.957684338092804,
          0.006934774573892355,
          0.2877368628978729,
          78.34017181396484
        ],
        [
          -0.28775498270988464,
          -0.001752298092469573,
          -0.9577024579048157,
          61.35220718383789
        ],
        [
          -0.006137249991297722,
          -0.9999744296073914,
          0.003673664527013898,
          1.70595121383667
        ],
        [
          0.0,
          0.0,
          0.0,
          1.0
        ]
      ],
      "matrix_ego_from_sensor_carla": [
        [
          -0.5735772848129272,
          0.8191514611244202,
          -1.4678764159725688e-07,
          -1.2999954223632812
        ],
        [
          -0.8191515207290649,
          -0.5735772252082825,
          -1.1789286702423851e-07,
          -0.5500030517578125
        ],
        [
          -1.8078287666867254e-07,
          5.215810361391959e-08,
          1.0,
          1.6999999284744263
        ],
        [
          0.0,
          0.0,
          0.0,
          1.0
        ]
      ],
      "matrix_ego_from_sensor_bevfusion": [
        [
          0.8191514611244202,
          1.4678764159725688e-07,
          -0.5735772848129272,
          -1.2999954223632812
        ],
        [
          0.5735772252082825,
          -1.1789286702423851e-07,
          0.8191515207290649,
          0.5500030517578125
        ],
        [
          5.215810361391959e-08,
          -1.0,
          -1.8078287666867254e-07,
          1.6999999284744263
        ],
        [
          0.0,
          0.0,
          0.0,
          1.0
        ]
      ],
      "camera_intrinsics": [
        [
          685.5110473632812,
          0.0,
          480.0
        ],
        [
          0.0,
          685.5110473632812,
          270.0
        ],
        [
          0.0,
          0.0,
          1.0
        ]
      ],
      "data_path": "D:\\Agent-AI\\outputs\\s3a_ml_long_v2\\sample_000090\\images\\CAM_BACK_LEFT.png",
      "raw_layout": "bgra8"
    },
    "CAM_BACK_RIGHT": {
      "type_id": "sensor.camera.rgb",
      "blueprint_attributes": {
        "role_name": "front",
        "ros_name": "sensor.camera.rgb",
        "chromatic_aberration_offset": "0.0",
        "sensor_tick": "0.100000",
        "fstop": "1.4",
        "image_size_x": "960",
        "image_size_y": "540",
        "fov": "70.00",
        "lens_circle_falloff": "5.0",
        "lens_circle_multiplier": "0.0",
        "exposure_compensation": "0.0",
        "lens_y_size": "0.08",
        "lens_k": "-1.0",
        "exposure_mode": "histogram",
        "lens_kcube": "0.0",
        "lens_x_size": "0.08",
        "exposure_max_bright": "12.0",
        "shutter_speed": "200.0",
        "bloom_intensity": "0.675",
        "iso": "100.0",
        "enable_postprocess_effects": "false",
        "gamma": "2.2",
        "motion_blur_intensity": "0.0",
        "motion_blur_max_distortion": "0.35",
        "lens_flare_intensity": "0.1",
        "motion_blur_min_object_screen_size": "0.1",
        "exposure_min_bright": "10.0",
        "exposure_speed_up": "3.0",
        "exposure_speed_down": "1.0",
        "tint": "0.0",
        "calibration_constant": "16.0",
        "focal_distance": "1000.0",
        "min_fstop": "1.2",
        "blade_count": "5",
        "blur_amount": "0.0",
        "blur_radius": "0.0",
        "slope": "0.88",
        "toe": "0.55",
        "white_clip": "0.04",
        "shoulder": "0.26",
        "black_clip": "0.0",
        "temp": "6500.0",
        "chromatic_aberration_intensity": "0.0"
      },
      "transform_carla": {
        "location": {
          "x": 78.68514251708984,
          "y": -62.3967170715332,
          "z": 1.7065130472183228
        },
        "rotation": {
          "roll": -0.3180713653564453,
          "pitch": 0.25844067335128784,
          "yaw": -36.72395324707031
        }
      },
      "matrix_world_from_sensor_carla": [
        [
          0.8015175461769104,
          0.5979309678077698,
          -0.006934821605682373,
          78.68514251708984
        ],
        [
          -0.5979542136192322,
          0.80152827501297,
          -0.0017524280119687319,
          -62.3967170715332
        ],
        [
          0.0045106252655386925,
          0.005551307462155819,
          0.9999743700027466,
          1.7065130472183228
        ],
        [
          0.0,
          0.0,
          0.0,
          1.0
        ]
      ],
      "matrix_world_from_sensor_bevfusion": [
        [
          0.5979309678077698,
          0.006934821605682373,
          0.8015175461769104,
          78.68514251708984
        ],
        [
          -0.80152827501297,
          -0.0017524280119687319,
          0.5979542136192322,
          62.3967170715332
        ],
        [
          0.005551307462155819,
          -0.9999743700027466,
          0.0045106252655386925,
          1.7065130472183228
        ],
        [
          0.0,
          0.0,
          0.0,
          1.0
        ]
      ],
      "matrix_ego_from_sensor_carla": [
        [
          -0.5735761523246765,
          -0.8191521167755127,
          -6.068070490528044e-08,
          -1.2999992370605469
        ],
        [
          0.8191522359848022,
          -0.5735761523246765,
          -9.249611743200603e-09,
          0.5499954223632812
        ],
        [
          -2.7328475482590875e-08,
          -5.5336112581017005e-08,
          0.9999999403953552,
          1.6999998092651367
        ],
        [
          0.0,
          0.0,
          0.0,
          1.0
        ]
      ],
      "matrix_ego_from_sensor_bevfusion": [
        [
          -0.8191521167755127,
          6.068070490528044e-08,
          -0.5735761523246765,
          -1.2999992370605469
        ],
        [
          0.5735761523246765,
          -9.249611743200603e-09,
          -0.8191522359848022,
          -0.5499954223632812
        ],
        [
          -5.5336112581017005e-08,
          -0.9999999403953552,
          -2.7328475482590875e-08,
          1.6999998092651367
        ],
        [
          0.0,
          0.0,
          0.0,
          1.0
        ]
      ],
      "camera_intrinsics": [
        [
          685.5110473632812,
          0.0,
          480.0
        ],
        [
          0.0,
          685.5110473632812,
          270.0
        ],
        [
          0.0,
          0.0,
          1.0
        ]
      ],
      "data_path": "D:\\Agent-AI\\outputs\\s3a_ml_long_v2\\sample_000090\\images\\CAM_BACK_RIGHT.png",
      "raw_layout": "bgra8"
    },
    "LIDAR_TOP": {
      "type_id": "sensor.lidar.ray_cast",
      "blueprint_attributes": {
        "atmosphere_attenuation_rate": "0.004",
        "role_name": "front",
        "noise_seed": "0",
        "upper_fov": "10.0",
        "ros_name": "sensor.lidar.ray_cast",
        "sensor_tick": "0.100000",
        "channels": "32",
        "range": "120.0",
        "points_per_second": "360000",
        "lower_fov": "-30.0",
        "rotation_frequency": "10.000000",
        "horizontal_fov": "360.0",
        "dropoff_general_rate": "0.0",
        "dropoff_intensity_limit": "1.0",
        "noise_stddev": "0.0",
        "dropoff_zero_intensity": "0.0"
      },
      "transform_carla": {
        "location": {
          "x": 77.2748031616211,
          "y": -62.28302001953125,
          "z": 2.19694447517395
        },
        "rotation": {
          "roll": -0.02926635928452015,
          "pitch": -0.408786803483963,
          "yaw": -161.72311401367188
        }
      },
      "matrix_world_from_sensor_carla": [
        [
          -0.94952791929245,
          0.3136059045791626,
          -0.006934877019375563,
          77.2748031616211
        ],
        [
          -0.31360140442848206,
          -0.9495530724525452,
          -0.001752456184476614,
          -62.28302001953125
        ],
        [
          -0.0071346149779856205,
          0.0005107813631184399,
          0.9999744296073914,
          2.19694447517395
        ],
        [
          0.0,
          0.0,
          0.0,
          1.0
        ]
      ],
      "matrix_world_from_sensor_bevfusion": [
        [
          -0.94952791929245,
          -0.3136059045791626,
          -0.006934877019375563,
          77.2748031616211
        ],
        [
          0.31360140442848206,
          -0.9495530724525452,
          0.001752456184476614,
          62.28302001953125
        ],
        [
          -0.0071346149779856205,
          -0.0005107813631184399,
          0.9999744296073914,
          2.19694447517395
        ],
        [
          0.0,
          0.0,
          0.0,
          1.0
        ]
      ],
      "matrix_ego_from_sensor_carla": [
        [
          1.0000001192092896,
          -2.1622770240981026e-09,
          3.6133085412615173e-10,
          3.814697265625e-06
        ],
        [
          1.803511828768478e-08,
          1.0,
          9.405881629120927e-11,
          0.0
        ],
        [
          -1.0431852603964842e-10,
          3.584371341402992e-11,
          1.0,
          2.200000047683716
        ],
        [
          0.0,
          0.0,
          0.0,
          1.0
        ]
      ],
      "matrix_ego_from_sensor_bevfusion": [
        [
          1.0000001192092896,
          2.1622770240981026e-09,
          3.6133085412615173e-10,
          3.814697265625e-06
        ],
        [
          -1.803511828768478e-08,
          1.0,
          -9.405881629120927e-11,
          0.0
        ],
        [
          -1.0431852603964842e-10,
          -3.584371341402992e-11,
          1.0,
          2.200000047683716
        ],
        [
          0.0,
          0.0,
          0.0,
          1.0
        ]
      ],
      "data_path": "D:\\Agent-AI\\outputs\\s3a_ml_long_v2\\sample_000090\\lidar\\LIDAR_TOP.npy",
      "raw_layout": [
        "x",
        "y",
        "z",
        "intensity"
      ]
    },
    "RADAR_FRONT": {
      "type_id": "sensor.other.radar",
      "blueprint_attributes": {
        "sensor_tick": "0.100000",
        "role_name": "default",
        "noise_seed": "0",
        "ros_name": "sensor.other.radar",
        "horizontal_fov": "35.0",
        "points_per_second": "1500",
        "vertical_fov": "20.0",
        "range": "120.0"
      },
      "transform_carla": {
        "location": {
          "x": 75.384765625,
          "y": -62.90794372558594,
          "z": 0.8827085494995117
        },
        "rotation": {
          "roll": -0.02926635928452015,
          "pitch": -0.408786803483963,
          "yaw": -161.72311401367188
        }
      },
      "matrix_world_from_sensor_carla": [
        [
          -0.94952791929245,
          0.3136059045791626,
          -0.006934877019375563,
          75.384765625
        ],
        [
          -0.31360140442848206,
          -0.9495530724525452,
          -0.001752456184476614,
          -62.90794372558594
        ],
        [
          -0.0071346149779856205,
          0.0005107813631184399,
          0.9999744296073914,
          0.8827085494995117
        ],
        [
          0.0,
          0.0,
          0.0,
          1.0
        ]
      ],
      "matrix_world_from_sensor_bevfusion": [
        [
          -0.94952791929245,
          -0.3136059045791626,
          -0.006934877019375563,
          75.384765625
        ],
        [
          0.31360140442848206,
          -0.9495530724525452,
          0.001752456184476614,
          62.90794372558594
        ],
        [
          -0.0071346149779856205,
          -0.0005107813631184399,
          0.9999744296073914,
          0.8827085494995117
        ],
        [
          0.0,
          0.0,
          0.0,
          1.0
        ]
      ],
      "matrix_ego_from_sensor_carla": [
        [
          1.0000001192092896,
          -2.1622770240981026e-09,
          3.6133085412615173e-10,
          1.9999961853027344
        ],
        [
          1.803511828768478e-08,
          1.0,
          9.405881629120927e-11,
          0.0
        ],
        [
          -1.0431852603964842e-10,
          3.584371341402992e-11,
          1.0,
          0.9000000357627869
        ],
        [
          0.0,
          0.0,
          0.0,
          1.0
        ]
      ],
      "matrix_ego_from_sensor_bevfusion": [
        [
          1.0000001192092896,
          2.1622770240981026e-09,
          3.6133085412615173e-10,
          1.9999961853027344
        ],
        [
          -1.803511828768478e-08,
          1.0,
          -9.405881629120927e-11,
          0.0
        ],
        [
          -1.0431852603964842e-10,
          -3.584371341402992e-11,
          1.0,
          0.9000000357627869
        ],
        [
          0.0,
          0.0,
          0.0,
          1.0
        ]
      ],
      "data_path": "D:\\Agent-AI\\outputs\\s3a_ml_long_v2\\sample_000090\\radar\\RADAR_FRONT.npy",
      "raw_layout": [
        "velocity",
        "altitude",
        "azimuth",
        "depth"
      ]
    },
    "RADAR_FRONT_LEFT": {
      "type_id": "sensor.other.radar",
      "blueprint_attributes": {
        "sensor_tick": "0.100000",
        "role_name": "default",
        "noise_seed": "0",
        "ros_name": "sensor.other.radar",
        "horizontal_fov": "35.0",
        "points_per_second": "1500",
        "vertical_fov": "20.0",
        "range": "120.0"
      },
      "transform_carla": {
        "location": {
          "x": 75.48189544677734,
          "y": -62.08601760864258,
          "z": 0.88482266664505
        },
        "rotation": {
          "roll": 0.2683616578578949,
          "pitch": -0.3097422420978546,
          "yaw": 153.27603149414062
        }
      },
      "matrix_world_from_sensor_carla": [
        [
          -0.8931702971458435,
          -0.4496651887893677,
          -0.0069347526878118515,
          75.48189544677734
        ],
        [
          0.4496861696243286,
          -0.8931849598884583,
          -0.001752461539581418,
          -62.08601760864258
        ],
        [
          -0.005405995529145002,
          -0.004683708772063255,
          0.9999744296073914,
          0.88482266664505
        ],
        [
          0.0,
          0.0,
          0.0,
          1.0
        ]
      ],
      "matrix_world_from_sensor_bevfusion": [
        [
          -0.8931702971458435,
          0.4496651887893677,
          -0.0069347526878118515,
          75.48189544677734
        ],
        [
          -0.4496861696243286,
          -0.8931849598884583,
          0.001752461539581418,
          62.08601760864258
        ],
        [
          -0.005405995529145002,
          0.004683708772063255,
          0.9999744296073914,
          0.88482266664505
        ],
        [
          0.0,
          0.0,
          0.0,
          1.0
        ]
      ],
      "matrix_ego_from_sensor_carla": [
        [
          0.7071064710617065,
          0.7071071863174438,
          -1.1651965081682647e-07,
          1.6500015258789062
        ],
        [
          -0.7071071267127991,
          0.7071065306663513,
          4.4273672727968005e-08,
          -0.75
        ],
        [
          1.1401903776686595e-07,
          5.131206393116372e-08,
          1.0,
          0.9000000953674316
        ],
        [
          0.0,
          0.0,
          0.0,
          1.0
        ]
      ],
      "matrix_ego_from_sensor_bevfusion": [
        [
          0.7071064710617065,
          -0.7071071863174438,
          -1.1651965081682647e-07,
          1.6500015258789062
        ],
        [
          0.7071071267127991,
          0.7071065306663513,
          -4.4273672727968005e-08,
          0.75
        ],
        [
          1.1401903776686595e-07,
          -5.131206393116372e-08,
          1.0,
          0.9000000953674316
        ],
        [
          0.0,
          0.0,
          0.0,
          1.0
        ]
      ],
      "data_path": "D:\\Agent-AI\\outputs\\s3a_ml_long_v2\\sample_000090\\radar\\RADAR_FRONT_LEFT.npy",
      "raw_layout": [
        "velocity",
        "altitude",
        "azimuth",
        "depth"
      ]
    },
    "RADAR_FRONT_RIGHT": {
      "type_id": "sensor.other.radar",
      "blueprint_attributes": {
        "sensor_tick": "0.100000",
        "role_name": "default",
        "noise_seed": "0",
        "ros_name": "sensor.other.radar",
