{
  "schema_version": "stage1.v1",
  "sample_name": "sample_000021",
  "sequence_index": 21,
  "previous_sample_name": "sample_000020",
  "frame_id": 3941,
  "timestamp": 41.23108657822013,
  "platform_timestamp": 16816490.8374628,
  "delta_seconds": 0.10000000149011612,
  "town": "Carla/Maps/Town10HD_Opt",
  "weather": {
    "cloudiness": 20.0,
    "dust_storm": 0.0,
    "fog_density": 2.0,
    "fog_distance": 0.75,
    "fog_falloff": 0.10000000149011612,
    "mie_scattering_scale": 0.029999999329447746,
    "precipitation": 0.0,
    "precipitation_deposits": 0.0,
    "rayleigh_scattering_scale": 0.03310000151395798,
    "scattering_intensity": 1.0,
    "sun_altitude_angle": 45.0,
    "sun_azimuth_angle": 300.0,
    "wetness": 0.0,
    "wind_intensity": 10.0
  },
  "sensor_names": [
    "CAM_FRONT",
    "CAM_FRONT_RIGHT",
    "CAM_FRONT_LEFT",
    "CAM_BACK",
    "CAM_BACK_LEFT",
    "CAM_BACK_RIGHT",
    "LIDAR_TOP",
    "RADAR_FRONT",
    "RADAR_FRONT_LEFT",
    "RADAR_FRONT_RIGHT",
    "RADAR_BACK_LEFT",
    "RADAR_BACK_RIGHT"
  ],
  "camera_order_for_model": [
    "CAM_FRONT",
    "CAM_FRONT_RIGHT",
    "CAM_FRONT_LEFT",
    "CAM_BACK",
    "CAM_BACK_LEFT",
    "CAM_BACK_RIGHT"
  ],
  "radar_order_for_model": [
    "RADAR_FRONT",
    "RADAR_FRONT_LEFT",
    "RADAR_FRONT_RIGHT",
    "RADAR_BACK_LEFT",
    "RADAR_BACK_RIGHT"
  ],
  "coordinate_notes": {
    "carla_world": "left-handed x-forward y-right z-up",
    "bevfusion_lidar": "x-forward y-left z-up",
    "camera_frame_for_model": "OpenCV style x-right y-down z-forward"
  },
  "ego": {
    "actor_id": 24,
    "transform_carla": {
      "location": {
        "x": 108.53477478027344,
        "y": -33.34800720214844,
        "z": -0.0011901473626494408
      },
      "rotation": {
        "roll": 0.3356010317802429,
        "pitch": -0.876982569694519,
        "yaw": -102.8546142578125
      }
    },
    "velocity_carla": [
      -0.9330875873565674,
      -3.943478584289551,
      -0.0038614559452980757
    ],
    "angular_velocity_carla": [
      5.341821670532227,
      -2.9639134407043457,
      -7.348526477813721
    ],
    "matrix_world_from_ego_carla": [
      [
        -0.22245188057422638,
        0.9749409556388855,
        0.0023054040502756834,
        108.53477478027344
      ],
      [
        -0.974823534488678,
        -0.22238671779632568,
        -0.016224907711148262,
        -33.34800720214844
      ],
      [
        -0.015305635519325733,
        -0.005856623407453299,
        0.999865710735321,
        -0.0011901473626494408
      ],
      [
        0.0,
        0.0,
        0.0,
        1.0
      ]
    ],
    "matrix_world_from_ego_bevfusion": [
      [
        -0.22245188057422638,
        -0.9749409556388855,
        0.0023054040502756834,
        108.53477478027344
      ],
      [
        0.974823534488678,
        -0.22238671779632568,
        0.016224907711148262,
        33.34800720214844
      ],
      [
        -0.015305635519325733,
        0.005856623407453299,
        0.999865710735321,
        -0.0011901473626494408
      ],
      [
        0.0,
        0.0,
        0.0,
        1.0
      ]
    ]
  },
  "sensors": {
    "CAM_FRONT": {
      "type_id": "sensor.camera.rgb",
      "blueprint_attributes": {
        "role_name": "front",
        "ros_name": "sensor.camera.rgb",
        "chromatic_aberration_offset": "0.0",
        "sensor_tick": "0.100000",
        "fstop": "1.4",
        "image_size_x": "960",
        "image_size_y": "540",
        "fov": "70.00",
        "lens_circle_falloff": "5.0",
        "lens_circle_multiplier": "0.0",
        "exposure_compensation": "0.0",
        "lens_y_size": "0.08",
        "lens_k": "-1.0",
        "exposure_mode": "histogram",
        "lens_kcube": "0.0",
        "lens_x_size": "0.08",
        "exposure_max_bright": "12.0",
        "shutter_speed": "200.0",
        "bloom_intensity": "0.675",
        "iso": "100.0",
        "enable_postprocess_effects": "false",
        "gamma": "2.2",
        "motion_blur_intensity": "0.0",
        "motion_blur_max_distortion": "0.35",
        "lens_flare_intensity": "0.1",
        "motion_blur_min_object_screen_size": "0.1",
        "exposure_min_bright": "10.0",
        "exposure_speed_up": "3.0",
        "exposure_speed_down": "1.0",
        "tint": "0.0",
        "calibration_constant": "16.0",
        "focal_distance": "1000.0",
        "min_fstop": "1.2",
        "blade_count": "5",
        "blur_amount": "0.0",
        "blur_radius": "0.0",
        "slope": "0.88",
        "toe": "0.55",
        "white_clip": "0.04",
        "shoulder": "0.26",
        "black_clip": "0.0",
        "temp": "6500.0",
        "chromatic_aberration_intensity": "0.0"
      },
      "transform_carla": {
        "location": {
          "x": 108.19389343261719,
          "y": -34.886566162109375,
          "z": 1.67485773563385
        },
        "rotation": {
          "roll": 0.3356010317802429,
          "pitch": -0.876982569694519,
          "yaw": -102.8546142578125
        }
      },
      "matrix_world_from_sensor_carla": [
        [
          -0.22245188057422638,
          0.9749409556388855,
          0.0023054040502756834,
          108.19389343261719
        ],
        [
          -0.974823534488678,
          -0.22238671779632568,
          -0.016224907711148262,
          -34.886566162109375
        ],
        [
          -0.015305635519325733,
          -0.005856623407453299,
          0.999865710735321,
          1.67485773563385
        ],
        [
          0.0,
          0.0,
          0.0,
          1.0
        ]
      ],
      "matrix_world_from_sensor_bevfusion": [
        [
          0.9749409556388855,
          -0.0023054040502756834,
          -0.22245188057422638,
          108.19389343261719
        ],
        [
          0.22238671779632568,
          -0.016224907711148262,
          0.974823534488678,
          34.886566162109375
        ],
        [
          -0.005856623407453299,
          -0.999865710735321,
          -0.015305635519325733,
          1.67485773563385
        ],
        [
          0.0,
          0.0,
          0.0,
          1.0
        ]
      ],
      "matrix_ego_from_sensor_carla": [
        [
          1.0,
          1.4934091296936458e-08,
          -4.638284201163856e-11,
          1.5500011444091797
        ],
        [
          3.2930852489343465e-11,
          1.0,
          -2.0263374311824123e-11,
          0.0
        ],
        [
          -4.638284201163856e-11,
          -2.0263374311824123e-11,
          1.0,
          1.7000000476837158
        ],
        [
          0.0,
          0.0,
          0.0,
          1.0
        ]
      ],
      "matrix_ego_from_sensor_bevfusion": [
        [
          1.4934091296936458e-08,
          4.638284201163856e-11,
          1.0,
          1.5500011444091797
        ],
        [
          -1.0,
          -2.0263374311824123e-11,
          -3.2930852489343465e-11,
          0.0
        ],
        [
          -2.0263374311824123e-11,
          -1.0,
          -4.638284201163856e-11,
          1.7000000476837158
        ],
        [
          0.0,
          0.0,
          0.0,
          1.0
        ]
      ],
      "camera_intrinsics": [
        [
          685.5110473632812,
          0.0,
          480.0
        ],
        [
          0.0,
          685.5110473632812,
          270.0
        ],
        [
          0.0,
          0.0,
          1.0
        ]
      ],
      "data_path": "D:\\Agent-AI\\outputs\\s3a_left_v3\\sample_000021\\images\\CAM_FRONT.png",
      "raw_layout": "bgra8"
    },
    "CAM_FRONT_RIGHT": {
      "type_id": "sensor.camera.rgb",
      "blueprint_attributes": {
        "role_name": "front",
        "ros_name": "sensor.camera.rgb",
        "chromatic_aberration_offset": "0.0",
        "sensor_tick": "0.100000",
        "fstop": "1.4",
        "image_size_x": "960",
        "image_size_y": "540",
        "fov": "70.00",
        "lens_circle_falloff": "5.0",
        "lens_circle_multiplier": "0.0",
        "exposure_compensation": "0.0",
        "lens_y_size": "0.08",
        "lens_k": "-1.0",
        "exposure_mode": "histogram",
        "lens_kcube": "0.0",
        "lens_x_size": "0.08",
        "exposure_max_bright": "12.0",
        "shutter_speed": "200.0",
        "bloom_intensity": "0.675",
        "iso": "100.0",
        "enable_postprocess_effects": "false",
        "gamma": "2.2",
        "motion_blur_intensity": "0.0",
        "motion_blur_max_distortion": "0.35",
        "lens_flare_intensity": "0.1",
        "motion_blur_min_object_screen_size": "0.1",
        "exposure_min_bright": "10.0",
        "exposure_speed_up": "3.0",
        "exposure_speed_down": "1.0",
        "tint": "0.0",
        "calibration_constant": "16.0",
        "focal_distance": "1000.0",
        "min_fstop": "1.2",
        "blade_count": "5",
        "blur_amount": "0.0",
        "blur_radius": "0.0",
        "slope": "0.88",
        "toe": "0.55",
        "white_clip": "0.04",
        "shoulder": "0.26",
        "black_clip": "0.0",
        "temp": "6500.0",
        "chromatic_aberration_intensity": "0.0"
      },
      "transform_carla": {
        "location": {
          "x": 108.78572082519531,
          "y": -34.76517105102539,
          "z": 1.675463080406189
        },
        "rotation": {
          "roll": -0.5259414315223694,
          "pitch": -0.77789705991745,
          "yaw": -47.84843826293945
        }
      },
      "matrix_world_from_sensor_carla": [
        [
          0.671032190322876,
          0.7414246201515198,
          0.0023054261691868305,
          108.78572082519531
        ],
        [
          -0.7413039207458496,
          0.6709734201431274,
          -0.0162249393761158,
          -34.76517105102539
        ],
        [
          -0.0135764479637146,
          0.009178435429930687,
          0.999865710735321,
          1.675463080406189
        ],
        [
          0.0,
          0.0,
          0.0,
          1.0
        ]
      ],
      "matrix_world_from_sensor_bevfusion": [
        [
          0.7414246201515198,
          -0.0023054261691868305,
          0.671032190322876,
          108.78572082519531
        ],
        [
          -0.6709734201431274,
          -0.0162249393761158,
          0.7413039207458496,
          34.76517105102539
        ],
        [
          0.009178435429930687,
          -0.999865710735321,
          -0.0135764479637146,
          1.675463080406189
        ],
        [
          0.0,
          0.0,
          0.0,
          1.0
        ]
      ],
      "matrix_ego_from_sensor_carla": [
        [
          0.5735759139060974,
          -0.8191524744033813,
          2.603064963579982e-08,
          1.3000001907348633
        ],
        [
          0.8191524147987366,
          0.5735759139060974,
          2.8385075623305056e-08,
          0.5500030517578125
        ],
        [
          -3.667996750778002e-08,
          4.2310341896723e-09,
          1.0,
          1.7000000476837158
        ],
        [
          0.0,
          0.0,
          0.0,
          1.0
        ]
      ],
      "matrix_ego_from_sensor_bevfusion": [
        [
          -0.8191524744033813,
          -2.603064963579982e-08,
          0.5735759139060974,
          1.3000001907348633
        ],
        [
          -0.5735759139060974,
          2.8385075623305056e-08,
          -0.8191524147987366,
          -0.5500030517578125
        ],
        [
          4.2310341896723e-09,
          -1.0,
          -3.667996750778002e-08,
          1.7000000476837158
        ],
        [
          0.0,
          0.0,
          0.0,
          1.0
        ]
      ],
      "camera_intrinsics": [
        [
          685.5110473632812,
          0.0,
          480.0
        ],
        [
          0.0,
          685.5110473632812,
          270.0
        ],
        [
          0.0,
          0.0,
          1.0
        ]
      ],
      "data_path": "D:\\Agent-AI\\outputs\\s3a_left_v3\\sample_000021\\images\\CAM_FRONT_RIGHT.png",
      "raw_layout": "bgra8"
    },
    "CAM_FRONT_LEFT": {
      "type_id": "sensor.camera.rgb",
      "blueprint_attributes": {
        "role_name": "front",
        "ros_name": "sensor.camera.rgb",
        "chromatic_aberration_offset": "0.0",
        "sensor_tick": "0.100000",
        "fstop": "1.4",
        "image_size_x": "960",
        "image_size_y": "540",
        "fov": "70.00",
        "lens_circle_falloff": "5.0",
        "lens_circle_multiplier": "0.0",
        "exposure_compensation": "0.0",
        "lens_y_size": "0.08",
        "lens_k": "-1.0",
        "exposure_mode": "histogram",
        "lens_kcube": "0.0",
        "lens_x_size": "0.08",
        "exposure_max_bright": "12.0",
        "shutter_speed": "200.0",
        "bloom_intensity": "0.675",
        "iso": "100.0",
        "enable_postprocess_effects": "false",
        "gamma": "2.2",
        "motion_blur_intensity": "0.0",
        "motion_blur_max_distortion": "0.35",
        "lens_flare_intensity": "0.1",
        "motion_blur_min_object_screen_size": "0.1",
        "exposure_min_bright": "10.0",
        "exposure_speed_up": "3.0",
        "exposure_speed_down": "1.0",
        "tint": "0.0",
        "calibration_constant": "16.0",
        "focal_distance": "1000.0",
        "min_fstop": "1.2",
        "blade_count": "5",
        "blur_amount": "0.0",
        "blur_radius": "0.0",
        "slope": "0.88",
        "toe": "0.55",
        "white_clip": "0.04",
        "shoulder": "0.26",
        "black_clip": "0.0",
        "temp": "6500.0",
        "chromatic_aberration_intensity": "0.0"
      },
      "transform_carla": {
        "location": {
          "x": 107.71328735351562,
          "y": -34.52054977416992,
          "z": 1.6819052696228027
        },
        "rotation": {
          "roll": 0.9108695983886719,
          "pitch": -0.22812147438526154,
          "yaw": -157.8538360595703
        }
      },
      "matrix_world_from_sensor_carla": [
        [
          -0.9262179136276245,
          0.37698158621788025,
          0.002305439440533519,
          107.71328735351562
        ],
        [
          -0.3769676089286804,
          -0.9260843396186829,
          -0.016224907711148262,
          -34.52054977416992
        ],
        [
          -0.003981459885835648,
          -0.01589687541127205,
          0.999865710735321,
          1.6819052696228027
        ],
        [
          0.0,
          0.0,
          0.0,
          1.0
        ]
      ],
      "matrix_world_from_sensor_bevfusion": [
        [
          0.37698158621788025,
          -0.002305439440533519,
          -0.9262179136276245,
          107.71328735351562
        ],
        [
          0.9260843396186829,
          -0.016224907711148262,
          0.3769676089286804,
          34.52054977416992
        ],
        [
          -0.01589687541127205,
          -0.999865710735321,
          -0.003981459885835648,
          1.6819052696228027
        ],
        [
          0.0,
          0.0,
          0.0,
          1.0
        ]
      ],
      "matrix_ego_from_sensor_carla": [
        [
          0.5735767483711243,
          0.8191518783569336,
          -7.496963050357408e-09,
          1.3000049591064453
        ],
        [
          -0.8191519379615784,
          0.5735767483711243,
          3.443867058194883e-08,
          -0.5499954223632812
        ],
        [
          3.268445425419486e-08,
          -1.2850147612653018e-08,
          1.0,
          1.7000000476837158
        ],
        [
          0.0,
          0.0,
          0.0,
          1.0
        ]
      ],
      "matrix_ego_from_sensor_bevfusion": [
        [
          0.8191518783569336,
          7.496963050357408e-09,
          0.5735767483711243,
          1.3000049591064453
        ],
        [
          -0.5735767483711243,
          3.443867058194883e-08,
          0.8191519379615784,
          0.5499954223632812
        ],
        [
          -1.2850147612653018e-08,
          -1.0,
          3.268445425419486e-08,
          1.7000000476837158
        ],
        [
          0.0,
          0.0,
          0.0,
          1.0
        ]
      ],
      "camera_intrinsics": [
        [
          685.5110473632812,
          0.0,
          480.0
        ],
        [
          0.0,
          685.5110473632812,
          270.0
        ],
        [
          0.0,
          0.0,
          1.0
        ]
      ],
      "data_path": "D:\\Agent-AI\\outputs\\s3a_left_v3\\sample_000021\\images\\CAM_FRONT_LEFT.png",
      "raw_layout": "bgra8"
    },
    "CAM_BACK": {
      "type_id": "sensor.camera.rgb",
      "blueprint_attributes": {
        "role_name": "front",
        "ros_name": "sensor.camera.rgb",
        "chromatic_aberration_offset": "0.0",
        "sensor_tick": "0.100000",
        "fstop": "1.4",
        "image_size_x": "960",
        "image_size_y": "540",
        "fov": "70.00",
        "lens_circle_falloff": "5.0",
        "lens_circle_multiplier": "0.0",
        "exposure_compensation": "0.0",
        "lens_y_size": "0.08",
        "lens_k": "-1.0",
        "exposure_mode": "histogram",
        "lens_kcube": "0.0",
        "lens_x_size": "0.08",
        "exposure_max_bright": "12.0",
        "shutter_speed": "200.0",
        "bloom_intensity": "0.675",
        "iso": "100.0",
        "enable_postprocess_effects": "false",
        "gamma": "2.2",
        "motion_blur_intensity": "0.0",
        "motion_blur_max_distortion": "0.35",
        "lens_flare_intensity": "0.1",
        "motion_blur_min_object_screen_size": "0.1",
        "exposure_min_bright": "10.0",
        "exposure_speed_up": "3.0",
        "exposure_speed_down": "1.0",
        "tint": "0.0",
        "calibration_constant": "16.0",
        "focal_distance": "1000.0",
        "min_fstop": "1.2",
        "blade_count": "5",
        "blur_amount": "0.0",
        "blur_radius": "0.0",
        "slope": "0.88",
        "toe": "0.55",
        "white_clip": "0.04",
        "shoulder": "0.26",
        "black_clip": "0.0",
        "temp": "6500.0",
        "chromatic_aberration_intensity": "0.0"
      },
      "transform_carla": {
        "location": {
          "x": 108.88349151611328,
          "y": -31.864614486694336,
          "z": 1.7223052978515625
        },
        "rotation": {
          "roll": -0.33560067415237427,
          "pitch": 0.876982569694519,
          "yaw": 77.14540100097656
        }
      },
      "matrix_world_from_sensor_carla": [
        [
          0.2224515676498413,
          -0.9749410152435303,
          0.0023054033517837524,
          108.88349151611328
        ],
        [
          0.9748235940933228,
          0.2223864048719406,
          -0.016224905848503113,
          -31.864614486694336
        ],
        [
          0.015305635519325733,
          0.005856617353856564,
          0.999865710735321,
          1.7223052978515625
        ],
        [
          0.0,
          0.0,
          0.0,
          1.0
        ]
      ],
      "matrix_world_from_sensor_bevfusion": [
        [
          -0.9749410152435303,
          -0.0023054033517837524,
          0.2224515676498413,
          108.88349151611328
        ],
        [
          -0.2223864048719406,
          -0.016224905848503113,
          -0.9748235940933228,
          31.864614486694336
        ],
        [
          0.005856617353856564,
          -0.999865710735321,
          0.015305635519325733,
          1.7223052978515625
        ],
        [
          0.0,
          0.0,
          0.0,
          1.0
        ]
      ],
      "matrix_ego_from_sensor_carla": [
        [
          -1.0,
          3.051115129437676e-07,
          -9.777054721382683e-10,
          -1.5499968528747559
        ],
        [
          -3.11305683453611e-07,
          -0.9999999403953552,
          -9.51585921171727e-10,
          0.0
        ],
        [
          -1.8162622517081672e-09,
          -1.3759076100683387e-09,
          1.0,
          1.7000000476837158
        ],
        [
          0.0,
          0.0,
          0.0,
          1.0
        ]
      ],
      "matrix_ego_from_sensor_bevfusion": [
        [
          3.051115129437676e-07,
          9.777054721382683e-10,
          -1.0,
          -1.5499968528747559
        ],
        [
          0.9999999403953552,
          -9.51585921171727e-10,
          3.11305683453611e-07,
          0.0
        ],
        [
          -1.3759076100683387e-09,
          -1.0,
          -1.8162622517081672e-09,
          1.7000000476837158
        ],
        [
          0.0,
          0.0,
          0.0,
          1.0
        ]
      ],
      "camera_intrinsics": [
        [
          685.5110473632812,
          0.0,
          480.0
        ],
        [
          0.0,
          685.5110473632812,
          270.0
        ],
        [
          0.0,
          0.0,
          1.0
        ]
      ],
      "data_path": "D:\\Agent-AI\\outputs\\s3a_left_v3\\sample_000021\\images\\CAM_BACK.png",
      "raw_layout": "bgra8"
    },
    "CAM_BACK_LEFT": {
      "type_id": "sensor.camera.rgb",
      "blueprint_attributes": {
        "role_name": "front",
        "ros_name": "sensor.camera.rgb",
        "chromatic_aberration_offset": "0.0",
        "sensor_tick": "0.100000",
        "fstop": "1.4",
        "image_size_x": "960",
        "image_size_y": "540",
        "fov": "70.00",
        "lens_circle_falloff": "5.0",
        "lens_circle_multiplier": "0.0",
        "exposure_compensation": "0.0",
        "lens_y_size": "0.08",
        "lens_k": "-1.0",
        "exposure_mode": "histogram",
        "lens_kcube": "0.0",
        "lens_x_size": "0.08",
        "exposure_max_bright": "12.0",
        "shutter_speed": "200.0",
        "bloom_intensity": "0.675",
        "iso": "100.0",
        "enable_postprocess_effects": "false",
        "gamma": "2.2",
        "motion_blur_intensity": "0.0",
        "motion_blur_max_distortion": "0.35",
        "lens_flare_intensity": "0.1",
        "motion_blur_min_object_screen_size": "0.1",
        "exposure_min_bright": "10.0",
        "exposure_speed_up": "3.0",
        "exposure_speed_down": "1.0",
        "tint": "0.0",
        "calibration_constant": "16.0",
        "focal_distance": "1000.0",
        "min_fstop": "1.2",
        "blade_count": "5",
        "blur_amount": "0.0",
        "blur_radius": "0.0",
        "slope": "0.88",
        "toe": "0.55",
        "white_clip": "0.04",
        "shoulder": "0.26",
        "black_clip": "0.0",
        "temp": "6500.0",
        "chromatic_aberration_intensity": "0.0"
      },
      "transform_carla": {
        "location": {
          "x": 108.29165649414062,
          "y": -31.986005783081055,
          "z": 1.7216999530792236
        },
        "rotation": {
          "roll": 0.5259415507316589,
          "pitch": 0.77789705991745,
          "yaw": 132.15158081054688
        }
      },
      "matrix_world_from_sensor_carla": [
        [
          -0.6710324287414551,
          -0.7414243817329407,
          0.0023054294288158417,
          108.29165649414062
        ],
        [
          0.7413036823272705,
          -0.6709736585617065,
          -0.0162249393761158,
          -31.986005783081055
        ],
        [
          0.0135764479637146,
          -0.009178437292575836,
          0.999865710735321,
          1.7216999530792236
        ],
        [
          0.0,
          0.0,
          0.0,
          1.0
        ]
      ],
      "matrix_world_from_sensor_bevfusion": [
        [
          -0.7414243817329407,
          -0.0023054294288158417,
          -0.6710324287414551,
          108.29165649414062
        ],
        [
          0.6709736585617065,
          -0.0162249393761158,
          -0.7413036823272705,
          31.986005783081055
        ],
        [
          -0.009178437292575836,
          -0.999865710735321,
          0.0135764479637146,
          1.7216999530792236
        ],
        [
          0.0,
          0.0,
          0.0,
          1.0
        ]
      ],
      "matrix_ego_from_sensor_carla": [
        [
          -0.5735756158828735,
          0.8191526532173157,
          2.509932706118434e-08,
          -1.2999978065490723
        ],
        [
          -0.8191525936126709,
          -0.5735756158828735,
          3.164470285810239e-08,
          -0.5500030517578125
        ],
        [
          3.9473935231626456e-08,
          -2.3681390182161977e-09,
          1.0,
          1.7000000476837158
        ],
        [
          0.0,
          0.0,
          0.0,
          1.0
        ]
      ],
      "matrix_ego_from_sensor_bevfusion": [
        [
          0.8191526532173157,
          -2.509932706118434e-08,
          -0.5735756158828735,
          -1.2999978065490723
        ],
        [
          0.5735756158828735,
          3.164470285810239e-08,
          0.8191525936126709,
          0.5500030517578125
        ],
        [
          -2.3681390182161977e-09,
          -1.0,
          3.9473935231626456e-08,
          1.7000000476837158
        ],
        [
          0.0,
          0.0,
          0.0,
          1.0
        ]
      ],
      "camera_intrinsics": [
        [
          685.5110473632812,
          0.0,
          480.0
        ],
        [
          0.0,
          685.5110473632812,
          270.0
        ],
        [
          0.0,
          0.0,
          1.0
        ]
      ],
      "data_path": "D:\\Agent-AI\\outputs\\s3a_left_v3\\sample_000021\\images\\CAM_BACK_LEFT.png",
      "raw_layout": "bgra8"
    },
    "CAM_BACK_RIGHT": {
      "type_id": "sensor.camera.rgb",
      "blueprint_attributes": {
        "role_name": "front",
        "ros_name": "sensor.camera.rgb",
        "chromatic_aberration_offset": "0.0",
        "sensor_tick": "0.100000",
        "fstop": "1.4",
        "image_size_x": "960",
        "image_size_y": "540",
        "fov": "70.00",
        "lens_circle_falloff": "5.0",
        "lens_circle_multiplier": "0.0",
        "exposure_compensation": "0.0",
        "lens_y_size": "0.08",
        "lens_k": "-1.0",
        "exposure_mode": "histogram",
        "lens_kcube": "0.0",
        "lens_x_size": "0.08",
        "exposure_max_bright": "12.0",
        "shutter_speed": "200.0",
        "bloom_intensity": "0.675",
        "iso": "100.0",
        "enable_postprocess_effects": "false",
        "gamma": "2.2",
        "motion_blur_intensity": "0.0",
        "motion_blur_max_distortion": "0.35",
        "lens_flare_intensity": "0.1",
        "motion_blur_min_object_screen_size": "0.1",
        "exposure_min_bright": "10.0",
        "exposure_speed_up": "3.0",
        "exposure_speed_down": "1.0",
        "tint": "0.0",
        "calibration_constant": "16.0",
        "focal_distance": "1000.0",
        "min_fstop": "1.2",
        "blade_count": "5",
        "blur_amount": "0.0",
        "blur_radius": "0.0",
        "slope": "0.88",
        "toe": "0.55",
        "white_clip": "0.04",
        "shoulder": "0.26",
        "black_clip": "0.0",
        "temp": "6500.0",
        "chromatic_aberration_intensity": "0.0"
      },
      "transform_carla": {
        "location": {
          "x": 109.36409759521484,
          "y": -32.23063278198242,
          "z": 1.7152576446533203
        },
        "rotation": {
          "roll": -0.9108695983886719,
          "pitch": 0.22812147438526154,
          "yaw": 22.146146774291992
        }
      },
      "matrix_world_from_sensor_carla": [
        [
          0.9262179732322693,
          -0.37698137760162354,
          0.002305435948073864,
          109.36409759521484
        ],
        [
          0.3769674003124237,
          0.9260843992233276,
          -0.016224907711148262,
          -32.23063278198242
        ],
        [
          0.003981459885835648,
          0.01589687541127205,
          0.999865710735321,
          1.7152576446533203
        ],
        [
          0.0,
          0.0,
          0.0,
          1.0
        ]
      ],
      "matrix_world_from_sensor_bevfusion": [
        [
          -0.37698137760162354,
          -0.002305435948073864,
          0.9262179732322693,
          109.36409759521484
        ],
        [
          -0.9260843992233276,
          -0.016224907711148262,
          -0.3769674003124237,
          32.23063278198242
        ],
        [
          0.01589687541127205,
          -0.999865710735321,
          0.003981459885835648,
          1.7152576446533203
        ],
        [
          0.0,
          0.0,
          0.0,
          1.0
        ]
      ],
      "matrix_ego_from_sensor_carla": [
        [
          -0.5735765099525452,
          -0.8191519379615784,
          -6.565640919831139e-09,
          -1.2999963760375977
        ],
        [
          0.8191519975662231,
          -0.5735765695571899,
          3.117904157079465e-08,
          0.5499954223632812
        ],
        [
          -2.9424823466683847e-08,
          1.2850147612653018e-08,
          1.0,
          1.7000000476837158
        ],
        [
          0.0,
          0.0,
          0.0,
          1.0
        ]
      ],
      "matrix_ego_from_sensor_bevfusion": [
        [
          -0.8191519379615784,
          6.565640919831139e-09,
          -0.5735765099525452,
          -1.2999963760375977
        ],
        [
          0.5735765695571899,
          3.117904157079465e-08,
          -0.8191519975662231,
          -0.5499954223632812
        ],
        [
          1.2850147612653018e-08,
          -1.0,
          -2.9424823466683847e-08,
          1.7000000476837158
        ],
        [
          0.0,
          0.0,
          0.0,
          1.0
        ]
      ],
      "camera_intrinsics": [
        [
          685.5110473632812,
          0.0,
          480.0
        ],
        [
          0.0,
          685.5110473632812,
          270.0
        ],
        [
          0.0,
          0.0,
          1.0
        ]
      ],
      "data_path": "D:\\Agent-AI\\outputs\\s3a_left_v3\\sample_000021\\images\\CAM_BACK_RIGHT.png",
      "raw_layout": "bgra8"
    },
    "LIDAR_TOP": {
      "type_id": "sensor.lidar.ray_cast",
      "blueprint_attributes": {
        "atmosphere_attenuation_rate": "0.004",
        "role_name": "front",
        "noise_seed": "0",
        "upper_fov": "10.0",
        "ros_name": "sensor.lidar.ray_cast",
        "sensor_tick": "0.100000",
        "channels": "32",
        "range": "120.0",
        "points_per_second": "360000",
        "lower_fov": "-30.0",
        "rotation_frequency": "10.000000",
        "horizontal_fov": "360.0",
        "dropoff_general_rate": "0.0",
        "dropoff_intensity_limit": "1.0",
        "noise_stddev": "0.0",
        "dropoff_zero_intensity": "0.0"
      },
      "transform_carla": {
        "location": {
          "x": 108.53984069824219,
          "y": -33.38370132446289,
          "z": 2.198514461517334
        },
        "rotation": {
          "roll": 0.3356010317802429,
          "pitch": -0.876982569694519,
          "yaw": -102.8546142578125
        }
      },
      "matrix_world_from_sensor_carla": [
        [
          -0.22245188057422638,
          0.9749409556388855,
          0.0023054040502756834,
          108.53984069824219
        ],
        [
          -0.974823534488678,
          -0.22238671779632568,
          -0.016224907711148262,
          -33.38370132446289
        ],
        [
          -0.015305635519325733,
          -0.005856623407453299,
          0.999865710735321,
          2.198514461517334
        ],
        [
          0.0,
          0.0,
          0.0,
          1.0
        ]
      ],
      "matrix_world_from_sensor_bevfusion": [
        [
          -0.22245188057422638,
          -0.9749409556388855,
          0.0023054040502756834,
          108.53984069824219
        ],
        [
          0.974823534488678,
          -0.22238671779632568,
          0.016224907711148262,
          33.38370132446289
        ],
        [
          -0.015305635519325733,
          0.005856623407453299,
          0.999865710735321,
          2.198514461517334
        ],
        [
          0.0,
          0.0,
          0.0,
          1.0
        ]
      ],
      "matrix_ego_from_sensor_carla": [
        [
          1.0,
          1.4934091296936458e-08,
          -4.638284201163856e-11,
          2.86102294921875e-06
        ],
        [
          3.2930852489343465e-11,
          1.0,
          -2.0263374311824123e-11,
          0.0
        ],
        [
          -4.638284201163856e-11,
          -2.0263374311824123e-11,
          1.0,
          2.200000047683716
        ],
        [
          0.0,
          0.0,
          0.0,
          1.0
        ]
      ],
      "matrix_ego_from_sensor_bevfusion": [
        [
          1.0,
          -1.4934091296936458e-08,
          -4.638284201163856e-11,
          2.86102294921875e-06
        ],
        [
          -3.2930852489343465e-11,
          1.0,
          2.0263374311824123e-11,
          0.0
        ],
        [
          -4.638284201163856e-11,
          2.0263374311824123e-11,
          1.0,
          2.200000047683716
        ],
        [
          0.0,
          0.0,
          0.0,
          1.0
        ]
      ],
      "data_path": "D:\\Agent-AI\\outputs\\s3a_left_v3\\sample_000021\\lidar\\LIDAR_TOP.npy",
      "raw_layout": [
        "x",
        "y",
        "z",
        "intensity"
      ]
    },
    "RADAR_FRONT": {
      "type_id": "sensor.other.radar",
      "blueprint_attributes": {
        "sensor_tick": "0.100000",
        "role_name": "default",
        "noise_seed": "0",
        "ros_name": "sensor.other.radar",
        "horizontal_fov": "35.0",
        "points_per_second": "1500",
        "vertical_fov": "20.0",
        "range": "120.0"
      },
      "transform_carla": {
        "location": {
          "x": 108.0919418334961,
          "y": -35.312255859375,
          "z": 0.8680776953697205
        },
        "rotation": {
          "roll": 0.3356010317802429,
          "pitch": -0.876982569694519,
          "yaw": -102.8546142578125
        }
      },
      "matrix_world_from_sensor_carla": [
        [
          -0.22245188057422638,
          0.9749409556388855,
          0.0023054040502756834,
          108.0919418334961
        ],
        [
          -0.974823534488678,
          -0.22238671779632568,
          -0.016224907711148262,
          -35.312255859375
        ],
        [
          -0.015305635519325733,
          -0.005856623407453299,
          0.999865710735321,
          0.8680776953697205
        ],
        [
          0.0,
          0.0,
          0.0,
          1.0
        ]
      ],
      "matrix_world_from_sensor_bevfusion": [
        [
          -0.22245188057422638,
          -0.9749409556388855,
          0.0023054040502756834,
          108.0919418334961
        ],
        [
          0.974823534488678,
          -0.22238671779632568,
          0.016224907711148262,
          35.312255859375
        ],
        [
          -0.015305635519325733,
          0.005856623407453299,
          0.999865710735321,
          0.8680776953697205
        ],
        [
          0.0,
          0.0,
          0.0,
          1.0
        ]
      ],
      "matrix_ego_from_sensor_carla": [
        [
          1.0,
          1.4934091296936458e-08,
          -4.638284201163856e-11,
          2.000001907348633
        ],
        [
          3.2930852489343465e-11,
          1.0,
          -2.0263374311824123e-11,
          0.0
        ],
        [
          -4.638284201163856e-11,
          -2.0263374311824123e-11,
          1.0,
          0.8999999761581421
        ],
        [
          0.0,
          0.0,
          0.0,
          1.0
        ]
      ],
      "matrix_ego_from_sensor_bevfusion": [
        [
          1.0,
          -1.4934091296936458e-08,
          -4.638284201163856e-11,
          2.000001907348633
        ],
        [
          -3.2930852489343465e-11,
          1.0,
          2.0263374311824123e-11,
          0.0
        ],
        [
          -4.638284201163856e-11,
          2.0263374311824123e-11,
          1.0,
          0.8999999761581421
        ],
        [
          0.0,
          0.0,
          0.0,
          1.0
        ]
      ],
      "data_path": "D:\\Agent-AI\\outputs\\s3a_left_v3\\sample_000021\\radar\\RADAR_FRONT.npy",
      "raw_layout": [
        "velocity",
        "altitude",
        "azimuth",
        "depth"
      ]
    },
    "RADAR_FRONT_LEFT": {
      "type_id": "sensor.other.radar",
      "blueprint_attributes": {
        "sensor_tick": "0.100000",
        "role_name": "default",
        "noise_seed": "0",
        "ros_name": "sensor.other.radar",
        "horizontal_fov": "35.0",
        "points_per_second": "1500",
        "vertical_fov": "20.0",
        "range": "120.0"
      },
      "transform_carla": {
        "location": {
          "x": 107.4385986328125,
          "y": -34.80427932739258,
          "z": 0.8778271079063416
        },
        "rotation": {
          "roll": 0.8574245572090149,
          "pitch": -0.38282525539398193,
          "yaw": -147.85487365722656
        }
      },
      "matrix_world_from_sensor_carla": [
        [
          -0.8466841578483582,
          0.5320907235145569,
          0.002305380068719387,
          107.4385986328125
        ],
        [
          -0.5320538282394409,
          -0.8465549945831299,
          -0.016224941238760948,
          -34.80427932739258
        ],
        [
          -0.006681511178612709,
          -0.014963989146053791,
          0.999865710735321,
          0.8778271079063416
        ],
        [
          0.0,
          0.0,
          0.0,
          1.0
        ]
      ],
      "matrix_world_from_sensor_bevfusion": [
        [
          -0.8466841578483582,
          -0.5320907235145569,
          0.002305380068719387,
          107.4385986328125
        ],
        [
          0.5320538282394409,
          -0.8465549945831299,
          0.016224941238760948,
          34.80427932739258
        ],
        [
          -0.006681511178612709,
          0.014963989146053791,
          0.999865710735321,
          0.8778271079063416
        ],
        [
          0.0,
          0.0,
          0.0,
          1.0
        ]
      ],
      "matrix_ego_from_sensor_carla": [
        [
          0.7071073651313782,
          0.7071062326431274,
          3.81378413294442e-08,
          1.6500024795532227
        ],
        [
          -0.7071061730384827,
          0.7071072459220886,
          -1.5852746670930173e-08,
          -0.7499923706054688
        ],
        [
          -3.918962576676677e-08,
          -1.8917468480594835e-08,
          1.0,
          0.8999999761581421
        ],
        [
          0.0,
          0.0,
          0.0,
          1.0
        ]
      ],
      "matrix_ego_from_sensor_bevfusion": [
        [
          0.7071073651313782,
          -0.7071062326431274,
          3.81378413294442e-08,
          1.6500024795532227
        ],
        [
          0.7071061730384827,
          0.7071072459220886,
          1.5852746670930173e-08,
          0.7499923706054688
        ],
        [
          -3.918962576676677e-08,
          1.8917468480594835e-08,
          1.0,
          0.8999999761581421
        ],
        [
          0.0,
          0.0,
          0.0,
          1.0
        ]
      ],
      "data_path": "D:\\Agent-AI\\outputs\\s3a_left_v3\\sample_000021\\radar\\RADAR_FRONT_LEFT.npy",
      "raw_layout": [
        "velocity",
        "altitude",
        "azimuth",
        "depth"
      ]
    },
    "RADAR_FRONT_RIGHT": {
      "type_id": "sensor.other.radar",
      "blueprint_attributes": {
        "sensor_tick": "0.100000",
        "role_name": "default",
        "noise_seed": "0",
        "ros_name": "sensor.other.radar",
        "horizontal_fov": "35.0",
        "points_per_second": "1500",
        "vertical_fov": "20.0",
        "range": "120.0"
      },
      "transform_carla": {
        "location": {
