{
  "schema_version": "stage1.v1",
  "sample_name": "sample_000001",
  "sequence_index": 1,
  "previous_sample_name": "sample_000000",
  "frame_id": 60002,
  "timestamp": 435.1197007521987,
  "platform_timestamp": 16814561.1445087,
  "delta_seconds": 0.10000000149011612,
  "town": "Carla/Maps/Town10HD_Opt",
  "weather": {
    "cloudiness": 20.0,
    "dust_storm": 0.0,
    "fog_density": 2.0,
    "fog_distance": 0.75,
    "fog_falloff": 0.10000000149011612,
    "mie_scattering_scale": 0.029999999329447746,
    "precipitation": 0.0,
    "precipitation_deposits": 0.0,
    "rayleigh_scattering_scale": 0.03310000151395798,
    "scattering_intensity": 1.0,
    "sun_altitude_angle": 45.0,
    "sun_azimuth_angle": 300.0,
    "wetness": 0.0,
    "wind_intensity": 10.0
  },
  "sensor_names": [
    "CAM_FRONT",
    "CAM_FRONT_RIGHT",
    "CAM_FRONT_LEFT",
    "CAM_BACK",
    "CAM_BACK_LEFT",
    "CAM_BACK_RIGHT",
    "LIDAR_TOP",
    "RADAR_FRONT",
    "RADAR_FRONT_LEFT",
    "RADAR_FRONT_RIGHT",
    "RADAR_BACK_LEFT",
    "RADAR_BACK_RIGHT"
  ],
  "camera_order_for_model": [
    "CAM_FRONT",
    "CAM_FRONT_RIGHT",
    "CAM_FRONT_LEFT",
    "CAM_BACK",
    "CAM_BACK_LEFT",
    "CAM_BACK_RIGHT"
  ],
  "radar_order_for_model": [
    "RADAR_FRONT",
    "RADAR_FRONT_LEFT",
    "RADAR_FRONT_RIGHT",
    "RADAR_BACK_LEFT",
    "RADAR_BACK_RIGHT"
  ],
  "coordinate_notes": {
    "carla_world": "left-handed x-forward y-right z-up",
    "bevfusion_lidar": "x-forward y-left z-up",
    "camera_frame_for_model": "OpenCV style x-right y-down z-forward"
  },
  "ego": {
    "actor_id": 28,
    "transform_carla": {
      "location": {
        "x": 106.40889739990234,
        "y": -21.15106964111328,
        "z": -0.006568107288330793
      },
      "rotation": {
        "roll": 0.034806638956069946,
        "pitch": 0.5576985478401184,
        "yaw": -90.79373931884766
      }
    },
    "velocity_carla": [
      -0.10276296734809875,
      -4.133028507232666,
      -4.260062996763736e-05
    ],
    "angular_velocity_carla": [
      -0.36668622493743896,
      0.051060665398836136,
      -1.7886714935302734
    ],
    "matrix_world_from_ego_carla": [
      [
        -0.013852255418896675,
        0.9999037981033325,
        0.0007422696216963232,
        106.40889739990234
      ],
      [
        -0.9998566508293152,
        -0.013858821243047714,
        0.00972417090088129,
        -21.15106964111328
      ],
      [
        0.009733522310853004,
        -0.0006074615521356463,
        0.9999524354934692,
        -0.006568107288330793
      ],
      [
        0.0,
        0.0,
        0.0,
        1.0
      ]
    ],
    "matrix_world_from_ego_bevfusion": [
      [
        -0.013852255418896675,
        -0.9999037981033325,
        0.0007422696216963232,
        106.40889739990234
      ],
      [
        0.9998566508293152,
        -0.013858821243047714,
        -0.00972417090088129,
        21.15106964111328
      ],
      [
        0.009733522310853004,
        0.0006074615521356463,
        0.9999524354934692,
        -0.006568107288330793
      ],
      [
        0.0,
        0.0,
        0.0,
        1.0
      ]
    ]
  },
  "sensors": {
    "CAM_FRONT": {
      "type_id": "sensor.camera.rgb",
      "blueprint_attributes": {
        "role_name": "front",
        "ros_name": "sensor.camera.rgb",
        "chromatic_aberration_offset": "0.0",
        "sensor_tick": "0.100000",
        "fstop": "1.4",
        "image_size_x": "960",
        "image_size_y": "540",
        "fov": "70.00",
        "lens_circle_falloff": "5.0",
        "lens_circle_multiplier": "0.0",
        "exposure_compensation": "0.0",
        "lens_y_size": "0.08",
        "lens_k": "-1.0",
        "exposure_mode": "histogram",
        "lens_kcube": "0.0",
        "lens_x_size": "0.08",
        "exposure_max_bright": "12.0",
        "shutter_speed": "200.0",
        "bloom_intensity": "0.675",
        "iso": "100.0",
        "enable_postprocess_effects": "false",
        "gamma": "2.2",
        "motion_blur_intensity": "0.0",
        "motion_blur_max_distortion": "0.35",
        "lens_flare_intensity": "0.1",
        "motion_blur_min_object_screen_size": "0.1",
        "exposure_min_bright": "10.0",
        "exposure_speed_up": "3.0",
        "exposure_speed_down": "1.0",
        "tint": "0.0",
        "calibration_constant": "16.0",
        "focal_distance": "1000.0",
        "min_fstop": "1.2",
        "blade_count": "5",
        "blur_amount": "0.0",
        "blur_radius": "0.0",
        "slope": "0.88",
        "toe": "0.55",
        "white_clip": "0.04",
        "shoulder": "0.26",
        "black_clip": "0.0",
        "temp": "6500.0",
        "chromatic_aberration_intensity": "0.0"
      },
      "transform_carla": {
        "location": {
          "x": 106.38868713378906,
          "y": -22.684316635131836,
          "z": 1.7084382772445679
        },
        "rotation": {
          "roll": 0.034806638956069946,
          "pitch": 0.5576985478401184,
          "yaw": -90.79373931884766
        }
      },
      "matrix_world_from_sensor_carla": [
        [
          -0.013852255418896675,
          0.9999037981033325,
          0.0007422696216963232,
          106.38868713378906
        ],
        [
          -0.9998566508293152,
          -0.013858821243047714,
          0.00972417090088129,
          -22.684316635131836
        ],
        [
          0.009733522310853004,
          -0.0006074615521356463,
          0.9999524354934692,
          1.7084382772445679
        ],
        [
          0.0,
          0.0,
          0.0,
          1.0
        ]
      ],
      "matrix_world_from_sensor_bevfusion": [
        [
          0.9999037981033325,
          -0.0007422696216963232,
          -0.013852255418896675,
          106.38868713378906
        ],
        [
          0.013858821243047714,
          0.00972417090088129,
          0.9998566508293152,
          22.684316635131836
        ],
        [
          -0.0006074615521356463,
          -0.9999524354934692,
          0.009733522310853004,
          1.7084382772445679
        ],
        [
          0.0,
          0.0,
          0.0,
          1.0
        ]
      ],
      "matrix_ego_from_sensor_carla": [
        [
          1.0,
          -1.8198538162539357e-11,
          -1.0286593798980448e-10,
          1.5499992370605469
        ],
        [
          8.684809815751038e-11,
          0.9999999403953552,
          -3.55985102507006e-11,
          0.0
        ],
        [
          -1.0286593798980448e-10,
          2.2609150662766808e-11,
          1.0,
          1.700000286102295
        ],
        [
          0.0,
          0.0,
          0.0,
          1.0
        ]
      ],
      "matrix_ego_from_sensor_bevfusion": [
        [
          -1.8198538162539357e-11,
          1.0286593798980448e-10,
          1.0,
          1.5499992370605469
        ],
        [
          -0.9999999403953552,
          -3.55985102507006e-11,
          -8.684809815751038e-11,
          0.0
        ],
        [
          2.2609150662766808e-11,
          -1.0,
          -1.0286593798980448e-10,
          1.700000286102295
        ],
        [
          0.0,
          0.0,
          0.0,
          1.0
        ]
      ],
      "camera_intrinsics": [
        [
          685.5110473632812,
          0.0,
          480.0
        ],
        [
          0.0,
          685.5110473632812,
          270.0
        ],
        [
          0.0,
          0.0,
          1.0
        ]
      ],
      "data_path": "D:\\Agent-AI\\outputs\\s3a_ml_long_v2\\sample_000001\\images\\CAM_FRONT.png",
      "raw_layout": "bgra8"
    },
    "CAM_FRONT_RIGHT": {
      "type_id": "sensor.camera.rgb",
      "blueprint_attributes": {
        "role_name": "front",
        "ros_name": "sensor.camera.rgb",
        "chromatic_aberration_offset": "0.0",
        "sensor_tick": "0.100000",
        "fstop": "1.4",
        "image_size_x": "960",
        "image_size_y": "540",
        "fov": "70.00",
        "lens_circle_falloff": "5.0",
        "lens_circle_multiplier": "0.0",
        "exposure_compensation": "0.0",
        "lens_y_size": "0.08",
        "lens_k": "-1.0",
        "exposure_mode": "histogram",
        "lens_kcube": "0.0",
        "lens_x_size": "0.08",
        "exposure_max_bright": "12.0",
        "shutter_speed": "200.0",
        "bloom_intensity": "0.675",
        "iso": "100.0",
        "enable_postprocess_effects": "false",
        "gamma": "2.2",
        "motion_blur_intensity": "0.0",
        "motion_blur_max_distortion": "0.35",
        "lens_flare_intensity": "0.1",
        "motion_blur_min_object_screen_size": "0.1",
        "exposure_min_bright": "10.0",
        "exposure_speed_up": "3.0",
        "exposure_speed_down": "1.0",
        "tint": "0.0",
        "calibration_constant": "16.0",
        "focal_distance": "1000.0",
        "min_fstop": "1.2",
        "blade_count": "5",
        "blur_amount": "0.0",
        "blur_radius": "0.0",
        "slope": "0.88",
        "toe": "0.55",
        "white_clip": "0.04",
        "shoulder": "0.26",
        "black_clip": "0.0",
        "temp": "6500.0",
        "chromatic_aberration_intensity": "0.0"
      },
      "transform_carla": {
        "location": {
          "x": 106.94210052490234,
          "y": -22.441972732543945,
          "z": 1.7056705951690674
        },
        "rotation": {
          "roll": 0.4768131375312805,
          "pitch": 0.2913690209388733,
          "yaw": -35.79271697998047
        }
      },
      "matrix_world_from_sensor_carla": [
        [
          0.8111277222633362,
          0.5848686099052429,
          0.0007423199713230133,
          106.94210052490234
        ],
        [
          -0.5848469734191895,
          0.8110854029655457,
          0.00972425565123558,
          -22.441972732543945
        ],
        [
          0.005085326731204987,
          -0.008321755565702915,
          0.9999524354934692,
          1.7056705951690674
        ],
        [
          0.0,
          0.0,
          0.0,
          1.0
        ]
      ],
      "matrix_world_from_sensor_bevfusion": [
        [
          0.5848686099052429,
          -0.0007423199713230133,
          0.8111277222633362,
          106.94210052490234
        ],
        [
          -0.8110854029655457,
          0.00972425565123558,
          0.5848469734191895,
          22.441972732543945
        ],
        [
          -0.008321755565702915,
          -0.9999524354934692,
          0.005085326731204987,
          1.7056705951690674
        ],
        [
          0.0,
          0.0,
          0.0,
          1.0
        ]
      ],
      "matrix_ego_from_sensor_carla": [
        [
          0.5735766887664795,
          -0.8191519379615784,
          -8.578454213648001e-08,
          1.299997329711914
        ],
        [
          0.8191518187522888,
          0.5735766887664795,
          4.909166761990491e-08,
          0.5500030517578125
        ],
        [
          8.179054766799254e-09,
          -9.68494475728221e-08,
          1.0,
          1.7000001668930054
        ],
        [
          0.0,
          0.0,
          0.0,
          1.0
        ]
      ],
      "matrix_ego_from_sensor_bevfusion": [
        [
          -0.8191519379615784,
          8.578454213648001e-08,
          0.5735766887664795,
          1.299997329711914
        ],
        [
          -0.5735766887664795,
          4.909166761990491e-08,
          -0.8191518187522888,
          -0.5500030517578125
        ],
        [
          -9.68494475728221e-08,
          -1.0,
          8.179054766799254e-09,
          1.7000001668930054
        ],
        [
          0.0,
          0.0,
          0.0,
          1.0
        ]
      ],
      "camera_intrinsics": [
        [
          685.5110473632812,
          0.0,
          480.0
        ],
        [
          0.0,
          685.5110473632812,
          270.0
        ],
        [
          0.0,
          0.0,
          1.0
        ]
      ],
      "data_path": "D:\\Agent-AI\\outputs\\s3a_ml_long_v2\\sample_000001\\images\\CAM_FRONT_RIGHT.png",
      "raw_layout": "bgra8"
    },
    "CAM_FRONT_LEFT": {
      "type_id": "sensor.camera.rgb",
      "blueprint_attributes": {
        "role_name": "front",
        "ros_name": "sensor.camera.rgb",
        "chromatic_aberration_offset": "0.0",
        "sensor_tick": "0.100000",
        "fstop": "1.4",
        "image_size_x": "960",
        "image_size_y": "540",
        "fov": "70.00",
        "lens_circle_falloff": "5.0",
        "lens_circle_multiplier": "0.0",
        "exposure_compensation": "0.0",
        "lens_y_size": "0.08",
        "lens_k": "-1.0",
        "exposure_mode": "histogram",
        "lens_kcube": "0.0",
        "lens_x_size": "0.08",
        "exposure_max_bright": "12.0",
        "shutter_speed": "200.0",
        "bloom_intensity": "0.675",
        "iso": "100.0",
        "enable_postprocess_effects": "false",
        "gamma": "2.2",
        "motion_blur_intensity": "0.0",
        "motion_blur_max_distortion": "0.35",
        "lens_flare_intensity": "0.1",
        "motion_blur_min_object_screen_size": "0.1",
        "exposure_min_bright": "10.0",
        "exposure_speed_up": "3.0",
        "exposure_speed_down": "1.0",
        "tint": "0.0",
        "calibration_constant": "16.0",
        "focal_distance": "1000.0",
        "min_fstop": "1.2",
        "blade_count": "5",
        "blur_amount": "0.0",
        "blur_radius": "0.0",
        "slope": "0.88",
        "toe": "0.55",
        "white_clip": "0.04",
        "shoulder": "0.26",
        "black_clip": "0.0",
        "temp": "6500.0",
        "chromatic_aberration_intensity": "0.0"
      },
      "transform_carla": {
        "location": {
          "x": 105.84220123291016,
          "y": -22.426727294921875,
          "z": 1.7063387632369995
        },
        "rotation": {
          "roll": -0.4368872344493866,
          "pitch": 0.3483942747116089,
          "yaw": -145.79522705078125
        }
      },
      "matrix_world_from_sensor_carla": [
        [
          -0.8270184397697449,
          0.5621743202209473,
          0.0007422687485814095,
          105.84220123291016
        ],
        [
          -0.5621419548988342,
          -0.8269835710525513,
          0.009724289178848267,
          -22.426727294921875
        ],
        [
          0.006080589722841978,
          0.007624905556440353,
          0.9999524354934692,
          1.7063387632369995
        ],
        [
          0.0,
          0.0,
          0.0,
          1.0
        ]
      ],
      "matrix_world_from_sensor_bevfusion": [
        [
          0.5621743202209473,
          -0.0007422687485814095,
          -0.8270184397697449,
          105.84220123291016
        ],
        [
          0.8269835710525513,
          0.009724289178848267,
          0.5621419548988342,
          22.426727294921875
        ],
        [
          0.007624905556440353,
          -0.9999524354934692,
          0.006080589722841978,
          1.7063387632369995
        ],
        [
          0.0,
          0.0,
          0.0,
          1.0
        ]
      ],
      "matrix_ego_from_sensor_carla": [
        [
          0.5735766887664795,
          0.8191518783569336,
          -1.1838083224802176e-07,
          1.2999992370605469
        ],
        [
          -0.8191518783569336,
          0.5735765695571899,
          -2.596735493298752e-09,
          -0.5500030517578125
        ],
        [
          6.561364784829493e-08,
          9.832980651935941e-08,
          1.0,
          1.7000000476837158
        ],
        [
          0.0,
          0.0,
          0.0,
          1.0
        ]
      ],
      "matrix_ego_from_sensor_bevfusion": [
        [
          0.8191518783569336,
          1.1838083224802176e-07,
          0.5735766887664795,
          1.2999992370605469
        ],
        [
          -0.5735765695571899,
          -2.596735493298752e-09,
          0.8191518783569336,
          0.5500030517578125
        ],
        [
          9.832980651935941e-08,
          -1.0,
          6.561364784829493e-08,
          1.7000000476837158
        ],
        [
          0.0,
          0.0,
          0.0,
          1.0
        ]
      ],
      "camera_intrinsics": [
        [
          685.5110473632812,
          0.0,
          480.0
        ],
        [
          0.0,
          685.5110473632812,
          270.0
        ],
        [
          0.0,
          0.0,
          1.0
        ]
      ],
      "data_path": "D:\\Agent-AI\\outputs\\s3a_ml_long_v2\\sample_000001\\images\\CAM_FRONT_LEFT.png",
      "raw_layout": "bgra8"
    },
    "CAM_BACK": {
      "type_id": "sensor.camera.rgb",
      "blueprint_attributes": {
        "role_name": "front",
        "ros_name": "sensor.camera.rgb",
        "chromatic_aberration_offset": "0.0",
        "sensor_tick": "0.100000",
        "fstop": "1.4",
        "image_size_x": "960",
        "image_size_y": "540",
        "fov": "70.00",
        "lens_circle_falloff": "5.0",
        "lens_circle_multiplier": "0.0",
        "exposure_compensation": "0.0",
        "lens_y_size": "0.08",
        "lens_k": "-1.0",
        "exposure_mode": "histogram",
        "lens_kcube": "0.0",
        "lens_x_size": "0.08",
        "exposure_max_bright": "12.0",
        "shutter_speed": "200.0",
        "bloom_intensity": "0.675",
        "iso": "100.0",
        "enable_postprocess_effects": "false",
        "gamma": "2.2",
        "motion_blur_intensity": "0.0",
        "motion_blur_max_distortion": "0.35",
        "lens_flare_intensity": "0.1",
        "motion_blur_min_object_screen_size": "0.1",
        "exposure_min_bright": "10.0",
        "exposure_speed_up": "3.0",
        "exposure_speed_down": "1.0",
        "tint": "0.0",
        "calibration_constant": "16.0",
        "focal_distance": "1000.0",
        "min_fstop": "1.2",
        "blade_count": "5",
        "blur_amount": "0.0",
        "blur_radius": "0.0",
        "slope": "0.88",
        "toe": "0.55",
        "white_clip": "0.04",
        "shoulder": "0.26",
        "black_clip": "0.0",
        "temp": "6500.0",
        "chromatic_aberration_intensity": "0.0"
      },
      "transform_carla": {
        "location": {
          "x": 106.43162536621094,
          "y": -19.584760665893555,
          "z": 1.678263783454895
        },
        "rotation": {
          "roll": -0.03480685129761696,
          "pitch": -0.5576985478401184,
          "yaw": 89.20623779296875
        }
      },
      "matrix_world_from_sensor_carla": [
        [
          0.013852644711732864,
          -0.9999037981033325,
          0.000742277130484581,
          106.43162536621094
        ],
        [
          0.9998566508293152,
          0.013859210535883904,
          0.00972417090088129,
          -19.584760665893555
        ],
        [
          -0.009733522310853004,
          0.0006074652774259448,
          0.9999524354934692,
          1.678263783454895
        ],
        [
          0.0,
          0.0,
          0.0,
          1.0
        ]
      ],
      "matrix_world_from_sensor_bevfusion": [
        [
          -0.9999037981033325,
          -0.000742277130484581,
          0.013852644711732864,
          106.43162536621094
        ],
        [
          -0.013859210535883904,
          0.00972417090088129,
          -0.9998566508293152,
          19.584760665893555
        ],
        [
          0.0006074652774259448,
          -0.9999524354934692,
          -0.009733522310853004,
          1.678263783454895
        ],
        [
          0.0,
          0.0,
          0.0,
          1.0
        ]
      ],
      "matrix_ego_from_sensor_carla": [
        [
          -1.0,
          -3.8918244626984233e-07,
          -1.0286593798980448e-10,
          -1.5500011444091797
        ],
        [
          3.892059794452507e-07,
          -0.9999999403953552,
          7.473190066775715e-09,
          -7.62939453125e-06
        ],
        [
          1.0286593798980448e-10,
          7.486002040479889e-09,
          1.0,
          1.6999996900558472
        ],
        [
          0.0,
          0.0,
          0.0,
          1.0
        ]
      ],
      "matrix_ego_from_sensor_bevfusion": [
        [
          -3.8918244626984233e-07,
          1.0286593798980448e-10,
          -1.0,
          -1.5500011444091797
        ],
        [
          0.9999999403953552,
          7.473190066775715e-09,
          -3.892059794452507e-07,
          7.62939453125e-06
        ],
        [
          7.486002040479889e-09,
          -1.0,
          1.0286593798980448e-10,
          1.6999996900558472
        ],
        [
          0.0,
          0.0,
          0.0,
          1.0
        ]
      ],
      "camera_intrinsics": [
        [
          685.5110473632812,
          0.0,
          480.0
        ],
        [
          0.0,
          685.5110473632812,
          270.0
        ],
        [
          0.0,
          0.0,
          1.0
        ]
      ],
      "data_path": "D:\\Agent-AI\\outputs\\s3a_ml_long_v2\\sample_000001\\images\\CAM_BACK.png",
      "raw_layout": "bgra8"
    },
    "CAM_BACK_LEFT": {
      "type_id": "sensor.camera.rgb",
      "blueprint_attributes": {
        "role_name": "front",
        "ros_name": "sensor.camera.rgb",
        "chromatic_aberration_offset": "0.0",
        "sensor_tick": "0.100000",
        "fstop": "1.4",
        "image_size_x": "960",
        "image_size_y": "540",
        "fov": "70.00",
        "lens_circle_falloff": "5.0",
        "lens_circle_multiplier": "0.0",
        "exposure_compensation": "0.0",
        "lens_y_size": "0.08",
        "lens_k": "-1.0",
        "exposure_mode": "histogram",
        "lens_kcube": "0.0",
        "lens_x_size": "0.08",
        "exposure_max_bright": "12.0",
        "shutter_speed": "200.0",
        "bloom_intensity": "0.675",
        "iso": "100.0",
        "enable_postprocess_effects": "false",
        "gamma": "2.2",
        "motion_blur_intensity": "0.0",
        "motion_blur_max_distortion": "0.35",
        "lens_flare_intensity": "0.1",
        "motion_blur_min_object_screen_size": "0.1",
        "exposure_min_bright": "10.0",
        "exposure_speed_up": "3.0",
        "exposure_speed_down": "1.0",
        "tint": "0.0",
        "calibration_constant": "16.0",
        "focal_distance": "1000.0",
        "min_fstop": "1.2",
        "blade_count": "5",
        "blur_amount": "0.0",
        "blur_radius": "0.0",
        "slope": "0.88",
        "toe": "0.55",
        "white_clip": "0.04",
        "shoulder": "0.26",
        "black_clip": "0.0",
        "temp": "6500.0",
        "chromatic_aberration_intensity": "0.0"
      },
      "transform_carla": {
        "location": {
          "x": 105.87821960449219,
          "y": -19.82710075378418,
          "z": 1.6810314655303955
        },
        "rotation": {
          "roll": -0.4768131375312805,
          "pitch": -0.2913690209388733,
          "yaw": 144.207275390625
        }
      },
      "matrix_world_from_sensor_carla": [
        [
          -0.8111276030540466,
          -0.5848687887191772,
          0.0007423218339681625,
          105.87821960449219
        ],
        [
          0.5848471522331238,
          -0.8110852837562561,
          0.009724254719913006,
          -19.82710075378418
        ],
        [
          -0.005085326731204987,
          0.008321755565702915,
          0.9999524354934692,
          1.6810314655303955
        ],
        [
          0.0,
          0.0,
          0.0,
          1.0
        ]
      ],
      "matrix_world_from_sensor_bevfusion": [
        [
          -0.5848687887191772,
          -0.0007423218339681625,
          -0.8111276030540466,
          105.87821960449219
        ],
        [
          0.8110852837562561,
          0.009724254719913006,
          -0.5848471522331238,
          19.82710075378418
        ],
        [
          0.008321755565702915,
          -0.9999524354934692,
          -0.005085326731204987,
          1.6810314655303955
        ],
        [
          0.0,
          0.0,
          0.0,
          1.0
        ]
      ],
      "matrix_ego_from_sensor_carla": [
        [
          -0.5735768675804138,
          0.8191518187522888,
          -8.485321956186453e-08,
          -1.3000011444091797
        ],
        [
          -0.8191516995429993,
          -0.5735768675804138,
          5.1012520430049335e-08,
          -0.5500030517578125
        ],
        [
          -6.782070904876036e-09,
          9.778077014743758e-08,
          1.0,
          1.6999999284744263
        ],
        [
          0.0,
          0.0,
          0.0,
          1.0
        ]
      ],
      "matrix_ego_from_sensor_bevfusion": [
        [
          0.8191518187522888,
          8.485321956186453e-08,
          -0.5735768675804138,
          -1.3000011444091797
        ],
        [
          0.5735768675804138,
          5.1012520430049335e-08,
          0.8191516995429993,
          0.5500030517578125
        ],
        [
          9.778077014743758e-08,
          -1.0,
          -6.782070904876036e-09,
          1.6999999284744263
        ],
        [
          0.0,
          0.0,
          0.0,
          1.0
        ]
      ],
      "camera_intrinsics": [
        [
          685.5110473632812,
          0.0,
          480.0
        ],
        [
          0.0,
          685.5110473632812,
          270.0
        ],
        [
          0.0,
          0.0,
          1.0
        ]
      ],
      "data_path": "D:\\Agent-AI\\outputs\\s3a_ml_long_v2\\sample_000001\\images\\CAM_BACK_LEFT.png",
      "raw_layout": "bgra8"
    },
    "CAM_BACK_RIGHT": {
      "type_id": "sensor.camera.rgb",
      "blueprint_attributes": {
        "role_name": "front",
        "ros_name": "sensor.camera.rgb",
        "chromatic_aberration_offset": "0.0",
        "sensor_tick": "0.100000",
        "fstop": "1.4",
        "image_size_x": "960",
        "image_size_y": "540",
        "fov": "70.00",
        "lens_circle_falloff": "5.0",
        "lens_circle_multiplier": "0.0",
        "exposure_compensation": "0.0",
        "lens_y_size": "0.08",
        "lens_k": "-1.0",
        "exposure_mode": "histogram",
        "lens_kcube": "0.0",
        "lens_x_size": "0.08",
        "exposure_max_bright": "12.0",
        "shutter_speed": "200.0",
        "bloom_intensity": "0.675",
        "iso": "100.0",
        "enable_postprocess_effects": "false",
        "gamma": "2.2",
        "motion_blur_intensity": "0.0",
        "motion_blur_max_distortion": "0.35",
        "lens_flare_intensity": "0.1",
        "motion_blur_min_object_screen_size": "0.1",
        "exposure_min_bright": "10.0",
        "exposure_speed_up": "3.0",
        "exposure_speed_down": "1.0",
        "tint": "0.0",
        "calibration_constant": "16.0",
        "focal_distance": "1000.0",
        "min_fstop": "1.2",
        "blade_count": "5",
        "blur_amount": "0.0",
        "blur_radius": "0.0",
        "slope": "0.88",
        "toe": "0.55",
        "white_clip": "0.04",
        "shoulder": "0.26",
        "black_clip": "0.0",
        "temp": "6500.0",
        "chromatic_aberration_intensity": "0.0"
      },
      "transform_carla": {
        "location": {
          "x": 106.97811126708984,
          "y": -19.84234619140625,
          "z": 1.6803631782531738
        },
        "rotation": {
          "roll": 0.436887264251709,
          "pitch": -0.3483942747116089,
          "yaw": 34.204742431640625
        }
      },
      "matrix_world_from_sensor_carla": [
        [
          0.8270187973976135,
          -0.5621738433837891,
          0.0007422738708555698,
          106.97811126708984
        ],
        [
          0.562141478061676,
          0.8269839286804199,
          0.009724289178848267,
          -19.84234619140625
        ],
        [
          -0.006080589722841978,
          -0.007624906022101641,
          0.9999524354934692,
          1.6803631782531738
        ],
        [
          0.0,
          0.0,
          0.0,
          1.0
        ]
      ],
      "matrix_world_from_sensor_bevfusion": [
        [
          -0.5621738433837891,
          -0.0007422738708555698,
          0.8270187973976135,
          106.97811126708984
        ],
        [
          -0.8269839286804199,
          0.009724289178848267,
          -0.562141478061676,
          19.84234619140625
        ],
        [
          -0.007624906022101641,
          -0.9999524354934692,
          -0.006080589722841978,
          1.6803631782531738
        ],
        [
          0.0,
          0.0,
          0.0,
          1.0
        ]
      ],
      "matrix_ego_from_sensor_carla": [
        [
          -0.5735762119293213,
          -0.8191522359848022,
          -1.1838083224802176e-07,
          -1.3000011444091797
        ],
        [
          0.8191522359848022,
          -0.5735760927200317,
          2.52553866708638e-09,
          0.5499954223632812
        ],
        [
          -6.980459943406458e-08,
          -9.507015619192316e-08,
          1.0,
          1.6999998092651367
        ],
        [
          0.0,
          0.0,
          0.0,
          1.0
        ]
      ],
      "matrix_ego_from_sensor_bevfusion": [
        [
          -0.8191522359848022,
          1.1838083224802176e-07,
          -0.5735762119293213,
          -1.3000011444091797
        ],
        [
          0.5735760927200317,
          2.52553866708638e-09,
          -0.8191522359848022,
          -0.5499954223632812
        ],
        [
          -9.507015619192316e-08,
          -1.0,
          -6.980459943406458e-08,
          1.6999998092651367
        ],
        [
          0.0,
          0.0,
          0.0,
          1.0
        ]
      ],
      "camera_intrinsics": [
        [
          685.5110473632812,
          0.0,
          480.0
        ],
        [
          0.0,
          685.5110473632812,
          270.0
        ],
        [
          0.0,
          0.0,
          1.0
        ]
      ],
      "data_path": "D:\\Agent-AI\\outputs\\s3a_ml_long_v2\\sample_000001\\images\\CAM_BACK_RIGHT.png",
      "raw_layout": "bgra8"
    },
    "LIDAR_TOP": {
      "type_id": "sensor.lidar.ray_cast",
      "blueprint_attributes": {
        "atmosphere_attenuation_rate": "0.004",
        "role_name": "front",
        "noise_seed": "0",
        "upper_fov": "10.0",
        "ros_name": "sensor.lidar.ray_cast",
        "sensor_tick": "0.100000",
        "channels": "32",
        "range": "120.0",
        "points_per_second": "360000",
        "lower_fov": "-30.0",
        "rotation_frequency": "10.000000",
        "horizontal_fov": "360.0",
        "dropoff_general_rate": "0.0",
        "dropoff_intensity_limit": "1.0",
        "noise_stddev": "0.0",
        "dropoff_zero_intensity": "0.0"
      },
      "transform_carla": {
        "location": {
          "x": 106.4105224609375,
          "y": -21.129674911499023,
          "z": 2.1933271884918213
        },
        "rotation": {
          "roll": 0.034806638956069946,
          "pitch": 0.5576985478401184,
          "yaw": -90.79373931884766
        }
      },
      "matrix_world_from_sensor_carla": [
        [
          -0.013852255418896675,
          0.9999037981033325,
          0.0007422696216963232,
          106.4105224609375
        ],
        [
          -0.9998566508293152,
          -0.013858821243047714,
          0.00972417090088129,
          -21.129674911499023
        ],
        [
          0.009733522310853004,
          -0.0006074615521356463,
          0.9999524354934692,
          2.1933271884918213
        ],
        [
          0.0,
          0.0,
          0.0,
          1.0
        ]
      ],
      "matrix_world_from_sensor_bevfusion": [
        [
          -0.013852255418896675,
          -0.9999037981033325,
          0.0007422696216963232,
          106.4105224609375
        ],
        [
          0.9998566508293152,
          -0.013858821243047714,
          -0.00972417090088129,
          21.129674911499023
        ],
        [
          0.009733522310853004,
          0.0006074615521356463,
          0.9999524354934692,
          2.1933271884918213
        ],
        [
          0.0,
          0.0,
          0.0,
          1.0
        ]
      ],
      "matrix_ego_from_sensor_carla": [
        [
          1.0,
          -1.8198538162539357e-11,
          -1.0286593798980448e-10,
          0.0
        ],
        [
          8.684809815751038e-11,
          0.9999999403953552,
          -3.55985102507006e-11,
          -1.52587890625e-05
        ],
        [
          -1.0286593798980448e-10,
          2.2609150662766808e-11,
          1.0,
          2.1999998092651367
        ],
        [
          0.0,
          0.0,
          0.0,
          1.0
        ]
      ],
      "matrix_ego_from_sensor_bevfusion": [
        [
          1.0,
          1.8198538162539357e-11,
          -1.0286593798980448e-10,
          0.0
        ],
        [
          -8.684809815751038e-11,
          0.9999999403953552,
          3.55985102507006e-11,
          1.52587890625e-05
        ],
        [
          -1.0286593798980448e-10,
          -2.2609150662766808e-11,
          1.0,
          2.1999998092651367
        ],
        [
          0.0,
          0.0,
          0.0,
          1.0
        ]
      ],
      "data_path": "D:\\Agent-AI\\outputs\\s3a_ml_long_v2\\sample_000001\\lidar\\LIDAR_TOP.npy",
      "raw_layout": [
        "x",
        "y",
        "z",
        "intensity"
      ]
    },
    "RADAR_FRONT": {
      "type_id": "sensor.other.radar",
      "blueprint_attributes": {
        "sensor_tick": "0.100000",
        "role_name": "default",
        "noise_seed": "0",
        "ros_name": "sensor.other.radar",
        "horizontal_fov": "35.0",
        "points_per_second": "1500",
        "vertical_fov": "20.0",
        "range": "120.0"
      },
      "transform_carla": {
        "location": {
          "x": 106.38185119628906,
          "y": -23.142030715942383,
          "z": 0.91285640001297
        },
        "rotation": {
          "roll": 0.034806638956069946,
          "pitch": 0.5576985478401184,
          "yaw": -90.79373931884766
        }
      },
      "matrix_world_from_sensor_carla": [
        [
          -0.013852255418896675,
          0.9999037981033325,
          0.0007422696216963232,
          106.38185119628906
        ],
        [
          -0.9998566508293152,
          -0.013858821243047714,
          0.00972417090088129,
          -23.142030715942383
        ],
        [
          0.009733522310853004,
          -0.0006074615521356463,
          0.9999524354934692,
          0.91285640001297
        ],
        [
          0.0,
          0.0,
          0.0,
          1.0
        ]
      ],
      "matrix_world_from_sensor_bevfusion": [
        [
          -0.013852255418896675,
          -0.9999037981033325,
          0.0007422696216963232,
          106.38185119628906
        ],
        [
          0.9998566508293152,
          -0.013858821243047714,
          -0.00972417090088129,
          23.142030715942383
        ],
        [
          0.009733522310853004,
          0.0006074615521356463,
          0.9999524354934692,
          0.91285640001297
        ],
        [
          0.0,
          0.0,
          0.0,
          1.0
        ]
      ],
      "matrix_ego_from_sensor_carla": [
        [
          1.0,
          -1.8198538162539357e-11,
          -1.0286593798980448e-10,
          2.0
        ],
        [
          8.684809815751038e-11,
          0.9999999403953552,
          -3.55985102507006e-11,
          -7.62939453125e-06
        ],
        [
          -1.0286593798980448e-10,
          2.2609150662766808e-11,
          1.0,
          0.900000274181366
        ],
        [
          0.0,
          0.0,
          0.0,
          1.0
        ]
      ],
      "matrix_ego_from_sensor_bevfusion": [
        [
          1.0,
          1.8198538162539357e-11,
          -1.0286593798980448e-10,
          2.0
        ],
        [
          -8.684809815751038e-11,
          0.9999999403953552,
          3.55985102507006e-11,
          7.62939453125e-06
        ],
        [
          -1.0286593798980448e-10,
          -2.2609150662766808e-11,
          1.0,
          0.900000274181366
        ],
        [
          0.0,
          0.0,
          0.0,
          1.0
        ]
      ],
      "data_path": "D:\\Agent-AI\\outputs\\s3a_ml_long_v2\\sample_000001\\radar\\RADAR_FRONT.npy",
      "raw_layout": [
        "velocity",
        "altitude",
        "azimuth",
        "depth"
      ]
    },
    "RADAR_FRONT_LEFT": {
      "type_id": "sensor.other.radar",
      "blueprint_attributes": {
        "sensor_tick": "0.100000",
        "role_name": "default",
        "noise_seed": "0",
        "ros_name": "sensor.other.radar",
        "horizontal_fov": "35.0",
        "points_per_second": "1500",
        "vertical_fov": "20.0",
        "range": "120.0"
      },
      "transform_carla": {
        "location": {
          "x": 105.63677215576172,
          "y": -22.781686782836914,
          "z": 0.909905195236206
        },
        "rotation": {
          "roll": -0.36975258588790894,
          "pitch": 0.41896378993988037,
          "yaw": -135.7952880859375
        }
      },
      "matrix_world_from_sensor_carla": [
        [
          -0.7168340086936951,
          0.6972435116767883,
          0.000742252916097641,
          105.63677215576172
        ],
        [
          -0.6972054839134216,
          -0.7168053984642029,
          0.009724266827106476,
          -22.781686782836914
        ],
        [
          0.0073122321628034115,
          0.006453182548284531,
          0.9999524354934692,
          0.909905195236206
        ],
        [
          0.0,
          0.0,
          0.0,
          1.0
        ]
      ],
      "matrix_world_from_sensor_bevfusion": [
        [
          -0.7168340086936951,
          -0.6972435116767883,
          0.000742252916097641,
          105.63677215576172
        ],
        [
          0.6972054839134216,
          -0.7168053984642029,
          -0.009724266827106476,
          22.781686782836914
        ],
        [
          0.0073122321628034115,
          -0.006453182548284531,
          0.9999524354934692,
          0.909905195236206
        ],
        [
          0.0,
          0.0,
          0.0,
          1.0
        ]
      ],
      "matrix_ego_from_sensor_carla": [
        [
          0.7071065306663513,
          0.7071071267127991,
          -9.602909045725028e-08,
          1.6499996185302734
        ],
        [
          -0.7071070075035095,
          0.7071065306663513,
          -1.8079973074236477e-08,
          -0.7500076293945312
        ],
        [
          5.499429889255225e-08,
          8.002208318202975e-08,
          1.0,
          0.9000001549720764
        ],
        [
          0.0,
          0.0,
          0.0,
          1.0
        ]
      ],
      "matrix_ego_from_sensor_bevfusion": [
        [
          0.7071065306663513,
          -0.7071071267127991,
          -9.602909045725028e-08,
          1.6499996185302734
        ],
        [
          0.7071070075035095,
          0.7071065306663513,
          1.8079973074236477e-08,
          0.7500076293945312
        ],
        [
          5.499429889255225e-08,
          -8.002208318202975e-08,
          1.0,
          0.9000001549720764
        ],
        [
          0.0,
          0.0,
          0.0,
          1.0
        ]
      ],
      "data_path": "D:\\Agent-AI\\outputs\\s3a_ml_long_v2\\sample_000001\\radar\\RADAR_FRONT_LEFT.npy",
      "raw_layout": [
        "velocity",
        "altitude",
        "azimuth",
        "depth"
      ]
    },
    "RADAR_FRONT_RIGHT": {
      "type_id": "sensor.other.radar",
      "blueprint_attributes": {
        "sensor_tick": "0.100000",
        "role_name": "default",
        "noise_seed": "0",
