{
  "schema_version": "stage1.v1",
  "sample_name": "sample_000000",
  "sequence_index": 0,
  "previous_sample_name": null,
  "frame_id": 3920,
  "timestamp": 39.13108654692769,
  "platform_timestamp": 16816480.3003802,
  "delta_seconds": 0.10000000149011612,
  "town": "Carla/Maps/Town10HD_Opt",
  "weather": {
    "cloudiness": 20.0,
    "dust_storm": 0.0,
    "fog_density": 2.0,
    "fog_distance": 0.75,
    "fog_falloff": 0.10000000149011612,
    "mie_scattering_scale": 0.029999999329447746,
    "precipitation": 0.0,
    "precipitation_deposits": 0.0,
    "rayleigh_scattering_scale": 0.03310000151395798,
    "scattering_intensity": 1.0,
    "sun_altitude_angle": 45.0,
    "sun_azimuth_angle": 300.0,
    "wetness": 0.0,
    "wind_intensity": 10.0
  },
  "sensor_names": [
    "CAM_FRONT",
    "CAM_FRONT_RIGHT",
    "CAM_FRONT_LEFT",
    "CAM_BACK",
    "CAM_BACK_LEFT",
    "CAM_BACK_RIGHT",
    "LIDAR_TOP",
    "RADAR_FRONT",
    "RADAR_FRONT_LEFT",
    "RADAR_FRONT_RIGHT",
    "RADAR_BACK_LEFT",
    "RADAR_BACK_RIGHT"
  ],
  "camera_order_for_model": [
    "CAM_FRONT",
    "CAM_FRONT_RIGHT",
    "CAM_FRONT_LEFT",
    "CAM_BACK",
    "CAM_BACK_LEFT",
    "CAM_BACK_RIGHT"
  ],
  "radar_order_for_model": [
    "RADAR_FRONT",
    "RADAR_FRONT_LEFT",
    "RADAR_FRONT_RIGHT",
    "RADAR_BACK_LEFT",
    "RADAR_BACK_RIGHT"
  ],
  "coordinate_notes": {
    "carla_world": "left-handed x-forward y-right z-up",
    "bevfusion_lidar": "x-forward y-left z-up",
    "camera_frame_for_model": "OpenCV style x-right y-down z-forward"
  },
  "ego": {
    "actor_id": 24,
    "transform_carla": {
      "location": {
        "x": 109.92931365966797,
        "y": -20.14276695251465,
        "z": -0.005940399132668972
      },
      "rotation": {
        "roll": 0.0316913016140461,
        "pitch": 0.3862471878528595,
        "yaw": -90.3828125
      }
    },
    "velocity_carla": [
      -0.05971420928835869,
      -2.463589906692505,
      3.741264299605973e-05
    ],
    "angular_velocity_carla": [
      -0.337235689163208,
      0.019327526912093163,
      -1.632441759109497
    ],
    "matrix_world_from_ego_carla": [
      [
        -0.006681165192276239,
        0.9999775290489197,
        0.0005981455324217677,
        109.92931365966797
      ],
      [
        -0.9999549984931946,
        -0.006685044150799513,
        0.006737386807799339,
        -20.14276695251465
      ],
      [
        0.006741234101355076,
        -0.0005531049682758749,
        0.9999771118164062,
        -0.005940399132668972
      ],
      [
        0.0,
        0.0,
        0.0,
        1.0
      ]
    ],
    "matrix_world_from_ego_bevfusion": [
      [
        -0.006681165192276239,
        -0.9999775290489197,
        0.0005981455324217677,
        109.92931365966797
      ],
      [
        0.9999549984931946,
        -0.006685044150799513,
        -0.006737386807799339,
        20.14276695251465
      ],
      [
        0.006741234101355076,
        0.0005531049682758749,
        0.9999771118164062,
        -0.005940399132668972
      ],
      [
        0.0,
        0.0,
        0.0,
        1.0
      ]
    ]
  },
  "sensors": {
    "CAM_FRONT": {
      "type_id": "sensor.camera.rgb",
      "blueprint_attributes": {
        "role_name": "front",
        "ros_name": "sensor.camera.rgb",
        "chromatic_aberration_offset": "0.0",
        "sensor_tick": "0.100000",
        "fstop": "1.4",
        "image_size_x": "960",
        "image_size_y": "540",
        "fov": "70.00",
        "lens_circle_falloff": "5.0",
        "lens_circle_multiplier": "0.0",
        "exposure_compensation": "0.0",
        "lens_y_size": "0.08",
        "lens_k": "-1.0",
        "exposure_mode": "histogram",
        "lens_kcube": "0.0",
        "lens_x_size": "0.08",
        "exposure_max_bright": "12.0",
        "shutter_speed": "200.0",
        "bloom_intensity": "0.675",
        "iso": "100.0",
        "enable_postprocess_effects": "false",
        "gamma": "2.2",
        "motion_blur_intensity": "0.0",
        "motion_blur_max_distortion": "0.35",
        "lens_flare_intensity": "0.1",
        "motion_blur_min_object_screen_size": "0.1",
        "exposure_min_bright": "10.0",
        "exposure_speed_up": "3.0",
        "exposure_speed_down": "1.0",
        "tint": "0.0",
        "calibration_constant": "16.0",
        "focal_distance": "1000.0",
        "min_fstop": "1.2",
        "blade_count": "5",
        "blur_amount": "0.0",
        "blur_radius": "0.0",
        "slope": "0.88",
        "toe": "0.55",
        "white_clip": "0.04",
        "shoulder": "0.26",
        "black_clip": "0.0",
        "temp": "6500.0",
        "chromatic_aberration_intensity": "0.0"
      },
      "transform_carla": {
        "location": {
          "x": 109.91997528076172,
          "y": -21.681243896484375,
          "z": 1.7044695615768433
        },
        "rotation": {
          "roll": 0.0316913016140461,
          "pitch": 0.3862471878528595,
          "yaw": -90.3828125
        }
      },
      "matrix_world_from_sensor_carla": [
        [
          -0.006681165192276239,
          0.9999775290489197,
          0.0005981455324217677,
          109.91997528076172
        ],
        [
          -0.9999549984931946,
          -0.006685044150799513,
          0.006737386807799339,
          -21.681243896484375
        ],
        [
          0.006741234101355076,
          -0.0005531049682758749,
          0.9999771118164062,
          1.7044695615768433
        ],
        [
          0.0,
          0.0,
          0.0,
          1.0
        ]
      ],
      "matrix_world_from_sensor_bevfusion": [
        [
          0.9999775290489197,
          -0.0005981455324217677,
          -0.006681165192276239,
          109.91997528076172
        ],
        [
          0.006685044150799513,
          0.006737386807799339,
          0.9999549984931946,
          21.681243896484375
        ],
        [
          -0.0005531049682758749,
          -0.9999771118164062,
          0.006741234101355076,
          1.7044695615768433
        ],
        [
          0.0,
          0.0,
          0.0,
          1.0
        ]
      ],
      "matrix_ego_from_sensor_carla": [
        [
          1.0,
          -1.2595012706395625e-11,
          -1.6070700326054066e-10,
          1.5499992370605469
        ],
        [
          -7.992780742815953e-11,
          1.0,
          -2.970201862240174e-11,
          0.0
        ],
        [
          -1.6071766140157706e-10,
          -2.970201862240174e-11,
          1.0,
          1.6999999284744263
        ],
        [
          0.0,
          0.0,
          0.0,
          1.0
        ]
      ],
      "matrix_ego_from_sensor_bevfusion": [
        [
          -1.2595012706395625e-11,
          1.6070700326054066e-10,
          1.0,
          1.5499992370605469
        ],
        [
          -1.0,
          -2.970201862240174e-11,
          7.992780742815953e-11,
          0.0
        ],
        [
          -2.970201862240174e-11,
          -1.0,
          -1.6071766140157706e-10,
          1.6999999284744263
        ],
        [
          0.0,
          0.0,
          0.0,
          1.0
        ]
      ],
      "camera_intrinsics": [
        [
          685.5110473632812,
          0.0,
          480.0
        ],
        [
          0.0,
          685.5110473632812,
          270.0
        ],
        [
          0.0,
          0.0,
          1.0
        ]
      ],
      "data_path": "D:\\Agent-AI\\outputs\\s3a_left_v3\\sample_000000\\images\\CAM_FRONT.png",
      "raw_layout": "bgra8"
    },
    "CAM_FRONT_RIGHT": {
      "type_id": "sensor.camera.rgb",
      "blueprint_attributes": {
        "role_name": "front",
        "ros_name": "sensor.camera.rgb",
        "chromatic_aberration_offset": "0.0",
        "sensor_tick": "0.100000",
        "fstop": "1.4",
        "image_size_x": "960",
        "image_size_y": "540",
        "fov": "70.00",
        "lens_circle_falloff": "5.0",
        "lens_circle_multiplier": "0.0",
        "exposure_compensation": "0.0",
        "lens_y_size": "0.08",
        "lens_k": "-1.0",
        "exposure_mode": "histogram",
        "lens_kcube": "0.0",
        "lens_x_size": "0.08",
        "exposure_max_bright": "12.0",
        "shutter_speed": "200.0",
        "bloom_intensity": "0.675",
        "iso": "100.0",
        "enable_postprocess_effects": "false",
        "gamma": "2.2",
        "motion_blur_intensity": "0.0",
        "motion_blur_max_distortion": "0.35",
        "lens_flare_intensity": "0.1",
        "motion_blur_min_object_screen_size": "0.1",
        "exposure_min_bright": "10.0",
        "exposure_speed_up": "3.0",
        "exposure_speed_down": "1.0",
        "tint": "0.0",
        "calibration_constant": "16.0",
        "focal_distance": "1000.0",
        "min_fstop": "1.2",
        "blade_count": "5",
        "blur_amount": "0.0",
        "blur_radius": "0.0",
        "slope": "0.88",
        "toe": "0.55",
        "white_clip": "0.04",
        "shoulder": "0.26",
        "black_clip": "0.0",
        "temp": "6500.0",
        "chromatic_aberration_intensity": "0.0"
      },
      "transform_carla": {
        "location": {
          "x": 110.47162628173828,
          "y": -21.4349308013916,
          "z": 1.7024799585342407
        },
        "rotation": {
          "roll": 0.33457350730895996,
          "pitch": 0.19557562470436096,
          "yaw": -35.38235855102539
        }
      },
      "matrix_world_from_sensor_carla": [
        [
          0.8153013586997986,
          0.57903653383255,
          0.0005982303991913795,
          110.47162628173828
        ],
        [
          -0.5790267586708069,
          0.8152806758880615,
          0.006737325340509415,
          -21.4349308013916
        ],
        [
          0.0034134320449084044,
          -0.005839342251420021,
          0.9999771118164062,
          1.7024799585342407
        ],
        [
          0.0,
          0.0,
          0.0,
          1.0
        ]
      ],
      "matrix_world_from_sensor_bevfusion": [
        [
          0.57903653383255,
          -0.0005982303991913795,
          0.8153013586997986,
          110.47162628173828
        ],
        [
          -0.8152806758880615,
          0.006737325340509415,
          0.5790267586708069,
          21.4349308013916
        ],
        [
          -0.005839342251420021,
          -0.9999771118164062,
          0.0034134320449084044,
          1.7024799585342407
        ],
        [
          0.0,
          0.0,
          0.0,
          1.0
        ]
      ],
      "matrix_ego_from_sensor_carla": [
        [
          0.5735765099525452,
          -0.8191519379615784,
          6.084091808133962e-08,
          1.2999992370605469
        ],
        [
          0.8191519379615784,
          0.5735765099525452,
          8.524452255187498e-08,
          0.5500030517578125
        ],
        [
          -1.0443712028518348e-07,
          9.384706345372251e-10,
          1.0,
          1.6999998092651367
        ],
        [
          0.0,
          0.0,
          0.0,
          1.0
        ]
      ],
      "matrix_ego_from_sensor_bevfusion": [
        [
          -0.8191519379615784,
          -6.084091808133962e-08,
          0.5735765099525452,
          1.2999992370605469
        ],
        [
          -0.5735765099525452,
          8.524452255187498e-08,
          -0.8191519379615784,
          -0.5500030517578125
        ],
        [
          9.384706345372251e-10,
          -1.0,
          -1.0443712028518348e-07,
          1.6999998092651367
        ],
        [
          0.0,
          0.0,
          0.0,
          1.0
        ]
      ],
      "camera_intrinsics": [
        [
          685.5110473632812,
          0.0,
          480.0
        ],
        [
          0.0,
          685.5110473632812,
          270.0
        ],
        [
          0.0,
          0.0,
          1.0
        ]
      ],
      "data_path": "D:\\Agent-AI\\outputs\\s3a_left_v3\\sample_000000\\images\\CAM_FRONT_RIGHT.png",
      "raw_layout": "bgra8"
    },
    "CAM_FRONT_LEFT": {
      "type_id": "sensor.camera.rgb",
      "blueprint_attributes": {
        "role_name": "front",
        "ros_name": "sensor.camera.rgb",
        "chromatic_aberration_offset": "0.0",
        "sensor_tick": "0.100000",
        "fstop": "1.4",
        "image_size_x": "960",
        "image_size_y": "540",
        "fov": "70.00",
        "lens_circle_falloff": "5.0",
        "lens_circle_multiplier": "0.0",
        "exposure_compensation": "0.0",
        "lens_y_size": "0.08",
        "lens_k": "-1.0",
        "exposure_mode": "histogram",
        "lens_kcube": "0.0",
        "lens_x_size": "0.08",
        "exposure_max_bright": "12.0",
        "shutter_speed": "200.0",
        "bloom_intensity": "0.675",
        "iso": "100.0",
        "enable_postprocess_effects": "false",
        "gamma": "2.2",
        "motion_blur_intensity": "0.0",
        "motion_blur_max_distortion": "0.35",
        "lens_flare_intensity": "0.1",
        "motion_blur_min_object_screen_size": "0.1",
        "exposure_min_bright": "10.0",
        "exposure_speed_up": "3.0",
        "exposure_speed_down": "1.0",
        "tint": "0.0",
        "calibration_constant": "16.0",
        "focal_distance": "1000.0",
        "min_fstop": "1.2",
        "blade_count": "5",
        "blur_amount": "0.0",
        "blur_radius": "0.0",
        "slope": "0.88",
        "toe": "0.55",
        "white_clip": "0.04",
        "shoulder": "0.26",
        "black_clip": "0.0",
        "temp": "6500.0",
        "chromatic_aberration_intensity": "0.0"
      },
      "transform_carla": {
        "location": {
          "x": 109.37165832519531,
          "y": -21.42757797241211,
          "z": 1.7030885219573975
        },
        "rotation": {
          "roll": -0.2982198894023895,
          "pitch": 0.24749872088432312,
          "yaw": -145.383544921875
        }
      },
      "matrix_world_from_sensor_carla": [
        [
          -0.8229655027389526,
          0.5680909752845764,
          0.000598113052546978,
          109.37165832519531
        ],
        [
          -0.5680748820304871,
          -0.8229492902755737,
          0.006737366318702698,
          -21.42757797241211
        ],
        [
          0.00431965384632349,
          0.005204846616834402,
          0.9999771118164062,
          1.7030885219573975
        ],
        [
          0.0,
          0.0,
          0.0,
          1.0
        ]
      ],
      "matrix_world_from_sensor_bevfusion": [
        [
          0.5680909752845764,
          -0.000598113052546978,
          -0.8229655027389526,
          109.37165832519531
        ],
        [
          0.8229492902755737,
          0.006737366318702698,
          0.5680748820304871,
          21.42757797241211
        ],
        [
          0.005204846616834402,
          -0.9999771118164062,
          0.00431965384632349,
          1.7030885219573975
        ],
        [
          0.0,
          0.0,
          0.0,
          1.0
        ]
      ],
      "matrix_ego_from_sensor_carla": [
        [
          0.573576807975769,
          0.8191518187522888,
          2.0328389638279987e-08,
          1.2999992370605469
        ],
        [
          -0.819151759147644,
          0.5735767483711243,
          -3.233495249332918e-08,
          -0.5499954223632812
        ],
        [
          -3.833306294609429e-08,
          1.0111271819823742e-09,
          1.0,
          1.6999999284744263
        ],
        [
          0.0,
          0.0,
          0.0,
          1.0
        ]
      ],
      "matrix_ego_from_sensor_bevfusion": [
        [
          0.8191518187522888,
          -2.0328389638279987e-08,
          0.573576807975769,
          1.2999992370605469
        ],
        [
          -0.5735767483711243,
          -3.233495249332918e-08,
          0.819151759147644,
          0.5499954223632812
        ],
        [
          1.0111271819823742e-09,
          -1.0,
          -3.833306294609429e-08,
          1.6999999284744263
        ],
        [
          0.0,
          0.0,
          0.0,
          1.0
        ]
      ],
      "camera_intrinsics": [
        [
          685.5110473632812,
          0.0,
          480.0
        ],
        [
          0.0,
          685.5110473632812,
          270.0
        ],
        [
          0.0,
          0.0,
          1.0
        ]
      ],
      "data_path": "D:\\Agent-AI\\outputs\\s3a_left_v3\\sample_000000\\images\\CAM_FRONT_LEFT.png",
      "raw_layout": "bgra8"
    },
    "CAM_BACK": {
      "type_id": "sensor.camera.rgb",
      "blueprint_attributes": {
        "role_name": "front",
        "ros_name": "sensor.camera.rgb",
        "chromatic_aberration_offset": "0.0",
        "sensor_tick": "0.100000",
        "fstop": "1.4",
        "image_size_x": "960",
        "image_size_y": "540",
        "fov": "70.00",
        "lens_circle_falloff": "5.0",
        "lens_circle_multiplier": "0.0",
        "exposure_compensation": "0.0",
        "lens_y_size": "0.08",
        "lens_k": "-1.0",
        "exposure_mode": "histogram",
        "lens_kcube": "0.0",
        "lens_x_size": "0.08",
        "exposure_max_bright": "12.0",
        "shutter_speed": "200.0",
        "bloom_intensity": "0.675",
        "iso": "100.0",
        "enable_postprocess_effects": "false",
        "gamma": "2.2",
        "motion_blur_intensity": "0.0",
        "motion_blur_max_distortion": "0.35",
        "lens_flare_intensity": "0.1",
        "motion_blur_min_object_screen_size": "0.1",
        "exposure_min_bright": "10.0",
        "exposure_speed_up": "3.0",
        "exposure_speed_down": "1.0",
        "tint": "0.0",
        "calibration_constant": "16.0",
        "focal_distance": "1000.0",
        "min_fstop": "1.2",
        "blade_count": "5",
        "blur_amount": "0.0",
        "blur_radius": "0.0",
        "slope": "0.88",
        "toe": "0.55",
        "white_clip": "0.04",
        "shoulder": "0.26",
        "black_clip": "0.0",
        "temp": "6500.0",
        "chromatic_aberration_intensity": "0.0"
      },
      "transform_carla": {
        "location": {
          "x": 109.94068908691406,
          "y": -18.581384658813477,
          "z": 1.683571696281433
        },
        "rotation": {
          "roll": -0.031691450625658035,
          "pitch": -0.3862471878528595,
          "yaw": 89.61719512939453
        }
      },
      "matrix_world_from_sensor_carla": [
        [
          0.006680958438664675,
          -0.9999775290489197,
          0.0005981467547826469,
          109.94068908691406
        ],
        [
          0.9999549984931946,
          0.006684837397187948,
          0.006737386807799339,
          -18.581384658813477
        ],
        [
          -0.006741234101355076,
          0.000553107587620616,
          0.9999771118164062,
          1.683571696281433
        ],
        [
          0.0,
          0.0,
          0.0,
          1.0
        ]
      ],
      "matrix_world_from_sensor_bevfusion": [
        [
          -0.9999775290489197,
          -0.0005981467547826469,
          0.006680958438664675,
          109.94068908691406
        ],
        [
          -0.006684837397187948,
          0.006737386807799339,
          -0.9999549984931946,
          18.581384658813477
        ],
        [
          0.000553107587620616,
          -0.9999771118164062,
          -0.006741234101355076,
          1.683571696281433
        ],
        [
          0.0,
          0.0,
          0.0,
          1.0
        ]
      ],
      "matrix_ego_from_sensor_carla": [
        [
          -1.0,
          2.0677454415363172e-07,
          -1.6070700326054066e-10,
          -1.5499992370605469
        ],
        [
          -2.066734623440425e-07,
          -1.0,
          1.1926588605604138e-09,
          0.0
        ],
        [
          1.6071766140157706e-10,
          1.2520029457618875e-09,
          1.0,
          1.6999998092651367
        ],
        [
          0.0,
          0.0,
          0.0,
          1.0
        ]
      ],
      "matrix_ego_from_sensor_bevfusion": [
        [
          2.0677454415363172e-07,
          1.6070700326054066e-10,
          -1.0,
          -1.5499992370605469
        ],
        [
          1.0,
          1.1926588605604138e-09,
          2.066734623440425e-07,
          0.0
        ],
        [
          1.2520029457618875e-09,
          -1.0,
          1.6071766140157706e-10,
          1.6999998092651367
        ],
        [
          0.0,
          0.0,
          0.0,
          1.0
        ]
      ],
      "camera_intrinsics": [
        [
          685.5110473632812,
          0.0,
          480.0
        ],
        [
          0.0,
          685.5110473632812,
          270.0
        ],
        [
          0.0,
          0.0,
          1.0
        ]
      ],
      "data_path": "D:\\Agent-AI\\outputs\\s3a_left_v3\\sample_000000\\images\\CAM_BACK.png",
      "raw_layout": "bgra8"
    },
    "CAM_BACK_LEFT": {
      "type_id": "sensor.camera.rgb",
      "blueprint_attributes": {
        "role_name": "front",
        "ros_name": "sensor.camera.rgb",
        "chromatic_aberration_offset": "0.0",
        "sensor_tick": "0.100000",
        "fstop": "1.4",
        "image_size_x": "960",
        "image_size_y": "540",
        "fov": "70.00",
        "lens_circle_falloff": "5.0",
        "lens_circle_multiplier": "0.0",
        "exposure_compensation": "0.0",
        "lens_y_size": "0.08",
        "lens_k": "-1.0",
        "exposure_mode": "histogram",
        "lens_kcube": "0.0",
        "lens_x_size": "0.08",
        "exposure_max_bright": "12.0",
        "shutter_speed": "200.0",
        "bloom_intensity": "0.675",
        "iso": "100.0",
        "enable_postprocess_effects": "false",
        "gamma": "2.2",
        "motion_blur_intensity": "0.0",
        "motion_blur_max_distortion": "0.35",
        "lens_flare_intensity": "0.1",
        "motion_blur_min_object_screen_size": "0.1",
        "exposure_min_bright": "10.0",
        "exposure_speed_up": "3.0",
        "exposure_speed_down": "1.0",
        "tint": "0.0",
        "calibration_constant": "16.0",
        "focal_distance": "1000.0",
        "min_fstop": "1.2",
        "blade_count": "5",
        "blur_amount": "0.0",
        "blur_radius": "0.0",
        "slope": "0.88",
        "toe": "0.55",
        "white_clip": "0.04",
        "shoulder": "0.26",
        "black_clip": "0.0",
        "temp": "6500.0",
        "chromatic_aberration_intensity": "0.0"
      },
      "transform_carla": {
        "location": {
          "x": 109.38903045654297,
          "y": -18.827693939208984,
          "z": 1.6855612993240356
        },
        "rotation": {
          "roll": -0.33457353711128235,
          "pitch": -0.19557562470436096,
          "yaw": 144.61764526367188
        }
      },
      "matrix_world_from_sensor_carla": [
        [
          -0.8153013586997986,
          -0.5790364742279053,
          0.0005982301663607359,
          109.38903045654297
        ],
        [
          0.5790266990661621,
          -0.8152806758880615,
          0.006737325340509415,
          -18.827693939208984
        ],
        [
          -0.0034134320449084044,
          0.005839342717081308,
          0.9999771118164062,
          1.6855612993240356
        ],
        [
          0.0,
          0.0,
          0.0,
          1.0
        ]
      ],
      "matrix_world_from_sensor_bevfusion": [
        [
          -0.5790364742279053,
          -0.0005982301663607359,
          -0.8153013586997986,
          109.38903045654297
        ],
        [
          0.8152806758880615,
          0.006737325340509415,
          -0.5790266990661621,
          18.827693939208984
        ],
        [
          0.005839342717081308,
          -0.9999771118164062,
          -0.0034134320449084044,
          1.6855612993240356
        ],
        [
          0.0,
          0.0,
          0.0,
          1.0
        ]
      ],
      "matrix_ego_from_sensor_carla": [
        [
          -0.5735764503479004,
          0.8191519379615784,
          6.084091808133962e-08,
          -1.3000030517578125
        ],
        [
          -0.8191519379615784,
          -0.5735764503479004,
          8.501169190822111e-08,
          -0.5499954223632812
        ],
        [
          1.0420428964152961e-07,
          -4.728200053705223e-10,
          1.0,
          1.6999999284744263
        ],
        [
          0.0,
          0.0,
          0.0,
          1.0
        ]
      ],
      "matrix_ego_from_sensor_bevfusion": [
        [
          0.8191519379615784,
          -6.084091808133962e-08,
          -0.5735764503479004,
          -1.3000030517578125
        ],
        [
          0.5735764503479004,
          8.501169190822111e-08,
          0.8191519379615784,
          0.5499954223632812
        ],
        [
          -4.728200053705223e-10,
          -1.0,
          1.0420428964152961e-07,
          1.6999999284744263
        ],
        [
          0.0,
          0.0,
          0.0,
          1.0
        ]
      ],
      "camera_intrinsics": [
        [
          685.5110473632812,
          0.0,
          480.0
        ],
        [
          0.0,
          685.5110473632812,
          270.0
        ],
        [
          0.0,
          0.0,
          1.0
        ]
      ],
      "data_path": "D:\\Agent-AI\\outputs\\s3a_left_v3\\sample_000000\\images\\CAM_BACK_LEFT.png",
      "raw_layout": "bgra8"
    },
    "CAM_BACK_RIGHT": {
      "type_id": "sensor.camera.rgb",
      "blueprint_attributes": {
        "role_name": "front",
        "ros_name": "sensor.camera.rgb",
        "chromatic_aberration_offset": "0.0",
        "sensor_tick": "0.100000",
        "fstop": "1.4",
        "image_size_x": "960",
        "image_size_y": "540",
        "fov": "70.00",
        "lens_circle_falloff": "5.0",
        "lens_circle_multiplier": "0.0",
        "exposure_compensation": "0.0",
        "lens_y_size": "0.08",
        "lens_k": "-1.0",
        "exposure_mode": "histogram",
        "lens_kcube": "0.0",
        "lens_x_size": "0.08",
        "exposure_max_bright": "12.0",
        "shutter_speed": "200.0",
        "bloom_intensity": "0.675",
        "iso": "100.0",
        "enable_postprocess_effects": "false",
        "gamma": "2.2",
        "motion_blur_intensity": "0.0",
        "motion_blur_max_distortion": "0.35",
        "lens_flare_intensity": "0.1",
        "motion_blur_min_object_screen_size": "0.1",
        "exposure_min_bright": "10.0",
        "exposure_speed_up": "3.0",
        "exposure_speed_down": "1.0",
        "tint": "0.0",
        "calibration_constant": "16.0",
        "focal_distance": "1000.0",
        "min_fstop": "1.2",
        "blade_count": "5",
        "blur_amount": "0.0",
        "blur_radius": "0.0",
        "slope": "0.88",
        "toe": "0.55",
        "white_clip": "0.04",
        "shoulder": "0.26",
        "black_clip": "0.0",
        "temp": "6500.0",
        "chromatic_aberration_intensity": "0.0"
      },
      "transform_carla": {
        "location": {
          "x": 110.48899841308594,
          "y": -18.83504867553711,
          "z": 1.6849528551101685
        },
        "rotation": {
          "roll": 0.2982199192047119,
          "pitch": -0.24749872088432312,
          "yaw": 34.61643600463867
        }
      },
      "matrix_world_from_sensor_carla": [
        [
          0.8229657411575317,
          -0.5680906772613525,
          0.0005981153808534145,
          110.48899841308594
        ],
        [
          0.5680745840072632,
          0.8229495286941528,
          0.006737366318702698,
          -18.83504867553711
        ],
        [
          -0.00431965384632349,
          -0.005204847082495689,
          0.9999771118164062,
          1.6849528551101685
        ],
        [
          0.0,
          0.0,
          0.0,
          1.0
        ]
      ],
      "matrix_world_from_sensor_bevfusion": [
        [
          -0.5680906772613525,
          -0.0005981153808534145,
          0.8229657411575317,
          110.48899841308594
        ],
        [
          -0.8229495286941528,
          0.006737366318702698,
          -0.5680745840072632,
          18.83504867553711
        ],
        [
          -0.005204847082495689,
          -0.9999771118164062,
          -0.00431965384632349,
          1.6849528551101685
        ],
        [
          0.0,
          0.0,
          0.0,
          1.0
        ]
      ],
      "matrix_ego_from_sensor_carla": [
        [
          -0.5735765099525452,
          -0.8191520571708679,
          2.0328389638279987e-08,
          -1.3000011444091797
        ],
        [
          0.8191519975662231,
          -0.5735764503479004,
          -3.000664605679049e-08,
          0.5500030517578125
        ],
        [
          3.647041779686333e-08,
          3.8586733808188e-10,
          1.0,
          1.6999999284744263
        ],
        [
          0.0,
          0.0,
          0.0,
          1.0
        ]
      ],
      "matrix_ego_from_sensor_bevfusion": [
        [
          -0.8191520571708679,
          -2.0328389638279987e-08,
          -0.5735765099525452,
          -1.3000011444091797
        ],
        [
          0.5735764503479004,
          -3.000664605679049e-08,
          -0.8191519975662231,
          -0.5500030517578125
        ],
        [
          3.8586733808188e-10,
          -1.0,
          3.647041779686333e-08,
          1.6999999284744263
        ],
        [
          0.0,
          0.0,
          0.0,
          1.0
        ]
      ],
      "camera_intrinsics": [
        [
          685.5110473632812,
          0.0,
          480.0
        ],
        [
          0.0,
          685.5110473632812,
          270.0
        ],
        [
          0.0,
          0.0,
          1.0
        ]
      ],
      "data_path": "D:\\Agent-AI\\outputs\\s3a_left_v3\\sample_000000\\images\\CAM_BACK_RIGHT.png",
      "raw_layout": "bgra8"
    },
    "LIDAR_TOP": {
      "type_id": "sensor.lidar.ray_cast",
      "blueprint_attributes": {
        "atmosphere_attenuation_rate": "0.004",
        "role_name": "front",
        "noise_seed": "0",
        "upper_fov": "10.0",
        "ros_name": "sensor.lidar.ray_cast",
        "sensor_tick": "0.100000",
        "channels": "32",
        "range": "120.0",
        "points_per_second": "360000",
        "lower_fov": "-30.0",
        "rotation_frequency": "10.000000",
        "horizontal_fov": "360.0",
        "dropoff_general_rate": "0.0",
        "dropoff_intensity_limit": "1.0",
        "noise_stddev": "0.0",
        "dropoff_zero_intensity": "0.0"
      },
      "transform_carla": {
        "location": {
          "x": 109.93063354492188,
          "y": -20.127944946289062,
          "z": 2.194009304046631
        },
        "rotation": {
          "roll": 0.0316913016140461,
          "pitch": 0.3862471878528595,
          "yaw": -90.3828125
        }
      },
      "matrix_world_from_sensor_carla": [
        [
          -0.006681165192276239,
          0.9999775290489197,
          0.0005981455324217677,
          109.93063354492188
        ],
        [
          -0.9999549984931946,
          -0.006685044150799513,
          0.006737386807799339,
          -20.127944946289062
        ],
        [
          0.006741234101355076,
          -0.0005531049682758749,
          0.9999771118164062,
          2.194009304046631
        ],
        [
          0.0,
          0.0,
          0.0,
          1.0
        ]
      ],
      "matrix_world_from_sensor_bevfusion": [
        [
          -0.006681165192276239,
          -0.9999775290489197,
          0.0005981455324217677,
          109.93063354492188
        ],
        [
          0.9999549984931946,
          -0.006685044150799513,
          -0.006737386807799339,
          20.127944946289062
        ],
        [
          0.006741234101355076,
          0.0005531049682758749,
          0.9999771118164062,
          2.194009304046631
        ],
        [
          0.0,
          0.0,
          0.0,
          1.0
        ]
      ],
      "matrix_ego_from_sensor_carla": [
        [
          1.0,
          -1.2595012706395625e-11,
          -1.6070700326054066e-10,
          -1.9073486328125e-06
        ],
        [
          -7.992780742815953e-11,
          1.0,
          -2.970201862240174e-11,
          7.62939453125e-06
        ],
        [
          -1.6071766140157706e-10,
          -2.970201862240174e-11,
          1.0,
          2.200000047683716
        ],
        [
          0.0,
          0.0,
          0.0,
          1.0
        ]
      ],
      "matrix_ego_from_sensor_bevfusion": [
        [
          1.0,
          1.2595012706395625e-11,
          -1.6070700326054066e-10,
          -1.9073486328125e-06
        ],
        [
          7.992780742815953e-11,
          1.0,
          2.970201862240174e-11,
          -7.62939453125e-06
        ],
        [
          -1.6071766140157706e-10,
          2.970201862240174e-11,
          1.0,
          2.200000047683716
        ],
        [
          0.0,
          0.0,
          0.0,
          1.0
        ]
      ],
      "data_path": "D:\\Agent-AI\\outputs\\s3a_left_v3\\sample_000000\\lidar\\LIDAR_TOP.npy",
      "raw_layout": [
        "x",
        "y",
        "z",
        "intensity"
      ]
    },
    "RADAR_FRONT": {
      "type_id": "sensor.other.radar",
      "blueprint_attributes": {
        "sensor_tick": "0.100000",
        "role_name": "default",
        "noise_seed": "0",
        "ros_name": "sensor.other.radar",
        "horizontal_fov": "35.0",
        "points_per_second": "1500",
        "vertical_fov": "20.0",
        "range": "120.0"
      },
      "transform_carla": {
        "location": {
          "x": 109.91648864746094,
          "y": -22.136613845825195,
          "z": 0.9075214862823486
        },
        "rotation": {
          "roll": 0.0316913016140461,
          "pitch": 0.3862471878528595,
          "yaw": -90.3828125
        }
      },
      "matrix_world_from_sensor_carla": [
        [
          -0.006681165192276239,
          0.9999775290489197,
          0.0005981455324217677,
          109.91648864746094
        ],
        [
          -0.9999549984931946,
          -0.006685044150799513,
          0.006737386807799339,
          -22.136613845825195
        ],
        [
          0.006741234101355076,
          -0.0005531049682758749,
          0.9999771118164062,
          0.9075214862823486
        ],
        [
          0.0,
          0.0,
          0.0,
          1.0
        ]
      ],
      "matrix_world_from_sensor_bevfusion": [
        [
          -0.006681165192276239,
          -0.9999775290489197,
          0.0005981455324217677,
          109.91648864746094
        ],
        [
          0.9999549984931946,
          -0.006685044150799513,
          -0.006737386807799339,
          22.136613845825195
        ],
        [
          0.006741234101355076,
          0.0005531049682758749,
          0.9999771118164062,
          0.9075214862823486
        ],
        [
          0.0,
          0.0,
          0.0,
          1.0
        ]
      ],
      "matrix_ego_from_sensor_carla": [
        [
          1.0,
          -1.2595012706395625e-11,
          -1.6070700326054066e-10,
          2.0
        ],
        [
          -7.992780742815953e-11,
          1.0,
          -2.970201862240174e-11,
          0.0
        ],
        [
          -1.6071766140157706e-10,
          -2.970201862240174e-11,
          1.0,
          0.8999999761581421
        ],
        [
          0.0,
          0.0,
          0.0,
          1.0
        ]
      ],
      "matrix_ego_from_sensor_bevfusion": [
        [
          1.0,
          1.2595012706395625e-11,
          -1.6070700326054066e-10,
          2.0
        ],
        [
          7.992780742815953e-11,
          1.0,
          2.970201862240174e-11,
          0.0
        ],
        [
          -1.6071766140157706e-10,
          2.970201862240174e-11,
          1.0,
          0.8999999761581421
        ],
        [
          0.0,
          0.0,
          0.0,
          1.0
        ]
      ],
      "data_path": "D:\\Agent-AI\\outputs\\s3a_left_v3\\sample_000000\\radar\\RADAR_FRONT.npy",
      "raw_layout": [
        "velocity",
        "altitude",
        "azimuth",
        "depth"
      ]
    },
    "RADAR_FRONT_LEFT": {
      "type_id": "sensor.other.radar",
      "blueprint_attributes": {
        "sensor_tick": "0.100000",
        "role_name": "default",
        "noise_seed": "0",
        "ros_name": "sensor.other.radar",
        "horizontal_fov": "35.0",
        "points_per_second": "1500",
        "vertical_fov": "20.0",
        "range": "120.0"
      },
      "transform_carla": {
        "location": {
          "x": 109.1688461303711,
          "y": -21.7816162109375,
          "z": 0.9055768251419067
        },
        "rotation": {
          "roll": -0.2507114112377167,
          "pitch": 0.2955217659473419,
          "yaw": -135.38357543945312
        }
      },
      "matrix_world_from_sensor_carla": [
        [
          -0.7118151783943176,
          0.7023665904998779,
          0.0005980953574180603,
          109.1688461303711
        ],
        [
          -0.7023478746414185,
          -0.7118019461631775,
          0.00673733651638031,
          -21.7816162109375
        ],
        [
          0.005157805047929287,
          0.0043756673112511635,
          0.9999771118164062,
          0.9055768251419067
        ],
        [
          0.0,
          0.0,
          0.0,
          1.0
        ]
      ],
      "matrix_world_from_sensor_bevfusion": [
        [
          -0.7118151783943176,
          -0.7023665904998779,
          0.0005980953574180603,
          109.1688461303711
        ],
        [
          0.7023478746414185,
          -0.7118019461631775,
          -0.00673733651638031,
          21.7816162109375
        ],
        [
          0.005157805047929287,
          -0.0043756673112511635,
          0.9999771118164062,
          0.9055768251419067
        ],
        [
          0.0,
          0.0,
          0.0,
          1.0
        ]
      ],
      "matrix_ego_from_sensor_carla": [
        [
          0.7071067094802856,
          0.7071067690849304,
          5.059637331328304e-08,
          1.6500015258789062
        ],
        [
          -0.7071067690849304,
          0.7071067690849304,
          -4.985545842828287e-08,
          -0.7499923706054688
        ],
        [
          -7.148666014700211e-08,
          -4.995612812308536e-10,
          1.0,
          0.8999999165534973
        ],
        [
          0.0,
          0.0,
          0.0,
          1.0
        ]
      ],
      "matrix_ego_from_sensor_bevfusion": [
        [
          0.7071067094802856,
          -0.7071067690849304,
          5.059637331328304e-08,
          1.6500015258789062
        ],
        [
          0.7071067690849304,
          0.7071067690849304,
          4.985545842828287e-08,
          0.7499923706054688
        ],
        [
          -7.148666014700211e-08,
          4.995612812308536e-10,
          1.0,
          0.8999999165534973
        ],
        [
          0.0,
          0.0,
          0.0,
          1.0
        ]
      ],
      "data_path": "D:\\Agent-AI\\outputs\\s3a_left_v3\\sample_000000\\radar\\RADAR_FRONT_LEFT.npy",
      "raw_layout": [
        "velocity",
        "altitude",
        "azimuth",
        "depth"
      ]
    },
    "RADAR_FRONT_RIGHT": {
      "type_id": "sensor.other.radar",
      "blueprint_attributes": {
        "sensor_tick": "0.100000",
        "role_name": "default",
        "noise_seed": "0",
        "ros_name": "sensor.other.radar",
        "horizontal_fov": "35.0",
        "points_per_second": "1500",
        "vertical_fov": "20.0",
        "range": "120.0"
      },
      "transform_carla": {
