{
  "schema_version": "stage1.v1",
  "sample_name": "sample_000036",
  "sequence_index": 36,
  "previous_sample_name": "sample_000035",
  "frame_id": 726309,
  "timestamp": 5000.794624771923,
  "platform_timestamp": 16813382.3999034,
  "delta_seconds": 0.10000000149011612,
  "town": "Carla/Maps/Town10HD_Opt",
  "weather": {
    "cloudiness": 20.0,
    "dust_storm": 0.0,
    "fog_density": 2.0,
    "fog_distance": 0.75,
    "fog_falloff": 0.10000000149011612,
    "mie_scattering_scale": 0.029999999329447746,
    "precipitation": 0.0,
    "precipitation_deposits": 0.0,
    "rayleigh_scattering_scale": 0.03310000151395798,
    "scattering_intensity": 1.0,
    "sun_altitude_angle": 45.0,
    "sun_azimuth_angle": 300.0,
    "wetness": 0.0,
    "wind_intensity": 10.0
  },
  "sensor_names": [
    "CAM_FRONT",
    "CAM_FRONT_RIGHT",
    "CAM_FRONT_LEFT",
    "CAM_BACK",
    "CAM_BACK_LEFT",
    "CAM_BACK_RIGHT",
    "LIDAR_TOP",
    "RADAR_FRONT",
    "RADAR_FRONT_LEFT",
    "RADAR_FRONT_RIGHT",
    "RADAR_BACK_LEFT",
    "RADAR_BACK_RIGHT"
  ],
  "camera_order_for_model": [
    "CAM_FRONT",
    "CAM_FRONT_RIGHT",
    "CAM_FRONT_LEFT",
    "CAM_BACK",
    "CAM_BACK_LEFT",
    "CAM_BACK_RIGHT"
  ],
  "radar_order_for_model": [
    "RADAR_FRONT",
    "RADAR_FRONT_LEFT",
    "RADAR_FRONT_RIGHT",
    "RADAR_BACK_LEFT",
    "RADAR_BACK_RIGHT"
  ],
  "coordinate_notes": {
    "carla_world": "left-handed x-forward y-right z-up",
    "bevfusion_lidar": "x-forward y-left z-up",
    "camera_frame_for_model": "OpenCV style x-right y-down z-forward"
  },
  "ego": {
    "actor_id": 49,
    "transform_carla": {
      "location": {
        "x": 103.9478759765625,
        "y": -36.44793701171875,
        "z": -0.005039215087890625
      },
      "rotation": {
        "roll": 0.12630100548267365,
        "pitch": 0.14547619223594666,
        "yaw": -107.97284698486328
      }
    },
    "velocity_carla": [
      -1.212080478668213,
      -3.304702043533325,
      -4.882812390860636e-06
    ],
    "angular_velocity_carla": [
      0.4139809310436249,
      -0.4277154207229614,
      -5.675285339355469
    ],
    "matrix_world_from_ego_carla": [
      [
        -0.30856525897979736,
        0.9511988162994385,
        0.002880258485674858,
        103.9478759765625
      ],
      [
        -0.9511998295783997,
        -0.30857083201408386,
        0.0017349391710013151,
        -36.44793701171875
      ],
      [
        0.0025390356313437223,
        -0.002204359509050846,
        0.9999943375587463,
        -0.005039215087890625
      ],
      [
        0.0,
        0.0,
        0.0,
        1.0
      ]
    ],
    "matrix_world_from_ego_bevfusion": [
      [
        -0.30856525897979736,
        -0.9511988162994385,
        0.002880258485674858,
        103.9478759765625
      ],
      [
        0.9511998295783997,
        -0.30857083201408386,
        -0.0017349391710013151,
        36.44793701171875
      ],
      [
        0.0025390356313437223,
        0.002204359509050846,
        0.9999943375587463,
        -0.005039215087890625
      ],
      [
        0.0,
        0.0,
        0.0,
        1.0
      ]
    ]
  },
  "sensors": {
    "CAM_FRONT": {
      "type_id": "sensor.camera.rgb",
      "blueprint_attributes": {
        "role_name": "front",
        "ros_name": "sensor.camera.rgb",
        "chromatic_aberration_offset": "0.0",
        "sensor_tick": "0.100000",
        "fstop": "1.4",
        "image_size_x": "960",
        "image_size_y": "540",
        "fov": "70.00",
        "lens_circle_falloff": "5.0",
        "lens_circle_multiplier": "0.0",
        "exposure_compensation": "0.0",
        "lens_y_size": "0.08",
        "lens_k": "-1.0",
        "exposure_mode": "histogram",
        "lens_kcube": "0.0",
        "lens_x_size": "0.08",
        "exposure_max_bright": "12.0",
        "shutter_speed": "200.0",
        "bloom_intensity": "0.675",
        "iso": "100.0",
        "enable_postprocess_effects": "false",
        "gamma": "2.2",
        "motion_blur_intensity": "0.0",
        "motion_blur_max_distortion": "0.35",
        "lens_flare_intensity": "0.1",
        "motion_blur_min_object_screen_size": "0.1",
        "exposure_min_bright": "10.0",
        "exposure_speed_up": "3.0",
        "exposure_speed_down": "1.0",
        "tint": "0.0",
        "calibration_constant": "16.0",
        "focal_distance": "1000.0",
        "min_fstop": "1.2",
        "blade_count": "5",
        "blur_amount": "0.0",
        "blur_radius": "0.0",
        "slope": "0.88",
        "toe": "0.55",
        "white_clip": "0.04",
        "shoulder": "0.26",
        "black_clip": "0.0",
        "temp": "6500.0",
        "chromatic_aberration_intensity": "0.0"
      },
      "transform_carla": {
        "location": {
          "x": 103.47450256347656,
          "y": -37.919349670410156,
          "z": 1.6988866329193115
        },
        "rotation": {
          "roll": 0.12630100548267365,
          "pitch": 0.14547619223594666,
          "yaw": -107.97284698486328
        }
      },
      "matrix_world_from_sensor_carla": [
        [
          -0.30856525897979736,
          0.9511988162994385,
          0.002880258485674858,
          103.47450256347656
        ],
        [
          -0.9511998295783997,
          -0.30857083201408386,
          0.0017349391710013151,
          -37.919349670410156
        ],
        [
          0.0025390356313437223,
          -0.002204359509050846,
          0.9999943375587463,
          1.6988866329193115
        ],
        [
          0.0,
          0.0,
          0.0,
          1.0
        ]
      ],
      "matrix_world_from_sensor_bevfusion": [
        [
          0.9511988162994385,
          -0.002880258485674858,
          -0.30856525897979736,
          103.47450256347656
        ],
        [
          0.30857083201408386,
          0.0017349391710013151,
          0.9511998295783997,
          37.919349670410156
        ],
        [
          -0.002204359509050846,
          -0.9999943375587463,
          0.0025390356313437223,
          1.6988866329193115
        ],
        [
          0.0,
          0.0,
          0.0,
          1.0
        ]
      ],
      "matrix_ego_from_sensor_carla": [
        [
          1.0,
          -1.2853199393703107e-08,
          5.835848471136273e-11,
          1.5500004291534424
        ],
        [
          -2.280787825270636e-08,
          1.0,
          1.4203078990693285e-10,
          7.62939453125e-06
        ],
        [
          -1.7447084055266515e-10,
          1.420321082967746e-10,
          1.0,
          1.6999999284744263
        ],
        [
          0.0,
          0.0,
          0.0,
          1.0
        ]
      ],
      "matrix_ego_from_sensor_bevfusion": [
        [
          -1.2853199393703107e-08,
          -5.835848471136273e-11,
          1.0,
          1.5500004291534424
        ],
        [
          -1.0,
          1.4203078990693285e-10,
          2.280787825270636e-08,
          -7.62939453125e-06
        ],
        [
          1.420321082967746e-10,
          -1.0,
          -1.7447084055266515e-10,
          1.6999999284744263
        ],
        [
          0.0,
          0.0,
          0.0,
          1.0
        ]
      ],
      "camera_intrinsics": [
        [
          685.5110473632812,
          0.0,
          480.0
        ],
        [
          0.0,
          685.5110473632812,
          270.0
        ],
        [
          0.0,
          0.0,
          1.0
        ]
      ],
      "data_path": "D:\\Agent-AI\\outputs\\s3a_ml_long_v1\\sample_000036\\images\\CAM_FRONT.png",
      "raw_layout": "bgra8"
    },
    "CAM_FRONT_RIGHT": {
      "type_id": "sensor.camera.rgb",
      "blueprint_attributes": {
        "role_name": "front",
        "ros_name": "sensor.camera.rgb",
        "chromatic_aberration_offset": "0.0",
        "sensor_tick": "0.100000",
        "fstop": "1.4",
        "image_size_x": "960",
        "image_size_y": "540",
        "fov": "70.00",
        "lens_circle_falloff": "5.0",
        "lens_circle_multiplier": "0.0",
        "exposure_compensation": "0.0",
        "lens_y_size": "0.08",
        "lens_k": "-1.0",
        "exposure_mode": "histogram",
        "lens_kcube": "0.0",
        "lens_x_size": "0.08",
        "exposure_max_bright": "12.0",
        "shutter_speed": "200.0",
        "bloom_intensity": "0.675",
        "iso": "100.0",
        "enable_postprocess_effects": "false",
        "gamma": "2.2",
        "motion_blur_intensity": "0.0",
        "motion_blur_max_distortion": "0.35",
        "lens_flare_intensity": "0.1",
        "motion_blur_min_object_screen_size": "0.1",
        "exposure_min_bright": "10.0",
        "exposure_speed_up": "3.0",
        "exposure_speed_down": "1.0",
        "tint": "0.0",
        "calibration_constant": "16.0",
        "focal_distance": "1000.0",
        "min_fstop": "1.2",
        "blade_count": "5",
        "blur_amount": "0.0",
        "blur_radius": "0.0",
        "slope": "0.88",
        "toe": "0.55",
        "white_clip": "0.04",
        "shoulder": "0.26",
        "black_clip": "0.0",
        "temp": "6500.0",
        "chromatic_aberration_intensity": "0.0"
      },
      "transform_carla": {
        "location": {
          "x": 104.07479858398438,
          "y": -37.85126495361328,
          "z": 1.6970394849777222
        },
        "rotation": {
          "roll": 0.19161032140254974,
          "pitch": -0.020019283518195152,
          "yaw": -52.973052978515625
        }
      },
      "matrix_world_from_sensor_carla": [
        [
          0.6021904945373535,
          0.7983471751213074,
          0.002880275249481201,
          104.07479858398438
        ],
        [
          -0.7983523011207581,
          0.6021881103515625,
          0.0017349158879369497,
          -37.85126495361328
        ],
        [
          -0.0003494023985695094,
          -0.0033442245330661535,
          0.9999943375587463,
          1.6970394849777222
        ],
        [
          0.0,
          0.0,
          0.0,
          1.0
        ]
      ],
      "matrix_world_from_sensor_bevfusion": [
        [
          0.7983471751213074,
          -0.002880275249481201,
          0.6021904945373535,
          104.07479858398438
        ],
        [
          -0.6021881103515625,
          0.0017349158879369497,
          0.7983523011207581,
          37.85126495361328
        ],
        [
          -0.0033442245330661535,
          -0.9999943375587463,
          -0.0003494023985695094,
          1.6970394849777222
        ],
        [
          0.0,
          0.0,
          0.0,
          1.0
        ]
      ],
      "matrix_ego_from_sensor_carla": [
        [
          0.5735765695571899,
          -0.8191518783569336,
          1.70549956379773e-08,
          1.300001621246338
        ],
        [
          0.8191518783569336,
          0.5735766291618347,
          2.319226410918418e-08,
          0.5500030517578125
        ],
        [
          -2.8405928276242776e-08,
          3.100234513553346e-10,
          1.0,
          1.6999999284744263
        ],
        [
          0.0,
          0.0,
          0.0,
          1.0
        ]
      ],
      "matrix_ego_from_sensor_bevfusion": [
        [
          -0.8191518783569336,
          -1.70549956379773e-08,
          0.5735765695571899,
          1.300001621246338
        ],
        [
          -0.5735766291618347,
          2.319226410918418e-08,
          -0.8191518783569336,
          -0.5500030517578125
        ],
        [
          3.100234513553346e-10,
          -1.0,
          -2.8405928276242776e-08,
          1.6999999284744263
        ],
        [
          0.0,
          0.0,
          0.0,
          1.0
        ]
      ],
      "camera_intrinsics": [
        [
          685.5110473632812,
          0.0,
          480.0
        ],
        [
          0.0,
          685.5110473632812,
          270.0
        ],
        [
          0.0,
          0.0,
          1.0
        ]
      ],
      "data_path": "D:\\Agent-AI\\outputs\\s3a_ml_long_v1\\sample_000036\\images\\CAM_FRONT_RIGHT.png",
      "raw_layout": "bgra8"
    },
    "CAM_FRONT_LEFT": {
      "type_id": "sensor.camera.rgb",
      "blueprint_attributes": {
        "role_name": "front",
        "ros_name": "sensor.camera.rgb",
        "chromatic_aberration_offset": "0.0",
        "sensor_tick": "0.100000",
        "fstop": "1.4",
        "image_size_x": "960",
        "image_size_y": "540",
        "fov": "70.00",
        "lens_circle_falloff": "5.0",
        "lens_circle_multiplier": "0.0",
        "exposure_compensation": "0.0",
        "lens_y_size": "0.08",
        "lens_k": "-1.0",
        "exposure_mode": "histogram",
        "lens_kcube": "0.0",
        "lens_x_size": "0.08",
        "exposure_max_bright": "12.0",
        "shutter_speed": "200.0",
        "bloom_intensity": "0.675",
        "iso": "100.0",
        "enable_postprocess_effects": "false",
        "gamma": "2.2",
        "motion_blur_intensity": "0.0",
        "motion_blur_max_distortion": "0.35",
        "lens_flare_intensity": "0.1",
        "motion_blur_min_object_screen_size": "0.1",
        "exposure_min_bright": "10.0",
        "exposure_speed_up": "3.0",
        "exposure_speed_down": "1.0",
        "tint": "0.0",
        "calibration_constant": "16.0",
        "focal_distance": "1000.0",
        "min_fstop": "1.2",
        "blade_count": "5",
        "blur_amount": "0.0",
        "blur_radius": "0.0",
        "slope": "0.88",
        "toe": "0.55",
        "white_clip": "0.04",
        "shoulder": "0.26",
        "black_clip": "0.0",
        "temp": "6500.0",
        "chromatic_aberration_intensity": "0.0"
      },
      "transform_carla": {
        "location": {
          "x": 103.02848052978516,
          "y": -37.511837005615234,
          "z": 1.699464201927185
        },
        "rotation": {
          "roll": -0.04672425612807274,
          "pitch": 0.1868944615125656,
          "yaw": -162.97305297851562
        }
      },
      "matrix_world_from_sensor_carla": [
        [
          -0.9561620950698853,
          0.292823851108551,
          0.002880144165828824,
          103.02848052978516
        ],
        [
          -0.29281988739967346,
          -0.9561660289764404,
          0.0017349058762192726,
          -37.511837005615234
        ],
        [
          0.003261917969211936,
          0.0008154876995831728,
          0.9999943375587463,
          1.699464201927185
        ],
        [
          0.0,
          0.0,
          0.0,
          1.0
        ]
      ],
      "matrix_world_from_sensor_bevfusion": [
        [
          0.292823851108551,
          -0.002880144165828824,
          -0.9561620950698853,
          103.02848052978516
        ],
        [
          0.9561660289764404,
          0.0017349058762192726,
          0.29281988739967346,
          37.511837005615234
        ],
        [
          0.0008154876995831728,
          -0.9999943375587463,
          0.003261917969211936,
          1.699464201927185
        ],
        [
          0.0,
          0.0,
          0.0,
          1.0
        ]
      ],
      "matrix_ego_from_sensor_carla": [
        [
          0.5735768675804138,
          0.8191516995429993,
          6.711358224720243e-08,
          1.3000025749206543
        ],
        [
          -0.819151759147644,
          0.573576807975769,
          -9.834533187813577e-08,
          -0.5499954223632812
        ],
        [
          -1.192860850096622e-07,
          1.95981453288141e-09,
          1.0,
          1.6999999284744263
        ],
        [
          0.0,
          0.0,
          0.0,
          1.0
        ]
      ],
      "matrix_ego_from_sensor_bevfusion": [
        [
          0.8191516995429993,
          -6.711358224720243e-08,
          0.5735768675804138,
          1.3000025749206543
        ],
        [
          -0.573576807975769,
          -9.834533187813577e-08,
          0.819151759147644,
          0.5499954223632812
        ],
        [
          1.95981453288141e-09,
          -1.0,
          -1.192860850096622e-07,
          1.6999999284744263
        ],
        [
          0.0,
          0.0,
          0.0,
          1.0
        ]
      ],
      "camera_intrinsics": [
        [
          685.5110473632812,
          0.0,
          480.0
        ],
        [
          0.0,
          685.5110473632812,
          270.0
        ],
        [
          0.0,
          0.0,
          1.0
        ]
      ],
      "data_path": "D:\\Agent-AI\\outputs\\s3a_ml_long_v1\\sample_000036\\images\\CAM_FRONT_LEFT.png",
      "raw_layout": "bgra8"
    },
    "CAM_BACK": {
      "type_id": "sensor.camera.rgb",
      "blueprint_attributes": {
        "role_name": "front",
        "ros_name": "sensor.camera.rgb",
        "chromatic_aberration_offset": "0.0",
        "sensor_tick": "0.100000",
        "fstop": "1.4",
        "image_size_x": "960",
        "image_size_y": "540",
        "fov": "70.00",
        "lens_circle_falloff": "5.0",
        "lens_circle_multiplier": "0.0",
        "exposure_compensation": "0.0",
        "lens_y_size": "0.08",
        "lens_k": "-1.0",
        "exposure_mode": "histogram",
        "lens_kcube": "0.0",
        "lens_x_size": "0.08",
        "exposure_max_bright": "12.0",
        "shutter_speed": "200.0",
        "bloom_intensity": "0.675",
        "iso": "100.0",
        "enable_postprocess_effects": "false",
        "gamma": "2.2",
        "motion_blur_intensity": "0.0",
        "motion_blur_max_distortion": "0.35",
        "lens_flare_intensity": "0.1",
        "motion_blur_min_object_screen_size": "0.1",
        "exposure_min_bright": "10.0",
        "exposure_speed_up": "3.0",
        "exposure_speed_down": "1.0",
        "tint": "0.0",
        "calibration_constant": "16.0",
        "focal_distance": "1000.0",
        "min_fstop": "1.2",
        "blade_count": "5",
        "blur_amount": "0.0",
        "blur_radius": "0.0",
        "slope": "0.88",
        "toe": "0.55",
        "white_clip": "0.04",
        "shoulder": "0.26",
        "black_clip": "0.0",
        "temp": "6500.0",
        "chromatic_aberration_intensity": "0.0"
      },
      "transform_carla": {
        "location": {
          "x": 104.4310531616211,
          "y": -34.97063064575195,
          "z": 1.691015601158142
        },
        "rotation": {
          "roll": -0.12630103528499603,
          "pitch": -0.14547619223594666,
          "yaw": 72.02715301513672
        }
      },
      "matrix_world_from_sensor_carla": [
        [
          0.30856528878211975,
          -0.9511988162994385,
          0.0028802589513361454,
          104.4310531616211
        ],
        [
          0.9511998295783997,
          0.30857086181640625,
          0.0017349389381706715,
          -34.97063064575195
        ],
        [
          -0.0025390356313437223,
          0.0022043599747121334,
          0.9999943375587463,
          1.691015601158142
        ],
        [
          0.0,
          0.0,
          0.0,
          1.0
        ]
      ],
      "matrix_world_from_sensor_bevfusion": [
        [
          -0.9511988162994385,
          -0.0028802589513361454,
          0.30856528878211975,
          104.4310531616211
        ],
        [
          -0.30857086181640625,
          0.0017349389381706715,
          -0.9511998295783997,
          34.97063064575195
        ],
        [
          0.0022043599747121334,
          -0.9999943375587463,
          -0.0025390356313437223,
          1.691015601158142
        ],
        [
          0.0,
          0.0,
          0.0,
          1.0
        ]
      ],
      "matrix_ego_from_sensor_carla": [
        [
          -1.0,
          -1.5493657912202252e-08,
          5.835848471136273e-11,
          -1.5500006675720215
        ],
        [
          5.261020064040167e-08,
          -1.0,
          6.076920633368843e-10,
          0.0
        ],
        [
          1.7447084055266515e-10,
          3.236265422312812e-10,
          1.0,
          1.6999999284744263
        ],
        [
          0.0,
          0.0,
          0.0,
          1.0
        ]
      ],
      "matrix_ego_from_sensor_bevfusion": [
        [
          -1.5493657912202252e-08,
          -5.835848471136273e-11,
          -1.0,
          -1.5500006675720215
        ],
        [
          1.0,
          6.076920633368843e-10,
          -5.261020064040167e-08,
          0.0
        ],
        [
          3.236265422312812e-10,
          -1.0,
          1.7447084055266515e-10,
          1.6999999284744263
        ],
        [
          0.0,
          0.0,
          0.0,
          1.0
        ]
      ],
      "camera_intrinsics": [
        [
          685.5110473632812,
          0.0,
          480.0
        ],
        [
          0.0,
          685.5110473632812,
          270.0
        ],
        [
          0.0,
          0.0,
          1.0
        ]
      ],
      "data_path": "D:\\Agent-AI\\outputs\\s3a_ml_long_v1\\sample_000036\\images\\CAM_BACK.png",
      "raw_layout": "bgra8"
    },
    "CAM_BACK_LEFT": {
      "type_id": "sensor.camera.rgb",
      "blueprint_attributes": {
        "role_name": "front",
        "ros_name": "sensor.camera.rgb",
        "chromatic_aberration_offset": "0.0",
        "sensor_tick": "0.100000",
        "fstop": "1.4",
        "image_size_x": "960",
        "image_size_y": "540",
        "fov": "70.00",
        "lens_circle_falloff": "5.0",
        "lens_circle_multiplier": "0.0",
        "exposure_compensation": "0.0",
        "lens_y_size": "0.08",
        "lens_k": "-1.0",
        "exposure_mode": "histogram",
        "lens_kcube": "0.0",
        "lens_x_size": "0.08",
        "exposure_max_bright": "12.0",
        "shutter_speed": "200.0",
        "bloom_intensity": "0.675",
        "iso": "100.0",
        "enable_postprocess_effects": "false",
        "gamma": "2.2",
        "motion_blur_intensity": "0.0",
        "motion_blur_max_distortion": "0.35",
        "lens_flare_intensity": "0.1",
        "motion_blur_min_object_screen_size": "0.1",
        "exposure_min_bright": "10.0",
        "exposure_speed_up": "3.0",
        "exposure_speed_down": "1.0",
        "tint": "0.0",
        "calibration_constant": "16.0",
        "focal_distance": "1000.0",
        "min_fstop": "1.2",
        "blade_count": "5",
        "blur_amount": "0.0",
        "blur_radius": "0.0",
        "slope": "0.88",
        "toe": "0.55",
        "white_clip": "0.04",
        "shoulder": "0.26",
        "black_clip": "0.0",
        "temp": "6500.0",
        "chromatic_aberration_intensity": "0.0"
      },
      "transform_carla": {
        "location": {
          "x": 103.83074951171875,
          "y": -35.03871536254883,
          "z": 1.692862868309021
        },
        "rotation": {
          "roll": -0.19161033630371094,
          "pitch": 0.020019283518195152,
          "yaw": 127.02694702148438
        }
      },
      "matrix_world_from_sensor_carla": [
        [
          -0.6021904349327087,
          -0.7983472347259521,
          0.0028802757151424885,
          103.83074951171875
        ],
        [
          0.7983523607254028,
          -0.6021880507469177,
          0.0017349158879369497,
          -35.03871536254883
        ],
        [
          0.0003494023985695094,
          0.003344224765896797,
          0.9999943375587463,
          1.692862868309021
        ],
        [
          0.0,
          0.0,
          0.0,
          1.0
        ]
      ],
      "matrix_world_from_sensor_bevfusion": [
        [
          -0.7983472347259521,
          -0.0028802757151424885,
          -0.6021904349327087,
          103.83074951171875
        ],
        [
          0.6021880507469177,
          0.0017349158879369497,
          -0.7983523607254028,
          35.03871536254883
        ],
        [
          0.003344224765896797,
          -0.9999943375587463,
          0.0003494023985695094,
          1.692862868309021
        ],
        [
          0.0,
          0.0,
          0.0,
          1.0
        ]
      ],
      "matrix_ego_from_sensor_carla": [
        [
          -0.5735766291618347,
          0.8191518187522888,
          1.682216499432343e-08,
          -1.2999998331069946
        ],
        [
          -0.8191518187522888,
          -0.5735766887664795,
          2.365792539649192e-08,
          -0.5499954223632812
        ],
        [
          2.8726070411266846e-08,
          -3.1002478362296415e-10,
          1.0,
          1.7000000476837158
        ],
        [
          0.0,
          0.0,
          0.0,
          1.0
        ]
      ],
      "matrix_ego_from_sensor_bevfusion": [
        [
          0.8191518187522888,
          -1.682216499432343e-08,
          -0.5735766291618347,
          -1.2999998331069946
        ],
        [
          0.5735766887664795,
          2.365792539649192e-08,
          0.8191518187522888,
          0.5499954223632812
        ],
        [
          -3.1002478362296415e-10,
          -1.0,
          2.8726070411266846e-08,
          1.7000000476837158
        ],
        [
          0.0,
          0.0,
          0.0,
          1.0
        ]
      ],
      "camera_intrinsics": [
        [
          685.5110473632812,
          0.0,
          480.0
        ],
        [
          0.0,
          685.5110473632812,
          270.0
        ],
        [
          0.0,
          0.0,
          1.0
        ]
      ],
      "data_path": "D:\\Agent-AI\\outputs\\s3a_ml_long_v1\\sample_000036\\images\\CAM_BACK_LEFT.png",
      "raw_layout": "bgra8"
    },
    "CAM_BACK_RIGHT": {
      "type_id": "sensor.camera.rgb",
      "blueprint_attributes": {
        "role_name": "front",
        "ros_name": "sensor.camera.rgb",
        "chromatic_aberration_offset": "0.0",
        "sensor_tick": "0.100000",
        "fstop": "1.4",
        "image_size_x": "960",
        "image_size_y": "540",
        "fov": "70.00",
        "lens_circle_falloff": "5.0",
        "lens_circle_multiplier": "0.0",
        "exposure_compensation": "0.0",
        "lens_y_size": "0.08",
        "lens_k": "-1.0",
        "exposure_mode": "histogram",
        "lens_kcube": "0.0",
        "lens_x_size": "0.08",
        "exposure_max_bright": "12.0",
        "shutter_speed": "200.0",
        "bloom_intensity": "0.675",
        "iso": "100.0",
        "enable_postprocess_effects": "false",
        "gamma": "2.2",
        "motion_blur_intensity": "0.0",
        "motion_blur_max_distortion": "0.35",
        "lens_flare_intensity": "0.1",
        "motion_blur_min_object_screen_size": "0.1",
        "exposure_min_bright": "10.0",
        "exposure_speed_up": "3.0",
        "exposure_speed_down": "1.0",
        "tint": "0.0",
        "calibration_constant": "16.0",
        "focal_distance": "1000.0",
        "min_fstop": "1.2",
        "blade_count": "5",
        "blur_amount": "0.0",
        "blur_radius": "0.0",
        "slope": "0.88",
        "toe": "0.55",
        "white_clip": "0.04",
        "shoulder": "0.26",
        "black_clip": "0.0",
        "temp": "6500.0",
        "chromatic_aberration_intensity": "0.0"
      },
      "transform_carla": {
        "location": {
          "x": 104.87706756591797,
          "y": -35.378143310546875,
          "z": 1.6904380321502686
        },
        "rotation": {
          "roll": 0.04672427847981453,
          "pitch": -0.1868944615125656,
          "yaw": 17.026927947998047
        }
      },
      "matrix_world_from_sensor_carla": [
        [
          0.95616215467453,
          -0.29282352328300476,
          0.0028801443986594677,
          104.87706756591797
        ],
        [
          0.2928195595741272,
          0.9561660885810852,
          0.0017349051777273417,
          -35.378143310546875
        ],
        [
          -0.003261917969211936,
          -0.0008154880488291383,
          0.9999943375587463,
          1.6904380321502686
        ],
        [
          0.0,
          0.0,
          0.0,
          1.0
        ]
      ],
      "matrix_world_from_sensor_bevfusion": [
        [
          -0.29282352328300476,
          -0.0028801443986594677,
          0.95616215467453,
          104.87706756591797
        ],
        [
          -0.9561660885810852,
          0.0017349051777273417,
          -0.2928195595741272,
          35.378143310546875
        ],
        [
          -0.0008154880488291383,
          -0.9999943375587463,
          -0.003261917969211936,
          1.6904380321502686
        ],
        [
          0.0,
          0.0,
          0.0,
          1.0
        ]
      ],
      "matrix_ego_from_sensor_carla": [
        [
          -0.5735766291618347,
          -0.8191518783569336,
          6.757924353451017e-08,
          -1.2999989986419678
        ],
        [
          0.8191519379615784,
          -0.5735765695571899,
          -9.787967059082803e-08,
          0.5500030517578125
        ],
        [
          1.1905325436600833e-07,
          -1.319528264431824e-09,
          1.0,
          1.7000000476837158
        ],
        [
          0.0,
          0.0,
          0.0,
          1.0
        ]
      ],
      "matrix_ego_from_sensor_bevfusion": [
        [
          -0.8191518783569336,
          -6.757924353451017e-08,
          -0.5735766291618347,
          -1.2999989986419678
        ],
        [
          0.5735765695571899,
          -9.787967059082803e-08,
          -0.8191519379615784,
          -0.5500030517578125
        ],
        [
          -1.319528264431824e-09,
          -1.0,
          1.1905325436600833e-07,
          1.7000000476837158
        ],
        [
          0.0,
          0.0,
          0.0,
          1.0
        ]
      ],
      "camera_intrinsics": [
        [
          685.5110473632812,
          0.0,
          480.0
        ],
        [
          0.0,
          685.5110473632812,
          270.0
        ],
        [
          0.0,
          0.0,
          1.0
        ]
      ],
      "data_path": "D:\\Agent-AI\\outputs\\s3a_ml_long_v1\\sample_000036\\images\\CAM_BACK_RIGHT.png",
      "raw_layout": "bgra8"
    },
    "LIDAR_TOP": {
      "type_id": "sensor.lidar.ray_cast",
      "blueprint_attributes": {
        "atmosphere_attenuation_rate": "0.004",
        "role_name": "front",
        "noise_seed": "0",
        "upper_fov": "10.0",
        "ros_name": "sensor.lidar.ray_cast",
        "sensor_tick": "0.100000",
        "channels": "32",
        "range": "120.0",
        "points_per_second": "360000",
        "lower_fov": "-30.0",
        "rotation_frequency": "10.000000",
        "horizontal_fov": "360.0",
        "dropoff_general_rate": "0.0",
        "dropoff_intensity_limit": "1.0",
        "noise_stddev": "0.0",
        "dropoff_zero_intensity": "0.0"
      },
      "transform_carla": {
        "location": {
          "x": 103.95421600341797,
          "y": -36.444122314453125,
          "z": 2.194948196411133
        },
        "rotation": {
          "roll": 0.12630100548267365,
          "pitch": 0.14547619223594666,
          "yaw": -107.97284698486328
        }
      },
      "matrix_world_from_sensor_carla": [
        [
          -0.30856525897979736,
          0.9511988162994385,
          0.002880258485674858,
          103.95421600341797
        ],
        [
          -0.9511998295783997,
          -0.30857083201408386,
          0.0017349391710013151,
          -36.444122314453125
        ],
        [
          0.0025390356313437223,
          -0.002204359509050846,
          0.9999943375587463,
          2.194948196411133
        ],
        [
          0.0,
          0.0,
          0.0,
          1.0
        ]
      ],
      "matrix_world_from_sensor_bevfusion": [
        [
          -0.30856525897979736,
          -0.9511988162994385,
          0.002880258485674858,
          103.95421600341797
        ],
        [
          0.9511998295783997,
          -0.30857083201408386,
          -0.0017349391710013151,
          36.444122314453125
        ],
        [
          0.0025390356313437223,
          0.002204359509050846,
          0.9999943375587463,
          2.194948196411133
        ],
        [
          0.0,
          0.0,
          0.0,
          1.0
        ]
      ],
      "matrix_ego_from_sensor_carla": [
        [
          1.0,
          -1.2853199393703107e-08,
          5.835848471136273e-11,
          4.76837158203125e-07
        ],
        [
          -2.280787825270636e-08,
          1.0,
          1.4203078990693285e-10,
          0.0
        ],
        [
          -1.7447084055266515e-10,
          1.420321082967746e-10,
          1.0,
          2.1999998092651367
        ],
        [
          0.0,
          0.0,
          0.0,
          1.0
        ]
      ],
      "matrix_ego_from_sensor_bevfusion": [
        [
          1.0,
          1.2853199393703107e-08,
          5.835848471136273e-11,
          4.76837158203125e-07
        ],
        [
          2.280787825270636e-08,
          1.0,
          -1.4203078990693285e-10,
          0.0
        ],
        [
          -1.7447084055266515e-10,
          -1.420321082967746e-10,
          1.0,
          2.1999998092651367
        ],
        [
          0.0,
          0.0,
          0.0,
          1.0
        ]
      ],
      "data_path": "D:\\Agent-AI\\outputs\\s3a_ml_long_v1\\sample_000036\\lidar\\LIDAR_TOP.npy",
      "raw_layout": [
        "x",
        "y",
        "z",
        "intensity"
      ]
    },
    "RADAR_FRONT": {
      "type_id": "sensor.other.radar",
      "blueprint_attributes": {
        "sensor_tick": "0.100000",
        "role_name": "default",
        "noise_seed": "0",
        "ros_name": "sensor.other.radar",
        "horizontal_fov": "35.0",
        "points_per_second": "1500",
        "vertical_fov": "20.0",
        "range": "120.0"
      },
      "transform_carla": {
        "location": {
          "x": 103.33333587646484,
          "y": -38.348777770996094,
          "z": 0.9000337719917297
        },
        "rotation": {
          "roll": 0.12630100548267365,
          "pitch": 0.14547619223594666,
          "yaw": -107.97284698486328
        }
      },
      "matrix_world_from_sensor_carla": [
        [
          -0.30856525897979736,
          0.9511988162994385,
          0.002880258485674858,
          103.33333587646484
        ],
        [
          -0.9511998295783997,
          -0.30857083201408386,
          0.0017349391710013151,
          -38.348777770996094
        ],
        [
          0.0025390356313437223,
          -0.002204359509050846,
          0.9999943375587463,
          0.9000337719917297
        ],
        [
          0.0,
          0.0,
          0.0,
          1.0
        ]
      ],
      "matrix_world_from_sensor_bevfusion": [
        [
          -0.30856525897979736,
          -0.9511988162994385,
          0.002880258485674858,
          103.33333587646484
        ],
        [
          0.9511998295783997,
          -0.30857083201408386,
          -0.0017349391710013151,
          38.348777770996094
        ],
        [
          0.0025390356313437223,
          0.002204359509050846,
          0.9999943375587463,
          0.9000337719917297
        ],
        [
          0.0,
          0.0,
          0.0,
          1.0
        ]
      ],
      "matrix_ego_from_sensor_carla": [
        [
          1.0,
          -1.2853199393703107e-08,
          5.835848471136273e-11,
          2.000002145767212
        ],
        [
          -2.280787825270636e-08,
          1.0,
          1.4203078990693285e-10,
          0.0
        ],
        [
          -1.7447084055266515e-10,
          1.420321082967746e-10,
          1.0,
          0.8999999761581421
        ],
        [
          0.0,
          0.0,
          0.0,
          1.0
        ]
      ],
      "matrix_ego_from_sensor_bevfusion": [
        [
          1.0,
          1.2853199393703107e-08,
          5.835848471136273e-11,
          2.000002145767212
        ],
        [
          2.280787825270636e-08,
          1.0,
          -1.4203078990693285e-10,
          0.0
        ],
        [
          -1.7447084055266515e-10,
          -1.420321082967746e-10,
          1.0,
          0.8999999761581421
        ],
        [
          0.0,
          0.0,
          0.0,
          1.0
        ]
      ],
      "data_path": "D:\\Agent-AI\\outputs\\s3a_ml_long_v1\\sample_000036\\radar\\RADAR_FRONT.npy",
      "raw_layout": [
        "velocity",
        "altitude",
        "azimuth",
        "depth"
      ]
    },
    "RADAR_FRONT_LEFT": {
      "type_id": "sensor.other.radar",
      "blueprint_attributes": {
        "sensor_tick": "0.100000",
        "role_name": "default",
        "noise_seed": "0",
        "ros_name": "sensor.other.radar",
        "horizontal_fov": "35.0",
        "points_per_second": "1500",
        "vertical_fov": "20.0",
        "range": "120.0"
      },
      "transform_carla": {
        "location": {
          "x": 102.72793579101562,
          "y": -37.784427642822266,
          "z": 0.9007983803749084
        },
        "rotation": {
          "roll": -0.013559235259890556,
          "pitch": 0.19218102097511292,
          "yaw": -152.97303771972656
        }
      },
      "matrix_world_from_sensor_carla": [
        [
          -0.8907878398895264,
          0.4544103741645813,
          0.002880346728488803,
          102.72793579101562
        ],
        [
          -0.45440712571144104,
          -0.8907924890518188,
          0.0017349832924082875,
          -37.784427642822266
        ],
        [
          0.0033541852608323097,
          0.00023665197659283876,
          0.9999943971633911,
          0.9007983803749084
        ],
        [
          0.0,
          0.0,
          0.0,
          1.0
        ]
      ],
      "matrix_world_from_sensor_bevfusion": [
        [
          -0.8907878398895264,
          -0.4544103741645813,
          0.002880346728488803,
          102.72793579101562
        ],
        [
          0.45440712571144104,
          -0.8907924890518188,
          -0.0017349832924082875,
          37.784427642822266
        ],
        [
          0.0033541852608323097,
          -0.00023665197659283876,
          0.9999943971633911,
          0.9007983803749084
        ],
        [
          0.0,
          0.0,
          0.0,
          1.0
        ]
      ],
      "matrix_ego_from_sensor_carla": [
        [
          0.7071066498756409,
          0.7071069478988647,
          -6.894100579302176e-08,
          1.6500003337860107
        ],
        [
          -0.7071069478988647,
          0.7071066498756409,
          7.032549831365031e-08,
          -0.75
        ],
        [
          9.835376602040924e-08,
          -4.378091778001192e-10,
          1.0,
          0.8999999761581421
        ],
        [
          0.0,
          0.0,
          0.0,
          1.0
        ]
      ],
      "matrix_ego_from_sensor_bevfusion": [
        [
          0.7071066498756409,
          -0.7071069478988647,
          -6.894100579302176e-08,
          1.6500003337860107
        ],
        [
          0.7071069478988647,
          0.7071066498756409,
          -7.032549831365031e-08,
          0.75
        ],
        [
          9.835376602040924e-08,
          4.378091778001192e-10,
          1.0,
          0.8999999761581421
        ],
        [
          0.0,
          0.0,
          0.0,
          1.0
        ]
      ],
      "data_path": "D:\\Agent-AI\\outputs\\s3a_ml_long_v1\\sample_000036\\radar\\RADAR_FRONT_LEFT.npy",
      "raw_layout": [
        "velocity",
        "altitude",
        "azimuth",
        "depth"
      ]
    },
    "RADAR_FRONT_RIGHT": {
      "type_id": "sensor.other.radar",
      "blueprint_attributes": {
        "sensor_tick": "0.100000",
        "role_name": "default",
        "noise_seed": "0",
        "ros_name": "sensor.other.radar",
        "horizontal_fov": "35.0",
        "points_per_second": "1500",
