{
  "schema_version": "stage1.v1",
  "sample_name": "sample_000041",
  "sequence_index": 41,
  "previous_sample_name": "sample_000040",
  "frame_id": 726314,
  "timestamp": 5001.294624779373,
  "platform_timestamp": 16813384.7084314,
  "delta_seconds": 0.10000000149011612,
  "town": "Carla/Maps/Town10HD_Opt",
  "weather": {
    "cloudiness": 20.0,
    "dust_storm": 0.0,
    "fog_density": 2.0,
    "fog_distance": 0.75,
    "fog_falloff": 0.10000000149011612,
    "mie_scattering_scale": 0.029999999329447746,
    "precipitation": 0.0,
    "precipitation_deposits": 0.0,
    "rayleigh_scattering_scale": 0.03310000151395798,
    "scattering_intensity": 1.0,
    "sun_altitude_angle": 45.0,
    "sun_azimuth_angle": 300.0,
    "wetness": 0.0,
    "wind_intensity": 10.0
  },
  "sensor_names": [
    "CAM_FRONT",
    "CAM_FRONT_RIGHT",
    "CAM_FRONT_LEFT",
    "CAM_BACK",
    "CAM_BACK_LEFT",
    "CAM_BACK_RIGHT",
    "LIDAR_TOP",
    "RADAR_FRONT",
    "RADAR_FRONT_LEFT",
    "RADAR_FRONT_RIGHT",
    "RADAR_BACK_LEFT",
    "RADAR_BACK_RIGHT"
  ],
  "camera_order_for_model": [
    "CAM_FRONT",
    "CAM_FRONT_RIGHT",
    "CAM_FRONT_LEFT",
    "CAM_BACK",
    "CAM_BACK_LEFT",
    "CAM_BACK_RIGHT"
  ],
  "radar_order_for_model": [
    "RADAR_FRONT",
    "RADAR_FRONT_LEFT",
    "RADAR_FRONT_RIGHT",
    "RADAR_BACK_LEFT",
    "RADAR_BACK_RIGHT"
  ],
  "coordinate_notes": {
    "carla_world": "left-handed x-forward y-right z-up",
    "bevfusion_lidar": "x-forward y-left z-up",
    "camera_frame_for_model": "OpenCV style x-right y-down z-forward"
  },
  "ego": {
    "actor_id": 49,
    "transform_carla": {
      "location": {
        "x": 103.62059020996094,
        "y": -37.3510856628418,
        "z": -0.0014593505766242743
      },
      "rotation": {
        "roll": -0.04055784270167351,
        "pitch": -0.8200939297676086,
        "yaw": -109.15925598144531
      }
    },
    "velocity_carla": [
      0.0018808325985446572,
      0.0034502053167670965,
      -0.00017773627769201994
    ],
    "angular_velocity_carla": [
      -1.1639729738235474,
      0.4712529182434082,
      -0.0016655046492815018
    ],
    "matrix_world_from_ego_carla": [
      [
        -0.3281613886356354,
        0.9446064233779907,
        -0.005366064142435789,
        103.62059020996094
      ],
      [
        -0.944513201713562,
        -0.328204482793808,
        -0.013287740759551525,
        -37.3510856628418
      ],
      [
        -0.014312850311398506,
        0.0007077953196130693,
        0.999897301197052,
        -0.0014593505766242743
      ],
      [
        0.0,
        0.0,
        0.0,
        1.0
      ]
    ],
    "matrix_world_from_ego_bevfusion": [
      [
        -0.3281613886356354,
        -0.9446064233779907,
        -0.005366064142435789,
        103.62059020996094
      ],
      [
        0.944513201713562,
        -0.328204482793808,
        0.013287740759551525,
        37.3510856628418
      ],
      [
        -0.014312850311398506,
        -0.0007077953196130693,
        0.999897301197052,
        -0.0014593505766242743
      ],
      [
        0.0,
        0.0,
        0.0,
        1.0
      ]
    ]
  },
  "sensors": {
    "CAM_FRONT": {
      "type_id": "sensor.camera.rgb",
      "blueprint_attributes": {
        "role_name": "front",
        "ros_name": "sensor.camera.rgb",
        "chromatic_aberration_offset": "0.0",
        "sensor_tick": "0.100000",
        "fstop": "1.4",
        "image_size_x": "960",
        "image_size_y": "540",
        "fov": "70.00",
        "lens_circle_falloff": "5.0",
        "lens_circle_multiplier": "0.0",
        "exposure_compensation": "0.0",
        "lens_y_size": "0.08",
        "lens_k": "-1.0",
        "exposure_mode": "histogram",
        "lens_kcube": "0.0",
        "lens_x_size": "0.08",
        "exposure_max_bright": "12.0",
        "shutter_speed": "200.0",
        "bloom_intensity": "0.675",
        "iso": "100.0",
        "enable_postprocess_effects": "false",
        "gamma": "2.2",
        "motion_blur_intensity": "0.0",
        "motion_blur_max_distortion": "0.35",
        "lens_flare_intensity": "0.1",
        "motion_blur_min_object_screen_size": "0.1",
        "exposure_min_bright": "10.0",
        "exposure_speed_up": "3.0",
        "exposure_speed_down": "1.0",
        "tint": "0.0",
        "calibration_constant": "16.0",
        "focal_distance": "1000.0",
        "min_fstop": "1.2",
        "blade_count": "5",
        "blur_amount": "0.0",
        "blur_radius": "0.0",
        "slope": "0.88",
        "toe": "0.55",
        "white_clip": "0.04",
        "shoulder": "0.26",
        "black_clip": "0.0",
        "temp": "6500.0",
        "chromatic_aberration_intensity": "0.0"
      },
      "transform_carla": {
        "location": {
          "x": 103.10282135009766,
          "y": -38.837669372558594,
          "z": 1.6761809587478638
        },
        "rotation": {
          "roll": -0.04055784270167351,
          "pitch": -0.8200939297676086,
          "yaw": -109.15925598144531
        }
      },
      "matrix_world_from_sensor_carla": [
        [
          -0.3281613886356354,
          0.9446064233779907,
          -0.005366064142435789,
          103.10282135009766
        ],
        [
          -0.944513201713562,
          -0.328204482793808,
          -0.013287740759551525,
          -38.837669372558594
        ],
        [
          -0.014312850311398506,
          0.0007077953196130693,
          0.999897301197052,
          1.6761809587478638
        ],
        [
          0.0,
          0.0,
          0.0,
          1.0
        ]
      ],
      "matrix_world_from_sensor_bevfusion": [
        [
          0.9446064233779907,
          0.005366064142435789,
          -0.3281613886356354,
          103.10282135009766
        ],
        [
          0.328204482793808,
          -0.013287740759551525,
          0.944513201713562,
          38.837669372558594
        ],
        [
          0.0007077953196130693,
          -0.999897301197052,
          -0.014312850311398506,
          1.6761809587478638
        ],
        [
          0.0,
          0.0,
          0.0,
          1.0
        ]
      ],
      "matrix_ego_from_sensor_carla": [
        [
          1.0,
          1.2967331208812993e-08,
          2.8576230270971337e-10,
          1.5499972105026245
        ],
        [
          2.1558445695291084e-08,
          0.9999999403953552,
          2.444969504633576e-10,
          0.0
        ],
        [
          2.8557101128257045e-10,
          -1.6298655480806445e-10,
          1.0,
          1.6999996900558472
        ],
        [
          0.0,
          0.0,
          0.0,
          1.0
        ]
      ],
      "matrix_ego_from_sensor_bevfusion": [
        [
          1.2967331208812993e-08,
          -2.8576230270971337e-10,
          1.0,
          1.5499972105026245
        ],
        [
          -0.9999999403953552,
          2.444969504633576e-10,
          -2.1558445695291084e-08,
          0.0
        ],
        [
          -1.6298655480806445e-10,
          -1.0,
          2.8557101128257045e-10,
          1.6999996900558472
        ],
        [
          0.0,
          0.0,
          0.0,
          1.0
        ]
      ],
      "camera_intrinsics": [
        [
          685.5110473632812,
          0.0,
          480.0
        ],
        [
          0.0,
          685.5110473632812,
          270.0
        ],
        [
          0.0,
          0.0,
          1.0
        ]
      ],
      "data_path": "D:\\Agent-AI\\outputs\\s3a_ml_long_v1\\sample_000041\\images\\CAM_FRONT.png",
      "raw_layout": "bgra8"
    },
    "CAM_FRONT_RIGHT": {
      "type_id": "sensor.camera.rgb",
      "blueprint_attributes": {
        "role_name": "front",
        "ros_name": "sensor.camera.rgb",
        "chromatic_aberration_offset": "0.0",
        "sensor_tick": "0.100000",
        "fstop": "1.4",
        "image_size_x": "960",
        "image_size_y": "540",
        "fov": "70.00",
        "lens_circle_falloff": "5.0",
        "lens_circle_multiplier": "0.0",
        "exposure_compensation": "0.0",
        "lens_y_size": "0.08",
        "lens_k": "-1.0",
        "exposure_mode": "histogram",
        "lens_kcube": "0.0",
        "lens_x_size": "0.08",
        "exposure_max_bright": "12.0",
        "shutter_speed": "200.0",
        "bloom_intensity": "0.675",
        "iso": "100.0",
        "enable_postprocess_effects": "false",
        "gamma": "2.2",
        "motion_blur_intensity": "0.0",
        "motion_blur_max_distortion": "0.35",
        "lens_flare_intensity": "0.1",
        "motion_blur_min_object_screen_size": "0.1",
        "exposure_min_bright": "10.0",
        "exposure_speed_up": "3.0",
        "exposure_speed_down": "1.0",
        "tint": "0.0",
        "calibration_constant": "16.0",
        "focal_distance": "1000.0",
        "min_fstop": "1.2",
        "blade_count": "5",
        "blur_amount": "0.0",
        "blur_radius": "0.0",
        "slope": "0.88",
        "toe": "0.55",
        "white_clip": "0.04",
        "shoulder": "0.26",
        "black_clip": "0.0",
        "temp": "6500.0",
        "chromatic_aberration_intensity": "0.0"
      },
      "transform_carla": {
        "location": {
          "x": 103.70439147949219,
          "y": -38.78205490112305,
          "z": 1.6801484823226929
        },
        "rotation": {
          "roll": -0.6950606107711792,
          "pitch": -0.43715938925743103,
          "yaw": -54.15691375732422
        }
      },
      "matrix_world_from_sensor_carla": [
        [
          0.5855503678321838,
          0.8106182813644409,
          -0.0053660813719034195,
          103.70439147949219
        ],
        [
          -0.8106001019477844,
          0.5854492783546448,
          -0.01328783854842186,
          -38.78205490112305
        ],
        [
          -0.007629796396940947,
          0.012130445800721645,
          0.9998973608016968,
          1.6801484823226929
        ],
        [
          0.0,
          0.0,
          0.0,
          1.0
        ]
      ],
      "matrix_world_from_sensor_bevfusion": [
        [
          0.8106182813644409,
          0.0053660813719034195,
          0.5855503678321838,
          103.70439147949219
        ],
        [
          -0.5854492783546448,
          -0.01328783854842186,
          0.8106001019477844,
          38.78205490112305
        ],
        [
          0.012130445800721645,
          -0.9998973608016968,
          -0.007629796396940947,
          1.6801484823226929
        ],
        [
          0.0,
          0.0,
          0.0,
          1.0
        ]
      ],
      "matrix_ego_from_sensor_carla": [
        [
          0.5735767483711243,
          -0.8191518783569336,
          9.722152327640288e-08,
          1.3000012636184692
        ],
        [
          0.8191518187522888,
          0.5735767483711243,
          1.6060960561503634e-08,
          0.5499954223632812
        ],
        [
          -7.045184702292318e-08,
          7.297050075294464e-08,
          1.0,
          1.6999998092651367
        ],
        [
          0.0,
          0.0,
          0.0,
          1.0
        ]
      ],
      "matrix_ego_from_sensor_bevfusion": [
        [
          -0.8191518783569336,
          -9.722152327640288e-08,
          0.5735767483711243,
          1.3000012636184692
        ],
        [
          -0.5735767483711243,
          1.6060960561503634e-08,
          -0.8191518187522888,
          -0.5499954223632812
        ],
        [
          7.297050075294464e-08,
          -1.0,
          -7.045184702292318e-08,
          1.6999998092651367
        ],
        [
          0.0,
          0.0,
          0.0,
          1.0
        ]
      ],
      "camera_intrinsics": [
        [
          685.5110473632812,
          0.0,
          480.0
        ],
        [
          0.0,
          685.5110473632812,
          270.0
        ],
        [
          0.0,
          0.0,
          1.0
        ]
      ],
      "data_path": "D:\\Agent-AI\\outputs\\s3a_ml_long_v1\\sample_000041\\images\\CAM_FRONT_RIGHT.png",
      "raw_layout": "bgra8"
    },
    "CAM_FRONT_LEFT": {
      "type_id": "sensor.camera.rgb",
      "blueprint_attributes": {
        "role_name": "front",
        "ros_name": "sensor.camera.rgb",
        "chromatic_aberration_offset": "0.0",
        "sensor_tick": "0.100000",
        "fstop": "1.4",
        "image_size_x": "960",
        "image_size_y": "540",
        "fov": "70.00",
        "lens_circle_falloff": "5.0",
        "lens_circle_multiplier": "0.0",
        "exposure_compensation": "0.0",
        "lens_y_size": "0.08",
        "lens_k": "-1.0",
        "exposure_mode": "histogram",
        "lens_kcube": "0.0",
        "lens_x_size": "0.08",
        "exposure_max_bright": "12.0",
        "shutter_speed": "200.0",
        "bloom_intensity": "0.675",
        "iso": "100.0",
        "enable_postprocess_effects": "false",
        "gamma": "2.2",
        "motion_blur_intensity": "0.0",
        "motion_blur_max_distortion": "0.35",
        "lens_flare_intensity": "0.1",
        "motion_blur_min_object_screen_size": "0.1",
        "exposure_min_bright": "10.0",
        "exposure_speed_up": "3.0",
        "exposure_speed_down": "1.0",
        "tint": "0.0",
        "calibration_constant": "16.0",
        "focal_distance": "1000.0",
        "min_fstop": "1.2",
        "blade_count": "5",
        "blur_amount": "0.0",
        "blur_radius": "0.0",
        "slope": "0.88",
        "toe": "0.55",
        "white_clip": "0.04",
        "shoulder": "0.26",
        "black_clip": "0.0",
        "temp": "6500.0",
        "chromatic_aberration_intensity": "0.0"
      },
      "transform_carla": {
        "location": {
          "x": 102.66532897949219,
          "y": -38.42102813720703,
          "z": 1.6793699264526367
        },
        "rotation": {
          "roll": 0.6485409736633301,
          "pitch": -0.5035966634750366,
          "yaw": -164.16238403320312
        }
      },
      "matrix_world_from_sensor_carla": [
        [
          -0.9620018601417542,
          0.2729901671409607,
          -0.005366041325032711,
          102.66532897949219
        ],
        [
          -0.27290141582489014,
          -0.9619501829147339,
          -0.013287808746099472,
          -38.42102813720703
        ],
        [
          -0.00878930650651455,
          -0.01131849642843008,
          0.999897301197052,
          1.6793699264526367
        ],
        [
          0.0,
          0.0,
          0.0,
          1.0
        ]
      ],
      "matrix_world_from_sensor_bevfusion": [
        [
          0.2729901671409607,
          0.005366041325032711,
          -0.9620018601417542,
          102.66532897949219
        ],
        [
          0.9619501829147339,
          -0.013287808746099472,
          0.27290141582489014,
          38.42102813720703
        ],
        [
          -0.01131849642843008,
          -0.999897301197052,
          -0.00878930650651455,
          1.6793699264526367
        ],
        [
          0.0,
          0.0,
          0.0,
          1.0
        ]
      ],
      "matrix_ego_from_sensor_carla": [
        [
          0.5735766887664795,
          0.8191518783569336,
          5.709643957629851e-08,
          1.299998164176941
        ],
        [
          -0.8191518783569336,
          0.5735766887664795,
          4.395845110138907e-08,
          -0.5499954223632812
        ],
        [
          2.993649772520257e-09,
          -7.346902464178129e-08,
          1.0,
          1.6999996900558472
        ],
        [
          0.0,
          0.0,
          0.0,
          1.0
        ]
      ],
      "matrix_ego_from_sensor_bevfusion": [
        [
          0.8191518783569336,
          -5.709643957629851e-08,
          0.5735766887664795,
          1.299998164176941
        ],
        [
          -0.5735766887664795,
          4.395845110138907e-08,
          0.8191518783569336,
          0.5499954223632812
        ],
        [
          -7.346902464178129e-08,
          -1.0,
          2.993649772520257e-09,
          1.6999996900558472
        ],
        [
          0.0,
          0.0,
          0.0,
          1.0
        ]
      ],
      "camera_intrinsics": [
        [
          685.5110473632812,
          0.0,
          480.0
        ],
        [
          0.0,
          685.5110473632812,
          270.0
        ],
        [
          0.0,
          0.0,
          1.0
        ]
      ],
      "data_path": "D:\\Agent-AI\\outputs\\s3a_ml_long_v1\\sample_000041\\images\\CAM_FRONT_LEFT.png",
      "raw_layout": "bgra8"
    },
    "CAM_BACK": {
      "type_id": "sensor.camera.rgb",
      "blueprint_attributes": {
        "role_name": "front",
        "ros_name": "sensor.camera.rgb",
        "chromatic_aberration_offset": "0.0",
        "sensor_tick": "0.100000",
        "fstop": "1.4",
        "image_size_x": "960",
        "image_size_y": "540",
        "fov": "70.00",
        "lens_circle_falloff": "5.0",
        "lens_circle_multiplier": "0.0",
        "exposure_compensation": "0.0",
        "lens_y_size": "0.08",
        "lens_k": "-1.0",
        "exposure_mode": "histogram",
        "lens_kcube": "0.0",
        "lens_x_size": "0.08",
        "exposure_max_bright": "12.0",
        "shutter_speed": "200.0",
        "bloom_intensity": "0.675",
        "iso": "100.0",
        "enable_postprocess_effects": "false",
        "gamma": "2.2",
        "motion_blur_intensity": "0.0",
        "motion_blur_max_distortion": "0.35",
        "lens_flare_intensity": "0.1",
        "motion_blur_min_object_screen_size": "0.1",
        "exposure_min_bright": "10.0",
        "exposure_speed_up": "3.0",
        "exposure_speed_down": "1.0",
        "tint": "0.0",
        "calibration_constant": "16.0",
        "focal_distance": "1000.0",
        "min_fstop": "1.2",
        "blade_count": "5",
        "blur_amount": "0.0",
        "blur_radius": "0.0",
        "slope": "0.88",
        "toe": "0.55",
        "white_clip": "0.04",
        "shoulder": "0.26",
        "black_clip": "0.0",
        "temp": "6500.0",
        "chromatic_aberration_intensity": "0.0"
      },
      "transform_carla": {
        "location": {
          "x": 104.12012481689453,
          "y": -35.9096794128418,
          "z": 1.7205511331558228
        },
        "rotation": {
          "roll": 0.04055805876851082,
          "pitch": 0.8200939297676086,
          "yaw": 70.84073638916016
        }
      },
      "matrix_world_from_sensor_carla": [
        [
          0.3281615376472473,
          -0.944606363773346,
          -0.005366069730371237,
          104.12012481689453
        ],
        [
          0.9445131421089172,
          0.3282046318054199,
          -0.013287737965583801,
          -35.9096794128418
        ],
        [
          0.014312850311398506,
          -0.0007077990449033678,
          0.999897301197052,
          1.7205511331558228
        ],
        [
          0.0,
          0.0,
          0.0,
          1.0
        ]
      ],
      "matrix_world_from_sensor_bevfusion": [
        [
          -0.944606363773346,
          0.005366069730371237,
          0.3281615376472473,
          104.12012481689453
        ],
        [
          -0.3282046318054199,
          -0.013287737965583801,
          -0.9445131421089172,
          35.9096794128418
        ],
        [
          -0.0007077990449033678,
          -0.999897301197052,
          0.014312850311398506,
          1.7205511331558228
        ],
        [
          0.0,
          0.0,
          0.0,
          1.0
        ]
      ],
      "matrix_ego_from_sensor_carla": [
        [
          -1.0,
          -1.5365741035111569e-07,
          -6.455602719057651e-10,
          -1.5500025749206543
        ],
        [
          1.470154842309057e-07,
          -0.9999999403953552,
          -6.274761155111719e-09,
          7.62939453125e-06
        ],
        [
          -2.8557101128257045e-10,
          -6.006642738753953e-09,
          1.0,
          1.7000000476837158
        ],
        [
          0.0,
          0.0,
          0.0,
          1.0
        ]
      ],
      "matrix_ego_from_sensor_bevfusion": [
        [
          -1.5365741035111569e-07,
          6.455602719057651e-10,
          -1.0,
          -1.5500025749206543
        ],
        [
          0.9999999403953552,
          -6.274761155111719e-09,
          -1.470154842309057e-07,
          -7.62939453125e-06
        ],
        [
          -6.006642738753953e-09,
          -1.0,
          -2.8557101128257045e-10,
          1.7000000476837158
        ],
        [
          0.0,
          0.0,
          0.0,
          1.0
        ]
      ],
      "camera_intrinsics": [
        [
          685.5110473632812,
          0.0,
          480.0
        ],
        [
          0.0,
          685.5110473632812,
          270.0
        ],
        [
          0.0,
          0.0,
          1.0
        ]
      ],
      "data_path": "D:\\Agent-AI\\outputs\\s3a_ml_long_v1\\sample_000041\\images\\CAM_BACK.png",
      "raw_layout": "bgra8"
    },
    "CAM_BACK_LEFT": {
      "type_id": "sensor.camera.rgb",
      "blueprint_attributes": {
        "role_name": "front",
        "ros_name": "sensor.camera.rgb",
        "chromatic_aberration_offset": "0.0",
        "sensor_tick": "0.100000",
        "fstop": "1.4",
        "image_size_x": "960",
        "image_size_y": "540",
        "fov": "70.00",
        "lens_circle_falloff": "5.0",
        "lens_circle_multiplier": "0.0",
        "exposure_compensation": "0.0",
        "lens_y_size": "0.08",
        "lens_k": "-1.0",
        "exposure_mode": "histogram",
        "lens_kcube": "0.0",
        "lens_x_size": "0.08",
        "exposure_max_bright": "12.0",
        "shutter_speed": "200.0",
        "bloom_intensity": "0.675",
        "iso": "100.0",
        "enable_postprocess_effects": "false",
        "gamma": "2.2",
        "motion_blur_intensity": "0.0",
        "motion_blur_max_distortion": "0.35",
        "lens_flare_intensity": "0.1",
        "motion_blur_min_object_screen_size": "0.1",
        "exposure_min_bright": "10.0",
        "exposure_speed_up": "3.0",
        "exposure_speed_down": "1.0",
        "tint": "0.0",
        "calibration_constant": "16.0",
        "focal_distance": "1000.0",
        "min_fstop": "1.2",
        "blade_count": "5",
        "blur_amount": "0.0",
        "blur_radius": "0.0",
        "slope": "0.88",
        "toe": "0.55",
        "white_clip": "0.04",
        "shoulder": "0.26",
        "black_clip": "0.0",
        "temp": "6500.0",
        "chromatic_aberration_intensity": "0.0"
      },
      "transform_carla": {
        "location": {
          "x": 103.5185546875,
          "y": -35.965293884277344,
          "z": 1.7165837287902832
        },
        "rotation": {
          "roll": 0.695060670375824,
          "pitch": 0.43715938925743103,
          "yaw": 125.84310150146484
        }
      },
      "matrix_world_from_sensor_carla": [
        [
          -0.5855506658554077,
          -0.8106180429458618,
          -0.005366077180951834,
          103.5185546875
        ],
        [
          0.8105998635292053,
          -0.5854495763778687,
          -0.013287841342389584,
          -35.965293884277344
        ],
        [
          0.007629796396940947,
          -0.01213044673204422,
          0.9998973608016968,
          1.7165837287902832
        ],
        [
          0.0,
          0.0,
          0.0,
          1.0
        ]
      ],
      "matrix_world_from_sensor_bevfusion": [
        [
          -0.8106180429458618,
          0.005366077180951834,
          -0.5855506658554077,
          103.5185546875
        ],
        [
          0.5854495763778687,
          -0.013287841342389584,
          -0.8105998635292053,
          35.965293884277344
        ],
        [
          -0.01213044673204422,
          -0.9998973608016968,
          0.007629796396940947,
          1.7165837287902832
        ],
        [
          0.0,
          0.0,
          0.0,
          1.0
        ]
      ],
      "matrix_ego_from_sensor_carla": [
        [
          -0.5735763907432556,
          0.8191520571708679,
          9.815284585101836e-08,
          -1.3000028133392334
        ],
        [
          -0.8191519975662231,
          -0.5735763907432556,
          2.0717573434581027e-08,
          -0.5499954223632812
        ],
        [
          7.510845989600057e-08,
          -7.110776323315804e-08,
          1.0,
          1.7000000476837158
        ],
        [
          0.0,
          0.0,
          0.0,
          1.0
        ]
      ],
      "matrix_ego_from_sensor_bevfusion": [
        [
          0.8191520571708679,
          -9.815284585101836e-08,
          -0.5735763907432556,
          -1.3000028133392334
        ],
        [
          0.5735763907432556,
          2.0717573434581027e-08,
          0.8191519975662231,
          0.5499954223632812
        ],
        [
          -7.110776323315804e-08,
          -1.0,
          7.510845989600057e-08,
          1.7000000476837158
        ],
        [
          0.0,
          0.0,
          0.0,
          1.0
        ]
      ],
      "camera_intrinsics": [
        [
          685.5110473632812,
          0.0,
          480.0
        ],
        [
          0.0,
          685.5110473632812,
          270.0
        ],
        [
          0.0,
          0.0,
          1.0
        ]
      ],
      "data_path": "D:\\Agent-AI\\outputs\\s3a_ml_long_v1\\sample_000041\\images\\CAM_BACK_LEFT.png",
      "raw_layout": "bgra8"
    },
    "CAM_BACK_RIGHT": {
      "type_id": "sensor.camera.rgb",
      "blueprint_attributes": {
        "role_name": "front",
        "ros_name": "sensor.camera.rgb",
        "chromatic_aberration_offset": "0.0",
        "sensor_tick": "0.100000",
        "fstop": "1.4",
        "image_size_x": "960",
        "image_size_y": "540",
        "fov": "70.00",
        "lens_circle_falloff": "5.0",
        "lens_circle_multiplier": "0.0",
        "exposure_compensation": "0.0",
        "lens_y_size": "0.08",
        "lens_k": "-1.0",
        "exposure_mode": "histogram",
        "lens_kcube": "0.0",
        "lens_x_size": "0.08",
        "exposure_max_bright": "12.0",
        "shutter_speed": "200.0",
        "bloom_intensity": "0.675",
        "iso": "100.0",
        "enable_postprocess_effects": "false",
        "gamma": "2.2",
        "motion_blur_intensity": "0.0",
        "motion_blur_max_distortion": "0.35",
        "lens_flare_intensity": "0.1",
        "motion_blur_min_object_screen_size": "0.1",
        "exposure_min_bright": "10.0",
        "exposure_speed_up": "3.0",
        "exposure_speed_down": "1.0",
        "tint": "0.0",
        "calibration_constant": "16.0",
        "focal_distance": "1000.0",
        "min_fstop": "1.2",
        "blade_count": "5",
        "blur_amount": "0.0",
        "blur_radius": "0.0",
        "slope": "0.88",
        "toe": "0.55",
        "white_clip": "0.04",
        "shoulder": "0.26",
        "black_clip": "0.0",
        "temp": "6500.0",
        "chromatic_aberration_intensity": "0.0"
      },
      "transform_carla": {
        "location": {
          "x": 104.5576171875,
          "y": -36.32632064819336,
          "z": 1.7173621654510498
        },
        "rotation": {
          "roll": -0.6485409140586853,
          "pitch": 0.5035966634750366,
          "yaw": 15.837599754333496
        }
      },
      "matrix_world_from_sensor_carla": [
        [
          0.9620019793510437,
          -0.27298983931541443,
          -0.005366045981645584,
          104.5576171875
        ],
        [
          0.27290108799934387,
          0.9619503021240234,
          -0.013287805952131748,
          -36.32632064819336
        ],
        [
          0.00878930650651455,
          0.011318495497107506,
          0.999897301197052,
          1.7173621654510498
        ],
        [
          0.0,
          0.0,
          0.0,
          1.0
        ]
      ],
      "matrix_world_from_sensor_bevfusion": [
        [
          -0.27298983931541443,
          0.005366045981645584,
          0.9620019793510437,
          104.5576171875
        ],
        [
          -0.9619503021240234,
          -0.013287805952131748,
          -0.27290108799934387,
          36.32632064819336
        ],
        [
          0.011318495497107506,
          -0.999897301197052,
          0.00878930650651455,
          1.7173621654510498
        ],
        [
          0.0,
          0.0,
          0.0,
          1.0
        ]
      ],
      "matrix_ego_from_sensor_carla": [
        [
          -0.5735764503479004,
          -0.8191521167755127,
          5.616511700168303e-08,
          -1.2999999523162842
        ],
        [
          0.8191520571708679,
          -0.5735763907432556,
          3.889438460191741e-08,
          0.5500030517578125
        ],
        [
          7.316404149193545e-10,
          6.881250413925954e-08,
          1.0,
          1.7000000476837158
        ],
        [
          0.0,
          0.0,
          0.0,
          1.0
        ]
      ],
      "matrix_ego_from_sensor_bevfusion": [
        [
          -0.8191521167755127,
          -5.616511700168303e-08,
          -0.5735764503479004,
          -1.2999999523162842
        ],
        [
          0.5735763907432556,
          3.889438460191741e-08,
          -0.8191520571708679,
          -0.5500030517578125
        ],
        [
          6.881250413925954e-08,
          -1.0,
          7.316404149193545e-10,
          1.7000000476837158
        ],
        [
          0.0,
          0.0,
          0.0,
          1.0
        ]
      ],
      "camera_intrinsics": [
        [
          685.5110473632812,
          0.0,
          480.0
        ],
        [
          0.0,
          685.5110473632812,
          270.0
        ],
        [
          0.0,
          0.0,
          1.0
        ]
      ],
      "data_path": "D:\\Agent-AI\\outputs\\s3a_ml_long_v1\\sample_000041\\images\\CAM_BACK_RIGHT.png",
      "raw_layout": "bgra8"
    },
    "LIDAR_TOP": {
      "type_id": "sensor.lidar.ray_cast",
      "blueprint_attributes": {
        "atmosphere_attenuation_rate": "0.004",
        "role_name": "front",
        "noise_seed": "0",
        "upper_fov": "10.0",
        "ros_name": "sensor.lidar.ray_cast",
        "sensor_tick": "0.100000",
        "channels": "32",
        "range": "120.0",
        "points_per_second": "360000",
        "lower_fov": "-30.0",
        "rotation_frequency": "10.000000",
        "horizontal_fov": "360.0",
        "dropoff_general_rate": "0.0",
        "dropoff_intensity_limit": "1.0",
        "noise_stddev": "0.0",
        "dropoff_zero_intensity": "0.0"
      },
      "transform_carla": {
        "location": {
          "x": 103.6087875366211,
          "y": -37.38031768798828,
          "z": 2.198314666748047
        },
        "rotation": {
          "roll": -0.04055784270167351,
          "pitch": -0.8200939297676086,
          "yaw": -109.15925598144531
        }
      },
      "matrix_world_from_sensor_carla": [
        [
          -0.3281613886356354,
          0.9446064233779907,
          -0.005366064142435789,
          103.6087875366211
        ],
        [
          -0.944513201713562,
          -0.328204482793808,
          -0.013287740759551525,
          -37.38031768798828
        ],
        [
          -0.014312850311398506,
          0.0007077953196130693,
          0.999897301197052,
          2.198314666748047
        ],
        [
          0.0,
          0.0,
          0.0,
          1.0
        ]
      ],
      "matrix_world_from_sensor_bevfusion": [
        [
          -0.3281613886356354,
          -0.9446064233779907,
          -0.005366064142435789,
          103.6087875366211
        ],
        [
          0.944513201713562,
          -0.328204482793808,
          0.013287740759551525,
          37.38031768798828
        ],
        [
          -0.014312850311398506,
          -0.0007077953196130693,
          0.999897301197052,
          2.198314666748047
        ],
        [
          0.0,
          0.0,
          0.0,
          1.0
        ]
      ],
      "matrix_ego_from_sensor_carla": [
        [
          1.0,
          1.2967331208812993e-08,
          2.8576230270971337e-10,
          -2.5033950805664062e-06
        ],
        [
          2.1558445695291084e-08,
          0.9999999403953552,
          2.444969504633576e-10,
          0.0
        ],
        [
          2.8557101128257045e-10,
          -1.6298655480806445e-10,
          1.0,
          2.200000047683716
        ],
        [
          0.0,
          0.0,
          0.0,
          1.0
        ]
      ],
      "matrix_ego_from_sensor_bevfusion": [
        [
          1.0,
          -1.2967331208812993e-08,
          2.8576230270971337e-10,
          -2.5033950805664062e-06
        ],
        [
          -2.1558445695291084e-08,
          0.9999999403953552,
          -2.444969504633576e-10,
          0.0
        ],
        [
          2.8557101128257045e-10,
          1.6298655480806445e-10,
          1.0,
          2.200000047683716
        ],
        [
          0.0,
          0.0,
          0.0,
          1.0
        ]
      ],
      "data_path": "D:\\Agent-AI\\outputs\\s3a_ml_long_v1\\sample_000041\\lidar\\LIDAR_TOP.npy",
      "raw_layout": [
        "x",
        "y",
        "z",
        "intensity"
      ]
    },
    "RADAR_FRONT": {
      "type_id": "sensor.other.radar",
      "blueprint_attributes": {
        "sensor_tick": "0.100000",
        "role_name": "default",
        "noise_seed": "0",
        "ros_name": "sensor.other.radar",
        "horizontal_fov": "35.0",
        "points_per_second": "1500",
        "vertical_fov": "20.0",
        "range": "120.0"
      },
      "transform_carla": {
        "location": {
          "x": 102.95944213867188,
          "y": -39.252071380615234,
          "z": 0.8698223829269409
        },
        "rotation": {
          "roll": -0.04055784270167351,
          "pitch": -0.8200939297676086,
          "yaw": -109.15925598144531
        }
      },
      "matrix_world_from_sensor_carla": [
        [
          -0.3281613886356354,
          0.9446064233779907,
          -0.005366064142435789,
          102.95944213867188
        ],
        [
          -0.944513201713562,
          -0.328204482793808,
          -0.013287740759551525,
          -39.252071380615234
        ],
        [
          -0.014312850311398506,
          0.0007077953196130693,
          0.999897301197052,
          0.8698223829269409
        ],
        [
          0.0,
          0.0,
          0.0,
          1.0
        ]
      ],
      "matrix_world_from_sensor_bevfusion": [
        [
          -0.3281613886356354,
          -0.9446064233779907,
          -0.005366064142435789,
          102.95944213867188
        ],
        [
          0.944513201713562,
          -0.328204482793808,
          0.013287740759551525,
          39.252071380615234
        ],
        [
          -0.014312850311398506,
          -0.0007077953196130693,
          0.999897301197052,
          0.8698223829269409
        ],
        [
          0.0,
          0.0,
          0.0,
          1.0
        ]
      ],
      "matrix_ego_from_sensor_carla": [
        [
          1.0,
          1.2967331208812993e-08,
          2.8576230270971337e-10,
          1.9999970197677612
        ],
        [
          2.1558445695291084e-08,
          0.9999999403953552,
          2.444969504633576e-10,
          0.0
        ],
        [
          2.8557101128257045e-10,
          -1.6298655480806445e-10,
          1.0,
          0.8999997973442078
        ],
        [
          0.0,
          0.0,
          0.0,
          1.0
        ]
      ],
      "matrix_ego_from_sensor_bevfusion": [
        [
          1.0,
          -1.2967331208812993e-08,
          2.8576230270971337e-10,
          1.9999970197677612
        ],
        [
          -2.1558445695291084e-08,
          0.9999999403953552,
          -2.444969504633576e-10,
          0.0
        ],
        [
          2.8557101128257045e-10,
          1.6298655480806445e-10,
          1.0,
          0.8999997973442078
        ],
        [
          0.0,
          0.0,
          0.0,
          1.0
        ]
      ],
      "data_path": "D:\\Agent-AI\\outputs\\s3a_ml_long_v1\\sample_000041\\radar\\RADAR_FRONT.npy",
      "raw_layout": [
        "velocity",
        "altitude",
        "azimuth",
        "depth"
      ]
    },
    "RADAR_FRONT_LEFT": {
      "type_id": "sensor.other.radar",
      "blueprint_attributes": {
        "sensor_tick": "0.100000",
        "role_name": "default",
        "noise_seed": "0",
        "ros_name": "sensor.other.radar",
        "horizontal_fov": "35.0",
        "points_per_second": "1500",
        "vertical_fov": "20.0",
        "range": "120.0"
      },
      "transform_carla": {
        "location": {
          "x": 102.3658447265625,
          "y": -38.67533874511719,
          "z": 0.8743010759353638
        },
        "rotation": {
          "roll": 0.5512414574623108,
          "pitch": -0.6085630059242249,
          "yaw": -154.16249084472656
        }
      },
      "matrix_world_from_sensor_carla": [
        [
          -0.8999829292297363,
          0.4358921945095062,
          -0.0053660674020648,
          102.3658447265625
        ],
        [
          -0.43579578399658203,
          -0.8999475240707397,
          -0.013287805020809174,
          -38.67533874511719
        ],
        [
          -0.010621229186654091,
          -0.009620288386940956,
          0.9998973608016968,
          0.8743010759353638
        ],
        [
          0.0,
          0.0,
          0.0,
          1.0
        ]
      ],
      "matrix_world_from_sensor_bevfusion": [
        [
          -0.8999829292297363,
          -0.4358921945095062,
          -0.0053660674020648,
          102.3658447265625
        ],
        [
          0.43579578399658203,
          -0.8999475240707397,
          0.013287805020809174,
          38.67533874511719
        ],
        [
          -0.010621229186654091,
          0.009620288386940956,
          0.9998973608016968,
          0.8743010759353638
        ],
        [
          0.0,
          0.0,
          0.0,
          1.0
        ]
      ],
      "matrix_ego_from_sensor_carla": [
        [
          0.7071065306663513,
          0.7071070671081543,
          6.089994286639921e-08,
          1.6499990224838257
        ],
        [
          -0.7071070075035095,
          0.7071065902709961,
          1.8098228693474994e-08,
          -0.75
        ],
        [
          -3.145617810673684e-08,
          -5.6951826366002933e-08,
          1.0,
          0.8999997973442078
        ],
        [
          0.0,
          0.0,
          0.0,
          1.0
        ]
      ],
      "matrix_ego_from_sensor_bevfusion": [
        [
          0.7071065306663513,
          -0.7071070671081543,
          6.089994286639921e-08,
          1.6499990224838257
        ],
        [
          0.7071070075035095,
          0.7071065902709961,
          -1.8098228693474994e-08,
          0.75
        ],
        [
          -3.145617810673684e-08,
          5.6951826366002933e-08,
          1.0,
          0.8999997973442078
        ],
        [
          0.0,
          0.0,
          0.0,
          1.0
        ]
      ],
      "data_path": "D:\\Agent-AI\\outputs\\s3a_ml_long_v1\\sample_000041\\radar\\RADAR_FRONT_LEFT.npy",
      "raw_layout": [
        "velocity",
        "altitude",
        "azimuth",
        "depth"
      ]
    },
    "RADAR_FRONT_RIGHT": {
      "type_id": "sensor.other.radar",
      "blueprint_attributes": {
        "sensor_tick": "0.100000",
        "role_name": "default",
        "noise_seed": "0",
        "ros_name": "sensor.other.radar",
        "horizontal_fov": "35.0",
