{
  "schema_version": "stage1.v1",
  "sample_name": "sample_000029",
  "sequence_index": 29,
  "previous_sample_name": "sample_000028",
  "frame_id": 60030,
  "timestamp": 437.91970079392195,
  "platform_timestamp": 16814574.1069194,
  "delta_seconds": 0.10000000149011612,
  "town": "Carla/Maps/Town10HD_Opt",
  "weather": {
    "cloudiness": 20.0,
    "dust_storm": 0.0,
    "fog_density": 2.0,
    "fog_distance": 0.75,
    "fog_falloff": 0.10000000149011612,
    "mie_scattering_scale": 0.029999999329447746,
    "precipitation": 0.0,
    "precipitation_deposits": 0.0,
    "rayleigh_scattering_scale": 0.03310000151395798,
    "scattering_intensity": 1.0,
    "sun_altitude_angle": 45.0,
    "sun_azimuth_angle": 300.0,
    "wetness": 0.0,
    "wind_intensity": 10.0
  },
  "sensor_names": [
    "CAM_FRONT",
    "CAM_FRONT_RIGHT",
    "CAM_FRONT_LEFT",
    "CAM_BACK",
    "CAM_BACK_LEFT",
    "CAM_BACK_RIGHT",
    "LIDAR_TOP",
    "RADAR_FRONT",
    "RADAR_FRONT_LEFT",
    "RADAR_FRONT_RIGHT",
    "RADAR_BACK_LEFT",
    "RADAR_BACK_RIGHT"
  ],
  "camera_order_for_model": [
    "CAM_FRONT",
    "CAM_FRONT_RIGHT",
    "CAM_FRONT_LEFT",
    "CAM_BACK",
    "CAM_BACK_LEFT",
    "CAM_BACK_RIGHT"
  ],
  "radar_order_for_model": [
    "RADAR_FRONT",
    "RADAR_FRONT_LEFT",
    "RADAR_FRONT_RIGHT",
    "RADAR_BACK_LEFT",
    "RADAR_BACK_RIGHT"
  ],
  "coordinate_notes": {
    "carla_world": "left-handed x-forward y-right z-up",
    "bevfusion_lidar": "x-forward y-left z-up",
    "camera_frame_for_model": "OpenCV style x-right y-down z-forward"
  },
  "ego": {
    "actor_id": 28,
    "transform_carla": {
      "location": {
        "x": 102.09529876708984,
        "y": -41.10532760620117,
        "z": -0.004107093904167414
      },
      "rotation": {
        "roll": 0.6743422746658325,
        "pitch": -0.05975732207298279,
        "yaw": -114.98229217529297
      }
    },
    "velocity_carla": [
      -3.568457841873169,
      -6.992671966552734,
      -0.00011559486301848665
    ],
    "angular_velocity_carla": [
      -0.19347615540027618,
      1.9058595895767212,
      -15.977165222167969
    ],
    "matrix_world_from_ego_carla": [
      [
        -0.4223378300666809,
        0.906380832195282,
        0.010227621532976627,
        102.09529876708984
      ],
      [
        -0.9064379334449768,
        -0.4222976863384247,
        -0.005915905348956585,
        -41.10532760620117
      ],
      [
        -0.0010429617250338197,
        -0.011769214645028114,
        0.999930202960968,
        -0.004107093904167414
      ],
      [
        0.0,
        0.0,
        0.0,
        1.0
      ]
    ],
    "matrix_world_from_ego_bevfusion": [
      [
        -0.4223378300666809,
        -0.906380832195282,
        0.010227621532976627,
        102.09529876708984
      ],
      [
        0.9064379334449768,
        -0.4222976863384247,
        0.005915905348956585,
        41.10532760620117
      ],
      [
        -0.0010429617250338197,
        0.011769214645028114,
        0.999930202960968,
        -0.004107093904167414
      ],
      [
        0.0,
        0.0,
        0.0,
        1.0
      ]
    ]
  },
  "sensors": {
    "CAM_FRONT": {
      "type_id": "sensor.camera.rgb",
      "blueprint_attributes": {
        "role_name": "front",
        "ros_name": "sensor.camera.rgb",
        "chromatic_aberration_offset": "0.0",
        "sensor_tick": "0.100000",
        "fstop": "1.4",
        "image_size_x": "960",
        "image_size_y": "540",
        "fov": "70.00",
        "lens_circle_falloff": "5.0",
        "lens_circle_multiplier": "0.0",
        "exposure_compensation": "0.0",
        "lens_y_size": "0.08",
        "lens_k": "-1.0",
        "exposure_mode": "histogram",
        "lens_kcube": "0.0",
        "lens_x_size": "0.08",
        "exposure_max_bright": "12.0",
        "shutter_speed": "200.0",
        "bloom_intensity": "0.675",
        "iso": "100.0",
        "enable_postprocess_effects": "false",
        "gamma": "2.2",
        "motion_blur_intensity": "0.0",
        "motion_blur_max_distortion": "0.35",
        "lens_flare_intensity": "0.1",
        "motion_blur_min_object_screen_size": "0.1",
        "exposure_min_bright": "10.0",
        "exposure_speed_up": "3.0",
        "exposure_speed_down": "1.0",
        "tint": "0.0",
        "calibration_constant": "16.0",
        "focal_distance": "1000.0",
        "min_fstop": "1.2",
        "blade_count": "5",
        "blur_amount": "0.0",
        "blur_radius": "0.0",
        "slope": "0.88",
        "toe": "0.55",
        "white_clip": "0.04",
        "shoulder": "0.26",
        "black_clip": "0.0",
        "temp": "6500.0",
        "chromatic_aberration_intensity": "0.0"
      },
      "transform_carla": {
        "location": {
          "x": 101.45806121826172,
          "y": -42.52035903930664,
          "z": 1.6941577196121216
        },
        "rotation": {
          "roll": 0.6743422746658325,
          "pitch": -0.05975732207298279,
          "yaw": -114.98229217529297
        }
      },
      "matrix_world_from_sensor_carla": [
        [
          -0.4223378300666809,
          0.906380832195282,
          0.010227621532976627,
          101.45806121826172
        ],
        [
          -0.9064379334449768,
          -0.4222976863384247,
          -0.005915905348956585,
          -42.52035903930664
        ],
        [
          -0.0010429617250338197,
          -0.011769214645028114,
          0.999930202960968,
          1.6941577196121216
        ],
        [
          0.0,
          0.0,
          0.0,
          1.0
        ]
      ],
      "matrix_world_from_sensor_bevfusion": [
        [
          0.906380832195282,
          -0.010227621532976627,
          -0.4223378300666809,
          101.45806121826172
        ],
        [
          0.4222976863384247,
          -0.005915905348956585,
          0.9064379334449768,
          42.52035903930664
        ],
        [
          -0.011769214645028114,
          -0.999930202960968,
          -0.0010429617250338197,
          1.6941577196121216
        ],
        [
          0.0,
          0.0,
          0.0,
          1.0
        ]
      ],
      "matrix_ego_from_sensor_carla": [
        [
          0.9999999403953552,
          1.1439428071469138e-08,
          -8.031873083291785e-11,
          1.5499958992004395
        ],
        [
          9.590340077636483e-09,
          1.0,
          2.975814039629654e-11,
          -7.62939453125e-06
        ],
        [
          2.688947398077346e-10,
          2.982314395438834e-11,
          1.0,
          1.7000001668930054
        ],
        [
          0.0,
          0.0,
          0.0,
          1.0
        ]
      ],
      "matrix_ego_from_sensor_bevfusion": [
        [
          1.1439428071469138e-08,
          8.031873083291785e-11,
          0.9999999403953552,
          1.5499958992004395
        ],
        [
          -1.0,
          2.975814039629654e-11,
          -9.590340077636483e-09,
          7.62939453125e-06
        ],
        [
          2.982314395438834e-11,
          -1.0,
          2.688947398077346e-10,
          1.7000001668930054
        ],
        [
          0.0,
          0.0,
          0.0,
          1.0
        ]
      ],
      "camera_intrinsics": [
        [
          685.5110473632812,
          0.0,
          480.0
        ],
        [
          0.0,
          685.5110473632812,
          270.0
        ],
        [
          0.0,
          0.0,
          1.0
        ]
      ],
      "data_path": "D:\\Agent-AI\\outputs\\s3a_ml_long_v2\\sample_000029\\images\\CAM_FRONT.png",
      "raw_layout": "bgra8"
    },
    "CAM_FRONT_RIGHT": {
      "type_id": "sensor.camera.rgb",
      "blueprint_attributes": {
        "role_name": "front",
        "ros_name": "sensor.camera.rgb",
        "chromatic_aberration_offset": "0.0",
        "sensor_tick": "0.100000",
        "fstop": "1.4",
        "image_size_x": "960",
        "image_size_y": "540",
        "fov": "70.00",
        "lens_circle_falloff": "5.0",
        "lens_circle_multiplier": "0.0",
        "exposure_compensation": "0.0",
        "lens_y_size": "0.08",
        "lens_k": "-1.0",
        "exposure_mode": "histogram",
        "lens_kcube": "0.0",
        "lens_x_size": "0.08",
        "exposure_max_bright": "12.0",
        "shutter_speed": "200.0",
        "bloom_intensity": "0.675",
        "iso": "100.0",
        "enable_postprocess_effects": "false",
        "gamma": "2.2",
        "motion_blur_intensity": "0.0",
        "motion_blur_max_distortion": "0.35",
        "lens_flare_intensity": "0.1",
        "motion_blur_min_object_screen_size": "0.1",
        "exposure_min_bright": "10.0",
        "exposure_speed_up": "3.0",
        "exposure_speed_down": "1.0",
        "tint": "0.0",
        "calibration_constant": "16.0",
        "focal_distance": "1000.0",
        "min_fstop": "1.2",
        "blade_count": "5",
        "blur_amount": "0.0",
        "blur_radius": "0.0",
        "slope": "0.88",
        "toe": "0.55",
        "white_clip": "0.04",
        "shoulder": "0.26",
        "black_clip": "0.0",
        "temp": "6500.0",
        "chromatic_aberration_intensity": "0.0"
      },
      "transform_carla": {
        "location": {
          "x": 102.0621566772461,
          "y": -42.52601623535156,
          "z": 1.6879453659057617
        },
        "rotation": {
          "roll": 0.33785033226013184,
          "pitch": -0.5866517424583435,
          "yaw": -59.98368835449219
        }
      },
      "matrix_world_from_sensor_carla": [
        [
          0.5002202391624451,
          0.8658377528190613,
          0.010227584280073643,
          102.0621566772461
        ],
        [
          -0.8658376932144165,
          0.500290036201477,
          -0.005915734451264143,
          -42.52601623535156
        ],
        [
          -0.010238825343549252,
          -0.0058962577022612095,
          0.999930202960968,
          1.6879453659057617
        ],
        [
          0.0,
          0.0,
          0.0,
          1.0
        ]
      ],
      "matrix_world_from_sensor_bevfusion": [
        [
          0.8658377528190613,
          -0.010227584280073643,
          0.5002202391624451,
          102.0621566772461
        ],
        [
          -0.500290036201477,
          -0.005915734451264143,
          0.8658376932144165,
          42.52601623535156
        ],
        [
          -0.0058962577022612095,
          -0.999930202960968,
          -0.010238825343549252,
          1.6879453659057617
        ],
        [
          0.0,
          0.0,
          0.0,
          1.0
        ]
      ],
      "matrix_ego_from_sensor_carla": [
        [
          0.573576807975769,
          -0.8191516995429993,
          -1.3919662933403742e-07,
          1.299999713897705
        ],
        [
          0.819151759147644,
          0.573576807975769,
          -1.0520969340177544e-07,
          0.5499954223632812
        ],
        [
          1.6609070030426665e-07,
          -5.3188635718015576e-08,
          1.0,
          1.7000001668930054
        ],
        [
          0.0,
          0.0,
          0.0,
          1.0
        ]
      ],
      "matrix_ego_from_sensor_bevfusion": [
        [
          -0.8191516995429993,
          1.3919662933403742e-07,
          0.573576807975769,
          1.299999713897705
        ],
        [
          -0.573576807975769,
          -1.0520969340177544e-07,
          -0.819151759147644,
          -0.5499954223632812
        ],
        [
          -5.3188635718015576e-08,
          -1.0,
          1.6609070030426665e-07,
          1.7000001668930054
        ],
        [
          0.0,
          0.0,
          0.0,
          1.0
        ]
      ],
      "camera_intrinsics": [
        [
          685.5110473632812,
          0.0,
          480.0
        ],
        [
          0.0,
          685.5110473632812,
          270.0
        ],
        [
          0.0,
          0.0,
          1.0
        ]
      ],
      "data_path": "D:\\Agent-AI\\outputs\\s3a_ml_long_v2\\sample_000029\\images\\CAM_FRONT_RIGHT.png",
      "raw_layout": "bgra8"
    },
    "CAM_FRONT_LEFT": {
      "type_id": "sensor.camera.rgb",
      "blueprint_attributes": {
        "role_name": "front",
        "ros_name": "sensor.camera.rgb",
        "chromatic_aberration_offset": "0.0",
        "sensor_tick": "0.100000",
        "fstop": "1.4",
        "image_size_x": "960",
        "image_size_y": "540",
        "fov": "70.00",
        "lens_circle_falloff": "5.0",
        "lens_circle_multiplier": "0.0",
        "exposure_compensation": "0.0",
        "lens_y_size": "0.08",
        "lens_k": "-1.0",
        "exposure_mode": "histogram",
        "lens_kcube": "0.0",
        "lens_x_size": "0.08",
        "exposure_max_bright": "12.0",
        "shutter_speed": "200.0",
        "bloom_intensity": "0.675",
        "iso": "100.0",
        "enable_postprocess_effects": "false",
        "gamma": "2.2",
        "motion_blur_intensity": "0.0",
        "motion_blur_max_distortion": "0.35",
        "lens_flare_intensity": "0.1",
        "motion_blur_min_object_screen_size": "0.1",
        "exposure_min_bright": "10.0",
        "exposure_speed_up": "3.0",
        "exposure_speed_down": "1.0",
        "tint": "0.0",
        "calibration_constant": "16.0",
        "focal_distance": "1000.0",
        "min_fstop": "1.2",
        "blade_count": "5",
        "blur_amount": "0.0",
        "blur_radius": "0.0",
        "slope": "0.88",
        "toe": "0.55",
        "white_clip": "0.04",
        "shoulder": "0.26",
        "black_clip": "0.0",
        "temp": "6500.0",
        "chromatic_aberration_intensity": "0.0"
      },
      "transform_carla": {
        "location": {
          "x": 101.06513214111328,
          "y": -42.06148910522461,
          "z": 1.7008914947509766
        },
        "rotation": {
          "roll": 0.43574684858322144,
          "pitch": 0.5181108117103577,
          "yaw": -169.97998046875
        }
      },
      "matrix_world_from_sensor_carla": [
        [
          -0.984706699848175,
          0.17391949892044067,
          0.010227669030427933,
          101.06513214111328
        ],
        [
          -0.17398515343666077,
          -0.9847304821014404,
          -0.005915842484682798,
          -42.06148910522461
        ],
        [
          0.009042616933584213,
          -0.007604832760989666,
          0.999930202960968,
          1.7008914947509766
        ],
        [
          0.0,
          0.0,
          0.0,
          1.0
        ]
      ],
      "matrix_world_from_sensor_bevfusion": [
        [
          0.17391949892044067,
          -0.010227669030427933,
          -0.984706699848175,
          101.06513214111328
        ],
        [
          0.9847304821014404,
          -0.005915842484682798,
          0.17398515343666077,
          42.06148910522461
        ],
        [
          -0.007604832760989666,
          -0.999930202960968,
          0.009042616933584213,
          1.7008914947509766
        ],
        [
          0.0,
          0.0,
          0.0,
          1.0
        ]
      ],
      "matrix_ego_from_sensor_carla": [
        [
          0.5735761523246765,
          0.8191521763801575,
          -7.703084747845423e-08,
          1.3000030517578125
        ],
        [
          -0.8191521763801575,
          0.5735762119293213,
          1.6793563872852246e-08,
          -0.5500106811523438
        ],
        [
          5.8030817484677755e-08,
          5.2560668706291835e-08,
          1.0,
          1.6999999284744263
        ],
        [
          0.0,
          0.0,
          0.0,
          1.0
        ]
      ],
      "matrix_ego_from_sensor_bevfusion": [
        [
          0.8191521763801575,
          7.703084747845423e-08,
          0.5735761523246765,
          1.3000030517578125
        ],
        [
          -0.5735762119293213,
          1.6793563872852246e-08,
          0.8191521763801575,
          0.5500106811523438
        ],
        [
          5.2560668706291835e-08,
          -1.0,
          5.8030817484677755e-08,
          1.6999999284744263
        ],
        [
          0.0,
          0.0,
          0.0,
          1.0
        ]
      ],
      "camera_intrinsics": [
        [
          685.5110473632812,
          0.0,
          480.0
        ],
        [
          0.0,
          685.5110473632812,
          270.0
        ],
        [
          0.0,
          0.0,
          1.0
        ]
      ],
      "data_path": "D:\\Agent-AI\\outputs\\s3a_ml_long_v2\\sample_000029\\images\\CAM_FRONT_LEFT.png",
      "raw_layout": "bgra8"
    },
    "CAM_BACK": {
      "type_id": "sensor.camera.rgb",
      "blueprint_attributes": {
        "role_name": "front",
        "ros_name": "sensor.camera.rgb",
        "chromatic_aberration_offset": "0.0",
        "sensor_tick": "0.100000",
        "fstop": "1.4",
        "image_size_x": "960",
        "image_size_y": "540",
        "fov": "70.00",
        "lens_circle_falloff": "5.0",
        "lens_circle_multiplier": "0.0",
        "exposure_compensation": "0.0",
        "lens_y_size": "0.08",
        "lens_k": "-1.0",
        "exposure_mode": "histogram",
        "lens_kcube": "0.0",
        "lens_x_size": "0.08",
        "exposure_max_bright": "12.0",
        "shutter_speed": "200.0",
        "bloom_intensity": "0.675",
        "iso": "100.0",
        "enable_postprocess_effects": "false",
        "gamma": "2.2",
        "motion_blur_intensity": "0.0",
        "motion_blur_max_distortion": "0.35",
        "lens_flare_intensity": "0.1",
        "motion_blur_min_object_screen_size": "0.1",
        "exposure_min_bright": "10.0",
        "exposure_speed_up": "3.0",
        "exposure_speed_down": "1.0",
        "tint": "0.0",
        "calibration_constant": "16.0",
        "focal_distance": "1000.0",
        "min_fstop": "1.2",
        "blade_count": "5",
        "blur_amount": "0.0",
        "blur_radius": "0.0",
        "slope": "0.88",
        "toe": "0.55",
        "white_clip": "0.04",
        "shoulder": "0.26",
        "black_clip": "0.0",
        "temp": "6500.0",
        "chromatic_aberration_intensity": "0.0"
      },
      "transform_carla": {
        "location": {
          "x": 102.7673110961914,
          "y": -39.71040344238281,
          "z": 1.6973909139633179
        },
        "rotation": {
          "roll": -0.674342155456543,
          "pitch": 0.05975732207298279,
          "yaw": 65.01769256591797
        }
      },
      "matrix_world_from_sensor_carla": [
        [
          0.4223381578922272,
          -0.9063806533813477,
          0.010227617807686329,
          102.7673110961914
        ],
        [
          0.9064377546310425,
          0.42229801416397095,
          -0.005915908142924309,
          -39.71040344238281
        ],
        [
          0.0010429617250338197,
          0.011769212782382965,
          0.999930202960968,
          1.6973909139633179
        ],
        [
          0.0,
          0.0,
          0.0,
          1.0
        ]
      ],
      "matrix_world_from_sensor_bevfusion": [
        [
          -0.9063806533813477,
          -0.010227617807686329,
          0.4223381578922272,
          102.7673110961914
        ],
        [
          -0.42229801416397095,
          -0.005915908142924309,
          -0.9064377546310425,
          39.71040344238281
        ],
        [
          0.011769212782382965,
          -0.999930202960968,
          0.0010429617250338197,
          1.6973909139633179
        ],
        [
          0.0,
          0.0,
          0.0,
          1.0
        ]
      ],
      "matrix_ego_from_sensor_carla": [
        [
          -0.9999999403953552,
          -3.6819588444814144e-07,
          4.343463366751621e-09,
          -1.550001621246338
        ],
        [
          3.639455030679528e-07,
          -1.0,
          -2.7642095279389878e-09,
          0.0
        ],
        [
          4.038472223300005e-09,
          -1.8923382860691618e-09,
          1.0,
          1.7000001668930054
        ],
        [
          0.0,
          0.0,
          0.0,
          1.0
        ]
      ],
      "matrix_ego_from_sensor_bevfusion": [
        [
          -3.6819588444814144e-07,
          -4.343463366751621e-09,
          -0.9999999403953552,
          -1.550001621246338
        ],
        [
          1.0,
          -2.7642095279389878e-09,
          -3.639455030679528e-07,
          0.0
        ],
        [
          -1.8923382860691618e-09,
          -1.0,
          4.038472223300005e-09,
          1.7000001668930054
        ],
        [
          0.0,
          0.0,
          0.0,
          1.0
        ]
      ],
      "camera_intrinsics": [
        [
          685.5110473632812,
          0.0,
          480.0
        ],
        [
          0.0,
          685.5110473632812,
          270.0
        ],
        [
          0.0,
          0.0,
          1.0
        ]
      ],
      "data_path": "D:\\Agent-AI\\outputs\\s3a_ml_long_v2\\sample_000029\\images\\CAM_BACK.png",
      "raw_layout": "bgra8"
    },
    "CAM_BACK_LEFT": {
      "type_id": "sensor.camera.rgb",
      "blueprint_attributes": {
        "role_name": "front",
        "ros_name": "sensor.camera.rgb",
        "chromatic_aberration_offset": "0.0",
        "sensor_tick": "0.100000",
        "fstop": "1.4",
        "image_size_x": "960",
        "image_size_y": "540",
        "fov": "70.00",
        "lens_circle_falloff": "5.0",
        "lens_circle_multiplier": "0.0",
        "exposure_compensation": "0.0",
        "lens_y_size": "0.08",
        "lens_k": "-1.0",
        "exposure_mode": "histogram",
        "lens_kcube": "0.0",
        "lens_x_size": "0.08",
        "exposure_max_bright": "12.0",
        "shutter_speed": "200.0",
        "bloom_intensity": "0.675",
        "iso": "100.0",
        "enable_postprocess_effects": "false",
        "gamma": "2.2",
        "motion_blur_intensity": "0.0",
        "motion_blur_max_distortion": "0.35",
        "lens_flare_intensity": "0.1",
        "motion_blur_min_object_screen_size": "0.1",
        "exposure_min_bright": "10.0",
        "exposure_speed_up": "3.0",
        "exposure_speed_down": "1.0",
        "tint": "0.0",
        "calibration_constant": "16.0",
        "focal_distance": "1000.0",
        "min_fstop": "1.2",
        "blade_count": "5",
        "blur_amount": "0.0",
        "blur_radius": "0.0",
        "slope": "0.88",
        "toe": "0.55",
        "white_clip": "0.04",
        "shoulder": "0.26",
        "black_clip": "0.0",
        "temp": "6500.0",
        "chromatic_aberration_intensity": "0.0"
      },
      "transform_carla": {
        "location": {
          "x": 102.16322326660156,
          "y": -39.704750061035156,
          "z": 1.7036030292510986
        },
        "rotation": {
          "roll": -0.3378502130508423,
          "pitch": 0.5866517424583435,
          "yaw": 120.01628112792969
        }
      },
      "matrix_world_from_sensor_carla": [
        [
          -0.5002199411392212,
          -0.8658379316329956,
          0.010227580554783344,
          102.16322326660156
        ],
        [
          0.8658378720283508,
          -0.5002897381782532,
          -0.005915739107877016,
          -39.704750061035156
        ],
        [
          0.010238825343549252,
          0.00589625583961606,
          0.999930202960968,
          1.7036030292510986
        ],
        [
          0.0,
          0.0,
          0.0,
          1.0
        ]
      ],
      "matrix_world_from_sensor_bevfusion": [
        [
          -0.8658379316329956,
          -0.010227580554783344,
          -0.5002199411392212,
          102.16322326660156
        ],
        [
          0.5002897381782532,
          -0.005915739107877016,
          -0.8658378720283508,
          39.704750061035156
        ],
        [
          0.00589625583961606,
          -0.999930202960968,
          0.010238825343549252,
          1.7036030292510986
        ],
        [
          0.0,
          0.0,
          0.0,
          1.0
        ]
      ],
      "matrix_ego_from_sensor_carla": [
        [
          -0.5735771059989929,
          0.8191515207290649,
          -1.3302661727720988e-07,
          -1.3000054359436035
        ],
        [
          -0.8191515803337097,
          -0.5735770463943481,
          -1.070723385510064e-07,
          -0.5500030517578125
        ],
        [
          -1.642280551550357e-07,
          4.760083172072882e-08,
          1.0,
          1.6999999284744263
        ],
        [
          0.0,
          0.0,
          0.0,
          1.0
        ]
      ],
      "matrix_ego_from_sensor_bevfusion": [
        [
          0.8191515207290649,
          1.3302661727720988e-07,
          -0.5735771059989929,
          -1.3000054359436035
        ],
        [
          0.5735770463943481,
          -1.070723385510064e-07,
          0.8191515803337097,
          0.5500030517578125
        ],
        [
          4.760083172072882e-08,
          -1.0,
          -1.642280551550357e-07,
          1.6999999284744263
        ],
        [
          0.0,
          0.0,
          0.0,
          1.0
        ]
      ],
      "camera_intrinsics": [
        [
          685.5110473632812,
          0.0,
          480.0
        ],
        [
          0.0,
          685.5110473632812,
          270.0
        ],
        [
          0.0,
          0.0,
          1.0
        ]
      ],
      "data_path": "D:\\Agent-AI\\outputs\\s3a_ml_long_v2\\sample_000029\\images\\CAM_BACK_LEFT.png",
      "raw_layout": "bgra8"
    },
    "CAM_BACK_RIGHT": {
      "type_id": "sensor.camera.rgb",
      "blueprint_attributes": {
        "role_name": "front",
        "ros_name": "sensor.camera.rgb",
        "chromatic_aberration_offset": "0.0",
        "sensor_tick": "0.100000",
        "fstop": "1.4",
        "image_size_x": "960",
        "image_size_y": "540",
        "fov": "70.00",
        "lens_circle_falloff": "5.0",
        "lens_circle_multiplier": "0.0",
        "exposure_compensation": "0.0",
        "lens_y_size": "0.08",
        "lens_k": "-1.0",
        "exposure_mode": "histogram",
        "lens_kcube": "0.0",
        "lens_x_size": "0.08",
        "exposure_max_bright": "12.0",
        "shutter_speed": "200.0",
        "bloom_intensity": "0.675",
        "iso": "100.0",
        "enable_postprocess_effects": "false",
        "gamma": "2.2",
        "motion_blur_intensity": "0.0",
        "motion_blur_max_distortion": "0.35",
        "lens_flare_intensity": "0.1",
        "motion_blur_min_object_screen_size": "0.1",
        "exposure_min_bright": "10.0",
        "exposure_speed_up": "3.0",
        "exposure_speed_down": "1.0",
        "tint": "0.0",
        "calibration_constant": "16.0",
        "focal_distance": "1000.0",
        "min_fstop": "1.2",
        "blade_count": "5",
        "blur_amount": "0.0",
        "blur_radius": "0.0",
        "slope": "0.88",
        "toe": "0.55",
        "white_clip": "0.04",
        "shoulder": "0.26",
        "black_clip": "0.0",
        "temp": "6500.0",
        "chromatic_aberration_intensity": "0.0"
      },
      "transform_carla": {
        "location": {
          "x": 103.16023254394531,
          "y": -40.16927719116211,
          "z": 1.6906570196151733
        },
        "rotation": {
          "roll": -0.4357467293739319,
          "pitch": -0.5181108117103577,
          "yaw": 10.019996643066406
        }
      },
      "matrix_world_from_sensor_carla": [
        [
          0.9847068190574646,
          -0.17391911149024963,
          0.010227667167782784,
          103.16023254394531
        ],
        [
          0.17398476600646973,
          0.98473060131073,
          -0.005915845278650522,
          -40.16927719116211
        ],
        [
          -0.009042616933584213,
          0.007604830898344517,
          0.999930202960968,
          1.6906570196151733
        ],
        [
          0.0,
          0.0,
          0.0,
          1.0
        ]
      ],
      "matrix_world_from_sensor_bevfusion": [
        [
          -0.17391911149024963,
          -0.010227667167782784,
          0.9847068190574646,
          103.16023254394531
        ],
        [
          -0.98473060131073,
          -0.005915845278650522,
          -0.17398476600646973,
          40.16927719116211
        ],
        [
          0.007604830898344517,
          -0.999930202960968,
          -0.009042616933584213,
          1.6906570196151733
        ],
        [
          0.0,
          0.0,
          0.0,
          1.0
        ]
      ],
      "matrix_ego_from_sensor_carla": [
        [
          -0.5735759139060974,
          -0.8191524147987366,
          -7.365480314547312e-08,
          -1.3000011444091797
        ],
        [
          0.8191524744033813,
          -0.5735759139060974,
          1.5862241298236768e-08,
          0.5499954223632812
        ],
        [
          -5.430552718621584e-08,
          -5.11635533939625e-08,
          1.0,
          1.7000001668930054
        ],
        [
          0.0,
          0.0,
          0.0,
          1.0
        ]
      ],
      "matrix_ego_from_sensor_bevfusion": [
        [
          -0.8191524147987366,
          7.365480314547312e-08,
          -0.5735759139060974,
          -1.3000011444091797
        ],
        [
          0.5735759139060974,
          1.5862241298236768e-08,
          -0.8191524744033813,
          -0.5499954223632812
        ],
        [
          -5.11635533939625e-08,
          -1.0,
          -5.430552718621584e-08,
          1.7000001668930054
        ],
        [
          0.0,
          0.0,
          0.0,
          1.0
        ]
      ],
      "camera_intrinsics": [
        [
          685.5110473632812,
          0.0,
          480.0
        ],
        [
          0.0,
          685.5110473632812,
          270.0
        ],
        [
          0.0,
          0.0,
          1.0
        ]
      ],
      "data_path": "D:\\Agent-AI\\outputs\\s3a_ml_long_v2\\sample_000029\\images\\CAM_BACK_RIGHT.png",
      "raw_layout": "bgra8"
    },
    "LIDAR_TOP": {
      "type_id": "sensor.lidar.ray_cast",
      "blueprint_attributes": {
        "atmosphere_attenuation_rate": "0.004",
        "role_name": "front",
        "noise_seed": "0",
        "upper_fov": "10.0",
        "ros_name": "sensor.lidar.ray_cast",
        "sensor_tick": "0.100000",
        "channels": "32",
        "range": "120.0",
        "points_per_second": "360000",
        "lower_fov": "-30.0",
        "rotation_frequency": "10.000000",
        "horizontal_fov": "360.0",
        "dropoff_general_rate": "0.0",
        "dropoff_intensity_limit": "1.0",
        "noise_stddev": "0.0",
        "dropoff_zero_intensity": "0.0"
      },
      "transform_carla": {
        "location": {
          "x": 102.1177978515625,
          "y": -41.11833953857422,
          "z": 2.195739507675171
        },
        "rotation": {
          "roll": 0.6743422746658325,
          "pitch": -0.05975732207298279,
          "yaw": -114.98229217529297
        }
      },
      "matrix_world_from_sensor_carla": [
        [
          -0.4223378300666809,
          0.906380832195282,
          0.010227621532976627,
          102.1177978515625
        ],
        [
          -0.9064379334449768,
          -0.4222976863384247,
          -0.005915905348956585,
          -41.11833953857422
        ],
        [
          -0.0010429617250338197,
          -0.011769214645028114,
          0.999930202960968,
          2.195739507675171
        ],
        [
          0.0,
          0.0,
          0.0,
          1.0
        ]
      ],
      "matrix_world_from_sensor_bevfusion": [
        [
          -0.4223378300666809,
          -0.906380832195282,
          0.010227621532976627,
          102.1177978515625
        ],
        [
          0.9064379334449768,
          -0.4222976863384247,
          0.005915905348956585,
          41.11833953857422
        ],
        [
          -0.0010429617250338197,
          0.011769214645028114,
          0.999930202960968,
          2.195739507675171
        ],
        [
          0.0,
          0.0,
          0.0,
          1.0
        ]
      ],
      "matrix_ego_from_sensor_carla": [
        [
          0.9999999403953552,
          1.1439428071469138e-08,
          -8.031873083291785e-11,
          0.0
        ],
        [
          9.590340077636483e-09,
          1.0,
          2.975814039629654e-11,
          0.0
        ],
        [
          2.688947398077346e-10,
          2.982314395438834e-11,
          1.0,
          2.200000286102295
        ],
        [
          0.0,
          0.0,
          0.0,
          1.0
        ]
      ],
      "matrix_ego_from_sensor_bevfusion": [
        [
          0.9999999403953552,
          -1.1439428071469138e-08,
          -8.031873083291785e-11,
          0.0
        ],
        [
          -9.590340077636483e-09,
          1.0,
          -2.975814039629654e-11,
          0.0
        ],
        [
          2.688947398077346e-10,
          -2.982314395438834e-11,
          1.0,
          2.200000286102295
        ],
        [
          0.0,
          0.0,
          0.0,
          1.0
        ]
      ],
      "data_path": "D:\\Agent-AI\\outputs\\s3a_ml_long_v2\\sample_000029\\lidar\\LIDAR_TOP.npy",
      "raw_layout": [
        "x",
        "y",
        "z",
        "intensity"
      ]
    },
    "RADAR_FRONT": {
      "type_id": "sensor.other.radar",
      "blueprint_attributes": {
        "sensor_tick": "0.100000",
        "role_name": "default",
        "noise_seed": "0",
        "ros_name": "sensor.other.radar",
        "horizontal_fov": "35.0",
        "points_per_second": "1500",
        "vertical_fov": "20.0",
        "range": "120.0"
      },
      "transform_carla": {
        "location": {
          "x": 101.25983428955078,
          "y": -42.92352294921875,
          "z": 0.8937443494796753
        },
        "rotation": {
          "roll": 0.6743422746658325,
          "pitch": -0.05975732207298279,
          "yaw": -114.98229217529297
        }
      },
      "matrix_world_from_sensor_carla": [
        [
          -0.4223378300666809,
          0.906380832195282,
          0.010227621532976627,
          101.25983428955078
        ],
        [
          -0.9064379334449768,
          -0.4222976863384247,
          -0.005915905348956585,
          -42.92352294921875
        ],
        [
          -0.0010429617250338197,
          -0.011769214645028114,
          0.999930202960968,
          0.8937443494796753
        ],
        [
          0.0,
          0.0,
          0.0,
          1.0
        ]
      ],
      "matrix_world_from_sensor_bevfusion": [
        [
          -0.4223378300666809,
          -0.906380832195282,
          0.010227621532976627,
          101.25983428955078
        ],
        [
          0.9064379334449768,
          -0.4222976863384247,
          0.005915905348956585,
          42.92352294921875
        ],
        [
          -0.0010429617250338197,
          0.011769214645028114,
          0.999930202960968,
          0.8937443494796753
        ],
        [
          0.0,
          0.0,
          0.0,
          1.0
        ]
      ],
      "matrix_ego_from_sensor_carla": [
        [
          0.9999999403953552,
          1.1439428071469138e-08,
          -8.031873083291785e-11,
          1.999995231628418
        ],
        [
          9.590340077636483e-09,
          1.0,
          2.975814039629654e-11,
          0.0
        ],
        [
          2.688947398077346e-10,
          2.982314395438834e-11,
          1.0,
          0.9000002145767212
        ],
        [
          0.0,
          0.0,
          0.0,
          1.0
        ]
      ],
      "matrix_ego_from_sensor_bevfusion": [
        [
          0.9999999403953552,
          -1.1439428071469138e-08,
          -8.031873083291785e-11,
          1.999995231628418
        ],
        [
          -9.590340077636483e-09,
          1.0,
          -2.975814039629654e-11,
          0.0
        ],
        [
          2.688947398077346e-10,
          -2.982314395438834e-11,
          1.0,
          0.9000002145767212
        ],
        [
          0.0,
          0.0,
          0.0,
          1.0
        ]
      ],
      "data_path": "D:\\Agent-AI\\outputs\\s3a_ml_long_v2\\sample_000029\\radar\\RADAR_FRONT.npy",
      "raw_layout": [
        "velocity",
        "altitude",
        "azimuth",
        "depth"
      ]
    },
    "RADAR_FRONT_LEFT": {
      "type_id": "sensor.other.radar",
      "blueprint_attributes": {
        "sensor_tick": "0.100000",
        "role_name": "default",
        "noise_seed": "0",
        "ros_name": "sensor.other.radar",
        "horizontal_fov": "35.0",
        "points_per_second": "1500",
        "vertical_fov": "20.0",
        "range": "120.0"
      },
      "transform_carla": {
        "location": {
          "x": 100.72785949707031,
          "y": -42.28955078125,
          "z": 0.9029362201690674
        },
        "rotation": {
          "roll": 0.5190947651863098,
          "pitch": 0.4345707595348358,
          "yaw": -159.97999572753906
        }
      },
      "matrix_world_from_sensor_carla": [
        [
          -0.9395461082458496,
          0.34226956963539124,
          0.010227613151073456,
          100.72785949707031
        ],
        [
          -0.34233832359313965,
          -0.9395581483840942,
          -0.005915860645473003,
          -42.28955078125
        ],
        [
          0.00758461793884635,
          -0.009059527888894081,
          0.9999301433563232,
          0.9029362201690674
        ],
        [
          0.0,
          0.0,
          0.0,
          1.0
        ]
      ],
      "matrix_world_from_sensor_bevfusion": [
        [
          -0.9395461082458496,
          -0.34226956963539124,
          0.010227613151073456,
          100.72785949707031
        ],
        [
          0.34233832359313965,
          -0.9395581483840942,
          0.005915860645473003,
          42.28955078125
        ],
        [
          0.00758461793884635,
          0.009059527888894081,
          0.9999301433563232,
          0.9029362201690674
        ],
        [
          0.0,
          0.0,
          0.0,
          1.0
        ]
      ],
      "matrix_ego_from_sensor_carla": [
        [
          0.7071062922477722,
          0.7071071863174438,
          -3.680539606421007e-08,
          1.6499996185302734
        ],
        [
          -0.7071071267127991,
          0.7071064114570618,
          -2.5345773480012213e-08,
          -0.75
        ],
        [
          7.523589751201598e-09,
          4.466367542477201e-08,
          0.9999999403953552,
          0.9000002145767212
        ],
        [
          0.0,
          0.0,
          0.0,
          1.0
        ]
      ],
      "matrix_ego_from_sensor_bevfusion": [
        [
          0.7071062922477722,
          -0.7071071863174438,
          -3.680539606421007e-08,
          1.6499996185302734
        ],
        [
          0.7071071267127991,
          0.7071064114570618,
          2.5345773480012213e-08,
          0.75
        ],
        [
          7.523589751201598e-09,
          -4.466367542477201e-08,
          0.9999999403953552,
          0.9000002145767212
        ],
        [
          0.0,
          0.0,
          0.0,
          1.0
        ]
      ],
      "data_path": "D:\\Agent-AI\\outputs\\s3a_ml_long_v2\\sample_000029\\radar\\RADAR_FRONT_LEFT.npy",
      "raw_layout": [
        "velocity",
        "altitude",
        "azimuth",
        "depth"
      ]
    },
    "RADAR_FRONT_RIGHT": {
      "type_id": "sensor.other.radar",
      "blueprint_attributes": {
        "sensor_tick": "0.100000",
        "role_name": "default",
        "noise_seed": "0",
        "ros_name": "sensor.other.radar",
        "horizontal_fov": "35.0",
        "points_per_second": "1500",
