{
  "schema_version": "stage1.v1",
  "sample_name": "sample_000061",
  "sequence_index": 61,
  "previous_sample_name": "sample_000060",
  "frame_id": 60062,
  "timestamp": 441.11970084160566,
  "platform_timestamp": 16814589.3439005,
  "delta_seconds": 0.10000000149011612,
  "town": "Carla/Maps/Town10HD_Opt",
  "weather": {
    "cloudiness": 20.0,
    "dust_storm": 0.0,
    "fog_density": 2.0,
    "fog_distance": 0.75,
    "fog_falloff": 0.10000000149011612,
    "mie_scattering_scale": 0.029999999329447746,
    "precipitation": 0.0,
    "precipitation_deposits": 0.0,
    "rayleigh_scattering_scale": 0.03310000151395798,
    "scattering_intensity": 1.0,
    "sun_altitude_angle": 45.0,
    "sun_azimuth_angle": 300.0,
    "wetness": 0.0,
    "wind_intensity": 10.0
  },
  "sensor_names": [
    "CAM_FRONT",
    "CAM_FRONT_RIGHT",
    "CAM_FRONT_LEFT",
    "CAM_BACK",
    "CAM_BACK_LEFT",
    "CAM_BACK_RIGHT",
    "LIDAR_TOP",
    "RADAR_FRONT",
    "RADAR_FRONT_LEFT",
    "RADAR_FRONT_RIGHT",
    "RADAR_BACK_LEFT",
    "RADAR_BACK_RIGHT"
  ],
  "camera_order_for_model": [
    "CAM_FRONT",
    "CAM_FRONT_RIGHT",
    "CAM_FRONT_LEFT",
    "CAM_BACK",
    "CAM_BACK_LEFT",
    "CAM_BACK_RIGHT"
  ],
  "radar_order_for_model": [
    "RADAR_FRONT",
    "RADAR_FRONT_LEFT",
    "RADAR_FRONT_RIGHT",
    "RADAR_BACK_LEFT",
    "RADAR_BACK_RIGHT"
  ],
  "coordinate_notes": {
    "carla_world": "left-handed x-forward y-right z-up",
    "bevfusion_lidar": "x-forward y-left z-up",
    "camera_frame_for_model": "OpenCV style x-right y-down z-forward"
  },
  "ego": {
    "actor_id": 28,
    "transform_carla": {
      "location": {
        "x": 84.64541625976562,
        "y": -59.286293029785156,
        "z": -0.0037987136747688055
      },
      "rotation": {
        "roll": 0.38914382457733154,
        "pitch": -0.14636412262916565,
        "yaw": -150.59149169921875
      }
    },
    "velocity_carla": [
      -6.390074729919434,
      -3.529775619506836,
      8.795737812761217e-05
    ],
    "angular_velocity_carla": [
      -0.13354229927062988,
      -1.675828456878662,
      -4.5079827308654785
    ],
    "matrix_world_from_ego_carla": [
      [
        -0.8711380362510681,
        0.49103689193725586,
        0.0011096859816461802,
        84.64541625976562
      ],
      [
        -0.4910314977169037,
        -0.8711122870445251,
        -0.007170936092734337,
        -59.286293029785156
      ],
      [
        -0.0025545330718159676,
        -0.00679176626726985,
        0.9999736547470093,
        -0.0037987136747688055
      ],
      [
        0.0,
        0.0,
        0.0,
        1.0
      ]
    ],
    "matrix_world_from_ego_bevfusion": [
      [
        -0.8711380362510681,
        -0.49103689193725586,
        0.0011096859816461802,
        84.64541625976562
      ],
      [
        0.4910314977169037,
        -0.8711122870445251,
        0.007170936092734337,
        59.286293029785156
      ],
      [
        -0.0025545330718159676,
        0.00679176626726985,
        0.9999736547470093,
        -0.0037987136747688055
      ],
      [
        0.0,
        0.0,
        0.0,
        1.0
      ]
    ]
  },
  "sensors": {
    "CAM_FRONT": {
      "type_id": "sensor.camera.rgb",
      "blueprint_attributes": {
        "role_name": "front",
        "ros_name": "sensor.camera.rgb",
        "chromatic_aberration_offset": "0.0",
        "sensor_tick": "0.100000",
        "fstop": "1.4",
        "image_size_x": "960",
        "image_size_y": "540",
        "fov": "70.00",
        "lens_circle_falloff": "5.0",
        "lens_circle_multiplier": "0.0",
        "exposure_compensation": "0.0",
        "lens_y_size": "0.08",
        "lens_k": "-1.0",
        "exposure_mode": "histogram",
        "lens_kcube": "0.0",
        "lens_x_size": "0.08",
        "exposure_max_bright": "12.0",
        "shutter_speed": "200.0",
        "bloom_intensity": "0.675",
        "iso": "100.0",
        "enable_postprocess_effects": "false",
        "gamma": "2.2",
        "motion_blur_intensity": "0.0",
        "motion_blur_max_distortion": "0.35",
        "lens_flare_intensity": "0.1",
        "motion_blur_min_object_screen_size": "0.1",
        "exposure_min_bright": "10.0",
        "exposure_speed_up": "3.0",
        "exposure_speed_down": "1.0",
        "tint": "0.0",
        "calibration_constant": "16.0",
        "focal_distance": "1000.0",
        "min_fstop": "1.2",
        "blade_count": "5",
        "blur_amount": "0.0",
        "blur_radius": "0.0",
        "slope": "0.88",
        "toe": "0.55",
        "white_clip": "0.04",
        "shoulder": "0.26",
        "black_clip": "0.0",
        "temp": "6500.0",
        "chromatic_aberration_intensity": "0.0"
      },
      "transform_carla": {
        "location": {
          "x": 83.29704284667969,
          "y": -60.0595817565918,
          "z": 1.6921970844268799
        },
        "rotation": {
          "roll": 0.38914382457733154,
          "pitch": -0.14636412262916565,
          "yaw": -150.59149169921875
        }
      },
      "matrix_world_from_sensor_carla": [
        [
          -0.8711380362510681,
          0.49103689193725586,
          0.0011096859816461802,
          83.29704284667969
        ],
        [
          -0.4910314977169037,
          -0.8711122870445251,
          -0.007170936092734337,
          -60.0595817565918
        ],
        [
          -0.0025545330718159676,
          -0.00679176626726985,
          0.9999736547470093,
          1.6921970844268799
        ],
        [
          0.0,
          0.0,
          0.0,
          1.0
        ]
      ],
      "matrix_world_from_sensor_bevfusion": [
        [
          0.49103689193725586,
          -0.0011096859816461802,
          -0.8711380362510681,
          83.29704284667969
        ],
        [
          0.8711122870445251,
          -0.007170936092734337,
          0.4910314977169037,
          60.0595817565918
        ],
        [
          -0.00679176626726985,
          -0.9999736547470093,
          -0.0025545330718159676,
          1.6921970844268799
        ],
        [
          0.0,
          0.0,
          0.0,
          1.0
        ]
      ],
      "matrix_ego_from_sensor_carla": [
        [
          0.9999999403953552,
          1.7872737956281526e-08,
          1.1770168173441675e-11,
          1.5500030517578125
        ],
        [
          -8.09127964629397e-09,
          1.0,
          1.1686623890838632e-10,
          7.62939453125e-06
        ],
        [
          9.233264153252208e-11,
          1.7770671045802544e-10,
          1.0,
          1.7000000476837158
        ],
        [
          0.0,
          0.0,
          0.0,
          1.0
        ]
      ],
      "matrix_ego_from_sensor_bevfusion": [
        [
          1.7872737956281526e-08,
          -1.1770168173441675e-11,
          0.9999999403953552,
          1.5500030517578125
        ],
        [
          -1.0,
          1.1686623890838632e-10,
          8.09127964629397e-09,
          -7.62939453125e-06
        ],
        [
          1.7770671045802544e-10,
          -1.0,
          9.233264153252208e-11,
          1.7000000476837158
        ],
        [
          0.0,
          0.0,
          0.0,
          1.0
        ]
      ],
      "camera_intrinsics": [
        [
          685.5110473632812,
          0.0,
          480.0
        ],
        [
          0.0,
          685.5110473632812,
          270.0
        ],
        [
          0.0,
          0.0,
          1.0
        ]
      ],
      "data_path": "D:\\Agent-AI\\outputs\\s3a_ml_long_v2\\sample_000061\\images\\CAM_FRONT.png",
      "raw_layout": "bgra8"
    },
    "CAM_FRONT_RIGHT": {
      "type_id": "sensor.camera.rgb",
      "blueprint_attributes": {
        "role_name": "front",
        "ros_name": "sensor.camera.rgb",
        "chromatic_aberration_offset": "0.0",
        "sensor_tick": "0.100000",
        "fstop": "1.4",
        "image_size_x": "960",
        "image_size_y": "540",
        "fov": "70.00",
        "lens_circle_falloff": "5.0",
        "lens_circle_multiplier": "0.0",
        "exposure_compensation": "0.0",
        "lens_y_size": "0.08",
        "lens_k": "-1.0",
        "exposure_mode": "histogram",
        "lens_kcube": "0.0",
        "lens_x_size": "0.08",
        "exposure_max_bright": "12.0",
        "shutter_speed": "200.0",
        "bloom_intensity": "0.675",
        "iso": "100.0",
        "enable_postprocess_effects": "false",
        "gamma": "2.2",
        "motion_blur_intensity": "0.0",
        "motion_blur_max_distortion": "0.35",
        "lens_flare_intensity": "0.1",
        "motion_blur_min_object_screen_size": "0.1",
        "exposure_min_bright": "10.0",
        "exposure_speed_up": "3.0",
        "exposure_speed_down": "1.0",
        "tint": "0.0",
        "calibration_constant": "16.0",
        "focal_distance": "1000.0",
        "min_fstop": "1.2",
        "blade_count": "5",
        "blur_amount": "0.0",
        "blur_radius": "0.0",
        "slope": "0.88",
        "toe": "0.55",
        "white_clip": "0.04",
        "shoulder": "0.26",
        "black_clip": "0.0",
        "temp": "6500.0",
        "chromatic_aberration_intensity": "0.0"
      },
      "transform_carla": {
        "location": {
          "x": 83.7848892211914,
          "y": -60.41593551635742,
          "z": 1.6891001462936401
        },
        "rotation": {
          "roll": 0.10331112146377563,
          "pitch": -0.4027147591114044,
          "yaw": -95.59138488769531
        }
      },
      "matrix_world_from_sensor_carla": [
        [
          -0.09743087738752365,
          0.9952417016029358,
          0.0011097167152911425,
          83.7848892211914
        ],
        [
          -0.995217502117157,
          -0.09742051362991333,
          -0.007170871365815401,
          -60.41593551635742
        ],
        [
          -0.0070286407135427,
          -0.001803073799237609,
          0.999973714351654,
          1.6891001462936401
        ],
        [
          0.0,
          0.0,
          0.0,
          1.0
        ]
      ],
      "matrix_world_from_sensor_bevfusion": [
        [
          0.9952417016029358,
          -0.0011097167152911425,
          -0.09743087738752365,
          83.7848892211914
        ],
        [
          0.09742051362991333,
          -0.007170871365815401,
          0.995217502117157,
          60.41593551635742
        ],
        [
          -0.001803073799237609,
          -0.999973714351654,
          -0.0070286407135427,
          1.6891001462936401
        ],
        [
          0.0,
          0.0,
          0.0,
          1.0
        ]
      ],
      "matrix_ego_from_sensor_carla": [
        [
          0.5735768675804138,
          -0.8191518187522888,
          -5.881381426320331e-08,
          1.3000030517578125
        ],
        [
          0.819151759147644,
          0.5735768675804138,
          -4.173180911948293e-08,
          0.5499954223632812
        ],
        [
          6.787139739117265e-08,
          -2.4200458526024704e-08,
          1.0000001192092896,
          1.7000000476837158
        ],
        [
          0.0,
          0.0,
          0.0,
          1.0
        ]
      ],
      "matrix_ego_from_sensor_bevfusion": [
        [
          -0.8191518187522888,
          5.881381426320331e-08,
          0.5735768675804138,
          1.3000030517578125
        ],
        [
          -0.5735768675804138,
          -4.173180911948293e-08,
          -0.819151759147644,
          -0.5499954223632812
        ],
        [
          -2.4200458526024704e-08,
          -1.0000001192092896,
          6.787139739117265e-08,
          1.7000000476837158
        ],
        [
          0.0,
          0.0,
          0.0,
          1.0
        ]
      ],
      "camera_intrinsics": [
        [
          685.5110473632812,
          0.0,
          480.0
        ],
        [
          0.0,
          685.5110473632812,
          270.0
        ],
        [
          0.0,
          0.0,
          1.0
        ]
      ],
      "data_path": "D:\\Agent-AI\\outputs\\s3a_ml_long_v2\\sample_000061\\images\\CAM_FRONT_RIGHT.png",
      "raw_layout": "bgra8"
    },
    "CAM_FRONT_LEFT": {
      "type_id": "sensor.camera.rgb",
      "blueprint_attributes": {
        "role_name": "front",
        "ros_name": "sensor.camera.rgb",
        "chromatic_aberration_offset": "0.0",
        "sensor_tick": "0.100000",
        "fstop": "1.4",
        "image_size_x": "960",
        "image_size_y": "540",
        "fov": "70.00",
        "lens_circle_falloff": "5.0",
        "lens_circle_multiplier": "0.0",
        "exposure_compensation": "0.0",
        "lens_y_size": "0.08",
        "lens_k": "-1.0",
        "exposure_mode": "histogram",
        "lens_kcube": "0.0",
        "lens_x_size": "0.08",
        "exposure_max_bright": "12.0",
        "shutter_speed": "200.0",
        "bloom_intensity": "0.675",
        "iso": "100.0",
        "enable_postprocess_effects": "false",
        "gamma": "2.2",
        "motion_blur_intensity": "0.0",
        "motion_blur_max_distortion": "0.35",
        "lens_flare_intensity": "0.1",
        "motion_blur_min_object_screen_size": "0.1",
        "exposure_min_bright": "10.0",
        "exposure_speed_up": "3.0",
        "exposure_speed_down": "1.0",
        "tint": "0.0",
        "calibration_constant": "16.0",
        "focal_distance": "1000.0",
        "min_fstop": "1.2",
        "blade_count": "5",
        "blur_amount": "0.0",
        "blur_radius": "0.0",
        "slope": "0.88",
        "toe": "0.55",
        "white_clip": "0.04",
        "shoulder": "0.26",
        "black_clip": "0.0",
        "temp": "6500.0",
        "chromatic_aberration_intensity": "0.0"
      },
      "transform_carla": {
        "location": {
          "x": 83.2447509765625,
          "y": -59.45771408081055,
          "z": 1.6965711116790771
        },
        "rotation": {
          "roll": 0.34309905767440796,
          "pitch": 0.2348150610923767,
          "yaw": 154.4097137451172
        }
      },
      "matrix_world_from_sensor_carla": [
        [
          -0.901898205280304,
          -0.43194717168807983,
          0.0011097118258476257,
          83.2447509765625
        ],
        [
          0.4319291412830353,
          -0.9018790125846863,
          -0.007170918397605419,
          -59.45771408081055
        ],
        [
          0.004098284058272839,
          -0.005988121964037418,
          0.9999736547470093,
          1.6965711116790771
        ],
        [
          0.0,
          0.0,
          0.0,
          1.0
        ]
      ],
      "matrix_world_from_sensor_bevfusion": [
        [
          -0.43194717168807983,
          -0.0011097118258476257,
          -0.901898205280304,
          83.2447509765625
        ],
        [
          0.9018790125846863,
          -0.007170918397605419,
          -0.4319291412830353,
          59.45771408081055
        ],
        [
          -0.005988121964037418,
          -0.9999736547470093,
          0.004098284058272839,
          1.6965711116790771
        ],
        [
          0.0,
          0.0,
          0.0,
          1.0
        ]
      ],
      "matrix_ego_from_sensor_carla": [
        [
          0.5735765695571899,
          0.8191519975662231,
          -3.1187536109200664e-08,
          1.3000030517578125
        ],
        [
          -0.8191519379615784,
          0.5735765099525452,
          -2.677101429426898e-09,
          -0.5499954223632812
        ],
        [
          1.61398485687414e-08,
          2.7016508141741724e-08,
          1.0,
          1.7000000476837158
        ],
        [
          0.0,
          0.0,
          0.0,
          1.0
        ]
      ],
      "matrix_ego_from_sensor_bevfusion": [
        [
          0.8191519975662231,
          3.1187536109200664e-08,
          0.5735765695571899,
          1.3000030517578125
        ],
        [
          -0.5735765099525452,
          -2.677101429426898e-09,
          0.8191519379615784,
          0.5499954223632812
        ],
        [
          2.7016508141741724e-08,
          -1.0,
          1.61398485687414e-08,
          1.7000000476837158
        ],
        [
          0.0,
          0.0,
          0.0,
          1.0
        ]
      ],
      "camera_intrinsics": [
        [
          685.5110473632812,
          0.0,
          480.0
        ],
        [
          0.0,
          685.5110473632812,
          270.0
        ],
        [
          0.0,
          0.0,
          1.0
        ]
      ],
      "data_path": "D:\\Agent-AI\\outputs\\s3a_ml_long_v2\\sample_000061\\images\\CAM_FRONT_LEFT.png",
      "raw_layout": "bgra8"
    },
    "CAM_BACK": {
      "type_id": "sensor.camera.rgb",
      "blueprint_attributes": {
        "role_name": "front",
        "ros_name": "sensor.camera.rgb",
        "chromatic_aberration_offset": "0.0",
        "sensor_tick": "0.100000",
        "fstop": "1.4",
        "image_size_x": "960",
        "image_size_y": "540",
        "fov": "70.00",
        "lens_circle_falloff": "5.0",
        "lens_circle_multiplier": "0.0",
        "exposure_compensation": "0.0",
        "lens_y_size": "0.08",
        "lens_k": "-1.0",
        "exposure_mode": "histogram",
        "lens_kcube": "0.0",
        "lens_x_size": "0.08",
        "exposure_max_bright": "12.0",
        "shutter_speed": "200.0",
        "bloom_intensity": "0.675",
        "iso": "100.0",
        "enable_postprocess_effects": "false",
        "gamma": "2.2",
        "motion_blur_intensity": "0.0",
        "motion_blur_max_distortion": "0.35",
        "lens_flare_intensity": "0.1",
        "motion_blur_min_object_screen_size": "0.1",
        "exposure_min_bright": "10.0",
        "exposure_speed_up": "3.0",
        "exposure_speed_down": "1.0",
        "tint": "0.0",
        "calibration_constant": "16.0",
        "focal_distance": "1000.0",
        "min_fstop": "1.2",
        "blade_count": "5",
        "blur_amount": "0.0",
        "blur_radius": "0.0",
        "slope": "0.88",
        "toe": "0.55",
        "white_clip": "0.04",
        "shoulder": "0.26",
        "black_clip": "0.0",
        "temp": "6500.0",
        "chromatic_aberration_intensity": "0.0"
      },
      "transform_carla": {
        "location": {
          "x": 85.99756622314453,
          "y": -58.53738784790039,
          "z": 1.7001160383224487
        },
        "rotation": {
          "roll": -0.389143705368042,
          "pitch": 0.14636412262916565,
          "yaw": 29.40851593017578
        }
      },
      "matrix_world_from_sensor_carla": [
        [
          0.8711379766464233,
          -0.4910370409488678,
          0.0011096864473074675,
          85.99756622314453
        ],
        [
          0.4910316467285156,
          0.8711122274398804,
          -0.007170934695750475,
          -58.53738784790039
        ],
        [
          0.0025545330718159676,
          0.0067917644046247005,
          0.9999736547470093,
          1.7001160383224487
        ],
        [
          0.0,
          0.0,
          0.0,
          1.0
        ]
      ],
      "matrix_world_from_sensor_bevfusion": [
        [
          -0.4910370409488678,
          -0.0011096864473074675,
          0.8711379766464233,
          85.99756622314453
        ],
        [
          -0.8711122274398804,
          -0.007170934695750475,
          -0.4910316467285156,
          58.53738784790039
        ],
        [
          0.0067917644046247005,
          -0.9999736547470093,
          0.0025545330718159676,
          1.7001160383224487
        ],
        [
          0.0,
          0.0,
          0.0,
          1.0
        ]
      ],
      "matrix_ego_from_sensor_carla": [
        [
          -0.9999999403953552,
          1.604111758979343e-07,
          -1.152383077851482e-09,
          -1.5499954223632812
        ],
        [
          -1.51517767221776e-07,
          -1.0,
          -8.144563357070922e-10,
          7.62939453125e-06
        ],
        [
          -1.0236551606368494e-09,
          -1.5746416393014329e-09,
          1.0,
          1.7000000476837158
        ],
        [
          0.0,
          0.0,
          0.0,
          1.0
        ]
      ],
      "matrix_ego_from_sensor_bevfusion": [
        [
          1.604111758979343e-07,
          1.152383077851482e-09,
          -0.9999999403953552,
          -1.5499954223632812
        ],
        [
          1.0,
          -8.144563357070922e-10,
          1.51517767221776e-07,
          -7.62939453125e-06
        ],
        [
          -1.5746416393014329e-09,
          -1.0,
          -1.0236551606368494e-09,
          1.7000000476837158
        ],
        [
          0.0,
          0.0,
          0.0,
          1.0
        ]
      ],
      "camera_intrinsics": [
        [
          685.5110473632812,
          0.0,
          480.0
        ],
        [
          0.0,
          685.5110473632812,
          270.0
        ],
        [
          0.0,
          0.0,
          1.0
        ]
      ],
      "data_path": "D:\\Agent-AI\\outputs\\s3a_ml_long_v2\\sample_000061\\images\\CAM_BACK.png",
      "raw_layout": "bgra8"
    },
    "CAM_BACK_LEFT": {
      "type_id": "sensor.camera.rgb",
      "blueprint_attributes": {
        "role_name": "front",
        "ros_name": "sensor.camera.rgb",
        "chromatic_aberration_offset": "0.0",
        "sensor_tick": "0.100000",
        "fstop": "1.4",
        "image_size_x": "960",
        "image_size_y": "540",
        "fov": "70.00",
        "lens_circle_falloff": "5.0",
        "lens_circle_multiplier": "0.0",
        "exposure_compensation": "0.0",
        "lens_y_size": "0.08",
        "lens_k": "-1.0",
        "exposure_mode": "histogram",
        "lens_kcube": "0.0",
        "lens_x_size": "0.08",
        "exposure_max_bright": "12.0",
        "shutter_speed": "200.0",
        "bloom_intensity": "0.675",
        "iso": "100.0",
        "enable_postprocess_effects": "false",
        "gamma": "2.2",
        "motion_blur_intensity": "0.0",
        "motion_blur_max_distortion": "0.35",
        "lens_flare_intensity": "0.1",
        "motion_blur_min_object_screen_size": "0.1",
        "exposure_min_bright": "10.0",
        "exposure_speed_up": "3.0",
        "exposure_speed_down": "1.0",
        "tint": "0.0",
        "calibration_constant": "16.0",
        "focal_distance": "1000.0",
        "min_fstop": "1.2",
        "blade_count": "5",
        "blur_amount": "0.0",
        "blur_radius": "0.0",
        "slope": "0.88",
        "toe": "0.55",
        "white_clip": "0.04",
        "shoulder": "0.26",
        "black_clip": "0.0",
        "temp": "6500.0",
        "chromatic_aberration_intensity": "0.0"
      },
      "transform_carla": {
        "location": {
          "x": 85.50971221923828,
          "y": -58.1810302734375,
          "z": 1.703212857246399
        },
        "rotation": {
          "roll": -0.10331103950738907,
          "pitch": 0.4027147591114044,
          "yaw": 84.40861511230469
        }
      },
      "matrix_world_from_sensor_carla": [
        [
          0.09743090718984604,
          -0.9952417016029358,
          0.0011097150854766369,
          85.50971221923828
        ],
        [
          0.995217502117157,
          0.09742054343223572,
          -0.007170871365815401,
          -58.1810302734375
        ],
        [
          0.0070286407135427,
          0.001803072402253747,
          0.999973714351654,
          1.703212857246399
        ],
        [
          0.0,
          0.0,
          0.0,
          1.0
        ]
      ],
      "matrix_world_from_sensor_bevfusion": [
        [
          -0.9952417016029358,
          -0.0011097150854766369,
          0.09743090718984604,
          85.50971221923828
        ],
        [
          -0.09742054343223572,
          -0.007170871365815401,
          -0.995217502117157,
          58.1810302734375
        ],
        [
          0.001803072402253747,
          -0.999973714351654,
          0.0070286407135427,
          1.703212857246399
        ],
        [
          0.0,
          0.0,
          0.0,
          1.0
        ]
      ],
      "matrix_ego_from_sensor_carla": [
        [
          -0.5735768675804138,
          0.8191518187522888,
          -5.7416830401280095e-08,
          -1.2999992370605469
        ],
        [
          -0.819151759147644,
          -0.5735768675804138,
          -4.266313169409841e-08,
          -0.5499954223632812
        ],
        [
          -6.787139739117265e-08,
          2.2570681323941244e-08,
          1.0000001192092896,
          1.7000000476837158
        ],
        [
          0.0,
          0.0,
          0.0,
          1.0
        ]
      ],
      "matrix_ego_from_sensor_bevfusion": [
        [
          0.8191518187522888,
          5.7416830401280095e-08,
          -0.5735768675804138,
          -1.2999992370605469
        ],
        [
          0.5735768675804138,
          -4.266313169409841e-08,
          0.819151759147644,
          0.5499954223632812
        ],
        [
          2.2570681323941244e-08,
          -1.0000001192092896,
          -6.787139739117265e-08,
          1.7000000476837158
        ],
        [
          0.0,
          0.0,
          0.0,
          1.0
        ]
      ],
      "camera_intrinsics": [
        [
          685.5110473632812,
          0.0,
          480.0
        ],
        [
          0.0,
          685.5110473632812,
          270.0
        ],
        [
          0.0,
          0.0,
          1.0
        ]
      ],
      "data_path": "D:\\Agent-AI\\outputs\\s3a_ml_long_v2\\sample_000061\\images\\CAM_BACK_LEFT.png",
      "raw_layout": "bgra8"
    },
    "CAM_BACK_RIGHT": {
      "type_id": "sensor.camera.rgb",
      "blueprint_attributes": {
        "role_name": "front",
        "ros_name": "sensor.camera.rgb",
        "chromatic_aberration_offset": "0.0",
        "sensor_tick": "0.100000",
        "fstop": "1.4",
        "image_size_x": "960",
        "image_size_y": "540",
        "fov": "70.00",
        "lens_circle_falloff": "5.0",
        "lens_circle_multiplier": "0.0",
        "exposure_compensation": "0.0",
        "lens_y_size": "0.08",
        "lens_k": "-1.0",
        "exposure_mode": "histogram",
        "lens_kcube": "0.0",
        "lens_x_size": "0.08",
        "exposure_max_bright": "12.0",
        "shutter_speed": "200.0",
        "bloom_intensity": "0.675",
        "iso": "100.0",
        "enable_postprocess_effects": "false",
        "gamma": "2.2",
        "motion_blur_intensity": "0.0",
        "motion_blur_max_distortion": "0.35",
        "lens_flare_intensity": "0.1",
        "motion_blur_min_object_screen_size": "0.1",
        "exposure_min_bright": "10.0",
        "exposure_speed_up": "3.0",
        "exposure_speed_down": "1.0",
        "tint": "0.0",
        "calibration_constant": "16.0",
        "focal_distance": "1000.0",
        "min_fstop": "1.2",
        "blade_count": "5",
        "blur_amount": "0.0",
        "blur_radius": "0.0",
        "slope": "0.88",
        "toe": "0.55",
        "white_clip": "0.04",
        "shoulder": "0.26",
        "black_clip": "0.0",
        "temp": "6500.0",
        "chromatic_aberration_intensity": "0.0"
      },
      "transform_carla": {
        "location": {
          "x": 86.04985046386719,
          "y": -59.13925552368164,
          "z": 1.695741891860962
        },
        "rotation": {
          "roll": -0.34309902787208557,
          "pitch": -0.2348150610923767,
          "yaw": -25.590288162231445
        }
      },
      "matrix_world_from_sensor_carla": [
        [
          0.901898205280304,
          0.431947261095047,
          0.001109711593016982,
          86.04985046386719
        ],
        [
          -0.43192923069000244,
          0.9018790125846863,
          -0.007170918397605419,
          -59.13925552368164
        ],
        [
          -0.004098284058272839,
          0.005988121498376131,
          0.9999736547470093,
          1.695741891860962
        ],
        [
          0.0,
          0.0,
          0.0,
          1.0
        ]
      ],
      "matrix_world_from_sensor_bevfusion": [
        [
          0.431947261095047,
          -0.001109711593016982,
          0.901898205280304,
          86.04985046386719
        ],
        [
          -0.9018790125846863,
          -0.007170918397605419,
          0.43192923069000244,
          59.13925552368164
        ],
        [
          0.005988121498376131,
          -0.9999736547470093,
          -0.004098284058272839,
          1.695741891860962
        ],
        [
          0.0,
          0.0,
          0.0,
          1.0
        ]
      ],
      "matrix_ego_from_sensor_carla": [
        [
          -0.5735765695571899,
          -0.8191520571708679,
          -3.0954705465546795e-08,
          -1.2999992370605469
        ],
        [
          0.8191519975662231,
          -0.5735765099525452,
          -2.677101429426898e-09,
          0.5499954223632812
        ],
        [
          -1.520852599412592e-08,
          -2.7016495707243848e-08,
          1.0,
          1.7000000476837158
        ],
        [
          0.0,
          0.0,
          0.0,
          1.0
        ]
      ],
      "matrix_ego_from_sensor_bevfusion": [
        [
          -0.8191520571708679,
          3.0954705465546795e-08,
          -0.5735765695571899,
          -1.2999992370605469
        ],
        [
          0.5735765099525452,
          -2.677101429426898e-09,
          -0.8191519975662231,
          -0.5499954223632812
        ],
        [
          -2.7016495707243848e-08,
          -1.0,
          -1.520852599412592e-08,
          1.7000000476837158
        ],
        [
          0.0,
          0.0,
          0.0,
          1.0
        ]
      ],
      "camera_intrinsics": [
        [
          685.5110473632812,
          0.0,
          480.0
        ],
        [
          0.0,
          685.5110473632812,
          270.0
        ],
        [
          0.0,
          0.0,
          1.0
        ]
      ],
      "data_path": "D:\\Agent-AI\\outputs\\s3a_ml_long_v2\\sample_000061\\images\\CAM_BACK_RIGHT.png",
      "raw_layout": "bgra8"
    },
    "LIDAR_TOP": {
      "type_id": "sensor.lidar.ray_cast",
      "blueprint_attributes": {
        "atmosphere_attenuation_rate": "0.004",
        "role_name": "front",
        "noise_seed": "0",
        "upper_fov": "10.0",
        "ros_name": "sensor.lidar.ray_cast",
        "sensor_tick": "0.100000",
        "channels": "32",
        "range": "120.0",
        "points_per_second": "360000",
        "lower_fov": "-30.0",
        "rotation_frequency": "10.000000",
        "horizontal_fov": "360.0",
        "dropoff_general_rate": "0.0",
        "dropoff_intensity_limit": "1.0",
        "noise_stddev": "0.0",
        "dropoff_zero_intensity": "0.0"
      },
      "transform_carla": {
        "location": {
          "x": 84.64785766601562,
          "y": -59.30207061767578,
          "z": 2.196143388748169
        },
        "rotation": {
          "roll": 0.38914382457733154,
          "pitch": -0.14636412262916565,
          "yaw": -150.59149169921875
        }
      },
      "matrix_world_from_sensor_carla": [
        [
          -0.8711380362510681,
          0.49103689193725586,
          0.0011096859816461802,
          84.64785766601562
        ],
        [
          -0.4910314977169037,
          -0.8711122870445251,
          -0.007170936092734337,
          -59.30207061767578
        ],
        [
          -0.0025545330718159676,
          -0.00679176626726985,
          0.9999736547470093,
          2.196143388748169
        ],
        [
          0.0,
          0.0,
          0.0,
          1.0
        ]
      ],
      "matrix_world_from_sensor_bevfusion": [
        [
          -0.8711380362510681,
          -0.49103689193725586,
          0.0011096859816461802,
          84.64785766601562
        ],
        [
          0.4910314977169037,
          -0.8711122870445251,
          0.007170936092734337,
          59.30207061767578
        ],
        [
          -0.0025545330718159676,
          0.00679176626726985,
          0.9999736547470093,
          2.196143388748169
        ],
        [
          0.0,
          0.0,
          0.0,
          1.0
        ]
      ],
      "matrix_ego_from_sensor_carla": [
        [
          0.9999999403953552,
          1.7872737956281526e-08,
          1.1770168173441675e-11,
          0.0
        ],
        [
          -8.09127964629397e-09,
          1.0,
          1.1686623890838632e-10,
          0.0
        ],
        [
          9.233264153252208e-11,
          1.7770671045802544e-10,
          1.0,
          2.200000047683716
        ],
        [
          0.0,
          0.0,
          0.0,
          1.0
        ]
      ],
      "matrix_ego_from_sensor_bevfusion": [
        [
          0.9999999403953552,
          -1.7872737956281526e-08,
          1.1770168173441675e-11,
          0.0
        ],
        [
          8.09127964629397e-09,
          1.0,
          -1.1686623890838632e-10,
          0.0
        ],
        [
          9.233264153252208e-11,
          -1.7770671045802544e-10,
          1.0,
          2.200000047683716
        ],
        [
          0.0,
          0.0,
          0.0,
          1.0
        ]
      ],
      "data_path": "D:\\Agent-AI\\outputs\\s3a_ml_long_v2\\sample_000061\\lidar\\LIDAR_TOP.npy",
      "raw_layout": [
        "x",
        "y",
        "z",
        "intensity"
      ]
    },
    "RADAR_FRONT": {
      "type_id": "sensor.other.radar",
      "blueprint_attributes": {
        "sensor_tick": "0.100000",
        "role_name": "default",
        "noise_seed": "0",
        "ros_name": "sensor.other.radar",
        "horizontal_fov": "35.0",
        "points_per_second": "1500",
        "vertical_fov": "20.0",
        "range": "120.0"
      },
      "transform_carla": {
        "location": {
          "x": 82.90413665771484,
          "y": -60.27480697631836,
          "z": 0.8910685777664185
        },
        "rotation": {
          "roll": 0.38914382457733154,
          "pitch": -0.14636412262916565,
          "yaw": -150.59149169921875
        }
      },
      "matrix_world_from_sensor_carla": [
        [
          -0.8711380362510681,
          0.49103689193725586,
          0.0011096859816461802,
          82.90413665771484
        ],
        [
          -0.4910314977169037,
          -0.8711122870445251,
          -0.007170936092734337,
          -60.27480697631836
        ],
        [
          -0.0025545330718159676,
          -0.00679176626726985,
          0.9999736547470093,
          0.8910685777664185
        ],
        [
          0.0,
          0.0,
          0.0,
          1.0
        ]
      ],
      "matrix_world_from_sensor_bevfusion": [
        [
          -0.8711380362510681,
          -0.49103689193725586,
          0.0011096859816461802,
          82.90413665771484
        ],
        [
          0.4910314977169037,
          -0.8711122870445251,
          0.007170936092734337,
          60.27480697631836
        ],
        [
          -0.0025545330718159676,
          0.00679176626726985,
          0.9999736547470093,
          0.8910685777664185
        ],
        [
          0.0,
          0.0,
          0.0,
          1.0
        ]
      ],
      "matrix_ego_from_sensor_carla": [
        [
          0.9999999403953552,
          1.7872737956281526e-08,
          1.1770168173441675e-11,
          2.0
        ],
        [
          -8.09127964629397e-09,
          1.0,
          1.1686623890838632e-10,
          0.0
        ],
        [
          9.233264153252208e-11,
          1.7770671045802544e-10,
          1.0,
          0.9000001549720764
        ],
        [
          0.0,
          0.0,
          0.0,
          1.0
        ]
      ],
      "matrix_ego_from_sensor_bevfusion": [
        [
          0.9999999403953552,
          -1.7872737956281526e-08,
          1.1770168173441675e-11,
          2.0
        ],
        [
          8.09127964629397e-09,
          1.0,
          -1.1686623890838632e-10,
          0.0
        ],
        [
          9.233264153252208e-11,
          -1.7770671045802544e-10,
          1.0,
          0.9000001549720764
        ],
        [
          0.0,
          0.0,
          0.0,
          1.0
        ]
      ],
      "data_path": "D:\\Agent-AI\\outputs\\s3a_ml_long_v2\\sample_000061\\radar\\RADAR_FRONT.npy",
      "raw_layout": [
        "velocity",
        "altitude",
        "azimuth",
        "depth"
      ]
    },
    "RADAR_FRONT_LEFT": {
      "type_id": "sensor.other.radar",
      "blueprint_attributes": {
        "sensor_tick": "0.100000",
        "role_name": "default",
        "noise_seed": "0",
        "ros_name": "sensor.other.radar",
        "horizontal_fov": "35.0",
        "points_per_second": "1500",
        "vertical_fov": "20.0",
        "range": "120.0"
      },
      "transform_carla": {
        "location": {
          "x": 82.84075927734375,
          "y": -59.44961166381836,
          "z": 0.8970565795898438
        },
        "rotation": {
          "roll": 0.3786613345146179,
          "pitch": 0.17166996002197266,
          "yaw": 164.4095458984375
        }
      },
      "matrix_world_from_sensor_carla": [
        [
          -0.9632030129432678,
          -0.268772691488266,
          0.0011097121750935912,
          82.84075927734375
        ],
        [
          0.26875829696655273,
          -0.9631809592247009,
          -0.007170922122895718,
          -59.44961166381836
        ],
        [
          0.002996201626956463,
          -0.006608809810131788,
          0.999973714351654,
          0.8970565795898438
        ],
        [
          0.0,
          0.0,
          0.0,
          1.0
        ]
      ],
      "matrix_world_from_sensor_bevfusion": [
        [
          -0.9632030129432678,
          0.268772691488266,
          0.0011097121750935912,
          82.84075927734375
        ],
        [
          -0.26875829696655273,
          -0.9631809592247009,
          0.007170922122895718,
          59.44961166381836
        ],
        [
          0.002996201626956463,
          0.006608809810131788,
          0.999973714351654,
          0.8970565795898438
        ],
        [
          0.0,
          0.0,
          0.0,
          1.0
        ]
      ],
      "matrix_ego_from_sensor_carla": [
        [
          0.7071064114570618,
          0.7071072459220886,
          -2.994281445012348e-08,
          1.6500015258789062
        ],
        [
          -0.7071072459220886,
          0.707106351852417,
          1.7770671045802544e-10,
          -0.7500076293945312
        ],
        [
          2.112724395431087e-08,
          2.0048625870572323e-08,
          1.0000001192092896,
          0.9000001549720764
        ],
        [
          0.0,
          0.0,
          0.0,
          1.0
        ]
      ],
      "matrix_ego_from_sensor_bevfusion": [
        [
          0.7071064114570618,
          -0.7071072459220886,
          -2.994281445012348e-08,
          1.6500015258789062
        ],
        [
          0.7071072459220886,
          0.707106351852417,
          -1.7770671045802544e-10,
          0.7500076293945312
        ],
        [
          2.112724395431087e-08,
          -2.0048625870572323e-08,
          1.0000001192092896,
          0.9000001549720764
        ],
        [
          0.0,
          0.0,
          0.0,
          1.0
        ]
      ],
      "data_path": "D:\\Agent-AI\\outputs\\s3a_ml_long_v2\\sample_000061\\radar\\RADAR_FRONT_LEFT.npy",
      "raw_layout": [
        "velocity",
        "altitude",
        "azimuth",
        "depth"
      ]
    },
    "RADAR_FRONT_RIGHT": {
      "type_id": "sensor.other.radar",
      "blueprint_attributes": {
        "sensor_tick": "0.100000",
        "role_name": "default",
        "noise_seed": "0",
