{
  "schema_version": "stage1.v1",
  "sample_name": "sample_000091",
  "sequence_index": 91,
  "previous_sample_name": "sample_000090",
  "frame_id": 60092,
  "timestamp": 444.11970088630915,
  "platform_timestamp": 16814603.881009,
  "delta_seconds": 0.10000000149011612,
  "town": "Carla/Maps/Town10HD_Opt",
  "weather": {
    "cloudiness": 20.0,
    "dust_storm": 0.0,
    "fog_density": 2.0,
    "fog_distance": 0.75,
    "fog_falloff": 0.10000000149011612,
    "mie_scattering_scale": 0.029999999329447746,
    "precipitation": 0.0,
    "precipitation_deposits": 0.0,
    "rayleigh_scattering_scale": 0.03310000151395798,
    "scattering_intensity": 1.0,
    "sun_altitude_angle": 45.0,
    "sun_azimuth_angle": 300.0,
    "wetness": 0.0,
    "wind_intensity": 10.0
  },
  "sensor_names": [
    "CAM_FRONT",
    "CAM_FRONT_RIGHT",
    "CAM_FRONT_LEFT",
    "CAM_BACK",
    "CAM_BACK_LEFT",
    "CAM_BACK_RIGHT",
    "LIDAR_TOP",
    "RADAR_FRONT",
    "RADAR_FRONT_LEFT",
    "RADAR_FRONT_RIGHT",
    "RADAR_BACK_LEFT",
    "RADAR_BACK_RIGHT"
  ],
  "camera_order_for_model": [
    "CAM_FRONT",
    "CAM_FRONT_RIGHT",
    "CAM_FRONT_LEFT",
    "CAM_BACK",
    "CAM_BACK_LEFT",
    "CAM_BACK_RIGHT"
  ],
  "radar_order_for_model": [
    "RADAR_FRONT",
    "RADAR_FRONT_LEFT",
    "RADAR_FRONT_RIGHT",
    "RADAR_BACK_LEFT",
    "RADAR_BACK_RIGHT"
  ],
  "coordinate_notes": {
    "carla_world": "left-handed x-forward y-right z-up",
    "bevfusion_lidar": "x-forward y-left z-up",
    "camera_frame_for_model": "OpenCV style x-right y-down z-forward"
  },
  "ego": {
    "actor_id": 28,
    "transform_carla": {
      "location": {
        "x": 77.28919219970703,
        "y": -62.27943801879883,
        "z": -0.0035167692694813013
      },
      "rotation": {
        "roll": -0.019622802734375,
        "pitch": -0.2670057415962219,
        "yaw": -161.72337341308594
      }
    },
    "velocity_carla": [
      0.00381299015134573,
      0.0006305624265223742,
      0.00012807846360374242
    ],
    "angular_velocity_carla": [
      -0.297867089509964,
      1.1597416400909424,
      -0.0013826997019350529
    ],
    "matrix_world_from_ego_carla": [
      [
        -0.9495431780815125,
        0.31360355019569397,
        -0.004532429855316877,
        77.28919219970703
      ],
      [
        -0.31360170245170593,
        -0.949553906917572,
        -0.0011362293735146523,
        -62.27943801879883
      ],
      [
        -0.00466011231765151,
        0.00034247880103066564,
        0.9999890923500061,
        -0.0035167692694813013
      ],
      [
        0.0,
        0.0,
        0.0,
        1.0
      ]
    ],
    "matrix_world_from_ego_bevfusion": [
      [
        -0.9495431780815125,
        -0.31360355019569397,
        -0.004532429855316877,
        77.28919219970703
      ],
      [
        0.31360170245170593,
        -0.949553906917572,
        0.0011362293735146523,
        62.27943801879883
      ],
      [
        -0.00466011231765151,
        -0.00034247880103066564,
        0.9999890923500061,
        -0.0035167692694813013
      ],
      [
        0.0,
        0.0,
        0.0,
        1.0
      ]
    ]
  },
  "sensors": {
    "CAM_FRONT": {
      "type_id": "sensor.camera.rgb",
      "blueprint_attributes": {
        "role_name": "front",
        "ros_name": "sensor.camera.rgb",
        "chromatic_aberration_offset": "0.0",
        "sensor_tick": "0.100000",
        "fstop": "1.4",
        "image_size_x": "960",
        "image_size_y": "540",
        "fov": "70.00",
        "lens_circle_falloff": "5.0",
        "lens_circle_multiplier": "0.0",
        "exposure_compensation": "0.0",
        "lens_y_size": "0.08",
        "lens_k": "-1.0",
        "exposure_mode": "histogram",
        "lens_kcube": "0.0",
        "lens_x_size": "0.08",
        "exposure_max_bright": "12.0",
        "shutter_speed": "200.0",
        "bloom_intensity": "0.675",
        "iso": "100.0",
        "enable_postprocess_effects": "false",
        "gamma": "2.2",
        "motion_blur_intensity": "0.0",
        "motion_blur_max_distortion": "0.35",
        "lens_flare_intensity": "0.1",
        "motion_blur_min_object_screen_size": "0.1",
        "exposure_min_bright": "10.0",
        "exposure_speed_up": "3.0",
        "exposure_speed_down": "1.0",
        "tint": "0.0",
        "calibration_constant": "16.0",
        "focal_distance": "1000.0",
        "min_fstop": "1.2",
        "blade_count": "5",
        "blur_amount": "0.0",
        "blur_radius": "0.0",
        "slope": "0.88",
        "toe": "0.55",
        "white_clip": "0.04",
        "shoulder": "0.26",
        "black_clip": "0.0",
        "temp": "6500.0",
        "chromatic_aberration_intensity": "0.0"
      },
      "transform_carla": {
        "location": {
          "x": 75.8096923828125,
          "y": -62.76744842529297,
          "z": 1.689241647720337
        },
        "rotation": {
          "roll": -0.019622802734375,
          "pitch": -0.2670057415962219,
          "yaw": -161.72337341308594
        }
      },
      "matrix_world_from_sensor_carla": [
        [
          -0.9495431780815125,
          0.31360355019569397,
          -0.004532429855316877,
          75.8096923828125
        ],
        [
          -0.31360170245170593,
          -0.949553906917572,
          -0.0011362293735146523,
          -62.76744842529297
        ],
        [
          -0.00466011231765151,
          0.00034247880103066564,
          0.9999890923500061,
          1.689241647720337
        ],
        [
          0.0,
          0.0,
          0.0,
          1.0
        ]
      ],
      "matrix_world_from_sensor_bevfusion": [
        [
          0.31360355019569397,
          0.004532429855316877,
          -0.9495431780815125,
          75.8096923828125
        ],
        [
          0.949553906917572,
          -0.0011362293735146523,
          0.31360170245170593,
          62.76744842529297
        ],
        [
          0.00034247880103066564,
          -0.9999890923500061,
          -0.00466011231765151,
          1.689241647720337
        ],
        [
          0.0,
          0.0,
          0.0,
          1.0
        ]
      ],
      "matrix_ego_from_sensor_carla": [
        [
          1.0,
          -5.438415273673058e-10,
          7.379377664484821e-11,
          1.5500030517578125
        ],
        [
          1.8147799707435297e-08,
          1.0,
          -1.034954587308956e-11,
          -7.62939453125e-06
        ],
        [
          7.379377664484821e-11,
          -3.945242396663495e-11,
          1.0,
          1.7000000476837158
        ],
        [
          0.0,
          0.0,
          0.0,
          1.0
        ]
      ],
      "matrix_ego_from_sensor_bevfusion": [
        [
          -5.438415273673058e-10,
          -7.379377664484821e-11,
          1.0,
          1.5500030517578125
        ],
        [
          -1.0,
          -1.034954587308956e-11,
          -1.8147799707435297e-08,
          7.62939453125e-06
        ],
        [
          -3.945242396663495e-11,
          -1.0,
          7.379377664484821e-11,
          1.7000000476837158
        ],
        [
          0.0,
          0.0,
          0.0,
          1.0
        ]
      ],
      "camera_intrinsics": [
        [
          685.5110473632812,
          0.0,
          480.0
        ],
        [
          0.0,
          685.5110473632812,
          270.0
        ],
        [
          0.0,
          0.0,
          1.0
        ]
      ],
      "data_path": "D:\\Agent-AI\\outputs\\s3a_ml_long_v2\\sample_000091\\images\\CAM_FRONT.png",
      "raw_layout": "bgra8"
    },
    "CAM_FRONT_RIGHT": {
      "type_id": "sensor.camera.rgb",
      "blueprint_attributes": {
        "role_name": "front",
        "ros_name": "sensor.camera.rgb",
        "chromatic_aberration_offset": "0.0",
        "sensor_tick": "0.100000",
        "fstop": "1.4",
        "image_size_x": "960",
        "image_size_y": "540",
        "fov": "70.00",
        "lens_circle_falloff": "5.0",
        "lens_circle_multiplier": "0.0",
        "exposure_compensation": "0.0",
        "lens_y_size": "0.08",
        "lens_k": "-1.0",
        "exposure_mode": "histogram",
        "lens_kcube": "0.0",
        "lens_x_size": "0.08",
        "exposure_max_bright": "12.0",
        "shutter_speed": "200.0",
        "bloom_intensity": "0.675",
        "iso": "100.0",
        "enable_postprocess_effects": "false",
        "gamma": "2.2",
        "motion_blur_intensity": "0.0",
        "motion_blur_max_distortion": "0.35",
        "lens_flare_intensity": "0.1",
        "motion_blur_min_object_screen_size": "0.1",
        "exposure_min_bright": "10.0",
        "exposure_speed_up": "3.0",
        "exposure_speed_down": "1.0",
        "tint": "0.0",
        "calibration_constant": "16.0",
        "focal_distance": "1000.0",
        "min_fstop": "1.2",
        "blade_count": "5",
        "blur_amount": "0.0",
        "blur_radius": "0.0",
        "slope": "0.88",
        "toe": "0.55",
        "white_clip": "0.04",
        "shoulder": "0.26",
        "black_clip": "0.0",
        "temp": "6500.0",
        "chromatic_aberration_intensity": "0.0"
      },
      "transform_carla": {
        "location": {
          "x": 76.21956634521484,
          "y": -63.211307525634766,
          "z": 1.690595030784607
        },
        "rotation": {
          "roll": -0.22996771335601807,
          "pitch": -0.1370682269334793,
          "yaw": -106.72315979003906
        }
      },
      "matrix_world_from_sensor_carla": [
        [
          -0.2877468466758728,
          0.9576958417892456,
          -0.0045322999358177185,
          76.21956634521484
        ],
        [
          -0.9577035307884216,
          -0.2877545654773712,
          -0.0011361641809344292,
          -63.211307525634766
        ],
        [
          -0.002392289461567998,
          0.004013671539723873,
          0.9999890923500061,
          1.690595030784607
        ],
        [
          0.0,
          0.0,
          0.0,
          1.0
        ]
      ],
      "matrix_world_from_sensor_bevfusion": [
        [
          0.9576958417892456,
          0.0045322999358177185,
          -0.2877468466758728,
          76.21956634521484
        ],
        [
          0.2877545654773712,
          -0.0011361641809344292,
          0.9577035307884216,
          63.211307525634766
        ],
        [
          0.004013671539723873,
          -0.9999890923500061,
          -0.002392289461567998,
          1.690595030784607
        ],
        [
          0.0,
          0.0,
          0.0,
          1.0
        ]
      ],
      "matrix_ego_from_sensor_carla": [
        [
          0.5735766291618347,
          -0.8191519975662231,
          -1.4381554080955539e-07,
          1.2999954223632812
        ],
        [
          0.8191518783569336,
          0.5735766887664795,
          -2.116883379699175e-08,
          0.5500030517578125
        ],
        [
          9.99015696834249e-08,
          -1.0617833368087304e-07,
          1.0,
          1.7000000476837158
        ],
        [
          0.0,
          0.0,
          0.0,
          1.0
        ]
      ],
      "matrix_ego_from_sensor_bevfusion": [
        [
          -0.8191519975662231,
          1.4381554080955539e-07,
          0.5735766291618347,
          1.2999954223632812
        ],
        [
          -0.5735766887664795,
          -2.116883379699175e-08,
          -0.8191518783569336,
          -0.5500030517578125
        ],
        [
          -1.0617833368087304e-07,
          -1.0,
          9.99015696834249e-08,
          1.7000000476837158
        ],
        [
          0.0,
          0.0,
          0.0,
          1.0
        ]
      ],
      "camera_intrinsics": [
        [
          685.5110473632812,
          0.0,
          480.0
        ],
        [
          0.0,
          685.5110473632812,
          270.0
        ],
        [
          0.0,
          0.0,
          1.0
        ]
      ],
      "data_path": "D:\\Agent-AI\\outputs\\s3a_ml_long_v2\\sample_000091\\images\\CAM_FRONT_RIGHT.png",
      "raw_layout": "bgra8"
    },
    "CAM_FRONT_LEFT": {
      "type_id": "sensor.camera.rgb",
      "blueprint_attributes": {
        "role_name": "front",
        "ros_name": "sensor.camera.rgb",
        "chromatic_aberration_offset": "0.0",
        "sensor_tick": "0.100000",
        "fstop": "1.4",
        "image_size_x": "960",
        "image_size_y": "540",
        "fov": "70.00",
        "lens_circle_falloff": "5.0",
        "lens_circle_multiplier": "0.0",
        "exposure_compensation": "0.0",
        "lens_y_size": "0.08",
        "lens_k": "-1.0",
        "exposure_mode": "histogram",
        "lens_kcube": "0.0",
        "lens_x_size": "0.08",
        "exposure_max_bright": "12.0",
        "shutter_speed": "200.0",
        "bloom_intensity": "0.675",
        "iso": "100.0",
        "enable_postprocess_effects": "false",
        "gamma": "2.2",
        "motion_blur_intensity": "0.0",
        "motion_blur_max_distortion": "0.35",
        "lens_flare_intensity": "0.1",
        "motion_blur_min_object_screen_size": "0.1",
        "exposure_min_bright": "10.0",
        "exposure_speed_up": "3.0",
        "exposure_speed_down": "1.0",
        "tint": "0.0",
        "calibration_constant": "16.0",
        "focal_distance": "1000.0",
        "min_fstop": "1.2",
        "blade_count": "5",
        "blur_amount": "0.0",
        "blur_radius": "0.0",
        "slope": "0.88",
        "toe": "0.55",
        "white_clip": "0.04",
        "shoulder": "0.26",
        "black_clip": "0.0",
        "temp": "6500.0",
        "chromatic_aberration_intensity": "0.0"
      },
      "transform_carla": {
        "location": {
          "x": 75.87459564208984,
          "y": -62.16679382324219,
          "z": 1.690218210220337
        },
        "rotation": {
          "roll": 0.20745769143104553,
          "pitch": -0.16921792924404144,
          "yaw": 143.27627563476562
        }
      },
      "matrix_world_from_sensor_carla": [
        [
          -0.8015246391296387,
          -0.5979445576667786,
          -0.0045323120430111885,
          75.87459564208984
        ],
        [
          0.5979544520378113,
          -0.8015292882919312,
          -0.0011361842043697834,
          -62.16679382324219
        ],
        [
          -0.002953405724838376,
          -0.0036207959055900574,
          0.9999890923500061,
          1.690218210220337
        ],
        [
          0.0,
          0.0,
          0.0,
          1.0
        ]
      ],
      "matrix_world_from_sensor_bevfusion": [
        [
          -0.5979445576667786,
          0.0045323120430111885,
          -0.8015246391296387,
          75.87459564208984
        ],
        [
          0.8015292882919312,
          -0.0011361842043697834,
          -0.5979544520378113,
          62.16679382324219
        ],
        [
          -0.0036207959055900574,
          -0.9999890923500061,
          -0.002953405724838376,
          1.690218210220337
        ],
        [
          0.0,
          0.0,
          0.0,
          1.0
        ]
      ],
      "matrix_ego_from_sensor_carla": [
        [
          0.5735764503479004,
          0.8191519975662231,
          -1.2658607317916903e-07,
          1.3000030517578125
        ],
        [
          -0.8191519975662231,
          0.5735765099525452,
          -5.86021942083903e-09,
          -0.5500030517578125
        ],
        [
          6.737214164331817e-08,
          1.0631676872208118e-07,
          1.0,
          1.7000000476837158
        ],
        [
          0.0,
          0.0,
          0.0,
          1.0
        ]
      ],
      "matrix_ego_from_sensor_bevfusion": [
        [
          0.8191519975662231,
          1.2658607317916903e-07,
          0.5735764503479004,
          1.3000030517578125
        ],
        [
          -0.5735765099525452,
          -5.86021942083903e-09,
          0.8191519975662231,
          0.5500030517578125
        ],
        [
          1.0631676872208118e-07,
          -1.0,
          6.737214164331817e-08,
          1.7000000476837158
        ],
        [
          0.0,
          0.0,
          0.0,
          1.0
        ]
      ],
      "camera_intrinsics": [
        [
          685.5110473632812,
          0.0,
          480.0
        ],
        [
          0.0,
          685.5110473632812,
          270.0
        ],
        [
          0.0,
          0.0,
          1.0
        ]
      ],
      "data_path": "D:\\Agent-AI\\outputs\\s3a_ml_long_v2\\sample_000091\\images\\CAM_FRONT_LEFT.png",
      "raw_layout": "bgra8"
    },
    "CAM_BACK": {
      "type_id": "sensor.camera.rgb",
      "blueprint_attributes": {
        "role_name": "front",
        "ros_name": "sensor.camera.rgb",
        "chromatic_aberration_offset": "0.0",
        "sensor_tick": "0.100000",
        "fstop": "1.4",
        "image_size_x": "960",
        "image_size_y": "540",
        "fov": "70.00",
        "lens_circle_falloff": "5.0",
        "lens_circle_multiplier": "0.0",
        "exposure_compensation": "0.0",
        "lens_y_size": "0.08",
        "lens_k": "-1.0",
        "exposure_mode": "histogram",
        "lens_kcube": "0.0",
        "lens_x_size": "0.08",
        "exposure_max_bright": "12.0",
        "shutter_speed": "200.0",
        "bloom_intensity": "0.675",
        "iso": "100.0",
        "enable_postprocess_effects": "false",
        "gamma": "2.2",
        "motion_blur_intensity": "0.0",
        "motion_blur_max_distortion": "0.35",
        "lens_flare_intensity": "0.1",
        "motion_blur_min_object_screen_size": "0.1",
        "exposure_min_bright": "10.0",
        "exposure_speed_up": "3.0",
        "exposure_speed_down": "1.0",
        "tint": "0.0",
        "calibration_constant": "16.0",
        "focal_distance": "1000.0",
        "min_fstop": "1.2",
        "blade_count": "5",
        "blur_amount": "0.0",
        "blur_radius": "0.0",
        "slope": "0.88",
        "toe": "0.55",
        "white_clip": "0.04",
        "shoulder": "0.26",
        "black_clip": "0.0",
        "temp": "6500.0",
        "chromatic_aberration_intensity": "0.0"
      },
      "transform_carla": {
        "location": {
          "x": 78.75328063964844,
          "y": -61.7952880859375,
          "z": 1.7036874294281006
        },
        "rotation": {
          "roll": 0.019622890278697014,
          "pitch": 0.2670057415962219,
          "yaw": 18.27664566040039
        }
      },
      "matrix_world_from_sensor_carla": [
        [
          0.9495430588722229,
          -0.31360387802124023,
          -0.004532429855316877,
          78.75328063964844
        ],
        [
          0.3136020302772522,
          0.9495537877082825,
          -0.001136229489929974,
          -61.7952880859375
        ],
        [
          0.00466011231765151,
          -0.0003424803144298494,
          0.9999890923500061,
          1.7036874294281006
        ],
        [
          0.0,
          0.0,
          0.0,
          1.0
        ]
      ],
      "matrix_world_from_sensor_bevfusion": [
        [
          -0.31360387802124023,
          0.004532429855316877,
          0.9495430588722229,
          78.75328063964844
        ],
        [
          -0.9495537877082825,
          -0.001136229489929974,
          -0.3136020302772522,
          61.7952880859375
        ],
        [
          -0.0003424803144298494,
          -0.9999890923500061,
          0.00466011231765151,
          1.7036874294281006
        ],
        [
          0.0,
          0.0,
          0.0,
          1.0
        ]
      ],
      "matrix_ego_from_sensor_carla": [
        [
          -0.9999999403953552,
          3.35958446839868e-07,
          7.379377664484821e-11,
          -1.5499992370605469
        ],
        [
          -3.59238214286961e-07,
          -1.0,
          1.0606577421912178e-10,
          0.0
        ],
        [
          3.9186751066289105e-10,
          6.85727585825191e-11,
          1.0,
          1.6999995708465576
        ],
        [
          0.0,
          0.0,
          0.0,
          1.0
        ]
      ],
      "matrix_ego_from_sensor_bevfusion": [
        [
          3.35958446839868e-07,
          -7.379377664484821e-11,
          -0.9999999403953552,
          -1.5499992370605469
        ],
        [
          1.0,
          1.0606577421912178e-10,
          3.59238214286961e-07,
          0.0
        ],
        [
          6.85727585825191e-11,
          -1.0,
          3.9186751066289105e-10,
          1.6999995708465576
        ],
        [
          0.0,
          0.0,
          0.0,
          1.0
        ]
      ],
      "camera_intrinsics": [
        [
          685.5110473632812,
          0.0,
          480.0
        ],
        [
          0.0,
          685.5110473632812,
          270.0
        ],
        [
          0.0,
          0.0,
          1.0
        ]
      ],
      "data_path": "D:\\Agent-AI\\outputs\\s3a_ml_long_v2\\sample_000091\\images\\CAM_BACK.png",
      "raw_layout": "bgra8"
    },
    "CAM_BACK_LEFT": {
      "type_id": "sensor.camera.rgb",
      "blueprint_attributes": {
        "role_name": "front",
        "ros_name": "sensor.camera.rgb",
        "chromatic_aberration_offset": "0.0",
        "sensor_tick": "0.100000",
        "fstop": "1.4",
        "image_size_x": "960",
        "image_size_y": "540",
        "fov": "70.00",
        "lens_circle_falloff": "5.0",
        "lens_circle_multiplier": "0.0",
        "exposure_compensation": "0.0",
        "lens_y_size": "0.08",
        "lens_k": "-1.0",
        "exposure_mode": "histogram",
        "lens_kcube": "0.0",
        "lens_x_size": "0.08",
        "exposure_max_bright": "12.0",
        "shutter_speed": "200.0",
        "bloom_intensity": "0.675",
        "iso": "100.0",
        "enable_postprocess_effects": "false",
        "gamma": "2.2",
        "motion_blur_intensity": "0.0",
        "motion_blur_max_distortion": "0.35",
        "lens_flare_intensity": "0.1",
        "motion_blur_min_object_screen_size": "0.1",
        "exposure_min_bright": "10.0",
        "exposure_speed_up": "3.0",
        "exposure_speed_down": "1.0",
        "tint": "0.0",
        "calibration_constant": "16.0",
        "focal_distance": "1000.0",
        "min_fstop": "1.2",
        "blade_count": "5",
        "blur_amount": "0.0",
        "blur_radius": "0.0",
        "slope": "0.88",
        "toe": "0.55",
        "white_clip": "0.04",
        "shoulder": "0.26",
        "black_clip": "0.0",
        "temp": "6500.0",
        "chromatic_aberration_intensity": "0.0"
      },
      "transform_carla": {
        "location": {
          "x": 78.34341430664062,
          "y": -61.35143280029297,
          "z": 1.7023342847824097
        },
        "rotation": {
          "roll": 0.22996771335601807,
          "pitch": 0.1370682269334793,
          "yaw": 73.27682495117188
        }
      },
      "matrix_world_from_sensor_carla": [
        [
          0.2877471148967743,
          -0.957695722579956,
          -0.0045322999358177185,
          78.34341430664062
        ],
        [
          0.9577034115791321,
          0.2877548336982727,
          -0.001136162900365889,
          -61.35143280029297
        ],
        [
          0.002392289461567998,
          -0.004013671539723873,
          0.9999890923500061,
          1.7023342847824097
        ],
        [
          0.0,
          0.0,
          0.0,
          1.0
        ]
      ],
      "matrix_world_from_sensor_bevfusion": [
        [
          -0.957695722579956,
          0.0045322999358177185,
          0.2877471148967743,
          78.34341430664062
        ],
        [
          -0.2877548336982727,
          -0.001136162900365889,
          -0.9577034115791321,
          61.35143280029297
        ],
        [
          -0.004013671539723873,
          -0.9999890923500061,
          0.002392289461567998,
          1.7023342847824097
        ],
        [
          0.0,
          0.0,
          0.0,
          1.0
        ]
      ],
      "matrix_ego_from_sensor_carla": [
        [
          -0.5735768675804138,
          0.819151759147644,
          -1.4428120209686313e-07,
          -1.3000068664550781
        ],
        [
          -0.8191516995429993,
          -0.5735769271850586,
          -2.236209084571783e-08,
          -0.5500030517578125
        ],
        [
          -1.0106572290169424e-07,
          1.0524701110625756e-07,
          1.0,
          1.6999998092651367
        ],
        [
          0.0,
          0.0,
          0.0,
          1.0
        ]
      ],
      "matrix_ego_from_sensor_bevfusion": [
        [
          0.819151759147644,
          1.4428120209686313e-07,
          -0.5735768675804138,
          -1.3000068664550781
        ],
        [
          0.5735769271850586,
          -2.236209084571783e-08,
          0.8191516995429993,
          0.5500030517578125
        ],
        [
          1.0524701110625756e-07,
          -1.0,
          -1.0106572290169424e-07,
          1.6999998092651367
        ],
        [
          0.0,
          0.0,
          0.0,
          1.0
        ]
      ],
      "camera_intrinsics": [
        [
          685.5110473632812,
          0.0,
          480.0
        ],
        [
          0.0,
          685.5110473632812,
          270.0
        ],
        [
          0.0,
          0.0,
          1.0
        ]
      ],
      "data_path": "D:\\Agent-AI\\outputs\\s3a_ml_long_v2\\sample_000091\\images\\CAM_BACK_LEFT.png",
      "raw_layout": "bgra8"
    },
    "CAM_BACK_RIGHT": {
      "type_id": "sensor.camera.rgb",
      "blueprint_attributes": {
        "role_name": "front",
        "ros_name": "sensor.camera.rgb",
        "chromatic_aberration_offset": "0.0",
        "sensor_tick": "0.100000",
        "fstop": "1.4",
        "image_size_x": "960",
        "image_size_y": "540",
        "fov": "70.00",
        "lens_circle_falloff": "5.0",
        "lens_circle_multiplier": "0.0",
        "exposure_compensation": "0.0",
        "lens_y_size": "0.08",
        "lens_k": "-1.0",
        "exposure_mode": "histogram",
        "lens_kcube": "0.0",
        "lens_x_size": "0.08",
        "exposure_max_bright": "12.0",
        "shutter_speed": "200.0",
        "bloom_intensity": "0.675",
        "iso": "100.0",
        "enable_postprocess_effects": "false",
        "gamma": "2.2",
        "motion_blur_intensity": "0.0",
        "motion_blur_max_distortion": "0.35",
        "lens_flare_intensity": "0.1",
        "motion_blur_min_object_screen_size": "0.1",
        "exposure_min_bright": "10.0",
        "exposure_speed_up": "3.0",
        "exposure_speed_down": "1.0",
        "tint": "0.0",
        "calibration_constant": "16.0",
        "focal_distance": "1000.0",
        "min_fstop": "1.2",
        "blade_count": "5",
        "blur_amount": "0.0",
        "blur_radius": "0.0",
        "slope": "0.88",
        "toe": "0.55",
        "white_clip": "0.04",
        "shoulder": "0.26",
        "black_clip": "0.0",
        "temp": "6500.0",
        "chromatic_aberration_intensity": "0.0"
      },
      "transform_carla": {
        "location": {
          "x": 78.6883773803711,
          "y": -62.39594268798828,
          "z": 1.7027111053466797
        },
        "rotation": {
          "roll": -0.20745770633220673,
          "pitch": 0.16921792924404144,
          "yaw": -36.72372055053711
        }
      },
      "matrix_world_from_sensor_carla": [
        [
          0.8015246391296387,
          0.5979444980621338,
          -0.0045323120430111885,
          78.6883773803711
        ],
        [
          -0.5979543924331665,
          0.8015292882919312,
          -0.0011361847864463925,
          -62.39594268798828
        ],
        [
          0.002953405724838376,
          0.0036207963712513447,
          0.9999890923500061,
          1.7027111053466797
        ],
        [
          0.0,
          0.0,
          0.0,
          1.0
        ]
      ],
      "matrix_world_from_sensor_bevfusion": [
        [
          0.5979444980621338,
          0.0045323120430111885,
          0.8015246391296387,
          78.6883773803711
        ],
        [
          -0.8015292882919312,
          -0.0011361847864463925,
          0.5979543924331665,
          62.39594268798828
        ],
        [
          0.0036207963712513447,
          -0.9999890923500061,
          0.002953405724838376,
          1.7027111053466797
        ],
        [
          0.0,
          0.0,
          0.0,
          1.0
        ]
      ],
      "matrix_ego_from_sensor_carla": [
        [
          -0.5735765099525452,
          -0.8191519379615784,
          -1.261204118918613e-07,
          -1.2999992370605469
        ],
        [
          0.8191519379615784,
          -0.5735765099525452,
          -5.30724664216109e-09,
          0.5499954223632812
        ],
        [
          -6.737214164331817e-08,
          -1.0561828389654693e-07,
          1.0,
          1.6999998092651367
        ],
        [
          0.0,
          0.0,
          0.0,
          1.0
        ]
      ],
      "matrix_ego_from_sensor_bevfusion": [
        [
          -0.8191519379615784,
          1.261204118918613e-07,
          -0.5735765099525452,
          -1.2999992370605469
        ],
        [
          0.5735765099525452,
          -5.30724664216109e-09,
          -0.8191519379615784,
          -0.5499954223632812
        ],
        [
          -1.0561828389654693e-07,
          -1.0,
          -6.737214164331817e-08,
          1.6999998092651367
        ],
        [
          0.0,
          0.0,
          0.0,
          1.0
        ]
      ],
      "camera_intrinsics": [
        [
          685.5110473632812,
          0.0,
          480.0
        ],
        [
          0.0,
          685.5110473632812,
          270.0
        ],
        [
          0.0,
          0.0,
          1.0
        ]
      ],
      "data_path": "D:\\Agent-AI\\outputs\\s3a_ml_long_v2\\sample_000091\\images\\CAM_BACK_RIGHT.png",
      "raw_layout": "bgra8"
    },
    "LIDAR_TOP": {
      "type_id": "sensor.lidar.ray_cast",
      "blueprint_attributes": {
        "atmosphere_attenuation_rate": "0.004",
        "role_name": "front",
        "noise_seed": "0",
        "upper_fov": "10.0",
        "ros_name": "sensor.lidar.ray_cast",
        "sensor_tick": "0.100000",
        "channels": "32",
        "range": "120.0",
        "points_per_second": "360000",
        "lower_fov": "-30.0",
        "rotation_frequency": "10.000000",
        "horizontal_fov": "360.0",
        "dropoff_general_rate": "0.0",
        "dropoff_intensity_limit": "1.0",
        "noise_stddev": "0.0",
        "dropoff_zero_intensity": "0.0"
      },
      "transform_carla": {
        "location": {
          "x": 77.27922058105469,
          "y": -62.28193664550781,
          "z": 2.1964592933654785
        },
        "rotation": {
          "roll": -0.019622802734375,
          "pitch": -0.2670057415962219,
          "yaw": -161.72337341308594
        }
      },
      "matrix_world_from_sensor_carla": [
        [
          -0.9495431780815125,
          0.31360355019569397,
          -0.004532429855316877,
          77.27922058105469
        ],
        [
          -0.31360170245170593,
          -0.949553906917572,
          -0.0011362293735146523,
          -62.28193664550781
        ],
        [
          -0.00466011231765151,
          0.00034247880103066564,
          0.9999890923500061,
          2.1964592933654785
        ],
        [
          0.0,
          0.0,
          0.0,
          1.0
        ]
      ],
      "matrix_world_from_sensor_bevfusion": [
        [
          -0.9495431780815125,
          -0.31360355019569397,
          -0.004532429855316877,
          77.27922058105469
        ],
        [
          0.31360170245170593,
          -0.949553906917572,
          0.0011362293735146523,
          62.28193664550781
        ],
        [
          -0.00466011231765151,
          -0.00034247880103066564,
          0.9999890923500061,
          2.1964592933654785
        ],
        [
          0.0,
          0.0,
          0.0,
          1.0
        ]
      ],
      "matrix_ego_from_sensor_carla": [
        [
          1.0,
          -5.438415273673058e-10,
          7.379377664484821e-11,
          0.0
        ],
        [
          1.8147799707435297e-08,
          1.0,
          -1.034954587308956e-11,
          0.0
        ],
        [
          7.379377664484821e-11,
          -3.945242396663495e-11,
          1.0,
          2.200000047683716
        ],
        [
          0.0,
          0.0,
          0.0,
          1.0
        ]
      ],
      "matrix_ego_from_sensor_bevfusion": [
        [
          1.0,
          5.438415273673058e-10,
          7.379377664484821e-11,
          0.0
        ],
        [
          -1.8147799707435297e-08,
          1.0,
          1.034954587308956e-11,
          0.0
        ],
        [
          7.379377664484821e-11,
          3.945242396663495e-11,
          1.0,
          2.200000047683716
        ],
        [
          0.0,
          0.0,
          0.0,
          1.0
        ]
      ],
      "data_path": "D:\\Agent-AI\\outputs\\s3a_ml_long_v2\\sample_000091\\lidar\\LIDAR_TOP.npy",
      "raw_layout": [
        "x",
        "y",
        "z",
        "intensity"
      ]
    },
    "RADAR_FRONT": {
      "type_id": "sensor.other.radar",
      "blueprint_attributes": {
        "sensor_tick": "0.100000",
        "role_name": "default",
        "noise_seed": "0",
        "ros_name": "sensor.other.radar",
        "horizontal_fov": "35.0",
        "points_per_second": "1500",
        "vertical_fov": "20.0",
        "range": "120.0"
      },
      "transform_carla": {
        "location": {
          "x": 75.38603210449219,
          "y": -62.90766525268555,
          "z": 0.8871534466743469
        },
        "rotation": {
          "roll": -0.019622802734375,
          "pitch": -0.2670057415962219,
          "yaw": -161.72337341308594
        }
      },
      "matrix_world_from_sensor_carla": [
        [
          -0.9495431780815125,
          0.31360355019569397,
          -0.004532429855316877,
          75.38603210449219
        ],
        [
          -0.31360170245170593,
          -0.949553906917572,
          -0.0011362293735146523,
          -62.90766525268555
        ],
        [
          -0.00466011231765151,
          0.00034247880103066564,
          0.9999890923500061,
          0.8871534466743469
        ],
        [
          0.0,
          0.0,
          0.0,
          1.0
        ]
      ],
      "matrix_world_from_sensor_bevfusion": [
        [
          -0.9495431780815125,
          -0.31360355019569397,
          -0.004532429855316877,
          75.38603210449219
        ],
        [
          0.31360170245170593,
          -0.949553906917572,
          0.0011362293735146523,
          62.90766525268555
        ],
        [
          -0.00466011231765151,
          -0.00034247880103066564,
          0.9999890923500061,
          0.8871534466743469
        ],
        [
          0.0,
          0.0,
          0.0,
          1.0
        ]
      ],
      "matrix_ego_from_sensor_carla": [
        [
          1.0,
          -5.438415273673058e-10,
          7.379377664484821e-11,
          1.9999961853027344
        ],
        [
          1.8147799707435297e-08,
          1.0,
          -1.034954587308956e-11,
          0.0
        ],
        [
          7.379377664484821e-11,
          -3.945242396663495e-11,
          1.0,
          0.900000274181366
        ],
        [
          0.0,
          0.0,
          0.0,
          1.0
        ]
      ],
      "matrix_ego_from_sensor_bevfusion": [
        [
          1.0,
          5.438415273673058e-10,
          7.379377664484821e-11,
          1.9999961853027344
        ],
        [
          -1.8147799707435297e-08,
          1.0,
          1.034954587308956e-11,
          0.0
        ],
        [
          7.379377664484821e-11,
          3.945242396663495e-11,
          1.0,
          0.900000274181366
        ],
        [
          0.0,
          0.0,
          0.0,
          1.0
        ]
      ],
      "data_path": "D:\\Agent-AI\\outputs\\s3a_ml_long_v2\\sample_000091\\radar\\RADAR_FRONT.npy",
      "raw_layout": [
        "velocity",
        "altitude",
        "azimuth",
        "depth"
      ]
    },
    "RADAR_FRONT_LEFT": {
      "type_id": "sensor.other.radar",
      "blueprint_attributes": {
        "sensor_tick": "0.100000",
        "role_name": "default",
        "noise_seed": "0",
        "ros_name": "sensor.other.radar",
        "horizontal_fov": "35.0",
        "points_per_second": "1500",
        "vertical_fov": "20.0",
        "range": "120.0"
      },
      "transform_carla": {
        "location": {
          "x": 75.48316192626953,
          "y": -62.08573532104492,
          "z": 0.888527512550354
        },
        "rotation": {
          "roll": 0.1749216765165329,
          "pitch": -0.20266535878181458,
          "yaw": 153.27626037597656
        }
      },
      "matrix_world_from_sensor_carla": [
        [
          -0.8931795358657837,
          -0.44967734813690186,
          -0.004532213322818279,
          75.48316192626953
        ],
        [
          0.44968628883361816,
          -0.8931857943534851,
          -0.0011362341465428472,
          -62.08573532104492
        ],
        [
          -0.0035371703561395407,
          -0.0030529354698956013,
          0.9999890923500061,
          0.888527512550354
        ],
        [
          0.0,
          0.0,
          0.0,
          1.0
        ]
      ],
      "matrix_world_from_sensor_bevfusion": [
        [
          -0.8931795358657837,
          0.44967734813690186,
          -0.004532213322818279,
          75.48316192626953
        ],
        [
          -0.44968628883361816,
          -0.8931857943534851,
          0.0011362341465428472,
          62.08573532104492
        ],
        [
          -0.0035371703561395407,
          0.0030529354698956013,
          0.9999890923500061,
          0.888527512550354
        ],
        [
          0.0,
          0.0,
          0.0,
          1.0
        ]
      ],
      "matrix_ego_from_sensor_carla": [
        [
          0.7071066498756409,
          0.70710688829422,
          -2.043515081595615e-07,
          1.6500015258789062
        ],
        [
          -0.70710688829422,
          0.7071065902709961,
          7.251639289052036e-08,
          -0.7500076293945312
        ],
        [
          1.948115766481351e-07,
          9.267216682928847e-08,
          1.0,
          0.9000001549720764
        ],
        [
          0.0,
          0.0,
          0.0,
          1.0
        ]
      ],
      "matrix_ego_from_sensor_bevfusion": [
        [
          0.7071066498756409,
          -0.70710688829422,
          -2.043515081595615e-07,
          1.6500015258789062
        ],
        [
          0.70710688829422,
          0.7071065902709961,
          -7.251639289052036e-08,
          0.7500076293945312
        ],
        [
          1.948115766481351e-07,
          -9.267216682928847e-08,
          1.0,
          0.9000001549720764
        ],
        [
          0.0,
          0.0,
          0.0,
          1.0
        ]
      ],
      "data_path": "D:\\Agent-AI\\outputs\\s3a_ml_long_v2\\sample_000091\\radar\\RADAR_FRONT_LEFT.npy",
      "raw_layout": [
        "velocity",
        "altitude",
        "azimuth",
        "depth"
      ]
    },
    "RADAR_FRONT_RIGHT": {
      "type_id": "sensor.other.radar",
      "blueprint_attributes": {
        "sensor_tick": "0.100000",
        "role_name": "default",
        "noise_seed": "0",
        "ros_name": "sensor.other.radar",
        "horizontal_fov": "35.0",
        "points_per_second": "1500",
        "vertical_fov": "20.0",
        "range": "120.0"
