{
  "schema_version": "stage1.v1",
  "sample_name": "sample_000028",
  "sequence_index": 28,
  "previous_sample_name": "sample_000027",
  "frame_id": 60029,
  "timestamp": 437.81970079243183,
  "platform_timestamp": 16814573.6608814,
  "delta_seconds": 0.10000000149011612,
  "town": "Carla/Maps/Town10HD_Opt",
  "weather": {
    "cloudiness": 20.0,
    "dust_storm": 0.0,
    "fog_density": 2.0,
    "fog_distance": 0.75,
    "fog_falloff": 0.10000000149011612,
    "mie_scattering_scale": 0.029999999329447746,
    "precipitation": 0.0,
    "precipitation_deposits": 0.0,
    "rayleigh_scattering_scale": 0.03310000151395798,
    "scattering_intensity": 1.0,
    "sun_altitude_angle": 45.0,
    "sun_azimuth_angle": 300.0,
    "wetness": 0.0,
    "wind_intensity": 10.0
  },
  "sensor_names": [
    "CAM_FRONT",
    "CAM_FRONT_RIGHT",
    "CAM_FRONT_LEFT",
    "CAM_BACK",
    "CAM_BACK_LEFT",
    "CAM_BACK_RIGHT",
    "LIDAR_TOP",
    "RADAR_FRONT",
    "RADAR_FRONT_LEFT",
    "RADAR_FRONT_RIGHT",
    "RADAR_BACK_LEFT",
    "RADAR_BACK_RIGHT"
  ],
  "camera_order_for_model": [
    "CAM_FRONT",
    "CAM_FRONT_RIGHT",
    "CAM_FRONT_LEFT",
    "CAM_BACK",
    "CAM_BACK_LEFT",
    "CAM_BACK_RIGHT"
  ],
  "radar_order_for_model": [
    "RADAR_FRONT",
    "RADAR_FRONT_LEFT",
    "RADAR_FRONT_RIGHT",
    "RADAR_BACK_LEFT",
    "RADAR_BACK_RIGHT"
  ],
  "coordinate_notes": {
    "carla_world": "left-handed x-forward y-right z-up",
    "bevfusion_lidar": "x-forward y-left z-up",
    "camera_frame_for_model": "OpenCV style x-right y-down z-forward"
  },
  "ego": {
    "actor_id": 28,
    "transform_carla": {
      "location": {
        "x": 102.43263244628906,
        "y": -40.406333923339844,
        "z": -0.0038494872860610485
      },
      "rotation": {
        "roll": 0.5047887563705444,
        "pitch": -0.13366679847240448,
        "yaw": -113.7132339477539
      }
    },
    "velocity_carla": [
      -3.182771921157837,
      -6.972255706787109,
      9.021758887683973e-05
    ],
    "angular_velocity_carla": [
      -0.6177191734313965,
      -0.7535603046417236,
      -7.433270454406738
    ],
    "matrix_world_from_ego_carla": [
      [
        -0.40215811133384705,
        0.915542483329773,
        0.007128101773560047,
        102.43263244628906
      ],
      [
        -0.9155672192573547,
        -0.4021247923374176,
        -0.005678939167410135,
        -40.406333923339844
      ],
      [
        -0.002332923701032996,
        -0.008810088038444519,
        0.9999584555625916,
        -0.0038494872860610485
      ],
      [
        0.0,
        0.0,
        0.0,
        1.0
      ]
    ],
    "matrix_world_from_ego_bevfusion": [
      [
        -0.40215811133384705,
        -0.915542483329773,
        0.007128101773560047,
        102.43263244628906
      ],
      [
        0.9155672192573547,
        -0.4021247923374176,
        0.005678939167410135,
        40.406333923339844
      ],
      [
        -0.002332923701032996,
        0.008810088038444519,
        0.9999584555625916,
        -0.0038494872860610485
      ],
      [
        0.0,
        0.0,
        0.0,
        1.0
      ]
    ]
  },
  "sensors": {
    "CAM_FRONT": {
      "type_id": "sensor.camera.rgb",
      "blueprint_attributes": {
        "role_name": "front",
        "ros_name": "sensor.camera.rgb",
        "chromatic_aberration_offset": "0.0",
        "sensor_tick": "0.100000",
        "fstop": "1.4",
        "image_size_x": "960",
        "image_size_y": "540",
        "fov": "70.00",
        "lens_circle_falloff": "5.0",
        "lens_circle_multiplier": "0.0",
        "exposure_compensation": "0.0",
        "lens_y_size": "0.08",
        "lens_k": "-1.0",
        "exposure_mode": "histogram",
        "lens_kcube": "0.0",
        "lens_x_size": "0.08",
        "exposure_max_bright": "12.0",
        "shutter_speed": "200.0",
        "bloom_intensity": "0.675",
        "iso": "100.0",
        "enable_postprocess_effects": "false",
        "gamma": "2.2",
        "motion_blur_intensity": "0.0",
        "motion_blur_max_distortion": "0.35",
        "lens_flare_intensity": "0.1",
        "motion_blur_min_object_screen_size": "0.1",
        "exposure_min_bright": "10.0",
        "exposure_speed_up": "3.0",
        "exposure_speed_down": "1.0",
        "tint": "0.0",
        "calibration_constant": "16.0",
        "focal_distance": "1000.0",
        "min_fstop": "1.2",
        "blade_count": "5",
        "blur_amount": "0.0",
        "blur_radius": "0.0",
        "slope": "0.88",
        "toe": "0.55",
        "white_clip": "0.04",
        "shoulder": "0.26",
        "black_clip": "0.0",
        "temp": "6500.0",
        "chromatic_aberration_intensity": "0.0"
      },
      "transform_carla": {
        "location": {
          "x": 101.82140350341797,
          "y": -41.83511734008789,
          "z": 1.692463755607605
        },
        "rotation": {
          "roll": 0.5047887563705444,
          "pitch": -0.13366679847240448,
          "yaw": -113.7132339477539
        }
      },
      "matrix_world_from_sensor_carla": [
        [
          -0.40215811133384705,
          0.915542483329773,
          0.007128101773560047,
          101.82140350341797
        ],
        [
          -0.9155672192573547,
          -0.4021247923374176,
          -0.005678939167410135,
          -41.83511734008789
        ],
        [
          -0.002332923701032996,
          -0.008810088038444519,
          0.9999584555625916,
          1.692463755607605
        ],
        [
          0.0,
          0.0,
          0.0,
          1.0
        ]
      ],
      "matrix_world_from_sensor_bevfusion": [
        [
          0.915542483329773,
          -0.007128101773560047,
          -0.40215811133384705,
          101.82140350341797
        ],
        [
          0.4021247923374176,
          -0.005678939167410135,
          0.9155672192573547,
          41.83511734008789
        ],
        [
          -0.008810088038444519,
          -0.9999584555625916,
          -0.002332923701032996,
          1.692463755607605
        ],
        [
          0.0,
          0.0,
          0.0,
          1.0
        ]
      ],
      "matrix_ego_from_sensor_carla": [
        [
          0.9999999403953552,
          3.6032994366053117e-09,
          -1.7037572741518403e-10,
          1.5499989986419678
        ],
        [
          9.436798009687664e-09,
          1.0,
          3.7925218521195347e-13,
          0.0
        ],
        [
          2.9528557377034303e-10,
          3.7925218521195347e-13,
          1.0,
          1.6999998092651367
        ],
        [
          0.0,
          0.0,
          0.0,
          1.0
        ]
      ],
      "matrix_ego_from_sensor_bevfusion": [
        [
          3.6032994366053117e-09,
          1.7037572741518403e-10,
          0.9999999403953552,
          1.5499989986419678
        ],
        [
          -1.0,
          3.7925218521195347e-13,
          -9.436798009687664e-09,
          0.0
        ],
        [
          3.7925218521195347e-13,
          -1.0,
          2.9528557377034303e-10,
          1.6999998092651367
        ],
        [
          0.0,
          0.0,
          0.0,
          1.0
        ]
      ],
      "camera_intrinsics": [
        [
          685.5110473632812,
          0.0,
          480.0
        ],
        [
          0.0,
          685.5110473632812,
          270.0
        ],
        [
          0.0,
          0.0,
          1.0
        ]
      ],
      "data_path": "D:\\Agent-AI\\outputs\\s3a_ml_long_v2\\sample_000028\\images\\CAM_FRONT.png",
      "raw_layout": "bgra8"
    },
    "CAM_FRONT_RIGHT": {
      "type_id": "sensor.camera.rgb",
      "blueprint_attributes": {
        "role_name": "front",
        "ros_name": "sensor.camera.rgb",
        "chromatic_aberration_offset": "0.0",
        "sensor_tick": "0.100000",
        "fstop": "1.4",
        "image_size_x": "960",
        "image_size_y": "540",
        "fov": "70.00",
        "lens_circle_falloff": "5.0",
        "lens_circle_multiplier": "0.0",
        "exposure_compensation": "0.0",
        "lens_y_size": "0.08",
        "lens_k": "-1.0",
        "exposure_mode": "histogram",
        "lens_kcube": "0.0",
        "lens_x_size": "0.08",
        "exposure_max_bright": "12.0",
        "shutter_speed": "200.0",
        "bloom_intensity": "0.675",
        "iso": "100.0",
        "enable_postprocess_effects": "false",
        "gamma": "2.2",
        "motion_blur_intensity": "0.0",
        "motion_blur_max_distortion": "0.35",
        "lens_flare_intensity": "0.1",
        "motion_blur_min_object_screen_size": "0.1",
        "exposure_min_bright": "10.0",
        "exposure_speed_up": "3.0",
        "exposure_speed_down": "1.0",
        "tint": "0.0",
        "calibration_constant": "16.0",
        "focal_distance": "1000.0",
        "min_fstop": "1.2",
        "blade_count": "5",
        "blur_amount": "0.0",
        "blur_radius": "0.0",
        "slope": "0.88",
        "toe": "0.55",
        "white_clip": "0.04",
        "shoulder": "0.26",
        "black_clip": "0.0",
        "temp": "6500.0",
        "chromatic_aberration_intensity": "0.0"
      },
      "transform_carla": {
        "location": {
          "x": 102.42549896240234,
          "y": -41.827396392822266,
          "z": 1.6882014274597168
        },
        "rotation": {
          "roll": 0.18004389107227325,
          "pitch": -0.490161657333374,
          "yaw": -58.713417053222656
        }
      },
      "matrix_world_from_sensor_carla": [
        [
          0.5192999839782715,
          0.8545622825622559,
          0.00712805800139904,
          102.42549896240234
        ],
        [
          -0.8545491695404053,
          0.519339382648468,
          -0.005678870715200901,
          -41.827396392822266
        ],
        [
          -0.008554830215871334,
          -0.0031422385945916176,
          0.9999584555625916,
          1.6882014274597168
        ],
        [
          0.0,
          0.0,
          0.0,
          1.0
        ]
      ],
      "matrix_world_from_sensor_bevfusion": [
        [
          0.8545622825622559,
          -0.00712805800139904,
          0.5192999839782715,
          102.42549896240234
        ],
        [
          -0.519339382648468,
          -0.005678870715200901,
          0.8545491695404053,
          41.827396392822266
        ],
        [
          -0.0031422385945916176,
          -0.9999584555625916,
          -0.008554830215871334,
          1.6882014274597168
        ],
        [
          0.0,
          0.0,
          0.0,
          1.0
        ]
      ],
      "matrix_ego_from_sensor_carla": [
        [
          0.5735765099525452,
          -0.8191519975662231,
          -4.5106691715091074e-08,
          1.299997091293335
        ],
        [
          0.8191519379615784,
          0.5735765099525452,
          -6.70548487846645e-08,
          0.5500106811523438
        ],
        [
          8.159677378216657e-08,
          2.020019262971573e-09,
          1.0,
          1.7000000476837158
        ],
        [
          0.0,
          0.0,
          0.0,
          1.0
        ]
      ],
      "matrix_ego_from_sensor_bevfusion": [
        [
          -0.8191519975662231,
          4.5106691715091074e-08,
          0.5735765099525452,
          1.299997091293335
        ],
        [
          -0.5735765099525452,
          -6.70548487846645e-08,
          -0.8191519379615784,
          -0.5500106811523438
        ],
        [
          2.020019262971573e-09,
          -1.0,
          8.159677378216657e-08,
          1.7000000476837158
        ],
        [
          0.0,
          0.0,
          0.0,
          1.0
        ]
      ],
      "camera_intrinsics": [
        [
          685.5110473632812,
          0.0,
          480.0
        ],
        [
          0.0,
          685.5110473632812,
          270.0
        ],
        [
          0.0,
          0.0,
          1.0
        ]
      ],
      "data_path": "D:\\Agent-AI\\outputs\\s3a_ml_long_v2\\sample_000028\\images\\CAM_FRONT_RIGHT.png",
      "raw_layout": "bgra8"
    },
    "CAM_FRONT_LEFT": {
      "type_id": "sensor.camera.rgb",
      "blueprint_attributes": {
        "role_name": "front",
        "ros_name": "sensor.camera.rgb",
        "chromatic_aberration_offset": "0.0",
        "sensor_tick": "0.100000",
        "fstop": "1.4",
        "image_size_x": "960",
        "image_size_y": "540",
        "fov": "70.00",
        "lens_circle_falloff": "5.0",
        "lens_circle_multiplier": "0.0",
        "exposure_compensation": "0.0",
        "lens_y_size": "0.08",
        "lens_k": "-1.0",
        "exposure_mode": "histogram",
        "lens_kcube": "0.0",
        "lens_x_size": "0.08",
        "exposure_max_bright": "12.0",
        "shutter_speed": "200.0",
        "bloom_intensity": "0.675",
        "iso": "100.0",
        "enable_postprocess_effects": "false",
        "gamma": "2.2",
        "motion_blur_intensity": "0.0",
        "motion_blur_max_distortion": "0.35",
        "lens_flare_intensity": "0.1",
        "motion_blur_min_object_screen_size": "0.1",
        "exposure_min_bright": "10.0",
        "exposure_speed_up": "3.0",
        "exposure_speed_down": "1.0",
        "tint": "0.0",
        "calibration_constant": "16.0",
        "focal_distance": "1000.0",
        "min_fstop": "1.2",
        "blade_count": "5",
        "blur_amount": "0.0",
        "blur_radius": "0.0",
        "slope": "0.88",
        "toe": "0.55",
        "white_clip": "0.04",
        "shoulder": "0.26",
        "black_clip": "0.0",
        "temp": "6500.0",
        "chromatic_aberration_intensity": "0.0"
      },
      "transform_carla": {
        "location": {
          "x": 101.41839599609375,
          "y": -41.38505935668945,
          "z": 1.697892665863037
        },
        "rotation": {
          "roll": 0.3990339934825897,
          "pitch": 0.3368239402770996,
          "yaw": -168.71145629882812
        }
      },
      "matrix_world_from_sensor_carla": [
        [
          -0.9806368947029114,
          0.19570526480674744,
          0.007128066383302212,
          101.41839599609375
        ],
        [
          -0.1957467794418335,
          -0.9806380271911621,
          -0.005678946617990732,
          -41.38505935668945
        ],
        [
          0.005878652911633253,
          -0.006964279804378748,
          0.9999584555625916,
          1.697892665863037
        ],
        [
          0.0,
          0.0,
          0.0,
          1.0
        ]
      ],
      "matrix_world_from_sensor_bevfusion": [
        [
          0.19570526480674744,
          -0.007128066383302212,
          -0.9806368947029114,
          101.41839599609375
        ],
        [
          0.9806380271911621,
          -0.005678946617990732,
          0.1957467794418335,
          41.38505935668945
        ],
        [
          -0.006964279804378748,
          -0.9999584555625916,
          0.005878652911633253,
          1.697892665863037
        ],
        [
          0.0,
          0.0,
          0.0,
          1.0
        ]
      ],
      "matrix_ego_from_sensor_carla": [
        [
          0.5735767483711243,
          0.8191518783569336,
          2.101721285896474e-08,
          1.3000030517578125
        ],
        [
          -0.8191519379615784,
          0.5735766887664795,
          -2.8870619672716202e-08,
          -0.5499954223632812
        ],
        [
          -3.7006053332788724e-08,
          6.170882693723456e-10,
          1.0,
          1.7000000476837158
        ],
        [
          0.0,
          0.0,
          0.0,
          1.0
        ]
      ],
      "matrix_ego_from_sensor_bevfusion": [
        [
          0.8191518783569336,
          -2.101721285896474e-08,
          0.5735767483711243,
          1.3000030517578125
        ],
        [
          -0.5735766887664795,
          -2.8870619672716202e-08,
          0.8191519379615784,
          0.5499954223632812
        ],
        [
          6.170882693723456e-10,
          -1.0,
          -3.7006053332788724e-08,
          1.7000000476837158
        ],
        [
          0.0,
          0.0,
          0.0,
          1.0
        ]
      ],
      "camera_intrinsics": [
        [
          685.5110473632812,
          0.0,
          480.0
        ],
        [
          0.0,
          685.5110473632812,
          270.0
        ],
        [
          0.0,
          0.0,
          1.0
        ]
      ],
      "data_path": "D:\\Agent-AI\\outputs\\s3a_ml_long_v2\\sample_000028\\images\\CAM_FRONT_LEFT.png",
      "raw_layout": "bgra8"
    },
    "CAM_BACK": {
      "type_id": "sensor.camera.rgb",
      "blueprint_attributes": {
        "role_name": "front",
        "ros_name": "sensor.camera.rgb",
        "chromatic_aberration_offset": "0.0",
        "sensor_tick": "0.100000",
        "fstop": "1.4",
        "image_size_x": "960",
        "image_size_y": "540",
        "fov": "70.00",
        "lens_circle_falloff": "5.0",
        "lens_circle_multiplier": "0.0",
        "exposure_compensation": "0.0",
        "lens_y_size": "0.08",
        "lens_k": "-1.0",
        "exposure_mode": "histogram",
        "lens_kcube": "0.0",
        "lens_x_size": "0.08",
        "exposure_max_bright": "12.0",
        "shutter_speed": "200.0",
        "bloom_intensity": "0.675",
        "iso": "100.0",
        "enable_postprocess_effects": "false",
        "gamma": "2.2",
        "motion_blur_intensity": "0.0",
        "motion_blur_max_distortion": "0.35",
        "lens_flare_intensity": "0.1",
        "motion_blur_min_object_screen_size": "0.1",
        "exposure_min_bright": "10.0",
        "exposure_speed_up": "3.0",
        "exposure_speed_down": "1.0",
        "tint": "0.0",
        "calibration_constant": "16.0",
        "focal_distance": "1000.0",
        "min_fstop": "1.2",
        "blade_count": "5",
        "blur_amount": "0.0",
        "blur_radius": "0.0",
        "slope": "0.88",
        "toe": "0.55",
        "white_clip": "0.04",
        "shoulder": "0.26",
        "black_clip": "0.0",
        "temp": "6500.0",
        "chromatic_aberration_intensity": "0.0"
      },
      "transform_carla": {
        "location": {
          "x": 103.0680923461914,
          "y": -38.99686050415039,
          "z": 1.6996958255767822
        },
        "rotation": {
          "roll": -0.5047886371612549,
          "pitch": 0.13366679847240448,
          "yaw": 66.28679656982422
        }
      },
      "matrix_world_from_sensor_carla": [
        [
          0.4021576941013336,
          -0.9155426621437073,
          0.007128102704882622,
          103.0680923461914
        ],
        [
          0.9155673980712891,
          0.4021243751049042,
          -0.0056789349764585495,
          -38.99686050415039
        ],
        [
          0.002332923701032996,
          0.00881008617579937,
          0.9999584555625916,
          1.6996958255767822
        ],
        [
          0.0,
          0.0,
          0.0,
          1.0
        ]
      ],
      "matrix_world_from_sensor_bevfusion": [
        [
          -0.9155426621437073,
          -0.007128102704882622,
          0.4021576941013336,
          103.0680923461914
        ],
        [
          -0.4021243751049042,
          -0.0056789349764585495,
          -0.9155673980712891,
          38.99686050415039
        ],
        [
          0.00881008617579937,
          -0.9999584555625916,
          0.002332923701032996,
          1.6996958255767822
        ],
        [
          0.0,
          0.0,
          0.0,
          1.0
        ]
      ],
      "matrix_ego_from_sensor_carla": [
        [
          -0.9999999403953552,
          4.6781215701230394e-07,
          -4.3613272993070495e-09,
          -1.5499987602233887
        ],
        [
          -4.389711421026732e-07,
          -1.0,
          -9.309433224302666e-10,
          0.0
        ],
        [
          -4.253406515886127e-09,
          -9.31624444255874e-10,
          1.0,
          1.7000000476837158
        ],
        [
          0.0,
          0.0,
          0.0,
          1.0
        ]
      ],
      "matrix_ego_from_sensor_bevfusion": [
        [
          4.6781215701230394e-07,
          4.3613272993070495e-09,
          -0.9999999403953552,
          -1.5499987602233887
        ],
        [
          1.0,
          -9.309433224302666e-10,
          4.389711421026732e-07,
          0.0
        ],
        [
          -9.31624444255874e-10,
          -1.0,
          -4.253406515886127e-09,
          1.7000000476837158
        ],
        [
          0.0,
          0.0,
          0.0,
          1.0
        ]
      ],
      "camera_intrinsics": [
        [
          685.5110473632812,
          0.0,
          480.0
        ],
        [
          0.0,
          685.5110473632812,
          270.0
        ],
        [
          0.0,
          0.0,
          1.0
        ]
      ],
      "data_path": "D:\\Agent-AI\\outputs\\s3a_ml_long_v2\\sample_000028\\images\\CAM_BACK.png",
      "raw_layout": "bgra8"
    },
    "CAM_BACK_LEFT": {
      "type_id": "sensor.camera.rgb",
      "blueprint_attributes": {
        "role_name": "front",
        "ros_name": "sensor.camera.rgb",
        "chromatic_aberration_offset": "0.0",
        "sensor_tick": "0.100000",
        "fstop": "1.4",
        "image_size_x": "960",
        "image_size_y": "540",
        "fov": "70.00",
        "lens_circle_falloff": "5.0",
        "lens_circle_multiplier": "0.0",
        "exposure_compensation": "0.0",
        "lens_y_size": "0.08",
        "lens_k": "-1.0",
        "exposure_mode": "histogram",
        "lens_kcube": "0.0",
        "lens_x_size": "0.08",
        "exposure_max_bright": "12.0",
        "shutter_speed": "200.0",
        "bloom_intensity": "0.675",
        "iso": "100.0",
        "enable_postprocess_effects": "false",
        "gamma": "2.2",
        "motion_blur_intensity": "0.0",
        "motion_blur_max_distortion": "0.35",
        "lens_flare_intensity": "0.1",
        "motion_blur_min_object_screen_size": "0.1",
        "exposure_min_bright": "10.0",
        "exposure_speed_up": "3.0",
        "exposure_speed_down": "1.0",
        "tint": "0.0",
        "calibration_constant": "16.0",
        "focal_distance": "1000.0",
        "min_fstop": "1.2",
        "blade_count": "5",
        "blur_amount": "0.0",
        "blur_radius": "0.0",
        "slope": "0.88",
        "toe": "0.55",
        "white_clip": "0.04",
        "shoulder": "0.26",
        "black_clip": "0.0",
        "temp": "6500.0",
        "chromatic_aberration_intensity": "0.0"
      },
      "transform_carla": {
        "location": {
          "x": 102.4640121459961,
          "y": -39.004581451416016,
          "z": 1.70395827293396
        },
        "rotation": {
          "roll": -0.1800438016653061,
          "pitch": 0.490161657333374,
          "yaw": 121.28658294677734
        }
      },
      "matrix_world_from_sensor_carla": [
        [
          -0.5192999243736267,
          -0.8545623421669006,
          0.007128056138753891,
          102.4640121459961
        ],
        [
          0.85454922914505,
          -0.5193393230438232,
          -0.005678872112184763,
          -39.004581451416016
        ],
        [
          0.008554830215871334,
          0.003142236964777112,
          0.9999584555625916,
          1.70395827293396
        ],
        [
          0.0,
          0.0,
          0.0,
          1.0
        ]
      ],
      "matrix_world_from_sensor_bevfusion": [
        [
          -0.8545623421669006,
          -0.007128056138753891,
          -0.5192999243736267,
          102.4640121459961
        ],
        [
          0.5193393230438232,
          -0.005678872112184763,
          -0.85454922914505,
          39.004581451416016
        ],
        [
          0.003142236964777112,
          -0.9999584555625916,
          0.008554830215871334,
          1.70395827293396
        ],
        [
          0.0,
          0.0,
          0.0,
          1.0
        ]
      ],
      "matrix_ego_from_sensor_carla": [
        [
          -0.5735765695571899,
          0.8191519379615784,
          -4.301121592220625e-08,
          -1.300004482269287
        ],
        [
          -0.8191518783569336,
          -0.5735765695571899,
          -6.891749393389546e-08,
          -0.5499954223632812
        ],
        [
          -8.159677378216657e-08,
          -4.348258197950372e-09,
          1.0,
          1.7000000476837158
        ],
        [
          0.0,
          0.0,
          0.0,
          1.0
        ]
      ],
      "matrix_ego_from_sensor_bevfusion": [
        [
          0.8191519379615784,
          4.301121592220625e-08,
          -0.5735765695571899,
          -1.300004482269287
        ],
        [
          0.5735765695571899,
          -6.891749393389546e-08,
          0.8191518783569336,
          0.5499954223632812
        ],
        [
          -4.348258197950372e-09,
          -1.0,
          -8.159677378216657e-08,
          1.7000000476837158
        ],
        [
          0.0,
          0.0,
          0.0,
          1.0
        ]
      ],
      "camera_intrinsics": [
        [
          685.5110473632812,
          0.0,
          480.0
        ],
        [
          0.0,
          685.5110473632812,
          270.0
        ],
        [
          0.0,
          0.0,
          1.0
        ]
      ],
      "data_path": "D:\\Agent-AI\\outputs\\s3a_ml_long_v2\\sample_000028\\images\\CAM_BACK_LEFT.png",
      "raw_layout": "bgra8"
    },
    "CAM_BACK_RIGHT": {
      "type_id": "sensor.camera.rgb",
      "blueprint_attributes": {
        "role_name": "front",
        "ros_name": "sensor.camera.rgb",
        "chromatic_aberration_offset": "0.0",
        "sensor_tick": "0.100000",
        "fstop": "1.4",
        "image_size_x": "960",
        "image_size_y": "540",
        "fov": "70.00",
        "lens_circle_falloff": "5.0",
        "lens_circle_multiplier": "0.0",
        "exposure_compensation": "0.0",
        "lens_y_size": "0.08",
        "lens_k": "-1.0",
        "exposure_mode": "histogram",
        "lens_kcube": "0.0",
        "lens_x_size": "0.08",
        "exposure_max_bright": "12.0",
        "shutter_speed": "200.0",
        "bloom_intensity": "0.675",
        "iso": "100.0",
        "enable_postprocess_effects": "false",
        "gamma": "2.2",
        "motion_blur_intensity": "0.0",
        "motion_blur_max_distortion": "0.35",
        "lens_flare_intensity": "0.1",
        "motion_blur_min_object_screen_size": "0.1",
        "exposure_min_bright": "10.0",
        "exposure_speed_up": "3.0",
        "exposure_speed_down": "1.0",
        "tint": "0.0",
        "calibration_constant": "16.0",
        "focal_distance": "1000.0",
        "min_fstop": "1.2",
        "blade_count": "5",
        "blur_amount": "0.0",
        "blur_radius": "0.0",
        "slope": "0.88",
        "toe": "0.55",
        "white_clip": "0.04",
        "shoulder": "0.26",
        "black_clip": "0.0",
        "temp": "6500.0",
        "chromatic_aberration_intensity": "0.0"
      },
      "transform_carla": {
        "location": {
          "x": 103.47110748291016,
          "y": -39.446922302246094,
          "z": 1.6942670345306396
        },
        "rotation": {
          "roll": -0.39903390407562256,
          "pitch": -0.3368239402770996,
          "yaw": 11.28852653503418
        }
      },
      "matrix_world_from_sensor_carla": [
        [
          0.9806369543075562,
          -0.1957048773765564,
          0.007128063589334488,
          103.47110748291016
        ],
        [
          0.19574639201164246,
          0.9806380867958069,
          -0.005678948014974594,
          -39.446922302246094
        ],
        [
          -0.005878652911633253,
          0.006964278407394886,
          0.9999584555625916,
          1.6942670345306396
        ],
        [
          0.0,
          0.0,
          0.0,
          1.0
        ]
      ],
      "matrix_world_from_sensor_bevfusion": [
        [
          -0.1957048773765564,
          -0.007128063589334488,
          0.9806369543075562,
          103.47110748291016
        ],
        [
          -0.9806380867958069,
          -0.005678948014974594,
          -0.19574639201164246,
          39.446922302246094
        ],
        [
          0.006964278407394886,
          -0.9999584555625916,
          -0.005878652911633253,
          1.6942670345306396
        ],
        [
          0.0,
          0.0,
          0.0,
          1.0
        ]
      ],
      "matrix_ego_from_sensor_carla": [
        [
          -0.5735763907432556,
          -0.8191521167755127,
          2.3345519295503436e-08,
          -1.2999987602233887
        ],
        [
          0.8191521167755127,
          -0.5735763311386108,
          -3.166458739656264e-08,
          0.5500106811523438
        ],
        [
          3.980002105663516e-08,
          3.1429231439616956e-10,
          1.0,
          1.7000000476837158
        ],
        [
          0.0,
          0.0,
          0.0,
          1.0
        ]
      ],
      "matrix_ego_from_sensor_bevfusion": [
        [
          -0.8191521167755127,
          -2.3345519295503436e-08,
          -0.5735763907432556,
          -1.2999987602233887
        ],
        [
          0.5735763311386108,
          -3.166458739656264e-08,
          -0.8191521167755127,
          -0.5500106811523438
        ],
        [
          3.1429231439616956e-10,
          -1.0,
          3.980002105663516e-08,
          1.7000000476837158
        ],
        [
          0.0,
          0.0,
          0.0,
          1.0
        ]
      ],
      "camera_intrinsics": [
        [
          685.5110473632812,
          0.0,
          480.0
        ],
        [
          0.0,
          685.5110473632812,
          270.0
        ],
        [
          0.0,
          0.0,
          1.0
        ]
      ],
      "data_path": "D:\\Agent-AI\\outputs\\s3a_ml_long_v2\\sample_000028\\images\\CAM_BACK_RIGHT.png",
      "raw_layout": "bgra8"
    },
    "LIDAR_TOP": {
      "type_id": "sensor.lidar.ray_cast",
      "blueprint_attributes": {
        "atmosphere_attenuation_rate": "0.004",
        "role_name": "front",
        "noise_seed": "0",
        "upper_fov": "10.0",
        "ros_name": "sensor.lidar.ray_cast",
        "sensor_tick": "0.100000",
        "channels": "32",
        "range": "120.0",
        "points_per_second": "360000",
        "lower_fov": "-30.0",
        "rotation_frequency": "10.000000",
        "horizontal_fov": "360.0",
        "dropoff_general_rate": "0.0",
        "dropoff_intensity_limit": "1.0",
        "noise_stddev": "0.0",
        "dropoff_zero_intensity": "0.0"
      },
      "transform_carla": {
        "location": {
          "x": 102.44831848144531,
          "y": -40.418827056884766,
          "z": 2.196058988571167
        },
        "rotation": {
          "roll": 0.5047887563705444,
          "pitch": -0.13366679847240448,
          "yaw": -113.7132339477539
        }
      },
      "matrix_world_from_sensor_carla": [
        [
          -0.40215811133384705,
          0.915542483329773,
          0.007128101773560047,
          102.44831848144531
        ],
        [
          -0.9155672192573547,
          -0.4021247923374176,
          -0.005678939167410135,
          -40.418827056884766
        ],
        [
          -0.002332923701032996,
          -0.008810088038444519,
          0.9999584555625916,
          2.196058988571167
        ],
        [
          0.0,
          0.0,
          0.0,
          1.0
        ]
      ],
      "matrix_world_from_sensor_bevfusion": [
        [
          -0.40215811133384705,
          -0.915542483329773,
          0.007128101773560047,
          102.44831848144531
        ],
        [
          0.9155672192573547,
          -0.4021247923374176,
          0.005678939167410135,
          40.418827056884766
        ],
        [
          -0.002332923701032996,
          0.008810088038444519,
          0.9999584555625916,
          2.196058988571167
        ],
        [
          0.0,
          0.0,
          0.0,
          1.0
        ]
      ],
      "matrix_ego_from_sensor_carla": [
        [
          0.9999999403953552,
          3.6032994366053117e-09,
          -1.7037572741518403e-10,
          -1.9073486328125e-06
        ],
        [
          9.436798009687664e-09,
          1.0,
          3.7925218521195347e-13,
          7.62939453125e-06
        ],
        [
          2.9528557377034303e-10,
          3.7925218521195347e-13,
          1.0,
          2.1999998092651367
        ],
        [
          0.0,
          0.0,
          0.0,
          1.0
        ]
      ],
      "matrix_ego_from_sensor_bevfusion": [
        [
          0.9999999403953552,
          -3.6032994366053117e-09,
          -1.7037572741518403e-10,
          -1.9073486328125e-06
        ],
        [
          -9.436798009687664e-09,
          1.0,
          -3.7925218521195347e-13,
          -7.62939453125e-06
        ],
        [
          2.9528557377034303e-10,
          -3.7925218521195347e-13,
          1.0,
          2.1999998092651367
        ],
        [
          0.0,
          0.0,
          0.0,
          1.0
        ]
      ],
      "data_path": "D:\\Agent-AI\\outputs\\s3a_ml_long_v2\\sample_000028\\lidar\\LIDAR_TOP.npy",
      "raw_layout": [
        "x",
        "y",
        "z",
        "intensity"
      ]
    },
    "RADAR_FRONT": {
      "type_id": "sensor.other.radar",
      "blueprint_attributes": {
        "sensor_tick": "0.100000",
        "role_name": "default",
        "noise_seed": "0",
        "ros_name": "sensor.other.radar",
        "horizontal_fov": "35.0",
        "points_per_second": "1500",
        "vertical_fov": "20.0",
        "range": "120.0"
      },
      "transform_carla": {
        "location": {
          "x": 101.63473510742188,
          "y": -42.24258041381836,
          "z": 0.8914471864700317
        },
        "rotation": {
          "roll": 0.5047887563705444,
          "pitch": -0.13366679847240448,
          "yaw": -113.7132339477539
        }
      },
      "matrix_world_from_sensor_carla": [
        [
          -0.40215811133384705,
          0.915542483329773,
          0.007128101773560047,
          101.63473510742188
        ],
        [
          -0.9155672192573547,
          -0.4021247923374176,
          -0.005678939167410135,
          -42.24258041381836
        ],
        [
          -0.002332923701032996,
          -0.008810088038444519,
          0.9999584555625916,
          0.8914471864700317
        ],
        [
          0.0,
          0.0,
          0.0,
          1.0
        ]
      ],
      "matrix_world_from_sensor_bevfusion": [
        [
          -0.40215811133384705,
          -0.915542483329773,
          0.007128101773560047,
          101.63473510742188
        ],
        [
          0.9155672192573547,
          -0.4021247923374176,
          0.005678939167410135,
          42.24258041381836
        ],
        [
          -0.002332923701032996,
          0.008810088038444519,
          0.9999584555625916,
          0.8914471864700317
        ],
        [
          0.0,
          0.0,
          0.0,
          1.0
        ]
      ],
      "matrix_ego_from_sensor_carla": [
        [
          0.9999999403953552,
          3.6032994366053117e-09,
          -1.7037572741518403e-10,
          1.9999969005584717
        ],
        [
          9.436798009687664e-09,
          1.0,
          3.7925218521195347e-13,
          7.62939453125e-06
        ],
        [
          2.9528557377034303e-10,
          3.7925218521195347e-13,
          1.0,
          0.8999999165534973
        ],
        [
          0.0,
          0.0,
          0.0,
          1.0
        ]
      ],
      "matrix_ego_from_sensor_bevfusion": [
        [
          0.9999999403953552,
          -3.6032994366053117e-09,
          -1.7037572741518403e-10,
          1.9999969005584717
        ],
        [
          -9.436798009687664e-09,
          1.0,
          -3.7925218521195347e-13,
          -7.62939453125e-06
        ],
        [
          2.9528557377034303e-10,
          -3.7925218521195347e-13,
          1.0,
          0.8999999165534973
        ],
        [
          0.0,
          0.0,
          0.0,
          1.0
        ]
      ],
      "data_path": "D:\\Agent-AI\\outputs\\s3a_ml_long_v2\\sample_000028\\radar\\RADAR_FRONT.npy",
      "raw_layout": [
        "velocity",
        "altitude",
        "azimuth",
        "depth"
      ]
    },
    "RADAR_FRONT_LEFT": {
      "type_id": "sensor.other.radar",
      "blueprint_attributes": {
        "sensor_tick": "0.100000",
        "role_name": "default",
        "noise_seed": "0",
        "ros_name": "sensor.other.radar",
        "horizontal_fov": "35.0",
        "points_per_second": "1500",
        "vertical_fov": "20.0",
        "range": "120.0"
      },
      "transform_carla": {
        "location": {
          "x": 101.08883666992188,
          "y": -41.62053680419922,
          "z": 0.8988713622093201
        },
        "rotation": {
          "roll": 0.4514601230621338,
          "pitch": 0.2624158561229706,
          "yaw": -158.7116241455078
        }
      },
      "matrix_world_from_sensor_carla": [
        [
          -0.9317550659179688,
          0.3630174398422241,
          0.007128061726689339,
          101.08883666992188
        ],
        [
          -0.36305850744247437,
          -0.9317490458488464,
          -0.00567895732820034,
          -41.62053680419922
        ],
        [
          0.00458000460639596,
          -0.007879300974309444,
          0.9999584555625916,
          0.8988713622093201
        ],
        [
          0.0,
          0.0,
          0.0,
          1.0
        ]
      ],
      "matrix_world_from_sensor_bevfusion": [
        [
          -0.9317550659179688,
          -0.3630174398422241,
          0.007128061726689339,
          101.08883666992188
        ],
        [
          0.36305850744247437,
          -0.9317490458488464,
          0.00567895732820034,
          41.62053680419922
        ],
        [
          0.00458000460639596,
          0.007879300974309444,
          0.9999584555625916,
          0.8988713622093201
        ],
        [
          0.0,
          0.0,
          0.0,
          1.0
        ]
      ],
      "matrix_ego_from_sensor_carla": [
        [
          0.7071067094802856,
          0.70710688829422,
          3.265874326530138e-08,
          1.6499967575073242
        ],
        [
          -0.7071068286895752,
          0.7071067094802856,
          -2.8870619672716202e-08,
          -0.7499923706054688
        ],
        [
          -4.3124746440525996e-08,
          -1.4157426342364943e-09,
          1.0,
          0.9000000357627869
        ],
        [
          0.0,
          0.0,
          0.0,
          1.0
        ]
      ],
      "matrix_ego_from_sensor_bevfusion": [
        [
          0.7071067094802856,
          -0.70710688829422,
          3.265874326530138e-08,
          1.6499967575073242
        ],
        [
          0.7071068286895752,
          0.7071067094802856,
          2.8870619672716202e-08,
          0.7499923706054688
        ],
        [
          -4.3124746440525996e-08,
          1.4157426342364943e-09,
          1.0,
          0.9000000357627869
        ],
        [
          0.0,
          0.0,
          0.0,
          1.0
        ]
      ],
      "data_path": "D:\\Agent-AI\\outputs\\s3a_ml_long_v2\\sample_000028\\radar\\RADAR_FRONT_LEFT.npy",
      "raw_layout": [
        "velocity",
        "altitude",
        "azimuth",
        "depth"
      ]
    },
    "RADAR_FRONT_RIGHT": {
      "type_id": "sensor.other.radar",
      "blueprint_attributes": {
        "sensor_tick": "0.100000",
        "role_name": "default",
        "noise_seed": "0",
