{
  "schema_version": "stage1.v1",
  "sample_name": "sample_000024",
  "sequence_index": 24,
  "previous_sample_name": "sample_000023",
  "frame_id": 2201,
  "timestamp": 34.0906323119998,
  "platform_timestamp": 16781886.2243532,
  "delta_seconds": 0.05000000074505806,
  "town": "Carla/Maps/Town10HD_Opt",
  "weather": {
    "cloudiness": 20.0,
    "dust_storm": 0.0,
    "fog_density": 2.0,
    "fog_distance": 0.75,
    "fog_falloff": 0.10000000149011612,
    "mie_scattering_scale": 0.029999999329447746,
    "precipitation": 0.0,
    "precipitation_deposits": 0.0,
    "rayleigh_scattering_scale": 0.03310000151395798,
    "scattering_intensity": 1.0,
    "sun_altitude_angle": 45.0,
    "sun_azimuth_angle": 300.0,
    "wetness": 0.0,
    "wind_intensity": 10.0
  },
  "sensor_names": [
    "CAM_FRONT",
    "CAM_FRONT_RIGHT",
    "CAM_FRONT_LEFT",
    "CAM_BACK",
    "CAM_BACK_LEFT",
    "CAM_BACK_RIGHT",
    "LIDAR_TOP",
    "RADAR_FRONT",
    "RADAR_FRONT_LEFT",
    "RADAR_FRONT_RIGHT",
    "RADAR_BACK_LEFT",
    "RADAR_BACK_RIGHT"
  ],
  "camera_order_for_model": [
    "CAM_FRONT",
    "CAM_FRONT_RIGHT",
    "CAM_FRONT_LEFT",
    "CAM_BACK",
    "CAM_BACK_LEFT",
    "CAM_BACK_RIGHT"
  ],
  "radar_order_for_model": [
    "RADAR_FRONT",
    "RADAR_FRONT_LEFT",
    "RADAR_FRONT_RIGHT",
    "RADAR_BACK_LEFT",
    "RADAR_BACK_RIGHT"
  ],
  "coordinate_notes": {
    "carla_world": "left-handed x-forward y-right z-up",
    "bevfusion_lidar": "x-forward y-left z-up",
    "camera_frame_for_model": "OpenCV style x-right y-down z-forward"
  },
  "ego": {
    "actor_id": 24,
    "transform_carla": {
      "location": {
        "x": -54.83319091796875,
        "y": 21.690868377685547,
        "z": -0.004475517198443413
      },
      "rotation": {
        "roll": 1.3093878030776978,
        "pitch": 0.040093209594488144,
        "yaw": -27.674583435058594
      }
    },
    "velocity_carla": [
      6.728653907775879,
      -4.0689005851745605,
      -0.00016650199540890753
    ],
    "angular_velocity_carla": [
      -1.9172279834747314,
      2.5690927505493164,
      -33.296417236328125
    ],
    "matrix_world_from_ego_carla": [
      [
        0.8855994939804077,
        0.4643420875072479,
        0.009993650019168854,
        -54.83319091796875
      ],
      [
        -0.46444910764694214,
        0.8853610157966614,
        0.020561881363391876,
        21.690868377685547
      ],
      [
        0.000699758471455425,
        -0.022851133719086647,
        0.9997386336326599,
        -0.004475517198443413
      ],
      [
        0.0,
        0.0,
        0.0,
        1.0
      ]
    ],
    "matrix_world_from_ego_bevfusion": [
      [
        0.8855994939804077,
        -0.4643420875072479,
        0.009993650019168854,
        -54.83319091796875
      ],
      [
        0.46444910764694214,
        0.8853610157966614,
        -0.020561881363391876,
        -21.690868377685547
      ],
      [
        0.000699758471455425,
        0.022851133719086647,
        0.9997386336326599,
        -0.004475517198443413
      ],
      [
        0.0,
        0.0,
        0.0,
        1.0
      ]
    ]
  },
  "sensors": {
    "CAM_FRONT": {
      "type_id": "sensor.camera.rgb",
      "blueprint_attributes": {
        "role_name": "front",
        "ros_name": "sensor.camera.rgb",
        "chromatic_aberration_offset": "0.0",
        "sensor_tick": "0.050000",
        "fstop": "1.4",
        "image_size_x": "1600",
        "image_size_y": "900",
        "fov": "70.00",
        "lens_circle_falloff": "5.0",
        "lens_circle_multiplier": "0.0",
        "exposure_compensation": "0.0",
        "lens_y_size": "0.08",
        "lens_k": "-1.0",
        "exposure_mode": "histogram",
        "lens_kcube": "0.0",
        "lens_x_size": "0.08",
        "exposure_max_bright": "12.0",
        "shutter_speed": "200.0",
        "bloom_intensity": "0.675",
        "iso": "100.0",
        "enable_postprocess_effects": "false",
        "gamma": "2.2",
        "motion_blur_intensity": "0.0",
        "motion_blur_max_distortion": "0.35",
        "lens_flare_intensity": "0.1",
        "motion_blur_min_object_screen_size": "0.1",
        "exposure_min_bright": "10.0",
        "exposure_speed_up": "3.0",
        "exposure_speed_down": "1.0",
        "tint": "0.0",
        "calibration_constant": "16.0",
        "focal_distance": "1000.0",
        "min_fstop": "1.2",
        "blade_count": "5",
        "blur_amount": "0.0",
        "blur_radius": "0.0",
        "slope": "0.88",
        "toe": "0.55",
        "white_clip": "0.04",
        "shoulder": "0.26",
        "black_clip": "0.0",
        "temp": "6500.0",
        "chromatic_aberration_intensity": "0.0"
      },
      "transform_carla": {
        "location": {
          "x": -53.44352340698242,
          "y": 21.00592803955078,
          "z": 1.696164608001709
        },
        "rotation": {
          "roll": 1.3093878030776978,
          "pitch": 0.040093209594488144,
          "yaw": -27.674583435058594
        }
      },
      "matrix_world_from_sensor_carla": [
        [
          0.8855994939804077,
          0.4643420875072479,
          0.009993650019168854,
          -53.44352340698242
        ],
        [
          -0.46444910764694214,
          0.8853610157966614,
          0.020561881363391876,
          21.00592803955078
        ],
        [
          0.000699758471455425,
          -0.022851133719086647,
          0.9997386336326599,
          1.696164608001709
        ],
        [
          0.0,
          0.0,
          0.0,
          1.0
        ]
      ],
      "matrix_world_from_sensor_bevfusion": [
        [
          0.4643420875072479,
          -0.009993650019168854,
          0.8855994939804077,
          -53.44352340698242
        ],
        [
          -0.8853610157966614,
          0.020561881363391876,
          0.46444910764694214,
          -21.00592803955078
        ],
        [
          -0.022851133719086647,
          -0.9997386336326599,
          0.000699758471455425,
          1.696164608001709
        ],
        [
          0.0,
          0.0,
          0.0,
          1.0
        ]
      ],
      "matrix_ego_from_sensor_carla": [
        [
          0.9999999403953552,
          -3.818853677728384e-09,
          3.4428035422529035e-10,
          1.5500030517578125
        ],
        [
          -2.9886630947828507e-09,
          1.0,
          8.779481586174143e-10,
          9.5367431640625e-07
        ],
        [
          5.190098351093297e-10,
          -9.85183823409841e-10,
          1.0,
          1.6999998092651367
        ],
        [
          0.0,
          0.0,
          0.0,
          1.0
        ]
      ],
      "matrix_ego_from_sensor_bevfusion": [
        [
          -3.818853677728384e-09,
          -3.4428035422529035e-10,
          0.9999999403953552,
          1.5500030517578125
        ],
        [
          -1.0,
          8.779481586174143e-10,
          2.9886630947828507e-09,
          -9.5367431640625e-07
        ],
        [
          -9.85183823409841e-10,
          -1.0,
          5.190098351093297e-10,
          1.6999998092651367
        ],
        [
          0.0,
          0.0,
          0.0,
          1.0
        ]
      ],
      "camera_intrinsics": [
        [
          1142.5184326171875,
          0.0,
          800.0
        ],
        [
          0.0,
          1142.5184326171875,
          450.0
        ],
        [
          0.0,
          0.0,
          1.0
        ]
      ],
      "data_path": "D:\\Agent-AI\\outputs\\samples\\sample_000024\\images\\CAM_FRONT.png",
      "raw_layout": "bgra8"
    },
    "CAM_FRONT_RIGHT": {
      "type_id": "sensor.camera.rgb",
      "blueprint_attributes": {
        "role_name": "front",
        "ros_name": "sensor.camera.rgb",
        "chromatic_aberration_offset": "0.0",
        "sensor_tick": "0.050000",
        "fstop": "1.4",
        "image_size_x": "1600",
        "image_size_y": "900",
        "fov": "70.00",
        "lens_circle_falloff": "5.0",
        "lens_circle_multiplier": "0.0",
        "exposure_compensation": "0.0",
        "lens_y_size": "0.08",
        "lens_k": "-1.0",
        "exposure_mode": "histogram",
        "lens_kcube": "0.0",
        "lens_x_size": "0.08",
        "exposure_max_bright": "12.0",
        "shutter_speed": "200.0",
        "bloom_intensity": "0.675",
        "iso": "100.0",
        "enable_postprocess_effects": "false",
        "gamma": "2.2",
        "motion_blur_intensity": "0.0",
        "motion_blur_max_distortion": "0.35",
        "lens_flare_intensity": "0.1",
        "motion_blur_min_object_screen_size": "0.1",
        "exposure_min_bright": "10.0",
        "exposure_speed_up": "3.0",
        "exposure_speed_down": "1.0",
        "tint": "0.0",
        "calibration_constant": "16.0",
        "focal_distance": "1000.0",
        "min_fstop": "1.2",
        "blade_count": "5",
        "blur_amount": "0.0",
        "blur_radius": "0.0",
        "slope": "0.88",
        "toe": "0.55",
        "white_clip": "0.04",
        "shoulder": "0.26",
        "black_clip": "0.0",
        "temp": "6500.0",
        "chromatic_aberration_intensity": "0.0"
      },
      "transform_carla": {
        "location": {
          "x": -53.4095344543457,
          "y": 21.608989715576172,
          "z": 1.6834217309951782
        },
        "rotation": {
          "roll": 0.7839670777320862,
          "pitch": -1.0495541095733643,
          "yaw": 27.3177490234375
        }
      },
      "matrix_world_from_sensor_carla": [
        [
          0.8883260488510132,
          -0.4591045379638672,
          0.009993623942136765,
          -53.4095344543457
        ],
        [
          0.4588477909564972,
          0.8882769346237183,
          0.020561862736940384,
          21.608989715576172
        ],
        [
          -0.018317149952054024,
          -0.013680084608495235,
          0.9997386336326599,
          1.6834217309951782
        ],
        [
          0.0,
          0.0,
          0.0,
          1.0
        ]
      ],
      "matrix_world_from_sensor_bevfusion": [
        [
          -0.4591045379638672,
          -0.009993623942136765,
          0.8883260488510132,
          -53.4095344543457
        ],
        [
          -0.8882769346237183,
          0.020561862736940384,
          -0.4588477909564972,
          -21.608989715576172
        ],
        [
          -0.013680084608495235,
          -0.9997386336326599,
          -0.018317149952054024,
          1.6834217309951782
        ],
        [
          0.0,
          0.0,
          0.0,
          1.0
        ]
      ],
      "matrix_ego_from_sensor_carla": [
        [
          0.5735768675804138,
          -0.8191518187522888,
          -1.4324050390257526e-08,
          1.2999992370605469
        ],
        [
          0.819151759147644,
          0.5735769271850586,
          -2.7061728857802336e-08,
          0.5500011444091797
        ],
        [
          3.215387778254808e-08,
          5.7545905818301435e-09,
          1.0,
          1.7000000476837158
        ],
        [
          0.0,
          0.0,
          0.0,
          1.0
        ]
      ],
      "matrix_ego_from_sensor_bevfusion": [
        [
          -0.8191518187522888,
          1.4324050390257526e-08,
          0.5735768675804138,
          1.2999992370605469
        ],
        [
          -0.5735769271850586,
          -2.7061728857802336e-08,
          -0.819151759147644,
          -0.5500011444091797
        ],
        [
          5.7545905818301435e-09,
          -1.0,
          3.215387778254808e-08,
          1.7000000476837158
        ],
        [
          0.0,
          0.0,
          0.0,
          1.0
        ]
      ],
      "camera_intrinsics": [
        [
          1142.5184326171875,
          0.0,
          800.0
        ],
        [
          0.0,
          1142.5184326171875,
          450.0
        ],
        [
          0.0,
          0.0,
          1.0
        ]
      ],
      "data_path": "D:\\Agent-AI\\outputs\\samples\\sample_000024\\images\\CAM_FRONT_RIGHT.png",
      "raw_layout": "bgra8"
    },
    "CAM_FRONT_LEFT": {
      "type_id": "sensor.camera.rgb",
      "blueprint_attributes": {
        "role_name": "front",
        "ros_name": "sensor.camera.rgb",
        "chromatic_aberration_offset": "0.0",
        "sensor_tick": "0.050000",
        "fstop": "1.4",
        "image_size_x": "1600",
        "image_size_y": "900",
        "fov": "70.00",
        "lens_circle_falloff": "5.0",
        "lens_circle_multiplier": "0.0",
        "exposure_compensation": "0.0",
        "lens_y_size": "0.08",
        "lens_k": "-1.0",
        "exposure_mode": "histogram",
        "lens_kcube": "0.0",
        "lens_x_size": "0.08",
        "exposure_max_bright": "12.0",
        "shutter_speed": "200.0",
        "bloom_intensity": "0.675",
        "iso": "100.0",
        "enable_postprocess_effects": "false",
        "gamma": "2.2",
        "motion_blur_intensity": "0.0",
        "motion_blur_max_distortion": "0.35",
        "lens_flare_intensity": "0.1",
        "motion_blur_min_object_screen_size": "0.1",
        "exposure_min_bright": "10.0",
        "exposure_speed_up": "3.0",
        "exposure_speed_down": "1.0",
        "tint": "0.0",
        "calibration_constant": "16.0",
        "focal_distance": "1000.0",
        "min_fstop": "1.2",
        "blade_count": "5",
        "blur_amount": "0.0",
        "blur_radius": "0.0",
        "slope": "0.88",
        "toe": "0.55",
        "white_clip": "0.04",
        "shoulder": "0.26",
        "black_clip": "0.0",
        "temp": "6500.0",
        "chromatic_aberration_intensity": "0.0"
      },
      "transform_carla": {
        "location": {
          "x": -53.920310974121094,
          "y": 20.63509178161621,
          "z": 1.7085578441619873
        },
        "rotation": {
          "roll": 0.7182760238647461,
          "pitch": 1.0955554246902466,
          "yaw": -82.66817474365234
        }
      },
      "matrix_world_from_sensor_carla": [
        [
          0.12759217619895935,
          0.9917764067649841,
          0.009993653744459152,
          -53.920310974121094
        ],
        [
          -0.991642415523529,
          0.1273677498102188,
          0.02056184411048889,
          20.63509178161621
        ],
        [
          0.019119882956147194,
          -0.012533660978078842,
          0.9997386336326599,
          1.7085578441619873
        ],
        [
          0.0,
          0.0,
          0.0,
          1.0
        ]
      ],
      "matrix_world_from_sensor_bevfusion": [
        [
          0.9917764067649841,
          -0.009993653744459152,
          0.12759217619895935,
          -53.920310974121094
        ],
        [
          -0.1273677498102188,
          0.02056184411048889,
          0.991642415523529,
          -20.63509178161621
        ],
        [
          -0.012533660978078842,
          -0.9997386336326599,
          0.019119882956147194,
          1.7085578441619873
        ],
        [
          0.0,
          0.0,
          0.0,
          1.0
        ]
      ],
      "matrix_ego_from_sensor_carla": [
        [
          0.5735763907432556,
          0.8191521763801575,
          2.0425924063260936e-08,
          1.2999992370605469
        ],
        [
          -0.8191521167755127,
          0.5735764503479004,
          -3.078702093262109e-08,
          -0.5499997138977051
        ],
        [
          -3.7070318370524546e-08,
          3.2099121138884357e-09,
          1.0,
          1.6999999284744263
        ],
        [
          0.0,
          0.0,
          0.0,
          1.0
        ]
      ],
      "matrix_ego_from_sensor_bevfusion": [
        [
          0.8191521763801575,
          -2.0425924063260936e-08,
          0.5735763907432556,
          1.2999992370605469
        ],
        [
          -0.5735764503479004,
          -3.078702093262109e-08,
          0.8191521167755127,
          0.5499997138977051
        ],
        [
          3.2099121138884357e-09,
          -1.0,
          -3.7070318370524546e-08,
          1.6999999284744263
        ],
        [
          0.0,
          0.0,
          0.0,
          1.0
        ]
      ],
      "camera_intrinsics": [
        [
          1142.5184326171875,
          0.0,
          800.0
        ],
        [
          0.0,
          1142.5184326171875,
          450.0
        ],
        [
          0.0,
          0.0,
          1.0
        ]
      ],
      "data_path": "D:\\Agent-AI\\outputs\\samples\\sample_000024\\images\\CAM_FRONT_LEFT.png",
      "raw_layout": "bgra8"
    },
    "CAM_BACK": {
      "type_id": "sensor.camera.rgb",
      "blueprint_attributes": {
        "role_name": "front",
        "ros_name": "sensor.camera.rgb",
        "chromatic_aberration_offset": "0.0",
        "sensor_tick": "0.050000",
        "fstop": "1.4",
        "image_size_x": "1600",
        "image_size_y": "900",
        "fov": "70.00",
        "lens_circle_falloff": "5.0",
        "lens_circle_multiplier": "0.0",
        "exposure_compensation": "0.0",
        "lens_y_size": "0.08",
        "lens_k": "-1.0",
        "exposure_mode": "histogram",
        "lens_kcube": "0.0",
        "lens_x_size": "0.08",
        "exposure_max_bright": "12.0",
        "shutter_speed": "200.0",
        "bloom_intensity": "0.675",
        "iso": "100.0",
        "enable_postprocess_effects": "false",
        "gamma": "2.2",
        "motion_blur_intensity": "0.0",
        "motion_blur_max_distortion": "0.35",
        "lens_flare_intensity": "0.1",
        "motion_blur_min_object_screen_size": "0.1",
        "exposure_min_bright": "10.0",
        "exposure_speed_up": "3.0",
        "exposure_speed_down": "1.0",
        "tint": "0.0",
        "calibration_constant": "16.0",
        "focal_distance": "1000.0",
        "min_fstop": "1.2",
        "blade_count": "5",
        "blur_amount": "0.0",
        "blur_radius": "0.0",
        "slope": "0.88",
        "toe": "0.55",
        "white_clip": "0.04",
        "shoulder": "0.26",
        "black_clip": "0.0",
        "temp": "6500.0",
        "chromatic_aberration_intensity": "0.0"
      },
      "transform_carla": {
        "location": {
          "x": -56.188880920410156,
          "y": 22.44571876525879,
          "z": 1.693995475769043
        },
        "rotation": {
          "roll": -1.3093878030776978,
          "pitch": -0.040093209594488144,
          "yaw": 152.325439453125
        }
      },
      "matrix_world_from_sensor_carla": [
        [
          -0.8855997323989868,
          -0.4643416702747345,
          0.009993639774620533,
          -56.188880920410156
        ],
        [
          0.4644486904144287,
          -0.8853612542152405,
          0.020561886951327324,
          22.44571876525879
        ],
        [
          -0.000699758471455425,
          0.022851133719086647,
          0.9997386336326599,
          1.693995475769043
        ],
        [
          0.0,
          0.0,
          0.0,
          1.0
        ]
      ],
      "matrix_world_from_sensor_bevfusion": [
        [
          -0.4643416702747345,
          -0.009993639774620533,
          -0.8855997323989868,
          -56.188880920410156
        ],
        [
          0.8853612542152405,
          0.020561886951327324,
          -0.4644486904144287,
          -22.44571876525879
        ],
        [
          0.022851133719086647,
          -0.9997386336326599,
          -0.000699758471455425,
          1.693995475769043
        ],
        [
          0.0,
          0.0,
          0.0,
          1.0
        ]
      ],
      "matrix_ego_from_sensor_carla": [
        [
          -1.0,
          4.721795221485081e-07,
          -1.1588290327324557e-08,
          -1.5499992370605469
        ],
        [
          -4.856228201788326e-07,
          -1.0,
          8.779481586174143e-10,
          -4.76837158203125e-07
        ],
        [
          -1.0938181027597693e-08,
          -8.774613258211161e-10,
          1.0,
          1.6999999284744263
        ],
        [
          0.0,
          0.0,
          0.0,
          1.0
        ]
      ],
      "matrix_ego_from_sensor_bevfusion": [
        [
          4.721795221485081e-07,
          1.1588290327324557e-08,
          -1.0,
          -1.5499992370605469
        ],
        [
          1.0,
          8.779481586174143e-10,
          4.856228201788326e-07,
          4.76837158203125e-07
        ],
        [
          -8.774613258211161e-10,
          -1.0,
          -1.0938181027597693e-08,
          1.6999999284744263
        ],
        [
          0.0,
          0.0,
          0.0,
          1.0
        ]
      ],
      "camera_intrinsics": [
        [
          1142.5184326171875,
          0.0,
          800.0
        ],
        [
          0.0,
          1142.5184326171875,
          450.0
        ],
        [
          0.0,
          0.0,
          1.0
        ]
      ],
      "data_path": "D:\\Agent-AI\\outputs\\samples\\sample_000024\\images\\CAM_BACK.png",
      "raw_layout": "bgra8"
    },
    "CAM_BACK_LEFT": {
      "type_id": "sensor.camera.rgb",
      "blueprint_attributes": {
        "role_name": "front",
        "ros_name": "sensor.camera.rgb",
        "chromatic_aberration_offset": "0.0",
        "sensor_tick": "0.050000",
        "fstop": "1.4",
        "image_size_x": "1600",
        "image_size_y": "900",
        "fov": "70.00",
        "lens_circle_falloff": "5.0",
        "lens_circle_multiplier": "0.0",
        "exposure_compensation": "0.0",
        "lens_y_size": "0.08",
        "lens_k": "-1.0",
        "exposure_mode": "histogram",
        "lens_kcube": "0.0",
        "lens_x_size": "0.08",
        "exposure_max_bright": "12.0",
        "shutter_speed": "200.0",
        "bloom_intensity": "0.675",
        "iso": "100.0",
        "enable_postprocess_effects": "false",
        "gamma": "2.2",
        "motion_blur_intensity": "0.0",
        "motion_blur_max_distortion": "0.35",
        "lens_flare_intensity": "0.1",
        "motion_blur_min_object_screen_size": "0.1",
        "exposure_min_bright": "10.0",
        "exposure_speed_up": "3.0",
        "exposure_speed_down": "1.0",
        "tint": "0.0",
        "calibration_constant": "16.0",
        "focal_distance": "1000.0",
        "min_fstop": "1.2",
        "blade_count": "5",
        "blur_amount": "0.0",
        "blur_radius": "0.0",
        "slope": "0.88",
        "toe": "0.55",
        "white_clip": "0.04",
        "shoulder": "0.26",
        "black_clip": "0.0",
        "temp": "6500.0",
        "chromatic_aberration_intensity": "0.0"
      },
      "transform_carla": {
        "location": {
          "x": -56.222869873046875,
          "y": 21.84265899658203,
          "z": 1.7067385911941528
        },
        "rotation": {
          "roll": -0.7839667797088623,
          "pitch": 1.0495541095733643,
          "yaw": -152.6822509765625
        }
      },
      "matrix_world_from_sensor_carla": [
        [
          -0.8883260488510132,
          0.4591045081615448,
          0.009993626736104488,
          -56.222869873046875
        ],
        [
          -0.4588477611541748,
          -0.8882769346237183,
          0.020561855286359787,
          21.84265899658203
        ],
        [
          0.018317149952054024,
          0.013680079020559788,
          0.9997386336326599,
          1.7067385911941528
        ],
        [
          0.0,
          0.0,
          0.0,
          1.0
        ]
      ],
      "matrix_world_from_sensor_bevfusion": [
        [
          0.4591045081615448,
          -0.009993626736104488,
          -0.8883260488510132,
          -56.222869873046875
        ],
        [
          0.8882769346237183,
          0.020561855286359787,
          0.4588477611541748,
          -21.84265899658203
        ],
        [
          0.013680079020559788,
          -0.9997386336326599,
          0.018317149952054024,
          1.7067385911941528
        ],
        [
          0.0,
          0.0,
          0.0,
          1.0
        ]
      ],
      "matrix_ego_from_sensor_carla": [
        [
          -0.5735768675804138,
          0.8191518187522888,
          -8.968945586218524e-09,
          -1.2999992370605469
        ],
        [
          -0.819151759147644,
          -0.5735769271850586,
          -3.4512311231083004e-08,
          -0.5499992370605469
        ],
        [
          -3.029123263331712e-08,
          -1.1341065864201028e-08,
          1.0,
          1.7000000476837158
        ],
        [
          0.0,
          0.0,
          0.0,
          1.0
        ]
      ],
      "matrix_ego_from_sensor_bevfusion": [
        [
          0.8191518187522888,
          8.968945586218524e-09,
          -0.5735768675804138,
          -1.2999992370605469
        ],
        [
          0.5735769271850586,
          -3.4512311231083004e-08,
          0.819151759147644,
          0.5499992370605469
        ],
        [
          -1.1341065864201028e-08,
          -1.0,
          -3.029123263331712e-08,
          1.7000000476837158
        ],
        [
          0.0,
          0.0,
          0.0,
          1.0
        ]
      ],
      "camera_intrinsics": [
        [
          1142.5184326171875,
          0.0,
          800.0
        ],
        [
          0.0,
          1142.5184326171875,
          450.0
        ],
        [
          0.0,
          0.0,
          1.0
        ]
      ],
      "data_path": "D:\\Agent-AI\\outputs\\samples\\sample_000024\\images\\CAM_BACK_LEFT.png",
      "raw_layout": "bgra8"
    },
    "CAM_BACK_RIGHT": {
      "type_id": "sensor.camera.rgb",
      "blueprint_attributes": {
        "role_name": "front",
        "ros_name": "sensor.camera.rgb",
        "chromatic_aberration_offset": "0.0",
        "sensor_tick": "0.050000",
        "fstop": "1.4",
        "image_size_x": "1600",
        "image_size_y": "900",
        "fov": "70.00",
        "lens_circle_falloff": "5.0",
        "lens_circle_multiplier": "0.0",
        "exposure_compensation": "0.0",
        "lens_y_size": "0.08",
        "lens_k": "-1.0",
        "exposure_mode": "histogram",
        "lens_kcube": "0.0",
        "lens_x_size": "0.08",
        "exposure_max_bright": "12.0",
        "shutter_speed": "200.0",
        "bloom_intensity": "0.675",
        "iso": "100.0",
        "enable_postprocess_effects": "false",
        "gamma": "2.2",
        "motion_blur_intensity": "0.0",
        "motion_blur_max_distortion": "0.35",
        "lens_flare_intensity": "0.1",
        "motion_blur_min_object_screen_size": "0.1",
        "exposure_min_bright": "10.0",
        "exposure_speed_up": "3.0",
        "exposure_speed_down": "1.0",
        "tint": "0.0",
        "calibration_constant": "16.0",
        "focal_distance": "1000.0",
        "min_fstop": "1.2",
        "blade_count": "5",
        "blur_amount": "0.0",
        "blur_radius": "0.0",
        "slope": "0.88",
        "toe": "0.55",
        "white_clip": "0.04",
        "shoulder": "0.26",
        "black_clip": "0.0",
        "temp": "6500.0",
        "chromatic_aberration_intensity": "0.0"
      },
      "transform_carla": {
        "location": {
          "x": -55.712093353271484,
          "y": 22.816556930541992,
          "z": 1.6816022396087646
        },
        "rotation": {
          "roll": -0.7182759046554565,
          "pitch": -1.0955554246902466,
          "yaw": 97.33181762695312
        }
      },
      "matrix_world_from_sensor_carla": [
        [
          -0.12759201228618622,
          -0.9917764067649841,
          0.009993653744459152,
          -55.712093353271484
        ],
        [
          0.991642415523529,
          -0.12736758589744568,
          0.020561842247843742,
          22.816556930541992
        ],
        [
          -0.019119882956147194,
          0.012533658184111118,
          0.9997386336326599,
          1.6816022396087646
        ],
        [
          0.0,
          0.0,
          0.0,
          1.0
        ]
      ],
      "matrix_world_from_sensor_bevfusion": [
        [
          -0.9917764067649841,
          -0.009993653744459152,
          -0.12759201228618622,
          -55.712093353271484
        ],
        [
          0.12736758589744568,
          0.020561842247843742,
          -0.991642415523529,
          -22.816556930541992
        ],
        [
          0.012533658184111118,
          -0.9997386336326599,
          -0.019119882956147194,
          1.6816022396087646
        ],
        [
          0.0,
          0.0,
          0.0,
          1.0
        ]
      ],
      "matrix_ego_from_sensor_carla": [
        [
          -0.5735762715339661,
          -0.8191522359848022,
          2.1299038976962947e-08,
          -1.2999992370605469
        ],
        [
          0.8191522359848022,
          -0.5735762715339661,
          -3.264966608185205e-08,
          0.5500020980834961
        ],
        [
          3.7070318370524546e-08,
          -2.2778592345673587e-09,
          1.0,
          1.6999999284744263
        ],
        [
          0.0,
          0.0,
          0.0,
          1.0
        ]
      ],
      "matrix_ego_from_sensor_bevfusion": [
        [
          -0.8191522359848022,
          -2.1299038976962947e-08,
          -0.5735762715339661,
          -1.2999992370605469
        ],
        [
          0.5735762715339661,
          -3.264966608185205e-08,
          -0.8191522359848022,
          -0.5500020980834961
        ],
        [
          -2.2778592345673587e-09,
          -1.0,
          3.7070318370524546e-08,
          1.6999999284744263
        ],
        [
          0.0,
          0.0,
          0.0,
          1.0
        ]
      ],
      "camera_intrinsics": [
        [
          1142.5184326171875,
          0.0,
          800.0
        ],
        [
          0.0,
          1142.5184326171875,
          450.0
        ],
        [
          0.0,
          0.0,
          1.0
        ]
      ],
      "data_path": "D:\\Agent-AI\\outputs\\samples\\sample_000024\\images\\CAM_BACK_RIGHT.png",
      "raw_layout": "bgra8"
    },
    "LIDAR_TOP": {
      "type_id": "sensor.lidar.ray_cast",
      "blueprint_attributes": {
        "atmosphere_attenuation_rate": "0.004",
        "role_name": "front",
        "noise_seed": "0",
        "upper_fov": "10.0",
        "ros_name": "sensor.lidar.ray_cast",
        "sensor_tick": "0.050000",
        "channels": "32",
        "range": "120.0",
        "points_per_second": "360000",
        "lower_fov": "-30.0",
        "rotation_frequency": "20.000000",
        "horizontal_fov": "360.0",
        "dropoff_general_rate": "0.0",
        "dropoff_intensity_limit": "1.0",
        "noise_stddev": "0.0",
        "dropoff_zero_intensity": "0.0"
      },
      "transform_carla": {
        "location": {
          "x": -54.81120300292969,
          "y": 21.73610496520996,
          "z": 2.1949493885040283
        },
        "rotation": {
          "roll": 1.3093878030776978,
          "pitch": 0.040093209594488144,
          "yaw": -27.674583435058594
        }
      },
      "matrix_world_from_sensor_carla": [
        [
          0.8855994939804077,
          0.4643420875072479,
          0.009993650019168854,
          -54.81120300292969
        ],
        [
          -0.46444910764694214,
          0.8853610157966614,
          0.020561881363391876,
          21.73610496520996
        ],
        [
          0.000699758471455425,
          -0.022851133719086647,
          0.9997386336326599,
          2.1949493885040283
        ],
        [
          0.0,
          0.0,
          0.0,
          1.0
        ]
      ],
      "matrix_world_from_sensor_bevfusion": [
        [
          0.8855994939804077,
          -0.4643420875072479,
          0.009993650019168854,
          -54.81120300292969
        ],
        [
          0.46444910764694214,
          0.8853610157966614,
          -0.020561881363391876,
          -21.73610496520996
        ],
        [
          0.000699758471455425,
          0.022851133719086647,
          0.9997386336326599,
          2.1949493885040283
        ],
        [
          0.0,
          0.0,
          0.0,
          1.0
        ]
      ],
      "matrix_ego_from_sensor_carla": [
        [
          0.9999999403953552,
          -3.818853677728384e-09,
          3.4428035422529035e-10,
          7.62939453125e-06
        ],
        [
          -2.9886630947828507e-09,
          1.0,
          8.779481586174143e-10,
          2.86102294921875e-06
        ],
        [
          5.190098351093297e-10,
          -9.85183823409841e-10,
          1.0,
          2.1999998092651367
        ],
        [
          0.0,
          0.0,
          0.0,
          1.0
        ]
      ],
      "matrix_ego_from_sensor_bevfusion": [
        [
          0.9999999403953552,
          3.818853677728384e-09,
          3.4428035422529035e-10,
          7.62939453125e-06
        ],
        [
          2.9886630947828507e-09,
          1.0,
          -8.779481586174143e-10,
          -2.86102294921875e-06
        ],
        [
          5.190098351093297e-10,
          9.85183823409841e-10,
          1.0,
          2.1999998092651367
        ],
        [
          0.0,
          0.0,
          0.0,
          1.0
        ]
      ],
      "data_path": "D:\\Agent-AI\\outputs\\samples\\sample_000024\\lidar\\LIDAR_TOP.npy",
      "raw_layout": [
        "x",
        "y",
        "z",
        "intensity"
      ]
    },
    "RADAR_FRONT": {
      "type_id": "sensor.other.radar",
      "blueprint_attributes": {
        "sensor_tick": "0.050000",
        "role_name": "default",
        "noise_seed": "0",
        "ros_name": "sensor.other.radar",
        "horizontal_fov": "35.0",
        "points_per_second": "1500",
        "vertical_fov": "20.0",
        "range": "120.0"
      },
      "transform_carla": {
        "location": {
          "x": -53.05299758911133,
          "y": 20.780475616455078,
          "z": 0.89668869972229
        },
        "rotation": {
          "roll": 1.3093878030776978,
          "pitch": 0.040093209594488144,
          "yaw": -27.674583435058594
        }
      },
      "matrix_world_from_sensor_carla": [
        [
          0.8855994939804077,
          0.4643420875072479,
          0.009993650019168854,
          -53.05299758911133
        ],
        [
          -0.46444910764694214,
          0.8853610157966614,
          0.020561881363391876,
          20.780475616455078
        ],
        [
          0.000699758471455425,
          -0.022851133719086647,
          0.9997386336326599,
          0.89668869972229
        ],
        [
          0.0,
          0.0,
          0.0,
          1.0
        ]
      ],
      "matrix_world_from_sensor_bevfusion": [
        [
          0.8855994939804077,
          -0.4643420875072479,
          0.009993650019168854,
          -53.05299758911133
        ],
        [
          0.46444910764694214,
          0.8853610157966614,
          -0.020561881363391876,
          -20.780475616455078
        ],
        [
          0.000699758471455425,
          0.022851133719086647,
          0.9997386336326599,
          0.89668869972229
        ],
        [
          0.0,
          0.0,
          0.0,
          1.0
        ]
      ],
      "matrix_ego_from_sensor_carla": [
        [
          0.9999999403953552,
          -3.818853677728384e-09,
          3.4428035422529035e-10,
          2.0
        ],
        [
          -2.9886630947828507e-09,
          1.0,
          8.779481586174143e-10,
          4.76837158203125e-07
        ],
        [
          5.190098351093297e-10,
          -9.85183823409841e-10,
          1.0,
          0.8999999165534973
        ],
        [
          0.0,
          0.0,
          0.0,
          1.0
        ]
      ],
      "matrix_ego_from_sensor_bevfusion": [
        [
          0.9999999403953552,
          3.818853677728384e-09,
          3.4428035422529035e-10,
          2.0
        ],
        [
          2.9886630947828507e-09,
          1.0,
          -8.779481586174143e-10,
          -4.76837158203125e-07
        ],
        [
          5.190098351093297e-10,
          9.85183823409841e-10,
          1.0,
          0.8999999165534973
        ],
        [
          0.0,
          0.0,
          0.0,
          1.0
        ]
      ],
      "data_path": "D:\\Agent-AI\\outputs\\samples\\sample_000024\\radar\\RADAR_FRONT.npy",
      "raw_layout": [
        "velocity",
        "altitude",
        "azimuth",
        "depth"
      ]
    },
    "RADAR_FRONT_LEFT": {
      "type_id": "sensor.other.radar",
      "blueprint_attributes": {
        "sensor_tick": "0.050000",
        "role_name": "default",
        "noise_seed": "0",
        "ros_name": "sensor.other.radar",
        "horizontal_fov": "35.0",
        "points_per_second": "1500",
        "vertical_fov": "20.0",
        "range": "120.0"
      },
      "transform_carla": {
        "location": {
          "x": -53.71121597290039,
          "y": 20.27901268005371,
          "z": 0.9135822653770447
        },
        "rotation": {
          "roll": 0.8976070880889893,
          "pitch": 0.9541842341423035,
          "yaw": -72.66756439208984
        }
      },
      "matrix_world_from_sensor_carla": [
        [
          0.2978740334510803,
          0.9545528292655945,
          0.009993679821491241,
          -53.71121597290039
        ],
        [
          -0.9544599652290344,
          0.2976297438144684,
          0.02056177891790867,
          20.27901268005371
        ],
        [
          0.01665288768708706,
          -0.0156633872538805,
          0.9997386336326599,
          0.9135822653770447
        ],
        [
          0.0,
          0.0,
          0.0,
          1.0
        ]
      ],
      "matrix_world_from_sensor_bevfusion": [
        [
          0.2978740334510803,
          -0.9545528292655945,
          0.009993679821491241,
          -53.71121597290039
        ],
        [
          0.9544599652290344,
          0.2976297438144684,
          -0.02056177891790867,
          -20.27901268005371
        ],
        [
          0.01665288768708706,
          0.0156633872538805,
          0.9997386336326599,
          0.9135822653770447
        ],
        [
          0.0,
          0.0,
          0.0,
          1.0
        ]
      ],
      "matrix_ego_from_sensor_carla": [
        [
          0.70710688829422,
          0.7071067094802856,
          7.397697032729411e-08,
          1.6500015258789062
        ],
        [
          -0.7071068286895752,
          0.7071068286895752,
          -7.735314966339502e-08,
          -0.7500004768371582
        ],
        [
          -1.075364650660049e-07,
          1.651233927368878e-09,
          1.0,
          0.9000000953674316
        ],
        [
          0.0,
          0.0,
          0.0,
          1.0
        ]
      ],
      "matrix_ego_from_sensor_bevfusion": [
        [
          0.70710688829422,
          -0.7071067094802856,
          7.397697032729411e-08,
          1.6500015258789062
        ],
        [
          0.7071068286895752,
          0.7071068286895752,
          7.735314966339502e-08,
          0.7500004768371582
        ],
        [
          -1.075364650660049e-07,
          -1.651233927368878e-09,
          1.0,
          0.9000000953674316
        ],
        [
          0.0,
          0.0,
          0.0,
          1.0
        ]
      ],
      "data_path": "D:\\Agent-AI\\outputs\\samples\\sample_000024\\radar\\RADAR_FRONT_LEFT.npy",
      "raw_layout": [
        "velocity",
        "altitude",
        "azimuth",
        "depth"
      ]
    },
    "RADAR_FRONT_RIGHT": {
      "type_id": "sensor.other.radar",
      "blueprint_attributes": {
        "sensor_tick": "0.050000",
        "role_name": "default",
        "noise_seed": "0",
        "ros_name": "sensor.other.radar",
        "horizontal_fov": "35.0",
