{
  "schema_version": "stage1.v1",
  "sample_name": "sample_000016",
  "sequence_index": 16,
  "previous_sample_name": "sample_000015",
  "frame_id": 60017,
  "timestamp": 436.61970077455044,
  "platform_timestamp": 16814568.139437,
  "delta_seconds": 0.10000000149011612,
  "town": "Carla/Maps/Town10HD_Opt",
  "weather": {
    "cloudiness": 20.0,
    "dust_storm": 0.0,
    "fog_density": 2.0,
    "fog_distance": 0.75,
    "fog_falloff": 0.10000000149011612,
    "mie_scattering_scale": 0.029999999329447746,
    "precipitation": 0.0,
    "precipitation_deposits": 0.0,
    "rayleigh_scattering_scale": 0.03310000151395798,
    "scattering_intensity": 1.0,
    "sun_altitude_angle": 45.0,
    "sun_azimuth_angle": 300.0,
    "wetness": 0.0,
    "wind_intensity": 10.0
  },
  "sensor_names": [
    "CAM_FRONT",
    "CAM_FRONT_RIGHT",
    "CAM_FRONT_LEFT",
    "CAM_BACK",
    "CAM_BACK_LEFT",
    "CAM_BACK_RIGHT",
    "LIDAR_TOP",
    "RADAR_FRONT",
    "RADAR_FRONT_LEFT",
    "RADAR_FRONT_RIGHT",
    "RADAR_BACK_LEFT",
    "RADAR_BACK_RIGHT"
  ],
  "camera_order_for_model": [
    "CAM_FRONT",
    "CAM_FRONT_RIGHT",
    "CAM_FRONT_LEFT",
    "CAM_BACK",
    "CAM_BACK_LEFT",
    "CAM_BACK_RIGHT"
  ],
  "radar_order_for_model": [
    "RADAR_FRONT",
    "RADAR_FRONT_LEFT",
    "RADAR_FRONT_RIGHT",
    "RADAR_BACK_LEFT",
    "RADAR_BACK_RIGHT"
  ],
  "coordinate_notes": {
    "carla_world": "left-handed x-forward y-right z-up",
    "bevfusion_lidar": "x-forward y-left z-up",
    "camera_frame_for_model": "OpenCV style x-right y-down z-forward"
  },
  "ego": {
    "actor_id": 28,
    "transform_carla": {
      "location": {
        "x": 105.37649536132812,
        "y": -31.554100036621094,
        "z": -0.004081573337316513
      },
      "rotation": {
        "roll": 0.6560326814651489,
        "pitch": -0.0664030984044075,
        "yaw": -100.9991226196289
      }
    },
    "velocity_carla": [
      -1.7940713167190552,
      -7.920262813568115,
      -0.00012463569873943925
    ],
    "angular_velocity_carla": [
      0.5439716577529907,
      1.5803273916244507,
      -15.416963577270508
    ],
    "matrix_world_from_ego_carla": [
      [
        -0.19079381227493286,
        0.9815682172775269,
        0.011018243618309498,
        105.37649536132812
      ],
      [
        -0.9816294312477112,
        -0.19076840579509735,
        -0.0033221174962818623,
        -31.554100036621094
      ],
      [
        -0.0011589524801820517,
        -0.011449672281742096,
        0.9999337792396545,
        -0.004081573337316513
      ],
      [
        0.0,
        0.0,
        0.0,
        1.0
      ]
    ],
    "matrix_world_from_ego_bevfusion": [
      [
        -0.19079381227493286,
        -0.9815682172775269,
        0.011018243618309498,
        105.37649536132812
      ],
      [
        0.9816294312477112,
        -0.19076840579509735,
        0.0033221174962818623,
        31.554100036621094
      ],
      [
        -0.0011589524801820517,
        0.011449672281742096,
        0.9999337792396545,
        -0.004081573337316513
      ],
      [
        0.0,
        0.0,
        0.0,
        1.0
      ]
    ]
  },
  "sensors": {
    "CAM_FRONT": {
      "type_id": "sensor.camera.rgb",
      "blueprint_attributes": {
        "role_name": "front",
        "ros_name": "sensor.camera.rgb",
        "chromatic_aberration_offset": "0.0",
        "sensor_tick": "0.100000",
        "fstop": "1.4",
        "image_size_x": "960",
        "image_size_y": "540",
        "fov": "70.00",
        "lens_circle_falloff": "5.0",
        "lens_circle_multiplier": "0.0",
        "exposure_compensation": "0.0",
        "lens_y_size": "0.08",
        "lens_k": "-1.0",
        "exposure_mode": "histogram",
        "lens_kcube": "0.0",
        "lens_x_size": "0.08",
        "exposure_max_bright": "12.0",
        "shutter_speed": "200.0",
        "bloom_intensity": "0.675",
        "iso": "100.0",
        "enable_postprocess_effects": "false",
        "gamma": "2.2",
        "motion_blur_intensity": "0.0",
        "motion_blur_max_distortion": "0.35",
        "lens_flare_intensity": "0.1",
        "motion_blur_min_object_screen_size": "0.1",
        "exposure_min_bright": "10.0",
        "exposure_speed_up": "3.0",
        "exposure_speed_down": "1.0",
        "tint": "0.0",
        "calibration_constant": "16.0",
        "focal_distance": "1000.0",
        "min_fstop": "1.2",
        "blade_count": "5",
        "blur_amount": "0.0",
        "blur_radius": "0.0",
        "slope": "0.88",
        "toe": "0.55",
        "white_clip": "0.04",
        "shoulder": "0.26",
        "black_clip": "0.0",
        "temp": "6500.0",
        "chromatic_aberration_intensity": "0.0"
      },
      "transform_carla": {
        "location": {
          "x": 105.0994873046875,
          "y": -33.08127212524414,
          "z": 1.6940093040466309
        },
        "rotation": {
          "roll": 0.6560326814651489,
          "pitch": -0.0664030984044075,
          "yaw": -100.9991226196289
        }
      },
      "matrix_world_from_sensor_carla": [
        [
          -0.19079381227493286,
          0.9815682172775269,
          0.011018243618309498,
          105.0994873046875
        ],
        [
          -0.9816294312477112,
          -0.19076840579509735,
          -0.0033221174962818623,
          -33.08127212524414
        ],
        [
          -0.0011589524801820517,
          -0.011449672281742096,
          0.9999337792396545,
          1.6940093040466309
        ],
        [
          0.0,
          0.0,
          0.0,
          1.0
        ]
      ],
      "matrix_world_from_sensor_bevfusion": [
        [
          0.9815682172775269,
          -0.011018243618309498,
          -0.19079381227493286,
          105.0994873046875
        ],
        [
          0.19076840579509735,
          -0.0033221174962818623,
          0.9816294312477112,
          33.08127212524414
        ],
        [
          -0.011449672281742096,
          -0.9999337792396545,
          -0.0011589524801820517,
          1.6940093040466309
        ],
        [
          0.0,
          0.0,
          0.0,
          1.0
        ]
      ],
      "matrix_ego_from_sensor_carla": [
        [
          1.0,
          9.54082590709504e-09,
          2.900193973864873e-11,
          1.5500011444091797
        ],
        [
          -1.7001759999857313e-08,
          1.0,
          -8.218324354380968e-10,
          0.0
        ],
        [
          2.9017357960903212e-11,
          -8.218941083271147e-10,
          1.0,
          1.6999995708465576
        ],
        [
          0.0,
          0.0,
          0.0,
          1.0
        ]
      ],
      "matrix_ego_from_sensor_bevfusion": [
        [
          9.54082590709504e-09,
          -2.900193973864873e-11,
          1.0,
          1.5500011444091797
        ],
        [
          -1.0,
          -8.218324354380968e-10,
          1.7001759999857313e-08,
          0.0
        ],
        [
          -8.218941083271147e-10,
          -1.0,
          2.9017357960903212e-11,
          1.6999995708465576
        ],
        [
          0.0,
          0.0,
          0.0,
          1.0
        ]
      ],
      "camera_intrinsics": [
        [
          685.5110473632812,
          0.0,
          480.0
        ],
        [
          0.0,
          685.5110473632812,
          270.0
        ],
        [
          0.0,
          0.0,
          1.0
        ]
      ],
      "data_path": "D:\\Agent-AI\\outputs\\s3a_ml_long_v2\\sample_000016\\images\\CAM_FRONT.png",
      "raw_layout": "bgra8"
    },
    "CAM_FRONT_RIGHT": {
      "type_id": "sensor.camera.rgb",
      "blueprint_attributes": {
        "role_name": "front",
        "ros_name": "sensor.camera.rgb",
        "chromatic_aberration_offset": "0.0",
        "sensor_tick": "0.100000",
        "fstop": "1.4",
        "image_size_x": "960",
        "image_size_y": "540",
        "fov": "70.00",
        "lens_circle_falloff": "5.0",
        "lens_circle_multiplier": "0.0",
        "exposure_compensation": "0.0",
        "lens_y_size": "0.08",
        "lens_k": "-1.0",
        "exposure_mode": "histogram",
        "lens_kcube": "0.0",
        "lens_x_size": "0.08",
        "exposure_max_bright": "12.0",
        "shutter_speed": "200.0",
        "bloom_intensity": "0.675",
        "iso": "100.0",
        "enable_postprocess_effects": "false",
        "gamma": "2.2",
        "motion_blur_intensity": "0.0",
        "motion_blur_max_distortion": "0.35",
        "lens_flare_intensity": "0.1",
        "motion_blur_min_object_screen_size": "0.1",
        "exposure_min_bright": "10.0",
        "exposure_speed_up": "3.0",
        "exposure_speed_down": "1.0",
        "tint": "0.0",
        "calibration_constant": "16.0",
        "focal_distance": "1000.0",
        "min_fstop": "1.2",
        "blade_count": "5",
        "blur_amount": "0.0",
        "blur_radius": "0.0",
        "slope": "0.88",
        "toe": "0.55",
        "white_clip": "0.04",
        "shoulder": "0.26",
        "black_clip": "0.0",
        "temp": "6500.0",
        "chromatic_aberration_intensity": "0.0"
      },
      "transform_carla": {
        "location": {
          "x": 105.68705749511719,
          "y": -32.940792083740234,
          "z": 1.6880018711090088
        },
        "rotation": {
          "roll": 0.3218976855278015,
          "pitch": -0.5754775404930115,
          "yaw": -46.00037384033203
        }
      },
      "matrix_world_from_sensor_carla": [
        [
          0.6946186423301697,
          0.7192937135696411,
          0.011018238961696625,
          105.68705749511719
        ],
        [
          -0.7193080186843872,
          0.694683313369751,
          -0.003322177566587925,
          -32.940792083740234
        ],
        [
          -0.010043809190392494,
          -0.005617862101644278,
          0.9999337792396545,
          1.6880018711090088
        ],
        [
          0.0,
          0.0,
          0.0,
          1.0
        ]
      ],
      "matrix_world_from_sensor_bevfusion": [
        [
          0.7192937135696411,
          -0.011018238961696625,
          0.6946186423301697,
          105.68705749511719
        ],
        [
          -0.694683313369751,
          -0.003322177566587925,
          0.7193080186843872,
          32.940792083740234
        ],
        [
          -0.005617862101644278,
          -0.9999337792396545,
          -0.010043809190392494,
          1.6880018711090088
        ],
        [
          0.0,
          0.0,
          0.0,
          1.0
        ]
      ],
      "matrix_ego_from_sensor_carla": [
        [
          0.5735766291618347,
          -0.8191519379615784,
          5.986647977351822e-08,
          1.3000049591064453
        ],
        [
          0.8191519379615784,
          0.5735766291618347,
          6.6287482169968825e-09,
          0.5500106811523438
        ],
        [
          -3.990250618812752e-08,
          4.372789064177596e-08,
          1.0,
          1.7000000476837158
        ],
        [
          0.0,
          0.0,
          0.0,
          1.0
        ]
      ],
      "matrix_ego_from_sensor_bevfusion": [
        [
          -0.8191519379615784,
          -5.986647977351822e-08,
          0.5735766291618347,
          1.3000049591064453
        ],
        [
          -0.5735766291618347,
          6.6287482169968825e-09,
          -0.8191519379615784,
          -0.5500106811523438
        ],
        [
          4.372789064177596e-08,
          -1.0,
          -3.990250618812752e-08,
          1.7000000476837158
        ],
        [
          0.0,
          0.0,
          0.0,
          1.0
        ]
      ],
      "camera_intrinsics": [
        [
          685.5110473632812,
          0.0,
          480.0
        ],
        [
          0.0,
          685.5110473632812,
          270.0
        ],
        [
          0.0,
          0.0,
          1.0
        ]
      ],
      "data_path": "D:\\Agent-AI\\outputs\\s3a_ml_long_v2\\sample_000016\\images\\CAM_FRONT_RIGHT.png",
      "raw_layout": "bgra8"
    },
    "CAM_FRONT_LEFT": {
      "type_id": "sensor.camera.rgb",
      "blueprint_attributes": {
        "role_name": "front",
        "ros_name": "sensor.camera.rgb",
        "chromatic_aberration_offset": "0.0",
        "sensor_tick": "0.100000",
        "fstop": "1.4",
        "image_size_x": "960",
        "image_size_y": "540",
        "fov": "70.00",
        "lens_circle_falloff": "5.0",
        "lens_circle_multiplier": "0.0",
        "exposure_compensation": "0.0",
        "lens_y_size": "0.08",
        "lens_k": "-1.0",
        "exposure_mode": "histogram",
        "lens_kcube": "0.0",
        "lens_x_size": "0.08",
        "exposure_max_bright": "12.0",
        "shutter_speed": "200.0",
        "bloom_intensity": "0.675",
        "iso": "100.0",
        "enable_postprocess_effects": "false",
        "gamma": "2.2",
        "motion_blur_intensity": "0.0",
        "motion_blur_max_distortion": "0.35",
        "lens_flare_intensity": "0.1",
        "motion_blur_min_object_screen_size": "0.1",
        "exposure_min_bright": "10.0",
        "exposure_speed_up": "3.0",
        "exposure_speed_down": "1.0",
        "tint": "0.0",
        "calibration_constant": "16.0",
        "focal_distance": "1000.0",
        "min_fstop": "1.2",
        "blade_count": "5",
        "blur_amount": "0.0",
        "blur_radius": "0.0",
        "slope": "0.88",
        "toe": "0.55",
        "white_clip": "0.04",
        "shoulder": "0.26",
        "black_clip": "0.0",
        "temp": "6500.0",
        "chromatic_aberration_intensity": "0.0"
      },
      "transform_carla": {
        "location": {
          "x": 104.60733032226562,
          "y": -32.7309455871582,
          "z": 1.7005964517593384
        },
        "rotation": {
          "roll": 0.4306935966014862,
          "pitch": 0.49929362535476685,
          "yaw": -155.9968719482422
        }
      },
      "matrix_world_from_sensor_carla": [
        [
          -0.9134885668754578,
          0.4067150950431824,
          0.011018200777471066,
          104.60733032226562
        ],
        [
          -0.4067710041999817,
          -0.9135240912437439,
          -0.0033221878111362457,
          -32.7309455871582
        ],
        [
          0.008714207448065281,
          -0.007516664918512106,
          0.9999337792396545,
          1.7005964517593384
        ],
        [
          0.0,
          0.0,
          0.0,
          1.0
        ]
      ],
      "matrix_world_from_sensor_bevfusion": [
        [
          0.4067150950431824,
          -0.011018200777471066,
          -0.9134885668754578,
          104.60733032226562
        ],
        [
          0.9135240912437439,
          -0.0033221878111362457,
          0.4067710041999817,
          32.7309455871582
        ],
        [
          -0.007516664918512106,
          -0.9999337792396545,
          0.008714207448065281,
          1.7005964517593384
        ],
        [
          0.0,
          0.0,
          0.0,
          1.0
        ]
      ],
      "matrix_ego_from_sensor_carla": [
        [
          0.5735763311386108,
          0.8191521763801575,
          7.744519336938538e-08,
          1.3000030517578125
        ],
        [
          -0.8191522359848022,
          0.5735762715339661,
          -2.876151050656972e-08,
          -0.54998779296875
        ],
        [
          -6.855931644622615e-08,
          -4.613311688217436e-08,
          1.0,
          1.7000000476837158
        ],
        [
          0.0,
          0.0,
          0.0,
          1.0
        ]
      ],
      "matrix_ego_from_sensor_bevfusion": [
        [
          0.8191521763801575,
          -7.744519336938538e-08,
          0.5735763311386108,
          1.3000030517578125
        ],
        [
          -0.5735762715339661,
          -2.876151050656972e-08,
          0.8191522359848022,
          0.54998779296875
        ],
        [
          -4.613311688217436e-08,
          -1.0,
          -6.855931644622615e-08,
          1.7000000476837158
        ],
        [
          0.0,
          0.0,
          0.0,
          1.0
        ]
      ],
      "camera_intrinsics": [
        [
          685.5110473632812,
          0.0,
          480.0
        ],
        [
          0.0,
          685.5110473632812,
          270.0
        ],
        [
          0.0,
          0.0,
          1.0
        ]
      ],
      "data_path": "D:\\Agent-AI\\outputs\\s3a_ml_long_v2\\sample_000016\\images\\CAM_FRONT_LEFT.png",
      "raw_layout": "bgra8"
    },
    "CAM_BACK": {
      "type_id": "sensor.camera.rgb",
      "blueprint_attributes": {
        "role_name": "front",
        "ros_name": "sensor.camera.rgb",
        "chromatic_aberration_offset": "0.0",
        "sensor_tick": "0.100000",
        "fstop": "1.4",
        "image_size_x": "960",
        "image_size_y": "540",
        "fov": "70.00",
        "lens_circle_falloff": "5.0",
        "lens_circle_multiplier": "0.0",
        "exposure_compensation": "0.0",
        "lens_y_size": "0.08",
        "lens_k": "-1.0",
        "exposure_mode": "histogram",
        "lens_kcube": "0.0",
        "lens_x_size": "0.08",
        "exposure_max_bright": "12.0",
        "shutter_speed": "200.0",
        "bloom_intensity": "0.675",
        "iso": "100.0",
        "enable_postprocess_effects": "false",
        "gamma": "2.2",
        "motion_blur_intensity": "0.0",
        "motion_blur_max_distortion": "0.35",
        "lens_flare_intensity": "0.1",
        "motion_blur_min_object_screen_size": "0.1",
        "exposure_min_bright": "10.0",
        "exposure_speed_up": "3.0",
        "exposure_speed_down": "1.0",
        "tint": "0.0",
        "calibration_constant": "16.0",
        "focal_distance": "1000.0",
        "min_fstop": "1.2",
        "blade_count": "5",
        "blur_amount": "0.0",
        "blur_radius": "0.0",
        "slope": "0.88",
        "toe": "0.55",
        "white_clip": "0.04",
        "shoulder": "0.26",
        "black_clip": "0.0",
        "temp": "6500.0",
        "chromatic_aberration_intensity": "0.0"
      },
      "transform_carla": {
        "location": {
          "x": 105.69095611572266,
          "y": -30.03822135925293,
          "z": 1.697602391242981
        },
        "rotation": {
          "roll": -0.6560325622558594,
          "pitch": 0.0664030984044075,
          "yaw": 79.00086975097656
        }
      },
      "matrix_world_from_sensor_carla": [
        [
          0.1907939612865448,
          -0.9815682172775269,
          0.011018240824341774,
          105.69095611572266
        ],
        [
          0.9816294312477112,
          0.1907685548067093,
          -0.003322118893265724,
          -30.03822135925293
        ],
        [
          0.0011589524801820517,
          0.011449670419096947,
          0.9999337792396545,
          1.697602391242981
        ],
        [
          0.0,
          0.0,
          0.0,
          1.0
        ]
      ],
      "matrix_world_from_sensor_bevfusion": [
        [
          -0.9815682172775269,
          -0.011018240824341774,
          0.1907939612865448,
          105.69095611572266
        ],
        [
          -0.1907685548067093,
          -0.003322118893265724,
          -0.9816294312477112,
          30.03822135925293
        ],
        [
          0.011449670419096947,
          -0.9999337792396545,
          0.0011589524801820517,
          1.697602391242981
        ],
        [
          0.0,
          0.0,
          0.0,
          1.0
        ]
      ],
      "matrix_ego_from_sensor_carla": [
        [
          -1.0,
          -1.558126996314968e-07,
          2.1244777048678998e-09,
          -1.5500001907348633
        ],
        [
          1.5111221784991358e-07,
          -1.0000001192092896,
          -2.6844775291579026e-09,
          7.62939453125e-06
        ],
        [
          1.600797161493972e-09,
          -1.9719501587189825e-09,
          1.0,
          1.700000286102295
        ],
        [
          0.0,
          0.0,
          0.0,
          1.0
        ]
      ],
      "matrix_ego_from_sensor_bevfusion": [
        [
          -1.558126996314968e-07,
          -2.1244777048678998e-09,
          -1.0,
          -1.5500001907348633
        ],
        [
          1.0000001192092896,
          -2.6844775291579026e-09,
          -1.5111221784991358e-07,
          -7.62939453125e-06
        ],
        [
          -1.9719501587189825e-09,
          -1.0,
          1.600797161493972e-09,
          1.700000286102295
        ],
        [
          0.0,
          0.0,
          0.0,
          1.0
        ]
      ],
      "camera_intrinsics": [
        [
          685.5110473632812,
          0.0,
          480.0
        ],
        [
          0.0,
          685.5110473632812,
          270.0
        ],
        [
          0.0,
          0.0,
          1.0
        ]
      ],
      "data_path": "D:\\Agent-AI\\outputs\\s3a_ml_long_v2\\sample_000016\\images\\CAM_BACK.png",
      "raw_layout": "bgra8"
    },
    "CAM_BACK_LEFT": {
      "type_id": "sensor.camera.rgb",
      "blueprint_attributes": {
        "role_name": "front",
        "ros_name": "sensor.camera.rgb",
        "chromatic_aberration_offset": "0.0",
        "sensor_tick": "0.100000",
        "fstop": "1.4",
        "image_size_x": "960",
        "image_size_y": "540",
        "fov": "70.00",
        "lens_circle_falloff": "5.0",
        "lens_circle_multiplier": "0.0",
        "exposure_compensation": "0.0",
        "lens_y_size": "0.08",
        "lens_k": "-1.0",
        "exposure_mode": "histogram",
        "lens_kcube": "0.0",
        "lens_x_size": "0.08",
        "exposure_max_bright": "12.0",
        "shutter_speed": "200.0",
        "bloom_intensity": "0.675",
        "iso": "100.0",
        "enable_postprocess_effects": "false",
        "gamma": "2.2",
        "motion_blur_intensity": "0.0",
        "motion_blur_max_distortion": "0.35",
        "lens_flare_intensity": "0.1",
        "motion_blur_min_object_screen_size": "0.1",
        "exposure_min_bright": "10.0",
        "exposure_speed_up": "3.0",
        "exposure_speed_down": "1.0",
        "tint": "0.0",
        "calibration_constant": "16.0",
        "focal_distance": "1000.0",
        "min_fstop": "1.2",
        "blade_count": "5",
        "blur_amount": "0.0",
        "blur_radius": "0.0",
        "slope": "0.88",
        "toe": "0.55",
        "white_clip": "0.04",
        "shoulder": "0.26",
        "black_clip": "0.0",
        "temp": "6500.0",
        "chromatic_aberration_intensity": "0.0"
      },
      "transform_carla": {
        "location": {
          "x": 105.1033935546875,
          "y": -30.178707122802734,
          "z": 1.7036099433898926
        },
        "rotation": {
          "roll": -0.32189756631851196,
          "pitch": 0.5754775404930115,
          "yaw": 133.9996337890625
        }
      },
      "matrix_world_from_sensor_carla": [
        [
          -0.6946187615394592,
          -0.7192935943603516,
          0.011018238961696625,
          105.1033935546875
        ],
        [
          0.7193078994750977,
          -0.6946834325790405,
          -0.003322177566587925,
          -30.178707122802734
        ],
        [
          0.010043809190392494,
          0.005617859773337841,
          0.9999337792396545,
          1.7036099433898926
        ],
        [
          0.0,
          0.0,
          0.0,
          1.0
        ]
      ],
      "matrix_world_from_sensor_bevfusion": [
        [
          -0.7192935943603516,
          -0.011018238961696625,
          -0.6946187615394592,
          105.1033935546875
        ],
        [
          0.6946834325790405,
          -0.003322177566587925,
          -0.7193078994750977,
          30.178707122802734
        ],
        [
          0.005617859773337841,
          -0.9999337792396545,
          0.010043809190392494,
          1.7036099433898926
        ],
        [
          0.0,
          0.0,
          0.0,
          1.0
        ]
      ],
      "matrix_ego_from_sensor_carla": [
        [
          -0.5735765099525452,
          0.8191519975662231,
          5.986647977351822e-08,
          -1.2999992370605469
        ],
        [
          -0.8191519975662231,
          -0.5735765099525452,
          6.6287482169968825e-09,
          -0.5500030517578125
        ],
        [
          3.897118361351204e-08,
          -4.5124721737010987e-08,
          1.0,
          1.700000286102295
        ],
        [
          0.0,
          0.0,
          0.0,
          1.0
        ]
      ],
      "matrix_ego_from_sensor_bevfusion": [
        [
          0.8191519975662231,
          -5.986647977351822e-08,
          -0.5735765099525452,
          -1.2999992370605469
        ],
        [
          0.5735765099525452,
          6.6287482169968825e-09,
          0.8191519975662231,
          0.5500030517578125
        ],
        [
          -4.5124721737010987e-08,
          -1.0,
          3.897118361351204e-08,
          1.700000286102295
        ],
        [
          0.0,
          0.0,
          0.0,
          1.0
        ]
      ],
      "camera_intrinsics": [
        [
          685.5110473632812,
          0.0,
          480.0
        ],
        [
          0.0,
          685.5110473632812,
          270.0
        ],
        [
          0.0,
          0.0,
          1.0
        ]
      ],
      "data_path": "D:\\Agent-AI\\outputs\\s3a_ml_long_v2\\sample_000016\\images\\CAM_BACK_LEFT.png",
      "raw_layout": "bgra8"
    },
    "CAM_BACK_RIGHT": {
      "type_id": "sensor.camera.rgb",
      "blueprint_attributes": {
        "role_name": "front",
        "ros_name": "sensor.camera.rgb",
        "chromatic_aberration_offset": "0.0",
        "sensor_tick": "0.100000",
        "fstop": "1.4",
        "image_size_x": "960",
        "image_size_y": "540",
        "fov": "70.00",
        "lens_circle_falloff": "5.0",
        "lens_circle_multiplier": "0.0",
        "exposure_compensation": "0.0",
        "lens_y_size": "0.08",
        "lens_k": "-1.0",
        "exposure_mode": "histogram",
        "lens_kcube": "0.0",
        "lens_x_size": "0.08",
        "exposure_max_bright": "12.0",
        "shutter_speed": "200.0",
        "bloom_intensity": "0.675",
        "iso": "100.0",
        "enable_postprocess_effects": "false",
        "gamma": "2.2",
        "motion_blur_intensity": "0.0",
        "motion_blur_max_distortion": "0.35",
        "lens_flare_intensity": "0.1",
        "motion_blur_min_object_screen_size": "0.1",
        "exposure_min_bright": "10.0",
        "exposure_speed_up": "3.0",
        "exposure_speed_down": "1.0",
        "tint": "0.0",
        "calibration_constant": "16.0",
        "focal_distance": "1000.0",
        "min_fstop": "1.2",
        "blade_count": "5",
        "blur_amount": "0.0",
        "blur_radius": "0.0",
        "slope": "0.88",
        "toe": "0.55",
        "white_clip": "0.04",
        "shoulder": "0.26",
        "black_clip": "0.0",
        "temp": "6500.0",
        "chromatic_aberration_intensity": "0.0"
      },
      "transform_carla": {
        "location": {
          "x": 106.18311309814453,
          "y": -30.388553619384766,
          "z": 1.6910151243209839
        },
        "rotation": {
          "roll": -0.43069353699684143,
          "pitch": -0.49929362535476685,
          "yaw": 24.00310707092285
        }
      },
      "matrix_world_from_sensor_carla": [
        [
          0.9134886860847473,
          -0.4067148268222809,
          0.011018198914825916,
          106.18311309814453
        ],
        [
          0.4067707359790802,
          0.9135242104530334,
          -0.0033221901394426823,
          -30.388553619384766
        ],
        [
          -0.008714207448065281,
          0.007516663987189531,
          0.9999337792396545,
          1.6910151243209839
        ],
        [
          0.0,
          0.0,
          0.0,
          1.0
        ]
      ],
      "matrix_world_from_sensor_bevfusion": [
        [
          -0.4067148268222809,
          -0.011018198914825916,
          0.9134886860847473,
          106.18311309814453
        ],
        [
          -0.9135242104530334,
          -0.0033221901394426823,
          -0.4067707359790802,
          30.388553619384766
        ],
        [
          0.007516663987189531,
          -0.9999337792396545,
          -0.008714207448065281,
          1.6910151243209839
        ],
        [
          0.0,
          0.0,
          0.0,
          1.0
        ]
      ],
      "matrix_ego_from_sensor_carla": [
        [
          -0.5735760927200317,
          -0.8191523551940918,
          8.000633044957794e-08,
          -1.2999963760375977
        ],
        [
          0.8191524147987366,
          -0.573576033115387,
          -3.062415387944384e-08,
          0.5500030517578125
        ],
        [
          7.04219615954571e-08,
          4.75301646929438e-08,
          1.0,
          1.7000000476837158
        ],
        [
          0.0,
          0.0,
          0.0,
          1.0
        ]
      ],
      "matrix_ego_from_sensor_bevfusion": [
        [
          -0.8191523551940918,
          -8.000633044957794e-08,
          -0.5735760927200317,
          -1.2999963760375977
        ],
        [
          0.573576033115387,
          -3.062415387944384e-08,
          -0.8191524147987366,
          -0.5500030517578125
        ],
        [
          4.75301646929438e-08,
          -1.0,
          7.04219615954571e-08,
          1.7000000476837158
        ],
        [
          0.0,
          0.0,
          0.0,
          1.0
        ]
      ],
      "camera_intrinsics": [
        [
          685.5110473632812,
          0.0,
          480.0
        ],
        [
          0.0,
          685.5110473632812,
          270.0
        ],
        [
          0.0,
          0.0,
          1.0
        ]
      ],
      "data_path": "D:\\Agent-AI\\outputs\\s3a_ml_long_v2\\sample_000016\\images\\CAM_BACK_RIGHT.png",
      "raw_layout": "bgra8"
    },
    "LIDAR_TOP": {
      "type_id": "sensor.lidar.ray_cast",
      "blueprint_attributes": {
        "atmosphere_attenuation_rate": "0.004",
        "role_name": "front",
        "noise_seed": "0",
        "upper_fov": "10.0",
        "ros_name": "sensor.lidar.ray_cast",
        "sensor_tick": "0.100000",
        "channels": "32",
        "range": "120.0",
        "points_per_second": "360000",
        "lower_fov": "-30.0",
        "rotation_frequency": "10.000000",
        "horizontal_fov": "360.0",
        "dropoff_general_rate": "0.0",
        "dropoff_intensity_limit": "1.0",
        "noise_stddev": "0.0",
        "dropoff_zero_intensity": "0.0"
      },
      "transform_carla": {
        "location": {
          "x": 105.40072631835938,
          "y": -31.561410903930664,
          "z": 2.195772647857666
        },
        "rotation": {
          "roll": 0.6560326814651489,
          "pitch": -0.0664030984044075,
          "yaw": -100.9991226196289
        }
      },
      "matrix_world_from_sensor_carla": [
        [
          -0.19079381227493286,
          0.9815682172775269,
          0.011018243618309498,
          105.40072631835938
        ],
        [
          -0.9816294312477112,
          -0.19076840579509735,
          -0.0033221174962818623,
          -31.561410903930664
        ],
        [
          -0.0011589524801820517,
          -0.011449672281742096,
          0.9999337792396545,
          2.195772647857666
        ],
        [
          0.0,
          0.0,
          0.0,
          1.0
        ]
      ],
      "matrix_world_from_sensor_bevfusion": [
        [
          -0.19079381227493286,
          -0.9815682172775269,
          0.011018243618309498,
          105.40072631835938
        ],
        [
          0.9816294312477112,
          -0.19076840579509735,
          0.0033221174962818623,
          31.561410903930664
        ],
        [
          -0.0011589524801820517,
          0.011449672281742096,
          0.9999337792396545,
          2.195772647857666
        ],
        [
          0.0,
          0.0,
          0.0,
          1.0
        ]
      ],
      "matrix_ego_from_sensor_carla": [
        [
          1.0,
          9.54082590709504e-09,
          2.900193973864873e-11,
          4.76837158203125e-06
        ],
        [
          -1.7001759999857313e-08,
          1.0,
          -8.218324354380968e-10,
          0.0
        ],
        [
          2.9017357960903212e-11,
          -8.218941083271147e-10,
          1.0,
          2.1999998092651367
        ],
        [
          0.0,
          0.0,
          0.0,
          1.0
        ]
      ],
      "matrix_ego_from_sensor_bevfusion": [
        [
          1.0,
          -9.54082590709504e-09,
          2.900193973864873e-11,
          4.76837158203125e-06
        ],
        [
          1.7001759999857313e-08,
          1.0,
          8.218324354380968e-10,
          0.0
        ],
        [
          2.9017357960903212e-11,
          8.218941083271147e-10,
          1.0,
          2.1999998092651367
        ],
        [
          0.0,
          0.0,
          0.0,
          1.0
        ]
      ],
      "data_path": "D:\\Agent-AI\\outputs\\s3a_ml_long_v2\\sample_000016\\lidar\\LIDAR_TOP.npy",
      "raw_layout": [
        "x",
        "y",
        "z",
        "intensity"
      ]
    },
    "RADAR_FRONT": {
      "type_id": "sensor.other.radar",
      "blueprint_attributes": {
        "sensor_tick": "0.100000",
        "role_name": "default",
        "noise_seed": "0",
        "ros_name": "sensor.other.radar",
        "horizontal_fov": "35.0",
        "points_per_second": "1500",
        "vertical_fov": "20.0",
        "range": "120.0"
      },
      "transform_carla": {
        "location": {
          "x": 105.00482177734375,
          "y": -33.52035140991211,
          "z": 0.8935407996177673
        },
        "rotation": {
          "roll": 0.6560326814651489,
          "pitch": -0.0664030984044075,
          "yaw": -100.9991226196289
        }
      },
      "matrix_world_from_sensor_carla": [
        [
          -0.19079381227493286,
          0.9815682172775269,
          0.011018243618309498,
          105.00482177734375
        ],
        [
          -0.9816294312477112,
          -0.19076840579509735,
          -0.0033221174962818623,
          -33.52035140991211
        ],
        [
          -0.0011589524801820517,
          -0.011449672281742096,
          0.9999337792396545,
          0.8935407996177673
        ],
        [
          0.0,
          0.0,
          0.0,
          1.0
        ]
      ],
      "matrix_world_from_sensor_bevfusion": [
        [
          -0.19079381227493286,
          -0.9815682172775269,
          0.011018243618309498,
          105.00482177734375
        ],
        [
          0.9816294312477112,
          -0.19076840579509735,
          0.0033221174962818623,
          33.52035140991211
        ],
        [
          -0.0011589524801820517,
          0.011449672281742096,
          0.9999337792396545,
          0.8935407996177673
        ],
        [
          0.0,
          0.0,
          0.0,
          1.0
        ]
      ],
      "matrix_ego_from_sensor_carla": [
        [
          1.0,
          9.54082590709504e-09,
          2.900193973864873e-11,
          2.000004768371582
        ],
        [
          -1.7001759999857313e-08,
          1.0,
          -8.218324354380968e-10,
          0.0
        ],
        [
          2.9017357960903212e-11,
          -8.218941083271147e-10,
          1.0,
          0.8999998569488525
        ],
        [
          0.0,
          0.0,
          0.0,
          1.0
        ]
      ],
      "matrix_ego_from_sensor_bevfusion": [
        [
          1.0,
          -9.54082590709504e-09,
          2.900193973864873e-11,
          2.000004768371582
        ],
        [
          1.7001759999857313e-08,
          1.0,
          8.218324354380968e-10,
          0.0
        ],
        [
          2.9017357960903212e-11,
          8.218941083271147e-10,
          1.0,
          0.8999998569488525
        ],
        [
          0.0,
          0.0,
          0.0,
          1.0
        ]
      ],
      "data_path": "D:\\Agent-AI\\outputs\\s3a_ml_long_v2\\sample_000016\\radar\\RADAR_FRONT.npy",
      "raw_layout": [
        "velocity",
        "altitude",
        "azimuth",
        "depth"
      ]
    },
    "RADAR_FRONT_LEFT": {
      "type_id": "sensor.other.radar",
      "blueprint_attributes": {
        "sensor_tick": "0.100000",
        "role_name": "default",
        "noise_seed": "0",
        "ros_name": "sensor.other.radar",
        "horizontal_fov": "35.0",
        "points_per_second": "1500",
        "vertical_fov": "20.0",
        "range": "120.0"
      },
      "transform_carla": {
        "location": {
          "x": 104.3354263305664,
          "y": -33.0337028503418,
          "z": 0.9025337100028992
        },
        "rotation": {
          "roll": 0.5108513236045837,
          "pitch": 0.41692155599594116,
          "yaw": -145.99685668945312
        }
      },
      "matrix_world_from_sensor_carla": [
        [
          -0.8289849162101746,
          0.5591624975204468,
          0.01101822778582573,
          104.3354263305664
        ],
        [
          -0.5592237114906311,
          -0.8290101885795593,
          -0.0033221705816686153,
          -33.0337028503418
        ],
        [
          0.0072765895165503025,
          -0.008915683254599571,
          0.9999337792396545,
          0.9025337100028992
        ],
        [
          0.0,
          0.0,
          0.0,
          1.0
        ]
      ],
      "matrix_world_from_sensor_bevfusion": [
        [
          -0.8289849162101746,
          -0.5591624975204468,
          0.01101822778582573,
          104.3354263305664
        ],
        [
          0.5592237114906311,
          -0.8290101885795593,
          0.0033221705816686153,
          33.0337028503418
        ],
        [
          0.0072765895165503025,
          0.008915683254599571,
          0.9999337792396545,
          0.9025337100028992
        ],
        [
          0.0,
          0.0,
          0.0,
          1.0
        ]
      ],
      "matrix_ego_from_sensor_carla": [
        [
          0.7071073055267334,
          0.7071064114570618,
          5.520986334772715e-08,
          1.6500015258789062
        ],
        [
          -0.7071064710617065,
          0.7071073055267334,
          -5.478445253004338e-09,
          -0.7499923706054688
        ],
        [
          -4.3674020844264305e-08,
          -3.451412311505919e-08,
          1.0,
          0.8999998569488525
        ],
        [
          0.0,
          0.0,
          0.0,
          1.0
        ]
      ],
      "matrix_ego_from_sensor_bevfusion": [
        [
          0.7071073055267334,
          -0.7071064114570618,
          5.520986334772715e-08,
          1.6500015258789062
        ],
        [
          0.7071064710617065,
          0.7071073055267334,
          5.478445253004338e-09,
          0.7499923706054688
        ],
        [
          -4.3674020844264305e-08,
          3.451412311505919e-08,
          1.0,
          0.8999998569488525
        ],
        [
          0.0,
          0.0,
          0.0,
          1.0
        ]
      ],
      "data_path": "D:\\Agent-AI\\outputs\\s3a_ml_long_v2\\sample_000016\\radar\\RADAR_FRONT_LEFT.npy",
      "raw_layout": [
        "velocity",
        "altitude",
        "azimuth",
        "depth"
      ]
    },
    "RADAR_FRONT_RIGHT": {
      "type_id": "sensor.other.radar",
      "blueprint_attributes": {
        "sensor_tick": "0.100000",
        "role_name": "default",
        "noise_seed": "0",
        "ros_name": "sensor.other.radar",
        "horizontal_fov": "35.0",
        "points_per_second": "1500",
