{
  "schema_version": "stage1.v1",
  "sample_name": "sample_000007",
  "sequence_index": 7,
  "previous_sample_name": "sample_000006",
  "frame_id": 3927,
  "timestamp": 39.8310865573585,
  "platform_timestamp": 16816483.7340441,
  "delta_seconds": 0.10000000149011612,
  "town": "Carla/Maps/Town10HD_Opt",
  "weather": {
    "cloudiness": 20.0,
    "dust_storm": 0.0,
    "fog_density": 2.0,
    "fog_distance": 0.75,
    "fog_falloff": 0.10000000149011612,
    "mie_scattering_scale": 0.029999999329447746,
    "precipitation": 0.0,
    "precipitation_deposits": 0.0,
    "rayleigh_scattering_scale": 0.03310000151395798,
    "scattering_intensity": 1.0,
    "sun_altitude_angle": 45.0,
    "sun_azimuth_angle": 300.0,
    "wetness": 0.0,
    "wind_intensity": 10.0
  },
  "sensor_names": [
    "CAM_FRONT",
    "CAM_FRONT_RIGHT",
    "CAM_FRONT_LEFT",
    "CAM_BACK",
    "CAM_BACK_LEFT",
    "CAM_BACK_RIGHT",
    "LIDAR_TOP",
    "RADAR_FRONT",
    "RADAR_FRONT_LEFT",
    "RADAR_FRONT_RIGHT",
    "RADAR_BACK_LEFT",
    "RADAR_BACK_RIGHT"
  ],
  "camera_order_for_model": [
    "CAM_FRONT",
    "CAM_FRONT_RIGHT",
    "CAM_FRONT_LEFT",
    "CAM_BACK",
    "CAM_BACK_LEFT",
    "CAM_BACK_RIGHT"
  ],
  "radar_order_for_model": [
    "RADAR_FRONT",
    "RADAR_FRONT_LEFT",
    "RADAR_FRONT_RIGHT",
    "RADAR_BACK_LEFT",
    "RADAR_BACK_RIGHT"
  ],
  "coordinate_notes": {
    "carla_world": "left-handed x-forward y-right z-up",
    "bevfusion_lidar": "x-forward y-left z-up",
    "camera_frame_for_model": "OpenCV style x-right y-down z-forward"
  },
  "ego": {
    "actor_id": 24,
    "transform_carla": {
      "location": {
        "x": 109.84403228759766,
        "y": -23.142683029174805,
        "z": -0.005598754622042179
      },
      "rotation": {
        "roll": 0.17282423377037048,
        "pitch": 0.37668490409851074,
        "yaw": -91.81490325927734
      }
    },
    "velocity_carla": [
      -0.3138306438922882,
      -5.349920749664307,
      -0.00018462180742062628
    ],
    "angular_velocity_carla": [
      1.5646806955337524,
      1.0052090883255005,
      -7.135815143585205
    ],
    "matrix_world_from_ego_carla": [
      [
        -0.03166999667882919,
        0.9994931817054749,
        0.003223047126084566,
        109.84403228759766
      ],
      [
        -0.9994767308235168,
        -0.031690359115600586,
        0.006475486792623997,
        -23.142683029174805
      ],
      [
        0.006574344355612993,
        -0.003016282105818391,
        0.9999738335609436,
        -0.005598754622042179
      ],
      [
        0.0,
        0.0,
        0.0,
        1.0
      ]
    ],
    "matrix_world_from_ego_bevfusion": [
      [
        -0.03166999667882919,
        -0.9994931817054749,
        0.003223047126084566,
        109.84403228759766
      ],
      [
        0.9994767308235168,
        -0.031690359115600586,
        -0.006475486792623997,
        23.142683029174805
      ],
      [
        0.006574344355612993,
        0.003016282105818391,
        0.9999738335609436,
        -0.005598754622042179
      ],
      [
        0.0,
        0.0,
        0.0,
        1.0
      ]
    ]
  },
  "sensors": {
    "CAM_FRONT": {
      "type_id": "sensor.camera.rgb",
      "blueprint_attributes": {
        "role_name": "front",
        "ros_name": "sensor.camera.rgb",
        "chromatic_aberration_offset": "0.0",
        "sensor_tick": "0.100000",
        "fstop": "1.4",
        "image_size_x": "960",
        "image_size_y": "540",
        "fov": "70.00",
        "lens_circle_falloff": "5.0",
        "lens_circle_multiplier": "0.0",
        "exposure_compensation": "0.0",
        "lens_y_size": "0.08",
        "lens_k": "-1.0",
        "exposure_mode": "histogram",
        "lens_kcube": "0.0",
        "lens_x_size": "0.08",
        "exposure_max_bright": "12.0",
        "shutter_speed": "200.0",
        "bloom_intensity": "0.675",
        "iso": "100.0",
        "enable_postprocess_effects": "false",
        "gamma": "2.2",
        "motion_blur_intensity": "0.0",
        "motion_blur_max_distortion": "0.35",
        "lens_flare_intensity": "0.1",
        "motion_blur_min_object_screen_size": "0.1",
        "exposure_min_bright": "10.0",
        "exposure_speed_up": "3.0",
        "exposure_speed_down": "1.0",
        "tint": "0.0",
        "calibration_constant": "16.0",
        "focal_distance": "1000.0",
        "min_fstop": "1.2",
        "blade_count": "5",
        "blur_amount": "0.0",
        "blur_radius": "0.0",
        "slope": "0.88",
        "toe": "0.55",
        "white_clip": "0.04",
        "shoulder": "0.26",
        "black_clip": "0.0",
        "temp": "6500.0",
        "chromatic_aberration_intensity": "0.0"
      },
      "transform_carla": {
        "location": {
          "x": 109.8004150390625,
          "y": -24.680864334106445,
          "z": 1.7045469284057617
        },
        "rotation": {
          "roll": 0.17282423377037048,
          "pitch": 0.37668490409851074,
          "yaw": -91.81490325927734
        }
      },
      "matrix_world_from_sensor_carla": [
        [
          -0.03166999667882919,
          0.9994931817054749,
          0.003223047126084566,
          109.8004150390625
        ],
        [
          -0.9994767308235168,
          -0.031690359115600586,
          0.006475486792623997,
          -24.680864334106445
        ],
        [
          0.006574344355612993,
          -0.003016282105818391,
          0.9999738335609436,
          1.7045469284057617
        ],
        [
          0.0,
          0.0,
          0.0,
          1.0
        ]
      ],
      "matrix_world_from_sensor_bevfusion": [
        [
          0.9994931817054749,
          -0.003223047126084566,
          -0.03166999667882919,
          109.8004150390625
        ],
        [
          0.031690359115600586,
          0.006475486792623997,
          0.9994767308235168,
          24.680864334106445
        ],
        [
          -0.003016282105818391,
          -0.9999738335609436,
          0.006574344355612993,
          1.7045469284057617
        ],
        [
          0.0,
          0.0,
          0.0,
          1.0
        ]
      ],
      "matrix_ego_from_sensor_carla": [
        [
          1.0,
          2.091415235438987e-10,
          2.6748320225422617e-10,
          1.5500011444091797
        ],
        [
          2.0477253226403036e-09,
          1.0,
          -4.226299865628391e-12,
          -1.52587890625e-05
        ],
        [
          2.6749538695192143e-10,
          -4.226299865628391e-12,
          1.0,
          1.6999999284744263
        ],
        [
          0.0,
          0.0,
          0.0,
          1.0
        ]
      ],
      "matrix_ego_from_sensor_bevfusion": [
        [
          2.091415235438987e-10,
          -2.6748320225422617e-10,
          1.0,
          1.5500011444091797
        ],
        [
          -1.0,
          -4.226299865628391e-12,
          -2.0477253226403036e-09,
          1.52587890625e-05
        ],
        [
          -4.226299865628391e-12,
          -1.0,
          2.6749538695192143e-10,
          1.6999999284744263
        ],
        [
          0.0,
          0.0,
          0.0,
          1.0
        ]
      ],
      "camera_intrinsics": [
        [
          685.5110473632812,
          0.0,
          480.0
        ],
        [
          0.0,
          685.5110473632812,
          270.0
        ],
        [
          0.0,
          0.0,
          1.0
        ]
      ],
      "data_path": "D:\\Agent-AI\\outputs\\s3a_left_v3\\sample_000007\\images\\CAM_FRONT.png",
      "raw_layout": "bgra8"
    },
    "CAM_FRONT_RIGHT": {
      "type_id": "sensor.camera.rgb",
      "blueprint_attributes": {
        "role_name": "front",
        "ros_name": "sensor.camera.rgb",
        "chromatic_aberration_offset": "0.0",
        "sensor_tick": "0.100000",
        "fstop": "1.4",
        "image_size_x": "960",
        "image_size_y": "540",
        "fov": "70.00",
        "lens_circle_falloff": "5.0",
        "lens_circle_multiplier": "0.0",
        "exposure_compensation": "0.0",
        "lens_y_size": "0.08",
        "lens_k": "-1.0",
        "exposure_mode": "histogram",
        "lens_kcube": "0.0",
        "lens_x_size": "0.08",
        "exposure_max_bright": "12.0",
        "shutter_speed": "200.0",
        "bloom_intensity": "0.675",
        "iso": "100.0",
        "enable_postprocess_effects": "false",
        "gamma": "2.2",
        "motion_blur_intensity": "0.0",
        "motion_blur_max_distortion": "0.35",
        "lens_flare_intensity": "0.1",
        "motion_blur_min_object_screen_size": "0.1",
        "exposure_min_bright": "10.0",
        "exposure_speed_up": "3.0",
        "exposure_speed_down": "1.0",
        "tint": "0.0",
        "calibration_constant": "16.0",
        "focal_distance": "1000.0",
        "min_fstop": "1.2",
        "blade_count": "5",
        "blur_amount": "0.0",
        "blur_radius": "0.0",
        "slope": "0.88",
        "toe": "0.55",
        "white_clip": "0.04",
        "shoulder": "0.26",
        "black_clip": "0.0",
        "temp": "6500.0",
        "chromatic_aberration_intensity": "0.0"
      },
      "transform_carla": {
        "location": {
          "x": 110.35806274414062,
          "y": -24.44842529296875,
          "z": 1.7012444734573364
        },
        "rotation": {
          "roll": 0.4076893627643585,
          "pitch": 0.07449004054069519,
          "yaw": -36.815208435058594
        }
      },
      "matrix_world_from_sensor_carla": [
        [
          0.8005716800689697,
          0.5992283225059509,
          0.0032230468932539225,
          110.35806274414062
        ],
        [
          -0.5992356538772583,
          0.8005465269088745,
          0.006475486326962709,
          -24.44842529296875
        ],
        [
          0.0013000961625948548,
          -0.007115455344319344,
          0.9999738335609436,
          1.7012444734573364
        ],
        [
          0.0,
          0.0,
          0.0,
          1.0
        ]
      ],
      "matrix_world_from_sensor_bevfusion": [
        [
          0.5992283225059509,
          -0.0032230468932539225,
          0.8005716800689697,
          110.35806274414062
        ],
        [
          -0.8005465269088745,
          0.006475486326962709,
          0.5992356538772583,
          24.44842529296875
        ],
        [
          -0.007115455344319344,
          -0.9999738335609436,
          0.0013000961625948548,
          1.7012444734573364
        ],
        [
          0.0,
          0.0,
          0.0,
          1.0
        ]
      ],
      "matrix_ego_from_sensor_carla": [
        [
          0.5735765695571899,
          -0.8191519975662231,
          7.331444895619654e-10,
          1.3000011444091797
        ],
        [
          0.8191519975662231,
          0.5735765099525452,
          -2.370569296417102e-10,
          0.5499954223632812
        ],
        [
          -2.584436831210013e-10,
          3.8727498985480224e-10,
          1.0,
          1.7000000476837158
        ],
        [
          0.0,
          0.0,
          0.0,
          1.0
        ]
      ],
      "matrix_ego_from_sensor_bevfusion": [
        [
          -0.8191519975662231,
          -7.331444895619654e-10,
          0.5735765695571899,
          1.3000011444091797
        ],
        [
          -0.5735765099525452,
          -2.370569296417102e-10,
          -0.8191519975662231,
          -0.5499954223632812
        ],
        [
          3.8727498985480224e-10,
          -1.0,
          -2.584436831210013e-10,
          1.7000000476837158
        ],
        [
          0.0,
          0.0,
          0.0,
          1.0
        ]
      ],
      "camera_intrinsics": [
        [
          685.5110473632812,
          0.0,
          480.0
        ],
        [
          0.0,
          685.5110473632812,
          270.0
        ],
        [
          0.0,
          0.0,
          1.0
        ]
      ],
      "data_path": "D:\\Agent-AI\\outputs\\s3a_left_v3\\sample_000007\\images\\CAM_FRONT_RIGHT.png",
      "raw_layout": "bgra8"
    },
    "CAM_FRONT_LEFT": {
      "type_id": "sensor.camera.rgb",
      "blueprint_attributes": {
        "role_name": "front",
        "ros_name": "sensor.camera.rgb",
        "chromatic_aberration_offset": "0.0",
        "sensor_tick": "0.100000",
        "fstop": "1.4",
        "image_size_x": "960",
        "image_size_y": "540",
        "fov": "70.00",
        "lens_circle_falloff": "5.0",
        "lens_circle_multiplier": "0.0",
        "exposure_compensation": "0.0",
        "lens_y_size": "0.08",
        "lens_k": "-1.0",
        "exposure_mode": "histogram",
        "lens_kcube": "0.0",
        "lens_x_size": "0.08",
        "exposure_max_bright": "12.0",
        "shutter_speed": "200.0",
        "bloom_intensity": "0.675",
        "iso": "100.0",
        "enable_postprocess_effects": "false",
        "gamma": "2.2",
        "motion_blur_intensity": "0.0",
        "motion_blur_max_distortion": "0.35",
        "lens_flare_intensity": "0.1",
        "motion_blur_min_object_screen_size": "0.1",
        "exposure_min_bright": "10.0",
        "exposure_speed_up": "3.0",
        "exposure_speed_down": "1.0",
        "tint": "0.0",
        "calibration_constant": "16.0",
        "focal_distance": "1000.0",
        "min_fstop": "1.2",
        "blade_count": "5",
        "blur_amount": "0.0",
        "blur_radius": "0.0",
        "slope": "0.88",
        "toe": "0.55",
        "white_clip": "0.04",
        "shoulder": "0.26",
        "black_clip": "0.0",
        "temp": "6500.0",
        "chromatic_aberration_intensity": "0.0"
      },
      "transform_carla": {
        "location": {
          "x": 109.25862121582031,
          "y": -24.413564682006836,
          "z": 1.7045623064041138
        },
        "rotation": {
          "roll": -0.20943887531757355,
          "pitch": 0.35762184858322144,
          "yaw": -146.8161163330078
        }
      },
      "matrix_world_from_sensor_carla": [
        [
          -0.8369019627571106,
          0.5473432540893555,
          0.0032230098731815815,
          109.25862121582031
        ],
        [
          -0.5473171472549438,
          -0.8369001746177673,
          0.006475462112575769,
          -24.413564682006836
        ],
        [
          0.006241638213396072,
          0.0036553186364471912,
          0.9999738335609436,
          1.7045623064041138
        ],
        [
          0.0,
          0.0,
          0.0,
          1.0
        ]
      ],
      "matrix_world_from_sensor_bevfusion": [
        [
          0.5473432540893555,
          -0.0032230098731815815,
          -0.8369019627571106,
          109.25862121582031
        ],
        [
          0.8369001746177673,
          0.006475462112575769,
          0.5473171472549438,
          24.413564682006836
        ],
        [
          0.0036553186364471912,
          -0.9999738335609436,
          0.006241638213396072,
          1.7045623064041138
        ],
        [
          0.0,
          0.0,
          0.0,
          1.0
        ]
      ],
      "matrix_ego_from_sensor_carla": [
        [
          0.5735764503479004,
          0.8191519379615784,
          2.587885461480255e-08,
          1.2999992370605469
        ],
        [
          -0.8191519975662231,
          0.5735765099525452,
          -3.6558638782935304e-08,
          -0.5500030517578125
        ],
        [
          -4.457781699329644e-08,
          4.6722209434690853e-11,
          1.0,
          1.6999999284744263
        ],
        [
          0.0,
          0.0,
          0.0,
          1.0
        ]
      ],
      "matrix_ego_from_sensor_bevfusion": [
        [
          0.8191519379615784,
          -2.587885461480255e-08,
          0.5735764503479004,
          1.2999992370605469
        ],
        [
          -0.5735765099525452,
          -3.6558638782935304e-08,
          0.8191519975662231,
          0.5500030517578125
        ],
        [
          4.6722209434690853e-11,
          -1.0,
          -4.457781699329644e-08,
          1.6999999284744263
        ],
        [
          0.0,
          0.0,
          0.0,
          1.0
        ]
      ],
      "camera_intrinsics": [
        [
          685.5110473632812,
          0.0,
          480.0
        ],
        [
          0.0,
          685.5110473632812,
          270.0
        ],
        [
          0.0,
          0.0,
          1.0
        ]
      ],
      "data_path": "D:\\Agent-AI\\outputs\\s3a_left_v3\\sample_000007\\images\\CAM_FRONT_LEFT.png",
      "raw_layout": "bgra8"
    },
    "CAM_BACK": {
      "type_id": "sensor.camera.rgb",
      "blueprint_attributes": {
        "role_name": "front",
        "ros_name": "sensor.camera.rgb",
        "chromatic_aberration_offset": "0.0",
        "sensor_tick": "0.100000",
        "fstop": "1.4",
        "image_size_x": "960",
        "image_size_y": "540",
        "fov": "70.00",
        "lens_circle_falloff": "5.0",
        "lens_circle_multiplier": "0.0",
        "exposure_compensation": "0.0",
        "lens_y_size": "0.08",
        "lens_k": "-1.0",
        "exposure_mode": "histogram",
        "lens_kcube": "0.0",
        "lens_x_size": "0.08",
        "exposure_max_bright": "12.0",
        "shutter_speed": "200.0",
        "bloom_intensity": "0.675",
        "iso": "100.0",
        "enable_postprocess_effects": "false",
        "gamma": "2.2",
        "motion_blur_intensity": "0.0",
        "motion_blur_max_distortion": "0.35",
        "lens_flare_intensity": "0.1",
        "motion_blur_min_object_screen_size": "0.1",
        "exposure_min_bright": "10.0",
        "exposure_speed_up": "3.0",
        "exposure_speed_down": "1.0",
        "tint": "0.0",
        "calibration_constant": "16.0",
        "focal_distance": "1000.0",
        "min_fstop": "1.2",
        "blade_count": "5",
        "blur_amount": "0.0",
        "blur_radius": "0.0",
        "slope": "0.88",
        "toe": "0.55",
        "white_clip": "0.04",
        "shoulder": "0.26",
        "black_clip": "0.0",
        "temp": "6500.0",
        "chromatic_aberration_intensity": "0.0"
      },
      "transform_carla": {
        "location": {
          "x": 109.89859771728516,
          "y": -21.58248519897461,
          "z": 1.6841665506362915
        },
        "rotation": {
          "roll": -0.17282435297966003,
          "pitch": -0.37668490409851074,
          "yaw": 88.18509674072266
        }
      },
      "matrix_world_from_sensor_carla": [
        [
          0.03167002648115158,
          -0.9994931817054749,
          0.0032230494543910027,
          109.89859771728516
        ],
        [
          0.9994767308235168,
          0.031690388917922974,
          0.006475486792623997,
          -21.58248519897461
        ],
        [
          -0.006574344355612993,
          0.0030162842012941837,
          0.9999738335609436,
          1.6841665506362915
        ],
        [
          0.0,
          0.0,
          0.0,
          1.0
        ]
      ],
      "matrix_world_from_sensor_bevfusion": [
        [
          -0.9994931817054749,
          -0.0032230494543910027,
          0.03167002648115158,
          109.89859771728516
        ],
        [
          -0.031690388917922974,
          0.006475486792623997,
          -0.9994767308235168,
          21.58248519897461
        ],
        [
          0.0030162842012941837,
          -0.9999738335609436,
          -0.006574344355612993,
          1.6841665506362915
        ],
        [
          0.0,
          0.0,
          0.0,
          1.0
        ]
      ],
      "matrix_ego_from_sensor_carla": [
        [
          -1.0,
          -2.9983134197664185e-08,
          2.6748320225422617e-10,
          -1.5500011444091797
        ],
        [
          2.7754596843010404e-08,
          -1.0,
          2.3240800395285532e-09,
          -7.62939453125e-06
        ],
        [
          1.9816590035581783e-10,
          2.332477988531423e-09,
          1.0,
          1.7000000476837158
        ],
        [
          0.0,
          0.0,
          0.0,
          1.0
        ]
      ],
      "matrix_ego_from_sensor_bevfusion": [
        [
          -2.9983134197664185e-08,
          -2.6748320225422617e-10,
          -1.0,
          -1.5500011444091797
        ],
        [
          1.0,
          2.3240800395285532e-09,
          -2.7754596843010404e-08,
          7.62939453125e-06
        ],
        [
          2.332477988531423e-09,
          -1.0,
          1.9816590035581783e-10,
          1.7000000476837158
        ],
        [
          0.0,
          0.0,
          0.0,
          1.0
        ]
      ],
      "camera_intrinsics": [
        [
          685.5110473632812,
          0.0,
          480.0
        ],
        [
          0.0,
          685.5110473632812,
          270.0
        ],
        [
          0.0,
          0.0,
          1.0
        ]
      ],
      "data_path": "D:\\Agent-AI\\outputs\\s3a_left_v3\\sample_000007\\images\\CAM_BACK.png",
      "raw_layout": "bgra8"
    },
    "CAM_BACK_LEFT": {
      "type_id": "sensor.camera.rgb",
      "blueprint_attributes": {
        "role_name": "front",
        "ros_name": "sensor.camera.rgb",
        "chromatic_aberration_offset": "0.0",
        "sensor_tick": "0.100000",
        "fstop": "1.4",
        "image_size_x": "960",
        "image_size_y": "540",
        "fov": "70.00",
        "lens_circle_falloff": "5.0",
        "lens_circle_multiplier": "0.0",
        "exposure_compensation": "0.0",
        "lens_y_size": "0.08",
        "lens_k": "-1.0",
        "exposure_mode": "histogram",
        "lens_kcube": "0.0",
        "lens_x_size": "0.08",
        "exposure_max_bright": "12.0",
        "shutter_speed": "200.0",
        "bloom_intensity": "0.675",
        "iso": "100.0",
        "enable_postprocess_effects": "false",
        "gamma": "2.2",
        "motion_blur_intensity": "0.0",
        "motion_blur_max_distortion": "0.35",
        "lens_flare_intensity": "0.1",
        "motion_blur_min_object_screen_size": "0.1",
        "exposure_min_bright": "10.0",
        "exposure_speed_up": "3.0",
        "exposure_speed_down": "1.0",
        "tint": "0.0",
        "calibration_constant": "16.0",
        "focal_distance": "1000.0",
        "min_fstop": "1.2",
        "blade_count": "5",
        "blur_amount": "0.0",
        "blur_radius": "0.0",
        "slope": "0.88",
        "toe": "0.55",
        "white_clip": "0.04",
        "shoulder": "0.26",
        "black_clip": "0.0",
        "temp": "6500.0",
        "chromatic_aberration_intensity": "0.0"
      },
      "transform_carla": {
        "location": {
          "x": 109.3409652709961,
          "y": -21.814924240112305,
          "z": 1.6874690055847168
        },
        "rotation": {
          "roll": -0.4076893925666809,
          "pitch": -0.07449004054069519,
          "yaw": 143.18479919433594
        }
      },
      "matrix_world_from_sensor_carla": [
        [
          -0.8005716800689697,
          -0.5992282629013062,
          0.0032230468932539225,
          109.3409652709961
        ],
        [
          0.5992355942726135,
          -0.8005465269088745,
          0.006475487258285284,
          -21.814924240112305
        ],
        [
          -0.0013000961625948548,
          0.007115456275641918,
          0.9999738335609436,
          1.6874690055847168
        ],
        [
          0.0,
          0.0,
          0.0,
          1.0
        ]
      ],
      "matrix_world_from_sensor_bevfusion": [
        [
          -0.5992282629013062,
          -0.0032230468932539225,
          -0.8005716800689697,
          109.3409652709961
        ],
        [
          0.8005465269088745,
          0.006475487258285284,
          -0.5992355942726135,
          21.814924240112305
        ],
        [
          0.007115456275641918,
          -0.9999738335609436,
          -0.0013000961625948548,
          1.6874690055847168
        ],
        [
          0.0,
          0.0,
          0.0,
          1.0
        ]
      ],
      "matrix_ego_from_sensor_carla": [
        [
          -0.5735765099525452,
          0.8191519975662231,
          -1.9817808505351309e-10,
          -1.3000011444091797
        ],
        [
          -0.8191519975662231,
          -0.5735764503479004,
          -2.370569296417102e-10,
          -0.5499954223632812
        ],
        [
          -2.0721760418673796e-10,
          5.440232153652858e-10,
          1.0,
          1.6999999284744263
        ],
        [
          0.0,
          0.0,
          0.0,
          1.0
        ]
      ],
      "matrix_ego_from_sensor_bevfusion": [
        [
          0.8191519975662231,
          1.9817808505351309e-10,
          -0.5735765099525452,
          -1.3000011444091797
        ],
        [
          0.5735764503479004,
          -2.370569296417102e-10,
          0.8191519975662231,
          0.5499954223632812
        ],
        [
          5.440232153652858e-10,
          -1.0,
          -2.0721760418673796e-10,
          1.6999999284744263
        ],
        [
          0.0,
          0.0,
          0.0,
          1.0
        ]
      ],
      "camera_intrinsics": [
        [
          685.5110473632812,
          0.0,
          480.0
        ],
        [
          0.0,
          685.5110473632812,
          270.0
        ],
        [
          0.0,
          0.0,
          1.0
        ]
      ],
      "data_path": "D:\\Agent-AI\\outputs\\s3a_left_v3\\sample_000007\\images\\CAM_BACK_LEFT.png",
      "raw_layout": "bgra8"
    },
    "CAM_BACK_RIGHT": {
      "type_id": "sensor.camera.rgb",
      "blueprint_attributes": {
        "role_name": "front",
        "ros_name": "sensor.camera.rgb",
        "chromatic_aberration_offset": "0.0",
        "sensor_tick": "0.100000",
        "fstop": "1.4",
        "image_size_x": "960",
        "image_size_y": "540",
        "fov": "70.00",
        "lens_circle_falloff": "5.0",
        "lens_circle_multiplier": "0.0",
        "exposure_compensation": "0.0",
        "lens_y_size": "0.08",
        "lens_k": "-1.0",
        "exposure_mode": "histogram",
        "lens_kcube": "0.0",
        "lens_x_size": "0.08",
        "exposure_max_bright": "12.0",
        "shutter_speed": "200.0",
        "bloom_intensity": "0.675",
        "iso": "100.0",
        "enable_postprocess_effects": "false",
        "gamma": "2.2",
        "motion_blur_intensity": "0.0",
        "motion_blur_max_distortion": "0.35",
        "lens_flare_intensity": "0.1",
        "motion_blur_min_object_screen_size": "0.1",
        "exposure_min_bright": "10.0",
        "exposure_speed_up": "3.0",
        "exposure_speed_down": "1.0",
        "tint": "0.0",
        "calibration_constant": "16.0",
        "focal_distance": "1000.0",
        "min_fstop": "1.2",
        "blade_count": "5",
        "blur_amount": "0.0",
        "blur_radius": "0.0",
        "slope": "0.88",
        "toe": "0.55",
        "white_clip": "0.04",
        "shoulder": "0.26",
        "black_clip": "0.0",
        "temp": "6500.0",
        "chromatic_aberration_intensity": "0.0"
      },
      "transform_carla": {
        "location": {
          "x": 110.44039916992188,
          "y": -21.84978485107422,
          "z": 1.684151291847229
        },
        "rotation": {
          "roll": 0.20943894982337952,
          "pitch": -0.35762184858322144,
          "yaw": 33.183868408203125
        }
      },
      "matrix_world_from_sensor_carla": [
        [
          0.8369020819664001,
          -0.5473430752754211,
          0.003223010338842869,
          110.44039916992188
        ],
        [
          0.5473169684410095,
          0.8369002938270569,
          0.006475462578237057,
          -21.84978485107422
        ],
        [
          -0.006241638213396072,
          -0.0036553198006004095,
          0.9999738335609436,
          1.684151291847229
        ],
        [
          0.0,
          0.0,
          0.0,
          1.0
        ]
      ],
      "matrix_world_from_sensor_bevfusion": [
        [
          -0.5473430752754211,
          -0.003223010338842869,
          0.8369020819664001,
          110.44039916992188
        ],
        [
          -0.8369002938270569,
          0.006475462578237057,
          -0.5473169684410095,
          21.84978485107422
        ],
        [
          -0.0036553198006004095,
          -0.9999738335609436,
          -0.006241638213396072,
          1.684151291847229
        ],
        [
          0.0,
          0.0,
          0.0,
          1.0
        ]
      ],
      "matrix_ego_from_sensor_carla": [
        [
          -0.5735763311386108,
          -0.8191520571708679,
          2.541319332749481e-08,
          -1.2999992370605469
        ],
        [
          0.8191521167755127,
          -0.5735763311386108,
          -3.6092977495627565e-08,
          0.54998779296875
        ],
        [
          4.364649441868096e-08,
          1.8613889596341693e-10,
          1.0,
          1.7000001668930054
        ],
        [
          0.0,
          0.0,
          0.0,
          1.0
        ]
      ],
      "matrix_ego_from_sensor_bevfusion": [
        [
          -0.8191520571708679,
          -2.541319332749481e-08,
          -0.5735763311386108,
          -1.2999992370605469
        ],
        [
          0.5735763311386108,
          -3.6092977495627565e-08,
          -0.8191521167755127,
          -0.54998779296875
        ],
        [
          1.8613889596341693e-10,
          -1.0,
          4.364649441868096e-08,
          1.7000001668930054
        ],
        [
          0.0,
          0.0,
          0.0,
          1.0
        ]
      ],
      "camera_intrinsics": [
        [
          685.5110473632812,
          0.0,
          480.0
        ],
        [
          0.0,
          685.5110473632812,
          270.0
        ],
        [
          0.0,
          0.0,
          1.0
        ]
      ],
      "data_path": "D:\\Agent-AI\\outputs\\s3a_left_v3\\sample_000007\\images\\CAM_BACK_RIGHT.png",
      "raw_layout": "bgra8"
    },
    "LIDAR_TOP": {
      "type_id": "sensor.lidar.ray_cast",
      "blueprint_attributes": {
        "atmosphere_attenuation_rate": "0.004",
        "role_name": "front",
        "noise_seed": "0",
        "upper_fov": "10.0",
        "ros_name": "sensor.lidar.ray_cast",
        "sensor_tick": "0.100000",
        "channels": "32",
        "range": "120.0",
        "points_per_second": "360000",
        "lower_fov": "-30.0",
        "rotation_frequency": "10.000000",
        "horizontal_fov": "360.0",
        "dropoff_general_rate": "0.0",
        "dropoff_intensity_limit": "1.0",
        "noise_stddev": "0.0",
        "dropoff_zero_intensity": "0.0"
      },
      "transform_carla": {
        "location": {
          "x": 109.85111999511719,
          "y": -23.128437042236328,
          "z": 2.1943435668945312
        },
        "rotation": {
          "roll": 0.17282423377037048,
          "pitch": 0.37668490409851074,
          "yaw": -91.81490325927734
        }
      },
      "matrix_world_from_sensor_carla": [
        [
          -0.03166999667882919,
          0.9994931817054749,
          0.003223047126084566,
          109.85111999511719
        ],
        [
          -0.9994767308235168,
          -0.031690359115600586,
          0.006475486792623997,
          -23.128437042236328
        ],
        [
          0.006574344355612993,
          -0.003016282105818391,
          0.9999738335609436,
          2.1943435668945312
        ],
        [
          0.0,
          0.0,
          0.0,
          1.0
        ]
      ],
      "matrix_world_from_sensor_bevfusion": [
        [
          -0.03166999667882919,
          -0.9994931817054749,
          0.003223047126084566,
          109.85111999511719
        ],
        [
          0.9994767308235168,
          -0.031690359115600586,
          -0.006475486792623997,
          23.128437042236328
        ],
        [
          0.006574344355612993,
          0.003016282105818391,
          0.9999738335609436,
          2.1943435668945312
        ],
        [
          0.0,
          0.0,
          0.0,
          1.0
        ]
      ],
      "matrix_ego_from_sensor_carla": [
        [
          1.0,
          2.091415235438987e-10,
          2.6748320225422617e-10,
          0.0
        ],
        [
          2.0477253226403036e-09,
          1.0,
          -4.226299865628391e-12,
          -7.62939453125e-06
        ],
        [
          2.6749538695192143e-10,
          -4.226299865628391e-12,
          1.0,
          2.1999998092651367
        ],
        [
          0.0,
          0.0,
          0.0,
          1.0
        ]
      ],
      "matrix_ego_from_sensor_bevfusion": [
        [
          1.0,
          -2.091415235438987e-10,
          2.6748320225422617e-10,
          0.0
        ],
        [
          -2.0477253226403036e-09,
          1.0,
          4.226299865628391e-12,
          7.62939453125e-06
        ],
        [
          2.6749538695192143e-10,
          4.226299865628391e-12,
          1.0,
          2.1999998092651367
        ],
        [
          0.0,
          0.0,
          0.0,
          1.0
        ]
      ],
      "data_path": "D:\\Agent-AI\\outputs\\s3a_left_v3\\sample_000007\\lidar\\LIDAR_TOP.npy",
      "raw_layout": [
        "x",
        "y",
        "z",
        "intensity"
      ]
    },
    "RADAR_FRONT": {
      "type_id": "sensor.other.radar",
      "blueprint_attributes": {
        "sensor_tick": "0.100000",
        "role_name": "default",
        "noise_seed": "0",
        "ros_name": "sensor.other.radar",
        "horizontal_fov": "35.0",
        "points_per_second": "1500",
        "vertical_fov": "20.0",
        "range": "120.0"
      },
      "transform_carla": {
        "location": {
          "x": 109.7835922241211,
          "y": -25.135807037353516,
          "z": 0.9075263738632202
        },
        "rotation": {
          "roll": 0.17282423377037048,
          "pitch": 0.37668490409851074,
          "yaw": -91.81490325927734
        }
      },
      "matrix_world_from_sensor_carla": [
        [
          -0.03166999667882919,
          0.9994931817054749,
          0.003223047126084566,
          109.7835922241211
        ],
        [
          -0.9994767308235168,
          -0.031690359115600586,
          0.006475486792623997,
          -25.135807037353516
        ],
        [
          0.006574344355612993,
          -0.003016282105818391,
          0.9999738335609436,
          0.9075263738632202
        ],
        [
          0.0,
          0.0,
          0.0,
          1.0
        ]
      ],
      "matrix_world_from_sensor_bevfusion": [
        [
          -0.03166999667882919,
          -0.9994931817054749,
          0.003223047126084566,
          109.7835922241211
        ],
        [
          0.9994767308235168,
          -0.031690359115600586,
          -0.006475486792623997,
          25.135807037353516
        ],
        [
          0.006574344355612993,
          0.003016282105818391,
          0.9999738335609436,
          0.9075263738632202
        ],
        [
          0.0,
          0.0,
          0.0,
          1.0
        ]
      ],
      "matrix_ego_from_sensor_carla": [
        [
          1.0,
          2.091415235438987e-10,
          2.6748320225422617e-10,
          1.9999980926513672
        ],
        [
          2.0477253226403036e-09,
          1.0,
          -4.226299865628391e-12,
          -7.62939453125e-06
        ],
        [
          2.6749538695192143e-10,
          -4.226299865628391e-12,
          1.0,
          0.8999999165534973
        ],
        [
          0.0,
          0.0,
          0.0,
          1.0
        ]
      ],
      "matrix_ego_from_sensor_bevfusion": [
        [
          1.0,
          -2.091415235438987e-10,
          2.6748320225422617e-10,
          1.9999980926513672
        ],
        [
          -2.0477253226403036e-09,
          1.0,
          4.226299865628391e-12,
          7.62939453125e-06
        ],
        [
          2.6749538695192143e-10,
          4.226299865628391e-12,
          1.0,
          0.8999999165534973
        ],
        [
          0.0,
          0.0,
          0.0,
          1.0
        ]
      ],
      "data_path": "D:\\Agent-AI\\outputs\\s3a_left_v3\\sample_000007\\radar\\RADAR_FRONT.npy",
      "raw_layout": [
        "velocity",
        "altitude",
        "azimuth",
        "depth"
      ]
    },
    "RADAR_FRONT_LEFT": {
      "type_id": "sensor.other.radar",
      "blueprint_attributes": {
        "sensor_tick": "0.100000",
        "role_name": "default",
        "noise_seed": "0",
        "ros_name": "sensor.other.radar",
        "horizontal_fov": "35.0",
        "points_per_second": "1500",
        "vertical_fov": "20.0",
        "range": "120.0"
      },
      "transform_carla": {
        "location": {
          "x": 109.04505920410156,
          "y": -24.762224197387695,
          "z": 0.9074875712394714
        },
        "rotation": {
          "roll": -0.14415563642978668,
          "pitch": 0.3885626196861267,
          "yaw": -136.81594848632812
        }
      },
      "matrix_world_from_sensor_carla": [
        [
          -0.7291423082351685,
          0.6843545436859131,
          0.003223080188035965,
          109.04505920410156
        ],
        [
          -0.6843284964561462,
          -0.7291450500488281,
          0.006475520320236683,
          -24.762224197387695
        ],
        [
          0.006781644653528929,
          0.0025159299839287996,
          0.9999738335609436,
          0.9074875712394714
        ],
        [
          0.0,
          0.0,
          0.0,
          1.0
        ]
      ],
      "matrix_world_from_sensor_bevfusion": [
        [
          -0.7291423082351685,
          -0.6843545436859131,
          0.003223080188035965,
          109.04505920410156
        ],
        [
          0.6843284964561462,
          -0.7291450500488281,
          -0.006475520320236683,
          24.762224197387695
        ],
        [
          0.006781644653528929,
          -0.0025159299839287996,
          0.9999738335609436,
          0.9074875712394714
        ],
        [
          0.0,
          0.0,
          0.0,
          1.0
        ]
      ],
      "matrix_ego_from_sensor_carla": [
        [
          0.7071069478988647,
          0.7071065902709961,
          -3.4191451447895815e-08,
          1.6499996185302734
        ],
        [
          -0.7071065902709961,
          0.7071070075035095,
          3.1893570451302367e-08,
          -0.7500076293945312
        ],
        [
          4.6997250535696367e-08,
          1.920788639253601e-09,
          1.0,
          0.8999999165534973
        ],
        [
          0.0,
          0.0,
          0.0,
          1.0
        ]
      ],
      "matrix_ego_from_sensor_bevfusion": [
        [
          0.7071069478988647,
          -0.7071065902709961,
          -3.4191451447895815e-08,
          1.6499996185302734
        ],
        [
          0.7071065902709961,
          0.7071070075035095,
          -3.1893570451302367e-08,
          0.7500076293945312
        ],
        [
          4.6997250535696367e-08,
          -1.920788639253601e-09,
          1.0,
          0.8999999165534973
        ],
        [
          0.0,
          0.0,
          0.0,
          1.0
        ]
      ],
      "data_path": "D:\\Agent-AI\\outputs\\s3a_left_v3\\sample_000007\\radar\\RADAR_FRONT_LEFT.npy",
      "raw_layout": [
        "velocity",
        "altitude",
        "azimuth",
        "depth"
      ]
    },
    "RADAR_FRONT_RIGHT": {
      "type_id": "sensor.other.radar",
      "blueprint_attributes": {
        "sensor_tick": "0.100000",
        "role_name": "default",
        "noise_seed": "0",
        "ros_name": "sensor.other.radar",
        "horizontal_fov": "35.0",
