{
  "schema_version": "stage1.v1",
  "sample_name": "sample_000065",
  "sequence_index": 65,
  "previous_sample_name": "sample_000064",
  "frame_id": 60066,
  "timestamp": 441.5197008475661,
  "platform_timestamp": 16814591.2105576,
  "delta_seconds": 0.10000000149011612,
  "town": "Carla/Maps/Town10HD_Opt",
  "weather": {
    "cloudiness": 20.0,
    "dust_storm": 0.0,
    "fog_density": 2.0,
    "fog_distance": 0.75,
    "fog_falloff": 0.10000000149011612,
    "mie_scattering_scale": 0.029999999329447746,
    "precipitation": 0.0,
    "precipitation_deposits": 0.0,
    "rayleigh_scattering_scale": 0.03310000151395798,
    "scattering_intensity": 1.0,
    "sun_altitude_angle": 45.0,
    "sun_azimuth_angle": 300.0,
    "wetness": 0.0,
    "wind_intensity": 10.0
  },
  "sensor_names": [
    "CAM_FRONT",
    "CAM_FRONT_RIGHT",
    "CAM_FRONT_LEFT",
    "CAM_BACK",
    "CAM_BACK_LEFT",
    "CAM_BACK_RIGHT",
    "LIDAR_TOP",
    "RADAR_FRONT",
    "RADAR_FRONT_LEFT",
    "RADAR_FRONT_RIGHT",
    "RADAR_BACK_LEFT",
    "RADAR_BACK_RIGHT"
  ],
  "camera_order_for_model": [
    "CAM_FRONT",
    "CAM_FRONT_RIGHT",
    "CAM_FRONT_LEFT",
    "CAM_BACK",
    "CAM_BACK_LEFT",
    "CAM_BACK_RIGHT"
  ],
  "radar_order_for_model": [
    "RADAR_FRONT",
    "RADAR_FRONT_LEFT",
    "RADAR_FRONT_RIGHT",
    "RADAR_BACK_LEFT",
    "RADAR_BACK_RIGHT"
  ],
  "coordinate_notes": {
    "carla_world": "left-handed x-forward y-right z-up",
    "bevfusion_lidar": "x-forward y-left z-up",
    "camera_frame_for_model": "OpenCV style x-right y-down z-forward"
  },
  "ego": {
    "actor_id": 28,
    "transform_carla": {
      "location": {
        "x": 82.76831817626953,
        "y": -60.23354721069336,
        "z": 0.0006235122564248741
      },
      "rotation": {
        "roll": 0.21226973831653595,
        "pitch": -1.4078316688537598,
        "yaw": -153.59666442871094
      }
    },
    "velocity_carla": [
      -1.6478625535964966,
      -0.7764461636543274,
      -0.0013228702591732144
    ],
    "angular_velocity_carla": [
      0.946141242980957,
      -4.581907749176025,
      -0.733259916305542
    ],
    "matrix_world_from_ego_carla": [
      [
        -0.8954155445098877,
        0.4447658061981201,
        -0.02035832405090332,
        82.76831817626953
      ],
      [
        -0.44455307722091675,
        -0.8956393003463745,
        -0.014243705198168755,
        -60.23354721069336
      ],
      [
        -0.024568825960159302,
        -0.0037036791909486055,
        0.9996913075447083,
        0.0006235122564248741
      ],
      [
        0.0,
        0.0,
        0.0,
        1.0
      ]
    ],
    "matrix_world_from_ego_bevfusion": [
      [
        -0.8954155445098877,
        -0.4447658061981201,
        -0.02035832405090332,
        82.76831817626953
      ],
      [
        0.44455307722091675,
        -0.8956393003463745,
        0.014243705198168755,
        60.23354721069336
      ],
      [
        -0.024568825960159302,
        0.0037036791909486055,
        0.9996913075447083,
        0.0006235122564248741
      ],
      [
        0.0,
        0.0,
        0.0,
        1.0
      ]
    ]
  },
  "sensors": {
    "CAM_FRONT": {
      "type_id": "sensor.camera.rgb",
      "blueprint_attributes": {
        "role_name": "front",
        "ros_name": "sensor.camera.rgb",
        "chromatic_aberration_offset": "0.0",
        "sensor_tick": "0.100000",
        "fstop": "1.4",
        "image_size_x": "960",
        "image_size_y": "540",
        "fov": "70.00",
        "lens_circle_falloff": "5.0",
        "lens_circle_multiplier": "0.0",
        "exposure_compensation": "0.0",
        "lens_y_size": "0.08",
        "lens_k": "-1.0",
        "exposure_mode": "histogram",
        "lens_kcube": "0.0",
        "lens_x_size": "0.08",
        "exposure_max_bright": "12.0",
        "shutter_speed": "200.0",
        "bloom_intensity": "0.675",
        "iso": "100.0",
        "enable_postprocess_effects": "false",
        "gamma": "2.2",
        "motion_blur_intensity": "0.0",
        "motion_blur_max_distortion": "0.35",
        "lens_flare_intensity": "0.1",
        "motion_blur_min_object_screen_size": "0.1",
        "exposure_min_bright": "10.0",
        "exposure_speed_up": "3.0",
        "exposure_speed_down": "1.0",
        "tint": "0.0",
        "calibration_constant": "16.0",
        "focal_distance": "1000.0",
        "min_fstop": "1.2",
        "blade_count": "5",
        "blur_amount": "0.0",
        "blur_radius": "0.0",
        "slope": "0.88",
        "toe": "0.55",
        "white_clip": "0.04",
        "shoulder": "0.26",
        "black_clip": "0.0",
        "temp": "6500.0",
        "chromatic_aberration_intensity": "0.0"
      },
      "transform_carla": {
        "location": {
          "x": 81.34580993652344,
          "y": -60.94681930541992,
          "z": 1.6620168685913086
        },
        "rotation": {
          "roll": 0.21226973831653595,
          "pitch": -1.4078316688537598,
          "yaw": -153.59666442871094
        }
      },
      "matrix_world_from_sensor_carla": [
        [
          -0.8954155445098877,
          0.4447658061981201,
          -0.02035832405090332,
          81.34580993652344
        ],
        [
          -0.44455307722091675,
          -0.8956393003463745,
          -0.014243705198168755,
          -60.94681930541992
        ],
        [
          -0.024568825960159302,
          -0.0037036791909486055,
          0.9996913075447083,
          1.6620168685913086
        ],
        [
          0.0,
          0.0,
          0.0,
          1.0
        ]
      ],
      "matrix_world_from_sensor_bevfusion": [
        [
          0.4447658061981201,
          0.02035832405090332,
          -0.8954155445098877,
          81.34580993652344
        ],
        [
          0.8956393003463745,
          -0.014243705198168755,
          0.44455307722091675,
          60.94681930541992
        ],
        [
          -0.0037036791909486055,
          -0.9996913075447083,
          -0.024568825960159302,
          1.6620168685913086
        ],
        [
          0.0,
          0.0,
          0.0,
          1.0
        ]
      ],
      "matrix_ego_from_sensor_carla": [
        [
          1.0,
          -1.6993958240618667e-08,
          -4.798383912429927e-10,
          1.5500068664550781
        ],
        [
          1.2991819176022545e-08,
          1.0,
          5.64952140624797e-10,
          -7.62939453125e-06
        ],
        [
          9.84577752660698e-10,
          -3.7837272204299666e-10,
          1.0,
          1.6999999284744263
        ],
        [
          0.0,
          0.0,
          0.0,
          1.0
        ]
      ],
      "matrix_ego_from_sensor_bevfusion": [
        [
          -1.6993958240618667e-08,
          4.798383912429927e-10,
          1.0,
          1.5500068664550781
        ],
        [
          -1.0,
          5.64952140624797e-10,
          -1.2991819176022545e-08,
          7.62939453125e-06
        ],
        [
          -3.7837272204299666e-10,
          -1.0,
          9.84577752660698e-10,
          1.6999999284744263
        ],
        [
          0.0,
          0.0,
          0.0,
          1.0
        ]
      ],
      "camera_intrinsics": [
        [
          685.5110473632812,
          0.0,
          480.0
        ],
        [
          0.0,
          685.5110473632812,
          270.0
        ],
        [
          0.0,
          0.0,
          1.0
        ]
      ],
      "data_path": "D:\\Agent-AI\\outputs\\s3a_ml_long_v2\\sample_000065\\images\\CAM_FRONT.png",
      "raw_layout": "bgra8"
    },
    "CAM_FRONT_RIGHT": {
      "type_id": "sensor.camera.rgb",
      "blueprint_attributes": {
        "role_name": "front",
        "ros_name": "sensor.camera.rgb",
        "chromatic_aberration_offset": "0.0",
        "sensor_tick": "0.100000",
        "fstop": "1.4",
        "image_size_x": "960",
        "image_size_y": "540",
        "fov": "70.00",
        "lens_circle_falloff": "5.0",
        "lens_circle_multiplier": "0.0",
        "exposure_compensation": "0.0",
        "lens_y_size": "0.08",
        "lens_k": "-1.0",
        "exposure_mode": "histogram",
        "lens_kcube": "0.0",
        "lens_x_size": "0.08",
        "exposure_max_bright": "12.0",
        "shutter_speed": "200.0",
        "bloom_intensity": "0.675",
        "iso": "100.0",
        "enable_postprocess_effects": "false",
        "gamma": "2.2",
        "motion_blur_intensity": "0.0",
        "motion_blur_max_distortion": "0.35",
        "lens_flare_intensity": "0.1",
        "motion_blur_min_object_screen_size": "0.1",
        "exposure_min_bright": "10.0",
        "exposure_speed_up": "3.0",
        "exposure_speed_down": "1.0",
        "tint": "0.0",
        "calibration_constant": "16.0",
        "focal_distance": "1000.0",
        "min_fstop": "1.2",
        "blade_count": "5",
        "blur_amount": "0.0",
        "blur_radius": "0.0",
        "slope": "0.88",
        "toe": "0.55",
        "white_clip": "0.04",
        "shoulder": "0.26",
        "black_clip": "0.0",
        "temp": "6500.0",
        "chromatic_aberration_intensity": "0.0"
      },
      "transform_carla": {
        "location": {
          "x": 81.81429290771484,
          "y": -61.328285217285156,
          "z": 1.6661220788955688
        },
        "rotation": {
          "roll": -1.0316071510314941,
          "pitch": -0.9812932014465332,
          "yaw": -98.58522033691406
        }
      },
      "matrix_world_from_sensor_carla": [
        [
          -0.14925841987133026,
          0.9885886311531067,
          -0.020358387380838394,
          81.81429290771484
        ],
        [
          -0.9886499047279358,
          -0.14956100285053253,
          -0.014243679121136665,
          -61.328285217285156
        ],
        [
          -0.01712595857679844,
          0.01800132729113102,
          0.9996912479400635,
          1.6661220788955688
        ],
        [
          0.0,
          0.0,
          0.0,
          1.0
        ]
      ],
      "matrix_world_from_sensor_bevfusion": [
        [
          0.9885886311531067,
          0.020358387380838394,
          -0.14925841987133026,
          81.81429290771484
        ],
        [
          0.14956100285053253,
          -0.014243679121136665,
          0.9886499047279358,
          61.328285217285156
        ],
        [
          0.01800132729113102,
          -0.9996912479400635,
          -0.01712595857679844,
          1.6661220788955688
        ],
        [
          0.0,
          0.0,
          0.0,
          1.0
        ]
      ],
      "matrix_ego_from_sensor_carla": [
        [
          0.5735763907432556,
          -0.8191520571708679,
          4.568806133420367e-08,
          1.2999992370605469
        ],
        [
          0.8191520571708679,
          0.5735763311386108,
          -5.0437034104788836e-08,
          0.5500030517578125
        ],
        [
          1.6389217094570085e-08,
          6.724146572878453e-08,
          0.9999999403953552,
          1.6999998092651367
        ],
        [
          0.0,
          0.0,
          0.0,
          1.0
        ]
      ],
      "matrix_ego_from_sensor_bevfusion": [
        [
          -0.8191520571708679,
          -4.568806133420367e-08,
          0.5735763907432556,
          1.2999992370605469
        ],
        [
          -0.5735763311386108,
          -5.0437034104788836e-08,
          -0.8191520571708679,
          -0.5500030517578125
        ],
        [
          6.724146572878453e-08,
          -0.9999999403953552,
          1.6389217094570085e-08,
          1.6999998092651367
        ],
        [
          0.0,
          0.0,
          0.0,
          1.0
        ]
      ],
      "camera_intrinsics": [
        [
          685.5110473632812,
          0.0,
          480.0
        ],
        [
          0.0,
          685.5110473632812,
          270.0
        ],
        [
          0.0,
          0.0,
          1.0
        ]
      ],
      "data_path": "D:\\Agent-AI\\outputs\\s3a_ml_long_v2\\sample_000065\\images\\CAM_FRONT_RIGHT.png",
      "raw_layout": "bgra8"
    },
    "CAM_FRONT_LEFT": {
      "type_id": "sensor.camera.rgb",
      "blueprint_attributes": {
        "role_name": "front",
        "ros_name": "sensor.camera.rgb",
        "chromatic_aberration_offset": "0.0",
        "sensor_tick": "0.100000",
        "fstop": "1.4",
        "image_size_x": "960",
        "image_size_y": "540",
        "fov": "70.00",
        "lens_circle_falloff": "5.0",
        "lens_circle_multiplier": "0.0",
        "exposure_compensation": "0.0",
        "lens_y_size": "0.08",
        "lens_k": "-1.0",
        "exposure_mode": "histogram",
        "lens_kcube": "0.0",
        "lens_x_size": "0.08",
        "exposure_max_bright": "12.0",
        "shutter_speed": "200.0",
        "bloom_intensity": "0.675",
        "iso": "100.0",
        "enable_postprocess_effects": "false",
        "gamma": "2.2",
        "motion_blur_intensity": "0.0",
        "motion_blur_max_distortion": "0.35",
        "lens_flare_intensity": "0.1",
        "motion_blur_min_object_screen_size": "0.1",
        "exposure_min_bright": "10.0",
        "exposure_speed_up": "3.0",
        "exposure_speed_down": "1.0",
        "tint": "0.0",
        "calibration_constant": "16.0",
        "focal_distance": "1000.0",
        "min_fstop": "1.2",
        "blade_count": "5",
        "blur_amount": "0.0",
        "blur_radius": "0.0",
        "slope": "0.88",
        "toe": "0.55",
        "white_clip": "0.04",
        "shoulder": "0.26",
        "black_clip": "0.0",
        "temp": "6500.0",
        "chromatic_aberration_intensity": "0.0"
      },
      "transform_carla": {
        "location": {
          "x": 81.3250503540039,
          "y": -60.34307861328125,
          "z": 1.6701960563659668
        },
        "rotation": {
          "roll": 1.2750153541564941,
          "pitch": -0.6336024403572083,
          "yaw": 151.39892578125
        }
      },
      "matrix_world_from_sensor_carla": [
        [
          -0.8779203295707703,
          -0.4783737063407898,
          -0.02035834826529026,
          81.3250503540039
        ],
        [
          0.47867900133132935,
          -0.8778744339942932,
          -0.014243779703974724,
          -60.34307861328125
        ],
        [
          -0.011058223433792591,
          -0.022250017151236534,
          0.9996912479400635,
          1.6701960563659668
        ],
        [
          0.0,
          0.0,
          0.0,
          1.0
        ]
      ],
      "matrix_world_from_sensor_bevfusion": [
        [
          -0.4783737063407898,
          0.02035834826529026,
          -0.8779203295707703,
          81.3250503540039
        ],
        [
          0.8778744339942932,
          -0.014243779703974724,
          -0.47867900133132935,
          60.34307861328125
        ],
        [
          -0.022250017151236534,
          -0.9996912479400635,
          -0.011058223433792591,
          1.6701960563659668
        ],
        [
          0.0,
          0.0,
          0.0,
          1.0
        ]
      ],
      "matrix_ego_from_sensor_carla": [
        [
          0.5735769271850586,
          0.8191516399383545,
          5.686393222958941e-08,
          1.2999954223632812
        ],
        [
          -0.8191516399383545,
          0.5735769867897034,
          5.6432231332337324e-08,
          -0.5500030517578125
        ],
        [
          1.3990544722730647e-08,
          -7.792777978465892e-08,
          0.9999999403953552,
          1.6999996900558472
        ],
        [
          0.0,
          0.0,
          0.0,
          1.0
        ]
      ],
      "matrix_ego_from_sensor_bevfusion": [
        [
          0.8191516399383545,
          -5.686393222958941e-08,
          0.5735769271850586,
          1.2999954223632812
        ],
        [
          -0.5735769867897034,
          5.6432231332337324e-08,
          0.8191516399383545,
          0.5500030517578125
        ],
        [
          -7.792777978465892e-08,
          -0.9999999403953552,
          1.3990544722730647e-08,
          1.6999996900558472
        ],
        [
          0.0,
          0.0,
          0.0,
          1.0
        ]
      ],
      "camera_intrinsics": [
        [
          685.5110473632812,
          0.0,
          480.0
        ],
        [
          0.0,
          685.5110473632812,
          270.0
        ],
        [
          0.0,
          0.0,
          1.0
        ]
      ],
      "data_path": "D:\\Agent-AI\\outputs\\s3a_ml_long_v2\\sample_000065\\images\\CAM_FRONT_LEFT.png",
      "raw_layout": "bgra8"
    },
    "CAM_BACK": {
      "type_id": "sensor.camera.rgb",
      "blueprint_attributes": {
        "role_name": "front",
        "ros_name": "sensor.camera.rgb",
        "chromatic_aberration_offset": "0.0",
        "sensor_tick": "0.100000",
        "fstop": "1.4",
        "image_size_x": "960",
        "image_size_y": "540",
        "fov": "70.00",
        "lens_circle_falloff": "5.0",
        "lens_circle_multiplier": "0.0",
        "exposure_compensation": "0.0",
        "lens_y_size": "0.08",
        "lens_k": "-1.0",
        "exposure_mode": "histogram",
        "lens_kcube": "0.0",
        "lens_x_size": "0.08",
        "exposure_max_bright": "12.0",
        "shutter_speed": "200.0",
        "bloom_intensity": "0.675",
        "iso": "100.0",
        "enable_postprocess_effects": "false",
        "gamma": "2.2",
        "motion_blur_intensity": "0.0",
        "motion_blur_max_distortion": "0.35",
        "lens_flare_intensity": "0.1",
        "motion_blur_min_object_screen_size": "0.1",
        "exposure_min_bright": "10.0",
        "exposure_speed_up": "3.0",
        "exposure_speed_down": "1.0",
        "tint": "0.0",
        "calibration_constant": "16.0",
        "focal_distance": "1000.0",
        "min_fstop": "1.2",
        "blade_count": "5",
        "blur_amount": "0.0",
        "blur_radius": "0.0",
        "slope": "0.88",
        "toe": "0.55",
        "white_clip": "0.04",
        "shoulder": "0.26",
        "black_clip": "0.0",
        "temp": "6500.0",
        "chromatic_aberration_intensity": "0.0"
      },
      "transform_carla": {
        "location": {
          "x": 84.12159729003906,
          "y": -59.56870651245117,
          "z": 1.73818039894104
        },
        "rotation": {
          "roll": -0.21226918697357178,
          "pitch": 1.4078316688537598,
          "yaw": 26.40336036682129
        }
      },
      "matrix_world_from_sensor_carla": [
        [
          0.8954153060913086,
          -0.44476619362831116,
          -0.020358320325613022,
          84.12159729003906
        ],
        [
          0.4445534646511078,
          0.8956390619277954,
          -0.014243705198168755,
          -59.56870651245117
        ],
        [
          0.024568825960159302,
          0.003703669412061572,
          0.9996913075447083,
          1.73818039894104
        ],
        [
          0.0,
          0.0,
          0.0,
          1.0
        ]
      ],
      "matrix_world_from_sensor_bevfusion": [
        [
          -0.44476619362831116,
          0.020358320325613022,
          0.8954153060913086,
          84.12159729003906
        ],
        [
          -0.8956390619277954,
          -0.014243705198168755,
          -0.4445534646511078,
          59.56870651245117
        ],
        [
          0.003703669412061572,
          -0.9996913075447083,
          0.024568825960159302,
          1.73818039894104
        ],
        [
          0.0,
          0.0,
          0.0,
          1.0
        ]
      ],
      "matrix_ego_from_sensor_carla": [
        [
          -0.9999999403953552,
          4.808582048099197e-07,
          -4.205128689704907e-09,
          -1.5499992370605469
        ],
        [
          -4.791987748831161e-07,
          -1.0,
          2.427597234344603e-09,
          0.0
        ],
        [
          -9.84577752660698e-10,
          1.3127146036850945e-09,
          1.0,
          1.7000000476837158
        ],
        [
          0.0,
          0.0,
          0.0,
          1.0
        ]
      ],
      "matrix_ego_from_sensor_bevfusion": [
        [
          4.808582048099197e-07,
          4.205128689704907e-09,
          -0.9999999403953552,
          -1.5499992370605469
        ],
        [
          1.0,
          2.427597234344603e-09,
          4.791987748831161e-07,
          0.0
        ],
        [
          1.3127146036850945e-09,
          -1.0,
          -9.84577752660698e-10,
          1.7000000476837158
        ],
        [
          0.0,
          0.0,
          0.0,
          1.0
        ]
      ],
      "camera_intrinsics": [
        [
          685.5110473632812,
          0.0,
          480.0
        ],
        [
          0.0,
          685.5110473632812,
          270.0
        ],
        [
          0.0,
          0.0,
          1.0
        ]
      ],
      "data_path": "D:\\Agent-AI\\outputs\\s3a_ml_long_v2\\sample_000065\\images\\CAM_BACK.png",
      "raw_layout": "bgra8"
    },
    "CAM_BACK_LEFT": {
      "type_id": "sensor.camera.rgb",
      "blueprint_attributes": {
        "role_name": "front",
        "ros_name": "sensor.camera.rgb",
        "chromatic_aberration_offset": "0.0",
        "sensor_tick": "0.100000",
        "fstop": "1.4",
        "image_size_x": "960",
        "image_size_y": "540",
        "fov": "70.00",
        "lens_circle_falloff": "5.0",
        "lens_circle_multiplier": "0.0",
        "exposure_compensation": "0.0",
        "lens_y_size": "0.08",
        "lens_k": "-1.0",
        "exposure_mode": "histogram",
        "lens_kcube": "0.0",
        "lens_x_size": "0.08",
        "exposure_max_bright": "12.0",
        "shutter_speed": "200.0",
        "bloom_intensity": "0.675",
        "iso": "100.0",
        "enable_postprocess_effects": "false",
        "gamma": "2.2",
        "motion_blur_intensity": "0.0",
        "motion_blur_max_distortion": "0.35",
        "lens_flare_intensity": "0.1",
        "motion_blur_min_object_screen_size": "0.1",
        "exposure_min_bright": "10.0",
        "exposure_speed_up": "3.0",
        "exposure_speed_down": "1.0",
        "tint": "0.0",
        "calibration_constant": "16.0",
        "focal_distance": "1000.0",
        "min_fstop": "1.2",
        "blade_count": "5",
        "blur_amount": "0.0",
        "blur_radius": "0.0",
        "slope": "0.88",
        "toe": "0.55",
        "white_clip": "0.04",
        "shoulder": "0.26",
        "black_clip": "0.0",
        "temp": "6500.0",
        "chromatic_aberration_intensity": "0.0"
      },
      "transform_carla": {
        "location": {
          "x": 83.65312194824219,
          "y": -59.18724060058594,
          "z": 1.7340750694274902
        },
        "rotation": {
          "roll": 1.0316072702407837,
          "pitch": 0.9812932014465332,
          "yaw": 81.41478729248047
        }
      },
      "matrix_world_from_sensor_carla": [
        [
          0.14925821125507355,
          -0.9885886311531067,
          -0.020358385518193245,
          83.65312194824219
        ],
        [
          0.9886499047279358,
          0.14956079423427582,
          -0.014243682846426964,
          -59.18724060058594
        ],
        [
          0.01712595857679844,
          -0.01800132915377617,
          0.9996912479400635,
          1.7340750694274902
        ],
        [
          0.0,
          0.0,
          0.0,
          1.0
        ]
      ],
      "matrix_world_from_sensor_bevfusion": [
        [
          -0.9885886311531067,
          0.020358385518193245,
          0.14925821125507355,
          83.65312194824219
        ],
        [
          -0.14956079423427582,
          -0.014243682846426964,
          -0.9886499047279358,
          59.18724060058594
        ],
        [
          -0.01800132915377617,
          -0.9996912479400635,
          0.01712595857679844,
          1.7340750694274902
        ],
        [
          0.0,
          0.0,
          0.0,
          1.0
        ]
      ],
      "matrix_ego_from_sensor_carla": [
        [
          -0.5735762119293213,
          0.8191521167755127,
          4.7550706483434624e-08,
          -1.2999992370605469
        ],
        [
          -0.8191521167755127,
          -0.5735761523246765,
          -4.717740509363466e-08,
          -0.5500030517578125
        ],
        [
          -1.2663926796108171e-08,
          -6.537824503993761e-08,
          0.9999999403953552,
          1.6999998092651367
        ],
        [
          0.0,
          0.0,
          0.0,
          1.0
        ]
      ],
      "matrix_ego_from_sensor_bevfusion": [
        [
          0.8191521167755127,
          -4.7550706483434624e-08,
          -0.5735762119293213,
          -1.2999992370605469
        ],
        [
          0.5735761523246765,
          -4.717740509363466e-08,
          0.8191521167755127,
          0.5500030517578125
        ],
        [
          -6.537824503993761e-08,
          -0.9999999403953552,
          -1.2663926796108171e-08,
          1.6999998092651367
        ],
        [
          0.0,
          0.0,
          0.0,
          1.0
        ]
      ],
      "camera_intrinsics": [
        [
          685.5110473632812,
          0.0,
          480.0
        ],
        [
          0.0,
          685.5110473632812,
          270.0
        ],
        [
          0.0,
          0.0,
          1.0
        ]
      ],
      "data_path": "D:\\Agent-AI\\outputs\\s3a_ml_long_v2\\sample_000065\\images\\CAM_BACK_LEFT.png",
      "raw_layout": "bgra8"
    },
    "CAM_BACK_RIGHT": {
      "type_id": "sensor.camera.rgb",
      "blueprint_attributes": {
        "role_name": "front",
        "ros_name": "sensor.camera.rgb",
        "chromatic_aberration_offset": "0.0",
        "sensor_tick": "0.100000",
        "fstop": "1.4",
        "image_size_x": "960",
        "image_size_y": "540",
        "fov": "70.00",
        "lens_circle_falloff": "5.0",
        "lens_circle_multiplier": "0.0",
        "exposure_compensation": "0.0",
        "lens_y_size": "0.08",
        "lens_k": "-1.0",
        "exposure_mode": "histogram",
        "lens_kcube": "0.0",
        "lens_x_size": "0.08",
        "exposure_max_bright": "12.0",
        "shutter_speed": "200.0",
        "bloom_intensity": "0.675",
        "iso": "100.0",
        "enable_postprocess_effects": "false",
        "gamma": "2.2",
        "motion_blur_intensity": "0.0",
        "motion_blur_max_distortion": "0.35",
        "lens_flare_intensity": "0.1",
        "motion_blur_min_object_screen_size": "0.1",
        "exposure_min_bright": "10.0",
        "exposure_speed_up": "3.0",
        "exposure_speed_down": "1.0",
        "tint": "0.0",
        "calibration_constant": "16.0",
        "focal_distance": "1000.0",
        "min_fstop": "1.2",
        "blade_count": "5",
        "blur_amount": "0.0",
        "blur_radius": "0.0",
        "slope": "0.88",
        "toe": "0.55",
        "white_clip": "0.04",
        "shoulder": "0.26",
        "black_clip": "0.0",
        "temp": "6500.0",
        "chromatic_aberration_intensity": "0.0"
      },
      "transform_carla": {
        "location": {
          "x": 84.14237213134766,
          "y": -60.17244338989258,
          "z": 1.7300012111663818
        },
        "rotation": {
          "roll": -1.2750154733657837,
          "pitch": 0.6336024403572083,
          "yaw": -28.6010799407959
        }
      },
      "matrix_world_from_sensor_carla": [
        [
          0.8779202699661255,
          0.47837382555007935,
          -0.02035835012793541,
          84.14237213134766
        ],
        [
          -0.4786791205406189,
          0.8778743743896484,
          -0.014243779703974724,
          -60.17244338989258
        ],
        [
          0.011058223433792591,
          0.022250019013881683,
          0.9996912479400635,
          1.7300012111663818
        ],
        [
          0.0,
          0.0,
          0.0,
          1.0
        ]
      ],
      "matrix_world_from_sensor_bevfusion": [
        [
          0.47837382555007935,
          0.02035835012793541,
          0.8779202699661255,
          84.14237213134766
        ],
        [
          -0.8778743743896484,
          -0.014243779703974724,
          0.4786791205406189,
          60.17244338989258
        ],
        [
          0.022250019013881683,
          -0.9996912479400635,
          0.011058223433792591,
          1.7300012111663818
        ],
        [
          0.0,
          0.0,
          0.0,
          1.0
        ]
      ],
      "matrix_ego_from_sensor_carla": [
        [
          -0.5735768675804138,
          -0.8191516995429993,
          5.8726577378820366e-08,
          -1.3000030517578125
        ],
        [
          0.8191516995429993,
          -0.5735768675804138,
          5.5500908757721845e-08,
          0.5499954223632812
        ],
        [
          -1.0265254424268733e-08,
          7.792720424504296e-08,
          0.9999999403953552,
          1.6999999284744263
        ],
        [
          0.0,
          0.0,
          0.0,
          1.0
        ]
      ],
      "matrix_ego_from_sensor_bevfusion": [
        [
          -0.8191516995429993,
          -5.8726577378820366e-08,
          -0.5735768675804138,
          -1.3000030517578125
        ],
        [
          0.5735768675804138,
          5.5500908757721845e-08,
          -0.8191516995429993,
          -0.5499954223632812
        ],
        [
          7.792720424504296e-08,
          -0.9999999403953552,
          -1.0265254424268733e-08,
          1.6999999284744263
        ],
        [
          0.0,
          0.0,
          0.0,
          1.0
        ]
      ],
      "camera_intrinsics": [
        [
          685.5110473632812,
          0.0,
          480.0
        ],
        [
          0.0,
          685.5110473632812,
          270.0
        ],
        [
          0.0,
          0.0,
          1.0
        ]
      ],
      "data_path": "D:\\Agent-AI\\outputs\\s3a_ml_long_v2\\sample_000065\\images\\CAM_BACK_RIGHT.png",
      "raw_layout": "bgra8"
    },
    "LIDAR_TOP": {
      "type_id": "sensor.lidar.ray_cast",
      "blueprint_attributes": {
        "atmosphere_attenuation_rate": "0.004",
        "role_name": "front",
        "noise_seed": "0",
        "upper_fov": "10.0",
        "ros_name": "sensor.lidar.ray_cast",
        "sensor_tick": "0.100000",
        "channels": "32",
        "range": "120.0",
        "points_per_second": "360000",
        "lower_fov": "-30.0",
        "rotation_frequency": "10.000000",
        "horizontal_fov": "360.0",
        "dropoff_general_rate": "0.0",
        "dropoff_intensity_limit": "1.0",
        "noise_stddev": "0.0",
        "dropoff_zero_intensity": "0.0"
      },
      "transform_carla": {
        "location": {
          "x": 82.7235336303711,
          "y": -60.26488494873047,
          "z": 2.199944257736206
        },
        "rotation": {
          "roll": 0.21226973831653595,
          "pitch": -1.4078316688537598,
          "yaw": -153.59666442871094
        }
      },
      "matrix_world_from_sensor_carla": [
        [
          -0.8954155445098877,
          0.4447658061981201,
          -0.02035832405090332,
          82.7235336303711
        ],
        [
          -0.44455307722091675,
          -0.8956393003463745,
          -0.014243705198168755,
          -60.26488494873047
        ],
        [
          -0.024568825960159302,
          -0.0037036791909486055,
          0.9996913075447083,
          2.199944257736206
        ],
        [
          0.0,
          0.0,
          0.0,
          1.0
        ]
      ],
      "matrix_world_from_sensor_bevfusion": [
        [
          -0.8954155445098877,
          -0.4447658061981201,
          -0.02035832405090332,
          82.7235336303711
        ],
        [
          0.44455307722091675,
          -0.8956393003463745,
          0.014243705198168755,
          60.26488494873047
        ],
        [
          -0.024568825960159302,
          0.0037036791909486055,
          0.9996913075447083,
          2.199944257736206
        ],
        [
          0.0,
          0.0,
          0.0,
          1.0
        ]
      ],
      "matrix_ego_from_sensor_carla": [
        [
          1.0,
          -1.6993958240618667e-08,
          -4.798383912429927e-10,
          0.0
        ],
        [
          1.2991819176022545e-08,
          1.0,
          5.64952140624797e-10,
          0.0
        ],
        [
          9.84577752660698e-10,
          -3.7837272204299666e-10,
          1.0,
          2.1999998092651367
        ],
        [
          0.0,
          0.0,
          0.0,
          1.0
        ]
      ],
      "matrix_ego_from_sensor_bevfusion": [
        [
          1.0,
          1.6993958240618667e-08,
          -4.798383912429927e-10,
          0.0
        ],
        [
          -1.2991819176022545e-08,
          1.0,
          -5.64952140624797e-10,
          0.0
        ],
        [
          9.84577752660698e-10,
          3.7837272204299666e-10,
          1.0,
          2.1999998092651367
        ],
        [
          0.0,
          0.0,
          0.0,
          1.0
        ]
      ],
      "data_path": "D:\\Agent-AI\\outputs\\s3a_ml_long_v2\\sample_000065\\lidar\\LIDAR_TOP.npy",
      "raw_layout": [
        "x",
        "y",
        "z",
        "intensity"
      ]
    },
    "RADAR_FRONT": {
      "type_id": "sensor.other.radar",
      "blueprint_attributes": {
        "sensor_tick": "0.100000",
        "role_name": "default",
        "noise_seed": "0",
        "ros_name": "sensor.other.radar",
        "horizontal_fov": "35.0",
        "points_per_second": "1500",
        "vertical_fov": "20.0",
        "range": "120.0"
      },
      "transform_carla": {
        "location": {
          "x": 80.95915985107422,
          "y": -61.13547897338867,
          "z": 0.8512078523635864
        },
        "rotation": {
          "roll": 0.21226973831653595,
          "pitch": -1.4078316688537598,
          "yaw": -153.59666442871094
        }
      },
      "matrix_world_from_sensor_carla": [
        [
          -0.8954155445098877,
          0.4447658061981201,
          -0.02035832405090332,
          80.95915985107422
        ],
        [
          -0.44455307722091675,
          -0.8956393003463745,
          -0.014243705198168755,
          -61.13547897338867
        ],
        [
          -0.024568825960159302,
          -0.0037036791909486055,
          0.9996913075447083,
          0.8512078523635864
        ],
        [
          0.0,
          0.0,
          0.0,
          1.0
        ]
      ],
      "matrix_world_from_sensor_bevfusion": [
        [
          -0.8954155445098877,
          -0.4447658061981201,
          -0.02035832405090332,
          80.95915985107422
        ],
        [
          0.44455307722091675,
          -0.8956393003463745,
          0.014243705198168755,
          61.13547897338867
        ],
        [
          -0.024568825960159302,
          0.0037036791909486055,
          0.9996913075447083,
          0.8512078523635864
        ],
        [
          0.0,
          0.0,
          0.0,
          1.0
        ]
      ],
      "matrix_ego_from_sensor_carla": [
        [
          1.0,
          -1.6993958240618667e-08,
          -4.798383912429927e-10,
          2.0000038146972656
        ],
        [
          1.2991819176022545e-08,
          1.0,
          5.64952140624797e-10,
          7.62939453125e-06
        ],
        [
          9.84577752660698e-10,
          -3.7837272204299666e-10,
          1.0,
          0.8999999761581421
        ],
        [
          0.0,
          0.0,
          0.0,
          1.0
        ]
      ],
      "matrix_ego_from_sensor_bevfusion": [
        [
          1.0,
          1.6993958240618667e-08,
          -4.798383912429927e-10,
          2.0000038146972656
        ],
        [
          -1.2991819176022545e-08,
          1.0,
          -5.64952140624797e-10,
          -7.62939453125e-06
        ],
        [
          9.84577752660698e-10,
          3.7837272204299666e-10,
          1.0,
          0.8999999761581421
        ],
        [
          0.0,
          0.0,
          0.0,
          1.0
        ]
      ],
      "data_path": "D:\\Agent-AI\\outputs\\s3a_ml_long_v2\\sample_000065\\radar\\RADAR_FRONT.npy",
      "raw_layout": [
        "velocity",
        "altitude",
        "azimuth",
        "depth"
      ]
    },
    "RADAR_FRONT_LEFT": {
      "type_id": "sensor.other.radar",
      "blueprint_attributes": {
        "sensor_tick": "0.100000",
        "role_name": "default",
        "noise_seed": "0",
        "ros_name": "sensor.other.radar",
        "horizontal_fov": "35.0",
        "points_per_second": "1500",
        "vertical_fov": "20.0",
        "range": "120.0"
      },
      "transform_carla": {
        "location": {
          "x": 80.9389877319336,
          "y": -60.30815124511719,
          "z": 0.86258465051651
        },
        "rotation": {
          "roll": 1.1456434726715088,
          "pitch": -0.8453724384307861,
          "yaw": 161.3975067138672
        }
      },
      "matrix_world_from_sensor_carla": [
        [
          -0.9476513266563416,
          -0.31865718960762024,
          -0.020358441397547722,
          80.9389877319336
        ],
        [
          0.3189658224582672,
          -0.9476591348648071,
          -0.014243735000491142,
          -60.30815124511719
        ],
        [
          -0.014753996394574642,
          -0.019991742447018623,
          0.9996912479400635,
          0.86258465051651
        ],
        [
          0.0,
          0.0,
          0.0,
          1.0
        ]
      ],
      "matrix_world_from_sensor_bevfusion": [
        [
          -0.9476513266563416,
          0.31865718960762024,
          -0.020358441397547722,
          80.9389877319336
        ],
        [
          -0.3189658224582672,
          -0.9476591348648071,
          0.014243735000491142,
          60.30815124511719
        ],
        [
          -0.014753996394574642,
          0.019991742447018623,
          0.9996912479400635,
          0.86258465051651
        ],
        [
          0.0,
          0.0,
          0.0,
          1.0
        ]
      ],
      "matrix_ego_from_sensor_carla": [
        [
          0.7071069478988647,
          0.7071065306663513,
          1.1833122215421099e-07,
          1.6499977111816406
        ],
        [
          -0.7071065306663513,
          0.7071069478988647,
          -2.4592830882852468e-08,
          -0.75
        ],
        [
          -1.050113809242248e-07,
          -6.73695907948968e-08,
          0.9999999403953552,
          0.899999737739563
        ],
        [
          0.0,
          0.0,
          0.0,
          1.0
        ]
      ],
      "matrix_ego_from_sensor_bevfusion": [
        [
          0.7071069478988647,
          -0.7071065306663513,
          1.1833122215421099e-07,
          1.6499977111816406
        ],
        [
          0.7071065306663513,
          0.7071069478988647,
          2.4592830882852468e-08,
          0.75
        ],
        [
          -1.050113809242248e-07,
          6.73695907948968e-08,
          0.9999999403953552,
          0.899999737739563
        ],
        [
          0.0,
          0.0,
          0.0,
          1.0
        ]
      ],
      "data_path": "D:\\Agent-AI\\outputs\\s3a_ml_long_v2\\sample_000065\\radar\\RADAR_FRONT_LEFT.npy",
      "raw_layout": [
        "velocity",
        "altitude",
        "azimuth",
        "depth"
      ]
    },
    "RADAR_FRONT_RIGHT": {
      "type_id": "sensor.other.radar",
      "blueprint_attributes": {
        "sensor_tick": "0.100000",
        "role_name": "default",
        "noise_seed": "0",
        "ros_name": "sensor.other.radar",
