{
  "schema_version": "stage1.v1",
  "sample_name": "sample_000016",
  "sequence_index": 16,
  "previous_sample_name": "sample_000015",
  "frame_id": 3936,
  "timestamp": 40.73108657076955,
  "platform_timestamp": 16816488.2988143,
  "delta_seconds": 0.10000000149011612,
  "town": "Carla/Maps/Town10HD_Opt",
  "weather": {
    "cloudiness": 20.0,
    "dust_storm": 0.0,
    "fog_density": 2.0,
    "fog_distance": 0.75,
    "fog_falloff": 0.10000000149011612,
    "mie_scattering_scale": 0.029999999329447746,
    "precipitation": 0.0,
    "precipitation_deposits": 0.0,
    "rayleigh_scattering_scale": 0.03310000151395798,
    "scattering_intensity": 1.0,
    "sun_altitude_angle": 45.0,
    "sun_azimuth_angle": 300.0,
    "wetness": 0.0,
    "wind_intensity": 10.0
  },
  "sensor_names": [
    "CAM_FRONT",
    "CAM_FRONT_RIGHT",
    "CAM_FRONT_LEFT",
    "CAM_BACK",
    "CAM_BACK_LEFT",
    "CAM_BACK_RIGHT",
    "LIDAR_TOP",
    "RADAR_FRONT",
    "RADAR_FRONT_LEFT",
    "RADAR_FRONT_RIGHT",
    "RADAR_BACK_LEFT",
    "RADAR_BACK_RIGHT"
  ],
  "camera_order_for_model": [
    "CAM_FRONT",
    "CAM_FRONT_RIGHT",
    "CAM_FRONT_LEFT",
    "CAM_BACK",
    "CAM_BACK_LEFT",
    "CAM_BACK_RIGHT"
  ],
  "radar_order_for_model": [
    "RADAR_FRONT",
    "RADAR_FRONT_LEFT",
    "RADAR_FRONT_RIGHT",
    "RADAR_BACK_LEFT",
    "RADAR_BACK_RIGHT"
  ],
  "coordinate_notes": {
    "carla_world": "left-handed x-forward y-right z-up",
    "bevfusion_lidar": "x-forward y-left z-up",
    "camera_frame_for_model": "OpenCV style x-right y-down z-forward"
  },
  "ego": {
    "actor_id": 24,
    "transform_carla": {
      "location": {
        "x": 109.20319366455078,
        "y": -29.918535232543945,
        "z": -0.005121040157973766
      },
      "rotation": {
        "roll": 0.48720067739486694,
        "pitch": 0.21117578446865082,
        "yaw": -97.64857482910156
      }
    },
    "velocity_carla": [
      -1.3564311265945435,
      -8.395374298095703,
      -2.5367735361214727e-06
    ],
    "angular_velocity_carla": [
      2.778676748275757,
      1.7207386493682861,
      -13.781264305114746
    ],
    "matrix_world_from_ego_carla": [
      [
        -0.13309571146965027,
        0.9910629987716675,
        0.0089180376380682,
        109.20319366455078
      ],
      [
        -0.9910963177680969,
        -0.13312286138534546,
        0.002521039918065071,
        -29.918535232543945
      ],
      [
        0.003685704432427883,
        -0.008503095246851444,
        0.9999570250511169,
        -0.005121040157973766
      ],
      [
        0.0,
        0.0,
        0.0,
        1.0
      ]
    ],
    "matrix_world_from_ego_bevfusion": [
      [
        -0.13309571146965027,
        -0.9910629987716675,
        0.0089180376380682,
        109.20319366455078
      ],
      [
        0.9910963177680969,
        -0.13312286138534546,
        -0.002521039918065071,
        29.918535232543945
      ],
      [
        0.003685704432427883,
        0.008503095246851444,
        0.9999570250511169,
        -0.005121040157973766
      ],
      [
        0.0,
        0.0,
        0.0,
        1.0
      ]
    ]
  },
  "sensors": {
    "CAM_FRONT": {
      "type_id": "sensor.camera.rgb",
      "blueprint_attributes": {
        "role_name": "front",
        "ros_name": "sensor.camera.rgb",
        "chromatic_aberration_offset": "0.0",
        "sensor_tick": "0.100000",
        "fstop": "1.4",
        "image_size_x": "960",
        "image_size_y": "540",
        "fov": "70.00",
        "lens_circle_falloff": "5.0",
        "lens_circle_multiplier": "0.0",
        "exposure_compensation": "0.0",
        "lens_y_size": "0.08",
        "lens_k": "-1.0",
        "exposure_mode": "histogram",
        "lens_kcube": "0.0",
        "lens_x_size": "0.08",
        "exposure_max_bright": "12.0",
        "shutter_speed": "200.0",
        "bloom_intensity": "0.675",
        "iso": "100.0",
        "enable_postprocess_effects": "false",
        "gamma": "2.2",
        "motion_blur_intensity": "0.0",
        "motion_blur_max_distortion": "0.35",
        "lens_flare_intensity": "0.1",
        "motion_blur_min_object_screen_size": "0.1",
        "exposure_min_bright": "10.0",
        "exposure_speed_up": "3.0",
        "exposure_speed_down": "1.0",
        "tint": "0.0",
        "calibration_constant": "16.0",
        "focal_distance": "1000.0",
        "min_fstop": "1.2",
        "blade_count": "5",
        "blur_amount": "0.0",
        "blur_radius": "0.0",
        "slope": "0.88",
        "toe": "0.55",
        "white_clip": "0.04",
        "shoulder": "0.26",
        "black_clip": "0.0",
        "temp": "6500.0",
        "chromatic_aberration_intensity": "0.0"
      },
      "transform_carla": {
        "location": {
          "x": 109.01205444335938,
          "y": -31.450448989868164,
          "z": 1.7005187273025513
        },
        "rotation": {
          "roll": 0.48720067739486694,
          "pitch": 0.21117578446865082,
          "yaw": -97.64857482910156
        }
      },
      "matrix_world_from_sensor_carla": [
        [
          -0.13309571146965027,
          0.9910629987716675,
          0.0089180376380682,
          109.01205444335938
        ],
        [
          -0.9910963177680969,
          -0.13312286138534546,
          0.002521039918065071,
          -31.450448989868164
        ],
        [
          0.003685704432427883,
          -0.008503095246851444,
          0.9999570250511169,
          1.7005187273025513
        ],
        [
          0.0,
          0.0,
          0.0,
          1.0
        ]
      ],
      "matrix_world_from_sensor_bevfusion": [
        [
          0.9910629987716675,
          -0.0089180376380682,
          -0.13309571146965027,
          109.01205444335938
        ],
        [
          0.13312286138534546,
          0.002521039918065071,
          0.9910963177680969,
          31.450448989868164
        ],
        [
          -0.008503095246851444,
          -0.9999570250511169,
          0.003685704432427883,
          1.7005187273025513
        ],
        [
          0.0,
          0.0,
          0.0,
          1.0
        ]
      ],
      "matrix_ego_from_sensor_carla": [
        [
          1.0,
          -1.0309931575136488e-08,
          -6.812189701221882e-11,
          1.5499992370605469
        ],
        [
          -3.4778078195074613e-09,
          1.0,
          3.416343319351256e-10,
          0.0
        ],
        [
          -8.126743722414176e-11,
          -1.651896397447672e-10,
          1.0,
          1.6999998092651367
        ],
        [
          0.0,
          0.0,
          0.0,
          1.0
        ]
      ],
      "matrix_ego_from_sensor_bevfusion": [
        [
          -1.0309931575136488e-08,
          6.812189701221882e-11,
          1.0,
          1.5499992370605469
        ],
        [
          -1.0,
          3.416343319351256e-10,
          3.4778078195074613e-09,
          0.0
        ],
        [
          -1.651896397447672e-10,
          -1.0,
          -8.126743722414176e-11,
          1.6999998092651367
        ],
        [
          0.0,
          0.0,
          0.0,
          1.0
        ]
      ],
      "camera_intrinsics": [
        [
          685.5110473632812,
          0.0,
          480.0
        ],
        [
          0.0,
          685.5110473632812,
          270.0
        ],
        [
          0.0,
          0.0,
          1.0
        ]
      ],
      "data_path": "D:\\Agent-AI\\outputs\\s3a_left_v3\\sample_000016\\images\\CAM_FRONT.png",
      "raw_layout": "bgra8"
    },
    "CAM_FRONT_RIGHT": {
      "type_id": "sensor.camera.rgb",
      "blueprint_attributes": {
        "role_name": "front",
        "ros_name": "sensor.camera.rgb",
        "chromatic_aberration_offset": "0.0",
        "sensor_tick": "0.100000",
        "fstop": "1.4",
        "image_size_x": "960",
        "image_size_y": "540",
        "fov": "70.00",
        "lens_circle_falloff": "5.0",
        "lens_circle_multiplier": "0.0",
        "exposure_compensation": "0.0",
        "lens_y_size": "0.08",
        "lens_k": "-1.0",
        "exposure_mode": "histogram",
        "lens_kcube": "0.0",
        "lens_x_size": "0.08",
        "exposure_max_bright": "12.0",
        "shutter_speed": "200.0",
        "bloom_intensity": "0.675",
        "iso": "100.0",
        "enable_postprocess_effects": "false",
        "gamma": "2.2",
        "motion_blur_intensity": "0.0",
        "motion_blur_max_distortion": "0.35",
        "lens_flare_intensity": "0.1",
        "motion_blur_min_object_screen_size": "0.1",
        "exposure_min_bright": "10.0",
        "exposure_speed_up": "3.0",
        "exposure_speed_down": "1.0",
        "tint": "0.0",
        "calibration_constant": "16.0",
        "focal_distance": "1000.0",
        "min_fstop": "1.2",
        "blade_count": "5",
        "blur_amount": "0.0",
        "blur_radius": "0.0",
        "slope": "0.88",
        "toe": "0.55",
        "white_clip": "0.04",
        "shoulder": "0.26",
        "black_clip": "0.0",
        "temp": "6500.0",
        "chromatic_aberration_intensity": "0.0"
      },
      "transform_carla": {
        "location": {
          "x": 109.59040832519531,
          "y": -31.27589225769043,
          "z": 1.6949206590652466
        },
        "rotation": {
          "roll": 0.45243629813194275,
          "pitch": -0.2779613733291626,
          "yaw": -42.65058135986328
        }
      },
      "matrix_world_from_sensor_carla": [
        [
          0.735490620136261,
          0.6774762272834778,
          0.00891805998980999,
          109.59040832519531
        ],
        [
          -0.6775175929069519,
          0.7355022430419922,
          0.0025210201274603605,
          -31.27589225769043
        ],
        [
          -0.004851322155445814,
          -0.00789632834494114,
          0.9999570846557617,
          1.6949206590652466
        ],
        [
          0.0,
          0.0,
          0.0,
          1.0
        ]
      ],
      "matrix_world_from_sensor_bevfusion": [
        [
          0.6774762272834778,
          -0.00891805998980999,
          0.735490620136261,
          109.59040832519531
        ],
        [
          -0.7355022430419922,
          0.0025210201274603605,
          0.6775175929069519,
          31.27589225769043
        ],
        [
          -0.00789632834494114,
          -0.9999570846557617,
          -0.004851322155445814,
          1.6949206590652466
        ],
        [
          0.0,
          0.0,
          0.0,
          1.0
        ]
      ],
      "matrix_ego_from_sensor_carla": [
        [
          0.5735766887664795,
          -0.8191518783569336,
          1.6682538017676052e-08,
          1.3000011444091797
        ],
        [
          0.8191519379615784,
          0.5735766291618347,
          2.4049196412079255e-08,
          0.5499954223632812
        ],
        [
          -2.9291095771100117e-08,
          8.035545562279367e-10,
          1.0,
          1.6999998092651367
        ],
        [
          0.0,
          0.0,
          0.0,
          1.0
        ]
      ],
      "matrix_ego_from_sensor_bevfusion": [
        [
          -0.8191518783569336,
          -1.6682538017676052e-08,
          0.5735766887664795,
          1.3000011444091797
        ],
        [
          -0.5735766291618347,
          2.4049196412079255e-08,
          -0.8191519379615784,
          -0.5499954223632812
        ],
        [
          8.035545562279367e-10,
          -1.0,
          -2.9291095771100117e-08,
          1.6999998092651367
        ],
        [
          0.0,
          0.0,
          0.0,
          1.0
        ]
      ],
      "camera_intrinsics": [
        [
          685.5110473632812,
          0.0,
          480.0
        ],
        [
          0.0,
          685.5110473632812,
          270.0
        ],
        [
          0.0,
          0.0,
          1.0
        ]
      ],
      "data_path": "D:\\Agent-AI\\outputs\\s3a_left_v3\\sample_000016\\images\\CAM_FRONT_RIGHT.png",
      "raw_layout": "bgra8"
    },
    "CAM_FRONT_LEFT": {
      "type_id": "sensor.camera.rgb",
      "blueprint_attributes": {
        "role_name": "front",
        "ros_name": "sensor.camera.rgb",
        "chromatic_aberration_offset": "0.0",
        "sensor_tick": "0.100000",
        "fstop": "1.4",
        "image_size_x": "960",
        "image_size_y": "540",
        "fov": "70.00",
        "lens_circle_falloff": "5.0",
        "lens_circle_multiplier": "0.0",
        "exposure_compensation": "0.0",
        "lens_y_size": "0.08",
        "lens_k": "-1.0",
        "exposure_mode": "histogram",
        "lens_kcube": "0.0",
        "lens_x_size": "0.08",
        "exposure_max_bright": "12.0",
        "shutter_speed": "200.0",
        "bloom_intensity": "0.675",
        "iso": "100.0",
        "enable_postprocess_effects": "false",
        "gamma": "2.2",
        "motion_blur_intensity": "0.0",
        "motion_blur_max_distortion": "0.35",
        "lens_flare_intensity": "0.1",
        "motion_blur_min_object_screen_size": "0.1",
        "exposure_min_bright": "10.0",
        "exposure_speed_up": "3.0",
        "exposure_speed_down": "1.0",
        "tint": "0.0",
        "calibration_constant": "16.0",
        "focal_distance": "1000.0",
        "min_fstop": "1.2",
        "blade_count": "5",
        "blur_amount": "0.0",
        "blur_radius": "0.0",
        "slope": "0.88",
        "toe": "0.55",
        "white_clip": "0.04",
        "shoulder": "0.26",
        "black_clip": "0.0",
        "temp": "6500.0",
        "chromatic_aberration_intensity": "0.0"
      },
      "transform_carla": {
        "location": {
          "x": 108.500244140625,
          "y": -31.129457473754883,
          "z": 1.70427405834198
        },
        "rotation": {
          "roll": 0.10646127909421921,
          "pitch": 0.5202144980430603,
          "yaw": -152.64898681640625
        }
      },
      "matrix_world_from_sensor_carla": [
        [
          -0.888171911239624,
          0.4594247043132782,
          0.008918010629713535,
          108.500244140625
        ],
        [
          -0.4594215452671051,
          -0.8882147669792175,
          0.0025210257153958082,
          -31.129457473754883
        ],
        [
          0.00907933060079813,
          -0.0018580221803858876,
          0.9999570250511169,
          1.70427405834198
        ],
        [
          0.0,
          0.0,
          0.0,
          1.0
        ]
      ],
      "matrix_world_from_sensor_bevfusion": [
        [
          0.4594247043132782,
          -0.008918010629713535,
          -0.888171911239624,
          108.500244140625
        ],
        [
          0.8882147669792175,
          0.0025210257153958082,
          0.4594215452671051,
          31.129457473754883
        ],
        [
          -0.0018580221803858876,
          -0.9999570250511169,
          0.00907933060079813,
          1.70427405834198
        ],
        [
          0.0,
          0.0,
          0.0,
          1.0
        ]
      ],
      "matrix_ego_from_sensor_carla": [
        [
          0.5735763311386108,
          0.8191521167755127,
          1.7394176765606062e-08,
          1.2999992370605469
        ],
        [
          -0.8191521167755127,
          0.5735763907432556,
          -2.3872752663578467e-08,
          -0.5499954223632812
        ],
        [
          -3.015208349665954e-08,
          -1.2324929965501497e-10,
          1.0,
          1.6999998092651367
        ],
        [
          0.0,
          0.0,
          0.0,
          1.0
        ]
      ],
      "matrix_ego_from_sensor_bevfusion": [
        [
          0.8191521167755127,
          -1.7394176765606062e-08,
          0.5735763311386108,
          1.2999992370605469
        ],
        [
          -0.5735763907432556,
          -2.3872752663578467e-08,
          0.8191521167755127,
          0.5499954223632812
        ],
        [
          -1.2324929965501497e-10,
          -1.0,
          -3.015208349665954e-08,
          1.6999998092651367
        ],
        [
          0.0,
          0.0,
          0.0,
          1.0
        ]
      ],
      "camera_intrinsics": [
        [
          685.5110473632812,
          0.0,
          480.0
        ],
        [
          0.0,
          685.5110473632812,
          270.0
        ],
        [
          0.0,
          0.0,
          1.0
        ]
      ],
      "data_path": "D:\\Agent-AI\\outputs\\s3a_left_v3\\sample_000016\\images\\CAM_FRONT_LEFT.png",
      "raw_layout": "bgra8"
    },
    "CAM_BACK": {
      "type_id": "sensor.camera.rgb",
      "blueprint_attributes": {
        "role_name": "front",
        "ros_name": "sensor.camera.rgb",
        "chromatic_aberration_offset": "0.0",
        "sensor_tick": "0.100000",
        "fstop": "1.4",
        "image_size_x": "960",
        "image_size_y": "540",
        "fov": "70.00",
        "lens_circle_falloff": "5.0",
        "lens_circle_multiplier": "0.0",
        "exposure_compensation": "0.0",
        "lens_y_size": "0.08",
        "lens_k": "-1.0",
        "exposure_mode": "histogram",
        "lens_kcube": "0.0",
        "lens_x_size": "0.08",
        "exposure_max_bright": "12.0",
        "shutter_speed": "200.0",
        "bloom_intensity": "0.675",
        "iso": "100.0",
        "enable_postprocess_effects": "false",
        "gamma": "2.2",
        "motion_blur_intensity": "0.0",
        "motion_blur_max_distortion": "0.35",
        "lens_flare_intensity": "0.1",
        "motion_blur_min_object_screen_size": "0.1",
        "exposure_min_bright": "10.0",
        "exposure_speed_up": "3.0",
        "exposure_speed_down": "1.0",
        "tint": "0.0",
        "calibration_constant": "16.0",
        "focal_distance": "1000.0",
        "min_fstop": "1.2",
        "blade_count": "5",
        "blur_amount": "0.0",
        "blur_radius": "0.0",
        "slope": "0.88",
        "toe": "0.55",
        "white_clip": "0.04",
        "shoulder": "0.26",
        "black_clip": "0.0",
        "temp": "6500.0",
        "chromatic_aberration_intensity": "0.0"
      },
      "transform_carla": {
        "location": {
          "x": 109.42464447021484,
          "y": -28.378047943115234,
          "z": 1.6890931129455566
        },
        "rotation": {
          "roll": -0.48720061779022217,
          "pitch": -0.21117578446865082,
          "yaw": 82.35144805908203
        }
      },
      "matrix_world_from_sensor_carla": [
        [
          0.1330953985452652,
          -0.9910630583763123,
          0.008918036706745625,
          109.42464447021484
        ],
        [
          0.9910963773727417,
          0.1331225484609604,
          0.002521042712032795,
          -28.378047943115234
        ],
        [
          -0.003685704432427883,
          0.00850309431552887,
          0.9999570250511169,
          1.6890931129455566
        ],
        [
          0.0,
          0.0,
          0.0,
          1.0
        ]
      ],
      "matrix_world_from_sensor_bevfusion": [
        [
          -0.9910630583763123,
          -0.008918036706745625,
          0.1330953985452652,
          109.42464447021484
        ],
        [
          -0.1331225484609604,
          0.002521042712032795,
          -0.9910963773727417,
          28.378047943115234
        ],
        [
          0.00850309431552887,
          -0.9999570250511169,
          -0.003685704432427883,
          1.6890931129455566
        ],
        [
          0.0,
          0.0,
          0.0,
          1.0
        ]
      ],
      "matrix_ego_from_sensor_carla": [
        [
          -1.0,
          3.204442009518971e-07,
          -2.8620896763698056e-09,
          -1.5500011444091797
        ],
        [
          -3.1738102279632585e-07,
          -1.0,
          -1.5210108728069827e-09,
          -7.62939453125e-06
        ],
        [
          -2.7127002866222938e-09,
          -1.6974155414573033e-09,
          1.0,
          1.6999998092651367
        ],
        [
          0.0,
          0.0,
          0.0,
          1.0
        ]
      ],
      "matrix_ego_from_sensor_bevfusion": [
        [
          3.204442009518971e-07,
          2.8620896763698056e-09,
          -1.0,
          -1.5500011444091797
        ],
        [
          1.0,
          -1.5210108728069827e-09,
          3.1738102279632585e-07,
          7.62939453125e-06
        ],
        [
          -1.6974155414573033e-09,
          -1.0,
          -2.7127002866222938e-09,
          1.6999998092651367
        ],
        [
          0.0,
          0.0,
          0.0,
          1.0
        ]
      ],
      "camera_intrinsics": [
        [
          685.5110473632812,
          0.0,
          480.0
        ],
        [
          0.0,
          685.5110473632812,
          270.0
        ],
        [
          0.0,
          0.0,
          1.0
        ]
      ],
      "data_path": "D:\\Agent-AI\\outputs\\s3a_left_v3\\sample_000016\\images\\CAM_BACK.png",
      "raw_layout": "bgra8"
    },
    "CAM_BACK_LEFT": {
      "type_id": "sensor.camera.rgb",
      "blueprint_attributes": {
        "role_name": "front",
        "ros_name": "sensor.camera.rgb",
        "chromatic_aberration_offset": "0.0",
        "sensor_tick": "0.100000",
        "fstop": "1.4",
        "image_size_x": "960",
        "image_size_y": "540",
        "fov": "70.00",
        "lens_circle_falloff": "5.0",
        "lens_circle_multiplier": "0.0",
        "exposure_compensation": "0.0",
        "lens_y_size": "0.08",
        "lens_k": "-1.0",
        "exposure_mode": "histogram",
        "lens_kcube": "0.0",
        "lens_x_size": "0.08",
        "exposure_max_bright": "12.0",
        "shutter_speed": "200.0",
        "bloom_intensity": "0.675",
        "iso": "100.0",
        "enable_postprocess_effects": "false",
        "gamma": "2.2",
        "motion_blur_intensity": "0.0",
        "motion_blur_max_distortion": "0.35",
        "lens_flare_intensity": "0.1",
        "motion_blur_min_object_screen_size": "0.1",
        "exposure_min_bright": "10.0",
        "exposure_speed_up": "3.0",
        "exposure_speed_down": "1.0",
        "tint": "0.0",
        "calibration_constant": "16.0",
        "focal_distance": "1000.0",
        "min_fstop": "1.2",
        "blade_count": "5",
        "blur_amount": "0.0",
        "blur_radius": "0.0",
        "slope": "0.88",
        "toe": "0.55",
        "white_clip": "0.04",
        "shoulder": "0.26",
        "black_clip": "0.0",
        "temp": "6500.0",
        "chromatic_aberration_intensity": "0.0"
      },
      "transform_carla": {
        "location": {
          "x": 108.84628295898438,
          "y": -28.5526065826416,
          "z": 1.6946913003921509
        },
        "rotation": {
          "roll": -0.45243629813194275,
          "pitch": 0.2779613733291626,
          "yaw": 137.34942626953125
        }
      },
      "matrix_world_from_sensor_carla": [
        [
          -0.735490620136261,
          -0.6774762272834778,
          0.00891805998980999,
          108.84628295898438
        ],
        [
          0.6775175929069519,
          -0.7355022430419922,
          0.0025210201274603605,
          -28.5526065826416
        ],
        [
          0.004851322155445814,
          0.00789632834494114,
          0.9999570846557617,
          1.6946913003921509
        ],
        [
          0.0,
          0.0,
          0.0,
          1.0
        ]
      ],
      "matrix_world_from_sensor_bevfusion": [
        [
          -0.6774762272834778,
          -0.00891805998980999,
          -0.735490620136261,
          108.84628295898438
        ],
        [
          0.7355022430419922,
          0.0025210201274603605,
          -0.6775175929069519,
          28.5526065826416
        ],
        [
          0.00789632834494114,
          -0.9999570846557617,
          0.004851322155445814,
          1.6946913003921509
        ],
        [
          0.0,
          0.0,
          0.0,
          1.0
        ]
      ],
      "matrix_ego_from_sensor_carla": [
        [
          -0.5735766887664795,
          0.8191518783569336,
          1.6682538017676052e-08,
          -1.2999982833862305
        ],
        [
          -0.8191519379615784,
          -0.5735766291618347,
          2.4049196412079255e-08,
          -0.550018310546875
        ],
        [
          2.9291095771100117e-08,
          -8.035545562279367e-10,
          1.0,
          1.6999998092651367
        ],
        [
          0.0,
          0.0,
          0.0,
          1.0
        ]
      ],
      "matrix_ego_from_sensor_bevfusion": [
        [
          0.8191518783569336,
          -1.6682538017676052e-08,
          -0.5735766887664795,
          -1.2999982833862305
        ],
        [
          0.5735766291618347,
          2.4049196412079255e-08,
          0.8191519379615784,
          0.550018310546875
        ],
        [
          -8.035545562279367e-10,
          -1.0,
          2.9291095771100117e-08,
          1.6999998092651367
        ],
        [
          0.0,
          0.0,
          0.0,
          1.0
        ]
      ],
      "camera_intrinsics": [
        [
          685.5110473632812,
          0.0,
          480.0
        ],
        [
          0.0,
          685.5110473632812,
          270.0
        ],
        [
          0.0,
          0.0,
          1.0
        ]
      ],
      "data_path": "D:\\Agent-AI\\outputs\\s3a_left_v3\\sample_000016\\images\\CAM_BACK_LEFT.png",
      "raw_layout": "bgra8"
    },
    "CAM_BACK_RIGHT": {
      "type_id": "sensor.camera.rgb",
      "blueprint_attributes": {
        "role_name": "front",
        "ros_name": "sensor.camera.rgb",
        "chromatic_aberration_offset": "0.0",
        "sensor_tick": "0.100000",
        "fstop": "1.4",
        "image_size_x": "960",
        "image_size_y": "540",
        "fov": "70.00",
        "lens_circle_falloff": "5.0",
        "lens_circle_multiplier": "0.0",
        "exposure_compensation": "0.0",
        "lens_y_size": "0.08",
        "lens_k": "-1.0",
        "exposure_mode": "histogram",
        "lens_kcube": "0.0",
        "lens_x_size": "0.08",
        "exposure_max_bright": "12.0",
        "shutter_speed": "200.0",
        "bloom_intensity": "0.675",
        "iso": "100.0",
        "enable_postprocess_effects": "false",
        "gamma": "2.2",
        "motion_blur_intensity": "0.0",
        "motion_blur_max_distortion": "0.35",
        "lens_flare_intensity": "0.1",
        "motion_blur_min_object_screen_size": "0.1",
        "exposure_min_bright": "10.0",
        "exposure_speed_up": "3.0",
        "exposure_speed_down": "1.0",
        "tint": "0.0",
        "calibration_constant": "16.0",
        "focal_distance": "1000.0",
        "min_fstop": "1.2",
        "blade_count": "5",
        "blur_amount": "0.0",
        "blur_radius": "0.0",
        "slope": "0.88",
        "toe": "0.55",
        "white_clip": "0.04",
        "shoulder": "0.26",
        "black_clip": "0.0",
        "temp": "6500.0",
        "chromatic_aberration_intensity": "0.0"
      },
      "transform_carla": {
        "location": {
          "x": 109.93646240234375,
          "y": -28.699039459228516,
          "z": 1.6853379011154175
        },
        "rotation": {
          "roll": -0.10646122694015503,
          "pitch": -0.5202144980430603,
          "yaw": 27.351016998291016
        }
      },
      "matrix_world_from_sensor_carla": [
        [
          0.8881718516349792,
          -0.45942479372024536,
          0.008918010629713535,
          109.93646240234375
        ],
        [
          0.45942163467407227,
          0.8882147073745728,
          0.0025210275780409575,
          -28.699039459228516
        ],
        [
          -0.00907933060079813,
          0.001858021249063313,
          0.9999570250511169,
          1.6853379011154175
        ],
        [
          0.0,
          0.0,
          0.0,
          1.0
        ]
      ],
      "matrix_world_from_sensor_bevfusion": [
        [
          -0.45942479372024536,
          -0.008918010629713535,
          0.8881718516349792,
          109.93646240234375
        ],
        [
          -0.8882147073745728,
          0.0025210275780409575,
          -0.45942163467407227,
          28.699039459228516
        ],
        [
          0.001858021249063313,
          -0.9999570250511169,
          -0.00907933060079813,
          1.6853379011154175
        ],
        [
          0.0,
          0.0,
          0.0,
          1.0
        ]
      ],
      "matrix_ego_from_sensor_carla": [
        [
          -0.5735764503479004,
          -0.8191520571708679,
          1.5764362260028975e-08,
          -1.3000030517578125
        ],
        [
          0.8191519975662231,
          -0.5735764503479004,
          -2.4804075238193946e-08,
          0.5499954223632812
        ],
        [
          3.015208349665954e-08,
          -1.3901099160662511e-09,
          1.0,
          1.7000000476837158
        ],
        [
          0.0,
          0.0,
          0.0,
          1.0
        ]
      ],
      "matrix_ego_from_sensor_bevfusion": [
        [
          -0.8191520571708679,
          -1.5764362260028975e-08,
          -0.5735764503479004,
          -1.3000030517578125
        ],
        [
          0.5735764503479004,
          -2.4804075238193946e-08,
          -0.8191519975662231,
          -0.5499954223632812
        ],
        [
          -1.3901099160662511e-09,
          -1.0,
          3.015208349665954e-08,
          1.7000000476837158
        ],
        [
          0.0,
          0.0,
          0.0,
          1.0
        ]
      ],
      "camera_intrinsics": [
        [
          685.5110473632812,
          0.0,
          480.0
        ],
        [
          0.0,
          685.5110473632812,
          270.0
        ],
        [
          0.0,
          0.0,
          1.0
        ]
      ],
      "data_path": "D:\\Agent-AI\\outputs\\s3a_left_v3\\sample_000016\\images\\CAM_BACK_RIGHT.png",
      "raw_layout": "bgra8"
    },
    "LIDAR_TOP": {
      "type_id": "sensor.lidar.ray_cast",
      "blueprint_attributes": {
        "atmosphere_attenuation_rate": "0.004",
        "role_name": "front",
        "noise_seed": "0",
        "upper_fov": "10.0",
        "ros_name": "sensor.lidar.ray_cast",
        "sensor_tick": "0.100000",
        "channels": "32",
        "range": "120.0",
        "points_per_second": "360000",
        "lower_fov": "-30.0",
        "rotation_frequency": "10.000000",
        "horizontal_fov": "360.0",
        "dropoff_general_rate": "0.0",
        "dropoff_intensity_limit": "1.0",
        "noise_stddev": "0.0",
        "dropoff_zero_intensity": "0.0"
      },
      "transform_carla": {
        "location": {
          "x": 109.22280883789062,
          "y": -29.912986755371094,
          "z": 2.19478440284729
        },
        "rotation": {
          "roll": 0.48720067739486694,
          "pitch": 0.21117578446865082,
          "yaw": -97.64857482910156
        }
      },
      "matrix_world_from_sensor_carla": [
        [
          -0.13309571146965027,
          0.9910629987716675,
          0.0089180376380682,
          109.22280883789062
        ],
        [
          -0.9910963177680969,
          -0.13312286138534546,
          0.002521039918065071,
          -29.912986755371094
        ],
        [
          0.003685704432427883,
          -0.008503095246851444,
          0.9999570250511169,
          2.19478440284729
        ],
        [
          0.0,
          0.0,
          0.0,
          1.0
        ]
      ],
      "matrix_world_from_sensor_bevfusion": [
        [
          -0.13309571146965027,
          -0.9910629987716675,
          0.0089180376380682,
          109.22280883789062
        ],
        [
          0.9910963177680969,
          -0.13312286138534546,
          -0.002521039918065071,
          29.912986755371094
        ],
        [
          0.003685704432427883,
          0.008503095246851444,
          0.9999570250511169,
          2.19478440284729
        ],
        [
          0.0,
          0.0,
          0.0,
          1.0
        ]
      ],
      "matrix_ego_from_sensor_carla": [
        [
          1.0,
          -1.0309931575136488e-08,
          -6.812189701221882e-11,
          -1.9073486328125e-06
        ],
        [
          -3.4778078195074613e-09,
          1.0,
          3.416343319351256e-10,
          -7.62939453125e-06
        ],
        [
          -8.126743722414176e-11,
          -1.651896397447672e-10,
          1.0,
          2.1999998092651367
        ],
        [
          0.0,
          0.0,
          0.0,
          1.0
        ]
      ],
      "matrix_ego_from_sensor_bevfusion": [
        [
          1.0,
          1.0309931575136488e-08,
          -6.812189701221882e-11,
          -1.9073486328125e-06
        ],
        [
          3.4778078195074613e-09,
          1.0,
          -3.416343319351256e-10,
          7.62939453125e-06
        ],
        [
          -8.126743722414176e-11,
          1.651896397447672e-10,
          1.0,
          2.1999998092651367
        ],
        [
          0.0,
          0.0,
          0.0,
          1.0
        ]
      ],
      "data_path": "D:\\Agent-AI\\outputs\\s3a_left_v3\\sample_000016\\lidar\\LIDAR_TOP.npy",
      "raw_layout": [
        "x",
        "y",
        "z",
        "intensity"
      ]
    },
    "RADAR_FRONT": {
      "type_id": "sensor.other.radar",
      "blueprint_attributes": {
        "sensor_tick": "0.100000",
        "role_name": "default",
        "noise_seed": "0",
        "ros_name": "sensor.other.radar",
        "horizontal_fov": "35.0",
        "points_per_second": "1500",
        "vertical_fov": "20.0",
        "range": "120.0"
      },
      "transform_carla": {
        "location": {
          "x": 108.94503021240234,
          "y": -31.89845848083496,
          "z": 0.9022117257118225
        },
        "rotation": {
          "roll": 0.48720067739486694,
          "pitch": 0.21117578446865082,
          "yaw": -97.64857482910156
        }
      },
      "matrix_world_from_sensor_carla": [
        [
          -0.13309571146965027,
          0.9910629987716675,
          0.0089180376380682,
          108.94503021240234
        ],
        [
          -0.9910963177680969,
          -0.13312286138534546,
          0.002521039918065071,
          -31.89845848083496
        ],
        [
          0.003685704432427883,
          -0.008503095246851444,
          0.9999570250511169,
          0.9022117257118225
        ],
        [
          0.0,
          0.0,
          0.0,
          1.0
        ]
      ],
      "matrix_world_from_sensor_bevfusion": [
        [
          -0.13309571146965027,
          -0.9910629987716675,
          0.0089180376380682,
          108.94503021240234
        ],
        [
          0.9910963177680969,
          -0.13312286138534546,
          -0.002521039918065071,
          31.89845848083496
        ],
        [
          0.003685704432427883,
          0.008503095246851444,
          0.9999570250511169,
          0.9022117257118225
        ],
        [
          0.0,
          0.0,
          0.0,
          1.0
        ]
      ],
      "matrix_ego_from_sensor_carla": [
        [
          1.0,
          -1.0309931575136488e-08,
          -6.812189701221882e-11,
          1.9999980926513672
        ],
        [
          -3.4778078195074613e-09,
          1.0,
          3.416343319351256e-10,
          0.0
        ],
        [
          -8.126743722414176e-11,
          -1.651896397447672e-10,
          1.0,
          0.9000000357627869
        ],
        [
          0.0,
          0.0,
          0.0,
          1.0
        ]
      ],
      "matrix_ego_from_sensor_bevfusion": [
        [
          1.0,
          1.0309931575136488e-08,
          -6.812189701221882e-11,
          1.9999980926513672
        ],
        [
          3.4778078195074613e-09,
          1.0,
          -3.416343319351256e-10,
          0.0
        ],
        [
          -8.126743722414176e-11,
          1.651896397447672e-10,
          1.0,
          0.9000000357627869
        ],
        [
          0.0,
          0.0,
          0.0,
          1.0
        ]
      ],
      "data_path": "D:\\Agent-AI\\outputs\\s3a_left_v3\\sample_000016\\radar\\RADAR_FRONT.npy",
      "raw_layout": [
        "velocity",
        "altitude",
        "azimuth",
        "depth"
      ]
    },
    "RADAR_FRONT_LEFT": {
      "type_id": "sensor.other.radar",
      "blueprint_attributes": {
        "sensor_tick": "0.100000",
        "role_name": "default",
        "noise_seed": "0",
        "ros_name": "sensor.other.radar",
        "horizontal_fov": "35.0",
        "points_per_second": "1500",
        "vertical_fov": "20.0",
        "range": "120.0"
      },
      "transform_carla": {
        "location": {
          "x": 108.24830627441406,
          "y": -31.451732635498047,
          "z": 0.9072990417480469
        },
        "rotation": {
          "roll": 0.1951805055141449,
          "pitch": 0.4938226640224457,
          "yaw": -142.6486358642578
        }
      },
      "matrix_world_from_sensor_carla": [
        [
          -0.7949004173278809,
          0.6066743731498718,
          0.008917992003262043,
          108.24830627441406
        ],
        [
          -0.6066787242889404,
          -0.7949431538581848,
          0.002521003596484661,
          -31.451732635498047
        ],
        [
          0.008618724532425404,
          -0.0034064094070345163,
          0.9999570846557617,
          0.9072990417480469
        ],
        [
          0.0,
          0.0,
          0.0,
          1.0
        ]
      ],
      "matrix_world_from_sensor_bevfusion": [
        [
          -0.7949004173278809,
          -0.6066743731498718,
          0.008917992003262043,
          108.24830627441406
        ],
        [
          0.6066787242889404,
          -0.7949431538581848,
          -0.002521003596484661,
          31.451732635498047
        ],
        [
          0.008618724532425404,
          0.0034064094070345163,
          0.9999570846557617,
          0.9072990417480469
        ],
        [
          0.0,
          0.0,
          0.0,
          1.0
        ]
      ],
      "matrix_ego_from_sensor_carla": [
        [
          0.7071067094802856,
          0.7071069478988647,
          4.206107817594784e-08,
          1.6499996185302734
        ],
        [
          -0.7071070075035095,
          0.7071067094802856,
          -4.021206123638876e-08,
          -0.7500076293945312
        ],
        [
          -5.974511196882304e-08,
          -1.6602264008014345e-09,
          1.0,
          0.8999997973442078
        ],
        [
          0.0,
          0.0,
          0.0,
          1.0
        ]
      ],
      "matrix_ego_from_sensor_bevfusion": [
        [
          0.7071067094802856,
          -0.7071069478988647,
          4.206107817594784e-08,
          1.6499996185302734
        ],
        [
          0.7071070075035095,
          0.7071067094802856,
          4.021206123638876e-08,
          0.7500076293945312
        ],
        [
          -5.974511196882304e-08,
          1.6602264008014345e-09,
          1.0,
          0.8999997973442078
        ],
        [
          0.0,
          0.0,
          0.0,
          1.0
        ]
      ],
      "data_path": "D:\\Agent-AI\\outputs\\s3a_left_v3\\sample_000016\\radar\\RADAR_FRONT_LEFT.npy",
      "raw_layout": [
        "velocity",
        "altitude",
        "azimuth",
        "depth"
      ]
    },
    "RADAR_FRONT_RIGHT": {
      "type_id": "sensor.other.radar",
      "blueprint_attributes": {
        "sensor_tick": "0.100000",
        "role_name": "default",
        "noise_seed": "0",
        "ros_name": "sensor.other.radar",
        "horizontal_fov": "35.0",
        "points_per_second": "1500",
        "vertical_fov": "20.0",
