{
  "schema_version": "stage1.v1",
  "sample_name": "sample_000050",
  "sequence_index": 50,
  "previous_sample_name": "sample_000049",
  "frame_id": 60051,
  "timestamp": 440.0197008252144,
  "platform_timestamp": 16814583.9428083,
  "delta_seconds": 0.10000000149011612,
  "town": "Carla/Maps/Town10HD_Opt",
  "weather": {
    "cloudiness": 20.0,
    "dust_storm": 0.0,
    "fog_density": 2.0,
    "fog_distance": 0.75,
    "fog_falloff": 0.10000000149011612,
    "mie_scattering_scale": 0.029999999329447746,
    "precipitation": 0.0,
    "precipitation_deposits": 0.0,
    "rayleigh_scattering_scale": 0.03310000151395798,
    "scattering_intensity": 1.0,
    "sun_altitude_angle": 45.0,
    "sun_azimuth_angle": 300.0,
    "wetness": 0.0,
    "wind_intensity": 10.0
  },
  "sensor_names": [
    "CAM_FRONT",
    "CAM_FRONT_RIGHT",
    "CAM_FRONT_LEFT",
    "CAM_BACK",
    "CAM_BACK_LEFT",
    "CAM_BACK_RIGHT",
    "LIDAR_TOP",
    "RADAR_FRONT",
    "RADAR_FRONT_LEFT",
    "RADAR_FRONT_RIGHT",
    "RADAR_BACK_LEFT",
    "RADAR_BACK_RIGHT"
  ],
  "camera_order_for_model": [
    "CAM_FRONT",
    "CAM_FRONT_RIGHT",
    "CAM_FRONT_LEFT",
    "CAM_BACK",
    "CAM_BACK_LEFT",
    "CAM_BACK_RIGHT"
  ],
  "radar_order_for_model": [
    "RADAR_FRONT",
    "RADAR_FRONT_LEFT",
    "RADAR_FRONT_RIGHT",
    "RADAR_BACK_LEFT",
    "RADAR_BACK_RIGHT"
  ],
  "coordinate_notes": {
    "carla_world": "left-handed x-forward y-right z-up",
    "bevfusion_lidar": "x-forward y-left z-up",
    "camera_frame_for_model": "OpenCV style x-right y-down z-forward"
  },
  "ego": {
    "actor_id": 28,
    "transform_carla": {
      "location": {
        "x": 91.8609619140625,
        "y": -54.38961410522461,
        "z": -0.0038887786213308573
      },
      "rotation": {
        "roll": 0.629180371761322,
        "pitch": -0.12161151319742203,
        "yaw": -138.5265350341797
      }
    },
    "velocity_carla": [
      -5.899913787841797,
      -4.965702533721924,
      -6.818770998506807e-06
    ],
    "angular_velocity_carla": [
      -0.5948471426963806,
      -0.2776884138584137,
      -12.006024360656738
    ],
    "matrix_world_from_ego_carla": [
      [
        -0.7492608428001404,
        0.6622506380081177,
        0.005682224407792091,
        91.8609619140625
      ],
      [
        -0.6622716188430786,
        -0.7492018938064575,
        -0.009633291512727737,
        -54.38961410522461
      ],
      [
        -0.0021225197706371546,
        -0.01098102331161499,
        0.9999374151229858,
        -0.0038887786213308573
      ],
      [
        0.0,
        0.0,
        0.0,
        1.0
      ]
    ],
    "matrix_world_from_ego_bevfusion": [
      [
        -0.7492608428001404,
        -0.6622506380081177,
        0.005682224407792091,
        91.8609619140625
      ],
      [
        0.6622716188430786,
        -0.7492018938064575,
        0.009633291512727737,
        54.38961410522461
      ],
      [
        -0.0021225197706371546,
        0.01098102331161499,
        0.9999374151229858,
        -0.0038887786213308573
      ],
      [
        0.0,
        0.0,
        0.0,
        1.0
      ]
    ]
  },
  "sensors": {
    "CAM_FRONT": {
      "type_id": "sensor.camera.rgb",
      "blueprint_attributes": {
        "role_name": "front",
        "ros_name": "sensor.camera.rgb",
        "chromatic_aberration_offset": "0.0",
        "sensor_tick": "0.100000",
        "fstop": "1.4",
        "image_size_x": "960",
        "image_size_y": "540",
        "fov": "70.00",
        "lens_circle_falloff": "5.0",
        "lens_circle_multiplier": "0.0",
        "exposure_compensation": "0.0",
        "lens_y_size": "0.08",
        "lens_k": "-1.0",
        "exposure_mode": "histogram",
        "lens_kcube": "0.0",
        "lens_x_size": "0.08",
        "exposure_max_bright": "12.0",
        "shutter_speed": "200.0",
        "bloom_intensity": "0.675",
        "iso": "100.0",
        "enable_postprocess_effects": "false",
        "gamma": "2.2",
        "motion_blur_intensity": "0.0",
        "motion_blur_max_distortion": "0.35",
        "lens_flare_intensity": "0.1",
        "motion_blur_min_object_screen_size": "0.1",
        "exposure_min_bright": "10.0",
        "exposure_speed_up": "3.0",
        "exposure_speed_down": "1.0",
        "tint": "0.0",
        "calibration_constant": "16.0",
        "focal_distance": "1000.0",
        "min_fstop": "1.2",
        "blade_count": "5",
        "blur_amount": "0.0",
        "blur_radius": "0.0",
        "slope": "0.88",
        "toe": "0.55",
        "white_clip": "0.04",
        "shoulder": "0.26",
        "black_clip": "0.0",
        "temp": "6500.0",
        "chromatic_aberration_intensity": "0.0"
      },
      "transform_carla": {
        "location": {
          "x": 90.70926666259766,
          "y": -55.43251037597656,
          "z": 1.692714810371399
        },
        "rotation": {
          "roll": 0.629180371761322,
          "pitch": -0.12161151319742203,
          "yaw": -138.5265350341797
        }
      },
      "matrix_world_from_sensor_carla": [
        [
          -0.7492608428001404,
          0.6622506380081177,
          0.005682224407792091,
          90.70926666259766
        ],
        [
          -0.6622716188430786,
          -0.7492018938064575,
          -0.009633291512727737,
          -55.43251037597656
        ],
        [
          -0.0021225197706371546,
          -0.01098102331161499,
          0.9999374151229858,
          1.692714810371399
        ],
        [
          0.0,
          0.0,
          0.0,
          1.0
        ]
      ],
      "matrix_world_from_sensor_bevfusion": [
        [
          0.6622506380081177,
          -0.005682224407792091,
          -0.7492608428001404,
          90.70926666259766
        ],
        [
          0.7492018938064575,
          -0.009633291512727737,
          0.6622716188430786,
          55.43251037597656
        ],
        [
          -0.01098102331161499,
          -0.9999374151229858,
          -0.0021225197706371546,
          1.692714810371399
        ],
        [
          0.0,
          0.0,
          0.0,
          1.0
        ]
      ],
      "matrix_ego_from_sensor_carla": [
        [
          1.0,
          -1.6865756791162312e-08,
          1.242010660984505e-10,
          1.5499935150146484
        ],
        [
          2.2606815974768324e-08,
          1.0,
          8.613142421509679e-10,
          0.0
        ],
        [
          4.6332115921643435e-10,
          2.0673596168307995e-10,
          1.0,
          1.6999996900558472
        ],
        [
          0.0,
          0.0,
          0.0,
          1.0
        ]
      ],
      "matrix_ego_from_sensor_bevfusion": [
        [
          -1.6865756791162312e-08,
          -1.242010660984505e-10,
          1.0,
          1.5499935150146484
        ],
        [
          -1.0,
          8.613142421509679e-10,
          -2.2606815974768324e-08,
          0.0
        ],
        [
          2.0673596168307995e-10,
          -1.0,
          4.6332115921643435e-10,
          1.6999996900558472
        ],
        [
          0.0,
          0.0,
          0.0,
          1.0
        ]
      ],
      "camera_intrinsics": [
        [
          685.5110473632812,
          0.0,
          480.0
        ],
        [
          0.0,
          685.5110473632812,
          270.0
        ],
        [
          0.0,
          0.0,
          1.0
        ]
      ],
      "data_path": "D:\\Agent-AI\\outputs\\s3a_ml_long_v2\\sample_000050\\images\\CAM_FRONT.png",
      "raw_layout": "bgra8"
    },
    "CAM_FRONT_RIGHT": {
      "type_id": "sensor.camera.rgb",
      "blueprint_attributes": {
        "role_name": "front",
        "ros_name": "sensor.camera.rgb",
        "chromatic_aberration_offset": "0.0",
        "sensor_tick": "0.100000",
        "fstop": "1.4",
        "image_size_x": "960",
        "image_size_y": "540",
        "fov": "70.00",
        "lens_circle_falloff": "5.0",
        "lens_circle_multiplier": "0.0",
        "exposure_compensation": "0.0",
        "lens_y_size": "0.08",
        "lens_k": "-1.0",
        "exposure_mode": "histogram",
        "lens_kcube": "0.0",
        "lens_x_size": "0.08",
        "exposure_max_bright": "12.0",
        "shutter_speed": "200.0",
        "bloom_intensity": "0.675",
        "iso": "100.0",
        "enable_postprocess_effects": "false",
        "gamma": "2.2",
        "motion_blur_intensity": "0.0",
        "motion_blur_max_distortion": "0.35",
        "lens_flare_intensity": "0.1",
        "motion_blur_min_object_screen_size": "0.1",
        "exposure_min_bright": "10.0",
        "exposure_speed_up": "3.0",
        "exposure_speed_down": "1.0",
        "tint": "0.0",
        "calibration_constant": "16.0",
        "focal_distance": "1000.0",
        "min_fstop": "1.2",
        "blade_count": "5",
        "blur_amount": "0.0",
        "blur_radius": "0.0",
        "slope": "0.88",
        "toe": "0.55",
        "white_clip": "0.04",
        "shoulder": "0.26",
        "black_clip": "0.0",
        "temp": "6500.0",
        "chromatic_aberration_intensity": "0.0"
      },
      "transform_carla": {
        "location": {
          "x": 91.26081848144531,
          "y": -55.67900085449219,
          "z": 1.6872060298919678
        },
        "rotation": {
          "roll": 0.26127052307128906,
          "pitch": -0.5851422548294067,
          "yaw": -83.5272216796875
        }
      },
      "matrix_world_from_sensor_carla": [
        [
          0.11272523552179337,
          0.9936099648475647,
          0.005682200193405151,
          91.26081848144531
        ],
        [
          -0.9935737252235413,
          0.11277621984481812,
          -0.009633220732212067,
          -55.67900085449219
        ],
        [
          -0.010212481021881104,
          -0.004559777211397886,
          0.9999374747276306,
          1.6872060298919678
        ],
        [
          0.0,
          0.0,
          0.0,
          1.0
        ]
      ],
      "matrix_world_from_sensor_bevfusion": [
        [
          0.9936099648475647,
          -0.005682200193405151,
          0.11272523552179337,
          91.26081848144531
        ],
        [
          -0.11277621984481812,
          -0.009633220732212067,
          0.9935737252235413,
          55.67900085449219
        ],
        [
          -0.004559777211397886,
          -0.9999374747276306,
          -0.010212481021881104,
          1.6872060298919678
        ],
        [
          0.0,
          0.0,
          0.0,
          1.0
        ]
      ],
      "matrix_ego_from_sensor_carla": [
        [
          0.5735767483711243,
          -0.8191518783569336,
          -2.8640480209674024e-08,
          1.2999954223632812
        ],
        [
          0.8191518783569336,
          0.5735767483711243,
          -6.871107416372979e-08,
          0.5499954223632812
        ],
        [
          7.322535111597972e-08,
          1.6414748671422785e-08,
          1.0,
          1.6999999284744263
        ],
        [
          0.0,
          0.0,
          0.0,
          1.0
        ]
      ],
      "matrix_ego_from_sensor_bevfusion": [
        [
          -0.8191518783569336,
          2.8640480209674024e-08,
          0.5735767483711243,
          1.2999954223632812
        ],
        [
          -0.5735767483711243,
          -6.871107416372979e-08,
          -0.8191518783569336,
          -0.5499954223632812
        ],
        [
          1.6414748671422785e-08,
          -1.0,
          7.322535111597972e-08,
          1.6999999284744263
        ],
        [
          0.0,
          0.0,
          0.0,
          1.0
        ]
      ],
      "camera_intrinsics": [
        [
          685.5110473632812,
          0.0,
          480.0
        ],
        [
          0.0,
          685.5110473632812,
          270.0
        ],
        [
          0.0,
          0.0,
          1.0
        ]
      ],
      "data_path": "D:\\Agent-AI\\outputs\\s3a_ml_long_v2\\sample_000050\\images\\CAM_FRONT_RIGHT.png",
      "raw_layout": "bgra8"
    },
    "CAM_FRONT_LEFT": {
      "type_id": "sensor.camera.rgb",
      "blueprint_attributes": {
        "role_name": "front",
        "ros_name": "sensor.camera.rgb",
        "chromatic_aberration_offset": "0.0",
        "sensor_tick": "0.100000",
        "fstop": "1.4",
        "image_size_x": "960",
        "image_size_y": "540",
        "fov": "70.00",
        "lens_circle_falloff": "5.0",
        "lens_circle_multiplier": "0.0",
        "exposure_compensation": "0.0",
        "lens_y_size": "0.08",
        "lens_k": "-1.0",
        "exposure_mode": "histogram",
        "lens_kcube": "0.0",
        "lens_x_size": "0.08",
        "exposure_max_bright": "12.0",
        "shutter_speed": "200.0",
        "bloom_intensity": "0.675",
        "iso": "100.0",
        "enable_postprocess_effects": "false",
        "gamma": "2.2",
        "motion_blur_intensity": "0.0",
        "motion_blur_max_distortion": "0.35",
        "lens_flare_intensity": "0.1",
        "motion_blur_min_object_screen_size": "0.1",
        "exposure_min_bright": "10.0",
        "exposure_speed_up": "3.0",
        "exposure_speed_down": "1.0",
        "tint": "0.0",
        "calibration_constant": "16.0",
        "focal_distance": "1000.0",
        "min_fstop": "1.2",
        "blade_count": "5",
        "blur_amount": "0.0",
        "blur_radius": "0.0",
        "slope": "0.88",
        "toe": "0.55",
        "white_clip": "0.04",
        "shoulder": "0.26",
        "black_clip": "0.0",
        "temp": "6500.0",
        "chromatic_aberration_intensity": "0.0"
      },
      "transform_carla": {
        "location": {
          "x": 90.5323486328125,
          "y": -54.854881286621094,
          "z": 1.6992852687835693
        },
        "rotation": {
          "roll": 0.4605129361152649,
          "pitch": 0.4456288516521454,
          "yaw": 166.47589111328125
        }
      },
      "matrix_world_from_sensor_carla": [
        [
          -0.9722422361373901,
          -0.2339077591896057,
          0.005682129412889481,
          90.5323486328125
        ],
        [
          0.2338474690914154,
          -0.9722256064414978,
          -0.009633287787437439,
          -54.854881286621094
        ],
        [
          0.007777612190693617,
          -0.008037136867642403,
          0.9999374747276306,
          1.6992852687835693
        ],
        [
          0.0,
          0.0,
          0.0,
          1.0
        ]
      ],
      "matrix_world_from_sensor_bevfusion": [
        [
          -0.2339077591896057,
          -0.005682129412889481,
          -0.9722422361373901,
          90.5323486328125
        ],
        [
          0.9722256064414978,
          -0.009633287787437439,
          -0.2338474690914154,
          54.854881286621094
        ],
        [
          -0.008037136867642403,
          -0.9999374747276306,
          0.007777612190693617,
          1.6992852687835693
        ],
        [
          0.0,
          0.0,
          0.0,
          1.0
        ]
      ],
      "matrix_ego_from_sensor_carla": [
        [
          0.5735759735107422,
          0.8191524147987366,
          6.821706932669258e-08,
          1.2999935150146484
        ],
        [
          -0.8191524147987366,
          0.573576033115387,
          -6.591710643988336e-08,
          -0.5500030517578125
        ],
        [
          -9.327919059387568e-08,
          -1.808514760170965e-08,
          1.0,
          1.6999999284744263
        ],
        [
          0.0,
          0.0,
          0.0,
          1.0
        ]
      ],
      "matrix_ego_from_sensor_bevfusion": [
        [
          0.8191524147987366,
          -6.821706932669258e-08,
          0.5735759735107422,
          1.2999935150146484
        ],
        [
          -0.573576033115387,
          -6.591710643988336e-08,
          0.8191524147987366,
          0.5500030517578125
        ],
        [
          -1.808514760170965e-08,
          -1.0,
          -9.327919059387568e-08,
          1.6999999284744263
        ],
        [
          0.0,
          0.0,
          0.0,
          1.0
        ]
      ],
      "camera_intrinsics": [
        [
          685.5110473632812,
          0.0,
          480.0
        ],
        [
          0.0,
          685.5110473632812,
          270.0
        ],
        [
          0.0,
          0.0,
          1.0
        ]
      ],
      "data_path": "D:\\Agent-AI\\outputs\\s3a_ml_long_v2\\sample_000050\\images\\CAM_FRONT_LEFT.png",
      "raw_layout": "bgra8"
    },
    "CAM_BACK": {
      "type_id": "sensor.camera.rgb",
      "blueprint_attributes": {
        "role_name": "front",
        "ros_name": "sensor.camera.rgb",
        "chromatic_aberration_offset": "0.0",
        "sensor_tick": "0.100000",
        "fstop": "1.4",
        "image_size_x": "960",
        "image_size_y": "540",
        "fov": "70.00",
        "lens_circle_falloff": "5.0",
        "lens_circle_multiplier": "0.0",
        "exposure_compensation": "0.0",
        "lens_y_size": "0.08",
        "lens_k": "-1.0",
        "exposure_mode": "histogram",
        "lens_kcube": "0.0",
        "lens_x_size": "0.08",
        "exposure_max_bright": "12.0",
        "shutter_speed": "200.0",
        "bloom_intensity": "0.675",
        "iso": "100.0",
        "enable_postprocess_effects": "false",
        "gamma": "2.2",
        "motion_blur_intensity": "0.0",
        "motion_blur_max_distortion": "0.35",
        "lens_flare_intensity": "0.1",
        "motion_blur_min_object_screen_size": "0.1",
        "exposure_min_bright": "10.0",
        "exposure_speed_up": "3.0",
        "exposure_speed_down": "1.0",
        "tint": "0.0",
        "calibration_constant": "16.0",
        "focal_distance": "1000.0",
        "min_fstop": "1.2",
        "blade_count": "5",
        "blur_amount": "0.0",
        "blur_radius": "0.0",
        "slope": "0.88",
        "toe": "0.55",
        "white_clip": "0.04",
        "shoulder": "0.26",
        "black_clip": "0.0",
        "temp": "6500.0",
        "chromatic_aberration_intensity": "0.0"
      },
      "transform_carla": {
        "location": {
          "x": 93.031982421875,
          "y": -53.37946701049805,
          "z": 1.6992946863174438
        },
        "rotation": {
          "roll": -0.6291801929473877,
          "pitch": 0.12161151319742203,
          "yaw": 41.47348403930664
        }
      },
      "matrix_world_from_sensor_carla": [
        [
          0.749260663986206,
          -0.6622508764266968,
          0.005682224873453379,
          93.031982421875
        ],
        [
          0.6622718572616577,
          0.7492017149925232,
          -0.009633286856114864,
          -53.37946701049805
        ],
        [
          0.0021225197706371546,
          0.010981019586324692,
          0.9999374151229858,
          1.6992946863174438
        ],
        [
          0.0,
          0.0,
          0.0,
          1.0
        ]
      ],
      "matrix_world_from_sensor_bevfusion": [
        [
          -0.6622508764266968,
          -0.005682224873453379,
          0.749260663986206,
          93.031982421875
        ],
        [
          -0.7492017149925232,
          -0.009633286856114864,
          -0.6622718572616577,
          53.37946701049805
        ],
        [
          0.010981019586324692,
          -0.9999374151229858,
          0.0021225197706371546,
          1.6992946863174438
        ],
        [
          0.0,
          0.0,
          0.0,
          1.0
        ]
      ],
      "matrix_ego_from_sensor_carla": [
        [
          -1.0,
          3.1411107670464844e-07,
          -3.3682585609540183e-09,
          -1.5500068664550781
        ],
        [
          -3.2043905662249017e-07,
          -1.0000001192092896,
          -2.8639761673332487e-09,
          0.0
        ],
        [
          -3.722950170370609e-09,
          -3.9317935573990326e-09,
          1.0,
          1.6999999284744263
        ],
        [
          0.0,
          0.0,
          0.0,
          1.0
        ]
      ],
      "matrix_ego_from_sensor_bevfusion": [
        [
          3.1411107670464844e-07,
          3.3682585609540183e-09,
          -1.0,
          -1.5500068664550781
        ],
        [
          1.0000001192092896,
          -2.8639761673332487e-09,
          3.2043905662249017e-07,
          0.0
        ],
        [
          -3.9317935573990326e-09,
          -1.0,
          -3.722950170370609e-09,
          1.6999999284744263
        ],
        [
          0.0,
          0.0,
          0.0,
          1.0
        ]
      ],
      "camera_intrinsics": [
        [
          685.5110473632812,
          0.0,
          480.0
        ],
        [
          0.0,
          685.5110473632812,
          270.0
        ],
        [
          0.0,
          0.0,
          1.0
        ]
      ],
      "data_path": "D:\\Agent-AI\\outputs\\s3a_ml_long_v2\\sample_000050\\images\\CAM_BACK.png",
      "raw_layout": "bgra8"
    },
    "CAM_BACK_LEFT": {
      "type_id": "sensor.camera.rgb",
      "blueprint_attributes": {
        "role_name": "front",
        "ros_name": "sensor.camera.rgb",
        "chromatic_aberration_offset": "0.0",
        "sensor_tick": "0.100000",
        "fstop": "1.4",
        "image_size_x": "960",
        "image_size_y": "540",
        "fov": "70.00",
        "lens_circle_falloff": "5.0",
        "lens_circle_multiplier": "0.0",
        "exposure_compensation": "0.0",
        "lens_y_size": "0.08",
        "lens_k": "-1.0",
        "exposure_mode": "histogram",
        "lens_kcube": "0.0",
        "lens_x_size": "0.08",
        "exposure_max_bright": "12.0",
        "shutter_speed": "200.0",
        "bloom_intensity": "0.675",
        "iso": "100.0",
        "enable_postprocess_effects": "false",
        "gamma": "2.2",
        "motion_blur_intensity": "0.0",
        "motion_blur_max_distortion": "0.35",
        "lens_flare_intensity": "0.1",
        "motion_blur_min_object_screen_size": "0.1",
        "exposure_min_bright": "10.0",
        "exposure_speed_up": "3.0",
        "exposure_speed_down": "1.0",
        "tint": "0.0",
        "calibration_constant": "16.0",
        "focal_distance": "1000.0",
        "min_fstop": "1.2",
        "blade_count": "5",
        "blur_amount": "0.0",
        "blur_radius": "0.0",
        "slope": "0.88",
        "toe": "0.55",
        "white_clip": "0.04",
        "shoulder": "0.26",
        "black_clip": "0.0",
        "temp": "6500.0",
        "chromatic_aberration_intensity": "0.0"
      },
      "transform_carla": {
        "location": {
          "x": 92.48043060302734,
          "y": -53.13297653198242,
          "z": 1.704803705215454
        },
        "rotation": {
          "roll": -0.26127034425735474,
          "pitch": 0.5851422548294067,
          "yaw": 96.47279357910156
        }
      },
      "matrix_world_from_sensor_carla": [
        [
          -0.11272556334733963,
          -0.9936099648475647,
          0.005682200193405151,
          92.48043060302734
        ],
        [
          0.9935737252235413,
          -0.11277654767036438,
          -0.009633219800889492,
          -53.13297653198242
        ],
        [
          0.010212481021881104,
          0.004559773951768875,
          0.9999374747276306,
          1.704803705215454
        ],
        [
          0.0,
          0.0,
          0.0,
          1.0
        ]
      ],
      "matrix_world_from_sensor_bevfusion": [
        [
          -0.9936099648475647,
          -0.005682200193405151,
          -0.11272556334733963,
          92.48043060302734
        ],
        [
          0.11277654767036438,
          -0.009633219800889492,
          -0.9935737252235413,
          53.13297653198242
        ],
        [
          0.004559773951768875,
          -0.9999374747276306,
          0.010212481021881104,
          1.704803705215454
        ],
        [
          0.0,
          0.0,
          0.0,
          1.0
        ]
      ],
      "matrix_ego_from_sensor_carla": [
        [
          -0.5735765099525452,
          0.8191521167755127,
          -2.9338972140635633e-08,
          -1.3000068664550781
        ],
        [
          -0.8191520571708679,
          -0.5735765099525452,
          -6.964239673834527e-08,
          -0.5500030517578125
        ],
        [
          -7.508799626521068e-08,
          -1.6880207454050833e-08,
          1.0,
          1.6999999284744263
        ],
        [
          0.0,
          0.0,
          0.0,
          1.0
        ]
      ],
      "matrix_ego_from_sensor_bevfusion": [
        [
          0.8191521167755127,
          2.9338972140635633e-08,
          -0.5735765099525452,
          -1.3000068664550781
        ],
        [
          0.5735765099525452,
          -6.964239673834527e-08,
          0.8191520571708679,
          0.5500030517578125
        ],
        [
          -1.6880207454050833e-08,
          -1.0,
          -7.508799626521068e-08,
          1.6999999284744263
        ],
        [
          0.0,
          0.0,
          0.0,
          1.0
        ]
      ],
      "camera_intrinsics": [
        [
          685.5110473632812,
          0.0,
          480.0
        ],
        [
          0.0,
          685.5110473632812,
          270.0
        ],
        [
          0.0,
          0.0,
          1.0
        ]
      ],
      "data_path": "D:\\Agent-AI\\outputs\\s3a_ml_long_v2\\sample_000050\\images\\CAM_BACK_LEFT.png",
      "raw_layout": "bgra8"
    },
    "CAM_BACK_RIGHT": {
      "type_id": "sensor.camera.rgb",
      "blueprint_attributes": {
        "role_name": "front",
        "ros_name": "sensor.camera.rgb",
        "chromatic_aberration_offset": "0.0",
        "sensor_tick": "0.100000",
        "fstop": "1.4",
        "image_size_x": "960",
        "image_size_y": "540",
        "fov": "70.00",
        "lens_circle_falloff": "5.0",
        "lens_circle_multiplier": "0.0",
        "exposure_compensation": "0.0",
        "lens_y_size": "0.08",
        "lens_k": "-1.0",
        "exposure_mode": "histogram",
        "lens_kcube": "0.0",
        "lens_x_size": "0.08",
        "exposure_max_bright": "12.0",
        "shutter_speed": "200.0",
        "bloom_intensity": "0.675",
        "iso": "100.0",
        "enable_postprocess_effects": "false",
        "gamma": "2.2",
        "motion_blur_intensity": "0.0",
        "motion_blur_max_distortion": "0.35",
        "lens_flare_intensity": "0.1",
        "motion_blur_min_object_screen_size": "0.1",
        "exposure_min_bright": "10.0",
        "exposure_speed_up": "3.0",
        "exposure_speed_down": "1.0",
        "tint": "0.0",
        "calibration_constant": "16.0",
        "focal_distance": "1000.0",
        "min_fstop": "1.2",
        "blade_count": "5",
        "blur_amount": "0.0",
        "blur_radius": "0.0",
        "slope": "0.88",
        "toe": "0.55",
        "white_clip": "0.04",
        "shoulder": "0.26",
        "black_clip": "0.0",
        "temp": "6500.0",
        "chromatic_aberration_intensity": "0.0"
      },
      "transform_carla": {
        "location": {
          "x": 93.20890045166016,
          "y": -53.95709991455078,
          "z": 1.692724585533142
        },
        "rotation": {
          "roll": -0.4605128765106201,
          "pitch": -0.4456288516521454,
          "yaw": -13.524114608764648
        }
      },
      "matrix_world_from_sensor_carla": [
        [
          0.9722421765327454,
          0.2339078187942505,
          0.005682128481566906,
          93.20890045166016
        ],
        [
          -0.23384752869606018,
          0.972225546836853,
          -0.009633286856114864,
          -53.95709991455078
        ],
        [
          -0.007777612190693617,
          0.008037135936319828,
          0.9999374747276306,
          1.692724585533142
        ],
        [
          0.0,
          0.0,
          0.0,
          1.0
        ]
      ],
      "matrix_world_from_sensor_bevfusion": [
        [
          0.2339078187942505,
          -0.005682128481566906,
          0.9722421765327454,
          93.20890045166016
        ],
        [
          -0.972225546836853,
          -0.009633286856114864,
          0.23384752869606018,
          53.95709991455078
        ],
        [
          0.008037135936319828,
          -0.9999374747276306,
          -0.007777612190693617,
          1.692724585533142
        ],
        [
          0.0,
          0.0,
          0.0,
          1.0
        ]
      ],
      "matrix_ego_from_sensor_carla": [
        [
          -0.5735759139060974,
          -0.8191524147987366,
          6.868273061400032e-08,
          -1.2999992370605469
        ],
        [
          0.8191524744033813,
          -0.5735759735107422,
          -6.684842901449883e-08,
          0.5500030517578125
        ],
        [
          9.374485188118342e-08,
          1.808520622148535e-08,
          1.0,
          1.6999999284744263
        ],
        [
          0.0,
          0.0,
          0.0,
          1.0
        ]
      ],
      "matrix_ego_from_sensor_bevfusion": [
        [
          -0.8191524147987366,
          -6.868273061400032e-08,
          -0.5735759139060974,
          -1.2999992370605469
        ],
        [
          0.5735759735107422,
          -6.684842901449883e-08,
          -0.8191524744033813,
          -0.5500030517578125
        ],
        [
          1.808520622148535e-08,
          -1.0,
          9.374485188118342e-08,
          1.6999999284744263
        ],
        [
          0.0,
          0.0,
          0.0,
          1.0
        ]
      ],
      "camera_intrinsics": [
        [
          685.5110473632812,
          0.0,
          480.0
        ],
        [
          0.0,
          685.5110473632812,
          270.0
        ],
        [
          0.0,
          0.0,
          1.0
        ]
      ],
      "data_path": "D:\\Agent-AI\\outputs\\s3a_ml_long_v2\\sample_000050\\images\\CAM_BACK_RIGHT.png",
      "raw_layout": "bgra8"
    },
    "LIDAR_TOP": {
      "type_id": "sensor.lidar.ray_cast",
      "blueprint_attributes": {
        "atmosphere_attenuation_rate": "0.004",
        "role_name": "front",
        "noise_seed": "0",
        "upper_fov": "10.0",
        "ros_name": "sensor.lidar.ray_cast",
        "sensor_tick": "0.100000",
        "channels": "32",
        "range": "120.0",
        "points_per_second": "360000",
        "lower_fov": "-30.0",
        "rotation_frequency": "10.000000",
        "horizontal_fov": "360.0",
        "dropoff_general_rate": "0.0",
        "dropoff_intensity_limit": "1.0",
        "noise_stddev": "0.0",
        "dropoff_zero_intensity": "0.0"
      },
      "transform_carla": {
        "location": {
          "x": 91.87346649169922,
          "y": -54.410804748535156,
          "z": 2.1959733963012695
        },
        "rotation": {
          "roll": 0.629180371761322,
          "pitch": -0.12161151319742203,
          "yaw": -138.5265350341797
        }
      },
      "matrix_world_from_sensor_carla": [
        [
          -0.7492608428001404,
          0.6622506380081177,
          0.005682224407792091,
          91.87346649169922
        ],
        [
          -0.6622716188430786,
          -0.7492018938064575,
          -0.009633291512727737,
          -54.410804748535156
        ],
        [
          -0.0021225197706371546,
          -0.01098102331161499,
          0.9999374151229858,
          2.1959733963012695
        ],
        [
          0.0,
          0.0,
          0.0,
          1.0
        ]
      ],
      "matrix_world_from_sensor_bevfusion": [
        [
          -0.7492608428001404,
          -0.6622506380081177,
          0.005682224407792091,
          91.87346649169922
        ],
        [
          0.6622716188430786,
          -0.7492018938064575,
          0.009633291512727737,
          54.410804748535156
        ],
        [
          -0.0021225197706371546,
          0.01098102331161499,
          0.9999374151229858,
          2.1959733963012695
        ],
        [
          0.0,
          0.0,
          0.0,
          1.0
        ]
      ],
      "matrix_ego_from_sensor_carla": [
        [
          1.0,
          -1.6865756791162312e-08,
          1.242010660984505e-10,
          -3.814697265625e-06
        ],
        [
          2.2606815974768324e-08,
          1.0,
          8.613142421509679e-10,
          -7.62939453125e-06
        ],
        [
          4.6332115921643435e-10,
          2.0673596168307995e-10,
          1.0,
          2.1999998092651367
        ],
        [
          0.0,
          0.0,
          0.0,
          1.0
        ]
      ],
      "matrix_ego_from_sensor_bevfusion": [
        [
          1.0,
          1.6865756791162312e-08,
          1.242010660984505e-10,
          -3.814697265625e-06
        ],
        [
          -2.2606815974768324e-08,
          1.0,
          -8.613142421509679e-10,
          7.62939453125e-06
        ],
        [
          4.6332115921643435e-10,
          -2.0673596168307995e-10,
          1.0,
          2.1999998092651367
        ],
        [
          0.0,
          0.0,
          0.0,
          1.0
        ]
      ],
      "data_path": "D:\\Agent-AI\\outputs\\s3a_ml_long_v2\\sample_000050\\lidar\\LIDAR_TOP.npy",
      "raw_layout": [
        "x",
        "y",
        "z",
        "intensity"
      ]
    },
    "RADAR_FRONT": {
      "type_id": "sensor.other.radar",
      "blueprint_attributes": {
        "sensor_tick": "0.100000",
        "role_name": "default",
        "noise_seed": "0",
        "ros_name": "sensor.other.radar",
        "horizontal_fov": "35.0",
        "points_per_second": "1500",
        "vertical_fov": "20.0",
        "range": "120.0"
      },
      "transform_carla": {
        "location": {
          "x": 90.3675537109375,
          "y": -55.72282409667969,
          "z": 0.89180988073349
        },
        "rotation": {
          "roll": 0.629180371761322,
          "pitch": -0.12161151319742203,
          "yaw": -138.5265350341797
        }
      },
      "matrix_world_from_sensor_carla": [
        [
          -0.7492608428001404,
          0.6622506380081177,
          0.005682224407792091,
          90.3675537109375
        ],
        [
          -0.6622716188430786,
          -0.7492018938064575,
          -0.009633291512727737,
          -55.72282409667969
        ],
        [
          -0.0021225197706371546,
          -0.01098102331161499,
          0.9999374151229858,
          0.89180988073349
        ],
        [
          0.0,
          0.0,
          0.0,
          1.0
        ]
      ],
      "matrix_world_from_sensor_bevfusion": [
        [
          -0.7492608428001404,
          -0.6622506380081177,
          0.005682224407792091,
          90.3675537109375
        ],
        [
          0.6622716188430786,
          -0.7492018938064575,
          0.009633291512727737,
          55.72282409667969
        ],
        [
          -0.0021225197706371546,
          0.01098102331161499,
          0.9999374151229858,
          0.89180988073349
        ],
        [
          0.0,
          0.0,
          0.0,
          1.0
        ]
      ],
      "matrix_ego_from_sensor_carla": [
        [
          1.0,
          -1.6865756791162312e-08,
          1.242010660984505e-10,
          1.9999961853027344
        ],
        [
          2.2606815974768324e-08,
          1.0,
          8.613142421509679e-10,
          -7.62939453125e-06
        ],
        [
          4.6332115921643435e-10,
          2.0673596168307995e-10,
          1.0,
          0.8999999761581421
        ],
        [
          0.0,
          0.0,
          0.0,
          1.0
        ]
      ],
      "matrix_ego_from_sensor_bevfusion": [
        [
          1.0,
          1.6865756791162312e-08,
          1.242010660984505e-10,
          1.9999961853027344
        ],
        [
          -2.2606815974768324e-08,
          1.0,
          -8.613142421509679e-10,
          7.62939453125e-06
        ],
        [
          4.6332115921643435e-10,
          -2.0673596168307995e-10,
          1.0,
          0.8999999761581421
        ],
        [
          0.0,
          0.0,
          0.0,
          1.0
        ]
      ],
      "data_path": "D:\\Agent-AI\\outputs\\s3a_ml_long_v2\\sample_000050\\radar\\RADAR_FRONT.npy",
      "raw_layout": [
        "velocity",
        "altitude",
        "azimuth",
        "depth"
      ]
    },
    "RADAR_FRONT_LEFT": {
      "type_id": "sensor.other.radar",
      "blueprint_attributes": {
        "sensor_tick": "0.100000",
        "role_name": "default",
        "noise_seed": "0",
        "ros_name": "sensor.other.radar",
        "horizontal_fov": "35.0",
        "points_per_second": "1500",
        "vertical_fov": "20.0",
        "range": "120.0"
      },
      "transform_carla": {
        "location": {
          "x": 90.13311004638672,
          "y": -54.92913055419922,
          "z": 0.9007884860038757
        },
        "rotation": {
          "roll": 0.5308987498283386,
          "pitch": 0.3588990867137909,
          "yaw": 176.4757843017578
        }
      },
      "matrix_world_from_sensor_carla": [
        [
          -0.9980893731117249,
          -0.061525799334049225,
          0.005682243034243584,
          90.13311004638672
        ],
        [
          0.06146929785609245,
          -0.9980624914169312,
          -0.009633307345211506,
          -54.92913055419922
        ],
        [
          0.006263929884880781,
          -0.009265617467463017,
          0.9999374747276306,
          0.9007884860038757
        ],
        [
          0.0,
          0.0,
          0.0,
          1.0
        ]
      ],
      "matrix_world_from_sensor_bevfusion": [
        [
          -0.9980893731117249,
          0.061525799334049225,
          0.005682243034243584,
          90.13311004638672
        ],
        [
          -0.06146929785609245,
          -0.9980624914169312,
          0.009633307345211506,
          54.92913055419922
        ],
        [
          0.006263929884880781,
          0.009265617467463017,
          0.9999374747276306,
          0.9007884860038757
        ],
        [
          0.0,
          0.0,
          0.0,
          1.0
        ]
      ],
      "matrix_ego_from_sensor_carla": [
        [
          0.7071065902709961,
          0.7071070075035095,
          -3.494770695056104e-09,
          1.6499958038330078
        ],
        [
          -0.7071070671081543,
          0.7071065902709961,
          2.442118152146122e-08,
          -0.7500076293945312
        ],
        [
          1.8593672379552117e-08,
          -1.484854639244304e-08,
          1.0,
          0.8999998569488525
        ],
        [
          0.0,
          0.0,
          0.0,
          1.0
        ]
      ],
      "matrix_ego_from_sensor_bevfusion": [
        [
          0.7071065902709961,
          -0.7071070075035095,
          -3.494770695056104e-09,
          1.6499958038330078
        ],
        [
          0.7071070671081543,
          0.7071065902709961,
          -2.442118152146122e-08,
          0.7500076293945312
        ],
        [
          1.8593672379552117e-08,
          1.484854639244304e-08,
          1.0,
          0.8999998569488525
        ],
        [
          0.0,
          0.0,
          0.0,
          1.0
        ]
      ],
      "data_path": "D:\\Agent-AI\\outputs\\s3a_ml_long_v2\\sample_000050\\radar\\RADAR_FRONT_LEFT.npy",
      "raw_layout": [
        "velocity",
        "altitude",
        "azimuth",
        "depth"
      ]
    },
    "RADAR_FRONT_RIGHT": {
      "type_id": "sensor.other.radar",
      "blueprint_attributes": {
        "sensor_tick": "0.100000",
        "role_name": "default",
        "noise_seed": "0",
        "ros_name": "sensor.other.radar",
        "horizontal_fov": "35.0",
        "points_per_second": "1500",
