{
  "schema_version": "stage1.v1",
  "sample_name": "sample_000017",
  "sequence_index": 17,
  "previous_sample_name": "sample_000016",
  "frame_id": 2194,
  "timestamp": 33.74063230678439,
  "platform_timestamp": 16781878.0880493,
  "delta_seconds": 0.05000000074505806,
  "town": "Carla/Maps/Town10HD_Opt",
  "weather": {
    "cloudiness": 20.0,
    "dust_storm": 0.0,
    "fog_density": 2.0,
    "fog_distance": 0.75,
    "fog_falloff": 0.10000000149011612,
    "mie_scattering_scale": 0.029999999329447746,
    "precipitation": 0.0,
    "precipitation_deposits": 0.0,
    "rayleigh_scattering_scale": 0.03310000151395798,
    "scattering_intensity": 1.0,
    "sun_altitude_angle": 45.0,
    "sun_azimuth_angle": 300.0,
    "wetness": 0.0,
    "wind_intensity": 10.0
  },
  "sensor_names": [
    "CAM_FRONT",
    "CAM_FRONT_RIGHT",
    "CAM_FRONT_LEFT",
    "CAM_BACK",
    "CAM_BACK_LEFT",
    "CAM_BACK_RIGHT",
    "LIDAR_TOP",
    "RADAR_FRONT",
    "RADAR_FRONT_LEFT",
    "RADAR_FRONT_RIGHT",
    "RADAR_BACK_LEFT",
    "RADAR_BACK_RIGHT"
  ],
  "camera_order_for_model": [
    "CAM_FRONT",
    "CAM_FRONT_RIGHT",
    "CAM_FRONT_LEFT",
    "CAM_BACK",
    "CAM_BACK_LEFT",
    "CAM_BACK_RIGHT"
  ],
  "radar_order_for_model": [
    "RADAR_FRONT",
    "RADAR_FRONT_LEFT",
    "RADAR_FRONT_RIGHT",
    "RADAR_BACK_LEFT",
    "RADAR_BACK_RIGHT"
  ],
  "coordinate_notes": {
    "carla_world": "left-handed x-forward y-right z-up",
    "bevfusion_lidar": "x-forward y-left z-up",
    "camera_frame_for_model": "OpenCV style x-right y-down z-forward"
  },
  "ego": {
    "actor_id": 24,
    "transform_carla": {
      "location": {
        "x": -57.42580795288086,
        "y": 22.914833068847656,
        "z": -0.006522102281451225
      },
      "rotation": {
        "roll": 0.8426006436347961,
        "pitch": 0.5912006497383118,
        "yaw": -18.379310607910156
      }
    },
    "velocity_carla": [
      7.756178855895996,
      -2.951280355453491,
      -0.00017283439228776842
    ],
    "angular_velocity_carla": [
      0.2521788477897644,
      0.13093799352645874,
      -17.856178283691406
    ],
    "matrix_world_from_ego_carla": [
      [
        0.9489394426345825,
        0.31541627645492554,
        -0.005154044833034277,
        -57.42580795288086
      ],
      [
        -0.31528958678245544,
        0.9488394856452942,
        0.017208537086844444,
        22.914833068847656
      ],
      [
        0.010318214073777199,
        -0.014704843051731586,
        0.999838650226593,
        -0.006522102281451225
      ],
      [
        0.0,
        0.0,
        0.0,
        1.0
      ]
    ],
    "matrix_world_from_ego_bevfusion": [
      [
        0.9489394426345825,
        -0.31541627645492554,
        -0.005154044833034277,
        -57.42580795288086
      ],
      [
        0.31528958678245544,
        0.9488394856452942,
        -0.017208537086844444,
        -22.914833068847656
      ],
      [
        0.010318214073777199,
        0.014704843051731586,
        0.999838650226593,
        -0.006522102281451225
      ],
      [
        0.0,
        0.0,
        0.0,
        1.0
      ]
    ]
  },
  "sensors": {
    "CAM_FRONT": {
      "type_id": "sensor.camera.rgb",
      "blueprint_attributes": {
        "role_name": "front",
        "ros_name": "sensor.camera.rgb",
        "chromatic_aberration_offset": "0.0",
        "sensor_tick": "0.050000",
        "fstop": "1.4",
        "image_size_x": "1600",
        "image_size_y": "900",
        "fov": "70.00",
        "lens_circle_falloff": "5.0",
        "lens_circle_multiplier": "0.0",
        "exposure_compensation": "0.0",
        "lens_y_size": "0.08",
        "lens_k": "-1.0",
        "exposure_mode": "histogram",
        "lens_kcube": "0.0",
        "lens_x_size": "0.08",
        "exposure_max_bright": "12.0",
        "shutter_speed": "200.0",
        "bloom_intensity": "0.675",
        "iso": "100.0",
        "enable_postprocess_effects": "false",
        "gamma": "2.2",
        "motion_blur_intensity": "0.0",
        "motion_blur_max_distortion": "0.35",
        "lens_flare_intensity": "0.1",
        "motion_blur_min_object_screen_size": "0.1",
        "exposure_min_bright": "10.0",
        "exposure_speed_up": "3.0",
        "exposure_speed_down": "1.0",
        "tint": "0.0",
        "calibration_constant": "16.0",
        "focal_distance": "1000.0",
        "min_fstop": "1.2",
        "blade_count": "5",
        "blur_amount": "0.0",
        "blur_radius": "0.0",
        "slope": "0.88",
        "toe": "0.55",
        "white_clip": "0.04",
        "shoulder": "0.26",
        "black_clip": "0.0",
        "temp": "6500.0",
        "chromatic_aberration_intensity": "0.0"
      },
      "transform_carla": {
        "location": {
          "x": -55.963714599609375,
          "y": 22.45539093017578,
          "z": 1.70919668674469
        },
        "rotation": {
          "roll": 0.8426006436347961,
          "pitch": 0.5912006497383118,
          "yaw": -18.379310607910156
        }
      },
      "matrix_world_from_sensor_carla": [
        [
          0.9489394426345825,
          0.31541627645492554,
          -0.005154044833034277,
          -55.963714599609375
        ],
        [
          -0.31528958678245544,
          0.9488394856452942,
          0.017208537086844444,
          22.45539093017578
        ],
        [
          0.010318214073777199,
          -0.014704843051731586,
          0.999838650226593,
          1.70919668674469
        ],
        [
          0.0,
          0.0,
          0.0,
          1.0
        ]
      ],
      "matrix_world_from_sensor_bevfusion": [
        [
          0.31541627645492554,
          0.005154044833034277,
          0.9489394426345825,
          -55.963714599609375
        ],
        [
          -0.9488394856452942,
          0.017208537086844444,
          0.31528958678245544,
          -22.45539093017578
        ],
        [
          -0.014704843051731586,
          -0.999838650226593,
          0.010318214073777199,
          1.70919668674469
        ],
        [
          0.0,
          0.0,
          0.0,
          1.0
        ]
      ],
      "matrix_ego_from_sensor_carla": [
        [
          0.9999999403953552,
          -1.44279699298977e-08,
          -5.679116621415403e-10,
          1.5499954223632812
        ],
        [
          -1.443205555062832e-08,
          1.0,
          5.443465678212078e-10,
          2.86102294921875e-06
        ],
        [
          3.632606437875552e-10,
          -3.8682573810788767e-10,
          1.0,
          1.6999998092651367
        ],
        [
          0.0,
          0.0,
          0.0,
          1.0
        ]
      ],
      "matrix_ego_from_sensor_bevfusion": [
        [
          -1.44279699298977e-08,
          5.679116621415403e-10,
          0.9999999403953552,
          1.5499954223632812
        ],
        [
          -1.0,
          5.443465678212078e-10,
          1.443205555062832e-08,
          -2.86102294921875e-06
        ],
        [
          -3.8682573810788767e-10,
          -1.0,
          3.632606437875552e-10,
          1.6999998092651367
        ],
        [
          0.0,
          0.0,
          0.0,
          1.0
        ]
      ],
      "camera_intrinsics": [
        [
          1142.5184326171875,
          0.0,
          800.0
        ],
        [
          0.0,
          1142.5184326171875,
          450.0
        ],
        [
          0.0,
          0.0,
          1.0
        ]
      ],
      "data_path": "D:\\Agent-AI\\outputs\\samples\\sample_000017\\images\\CAM_FRONT.png",
      "raw_layout": "bgra8"
    },
    "CAM_FRONT_RIGHT": {
      "type_id": "sensor.camera.rgb",
      "blueprint_attributes": {
        "role_name": "front",
        "ros_name": "sensor.camera.rgb",
        "chromatic_aberration_offset": "0.0",
        "sensor_tick": "0.050000",
        "fstop": "1.4",
        "image_size_x": "1600",
        "image_size_y": "900",
        "fov": "70.00",
        "lens_circle_falloff": "5.0",
        "lens_circle_multiplier": "0.0",
        "exposure_compensation": "0.0",
        "lens_y_size": "0.08",
        "lens_k": "-1.0",
        "exposure_mode": "histogram",
        "lens_kcube": "0.0",
        "lens_x_size": "0.08",
        "exposure_max_bright": "12.0",
        "shutter_speed": "200.0",
        "bloom_intensity": "0.675",
        "iso": "100.0",
        "enable_postprocess_effects": "false",
        "gamma": "2.2",
        "motion_blur_intensity": "0.0",
        "motion_blur_max_distortion": "0.35",
        "lens_flare_intensity": "0.1",
        "motion_blur_min_object_screen_size": "0.1",
        "exposure_min_bright": "10.0",
        "exposure_speed_up": "3.0",
        "exposure_speed_down": "1.0",
        "tint": "0.0",
        "calibration_constant": "16.0",
        "focal_distance": "1000.0",
        "min_fstop": "1.2",
        "blade_count": "5",
        "blur_amount": "0.0",
        "blur_radius": "0.0",
        "slope": "0.88",
        "toe": "0.55",
        "white_clip": "0.04",
        "shoulder": "0.26",
        "black_clip": "0.0",
        "temp": "6500.0",
        "chromatic_aberration_intensity": "0.0"
      },
      "transform_carla": {
        "location": {
          "x": -56.027469635009766,
          "y": 23.056074142456055,
          "z": 1.698529601097107
        },
        "rotation": {
          "roll": 0.9675914645195007,
          "pitch": -0.35106486082077026,
          "yaw": 36.613365173339844
        }
      },
      "matrix_world_from_sensor_carla": [
        [
          0.802663266658783,
          -0.5964100956916809,
          -0.005154055077582598,
          -56.027469635009766
        ],
        [
          0.5964009165763855,
          0.8025022149085999,
          0.017208527773618698,
          23.056074142456055
        ],
        [
          -0.006127199623733759,
          -0.01688653789460659,
          0.999838650226593,
          1.698529601097107
        ],
        [
          0.0,
          0.0,
          0.0,
          1.0
        ]
      ],
      "matrix_world_from_sensor_bevfusion": [
        [
          -0.5964100956916809,
          0.005154055077582598,
          0.802663266658783,
          -56.027469635009766
        ],
        [
          -0.8025022149085999,
          0.017208527773618698,
          -0.5964009165763855,
          -23.056074142456055
        ],
        [
          -0.01688653789460659,
          -0.999838650226593,
          -0.006127199623733759,
          1.698529601097107
        ],
        [
          0.0,
          0.0,
          0.0,
          1.0
        ]
      ],
      "matrix_ego_from_sensor_carla": [
        [
          0.5735765099525452,
          -0.8191518187522888,
          -7.087169517916436e-09,
          1.2999992370605469
        ],
        [
          0.8191518783569336,
          0.5735766887664795,
          -1.1562846680135408e-08,
          0.5500023365020752
        ],
        [
          1.3993196823491871e-08,
          -4.1079040169478276e-10,
          1.0,
          1.7000000476837158
        ],
        [
          0.0,
          0.0,
          0.0,
          1.0
        ]
      ],
      "matrix_ego_from_sensor_bevfusion": [
        [
          -0.8191518187522888,
          7.087169517916436e-09,
          0.5735765099525452,
          1.2999992370605469
        ],
        [
          -0.5735766887664795,
          -1.1562846680135408e-08,
          -0.8191518783569336,
          -0.5500023365020752
        ],
        [
          -4.1079040169478276e-10,
          -1.0,
          1.3993196823491871e-08,
          1.7000000476837158
        ],
        [
          0.0,
          0.0,
          0.0,
          1.0
        ]
      ],
      "camera_intrinsics": [
        [
          1142.5184326171875,
          0.0,
          800.0
        ],
        [
          0.0,
          1142.5184326171875,
          450.0
        ],
        [
          0.0,
          0.0,
          1.0
        ]
      ],
      "data_path": "D:\\Agent-AI\\outputs\\samples\\sample_000017\\images\\CAM_FRONT_RIGHT.png",
      "raw_layout": "bgra8"
    },
    "CAM_FRONT_LEFT": {
      "type_id": "sensor.camera.rgb",
      "blueprint_attributes": {
        "role_name": "front",
        "ros_name": "sensor.camera.rgb",
        "chromatic_aberration_offset": "0.0",
        "sensor_tick": "0.050000",
        "fstop": "1.4",
        "image_size_x": "1600",
        "image_size_y": "900",
        "fov": "70.00",
        "lens_circle_falloff": "5.0",
        "lens_circle_multiplier": "0.0",
        "exposure_compensation": "0.0",
        "lens_y_size": "0.08",
        "lens_k": "-1.0",
        "exposure_mode": "histogram",
        "lens_kcube": "0.0",
        "lens_x_size": "0.08",
        "exposure_max_bright": "12.0",
        "shutter_speed": "200.0",
        "bloom_intensity": "0.675",
        "iso": "100.0",
        "enable_postprocess_effects": "false",
        "gamma": "2.2",
        "motion_blur_intensity": "0.0",
        "motion_blur_max_distortion": "0.35",
        "lens_flare_intensity": "0.1",
        "motion_blur_min_object_screen_size": "0.1",
        "exposure_min_bright": "10.0",
        "exposure_speed_up": "3.0",
        "exposure_speed_down": "1.0",
        "tint": "0.0",
        "calibration_constant": "16.0",
        "focal_distance": "1000.0",
        "min_fstop": "1.2",
        "blade_count": "5",
        "blur_amount": "0.0",
        "blur_radius": "0.0",
        "slope": "0.88",
        "toe": "0.55",
        "white_clip": "0.04",
        "shoulder": "0.26",
        "black_clip": "0.0",
        "temp": "6500.0",
        "chromatic_aberration_intensity": "0.0"
      },
      "transform_carla": {
        "location": {
          "x": -56.374427795410156,
          "y": 22.01235008239746,
          "z": 1.714704990386963
        },
        "rotation": {
          "roll": -0.001022078562527895,
          "pitch": 1.0293025970458984,
          "yaw": -73.38363647460938
        }
      },
      "matrix_world_from_sensor_carla": [
        [
          0.28591594099998474,
          0.958240807056427,
          -0.005154045298695564,
          -56.374427795410156
        ],
        [
          -0.9580863118171692,
          0.28596237301826477,
          0.01720849983394146,
          22.01235008239746
        ],
        [
          0.017963752150535583,
          1.783575862646103e-05,
          0.999838650226593,
          1.714704990386963
        ],
        [
          0.0,
          0.0,
          0.0,
          1.0
        ]
      ],
      "matrix_world_from_sensor_bevfusion": [
        [
          0.958240807056427,
          0.005154045298695564,
          0.28591594099998474,
          -56.374427795410156
        ],
        [
          -0.28596237301826477,
          0.01720849983394146,
          0.9580863118171692,
          -22.01235008239746
        ],
        [
          1.783575862646103e-05,
          -0.999838650226593,
          0.017963752150535583,
          1.714704990386963
        ],
        [
          0.0,
          0.0,
          0.0,
          1.0
        ]
      ],
      "matrix_ego_from_sensor_carla": [
        [
          0.5735768675804138,
          0.8191516399383545,
          1.1539281530303924e-08,
          1.2999992370605469
        ],
        [
          -0.819151759147644,
          0.5735768675804138,
          -3.484591104552237e-08,
          -0.5499980449676514
        ],
        [
          -3.369909862271925e-08,
          1.079554756699963e-08,
          1.0,
          1.7000000476837158
        ],
        [
          0.0,
          0.0,
          0.0,
          1.0
        ]
      ],
      "matrix_ego_from_sensor_bevfusion": [
        [
          0.8191516399383545,
          -1.1539281530303924e-08,
          0.5735768675804138,
          1.2999992370605469
        ],
        [
          -0.5735768675804138,
          -3.484591104552237e-08,
          0.819151759147644,
          0.5499980449676514
        ],
        [
          1.079554756699963e-08,
          -1.0,
          -3.369909862271925e-08,
          1.7000000476837158
        ],
        [
          0.0,
          0.0,
          0.0,
          1.0
        ]
      ],
      "camera_intrinsics": [
        [
          1142.5184326171875,
          0.0,
          800.0
        ],
        [
          0.0,
          1142.5184326171875,
          450.0
        ],
        [
          0.0,
          0.0,
          1.0
        ]
      ],
      "data_path": "D:\\Agent-AI\\outputs\\samples\\sample_000017\\images\\CAM_FRONT_LEFT.png",
      "raw_layout": "bgra8"
    },
    "CAM_BACK": {
      "type_id": "sensor.camera.rgb",
      "blueprint_attributes": {
        "role_name": "front",
        "ros_name": "sensor.camera.rgb",
        "chromatic_aberration_offset": "0.0",
        "sensor_tick": "0.050000",
        "fstop": "1.4",
        "image_size_x": "1600",
        "image_size_y": "900",
        "fov": "70.00",
        "lens_circle_falloff": "5.0",
        "lens_circle_multiplier": "0.0",
        "exposure_compensation": "0.0",
        "lens_y_size": "0.08",
        "lens_k": "-1.0",
        "exposure_mode": "histogram",
        "lens_kcube": "0.0",
        "lens_x_size": "0.08",
        "exposure_max_bright": "12.0",
        "shutter_speed": "200.0",
        "bloom_intensity": "0.675",
        "iso": "100.0",
        "enable_postprocess_effects": "false",
        "gamma": "2.2",
        "motion_blur_intensity": "0.0",
        "motion_blur_max_distortion": "0.35",
        "lens_flare_intensity": "0.1",
        "motion_blur_min_object_screen_size": "0.1",
        "exposure_min_bright": "10.0",
        "exposure_speed_up": "3.0",
        "exposure_speed_down": "1.0",
        "tint": "0.0",
        "calibration_constant": "16.0",
        "focal_distance": "1000.0",
        "min_fstop": "1.2",
        "blade_count": "5",
        "blur_amount": "0.0",
        "blur_radius": "0.0",
        "slope": "0.88",
        "toe": "0.55",
        "white_clip": "0.04",
        "shoulder": "0.26",
        "black_clip": "0.0",
        "temp": "6500.0",
        "chromatic_aberration_intensity": "0.0"
      },
      "transform_carla": {
        "location": {
          "x": -58.90542984008789,
          "y": 23.43278694152832,
          "z": 1.6772103309631348
        },
        "rotation": {
          "roll": -0.8426007032394409,
          "pitch": -0.5912006497383118,
          "yaw": 161.62071228027344
        }
      },
      "matrix_world_from_sensor_carla": [
        [
          -0.9489396214485168,
          -0.3154158294200897,
          -0.005154052749276161,
          -58.90542984008789
        ],
        [
          0.31528913974761963,
          -0.9488396644592285,
          0.017208535224199295,
          23.43278694152832
        ],
        [
          -0.010318214073777199,
          0.014704843983054161,
          0.999838650226593,
          1.6772103309631348
        ],
        [
          0.0,
          0.0,
          0.0,
          1.0
        ]
      ],
      "matrix_world_from_sensor_bevfusion": [
        [
          -0.3154158294200897,
          0.005154052749276161,
          -0.9489396214485168,
          -58.90542984008789
        ],
        [
          0.9488396644592285,
          0.017208535224199295,
          -0.31528913974761963,
          -23.43278694152832
        ],
        [
          0.014704843983054161,
          -0.999838650226593,
          -0.010318214073777199,
          1.6772103309631348
        ],
        [
          0.0,
          0.0,
          0.0,
          1.0
        ]
      ],
      "matrix_ego_from_sensor_carla": [
        [
          -1.0,
          4.880587880506937e-07,
          -7.087169517916436e-09,
          -1.5500030517578125
        ],
        [
          -4.693318089721288e-07,
          -1.0,
          -4.11226608321158e-09,
          9.5367431640625e-07
        ],
        [
          -6.882518555073602e-09,
          -4.2699372926335855e-09,
          1.0,
          1.7000000476837158
        ],
        [
          0.0,
          0.0,
          0.0,
          1.0
        ]
      ],
      "matrix_ego_from_sensor_bevfusion": [
        [
          4.880587880506937e-07,
          7.087169517916436e-09,
          -1.0,
          -1.5500030517578125
        ],
        [
          1.0,
          -4.11226608321158e-09,
          4.693318089721288e-07,
          -9.5367431640625e-07
        ],
        [
          -4.2699372926335855e-09,
          -1.0,
          -6.882518555073602e-09,
          1.7000000476837158
        ],
        [
          0.0,
          0.0,
          0.0,
          1.0
        ]
      ],
      "camera_intrinsics": [
        [
          1142.5184326171875,
          0.0,
          800.0
        ],
        [
          0.0,
          1142.5184326171875,
          450.0
        ],
        [
          0.0,
          0.0,
          1.0
        ]
      ],
      "data_path": "D:\\Agent-AI\\outputs\\samples\\sample_000017\\images\\CAM_BACK.png",
      "raw_layout": "bgra8"
    },
    "CAM_BACK_LEFT": {
      "type_id": "sensor.camera.rgb",
      "blueprint_attributes": {
        "role_name": "front",
        "ros_name": "sensor.camera.rgb",
        "chromatic_aberration_offset": "0.0",
        "sensor_tick": "0.050000",
        "fstop": "1.4",
        "image_size_x": "1600",
        "image_size_y": "900",
        "fov": "70.00",
        "lens_circle_falloff": "5.0",
        "lens_circle_multiplier": "0.0",
        "exposure_compensation": "0.0",
        "lens_y_size": "0.08",
        "lens_k": "-1.0",
        "exposure_mode": "histogram",
        "lens_kcube": "0.0",
        "lens_x_size": "0.08",
        "exposure_max_bright": "12.0",
        "shutter_speed": "200.0",
        "bloom_intensity": "0.675",
        "iso": "100.0",
        "enable_postprocess_effects": "false",
        "gamma": "2.2",
        "motion_blur_intensity": "0.0",
        "motion_blur_max_distortion": "0.35",
        "lens_flare_intensity": "0.1",
        "motion_blur_min_object_screen_size": "0.1",
        "exposure_min_bright": "10.0",
        "exposure_speed_up": "3.0",
        "exposure_speed_down": "1.0",
        "tint": "0.0",
        "calibration_constant": "16.0",
        "focal_distance": "1000.0",
        "min_fstop": "1.2",
        "blade_count": "5",
        "blur_amount": "0.0",
        "blur_radius": "0.0",
        "slope": "0.88",
        "toe": "0.55",
        "white_clip": "0.04",
        "shoulder": "0.26",
        "black_clip": "0.0",
        "temp": "6500.0",
        "chromatic_aberration_intensity": "0.0"
      },
      "transform_carla": {
        "location": {
          "x": -58.8416748046875,
          "y": 22.832101821899414,
          "z": 1.6878774166107178
        },
        "rotation": {
          "roll": -0.9675914645195007,
          "pitch": 0.35106486082077026,
          "yaw": -143.38661193847656
        }
      },
      "matrix_world_from_sensor_carla": [
        [
          -0.8026630282402039,
          0.5964103937149048,
          -0.005154062062501907,
          -58.8416748046875
        ],
        [
          -0.5964012145996094,
          -0.8025019764900208,
          0.0172085240483284,
          22.832101821899414
        ],
        [
          0.006127199623733759,
          0.01688653789460659,
          0.999838650226593,
          1.6878774166107178
        ],
        [
          0.0,
          0.0,
          0.0,
          1.0
        ]
      ],
      "matrix_world_from_sensor_bevfusion": [
        [
          0.5964103937149048,
          0.005154062062501907,
          -0.8026630282402039,
          -58.8416748046875
        ],
        [
          0.8025019764900208,
          0.0172085240483284,
          0.5964012145996094,
          -22.832101821899414
        ],
        [
          0.01688653789460659,
          -0.999838650226593,
          0.006127199623733759,
          1.6878774166107178
        ],
        [
          0.0,
          0.0,
          0.0,
          1.0
        ]
      ],
      "matrix_ego_from_sensor_carla": [
        [
          -0.5735762715339661,
          0.8191520571708679,
          -1.2675105409698517e-08,
          -1.3000030517578125
        ],
        [
          -0.8191521167755127,
          -0.5735763311386108,
          -1.715078212782828e-08,
          -0.5500004291534424
        ],
        [
          -2.0046792670314062e-08,
          2.2734356619480423e-09,
          1.0,
          1.6999998092651367
        ],
        [
          0.0,
          0.0,
          0.0,
          1.0
        ]
      ],
      "matrix_ego_from_sensor_bevfusion": [
        [
          0.8191520571708679,
          1.2675105409698517e-08,
          -0.5735762715339661,
          -1.3000030517578125
        ],
        [
          0.5735763311386108,
          -1.715078212782828e-08,
          0.8191521167755127,
          0.5500004291534424
        ],
        [
          2.2734356619480423e-09,
          -1.0,
          -2.0046792670314062e-08,
          1.6999998092651367
        ],
        [
          0.0,
          0.0,
          0.0,
          1.0
        ]
      ],
      "camera_intrinsics": [
        [
          1142.5184326171875,
          0.0,
          800.0
        ],
        [
          0.0,
          1142.5184326171875,
          450.0
        ],
        [
          0.0,
          0.0,
          1.0
        ]
      ],
      "data_path": "D:\\Agent-AI\\outputs\\samples\\sample_000017\\images\\CAM_BACK_LEFT.png",
      "raw_layout": "bgra8"
    },
    "CAM_BACK_RIGHT": {
      "type_id": "sensor.camera.rgb",
      "blueprint_attributes": {
        "role_name": "front",
        "ros_name": "sensor.camera.rgb",
        "chromatic_aberration_offset": "0.0",
        "sensor_tick": "0.050000",
        "fstop": "1.4",
        "image_size_x": "1600",
        "image_size_y": "900",
        "fov": "70.00",
        "lens_circle_falloff": "5.0",
        "lens_circle_multiplier": "0.0",
        "exposure_compensation": "0.0",
        "lens_y_size": "0.08",
        "lens_k": "-1.0",
        "exposure_mode": "histogram",
        "lens_kcube": "0.0",
        "lens_x_size": "0.08",
        "exposure_max_bright": "12.0",
        "shutter_speed": "200.0",
        "bloom_intensity": "0.675",
        "iso": "100.0",
        "enable_postprocess_effects": "false",
        "gamma": "2.2",
        "motion_blur_intensity": "0.0",
        "motion_blur_max_distortion": "0.35",
        "lens_flare_intensity": "0.1",
        "motion_blur_min_object_screen_size": "0.1",
        "exposure_min_bright": "10.0",
        "exposure_speed_up": "3.0",
        "exposure_speed_down": "1.0",
        "tint": "0.0",
        "calibration_constant": "16.0",
        "focal_distance": "1000.0",
        "min_fstop": "1.2",
        "blade_count": "5",
        "blur_amount": "0.0",
        "blur_radius": "0.0",
        "slope": "0.88",
        "toe": "0.55",
        "white_clip": "0.04",
        "shoulder": "0.26",
        "black_clip": "0.0",
        "temp": "6500.0",
        "chromatic_aberration_intensity": "0.0"
      },
      "transform_carla": {
        "location": {
          "x": -58.49471664428711,
          "y": 23.87582778930664,
          "z": 1.671702265739441
        },
        "rotation": {
          "roll": 0.0010222920682281256,
          "pitch": -1.0293025970458984,
          "yaw": 106.61634063720703
        }
      },
      "matrix_world_from_sensor_carla": [
        [
          -0.28591546416282654,
          -0.9582409858703613,
          -0.005154040642082691,
          -58.49471664428711
        ],
        [
          0.9580864906311035,
          -0.28596189618110657,
          0.017208503559231758,
          23.87582778930664
        ],
        [
          -0.017963752150535583,
          -1.7839482097770087e-05,
          0.999838650226593,
          1.671702265739441
        ],
        [
          0.0,
          0.0,
          0.0,
          1.0
        ]
      ],
      "matrix_world_from_sensor_bevfusion": [
        [
          -0.9582409858703613,
          0.005154040642082691,
          -0.28591546416282654,
          -58.49471664428711
        ],
        [
          0.28596189618110657,
          0.017208503559231758,
          -0.9580864906311035,
          -23.87582778930664
        ],
        [
          -1.7839482097770087e-05,
          -0.999838650226593,
          -0.017963752150535583,
          1.671702265739441
        ],
        [
          0.0,
          0.0,
          0.0,
          1.0
        ]
      ],
      "matrix_ego_from_sensor_carla": [
        [
          -0.5735765099525452,
          -0.8191519975662231,
          1.433324925415036e-08,
          -1.3000068664550781
        ],
        [
          0.8191520571708679,
          -0.5735765099525452,
          -3.018929817244498e-08,
          0.5500023365020752
        ],
        [
          3.369909862271925e-08,
          -5.381634693435444e-09,
          1.0,
          1.7000000476837158
        ],
        [
          0.0,
          0.0,
          0.0,
          1.0
        ]
      ],
      "matrix_ego_from_sensor_bevfusion": [
        [
          -0.8191519975662231,
          -1.433324925415036e-08,
          -0.5735765099525452,
          -1.3000068664550781
        ],
        [
          0.5735765099525452,
          -3.018929817244498e-08,
          -0.8191520571708679,
          -0.5500023365020752
        ],
        [
          -5.381634693435444e-09,
          -1.0,
          3.369909862271925e-08,
          1.7000000476837158
        ],
        [
          0.0,
          0.0,
          0.0,
          1.0
        ]
      ],
      "camera_intrinsics": [
        [
          1142.5184326171875,
          0.0,
          800.0
        ],
        [
          0.0,
          1142.5184326171875,
          450.0
        ],
        [
          0.0,
          0.0,
          1.0
        ]
      ],
      "data_path": "D:\\Agent-AI\\outputs\\samples\\sample_000017\\images\\CAM_BACK_RIGHT.png",
      "raw_layout": "bgra8"
    },
    "LIDAR_TOP": {
      "type_id": "sensor.lidar.ray_cast",
      "blueprint_attributes": {
        "atmosphere_attenuation_rate": "0.004",
        "role_name": "front",
        "noise_seed": "0",
        "upper_fov": "10.0",
        "ros_name": "sensor.lidar.ray_cast",
        "sensor_tick": "0.050000",
        "channels": "32",
        "range": "120.0",
        "points_per_second": "360000",
        "lower_fov": "-30.0",
        "rotation_frequency": "20.000000",
        "horizontal_fov": "360.0",
        "dropoff_general_rate": "0.0",
        "dropoff_intensity_limit": "1.0",
        "noise_stddev": "0.0",
        "dropoff_zero_intensity": "0.0"
      },
      "transform_carla": {
        "location": {
          "x": -57.43714904785156,
          "y": 22.95269203186035,
          "z": 2.1931228637695312
        },
        "rotation": {
          "roll": 0.8426006436347961,
          "pitch": 0.5912006497383118,
          "yaw": -18.379310607910156
        }
      },
      "matrix_world_from_sensor_carla": [
        [
          0.9489394426345825,
          0.31541627645492554,
          -0.005154044833034277,
          -57.43714904785156
        ],
        [
          -0.31528958678245544,
          0.9488394856452942,
          0.017208537086844444,
          22.95269203186035
        ],
        [
          0.010318214073777199,
          -0.014704843051731586,
          0.999838650226593,
          2.1931228637695312
        ],
        [
          0.0,
          0.0,
          0.0,
          1.0
        ]
      ],
      "matrix_world_from_sensor_bevfusion": [
        [
          0.9489394426345825,
          -0.31541627645492554,
          -0.005154044833034277,
          -57.43714904785156
        ],
        [
          0.31528958678245544,
          0.9488394856452942,
          -0.017208537086844444,
          -22.95269203186035
        ],
        [
          0.010318214073777199,
          0.014704843051731586,
          0.999838650226593,
          2.1931228637695312
        ],
        [
          0.0,
          0.0,
          0.0,
          1.0
        ]
      ],
      "matrix_ego_from_sensor_carla": [
        [
          0.9999999403953552,
          -1.44279699298977e-08,
          -5.679116621415403e-10,
          0.0
        ],
        [
          -1.443205555062832e-08,
          1.0,
          5.443465678212078e-10,
          1.1920928955078125e-06
        ],
        [
          3.632606437875552e-10,
          -3.8682573810788767e-10,
          1.0,
          2.200000047683716
        ],
        [
          0.0,
          0.0,
          0.0,
          1.0
        ]
      ],
      "matrix_ego_from_sensor_bevfusion": [
        [
          0.9999999403953552,
          1.44279699298977e-08,
          -5.679116621415403e-10,
          0.0
        ],
        [
          1.443205555062832e-08,
          1.0,
          -5.443465678212078e-10,
          -1.1920928955078125e-06
        ],
        [
          3.632606437875552e-10,
          3.8682573810788767e-10,
          1.0,
          2.200000047683716
        ],
        [
          0.0,
          0.0,
          0.0,
          1.0
        ]
      ],
      "data_path": "D:\\Agent-AI\\outputs\\samples\\sample_000017\\lidar\\LIDAR_TOP.npy",
      "raw_layout": [
        "x",
        "y",
        "z",
        "intensity"
      ]
    },
    "RADAR_FRONT": {
      "type_id": "sensor.other.radar",
      "blueprint_attributes": {
        "sensor_tick": "0.050000",
        "role_name": "default",
        "noise_seed": "0",
        "ros_name": "sensor.other.radar",
        "horizontal_fov": "35.0",
        "points_per_second": "1500",
        "vertical_fov": "20.0",
        "range": "120.0"
      },
      "transform_carla": {
        "location": {
          "x": -55.53256607055664,
          "y": 22.29974365234375,
          "z": 0.913969099521637
        },
        "rotation": {
          "roll": 0.8426006436347961,
          "pitch": 0.5912006497383118,
          "yaw": -18.379310607910156
        }
      },
      "matrix_world_from_sensor_carla": [
        [
          0.9489394426345825,
          0.31541627645492554,
          -0.005154044833034277,
          -55.53256607055664
        ],
        [
          -0.31528958678245544,
          0.9488394856452942,
          0.017208537086844444,
          22.29974365234375
        ],
        [
          0.010318214073777199,
          -0.014704843051731586,
          0.999838650226593,
          0.913969099521637
        ],
        [
          0.0,
          0.0,
          0.0,
          1.0
        ]
      ],
      "matrix_world_from_sensor_bevfusion": [
        [
          0.9489394426345825,
          -0.31541627645492554,
          -0.005154044833034277,
          -55.53256607055664
        ],
        [
          0.31528958678245544,
          0.9488394856452942,
          -0.017208537086844444,
          -22.29974365234375
        ],
        [
          0.010318214073777199,
          0.014704843051731586,
          0.999838650226593,
          0.913969099521637
        ],
        [
          0.0,
          0.0,
          0.0,
          1.0
        ]
      ],
      "matrix_ego_from_sensor_carla": [
        [
          0.9999999403953552,
          -1.44279699298977e-08,
          -5.679116621415403e-10,
          2.0
        ],
        [
          -1.443205555062832e-08,
          1.0,
          5.443465678212078e-10,
          4.5299530029296875e-06
        ],
        [
          3.632606437875552e-10,
          -3.8682573810788767e-10,
          1.0,
          0.9000000357627869
        ],
        [
          0.0,
          0.0,
          0.0,
          1.0
        ]
      ],
      "matrix_ego_from_sensor_bevfusion": [
        [
          0.9999999403953552,
          1.44279699298977e-08,
          -5.679116621415403e-10,
          2.0
        ],
        [
          1.443205555062832e-08,
          1.0,
          -5.443465678212078e-10,
          -4.5299530029296875e-06
        ],
        [
          3.632606437875552e-10,
          3.8682573810788767e-10,
          1.0,
          0.9000000357627869
        ],
        [
          0.0,
          0.0,
          0.0,
          1.0
        ]
      ],
      "data_path": "D:\\Agent-AI\\outputs\\samples\\sample_000017\\radar\\RADAR_FRONT.npy",
      "raw_layout": [
        "velocity",
        "altitude",
        "azimuth",
        "depth"
      ]
    },
    "RADAR_FRONT_LEFT": {
      "type_id": "sensor.other.radar",
      "blueprint_attributes": {
        "sensor_tick": "0.050000",
        "role_name": "default",
        "noise_seed": "0",
        "ros_name": "sensor.other.radar",
        "horizontal_fov": "35.0",
        "points_per_second": "1500",
        "vertical_fov": "20.0",
        "range": "120.0"
      },
      "transform_carla": {
        "location": {
          "x": -56.10125732421875,
          "y": 21.698463439941406,
          "z": 0.9213864207267761
        },
        "rotation": {
          "roll": 0.177748903632164,
          "pitch": 1.0138391256332397,
          "yaw": -63.38208770751953
        }
      },
      "matrix_world_from_sensor_carla": [
        [
          0.4479685127735138,
          0.8940345048904419,
          -0.005154016427695751,
          -56.10125732421875
        ],
        [
          -0.8938742280006409,
          0.4479873776435852,
          0.01720847561955452,
          21.698463439941406
        ],
        [
          0.017693907022476196,
          -0.003101812908425927,
          0.999838650226593,
          0.9213864207267761
        ],
        [
          0.0,
          0.0,
          0.0,
          1.0
        ]
      ],
      "matrix_world_from_sensor_bevfusion": [
        [
          0.4479685127735138,
          -0.8940345048904419,
          -0.005154016427695751,
          -56.10125732421875
        ],
        [
          0.8938742280006409,
          0.4479873776435852,
          -0.01720847561955452,
          -21.698463439941406
        ],
        [
          0.017693907022476196,
          0.003101812908425927,
          0.999838650226593,
          0.9213864207267761
        ],
        [
          0.0,
          0.0,
          0.0,
          1.0
        ]
      ],
      "matrix_ego_from_sensor_carla": [
        [
          0.7071067690849304,
          0.7071067690849304,
          4.599821679107663e-08,
          1.6499977111816406
        ],
        [
          -0.7071067690849304,
          0.7071067094802856,
          -4.881574966475455e-08,
          -0.7499978542327881
        ],
        [
          -6.466545698913251e-08,
          1.0550792461927472e-09,
          1.0,
          0.9000000357627869
        ],
        [
          0.0,
          0.0,
          0.0,
          1.0
        ]
      ],
      "matrix_ego_from_sensor_bevfusion": [
        [
          0.7071067690849304,
          -0.7071067690849304,
          4.599821679107663e-08,
          1.6499977111816406
        ],
        [
          0.7071067690849304,
          0.7071067094802856,
          4.881574966475455e-08,
          0.7499978542327881
        ],
        [
          -6.466545698913251e-08,
          -1.0550792461927472e-09,
          1.0,
          0.9000000357627869
        ],
        [
          0.0,
          0.0,
          0.0,
          1.0
        ]
      ],
      "data_path": "D:\\Agent-AI\\outputs\\samples\\sample_000017\\radar\\RADAR_FRONT_LEFT.npy",
      "raw_layout": [
        "velocity",
        "altitude",
        "azimuth",
        "depth"
      ]
    },
    "RADAR_FRONT_RIGHT": {
      "type_id": "sensor.other.radar",
      "blueprint_attributes": {
        "sensor_tick": "0.050000",
        "role_name": "default",
        "noise_seed": "0",
        "ros_name": "sensor.other.radar",
        "horizontal_fov": "35.0",
        "points_per_second": "1500",
