{
  "schema_version": "stage1.v1",
  "sample_name": "sample_000102",
  "sequence_index": 102,
  "previous_sample_name": "sample_000101",
  "frame_id": 60103,
  "timestamp": 445.2197009027004,
  "platform_timestamp": 16814609.2209073,
  "delta_seconds": 0.10000000149011612,
  "town": "Carla/Maps/Town10HD_Opt",
  "weather": {
    "cloudiness": 20.0,
    "dust_storm": 0.0,
    "fog_density": 2.0,
    "fog_distance": 0.75,
    "fog_falloff": 0.10000000149011612,
    "mie_scattering_scale": 0.029999999329447746,
    "precipitation": 0.0,
    "precipitation_deposits": 0.0,
    "rayleigh_scattering_scale": 0.03310000151395798,
    "scattering_intensity": 1.0,
    "sun_altitude_angle": 45.0,
    "sun_azimuth_angle": 300.0,
    "wetness": 0.0,
    "wind_intensity": 10.0
  },
  "sensor_names": [
    "CAM_FRONT",
    "CAM_FRONT_RIGHT",
    "CAM_FRONT_LEFT",
    "CAM_BACK",
    "CAM_BACK_LEFT",
    "CAM_BACK_RIGHT",
    "LIDAR_TOP",
    "RADAR_FRONT",
    "RADAR_FRONT_LEFT",
    "RADAR_FRONT_RIGHT",
    "RADAR_BACK_LEFT",
    "RADAR_BACK_RIGHT"
  ],
  "camera_order_for_model": [
    "CAM_FRONT",
    "CAM_FRONT_RIGHT",
    "CAM_FRONT_LEFT",
    "CAM_BACK",
    "CAM_BACK_LEFT",
    "CAM_BACK_RIGHT"
  ],
  "radar_order_for_model": [
    "RADAR_FRONT",
    "RADAR_FRONT_LEFT",
    "RADAR_FRONT_RIGHT",
    "RADAR_BACK_LEFT",
    "RADAR_BACK_RIGHT"
  ],
  "coordinate_notes": {
    "carla_world": "left-handed x-forward y-right z-up",
    "bevfusion_lidar": "x-forward y-left z-up",
    "camera_frame_for_model": "OpenCV style x-right y-down z-forward"
  },
  "ego": {
    "actor_id": 28,
    "transform_carla": {
      "location": {
        "x": 77.28755950927734,
        "y": -62.2799072265625,
        "z": -0.0044866944663226604
      },
      "rotation": {
        "roll": -0.0003967285738326609,
        "pitch": -0.0037839245051145554,
        "yaw": -161.72349548339844
      }
    },
    "velocity_carla": [
      5.208420770941302e-05,
      1.254824110219488e-05,
      -3.4046172459056834e-06
    ],
    "angular_velocity_carla": [
      -0.0037186143454164267,
      0.016051994636654854,
      1.5735913621028885e-05
    ],
    "matrix_world_from_ego_carla": [
      [
        -0.9495541453361511,
        0.3136030435562134,
        -6.488185317721218e-05,
        77.28755950927734
      ],
      [
        -0.3136030435562134,
        -0.9495541453361511,
        -1.4136032405076548e-05,
        -62.2799072265625
      ],
      [
        -6.60419391351752e-05,
        6.924219633219764e-06,
        1.0,
        -0.0044866944663226604
      ],
      [
        0.0,
        0.0,
        0.0,
        1.0
      ]
    ],
    "matrix_world_from_ego_bevfusion": [
      [
        -0.9495541453361511,
        -0.3136030435562134,
        -6.488185317721218e-05,
        77.28755950927734
      ],
      [
        0.3136030435562134,
        -0.9495541453361511,
        1.4136032405076548e-05,
        62.2799072265625
      ],
      [
        -6.60419391351752e-05,
        -6.924219633219764e-06,
        1.0,
        -0.0044866944663226604
      ],
      [
        0.0,
        0.0,
        0.0,
        1.0
      ]
    ]
  },
  "sensors": {
    "CAM_FRONT": {
      "type_id": "sensor.camera.rgb",
      "blueprint_attributes": {
        "role_name": "front",
        "ros_name": "sensor.camera.rgb",
        "chromatic_aberration_offset": "0.0",
        "sensor_tick": "0.100000",
        "fstop": "1.4",
        "image_size_x": "960",
        "image_size_y": "540",
        "fov": "70.00",
        "lens_circle_falloff": "5.0",
        "lens_circle_multiplier": "0.0",
        "exposure_compensation": "0.0",
        "lens_y_size": "0.08",
        "lens_k": "-1.0",
        "exposure_mode": "histogram",
        "lens_kcube": "0.0",
        "lens_x_size": "0.08",
        "exposure_max_bright": "12.0",
        "shutter_speed": "200.0",
        "bloom_intensity": "0.675",
        "iso": "100.0",
        "enable_postprocess_effects": "false",
        "gamma": "2.2",
        "motion_blur_intensity": "0.0",
        "motion_blur_max_distortion": "0.35",
        "lens_flare_intensity": "0.1",
        "motion_blur_min_object_screen_size": "0.1",
        "exposure_min_bright": "10.0",
        "exposure_speed_up": "3.0",
        "exposure_speed_down": "1.0",
        "tint": "0.0",
        "calibration_constant": "16.0",
        "focal_distance": "1000.0",
        "min_fstop": "1.2",
        "blade_count": "5",
        "blur_amount": "0.0",
        "blur_radius": "0.0",
        "slope": "0.88",
        "toe": "0.55",
        "white_clip": "0.04",
        "shoulder": "0.26",
        "black_clip": "0.0",
        "temp": "6500.0",
        "chromatic_aberration_intensity": "0.0"
      },
      "transform_carla": {
        "location": {
          "x": 75.81563568115234,
          "y": -62.766014099121094,
          "z": 1.6954108476638794
        },
        "rotation": {
          "roll": -0.0003967285738326609,
          "pitch": -0.0037839245051145554,
          "yaw": -161.72349548339844
        }
      },
      "matrix_world_from_sensor_carla": [
        [
          -0.9495541453361511,
          0.3136030435562134,
          -6.488185317721218e-05,
          75.81563568115234
        ],
        [
          -0.3136030435562134,
          -0.9495541453361511,
          -1.4136032405076548e-05,
          -62.766014099121094
        ],
        [
          -6.60419391351752e-05,
          6.924219633219764e-06,
          1.0,
          1.6954108476638794
        ],
        [
          0.0,
          0.0,
          0.0,
          1.0
        ]
      ],
      "matrix_world_from_sensor_bevfusion": [
        [
          0.3136030435562134,
          6.488185317721218e-05,
          -0.9495541453361511,
          75.81563568115234
        ],
        [
          0.9495541453361511,
          -1.4136032405076548e-05,
          0.3136030435562134,
          62.766014099121094
        ],
        [
          6.924219633219764e-06,
          -1.0,
          -6.60419391351752e-05,
          1.6954108476638794
        ],
        [
          0.0,
          0.0,
          0.0,
          1.0
        ]
      ],
      "matrix_ego_from_sensor_carla": [
        [
          1.0,
          2.107731233991217e-08,
          0.0,
          1.5500030517578125
        ],
        [
          -1.8331730800014157e-08,
          1.0,
          -4.547473508864641e-13,
          0.0
        ],
        [
          -7.275957614183426e-12,
          1.3642420526593924e-12,
          1.0,
          1.6999999284744263
        ],
        [
          0.0,
          0.0,
          0.0,
          1.0
        ]
      ],
      "matrix_ego_from_sensor_bevfusion": [
        [
          2.107731233991217e-08,
          0.0,
          1.0,
          1.5500030517578125
        ],
        [
          -1.0,
          -4.547473508864641e-13,
          1.8331730800014157e-08,
          0.0
        ],
        [
          1.3642420526593924e-12,
          -1.0,
          -7.275957614183426e-12,
          1.6999999284744263
        ],
        [
          0.0,
          0.0,
          0.0,
          1.0
        ]
      ],
      "camera_intrinsics": [
        [
          685.5110473632812,
          0.0,
          480.0
        ],
        [
          0.0,
          685.5110473632812,
          270.0
        ],
        [
          0.0,
          0.0,
          1.0
        ]
      ],
      "data_path": "D:\\Agent-AI\\outputs\\s3a_ml_long_v2\\sample_000102\\images\\CAM_FRONT.png",
      "raw_layout": "bgra8"
    },
    "CAM_FRONT_RIGHT": {
      "type_id": "sensor.camera.rgb",
      "blueprint_attributes": {
        "role_name": "front",
        "ros_name": "sensor.camera.rgb",
        "chromatic_aberration_offset": "0.0",
        "sensor_tick": "0.100000",
        "fstop": "1.4",
        "image_size_x": "960",
        "image_size_y": "540",
        "fov": "70.00",
        "lens_circle_falloff": "5.0",
        "lens_circle_multiplier": "0.0",
        "exposure_compensation": "0.0",
        "lens_y_size": "0.08",
        "lens_k": "-1.0",
        "exposure_mode": "histogram",
        "lens_kcube": "0.0",
        "lens_x_size": "0.08",
        "exposure_max_bright": "12.0",
        "shutter_speed": "200.0",
        "bloom_intensity": "0.675",
        "iso": "100.0",
        "enable_postprocess_effects": "false",
        "gamma": "2.2",
        "motion_blur_intensity": "0.0",
        "motion_blur_max_distortion": "0.35",
        "lens_flare_intensity": "0.1",
        "motion_blur_min_object_screen_size": "0.1",
        "exposure_min_bright": "10.0",
        "exposure_speed_up": "3.0",
        "exposure_speed_down": "1.0",
        "tint": "0.0",
        "calibration_constant": "16.0",
        "focal_distance": "1000.0",
        "min_fstop": "1.2",
        "blade_count": "5",
        "blur_amount": "0.0",
        "blur_radius": "0.0",
        "slope": "0.88",
        "toe": "0.55",
        "white_clip": "0.04",
        "shoulder": "0.26",
        "black_clip": "0.0",
        "temp": "6500.0",
        "chromatic_aberration_intensity": "0.0"
      },
      "transform_carla": {
        "location": {
          "x": 76.22550964355469,
          "y": -63.20986557006836,
          "z": 1.6954312324523926
        },
        "rotation": {
          "roll": -0.00332737248390913,
          "pitch": -0.0018441509455442429,
          "yaw": -106.72351837158203
        }
      },
      "matrix_world_from_sensor_carla": [
        [
          -0.2877536118030548,
          0.957704484462738,
          -6.487913196906447e-05,
          76.22550964355469
        ],
        [
          -0.957704484462738,
          -0.2877536118030548,
          -1.4114268196863122e-05,
          -63.20986557006836
        ],
        [
          -3.218650454073213e-05,
          5.8073605032404885e-05,
          1.0,
          1.6954312324523926
        ],
        [
          0.0,
          0.0,
          0.0,
          1.0
        ]
      ],
      "matrix_world_from_sensor_bevfusion": [
        [
          0.957704484462738,
          6.487913196906447e-05,
          -0.2877536118030548,
          76.22550964355469
        ],
        [
          0.2877536118030548,
          -1.4114268196863122e-05,
          0.957704484462738,
          63.20986557006836
        ],
        [
          5.8073605032404885e-05,
          -1.0,
          -3.218650454073213e-05,
          1.6954312324523926
        ],
        [
          0.0,
          0.0,
          0.0,
          1.0
        ]
      ],
      "matrix_ego_from_sensor_carla": [
        [
          0.5735766887664795,
          -0.8191518783569336,
          -9.40781319513917e-09,
          1.2999954223632812
        ],
        [
          0.8191518783569336,
          0.5735767483711243,
          -1.9813796825474128e-08,
          0.5500030517578125
        ],
        [
          2.1624146029353142e-08,
          3.6598066799342632e-09,
          1.0,
          1.6999999284744263
        ],
        [
          0.0,
          0.0,
          0.0,
          1.0
        ]
      ],
      "matrix_ego_from_sensor_bevfusion": [
        [
          -0.8191518783569336,
          9.40781319513917e-09,
          0.5735766887664795,
          1.2999954223632812
        ],
        [
          -0.5735767483711243,
          -1.9813796825474128e-08,
          -0.8191518783569336,
          -0.5500030517578125
        ],
        [
          3.6598066799342632e-09,
          -1.0,
          2.1624146029353142e-08,
          1.6999999284744263
        ],
        [
          0.0,
          0.0,
          0.0,
          1.0
        ]
      ],
      "camera_intrinsics": [
        [
          685.5110473632812,
          0.0,
          480.0
        ],
        [
          0.0,
          685.5110473632812,
          270.0
        ],
        [
          0.0,
          0.0,
          1.0
        ]
      ],
      "data_path": "D:\\Agent-AI\\outputs\\s3a_ml_long_v2\\sample_000102\\images\\CAM_FRONT_RIGHT.png",
      "raw_layout": "bgra8"
    },
    "CAM_FRONT_LEFT": {
      "type_id": "sensor.camera.rgb",
      "blueprint_attributes": {
        "role_name": "front",
        "ros_name": "sensor.camera.rgb",
        "chromatic_aberration_offset": "0.0",
        "sensor_tick": "0.100000",
        "fstop": "1.4",
        "image_size_x": "960",
        "image_size_y": "540",
        "fov": "70.00",
        "lens_circle_falloff": "5.0",
        "lens_circle_multiplier": "0.0",
        "exposure_compensation": "0.0",
        "lens_y_size": "0.08",
        "lens_k": "-1.0",
        "exposure_mode": "histogram",
        "lens_kcube": "0.0",
        "lens_x_size": "0.08",
        "exposure_max_bright": "12.0",
        "shutter_speed": "200.0",
        "bloom_intensity": "0.675",
        "iso": "100.0",
        "enable_postprocess_effects": "false",
        "gamma": "2.2",
        "motion_blur_intensity": "0.0",
        "motion_blur_max_distortion": "0.35",
        "lens_flare_intensity": "0.1",
        "motion_blur_min_object_screen_size": "0.1",
        "exposure_min_bright": "10.0",
        "exposure_speed_up": "3.0",
        "exposure_speed_down": "1.0",
        "tint": "0.0",
        "calibration_constant": "16.0",
        "focal_distance": "1000.0",
        "min_fstop": "1.2",
        "blade_count": "5",
        "blur_amount": "0.0",
        "blur_radius": "0.0",
        "slope": "0.88",
        "toe": "0.55",
        "white_clip": "0.04",
        "shoulder": "0.26",
        "black_clip": "0.0",
        "temp": "6500.0",
        "chromatic_aberration_intensity": "0.0"
      },
      "transform_carla": {
        "location": {
          "x": 75.88054656982422,
          "y": -62.16535949707031,
          "z": 1.6954236030578613
        },
        "rotation": {
          "roll": 0.002872264478355646,
          "pitch": -0.0024930189829319715,
          "yaw": 143.27650451660156
        }
      },
      "matrix_world_from_sensor_carla": [
        [
          -0.8015305399894714,
          -0.5979537963867188,
          -6.485141057055444e-05,
          75.88054656982422
        ],
        [
          0.5979537963867188,
          -0.8015305399894714,
          -1.4163302694214508e-05,
          -62.16535949707031
        ],
        [
          -4.3511390686035156e-05,
          -5.0130471208831295e-05,
          1.0,
          1.6954236030578613
        ],
        [
          0.0,
          0.0,
          0.0,
          1.0
        ]
      ],
      "matrix_world_from_sensor_bevfusion": [
        [
          -0.5979537963867188,
          6.485141057055444e-05,
          -0.8015305399894714,
          75.88054656982422
        ],
        [
          0.8015305399894714,
          -1.4163302694214508e-05,
          -0.5979537963867188,
          62.16535949707031
        ],
        [
          -5.0130471208831295e-05,
          -1.0,
          -4.3511390686035156e-05,
          1.6954236030578613
        ],
        [
          0.0,
          0.0,
          0.0,
          1.0
        ]
      ],
      "matrix_ego_from_sensor_carla": [
        [
          0.5735765695571899,
          0.8191519975662231,
          -2.0358129404485226e-08,
          1.3000030517578125
        ],
        [
          -0.8191519975662231,
          0.5735765695571899,
          3.5440280043985695e-08,
          -0.5499954223632812
        ],
        [
          4.0701706893742085e-08,
          -3.6561687011271715e-09,
          1.0,
          1.6999999284744263
        ],
        [
          0.0,
          0.0,
          0.0,
          1.0
        ]
      ],
      "matrix_ego_from_sensor_bevfusion": [
        [
          0.8191519975662231,
          2.0358129404485226e-08,
          0.5735765695571899,
          1.3000030517578125
        ],
        [
          -0.5735765695571899,
          3.5440280043985695e-08,
          0.8191519975662231,
          0.5499954223632812
        ],
        [
          -3.6561687011271715e-09,
          -1.0,
          4.0701706893742085e-08,
          1.6999999284744263
        ],
        [
          0.0,
          0.0,
          0.0,
          1.0
        ]
      ],
      "camera_intrinsics": [
        [
          685.5110473632812,
          0.0,
          480.0
        ],
        [
          0.0,
          685.5110473632812,
          270.0
        ],
        [
          0.0,
          0.0,
          1.0
        ]
      ],
      "data_path": "D:\\Agent-AI\\outputs\\s3a_ml_long_v2\\sample_000102\\images\\CAM_FRONT_LEFT.png",
      "raw_layout": "bgra8"
    },
    "CAM_BACK": {
      "type_id": "sensor.camera.rgb",
      "blueprint_attributes": {
        "role_name": "front",
        "ros_name": "sensor.camera.rgb",
        "chromatic_aberration_offset": "0.0",
        "sensor_tick": "0.100000",
        "fstop": "1.4",
        "image_size_x": "960",
        "image_size_y": "540",
        "fov": "70.00",
        "lens_circle_falloff": "5.0",
        "lens_circle_multiplier": "0.0",
        "exposure_compensation": "0.0",
        "lens_y_size": "0.08",
        "lens_k": "-1.0",
        "exposure_mode": "histogram",
        "lens_kcube": "0.0",
        "lens_x_size": "0.08",
        "exposure_max_bright": "12.0",
        "shutter_speed": "200.0",
        "bloom_intensity": "0.675",
        "iso": "100.0",
        "enable_postprocess_effects": "false",
        "gamma": "2.2",
        "motion_blur_intensity": "0.0",
        "motion_blur_max_distortion": "0.35",
        "lens_flare_intensity": "0.1",
        "motion_blur_min_object_screen_size": "0.1",
        "exposure_min_bright": "10.0",
        "exposure_speed_up": "3.0",
        "exposure_speed_down": "1.0",
        "tint": "0.0",
        "calibration_constant": "16.0",
        "focal_distance": "1000.0",
        "min_fstop": "1.2",
        "blade_count": "5",
        "blur_amount": "0.0",
        "blur_radius": "0.0",
        "slope": "0.88",
        "toe": "0.55",
        "white_clip": "0.04",
        "shoulder": "0.26",
        "black_clip": "0.0",
        "temp": "6500.0",
        "chromatic_aberration_intensity": "0.0"
      },
      "transform_carla": {
        "location": {
          "x": 78.7592544555664,
          "y": -61.793846130371094,
          "z": 1.6956156492233276
        },
        "rotation": {
          "roll": 0.0003967297961935401,
          "pitch": 0.0037839245051145554,
          "yaw": 18.276527404785156
        }
      },
      "matrix_world_from_sensor_carla": [
        [
          0.9495540261268616,
          -0.3136034905910492,
          -6.488185317721218e-05,
          78.7592544555664
        ],
        [
          0.3136034905910492,
          0.9495540261268616,
          -1.4136041500023566e-05,
          -61.793846130371094
        ],
        [
          6.60419391351752e-05,
          -6.924241006345255e-06,
          1.0,
          1.6956156492233276
        ],
        [
          0.0,
          0.0,
          0.0,
          1.0
        ]
      ],
      "matrix_world_from_sensor_bevfusion": [
        [
          -0.3136034905910492,
          6.488185317721218e-05,
          0.9495540261268616,
          78.7592544555664
        ],
        [
          -0.9495540261268616,
          -1.4136041500023566e-05,
          -0.3136034905910492,
          61.793846130371094
        ],
        [
          -6.924241006345255e-06,
          -1.0,
          6.60419391351752e-05,
          1.6956156492233276
        ],
        [
          0.0,
          0.0,
          0.0,
          1.0
        ]
      ],
      "matrix_ego_from_sensor_carla": [
        [
          -1.0,
          4.633419052879617e-07,
          0.0,
          -1.5499954223632812
        ],
        [
          -4.6575672740800655e-07,
          -1.0,
          8.185452315956354e-12,
          0.0
        ],
        [
          7.275957614183426e-12,
          8.185452315956354e-12,
          1.0,
          1.6999999284744263
        ],
        [
          0.0,
          0.0,
          0.0,
          1.0
        ]
      ],
      "matrix_ego_from_sensor_bevfusion": [
        [
          4.633419052879617e-07,
          0.0,
          -1.0,
          -1.5499954223632812
        ],
        [
          1.0,
          8.185452315956354e-12,
          4.6575672740800655e-07,
          0.0
        ],
        [
          8.185452315956354e-12,
          -1.0,
          7.275957614183426e-12,
          1.6999999284744263
        ],
        [
          0.0,
          0.0,
          0.0,
          1.0
        ]
      ],
      "camera_intrinsics": [
        [
          685.5110473632812,
          0.0,
          480.0
        ],
        [
          0.0,
          685.5110473632812,
          270.0
        ],
        [
          0.0,
          0.0,
          1.0
        ]
      ],
      "data_path": "D:\\Agent-AI\\outputs\\s3a_ml_long_v2\\sample_000102\\images\\CAM_BACK.png",
      "raw_layout": "bgra8"
    },
    "CAM_BACK_LEFT": {
      "type_id": "sensor.camera.rgb",
      "blueprint_attributes": {
        "role_name": "front",
        "ros_name": "sensor.camera.rgb",
        "chromatic_aberration_offset": "0.0",
        "sensor_tick": "0.100000",
        "fstop": "1.4",
        "image_size_x": "960",
        "image_size_y": "540",
        "fov": "70.00",
        "lens_circle_falloff": "5.0",
        "lens_circle_multiplier": "0.0",
        "exposure_compensation": "0.0",
        "lens_y_size": "0.08",
        "lens_k": "-1.0",
        "exposure_mode": "histogram",
        "lens_kcube": "0.0",
        "lens_x_size": "0.08",
        "exposure_max_bright": "12.0",
        "shutter_speed": "200.0",
        "bloom_intensity": "0.675",
        "iso": "100.0",
        "enable_postprocess_effects": "false",
        "gamma": "2.2",
        "motion_blur_intensity": "0.0",
        "motion_blur_max_distortion": "0.35",
        "lens_flare_intensity": "0.1",
        "motion_blur_min_object_screen_size": "0.1",
        "exposure_min_bright": "10.0",
        "exposure_speed_up": "3.0",
        "exposure_speed_down": "1.0",
        "tint": "0.0",
        "calibration_constant": "16.0",
        "focal_distance": "1000.0",
        "min_fstop": "1.2",
        "blade_count": "5",
        "blur_amount": "0.0",
        "blur_radius": "0.0",
        "slope": "0.88",
        "toe": "0.55",
        "white_clip": "0.04",
        "shoulder": "0.26",
        "black_clip": "0.0",
        "temp": "6500.0",
        "chromatic_aberration_intensity": "0.0"
      },
      "transform_carla": {
        "location": {
          "x": 78.34938049316406,
          "y": -61.3499870300293,
          "z": 1.695595383644104
        },
        "rotation": {
          "roll": 0.00332737248390913,
          "pitch": 0.0018441509455442429,
          "yaw": 73.27648162841797
        }
      },
      "matrix_world_from_sensor_carla": [
        [
          0.2877536416053772,
          -0.957704484462738,
          -6.487913196906447e-05,
          78.34938049316406
        ],
        [
          0.957704484462738,
          0.2877536416053772,
          -1.4114266377873719e-05,
          -61.3499870300293
        ],
        [
          3.218650454073213e-05,
          -5.8073605032404885e-05,
          1.0,
          1.695595383644104
        ],
        [
          0.0,
          0.0,
          0.0,
          1.0
        ]
      ],
      "matrix_world_from_sensor_bevfusion": [
        [
          -0.957704484462738,
          6.487913196906447e-05,
          0.2877536416053772,
          78.34938049316406
        ],
        [
          -0.2877536416053772,
          -1.4114266377873719e-05,
          -0.957704484462738,
          61.3499870300293
        ],
        [
          -5.8073605032404885e-05,
          -1.0,
          3.218650454073213e-05,
          1.695595383644104
        ],
        [
          0.0,
          0.0,
          0.0,
          1.0
        ]
      ],
      "matrix_ego_from_sensor_carla": [
        [
          -0.5735767483711243,
          0.8191518783569336,
          -9.40781319513917e-09,
          -1.2999916076660156
        ],
        [
          -0.8191518783569336,
          -0.5735767483711243,
          -1.9815161067526788e-08,
          -0.5500030517578125
        ],
        [
          -2.1627784008160233e-08,
          -3.6598066799342632e-09,
          1.0,
          1.7000000476837158
        ],
        [
          0.0,
          0.0,
          0.0,
          1.0
        ]
      ],
      "matrix_ego_from_sensor_bevfusion": [
        [
          0.8191518783569336,
          9.40781319513917e-09,
          -0.5735767483711243,
          -1.2999916076660156
        ],
        [
          0.5735767483711243,
          -1.9815161067526788e-08,
          0.8191518783569336,
          0.5500030517578125
        ],
        [
          -3.6598066799342632e-09,
          -1.0,
          -2.1627784008160233e-08,
          1.7000000476837158
        ],
        [
          0.0,
          0.0,
          0.0,
          1.0
        ]
      ],
      "camera_intrinsics": [
        [
          685.5110473632812,
          0.0,
          480.0
        ],
        [
          0.0,
          685.5110473632812,
          270.0
        ],
        [
          0.0,
          0.0,
          1.0
        ]
      ],
      "data_path": "D:\\Agent-AI\\outputs\\s3a_ml_long_v2\\sample_000102\\images\\CAM_BACK_LEFT.png",
      "raw_layout": "bgra8"
    },
    "CAM_BACK_RIGHT": {
      "type_id": "sensor.camera.rgb",
      "blueprint_attributes": {
        "role_name": "front",
        "ros_name": "sensor.camera.rgb",
        "chromatic_aberration_offset": "0.0",
        "sensor_tick": "0.100000",
        "fstop": "1.4",
        "image_size_x": "960",
        "image_size_y": "540",
        "fov": "70.00",
        "lens_circle_falloff": "5.0",
        "lens_circle_multiplier": "0.0",
        "exposure_compensation": "0.0",
        "lens_y_size": "0.08",
        "lens_k": "-1.0",
        "exposure_mode": "histogram",
        "lens_kcube": "0.0",
        "lens_x_size": "0.08",
        "exposure_max_bright": "12.0",
        "shutter_speed": "200.0",
        "bloom_intensity": "0.675",
        "iso": "100.0",
        "enable_postprocess_effects": "false",
        "gamma": "2.2",
        "motion_blur_intensity": "0.0",
        "motion_blur_max_distortion": "0.35",
        "lens_flare_intensity": "0.1",
        "motion_blur_min_object_screen_size": "0.1",
        "exposure_min_bright": "10.0",
        "exposure_speed_up": "3.0",
        "exposure_speed_down": "1.0",
        "tint": "0.0",
        "calibration_constant": "16.0",
        "focal_distance": "1000.0",
        "min_fstop": "1.2",
        "blade_count": "5",
        "blur_amount": "0.0",
        "blur_radius": "0.0",
        "slope": "0.88",
        "toe": "0.55",
        "white_clip": "0.04",
        "shoulder": "0.26",
        "black_clip": "0.0",
        "temp": "6500.0",
        "chromatic_aberration_intensity": "0.0"
      },
      "transform_carla": {
        "location": {
          "x": 78.69435119628906,
          "y": -62.394500732421875,
          "z": 1.6956030130386353
        },
        "rotation": {
          "roll": -0.00287226471118629,
          "pitch": 0.0024930189829319715,
          "yaw": -36.72349166870117
        }
      },
      "matrix_world_from_sensor_carla": [
        [
          0.8015305399894714,
          0.5979538559913635,
          -6.485141784651205e-05,
          78.69435119628906
        ],
        [
          -0.5979538559913635,
          0.8015305399894714,
          -1.4163300875225104e-05,
          -62.394500732421875
        ],
        [
          4.3511390686035156e-05,
          5.01304748468101e-05,
          1.0,
          1.6956030130386353
        ],
        [
          0.0,
          0.0,
          0.0,
          1.0
        ]
      ],
      "matrix_world_from_sensor_bevfusion": [
        [
          0.5979538559913635,
          6.485141784651205e-05,
          0.8015305399894714,
          78.69435119628906
        ],
        [
          -0.8015305399894714,
          -1.4163300875225104e-05,
          0.5979538559913635,
          62.394500732421875
        ],
        [
          5.01304748468101e-05,
          -1.0,
          4.3511390686035156e-05,
          1.6956030130386353
        ],
        [
          0.0,
          0.0,
          0.0,
          1.0
        ]
      ],
      "matrix_ego_from_sensor_carla": [
        [
          -0.5735765695571899,
          -0.8191520571708679,
          -2.0350853446871042e-08,
          -1.2999954223632812
        ],
        [
          0.8191520571708679,
          -0.5735765099525452,
          3.54366420651786e-08,
          0.5500030517578125
        ],
        [
          -4.0701706893742085e-08,
          3.6561687011271715e-09,
          1.0,
          1.7000000476837158
        ],
        [
          0.0,
          0.0,
          0.0,
          1.0
        ]
      ],
      "matrix_ego_from_sensor_bevfusion": [
        [
          -0.8191520571708679,
          2.0350853446871042e-08,
          -0.5735765695571899,
          -1.2999954223632812
        ],
        [
          0.5735765099525452,
          3.54366420651786e-08,
          -0.8191520571708679,
          -0.5500030517578125
        ],
        [
          3.6561687011271715e-09,
          -1.0,
          -4.0701706893742085e-08,
          1.7000000476837158
        ],
        [
          0.0,
          0.0,
          0.0,
          1.0
        ]
      ],
      "camera_intrinsics": [
        [
          685.5110473632812,
          0.0,
          480.0
        ],
        [
          0.0,
          685.5110473632812,
          270.0
        ],
        [
          0.0,
          0.0,
          1.0
        ]
      ],
      "data_path": "D:\\Agent-AI\\outputs\\s3a_ml_long_v2\\sample_000102\\images\\CAM_BACK_RIGHT.png",
      "raw_layout": "bgra8"
    },
    "LIDAR_TOP": {
      "type_id": "sensor.lidar.ray_cast",
      "blueprint_attributes": {
        "atmosphere_attenuation_rate": "0.004",
        "role_name": "front",
        "noise_seed": "0",
        "upper_fov": "10.0",
        "ros_name": "sensor.lidar.ray_cast",
        "sensor_tick": "0.100000",
        "channels": "32",
        "range": "120.0",
        "points_per_second": "360000",
        "lower_fov": "-30.0",
        "rotation_frequency": "10.000000",
        "horizontal_fov": "360.0",
        "dropoff_general_rate": "0.0",
        "dropoff_intensity_limit": "1.0",
        "noise_stddev": "0.0",
        "dropoff_zero_intensity": "0.0"
      },
      "transform_carla": {
        "location": {
          "x": 77.28741455078125,
          "y": -62.27993392944336,
          "z": 2.1955132484436035
        },
        "rotation": {
          "roll": -0.0003967285738326609,
          "pitch": -0.0037839245051145554,
          "yaw": -161.72349548339844
        }
      },
      "matrix_world_from_sensor_carla": [
        [
          -0.9495541453361511,
          0.3136030435562134,
          -6.488185317721218e-05,
          77.28741455078125
        ],
        [
          -0.3136030435562134,
          -0.9495541453361511,
          -1.4136032405076548e-05,
          -62.27993392944336
        ],
        [
          -6.60419391351752e-05,
          6.924219633219764e-06,
          1.0,
          2.1955132484436035
        ],
        [
          0.0,
          0.0,
          0.0,
          1.0
        ]
      ],
      "matrix_world_from_sensor_bevfusion": [
        [
          -0.9495541453361511,
          -0.3136030435562134,
          -6.488185317721218e-05,
          77.28741455078125
        ],
        [
          0.3136030435562134,
          -0.9495541453361511,
          1.4136032405076548e-05,
          62.27993392944336
        ],
        [
          -6.60419391351752e-05,
          -6.924219633219764e-06,
          1.0,
          2.1955132484436035
        ],
        [
          0.0,
          0.0,
          0.0,
          1.0
        ]
      ],
      "matrix_ego_from_sensor_carla": [
        [
          1.0,
          2.107731233991217e-08,
          0.0,
          0.0
        ],
        [
          -1.8331730800014157e-08,
          1.0,
          -4.547473508864641e-13,
          -7.62939453125e-06
        ],
        [
          -7.275957614183426e-12,
          1.3642420526593924e-12,
          1.0,
          2.200000047683716
        ],
        [
          0.0,
          0.0,
          0.0,
          1.0
        ]
      ],
      "matrix_ego_from_sensor_bevfusion": [
        [
          1.0,
          -2.107731233991217e-08,
          0.0,
          0.0
        ],
        [
          1.8331730800014157e-08,
          1.0,
          4.547473508864641e-13,
          7.62939453125e-06
        ],
        [
          -7.275957614183426e-12,
          -1.3642420526593924e-12,
          1.0,
          2.200000047683716
        ],
        [
          0.0,
          0.0,
          0.0,
          1.0
        ]
      ],
      "data_path": "D:\\Agent-AI\\outputs\\s3a_ml_long_v2\\sample_000102\\lidar\\LIDAR_TOP.npy",
      "raw_layout": [
        "x",
        "y",
        "z",
        "intensity"
      ]
    },
    "RADAR_FRONT": {
      "type_id": "sensor.other.radar",
      "blueprint_attributes": {
        "sensor_tick": "0.100000",
        "role_name": "default",
        "noise_seed": "0",
        "ros_name": "sensor.other.radar",
        "horizontal_fov": "35.0",
        "points_per_second": "1500",
        "vertical_fov": "20.0",
        "range": "120.0"
      },
      "transform_carla": {
        "location": {
          "x": 75.38838958740234,
          "y": -62.90712356567383,
          "z": 0.8953812122344971
        },
        "rotation": {
          "roll": -0.0003967285738326609,
          "pitch": -0.0037839245051145554,
          "yaw": -161.72349548339844
        }
      },
      "matrix_world_from_sensor_carla": [
        [
          -0.9495541453361511,
          0.3136030435562134,
          -6.488185317721218e-05,
          75.38838958740234
        ],
        [
          -0.3136030435562134,
          -0.9495541453361511,
          -1.4136032405076548e-05,
          -62.90712356567383
        ],
        [
          -6.60419391351752e-05,
          6.924219633219764e-06,
          1.0,
          0.8953812122344971
        ],
        [
          0.0,
          0.0,
          0.0,
          1.0
        ]
      ],
      "matrix_world_from_sensor_bevfusion": [
        [
          -0.9495541453361511,
          -0.3136030435562134,
          -6.488185317721218e-05,
          75.38838958740234
        ],
        [
          0.3136030435562134,
          -0.9495541453361511,
          1.4136032405076548e-05,
          62.90712356567383
        ],
        [
          -6.60419391351752e-05,
          -6.924219633219764e-06,
          1.0,
          0.8953812122344971
        ],
        [
          0.0,
          0.0,
          0.0,
          1.0
        ]
      ],
      "matrix_ego_from_sensor_carla": [
        [
          1.0,
          2.107731233991217e-08,
          0.0,
          1.9999961853027344
        ],
        [
          -1.8331730800014157e-08,
          1.0,
          -4.547473508864641e-13,
          0.0
        ],
        [
          -7.275957614183426e-12,
          1.3642420526593924e-12,
          1.0,
          0.8999999761581421
        ],
        [
          0.0,
          0.0,
          0.0,
          1.0
        ]
      ],
      "matrix_ego_from_sensor_bevfusion": [
        [
          1.0,
          -2.107731233991217e-08,
          0.0,
          1.9999961853027344
        ],
        [
          1.8331730800014157e-08,
          1.0,
          4.547473508864641e-13,
          0.0
        ],
        [
          -7.275957614183426e-12,
          -1.3642420526593924e-12,
          1.0,
          0.8999999761581421
        ],
        [
          0.0,
          0.0,
          0.0,
          1.0
        ]
      ],
      "data_path": "D:\\Agent-AI\\outputs\\s3a_ml_long_v2\\sample_000102\\radar\\RADAR_FRONT.npy",
      "raw_layout": [
        "velocity",
        "altitude",
        "azimuth",
        "depth"
      ]
    },
    "RADAR_FRONT_LEFT": {
      "type_id": "sensor.other.radar",
      "blueprint_attributes": {
        "sensor_tick": "0.100000",
        "role_name": "default",
        "noise_seed": "0",
        "ros_name": "sensor.other.radar",
        "horizontal_fov": "35.0",
        "points_per_second": "1500",
        "vertical_fov": "20.0",
        "range": "120.0"
      },
      "transform_carla": {
        "location": {
          "x": 75.48552703857422,
          "y": -62.08519744873047,
          "z": 0.8953991532325745
        },
        "rotation": {
          "roll": 0.0023952897172421217,
          "pitch": -0.0029574716463685036,
          "yaw": 153.27651977539062
        }
      },
      "matrix_world_from_sensor_carla": [
        [
          -0.8931871652603149,
          -0.4496850371360779,
          -6.490359373856336e-05,
          75.48552703857422
        ],
        [
          0.4496850371360779,
          -0.8931871652603149,
          -1.4128634575172327e-05,
          -62.08519744873047
        ],
        [
          -5.1617618737509474e-05,
          -4.180569158052094e-05,
          1.0,
          0.8953991532325745
        ],
        [
          0.0,
          0.0,
          0.0,
          1.0
        ]
      ],
      "matrix_world_from_sensor_bevfusion": [
        [
          -0.8931871652603149,
          0.4496850371360779,
          -6.490359373856336e-05,
          75.48552703857422
        ],
        [
          -0.4496850371360779,
          -0.8931871652603149,
          1.4128634575172327e-05,
          62.08519744873047
        ],
        [
          -5.1617618737509474e-05,
          4.180569158052094e-05,
          1.0,
          0.8953991532325745
        ],
        [
          0.0,
          0.0,
          0.0,
          1.0
        ]
      ],
      "matrix_ego_from_sensor_carla": [
        [
          0.7071070075035095,
          0.7071065306663513,
          1.8320861272513866e-08,
          1.6500053405761719
        ],
        [
          -0.7071065902709961,
          0.7071070075035095,
          -1.3842509360983968e-08,
          -0.75
        ],
        [
          -2.274464350193739e-08,
          -3.168679540976882e-09,
          1.0,
          0.9000000357627869
        ],
        [
          0.0,
          0.0,
          0.0,
          1.0
        ]
      ],
      "matrix_ego_from_sensor_bevfusion": [
        [
          0.7071070075035095,
          -0.7071065306663513,
          1.8320861272513866e-08,
          1.6500053405761719
        ],
        [
          0.7071065902709961,
          0.7071070075035095,
          1.3842509360983968e-08,
          0.75
        ],
        [
          -2.274464350193739e-08,
          3.168679540976882e-09,
          1.0,
          0.9000000357627869
        ],
        [
          0.0,
          0.0,
          0.0,
          1.0
        ]
      ],
      "data_path": "D:\\Agent-AI\\outputs\\s3a_ml_long_v2\\sample_000102\\radar\\RADAR_FRONT_LEFT.npy",
      "raw_layout": [
        "velocity",
        "altitude",
        "azimuth",
        "depth"
      ]
    },
    "RADAR_FRONT_RIGHT": {
      "type_id": "sensor.other.radar",
      "blueprint_attributes": {
        "sensor_tick": "0.100000",
        "role_name": "default",
        "noise_seed": "0",
        "ros_name": "sensor.other.radar",
        "horizontal_fov": "35.0",
        "points_per_second": "1500",
        "vertical_fov": "20.0",
        "range": "120.0"
      },
      "transform_carla": {
        "location": {
          "x": 75.9559326171875,
          "y": -63.50952911376953,
          "z": 0.8954095244407654
        },
        "rotation": {
          "roll": -0.0029563484713435173,
          "pitch": -0.002397396368905902,
          "yaw": -116.7234878540039
        }
      },
