{
  "schema_version": "stage1.v1",
  "sample_name": "sample_000008",
  "sequence_index": 8,
  "previous_sample_name": "sample_000007",
  "frame_id": 726281,
  "timestamp": 4997.9946247302,
  "platform_timestamp": 16813368.6566014,
  "delta_seconds": 0.10000000149011612,
  "town": "Carla/Maps/Town10HD_Opt",
  "weather": {
    "cloudiness": 20.0,
    "dust_storm": 0.0,
    "fog_density": 2.0,
    "fog_distance": 0.75,
    "fog_falloff": 0.10000000149011612,
    "mie_scattering_scale": 0.029999999329447746,
    "precipitation": 0.0,
    "precipitation_deposits": 0.0,
    "rayleigh_scattering_scale": 0.03310000151395798,
    "scattering_intensity": 1.0,
    "sun_altitude_angle": 45.0,
    "sun_azimuth_angle": 300.0,
    "wetness": 0.0,
    "wind_intensity": 10.0
  },
  "sensor_names": [
    "CAM_FRONT",
    "CAM_FRONT_RIGHT",
    "CAM_FRONT_LEFT",
    "CAM_BACK",
    "CAM_BACK_LEFT",
    "CAM_BACK_RIGHT",
    "LIDAR_TOP",
    "RADAR_FRONT",
    "RADAR_FRONT_LEFT",
    "RADAR_FRONT_RIGHT",
    "RADAR_BACK_LEFT",
    "RADAR_BACK_RIGHT"
  ],
  "camera_order_for_model": [
    "CAM_FRONT",
    "CAM_FRONT_RIGHT",
    "CAM_FRONT_LEFT",
    "CAM_BACK",
    "CAM_BACK_LEFT",
    "CAM_BACK_RIGHT"
  ],
  "radar_order_for_model": [
    "RADAR_FRONT",
    "RADAR_FRONT_LEFT",
    "RADAR_FRONT_RIGHT",
    "RADAR_BACK_LEFT",
    "RADAR_BACK_RIGHT"
  ],
  "coordinate_notes": {
    "carla_world": "left-handed x-forward y-right z-up",
    "bevfusion_lidar": "x-forward y-left z-up",
    "camera_frame_for_model": "OpenCV style x-right y-down z-forward"
  },
  "ego": {
    "actor_id": 49,
    "transform_carla": {
      "location": {
        "x": 106.2540512084961,
        "y": -25.000967025756836,
        "z": -0.006289672572165728
      },
      "rotation": {
        "roll": 0.18944111466407776,
        "pitch": 0.5390316843986511,
        "yaw": -93.09050750732422
      }
    },
    "velocity_carla": [
      -0.4818509817123413,
      -7.080027103424072,
      -0.0003124237118754536
    ],
    "angular_velocity_carla": [
      -0.9008101224899292,
      -0.10848122835159302,
      -5.718830108642578
    ],
    "matrix_world_from_ego_carla": [
      [
        -0.05391097068786621,
        0.9985384941101074,
        0.003808756358921528,
        106.2540512084961
      ],
      [
        -0.9985014796257019,
        -0.053944122046232224,
        0.009215748868882656,
        -25.000967025756836
      ],
      [
        0.009407739154994488,
        -0.0033062188886106014,
        0.9999502897262573,
        -0.006289672572165728
      ],
      [
        0.0,
        0.0,
        0.0,
        1.0
      ]
    ],
    "matrix_world_from_ego_bevfusion": [
      [
        -0.05391097068786621,
        -0.9985384941101074,
        0.003808756358921528,
        106.2540512084961
      ],
      [
        0.9985014796257019,
        -0.053944122046232224,
        -0.009215748868882656,
        25.000967025756836
      ],
      [
        0.009407739154994488,
        0.0033062188886106014,
        0.9999502897262573,
        -0.006289672572165728
      ],
      [
        0.0,
        0.0,
        0.0,
        1.0
      ]
    ]
  },
  "sensors": {
    "CAM_FRONT": {
      "type_id": "sensor.camera.rgb",
      "blueprint_attributes": {
        "role_name": "front",
        "ros_name": "sensor.camera.rgb",
        "chromatic_aberration_offset": "0.0",
        "sensor_tick": "0.100000",
        "fstop": "1.4",
        "image_size_x": "960",
        "image_size_y": "540",
        "fov": "70.00",
        "lens_circle_falloff": "5.0",
        "lens_circle_multiplier": "0.0",
        "exposure_compensation": "0.0",
        "lens_y_size": "0.08",
        "lens_k": "-1.0",
        "exposure_mode": "histogram",
        "lens_kcube": "0.0",
        "lens_x_size": "0.08",
        "exposure_max_bright": "12.0",
        "shutter_speed": "200.0",
        "bloom_intensity": "0.675",
        "iso": "100.0",
        "enable_postprocess_effects": "false",
        "gamma": "2.2",
        "motion_blur_intensity": "0.0",
        "motion_blur_max_distortion": "0.35",
        "lens_flare_intensity": "0.1",
        "motion_blur_min_object_screen_size": "0.1",
        "exposure_min_bright": "10.0",
        "exposure_speed_up": "3.0",
        "exposure_speed_down": "1.0",
        "tint": "0.0",
        "calibration_constant": "16.0",
        "focal_distance": "1000.0",
        "min_fstop": "1.2",
        "blade_count": "5",
        "blur_amount": "0.0",
        "blur_radius": "0.0",
        "slope": "0.88",
        "toe": "0.55",
        "white_clip": "0.04",
        "shoulder": "0.26",
        "black_clip": "0.0",
        "temp": "6500.0",
        "chromatic_aberration_intensity": "0.0"
      },
      "transform_carla": {
        "location": {
          "x": 106.17696380615234,
          "y": -26.532976150512695,
          "z": 1.708207607269287
        },
        "rotation": {
          "roll": 0.18944111466407776,
          "pitch": 0.5390316843986511,
          "yaw": -93.09050750732422
        }
      },
      "matrix_world_from_sensor_carla": [
        [
          -0.05391097068786621,
          0.9985384941101074,
          0.003808756358921528,
          106.17696380615234
        ],
        [
          -0.9985014796257019,
          -0.053944122046232224,
          0.009215748868882656,
          -26.532976150512695
        ],
        [
          0.009407739154994488,
          -0.0033062188886106014,
          0.9999502897262573,
          1.708207607269287
        ],
        [
          0.0,
          0.0,
          0.0,
          1.0
        ]
      ],
      "matrix_world_from_sensor_bevfusion": [
        [
          0.9985384941101074,
          -0.003808756358921528,
          -0.05391097068786621,
          106.17696380615234
        ],
        [
          0.053944122046232224,
          0.009215748868882656,
          0.9985014796257019,
          26.532976150512695
        ],
        [
          -0.0033062188886106014,
          -0.9999502897262573,
          0.009407739154994488,
          1.708207607269287
        ],
        [
          0.0,
          0.0,
          0.0,
          1.0
        ]
      ],
      "matrix_ego_from_sensor_carla": [
        [
          1.0,
          -1.869039811808193e-09,
          -1.3735623749511205e-10,
          1.5499992370605469
        ],
        [
          -2.8818456510038004e-09,
          1.0,
          2.0743065598516353e-10,
          0.0
        ],
        [
          -1.3735623749511205e-10,
          -2.5388413593674386e-11,
          1.0,
          1.6999999284744263
        ],
        [
          0.0,
          0.0,
          0.0,
          1.0
        ]
      ],
      "matrix_ego_from_sensor_bevfusion": [
        [
          -1.869039811808193e-09,
          1.3735623749511205e-10,
          1.0,
          1.5499992370605469
        ],
        [
          -1.0,
          2.0743065598516353e-10,
          2.8818456510038004e-09,
          0.0
        ],
        [
          -2.5388413593674386e-11,
          -1.0,
          -1.3735623749511205e-10,
          1.6999999284744263
        ],
        [
          0.0,
          0.0,
          0.0,
          1.0
        ]
      ],
      "camera_intrinsics": [
        [
          685.5110473632812,
          0.0,
          480.0
        ],
        [
          0.0,
          685.5110473632812,
          270.0
        ],
        [
          0.0,
          0.0,
          1.0
        ]
      ],
      "data_path": "D:\\Agent-AI\\outputs\\s3a_ml_long_v1\\sample_000008\\images\\CAM_FRONT.png",
      "raw_layout": "bgra8"
    },
    "CAM_FRONT_RIGHT": {
      "type_id": "sensor.camera.rgb",
      "blueprint_attributes": {
        "role_name": "front",
        "ros_name": "sensor.camera.rgb",
        "chromatic_aberration_offset": "0.0",
        "sensor_tick": "0.100000",
        "fstop": "1.4",
        "image_size_x": "960",
        "image_size_y": "540",
        "fov": "70.00",
        "lens_circle_falloff": "5.0",
        "lens_circle_multiplier": "0.0",
        "exposure_compensation": "0.0",
        "lens_y_size": "0.08",
        "lens_k": "-1.0",
        "exposure_mode": "histogram",
        "lens_kcube": "0.0",
        "lens_x_size": "0.08",
        "exposure_max_bright": "12.0",
        "shutter_speed": "200.0",
        "bloom_intensity": "0.675",
        "iso": "100.0",
        "enable_postprocess_effects": "false",
        "gamma": "2.2",
        "motion_blur_intensity": "0.0",
        "motion_blur_max_distortion": "0.35",
        "lens_flare_intensity": "0.1",
        "motion_blur_min_object_screen_size": "0.1",
        "exposure_min_bright": "10.0",
        "exposure_speed_up": "3.0",
        "exposure_speed_down": "1.0",
        "tint": "0.0",
        "calibration_constant": "16.0",
        "focal_distance": "1000.0",
        "min_fstop": "1.2",
        "blade_count": "5",
        "blur_amount": "0.0",
        "blur_radius": "0.0",
        "slope": "0.88",
        "toe": "0.55",
        "white_clip": "0.04",
        "shoulder": "0.26",
        "black_clip": "0.0",
        "temp": "6500.0",
        "chromatic_aberration_intensity": "0.0"
      },
      "transform_carla": {
        "location": {
          "x": 106.73963928222656,
          "y": -26.31302261352539,
          "z": 1.7040374279022217
        },
        "rotation": {
          "roll": 0.5502067804336548,
          "pitch": 0.15400026738643646,
          "yaw": -38.09065628051758
        }
      },
      "matrix_world_from_sensor_carla": [
        [
          0.7870327830314636,
          0.6168994307518005,
          0.003808719804510474,
          106.73963928222656
        ],
        [
          -0.6169052720069885,
          0.7869834303855896,
          0.00921577773988247,
          -26.31302261352539
        ],
        [
          0.00268780835904181,
          -0.009602738544344902,
          0.9999502301216125,
          1.7040374279022217
        ],
        [
          0.0,
          0.0,
          0.0,
          1.0
        ]
      ],
      "matrix_world_from_sensor_bevfusion": [
        [
          0.6168994307518005,
          -0.003808719804510474,
          0.7870327830314636,
          106.73963928222656
        ],
        [
          -0.7869834303855896,
          0.00921577773988247,
          0.6169052720069885,
          26.31302261352539
        ],
        [
          -0.009602738544344902,
          -0.9999502301216125,
          0.00268780835904181,
          1.7040374279022217
        ],
        [
          0.0,
          0.0,
          0.0,
          1.0
        ]
      ],
      "matrix_ego_from_sensor_carla": [
        [
          0.5735763311386108,
          -0.8191520571708679,
          -2.7706455796305818e-08,
          1.3000011444091797
        ],
        [
          0.8191520571708679,
          0.5735765099525452,
          -3.777972779062111e-08,
          0.5500106811523438
        ],
        [
          4.729772129508092e-08,
          -4.1371905901144146e-10,
          0.9999999403953552,
          1.7000000476837158
        ],
        [
          0.0,
          0.0,
          0.0,
          1.0
        ]
      ],
      "matrix_ego_from_sensor_bevfusion": [
        [
          -0.8191520571708679,
          2.7706455796305818e-08,
          0.5735763311386108,
          1.3000011444091797
        ],
        [
          -0.5735765099525452,
          -3.777972779062111e-08,
          -0.8191520571708679,
          -0.5500106811523438
        ],
        [
          -4.1371905901144146e-10,
          -0.9999999403953552,
          4.729772129508092e-08,
          1.7000000476837158
        ],
        [
          0.0,
          0.0,
          0.0,
          1.0
        ]
      ],
      "camera_intrinsics": [
        [
          685.5110473632812,
          0.0,
          480.0
        ],
        [
          0.0,
          685.5110473632812,
          270.0
        ],
        [
          0.0,
          0.0,
          1.0
        ]
      ],
      "data_path": "D:\\Agent-AI\\outputs\\s3a_ml_long_v1\\sample_000008\\images\\CAM_FRONT_RIGHT.png",
      "raw_layout": "bgra8"
    },
    "CAM_FRONT_LEFT": {
      "type_id": "sensor.camera.rgb",
      "blueprint_attributes": {
        "role_name": "front",
        "ros_name": "sensor.camera.rgb",
        "chromatic_aberration_offset": "0.0",
        "sensor_tick": "0.100000",
        "fstop": "1.4",
        "image_size_x": "960",
        "image_size_y": "540",
        "fov": "70.00",
        "lens_circle_falloff": "5.0",
        "lens_circle_multiplier": "0.0",
        "exposure_compensation": "0.0",
        "lens_y_size": "0.08",
        "lens_k": "-1.0",
        "exposure_mode": "histogram",
        "lens_kcube": "0.0",
        "lens_x_size": "0.08",
        "exposure_max_bright": "12.0",
        "shutter_speed": "200.0",
        "bloom_intensity": "0.675",
        "iso": "100.0",
        "enable_postprocess_effects": "false",
        "gamma": "2.2",
        "motion_blur_intensity": "0.0",
        "motion_blur_max_distortion": "0.35",
        "lens_flare_intensity": "0.1",
        "motion_blur_min_object_screen_size": "0.1",
        "exposure_min_bright": "10.0",
        "exposure_speed_up": "3.0",
        "exposure_speed_down": "1.0",
        "tint": "0.0",
        "calibration_constant": "16.0",
        "focal_distance": "1000.0",
        "min_fstop": "1.2",
        "blade_count": "5",
        "blur_amount": "0.0",
        "blur_radius": "0.0",
        "slope": "0.88",
        "toe": "0.55",
        "white_clip": "0.04",
        "shoulder": "0.26",
        "black_clip": "0.0",
        "temp": "6500.0",
        "chromatic_aberration_intensity": "0.0"
      },
      "transform_carla": {
        "location": {
          "x": 105.64125061035156,
          "y": -26.253681182861328,
          "z": 1.707674264907837
        },
        "rotation": {
          "roll": -0.33290114998817444,
          "pitch": 0.4643503725528717,
          "yaw": -148.0927276611328
        }
      },
      "matrix_world_from_sensor_carla": [
        [
          -0.8488766551017761,
          0.5285772085189819,
          0.0038087544962763786,
          105.64125061035156
        ],
        [
          -0.5285288095474243,
          -0.8488653302192688,
          0.009215747937560081,
          -26.253681182861328
        ],
        [
          0.0081043541431427,
          0.005809997674077749,
          0.9999502897262573,
          1.707674264907837
        ],
        [
          0.0,
          0.0,
          0.0,
          1.0
        ]
      ],
      "matrix_world_from_sensor_bevfusion": [
        [
          0.5285772085189819,
          -0.0038087544962763786,
          -0.8488766551017761,
          105.64125061035156
        ],
        [
          0.8488653302192688,
          0.009215747937560081,
          0.5285288095474243,
          26.253681182861328
        ],
        [
          0.005809997674077749,
          -0.9999502897262573,
          0.0081043541431427,
          1.707674264907837
        ],
        [
          0.0,
          0.0,
          0.0,
          1.0
        ]
      ],
      "matrix_ego_from_sensor_carla": [
        [
          0.5735767483711243,
          0.819151759147644,
          7.939663371203665e-10,
          1.299997329711914
        ],
        [
          -0.8191518187522888,
          0.5735767483711243,
          -1.6552145210013691e-09,
          -0.5499954223632812
        ],
        [
          -1.4696333039410092e-09,
          1.7560684018036454e-09,
          1.0,
          1.7000000476837158
        ],
        [
          0.0,
          0.0,
          0.0,
          1.0
        ]
      ],
      "matrix_ego_from_sensor_bevfusion": [
        [
          0.819151759147644,
          -7.939663371203665e-10,
          0.5735767483711243,
          1.299997329711914
        ],
        [
          -0.5735767483711243,
          -1.6552145210013691e-09,
          0.8191518187522888,
          0.5499954223632812
        ],
        [
          1.7560684018036454e-09,
          -1.0,
          -1.4696333039410092e-09,
          1.7000000476837158
        ],
        [
          0.0,
          0.0,
          0.0,
          1.0
        ]
      ],
      "camera_intrinsics": [
        [
          685.5110473632812,
          0.0,
          480.0
        ],
        [
          0.0,
          685.5110473632812,
          270.0
        ],
        [
          0.0,
          0.0,
          1.0
        ]
      ],
      "data_path": "D:\\Agent-AI\\outputs\\s3a_ml_long_v1\\sample_000008\\images\\CAM_FRONT_LEFT.png",
      "raw_layout": "bgra8"
    },
    "CAM_BACK": {
      "type_id": "sensor.camera.rgb",
      "blueprint_attributes": {
        "role_name": "front",
        "ros_name": "sensor.camera.rgb",
        "chromatic_aberration_offset": "0.0",
        "sensor_tick": "0.100000",
        "fstop": "1.4",
        "image_size_x": "960",
        "image_size_y": "540",
        "fov": "70.00",
        "lens_circle_falloff": "5.0",
        "lens_circle_multiplier": "0.0",
        "exposure_compensation": "0.0",
        "lens_y_size": "0.08",
        "lens_k": "-1.0",
        "exposure_mode": "histogram",
        "lens_kcube": "0.0",
        "lens_x_size": "0.08",
        "exposure_max_bright": "12.0",
        "shutter_speed": "200.0",
        "bloom_intensity": "0.675",
        "iso": "100.0",
        "enable_postprocess_effects": "false",
        "gamma": "2.2",
        "motion_blur_intensity": "0.0",
        "motion_blur_max_distortion": "0.35",
        "lens_flare_intensity": "0.1",
        "motion_blur_min_object_screen_size": "0.1",
        "exposure_min_bright": "10.0",
        "exposure_speed_up": "3.0",
        "exposure_speed_down": "1.0",
        "tint": "0.0",
        "calibration_constant": "16.0",
        "focal_distance": "1000.0",
        "min_fstop": "1.2",
        "blade_count": "5",
        "blur_amount": "0.0",
        "blur_radius": "0.0",
        "slope": "0.88",
        "toe": "0.55",
        "white_clip": "0.04",
        "shoulder": "0.26",
        "black_clip": "0.0",
        "temp": "6500.0",
        "chromatic_aberration_intensity": "0.0"
      },
      "transform_carla": {
        "location": {
          "x": 106.34408569335938,
          "y": -23.4376220703125,
          "z": 1.6790438890457153
        },
        "rotation": {
          "roll": -0.18944129347801208,
          "pitch": -0.5390316843986511,
          "yaw": 86.90947723388672
        }
      },
      "matrix_world_from_sensor_carla": [
        [
          0.0539112389087677,
          -0.9985384345054626,
          0.003808761714026332,
          106.34408569335938
        ],
        [
          0.9985014200210571,
          0.05394439026713371,
          0.009215747006237507,
          -23.4376220703125
        ],
        [
          -0.009407739154994488,
          0.003306221915408969,
          0.9999502897262573,
          1.6790438890457153
        ],
        [
          0.0,
          0.0,
          0.0,
          1.0
        ]
      ],
      "matrix_world_from_sensor_bevfusion": [
        [
          -0.9985384345054626,
          -0.003808761714026332,
          0.0539112389087677,
          106.34408569335938
        ],
        [
          -0.05394439026713371,
          0.009215747006237507,
          -0.9985014200210571,
          23.4376220703125
        ],
        [
          0.003306221915408969,
          -0.9999502897262573,
          -0.009407739154994488,
          1.6790438890457153
        ],
        [
          0.0,
          0.0,
          0.0,
          1.0
        ]
      ],
      "matrix_ego_from_sensor_carla": [
        [
          -0.9999999403953552,
          -2.696484955322376e-07,
          1.725288911735845e-09,
          -1.5499992370605469
        ],
        [
          2.7431508442532504e-07,
          -0.9999999403953552,
          5.562535321246287e-09,
          -7.62939453125e-06
        ],
        [
          1.0686788121105906e-09,
          5.84600412523173e-09,
          1.0,
          1.7000001668930054
        ],
        [
          0.0,
          0.0,
          0.0,
          1.0
        ]
      ],
      "matrix_ego_from_sensor_bevfusion": [
        [
          -2.696484955322376e-07,
          -1.725288911735845e-09,
          -0.9999999403953552,
          -1.5499992370605469
        ],
        [
          0.9999999403953552,
          5.562535321246287e-09,
          -2.7431508442532504e-07,
          7.62939453125e-06
        ],
        [
          5.84600412523173e-09,
          -1.0,
          1.0686788121105906e-09,
          1.7000001668930054
        ],
        [
          0.0,
          0.0,
          0.0,
          1.0
        ]
      ],
      "camera_intrinsics": [
        [
          685.5110473632812,
          0.0,
          480.0
        ],
        [
          0.0,
          685.5110473632812,
          270.0
        ],
        [
          0.0,
          0.0,
          1.0
        ]
      ],
      "data_path": "D:\\Agent-AI\\outputs\\s3a_ml_long_v1\\sample_000008\\images\\CAM_BACK.png",
      "raw_layout": "bgra8"
    },
    "CAM_BACK_LEFT": {
      "type_id": "sensor.camera.rgb",
      "blueprint_attributes": {
        "role_name": "front",
        "ros_name": "sensor.camera.rgb",
        "chromatic_aberration_offset": "0.0",
        "sensor_tick": "0.100000",
        "fstop": "1.4",
        "image_size_x": "960",
        "image_size_y": "540",
        "fov": "70.00",
        "lens_circle_falloff": "5.0",
        "lens_circle_multiplier": "0.0",
        "exposure_compensation": "0.0",
        "lens_y_size": "0.08",
        "lens_k": "-1.0",
        "exposure_mode": "histogram",
        "lens_kcube": "0.0",
        "lens_x_size": "0.08",
        "exposure_max_bright": "12.0",
        "shutter_speed": "200.0",
        "bloom_intensity": "0.675",
        "iso": "100.0",
        "enable_postprocess_effects": "false",
        "gamma": "2.2",
        "motion_blur_intensity": "0.0",
        "motion_blur_max_distortion": "0.35",
        "lens_flare_intensity": "0.1",
        "motion_blur_min_object_screen_size": "0.1",
        "exposure_min_bright": "10.0",
        "exposure_speed_up": "3.0",
        "exposure_speed_down": "1.0",
        "tint": "0.0",
        "calibration_constant": "16.0",
        "focal_distance": "1000.0",
        "min_fstop": "1.2",
        "blade_count": "5",
        "blur_amount": "0.0",
        "blur_radius": "0.0",
        "slope": "0.88",
        "toe": "0.55",
        "white_clip": "0.04",
        "shoulder": "0.26",
        "black_clip": "0.0",
        "temp": "6500.0",
        "chromatic_aberration_intensity": "0.0"
      },
      "transform_carla": {
        "location": {
          "x": 105.78141021728516,
          "y": -23.657577514648438,
          "z": 1.6832141876220703
        },
        "rotation": {
          "roll": -0.55020672082901,
          "pitch": -0.15400026738643646,
          "yaw": 141.9093475341797
        }
      },
      "matrix_world_from_sensor_carla": [
        [
          -0.7870328426361084,
          -0.616899311542511,
          0.0038087177090346813,
          105.78141021728516
        ],
        [
          0.616905152797699,
          -0.7869834899902344,
          0.009215776808559895,
          -23.657577514648438
        ],
        [
          -0.00268780835904181,
          0.009602737613022327,
          0.9999502301216125,
          1.6832141876220703
        ],
        [
          0.0,
          0.0,
          0.0,
          1.0
        ]
      ],
      "matrix_world_from_sensor_bevfusion": [
        [
          -0.616899311542511,
          -0.0038087177090346813,
          -0.7870328426361084,
          105.78141021728516
        ],
        [
          0.7869834899902344,
          0.009215776808559895,
          -0.616905152797699,
          23.657577514648438
        ],
        [
          0.009602737613022327,
          -0.9999502301216125,
          -0.00268780835904181,
          1.6832141876220703
        ],
        [
          0.0,
          0.0,
          0.0,
          1.0
        ]
      ],
      "matrix_ego_from_sensor_carla": [
        [
          -0.5735762119293213,
          0.8191520571708679,
          -2.677513322169034e-08,
          -1.3000011444091797
        ],
        [
          -0.8191521167755127,
          -0.5735763907432556,
          -3.9875203583505936e-08,
          -0.5500030517578125
        ],
        [
          -4.869470515700414e-08,
          -5.175572193039102e-10,
          0.9999999403953552,
          1.7000000476837158
        ],
        [
          0.0,
          0.0,
          0.0,
          1.0
        ]
      ],
      "matrix_ego_from_sensor_bevfusion": [
        [
          0.8191520571708679,
          2.677513322169034e-08,
          -0.5735762119293213,
          -1.3000011444091797
        ],
        [
          0.5735763907432556,
          -3.9875203583505936e-08,
          0.8191521167755127,
          0.5500030517578125
        ],
        [
          -5.175572193039102e-10,
          -0.9999999403953552,
          -4.869470515700414e-08,
          1.7000000476837158
        ],
        [
          0.0,
          0.0,
          0.0,
          1.0
        ]
      ],
      "camera_intrinsics": [
        [
          685.5110473632812,
          0.0,
          480.0
        ],
        [
          0.0,
          685.5110473632812,
          270.0
        ],
        [
          0.0,
          0.0,
          1.0
        ]
      ],
      "data_path": "D:\\Agent-AI\\outputs\\s3a_ml_long_v1\\sample_000008\\images\\CAM_BACK_LEFT.png",
      "raw_layout": "bgra8"
    },
    "CAM_BACK_RIGHT": {
      "type_id": "sensor.camera.rgb",
      "blueprint_attributes": {
        "role_name": "front",
        "ros_name": "sensor.camera.rgb",
        "chromatic_aberration_offset": "0.0",
        "sensor_tick": "0.100000",
        "fstop": "1.4",
        "image_size_x": "960",
        "image_size_y": "540",
        "fov": "70.00",
        "lens_circle_falloff": "5.0",
        "lens_circle_multiplier": "0.0",
        "exposure_compensation": "0.0",
        "lens_y_size": "0.08",
        "lens_k": "-1.0",
        "exposure_mode": "histogram",
        "lens_kcube": "0.0",
        "lens_x_size": "0.08",
        "exposure_max_bright": "12.0",
        "shutter_speed": "200.0",
        "bloom_intensity": "0.675",
        "iso": "100.0",
        "enable_postprocess_effects": "false",
        "gamma": "2.2",
        "motion_blur_intensity": "0.0",
        "motion_blur_max_distortion": "0.35",
        "lens_flare_intensity": "0.1",
        "motion_blur_min_object_screen_size": "0.1",
        "exposure_min_bright": "10.0",
        "exposure_speed_up": "3.0",
        "exposure_speed_down": "1.0",
        "tint": "0.0",
        "calibration_constant": "16.0",
        "focal_distance": "1000.0",
        "min_fstop": "1.2",
        "blade_count": "5",
        "blur_amount": "0.0",
        "blur_radius": "0.0",
        "slope": "0.88",
        "toe": "0.55",
        "white_clip": "0.04",
        "shoulder": "0.26",
        "black_clip": "0.0",
        "temp": "6500.0",
        "chromatic_aberration_intensity": "0.0"
      },
      "transform_carla": {
        "location": {
          "x": 106.87979888916016,
          "y": -23.7169189453125,
          "z": 1.679577350616455
        },
        "rotation": {
          "roll": 0.3329012393951416,
          "pitch": -0.4643503725528717,
          "yaw": 31.907243728637695
        }
      },
      "matrix_world_from_sensor_carla": [
        [
          0.8488770127296448,
          -0.528576672077179,
          0.003808759618550539,
          106.87979888916016
        ],
        [
          0.5285282731056213,
          0.8488656878471375,
          0.009215747937560081,
          -23.7169189453125
        ],
        [
          -0.0081043541431427,
          -0.005809999071061611,
          0.9999502897262573,
          1.679577350616455
        ],
        [
          0.0,
          0.0,
          0.0,
          1.0
        ]
      ],
      "matrix_world_from_sensor_bevfusion": [
        [
          -0.528576672077179,
          -0.003808759618550539,
          0.8488770127296448,
          106.87979888916016
        ],
        [
          -0.8488656878471375,
          0.009215747937560081,
          -0.5285282731056213,
          23.7169189453125
        ],
        [
          -0.005809999071061611,
          -0.9999502897262573,
          -0.0081043541431427,
          1.679577350616455
        ],
        [
          0.0,
          0.0,
          0.0,
          1.0
        ]
      ],
      "matrix_ego_from_sensor_carla": [
        [
          -0.5735762119293213,
          -0.8191521167755127,
          7.939663371203665e-10,
          -1.2999992370605469
        ],
        [
          0.8191522359848022,
          -0.5735762715339661,
          3.467059750406065e-09,
          0.5499954223632812
        ],
        [
          -2.255656994520905e-09,
          2.4349526839273494e-09,
          1.0,
          1.7000000476837158
        ],
        [
          0.0,
          0.0,
          0.0,
          1.0
        ]
      ],
      "matrix_ego_from_sensor_bevfusion": [
        [
          -0.8191521167755127,
          -7.939663371203665e-10,
          -0.5735762119293213,
          -1.2999992370605469
        ],
        [
          0.5735762715339661,
          3.467059750406065e-09,
          -0.8191522359848022,
          -0.5499954223632812
        ],
        [
          2.4349526839273494e-09,
          -1.0,
          -2.255656994520905e-09,
          1.7000000476837158
        ],
        [
          0.0,
          0.0,
          0.0,
          1.0
        ]
      ],
      "camera_intrinsics": [
        [
          685.5110473632812,
          0.0,
          480.0
        ],
        [
          0.0,
          685.5110473632812,
          270.0
        ],
        [
          0.0,
          0.0,
          1.0
        ]
      ],
      "data_path": "D:\\Agent-AI\\outputs\\s3a_ml_long_v1\\sample_000008\\images\\CAM_BACK_RIGHT.png",
      "raw_layout": "bgra8"
    },
    "LIDAR_TOP": {
      "type_id": "sensor.lidar.ray_cast",
      "blueprint_attributes": {
        "atmosphere_attenuation_rate": "0.004",
        "role_name": "front",
        "noise_seed": "0",
        "upper_fov": "10.0",
        "ros_name": "sensor.lidar.ray_cast",
        "sensor_tick": "0.100000",
        "channels": "32",
        "range": "120.0",
        "points_per_second": "360000",
        "lower_fov": "-30.0",
        "rotation_frequency": "10.000000",
        "horizontal_fov": "360.0",
        "dropoff_general_rate": "0.0",
        "dropoff_intensity_limit": "1.0",
        "noise_stddev": "0.0",
        "dropoff_zero_intensity": "0.0"
      },
      "transform_carla": {
        "location": {
          "x": 106.2624282836914,
          "y": -24.98069190979004,
          "z": 2.19360089302063
        },
        "rotation": {
          "roll": 0.18944111466407776,
          "pitch": 0.5390316843986511,
          "yaw": -93.09050750732422
        }
      },
      "matrix_world_from_sensor_carla": [
        [
          -0.05391097068786621,
          0.9985384941101074,
          0.003808756358921528,
          106.2624282836914
        ],
        [
          -0.9985014796257019,
          -0.053944122046232224,
          0.009215748868882656,
          -24.98069190979004
        ],
        [
          0.009407739154994488,
          -0.0033062188886106014,
          0.9999502897262573,
          2.19360089302063
        ],
        [
          0.0,
          0.0,
          0.0,
          1.0
        ]
      ],
      "matrix_world_from_sensor_bevfusion": [
        [
          -0.05391097068786621,
          -0.9985384941101074,
          0.003808756358921528,
          106.2624282836914
        ],
        [
          0.9985014796257019,
          -0.053944122046232224,
          -0.009215748868882656,
          24.98069190979004
        ],
        [
          0.009407739154994488,
          0.0033062188886106014,
          0.9999502897262573,
          2.19360089302063
        ],
        [
          0.0,
          0.0,
          0.0,
          1.0
        ]
      ],
      "matrix_ego_from_sensor_carla": [
        [
          1.0,
          -1.869039811808193e-09,
          -1.3735623749511205e-10,
          0.0
        ],
        [
          -2.8818456510038004e-09,
          1.0,
          2.0743065598516353e-10,
          0.0
        ],
        [
          -1.3735623749511205e-10,
          -2.5388413593674386e-11,
          1.0,
          2.200000047683716
        ],
        [
          0.0,
          0.0,
          0.0,
          1.0
        ]
      ],
      "matrix_ego_from_sensor_bevfusion": [
        [
          1.0,
          1.869039811808193e-09,
          -1.3735623749511205e-10,
          0.0
        ],
        [
          2.8818456510038004e-09,
          1.0,
          -2.0743065598516353e-10,
          0.0
        ],
        [
          -1.3735623749511205e-10,
          2.5388413593674386e-11,
          1.0,
          2.200000047683716
        ],
        [
          0.0,
          0.0,
          0.0,
          1.0
        ]
      ],
      "data_path": "D:\\Agent-AI\\outputs\\s3a_ml_long_v1\\sample_000008\\lidar\\LIDAR_TOP.npy",
      "raw_layout": [
        "x",
        "y",
        "z",
        "intensity"
      ]
    },
    "RADAR_FRONT": {
      "type_id": "sensor.other.radar",
      "blueprint_attributes": {
        "sensor_tick": "0.100000",
        "role_name": "default",
        "noise_seed": "0",
        "ros_name": "sensor.other.radar",
        "horizontal_fov": "35.0",
        "points_per_second": "1500",
        "vertical_fov": "20.0",
        "range": "120.0"
      },
      "transform_carla": {
        "location": {
          "x": 106.149658203125,
          "y": -26.989675521850586,
          "z": 0.9124810695648193
        },
        "rotation": {
          "roll": 0.18944111466407776,
          "pitch": 0.5390316843986511,
          "yaw": -93.09050750732422
        }
      },
      "matrix_world_from_sensor_carla": [
        [
          -0.05391097068786621,
          0.9985384941101074,
          0.003808756358921528,
          106.149658203125
        ],
        [
          -0.9985014796257019,
          -0.053944122046232224,
          0.009215748868882656,
          -26.989675521850586
        ],
        [
          0.009407739154994488,
          -0.0033062188886106014,
          0.9999502897262573,
          0.9124810695648193
        ],
        [
          0.0,
          0.0,
          0.0,
          1.0
        ]
      ],
      "matrix_world_from_sensor_bevfusion": [
        [
          -0.05391097068786621,
          -0.9985384941101074,
          0.003808756358921528,
          106.149658203125
        ],
        [
          0.9985014796257019,
          -0.053944122046232224,
          -0.009215748868882656,
          26.989675521850586
        ],
        [
          0.009407739154994488,
          0.0033062188886106014,
          0.9999502897262573,
          0.9124810695648193
        ],
        [
          0.0,
          0.0,
          0.0,
          1.0
        ]
      ],
      "matrix_ego_from_sensor_carla": [
        [
          1.0,
          -1.869039811808193e-09,
          -1.3735623749511205e-10,
          2.0
        ],
        [
          -2.8818456510038004e-09,
          1.0,
          2.0743065598516353e-10,
          7.62939453125e-06
        ],
        [
          -1.3735623749511205e-10,
          -2.5388413593674386e-11,
          1.0,
          0.9000000357627869
        ],
        [
          0.0,
          0.0,
          0.0,
          1.0
        ]
      ],
      "matrix_ego_from_sensor_bevfusion": [
        [
          1.0,
          1.869039811808193e-09,
          -1.3735623749511205e-10,
          2.0
        ],
        [
          2.8818456510038004e-09,
          1.0,
          -2.0743065598516353e-10,
          -7.62939453125e-06
        ],
        [
          -1.3735623749511205e-10,
          2.5388413593674386e-11,
          1.0,
          0.9000000357627869
        ],
        [
          0.0,
          0.0,
          0.0,
          1.0
        ]
      ],
      "data_path": "D:\\Agent-AI\\outputs\\s3a_ml_long_v1\\sample_000008\\radar\\RADAR_FRONT.npy",
      "raw_layout": [
        "velocity",
        "altitude",
        "azimuth",
        "depth"
      ]
    },
    "RADAR_FRONT_LEFT": {
      "type_id": "sensor.other.radar",
      "blueprint_attributes": {
        "sensor_tick": "0.100000",
        "role_name": "default",
        "noise_seed": "0",
        "ros_name": "sensor.other.radar",
        "horizontal_fov": "35.0",
        "points_per_second": "1500",
        "vertical_fov": "20.0",
        "range": "120.0"
      },
      "transform_carla": {
        "location": {
          "x": 105.41961669921875,
          "y": -26.599740982055664,
          "z": 0.9116680026054382
        },
        "rotation": {
          "roll": -0.24720916152000427,
          "pitch": 0.5151055455207825,
          "yaw": -138.09249877929688
        }
      },
      "matrix_world_from_sensor_carla": [
        [
          -0.7441939115524292,
          0.6679527163505554,
          0.0038087840657681227,
          105.41961669921875
        ],
        [
          -0.6679030656814575,
          -0.7441911697387695,
          0.00921577587723732,
          -26.599740982055664
        ],
        [
          0.008990166708827019,
          0.0043144263327121735,
          0.9999502897262573,
          0.9116680026054382
        ],
        [
          0.0,
          0.0,
          0.0,
          1.0
        ]
      ],
      "matrix_world_from_sensor_bevfusion": [
        [
          -0.7441939115524292,
          -0.6679527163505554,
          0.0038087840657681227,
          105.41961669921875
        ],
        [
          0.6679030656814575,
          -0.7441911697387695,
          -0.00921577587723732,
          26.599740982055664
        ],
        [
          0.008990166708827019,
          -0.0043144263327121735,
          0.9999502897262573,
          0.9116680026054382
        ],
        [
          0.0,
          0.0,
          0.0,
          1.0
        ]
      ],
      "matrix_ego_from_sensor_carla": [
        [
          0.70710688829422,
          0.7071065306663513,
          -2.807703403107098e-08,
          1.6499996185302734
        ],
        [
          -0.7071065306663513,
          0.7071070075035095,
          2.6284462606440684e-08,
          -0.75
        ],
        [
          4.0178058213768963e-08,
          2.992507130983313e-09,
          1.0,
          0.8999999165534973
        ],
        [
          0.0,
          0.0,
          0.0,
          1.0
        ]
      ],
      "matrix_ego_from_sensor_bevfusion": [
        [
          0.70710688829422,
          -0.7071065306663513,
          -2.807703403107098e-08,
          1.6499996185302734
        ],
        [
          0.7071065306663513,
          0.7071070075035095,
          -2.6284462606440684e-08,
          0.75
        ],
        [
          4.0178058213768963e-08,
          -2.992507130983313e-09,
          1.0,
          0.8999999165534973
        ],
        [
          0.0,
          0.0,
          0.0,
          1.0
        ]
      ],
      "data_path": "D:\\Agent-AI\\outputs\\s3a_ml_long_v1\\sample_000008\\radar\\RADAR_FRONT_LEFT.npy",
      "raw_layout": [
        "velocity",
        "altitude",
        "azimuth",
        "depth"
      ]
    },
    "RADAR_FRONT_RIGHT": {
      "type_id": "sensor.other.radar",
      "blueprint_attributes": {
        "sensor_tick": "0.100000",
        "role_name": "default",
        "noise_seed": "0",
        "ros_name": "sensor.other.radar",
        "horizontal_fov": "35.0",
