{
  "schema_version": "stage1.v1",
  "sample_name": "sample_000051",
  "sequence_index": 51,
  "previous_sample_name": "sample_000050",
  "frame_id": 726324,
  "timestamp": 5002.294624794275,
  "platform_timestamp": 16813389.5070658,
  "delta_seconds": 0.10000000149011612,
  "town": "Carla/Maps/Town10HD_Opt",
  "weather": {
    "cloudiness": 20.0,
    "dust_storm": 0.0,
    "fog_density": 2.0,
    "fog_distance": 0.75,
    "fog_falloff": 0.10000000149011612,
    "mie_scattering_scale": 0.029999999329447746,
    "precipitation": 0.0,
    "precipitation_deposits": 0.0,
    "rayleigh_scattering_scale": 0.03310000151395798,
    "scattering_intensity": 1.0,
    "sun_altitude_angle": 45.0,
    "sun_azimuth_angle": 300.0,
    "wetness": 0.0,
    "wind_intensity": 10.0
  },
  "sensor_names": [
    "CAM_FRONT",
    "CAM_FRONT_RIGHT",
    "CAM_FRONT_LEFT",
    "CAM_BACK",
    "CAM_BACK_LEFT",
    "CAM_BACK_RIGHT",
    "LIDAR_TOP",
    "RADAR_FRONT",
    "RADAR_FRONT_LEFT",
    "RADAR_FRONT_RIGHT",
    "RADAR_BACK_LEFT",
    "RADAR_BACK_RIGHT"
  ],
  "camera_order_for_model": [
    "CAM_FRONT",
    "CAM_FRONT_RIGHT",
    "CAM_FRONT_LEFT",
    "CAM_BACK",
    "CAM_BACK_LEFT",
    "CAM_BACK_RIGHT"
  ],
  "radar_order_for_model": [
    "RADAR_FRONT",
    "RADAR_FRONT_LEFT",
    "RADAR_FRONT_RIGHT",
    "RADAR_BACK_LEFT",
    "RADAR_BACK_RIGHT"
  ],
  "coordinate_notes": {
    "carla_world": "left-handed x-forward y-right z-up",
    "bevfusion_lidar": "x-forward y-left z-up",
    "camera_frame_for_model": "OpenCV style x-right y-down z-forward"
  },
  "ego": {
    "actor_id": 49,
    "transform_carla": {
      "location": {
        "x": 103.6187744140625,
        "y": -37.35593795776367,
        "z": -0.004446372855454683
      },
      "rotation": {
        "roll": -0.001068115932866931,
        "pitch": -0.014432189054787159,
        "yaw": -109.1600341796875
      }
    },
    "velocity_carla": [
      5.719242471968755e-05,
      0.0001348724908893928,
      -2.651214572324534e-06
    ],
    "angular_velocity_carla": [
      -0.04131155088543892,
      0.018020296469330788,
      1.893908847705461e-05
    ],
    "matrix_world_from_ego_carla": [
      [
        -0.3282078206539154,
        0.9446055293083191,
        -0.00010028148972196504,
        103.6187744140625
      ],
      [
        -0.9446054697036743,
        -0.3282078504562378,
        -0.0002318174665560946,
        -37.35593795776367
      ],
      [
        -0.0002518892288208008,
        1.864213845692575e-05,
        0.9999999403953552,
        -0.004446372855454683
      ],
      [
        0.0,
        0.0,
        0.0,
        1.0
      ]
    ],
    "matrix_world_from_ego_bevfusion": [
      [
        -0.3282078206539154,
        -0.9446055293083191,
        -0.00010028148972196504,
        103.6187744140625
      ],
      [
        0.9446054697036743,
        -0.3282078504562378,
        0.0002318174665560946,
        37.35593795776367
      ],
      [
        -0.0002518892288208008,
        -1.864213845692575e-05,
        0.9999999403953552,
        -0.004446372855454683
      ],
      [
        0.0,
        0.0,
        0.0,
        1.0
      ]
    ]
  },
  "sensors": {
    "CAM_FRONT": {
      "type_id": "sensor.camera.rgb",
      "blueprint_attributes": {
        "role_name": "front",
        "ros_name": "sensor.camera.rgb",
        "chromatic_aberration_offset": "0.0",
        "sensor_tick": "0.100000",
        "fstop": "1.4",
        "image_size_x": "960",
        "image_size_y": "540",
        "fov": "70.00",
        "lens_circle_falloff": "5.0",
        "lens_circle_multiplier": "0.0",
        "exposure_compensation": "0.0",
        "lens_y_size": "0.08",
        "lens_k": "-1.0",
        "exposure_mode": "histogram",
        "lens_kcube": "0.0",
        "lens_x_size": "0.08",
        "exposure_max_bright": "12.0",
        "shutter_speed": "200.0",
        "bloom_intensity": "0.675",
        "iso": "100.0",
        "enable_postprocess_effects": "false",
        "gamma": "2.2",
        "motion_blur_intensity": "0.0",
        "motion_blur_max_distortion": "0.35",
        "lens_flare_intensity": "0.1",
        "motion_blur_min_object_screen_size": "0.1",
        "exposure_min_bright": "10.0",
        "exposure_speed_up": "3.0",
        "exposure_speed_down": "1.0",
        "tint": "0.0",
        "calibration_constant": "16.0",
        "focal_distance": "1000.0",
        "min_fstop": "1.2",
        "blade_count": "5",
        "blur_amount": "0.0",
        "blur_radius": "0.0",
        "slope": "0.88",
        "toe": "0.55",
        "white_clip": "0.04",
        "shoulder": "0.26",
        "black_clip": "0.0",
        "temp": "6500.0",
        "chromatic_aberration_intensity": "0.0"
      },
      "transform_carla": {
        "location": {
          "x": 103.10987854003906,
          "y": -38.820472717285156,
          "z": 1.6951631307601929
        },
        "rotation": {
          "roll": -0.001068115932866931,
          "pitch": -0.014432189054787159,
          "yaw": -109.1600341796875
        }
      },
      "matrix_world_from_sensor_carla": [
        [
          -0.3282078206539154,
          0.9446055293083191,
          -0.00010028148972196504,
          103.10987854003906
        ],
        [
          -0.9446054697036743,
          -0.3282078504562378,
          -0.0002318174665560946,
          -38.820472717285156
        ],
        [
          -0.0002518892288208008,
          1.864213845692575e-05,
          0.9999999403953552,
          1.6951631307601929
        ],
        [
          0.0,
          0.0,
          0.0,
          1.0
        ]
      ],
      "matrix_world_from_sensor_bevfusion": [
        [
          0.9446055293083191,
          0.00010028148972196504,
          -0.3282078206539154,
          103.10987854003906
        ],
        [
          0.3282078504562378,
          -0.0002318174665560946,
          0.9446054697036743,
          38.820472717285156
        ],
        [
          1.864213845692575e-05,
          -0.9999999403953552,
          -0.0002518892288208008,
          1.6951631307601929
        ],
        [
          0.0,
          0.0,
          0.0,
          1.0
        ]
      ],
      "matrix_ego_from_sensor_carla": [
        [
          1.0,
          1.923981418627818e-09,
          -1.409006071539931e-11,
          1.550001621246338
        ],
        [
          1.2163591911473759e-08,
          1.0,
          2.526820766513005e-12,
          -7.62939453125e-06
        ],
        [
          0.0,
          0.0,
          1.0,
          1.7000000476837158
        ],
        [
          0.0,
          0.0,
          0.0,
          1.0
        ]
      ],
      "matrix_ego_from_sensor_bevfusion": [
        [
          1.923981418627818e-09,
          1.409006071539931e-11,
          1.0,
          1.550001621246338
        ],
        [
          -1.0,
          2.526820766513005e-12,
          -1.2163591911473759e-08,
          7.62939453125e-06
        ],
        [
          0.0,
          -1.0,
          0.0,
          1.7000000476837158
        ],
        [
          0.0,
          0.0,
          0.0,
          1.0
        ]
      ],
      "camera_intrinsics": [
        [
          685.5110473632812,
          0.0,
          480.0
        ],
        [
          0.0,
          685.5110473632812,
          270.0
        ],
        [
          0.0,
          0.0,
          1.0
        ]
      ],
      "data_path": "D:\\Agent-AI\\outputs\\s3a_ml_long_v1\\sample_000051\\images\\CAM_FRONT.png",
      "raw_layout": "bgra8"
    },
    "CAM_FRONT_RIGHT": {
      "type_id": "sensor.camera.rgb",
      "blueprint_attributes": {
        "role_name": "front",
        "ros_name": "sensor.camera.rgb",
        "chromatic_aberration_offset": "0.0",
        "sensor_tick": "0.100000",
        "fstop": "1.4",
        "image_size_x": "960",
        "image_size_y": "540",
        "fov": "70.00",
        "lens_circle_falloff": "5.0",
        "lens_circle_multiplier": "0.0",
        "exposure_compensation": "0.0",
        "lens_y_size": "0.08",
        "lens_k": "-1.0",
        "exposure_mode": "histogram",
        "lens_kcube": "0.0",
        "lens_x_size": "0.08",
        "exposure_max_bright": "12.0",
        "shutter_speed": "200.0",
        "bloom_intensity": "0.675",
        "iso": "100.0",
        "enable_postprocess_effects": "false",
        "gamma": "2.2",
        "motion_blur_intensity": "0.0",
        "motion_blur_max_distortion": "0.35",
        "lens_flare_intensity": "0.1",
        "motion_blur_min_object_screen_size": "0.1",
        "exposure_min_bright": "10.0",
        "exposure_speed_up": "3.0",
        "exposure_speed_down": "1.0",
        "tint": "0.0",
        "calibration_constant": "16.0",
        "focal_distance": "1000.0",
        "min_fstop": "1.2",
        "blade_count": "5",
        "blur_amount": "0.0",
        "blur_radius": "0.0",
        "slope": "0.88",
        "toe": "0.55",
        "white_clip": "0.04",
        "shoulder": "0.26",
        "black_clip": "0.0",
        "temp": "6500.0",
        "chromatic_aberration_intensity": "0.0"
      },
      "transform_carla": {
        "location": {
          "x": 103.71147155761719,
          "y": -38.764835357666016,
          "z": 1.695236325263977
        },
        "rotation": {
          "roll": -0.012436951510608196,
          "pitch": -0.007403924595564604,
          "yaw": -54.16004943847656
        }
      },
      "matrix_world_from_sensor_carla": [
        [
          0.5855230689048767,
          0.8106557726860046,
          -0.00010030264093074948,
          103.71147155761719
        ],
        [
          -0.8106557726860046,
          0.5855230689048767,
          -0.0002318522601854056,
          -38.764835357666016
        ],
        [
          -0.00012922285532113165,
          0.00021706575353164226,
          1.0,
          1.695236325263977
        ],
        [
          0.0,
          0.0,
          0.0,
          1.0
        ]
      ],
      "matrix_world_from_sensor_bevfusion": [
        [
          0.8106557726860046,
          0.00010030264093074948,
          0.5855230689048767,
          103.71147155761719
        ],
        [
          -0.5855230689048767,
          -0.0002318522601854056,
          0.8106557726860046,
          38.764835357666016
        ],
        [
          0.00021706575353164226,
          -1.0,
          -0.00012922285532113165,
          1.695236325263977
        ],
        [
          0.0,
          0.0,
          0.0,
          1.0
        ]
      ],
      "matrix_ego_from_sensor_carla": [
        [
          0.5735766887664795,
          -0.8191519975662231,
          3.978493623435497e-08,
          1.3000013828277588
        ],
        [
          0.8191518783569336,
          0.5735766887664795,
          -8.556526154279709e-09,
          0.5500030517578125
        ],
        [
          -1.58033799380064e-08,
          3.750028554350138e-08,
          1.0000001192092896,
          1.7000000476837158
        ],
        [
          0.0,
          0.0,
          0.0,
          1.0
        ]
      ],
      "matrix_ego_from_sensor_bevfusion": [
        [
          -0.8191519975662231,
          -3.978493623435497e-08,
          0.5735766887664795,
          1.3000013828277588
        ],
        [
          -0.5735766887664795,
          -8.556526154279709e-09,
          -0.8191518783569336,
          -0.5500030517578125
        ],
        [
          3.750028554350138e-08,
          -1.0000001192092896,
          -1.58033799380064e-08,
          1.7000000476837158
        ],
        [
          0.0,
          0.0,
          0.0,
          1.0
        ]
      ],
      "camera_intrinsics": [
        [
          685.5110473632812,
          0.0,
          480.0
        ],
        [
          0.0,
          685.5110473632812,
          270.0
        ],
        [
          0.0,
          0.0,
          1.0
        ]
      ],
      "data_path": "D:\\Agent-AI\\outputs\\s3a_ml_long_v1\\sample_000051\\images\\CAM_FRONT_RIGHT.png",
      "raw_layout": "bgra8"
    },
    "CAM_FRONT_LEFT": {
      "type_id": "sensor.camera.rgb",
      "blueprint_attributes": {
        "role_name": "front",
        "ros_name": "sensor.camera.rgb",
        "chromatic_aberration_offset": "0.0",
        "sensor_tick": "0.100000",
        "fstop": "1.4",
        "image_size_x": "960",
        "image_size_y": "540",
        "fov": "70.00",
        "lens_circle_falloff": "5.0",
        "lens_circle_multiplier": "0.0",
        "exposure_compensation": "0.0",
        "lens_y_size": "0.08",
        "lens_k": "-1.0",
        "exposure_mode": "histogram",
        "lens_kcube": "0.0",
        "lens_x_size": "0.08",
        "exposure_max_bright": "12.0",
        "shutter_speed": "200.0",
        "bloom_intensity": "0.675",
        "iso": "100.0",
        "enable_postprocess_effects": "false",
        "gamma": "2.2",
        "motion_blur_intensity": "0.0",
        "motion_blur_max_distortion": "0.35",
        "lens_flare_intensity": "0.1",
        "motion_blur_min_object_screen_size": "0.1",
        "exposure_min_bright": "10.0",
        "exposure_speed_up": "3.0",
        "exposure_speed_down": "1.0",
        "tint": "0.0",
        "calibration_constant": "16.0",
        "focal_distance": "1000.0",
        "min_fstop": "1.2",
        "blade_count": "5",
        "blur_amount": "0.0",
        "blur_radius": "0.0",
        "slope": "0.88",
        "toe": "0.55",
        "white_clip": "0.04",
        "shoulder": "0.26",
        "black_clip": "0.0",
        "temp": "6500.0",
        "chromatic_aberration_intensity": "0.0"
      },
      "transform_carla": {
        "location": {
          "x": 102.67240142822266,
          "y": -38.403804779052734,
          "z": 1.6952157020568848
        },
        "rotation": {
          "roll": 0.01121166255325079,
          "pitch": -0.00915928278118372,
          "yaw": -164.16001892089844
        }
      },
      "matrix_world_from_sensor_carla": [
        [
          -0.9620277285575867,
          0.2729516625404358,
          -0.00010037812171503901,
          102.67240142822266
        ],
        [
          -0.2729516327381134,
          -0.9620277285575867,
          -0.00023188393970485777,
          -38.403804779052734
        ],
        [
          -0.00015985964273568243,
          -0.00019568041898310184,
          1.0,
          1.6952157020568848
        ],
        [
          0.0,
          0.0,
          0.0,
          1.0
        ]
      ],
      "matrix_world_from_sensor_bevfusion": [
        [
          0.2729516625404358,
          0.00010037812171503901,
          -0.9620277285575867,
          102.67240142822266
        ],
        [
          0.9620277285575867,
          -0.00023188393970485777,
          0.2729516327381134,
          38.403804779052734
        ],
        [
          -0.00019568041898310184,
          -1.0,
          -0.00015985964273568243,
          1.6952157020568848
        ],
        [
          0.0,
          0.0,
          0.0,
          1.0
        ]
      ],
      "matrix_ego_from_sensor_carla": [
        [
          0.5735767483711243,
          0.8191518783569336,
          9.44710336625576e-08,
          1.2999999523162842
        ],
        [
          -0.8191518187522888,
          0.5735766887664795,
          -6.945629138499498e-08,
          -0.5500030517578125
        ],
        [
          -1.1110387276858091e-07,
          -3.757304511964321e-08,
          1.0000001192092896,
          1.6999999284744263
        ],
        [
          0.0,
          0.0,
          0.0,
          1.0
        ]
      ],
      "matrix_ego_from_sensor_bevfusion": [
        [
          0.8191518783569336,
          -9.44710336625576e-08,
          0.5735767483711243,
          1.2999999523162842
        ],
        [
          -0.5735766887664795,
          -6.945629138499498e-08,
          0.8191518187522888,
          0.5500030517578125
        ],
        [
          -3.757304511964321e-08,
          -1.0000001192092896,
          -1.1110387276858091e-07,
          1.6999999284744263
        ],
        [
          0.0,
          0.0,
          0.0,
          1.0
        ]
      ],
      "camera_intrinsics": [
        [
          685.5110473632812,
          0.0,
          480.0
        ],
        [
          0.0,
          685.5110473632812,
          270.0
        ],
        [
          0.0,
          0.0,
          1.0
        ]
      ],
      "data_path": "D:\\Agent-AI\\outputs\\s3a_ml_long_v1\\sample_000051\\images\\CAM_FRONT_LEFT.png",
      "raw_layout": "bgra8"
    },
    "CAM_BACK": {
      "type_id": "sensor.camera.rgb",
      "blueprint_attributes": {
        "role_name": "front",
        "ros_name": "sensor.camera.rgb",
        "chromatic_aberration_offset": "0.0",
        "sensor_tick": "0.100000",
        "fstop": "1.4",
        "image_size_x": "960",
        "image_size_y": "540",
        "fov": "70.00",
        "lens_circle_falloff": "5.0",
        "lens_circle_multiplier": "0.0",
        "exposure_compensation": "0.0",
        "lens_y_size": "0.08",
        "lens_k": "-1.0",
        "exposure_mode": "histogram",
        "lens_kcube": "0.0",
        "lens_x_size": "0.08",
        "exposure_max_bright": "12.0",
        "shutter_speed": "200.0",
        "bloom_intensity": "0.675",
        "iso": "100.0",
        "enable_postprocess_effects": "false",
        "gamma": "2.2",
        "motion_blur_intensity": "0.0",
        "motion_blur_max_distortion": "0.35",
        "lens_flare_intensity": "0.1",
        "motion_blur_min_object_screen_size": "0.1",
        "exposure_min_bright": "10.0",
        "exposure_speed_up": "3.0",
        "exposure_speed_down": "1.0",
        "tint": "0.0",
        "calibration_constant": "16.0",
        "focal_distance": "1000.0",
        "min_fstop": "1.2",
        "blade_count": "5",
        "blur_amount": "0.0",
        "blur_radius": "0.0",
        "slope": "0.88",
        "toe": "0.55",
        "white_clip": "0.04",
        "shoulder": "0.26",
        "black_clip": "0.0",
        "temp": "6500.0",
        "chromatic_aberration_intensity": "0.0"
      },
      "transform_carla": {
        "location": {
          "x": 104.12733459472656,
          "y": -35.89219284057617,
          "z": 1.69594407081604
        },
        "rotation": {
          "roll": 0.0010681209387257695,
          "pitch": 0.014432189054787159,
          "yaw": 70.8399658203125
        }
      },
      "matrix_world_from_sensor_carla": [
        [
          0.3282078504562378,
          -0.9446055293083191,
          -0.00010028157703345641,
          104.12733459472656
        ],
        [
          0.9446054697036743,
          0.3282078802585602,
          -0.00023181743745226413,
          -35.89219284057617
        ],
        [
          0.0002518892288208008,
          -1.864222576841712e-05,
          0.9999999403953552,
          1.69594407081604
        ],
        [
          0.0,
          0.0,
          0.0,
          1.0
        ]
      ],
      "matrix_world_from_sensor_bevfusion": [
        [
          -0.9446055293083191,
          0.00010028157703345641,
          0.3282078504562378,
          104.12733459472656
        ],
        [
          -0.3282078802585602,
          -0.00023181743745226413,
          -0.9446054697036743,
          35.89219284057617
        ],
        [
          -1.864222576841712e-05,
          -0.9999999403953552,
          0.0002518892288208008,
          1.69594407081604
        ],
        [
          0.0,
          0.0,
          0.0,
          1.0
        ]
      ],
      "matrix_ego_from_sensor_carla": [
        [
          -1.0,
          -3.0075398171902634e-08,
          -1.409006071539931e-11,
          -1.5500028133392334
        ],
        [
          1.7638731364399973e-08,
          -1.0,
          -8.660366174195744e-11,
          0.0
        ],
        [
          0.0,
          -9.458744898438454e-11,
          1.0,
          1.7000001668930054
        ],
        [
          0.0,
          0.0,
          0.0,
          1.0
        ]
      ],
      "matrix_ego_from_sensor_bevfusion": [
        [
          -3.0075398171902634e-08,
          1.409006071539931e-11,
          -1.0,
          -1.5500028133392334
        ],
        [
          1.0,
          -8.660366174195744e-11,
          -1.7638731364399973e-08,
          0.0
        ],
        [
          -9.458744898438454e-11,
          -1.0,
          0.0,
          1.7000001668930054
        ],
        [
          0.0,
          0.0,
          0.0,
          1.0
        ]
      ],
      "camera_intrinsics": [
        [
          685.5110473632812,
          0.0,
          480.0
        ],
        [
          0.0,
          685.5110473632812,
          270.0
        ],
        [
          0.0,
          0.0,
          1.0
        ]
      ],
      "data_path": "D:\\Agent-AI\\outputs\\s3a_ml_long_v1\\sample_000051\\images\\CAM_BACK.png",
      "raw_layout": "bgra8"
    },
    "CAM_BACK_LEFT": {
      "type_id": "sensor.camera.rgb",
      "blueprint_attributes": {
        "role_name": "front",
        "ros_name": "sensor.camera.rgb",
        "chromatic_aberration_offset": "0.0",
        "sensor_tick": "0.100000",
        "fstop": "1.4",
        "image_size_x": "960",
        "image_size_y": "540",
        "fov": "70.00",
        "lens_circle_falloff": "5.0",
        "lens_circle_multiplier": "0.0",
        "exposure_compensation": "0.0",
        "lens_y_size": "0.08",
        "lens_k": "-1.0",
        "exposure_mode": "histogram",
        "lens_kcube": "0.0",
        "lens_x_size": "0.08",
        "exposure_max_bright": "12.0",
        "shutter_speed": "200.0",
        "bloom_intensity": "0.675",
        "iso": "100.0",
        "enable_postprocess_effects": "false",
        "gamma": "2.2",
        "motion_blur_intensity": "0.0",
        "motion_blur_max_distortion": "0.35",
        "lens_flare_intensity": "0.1",
        "motion_blur_min_object_screen_size": "0.1",
        "exposure_min_bright": "10.0",
        "exposure_speed_up": "3.0",
        "exposure_speed_down": "1.0",
        "tint": "0.0",
        "calibration_constant": "16.0",
        "focal_distance": "1000.0",
        "min_fstop": "1.2",
        "blade_count": "5",
        "blur_amount": "0.0",
        "blur_radius": "0.0",
        "slope": "0.88",
        "toe": "0.55",
        "white_clip": "0.04",
        "shoulder": "0.26",
        "black_clip": "0.0",
        "temp": "6500.0",
        "chromatic_aberration_intensity": "0.0"
      },
      "transform_carla": {
        "location": {
          "x": 103.52574157714844,
          "y": -35.94783020019531,
          "z": 1.6958706378936768
        },
        "rotation": {
          "roll": 0.012436952441930771,
          "pitch": 0.007403924595564604,
          "yaw": 125.8399429321289
        }
      },
      "matrix_world_from_sensor_carla": [
        [
          -0.5855228900909424,
          -0.8106558918952942,
          -0.000100302706414368,
          103.52574157714844
        ],
        [
          0.8106558918952942,
          -0.5855228900909424,
          -0.0002318522601854056,
          -35.94783020019531
        ],
        [
          0.00012922285532113165,
          -0.0002170657680835575,
          1.0,
          1.6958706378936768
        ],
        [
          0.0,
          0.0,
          0.0,
          1.0
        ]
      ],
      "matrix_world_from_sensor_bevfusion": [
        [
          -0.8106558918952942,
          0.000100302706414368,
          -0.5855228900909424,
          103.52574157714844
        ],
        [
          0.5855228900909424,
          -0.0002318522601854056,
          -0.8106558918952942,
          35.94783020019531
        ],
        [
          -0.0002170657680835575,
          -1.0,
          0.00012922285532113165,
          1.6958706378936768
        ],
        [
          0.0,
          0.0,
          0.0,
          1.0
        ]
      ],
      "matrix_ego_from_sensor_carla": [
        [
          -0.5735768675804138,
          0.8191518783569336,
          3.9814040064811707e-08,
          -1.3000024557113647
        ],
        [
          -0.8191518187522888,
          -0.5735768675804138,
          -8.62200977280736e-09,
          -0.5500030517578125
        ],
        [
          1.57597241923213e-08,
          -3.754394128918648e-08,
          1.0000001192092896,
          1.6999999284744263
        ],
        [
          0.0,
          0.0,
          0.0,
          1.0
        ]
      ],
      "matrix_ego_from_sensor_bevfusion": [
        [
          0.8191518783569336,
          -3.9814040064811707e-08,
          -0.5735768675804138,
          -1.3000024557113647
        ],
        [
          0.5735768675804138,
          -8.62200977280736e-09,
          0.8191518187522888,
          0.5500030517578125
        ],
        [
          -3.754394128918648e-08,
          -1.0000001192092896,
          1.57597241923213e-08,
          1.6999999284744263
        ],
        [
          0.0,
          0.0,
          0.0,
          1.0
        ]
      ],
      "camera_intrinsics": [
        [
          685.5110473632812,
          0.0,
          480.0
        ],
        [
          0.0,
          685.5110473632812,
          270.0
        ],
        [
          0.0,
          0.0,
          1.0
        ]
      ],
      "data_path": "D:\\Agent-AI\\outputs\\s3a_ml_long_v1\\sample_000051\\images\\CAM_BACK_LEFT.png",
      "raw_layout": "bgra8"
    },
    "CAM_BACK_RIGHT": {
      "type_id": "sensor.camera.rgb",
      "blueprint_attributes": {
        "role_name": "front",
        "ros_name": "sensor.camera.rgb",
        "chromatic_aberration_offset": "0.0",
        "sensor_tick": "0.100000",
        "fstop": "1.4",
        "image_size_x": "960",
        "image_size_y": "540",
        "fov": "70.00",
        "lens_circle_falloff": "5.0",
        "lens_circle_multiplier": "0.0",
        "exposure_compensation": "0.0",
        "lens_y_size": "0.08",
        "lens_k": "-1.0",
        "exposure_mode": "histogram",
        "lens_kcube": "0.0",
        "lens_x_size": "0.08",
        "exposure_max_bright": "12.0",
        "shutter_speed": "200.0",
        "bloom_intensity": "0.675",
        "iso": "100.0",
        "enable_postprocess_effects": "false",
        "gamma": "2.2",
        "motion_blur_intensity": "0.0",
        "motion_blur_max_distortion": "0.35",
        "lens_flare_intensity": "0.1",
        "motion_blur_min_object_screen_size": "0.1",
        "exposure_min_bright": "10.0",
        "exposure_speed_up": "3.0",
        "exposure_speed_down": "1.0",
        "tint": "0.0",
        "calibration_constant": "16.0",
        "focal_distance": "1000.0",
        "min_fstop": "1.2",
        "blade_count": "5",
        "blur_amount": "0.0",
        "blur_radius": "0.0",
        "slope": "0.88",
        "toe": "0.55",
        "white_clip": "0.04",
        "shoulder": "0.26",
        "black_clip": "0.0",
        "temp": "6500.0",
        "chromatic_aberration_intensity": "0.0"
      },
      "transform_carla": {
        "location": {
          "x": 104.56481170654297,
          "y": -36.308860778808594,
          "z": 1.695891261100769
        },
        "rotation": {
          "roll": -0.01121166255325079,
          "pitch": 0.00915928278118372,
          "yaw": 15.839972496032715
        }
      },
      "matrix_world_from_sensor_carla": [
        [
          0.9620277881622314,
          -0.27295148372650146,
          -0.00010037815809482709,
          104.56481170654297
        ],
        [
          0.2729514539241791,
          0.9620277881622314,
          -0.00023188392515294254,
          -36.308860778808594
        ],
        [
          0.00015985964273568243,
          0.00019568041898310184,
          1.0,
          1.695891261100769
        ],
        [
          0.0,
          0.0,
          0.0,
          1.0
        ]
      ],
      "matrix_world_from_sensor_bevfusion": [
        [
          -0.27295148372650146,
          0.00010037815809482709,
          0.9620277881622314,
          104.56481170654297
        ],
        [
          -0.9620277881622314,
          -0.00023188392515294254,
          -0.2729514539241791,
          36.308860778808594
        ],
        [
          0.00019568041898310184,
          -1.0,
          0.00015985964273568243,
          1.695891261100769
        ],
        [
          0.0,
          0.0,
          0.0,
          1.0
        ]
      ],
      "matrix_ego_from_sensor_carla": [
        [
          -0.5735765695571899,
          -0.8191519975662231,
          9.44710336625576e-08,
          -1.3000011444091797
        ],
        [
          0.8191519379615784,
          -0.5735765695571899,
          -6.949812814127654e-08,
          0.5500030517578125
        ],
        [
          1.1113297659903765e-07,
          3.754394128918648e-08,
          1.0000001192092896,
          1.7000000476837158
        ],
        [
          0.0,
          0.0,
          0.0,
          1.0
        ]
      ],
      "matrix_ego_from_sensor_bevfusion": [
        [
          -0.8191519975662231,
          -9.44710336625576e-08,
          -0.5735765695571899,
          -1.3000011444091797
        ],
        [
          0.5735765695571899,
          -6.949812814127654e-08,
          -0.8191519379615784,
          -0.5500030517578125
        ],
        [
          3.754394128918648e-08,
          -1.0000001192092896,
          1.1113297659903765e-07,
          1.7000000476837158
        ],
        [
          0.0,
          0.0,
          0.0,
          1.0
        ]
      ],
      "camera_intrinsics": [
        [
          685.5110473632812,
          0.0,
          480.0
        ],
        [
          0.0,
          685.5110473632812,
          270.0
        ],
        [
          0.0,
          0.0,
          1.0
        ]
      ],
      "data_path": "D:\\Agent-AI\\outputs\\s3a_ml_long_v1\\sample_000051\\images\\CAM_BACK_RIGHT.png",
      "raw_layout": "bgra8"
    },
    "LIDAR_TOP": {
      "type_id": "sensor.lidar.ray_cast",
      "blueprint_attributes": {
        "atmosphere_attenuation_rate": "0.004",
        "role_name": "front",
        "noise_seed": "0",
        "upper_fov": "10.0",
        "ros_name": "sensor.lidar.ray_cast",
        "sensor_tick": "0.100000",
        "channels": "32",
        "range": "120.0",
        "points_per_second": "360000",
        "lower_fov": "-30.0",
        "rotation_frequency": "10.000000",
        "horizontal_fov": "360.0",
        "dropoff_general_rate": "0.0",
        "dropoff_intensity_limit": "1.0",
        "noise_stddev": "0.0",
        "dropoff_zero_intensity": "0.0"
      },
      "transform_carla": {
        "location": {
          "x": 103.6185531616211,
          "y": -37.356449127197266,
          "z": 2.1955535411834717
        },
        "rotation": {
          "roll": -0.001068115932866931,
          "pitch": -0.014432189054787159,
          "yaw": -109.1600341796875
        }
      },
      "matrix_world_from_sensor_carla": [
        [
          -0.3282078206539154,
          0.9446055293083191,
          -0.00010028148972196504,
          103.6185531616211
        ],
        [
          -0.9446054697036743,
          -0.3282078504562378,
          -0.0002318174665560946,
          -37.356449127197266
        ],
        [
          -0.0002518892288208008,
          1.864213845692575e-05,
          0.9999999403953552,
          2.1955535411834717
        ],
        [
          0.0,
          0.0,
          0.0,
          1.0
        ]
      ],
      "matrix_world_from_sensor_bevfusion": [
        [
          -0.3282078206539154,
          -0.9446055293083191,
          -0.00010028148972196504,
          103.6185531616211
        ],
        [
          0.9446054697036743,
          -0.3282078504562378,
          0.0002318174665560946,
          37.356449127197266
        ],
        [
          -0.0002518892288208008,
          -1.864213845692575e-05,
          0.9999999403953552,
          2.1955535411834717
        ],
        [
          0.0,
          0.0,
          0.0,
          1.0
        ]
      ],
      "matrix_ego_from_sensor_carla": [
        [
          1.0,
          1.923981418627818e-09,
          -1.409006071539931e-11,
          5.960464477539062e-07
        ],
        [
          1.2163591911473759e-08,
          1.0,
          2.526820766513005e-12,
          -7.62939453125e-06
        ],
        [
          0.0,
          0.0,
          1.0,
          2.200000047683716
        ],
        [
          0.0,
          0.0,
          0.0,
          1.0
        ]
      ],
      "matrix_ego_from_sensor_bevfusion": [
        [
          1.0,
          -1.923981418627818e-09,
          -1.409006071539931e-11,
          5.960464477539062e-07
        ],
        [
          -1.2163591911473759e-08,
          1.0,
          -2.526820766513005e-12,
          7.62939453125e-06
        ],
        [
          0.0,
          0.0,
          1.0,
          2.200000047683716
        ],
        [
          0.0,
          0.0,
          0.0,
          1.0
        ]
      ],
      "data_path": "D:\\Agent-AI\\outputs\\s3a_ml_long_v1\\sample_000051\\lidar\\LIDAR_TOP.npy",
      "raw_layout": [
        "x",
        "y",
        "z",
        "intensity"
      ]
    },
    "RADAR_FRONT": {
      "type_id": "sensor.other.radar",
      "blueprint_attributes": {
        "sensor_tick": "0.100000",
        "role_name": "default",
        "noise_seed": "0",
        "ros_name": "sensor.other.radar",
        "horizontal_fov": "35.0",
        "points_per_second": "1500",
        "vertical_fov": "20.0",
        "range": "120.0"
      },
      "transform_carla": {
        "location": {
          "x": 102.96227264404297,
          "y": -39.245357513427734,
          "z": 0.8950497508049011
        },
        "rotation": {
          "roll": -0.001068115932866931,
          "pitch": -0.014432189054787159,
          "yaw": -109.1600341796875
        }
      },
      "matrix_world_from_sensor_carla": [
        [
          -0.3282078206539154,
          0.9446055293083191,
          -0.00010028148972196504,
          102.96227264404297
        ],
        [
          -0.9446054697036743,
          -0.3282078504562378,
          -0.0002318174665560946,
          -39.245357513427734
        ],
        [
          -0.0002518892288208008,
          1.864213845692575e-05,
          0.9999999403953552,
          0.8950497508049011
        ],
        [
          0.0,
          0.0,
          0.0,
          1.0
        ]
      ],
      "matrix_world_from_sensor_bevfusion": [
        [
          -0.3282078206539154,
          -0.9446055293083191,
          -0.00010028148972196504,
          102.96227264404297
        ],
        [
          0.9446054697036743,
          -0.3282078504562378,
          0.0002318174665560946,
          39.245357513427734
        ],
        [
          -0.0002518892288208008,
          -1.864213845692575e-05,
          0.9999999403953552,
          0.8950497508049011
        ],
        [
          0.0,
          0.0,
          0.0,
          1.0
        ]
      ],
      "matrix_ego_from_sensor_carla": [
        [
          1.0,
          1.923981418627818e-09,
          -1.409006071539931e-11,
          1.9999983310699463
        ],
        [
          1.2163591911473759e-08,
          1.0,
          2.526820766513005e-12,
          7.62939453125e-06
        ],
        [
          0.0,
          0.0,
          1.0,
          0.8999999761581421
        ],
        [
          0.0,
          0.0,
          0.0,
          1.0
        ]
      ],
      "matrix_ego_from_sensor_bevfusion": [
        [
          1.0,
          -1.923981418627818e-09,
          -1.409006071539931e-11,
          1.9999983310699463
        ],
        [
          -1.2163591911473759e-08,
          1.0,
          -2.526820766513005e-12,
          -7.62939453125e-06
        ],
        [
          0.0,
          0.0,
          1.0,
          0.8999999761581421
        ],
        [
          0.0,
          0.0,
          0.0,
          1.0
        ]
      ],
      "data_path": "D:\\Agent-AI\\outputs\\s3a_ml_long_v1\\sample_000051\\radar\\RADAR_FRONT.npy",
      "raw_layout": [
        "velocity",
        "altitude",
        "azimuth",
        "depth"
      ]
    },
    "RADAR_FRONT_LEFT": {
      "type_id": "sensor.other.radar",
      "blueprint_attributes": {
        "sensor_tick": "0.100000",
        "role_name": "default",
        "noise_seed": "0",
        "ros_name": "sensor.other.radar",
        "horizontal_fov": "35.0",
        "points_per_second": "1500",
        "vertical_fov": "20.0",
        "range": "120.0"
      },
      "transform_carla": {
        "location": {
          "x": 102.36869049072266,
          "y": -38.6685905456543,
          "z": 0.8951238989830017
        },
        "rotation": {
          "roll": 0.009451682679355145,
          "pitch": -0.010962452739477158,
          "yaw": -154.16004943847656
        }
      },
      "matrix_world_from_sensor_carla": [
        [
          -0.9000150561332703,
          0.435858815908432,
          -0.00010030011617345735,
          102.36869049072266
        ],
        [
          -0.4358587861061096,
          -0.9000150561332703,
          -0.000231862417422235,
          -38.6685905456543
        ],
        [
          -0.00019133089517708868,
          -0.00016496298485435545,
          1.0,
          0.8951238989830017
        ],
        [
          0.0,
          0.0,
          0.0,
          1.0
        ]
      ],
      "matrix_world_from_sensor_bevfusion": [
        [
          -0.9000150561332703,
          -0.435858815908432,
          -0.00010030011617345735,
          102.36869049072266
        ],
        [
          0.4358587861061096,
          -0.9000150561332703,
          0.000231862417422235,
          38.6685905456543
        ],
        [
          -0.00019133089517708868,
          0.00016496298485435545,
          1.0,
          0.8951238989830017
        ],
        [
          0.0,
          0.0,
          0.0,
          1.0
        ]
      ],
      "matrix_ego_from_sensor_carla": [
        [
          0.7071067094802856,
          0.7071070075035095,
          4.854518920183182e-08,
          1.6499974727630615
        ],
        [
          -0.7071069478988647,
          0.7071066498756409,
          -2.8358044801279902e-09,
          -0.75
        ],
        [
          -3.6350684240460396e-08,
          -3.2334355637431145e-08,
          1.0000001192092896,
          0.8999999165534973
        ],
        [
          0.0,
          0.0,
          0.0,
          1.0
        ]
      ],
      "matrix_ego_from_sensor_bevfusion": [
        [
          0.7071067094802856,
          -0.7071070075035095,
          4.854518920183182e-08,
          1.6499974727630615
        ],
        [
          0.7071069478988647,
          0.7071066498756409,
          2.8358044801279902e-09,
          0.75
        ],
        [
          -3.6350684240460396e-08,
          3.2334355637431145e-08,
          1.0000001192092896,
          0.8999999165534973
        ],
        [
          0.0,
          0.0,
          0.0,
          1.0
        ]
      ],
      "data_path": "D:\\Agent-AI\\outputs\\s3a_ml_long_v1\\sample_000051\\radar\\RADAR_FRONT_LEFT.npy",
      "raw_layout": [
        "velocity",
        "altitude",
        "azimuth",
        "depth"
      ]
    },
    "RADAR_FRONT_RIGHT": {
      "type_id": "sensor.other.radar",
      "blueprint_attributes": {
        "sensor_tick": "0.100000",
        "role_name": "default",
        "noise_seed": "0",
        "ros_name": "sensor.other.radar",
        "horizontal_fov": "35.0",
        "points_per_second": "1500",
        "vertical_fov": "20.0",
        "range": "120.0"
      },
      "transform_carla": {
        "location": {
