{
  "schema_version": "stage1.v1",
  "sample_name": "sample_000029",
  "sequence_index": 29,
  "previous_sample_name": "sample_000028",
  "frame_id": 726302,
  "timestamp": 5000.094624761492,
  "platform_timestamp": 16813379.0211055,
  "delta_seconds": 0.10000000149011612,
  "town": "Carla/Maps/Town10HD_Opt",
  "weather": {
    "cloudiness": 20.0,
    "dust_storm": 0.0,
    "fog_density": 2.0,
    "fog_distance": 0.75,
    "fog_falloff": 0.10000000149011612,
    "mie_scattering_scale": 0.029999999329447746,
    "precipitation": 0.0,
    "precipitation_deposits": 0.0,
    "rayleigh_scattering_scale": 0.03310000151395798,
    "scattering_intensity": 1.0,
    "sun_altitude_angle": 45.0,
    "sun_azimuth_angle": 300.0,
    "wetness": 0.0,
    "wind_intensity": 10.0
  },
  "sensor_names": [
    "CAM_FRONT",
    "CAM_FRONT_RIGHT",
    "CAM_FRONT_LEFT",
    "CAM_BACK",
    "CAM_BACK_LEFT",
    "CAM_BACK_RIGHT",
    "LIDAR_TOP",
    "RADAR_FRONT",
    "RADAR_FRONT_LEFT",
    "RADAR_FRONT_RIGHT",
    "RADAR_BACK_LEFT",
    "RADAR_BACK_RIGHT"
  ],
  "camera_order_for_model": [
    "CAM_FRONT",
    "CAM_FRONT_RIGHT",
    "CAM_FRONT_LEFT",
    "CAM_BACK",
    "CAM_BACK_LEFT",
    "CAM_BACK_RIGHT"
  ],
  "radar_order_for_model": [
    "RADAR_FRONT",
    "RADAR_FRONT_LEFT",
    "RADAR_FRONT_RIGHT",
    "RADAR_BACK_LEFT",
    "RADAR_BACK_RIGHT"
  ],
  "coordinate_notes": {
    "carla_world": "left-handed x-forward y-right z-up",
    "bevfusion_lidar": "x-forward y-left z-up",
    "camera_frame_for_model": "OpenCV style x-right y-down z-forward"
  },
  "ego": {
    "actor_id": 49,
    "transform_carla": {
      "location": {
        "x": 104.64582824707031,
        "y": -34.29677963256836,
        "z": -0.006160049233585596
      },
      "rotation": {
        "roll": 0.09864450991153717,
        "pitch": 0.4484633803367615,
        "yaw": -105.0853271484375
      }
    },
    "velocity_carla": [
      -1.0847740173339844,
      -3.572382926940918,
      -5.013465852243826e-05
    ],
    "angular_velocity_carla": [
      0.4787328839302063,
      -0.1612364947795868,
      -5.0591959953308105
    ],
    "matrix_world_from_ego_carla": [
      [
        -0.2602492868900299,
        0.9655343294143677,
        0.003699392545968294,
        104.64582824707031
      ],
      [
        -0.9655097126960754,
        -0.2602699100971222,
        0.007109267171472311,
        -34.29677963256836
      ],
      [
        0.00782708264887333,
        -0.0017216178821399808,
        0.9999678730964661,
        -0.006160049233585596
      ],
      [
        0.0,
        0.0,
        0.0,
        1.0
      ]
    ],
    "matrix_world_from_ego_bevfusion": [
      [
        -0.2602492868900299,
        -0.9655343294143677,
        0.003699392545968294,
        104.64582824707031
      ],
      [
        0.9655097126960754,
        -0.2602699100971222,
        -0.007109267171472311,
        34.29677963256836
      ],
      [
        0.00782708264887333,
        0.0017216178821399808,
        0.9999678730964661,
        -0.006160049233585596
      ],
      [
        0.0,
        0.0,
        0.0,
        1.0
      ]
    ]
  },
  "sensors": {
    "CAM_FRONT": {
      "type_id": "sensor.camera.rgb",
      "blueprint_attributes": {
        "role_name": "front",
        "ros_name": "sensor.camera.rgb",
        "chromatic_aberration_offset": "0.0",
        "sensor_tick": "0.100000",
        "fstop": "1.4",
        "image_size_x": "960",
        "image_size_y": "540",
        "fov": "70.00",
        "lens_circle_falloff": "5.0",
        "lens_circle_multiplier": "0.0",
        "exposure_compensation": "0.0",
        "lens_y_size": "0.08",
        "lens_k": "-1.0",
        "exposure_mode": "histogram",
        "lens_kcube": "0.0",
        "lens_x_size": "0.08",
        "exposure_max_bright": "12.0",
        "shutter_speed": "200.0",
        "bloom_intensity": "0.675",
        "iso": "100.0",
        "enable_postprocess_effects": "false",
        "gamma": "2.2",
        "motion_blur_intensity": "0.0",
        "motion_blur_max_distortion": "0.35",
        "lens_flare_intensity": "0.1",
        "motion_blur_min_object_screen_size": "0.1",
        "exposure_min_bright": "10.0",
        "exposure_speed_up": "3.0",
        "exposure_speed_down": "1.0",
        "tint": "0.0",
        "calibration_constant": "16.0",
        "focal_distance": "1000.0",
        "min_fstop": "1.2",
        "blade_count": "5",
        "blur_amount": "0.0",
        "blur_radius": "0.0",
        "slope": "0.88",
        "toe": "0.55",
        "white_clip": "0.04",
        "shoulder": "0.26",
        "black_clip": "0.0",
        "temp": "6500.0",
        "chromatic_aberration_intensity": "0.0"
      },
      "transform_carla": {
        "location": {
          "x": 104.24872589111328,
          "y": -35.78123092651367,
          "z": 1.7059173583984375
        },
        "rotation": {
          "roll": 0.09864450991153717,
          "pitch": 0.4484633803367615,
          "yaw": -105.0853271484375
        }
      },
      "matrix_world_from_sensor_carla": [
        [
          -0.2602492868900299,
          0.9655343294143677,
          0.003699392545968294,
          104.24872589111328
        ],
        [
          -0.9655097126960754,
          -0.2602699100971222,
          0.007109267171472311,
          -35.78123092651367
        ],
        [
          0.00782708264887333,
          -0.0017216178821399808,
          0.9999678730964661,
          1.7059173583984375
        ],
        [
          0.0,
          0.0,
          0.0,
          1.0
        ]
      ],
      "matrix_world_from_sensor_bevfusion": [
        [
          0.9655343294143677,
          -0.003699392545968294,
          -0.2602492868900299,
          104.24872589111328
        ],
        [
          0.2602699100971222,
          0.007109267171472311,
          0.9655097126960754,
          35.78123092651367
        ],
        [
          -0.0017216178821399808,
          -0.9999678730964661,
          0.00782708264887333,
          1.7059173583984375
        ],
        [
          0.0,
          0.0,
          0.0,
          1.0
        ]
      ],
      "matrix_ego_from_sensor_carla": [
        [
          1.0,
          1.4270823633921736e-08,
          -2.834066314960637e-12,
          1.5500011444091797
        ],
        [
          2.8559895781654632e-08,
          1.0,
          -1.0344156781139091e-10,
          -7.62939453125e-06
        ],
        [
          -2.834066314960637e-12,
          2.4580440460830744e-10,
          1.0,
          1.7000000476837158
        ],
        [
          0.0,
          0.0,
          0.0,
          1.0
        ]
      ],
      "matrix_ego_from_sensor_bevfusion": [
        [
          1.4270823633921736e-08,
          2.834066314960637e-12,
          1.0,
          1.5500011444091797
        ],
        [
          -1.0,
          -1.0344156781139091e-10,
          -2.8559895781654632e-08,
          7.62939453125e-06
        ],
        [
          2.4580440460830744e-10,
          -1.0,
          -2.834066314960637e-12,
          1.7000000476837158
        ],
        [
          0.0,
          0.0,
          0.0,
          1.0
        ]
      ],
      "camera_intrinsics": [
        [
          685.5110473632812,
          0.0,
          480.0
        ],
        [
          0.0,
          685.5110473632812,
          270.0
        ],
        [
          0.0,
          0.0,
          1.0
        ]
      ],
      "data_path": "D:\\Agent-AI\\outputs\\s3a_ml_long_v1\\sample_000029\\images\\CAM_FRONT.png",
      "raw_layout": "bgra8"
    },
    "CAM_FRONT_RIGHT": {
      "type_id": "sensor.camera.rgb",
      "blueprint_attributes": {
        "role_name": "front",
        "ros_name": "sensor.camera.rgb",
        "chromatic_aberration_offset": "0.0",
        "sensor_tick": "0.100000",
        "fstop": "1.4",
        "image_size_x": "960",
        "image_size_y": "540",
        "fov": "70.00",
        "lens_circle_falloff": "5.0",
        "lens_circle_multiplier": "0.0",
        "exposure_compensation": "0.0",
        "lens_y_size": "0.08",
        "lens_k": "-1.0",
        "exposure_mode": "histogram",
        "lens_kcube": "0.0",
        "lens_x_size": "0.08",
        "exposure_max_bright": "12.0",
        "shutter_speed": "200.0",
        "bloom_intensity": "0.675",
        "iso": "100.0",
        "enable_postprocess_effects": "false",
        "gamma": "2.2",
        "motion_blur_intensity": "0.0",
        "motion_blur_max_distortion": "0.35",
        "lens_flare_intensity": "0.1",
        "motion_blur_min_object_screen_size": "0.1",
        "exposure_min_bright": "10.0",
        "exposure_speed_up": "3.0",
        "exposure_speed_down": "1.0",
        "tint": "0.0",
        "calibration_constant": "16.0",
        "focal_distance": "1000.0",
        "min_fstop": "1.2",
        "blade_count": "5",
        "blur_amount": "0.0",
        "blur_radius": "0.0",
        "slope": "0.88",
        "toe": "0.55",
        "white_clip": "0.04",
        "shoulder": "0.26",
        "black_clip": "0.0",
        "temp": "6500.0",
        "chromatic_aberration_intensity": "0.0"
      },
      "transform_carla": {
        "location": {
          "x": 104.84484100341797,
          "y": -35.683006286621094,
          "z": 1.70301353931427
        },
        "rotation": {
          "roll": 0.42394009232521057,
          "pitch": 0.17642377316951752,
          "yaw": -50.085079193115234
        }
      },
      "matrix_world_from_sensor_carla": [
        [
          0.6416463255882263,
          0.7669917345046997,
          0.003699388587847352,
          104.84484100341797
        ],
        [
          -0.7669944763183594,
          0.6416143178939819,
          0.007109269965440035,
          -35.683006286621094
        ],
        [
          0.0030791708268225193,
          -0.0073990472592413425,
          0.9999678730964661,
          1.70301353931427
        ],
        [
          0.0,
          0.0,
          0.0,
          1.0
        ]
      ],
      "matrix_world_from_sensor_bevfusion": [
        [
          0.7669917345046997,
          -0.003699388587847352,
          0.6416463255882263,
          104.84484100341797
        ],
        [
          -0.6416143178939819,
          0.007109269965440035,
          0.7669944763183594,
          35.683006286621094
        ],
        [
          -0.0073990472592413425,
          -0.9999678730964661,
          0.0030791708268225193,
          1.70301353931427
        ],
        [
          0.0,
          0.0,
          0.0,
          1.0
        ]
      ],
      "matrix_ego_from_sensor_carla": [
        [
          0.5735767483711243,
          -0.8191518783569336,
          -1.86547932656822e-09,
          1.300001621246338
        ],
        [
          0.8191518783569336,
          0.5735767483711243,
          -4.8764698945547025e-09,
          0.5500106811523438
        ],
        [
          4.918243146079249e-09,
          2.5495274780240607e-09,
          1.0,
          1.6999998092651367
        ],
        [
          0.0,
          0.0,
          0.0,
          1.0
        ]
      ],
      "matrix_ego_from_sensor_bevfusion": [
        [
          -0.8191518783569336,
          1.86547932656822e-09,
          0.5735767483711243,
          1.300001621246338
        ],
        [
          -0.5735767483711243,
          -4.8764698945547025e-09,
          -0.8191518783569336,
          -0.5500106811523438
        ],
        [
          2.5495274780240607e-09,
          -1.0,
          4.918243146079249e-09,
          1.6999998092651367
        ],
        [
          0.0,
          0.0,
          0.0,
          1.0
        ]
      ],
      "camera_intrinsics": [
        [
          685.5110473632812,
          0.0,
          480.0
        ],
        [
          0.0,
          685.5110473632812,
          270.0
        ],
        [
          0.0,
          0.0,
          1.0
        ]
      ],
      "data_path": "D:\\Agent-AI\\outputs\\s3a_ml_long_v1\\sample_000029\\images\\CAM_FRONT_RIGHT.png",
      "raw_layout": "bgra8"
    },
    "CAM_FRONT_LEFT": {
      "type_id": "sensor.camera.rgb",
      "blueprint_attributes": {
        "role_name": "front",
        "ros_name": "sensor.camera.rgb",
        "chromatic_aberration_offset": "0.0",
        "sensor_tick": "0.100000",
        "fstop": "1.4",
        "image_size_x": "960",
        "image_size_y": "540",
        "fov": "70.00",
        "lens_circle_falloff": "5.0",
        "lens_circle_multiplier": "0.0",
        "exposure_compensation": "0.0",
        "lens_y_size": "0.08",
        "lens_k": "-1.0",
        "exposure_mode": "histogram",
        "lens_kcube": "0.0",
        "lens_x_size": "0.08",
        "exposure_max_bright": "12.0",
        "shutter_speed": "200.0",
        "bloom_intensity": "0.675",
        "iso": "100.0",
        "enable_postprocess_effects": "false",
        "gamma": "2.2",
        "motion_blur_intensity": "0.0",
        "motion_blur_max_distortion": "0.35",
        "lens_flare_intensity": "0.1",
        "motion_blur_min_object_screen_size": "0.1",
        "exposure_min_bright": "10.0",
        "exposure_speed_up": "3.0",
        "exposure_speed_down": "1.0",
        "tint": "0.0",
        "calibration_constant": "16.0",
        "focal_distance": "1000.0",
        "min_fstop": "1.2",
        "blade_count": "5",
        "blur_amount": "0.0",
        "blur_radius": "0.0",
        "slope": "0.88",
        "toe": "0.55",
        "white_clip": "0.04",
        "shoulder": "0.26",
        "black_clip": "0.0",
        "temp": "6500.0",
        "chromatic_aberration_intensity": "0.0"
      },
      "transform_carla": {
        "location": {
          "x": 103.78275299072266,
          "y": -35.39670944213867,
          "z": 1.7049075365066528
        },
        "rotation": {
          "roll": -0.31078436970710754,
          "pitch": 0.3380260467529297,
          "yaw": -160.0866241455078
        }
      },
      "matrix_world_from_sensor_carla": [
        [
          -0.9401922821998596,
          0.340624064207077,
          0.003699333406984806,
          103.78275299072266
        ],
        [
          -0.34059303998947144,
          -0.9401839375495911,
          0.007109244354069233,
          -35.39670944213867
        ],
        [
          0.005899633280932903,
          0.005424089264124632,
          0.9999678730964661,
          1.7049075365066528
        ],
        [
          0.0,
          0.0,
          0.0,
          1.0
        ]
      ],
      "matrix_world_from_sensor_bevfusion": [
        [
          0.340624064207077,
          -0.003699333406984806,
          -0.9401922821998596,
          103.78275299072266
        ],
        [
          0.9401839375495911,
          0.007109244354069233,
          0.34059303998947144,
          35.39670944213867
        ],
        [
          0.005424089264124632,
          -0.9999678730964661,
          0.005899633280932903,
          1.7049075365066528
        ],
        [
          0.0,
          0.0,
          0.0,
          1.0
        ]
      ],
      "matrix_ego_from_sensor_carla": [
        [
          0.5735765099525452,
          0.8191520571708679,
          3.725006791910346e-08,
          1.3000030517578125
        ],
        [
          -0.8191519975662231,
          0.5735764503479004,
          -5.120976709349634e-08,
          -0.5499954223632812
        ],
        [
          -6.427406162856641e-08,
          -1.9645163273906974e-09,
          1.0,
          1.7000000476837158
        ],
        [
          0.0,
          0.0,
          0.0,
          1.0
        ]
      ],
      "matrix_ego_from_sensor_bevfusion": [
        [
          0.8191520571708679,
          -3.725006791910346e-08,
          0.5735765099525452,
          1.3000030517578125
        ],
        [
          -0.5735764503479004,
          -5.120976709349634e-08,
          0.8191519975662231,
          0.5499954223632812
        ],
        [
          -1.9645163273906974e-09,
          -1.0,
          -6.427406162856641e-08,
          1.7000000476837158
        ],
        [
          0.0,
          0.0,
          0.0,
          1.0
        ]
      ],
      "camera_intrinsics": [
        [
          685.5110473632812,
          0.0,
          480.0
        ],
        [
          0.0,
          685.5110473632812,
          270.0
        ],
        [
          0.0,
          0.0,
          1.0
        ]
      ],
      "data_path": "D:\\Agent-AI\\outputs\\s3a_ml_long_v1\\sample_000029\\images\\CAM_FRONT_LEFT.png",
      "raw_layout": "bgra8"
    },
    "CAM_BACK": {
      "type_id": "sensor.camera.rgb",
      "blueprint_attributes": {
        "role_name": "front",
        "ros_name": "sensor.camera.rgb",
        "chromatic_aberration_offset": "0.0",
        "sensor_tick": "0.100000",
        "fstop": "1.4",
        "image_size_x": "960",
        "image_size_y": "540",
        "fov": "70.00",
        "lens_circle_falloff": "5.0",
        "lens_circle_multiplier": "0.0",
        "exposure_compensation": "0.0",
        "lens_y_size": "0.08",
        "lens_k": "-1.0",
        "exposure_mode": "histogram",
        "lens_kcube": "0.0",
        "lens_x_size": "0.08",
        "exposure_max_bright": "12.0",
        "shutter_speed": "200.0",
        "bloom_intensity": "0.675",
        "iso": "100.0",
        "enable_postprocess_effects": "false",
        "gamma": "2.2",
        "motion_blur_intensity": "0.0",
        "motion_blur_max_distortion": "0.35",
        "lens_flare_intensity": "0.1",
        "motion_blur_min_object_screen_size": "0.1",
        "exposure_min_bright": "10.0",
        "exposure_speed_up": "3.0",
        "exposure_speed_down": "1.0",
        "tint": "0.0",
        "calibration_constant": "16.0",
        "focal_distance": "1000.0",
        "min_fstop": "1.2",
        "blade_count": "5",
        "blur_amount": "0.0",
        "blur_radius": "0.0",
        "slope": "0.88",
        "toe": "0.55",
        "white_clip": "0.04",
        "shoulder": "0.26",
        "black_clip": "0.0",
        "temp": "6500.0",
        "chromatic_aberration_intensity": "0.0"
      },
      "transform_carla": {
        "location": {
          "x": 105.05550384521484,
          "y": -32.78815460205078,
          "z": 1.681653380393982
        },
        "rotation": {
          "roll": -0.09864464402198792,
          "pitch": -0.4484633803367615,
          "yaw": 74.9146499633789
        }
      },
      "matrix_world_from_sensor_carla": [
        [
          0.26024967432022095,
          -0.9655342698097229,
          0.0036993976682424545,
          105.05550384521484
        ],
        [
          0.9655096530914307,
          0.26027029752731323,
          0.007109265774488449,
          -32.78815460205078
        ],
        [
          -0.00782708264887333,
          0.0017216202104464173,
          0.9999678730964661,
          1.681653380393982
        ],
        [
          0.0,
          0.0,
          0.0,
          1.0
        ]
      ],
      "matrix_world_from_sensor_bevfusion": [
        [
          -0.9655342698097229,
          -0.0036993976682424545,
          0.26024967432022095,
          105.05550384521484
        ],
        [
          -0.26027029752731323,
          0.007109265774488449,
          -0.9655096530914307,
          32.78815460205078
        ],
        [
          0.0017216202104464173,
          -0.9999678730964661,
          -0.00782708264887333,
          1.681653380393982
        ],
        [
          0.0,
          0.0,
          0.0,
          1.0
        ]
      ],
      "matrix_ego_from_sensor_carla": [
        [
          -1.0,
          -4.1812191398094e-07,
          -2.834066314960637e-12,
          -1.5499978065490723
        ],
        [
          3.7438354638652527e-07,
          -1.0,
          5.1352477825616916e-09,
          0.0
        ],
        [
          9.341566409304392e-10,
          5.1092254871321074e-09,
          1.0,
          1.6999999284744263
        ],
        [
          0.0,
          0.0,
          0.0,
          1.0
        ]
      ],
      "matrix_ego_from_sensor_bevfusion": [
        [
          -4.1812191398094e-07,
          2.834066314960637e-12,
          -1.0,
          -1.5499978065490723
        ],
        [
          1.0,
          5.1352477825616916e-09,
          -3.7438354638652527e-07,
          0.0
        ],
        [
          5.1092254871321074e-09,
          -1.0,
          9.341566409304392e-10,
          1.6999999284744263
        ],
        [
          0.0,
          0.0,
          0.0,
          1.0
        ]
      ],
      "camera_intrinsics": [
        [
          685.5110473632812,
          0.0,
          480.0
        ],
        [
          0.0,
          685.5110473632812,
          270.0
        ],
        [
          0.0,
          0.0,
          1.0
        ]
      ],
      "data_path": "D:\\Agent-AI\\outputs\\s3a_ml_long_v1\\sample_000029\\images\\CAM_BACK.png",
      "raw_layout": "bgra8"
    },
    "CAM_BACK_LEFT": {
      "type_id": "sensor.camera.rgb",
      "blueprint_attributes": {
        "role_name": "front",
        "ros_name": "sensor.camera.rgb",
        "chromatic_aberration_offset": "0.0",
        "sensor_tick": "0.100000",
        "fstop": "1.4",
        "image_size_x": "960",
        "image_size_y": "540",
        "fov": "70.00",
        "lens_circle_falloff": "5.0",
        "lens_circle_multiplier": "0.0",
        "exposure_compensation": "0.0",
        "lens_y_size": "0.08",
        "lens_k": "-1.0",
        "exposure_mode": "histogram",
        "lens_kcube": "0.0",
        "lens_x_size": "0.08",
        "exposure_max_bright": "12.0",
        "shutter_speed": "200.0",
        "bloom_intensity": "0.675",
        "iso": "100.0",
        "enable_postprocess_effects": "false",
        "gamma": "2.2",
        "motion_blur_intensity": "0.0",
        "motion_blur_max_distortion": "0.35",
        "lens_flare_intensity": "0.1",
        "motion_blur_min_object_screen_size": "0.1",
        "exposure_min_bright": "10.0",
        "exposure_speed_up": "3.0",
        "exposure_speed_down": "1.0",
        "tint": "0.0",
        "calibration_constant": "16.0",
        "focal_distance": "1000.0",
        "min_fstop": "1.2",
        "blade_count": "5",
        "blur_amount": "0.0",
        "blur_radius": "0.0",
        "slope": "0.88",
        "toe": "0.55",
        "white_clip": "0.04",
        "shoulder": "0.26",
        "black_clip": "0.0",
        "temp": "6500.0",
        "chromatic_aberration_intensity": "0.0"
      },
      "transform_carla": {
        "location": {
          "x": 104.45938873291016,
          "y": -32.886383056640625,
          "z": 1.6845568418502808
        },
        "rotation": {
          "roll": -0.42394012212753296,
          "pitch": -0.17642377316951752,
          "yaw": 129.9149169921875
        }
      },
      "matrix_world_from_sensor_carla": [
        [
          -0.6416462063789368,
          -0.7669917941093445,
          0.003699389984831214,
          104.45938873291016
        ],
        [
          0.7669945359230042,
          -0.6416141986846924,
          0.007109270431101322,
          -32.886383056640625
        ],
        [
          -0.0030791708268225193,
          0.007399048190563917,
          0.9999678730964661,
          1.6845568418502808
        ],
        [
          0.0,
          0.0,
          0.0,
          1.0
        ]
      ],
      "matrix_world_from_sensor_bevfusion": [
        [
          -0.7669917941093445,
          -0.003699389984831214,
          -0.6416462063789368,
          104.45938873291016
        ],
        [
          0.6416141986846924,
          0.007109270431101322,
          -0.7669945359230042,
          32.886383056640625
        ],
        [
          0.007399048190563917,
          -0.9999678730964661,
          -0.0030791708268225193,
          1.6845568418502808
        ],
        [
          0.0,
          0.0,
          0.0,
          1.0
        ]
      ],
      "matrix_ego_from_sensor_carla": [
        [
          -0.573576807975769,
          0.8191518187522888,
          -2.7968019011836986e-09,
          -1.299994945526123
        ],
        [
          -0.819151759147644,
          -0.5735768675804138,
          -3.5959011324138146e-09,
          -0.5500106811523438
        ],
        [
          -4.21975121511764e-09,
          -1.1525734811002053e-09,
          1.0,
          1.6999996900558472
        ],
        [
          0.0,
          0.0,
          0.0,
          1.0
        ]
      ],
      "matrix_ego_from_sensor_bevfusion": [
        [
          0.8191518187522888,
          2.7968019011836986e-09,
          -0.573576807975769,
          -1.299994945526123
        ],
        [
          0.5735768675804138,
          -3.5959011324138146e-09,
          0.819151759147644,
          0.5500106811523438
        ],
        [
          -1.1525734811002053e-09,
          -1.0,
          -4.21975121511764e-09,
          1.6999996900558472
        ],
        [
          0.0,
          0.0,
          0.0,
          1.0
        ]
      ],
      "camera_intrinsics": [
        [
          685.5110473632812,
          0.0,
          480.0
        ],
        [
          0.0,
          685.5110473632812,
          270.0
        ],
        [
          0.0,
          0.0,
          1.0
        ]
      ],
      "data_path": "D:\\Agent-AI\\outputs\\s3a_ml_long_v1\\sample_000029\\images\\CAM_BACK_LEFT.png",
      "raw_layout": "bgra8"
    },
    "CAM_BACK_RIGHT": {
      "type_id": "sensor.camera.rgb",
      "blueprint_attributes": {
        "role_name": "front",
        "ros_name": "sensor.camera.rgb",
        "chromatic_aberration_offset": "0.0",
        "sensor_tick": "0.100000",
        "fstop": "1.4",
        "image_size_x": "960",
        "image_size_y": "540",
        "fov": "70.00",
        "lens_circle_falloff": "5.0",
        "lens_circle_multiplier": "0.0",
        "exposure_compensation": "0.0",
        "lens_y_size": "0.08",
        "lens_k": "-1.0",
        "exposure_mode": "histogram",
        "lens_kcube": "0.0",
        "lens_x_size": "0.08",
        "exposure_max_bright": "12.0",
        "shutter_speed": "200.0",
        "bloom_intensity": "0.675",
        "iso": "100.0",
        "enable_postprocess_effects": "false",
        "gamma": "2.2",
        "motion_blur_intensity": "0.0",
        "motion_blur_max_distortion": "0.35",
        "lens_flare_intensity": "0.1",
        "motion_blur_min_object_screen_size": "0.1",
        "exposure_min_bright": "10.0",
        "exposure_speed_up": "3.0",
        "exposure_speed_down": "1.0",
        "tint": "0.0",
        "calibration_constant": "16.0",
        "focal_distance": "1000.0",
        "min_fstop": "1.2",
        "blade_count": "5",
        "blur_amount": "0.0",
        "blur_radius": "0.0",
        "slope": "0.88",
        "toe": "0.55",
        "white_clip": "0.04",
        "shoulder": "0.26",
        "black_clip": "0.0",
        "temp": "6500.0",
        "chromatic_aberration_intensity": "0.0"
      },
      "transform_carla": {
        "location": {
          "x": 105.521484375,
          "y": -33.17267990112305,
          "z": 1.6826632022857666
        },
        "rotation": {
          "roll": 0.31078439950942993,
          "pitch": -0.3380260467529297,
          "yaw": 19.913354873657227
        }
      },
      "matrix_world_from_sensor_carla": [
        [
          0.9401923418045044,
          -0.34062379598617554,
          0.0036993352696299553,
          105.521484375
        ],
        [
          0.34059277176856995,
          0.9401839971542358,
          0.007109243422746658,
          -33.17267990112305
        ],
        [
          -0.005899633280932903,
          -0.005424089729785919,
          0.9999678730964661,
          1.6826632022857666
        ],
        [
          0.0,
          0.0,
          0.0,
          1.0
        ]
      ],
      "matrix_world_from_sensor_bevfusion": [
        [
          -0.34062379598617554,
          -0.0036993352696299553,
          0.9401923418045044,
          105.521484375
        ],
        [
          -0.9401839971542358,
          0.007109243422746658,
          -0.34059277176856995,
          33.17267990112305
        ],
        [
          -0.005424089729785919,
          -0.9999678730964661,
          -0.005899633280932903,
          1.6826632022857666
        ],
        [
          0.0,
          0.0,
          0.0,
          1.0
        ]
      ],
      "matrix_ego_from_sensor_carla": [
        [
          -0.5735762715339661,
          -0.8191521763801575,
          3.8181390493718936e-08,
          -1.2999982833862305
        ],
        [
          0.8191521167755127,
          -0.5735762119293213,
          -4.934712194426538e-08,
          0.5499954223632812
        ],
        [
          6.28770777666432e-08,
          2.895853778994706e-09,
          1.0,
          1.6999999284744263
        ],
        [
          0.0,
          0.0,
          0.0,
          1.0
        ]
      ],
      "matrix_ego_from_sensor_bevfusion": [
        [
          -0.8191521763801575,
          -3.8181390493718936e-08,
          -0.5735762715339661,
          -1.2999982833862305
        ],
        [
          0.5735762119293213,
          -4.934712194426538e-08,
          -0.8191521167755127,
          -0.5499954223632812
        ],
        [
          2.895853778994706e-09,
          -1.0,
          6.28770777666432e-08,
          1.6999999284744263
        ],
        [
          0.0,
          0.0,
          0.0,
          1.0
        ]
      ],
      "camera_intrinsics": [
        [
          685.5110473632812,
          0.0,
          480.0
        ],
        [
          0.0,
          685.5110473632812,
          270.0
        ],
        [
          0.0,
          0.0,
          1.0
        ]
      ],
      "data_path": "D:\\Agent-AI\\outputs\\s3a_ml_long_v1\\sample_000029\\images\\CAM_BACK_RIGHT.png",
      "raw_layout": "bgra8"
    },
    "LIDAR_TOP": {
      "type_id": "sensor.lidar.ray_cast",
      "blueprint_attributes": {
        "atmosphere_attenuation_rate": "0.004",
        "role_name": "front",
        "noise_seed": "0",
        "upper_fov": "10.0",
        "ros_name": "sensor.lidar.ray_cast",
        "sensor_tick": "0.100000",
        "channels": "32",
        "range": "120.0",
        "points_per_second": "360000",
        "lower_fov": "-30.0",
        "rotation_frequency": "10.000000",
        "horizontal_fov": "360.0",
        "dropoff_general_rate": "0.0",
        "dropoff_intensity_limit": "1.0",
        "noise_stddev": "0.0",
        "dropoff_zero_intensity": "0.0"
      },
      "transform_carla": {
        "location": {
          "x": 104.65396118164062,
          "y": -34.2811393737793,
          "z": 2.1937692165374756
        },
        "rotation": {
          "roll": 0.09864450991153717,
          "pitch": 0.4484633803367615,
          "yaw": -105.0853271484375
        }
      },
      "matrix_world_from_sensor_carla": [
        [
          -0.2602492868900299,
          0.9655343294143677,
          0.003699392545968294,
          104.65396118164062
        ],
        [
          -0.9655097126960754,
          -0.2602699100971222,
          0.007109267171472311,
          -34.2811393737793
        ],
        [
          0.00782708264887333,
          -0.0017216178821399808,
          0.9999678730964661,
          2.1937692165374756
        ],
        [
          0.0,
          0.0,
          0.0,
          1.0
        ]
      ],
      "matrix_world_from_sensor_bevfusion": [
        [
          -0.2602492868900299,
          -0.9655343294143677,
          0.003699392545968294,
          104.65396118164062
        ],
        [
          0.9655097126960754,
          -0.2602699100971222,
          -0.007109267171472311,
          34.2811393737793
        ],
        [
          0.00782708264887333,
          0.0017216178821399808,
          0.9999678730964661,
          2.1937692165374756
        ],
        [
          0.0,
          0.0,
          0.0,
          1.0
        ]
      ],
      "matrix_ego_from_sensor_carla": [
        [
          1.0,
          1.4270823633921736e-08,
          -2.834066314960637e-12,
          3.337860107421875e-06
        ],
        [
          2.8559895781654632e-08,
          1.0,
          -1.0344156781139091e-10,
          -7.62939453125e-06
        ],
        [
          -2.834066314960637e-12,
          2.4580440460830744e-10,
          1.0,
          2.1999998092651367
        ],
        [
          0.0,
          0.0,
          0.0,
          1.0
        ]
      ],
      "matrix_ego_from_sensor_bevfusion": [
        [
          1.0,
          -1.4270823633921736e-08,
          -2.834066314960637e-12,
          3.337860107421875e-06
        ],
        [
          -2.8559895781654632e-08,
          1.0,
          1.0344156781139091e-10,
          7.62939453125e-06
        ],
        [
          -2.834066314960637e-12,
          -2.4580440460830744e-10,
          1.0,
          2.1999998092651367
        ],
        [
          0.0,
          0.0,
          0.0,
          1.0
        ]
      ],
      "data_path": "D:\\Agent-AI\\outputs\\s3a_ml_long_v1\\sample_000029\\lidar\\LIDAR_TOP.npy",
      "raw_layout": [
        "x",
        "y",
        "z",
        "intensity"
      ]
    },
    "RADAR_FRONT": {
      "type_id": "sensor.other.radar",
      "blueprint_attributes": {
        "sensor_tick": "0.100000",
        "role_name": "default",
        "noise_seed": "0",
        "ros_name": "sensor.other.radar",
        "horizontal_fov": "35.0",
        "points_per_second": "1500",
        "vertical_fov": "20.0",
        "range": "120.0"
      },
      "transform_carla": {
        "location": {
          "x": 104.128662109375,
          "y": -36.22140121459961,
          "z": 0.9094651341438293
        },
        "rotation": {
          "roll": 0.09864450991153717,
          "pitch": 0.4484633803367615,
          "yaw": -105.0853271484375
        }
      },
      "matrix_world_from_sensor_carla": [
        [
          -0.2602492868900299,
          0.9655343294143677,
          0.003699392545968294,
          104.128662109375
        ],
        [
          -0.9655097126960754,
          -0.2602699100971222,
          0.007109267171472311,
          -36.22140121459961
        ],
        [
          0.00782708264887333,
          -0.0017216178821399808,
          0.9999678730964661,
          0.9094651341438293
        ],
        [
          0.0,
          0.0,
          0.0,
          1.0
        ]
      ],
      "matrix_world_from_sensor_bevfusion": [
        [
          -0.2602492868900299,
          -0.9655343294143677,
          0.003699392545968294,
          104.128662109375
        ],
        [
          0.9655097126960754,
          -0.2602699100971222,
          -0.007109267171472311,
          36.22140121459961
        ],
        [
          0.00782708264887333,
          0.0017216178821399808,
          0.9999678730964661,
          0.9094651341438293
        ],
        [
          0.0,
          0.0,
          0.0,
          1.0
        ]
      ],
      "matrix_ego_from_sensor_carla": [
        [
          1.0,
          1.4270823633921736e-08,
          -2.834066314960637e-12,
          2.000001907348633
        ],
        [
          2.8559895781654632e-08,
          1.0,
          -1.0344156781139091e-10,
          0.0
        ],
        [
          -2.834066314960637e-12,
          2.4580440460830744e-10,
          1.0,
          0.8999999761581421
        ],
        [
          0.0,
          0.0,
          0.0,
          1.0
        ]
      ],
      "matrix_ego_from_sensor_bevfusion": [
        [
          1.0,
          -1.4270823633921736e-08,
          -2.834066314960637e-12,
          2.000001907348633
        ],
        [
          -2.8559895781654632e-08,
          1.0,
          1.0344156781139091e-10,
          0.0
        ],
        [
          -2.834066314960637e-12,
          -2.4580440460830744e-10,
          1.0,
          0.8999999761581421
        ],
        [
          0.0,
          0.0,
          0.0,
          1.0
        ]
      ],
      "data_path": "D:\\Agent-AI\\outputs\\s3a_ml_long_v1\\sample_000029\\radar\\RADAR_FRONT.npy",
      "raw_layout": [
        "velocity",
        "altitude",
        "azimuth",
        "depth"
      ]
    },
    "RADAR_FRONT_LEFT": {
      "type_id": "sensor.other.radar",
      "blueprint_attributes": {
        "sensor_tick": "0.100000",
        "role_name": "default",
        "noise_seed": "0",
        "ros_name": "sensor.other.radar",
        "horizontal_fov": "35.0",
        "points_per_second": "1500",
        "vertical_fov": "20.0",
        "range": "120.0"
      },
      "transform_carla": {
        "location": {
          "x": 103.49559020996094,
          "y": -35.688270568847656,
          "z": 0.9080169200897217
        },
        "rotation": {
          "roll": -0.2473645657300949,
          "pitch": 0.3868618905544281,
          "yaw": -150.0865478515625
        }
      },
      "matrix_world_from_sensor_carla": [
        [
          -0.8667599558830261,
          0.49871185421943665,
          0.0036994037218391895,
          103.49559020996094
        ],
        [
          -0.49867987632751465,
          -0.8667570948600769,
          0.007109272293746471,
          -35.688270568847656
        ],
        [
          0.006751962471753359,
          0.004317214246839285,
          0.9999679327011108,
          0.9080169200897217
        ],
        [
          0.0,
          0.0,
          0.0,
          1.0
        ]
      ],
      "matrix_world_from_sensor_bevfusion": [
        [
          -0.8667599558830261,
          -0.49871185421943665,
          0.0036994037218391895,
          103.49559020996094
        ],
        [
          0.49867987632751465,
          -0.8667570948600769,
          -0.007109272293746471,
          35.688270568847656
        ],
        [
          0.006751962471753359,
          -0.004317214246839285,
          0.9999679327011108,
          0.9080169200897217
        ],
        [
          0.0,
          0.0,
          0.0,
          1.0
        ]
      ],
      "matrix_ego_from_sensor_carla": [
        [
          0.7071068286895752,
          0.7071068286895752,
          -7.918206534895944e-09,
          1.6500048637390137
        ],
        [
          -0.7071067690849304,
          0.7071067690849304,
          9.107167464605936e-09,
          -0.7500076293945312
        ],
        [
          1.0788722804022655e-08,
          -1.3286458599992557e-09,
          1.0,
          0.8999999761581421
        ],
        [
          0.0,
          0.0,
          0.0,
          1.0
        ]
      ],
      "matrix_ego_from_sensor_bevfusion": [
        [
          0.7071068286895752,
          -0.7071068286895752,
          -7.918206534895944e-09,
          1.6500048637390137
        ],
        [
          0.7071067690849304,
          0.7071067690849304,
          -9.107167464605936e-09,
          0.7500076293945312
        ],
        [
          1.0788722804022655e-08,
          1.3286458599992557e-09,
          1.0,
          0.8999999761581421
        ],
        [
          0.0,
          0.0,
          0.0,
          1.0
        ]
      ],
      "data_path": "D:\\Agent-AI\\outputs\\s3a_ml_long_v1\\sample_000029\\radar\\RADAR_FRONT_LEFT.npy",
      "raw_layout": [
        "velocity",
        "altitude",
        "azimuth",
        "depth"
      ]
    },
    "RADAR_FRONT_RIGHT": {
      "type_id": "sensor.other.radar",
      "blueprint_attributes": {
        "sensor_tick": "0.100000",
        "role_name": "default",
        "noise_seed": "0",
        "ros_name": "sensor.other.radar",
        "horizontal_fov": "35.0",
        "points_per_second": "1500",
        "vertical_fov": "20.0",
