{
  "schema_version": "stage1.v1",
  "sample_name": "sample_000042",
  "sequence_index": 42,
  "previous_sample_name": "sample_000041",
  "frame_id": 726315,
  "timestamp": 5001.3946247808635,
  "platform_timestamp": 16813385.2106479,
  "delta_seconds": 0.10000000149011612,
  "town": "Carla/Maps/Town10HD_Opt",
  "weather": {
    "cloudiness": 20.0,
    "dust_storm": 0.0,
    "fog_density": 2.0,
    "fog_distance": 0.75,
    "fog_falloff": 0.10000000149011612,
    "mie_scattering_scale": 0.029999999329447746,
    "precipitation": 0.0,
    "precipitation_deposits": 0.0,
    "rayleigh_scattering_scale": 0.03310000151395798,
    "scattering_intensity": 1.0,
    "sun_altitude_angle": 45.0,
    "sun_azimuth_angle": 300.0,
    "wetness": 0.0,
    "wind_intensity": 10.0
  },
  "sensor_names": [
    "CAM_FRONT",
    "CAM_FRONT_RIGHT",
    "CAM_FRONT_LEFT",
    "CAM_BACK",
    "CAM_BACK_LEFT",
    "CAM_BACK_RIGHT",
    "LIDAR_TOP",
    "RADAR_FRONT",
    "RADAR_FRONT_LEFT",
    "RADAR_FRONT_RIGHT",
    "RADAR_BACK_LEFT",
    "RADAR_BACK_RIGHT"
  ],
  "camera_order_for_model": [
    "CAM_FRONT",
    "CAM_FRONT_RIGHT",
    "CAM_FRONT_LEFT",
    "CAM_BACK",
    "CAM_BACK_LEFT",
    "CAM_BACK_RIGHT"
  ],
  "radar_order_for_model": [
    "RADAR_FRONT",
    "RADAR_FRONT_LEFT",
    "RADAR_FRONT_RIGHT",
    "RADAR_BACK_LEFT",
    "RADAR_BACK_RIGHT"
  ],
  "coordinate_notes": {
    "carla_world": "left-handed x-forward y-right z-up",
    "bevfusion_lidar": "x-forward y-left z-up",
    "camera_frame_for_model": "OpenCV style x-right y-down z-forward"
  },
  "ego": {
    "actor_id": 49,
    "transform_carla": {
      "location": {
        "x": 103.62017059326172,
        "y": -37.3522834777832,
        "z": -0.002206077566370368
      },
      "rotation": {
        "roll": -0.03079223819077015,
        "pitch": -0.6239582300186157,
        "yaw": -109.15958404541016
      }
    },
    "velocity_carla": [
      0.00324245635420084,
      0.006012626923620701,
      0.00016622543625999242
    ],
    "angular_velocity_carla": [
      -2.0028836727142334,
      0.8074600696563721,
      -0.0024079058784991503
    ],
    "matrix_world_from_ego_carla": [
      [
        -0.3281809687614441,
        0.9446060657501221,
        -0.004081729333847761,
        103.62017059326172
      ],
      [
        -0.9445520639419556,
        -0.328205943107605,
        -0.010110313072800636,
        -37.3522834777832
      ],
      [
        -0.010889910161495209,
        0.000537394022103399,
        0.9999405741691589,
        -0.002206077566370368
      ],
      [
        0.0,
        0.0,
        0.0,
        1.0
      ]
    ],
    "matrix_world_from_ego_bevfusion": [
      [
        -0.3281809687614441,
        -0.9446060657501221,
        -0.004081729333847761,
        103.62017059326172
      ],
      [
        0.9445520639419556,
        -0.328205943107605,
        0.010110313072800636,
        37.3522834777832
      ],
      [
        -0.010889910161495209,
        -0.000537394022103399,
        0.9999405741691589,
        -0.002206077566370368
      ],
      [
        0.0,
        0.0,
        0.0,
        1.0
      ]
    ]
  },
  "sensors": {
    "CAM_FRONT": {
      "type_id": "sensor.camera.rgb",
      "blueprint_attributes": {
        "role_name": "front",
        "ros_name": "sensor.camera.rgb",
        "chromatic_aberration_offset": "0.0",
        "sensor_tick": "0.100000",
        "fstop": "1.4",
        "image_size_x": "960",
        "image_size_y": "540",
        "fov": "70.00",
        "lens_circle_falloff": "5.0",
        "lens_circle_multiplier": "0.0",
        "exposure_compensation": "0.0",
        "lens_y_size": "0.08",
        "lens_k": "-1.0",
        "exposure_mode": "histogram",
        "lens_kcube": "0.0",
        "lens_x_size": "0.08",
        "exposure_max_bright": "12.0",
        "shutter_speed": "200.0",
        "bloom_intensity": "0.675",
        "iso": "100.0",
        "enable_postprocess_effects": "false",
        "gamma": "2.2",
        "motion_blur_intensity": "0.0",
        "motion_blur_max_distortion": "0.35",
        "lens_flare_intensity": "0.1",
        "motion_blur_min_object_screen_size": "0.1",
        "exposure_min_bright": "10.0",
        "exposure_speed_up": "3.0",
        "exposure_speed_down": "1.0",
        "tint": "0.0",
        "calibration_constant": "16.0",
        "focal_distance": "1000.0",
        "min_fstop": "1.2",
        "blade_count": "5",
        "blur_amount": "0.0",
        "blur_radius": "0.0",
        "slope": "0.88",
        "toe": "0.55",
        "white_clip": "0.04",
        "shoulder": "0.26",
        "black_clip": "0.0",
        "temp": "6500.0",
        "chromatic_aberration_intensity": "0.0"
      },
      "transform_carla": {
        "location": {
          "x": 103.10456085205078,
          "y": -38.83352279663086,
          "z": 1.6808134317398071
        },
        "rotation": {
          "roll": -0.03079223819077015,
          "pitch": -0.6239582300186157,
          "yaw": -109.15958404541016
        }
      },
      "matrix_world_from_sensor_carla": [
        [
          -0.3281809687614441,
          0.9446060657501221,
          -0.004081729333847761,
          103.10456085205078
        ],
        [
          -0.9445520639419556,
          -0.328205943107605,
          -0.010110313072800636,
          -38.83352279663086
        ],
        [
          -0.010889910161495209,
          0.000537394022103399,
          0.9999405741691589,
          1.6808134317398071
        ],
        [
          0.0,
          0.0,
          0.0,
          1.0
        ]
      ],
      "matrix_world_from_sensor_bevfusion": [
        [
          0.9446060657501221,
          0.004081729333847761,
          -0.3281809687614441,
          103.10456085205078
        ],
        [
          0.328205943107605,
          -0.010110313072800636,
          0.9445520639419556,
          38.83352279663086
        ],
        [
          0.000537394022103399,
          -0.9999405741691589,
          -0.010889910161495209,
          1.6808134317398071
        ],
        [
          0.0,
          0.0,
          0.0,
          1.0
        ]
      ],
      "matrix_ego_from_sensor_carla": [
        [
          1.0,
          7.628481846211344e-09,
          -1.2717488173663583e-10,
          1.5499955415725708
        ],
        [
          1.952678552186171e-08,
          1.0,
          2.095072032526346e-11,
          7.62939453125e-06
        ],
        [
          -4.0946357415805323e-10,
          -1.8573456661563625e-10,
          1.0,
          1.6999996900558472
        ],
        [
          0.0,
          0.0,
          0.0,
          1.0
        ]
      ],
      "matrix_ego_from_sensor_bevfusion": [
        [
          7.628481846211344e-09,
          1.2717488173663583e-10,
          1.0,
          1.5499955415725708
        ],
        [
          -1.0,
          2.095072032526346e-11,
          -1.952678552186171e-08,
          -7.62939453125e-06
        ],
        [
          -1.8573456661563625e-10,
          -1.0,
          -4.0946357415805323e-10,
          1.6999996900558472
        ],
        [
          0.0,
          0.0,
          0.0,
          1.0
        ]
      ],
      "camera_intrinsics": [
        [
          685.5110473632812,
          0.0,
          480.0
        ],
        [
          0.0,
          685.5110473632812,
          270.0
        ],
        [
          0.0,
          0.0,
          1.0
        ]
      ],
      "data_path": "D:\\Agent-AI\\outputs\\s3a_ml_long_v1\\sample_000042\\images\\CAM_FRONT.png",
      "raw_layout": "bgra8"
    },
    "CAM_FRONT_RIGHT": {
      "type_id": "sensor.camera.rgb",
      "blueprint_attributes": {
        "role_name": "front",
        "ros_name": "sensor.camera.rgb",
        "chromatic_aberration_offset": "0.0",
        "sensor_tick": "0.100000",
        "fstop": "1.4",
        "image_size_x": "960",
        "image_size_y": "540",
        "fov": "70.00",
        "lens_circle_falloff": "5.0",
        "lens_circle_multiplier": "0.0",
        "exposure_compensation": "0.0",
        "lens_y_size": "0.08",
        "lens_k": "-1.0",
        "exposure_mode": "histogram",
        "lens_kcube": "0.0",
        "lens_x_size": "0.08",
        "exposure_max_bright": "12.0",
        "shutter_speed": "200.0",
        "bloom_intensity": "0.675",
        "iso": "100.0",
        "enable_postprocess_effects": "false",
        "gamma": "2.2",
        "motion_blur_intensity": "0.0",
        "motion_blur_max_distortion": "0.35",
        "lens_flare_intensity": "0.1",
        "motion_blur_min_object_screen_size": "0.1",
        "exposure_min_bright": "10.0",
        "exposure_speed_up": "3.0",
        "exposure_speed_down": "1.0",
        "tint": "0.0",
        "calibration_constant": "16.0",
        "focal_distance": "1000.0",
        "min_fstop": "1.2",
        "blade_count": "5",
        "blur_amount": "0.0",
        "blur_radius": "0.0",
        "slope": "0.88",
        "toe": "0.55",
        "white_clip": "0.04",
        "shoulder": "0.26",
        "black_clip": "0.0",
        "temp": "6500.0",
        "chromatic_aberration_intensity": "0.0"
      },
      "transform_carla": {
        "location": {
          "x": 103.70613098144531,
          "y": -38.77790069580078,
          "z": 1.6838314533233643
        },
        "rotation": {
          "roll": -0.5287868976593018,
          "pitch": -0.33265751600265503,
          "yaw": -54.15822982788086
        }
      },
      "matrix_world_from_sensor_carla": [
        [
          0.585538923740387,
          0.8106339573860168,
          -0.004081808030605316,
          103.70613098144531
        ],
        [
          -0.8106235265731812,
          0.5854803919792175,
          -0.010110301896929741,
          -38.77790069580078
        ],
        [
          -0.005805936176329851,
          0.009228785522282124,
          0.9999405145645142,
          1.6838314533233643
        ],
        [
          0.0,
          0.0,
          0.0,
          1.0
        ]
      ],
      "matrix_world_from_sensor_bevfusion": [
        [
          0.8106339573860168,
          0.004081808030605316,
          0.585538923740387,
          103.70613098144531
        ],
        [
          -0.5854803919792175,
          -0.010110301896929741,
          0.8106235265731812,
          38.77790069580078
        ],
        [
          0.009228785522282124,
          -0.9999405145645142,
          -0.005805936176329851,
          1.6838314533233643
        ],
        [
          0.0,
          0.0,
          0.0,
          1.0
        ]
      ],
      "matrix_ego_from_sensor_carla": [
        [
          0.5735766887664795,
          -0.8191518783569336,
          1.5423076149545523e-08,
          1.2999988794326782
        ],
        [
          0.8191518783569336,
          0.5735765695571899,
          -7.795113532438336e-08,
          0.5500030517578125
        ],
        [
          5.4330335785834905e-08,
          5.82439945162605e-08,
          0.9999999403953552,
          1.6999996900558472
        ],
        [
          0.0,
          0.0,
          0.0,
          1.0
        ]
      ],
      "matrix_ego_from_sensor_bevfusion": [
        [
          -0.8191518783569336,
          -1.5423076149545523e-08,
          0.5735766887664795,
          1.2999988794326782
        ],
        [
          -0.5735765695571899,
          -7.795113532438336e-08,
          -0.8191518783569336,
          -0.5500030517578125
        ],
        [
          5.82439945162605e-08,
          -0.9999999403953552,
          5.4330335785834905e-08,
          1.6999996900558472
        ],
        [
          0.0,
          0.0,
          0.0,
          1.0
        ]
      ],
      "camera_intrinsics": [
        [
          685.5110473632812,
          0.0,
          480.0
        ],
        [
          0.0,
          685.5110473632812,
          270.0
        ],
        [
          0.0,
          0.0,
          1.0
        ]
      ],
      "data_path": "D:\\Agent-AI\\outputs\\s3a_ml_long_v1\\sample_000042\\images\\CAM_FRONT_RIGHT.png",
      "raw_layout": "bgra8"
    },
    "CAM_FRONT_LEFT": {
      "type_id": "sensor.camera.rgb",
      "blueprint_attributes": {
        "role_name": "front",
        "ros_name": "sensor.camera.rgb",
        "chromatic_aberration_offset": "0.0",
        "sensor_tick": "0.100000",
        "fstop": "1.4",
        "image_size_x": "960",
        "image_size_y": "540",
        "fov": "70.00",
        "lens_circle_falloff": "5.0",
        "lens_circle_multiplier": "0.0",
        "exposure_compensation": "0.0",
        "lens_y_size": "0.08",
        "lens_k": "-1.0",
        "exposure_mode": "histogram",
        "lens_kcube": "0.0",
        "lens_x_size": "0.08",
        "exposure_max_bright": "12.0",
        "shutter_speed": "200.0",
        "bloom_intensity": "0.675",
        "iso": "100.0",
        "enable_postprocess_effects": "false",
        "gamma": "2.2",
        "motion_blur_intensity": "0.0",
        "motion_blur_max_distortion": "0.35",
        "lens_flare_intensity": "0.1",
        "motion_blur_min_object_screen_size": "0.1",
        "exposure_min_bright": "10.0",
        "exposure_speed_up": "3.0",
        "exposure_speed_down": "1.0",
        "tint": "0.0",
        "calibration_constant": "16.0",
        "focal_distance": "1000.0",
        "min_fstop": "1.2",
        "blade_count": "5",
        "blur_amount": "0.0",
        "blur_radius": "0.0",
        "slope": "0.88",
        "toe": "0.55",
        "white_clip": "0.04",
        "shoulder": "0.26",
        "black_clip": "0.0",
        "temp": "6500.0",
        "chromatic_aberration_intensity": "0.0"
      },
      "transform_carla": {
        "location": {
          "x": 102.66706848144531,
          "y": -38.416873931884766,
          "z": 1.6832401752471924
        },
        "rotation": {
          "roll": 0.493466317653656,
          "pitch": -0.3831121325492859,
          "yaw": -164.161376953125
        }
      },
      "matrix_world_from_sensor_carla": [
        [
          -0.9620127081871033,
          0.2729741930961609,
          -0.0040818192064762115,
          102.66706848144531
        ],
        [
          -0.2729228138923645,
          -0.9619828462600708,
          -0.010110401548445225,
          -38.416873931884766
        ],
        [
          -0.006686518434435129,
          -0.00861231330782175,
          0.9999405741691589,
          1.6832401752471924
        ],
        [
          0.0,
          0.0,
          0.0,
          1.0
        ]
      ],
      "matrix_world_from_sensor_bevfusion": [
        [
          0.2729741930961609,
          0.0040818192064762115,
          -0.9620127081871033,
          102.66706848144531
        ],
        [
          0.9619828462600708,
          -0.010110401548445225,
          0.2729228138923645,
          38.416873931884766
        ],
        [
          -0.00861231330782175,
          -0.9999405741691589,
          -0.006686518434435129,
          1.6832401752471924
        ],
        [
          0.0,
          0.0,
          0.0,
          1.0
        ]
      ],
      "matrix_ego_from_sensor_carla": [
        [
          0.5735769867897034,
          0.819151759147644,
          1.1256285858962656e-07,
          1.299996256828308
        ],
        [
          -0.8191516995429993,
          0.5735768675804138,
          -5.568378114162442e-08,
          -0.5499954223632812
        ],
        [
          -1.1028600255258425e-07,
          -6.138749597539572e-08,
          1.0,
          1.6999995708465576
        ],
        [
          0.0,
          0.0,
          0.0,
          1.0
        ]
      ],
      "matrix_ego_from_sensor_bevfusion": [
        [
          0.819151759147644,
          -1.1256285858962656e-07,
          0.5735769867897034,
          1.299996256828308
        ],
        [
          -0.5735768675804138,
          -5.568378114162442e-08,
          0.8191516995429993,
          0.5499954223632812
        ],
        [
          -6.138749597539572e-08,
          -1.0,
          -1.1028600255258425e-07,
          1.6999995708465576
        ],
        [
          0.0,
          0.0,
          0.0,
          1.0
        ]
      ],
      "camera_intrinsics": [
        [
          685.5110473632812,
          0.0,
          480.0
        ],
        [
          0.0,
          685.5110473632812,
          270.0
        ],
        [
          0.0,
          0.0,
          1.0
        ]
      ],
      "data_path": "D:\\Agent-AI\\outputs\\s3a_ml_long_v1\\sample_000042\\images\\CAM_FRONT_LEFT.png",
      "raw_layout": "bgra8"
    },
    "CAM_BACK": {
      "type_id": "sensor.camera.rgb",
      "blueprint_attributes": {
        "role_name": "front",
        "ros_name": "sensor.camera.rgb",
        "chromatic_aberration_offset": "0.0",
        "sensor_tick": "0.100000",
        "fstop": "1.4",
        "image_size_x": "960",
        "image_size_y": "540",
        "fov": "70.00",
        "lens_circle_falloff": "5.0",
        "lens_circle_multiplier": "0.0",
        "exposure_compensation": "0.0",
        "lens_y_size": "0.08",
        "lens_k": "-1.0",
        "exposure_mode": "histogram",
        "lens_kcube": "0.0",
        "lens_x_size": "0.08",
        "exposure_max_bright": "12.0",
        "shutter_speed": "200.0",
        "bloom_intensity": "0.675",
        "iso": "100.0",
        "enable_postprocess_effects": "false",
        "gamma": "2.2",
        "motion_blur_intensity": "0.0",
        "motion_blur_max_distortion": "0.35",
        "lens_flare_intensity": "0.1",
        "motion_blur_min_object_screen_size": "0.1",
        "exposure_min_bright": "10.0",
        "exposure_speed_up": "3.0",
        "exposure_speed_down": "1.0",
        "tint": "0.0",
        "calibration_constant": "16.0",
        "focal_distance": "1000.0",
        "min_fstop": "1.2",
        "blade_count": "5",
        "blur_amount": "0.0",
        "blur_radius": "0.0",
        "slope": "0.88",
        "toe": "0.55",
        "white_clip": "0.04",
        "shoulder": "0.26",
        "black_clip": "0.0",
        "temp": "6500.0",
        "chromatic_aberration_intensity": "0.0"
      },
      "transform_carla": {
        "location": {
          "x": 104.12191009521484,
          "y": -35.90541458129883,
          "z": 1.7145723104476929
        },
        "rotation": {
          "roll": 0.03079245239496231,
          "pitch": 0.6239582300186157,
          "yaw": 70.84039306640625
        }
      },
      "matrix_world_from_sensor_carla": [
        [
          0.32818132638931274,
          -0.9446059465408325,
          -0.004081736784428358,
          104.12191009521484
        ],
        [
          0.944551944732666,
          0.32820630073547363,
          -0.010110310278832912,
          -35.90541458129883
        ],
        [
          0.010889910161495209,
          -0.0005373978056013584,
          0.9999405741691589,
          1.7145723104476929
        ],
        [
          0.0,
          0.0,
          0.0,
          1.0
        ]
      ],
      "matrix_world_from_sensor_bevfusion": [
        [
          -0.9446059465408325,
          0.004081736784428358,
          0.32818132638931274,
          104.12191009521484
        ],
        [
          -0.32820630073547363,
          -0.010110310278832912,
          -0.944551944732666,
          35.90541458129883
        ],
        [
          -0.0005373978056013584,
          -0.9999405741691589,
          0.010889910161495209,
          1.7145723104476929
        ],
        [
          0.0,
          0.0,
          0.0,
          1.0
        ]
      ],
      "matrix_ego_from_sensor_carla": [
        [
          -1.0,
          -3.75187767076568e-07,
          -1.2717488173663583e-10,
          -1.550000548362732
        ],
        [
          3.7722617207691655e-07,
          -1.0,
          -7.895291531667681e-09,
          0.0
        ],
        [
          -5.218590004574253e-10,
          -7.672074531228645e-09,
          1.0,
          1.6999999284744263
        ],
        [
          0.0,
          0.0,
          0.0,
          1.0
        ]
      ],
      "matrix_ego_from_sensor_bevfusion": [
        [
          -3.75187767076568e-07,
          1.2717488173663583e-10,
          -1.0,
          -1.550000548362732
        ],
        [
          1.0,
          -7.895291531667681e-09,
          -3.7722617207691655e-07,
          0.0
        ],
        [
          -7.672074531228645e-09,
          -1.0,
          -5.218590004574253e-10,
          1.6999999284744263
        ],
        [
          0.0,
          0.0,
          0.0,
          1.0
        ]
      ],
      "camera_intrinsics": [
        [
          685.5110473632812,
          0.0,
          480.0
        ],
        [
          0.0,
          685.5110473632812,
          270.0
        ],
        [
          0.0,
          0.0,
          1.0
        ]
      ],
      "data_path": "D:\\Agent-AI\\outputs\\s3a_ml_long_v1\\sample_000042\\images\\CAM_BACK.png",
      "raw_layout": "bgra8"
    },
    "CAM_BACK_LEFT": {
      "type_id": "sensor.camera.rgb",
      "blueprint_attributes": {
        "role_name": "front",
        "ros_name": "sensor.camera.rgb",
        "chromatic_aberration_offset": "0.0",
        "sensor_tick": "0.100000",
        "fstop": "1.4",
        "image_size_x": "960",
        "image_size_y": "540",
        "fov": "70.00",
        "lens_circle_falloff": "5.0",
        "lens_circle_multiplier": "0.0",
        "exposure_compensation": "0.0",
        "lens_y_size": "0.08",
        "lens_k": "-1.0",
        "exposure_mode": "histogram",
        "lens_kcube": "0.0",
        "lens_x_size": "0.08",
        "exposure_max_bright": "12.0",
        "shutter_speed": "200.0",
        "bloom_intensity": "0.675",
        "iso": "100.0",
        "enable_postprocess_effects": "false",
        "gamma": "2.2",
        "motion_blur_intensity": "0.0",
        "motion_blur_max_distortion": "0.35",
        "lens_flare_intensity": "0.1",
        "motion_blur_min_object_screen_size": "0.1",
        "exposure_min_bright": "10.0",
        "exposure_speed_up": "3.0",
        "exposure_speed_down": "1.0",
        "tint": "0.0",
        "calibration_constant": "16.0",
        "focal_distance": "1000.0",
        "min_fstop": "1.2",
        "blade_count": "5",
        "blur_amount": "0.0",
        "blur_radius": "0.0",
        "slope": "0.88",
        "toe": "0.55",
        "white_clip": "0.04",
        "shoulder": "0.26",
        "black_clip": "0.0",
        "temp": "6500.0",
        "chromatic_aberration_intensity": "0.0"
      },
      "transform_carla": {
        "location": {
          "x": 103.52033996582031,
          "y": -35.96104049682617,
          "z": 1.7115541696548462
        },
        "rotation": {
          "roll": 0.5287869572639465,
          "pitch": 0.33265751600265503,
          "yaw": 125.84175872802734
        }
      },
      "matrix_world_from_sensor_carla": [
        [
          -0.5855386853218079,
          -0.8106340765953064,
          -0.004081811755895615,
          103.52033996582031
        ],
        [
          0.8106236457824707,
          -0.5854801535606384,
          -0.010110301896929741,
          -35.96104049682617
        ],
        [
          0.005805936176329851,
          -0.009228786453604698,
          0.9999405145645142,
          1.7115541696548462
        ],
        [
          0.0,
          0.0,
          0.0,
          1.0
        ]
      ],
      "matrix_world_from_sensor_bevfusion": [
        [
          -0.8106340765953064,
          0.004081811755895615,
          -0.5855386853218079,
          103.52033996582031
        ],
        [
          0.5854801535606384,
          -0.010110301896929741,
          -0.8106236457824707,
          35.96104049682617
        ],
        [
          -0.009228786453604698,
          -0.9999405145645142,
          0.005805936176329851,
          1.7115541696548462
        ],
        [
          0.0,
          0.0,
          0.0,
          1.0
        ]
      ],
      "matrix_ego_from_sensor_carla": [
        [
          -0.5735768675804138,
          0.8191516995429993,
          1.728572129877648e-08,
          -1.3000001907348633
        ],
        [
          -0.819151759147644,
          -0.5735767483711243,
          -8.14435949791914e-08,
          -0.54998779296875
        ],
        [
          -5.66586422223736e-08,
          -6.10379018439744e-08,
          0.9999999403953552,
          1.6999998092651367
        ],
        [
          0.0,
          0.0,
          0.0,
          1.0
        ]
      ],
      "matrix_ego_from_sensor_bevfusion": [
        [
          0.8191516995429993,
          -1.728572129877648e-08,
          -0.5735768675804138,
          -1.3000001907348633
        ],
        [
          0.5735767483711243,
          -8.14435949791914e-08,
          0.819151759147644,
          0.54998779296875
        ],
        [
          -6.10379018439744e-08,
          -0.9999999403953552,
          -5.66586422223736e-08,
          1.6999998092651367
        ],
        [
          0.0,
          0.0,
          0.0,
          1.0
        ]
      ],
      "camera_intrinsics": [
        [
          685.5110473632812,
          0.0,
          480.0
        ],
        [
          0.0,
          685.5110473632812,
          270.0
        ],
        [
          0.0,
          0.0,
          1.0
        ]
      ],
      "data_path": "D:\\Agent-AI\\outputs\\s3a_ml_long_v1\\sample_000042\\images\\CAM_BACK_LEFT.png",
      "raw_layout": "bgra8"
    },
    "CAM_BACK_RIGHT": {
      "type_id": "sensor.camera.rgb",
      "blueprint_attributes": {
        "role_name": "front",
        "ros_name": "sensor.camera.rgb",
        "chromatic_aberration_offset": "0.0",
        "sensor_tick": "0.100000",
        "fstop": "1.4",
        "image_size_x": "960",
        "image_size_y": "540",
        "fov": "70.00",
        "lens_circle_falloff": "5.0",
        "lens_circle_multiplier": "0.0",
        "exposure_compensation": "0.0",
        "lens_y_size": "0.08",
        "lens_k": "-1.0",
        "exposure_mode": "histogram",
        "lens_kcube": "0.0",
        "lens_x_size": "0.08",
        "exposure_max_bright": "12.0",
        "shutter_speed": "200.0",
        "bloom_intensity": "0.675",
        "iso": "100.0",
        "enable_postprocess_effects": "false",
        "gamma": "2.2",
        "motion_blur_intensity": "0.0",
        "motion_blur_max_distortion": "0.35",
        "lens_flare_intensity": "0.1",
        "motion_blur_min_object_screen_size": "0.1",
        "exposure_min_bright": "10.0",
        "exposure_speed_up": "3.0",
        "exposure_speed_down": "1.0",
        "tint": "0.0",
        "calibration_constant": "16.0",
        "focal_distance": "1000.0",
        "min_fstop": "1.2",
        "blade_count": "5",
        "blur_amount": "0.0",
        "blur_radius": "0.0",
        "slope": "0.88",
        "toe": "0.55",
        "white_clip": "0.04",
        "shoulder": "0.26",
        "black_clip": "0.0",
        "temp": "6500.0",
        "chromatic_aberration_intensity": "0.0"
      },
      "transform_carla": {
        "location": {
          "x": 104.55940246582031,
          "y": -36.32206344604492,
          "z": 1.7121453285217285
        },
        "rotation": {
          "roll": -0.4934663474559784,
          "pitch": 0.3831121325492859,
          "yaw": 15.838593482971191
        }
      },
      "matrix_world_from_sensor_carla": [
        [
          0.9620128273963928,
          -0.27297359704971313,
          -0.004081824794411659,
          104.55940246582031
        ],
        [
          0.27292221784591675,
          0.9619829654693604,
          -0.010110399685800076,
          -36.32206344604492
        ],
        [
          0.006686518434435129,
          0.00861231330782175,
          0.9999405741691589,
          1.7121453285217285
        ],
        [
          0.0,
          0.0,
          0.0,
          1.0
        ]
      ],
      "matrix_world_from_sensor_bevfusion": [
        [
          -0.27297359704971313,
          0.004081824794411659,
          0.9620128273963928,
          104.55940246582031
        ],
        [
          -0.9619829654693604,
          -0.010110399685800076,
          -0.27292221784591675,
          36.32206344604492
        ],
        [
          0.00861231330782175,
          -0.9999405741691589,
          0.006686518434435129,
          1.7121453285217285
        ],
        [
          0.0,
          0.0,
          0.0,
          1.0
        ]
      ],
      "matrix_ego_from_sensor_carla": [
        [
          -0.5735764503479004,
          -0.8191520571708679,
          1.1256285858962656e-07,
          -1.3000012636184692
        ],
        [
          0.8191519975662231,
          -0.5735763311386108,
          -6.167916666299789e-08,
          0.5500106811523438
        ],
        [
          1.1540827671296938e-07,
          5.766220922964749e-08,
          1.0,
          1.6999998092651367
        ],
        [
          0.0,
          0.0,
          0.0,
          1.0
        ]
      ],
      "matrix_ego_from_sensor_bevfusion": [
        [
          -0.8191520571708679,
          -1.1256285858962656e-07,
          -0.5735764503479004,
          -1.3000012636184692
        ],
        [
          0.5735763311386108,
          -6.167916666299789e-08,
          -0.8191519975662231,
          -0.5500106811523438
        ],
        [
          5.766220922964749e-08,
          -1.0,
          1.1540827671296938e-07,
          1.6999998092651367
        ],
        [
          0.0,
          0.0,
          0.0,
          1.0
        ]
      ],
      "camera_intrinsics": [
        [
          685.5110473632812,
          0.0,
          480.0
        ],
        [
          0.0,
          685.5110473632812,
          270.0
        ],
        [
          0.0,
          0.0,
          1.0
        ]
      ],
      "data_path": "D:\\Agent-AI\\outputs\\s3a_ml_long_v1\\sample_000042\\images\\CAM_BACK_RIGHT.png",
      "raw_layout": "bgra8"
    },
    "LIDAR_TOP": {
      "type_id": "sensor.lidar.ray_cast",
      "blueprint_attributes": {
        "atmosphere_attenuation_rate": "0.004",
        "role_name": "front",
        "noise_seed": "0",
        "upper_fov": "10.0",
        "ros_name": "sensor.lidar.ray_cast",
        "sensor_tick": "0.100000",
        "channels": "32",
        "range": "120.0",
        "points_per_second": "360000",
        "lower_fov": "-30.0",
        "rotation_frequency": "10.000000",
        "horizontal_fov": "360.0",
        "dropoff_general_rate": "0.0",
        "dropoff_intensity_limit": "1.0",
        "noise_stddev": "0.0",
        "dropoff_zero_intensity": "0.0"
      },
      "transform_carla": {
        "location": {
          "x": 103.61119079589844,
          "y": -37.37452697753906,
          "z": 2.1976630687713623
        },
        "rotation": {
          "roll": -0.03079223819077015,
          "pitch": -0.6239582300186157,
          "yaw": -109.15958404541016
        }
      },
      "matrix_world_from_sensor_carla": [
        [
          -0.3281809687614441,
          0.9446060657501221,
          -0.004081729333847761,
          103.61119079589844
        ],
        [
          -0.9445520639419556,
          -0.328205943107605,
          -0.010110313072800636,
          -37.37452697753906
        ],
        [
          -0.010889910161495209,
          0.000537394022103399,
          0.9999405741691589,
          2.1976630687713623
        ],
        [
          0.0,
          0.0,
          0.0,
          1.0
        ]
      ],
      "matrix_world_from_sensor_bevfusion": [
        [
          -0.3281809687614441,
          -0.9446060657501221,
          -0.004081729333847761,
          103.61119079589844
        ],
        [
          0.9445520639419556,
          -0.328205943107605,
          0.010110313072800636,
          37.37452697753906
        ],
        [
          -0.010889910161495209,
          -0.000537394022103399,
          0.9999405741691589,
          2.1976630687713623
        ],
        [
          0.0,
          0.0,
          0.0,
          1.0
        ]
      ],
      "matrix_ego_from_sensor_carla": [
        [
          1.0,
          7.628481846211344e-09,
          -1.2717488173663583e-10,
          2.1457672119140625e-06
        ],
        [
          1.952678552186171e-08,
          1.0,
          2.095072032526346e-11,
          0.0
        ],
        [
          -4.0946357415805323e-10,
          -1.8573456661563625e-10,
          1.0,
          2.1999998092651367
        ],
        [
          0.0,
          0.0,
          0.0,
          1.0
        ]
      ],
      "matrix_ego_from_sensor_bevfusion": [
        [
          1.0,
          -7.628481846211344e-09,
          -1.2717488173663583e-10,
          2.1457672119140625e-06
        ],
        [
          -1.952678552186171e-08,
          1.0,
          -2.095072032526346e-11,
          0.0
        ],
        [
          -4.0946357415805323e-10,
          1.8573456661563625e-10,
          1.0,
          2.1999998092651367
        ],
        [
          0.0,
          0.0,
          0.0,
          1.0
        ]
      ],
      "data_path": "D:\\Agent-AI\\outputs\\s3a_ml_long_v1\\sample_000042\\lidar\\LIDAR_TOP.npy",
      "raw_layout": [
        "x",
        "y",
        "z",
        "intensity"
      ]
    },
    "RADAR_FRONT": {
      "type_id": "sensor.other.radar",
      "blueprint_attributes": {
        "sensor_tick": "0.100000",
        "role_name": "default",
        "noise_seed": "0",
        "ros_name": "sensor.other.radar",
        "horizontal_fov": "35.0",
        "points_per_second": "1500",
        "vertical_fov": "20.0",
        "range": "120.0"
      },
      "transform_carla": {
        "location": {
          "x": 102.96013641357422,
          "y": -39.250484466552734,
          "z": 0.8759603500366211
        },
        "rotation": {
          "roll": -0.03079223819077015,
          "pitch": -0.6239582300186157,
          "yaw": -109.15958404541016
        }
      },
      "matrix_world_from_sensor_carla": [
        [
          -0.3281809687614441,
          0.9446060657501221,
          -0.004081729333847761,
          102.96013641357422
        ],
        [
          -0.9445520639419556,
          -0.328205943107605,
          -0.010110313072800636,
          -39.250484466552734
        ],
        [
          -0.010889910161495209,
          0.000537394022103399,
          0.9999405741691589,
          0.8759603500366211
        ],
        [
          0.0,
          0.0,
          0.0,
          1.0
        ]
      ],
      "matrix_world_from_sensor_bevfusion": [
        [
          -0.3281809687614441,
          -0.9446060657501221,
          -0.004081729333847761,
          102.96013641357422
        ],
        [
          0.9445520639419556,
          -0.328205943107605,
          0.010110313072800636,
          39.250484466552734
        ],
        [
          -0.010889910161495209,
          -0.000537394022103399,
          0.9999405741691589,
          0.8759603500366211
        ],
        [
          0.0,
          0.0,
          0.0,
          1.0
        ]
      ],
      "matrix_ego_from_sensor_carla": [
        [
          1.0,
          7.628481846211344e-09,
          -1.2717488173663583e-10,
          1.9999960660934448
        ],
        [
          1.952678552186171e-08,
          1.0,
          2.095072032526346e-11,
          0.0
        ],
        [
          -4.0946357415805323e-10,
          -1.8573456661563625e-10,
          1.0,
          0.8999996781349182
        ],
        [
          0.0,
          0.0,
          0.0,
          1.0
        ]
      ],
      "matrix_ego_from_sensor_bevfusion": [
        [
          1.0,
          -7.628481846211344e-09,
          -1.2717488173663583e-10,
          1.9999960660934448
        ],
        [
          -1.952678552186171e-08,
          1.0,
          -2.095072032526346e-11,
          0.0
        ],
        [
          -4.0946357415805323e-10,
          1.8573456661563625e-10,
          1.0,
          0.8999996781349182
        ],
        [
          0.0,
          0.0,
          0.0,
          1.0
        ]
      ],
      "data_path": "D:\\Agent-AI\\outputs\\s3a_ml_long_v1\\sample_000042\\radar\\RADAR_FRONT.npy",
      "raw_layout": [
        "velocity",
        "altitude",
        "azimuth",
        "depth"
      ]
    },
    "RADAR_FRONT_LEFT": {
      "type_id": "sensor.other.radar",
      "blueprint_attributes": {
        "sensor_tick": "0.100000",
        "role_name": "default",
        "noise_seed": "0",
        "ros_name": "sensor.other.radar",
        "horizontal_fov": "35.0",
        "points_per_second": "1500",
        "vertical_fov": "20.0",
        "range": "120.0"
      },
      "transform_carla": {
        "location": {
          "x": 102.3665542602539,
          "y": -38.673736572265625,
          "z": 0.8793689012527466
        },
        "rotation": {
          "roll": 0.41944456100463867,
          "pitch": -0.4629775285720825,
          "yaw": -154.1614532470703
        }
      },
      "matrix_world_from_sensor_carla": [
        [
          -0.8999963998794556,
          0.4358782470226288,
          -0.004081772640347481,
          102.3665542602539
        ],
        [
          -0.435822457075119,
          -0.8999758362770081,
          -0.010110387578606606,
          -38.673736572265625
        ],
        [
          -0.008080394938588142,
          -0.007320384494960308,
          0.9999405145645142,
          0.8793689012527466
        ],
        [
          0.0,
          0.0,
          0.0,
          1.0
        ]
      ],
      "matrix_world_from_sensor_bevfusion": [
        [
          -0.8999963998794556,
          -0.4358782470226288,
          -0.004081772640347481,
          102.3665542602539
        ],
        [
          0.435822457075119,
          -0.8999758362770081,
          0.010110387578606606,
          38.673736572265625
        ],
        [
          -0.008080394938588142,
          0.007320384494960308,
          0.9999405145645142,
          0.8793689012527466
        ],
        [
          0.0,
          0.0,
          0.0,
          1.0
        ]
      ],
      "matrix_ego_from_sensor_carla": [
        [
          0.7071067094802856,
          0.7071068286895752,
          8.527226924570641e-08,
          1.6499956846237183
        ],
        [
          -0.7071068286895752,
          0.7071066498756409,
          -1.6309225969735053e-08,
          -0.7499923706054688
        ],
        [
          -7.067715301900535e-08,
          -4.976280010282608e-08,
          0.9999999403953552,
          0.899999737739563
        ],
        [
          0.0,
          0.0,
          0.0,
          1.0
        ]
      ],
      "matrix_ego_from_sensor_bevfusion": [
        [
          0.7071067094802856,
          -0.7071068286895752,
          8.527226924570641e-08,
          1.6499956846237183
        ],
        [
          0.7071068286895752,
          0.7071066498756409,
          1.6309225969735053e-08,
          0.7499923706054688
        ],
        [
          -7.067715301900535e-08,
          4.976280010282608e-08,
          0.9999999403953552,
          0.899999737739563
        ],
        [
          0.0,
          0.0,
          0.0,
          1.0
        ]
      ],
      "data_path": "D:\\Agent-AI\\outputs\\s3a_ml_long_v1\\sample_000042\\radar\\RADAR_FRONT_LEFT.npy",
      "raw_layout": [
        "velocity",
        "altitude",
        "azimuth",
        "depth"
      ]
    },
    "RADAR_FRONT_RIGHT": {
      "type_id": "sensor.other.radar",
      "blueprint_attributes": {
        "sensor_tick": "0.100000",
        "role_name": "default",
        "noise_seed": "0",
        "ros_name": "sensor.other.radar",
