{
  "schema_version": "stage1.v1",
  "sample_name": "sample_000035",
  "sequence_index": 35,
  "previous_sample_name": "sample_000034",
  "frame_id": 3955,
  "timestamp": 42.631086599081755,
  "platform_timestamp": 16816497.7339579,
  "delta_seconds": 0.10000000149011612,
  "town": "Carla/Maps/Town10HD_Opt",
  "weather": {
    "cloudiness": 20.0,
    "dust_storm": 0.0,
    "fog_density": 2.0,
    "fog_distance": 0.75,
    "fog_falloff": 0.10000000149011612,
    "mie_scattering_scale": 0.029999999329447746,
    "precipitation": 0.0,
    "precipitation_deposits": 0.0,
    "rayleigh_scattering_scale": 0.03310000151395798,
    "scattering_intensity": 1.0,
    "sun_altitude_angle": 45.0,
    "sun_azimuth_angle": 300.0,
    "wetness": 0.0,
    "wind_intensity": 10.0
  },
  "sensor_names": [
    "CAM_FRONT",
    "CAM_FRONT_RIGHT",
    "CAM_FRONT_LEFT",
    "CAM_BACK",
    "CAM_BACK_LEFT",
    "CAM_BACK_RIGHT",
    "LIDAR_TOP",
    "RADAR_FRONT",
    "RADAR_FRONT_LEFT",
    "RADAR_FRONT_RIGHT",
    "RADAR_BACK_LEFT",
    "RADAR_BACK_RIGHT"
  ],
  "camera_order_for_model": [
    "CAM_FRONT",
    "CAM_FRONT_RIGHT",
    "CAM_FRONT_LEFT",
    "CAM_BACK",
    "CAM_BACK_LEFT",
    "CAM_BACK_RIGHT"
  ],
  "radar_order_for_model": [
    "RADAR_FRONT",
    "RADAR_FRONT_LEFT",
    "RADAR_FRONT_RIGHT",
    "RADAR_BACK_LEFT",
    "RADAR_BACK_RIGHT"
  ],
  "coordinate_notes": {
    "carla_world": "left-handed x-forward y-right z-up",
    "bevfusion_lidar": "x-forward y-left z-up",
    "camera_frame_for_model": "OpenCV style x-right y-down z-forward"
  },
  "ego": {
    "actor_id": 24,
    "transform_carla": {
      "location": {
        "x": 107.72272491455078,
        "y": -36.16212463378906,
        "z": -0.004311713855713606
      },
      "rotation": {
        "roll": 0.026608888059854507,
        "pitch": -0.05093954876065254,
        "yaw": -106.3282241821289
      }
    },
    "velocity_carla": [
      -0.8499325513839722,
      -2.727094888687134,
      2.7151107133249752e-05
    ],
    "angular_velocity_carla": [
      0.947451114654541,
      -0.33847182989120483,
      -1.8230254650115967
    ],
    "matrix_world_from_ego_carla": [
      [
        -0.2811393737792969,
        0.959666907787323,
        0.00019573085592128336,
        107.72272491455078
      ],
      [
        -0.9596664905548096,
        -0.281139075756073,
        -0.000983768724836409,
        -36.16212463378906
      ],
      [
        -0.0008890627068467438,
        -0.00046441247104667127,
        0.999999463558197,
        -0.004311713855713606
      ],
      [
        0.0,
        0.0,
        0.0,
        1.0
      ]
    ],
    "matrix_world_from_ego_bevfusion": [
      [
        -0.2811393737792969,
        -0.959666907787323,
        0.00019573085592128336,
        107.72272491455078
      ],
      [
        0.9596664905548096,
        -0.281139075756073,
        0.000983768724836409,
        36.16212463378906
      ],
      [
        -0.0008890627068467438,
        0.00046441247104667127,
        0.999999463558197,
        -0.004311713855713606
      ],
      [
        0.0,
        0.0,
        0.0,
        1.0
      ]
    ]
  },
  "sensors": {
    "CAM_FRONT": {
      "type_id": "sensor.camera.rgb",
      "blueprint_attributes": {
        "role_name": "front",
        "ros_name": "sensor.camera.rgb",
        "chromatic_aberration_offset": "0.0",
        "sensor_tick": "0.100000",
        "fstop": "1.4",
        "image_size_x": "960",
        "image_size_y": "540",
        "fov": "70.00",
        "lens_circle_falloff": "5.0",
        "lens_circle_multiplier": "0.0",
        "exposure_compensation": "0.0",
        "lens_y_size": "0.08",
        "lens_k": "-1.0",
        "exposure_mode": "histogram",
        "lens_kcube": "0.0",
        "lens_x_size": "0.08",
        "exposure_max_bright": "12.0",
        "shutter_speed": "200.0",
        "bloom_intensity": "0.675",
        "iso": "100.0",
        "enable_postprocess_effects": "false",
        "gamma": "2.2",
        "motion_blur_intensity": "0.0",
        "motion_blur_max_distortion": "0.35",
        "lens_flare_intensity": "0.1",
        "motion_blur_min_object_screen_size": "0.1",
        "exposure_min_bright": "10.0",
        "exposure_speed_up": "3.0",
        "exposure_speed_down": "1.0",
        "tint": "0.0",
        "calibration_constant": "16.0",
        "focal_distance": "1000.0",
        "min_fstop": "1.2",
        "blade_count": "5",
        "blur_amount": "0.0",
        "blur_radius": "0.0",
        "slope": "0.88",
        "toe": "0.55",
        "white_clip": "0.04",
        "shoulder": "0.26",
        "black_clip": "0.0",
        "temp": "6500.0",
        "chromatic_aberration_intensity": "0.0"
      },
      "transform_carla": {
        "location": {
          "x": 107.28729248046875,
          "y": -37.65127944946289,
          "z": 1.6943097114562988
        },
        "rotation": {
          "roll": 0.026608888059854507,
          "pitch": -0.05093954876065254,
          "yaw": -106.3282241821289
        }
      },
      "matrix_world_from_sensor_carla": [
        [
          -0.2811393737792969,
          0.959666907787323,
          0.00019573085592128336,
          107.28729248046875
        ],
        [
          -0.9596664905548096,
          -0.281139075756073,
          -0.000983768724836409,
          -37.65127944946289
        ],
        [
          -0.0008890627068467438,
          -0.00046441247104667127,
          0.999999463558197,
          1.6943097114562988
        ],
        [
          0.0,
          0.0,
          0.0,
          1.0
        ]
      ],
      "matrix_world_from_sensor_bevfusion": [
        [
          0.959666907787323,
          -0.00019573085592128336,
          -0.2811393737792969,
          107.28729248046875
        ],
        [
          0.281139075756073,
          -0.000983768724836409,
          0.9596664905548096,
          37.65127944946289
        ],
        [
          -0.00046441247104667127,
          -0.999999463558197,
          -0.0008890627068467438,
          1.6943097114562988
        ],
        [
          0.0,
          0.0,
          0.0,
          1.0
        ]
      ],
      "matrix_ego_from_sensor_carla": [
        [
          0.9999999403953552,
          -6.3195391142301105e-09,
          1.1269145339110054e-11,
          1.5499987602233887
        ],
        [
          6.725597856416243e-09,
          1.0,
          1.6299635252625677e-11,
          0.0
        ],
        [
          -4.172315271055993e-11,
          -1.1381520725883831e-11,
          1.0,
          1.7000004053115845
        ],
        [
          0.0,
          0.0,
          0.0,
          1.0
        ]
      ],
      "matrix_ego_from_sensor_bevfusion": [
        [
          -6.3195391142301105e-09,
          -1.1269145339110054e-11,
          0.9999999403953552,
          1.5499987602233887
        ],
        [
          -1.0,
          1.6299635252625677e-11,
          -6.725597856416243e-09,
          0.0
        ],
        [
          -1.1381520725883831e-11,
          -1.0,
          -4.172315271055993e-11,
          1.7000004053115845
        ],
        [
          0.0,
          0.0,
          0.0,
          1.0
        ]
      ],
      "camera_intrinsics": [
        [
          685.5110473632812,
          0.0,
          480.0
        ],
        [
          0.0,
          685.5110473632812,
          270.0
        ],
        [
          0.0,
          0.0,
          1.0
        ]
      ],
      "data_path": "D:\\Agent-AI\\outputs\\s3a_left_v3\\sample_000035\\images\\CAM_FRONT.png",
      "raw_layout": "bgra8"
    },
    "CAM_FRONT_RIGHT": {
      "type_id": "sensor.camera.rgb",
      "blueprint_attributes": {
        "role_name": "front",
        "ros_name": "sensor.camera.rgb",
        "chromatic_aberration_offset": "0.0",
        "sensor_tick": "0.100000",
        "fstop": "1.4",
        "image_size_x": "960",
        "image_size_y": "540",
        "fov": "70.00",
        "lens_circle_falloff": "5.0",
        "lens_circle_multiplier": "0.0",
        "exposure_compensation": "0.0",
        "lens_y_size": "0.08",
        "lens_k": "-1.0",
        "exposure_mode": "histogram",
        "lens_kcube": "0.0",
        "lens_x_size": "0.08",
        "exposure_max_bright": "12.0",
        "shutter_speed": "200.0",
        "bloom_intensity": "0.675",
        "iso": "100.0",
        "enable_postprocess_effects": "false",
        "gamma": "2.2",
        "motion_blur_intensity": "0.0",
        "motion_blur_max_distortion": "0.35",
        "lens_flare_intensity": "0.1",
        "motion_blur_min_object_screen_size": "0.1",
        "exposure_min_bright": "10.0",
        "exposure_speed_up": "3.0",
        "exposure_speed_down": "1.0",
        "tint": "0.0",
        "calibration_constant": "16.0",
        "focal_distance": "1000.0",
        "min_fstop": "1.2",
        "blade_count": "5",
        "blur_amount": "0.0",
        "blur_radius": "0.0",
        "slope": "0.88",
        "toe": "0.55",
        "white_clip": "0.04",
        "shoulder": "0.26",
        "black_clip": "0.0",
        "temp": "6500.0",
        "chromatic_aberration_intensity": "0.0"
      },
      "transform_carla": {
        "location": {
          "x": 107.88539123535156,
          "y": -37.56599044799805,
          "z": 1.6942763328552246
        },
        "rotation": {
          "roll": -0.026460321620106697,
          "pitch": -0.05100784823298454,
          "yaw": -51.328216552734375
        }
      },
      "matrix_world_from_sensor_carla": [
        [
          0.624858021736145,
          0.780738353729248,
          0.00019572270684875548,
          107.88539123535156
        ],
        [
          -0.7807379364967346,
          0.6248579025268555,
          -0.0009836277458816767,
          -37.56599044799805
        ],
        [
          -0.0008902547997422516,
          0.00046181949437595904,
          0.999999463558197,
          1.6942763328552246
        ],
        [
          0.0,
          0.0,
          0.0,
          1.0
        ]
      ],
      "matrix_world_from_sensor_bevfusion": [
        [
          0.780738353729248,
          -0.00019572270684875548,
          0.624858021736145,
          107.88539123535156
        ],
        [
          -0.6248579025268555,
          -0.0009836277458816767,
          0.7807379364967346,
          37.56599044799805
        ],
        [
          0.00046181949437595904,
          -0.999999463558197,
          -0.0008902547997422516,
          1.6942763328552246
        ],
        [
          0.0,
          0.0,
          0.0,
          1.0
        ]
      ],
      "matrix_ego_from_sensor_carla": [
        [
          0.5735766291618347,
          -0.8191519379615784,
          -1.3299323597948387e-07,
          1.3000001907348633
        ],
        [
          0.8191519975662231,
          0.5735765695571899,
          -4.7452047624574334e-08,
          0.5500030517578125
        ],
        [
          1.1515180631249677e-07,
          -8.179824817489134e-08,
          1.0,
          1.7000001668930054
        ],
        [
          0.0,
          0.0,
          0.0,
          1.0
        ]
      ],
      "matrix_ego_from_sensor_bevfusion": [
        [
          -0.8191519379615784,
          1.3299323597948387e-07,
          0.5735766291618347,
          1.3000001907348633
        ],
        [
          -0.5735765695571899,
          -4.7452047624574334e-08,
          -0.8191519975662231,
          -0.5500030517578125
        ],
        [
          -8.179824817489134e-08,
          -1.0,
          1.1515180631249677e-07,
          1.7000001668930054
        ],
        [
          0.0,
          0.0,
          0.0,
          1.0
        ]
      ],
      "camera_intrinsics": [
        [
          685.5110473632812,
          0.0,
          480.0
        ],
        [
          0.0,
          685.5110473632812,
          270.0
        ],
        [
          0.0,
          0.0,
          1.0
        ]
      ],
      "data_path": "D:\\Agent-AI\\outputs\\s3a_left_v3\\sample_000035\\images\\CAM_FRONT_RIGHT.png",
      "raw_layout": "bgra8"
    },
    "CAM_FRONT_LEFT": {
      "type_id": "sensor.camera.rgb",
      "blueprint_attributes": {
        "role_name": "front",
        "ros_name": "sensor.camera.rgb",
        "chromatic_aberration_offset": "0.0",
        "sensor_tick": "0.100000",
        "fstop": "1.4",
        "image_size_x": "960",
        "image_size_y": "540",
        "fov": "70.00",
        "lens_circle_falloff": "5.0",
        "lens_circle_multiplier": "0.0",
        "exposure_compensation": "0.0",
        "lens_y_size": "0.08",
        "lens_k": "-1.0",
        "exposure_mode": "histogram",
        "lens_kcube": "0.0",
        "lens_x_size": "0.08",
        "exposure_max_bright": "12.0",
        "shutter_speed": "200.0",
        "bloom_intensity": "0.675",
        "iso": "100.0",
        "enable_postprocess_effects": "false",
        "gamma": "2.2",
        "motion_blur_intensity": "0.0",
        "motion_blur_max_distortion": "0.35",
        "lens_flare_intensity": "0.1",
        "motion_blur_min_object_screen_size": "0.1",
        "exposure_min_bright": "10.0",
        "exposure_speed_up": "3.0",
        "exposure_speed_down": "1.0",
        "tint": "0.0",
        "calibration_constant": "16.0",
        "focal_distance": "1000.0",
        "min_fstop": "1.2",
        "blade_count": "5",
        "blur_amount": "0.0",
        "blur_radius": "0.0",
        "slope": "0.88",
        "toe": "0.55",
        "white_clip": "0.04",
        "shoulder": "0.26",
        "black_clip": "0.0",
        "temp": "6500.0",
        "chromatic_aberration_intensity": "0.0"
      },
      "transform_carla": {
        "location": {
          "x": 106.82975006103516,
          "y": -37.256736755371094,
          "z": 1.6947871446609497
        },
        "rotation": {
          "roll": 0.05698477104306221,
          "pitch": -0.007417585235089064,
          "yaw": -161.32818603515625
        }
      },
      "matrix_world_from_sensor_carla": [
        [
          -0.9473678469657898,
          0.3201470375061035,
          0.0001957618078449741,
          106.82975006103516
        ],
        [
          -0.3201470673084259,
          -0.9473673105239868,
          -0.000983671867288649,
          -37.256736755371094
        ],
        [
          -0.00012946128845214844,
          -0.0009945717174559832,
          0.9999995231628418,
          1.6947871446609497
        ],
        [
          0.0,
          0.0,
          0.0,
          1.0
        ]
      ],
      "matrix_world_from_sensor_bevfusion": [
        [
          0.3201470375061035,
          -0.0001957618078449741,
          -0.9473678469657898,
          106.82975006103516
        ],
        [
          0.9473673105239868,
          -0.000983671867288649,
          0.3201470673084259,
          37.256736755371094
        ],
        [
          -0.0009945717174559832,
          -0.9999995231628418,
          -0.00012946128845214844,
          1.6947871446609497
        ],
        [
          0.0,
          0.0,
          0.0,
          1.0
        ]
      ],
      "matrix_ego_from_sensor_carla": [
        [
          0.5735769867897034,
          0.8191516399383545,
          -1.017305066852714e-07,
          1.3000025749206543
        ],
        [
          -0.8191516995429993,
          0.5735769867897034,
          2.4624440264631176e-09,
          -0.5500030517578125
        ],
        [
          6.033576482877834e-08,
          8.173214638418358e-08,
          1.0,
          1.7000000476837158
        ],
        [
          0.0,
          0.0,
          0.0,
          1.0
        ]
      ],
      "matrix_ego_from_sensor_bevfusion": [
        [
          0.8191516399383545,
          1.017305066852714e-07,
          0.5735769867897034,
          1.3000025749206543
        ],
        [
          -0.5735769867897034,
          2.4624440264631176e-09,
          0.8191516995429993,
          0.5500030517578125
        ],
        [
          8.173214638418358e-08,
          -1.0,
          6.033576482877834e-08,
          1.7000000476837158
        ],
        [
          0.0,
          0.0,
          0.0,
          1.0
        ]
      ],
      "camera_intrinsics": [
        [
          685.5110473632812,
          0.0,
          480.0
        ],
        [
          0.0,
          685.5110473632812,
          270.0
        ],
        [
          0.0,
          0.0,
          1.0
        ]
      ],
      "data_path": "D:\\Agent-AI\\outputs\\s3a_left_v3\\sample_000035\\images\\CAM_FRONT_LEFT.png",
      "raw_layout": "bgra8"
    },
    "CAM_BACK": {
      "type_id": "sensor.camera.rgb",
      "blueprint_attributes": {
        "role_name": "front",
        "ros_name": "sensor.camera.rgb",
        "chromatic_aberration_offset": "0.0",
        "sensor_tick": "0.100000",
        "fstop": "1.4",
        "image_size_x": "960",
        "image_size_y": "540",
        "fov": "70.00",
        "lens_circle_falloff": "5.0",
        "lens_circle_multiplier": "0.0",
        "exposure_compensation": "0.0",
        "lens_y_size": "0.08",
        "lens_k": "-1.0",
        "exposure_mode": "histogram",
        "lens_kcube": "0.0",
        "lens_x_size": "0.08",
        "exposure_max_bright": "12.0",
        "shutter_speed": "200.0",
        "bloom_intensity": "0.675",
        "iso": "100.0",
        "enable_postprocess_effects": "false",
        "gamma": "2.2",
        "motion_blur_intensity": "0.0",
        "motion_blur_max_distortion": "0.35",
        "lens_flare_intensity": "0.1",
        "motion_blur_min_object_screen_size": "0.1",
        "exposure_min_bright": "10.0",
        "exposure_speed_up": "3.0",
        "exposure_speed_down": "1.0",
        "tint": "0.0",
        "calibration_constant": "16.0",
        "focal_distance": "1000.0",
        "min_fstop": "1.2",
        "blade_count": "5",
        "blur_amount": "0.0",
        "blur_radius": "0.0",
        "slope": "0.88",
        "toe": "0.55",
        "white_clip": "0.04",
        "shoulder": "0.26",
        "black_clip": "0.0",
        "temp": "6500.0",
        "chromatic_aberration_intensity": "0.0"
      },
      "transform_carla": {
        "location": {
          "x": 108.1588134765625,
          "y": -34.67631530761719,
          "z": 1.6970652341842651
        },
        "rotation": {
          "roll": -0.026608867570757866,
          "pitch": 0.05093954876065254,
          "yaw": 73.67176818847656
        }
      },
      "matrix_world_from_sensor_carla": [
        [
          0.2811395227909088,
          -0.9596668481826782,
          0.0001957303611561656,
          108.1588134765625
        ],
        [
          0.9596664309501648,
          0.28113922476768494,
          -0.0009837686084210873,
          -34.67631530761719
        ],
        [
          0.0008890627068467438,
          0.0004644121218007058,
          0.999999463558197,
          1.6970652341842651
        ],
        [
          0.0,
          0.0,
          0.0,
          1.0
        ]
      ],
      "matrix_world_from_sensor_bevfusion": [
        [
          -0.9596668481826782,
          -0.0001957303611561656,
          0.2811395227909088,
          108.1588134765625
        ],
        [
          -0.28113922476768494,
          -0.0009837686084210873,
          -0.9596664309501648,
          34.67631530761719
        ],
        [
          0.0004644121218007058,
          -0.999999463558197,
          0.0008890627068467438,
          1.6970652341842651
        ],
        [
          0.0,
          0.0,
          0.0,
          1.0
        ]
      ],
      "matrix_ego_from_sensor_carla": [
        [
          -0.9999999403953552,
          -1.664839146542363e-07,
          1.1269145339110054e-11,
          -1.549994945526123
        ],
        [
          1.5904322481219424e-07,
          -1.0,
          -4.784654894507412e-10,
          0.0
        ],
        [
          1.5813847453749474e-10,
          -4.833834443829232e-10,
          1.0,
          1.6999998092651367
        ],
        [
          0.0,
          0.0,
          0.0,
          1.0
        ]
      ],
      "matrix_ego_from_sensor_bevfusion": [
        [
          -1.664839146542363e-07,
          -1.1269145339110054e-11,
          -0.9999999403953552,
          -1.549994945526123
        ],
        [
          1.0,
          -4.784654894507412e-10,
          -1.5904322481219424e-07,
          0.0
        ],
        [
          -4.833834443829232e-10,
          -1.0,
          1.5813847453749474e-10,
          1.6999998092651367
        ],
        [
          0.0,
          0.0,
          0.0,
          1.0
        ]
      ],
      "camera_intrinsics": [
        [
          685.5110473632812,
          0.0,
          480.0
        ],
        [
          0.0,
          685.5110473632812,
          270.0
        ],
        [
          0.0,
          0.0,
          1.0
        ]
      ],
      "data_path": "D:\\Agent-AI\\outputs\\s3a_left_v3\\sample_000035\\images\\CAM_BACK.png",
      "raw_layout": "bgra8"
    },
    "CAM_BACK_LEFT": {
      "type_id": "sensor.camera.rgb",
      "blueprint_attributes": {
        "role_name": "front",
        "ros_name": "sensor.camera.rgb",
        "chromatic_aberration_offset": "0.0",
        "sensor_tick": "0.100000",
        "fstop": "1.4",
        "image_size_x": "960",
        "image_size_y": "540",
        "fov": "70.00",
        "lens_circle_falloff": "5.0",
        "lens_circle_multiplier": "0.0",
        "exposure_compensation": "0.0",
        "lens_y_size": "0.08",
        "lens_k": "-1.0",
        "exposure_mode": "histogram",
        "lens_kcube": "0.0",
        "lens_x_size": "0.08",
        "exposure_max_bright": "12.0",
        "shutter_speed": "200.0",
        "bloom_intensity": "0.675",
        "iso": "100.0",
        "enable_postprocess_effects": "false",
        "gamma": "2.2",
        "motion_blur_intensity": "0.0",
        "motion_blur_max_distortion": "0.35",
        "lens_flare_intensity": "0.1",
        "motion_blur_min_object_screen_size": "0.1",
        "exposure_min_bright": "10.0",
        "exposure_speed_up": "3.0",
        "exposure_speed_down": "1.0",
        "tint": "0.0",
        "calibration_constant": "16.0",
        "focal_distance": "1000.0",
        "min_fstop": "1.2",
        "blade_count": "5",
        "blur_amount": "0.0",
        "blur_radius": "0.0",
        "slope": "0.88",
        "toe": "0.55",
        "white_clip": "0.04",
        "shoulder": "0.26",
        "black_clip": "0.0",
        "temp": "6500.0",
        "chromatic_aberration_intensity": "0.0"
      },
      "transform_carla": {
        "location": {
          "x": 107.56072235107422,
          "y": -34.76160430908203,
          "z": 1.6970984935760498
        },
        "rotation": {
          "roll": 0.02646033465862274,
          "pitch": 0.05100784823298454,
          "yaw": 128.67178344726562
        }
      },
      "matrix_world_from_sensor_carla": [
        [
          -0.6248580813407898,
          -0.7807382941246033,
          0.00019572259043343365,
          107.56072235107422
        ],
        [
          0.7807378768920898,
          -0.6248579621315002,
          -0.0009836278622969985,
          -34.76160430908203
        ],
        [
          0.0008902547997422516,
          -0.0004618197272066027,
          0.999999463558197,
          1.6970984935760498
        ],
        [
          0.0,
          0.0,
          0.0,
          1.0
        ]
      ],
      "matrix_world_from_sensor_bevfusion": [
        [
          -0.7807382941246033,
          -0.00019572259043343365,
          -0.6248580813407898,
          107.56072235107422
        ],
        [
          0.6248579621315002,
          -0.0009836278622969985,
          -0.7807378768920898,
          34.76160430908203
        ],
        [
          -0.0004618197272066027,
          -0.999999463558197,
          0.0008902547997422516,
          1.6970984935760498
        ],
        [
          0.0,
          0.0,
          0.0,
          1.0
        ]
      ],
      "matrix_ego_from_sensor_carla": [
        [
          -0.5735765695571899,
          0.8191519975662231,
          -1.3287682065765694e-07,
          -1.2999999523162842
        ],
        [
          -0.8191520571708679,
          -0.5735765099525452,
          -4.75102552854878e-08,
          -0.5499954223632812
        ],
        [
          -1.1515180631249677e-07,
          8.165272902260767e-08,
          1.0,
          1.6999999284744263
        ],
        [
          0.0,
          0.0,
          0.0,
          1.0
        ]
      ],
      "matrix_ego_from_sensor_bevfusion": [
        [
          0.8191519975662231,
          1.3287682065765694e-07,
          -0.5735765695571899,
          -1.2999999523162842
        ],
        [
          0.5735765099525452,
          -4.75102552854878e-08,
          0.8191520571708679,
          0.5499954223632812
        ],
        [
          8.165272902260767e-08,
          -1.0,
          -1.1515180631249677e-07,
          1.6999999284744263
        ],
        [
          0.0,
          0.0,
          0.0,
          1.0
        ]
      ],
      "camera_intrinsics": [
        [
          685.5110473632812,
          0.0,
          480.0
        ],
        [
          0.0,
          685.5110473632812,
          270.0
        ],
        [
          0.0,
          0.0,
          1.0
        ]
      ],
      "data_path": "D:\\Agent-AI\\outputs\\s3a_left_v3\\sample_000035\\images\\CAM_BACK_LEFT.png",
      "raw_layout": "bgra8"
    },
    "CAM_BACK_RIGHT": {
      "type_id": "sensor.camera.rgb",
      "blueprint_attributes": {
        "role_name": "front",
        "ros_name": "sensor.camera.rgb",
        "chromatic_aberration_offset": "0.0",
        "sensor_tick": "0.100000",
        "fstop": "1.4",
        "image_size_x": "960",
        "image_size_y": "540",
        "fov": "70.00",
        "lens_circle_falloff": "5.0",
        "lens_circle_multiplier": "0.0",
        "exposure_compensation": "0.0",
        "lens_y_size": "0.08",
        "lens_k": "-1.0",
        "exposure_mode": "histogram",
        "lens_kcube": "0.0",
        "lens_x_size": "0.08",
        "exposure_max_bright": "12.0",
        "shutter_speed": "200.0",
        "bloom_intensity": "0.675",
        "iso": "100.0",
        "enable_postprocess_effects": "false",
        "gamma": "2.2",
        "motion_blur_intensity": "0.0",
        "motion_blur_max_distortion": "0.35",
        "lens_flare_intensity": "0.1",
        "motion_blur_min_object_screen_size": "0.1",
        "exposure_min_bright": "10.0",
        "exposure_speed_up": "3.0",
        "exposure_speed_down": "1.0",
        "tint": "0.0",
        "calibration_constant": "16.0",
        "focal_distance": "1000.0",
        "min_fstop": "1.2",
        "blade_count": "5",
        "blur_amount": "0.0",
        "blur_radius": "0.0",
        "slope": "0.88",
        "toe": "0.55",
        "white_clip": "0.04",
        "shoulder": "0.26",
        "black_clip": "0.0",
        "temp": "6500.0",
        "chromatic_aberration_intensity": "0.0"
      },
      "transform_carla": {
        "location": {
          "x": 108.6163558959961,
          "y": -35.070858001708984,
          "z": 1.6965878009796143
        },
        "rotation": {
          "roll": -0.05698477849364281,
          "pitch": 0.007417585235089064,
          "yaw": 18.671785354614258
        }
      },
      "matrix_world_from_sensor_carla": [
        [
          0.9473680257797241,
          -0.32014647126197815,
          0.00019576125487219542,
          108.6163558959961
        ],
        [
          0.32014650106430054,
          0.9473674893379211,
          -0.0009836721001192927,
          -35.070858001708984
        ],
        [
          0.00012946128845214844,
          0.000994571833871305,
          0.9999995231628418,
          1.6965878009796143
        ],
        [
          0.0,
          0.0,
          0.0,
          1.0
        ]
      ],
      "matrix_world_from_sensor_bevfusion": [
        [
          -0.32014647126197815,
          -0.00019576125487219542,
          0.9473680257797241,
          108.6163558959961
        ],
        [
          -0.9473674893379211,
          -0.0009836721001192927,
          -0.32014650106430054,
          35.070858001708984
        ],
        [
          0.000994571833871305,
          -0.9999995231628418,
          0.00012946128845214844,
          1.6965878009796143
        ],
        [
          0.0,
          0.0,
          0.0,
          1.0
        ]
      ],
      "matrix_ego_from_sensor_carla": [
        [
          -0.5735765099525452,
          -0.8191519975662231,
          -1.0132305305887712e-07,
          -1.2999987602233887
        ],
        [
          0.8191520571708679,
          -0.5735765099525452,
          1.9967827391553783e-09,
          0.5500030517578125
        ],
        [
          -5.97391363044153e-08,
          -8.173214638418358e-08,
          1.0,
          1.7000000476837158
        ],
        [
          0.0,
          0.0,
          0.0,
          1.0
        ]
      ],
      "matrix_ego_from_sensor_bevfusion": [
        [
          -0.8191519975662231,
          1.0132305305887712e-07,
          -0.5735765099525452,
          -1.2999987602233887
        ],
        [
          0.5735765099525452,
          1.9967827391553783e-09,
          -0.8191520571708679,
          -0.5500030517578125
        ],
        [
          -8.173214638418358e-08,
          -1.0,
          -5.97391363044153e-08,
          1.7000000476837158
        ],
        [
          0.0,
          0.0,
          0.0,
          1.0
        ]
      ],
      "camera_intrinsics": [
        [
          685.5110473632812,
          0.0,
          480.0
        ],
        [
          0.0,
          685.5110473632812,
          270.0
        ],
        [
          0.0,
          0.0,
          1.0
        ]
      ],
      "data_path": "D:\\Agent-AI\\outputs\\s3a_left_v3\\sample_000035\\images\\CAM_BACK_RIGHT.png",
      "raw_layout": "bgra8"
    },
    "LIDAR_TOP": {
      "type_id": "sensor.lidar.ray_cast",
      "blueprint_attributes": {
        "atmosphere_attenuation_rate": "0.004",
        "role_name": "front",
        "noise_seed": "0",
        "upper_fov": "10.0",
        "ros_name": "sensor.lidar.ray_cast",
        "sensor_tick": "0.100000",
        "channels": "32",
        "range": "120.0",
        "points_per_second": "360000",
        "lower_fov": "-30.0",
        "rotation_frequency": "10.000000",
        "horizontal_fov": "360.0",
        "dropoff_general_rate": "0.0",
        "dropoff_intensity_limit": "1.0",
        "noise_stddev": "0.0",
        "dropoff_zero_intensity": "0.0"
      },
      "transform_carla": {
        "location": {
          "x": 107.72315216064453,
          "y": -36.16428756713867,
          "z": 2.1956872940063477
        },
        "rotation": {
          "roll": 0.026608888059854507,
          "pitch": -0.05093954876065254,
          "yaw": -106.3282241821289
        }
      },
      "matrix_world_from_sensor_carla": [
        [
          -0.2811393737792969,
          0.959666907787323,
          0.00019573085592128336,
          107.72315216064453
        ],
        [
          -0.9596664905548096,
          -0.281139075756073,
          -0.000983768724836409,
          -36.16428756713867
        ],
        [
          -0.0008890627068467438,
          -0.00046441247104667127,
          0.999999463558197,
          2.1956872940063477
        ],
        [
          0.0,
          0.0,
          0.0,
          1.0
        ]
      ],
      "matrix_world_from_sensor_bevfusion": [
        [
          -0.2811393737792969,
          -0.959666907787323,
          0.00019573085592128336,
          107.72315216064453
        ],
        [
          0.9596664905548096,
          -0.281139075756073,
          0.000983768724836409,
          36.16428756713867
        ],
        [
          -0.0008890627068467438,
          0.00046441247104667127,
          0.999999463558197,
          2.1956872940063477
        ],
        [
          0.0,
          0.0,
          0.0,
          1.0
        ]
      ],
      "matrix_ego_from_sensor_carla": [
        [
          0.9999999403953552,
          -6.3195391142301105e-09,
          1.1269145339110054e-11,
          -9.5367431640625e-07
        ],
        [
          6.725597856416243e-09,
          1.0,
          1.6299635252625677e-11,
          0.0
        ],
        [
          -4.172315271055993e-11,
          -1.1381520725883831e-11,
          1.0,
          2.200000047683716
        ],
        [
          0.0,
          0.0,
          0.0,
          1.0
        ]
      ],
      "matrix_ego_from_sensor_bevfusion": [
        [
          0.9999999403953552,
          6.3195391142301105e-09,
          1.1269145339110054e-11,
          -9.5367431640625e-07
        ],
        [
          -6.725597856416243e-09,
          1.0,
          -1.6299635252625677e-11,
          0.0
        ],
        [
          -4.172315271055993e-11,
          1.1381520725883831e-11,
          1.0,
          2.200000047683716
        ],
        [
          0.0,
          0.0,
          0.0,
          1.0
        ]
      ],
      "data_path": "D:\\Agent-AI\\outputs\\s3a_left_v3\\sample_000035\\lidar\\LIDAR_TOP.npy",
      "raw_layout": [
        "x",
        "y",
        "z",
        "intensity"
      ]
    },
    "RADAR_FRONT": {
      "type_id": "sensor.other.radar",
      "blueprint_attributes": {
        "sensor_tick": "0.100000",
        "role_name": "default",
        "noise_seed": "0",
        "ros_name": "sensor.other.radar",
        "horizontal_fov": "35.0",
        "points_per_second": "1500",
        "vertical_fov": "20.0",
        "range": "120.0"
      },
      "transform_carla": {
        "location": {
          "x": 107.1606216430664,
          "y": -38.08234405517578,
          "z": 0.8939098715782166
        },
        "rotation": {
          "roll": 0.026608888059854507,
          "pitch": -0.05093954876065254,
          "yaw": -106.3282241821289
        }
      },
      "matrix_world_from_sensor_carla": [
        [
          -0.2811393737792969,
          0.959666907787323,
          0.00019573085592128336,
          107.1606216430664
        ],
        [
          -0.9596664905548096,
          -0.281139075756073,
          -0.000983768724836409,
          -38.08234405517578
        ],
        [
          -0.0008890627068467438,
          -0.00046441247104667127,
          0.999999463558197,
          0.8939098715782166
        ],
        [
          0.0,
          0.0,
          0.0,
          1.0
        ]
      ],
      "matrix_world_from_sensor_bevfusion": [
        [
          -0.2811393737792969,
          -0.959666907787323,
          0.00019573085592128336,
          107.1606216430664
        ],
        [
          0.9596664905548096,
          -0.281139075756073,
          0.000983768724836409,
          38.08234405517578
        ],
        [
          -0.0008890627068467438,
          0.00046441247104667127,
          0.999999463558197,
          0.8939098715782166
        ],
        [
          0.0,
          0.0,
          0.0,
          1.0
        ]
      ],
      "matrix_ego_from_sensor_carla": [
        [
          0.9999999403953552,
          -6.3195391142301105e-09,
          1.1269145339110054e-11,
          2.0000009536743164
        ],
        [
          6.725597856416243e-09,
          1.0,
          1.6299635252625677e-11,
          7.62939453125e-06
        ],
        [
          -4.172315271055993e-11,
          -1.1381520725883831e-11,
          1.0,
          0.9000001549720764
        ],
        [
          0.0,
          0.0,
          0.0,
          1.0
        ]
      ],
      "matrix_ego_from_sensor_bevfusion": [
        [
          0.9999999403953552,
          6.3195391142301105e-09,
          1.1269145339110054e-11,
          2.0000009536743164
        ],
        [
          -6.725597856416243e-09,
          1.0,
          -1.6299635252625677e-11,
          -7.62939453125e-06
        ],
        [
          -4.172315271055993e-11,
          1.1381520725883831e-11,
          1.0,
          0.9000001549720764
        ],
        [
          0.0,
          0.0,
          0.0,
          1.0
        ]
      ],
      "data_path": "D:\\Agent-AI\\outputs\\s3a_left_v3\\sample_000035\\radar\\RADAR_FRONT.npy",
      "raw_layout": [
        "velocity",
        "altitude",
        "azimuth",
        "depth"
      ]
    },
    "RADAR_FRONT_LEFT": {
      "type_id": "sensor.other.radar",
      "blueprint_attributes": {
        "sensor_tick": "0.100000",
        "role_name": "default",
        "noise_seed": "0",
        "ros_name": "sensor.other.radar",
        "horizontal_fov": "35.0",
        "points_per_second": "1500",
        "vertical_fov": "20.0",
        "range": "120.0"
      },
      "transform_carla": {
        "location": {
          "x": 106.53926849365234,
          "y": -37.535606384277344,
          "z": 0.8945693969726562
        },
        "rotation": {
          "roll": 0.05483097955584526,
          "pitch": -0.017198415473103523,
          "yaw": -151.32821655273438
        }
      },
      "matrix_world_from_sensor_carla": [
        [
          -0.8773824572563171,
          0.4797915816307068,
          0.00019578851060941815,
          106.53926849365234
        ],
        [
          -0.4797915518283844,
          -0.8773819804191589,
          -0.0009836568497121334,
          -37.535606384277344
        ],
        [
          -0.00030016896198503673,
          -0.0009569808607921004,
          0.999999463558197,
          0.8945693969726562
        ],
        [
          0.0,
          0.0,
          0.0,
          1.0
        ]
      ],
      "matrix_world_from_sensor_bevfusion": [
        [
          -0.8773824572563171,
          -0.4797915816307068,
          0.00019578851060941815,
          106.53926849365234
        ],
        [
          0.4797915518283844,
          -0.8773819804191589,
          0.0009836568497121334,
          37.535606384277344
        ],
        [
          -0.00030016896198503673,
          0.0009569808607921004,
          0.999999463558197,
          0.8945693969726562
        ],
        [
          0.0,
          0.0,
          0.0,
          1.0
        ]
      ],
      "matrix_ego_from_sensor_carla": [
        [
          0.70710688829422,
          0.7071066498756409,
          -1.2356359491150215e-07,
          1.650001049041748
        ],
        [
          -0.7071066498756409,
          0.70710688829422,
          2.3881440824879974e-08,
          -0.7499923706054688
        ],
        [
          1.0430574093334144e-07,
          7.053834849557461e-08,
          1.0,
          0.9000002145767212
        ],
        [
          0.0,
          0.0,
          0.0,
          1.0
        ]
      ],
      "matrix_ego_from_sensor_bevfusion": [
        [
          0.70710688829422,
          -0.7071066498756409,
          -1.2356359491150215e-07,
          1.650001049041748
        ],
        [
          0.7071066498756409,
          0.70710688829422,
          -2.3881440824879974e-08,
          0.7499923706054688
        ],
        [
          1.0430574093334144e-07,
          -7.053834849557461e-08,
          1.0,
          0.9000002145767212
        ],
        [
          0.0,
          0.0,
          0.0,
          1.0
        ]
      ],
      "data_path": "D:\\Agent-AI\\outputs\\s3a_left_v3\\sample_000035\\radar\\RADAR_FRONT_LEFT.npy",
      "raw_layout": [
        "velocity",
        "altitude",
        "azimuth",
        "depth"
      ]
    },
    "RADAR_FRONT_RIGHT": {
      "type_id": "sensor.other.radar",
      "blueprint_attributes": {
        "sensor_tick": "0.100000",
