{
  "schema_version": "stage1.v1",
  "sample_name": "sample_000023",
  "sequence_index": 23,
  "previous_sample_name": "sample_000022",
  "frame_id": 3943,
  "timestamp": 41.43108658120036,
  "platform_timestamp": 16816491.8066713,
  "delta_seconds": 0.10000000149011612,
  "town": "Carla/Maps/Town10HD_Opt",
  "weather": {
    "cloudiness": 20.0,
    "dust_storm": 0.0,
    "fog_density": 2.0,
    "fog_distance": 0.75,
    "fog_falloff": 0.10000000149011612,
    "mie_scattering_scale": 0.029999999329447746,
    "precipitation": 0.0,
    "precipitation_deposits": 0.0,
    "rayleigh_scattering_scale": 0.03310000151395798,
    "scattering_intensity": 1.0,
    "sun_altitude_angle": 45.0,
    "sun_azimuth_angle": 300.0,
    "wetness": 0.0,
    "wind_intensity": 10.0
  },
  "sensor_names": [
    "CAM_FRONT",
    "CAM_FRONT_RIGHT",
    "CAM_FRONT_LEFT",
    "CAM_BACK",
    "CAM_BACK_LEFT",
    "CAM_BACK_RIGHT",
    "LIDAR_TOP",
    "RADAR_FRONT",
    "RADAR_FRONT_LEFT",
    "RADAR_FRONT_RIGHT",
    "RADAR_BACK_LEFT",
    "RADAR_BACK_RIGHT"
  ],
  "camera_order_for_model": [
    "CAM_FRONT",
    "CAM_FRONT_RIGHT",
    "CAM_FRONT_LEFT",
    "CAM_BACK",
    "CAM_BACK_LEFT",
    "CAM_BACK_RIGHT"
  ],
  "radar_order_for_model": [
    "RADAR_FRONT",
    "RADAR_FRONT_LEFT",
    "RADAR_FRONT_RIGHT",
    "RADAR_BACK_LEFT",
    "RADAR_BACK_RIGHT"
  ],
  "coordinate_notes": {
    "carla_world": "left-handed x-forward y-right z-up",
    "bevfusion_lidar": "x-forward y-left z-up",
    "camera_frame_for_model": "OpenCV style x-right y-down z-forward"
  },
  "ego": {
    "actor_id": 24,
    "transform_carla": {
      "location": {
        "x": 108.47492218017578,
        "y": -33.62619400024414,
        "z": 0.0022580719087272882
      },
      "rotation": {
        "roll": 0.1444278359413147,
        "pitch": -1.8545533418655396,
        "yaw": -103.4000473022461
      }
    },
    "velocity_carla": [
      -0.0019708501640707254,
      0.0035413294099271297,
      -0.0008076477097347379
    ],
    "angular_velocity_carla": [
      -1.0777703523635864,
      -0.09977445006370544,
      0.000950347981415689
    ],
    "matrix_world_from_ego_carla": [
      [
        -0.23162733018398285,
        0.9727914929389954,
        -0.005047809798270464,
        108.47492218017578
      ],
      [
        -0.9722661375999451,
        -0.231668621301651,
        -0.03206544369459152,
        -33.62619400024414
      ],
      [
        -0.03236240893602371,
        -0.002519418252632022,
        0.9994730353355408,
        0.0022580719087272882
      ],
      [
        0.0,
        0.0,
        0.0,
        1.0
      ]
    ],
    "matrix_world_from_ego_bevfusion": [
      [
        -0.23162733018398285,
        -0.9727914929389954,
        -0.005047809798270464,
        108.47492218017578
      ],
      [
        0.9722661375999451,
        -0.231668621301651,
        0.03206544369459152,
        33.62619400024414
      ],
      [
        -0.03236240893602371,
        0.002519418252632022,
        0.9994730353355408,
        0.0022580719087272882
      ],
      [
        0.0,
        0.0,
        0.0,
        1.0
      ]
    ]
  },
  "sensors": {
    "CAM_FRONT": {
      "type_id": "sensor.camera.rgb",
      "blueprint_attributes": {
        "role_name": "front",
        "ros_name": "sensor.camera.rgb",
        "chromatic_aberration_offset": "0.0",
        "sensor_tick": "0.100000",
        "fstop": "1.4",
        "image_size_x": "960",
        "image_size_y": "540",
        "fov": "70.00",
        "lens_circle_falloff": "5.0",
        "lens_circle_multiplier": "0.0",
        "exposure_compensation": "0.0",
        "lens_y_size": "0.08",
        "lens_k": "-1.0",
        "exposure_mode": "histogram",
        "lens_kcube": "0.0",
        "lens_x_size": "0.08",
        "exposure_max_bright": "12.0",
        "shutter_speed": "200.0",
        "bloom_intensity": "0.675",
        "iso": "100.0",
        "enable_postprocess_effects": "false",
        "gamma": "2.2",
        "motion_blur_intensity": "0.0",
        "motion_blur_max_distortion": "0.35",
        "lens_flare_intensity": "0.1",
        "motion_blur_min_object_screen_size": "0.1",
        "exposure_min_bright": "10.0",
        "exposure_speed_up": "3.0",
        "exposure_speed_down": "1.0",
        "tint": "0.0",
        "calibration_constant": "16.0",
        "focal_distance": "1000.0",
        "min_fstop": "1.2",
        "blade_count": "5",
        "blur_amount": "0.0",
        "blur_radius": "0.0",
        "slope": "0.88",
        "toe": "0.55",
        "white_clip": "0.04",
        "shoulder": "0.26",
        "black_clip": "0.0",
        "temp": "6500.0",
        "chromatic_aberration_intensity": "0.0"
      },
      "transform_carla": {
        "location": {
          "x": 108.10731506347656,
          "y": -35.18771743774414,
          "z": 1.651200532913208
        },
        "rotation": {
          "roll": 0.1444278359413147,
          "pitch": -1.8545533418655396,
          "yaw": -103.4000473022461
        }
      },
      "matrix_world_from_sensor_carla": [
        [
          -0.23162733018398285,
          0.9727914929389954,
          -0.005047809798270464,
          108.10731506347656
        ],
        [
          -0.9722661375999451,
          -0.231668621301651,
          -0.03206544369459152,
          -35.18771743774414
        ],
        [
          -0.03236240893602371,
          -0.002519418252632022,
          0.9994730353355408,
          1.651200532913208
        ],
        [
          0.0,
          0.0,
          0.0,
          1.0
        ]
      ],
      "matrix_world_from_sensor_bevfusion": [
        [
          0.9727914929389954,
          0.005047809798270464,
          -0.23162733018398285,
          108.10731506347656
        ],
        [
          0.231668621301651,
          -0.03206544369459152,
          0.9722661375999451,
          35.18771743774414
        ],
        [
          -0.002519418252632022,
          -0.9994730353355408,
          -0.03236240893602371,
          1.651200532913208
        ],
        [
          0.0,
          0.0,
          0.0,
          1.0
        ]
      ],
      "matrix_ego_from_sensor_carla": [
        [
          1.0,
          -2.592976500181976e-09,
          -5.330202945685869e-10,
          1.5499987602233887
        ],
        [
          1.1900990415369961e-08,
          0.9999999403953552,
          5.098479971543668e-10,
          0.0
        ],
        [
          -5.330202945685869e-10,
          2.768946738562761e-10,
          1.0,
          1.7000000476837158
        ],
        [
          0.0,
          0.0,
          0.0,
          1.0
        ]
      ],
      "matrix_ego_from_sensor_bevfusion": [
        [
          -2.592976500181976e-09,
          5.330202945685869e-10,
          1.0,
          1.5499987602233887
        ],
        [
          -0.9999999403953552,
          5.098479971543668e-10,
          -1.1900990415369961e-08,
          0.0
        ],
        [
          2.768946738562761e-10,
          -1.0,
          -5.330202945685869e-10,
          1.7000000476837158
        ],
        [
          0.0,
          0.0,
          0.0,
          1.0
        ]
      ],
      "camera_intrinsics": [
        [
          685.5110473632812,
          0.0,
          480.0
        ],
        [
          0.0,
          685.5110473632812,
          270.0
        ],
        [
          0.0,
          0.0,
          1.0
        ]
      ],
      "data_path": "D:\\Agent-AI\\outputs\\s3a_left_v3\\sample_000023\\images\\CAM_FRONT.png",
      "raw_layout": "bgra8"
    },
    "CAM_FRONT_RIGHT": {
      "type_id": "sensor.camera.rgb",
      "blueprint_attributes": {
        "role_name": "front",
        "ros_name": "sensor.camera.rgb",
        "chromatic_aberration_offset": "0.0",
        "sensor_tick": "0.100000",
        "fstop": "1.4",
        "image_size_x": "960",
        "image_size_y": "540",
        "fov": "70.00",
        "lens_circle_falloff": "5.0",
        "lens_circle_multiplier": "0.0",
        "exposure_compensation": "0.0",
        "lens_y_size": "0.08",
        "lens_k": "-1.0",
        "exposure_mode": "histogram",
        "lens_kcube": "0.0",
        "lens_x_size": "0.08",
        "exposure_max_bright": "12.0",
        "shutter_speed": "200.0",
        "bloom_intensity": "0.675",
        "iso": "100.0",
        "enable_postprocess_effects": "false",
        "gamma": "2.2",
        "motion_blur_intensity": "0.0",
        "motion_blur_max_distortion": "0.35",
        "lens_flare_intensity": "0.1",
        "motion_blur_min_object_screen_size": "0.1",
        "exposure_min_bright": "10.0",
        "exposure_speed_up": "3.0",
        "exposure_speed_down": "1.0",
        "tint": "0.0",
        "calibration_constant": "16.0",
        "focal_distance": "1000.0",
        "min_fstop": "1.2",
        "blade_count": "5",
        "blur_amount": "0.0",
        "blur_radius": "0.0",
        "slope": "0.88",
        "toe": "0.55",
        "white_clip": "0.04",
        "shoulder": "0.26",
        "black_clip": "0.0",
        "temp": "6500.0",
        "chromatic_aberration_intensity": "0.0"
      },
      "transform_carla": {
        "location": {
          "x": 108.70026397705078,
          "y": -35.07207107543945,
          "z": 1.6579052209854126
        },
        "rotation": {
          "roll": -1.436555027961731,
          "pitch": -1.181868553161621,
          "yaw": -48.38287353515625
        }
      },
      "matrix_world_from_sensor_carla": [
        [
          0.6640084385871887,
          0.7477080821990967,
          -0.005047844722867012,
          108.70026397705078
        ],
        [
          -0.7474405765533447,
          0.6635543704032898,
          -0.03206539526581764,
          -35.07207107543945
        ],
        [
          -0.02062603458762169,
          0.025064656510949135,
          0.9994730353355408,
          1.6579052209854126
        ],
        [
          0.0,
          0.0,
          0.0,
          1.0
        ]
      ],
      "matrix_world_from_sensor_bevfusion": [
        [
          0.7477080821990967,
          0.005047844722867012,
          0.6640084385871887,
          108.70026397705078
        ],
        [
          -0.6635543704032898,
          -0.03206539526581764,
          0.7474405765533447,
          35.07207107543945
        ],
        [
          0.025064656510949135,
          -0.9994730353355408,
          -0.02062603458762169,
          1.6579052209854126
        ],
        [
          0.0,
          0.0,
          0.0,
          1.0
        ]
      ],
      "matrix_ego_from_sensor_carla": [
        [
          0.5735761523246765,
          -0.8191522359848022,
          -3.778592372327694e-08,
          1.3000006675720215
        ],
        [
          0.8191522359848022,
          0.5735762119293213,
          -4.465929848151973e-08,
          0.5500030517578125
        ],
        [
          6.026159127259234e-08,
          -5.759490218082419e-09,
          1.0,
          1.7000000476837158
        ],
        [
          0.0,
          0.0,
          0.0,
          1.0
        ]
      ],
      "matrix_ego_from_sensor_bevfusion": [
        [
          -0.8191522359848022,
          3.778592372327694e-08,
          0.5735761523246765,
          1.3000006675720215
        ],
        [
          -0.5735762119293213,
          -4.465929848151973e-08,
          -0.8191522359848022,
          -0.5500030517578125
        ],
        [
          -5.759490218082419e-09,
          -1.0,
          6.026159127259234e-08,
          1.7000000476837158
        ],
        [
          0.0,
          0.0,
          0.0,
          1.0
        ]
      ],
      "camera_intrinsics": [
        [
          685.5110473632812,
          0.0,
          480.0
        ],
        [
          0.0,
          685.5110473632812,
          270.0
        ],
        [
          0.0,
          0.0,
          1.0
        ]
      ],
      "data_path": "D:\\Agent-AI\\outputs\\s3a_left_v3\\sample_000023\\images\\CAM_FRONT_RIGHT.png",
      "raw_layout": "bgra8"
    },
    "CAM_FRONT_LEFT": {
      "type_id": "sensor.camera.rgb",
      "blueprint_attributes": {
        "role_name": "front",
        "ros_name": "sensor.camera.rgb",
        "chromatic_aberration_offset": "0.0",
        "sensor_tick": "0.100000",
        "fstop": "1.4",
        "image_size_x": "960",
        "image_size_y": "540",
        "fov": "70.00",
        "lens_circle_falloff": "5.0",
        "lens_circle_multiplier": "0.0",
        "exposure_compensation": "0.0",
        "lens_y_size": "0.08",
        "lens_k": "-1.0",
        "exposure_mode": "histogram",
        "lens_kcube": "0.0",
        "lens_x_size": "0.08",
        "exposure_max_bright": "12.0",
        "shutter_speed": "200.0",
        "bloom_intensity": "0.675",
        "iso": "100.0",
        "enable_postprocess_effects": "false",
        "gamma": "2.2",
        "motion_blur_intensity": "0.0",
        "motion_blur_max_distortion": "0.35",
        "lens_flare_intensity": "0.1",
        "motion_blur_min_object_screen_size": "0.1",
        "exposure_min_bright": "10.0",
        "exposure_speed_up": "3.0",
        "exposure_speed_down": "1.0",
        "tint": "0.0",
        "calibration_constant": "16.0",
        "focal_distance": "1000.0",
        "min_fstop": "1.2",
        "blade_count": "5",
        "blur_amount": "0.0",
        "blur_radius": "0.0",
        "slope": "0.88",
        "toe": "0.55",
        "white_clip": "0.04",
        "shoulder": "0.26",
        "black_clip": "0.0",
        "temp": "6500.0",
        "chromatic_aberration_intensity": "0.0"
      },
      "transform_carla": {
        "location": {
          "x": 107.63018035888672,
          "y": -34.81723403930664,
          "z": 1.6606768369674683
        },
        "rotation": {
          "roll": 1.60211980342865,
          "pitch": -0.9453322887420654,
          "yaw": -158.41091918945312
        }
      },
      "matrix_world_from_sensor_carla": [
        [
          -0.9297200441360474,
          0.3682323396205902,
          -0.005047697573900223,
          107.63018035888672
        ],
        [
          -0.3678971827030182,
          -0.9293134212493896,
          -0.03206540271639824,
          -34.81723403930664
        ],
        [
          -0.016498412936925888,
          -0.027954816818237305,
          0.999472975730896,
          1.6606768369674683
        ],
        [
          0.0,
          0.0,
          0.0,
          1.0
        ]
      ],
      "matrix_world_from_sensor_bevfusion": [
        [
          0.3682323396205902,
          0.005047697573900223,
          -0.9297200441360474,
          107.63018035888672
        ],
        [
          0.9293134212493896,
          -0.03206540271639824,
          0.3678971827030182,
          34.81723403930664
        ],
        [
          -0.027954816818237305,
          -0.999472975730896,
          -0.016498412936925888,
          1.6606768369674683
        ],
        [
          0.0,
          0.0,
          0.0,
          1.0
        ]
      ],
      "matrix_ego_from_sensor_carla": [
        [
          0.5735765099525452,
          0.8191519975662231,
          -6.193400281517825e-08,
          1.300001621246338
        ],
        [
          -0.8191519975662231,
          0.5735765099525452,
          1.0007870088202253e-07,
          -0.5500106811523438
        ],
        [
          1.1659972187771928e-07,
          -6.047756073712662e-09,
          0.9999999403953552,
          1.7000000476837158
        ],
        [
          0.0,
          0.0,
          0.0,
          1.0
        ]
      ],
      "matrix_ego_from_sensor_bevfusion": [
        [
          0.8191519975662231,
          6.193400281517825e-08,
          0.5735765099525452,
          1.300001621246338
        ],
        [
          -0.5735765099525452,
          1.0007870088202253e-07,
          0.8191519975662231,
          0.5500106811523438
        ],
        [
          -6.047756073712662e-09,
          -0.9999999403953552,
          1.1659972187771928e-07,
          1.7000000476837158
        ],
        [
          0.0,
          0.0,
          0.0,
          1.0
        ]
      ],
      "camera_intrinsics": [
        [
          685.5110473632812,
          0.0,
          480.0
        ],
        [
          0.0,
          685.5110473632812,
          270.0
        ],
        [
          0.0,
          0.0,
          1.0
        ]
      ],
      "data_path": "D:\\Agent-AI\\outputs\\s3a_left_v3\\sample_000023\\images\\CAM_FRONT_LEFT.png",
      "raw_layout": "bgra8"
    },
    "CAM_BACK": {
      "type_id": "sensor.camera.rgb",
      "blueprint_attributes": {
        "role_name": "front",
        "ros_name": "sensor.camera.rgb",
        "chromatic_aberration_offset": "0.0",
        "sensor_tick": "0.100000",
        "fstop": "1.4",
        "image_size_x": "960",
        "image_size_y": "540",
        "fov": "70.00",
        "lens_circle_falloff": "5.0",
        "lens_circle_multiplier": "0.0",
        "exposure_compensation": "0.0",
        "lens_y_size": "0.08",
        "lens_k": "-1.0",
        "exposure_mode": "histogram",
        "lens_kcube": "0.0",
        "lens_x_size": "0.08",
        "exposure_max_bright": "12.0",
        "shutter_speed": "200.0",
        "bloom_intensity": "0.675",
        "iso": "100.0",
        "enable_postprocess_effects": "false",
        "gamma": "2.2",
        "motion_blur_intensity": "0.0",
        "motion_blur_max_distortion": "0.35",
        "lens_flare_intensity": "0.1",
        "motion_blur_min_object_screen_size": "0.1",
        "exposure_min_bright": "10.0",
        "exposure_speed_up": "3.0",
        "exposure_speed_down": "1.0",
        "tint": "0.0",
        "calibration_constant": "16.0",
        "focal_distance": "1000.0",
        "min_fstop": "1.2",
        "blade_count": "5",
        "blur_amount": "0.0",
        "blur_radius": "0.0",
        "slope": "0.88",
        "toe": "0.55",
        "white_clip": "0.04",
        "shoulder": "0.26",
        "black_clip": "0.0",
        "temp": "6500.0",
        "chromatic_aberration_intensity": "0.0"
      },
      "transform_carla": {
        "location": {
          "x": 108.82535552978516,
          "y": -32.1736946105957,
          "z": 1.7515239715576172
        },
        "rotation": {
          "roll": -0.14442725479602814,
          "pitch": 1.8545533418655396,
          "yaw": 76.59996795654297
        }
      },
      "matrix_world_from_sensor_carla": [
        [
          0.23162701725959778,
          -0.9727915525436401,
          -0.005047809332609177,
          108.82535552978516
        ],
        [
          0.9722661972045898,
          0.23166832327842712,
          -0.032065439969301224,
          -32.1736946105957
        ],
        [
          0.03236240893602371,
          0.002519408240914345,
          0.9994730353355408,
          1.7515239715576172
        ],
        [
          0.0,
          0.0,
          0.0,
          1.0
        ]
      ],
      "matrix_world_from_sensor_bevfusion": [
        [
          -0.9727915525436401,
          0.005047809332609177,
          0.23162701725959778,
          108.82535552978516
        ],
        [
          -0.23166832327842712,
          -0.032065439969301224,
          -0.9722661972045898,
          32.1736946105957
        ],
        [
          0.002519408240914345,
          -0.9994730353355408,
          0.03236240893602371,
          1.7515239715576172
        ],
        [
          0.0,
          0.0,
          0.0,
          1.0
        ]
      ],
      "matrix_ego_from_sensor_carla": [
        [
          -0.9999999403953552,
          3.0757587410334963e-07,
          -4.258310593030501e-09,
          -1.5499968528747559
        ],
        [
          -3.237339853967569e-07,
          -0.9999999403953552,
          4.4186709846627537e-11,
          -7.62939453125e-06
        ],
        [
          5.330202945685869e-10,
          -2.716188385321061e-10,
          1.0,
          1.700000286102295
        ],
        [
          0.0,
          0.0,
          0.0,
          1.0
        ]
      ],
      "matrix_ego_from_sensor_bevfusion": [
        [
          3.0757587410334963e-07,
          4.258310593030501e-09,
          -0.9999999403953552,
          -1.5499968528747559
        ],
        [
          0.9999999403953552,
          4.4186709846627537e-11,
          3.237339853967569e-07,
          7.62939453125e-06
        ],
        [
          -2.716188385321061e-10,
          -1.0,
          5.330202945685869e-10,
          1.700000286102295
        ],
        [
          0.0,
          0.0,
          0.0,
          1.0
        ]
      ],
      "camera_intrinsics": [
        [
          685.5110473632812,
          0.0,
          480.0
        ],
        [
          0.0,
          685.5110473632812,
          270.0
        ],
        [
          0.0,
          0.0,
          1.0
        ]
      ],
      "data_path": "D:\\Agent-AI\\outputs\\s3a_left_v3\\sample_000023\\images\\CAM_BACK.png",
      "raw_layout": "bgra8"
    },
    "CAM_BACK_LEFT": {
      "type_id": "sensor.camera.rgb",
      "blueprint_attributes": {
        "role_name": "front",
        "ros_name": "sensor.camera.rgb",
        "chromatic_aberration_offset": "0.0",
        "sensor_tick": "0.100000",
        "fstop": "1.4",
        "image_size_x": "960",
        "image_size_y": "540",
        "fov": "70.00",
        "lens_circle_falloff": "5.0",
        "lens_circle_multiplier": "0.0",
        "exposure_compensation": "0.0",
        "lens_y_size": "0.08",
        "lens_k": "-1.0",
        "exposure_mode": "histogram",
        "lens_kcube": "0.0",
        "lens_x_size": "0.08",
        "exposure_max_bright": "12.0",
        "shutter_speed": "200.0",
        "bloom_intensity": "0.675",
        "iso": "100.0",
        "enable_postprocess_effects": "false",
        "gamma": "2.2",
        "motion_blur_intensity": "0.0",
        "motion_blur_max_distortion": "0.35",
        "lens_flare_intensity": "0.1",
        "motion_blur_min_object_screen_size": "0.1",
        "exposure_min_bright": "10.0",
        "exposure_speed_up": "3.0",
        "exposure_speed_down": "1.0",
        "tint": "0.0",
        "calibration_constant": "16.0",
        "focal_distance": "1000.0",
        "min_fstop": "1.2",
        "blade_count": "5",
        "blur_amount": "0.0",
        "blur_radius": "0.0",
        "slope": "0.88",
        "toe": "0.55",
        "white_clip": "0.04",
        "shoulder": "0.26",
        "black_clip": "0.0",
        "temp": "6500.0",
        "chromatic_aberration_intensity": "0.0"
      },
      "transform_carla": {
        "location": {
          "x": 108.232421875,
          "y": -32.28934097290039,
          "z": 1.7448190450668335
        },
        "rotation": {
          "roll": 1.436555027961731,
          "pitch": 1.181868553161621,
          "yaw": 131.6171417236328
        }
      },
      "matrix_world_from_sensor_carla": [
        [
          -0.6640086770057678,
          -0.7477079033851624,
          -0.005047835409641266,
          108.232421875
        ],
        [
          0.7474403977394104,
          -0.6635546088218689,
          -0.03206539526581764,
          -32.28934097290039
        ],
        [
          0.02062603458762169,
          -0.025064656510949135,
          0.9994730353355408,
          1.7448190450668335
        ],
        [
          0.0,
          0.0,
          0.0,
          1.0
        ]
      ],
      "matrix_world_from_sensor_bevfusion": [
        [
          -0.7477079033851624,
          0.005047835409641266,
          -0.6640086770057678,
          108.232421875
        ],
        [
          0.6635546088218689,
          -0.03206539526581764,
          -0.7474403977394104,
          32.28934097290039
        ],
        [
          -0.025064656510949135,
          -0.9994730353355408,
          0.02062603458762169,
          1.7448190450668335
        ],
        [
          0.0,
          0.0,
          0.0,
          1.0
        ]
      ],
      "matrix_ego_from_sensor_carla": [
        [
          -0.5735759139060974,
          0.8191524147987366,
          -4.151121402173885e-08,
          -1.3000025749206543
        ],
        [
          -0.8191524744033813,
          -0.5735759735107422,
          -3.581173402267268e-08,
          -0.5499954223632812
        ],
        [
          -5.281101422838219e-08,
          1.13474261098645e-08,
          1.0,
          1.7000000476837158
        ],
        [
          0.0,
          0.0,
          0.0,
          1.0
        ]
      ],
      "matrix_ego_from_sensor_bevfusion": [
        [
          0.8191524147987366,
          4.151121402173885e-08,
          -0.5735759139060974,
          -1.3000025749206543
        ],
        [
          0.5735759735107422,
          -3.581173402267268e-08,
          0.8191524744033813,
          0.5499954223632812
        ],
        [
          1.13474261098645e-08,
          -1.0,
          -5.281101422838219e-08,
          1.7000000476837158
        ],
        [
          0.0,
          0.0,
          0.0,
          1.0
        ]
      ],
      "camera_intrinsics": [
        [
          685.5110473632812,
          0.0,
          480.0
        ],
        [
          0.0,
          685.5110473632812,
          270.0
        ],
        [
          0.0,
          0.0,
          1.0
        ]
      ],
      "data_path": "D:\\Agent-AI\\outputs\\s3a_left_v3\\sample_000023\\images\\CAM_BACK_LEFT.png",
      "raw_layout": "bgra8"
    },
    "CAM_BACK_RIGHT": {
      "type_id": "sensor.camera.rgb",
      "blueprint_attributes": {
        "role_name": "front",
        "ros_name": "sensor.camera.rgb",
        "chromatic_aberration_offset": "0.0",
        "sensor_tick": "0.100000",
        "fstop": "1.4",
        "image_size_x": "960",
        "image_size_y": "540",
        "fov": "70.00",
        "lens_circle_falloff": "5.0",
        "lens_circle_multiplier": "0.0",
        "exposure_compensation": "0.0",
        "lens_y_size": "0.08",
        "lens_k": "-1.0",
        "exposure_mode": "histogram",
        "lens_kcube": "0.0",
        "lens_x_size": "0.08",
        "exposure_max_bright": "12.0",
        "shutter_speed": "200.0",
        "bloom_intensity": "0.675",
        "iso": "100.0",
        "enable_postprocess_effects": "false",
        "gamma": "2.2",
        "motion_blur_intensity": "0.0",
        "motion_blur_max_distortion": "0.35",
        "lens_flare_intensity": "0.1",
        "motion_blur_min_object_screen_size": "0.1",
        "exposure_min_bright": "10.0",
        "exposure_speed_up": "3.0",
        "exposure_speed_down": "1.0",
        "tint": "0.0",
        "calibration_constant": "16.0",
        "focal_distance": "1000.0",
        "min_fstop": "1.2",
        "blade_count": "5",
        "blur_amount": "0.0",
        "blur_radius": "0.0",
        "slope": "0.88",
        "toe": "0.55",
        "white_clip": "0.04",
        "shoulder": "0.26",
        "black_clip": "0.0",
        "temp": "6500.0",
        "chromatic_aberration_intensity": "0.0"
      },
      "transform_carla": {
        "location": {
          "x": 109.302490234375,
          "y": -32.5441780090332,
          "z": 1.742047667503357
        },
        "rotation": {
          "roll": -1.6021196842193604,
          "pitch": 0.9453322887420654,
          "yaw": 21.589075088500977
        }
      },
      "matrix_world_from_sensor_carla": [
        [
          0.9297200441360474,
          -0.3682323098182678,
          -0.005047698505222797,
          109.302490234375
        ],
        [
          0.3678971529006958,
          0.9293134212493896,
          -0.03206540271639824,
          -32.5441780090332
        ],
        [
          0.016498412936925888,
          0.027954814955592155,
          0.999472975730896,
          1.742047667503357
        ],
        [
          0.0,
          0.0,
          0.0,
          1.0
        ]
      ],
      "matrix_world_from_sensor_bevfusion": [
        [
          -0.3682323098182678,
          0.005047698505222797,
          0.9297200441360474,
          109.302490234375
        ],
        [
          -0.9293134212493896,
          -0.03206540271639824,
          -0.3678971529006958,
          32.5441780090332
        ],
        [
          0.027954814955592155,
          -0.999472975730896,
          0.016498412936925888,
          1.742047667503357
        ],
        [
          0.0,
          0.0,
          0.0,
          1.0
        ]
      ],
      "matrix_ego_from_sensor_carla": [
        [
          -0.5735764503479004,
          -0.8191519975662231,
          -6.193400281517825e-08,
          -1.299999713897705
        ],
        [
          0.8191519975662231,
          -0.5735764503479004,
          9.914737830740705e-08,
          0.5499954223632812
        ],
        [
          -1.1659972187771928e-07,
          2.323447212404517e-09,
          0.9999999403953552,
          1.7000000476837158
        ],
        [
          0.0,
          0.0,
          0.0,
          1.0
        ]
      ],
      "matrix_ego_from_sensor_bevfusion": [
        [
          -0.8191519975662231,
          6.193400281517825e-08,
          -0.5735764503479004,
          -1.299999713897705
        ],
        [
          0.5735764503479004,
          9.914737830740705e-08,
          -0.8191519975662231,
          -0.5499954223632812
        ],
        [
          2.323447212404517e-09,
          -0.9999999403953552,
          -1.1659972187771928e-07,
          1.7000000476837158
        ],
        [
          0.0,
          0.0,
          0.0,
          1.0
        ]
      ],
      "camera_intrinsics": [
        [
          685.5110473632812,
          0.0,
          480.0
        ],
        [
          0.0,
          685.5110473632812,
          270.0
        ],
        [
          0.0,
          0.0,
          1.0
        ]
      ],
      "data_path": "D:\\Agent-AI\\outputs\\s3a_left_v3\\sample_000023\\images\\CAM_BACK_RIGHT.png",
      "raw_layout": "bgra8"
    },
    "LIDAR_TOP": {
      "type_id": "sensor.lidar.ray_cast",
      "blueprint_attributes": {
        "atmosphere_attenuation_rate": "0.004",
        "role_name": "front",
        "noise_seed": "0",
        "upper_fov": "10.0",
        "ros_name": "sensor.lidar.ray_cast",
        "sensor_tick": "0.100000",
        "channels": "32",
        "range": "120.0",
        "points_per_second": "360000",
        "lower_fov": "-30.0",
        "rotation_frequency": "10.000000",
        "horizontal_fov": "360.0",
        "dropoff_general_rate": "0.0",
        "dropoff_intensity_limit": "1.0",
        "noise_stddev": "0.0",
        "dropoff_zero_intensity": "0.0"
      },
      "transform_carla": {
        "location": {
          "x": 108.46381378173828,
          "y": -33.696739196777344,
          "z": 2.201098680496216
        },
        "rotation": {
          "roll": 0.1444278359413147,
          "pitch": -1.8545533418655396,
          "yaw": -103.4000473022461
        }
      },
      "matrix_world_from_sensor_carla": [
        [
          -0.23162733018398285,
          0.9727914929389954,
          -0.005047809798270464,
          108.46381378173828
        ],
        [
          -0.9722661375999451,
          -0.231668621301651,
          -0.03206544369459152,
          -33.696739196777344
        ],
        [
          -0.03236240893602371,
          -0.002519418252632022,
          0.9994730353355408,
          2.201098680496216
        ],
        [
          0.0,
          0.0,
          0.0,
          1.0
        ]
      ],
      "matrix_world_from_sensor_bevfusion": [
        [
          -0.23162733018398285,
          -0.9727914929389954,
          -0.005047809798270464,
          108.46381378173828
        ],
        [
          0.9722661375999451,
          -0.231668621301651,
          0.03206544369459152,
          33.696739196777344
        ],
        [
          -0.03236240893602371,
          0.002519418252632022,
          0.9994730353355408,
          2.201098680496216
        ],
        [
          0.0,
          0.0,
          0.0,
          1.0
        ]
      ],
      "matrix_ego_from_sensor_carla": [
        [
          1.0,
          -2.592976500181976e-09,
          -5.330202945685869e-10,
          4.76837158203125e-07
        ],
        [
          1.1900990415369961e-08,
          0.9999999403953552,
          5.098479971543668e-10,
          -7.62939453125e-06
        ],
        [
          -5.330202945685869e-10,
          2.768946738562761e-10,
          1.0,
          2.200000047683716
        ],
        [
          0.0,
          0.0,
          0.0,
          1.0
        ]
      ],
      "matrix_ego_from_sensor_bevfusion": [
        [
          1.0,
          2.592976500181976e-09,
          -5.330202945685869e-10,
          4.76837158203125e-07
        ],
        [
          -1.1900990415369961e-08,
          0.9999999403953552,
          -5.098479971543668e-10,
          7.62939453125e-06
        ],
        [
          -5.330202945685869e-10,
          -2.768946738562761e-10,
          1.0,
          2.200000047683716
        ],
        [
          0.0,
          0.0,
          0.0,
          1.0
        ]
      ],
      "data_path": "D:\\Agent-AI\\outputs\\s3a_left_v3\\sample_000023\\lidar\\LIDAR_TOP.npy",
      "raw_layout": [
        "x",
        "y",
        "z",
        "intensity"
      ]
    },
    "RADAR_FRONT": {
      "type_id": "sensor.other.radar",
      "blueprint_attributes": {
        "sensor_tick": "0.100000",
        "role_name": "default",
        "noise_seed": "0",
        "ros_name": "sensor.other.radar",
        "horizontal_fov": "35.0",
        "points_per_second": "1500",
        "vertical_fov": "20.0",
        "range": "120.0"
      },
      "transform_carla": {
        "location": {
          "x": 108.00712585449219,
          "y": -35.599586486816406,
          "z": 0.8370589017868042
        },
        "rotation": {
          "roll": 0.1444278359413147,
          "pitch": -1.8545533418655396,
          "yaw": -103.4000473022461
        }
      },
      "matrix_world_from_sensor_carla": [
        [
          -0.23162733018398285,
          0.9727914929389954,
          -0.005047809798270464,
          108.00712585449219
        ],
        [
          -0.9722661375999451,
          -0.231668621301651,
          -0.03206544369459152,
          -35.599586486816406
        ],
        [
          -0.03236240893602371,
          -0.002519418252632022,
          0.9994730353355408,
          0.8370589017868042
        ],
        [
          0.0,
          0.0,
          0.0,
          1.0
        ]
      ],
      "matrix_world_from_sensor_bevfusion": [
        [
          -0.23162733018398285,
          -0.9727914929389954,
          -0.005047809798270464,
          108.00712585449219
        ],
        [
          0.9722661375999451,
          -0.231668621301651,
          0.03206544369459152,
          35.599586486816406
        ],
        [
          -0.03236240893602371,
          0.002519418252632022,
          0.9994730353355408,
          0.8370589017868042
        ],
        [
          0.0,
          0.0,
          0.0,
          1.0
        ]
      ],
      "matrix_ego_from_sensor_carla": [
        [
          1.0,
          -2.592976500181976e-09,
          -5.330202945685869e-10,
          1.9999995231628418
        ],
        [
          1.1900990415369961e-08,
          0.9999999403953552,
          5.098479971543668e-10,
          0.0
        ],
        [
          -5.330202945685869e-10,
          2.768946738562761e-10,
          1.0,
          0.8999999761581421
        ],
        [
          0.0,
          0.0,
          0.0,
          1.0
        ]
      ],
      "matrix_ego_from_sensor_bevfusion": [
        [
          1.0,
          2.592976500181976e-09,
          -5.330202945685869e-10,
          1.9999995231628418
        ],
        [
          -1.1900990415369961e-08,
          0.9999999403953552,
          -5.098479971543668e-10,
          0.0
        ],
        [
          -5.330202945685869e-10,
          -2.768946738562761e-10,
          1.0,
          0.8999999761581421
        ],
        [
          0.0,
          0.0,
          0.0,
          1.0
        ]
      ],
      "data_path": "D:\\Agent-AI\\outputs\\s3a_left_v3\\sample_000023\\radar\\RADAR_FRONT.npy",
      "raw_layout": [
        "velocity",
        "altitude",
        "azimuth",
        "depth"
      ]
    },
    "RADAR_FRONT_LEFT": {
      "type_id": "sensor.other.radar",
      "blueprint_attributes": {
        "sensor_tick": "0.100000",
        "role_name": "default",
        "noise_seed": "0",
        "ros_name": "sensor.other.radar",
        "horizontal_fov": "35.0",
        "points_per_second": "1500",
        "vertical_fov": "20.0",
        "range": "120.0"
      },
      "transform_carla": {
        "location": {
          "x": 107.35860443115234,
          "y": -35.08554458618164,
          "z": 0.8502753376960754
        },
        "rotation": {
          "roll": 1.4136688709259033,
          "pitch": -1.2091552019119263,
          "yaw": -148.41259765625
        }
      },
      "matrix_world_from_sensor_carla": [
        [
          -0.8516524434089661,
          0.5240827202796936,
          -0.005047782324254513,
          107.35860443115234
        ],
        [
          -0.5236820578575134,
          -0.851310133934021,
          -0.03206544741988182,
          -35.08554458618164
        ],
        [
          -0.021102173253893852,
          -0.02466518059372902,
          0.9994730353355408,
          0.8502753376960754
        ],
        [
          0.0,
          0.0,
          0.0,
          1.0
        ]
      ],
      "matrix_world_from_sensor_bevfusion": [
        [
          -0.8516524434089661,
          -0.5240827202796936,
          -0.005047782324254513,
          107.35860443115234
        ],
        [
          0.5236820578575134,
          -0.851310133934021,
          0.03206544741988182,
          35.08554458618164
        ],
        [
          -0.021102173253893852,
          0.02466518059372902,
          0.9994730353355408,
          0.8502753376960754
        ],
        [
          0.0,
          0.0,
          0.0,
          1.0
        ]
      ],
      "matrix_ego_from_sensor_carla": [
        [
          0.7071071863174438,
          0.707106351852417,
          -5.330202945685869e-10,
          1.650001049041748
        ],
        [
          -0.707106351852417,
          0.7071072459220886,
          2.7983864114844437e-08,
          -0.75
        ],
        [
          2.43224942408915e-08,
          -1.662304249805402e-08,
          1.0,
          0.9000000953674316
        ],
        [
          0.0,
          0.0,
          0.0,
          1.0
        ]
      ],
      "matrix_ego_from_sensor_bevfusion": [
        [
          0.7071071863174438,
          -0.707106351852417,
          -5.330202945685869e-10,
          1.650001049041748
        ],
        [
          0.707106351852417,
          0.7071072459220886,
          -2.7983864114844437e-08,
          0.75
        ],
        [
          2.43224942408915e-08,
          1.662304249805402e-08,
          1.0,
          0.9000000953674316
        ],
        [
          0.0,
          0.0,
          0.0,
          1.0
        ]
      ],
      "data_path": "D:\\Agent-AI\\outputs\\s3a_left_v3\\sample_000023\\radar\\RADAR_FRONT_LEFT.npy",
      "raw_layout": [
        "velocity",
        "altitude",
        "azimuth",
        "depth"
      ]
    },
    "RADAR_FRONT_RIGHT": {
      "type_id": "sensor.other.radar",
      "blueprint_attributes": {
        "sensor_tick": "0.100000",
        "role_name": "default",
        "noise_seed": "0",
        "ros_name": "sensor.other.radar",
