{
  "schema_version": "stage1.v1",
  "sample_name": "sample_000006",
  "sequence_index": 6,
  "previous_sample_name": "sample_000005",
  "frame_id": 726279,
  "timestamp": 4997.794624727219,
  "platform_timestamp": 16813367.6997464,
  "delta_seconds": 0.10000000149011612,
  "town": "Carla/Maps/Town10HD_Opt",
  "weather": {
    "cloudiness": 20.0,
    "dust_storm": 0.0,
    "fog_density": 2.0,
    "fog_distance": 0.75,
    "fog_falloff": 0.10000000149011612,
    "mie_scattering_scale": 0.029999999329447746,
    "precipitation": 0.0,
    "precipitation_deposits": 0.0,
    "rayleigh_scattering_scale": 0.03310000151395798,
    "scattering_intensity": 1.0,
    "sun_altitude_angle": 45.0,
    "sun_azimuth_angle": 300.0,
    "wetness": 0.0,
    "wind_intensity": 10.0
  },
  "sensor_names": [
    "CAM_FRONT",
    "CAM_FRONT_RIGHT",
    "CAM_FRONT_LEFT",
    "CAM_BACK",
    "CAM_BACK_LEFT",
    "CAM_BACK_RIGHT",
    "LIDAR_TOP",
    "RADAR_FRONT",
    "RADAR_FRONT_LEFT",
    "RADAR_FRONT_RIGHT",
    "RADAR_BACK_LEFT",
    "RADAR_BACK_RIGHT"
  ],
  "camera_order_for_model": [
    "CAM_FRONT",
    "CAM_FRONT_RIGHT",
    "CAM_FRONT_LEFT",
    "CAM_BACK",
    "CAM_BACK_LEFT",
    "CAM_BACK_RIGHT"
  ],
  "radar_order_for_model": [
    "RADAR_FRONT",
    "RADAR_FRONT_LEFT",
    "RADAR_FRONT_RIGHT",
    "RADAR_BACK_LEFT",
    "RADAR_BACK_RIGHT"
  ],
  "coordinate_notes": {
    "carla_world": "left-handed x-forward y-right z-up",
    "bevfusion_lidar": "x-forward y-left z-up",
    "camera_frame_for_model": "OpenCV style x-right y-down z-forward"
  },
  "ego": {
    "actor_id": 49,
    "transform_carla": {
      "location": {
        "x": 106.33356475830078,
        "y": -23.703203201293945,
        "z": -0.005285529885441065
      },
      "rotation": {
        "roll": 0.18822450935840607,
        "pitch": 0.2836645841598511,
        "yaw": -91.85111999511719
      }
    },
    "velocity_carla": [
      -0.3538435995578766,
      -5.692280292510986,
      -0.0003399276756681502
    ],
    "angular_velocity_carla": [
      -0.8471518158912659,
      1.9400254487991333,
      -8.140626907348633
    ],
    "matrix_world_from_ego_carla": [
      [
        -0.0323021300137043,
        0.9994722008705139,
        0.003443341702222824,
        106.33356475830078
      ],
      [
        -0.9994658827781677,
        -0.0323186069726944,
        0.004842132329940796,
        -23.703203201293945
      ],
      [
        0.004950860980898142,
        -0.003285091370344162,
        0.9999822974205017,
        -0.005285529885441065
      ],
      [
        0.0,
        0.0,
        0.0,
        1.0
      ]
    ],
    "matrix_world_from_ego_bevfusion": [
      [
        -0.0323021300137043,
        -0.9994722008705139,
        0.003443341702222824,
        106.33356475830078
      ],
      [
        0.9994658827781677,
        -0.0323186069726944,
        -0.004842132329940796,
        23.703203201293945
      ],
      [
        0.004950860980898142,
        0.003285091370344162,
        0.9999822974205017,
        -0.005285529885441065
      ],
      [
        0.0,
        0.0,
        0.0,
        1.0
      ]
    ]
  },
  "sensors": {
    "CAM_FRONT": {
      "type_id": "sensor.camera.rgb",
      "blueprint_attributes": {
        "role_name": "front",
        "ros_name": "sensor.camera.rgb",
        "chromatic_aberration_offset": "0.0",
        "sensor_tick": "0.100000",
        "fstop": "1.4",
        "image_size_x": "960",
        "image_size_y": "540",
        "fov": "70.00",
        "lens_circle_falloff": "5.0",
        "lens_circle_multiplier": "0.0",
        "exposure_compensation": "0.0",
        "lens_y_size": "0.08",
        "lens_k": "-1.0",
        "exposure_mode": "histogram",
        "lens_kcube": "0.0",
        "lens_x_size": "0.08",
        "exposure_max_bright": "12.0",
        "shutter_speed": "200.0",
        "bloom_intensity": "0.675",
        "iso": "100.0",
        "enable_postprocess_effects": "false",
        "gamma": "2.2",
        "motion_blur_intensity": "0.0",
        "motion_blur_max_distortion": "0.35",
        "lens_flare_intensity": "0.1",
        "motion_blur_min_object_screen_size": "0.1",
        "exposure_min_bright": "10.0",
        "exposure_speed_up": "3.0",
        "exposure_speed_down": "1.0",
        "tint": "0.0",
        "calibration_constant": "16.0",
        "focal_distance": "1000.0",
        "min_fstop": "1.2",
        "blade_count": "5",
        "blur_amount": "0.0",
        "blur_radius": "0.0",
        "slope": "0.88",
        "toe": "0.55",
        "white_clip": "0.04",
        "shoulder": "0.26",
        "black_clip": "0.0",
        "temp": "6500.0",
        "chromatic_aberration_intensity": "0.0"
      },
      "transform_carla": {
        "location": {
          "x": 106.28934478759766,
          "y": -25.244142532348633,
          "z": 1.702358365058899
        },
        "rotation": {
          "roll": 0.18822450935840607,
          "pitch": 0.2836645841598511,
          "yaw": -91.85111999511719
        }
      },
      "matrix_world_from_sensor_carla": [
        [
          -0.0323021300137043,
          0.9994722008705139,
          0.003443341702222824,
          106.28934478759766
        ],
        [
          -0.9994658827781677,
          -0.0323186069726944,
          0.004842132329940796,
          -25.244142532348633
        ],
        [
          0.004950860980898142,
          -0.003285091370344162,
          0.9999822974205017,
          1.702358365058899
        ],
        [
          0.0,
          0.0,
          0.0,
          1.0
        ]
      ],
      "matrix_world_from_sensor_bevfusion": [
        [
          0.9994722008705139,
          -0.003443341702222824,
          -0.0323021300137043,
          106.28934478759766
        ],
        [
          0.0323186069726944,
          0.004842132329940796,
          0.9994658827781677,
          25.244142532348633
        ],
        [
          -0.003285091370344162,
          -0.9999822974205017,
          0.004950860980898142,
          1.702358365058899
        ],
        [
          0.0,
          0.0,
          0.0,
          1.0
        ]
      ],
      "matrix_ego_from_sensor_carla": [
        [
          1.0,
          1.6581437334295401e-09,
          -9.868808548141317e-11,
          1.5499992370605469
        ],
        [
          -2.0682993095988422e-09,
          1.0000001192092896,
          -5.306564909712819e-11,
          0.0
        ],
        [
          2.5839247408399046e-11,
          -2.1185253551436745e-10,
          1.0,
          1.7000001668930054
        ],
        [
          0.0,
          0.0,
          0.0,
          1.0
        ]
      ],
      "matrix_ego_from_sensor_bevfusion": [
        [
          1.6581437334295401e-09,
          9.868808548141317e-11,
          1.0,
          1.5499992370605469
        ],
        [
          -1.0000001192092896,
          -5.306564909712819e-11,
          2.0682993095988422e-09,
          0.0
        ],
        [
          -2.1185253551436745e-10,
          -1.0,
          2.5839247408399046e-11,
          1.7000001668930054
        ],
        [
          0.0,
          0.0,
          0.0,
          1.0
        ]
      ],
      "camera_intrinsics": [
        [
          685.5110473632812,
          0.0,
          480.0
        ],
        [
          0.0,
          685.5110473632812,
          270.0
        ],
        [
          0.0,
          0.0,
          1.0
        ]
      ],
      "data_path": "D:\\Agent-AI\\outputs\\s3a_ml_long_v1\\sample_000006\\images\\CAM_FRONT.png",
      "raw_layout": "bgra8"
    },
    "CAM_FRONT_RIGHT": {
      "type_id": "sensor.camera.rgb",
      "blueprint_attributes": {
        "role_name": "front",
        "ros_name": "sensor.camera.rgb",
        "chromatic_aberration_offset": "0.0",
        "sensor_tick": "0.100000",
        "fstop": "1.4",
        "image_size_x": "960",
        "image_size_y": "540",
        "fov": "70.00",
        "lens_circle_falloff": "5.0",
        "lens_circle_multiplier": "0.0",
        "exposure_compensation": "0.0",
        "lens_y_size": "0.08",
        "lens_k": "-1.0",
        "exposure_mode": "histogram",
        "lens_kcube": "0.0",
        "lens_x_size": "0.08",
        "exposure_max_bright": "12.0",
        "shutter_speed": "200.0",
        "bloom_intensity": "0.675",
        "iso": "100.0",
        "enable_postprocess_effects": "false",
        "gamma": "2.2",
        "motion_blur_intensity": "0.0",
        "motion_blur_max_distortion": "0.35",
        "lens_flare_intensity": "0.1",
        "motion_blur_min_object_screen_size": "0.1",
        "exposure_min_bright": "10.0",
        "exposure_speed_up": "3.0",
        "exposure_speed_down": "1.0",
        "tint": "0.0",
        "calibration_constant": "16.0",
        "focal_distance": "1000.0",
        "min_fstop": "1.2",
        "blade_count": "5",
        "blur_amount": "0.0",
        "blur_radius": "0.0",
        "slope": "0.88",
        "toe": "0.55",
        "white_clip": "0.04",
        "shoulder": "0.26",
        "black_clip": "0.0",
        "temp": "6500.0",
        "chromatic_aberration_intensity": "0.0"
      },
      "transform_carla": {
        "location": {
          "x": 106.84713745117188,
          "y": -25.012052536010742,
          "z": 1.699313759803772
        },
        "rotation": {
          "roll": 0.34032508730888367,
          "pitch": 0.008524075150489807,
          "yaw": -36.8515625
        }
      },
      "matrix_world_from_sensor_carla": [
        [
          0.8001919984817505,
          0.5997340679168701,
          0.003443289315328002,
          106.84713745117188
        ],
        [
          -0.5997439622879028,
          0.8001773357391357,
          0.00484217144548893,
          -25.012052536010742
        ],
        [
          0.00014877317880745977,
          -0.0059397583827376366,
          0.9999823570251465,
          1.699313759803772
        ],
        [
          0.0,
          0.0,
          0.0,
          1.0
        ]
      ],
      "matrix_world_from_sensor_bevfusion": [
        [
          0.5997340679168701,
          -0.003443289315328002,
          0.8001919984817505,
          106.84713745117188
        ],
        [
          -0.8001773357391357,
          0.00484217144548893,
          0.5997439622879028,
          25.012052536010742
        ],
        [
          -0.0059397583827376366,
          -0.9999823570251465,
          0.00014877317880745977,
          1.699313759803772
        ],
        [
          0.0,
          0.0,
          0.0,
          1.0
        ]
      ],
      "matrix_ego_from_sensor_carla": [
        [
          0.5735764503479004,
          -0.8191519975662231,
          -3.705649831431401e-08,
          1.2999992370605469
        ],
        [
          0.8191521167755127,
          0.5735764503479004,
          -5.379991918630367e-08,
          0.5500030517578125
        ],
        [
          6.525419848912861e-08,
          5.985035245181791e-10,
          1.0000001192092896,
          1.7000000476837158
        ],
        [
          0.0,
          0.0,
          0.0,
          1.0
        ]
      ],
      "matrix_ego_from_sensor_bevfusion": [
        [
          -0.8191519975662231,
          3.705649831431401e-08,
          0.5735764503479004,
          1.2999992370605469
        ],
        [
          -0.5735764503479004,
          -5.379991918630367e-08,
          -0.8191521167755127,
          -0.5500030517578125
        ],
        [
          5.985035245181791e-10,
          -1.0000001192092896,
          6.525419848912861e-08,
          1.7000000476837158
        ],
        [
          0.0,
          0.0,
          0.0,
          1.0
        ]
      ],
      "camera_intrinsics": [
        [
          685.5110473632812,
          0.0,
          480.0
        ],
        [
          0.0,
          685.5110473632812,
          270.0
        ],
        [
          0.0,
          0.0,
          1.0
        ]
      ],
      "data_path": "D:\\Agent-AI\\outputs\\s3a_ml_long_v1\\sample_000006\\images\\CAM_FRONT_RIGHT.png",
      "raw_layout": "bgra8"
    },
    "CAM_FRONT_LEFT": {
      "type_id": "sensor.camera.rgb",
      "blueprint_attributes": {
        "role_name": "front",
        "ros_name": "sensor.camera.rgb",
        "chromatic_aberration_offset": "0.0",
        "sensor_tick": "0.100000",
        "fstop": "1.4",
        "image_size_x": "960",
        "image_size_y": "540",
        "fov": "70.00",
        "lens_circle_falloff": "5.0",
        "lens_circle_multiplier": "0.0",
        "exposure_compensation": "0.0",
        "lens_y_size": "0.08",
        "lens_k": "-1.0",
        "exposure_mode": "histogram",
        "lens_kcube": "0.0",
        "lens_x_size": "0.08",
        "exposure_max_bright": "12.0",
        "shutter_speed": "200.0",
        "bloom_intensity": "0.675",
        "iso": "100.0",
        "enable_postprocess_effects": "false",
        "gamma": "2.2",
        "motion_blur_intensity": "0.0",
        "motion_blur_max_distortion": "0.35",
        "lens_flare_intensity": "0.1",
        "motion_blur_min_object_screen_size": "0.1",
        "exposure_min_bright": "10.0",
        "exposure_speed_up": "3.0",
        "exposure_speed_down": "1.0",
        "tint": "0.0",
        "calibration_constant": "16.0",
        "focal_distance": "1000.0",
        "min_fstop": "1.2",
        "blade_count": "5",
        "blur_amount": "0.0",
        "blur_radius": "0.0",
        "slope": "0.88",
        "toe": "0.55",
        "white_clip": "0.04",
        "shoulder": "0.26",
        "black_clip": "0.0",
        "temp": "6500.0",
        "chromatic_aberration_intensity": "0.0"
      },
      "transform_carla": {
        "location": {
          "x": 105.74771118164062,
          "y": -24.97650146484375,
          "z": 1.7029273509979248
        },
        "rotation": {
          "roll": -0.12440581619739532,
          "pitch": 0.3168797791004181,
          "yaw": -146.85191345214844
        }
      },
      "matrix_world_from_sensor_carla": [
        [
          -0.8372472524642944,
          0.5468136668205261,
          0.0034432399552315474,
          105.74771118164062
        ],
        [
          -0.5467965006828308,
          -0.8372515439987183,
          0.00484206760302186,
          -24.97650146484375
        ],
        [
          0.005530566908419132,
          0.0021712561137974262,
          0.9999822974205017,
          1.7029273509979248
        ],
        [
          0.0,
          0.0,
          0.0,
          1.0
        ]
      ],
      "matrix_world_from_sensor_bevfusion": [
        [
          0.5468136668205261,
          -0.0034432399552315474,
          -0.8372472524642944,
          105.74771118164062
        ],
        [
          0.8372515439987183,
          0.00484206760302186,
          0.5467965006828308,
          24.97650146484375
        ],
        [
          0.0021712561137974262,
          -0.9999822974205017,
          0.005530566908419132,
          1.7029273509979248
        ],
        [
          0.0,
          0.0,
          0.0,
          1.0
        ]
      ],
      "matrix_ego_from_sensor_carla": [
        [
          0.5735766887664795,
          0.8191518187522888,
          6.788786066636021e-08,
          1.2999992370605469
        ],
        [
          -0.8191518783569336,
          0.5735767483711243,
          -9.970457881536277e-08,
          -0.5500030517578125
        ],
        [
          -1.2006340455172904e-07,
          1.1703786828576312e-09,
          1.0,
          1.7000000476837158
        ],
        [
          0.0,
          0.0,
          0.0,
          1.0
        ]
      ],
      "matrix_ego_from_sensor_bevfusion": [
        [
          0.8191518187522888,
          -6.788786066636021e-08,
          0.5735766887664795,
          1.2999992370605469
        ],
        [
          -0.5735767483711243,
          -9.970457881536277e-08,
          0.8191518783569336,
          0.5500030517578125
        ],
        [
          1.1703786828576312e-09,
          -1.0,
          -1.2006340455172904e-07,
          1.7000000476837158
        ],
        [
          0.0,
          0.0,
          0.0,
          1.0
        ]
      ],
      "camera_intrinsics": [
        [
          685.5110473632812,
          0.0,
          480.0
        ],
        [
          0.0,
          685.5110473632812,
          270.0
        ],
        [
          0.0,
          0.0,
          1.0
        ]
      ],
      "data_path": "D:\\Agent-AI\\outputs\\s3a_ml_long_v1\\sample_000006\\images\\CAM_FRONT_LEFT.png",
      "raw_layout": "bgra8"
    },
    "CAM_BACK": {
      "type_id": "sensor.camera.rgb",
      "blueprint_attributes": {
        "role_name": "front",
        "ros_name": "sensor.camera.rgb",
        "chromatic_aberration_offset": "0.0",
        "sensor_tick": "0.100000",
        "fstop": "1.4",
        "image_size_x": "960",
        "image_size_y": "540",
        "fov": "70.00",
        "lens_circle_falloff": "5.0",
        "lens_circle_multiplier": "0.0",
        "exposure_compensation": "0.0",
        "lens_y_size": "0.08",
        "lens_k": "-1.0",
        "exposure_mode": "histogram",
        "lens_kcube": "0.0",
        "lens_x_size": "0.08",
        "exposure_max_bright": "12.0",
        "shutter_speed": "200.0",
        "bloom_intensity": "0.675",
        "iso": "100.0",
        "enable_postprocess_effects": "false",
        "gamma": "2.2",
        "motion_blur_intensity": "0.0",
        "motion_blur_max_distortion": "0.35",
        "lens_flare_intensity": "0.1",
        "motion_blur_min_object_screen_size": "0.1",
        "exposure_min_bright": "10.0",
        "exposure_speed_up": "3.0",
        "exposure_speed_down": "1.0",
        "tint": "0.0",
        "calibration_constant": "16.0",
        "focal_distance": "1000.0",
        "min_fstop": "1.2",
        "blade_count": "5",
        "blur_amount": "0.0",
        "blur_radius": "0.0",
        "slope": "0.88",
        "toe": "0.55",
        "white_clip": "0.04",
        "shoulder": "0.26",
        "black_clip": "0.0",
        "temp": "6500.0",
        "chromatic_aberration_intensity": "0.0"
      },
      "transform_carla": {
        "location": {
          "x": 106.38948059082031,
          "y": -22.14579963684082,
          "z": 1.687010645866394
        },
        "rotation": {
          "roll": -0.18822456896305084,
          "pitch": -0.2836645841598511,
          "yaw": 88.14887237548828
        }
      },
      "matrix_world_from_sensor_carla": [
        [
          0.03230228275060654,
          -0.9994722008705139,
          0.0034433435648679733,
          106.38948059082031
        ],
        [
          0.9994658827781677,
          0.032318759709596634,
          0.004842131864279509,
          -22.14579963684082
        ],
        [
          -0.004950860980898142,
          0.0032850923016667366,
          0.9999822974205017,
          1.687010645866394
        ],
        [
          0.0,
          0.0,
          0.0,
          1.0
        ]
      ],
      "matrix_world_from_sensor_bevfusion": [
        [
          -0.9994722008705139,
          -0.0034433435648679733,
          0.03230228275060654,
          106.38948059082031
        ],
        [
          -0.032318759709596634,
          0.004842131864279509,
          -0.9994658827781677,
          22.14579963684082
        ],
        [
          0.0032850923016667366,
          -0.9999822974205017,
          -0.004950860980898142,
          1.687010645866394
        ],
        [
          0.0,
          0.0,
          0.0,
          1.0
        ]
      ],
      "matrix_ego_from_sensor_carla": [
        [
          -1.0,
          -1.5430858013587567e-07,
          3.669732018263261e-10,
          -1.5499992370605469
        ],
        [
          1.5480520687560784e-07,
          -1.0000001192092896,
          1.809579486256041e-09,
          0.0
        ],
        [
          4.398220398993402e-10,
          1.8416506097906904e-09,
          1.0,
          1.7000000476837158
        ],
        [
          0.0,
          0.0,
          0.0,
          1.0
        ]
      ],
      "matrix_ego_from_sensor_bevfusion": [
        [
          -1.5430858013587567e-07,
          -3.669732018263261e-10,
          -1.0,
          -1.5499992370605469
        ],
        [
          1.0000001192092896,
          1.809579486256041e-09,
          -1.5480520687560784e-07,
          0.0
        ],
        [
          1.8416506097906904e-09,
          -1.0,
          4.398220398993402e-10,
          1.7000000476837158
        ],
        [
          0.0,
          0.0,
          0.0,
          1.0
        ]
      ],
      "camera_intrinsics": [
        [
          685.5110473632812,
          0.0,
          480.0
        ],
        [
          0.0,
          685.5110473632812,
          270.0
        ],
        [
          0.0,
          0.0,
          1.0
        ]
      ],
      "data_path": "D:\\Agent-AI\\outputs\\s3a_ml_long_v1\\sample_000006\\images\\CAM_BACK.png",
      "raw_layout": "bgra8"
    },
    "CAM_BACK_LEFT": {
      "type_id": "sensor.camera.rgb",
      "blueprint_attributes": {
        "role_name": "front",
        "ros_name": "sensor.camera.rgb",
        "chromatic_aberration_offset": "0.0",
        "sensor_tick": "0.100000",
        "fstop": "1.4",
        "image_size_x": "960",
        "image_size_y": "540",
        "fov": "70.00",
        "lens_circle_falloff": "5.0",
        "lens_circle_multiplier": "0.0",
        "exposure_compensation": "0.0",
        "lens_y_size": "0.08",
        "lens_k": "-1.0",
        "exposure_mode": "histogram",
        "lens_kcube": "0.0",
        "lens_x_size": "0.08",
        "exposure_max_bright": "12.0",
        "shutter_speed": "200.0",
        "bloom_intensity": "0.675",
        "iso": "100.0",
        "enable_postprocess_effects": "false",
        "gamma": "2.2",
        "motion_blur_intensity": "0.0",
        "motion_blur_max_distortion": "0.35",
        "lens_flare_intensity": "0.1",
        "motion_blur_min_object_screen_size": "0.1",
        "exposure_min_bright": "10.0",
        "exposure_speed_up": "3.0",
        "exposure_speed_down": "1.0",
        "tint": "0.0",
        "calibration_constant": "16.0",
        "focal_distance": "1000.0",
        "min_fstop": "1.2",
        "blade_count": "5",
        "blur_amount": "0.0",
        "blur_radius": "0.0",
        "slope": "0.88",
        "toe": "0.55",
        "white_clip": "0.04",
        "shoulder": "0.26",
        "black_clip": "0.0",
        "temp": "6500.0",
        "chromatic_aberration_intensity": "0.0"
      },
      "transform_carla": {
        "location": {
          "x": 105.83169555664062,
          "y": -22.37788963317871,
          "z": 1.690055012702942
        },
        "rotation": {
          "roll": -0.3403250575065613,
          "pitch": -0.008524075150489807,
          "yaw": 143.1484375
        }
      },
      "matrix_world_from_sensor_carla": [
        [
          -0.8001918792724609,
          -0.5997341871261597,
          0.0034432897809892893,
          105.83169555664062
        ],
        [
          0.5997440814971924,
          -0.8001772165298462,
          0.004842170514166355,
          -22.37788963317871
        ],
        [
          -0.00014877317880745977,
          0.005939757917076349,
          0.9999823570251465,
          1.690055012702942
        ],
        [
          0.0,
          0.0,
          0.0,
          1.0
        ]
      ],
      "matrix_world_from_sensor_bevfusion": [
        [
          -0.5997341871261597,
          -0.0034432897809892893,
          -0.8001918792724609,
          105.83169555664062
        ],
        [
          0.8001772165298462,
          0.004842170514166355,
          -0.5997440814971924,
          22.37788963317871
        ],
        [
          0.005939757917076349,
          -0.9999823570251465,
          -0.00014877317880745977,
          1.690055012702942
        ],
        [
          0.0,
          0.0,
          0.0,
          1.0
        ]
      ],
      "matrix_ego_from_sensor_carla": [
        [
          -0.5735765695571899,
          0.8191518783569336,
          -3.6125175739698534e-08,
          -1.3000011444091797
        ],
        [
          -0.8191519975662231,
          -0.5735765695571899,
          -5.333425789899593e-08,
          -0.5500106811523438
        ],
        [
          -6.443929123634007e-08,
          -5.984953643789481e-10,
          1.0000001192092896,
          1.6999999284744263
        ],
        [
          0.0,
          0.0,
          0.0,
          1.0
        ]
      ],
      "matrix_ego_from_sensor_bevfusion": [
        [
          0.8191518783569336,
          3.6125175739698534e-08,
          -0.5735765695571899,
          -1.3000011444091797
        ],
        [
          0.5735765695571899,
          -5.333425789899593e-08,
          0.8191519975662231,
          0.5500106811523438
        ],
        [
          -5.984953643789481e-10,
          -1.0000001192092896,
          -6.443929123634007e-08,
          1.6999999284744263
        ],
        [
          0.0,
          0.0,
          0.0,
          1.0
        ]
      ],
      "camera_intrinsics": [
        [
          685.5110473632812,
          0.0,
          480.0
        ],
        [
          0.0,
          685.5110473632812,
          270.0
        ],
        [
          0.0,
          0.0,
          1.0
        ]
      ],
      "data_path": "D:\\Agent-AI\\outputs\\s3a_ml_long_v1\\sample_000006\\images\\CAM_BACK_LEFT.png",
      "raw_layout": "bgra8"
    },
    "CAM_BACK_RIGHT": {
      "type_id": "sensor.camera.rgb",
      "blueprint_attributes": {
        "role_name": "front",
        "ros_name": "sensor.camera.rgb",
        "chromatic_aberration_offset": "0.0",
        "sensor_tick": "0.100000",
        "fstop": "1.4",
        "image_size_x": "960",
        "image_size_y": "540",
        "fov": "70.00",
        "lens_circle_falloff": "5.0",
        "lens_circle_multiplier": "0.0",
        "exposure_compensation": "0.0",
        "lens_y_size": "0.08",
        "lens_k": "-1.0",
        "exposure_mode": "histogram",
        "lens_kcube": "0.0",
        "lens_x_size": "0.08",
        "exposure_max_bright": "12.0",
        "shutter_speed": "200.0",
        "bloom_intensity": "0.675",
        "iso": "100.0",
        "enable_postprocess_effects": "false",
        "gamma": "2.2",
        "motion_blur_intensity": "0.0",
        "motion_blur_max_distortion": "0.35",
        "lens_flare_intensity": "0.1",
        "motion_blur_min_object_screen_size": "0.1",
        "exposure_min_bright": "10.0",
        "exposure_speed_up": "3.0",
        "exposure_speed_down": "1.0",
        "tint": "0.0",
        "calibration_constant": "16.0",
        "focal_distance": "1000.0",
        "min_fstop": "1.2",
        "blade_count": "5",
        "blur_amount": "0.0",
        "blur_radius": "0.0",
        "slope": "0.88",
        "toe": "0.55",
        "white_clip": "0.04",
        "shoulder": "0.26",
        "black_clip": "0.0",
        "temp": "6500.0",
        "chromatic_aberration_intensity": "0.0"
      },
      "transform_carla": {
        "location": {
          "x": 106.93112182617188,
          "y": -22.413442611694336,
          "z": 1.6864416599273682
        },
        "rotation": {
          "roll": 0.1244058758020401,
          "pitch": -0.3168797791004181,
          "yaw": 33.1480712890625
        }
      },
      "matrix_world_from_sensor_carla": [
        [
          0.8372474312782288,
          -0.5468133687973022,
          0.003443240886554122,
          106.93112182617188
        ],
        [
          0.5467962026596069,
          0.8372517228126526,
          0.00484206760302186,
          -22.413442611694336
        ],
        [
          -0.005530566908419132,
          -0.0021712572779506445,
          0.9999822974205017,
          1.6864416599273682
        ],
        [
          0.0,
          0.0,
          0.0,
          1.0
        ]
      ],
      "matrix_world_from_sensor_bevfusion": [
        [
          -0.5468133687973022,
          -0.003443240886554122,
          0.8372474312782288,
          106.93112182617188
        ],
        [
          -0.8372517228126526,
          0.00484206760302186,
          -0.5467962026596069,
          22.413442611694336
        ],
        [
          -0.0021712572779506445,
          -0.9999822974205017,
          -0.005530566908419132,
          1.6864416599273682
        ],
        [
          0.0,
          0.0,
          0.0,
          1.0
        ]
      ],
      "matrix_ego_from_sensor_carla": [
        [
          -0.5735763907432556,
          -0.8191519975662231,
          6.788786066636021e-08,
          -1.2999992370605469
        ],
        [
          0.8191520571708679,
          -0.5735764503479004,
          -9.877325624074729e-08,
          0.5500030517578125
        ],
        [
          1.195977432644213e-07,
          -4.718663237923693e-10,
          1.0,
          1.7000001668930054
        ],
        [
          0.0,
          0.0,
          0.0,
          1.0
        ]
      ],
      "matrix_ego_from_sensor_bevfusion": [
        [
          -0.8191519975662231,
          -6.788786066636021e-08,
          -0.5735763907432556,
          -1.2999992370605469
        ],
        [
          0.5735764503479004,
          -9.877325624074729e-08,
          -0.8191520571708679,
          -0.5500030517578125
        ],
        [
          -4.718663237923693e-10,
          -1.0,
          1.195977432644213e-07,
          1.7000001668930054
        ],
        [
          0.0,
          0.0,
          0.0,
          1.0
        ]
      ],
      "camera_intrinsics": [
        [
          685.5110473632812,
          0.0,
          480.0
        ],
        [
          0.0,
          685.5110473632812,
          270.0
        ],
        [
          0.0,
          0.0,
          1.0
        ]
      ],
      "data_path": "D:\\Agent-AI\\outputs\\s3a_ml_long_v1\\sample_000006\\images\\CAM_BACK_RIGHT.png",
      "raw_layout": "bgra8"
    },
    "LIDAR_TOP": {
      "type_id": "sensor.lidar.ray_cast",
      "blueprint_attributes": {
        "atmosphere_attenuation_rate": "0.004",
        "role_name": "front",
        "noise_seed": "0",
        "upper_fov": "10.0",
        "ros_name": "sensor.lidar.ray_cast",
        "sensor_tick": "0.100000",
        "channels": "32",
        "range": "120.0",
        "points_per_second": "360000",
        "lower_fov": "-30.0",
        "rotation_frequency": "10.000000",
        "horizontal_fov": "360.0",
        "dropoff_general_rate": "0.0",
        "dropoff_intensity_limit": "1.0",
        "noise_stddev": "0.0",
        "dropoff_zero_intensity": "0.0"
      },
      "transform_carla": {
        "location": {
          "x": 106.34114074707031,
          "y": -23.692550659179688,
          "z": 2.1946756839752197
        },
        "rotation": {
          "roll": 0.18822450935840607,
          "pitch": 0.2836645841598511,
          "yaw": -91.85111999511719
        }
      },
      "matrix_world_from_sensor_carla": [
        [
          -0.0323021300137043,
          0.9994722008705139,
          0.003443341702222824,
          106.34114074707031
        ],
        [
          -0.9994658827781677,
          -0.0323186069726944,
          0.004842132329940796,
          -23.692550659179688
        ],
        [
          0.004950860980898142,
          -0.003285091370344162,
          0.9999822974205017,
          2.1946756839752197
        ],
        [
          0.0,
          0.0,
          0.0,
          1.0
        ]
      ],
      "matrix_world_from_sensor_bevfusion": [
        [
          -0.0323021300137043,
          -0.9994722008705139,
          0.003443341702222824,
          106.34114074707031
        ],
        [
          0.9994658827781677,
          -0.0323186069726944,
          -0.004842132329940796,
          23.692550659179688
        ],
        [
          0.004950860980898142,
          0.003285091370344162,
          0.9999822974205017,
          2.1946756839752197
        ],
        [
          0.0,
          0.0,
          0.0,
          1.0
        ]
      ],
      "matrix_ego_from_sensor_carla": [
        [
          1.0,
          1.6581437334295401e-09,
          -9.868808548141317e-11,
          0.0
        ],
        [
          -2.0682993095988422e-09,
          1.0000001192092896,
          -5.306564909712819e-11,
          0.0
        ],
        [
          2.5839247408399046e-11,
          -2.1185253551436745e-10,
          1.0,
          2.200000286102295
        ],
        [
          0.0,
          0.0,
          0.0,
          1.0
        ]
      ],
      "matrix_ego_from_sensor_bevfusion": [
        [
          1.0,
          -1.6581437334295401e-09,
          -9.868808548141317e-11,
          0.0
        ],
        [
          2.0682993095988422e-09,
          1.0000001192092896,
          5.306564909712819e-11,
          0.0
        ],
        [
          2.5839247408399046e-11,
          2.1185253551436745e-10,
          1.0,
          2.200000286102295
        ],
        [
          0.0,
          0.0,
          0.0,
          1.0
        ]
      ],
      "data_path": "D:\\Agent-AI\\outputs\\s3a_ml_long_v1\\sample_000006\\lidar\\LIDAR_TOP.npy",
      "raw_layout": [
        "x",
        "y",
        "z",
        "intensity"
      ]
    },
    "RADAR_FRONT": {
      "type_id": "sensor.other.radar",
      "blueprint_attributes": {
        "sensor_tick": "0.100000",
        "role_name": "default",
        "noise_seed": "0",
        "ros_name": "sensor.other.radar",
        "horizontal_fov": "35.0",
        "points_per_second": "1500",
        "vertical_fov": "20.0",
        "range": "120.0"
      },
      "transform_carla": {
        "location": {
          "x": 106.27205657958984,
          "y": -25.69777488708496,
          "z": 0.904600203037262
        },
        "rotation": {
          "roll": 0.18822450935840607,
          "pitch": 0.2836645841598511,
          "yaw": -91.85111999511719
        }
      },
      "matrix_world_from_sensor_carla": [
        [
          -0.0323021300137043,
          0.9994722008705139,
          0.003443341702222824,
          106.27205657958984
        ],
        [
          -0.9994658827781677,
          -0.0323186069726944,
          0.004842132329940796,
          -25.69777488708496
        ],
        [
          0.004950860980898142,
          -0.003285091370344162,
          0.9999822974205017,
          0.904600203037262
        ],
        [
          0.0,
          0.0,
          0.0,
          1.0
        ]
      ],
      "matrix_world_from_sensor_bevfusion": [
        [
          -0.0323021300137043,
          -0.9994722008705139,
          0.003443341702222824,
          106.27205657958984
        ],
        [
          0.9994658827781677,
          -0.0323186069726944,
          -0.004842132329940796,
          25.69777488708496
        ],
        [
          0.004950860980898142,
          0.003285091370344162,
          0.9999822974205017,
          0.904600203037262
        ],
        [
          0.0,
          0.0,
          0.0,
          1.0
        ]
      ],
      "matrix_ego_from_sensor_carla": [
        [
          1.0,
          1.6581437334295401e-09,
          -9.868808548141317e-11,
          1.9999980926513672
        ],
        [
          -2.0682993095988422e-09,
          1.0000001192092896,
          -5.306564909712819e-11,
          -7.62939453125e-06
        ],
        [
          2.5839247408399046e-11,
          -2.1185253551436745e-10,
          1.0,
          0.8999999165534973
        ],
        [
          0.0,
          0.0,
          0.0,
          1.0
        ]
      ],
      "matrix_ego_from_sensor_bevfusion": [
        [
          1.0,
          -1.6581437334295401e-09,
          -9.868808548141317e-11,
          1.9999980926513672
        ],
        [
          2.0682993095988422e-09,
          1.0000001192092896,
          5.306564909712819e-11,
          7.62939453125e-06
        ],
        [
          2.5839247408399046e-11,
          2.1185253551436745e-10,
          1.0,
          0.8999999165534973
        ],
        [
          0.0,
          0.0,
          0.0,
          1.0
        ]
      ],
      "data_path": "D:\\Agent-AI\\outputs\\s3a_ml_long_v1\\sample_000006\\radar\\RADAR_FRONT.npy",
      "raw_layout": [
        "velocity",
        "altitude",
        "azimuth",
        "depth"
      ]
    },
    "RADAR_FRONT_LEFT": {
      "type_id": "sensor.other.radar",
      "blueprint_attributes": {
        "sensor_tick": "0.100000",
        "role_name": "default",
        "noise_seed": "0",
        "ros_name": "sensor.other.radar",
        "horizontal_fov": "35.0",
        "points_per_second": "1500",
        "vertical_fov": "20.0",
        "range": "120.0"
      },
      "transform_carla": {
        "location": {
          "x": 105.53376007080078,
          "y": -25.3237247467041,
          "z": 0.9053312540054321
        },
        "rotation": {
          "roll": -0.06748849153518677,
          "pitch": 0.33367520570755005,
          "yaw": -136.8517608642578
        }
      },
      "matrix_world_from_sensor_carla": [
        [
          -0.7295743227005005,
          0.6838928461074829,
          0.003443339839577675,
          105.53376007080078
        ],
        [
          -0.6838766932487488,
          -0.7295814752578735,
          0.004842133726924658,
          -25.3237247467041
        ],
        [
          0.00582369789481163,
          0.0011778761399909854,
          0.9999822974205017,
          0.9053312540054321
        ],
        [
          0.0,
          0.0,
          0.0,
          1.0
        ]
      ],
      "matrix_world_from_sensor_bevfusion": [
        [
          -0.7295743227005005,
          -0.6838928461074829,
          0.003443339839577675,
          105.53376007080078
        ],
        [
          0.6838766932487488,
          -0.7295814752578735,
          -0.004842133726924658,
          25.3237247467041
        ],
        [
          0.00582369789481163,
          -0.0011778761399909854,
          0.9999822974205017,
          0.9053312540054321
        ],
        [
          0.0,
          0.0,
          0.0,
          1.0
        ]
      ],
      "matrix_ego_from_sensor_carla": [
        [
          0.7071070671081543,
          0.7071064114570618,
          -1.4956719196490553e-09,
          1.6499996185302734
        ],
        [
          -0.7071064710617065,
          0.7071071267127991,
          -1.9157107011835706e-09,
          -0.75
        ],
        [
          -4.20414147939141e-10,
          1.8735402118608135e-09,
          1.0,
          0.9000000357627869
        ],
        [
          0.0,
          0.0,
          0.0,
          1.0
        ]
      ],
      "matrix_ego_from_sensor_bevfusion": [
        [
          0.7071070671081543,
          -0.7071064114570618,
          -1.4956719196490553e-09,
          1.6499996185302734
        ],
        [
          0.7071064710617065,
          0.7071071267127991,
          1.9157107011835706e-09,
          0.75
        ],
        [
          -4.20414147939141e-10,
          -1.8735402118608135e-09,
          1.0,
          0.9000000357627869
        ],
        [
          0.0,
          0.0,
          0.0,
          1.0
        ]
      ],
      "data_path": "D:\\Agent-AI\\outputs\\s3a_ml_long_v1\\sample_000006\\radar\\RADAR_FRONT_LEFT.npy",
      "raw_layout": [
        "velocity",
        "altitude",
        "azimuth",
        "depth"
      ]
    },
    "RADAR_FRONT_RIGHT": {
      "type_id": "sensor.other.radar",
      "blueprint_attributes": {
        "sensor_tick": "0.100000",
        "role_name": "default",
        "noise_seed": "0",
        "ros_name": "sensor.other.radar",
