{
  "schema_version": "stage1.v1",
  "sample_name": "sample_000084",
  "sequence_index": 84,
  "previous_sample_name": "sample_000083",
  "frame_id": 60085,
  "timestamp": 443.41970087587833,
  "platform_timestamp": 16814600.3709007,
  "delta_seconds": 0.10000000149011612,
  "town": "Carla/Maps/Town10HD_Opt",
  "weather": {
    "cloudiness": 20.0,
    "dust_storm": 0.0,
    "fog_density": 2.0,
    "fog_distance": 0.75,
    "fog_falloff": 0.10000000149011612,
    "mie_scattering_scale": 0.029999999329447746,
    "precipitation": 0.0,
    "precipitation_deposits": 0.0,
    "rayleigh_scattering_scale": 0.03310000151395798,
    "scattering_intensity": 1.0,
    "sun_altitude_angle": 45.0,
    "sun_azimuth_angle": 300.0,
    "wetness": 0.0,
    "wind_intensity": 10.0
  },
  "sensor_names": [
    "CAM_FRONT",
    "CAM_FRONT_RIGHT",
    "CAM_FRONT_LEFT",
    "CAM_BACK",
    "CAM_BACK_LEFT",
    "CAM_BACK_RIGHT",
    "LIDAR_TOP",
    "RADAR_FRONT",
    "RADAR_FRONT_LEFT",
    "RADAR_FRONT_RIGHT",
    "RADAR_BACK_LEFT",
    "RADAR_BACK_RIGHT"
  ],
  "camera_order_for_model": [
    "CAM_FRONT",
    "CAM_FRONT_RIGHT",
    "CAM_FRONT_LEFT",
    "CAM_BACK",
    "CAM_BACK_LEFT",
    "CAM_BACK_RIGHT"
  ],
  "radar_order_for_model": [
    "RADAR_FRONT",
    "RADAR_FRONT_LEFT",
    "RADAR_FRONT_RIGHT",
    "RADAR_BACK_LEFT",
    "RADAR_BACK_RIGHT"
  ],
  "coordinate_notes": {
    "carla_world": "left-handed x-forward y-right z-up",
    "bevfusion_lidar": "x-forward y-left z-up",
    "camera_frame_for_model": "OpenCV style x-right y-down z-forward"
  },
  "ego": {
    "actor_id": 28,
    "transform_carla": {
      "location": {
        "x": 77.88423919677734,
        "y": -62.10361099243164,
        "z": -0.004237174987792969
      },
      "rotation": {
        "roll": 0.027182914316654205,
        "pitch": -0.0711090937256813,
        "yaw": -160.44253540039062
      }
    },
    "velocity_carla": [
      -2.8181698322296143,
      -0.941229522228241,
      2.918243353633443e-06
    ],
    "angular_velocity_carla": [
      -0.0819339007139206,
      0.1420169323682785,
      -2.191591501235962
    ],
    "matrix_world_from_ego_carla": [
      [
        -0.9423055052757263,
        0.33475261926651,
        -0.0010106675326824188,
        77.88423919677734
      ],
      [
        -0.33475181460380554,
        -0.9423059225082397,
        -0.0008625161135569215,
        -62.10361099243164
      ],
      [
        -0.0012410874478518963,
        -0.00047443094081245363,
        0.9999991059303284,
        -0.004237174987792969
      ],
      [
        0.0,
        0.0,
        0.0,
        1.0
      ]
    ],
    "matrix_world_from_ego_bevfusion": [
      [
        -0.9423055052757263,
        -0.33475261926651,
        -0.0010106675326824188,
        77.88423919677734
      ],
      [
        0.33475181460380554,
        -0.9423059225082397,
        0.0008625161135569215,
        62.10361099243164
      ],
      [
        -0.0012410874478518963,
        0.00047443094081245363,
        0.9999991059303284,
        -0.004237174987792969
      ],
      [
        0.0,
        0.0,
        0.0,
        1.0
      ]
    ]
  },
  "sensors": {
    "CAM_FRONT": {
      "type_id": "sensor.camera.rgb",
      "blueprint_attributes": {
        "role_name": "front",
        "ros_name": "sensor.camera.rgb",
        "chromatic_aberration_offset": "0.0",
        "sensor_tick": "0.100000",
        "fstop": "1.4",
        "image_size_x": "960",
        "image_size_y": "540",
        "fov": "70.00",
        "lens_circle_falloff": "5.0",
        "lens_circle_multiplier": "0.0",
        "exposure_compensation": "0.0",
        "lens_y_size": "0.08",
        "lens_k": "-1.0",
        "exposure_mode": "histogram",
        "lens_kcube": "0.0",
        "lens_x_size": "0.08",
        "exposure_max_bright": "12.0",
        "shutter_speed": "200.0",
        "bloom_intensity": "0.675",
        "iso": "100.0",
        "enable_postprocess_effects": "false",
        "gamma": "2.2",
        "motion_blur_intensity": "0.0",
        "motion_blur_max_distortion": "0.35",
        "lens_flare_intensity": "0.1",
        "motion_blur_min_object_screen_size": "0.1",
        "exposure_min_bright": "10.0",
        "exposure_speed_up": "3.0",
        "exposure_speed_down": "1.0",
        "tint": "0.0",
        "calibration_constant": "16.0",
        "focal_distance": "1000.0",
        "min_fstop": "1.2",
        "blade_count": "5",
        "blur_amount": "0.0",
        "blur_radius": "0.0",
        "slope": "0.88",
        "toe": "0.55",
        "white_clip": "0.04",
        "shoulder": "0.26",
        "black_clip": "0.0",
        "temp": "6500.0",
        "chromatic_aberration_intensity": "0.0"
      },
      "transform_carla": {
        "location": {
          "x": 76.42194366455078,
          "y": -62.62394332885742,
          "z": 1.6938376426696777
        },
        "rotation": {
          "roll": 0.027182914316654205,
          "pitch": -0.0711090937256813,
          "yaw": -160.44253540039062
        }
      },
      "matrix_world_from_sensor_carla": [
        [
          -0.9423055052757263,
          0.33475261926651,
          -0.0010106675326824188,
          76.42194366455078
        ],
        [
          -0.33475181460380554,
          -0.9423059225082397,
          -0.0008625161135569215,
          -62.62394332885742
        ],
        [
          -0.0012410874478518963,
          -0.00047443094081245363,
          0.9999991059303284,
          1.6938376426696777
        ],
        [
          0.0,
          0.0,
          0.0,
          1.0
        ]
      ],
      "matrix_world_from_sensor_bevfusion": [
        [
          0.33475261926651,
          0.0010106675326824188,
          -0.9423055052757263,
          76.42194366455078
        ],
        [
          0.9423059225082397,
          -0.0008625161135569215,
          0.33475181460380554,
          62.62394332885742
        ],
        [
          -0.00047443094081245363,
          -0.9999991059303284,
          -0.0012410874478518963,
          1.6938376426696777
        ],
        [
          0.0,
          0.0,
          0.0,
          1.0
        ]
      ],
      "matrix_ego_from_sensor_carla": [
        [
          1.0,
          1.0121599558488015e-08,
          6.188085460712145e-11,
          1.5500068664550781
        ],
        [
          1.1840964653231367e-08,
          1.0,
          -1.23831674081476e-11,
          0.0
        ],
        [
          -5.4534571303221924e-11,
          1.6720689069438244e-11,
          1.0,
          1.7000000476837158
        ],
        [
          0.0,
          0.0,
          0.0,
          1.0
        ]
      ],
      "matrix_ego_from_sensor_bevfusion": [
        [
          1.0121599558488015e-08,
          -6.188085460712145e-11,
          1.0,
          1.5500068664550781
        ],
        [
          -1.0,
          -1.23831674081476e-11,
          -1.1840964653231367e-08,
          0.0
        ],
        [
          1.6720689069438244e-11,
          -1.0,
          -5.4534571303221924e-11,
          1.7000000476837158
        ],
        [
          0.0,
          0.0,
          0.0,
          1.0
        ]
      ],
      "camera_intrinsics": [
        [
          685.5110473632812,
          0.0,
          480.0
        ],
        [
          0.0,
          685.5110473632812,
          270.0
        ],
        [
          0.0,
          0.0,
          1.0
        ]
      ],
      "data_path": "D:\\Agent-AI\\outputs\\s3a_ml_long_v2\\sample_000084\\images\\CAM_FRONT.png",
      "raw_layout": "bgra8"
    },
    "CAM_FRONT_RIGHT": {
      "type_id": "sensor.camera.rgb",
      "blueprint_attributes": {
        "role_name": "front",
        "ros_name": "sensor.camera.rgb",
        "chromatic_aberration_offset": "0.0",
        "sensor_tick": "0.100000",
        "fstop": "1.4",
        "image_size_x": "960",
        "image_size_y": "540",
        "fov": "70.00",
        "lens_circle_falloff": "5.0",
        "lens_circle_multiplier": "0.0",
        "exposure_compensation": "0.0",
        "lens_y_size": "0.08",
        "lens_k": "-1.0",
        "exposure_mode": "histogram",
        "lens_kcube": "0.0",
        "lens_x_size": "0.08",
        "exposure_max_bright": "12.0",
        "shutter_speed": "200.0",
        "bloom_intensity": "0.675",
        "iso": "100.0",
        "enable_postprocess_effects": "false",
        "gamma": "2.2",
        "motion_blur_intensity": "0.0",
        "motion_blur_max_distortion": "0.35",
        "lens_flare_intensity": "0.1",
        "motion_blur_min_object_screen_size": "0.1",
        "exposure_min_bright": "10.0",
        "exposure_speed_up": "3.0",
        "exposure_speed_down": "1.0",
        "tint": "0.0",
        "calibration_constant": "16.0",
        "focal_distance": "1000.0",
        "min_fstop": "1.2",
        "blade_count": "5",
        "blur_amount": "0.0",
        "blur_radius": "0.0",
        "slope": "0.88",
        "toe": "0.55",
        "white_clip": "0.04",
        "shoulder": "0.26",
        "black_clip": "0.0",
        "temp": "6500.0",
        "chromatic_aberration_intensity": "0.0"
      },
      "transform_carla": {
        "location": {
          "x": 76.84163665771484,
          "y": -63.05852508544922,
          "z": 1.6938869953155518
        },
        "rotation": {
          "roll": -0.04265512526035309,
          "pitch": -0.06304947286844254,
          "yaw": -105.44253540039062
        }
      },
      "matrix_world_from_sensor_carla": [
        [
          -0.26627159118652344,
          0.9638974666595459,
          -0.001010606181807816,
          76.84163665771484
        ],
        [
          -0.9638974070549011,
          -0.2662724256515503,
          -0.0008624608744867146,
          -63.05852508544922
        ],
        [
          -0.0011004206025972962,
          0.0007444718503393233,
          0.9999991059303284,
          1.6938869953155518
        ],
        [
          0.0,
          0.0,
          0.0,
          1.0
        ]
      ],
      "matrix_world_from_sensor_bevfusion": [
        [
          0.9638974666595459,
          0.001010606181807816,
          -0.26627159118652344,
          76.84163665771484
        ],
        [
          0.2662724256515503,
          -0.0008624608744867146,
          0.9638974070549011,
          63.05852508544922
        ],
        [
          0.0007444718503393233,
          -0.9999991059303284,
          -0.0011004206025972962,
          1.6938869953155518
        ],
        [
          0.0,
          0.0,
          0.0,
          1.0
        ]
      ],
      "matrix_ego_from_sensor_carla": [
        [
          0.5735769867897034,
          -0.8191516995429993,
          -7.630656995161189e-08,
          1.3000068664550781
        ],
        [
          0.8191516399383545,
          0.5735769271850586,
          -3.15318331445269e-08,
          0.5500030517578125
        ],
        [
          6.955247755513483e-08,
          -4.432135369825119e-08,
          1.0,
          1.7000000476837158
        ],
        [
          0.0,
          0.0,
          0.0,
          1.0
        ]
      ],
      "matrix_ego_from_sensor_bevfusion": [
        [
          -0.8191516995429993,
          7.630656995161189e-08,
          0.5735769867897034,
          1.3000068664550781
        ],
        [
          -0.5735769271850586,
          -3.15318331445269e-08,
          -0.8191516399383545,
          -0.5500030517578125
        ],
        [
          -4.432135369825119e-08,
          -1.0,
          6.955247755513483e-08,
          1.7000000476837158
        ],
        [
          0.0,
          0.0,
          0.0,
          1.0
        ]
      ],
      "camera_intrinsics": [
        [
          685.5110473632812,
          0.0,
          480.0
        ],
        [
          0.0,
          685.5110473632812,
          270.0
        ],
        [
          0.0,
          0.0,
          1.0
        ]
      ],
      "data_path": "D:\\Agent-AI\\outputs\\s3a_ml_long_v2\\sample_000084\\images\\CAM_FRONT_RIGHT.png",
      "raw_layout": "bgra8"
    },
    "CAM_FRONT_LEFT": {
      "type_id": "sensor.camera.rgb",
      "blueprint_attributes": {
        "role_name": "front",
        "ros_name": "sensor.camera.rgb",
        "chromatic_aberration_offset": "0.0",
        "sensor_tick": "0.100000",
        "fstop": "1.4",
        "image_size_x": "960",
        "image_size_y": "540",
        "fov": "70.00",
        "lens_circle_falloff": "5.0",
        "lens_circle_multiplier": "0.0",
        "exposure_compensation": "0.0",
        "lens_y_size": "0.08",
        "lens_k": "-1.0",
        "exposure_mode": "histogram",
        "lens_kcube": "0.0",
        "lens_x_size": "0.08",
        "exposure_max_bright": "12.0",
        "shutter_speed": "200.0",
        "bloom_intensity": "0.675",
        "iso": "100.0",
        "enable_postprocess_effects": "false",
        "gamma": "2.2",
        "motion_blur_intensity": "0.0",
        "motion_blur_max_distortion": "0.35",
        "lens_flare_intensity": "0.1",
        "motion_blur_min_object_screen_size": "0.1",
        "exposure_min_bright": "10.0",
        "exposure_speed_up": "3.0",
        "exposure_speed_down": "1.0",
        "tint": "0.0",
        "calibration_constant": "16.0",
        "focal_distance": "1000.0",
        "min_fstop": "1.2",
        "blade_count": "5",
        "blur_amount": "0.0",
        "blur_radius": "0.0",
        "slope": "0.88",
        "toe": "0.55",
        "white_clip": "0.04",
        "shoulder": "0.26",
        "black_clip": "0.0",
        "temp": "6500.0",
        "chromatic_aberration_intensity": "0.0"
      },
      "transform_carla": {
        "location": {
          "x": 76.47340393066406,
          "y": -62.0219841003418,
          "z": 1.694408893585205
        },
        "rotation": {
          "roll": 0.07383805513381958,
          "pitch": -0.01851664111018181,
          "yaw": 144.55746459960938
        }
      },
      "matrix_world_from_sensor_carla": [
        [
          -0.8146973848342896,
          -0.5798854231834412,
          -0.0010105998953804374,
          76.47340393066406
        ],
        [
          0.5798861980438232,
          -0.8146970272064209,
          -0.0008625088958069682,
          -62.0219841003418
        ],
        [
          -0.0003231763548683375,
          -0.0012887166813015938,
          0.9999991059303284,
          1.694408893585205
        ],
        [
          0.0,
          0.0,
          0.0,
          1.0
        ]
      ],
      "matrix_world_from_sensor_bevfusion": [
        [
          -0.5798854231834412,
          0.0010105998953804374,
          -0.8146973848342896,
          76.47340393066406
        ],
        [
          0.8146970272064209,
          -0.0008625088958069682,
          -0.5798861980438232,
          62.0219841003418
        ],
        [
          -0.0012887166813015938,
          -0.9999991059303284,
          -0.0003231763548683375,
          1.694408893585205
        ],
        [
          0.0,
          0.0,
          0.0,
          1.0
        ]
      ],
      "matrix_ego_from_sensor_carla": [
        [
          0.5735762715339661,
          0.8191521763801575,
          -6.617843695266856e-08,
          1.3000068664550781
        ],
        [
          -0.8191520571708679,
          0.5735762715339661,
          1.5820100784935676e-08,
          -0.5500030517578125
        ],
        [
          5.0813191876386554e-08,
          4.515719354003522e-08,
          1.0,
          1.7000000476837158
        ],
        [
          0.0,
          0.0,
          0.0,
          1.0
        ]
      ],
      "matrix_ego_from_sensor_bevfusion": [
        [
          0.8191521763801575,
          6.617843695266856e-08,
          0.5735762715339661,
          1.3000068664550781
        ],
        [
          -0.5735762715339661,
          1.5820100784935676e-08,
          0.8191520571708679,
          0.5500030517578125
        ],
        [
          4.515719354003522e-08,
          -1.0,
          5.0813191876386554e-08,
          1.7000000476837158
        ],
        [
          0.0,
          0.0,
          0.0,
          1.0
        ]
      ],
      "camera_intrinsics": [
        [
          685.5110473632812,
          0.0,
          480.0
        ],
        [
          0.0,
          685.5110473632812,
          270.0
        ],
        [
          0.0,
          0.0,
          1.0
        ]
      ],
      "data_path": "D:\\Agent-AI\\outputs\\s3a_ml_long_v2\\sample_000084\\images\\CAM_FRONT_LEFT.png",
      "raw_layout": "bgra8"
    },
    "CAM_BACK": {
      "type_id": "sensor.camera.rgb",
      "blueprint_attributes": {
        "role_name": "front",
        "ros_name": "sensor.camera.rgb",
        "chromatic_aberration_offset": "0.0",
        "sensor_tick": "0.100000",
        "fstop": "1.4",
        "image_size_x": "960",
        "image_size_y": "540",
        "fov": "70.00",
        "lens_circle_falloff": "5.0",
        "lens_circle_multiplier": "0.0",
        "exposure_compensation": "0.0",
        "lens_y_size": "0.08",
        "lens_k": "-1.0",
        "exposure_mode": "histogram",
        "lens_kcube": "0.0",
        "lens_x_size": "0.08",
        "exposure_max_bright": "12.0",
        "shutter_speed": "200.0",
        "bloom_intensity": "0.675",
        "iso": "100.0",
        "enable_postprocess_effects": "false",
        "gamma": "2.2",
        "motion_blur_intensity": "0.0",
        "motion_blur_max_distortion": "0.35",
        "lens_flare_intensity": "0.1",
        "motion_blur_min_object_screen_size": "0.1",
        "exposure_min_bright": "10.0",
        "exposure_speed_up": "3.0",
        "exposure_speed_down": "1.0",
        "tint": "0.0",
        "calibration_constant": "16.0",
        "focal_distance": "1000.0",
        "min_fstop": "1.2",
        "blade_count": "5",
        "blur_amount": "0.0",
        "blur_radius": "0.0",
        "slope": "0.88",
        "toe": "0.55",
        "white_clip": "0.04",
        "shoulder": "0.26",
        "black_clip": "0.0",
        "temp": "6500.0",
        "chromatic_aberration_intensity": "0.0"
      },
      "transform_carla": {
        "location": {
          "x": 79.34309387207031,
          "y": -61.58621597290039,
          "z": 1.6976847648620605
        },
        "rotation": {
          "roll": -0.027182884514331818,
          "pitch": 0.0711090937256813,
          "yaw": 19.557479858398438
        }
      },
      "matrix_world_from_sensor_carla": [
        [
          0.9423054456710815,
          -0.3347528874874115,
          -0.001010667416267097,
          79.34309387207031
        ],
        [
          0.33475208282470703,
          0.942305862903595,
          -0.0008625159389339387,
          -61.58621597290039
        ],
        [
          0.0012410874478518963,
          0.0004744304169435054,
          0.9999991059303284,
          1.6976847648620605
        ],
        [
          0.0,
          0.0,
          0.0,
          1.0
        ]
      ],
      "matrix_world_from_sensor_bevfusion": [
        [
          -0.3347528874874115,
          0.001010667416267097,
          0.9423054456710815,
          79.34309387207031
        ],
        [
          -0.942305862903595,
          -0.0008625159389339387,
          -0.33475208282470703,
          61.58621597290039
        ],
        [
          0.0004744304169435054,
          -0.9999991059303284,
          0.0012410874478518963,
          1.6976847648620605
        ],
        [
          0.0,
          0.0,
          0.0,
          1.0
        ]
      ],
      "matrix_ego_from_sensor_carla": [
        [
          -1.0,
          2.780526813239703e-07,
          -1.7094978210785428e-10,
          -1.5499954223632812
        ],
        [
          -2.6458710067345237e-07,
          -1.0,
          -1.2879848576563546e-10,
          0.0
        ],
        [
          -1.782960723506477e-10,
          -2.2044703562595913e-10,
          1.0,
          1.6999998092651367
        ],
        [
          0.0,
          0.0,
          0.0,
          1.0
        ]
      ],
      "matrix_ego_from_sensor_bevfusion": [
        [
          2.780526813239703e-07,
          1.7094978210785428e-10,
          -1.0,
          -1.5499954223632812
        ],
        [
          1.0,
          -1.2879848576563546e-10,
          2.6458710067345237e-07,
          0.0
        ],
        [
          -2.2044703562595913e-10,
          -1.0,
          -1.782960723506477e-10,
          1.6999998092651367
        ],
        [
          0.0,
          0.0,
          0.0,
          1.0
        ]
      ],
      "camera_intrinsics": [
        [
          685.5110473632812,
          0.0,
          480.0
        ],
        [
          0.0,
          685.5110473632812,
          270.0
        ],
        [
          0.0,
          0.0,
          1.0
        ]
      ],
      "data_path": "D:\\Agent-AI\\outputs\\s3a_ml_long_v2\\sample_000084\\images\\CAM_BACK.png",
      "raw_layout": "bgra8"
    },
    "CAM_BACK_LEFT": {
      "type_id": "sensor.camera.rgb",
      "blueprint_attributes": {
        "role_name": "front",
        "ros_name": "sensor.camera.rgb",
        "chromatic_aberration_offset": "0.0",
        "sensor_tick": "0.100000",
        "fstop": "1.4",
        "image_size_x": "960",
        "image_size_y": "540",
        "fov": "70.00",
        "lens_circle_falloff": "5.0",
        "lens_circle_multiplier": "0.0",
        "exposure_compensation": "0.0",
        "lens_y_size": "0.08",
        "lens_k": "-1.0",
        "exposure_mode": "histogram",
        "lens_kcube": "0.0",
        "lens_x_size": "0.08",
        "exposure_max_bright": "12.0",
        "shutter_speed": "200.0",
        "bloom_intensity": "0.675",
        "iso": "100.0",
        "enable_postprocess_effects": "false",
        "gamma": "2.2",
        "motion_blur_intensity": "0.0",
        "motion_blur_max_distortion": "0.35",
        "lens_flare_intensity": "0.1",
        "motion_blur_min_object_screen_size": "0.1",
        "exposure_min_bright": "10.0",
        "exposure_speed_up": "3.0",
        "exposure_speed_down": "1.0",
        "tint": "0.0",
        "calibration_constant": "16.0",
        "focal_distance": "1000.0",
        "min_fstop": "1.2",
        "blade_count": "5",
        "blur_amount": "0.0",
        "blur_radius": "0.0",
        "slope": "0.88",
        "toe": "0.55",
        "white_clip": "0.04",
        "shoulder": "0.26",
        "black_clip": "0.0",
        "temp": "6500.0",
        "chromatic_aberration_intensity": "0.0"
      },
      "transform_carla": {
        "location": {
          "x": 78.92340087890625,
          "y": -61.151634216308594,
          "z": 1.6976354122161865
        },
        "rotation": {
          "roll": 0.04265512898564339,
          "pitch": 0.06304947286844254,
          "yaw": 74.55747985839844
        }
      },
      "matrix_world_from_sensor_carla": [
        [
          0.2662714123725891,
          -0.9638975262641907,
          -0.0010106060653924942,
          78.92340087890625
        ],
        [
          0.9638974666595459,
          0.26627224683761597,
          -0.0008624611073173583,
          -61.151634216308594
        ],
        [
          0.0011004206025972962,
          -0.0007444719085469842,
          0.9999991059303284,
          1.6976354122161865
        ],
        [
          0.0,
          0.0,
          0.0,
          1.0
        ]
      ],
      "matrix_world_from_sensor_bevfusion": [
        [
          -0.9638975262641907,
          0.0010106060653924942,
          0.2662714123725891,
          78.92340087890625
        ],
        [
          -0.26627224683761597,
          -0.0008624611073173583,
          -0.9638974666595459,
          61.151634216308594
        ],
        [
          -0.0007444719085469842,
          -0.9999991059303284,
          0.0011004206025972962,
          1.6976354122161865
        ],
        [
          0.0,
          0.0,
          0.0,
          1.0
        ]
      ],
      "matrix_ego_from_sensor_carla": [
        [
          -0.5735768675804138,
          0.819151759147644,
          -7.630656995161189e-08,
          -1.2999954223632812
        ],
        [
          -0.819151759147644,
          -0.5735767483711243,
          -3.1269898670416296e-08,
          -0.5500030517578125
        ],
        [
          -6.931964691148096e-08,
          4.443776902007812e-08,
          1.0,
          1.6999996900558472
        ],
        [
          0.0,
          0.0,
          0.0,
          1.0
        ]
      ],
      "matrix_ego_from_sensor_bevfusion": [
        [
          0.819151759147644,
          7.630656995161189e-08,
          -0.5735768675804138,
          -1.2999954223632812
        ],
        [
          0.5735767483711243,
          -3.1269898670416296e-08,
          0.819151759147644,
          0.5500030517578125
        ],
        [
          4.443776902007812e-08,
          -1.0,
          -6.931964691148096e-08,
          1.6999996900558472
        ],
        [
          0.0,
          0.0,
          0.0,
          1.0
        ]
      ],
      "camera_intrinsics": [
        [
          685.5110473632812,
          0.0,
          480.0
        ],
        [
          0.0,
          685.5110473632812,
          270.0
        ],
        [
          0.0,
          0.0,
          1.0
        ]
      ],
      "data_path": "D:\\Agent-AI\\outputs\\s3a_ml_long_v2\\sample_000084\\images\\CAM_BACK_LEFT.png",
      "raw_layout": "bgra8"
    },
    "CAM_BACK_RIGHT": {
      "type_id": "sensor.camera.rgb",
      "blueprint_attributes": {
        "role_name": "front",
        "ros_name": "sensor.camera.rgb",
        "chromatic_aberration_offset": "0.0",
        "sensor_tick": "0.100000",
        "fstop": "1.4",
        "image_size_x": "960",
        "image_size_y": "540",
        "fov": "70.00",
        "lens_circle_falloff": "5.0",
        "lens_circle_multiplier": "0.0",
        "exposure_compensation": "0.0",
        "lens_y_size": "0.08",
        "lens_k": "-1.0",
        "exposure_mode": "histogram",
        "lens_kcube": "0.0",
        "lens_x_size": "0.08",
        "exposure_max_bright": "12.0",
        "shutter_speed": "200.0",
        "bloom_intensity": "0.675",
        "iso": "100.0",
        "enable_postprocess_effects": "false",
        "gamma": "2.2",
        "motion_blur_intensity": "0.0",
        "motion_blur_max_distortion": "0.35",
        "lens_flare_intensity": "0.1",
        "motion_blur_min_object_screen_size": "0.1",
        "exposure_min_bright": "10.0",
        "exposure_speed_up": "3.0",
        "exposure_speed_down": "1.0",
        "tint": "0.0",
        "calibration_constant": "16.0",
        "focal_distance": "1000.0",
        "min_fstop": "1.2",
        "blade_count": "5",
        "blur_amount": "0.0",
        "blur_radius": "0.0",
        "slope": "0.88",
        "toe": "0.55",
        "white_clip": "0.04",
        "shoulder": "0.26",
        "black_clip": "0.0",
        "temp": "6500.0",
        "chromatic_aberration_intensity": "0.0"
      },
      "transform_carla": {
        "location": {
          "x": 79.2916259765625,
          "y": -62.188167572021484,
          "z": 1.6971136331558228
        },
        "rotation": {
          "roll": -0.07383805513381958,
          "pitch": 0.01851664111018181,
          "yaw": -35.44255065917969
        }
      },
      "matrix_world_from_sensor_carla": [
        [
          0.8146973252296448,
          0.5798855423927307,
          -0.0010106000117957592,
          79.2916259765625
        ],
        [
          -0.5798863172531128,
          0.8146969676017761,
          -0.0008625087793916464,
          -62.188167572021484
        ],
        [
          0.0003231763548683375,
          0.0012887166813015938,
          0.9999991059303284,
          1.6971136331558228
        ],
        [
          0.0,
          0.0,
          0.0,
          1.0
        ]
      ],
      "matrix_world_from_sensor_bevfusion": [
        [
          0.5798855423927307,
          0.0010106000117957592,
          0.8146973252296448,
          79.2916259765625
        ],
        [
          -0.8146969676017761,
          -0.0008625087793916464,
          0.5798863172531128,
          62.188167572021484
        ],
        [
          0.0012887166813015938,
          -0.9999991059303284,
          0.0003231763548683375,
          1.6971136331558228
        ],
        [
          0.0,
          0.0,
          0.0,
          1.0
        ]
      ],
      "matrix_ego_from_sensor_carla": [
        [
          -0.5735761523246765,
          -0.8191522359848022,
          -6.606202163084163e-08,
          -1.2999916076660156
        ],
        [
          0.8191521763801575,
          -0.5735762119293213,
          1.5674581632652007e-08,
          0.5499954223632812
        ],
        [
          -5.0667672724102886e-08,
          -4.515719354003522e-08,
          1.0,
          1.6999998092651367
        ],
        [
          0.0,
          0.0,
          0.0,
          1.0
        ]
      ],
      "matrix_ego_from_sensor_bevfusion": [
        [
          -0.8191522359848022,
          6.606202163084163e-08,
          -0.5735761523246765,
          -1.2999916076660156
        ],
        [
          0.5735762119293213,
          1.5674581632652007e-08,
          -0.8191521763801575,
          -0.5499954223632812
        ],
        [
          -4.515719354003522e-08,
          -1.0,
          -5.0667672724102886e-08,
          1.6999998092651367
        ],
        [
          0.0,
          0.0,
          0.0,
          1.0
        ]
      ],
      "camera_intrinsics": [
        [
          685.5110473632812,
          0.0,
          480.0
        ],
        [
          0.0,
          685.5110473632812,
          270.0
        ],
        [
          0.0,
          0.0,
          1.0
        ]
      ],
      "data_path": "D:\\Agent-AI\\outputs\\s3a_ml_long_v2\\sample_000084\\images\\CAM_BACK_RIGHT.png",
      "raw_layout": "bgra8"
    },
    "LIDAR_TOP": {
      "type_id": "sensor.lidar.ray_cast",
      "blueprint_attributes": {
        "atmosphere_attenuation_rate": "0.004",
        "role_name": "front",
        "noise_seed": "0",
        "upper_fov": "10.0",
        "ros_name": "sensor.lidar.ray_cast",
        "sensor_tick": "0.100000",
        "channels": "32",
        "range": "120.0",
        "points_per_second": "360000",
        "lower_fov": "-30.0",
        "rotation_frequency": "10.000000",
        "horizontal_fov": "360.0",
        "dropoff_general_rate": "0.0",
        "dropoff_intensity_limit": "1.0",
        "noise_stddev": "0.0",
        "dropoff_zero_intensity": "0.0"
      },
      "transform_carla": {
        "location": {
          "x": 77.88201141357422,
          "y": -62.10551071166992,
          "z": 2.195760726928711
        },
        "rotation": {
          "roll": 0.027182914316654205,
          "pitch": -0.0711090937256813,
          "yaw": -160.44253540039062
        }
      },
      "matrix_world_from_sensor_carla": [
        [
          -0.9423055052757263,
          0.33475261926651,
          -0.0010106675326824188,
          77.88201141357422
        ],
        [
          -0.33475181460380554,
          -0.9423059225082397,
          -0.0008625161135569215,
          -62.10551071166992
        ],
        [
          -0.0012410874478518963,
          -0.00047443094081245363,
          0.9999991059303284,
          2.195760726928711
        ],
        [
          0.0,
          0.0,
          0.0,
          1.0
        ]
      ],
      "matrix_world_from_sensor_bevfusion": [
        [
          -0.9423055052757263,
          -0.33475261926651,
          -0.0010106675326824188,
          77.88201141357422
        ],
        [
          0.33475181460380554,
          -0.9423059225082397,
          0.0008625161135569215,
          62.10551071166992
        ],
        [
          -0.0012410874478518963,
          0.00047443094081245363,
          0.9999991059303284,
          2.195760726928711
        ],
        [
          0.0,
          0.0,
          0.0,
          1.0
        ]
      ],
      "matrix_ego_from_sensor_carla": [
        [
          1.0,
          1.0121599558488015e-08,
          6.188085460712145e-11,
          7.62939453125e-06
        ],
        [
          1.1840964653231367e-08,
          1.0,
          -1.23831674081476e-11,
          0.0
        ],
        [
          -5.4534571303221924e-11,
          1.6720689069438244e-11,
          1.0,
          2.1999998092651367
        ],
        [
          0.0,
          0.0,
          0.0,
          1.0
        ]
      ],
      "matrix_ego_from_sensor_bevfusion": [
        [
          1.0,
          -1.0121599558488015e-08,
          6.188085460712145e-11,
          7.62939453125e-06
        ],
        [
          -1.1840964653231367e-08,
          1.0,
          1.23831674081476e-11,
          0.0
        ],
        [
          -5.4534571303221924e-11,
          -1.6720689069438244e-11,
          1.0,
          2.1999998092651367
        ],
        [
          0.0,
          0.0,
          0.0,
          1.0
        ]
      ],
      "data_path": "D:\\Agent-AI\\outputs\\s3a_ml_long_v2\\sample_000084\\lidar\\LIDAR_TOP.npy",
      "raw_layout": [
        "x",
        "y",
        "z",
        "intensity"
      ]
    },
    "RADAR_FRONT": {
      "type_id": "sensor.other.radar",
      "blueprint_attributes": {
        "sensor_tick": "0.100000",
        "role_name": "default",
        "noise_seed": "0",
        "ros_name": "sensor.other.radar",
        "horizontal_fov": "35.0",
        "points_per_second": "1500",
        "vertical_fov": "20.0",
        "range": "120.0"
      },
      "transform_carla": {
        "location": {
          "x": 75.99871063232422,
          "y": -62.77389144897461,
          "z": 0.893280029296875
        },
        "rotation": {
          "roll": 0.027182914316654205,
          "pitch": -0.0711090937256813,
          "yaw": -160.44253540039062
        }
      },
      "matrix_world_from_sensor_carla": [
        [
          -0.9423055052757263,
          0.33475261926651,
          -0.0010106675326824188,
          75.99871063232422
        ],
        [
          -0.33475181460380554,
          -0.9423059225082397,
          -0.0008625161135569215,
          -62.77389144897461
        ],
        [
          -0.0012410874478518963,
          -0.00047443094081245363,
          0.9999991059303284,
          0.893280029296875
        ],
        [
          0.0,
          0.0,
          0.0,
          1.0
        ]
      ],
      "matrix_world_from_sensor_bevfusion": [
        [
          -0.9423055052757263,
          -0.33475261926651,
          -0.0010106675326824188,
          75.99871063232422
        ],
        [
          0.33475181460380554,
          -0.9423059225082397,
          0.0008625161135569215,
          62.77389144897461
        ],
        [
          -0.0012410874478518963,
          0.00047443094081245363,
          0.9999991059303284,
          0.893280029296875
        ],
        [
          0.0,
          0.0,
          0.0,
          1.0
        ]
      ],
      "matrix_ego_from_sensor_carla": [
        [
          1.0,
          1.0121599558488015e-08,
          6.188085460712145e-11,
          2.0000038146972656
        ],
        [
          1.1840964653231367e-08,
          1.0,
          -1.23831674081476e-11,
          -7.62939453125e-06
        ],
        [
          -5.4534571303221924e-11,
          1.6720689069438244e-11,
          1.0,
          0.9000001549720764
        ],
        [
          0.0,
          0.0,
          0.0,
          1.0
        ]
      ],
      "matrix_ego_from_sensor_bevfusion": [
        [
          1.0,
          -1.0121599558488015e-08,
          6.188085460712145e-11,
          2.0000038146972656
        ],
        [
          -1.1840964653231367e-08,
          1.0,
          1.23831674081476e-11,
          7.62939453125e-06
        ],
        [
          -5.4534571303221924e-11,
          -1.6720689069438244e-11,
          1.0,
          0.9000001549720764
        ],
        [
          0.0,
          0.0,
          0.0,
          1.0
        ]
      ],
      "data_path": "D:\\Agent-AI\\outputs\\s3a_ml_long_v2\\sample_000084\\radar\\RADAR_FRONT.npy",
      "raw_layout": [
        "velocity",
        "altitude",
        "azimuth",
        "depth"
      ]
    },
    "RADAR_FRONT_LEFT": {
      "type_id": "sensor.other.radar",
      "blueprint_attributes": {
        "sensor_tick": "0.100000",
        "role_name": "default",
        "noise_seed": "0",
        "ros_name": "sensor.other.radar",
        "horizontal_fov": "35.0",
        "points_per_second": "1500",
        "vertical_fov": "20.0",
        "range": "120.0"
      },
      "transform_carla": {
        "location": {
          "x": 76.07746124267578,
          "y": -61.94999694824219,
          "z": 0.8940700888633728
        },
        "rotation": {
          "roll": 0.06950072199106216,
          "pitch": -0.03106369823217392,
          "yaw": 154.55747985839844
        }
      },
      "matrix_world_from_sensor_carla": [
        [
          -0.9030166268348694,
          -0.4296044707298279,
          -0.0010107008274644613,
          76.07746124267578
        ],
        [
          0.42960530519485474,
          -0.9030163884162903,
          -0.0008624575566500425,
          -61.94999694824219
        ],
        [
          -0.0005421637906692922,
          -0.0012130159884691238,
          0.9999991655349731,
          0.8940700888633728
        ],
        [
          0.0,
          0.0,
          0.0,
          1.0
        ]
      ],
      "matrix_world_from_sensor_bevfusion": [
        [
          -0.9030166268348694,
          0.4296044707298279,
          -0.0010107008274644613,
          76.07746124267578
        ],
        [
          -0.42960530519485474,
          -0.9030163884162903,
          0.0008624575566500425,
          61.94999694824219
        ],
        [
          -0.0005421637906692922,
          0.0012130159884691238,
          0.9999991655349731,
          0.8940700888633728
        ],
        [
          0.0,
          0.0,
          0.0,
          1.0
        ]
      ],
      "matrix_ego_from_sensor_carla": [
        [
          0.7071070075035095,
          0.7071065306663513,
          1.174585406715778e-08,
          1.6500015258789062
        ],
        [
          -0.7071065306663513,
          0.7071070671081543,
          -6.636829397166366e-08,
          -0.75
        ],
        [
          -5.53364145616797e-08,
          3.8570252769432045e-08,
          1.0,
          0.9000000357627869
        ],
        [
          0.0,
          0.0,
          0.0,
          1.0
        ]
      ],
      "matrix_ego_from_sensor_bevfusion": [
        [
          0.7071070075035095,
          -0.7071065306663513,
          1.174585406715778e-08,
          1.6500015258789062
        ],
        [
          0.7071065306663513,
          0.7071070671081543,
          6.636829397166366e-08,
          0.75
        ],
        [
          -5.53364145616797e-08,
          -3.8570252769432045e-08,
          1.0,
          0.9000000357627869
        ],
        [
          0.0,
          0.0,
          0.0,
          1.0
        ]
      ],
      "data_path": "D:\\Agent-AI\\outputs\\s3a_ml_long_v2\\sample_000084\\radar\\RADAR_FRONT_LEFT.npy",
      "raw_layout": [
        "velocity",
        "altitude",
        "azimuth",
        "depth"
      ]
    },
    "RADAR_FRONT_RIGHT": {
      "type_id": "sensor.other.radar",
      "blueprint_attributes": {
        "sensor_tick": "0.100000",
        "role_name": "default",
        "noise_seed": "0",
        "ros_name": "sensor.other.radar",
        "horizontal_fov": "35.0",
        "points_per_second": "1500",
