{
  "schema_version": "stage1.v1",
  "sample_name": "sample_000010",
  "sequence_index": 10,
  "previous_sample_name": "sample_000009",
  "frame_id": 2187,
  "timestamp": 33.390632301568985,
  "platform_timestamp": 16781868.5577266,
  "delta_seconds": 0.05000000074505806,
  "town": "Carla/Maps/Town10HD_Opt",
  "weather": {
    "cloudiness": 20.0,
    "dust_storm": 0.0,
    "fog_density": 2.0,
    "fog_distance": 0.75,
    "fog_falloff": 0.10000000149011612,
    "mie_scattering_scale": 0.029999999329447746,
    "precipitation": 0.0,
    "precipitation_deposits": 0.0,
    "rayleigh_scattering_scale": 0.03310000151395798,
    "scattering_intensity": 1.0,
    "sun_altitude_angle": 45.0,
    "sun_azimuth_angle": 300.0,
    "wetness": 0.0,
    "wind_intensity": 10.0
  },
  "sensor_names": [
    "CAM_FRONT",
    "CAM_FRONT_RIGHT",
    "CAM_FRONT_LEFT",
    "CAM_BACK",
    "CAM_BACK_LEFT",
    "CAM_BACK_RIGHT",
    "LIDAR_TOP",
    "RADAR_FRONT",
    "RADAR_FRONT_LEFT",
    "RADAR_FRONT_RIGHT",
    "RADAR_BACK_LEFT",
    "RADAR_BACK_RIGHT"
  ],
  "camera_order_for_model": [
    "CAM_FRONT",
    "CAM_FRONT_RIGHT",
    "CAM_FRONT_LEFT",
    "CAM_BACK",
    "CAM_BACK_LEFT",
    "CAM_BACK_RIGHT"
  ],
  "radar_order_for_model": [
    "RADAR_FRONT",
    "RADAR_FRONT_LEFT",
    "RADAR_FRONT_RIGHT",
    "RADAR_BACK_LEFT",
    "RADAR_BACK_RIGHT"
  ],
  "coordinate_notes": {
    "carla_world": "left-handed x-forward y-right z-up",
    "bevfusion_lidar": "x-forward y-left z-up",
    "camera_frame_for_model": "OpenCV style x-right y-down z-forward"
  },
  "ego": {
    "actor_id": 24,
    "transform_carla": {
      "location": {
        "x": -59.902103424072266,
        "y": 23.696367263793945,
        "z": -0.0058563994243741035
      },
      "rotation": {
        "roll": 0.4622242748737335,
        "pitch": 0.4296666979789734,
        "yaw": -11.504230499267578
      }
    },
    "velocity_carla": [
      6.197819232940674,
      -1.6422170400619507,
      -0.00038322448381222785
    ],
    "angular_velocity_carla": [
      -3.8714892864227295,
      -1.2183773517608643,
      -18.724607467651367
    ],
    "matrix_world_from_ego_carla": [
      [
        0.9798823595046997,
        0.19949306547641754,
        -0.005739198531955481,
        -59.902103424072266
      ],
      [
        -0.19943466782569885,
        0.9798660278320312,
        0.00940073560923338,
        23.696367263793945
      ],
      [
        0.007499027997255325,
        -0.00806702021509409,
        0.9999393224716187,
        -0.0058563994243741035
      ],
      [
        0.0,
        0.0,
        0.0,
        1.0
      ]
    ],
    "matrix_world_from_ego_bevfusion": [
      [
        0.9798823595046997,
        -0.19949306547641754,
        -0.005739198531955481,
        -59.902103424072266
      ],
      [
        0.19943466782569885,
        0.9798660278320312,
        -0.00940073560923338,
        -23.696367263793945
      ],
      [
        0.007499027997255325,
        0.00806702021509409,
        0.9999393224716187,
        -0.0058563994243741035
      ],
      [
        0.0,
        0.0,
        0.0,
        1.0
      ]
    ]
  },
  "sensors": {
    "CAM_FRONT": {
      "type_id": "sensor.camera.rgb",
      "blueprint_attributes": {
        "role_name": "front",
        "ros_name": "sensor.camera.rgb",
        "chromatic_aberration_offset": "0.0",
        "sensor_tick": "0.050000",
        "fstop": "1.4",
        "image_size_x": "1600",
        "image_size_y": "900",
        "fov": "70.00",
        "lens_circle_falloff": "5.0",
        "lens_circle_multiplier": "0.0",
        "exposure_compensation": "0.0",
        "lens_y_size": "0.08",
        "lens_k": "-1.0",
        "exposure_mode": "histogram",
        "lens_kcube": "0.0",
        "lens_x_size": "0.08",
        "exposure_max_bright": "12.0",
        "shutter_speed": "200.0",
        "bloom_intensity": "0.675",
        "iso": "100.0",
        "enable_postprocess_effects": "false",
        "gamma": "2.2",
        "motion_blur_intensity": "0.0",
        "motion_blur_max_distortion": "0.35",
        "lens_flare_intensity": "0.1",
        "motion_blur_min_object_screen_size": "0.1",
        "exposure_min_bright": "10.0",
        "exposure_speed_up": "3.0",
        "exposure_speed_down": "1.0",
        "tint": "0.0",
        "calibration_constant": "16.0",
        "focal_distance": "1000.0",
        "min_fstop": "1.2",
        "blade_count": "5",
        "blur_amount": "0.0",
        "blur_radius": "0.0",
        "slope": "0.88",
        "toe": "0.55",
        "white_clip": "0.04",
        "shoulder": "0.26",
        "black_clip": "0.0",
        "temp": "6500.0",
        "chromatic_aberration_intensity": "0.0"
      },
      "transform_carla": {
        "location": {
          "x": -58.39303970336914,
          "y": 23.40322494506836,
          "z": 1.705664038658142
        },
        "rotation": {
          "roll": 0.4622242748737335,
          "pitch": 0.4296666979789734,
          "yaw": -11.504230499267578
        }
      },
      "matrix_world_from_sensor_carla": [
        [
          0.9798823595046997,
          0.19949306547641754,
          -0.005739198531955481,
          -58.39303970336914
        ],
        [
          -0.19943466782569885,
          0.9798660278320312,
          0.00940073560923338,
          23.40322494506836
        ],
        [
          0.007499027997255325,
          -0.00806702021509409,
          0.9999393224716187,
          1.705664038658142
        ],
        [
          0.0,
          0.0,
          0.0,
          1.0
        ]
      ],
      "matrix_world_from_sensor_bevfusion": [
        [
          0.19949306547641754,
          0.005739198531955481,
          0.9798823595046997,
          -58.39303970336914
        ],
        [
          -0.9798660278320312,
          0.00940073560923338,
          0.19943466782569885,
          -23.40322494506836
        ],
        [
          -0.00806702021509409,
          -0.9999393224716187,
          0.007499027997255325,
          1.705664038658142
        ],
        [
          0.0,
          0.0,
          0.0,
          1.0
        ]
      ],
      "matrix_ego_from_sensor_carla": [
        [
          0.9999999403953552,
          3.496943012937237e-10,
          -7.140643631942112e-11,
          1.5500030517578125
        ],
        [
          4.774207071345238e-11,
          1.0,
          5.4249638115067e-10,
          0.0
        ],
        [
          3.7557046361769153e-10,
          6.166450683409153e-11,
          1.0,
          1.700000286102295
        ],
        [
          0.0,
          0.0,
          0.0,
          1.0
        ]
      ],
      "matrix_ego_from_sensor_bevfusion": [
        [
          3.496943012937237e-10,
          7.140643631942112e-11,
          0.9999999403953552,
          1.5500030517578125
        ],
        [
          -1.0,
          5.4249638115067e-10,
          -4.774207071345238e-11,
          0.0
        ],
        [
          6.166450683409153e-11,
          -1.0,
          3.7557046361769153e-10,
          1.700000286102295
        ],
        [
          0.0,
          0.0,
          0.0,
          1.0
        ]
      ],
      "camera_intrinsics": [
        [
          1142.5184326171875,
          0.0,
          800.0
        ],
        [
          0.0,
          1142.5184326171875,
          450.0
        ],
        [
          0.0,
          0.0,
          1.0
        ]
      ],
      "data_path": "D:\\Agent-AI\\outputs\\samples\\sample_000010\\images\\CAM_FRONT.png",
      "raw_layout": "bgra8"
    },
    "CAM_FRONT_RIGHT": {
      "type_id": "sensor.camera.rgb",
      "blueprint_attributes": {
        "role_name": "front",
        "ros_name": "sensor.camera.rgb",
        "chromatic_aberration_offset": "0.0",
        "sensor_tick": "0.050000",
        "fstop": "1.4",
        "image_size_x": "1600",
        "image_size_y": "900",
        "fov": "70.00",
        "lens_circle_falloff": "5.0",
        "lens_circle_multiplier": "0.0",
        "exposure_compensation": "0.0",
        "lens_y_size": "0.08",
        "lens_k": "-1.0",
        "exposure_mode": "histogram",
        "lens_kcube": "0.0",
        "lens_x_size": "0.08",
        "exposure_max_bright": "12.0",
        "shutter_speed": "200.0",
        "bloom_intensity": "0.675",
        "iso": "100.0",
        "enable_postprocess_effects": "false",
        "gamma": "2.2",
        "motion_blur_intensity": "0.0",
        "motion_blur_max_distortion": "0.35",
        "lens_flare_intensity": "0.1",
        "motion_blur_min_object_screen_size": "0.1",
        "exposure_min_bright": "10.0",
        "exposure_speed_up": "3.0",
        "exposure_speed_down": "1.0",
        "tint": "0.0",
        "calibration_constant": "16.0",
        "focal_distance": "1000.0",
        "min_fstop": "1.2",
        "blade_count": "5",
        "blur_amount": "0.0",
        "blur_radius": "0.0",
        "slope": "0.88",
        "toe": "0.55",
        "white_clip": "0.04",
        "shoulder": "0.26",
        "black_clip": "0.0",
        "temp": "6500.0",
        "chromatic_aberration_intensity": "0.0"
      },
      "transform_carla": {
        "location": {
          "x": -58.528289794921875,
          "y": 23.992008209228516,
          "z": 1.6993523836135864
        },
        "rotation": {
          "roll": 0.6170832514762878,
          "pitch": -0.13217099010944366,
          "yaw": 43.493343353271484
        }
      },
      "matrix_world_from_sensor_carla": [
        [
          0.7254523634910583,
          -0.688248336315155,
          -0.005739226937294006,
          -58.528289794921875
        ],
        [
          0.6882684230804443,
          0.725395143032074,
          0.009400710463523865,
          23.992008209228516
        ],
        [
          -0.002306816866621375,
          -0.010769897140562534,
          0.9999393224716187,
          1.6993523836135864
        ],
        [
          0.0,
          0.0,
          0.0,
          1.0
        ]
      ],
      "matrix_world_from_sensor_bevfusion": [
        [
          -0.688248336315155,
          0.005739226937294006,
          0.7254523634910583,
          -58.528289794921875
        ],
        [
          -0.725395143032074,
          0.009400710463523865,
          -0.6882684230804443,
          -23.992008209228516
        ],
        [
          -0.010769897140562534,
          -0.9999393224716187,
          -0.002306816866621375,
          1.6993523836135864
        ],
        [
          0.0,
          0.0,
          0.0,
          1.0
        ]
      ],
      "matrix_ego_from_sensor_carla": [
        [
          0.5735761523246765,
          -0.8191521763801575,
          -2.2888809070309435e-08,
          1.3000030517578125
        ],
        [
          0.8191521763801575,
          0.5735762119293213,
          -3.0191149136271633e-08,
          0.5499982833862305
        ],
        [
          3.6224811594820494e-08,
          -1.8709664928451275e-09,
          1.0,
          1.7000000476837158
        ],
        [
          0.0,
          0.0,
          0.0,
          1.0
        ]
      ],
      "matrix_ego_from_sensor_bevfusion": [
        [
          -0.8191521763801575,
          2.2888809070309435e-08,
          0.5735761523246765,
          1.3000030517578125
        ],
        [
          -0.5735762119293213,
          -3.0191149136271633e-08,
          -0.8191521763801575,
          -0.5499982833862305
        ],
        [
          -1.8709664928451275e-09,
          -1.0,
          3.6224811594820494e-08,
          1.7000000476837158
        ],
        [
          0.0,
          0.0,
          0.0,
          1.0
        ]
      ],
      "camera_intrinsics": [
        [
          1142.5184326171875,
          0.0,
          800.0
        ],
        [
          0.0,
          1142.5184326171875,
          450.0
        ],
        [
          0.0,
          0.0,
          1.0
        ]
      ],
      "data_path": "D:\\Agent-AI\\outputs\\samples\\sample_000010\\images\\CAM_FRONT_RIGHT.png",
      "raw_layout": "bgra8"
    },
    "CAM_FRONT_LEFT": {
      "type_id": "sensor.camera.rgb",
      "blueprint_attributes": {
        "role_name": "front",
        "ros_name": "sensor.camera.rgb",
        "chromatic_aberration_offset": "0.0",
        "sensor_tick": "0.050000",
        "fstop": "1.4",
        "image_size_x": "1600",
        "image_size_y": "900",
        "fov": "70.00",
        "lens_circle_falloff": "5.0",
        "lens_circle_multiplier": "0.0",
        "exposure_compensation": "0.0",
        "lens_y_size": "0.08",
        "lens_k": "-1.0",
        "exposure_mode": "histogram",
        "lens_kcube": "0.0",
        "lens_x_size": "0.08",
        "exposure_max_bright": "12.0",
        "shutter_speed": "200.0",
        "bloom_intensity": "0.675",
        "iso": "100.0",
        "enable_postprocess_effects": "false",
        "gamma": "2.2",
        "motion_blur_intensity": "0.0",
        "motion_blur_max_distortion": "0.35",
        "lens_flare_intensity": "0.1",
        "motion_blur_min_object_screen_size": "0.1",
        "exposure_min_bright": "10.0",
        "exposure_speed_up": "3.0",
        "exposure_speed_down": "1.0",
        "tint": "0.0",
        "calibration_constant": "16.0",
        "focal_distance": "1000.0",
        "min_fstop": "1.2",
        "blade_count": "5",
        "blur_amount": "0.0",
        "blur_radius": "0.0",
        "slope": "0.88",
        "toe": "0.55",
        "white_clip": "0.04",
        "shoulder": "0.26",
        "black_clip": "0.0",
        "temp": "6500.0",
        "chromatic_aberration_intensity": "0.0"
      },
      "transform_carla": {
        "location": {
          "x": -58.74773406982422,
          "y": 22.91415786743164,
          "z": 1.708225965499878
        },
        "rotation": {
          "roll": -0.08685369789600372,
          "pitch": 0.6250715851783752,
          "yaw": -66.5064468383789
        }
      },
      "matrix_world_from_sensor_carla": [
        [
          0.39862215518951416,
          0.9170973300933838,
          -0.005739182233810425,
          -58.74773406982422
        ],
        [
          -0.9170504212379456,
          0.3986606001853943,
          0.00940069928765297,
          22.91415786743164
        ],
        [
          0.010909341275691986,
          0.001515792217105627,
          0.9999393820762634,
          1.708225965499878
        ],
        [
          0.0,
          0.0,
          0.0,
          1.0
        ]
      ],
      "matrix_world_from_sensor_bevfusion": [
        [
          0.9170973300933838,
          0.005739182233810425,
          0.39862215518951416,
          -58.74773406982422
        ],
        [
          -0.3986606001853943,
          0.00940069928765297,
          0.9170504212379456,
          -22.91415786743164
        ],
        [
          0.001515792217105627,
          -0.9999393820762634,
          0.010909341275691986,
          1.708225965499878
        ],
        [
          0.0,
          0.0,
          0.0,
          1.0
        ]
      ],
      "matrix_ego_from_sensor_carla": [
        [
          0.5735763311386108,
          0.8191522359848022,
          2.365863416287084e-08,
          1.2999992370605469
        ],
        [
          -0.8191521763801575,
          0.5735763311386108,
          -3.253462566021881e-08,
          -0.5500001907348633
        ],
        [
          -4.104078143996048e-08,
          -1.662302628879786e-09,
          1.0000001192092896,
          1.7000000476837158
        ],
        [
          0.0,
          0.0,
          0.0,
          1.0
        ]
      ],
      "matrix_ego_from_sensor_bevfusion": [
        [
          0.8191522359848022,
          -2.365863416287084e-08,
          0.5735763311386108,
          1.2999992370605469
        ],
        [
          -0.5735763311386108,
          -3.253462566021881e-08,
          0.8191521763801575,
          0.5500001907348633
        ],
        [
          -1.662302628879786e-09,
          -1.0000001192092896,
          -4.104078143996048e-08,
          1.7000000476837158
        ],
        [
          0.0,
          0.0,
          0.0,
          1.0
        ]
      ],
      "camera_intrinsics": [
        [
          1142.5184326171875,
          0.0,
          800.0
        ],
        [
          0.0,
          1142.5184326171875,
          450.0
        ],
        [
          0.0,
          0.0,
          1.0
        ]
      ],
      "data_path": "D:\\Agent-AI\\outputs\\samples\\sample_000010\\images\\CAM_FRONT_LEFT.png",
      "raw_layout": "bgra8"
    },
    "CAM_BACK": {
      "type_id": "sensor.camera.rgb",
      "blueprint_attributes": {
        "role_name": "front",
        "ros_name": "sensor.camera.rgb",
        "chromatic_aberration_offset": "0.0",
        "sensor_tick": "0.050000",
        "fstop": "1.4",
        "image_size_x": "1600",
        "image_size_y": "900",
        "fov": "70.00",
        "lens_circle_falloff": "5.0",
        "lens_circle_multiplier": "0.0",
        "exposure_compensation": "0.0",
        "lens_y_size": "0.08",
        "lens_k": "-1.0",
        "exposure_mode": "histogram",
        "lens_kcube": "0.0",
        "lens_x_size": "0.08",
        "exposure_max_bright": "12.0",
        "shutter_speed": "200.0",
        "bloom_intensity": "0.675",
        "iso": "100.0",
        "enable_postprocess_effects": "false",
        "gamma": "2.2",
        "motion_blur_intensity": "0.0",
        "motion_blur_max_distortion": "0.35",
        "lens_flare_intensity": "0.1",
        "motion_blur_min_object_screen_size": "0.1",
        "exposure_min_bright": "10.0",
        "exposure_speed_up": "3.0",
        "exposure_speed_down": "1.0",
        "tint": "0.0",
        "calibration_constant": "16.0",
        "focal_distance": "1000.0",
        "min_fstop": "1.2",
        "blade_count": "5",
        "blur_amount": "0.0",
        "blur_radius": "0.0",
        "slope": "0.88",
        "toe": "0.55",
        "white_clip": "0.04",
        "shoulder": "0.26",
        "black_clip": "0.0",
        "temp": "6500.0",
        "chromatic_aberration_intensity": "0.0"
      },
      "transform_carla": {
        "location": {
          "x": -61.4306755065918,
          "y": 24.02147102355957,
          "z": 1.6824169158935547
        },
        "rotation": {
          "roll": -0.46222439408302307,
          "pitch": -0.4296666979789734,
          "yaw": 168.49578857421875
        }
      },
      "matrix_world_from_sensor_carla": [
        [
          -0.9798824191093445,
          -0.19949287176132202,
          -0.0057391999289393425,
          -61.4306755065918
        ],
        [
          0.19943447411060333,
          -0.979866087436676,
          0.009400737471878529,
          24.02147102355957
        ],
        [
          -0.007499027997255325,
          0.008067023009061813,
          0.9999393224716187,
          1.6824169158935547
        ],
        [
          0.0,
          0.0,
          0.0,
          1.0
        ]
      ],
      "matrix_world_from_sensor_bevfusion": [
        [
          -0.19949287176132202,
          0.0057391999289393425,
          -0.9798824191093445,
          -61.4306755065918
        ],
        [
          0.979866087436676,
          0.009400737471878529,
          -0.19943447411060333,
          -24.02147102355957
        ],
        [
          0.008067023009061813,
          -0.9999393224716187,
          -0.007499027997255325,
          1.6824169158935547
        ],
        [
          0.0,
          0.0,
          0.0,
          1.0
        ]
      ],
      "matrix_ego_from_sensor_carla": [
        [
          -1.0,
          2.0527527055946848e-07,
          -1.4683902982426389e-09,
          -1.5499954223632812
        ],
        [
          -2.0476409190450795e-07,
          -1.0,
          1.4738189557661485e-09,
          0.0
        ],
        [
          -1.7725543255409093e-09,
          1.800811277874459e-09,
          1.0,
          1.7000000476837158
        ],
        [
          0.0,
          0.0,
          0.0,
          1.0
        ]
      ],
      "matrix_ego_from_sensor_bevfusion": [
        [
          2.0527527055946848e-07,
          1.4683902982426389e-09,
          -1.0,
          -1.5499954223632812
        ],
        [
          1.0,
          1.4738189557661485e-09,
          2.0476409190450795e-07,
          0.0
        ],
        [
          1.800811277874459e-09,
          -1.0,
          -1.7725543255409093e-09,
          1.7000000476837158
        ],
        [
          0.0,
          0.0,
          0.0,
          1.0
        ]
      ],
      "camera_intrinsics": [
        [
          1142.5184326171875,
          0.0,
          800.0
        ],
        [
          0.0,
          1142.5184326171875,
          450.0
        ],
        [
          0.0,
          0.0,
          1.0
        ]
      ],
      "data_path": "D:\\Agent-AI\\outputs\\samples\\sample_000010\\images\\CAM_BACK.png",
      "raw_layout": "bgra8"
    },
    "CAM_BACK_LEFT": {
      "type_id": "sensor.camera.rgb",
      "blueprint_attributes": {
        "role_name": "front",
        "ros_name": "sensor.camera.rgb",
        "chromatic_aberration_offset": "0.0",
        "sensor_tick": "0.050000",
        "fstop": "1.4",
        "image_size_x": "1600",
        "image_size_y": "900",
        "fov": "70.00",
        "lens_circle_falloff": "5.0",
        "lens_circle_multiplier": "0.0",
        "exposure_compensation": "0.0",
        "lens_y_size": "0.08",
        "lens_k": "-1.0",
        "exposure_mode": "histogram",
        "lens_kcube": "0.0",
        "lens_x_size": "0.08",
        "exposure_max_bright": "12.0",
        "shutter_speed": "200.0",
        "bloom_intensity": "0.675",
        "iso": "100.0",
        "enable_postprocess_effects": "false",
        "gamma": "2.2",
        "motion_blur_intensity": "0.0",
        "motion_blur_max_distortion": "0.35",
        "lens_flare_intensity": "0.1",
        "motion_blur_min_object_screen_size": "0.1",
        "exposure_min_bright": "10.0",
        "exposure_speed_up": "3.0",
        "exposure_speed_down": "1.0",
        "tint": "0.0",
        "calibration_constant": "16.0",
        "focal_distance": "1000.0",
        "min_fstop": "1.2",
        "blade_count": "5",
        "blur_amount": "0.0",
        "blur_radius": "0.0",
        "slope": "0.88",
        "toe": "0.55",
        "white_clip": "0.04",
        "shoulder": "0.26",
        "black_clip": "0.0",
        "temp": "6500.0",
        "chromatic_aberration_intensity": "0.0"
      },
      "transform_carla": {
        "location": {
          "x": -61.29542922973633,
          "y": 23.432687759399414,
          "z": 1.6887285709381104
        },
        "rotation": {
          "roll": -0.6170832514762878,
          "pitch": 0.13217781484127045,
          "yaw": -136.5066680908203
        }
      },
      "matrix_world_from_sensor_carla": [
        [
          -0.7254525423049927,
          0.6882481575012207,
          -0.005739137995988131,
          -61.29542922973633
        ],
        [
          -0.68826824426651,
          -0.7253953218460083,
          0.00940079428255558,
          23.432687759399414
        ],
        [
          0.002306935843080282,
          0.010769897140562534,
          0.9999393224716187,
          1.6887285709381104
        ],
        [
          0.0,
          0.0,
          0.0,
          1.0
        ]
      ],
      "matrix_world_from_sensor_bevfusion": [
        [
          0.6882481575012207,
          0.005739137995988131,
          -0.7254525423049927,
          -61.29542922973633
        ],
        [
          0.7253953218460083,
          0.00940079428255558,
          0.68826824426651,
          -23.432687759399414
        ],
        [
          0.010769897140562534,
          -0.9999393224716187,
          0.002306935843080282,
          1.6887285709381104
        ],
        [
          0.0,
          0.0,
          0.0,
          1.0
        ]
      ],
      "matrix_ego_from_sensor_carla": [
        [
          -0.5735763907432556,
          0.8191520571708679,
          4.789170660046693e-08,
          -1.3000030517578125
        ],
        [
          -0.8191519975662231,
          -0.5735763907432556,
          7.039169247491373e-08,
          -0.5500001907348633
        ],
        [
          8.530557238373149e-08,
          9.39643918229649e-10,
          1.0,
          1.7000000476837158
        ],
        [
          0.0,
          0.0,
          0.0,
          1.0
        ]
      ],
      "matrix_ego_from_sensor_bevfusion": [
        [
          0.8191520571708679,
          -4.789170660046693e-08,
          -0.5735763907432556,
          -1.3000030517578125
        ],
        [
          0.5735763907432556,
          7.039169247491373e-08,
          0.8191519975662231,
          0.5500001907348633
        ],
        [
          9.39643918229649e-10,
          -1.0,
          8.530557238373149e-08,
          1.7000000476837158
        ],
        [
          0.0,
          0.0,
          0.0,
          1.0
        ]
      ],
      "camera_intrinsics": [
        [
          1142.5184326171875,
          0.0,
          800.0
        ],
        [
          0.0,
          1142.5184326171875,
          450.0
        ],
        [
          0.0,
          0.0,
          1.0
        ]
      ],
      "data_path": "D:\\Agent-AI\\outputs\\samples\\sample_000010\\images\\CAM_BACK_LEFT.png",
      "raw_layout": "bgra8"
    },
    "CAM_BACK_RIGHT": {
      "type_id": "sensor.camera.rgb",
      "blueprint_attributes": {
        "role_name": "front",
        "ros_name": "sensor.camera.rgb",
        "chromatic_aberration_offset": "0.0",
        "sensor_tick": "0.050000",
        "fstop": "1.4",
        "image_size_x": "1600",
        "image_size_y": "900",
        "fov": "70.00",
        "lens_circle_falloff": "5.0",
        "lens_circle_multiplier": "0.0",
        "exposure_compensation": "0.0",
        "lens_y_size": "0.08",
        "lens_k": "-1.0",
        "exposure_mode": "histogram",
        "lens_kcube": "0.0",
        "lens_x_size": "0.08",
        "exposure_max_bright": "12.0",
        "shutter_speed": "200.0",
        "bloom_intensity": "0.675",
        "iso": "100.0",
        "enable_postprocess_effects": "false",
        "gamma": "2.2",
        "motion_blur_intensity": "0.0",
        "motion_blur_max_distortion": "0.35",
        "lens_flare_intensity": "0.1",
        "motion_blur_min_object_screen_size": "0.1",
        "exposure_min_bright": "10.0",
        "exposure_speed_up": "3.0",
        "exposure_speed_down": "1.0",
        "tint": "0.0",
        "calibration_constant": "16.0",
        "focal_distance": "1000.0",
        "min_fstop": "1.2",
        "blade_count": "5",
        "blur_amount": "0.0",
        "blur_radius": "0.0",
        "slope": "0.88",
        "toe": "0.55",
        "white_clip": "0.04",
        "shoulder": "0.26",
        "black_clip": "0.0",
        "temp": "6500.0",
        "chromatic_aberration_intensity": "0.0"
      },
      "transform_carla": {
        "location": {
          "x": -61.075984954833984,
          "y": 24.51053810119629,
          "z": 1.6798547506332397
        },
        "rotation": {
          "roll": 0.08685380220413208,
          "pitch": -0.6250715851783752,
          "yaw": 113.4935531616211
        }
      },
      "matrix_world_from_sensor_carla": [
        [
          -0.3986221253871918,
          -0.9170973300933838,
          -0.005739183165132999,
          -61.075984954833984
        ],
        [
          0.9170504212379456,
          -0.3986605703830719,
          0.00940069928765297,
          24.51053810119629
        ],
        [
          -0.010909341275691986,
          -0.0015157939633354545,
          0.9999393820762634,
          1.6798547506332397
        ],
        [
          0.0,
          0.0,
          0.0,
          1.0
        ]
      ],
      "matrix_world_from_sensor_bevfusion": [
        [
          -0.9170973300933838,
          0.005739183165132999,
          -0.3986221253871918,
          -61.075984954833984
        ],
        [
          0.3986605703830719,
          0.00940069928765297,
          -0.9170504212379456,
          -24.51053810119629
        ],
        [
          -0.0015157939633354545,
          -0.9999393820762634,
          -0.010909341275691986,
          1.6798547506332397
        ],
        [
          0.0,
          0.0,
          0.0,
          1.0
        ]
      ],
      "matrix_ego_from_sensor_carla": [
        [
          -0.5735763311386108,
          -0.8191522359848022,
          2.272731158825536e-08,
          -1.2999954223632812
        ],
        [
          0.8191521763801575,
          -0.5735762715339661,
          -3.253462566021881e-08,
          0.5499982833862305
        ],
        [
          4.104078143996048e-08,
          2.654245989663906e-10,
          1.0000001192092896,
          1.7000000476837158
        ],
        [
          0.0,
          0.0,
          0.0,
          1.0
        ]
      ],
      "matrix_ego_from_sensor_bevfusion": [
        [
          -0.8191522359848022,
          -2.272731158825536e-08,
          -0.5735763311386108,
          -1.2999954223632812
        ],
        [
          0.5735762715339661,
          -3.253462566021881e-08,
          -0.8191521763801575,
          -0.5499982833862305
        ],
        [
          2.654245989663906e-10,
          -1.0000001192092896,
          4.104078143996048e-08,
          1.7000000476837158
        ],
        [
          0.0,
          0.0,
          0.0,
          1.0
        ]
      ],
      "camera_intrinsics": [
        [
          1142.5184326171875,
          0.0,
          800.0
        ],
        [
          0.0,
          1142.5184326171875,
          450.0
        ],
        [
          0.0,
          0.0,
          1.0
        ]
      ],
      "data_path": "D:\\Agent-AI\\outputs\\samples\\sample_000010\\images\\CAM_BACK_RIGHT.png",
      "raw_layout": "bgra8"
    },
    "LIDAR_TOP": {
      "type_id": "sensor.lidar.ray_cast",
      "blueprint_attributes": {
        "atmosphere_attenuation_rate": "0.004",
        "role_name": "front",
        "noise_seed": "0",
        "upper_fov": "10.0",
        "ros_name": "sensor.lidar.ray_cast",
        "sensor_tick": "0.050000",
        "channels": "32",
        "range": "120.0",
        "points_per_second": "360000",
        "lower_fov": "-30.0",
        "rotation_frequency": "20.000000",
        "horizontal_fov": "360.0",
        "dropoff_general_rate": "0.0",
        "dropoff_intensity_limit": "1.0",
        "noise_stddev": "0.0",
        "dropoff_zero_intensity": "0.0"
      },
      "transform_carla": {
        "location": {
          "x": -59.914730072021484,
          "y": 23.71704864501953,
          "z": 2.194010019302368
        },
        "rotation": {
          "roll": 0.4622242748737335,
          "pitch": 0.4296666979789734,
          "yaw": -11.504230499267578
        }
      },
      "matrix_world_from_sensor_carla": [
        [
          0.9798823595046997,
          0.19949306547641754,
          -0.005739198531955481,
          -59.914730072021484
        ],
        [
          -0.19943466782569885,
          0.9798660278320312,
          0.00940073560923338,
          23.71704864501953
        ],
        [
          0.007499027997255325,
          -0.00806702021509409,
          0.9999393224716187,
          2.194010019302368
        ],
        [
          0.0,
          0.0,
          0.0,
          1.0
        ]
      ],
      "matrix_world_from_sensor_bevfusion": [
        [
          0.9798823595046997,
          -0.19949306547641754,
          -0.005739198531955481,
          -59.914730072021484
        ],
        [
          0.19943466782569885,
          0.9798660278320312,
          -0.00940073560923338,
          -23.71704864501953
        ],
        [
          0.007499027997255325,
          0.00806702021509409,
          0.9999393224716187,
          2.194010019302368
        ],
        [
          0.0,
          0.0,
          0.0,
          1.0
        ]
      ],
      "matrix_ego_from_sensor_carla": [
        [
          0.9999999403953552,
          3.496943012937237e-10,
          -7.140643631942112e-11,
          0.0
        ],
        [
          4.774207071345238e-11,
          1.0,
          5.4249638115067e-10,
          0.0
        ],
        [
          3.7557046361769153e-10,
          6.166450683409153e-11,
          1.0,
          2.200000047683716
        ],
        [
          0.0,
          0.0,
          0.0,
          1.0
        ]
      ],
      "matrix_ego_from_sensor_bevfusion": [
        [
          0.9999999403953552,
          -3.496943012937237e-10,
          -7.140643631942112e-11,
          0.0
        ],
        [
          -4.774207071345238e-11,
          1.0,
          -5.4249638115067e-10,
          0.0
        ],
        [
          3.7557046361769153e-10,
          -6.166450683409153e-11,
          1.0,
          2.200000047683716
        ],
        [
          0.0,
          0.0,
          0.0,
          1.0
        ]
      ],
      "data_path": "D:\\Agent-AI\\outputs\\samples\\sample_000010\\lidar\\LIDAR_TOP.npy",
      "raw_layout": [
        "x",
        "y",
        "z",
        "intensity"
      ]
    },
    "RADAR_FRONT": {
      "type_id": "sensor.other.radar",
      "blueprint_attributes": {
        "sensor_tick": "0.050000",
        "role_name": "default",
        "noise_seed": "0",
        "ros_name": "sensor.other.radar",
        "horizontal_fov": "35.0",
        "points_per_second": "1500",
        "vertical_fov": "20.0",
        "range": "120.0"
      },
      "transform_carla": {
        "location": {
          "x": -57.94750213623047,
          "y": 23.305959701538086,
          "z": 0.909087061882019
        },
        "rotation": {
          "roll": 0.4622242748737335,
          "pitch": 0.4296666979789734,
          "yaw": -11.504230499267578
        }
      },
      "matrix_world_from_sensor_carla": [
        [
          0.9798823595046997,
          0.19949306547641754,
          -0.005739198531955481,
          -57.94750213623047
        ],
        [
          -0.19943466782569885,
          0.9798660278320312,
          0.00940073560923338,
          23.305959701538086
        ],
        [
          0.007499027997255325,
          -0.00806702021509409,
          0.9999393224716187,
          0.909087061882019
        ],
        [
          0.0,
          0.0,
          0.0,
          1.0
        ]
      ],
      "matrix_world_from_sensor_bevfusion": [
        [
          0.9798823595046997,
          -0.19949306547641754,
          -0.005739198531955481,
          -57.94750213623047
        ],
        [
          0.19943466782569885,
          0.9798660278320312,
          -0.00940073560923338,
          -23.305959701538086
        ],
        [
          0.007499027997255325,
          0.00806702021509409,
          0.9999393224716187,
          0.909087061882019
        ],
        [
          0.0,
          0.0,
          0.0,
          1.0
        ]
      ],
      "matrix_ego_from_sensor_carla": [
        [
          0.9999999403953552,
          3.496943012937237e-10,
          -7.140643631942112e-11,
          2.0
        ],
        [
          4.774207071345238e-11,
          1.0,
          5.4249638115067e-10,
          1.9073486328125e-06
        ],
        [
          3.7557046361769153e-10,
          6.166450683409153e-11,
          1.0,
          0.9000000357627869
        ],
        [
          0.0,
          0.0,
          0.0,
          1.0
        ]
      ],
      "matrix_ego_from_sensor_bevfusion": [
        [
          0.9999999403953552,
          -3.496943012937237e-10,
          -7.140643631942112e-11,
          2.0
        ],
        [
          -4.774207071345238e-11,
          1.0,
          -5.4249638115067e-10,
          -1.9073486328125e-06
        ],
        [
          3.7557046361769153e-10,
          -6.166450683409153e-11,
          1.0,
          0.9000000357627869
        ],
        [
          0.0,
          0.0,
          0.0,
          1.0
        ]
      ],
      "data_path": "D:\\Agent-AI\\outputs\\samples\\sample_000010\\radar\\RADAR_FRONT.npy",
      "raw_layout": [
        "velocity",
        "altitude",
        "azimuth",
        "depth"
      ]
    },
    "RADAR_FRONT_LEFT": {
      "type_id": "sensor.other.radar",
      "blueprint_attributes": {
        "sensor_tick": "0.050000",
        "role_name": "default",
        "noise_seed": "0",
        "ros_name": "sensor.other.radar",
        "horizontal_fov": "35.0",
        "points_per_second": "1500",
        "vertical_fov": "20.0",
        "range": "120.0"
      },
      "transform_carla": {
        "location": {
          "x": -58.44008255004883,
          "y": 22.64086151123047,
          "z": 0.9125126600265503
        },
        "rotation": {
          "roll": 0.023013154044747353,
          "pitch": 0.6306586265563965,
          "yaw": -56.505802154541016
        }
      },
      "matrix_world_from_sensor_carla": [
        [
          0.5518190860748291,
          0.8339440822601318,
          -0.005739198531955481,
          -58.44008255004883
        ],
        [
          -0.8338912129402161,
          0.5518487691879272,
          0.009400722570717335,
          22.64086151123047
        ],
        [
          0.011006847023963928,
          -0.0004016309685539454,
          0.9999393820762634,
          0.9125126600265503
        ],
        [
          0.0,
          0.0,
          0.0,
          1.0
        ]
      ],
      "matrix_world_from_sensor_bevfusion": [
        [
          0.5518190860748291,
          -0.8339440822601318,
          -0.005739198531955481,
          -58.44008255004883
        ],
        [
          0.8338912129402161,
          0.5518487691879272,
          -0.009400722570717335,
          -22.64086151123047
        ],
        [
          0.011006847023963928,
          0.0004016309685539454,
          0.9999393820762634,
          0.9125126600265503
        ],
        [
          0.0,
          0.0,
          0.0,
          1.0
        ]
      ],
      "matrix_ego_from_sensor_carla": [
        [
          0.7071072459220886,
          0.7071064114570618,
          3.169538187464127e-09,
          1.6500015258789062
        ],
        [
          -0.7071064114570618,
          0.7071071267127991,
          -1.2976851593293759e-08,
          -0.75
        ],
        [
          -1.156112094946593e-08,
          5.806895408966284e-09,
          1.0000001192092896,
          0.9000000357627869
        ],
        [
          0.0,
          0.0,
          0.0,
          1.0
        ]
      ],
      "matrix_ego_from_sensor_bevfusion": [
        [
          0.7071072459220886,
          -0.7071064114570618,
          3.169538187464127e-09,
          1.6500015258789062
        ],
        [
          0.7071064114570618,
          0.7071071267127991,
          1.2976851593293759e-08,
          0.75
        ],
        [
          -1.156112094946593e-08,
          -5.806895408966284e-09,
          1.0000001192092896,
          0.9000000357627869
        ],
        [
          0.0,
          0.0,
          0.0,
          1.0
        ]
      ],
      "data_path": "D:\\Agent-AI\\outputs\\samples\\sample_000010\\radar\\RADAR_FRONT_LEFT.npy",
      "raw_layout": [
        "velocity",
        "altitude",
        "azimuth",
        "depth"
      ]
    },
    "RADAR_FRONT_RIGHT": {
      "type_id": "sensor.other.radar",
      "blueprint_attributes": {
        "sensor_tick": "0.050000",
        "role_name": "default",
        "noise_seed": "0",
        "ros_name": "sensor.other.radar",
        "horizontal_fov": "35.0",
        "points_per_second": "1500",
        "vertical_fov": "20.0",
        "range": "120.0"
