{
  "schema_version": "stage1.v1",
  "sample_name": "sample_000078",
  "sequence_index": 78,
  "previous_sample_name": "sample_000077",
  "frame_id": 60079,
  "timestamp": 442.81970086693764,
  "platform_timestamp": 16814597.4841868,
  "delta_seconds": 0.10000000149011612,
  "town": "Carla/Maps/Town10HD_Opt",
  "weather": {
    "cloudiness": 20.0,
    "dust_storm": 0.0,
    "fog_density": 2.0,
    "fog_distance": 0.75,
    "fog_falloff": 0.10000000149011612,
    "mie_scattering_scale": 0.029999999329447746,
    "precipitation": 0.0,
    "precipitation_deposits": 0.0,
    "rayleigh_scattering_scale": 0.03310000151395798,
    "scattering_intensity": 1.0,
    "sun_altitude_angle": 45.0,
    "sun_azimuth_angle": 300.0,
    "wetness": 0.0,
    "wind_intensity": 10.0
  },
  "sensor_names": [
    "CAM_FRONT",
    "CAM_FRONT_RIGHT",
    "CAM_FRONT_LEFT",
    "CAM_BACK",
    "CAM_BACK_LEFT",
    "CAM_BACK_RIGHT",
    "LIDAR_TOP",
    "RADAR_FRONT",
    "RADAR_FRONT_LEFT",
    "RADAR_FRONT_RIGHT",
    "RADAR_BACK_LEFT",
    "RADAR_BACK_RIGHT"
  ],
  "camera_order_for_model": [
    "CAM_FRONT",
    "CAM_FRONT_RIGHT",
    "CAM_FRONT_LEFT",
    "CAM_BACK",
    "CAM_BACK_LEFT",
    "CAM_BACK_RIGHT"
  ],
  "radar_order_for_model": [
    "RADAR_FRONT",
    "RADAR_FRONT_LEFT",
    "RADAR_FRONT_RIGHT",
    "RADAR_BACK_LEFT",
    "RADAR_BACK_RIGHT"
  ],
  "coordinate_notes": {
    "carla_world": "left-handed x-forward y-right z-up",
    "bevfusion_lidar": "x-forward y-left z-up",
    "camera_frame_for_model": "OpenCV style x-right y-down z-forward"
  },
  "ego": {
    "actor_id": 28,
    "transform_carla": {
      "location": {
        "x": 79.71773529052734,
        "y": -61.471458435058594,
        "z": -0.004377441480755806
      },
      "rotation": {
        "roll": 0.14444999396800995,
        "pitch": -0.03292834013700485,
        "yaw": -158.27593994140625
      }
    },
    "velocity_carla": [
      -2.9810118675231934,
      -1.0243264436721802,
      3.843307240458671e-06
    ],
    "angular_velocity_carla": [
      -0.5982573628425598,
      1.2062406539916992,
      -5.725956439971924
    ],
    "matrix_world_from_ego_carla": [
      [
        -0.9289770126342773,
        0.37013718485832214,
        0.0003992730053141713,
        79.71773529052734
      ],
      [
        -0.37013694643974304,
        -0.9289737343788147,
        -0.002554787788540125,
        -61.471458435058594
      ],
      [
        -0.0005747078685089946,
        -0.0025211249012500048,
        0.9999966621398926,
        -0.004377441480755806
      ],
      [
        0.0,
        0.0,
        0.0,
        1.0
      ]
    ],
    "matrix_world_from_ego_bevfusion": [
      [
        -0.9289770126342773,
        -0.37013718485832214,
        0.0003992730053141713,
        79.71773529052734
      ],
      [
        0.37013694643974304,
        -0.9289737343788147,
        0.002554787788540125,
        61.471458435058594
      ],
      [
        -0.0005747078685089946,
        0.0025211249012500048,
        0.9999966621398926,
        -0.004377441480755806
      ],
      [
        0.0,
        0.0,
        0.0,
        1.0
      ]
    ]
  },
  "sensors": {
    "CAM_FRONT": {
      "type_id": "sensor.camera.rgb",
      "blueprint_attributes": {
        "role_name": "front",
        "ros_name": "sensor.camera.rgb",
        "chromatic_aberration_offset": "0.0",
        "sensor_tick": "0.100000",
        "fstop": "1.4",
        "image_size_x": "960",
        "image_size_y": "540",
        "fov": "70.00",
        "lens_circle_falloff": "5.0",
        "lens_circle_multiplier": "0.0",
        "exposure_compensation": "0.0",
        "lens_y_size": "0.08",
        "lens_k": "-1.0",
        "exposure_mode": "histogram",
        "lens_kcube": "0.0",
        "lens_x_size": "0.08",
        "exposure_max_bright": "12.0",
        "shutter_speed": "200.0",
        "bloom_intensity": "0.675",
        "iso": "100.0",
        "enable_postprocess_effects": "false",
        "gamma": "2.2",
        "motion_blur_intensity": "0.0",
        "motion_blur_max_distortion": "0.35",
        "lens_flare_intensity": "0.1",
        "motion_blur_min_object_screen_size": "0.1",
        "exposure_min_bright": "10.0",
        "exposure_speed_up": "3.0",
        "exposure_speed_down": "1.0",
        "tint": "0.0",
        "calibration_constant": "16.0",
        "focal_distance": "1000.0",
        "min_fstop": "1.2",
        "blade_count": "5",
        "blur_amount": "0.0",
        "blur_radius": "0.0",
        "slope": "0.88",
        "toe": "0.55",
        "white_clip": "0.04",
        "shoulder": "0.26",
        "black_clip": "0.0",
        "temp": "6500.0",
        "chromatic_aberration_intensity": "0.0"
      },
      "transform_carla": {
        "location": {
          "x": 78.27849578857422,
          "y": -62.04951477050781,
          "z": 1.6947261095046997
        },
        "rotation": {
          "roll": 0.14444999396800995,
          "pitch": -0.03292834013700485,
          "yaw": -158.27593994140625
        }
      },
      "matrix_world_from_sensor_carla": [
        [
          -0.9289770126342773,
          0.37013718485832214,
          0.0003992730053141713,
          78.27849578857422
        ],
        [
          -0.37013694643974304,
          -0.9289737343788147,
          -0.002554787788540125,
          -62.04951477050781
        ],
        [
          -0.0005747078685089946,
          -0.0025211249012500048,
          0.9999966621398926,
          1.6947261095046997
        ],
        [
          0.0,
          0.0,
          0.0,
          1.0
        ]
      ],
      "matrix_world_from_sensor_bevfusion": [
        [
          0.37013718485832214,
          -0.0003992730053141713,
          -0.9289770126342773,
          78.27849578857422
        ],
        [
          0.9289737343788147,
          -0.002554787788540125,
          0.37013694643974304,
          62.04951477050781
        ],
        [
          -0.0025211249012500048,
          -0.9999966621398926,
          -0.0005747078685089946,
          1.6947261095046997
        ],
        [
          0.0,
          0.0,
          0.0,
          1.0
        ]
      ],
      "matrix_ego_from_sensor_carla": [
        [
          1.0,
          6.565488597232161e-09,
          -2.558536715824289e-12,
          1.5500068664550781
        ],
        [
          -7.755856401558958e-09,
          1.0,
          3.325828501488104e-11,
          0.0
        ],
        [
          -2.5583424267949795e-12,
          3.325906217099828e-11,
          1.0,
          1.7000000476837158
        ],
        [
          0.0,
          0.0,
          0.0,
          1.0
        ]
      ],
      "matrix_ego_from_sensor_bevfusion": [
        [
          6.565488597232161e-09,
          2.558536715824289e-12,
          1.0,
          1.5500068664550781
        ],
        [
          -1.0,
          3.325828501488104e-11,
          7.755856401558958e-09,
          0.0
        ],
        [
          3.325906217099828e-11,
          -1.0,
          -2.5583424267949795e-12,
          1.7000000476837158
        ],
        [
          0.0,
          0.0,
          0.0,
          1.0
        ]
      ],
      "camera_intrinsics": [
        [
          685.5110473632812,
          0.0,
          480.0
        ],
        [
          0.0,
          685.5110473632812,
          270.0
        ],
        [
          0.0,
          0.0,
          1.0
        ]
      ],
      "data_path": "D:\\Agent-AI\\outputs\\s3a_ml_long_v2\\sample_000078\\images\\CAM_FRONT.png",
      "raw_layout": "bgra8"
    },
    "CAM_FRONT_RIGHT": {
      "type_id": "sensor.camera.rgb",
      "blueprint_attributes": {
        "role_name": "front",
        "ros_name": "sensor.camera.rgb",
        "chromatic_aberration_offset": "0.0",
        "sensor_tick": "0.100000",
        "fstop": "1.4",
        "image_size_x": "960",
        "image_size_y": "540",
        "fov": "70.00",
        "lens_circle_falloff": "5.0",
        "lens_circle_multiplier": "0.0",
        "exposure_compensation": "0.0",
        "lens_y_size": "0.08",
        "lens_k": "-1.0",
        "exposure_mode": "histogram",
        "lens_kcube": "0.0",
        "lens_x_size": "0.08",
        "exposure_max_bright": "12.0",
        "shutter_speed": "200.0",
        "bloom_intensity": "0.675",
        "iso": "100.0",
        "enable_postprocess_effects": "false",
        "gamma": "2.2",
        "motion_blur_intensity": "0.0",
        "motion_blur_max_distortion": "0.35",
        "lens_flare_intensity": "0.1",
        "motion_blur_min_object_screen_size": "0.1",
        "exposure_min_bright": "10.0",
        "exposure_speed_up": "3.0",
        "exposure_speed_down": "1.0",
        "tint": "0.0",
        "calibration_constant": "16.0",
        "focal_distance": "1000.0",
        "min_fstop": "1.2",
        "blade_count": "5",
        "blur_amount": "0.0",
        "blur_radius": "0.0",
        "slope": "0.88",
        "toe": "0.55",
        "white_clip": "0.04",
        "shoulder": "0.26",
        "black_clip": "0.0",
        "temp": "6500.0",
        "chromatic_aberration_intensity": "0.0"
      },
      "transform_carla": {
        "location": {
          "x": 78.71431732177734,
          "y": -62.46791458129883,
          "z": 1.6934831142425537
        },
        "rotation": {
          "roll": 0.055879779160022736,
          "pitch": -0.1372116655111313,
          "yaw": -103.27597045898438
        }
      },
      "matrix_world_from_sensor_carla": [
        [
          -0.229640930891037,
          0.9732753038406372,
          0.00039927789475768805,
          78.71431732177734
        ],
        [
          -0.973272442817688,
          -0.2296392023563385,
          -0.002554757986217737,
          -62.46791458129883
        ],
        [
          -0.002394793089479208,
          -0.0009752831538207829,
          0.9999966621398926,
          1.6934831142425537
        ],
        [
          0.0,
          0.0,
          0.0,
          1.0
        ]
      ],
      "matrix_world_from_sensor_bevfusion": [
        [
          0.9732753038406372,
          -0.00039927789475768805,
          -0.229640930891037,
          78.71431732177734
        ],
        [
          0.2296392023563385,
          -0.002554757986217737,
          0.973272442817688,
          62.46791458129883
        ],
        [
          -0.0009752831538207829,
          -0.9999966621398926,
          -0.002394793089479208,
          1.6934831142425537
        ],
        [
          0.0,
          0.0,
          0.0,
          1.0
        ]
      ],
      "matrix_ego_from_sensor_carla": [
        [
          0.5735766291618347,
          -0.8191518783569336,
          -1.5544003417744534e-08,
          1.3000030517578125
        ],
        [
          0.8191518187522888,
          0.5735765695571899,
          -2.5810942716475438e-08,
          0.5499954223632812
        ],
        [
          3.011239613215366e-08,
          2.032997770129441e-09,
          1.0,
          1.7000000476837158
        ],
        [
          0.0,
          0.0,
          0.0,
          1.0
        ]
      ],
      "matrix_ego_from_sensor_bevfusion": [
        [
          -0.8191518783569336,
          1.5544003417744534e-08,
          0.5735766291618347,
          1.3000030517578125
        ],
        [
          -0.5735765695571899,
          -2.5810942716475438e-08,
          -0.8191518187522888,
          -0.5499954223632812
        ],
        [
          2.032997770129441e-09,
          -1.0,
          3.011239613215366e-08,
          1.7000000476837158
        ],
        [
          0.0,
          0.0,
          0.0,
          1.0
        ]
      ],
      "camera_intrinsics": [
        [
          685.5110473632812,
          0.0,
          480.0
        ],
        [
          0.0,
          685.5110473632812,
          270.0
        ],
        [
          0.0,
          0.0,
          1.0
        ]
      ],
      "data_path": "D:\\Agent-AI\\outputs\\s3a_ml_long_v2\\sample_000078\\images\\CAM_FRONT_RIGHT.png",
      "raw_layout": "bgra8"
    },
    "CAM_FRONT_LEFT": {
      "type_id": "sensor.camera.rgb",
      "blueprint_attributes": {
        "role_name": "front",
        "ros_name": "sensor.camera.rgb",
        "chromatic_aberration_offset": "0.0",
        "sensor_tick": "0.100000",
        "fstop": "1.4",
        "image_size_x": "960",
        "image_size_y": "540",
        "fov": "70.00",
        "lens_circle_falloff": "5.0",
        "lens_circle_multiplier": "0.0",
        "exposure_compensation": "0.0",
        "lens_y_size": "0.08",
        "lens_k": "-1.0",
        "exposure_mode": "histogram",
        "lens_kcube": "0.0",
        "lens_x_size": "0.08",
        "exposure_max_bright": "12.0",
        "shutter_speed": "200.0",
        "bloom_intensity": "0.675",
        "iso": "100.0",
        "enable_postprocess_effects": "false",
        "gamma": "2.2",
        "motion_blur_intensity": "0.0",
        "motion_blur_max_distortion": "0.35",
        "lens_flare_intensity": "0.1",
        "motion_blur_min_object_screen_size": "0.1",
        "exposure_min_bright": "10.0",
        "exposure_speed_up": "3.0",
        "exposure_speed_down": "1.0",
        "tint": "0.0",
        "calibration_constant": "16.0",
        "focal_distance": "1000.0",
        "min_fstop": "1.2",
        "blade_count": "5",
        "blur_amount": "0.0",
        "blur_radius": "0.0",
        "slope": "0.88",
        "toe": "0.55",
        "white_clip": "0.04",
        "shoulder": "0.26",
        "black_clip": "0.0",
        "temp": "6500.0",
        "chromatic_aberration_intensity": "0.0"
      },
      "transform_carla": {
        "location": {
          "x": 78.30716705322266,
          "y": -61.446044921875,
          "z": 1.696256160736084
        },
        "rotation": {
          "roll": 0.10982664674520493,
          "pitch": 0.09944071620702744,
          "yaw": 146.72418212890625
        }
      },
      "matrix_world_from_sensor_carla": [
        [
          -0.8360377550125122,
          -0.5486717820167542,
          0.00039928907062858343,
          78.30716705322266
        ],
        [
          0.548669159412384,
          -0.8360356092453003,
          -0.002554801059886813,
          -61.446044921875
        ],
        [
          0.0017355671152472496,
          -0.001916832523420453,
          0.9999966621398926,
          1.696256160736084
        ],
        [
          0.0,
          0.0,
          0.0,
          1.0
        ]
      ],
      "matrix_world_from_sensor_bevfusion": [
        [
          -0.5486717820167542,
          -0.00039928907062858343,
          -0.8360377550125122,
          78.30716705322266
        ],
        [
          0.8360356092453003,
          -0.002554801059886813,
          -0.548669159412384,
          61.446044921875
        ],
        [
          -0.001916832523420453,
          -0.9999966621398926,
          0.0017355671152472496,
          1.696256160736084
        ],
        [
          0.0,
          0.0,
          0.0,
          1.0
        ]
      ],
      "matrix_ego_from_sensor_carla": [
        [
          0.5735760927200317,
          0.8191521763801575,
          -1.001427651914355e-08,
          1.2999992370605469
        ],
        [
          -0.8191521763801575,
          0.573576033115387,
          1.8194048934105922e-08,
          -0.5500030517578125
        ],
        [
          2.074961358289329e-08,
          -2.3330302134638714e-09,
          1.0,
          1.6999998092651367
        ],
        [
          0.0,
          0.0,
          0.0,
          1.0
        ]
      ],
      "matrix_ego_from_sensor_bevfusion": [
        [
          0.8191521763801575,
          1.001427651914355e-08,
          0.5735760927200317,
          1.2999992370605469
        ],
        [
          -0.573576033115387,
          1.8194048934105922e-08,
          0.8191521763801575,
          0.5500030517578125
        ],
        [
          -2.3330302134638714e-09,
          -1.0,
          2.074961358289329e-08,
          1.6999998092651367
        ],
        [
          0.0,
          0.0,
          0.0,
          1.0
        ]
      ],
      "camera_intrinsics": [
        [
          685.5110473632812,
          0.0,
          480.0
        ],
        [
          0.0,
          685.5110473632812,
          270.0
        ],
        [
          0.0,
          0.0,
          1.0
        ]
      ],
      "data_path": "D:\\Agent-AI\\outputs\\s3a_ml_long_v2\\sample_000078\\images\\CAM_FRONT_LEFT.png",
      "raw_layout": "bgra8"
    },
    "CAM_BACK": {
      "type_id": "sensor.camera.rgb",
      "blueprint_attributes": {
        "role_name": "front",
        "ros_name": "sensor.camera.rgb",
        "chromatic_aberration_offset": "0.0",
        "sensor_tick": "0.100000",
        "fstop": "1.4",
        "image_size_x": "960",
        "image_size_y": "540",
        "fov": "70.00",
        "lens_circle_falloff": "5.0",
        "lens_circle_multiplier": "0.0",
        "exposure_compensation": "0.0",
        "lens_y_size": "0.08",
        "lens_k": "-1.0",
        "exposure_mode": "histogram",
        "lens_kcube": "0.0",
        "lens_x_size": "0.08",
        "exposure_max_bright": "12.0",
        "shutter_speed": "200.0",
        "bloom_intensity": "0.675",
        "iso": "100.0",
        "enable_postprocess_effects": "false",
        "gamma": "2.2",
        "motion_blur_intensity": "0.0",
        "motion_blur_max_distortion": "0.35",
        "lens_flare_intensity": "0.1",
        "motion_blur_min_object_screen_size": "0.1",
        "exposure_min_bright": "10.0",
        "exposure_speed_up": "3.0",
        "exposure_speed_down": "1.0",
        "tint": "0.0",
        "calibration_constant": "16.0",
        "focal_distance": "1000.0",
        "min_fstop": "1.2",
        "blade_count": "5",
        "blur_amount": "0.0",
        "blur_radius": "0.0",
        "slope": "0.88",
        "toe": "0.55",
        "white_clip": "0.04",
        "shoulder": "0.26",
        "black_clip": "0.0",
        "temp": "6500.0",
        "chromatic_aberration_intensity": "0.0"
      },
      "transform_carla": {
        "location": {
          "x": 81.1583251953125,
          "y": -60.9020881652832,
          "z": 1.6965076923370361
        },
        "rotation": {
          "roll": -0.14444994926452637,
          "pitch": 0.03292834013700485,
          "yaw": 21.72407341003418
        }
      },
      "matrix_world_from_sensor_carla": [
        [
          0.9289769530296326,
          -0.3701373040676117,
          0.00039927306352183223,
          81.1583251953125
        ],
        [
          0.3701370656490326,
          0.9289736747741699,
          -0.0025547873228788376,
          -60.9020881652832
        ],
        [
          0.0005747078685089946,
          0.002521124202758074,
          0.9999966621398926,
          1.6965076923370361
        ],
        [
          0.0,
          0.0,
          0.0,
          1.0
        ]
      ],
      "matrix_world_from_sensor_bevfusion": [
        [
          -0.3701373040676117,
          -0.00039927306352183223,
          0.9289769530296326,
          81.1583251953125
        ],
        [
          -0.9289736747741699,
          -0.0025547873228788376,
          -0.3701370656490326,
          60.9020881652832
        ],
        [
          0.002521124202758074,
          -0.9999966621398926,
          0.0005747078685089946,
          1.6965076923370361
        ],
        [
          0.0,
          0.0,
          0.0,
          1.0
        ]
      ],
      "matrix_ego_from_sensor_carla": [
        [
          -1.0,
          1.0490371948890242e-07,
          -1.771815194562265e-10,
          -1.5499954223632812
        ],
        [
          -1.3278869914756797e-07,
          -1.0,
          -4.324030022928582e-10,
          -7.62939453125e-06
        ],
        [
          -3.4668762305400946e-10,
          -7.317486616642555e-10,
          1.0,
          1.7000000476837158
        ],
        [
          0.0,
          0.0,
          0.0,
          1.0
        ]
      ],
      "matrix_ego_from_sensor_bevfusion": [
        [
          1.0490371948890242e-07,
          1.771815194562265e-10,
          -1.0,
          -1.5499954223632812
        ],
        [
          1.0,
          -4.324030022928582e-10,
          1.3278869914756797e-07,
          7.62939453125e-06
        ],
        [
          -7.317486616642555e-10,
          -1.0,
          -3.4668762305400946e-10,
          1.7000000476837158
        ],
        [
          0.0,
          0.0,
          0.0,
          1.0
        ]
      ],
      "camera_intrinsics": [
        [
          685.5110473632812,
          0.0,
          480.0
        ],
        [
          0.0,
          685.5110473632812,
          270.0
        ],
        [
          0.0,
          0.0,
          1.0
        ]
      ],
      "data_path": "D:\\Agent-AI\\outputs\\s3a_ml_long_v2\\sample_000078\\images\\CAM_BACK.png",
      "raw_layout": "bgra8"
    },
    "CAM_BACK_LEFT": {
      "type_id": "sensor.camera.rgb",
      "blueprint_attributes": {
        "role_name": "front",
        "ros_name": "sensor.camera.rgb",
        "chromatic_aberration_offset": "0.0",
        "sensor_tick": "0.100000",
        "fstop": "1.4",
        "image_size_x": "960",
        "image_size_y": "540",
        "fov": "70.00",
        "lens_circle_falloff": "5.0",
        "lens_circle_multiplier": "0.0",
        "exposure_compensation": "0.0",
        "lens_y_size": "0.08",
        "lens_k": "-1.0",
        "exposure_mode": "histogram",
        "lens_kcube": "0.0",
        "lens_x_size": "0.08",
        "exposure_max_bright": "12.0",
        "shutter_speed": "200.0",
        "bloom_intensity": "0.675",
        "iso": "100.0",
        "enable_postprocess_effects": "false",
        "gamma": "2.2",
        "motion_blur_intensity": "0.0",
        "motion_blur_max_distortion": "0.35",
        "lens_flare_intensity": "0.1",
        "motion_blur_min_object_screen_size": "0.1",
        "exposure_min_bright": "10.0",
        "exposure_speed_up": "3.0",
        "exposure_speed_down": "1.0",
        "tint": "0.0",
        "calibration_constant": "16.0",
        "focal_distance": "1000.0",
        "min_fstop": "1.2",
        "blade_count": "5",
        "blur_amount": "0.0",
        "blur_radius": "0.0",
        "slope": "0.88",
        "toe": "0.55",
        "white_clip": "0.04",
        "shoulder": "0.26",
        "black_clip": "0.0",
        "temp": "6500.0",
        "chromatic_aberration_intensity": "0.0"
      },
      "transform_carla": {
        "location": {
          "x": 80.7225112915039,
          "y": -60.48368835449219,
          "z": 1.6977505683898926
        },
        "rotation": {
          "roll": -0.05587974563241005,
          "pitch": 0.1372116655111313,
          "yaw": 76.7240219116211
        }
      },
      "matrix_world_from_sensor_carla": [
        [
          0.22964106500148773,
          -0.9732753038406372,
          0.00039927696343511343,
          80.7225112915039
        ],
        [
          0.973272442817688,
          0.22963933646678925,
          -0.002554757986217737,
          -60.48368835449219
        ],
        [
          0.002394793089479208,
          0.0009752825717441738,
          0.9999966621398926,
          1.6977505683898926
        ],
        [
          0.0,
          0.0,
          0.0,
          1.0
        ]
      ],
      "matrix_world_from_sensor_bevfusion": [
        [
          -0.9732753038406372,
          -0.00039927696343511343,
          0.22964106500148773,
          80.7225112915039
        ],
        [
          -0.22963933646678925,
          -0.002554757986217737,
          -0.973272442817688,
          60.48368835449219
        ],
        [
          0.0009752825717441738,
          -0.9999966621398926,
          0.002394793089479208,
          1.6977505683898926
        ],
        [
          0.0,
          0.0,
          0.0,
          1.0
        ]
      ],
      "matrix_ego_from_sensor_carla": [
        [
          -0.5735767483711243,
          0.8191518187522888,
          -1.4670889392220943e-08,
          -1.2999992370605469
        ],
        [
          -0.819151759147644,
          -0.5735766887664795,
          -2.6276604003783177e-08,
          -0.5499954223632812
        ],
        [
          -2.987956548849979e-08,
          -2.96431856838808e-09,
          1.0,
          1.7000000476837158
        ],
        [
          0.0,
          0.0,
          0.0,
          1.0
        ]
      ],
      "matrix_ego_from_sensor_bevfusion": [
        [
          0.8191518187522888,
          1.4670889392220943e-08,
          -0.5735767483711243,
          -1.2999992370605469
        ],
        [
          0.5735766887664795,
          -2.6276604003783177e-08,
          0.819151759147644,
          0.5499954223632812
        ],
        [
          -2.96431856838808e-09,
          -1.0,
          -2.987956548849979e-08,
          1.7000000476837158
        ],
        [
          0.0,
          0.0,
          0.0,
          1.0
        ]
      ],
      "camera_intrinsics": [
        [
          685.5110473632812,
          0.0,
          480.0
        ],
        [
          0.0,
          685.5110473632812,
          270.0
        ],
        [
          0.0,
          0.0,
          1.0
        ]
      ],
      "data_path": "D:\\Agent-AI\\outputs\\s3a_ml_long_v2\\sample_000078\\images\\CAM_BACK_LEFT.png",
      "raw_layout": "bgra8"
    },
    "CAM_BACK_RIGHT": {
      "type_id": "sensor.camera.rgb",
      "blueprint_attributes": {
        "role_name": "front",
        "ros_name": "sensor.camera.rgb",
        "chromatic_aberration_offset": "0.0",
        "sensor_tick": "0.100000",
        "fstop": "1.4",
        "image_size_x": "960",
        "image_size_y": "540",
        "fov": "70.00",
        "lens_circle_falloff": "5.0",
        "lens_circle_multiplier": "0.0",
        "exposure_compensation": "0.0",
        "lens_y_size": "0.08",
        "lens_k": "-1.0",
        "exposure_mode": "histogram",
        "lens_kcube": "0.0",
        "lens_x_size": "0.08",
        "exposure_max_bright": "12.0",
        "shutter_speed": "200.0",
        "bloom_intensity": "0.675",
        "iso": "100.0",
        "enable_postprocess_effects": "false",
        "gamma": "2.2",
        "motion_blur_intensity": "0.0",
        "motion_blur_max_distortion": "0.35",
        "lens_flare_intensity": "0.1",
        "motion_blur_min_object_screen_size": "0.1",
        "exposure_min_bright": "10.0",
        "exposure_speed_up": "3.0",
        "exposure_speed_down": "1.0",
        "tint": "0.0",
        "calibration_constant": "16.0",
        "focal_distance": "1000.0",
        "min_fstop": "1.2",
        "blade_count": "5",
        "blur_amount": "0.0",
        "blur_radius": "0.0",
        "slope": "0.88",
        "toe": "0.55",
        "white_clip": "0.04",
        "shoulder": "0.26",
        "black_clip": "0.0",
        "temp": "6500.0",
        "chromatic_aberration_intensity": "0.0"
      },
      "transform_carla": {
        "location": {
          "x": 81.12965393066406,
          "y": -61.50556182861328,
          "z": 1.6949774026870728
        },
        "rotation": {
          "roll": -0.10982661694288254,
          "pitch": -0.09944071620702744,
          "yaw": -33.27581787109375
        }
      },
      "matrix_world_from_sensor_carla": [
        [
          0.8360377550125122,
          0.5486717820167542,
          0.0003992894198745489,
          81.12965393066406
        ],
        [
          -0.548669159412384,
          0.8360356092453003,
          -0.002554800594225526,
          -61.50556182861328
        ],
        [
          -0.0017355671152472496,
          0.001916831941343844,
          0.9999966621398926,
          1.6949774026870728
        ],
        [
          0.0,
          0.0,
          0.0,
          1.0
        ]
      ],
      "matrix_world_from_sensor_bevfusion": [
        [
          0.5486717820167542,
          -0.0003992894198745489,
          0.8360377550125122,
          81.12965393066406
        ],
        [
          -0.8360356092453003,
          -0.002554800594225526,
          0.548669159412384,
          61.50556182861328
        ],
        [
          0.001916831941343844,
          -0.9999966621398926,
          -0.0017355671152472496,
          1.6949774026870728
        ],
        [
          0.0,
          0.0,
          0.0,
          1.0
        ]
      ],
      "matrix_ego_from_sensor_carla": [
        [
          -0.5735760927200317,
          -0.8191521763801575,
          -1.047993780645129e-08,
          -1.2999916076660156
        ],
        [
          0.8191521763801575,
          -0.573576033115387,
          1.7961218290452052e-08,
          0.5500030517578125
        ],
        [
          -2.074961358289329e-08,
          1.7509556027306417e-09,
          1.0,
          1.7000000476837158
        ],
        [
          0.0,
          0.0,
          0.0,
          1.0
        ]
      ],
      "matrix_ego_from_sensor_bevfusion": [
        [
          -0.8191521763801575,
          1.047993780645129e-08,
          -0.5735760927200317,
          -1.2999916076660156
        ],
        [
          0.573576033115387,
          1.7961218290452052e-08,
          -0.8191521763801575,
          -0.5500030517578125
        ],
        [
          1.7509556027306417e-09,
          -1.0,
          -2.074961358289329e-08,
          1.7000000476837158
        ],
        [
          0.0,
          0.0,
          0.0,
          1.0
        ]
      ],
      "camera_intrinsics": [
        [
          685.5110473632812,
          0.0,
          480.0
        ],
        [
          0.0,
          685.5110473632812,
          270.0
        ],
        [
          0.0,
          0.0,
          1.0
        ]
      ],
      "data_path": "D:\\Agent-AI\\outputs\\s3a_ml_long_v2\\sample_000078\\images\\CAM_BACK_RIGHT.png",
      "raw_layout": "bgra8"
    },
    "LIDAR_TOP": {
      "type_id": "sensor.lidar.ray_cast",
      "blueprint_attributes": {
        "atmosphere_attenuation_rate": "0.004",
        "role_name": "front",
        "noise_seed": "0",
        "upper_fov": "10.0",
        "ros_name": "sensor.lidar.ray_cast",
        "sensor_tick": "0.100000",
        "channels": "32",
        "range": "120.0",
        "points_per_second": "360000",
        "lower_fov": "-30.0",
        "rotation_frequency": "10.000000",
        "horizontal_fov": "360.0",
        "dropoff_general_rate": "0.0",
        "dropoff_intensity_limit": "1.0",
        "noise_stddev": "0.0",
        "dropoff_zero_intensity": "0.0"
      },
      "transform_carla": {
        "location": {
          "x": 79.71861267089844,
          "y": -61.47707748413086,
          "z": 2.195615291595459
        },
        "rotation": {
          "roll": 0.14444999396800995,
          "pitch": -0.03292834013700485,
          "yaw": -158.27593994140625
        }
      },
      "matrix_world_from_sensor_carla": [
        [
          -0.9289770126342773,
          0.37013718485832214,
          0.0003992730053141713,
          79.71861267089844
        ],
        [
          -0.37013694643974304,
          -0.9289737343788147,
          -0.002554787788540125,
          -61.47707748413086
        ],
        [
          -0.0005747078685089946,
          -0.0025211249012500048,
          0.9999966621398926,
          2.195615291595459
        ],
        [
          0.0,
          0.0,
          0.0,
          1.0
        ]
      ],
      "matrix_world_from_sensor_bevfusion": [
        [
          -0.9289770126342773,
          -0.37013718485832214,
          0.0003992730053141713,
          79.71861267089844
        ],
        [
          0.37013694643974304,
          -0.9289737343788147,
          0.002554787788540125,
          61.47707748413086
        ],
        [
          -0.0005747078685089946,
          0.0025211249012500048,
          0.9999966621398926,
          2.195615291595459
        ],
        [
          0.0,
          0.0,
          0.0,
          1.0
        ]
      ],
      "matrix_ego_from_sensor_carla": [
        [
          1.0,
          6.565488597232161e-09,
          -2.558536715824289e-12,
          3.814697265625e-06
        ],
        [
          -7.755856401558958e-09,
          1.0,
          3.325828501488104e-11,
          -7.62939453125e-06
        ],
        [
          -2.5583424267949795e-12,
          3.325906217099828e-11,
          1.0,
          2.200000047683716
        ],
        [
          0.0,
          0.0,
          0.0,
          1.0
        ]
      ],
      "matrix_ego_from_sensor_bevfusion": [
        [
          1.0,
          -6.565488597232161e-09,
          -2.558536715824289e-12,
          3.814697265625e-06
        ],
        [
          7.755856401558958e-09,
          1.0,
          -3.325828501488104e-11,
          7.62939453125e-06
        ],
        [
          -2.5583424267949795e-12,
          -3.325906217099828e-11,
          1.0,
          2.200000047683716
        ],
        [
          0.0,
          0.0,
          0.0,
          1.0
        ]
      ],
      "data_path": "D:\\Agent-AI\\outputs\\s3a_ml_long_v2\\sample_000078\\lidar\\LIDAR_TOP.npy",
      "raw_layout": [
        "x",
        "y",
        "z",
        "intensity"
      ]
    },
    "RADAR_FRONT": {
      "type_id": "sensor.other.radar",
      "blueprint_attributes": {
        "sensor_tick": "0.100000",
        "role_name": "default",
        "noise_seed": "0",
        "ros_name": "sensor.other.radar",
        "horizontal_fov": "35.0",
        "points_per_second": "1500",
        "vertical_fov": "20.0",
        "range": "120.0"
      },
      "transform_carla": {
        "location": {
          "x": 77.86013793945312,
          "y": -62.21403121948242,
          "z": 0.8944700956344604
        },
        "rotation": {
          "roll": 0.14444999396800995,
          "pitch": -0.03292834013700485,
          "yaw": -158.27593994140625
        }
      },
      "matrix_world_from_sensor_carla": [
        [
          -0.9289770126342773,
          0.37013718485832214,
          0.0003992730053141713,
          77.86013793945312
        ],
        [
          -0.37013694643974304,
          -0.9289737343788147,
          -0.002554787788540125,
          -62.21403121948242
        ],
        [
          -0.0005747078685089946,
          -0.0025211249012500048,
          0.9999966621398926,
          0.8944700956344604
        ],
        [
          0.0,
          0.0,
          0.0,
          1.0
        ]
      ],
      "matrix_world_from_sensor_bevfusion": [
        [
          -0.9289770126342773,
          -0.37013718485832214,
          0.0003992730053141713,
          77.86013793945312
        ],
        [
          0.37013694643974304,
          -0.9289737343788147,
          0.002554787788540125,
          62.21403121948242
        ],
        [
          -0.0005747078685089946,
          0.0025211249012500048,
          0.9999966621398926,
          0.8944700956344604
        ],
        [
          0.0,
          0.0,
          0.0,
          1.0
        ]
      ],
      "matrix_ego_from_sensor_carla": [
        [
          1.0,
          6.565488597232161e-09,
          -2.558536715824289e-12,
          2.0000038146972656
        ],
        [
          -7.755856401558958e-09,
          1.0,
          3.325828501488104e-11,
          -7.62939453125e-06
        ],
        [
          -2.5583424267949795e-12,
          3.325906217099828e-11,
          1.0,
          0.8999999165534973
        ],
        [
          0.0,
          0.0,
          0.0,
          1.0
        ]
      ],
      "matrix_ego_from_sensor_bevfusion": [
        [
          1.0,
          -6.565488597232161e-09,
          -2.558536715824289e-12,
          2.0000038146972656
        ],
        [
          7.755856401558958e-09,
          1.0,
          -3.325828501488104e-11,
          7.62939453125e-06
        ],
        [
          -2.5583424267949795e-12,
          -3.325906217099828e-11,
          1.0,
          0.8999999165534973
        ],
        [
          0.0,
          0.0,
          0.0,
          1.0
        ]
      ],
      "data_path": "D:\\Agent-AI\\outputs\\s3a_ml_long_v2\\sample_000078\\radar\\RADAR_FRONT.npy",
      "raw_layout": [
        "velocity",
        "altitude",
        "azimuth",
        "depth"
      ]
    },
    "RADAR_FRONT_LEFT": {
      "type_id": "sensor.other.radar",
      "blueprint_attributes": {
        "sensor_tick": "0.100000",
        "role_name": "default",
        "noise_seed": "0",
        "ros_name": "sensor.other.radar",
        "horizontal_fov": "35.0",
        "points_per_second": "1500",
        "vertical_fov": "20.0",
        "range": "120.0"
      },
      "transform_carla": {
        "location": {
          "x": 77.90767669677734,
          "y": -61.387752532958984,
          "z": 0.8965620994567871
        },
        "rotation": {
          "roll": 0.12542559206485748,
          "pitch": 0.0788545310497284,
          "yaw": 156.72421264648438
        }
      },
      "matrix_world_from_sensor_carla": [
        [
          -0.918612539768219,
          -0.39515921473503113,
          0.00039922352880239487,
          77.90767669677734
        ],
        [
          0.39515700936317444,
          -0.9186100363731384,
          -0.0025547677651047707,
          -61.387752532958984
        ],
        [
          0.0013762706657871604,
          -0.0021890855859965086,
          0.9999966621398926,
          0.8965620994567871
        ],
        [
          0.0,
          0.0,
          0.0,
          1.0
        ]
      ],
      "matrix_world_from_sensor_bevfusion": [
        [
          -0.918612539768219,
          0.39515921473503113,
          0.00039922352880239487,
          77.90767669677734
        ],
        [
          -0.39515700936317444,
          -0.9186100363731384,
          0.0025547677651047707,
          61.387752532958984
        ],
        [
          0.0013762706657871604,
          0.0021890855859965086,
          0.9999966621398926,
          0.8965620994567871
        ],
        [
          0.0,
          0.0,
          0.0,
          1.0
        ]
      ],
      "matrix_ego_from_sensor_carla": [
        [
          0.7071069478988647,
          0.7071065902709961,
          3.8589121231780155e-08,
          1.6500015258789062
        ],
        [
          -0.7071065306663513,
          0.7071069478988647,
          -3.698681538821802e-08,
          -0.75
        ],
        [
          -5.337181718800821e-08,
          -1.0750417223093223e-09,
          1.0,
          0.8999999165534973
        ],
        [
          0.0,
          0.0,
          0.0,
          1.0
        ]
      ],
      "matrix_ego_from_sensor_bevfusion": [
        [
          0.7071069478988647,
          -0.7071065902709961,
          3.8589121231780155e-08,
          1.6500015258789062
        ],
        [
          0.7071065306663513,
          0.7071069478988647,
          3.698681538821802e-08,
          0.75
        ],
        [
          -5.337181718800821e-08,
          1.0750417223093223e-09,
          1.0,
          0.8999999165534973
        ],
        [
          0.0,
          0.0,
          0.0,
          1.0
        ]
      ],
      "data_path": "D:\\Agent-AI\\outputs\\s3a_ml_long_v2\\sample_000078\\radar\\RADAR_FRONT_LEFT.npy",
      "raw_layout": [
        "velocity",
        "altitude",
        "azimuth",
        "depth"
      ]
    },
    "RADAR_FRONT_RIGHT": {
      "type_id": "sensor.other.radar",
      "blueprint_attributes": {
        "sensor_tick": "0.100000",
        "role_name": "default",
        "noise_seed": "0",
        "ros_name": "sensor.other.radar",
        "horizontal_fov": "35.0",
