{
  "schema_version": "stage1.v1",
  "sample_name": "sample_000020",
  "sequence_index": 20,
  "previous_sample_name": "sample_000019",
  "frame_id": 2197,
  "timestamp": 33.890632309019566,
  "platform_timestamp": 16781881.6912821,
  "delta_seconds": 0.05000000074505806,
  "town": "Carla/Maps/Town10HD_Opt",
  "weather": {
    "cloudiness": 20.0,
    "dust_storm": 0.0,
    "fog_density": 2.0,
    "fog_distance": 0.75,
    "fog_falloff": 0.10000000149011612,
    "mie_scattering_scale": 0.029999999329447746,
    "precipitation": 0.0,
    "precipitation_deposits": 0.0,
    "rayleigh_scattering_scale": 0.03310000151395798,
    "scattering_intensity": 1.0,
    "sun_altitude_angle": 45.0,
    "sun_azimuth_angle": 300.0,
    "wetness": 0.0,
    "wind_intensity": 10.0
  },
  "sensor_names": [
    "CAM_FRONT",
    "CAM_FRONT_RIGHT",
    "CAM_FRONT_LEFT",
    "CAM_BACK",
    "CAM_BACK_LEFT",
    "CAM_BACK_RIGHT",
    "LIDAR_TOP",
    "RADAR_FRONT",
    "RADAR_FRONT_LEFT",
    "RADAR_FRONT_RIGHT",
    "RADAR_BACK_LEFT",
    "RADAR_BACK_RIGHT"
  ],
  "camera_order_for_model": [
    "CAM_FRONT",
    "CAM_FRONT_RIGHT",
    "CAM_FRONT_LEFT",
    "CAM_BACK",
    "CAM_BACK_LEFT",
    "CAM_BACK_RIGHT"
  ],
  "radar_order_for_model": [
    "RADAR_FRONT",
    "RADAR_FRONT_LEFT",
    "RADAR_FRONT_RIGHT",
    "RADAR_BACK_LEFT",
    "RADAR_BACK_RIGHT"
  ],
  "coordinate_notes": {
    "carla_world": "left-handed x-forward y-right z-up",
    "bevfusion_lidar": "x-forward y-left z-up",
    "camera_frame_for_model": "OpenCV style x-right y-down z-forward"
  },
  "ego": {
    "actor_id": 24,
    "transform_carla": {
      "location": {
        "x": -56.26625442504883,
        "y": 22.43144416809082,
        "z": -0.0058818054385483265
      },
      "rotation": {
        "roll": 1.051119327545166,
        "pitch": 0.4159584939479828,
        "yaw": -22.108259201049805
      }
    },
    "velocity_carla": [
      7.5942301750183105,
      -3.48409366607666,
      -9.02366591617465e-05
    ],
    "angular_velocity_carla": [
      0.50254225730896,
      1.787339210510254,
      -26.999189376831055
    ],
    "matrix_world_from_ego_carla": [
      [
        0.9264499545097351,
        0.3764178454875946,
        0.0001792125403881073,
        -56.26625442504883
      ],
      [
        -0.3763478696346283,
        0.9262683987617493,
        0.019727492704987526,
        22.43144416809082
      ],
      [
        0.00725978147238493,
        -0.018343983218073845,
        0.9998053908348083,
        -0.0058818054385483265
      ],
      [
        0.0,
        0.0,
        0.0,
        1.0
      ]
    ],
    "matrix_world_from_ego_bevfusion": [
      [
        0.9264499545097351,
        -0.3764178454875946,
        0.0001792125403881073,
        -56.26625442504883
      ],
      [
        0.3763478696346283,
        0.9262683987617493,
        -0.019727492704987526,
        -22.43144416809082
      ],
      [
        0.00725978147238493,
        0.018343983218073845,
        0.9998053908348083,
        -0.0058818054385483265
      ],
      [
        0.0,
        0.0,
        0.0,
        1.0
      ]
    ]
  },
  "sensors": {
    "CAM_FRONT": {
      "type_id": "sensor.camera.rgb",
      "blueprint_attributes": {
        "role_name": "front",
        "ros_name": "sensor.camera.rgb",
        "chromatic_aberration_offset": "0.0",
        "sensor_tick": "0.050000",
        "fstop": "1.4",
        "image_size_x": "1600",
        "image_size_y": "900",
        "fov": "70.00",
        "lens_circle_falloff": "5.0",
        "lens_circle_multiplier": "0.0",
        "exposure_compensation": "0.0",
        "lens_y_size": "0.08",
        "lens_k": "-1.0",
        "exposure_mode": "histogram",
        "lens_kcube": "0.0",
        "lens_x_size": "0.08",
        "exposure_max_bright": "12.0",
        "shutter_speed": "200.0",
        "bloom_intensity": "0.675",
        "iso": "100.0",
        "enable_postprocess_effects": "false",
        "gamma": "2.2",
        "motion_blur_intensity": "0.0",
        "motion_blur_max_distortion": "0.35",
        "lens_flare_intensity": "0.1",
        "motion_blur_min_object_screen_size": "0.1",
        "exposure_min_bright": "10.0",
        "exposure_speed_up": "3.0",
        "exposure_speed_down": "1.0",
        "tint": "0.0",
        "calibration_constant": "16.0",
        "focal_distance": "1000.0",
        "min_fstop": "1.2",
        "blade_count": "5",
        "blur_amount": "0.0",
        "blur_radius": "0.0",
        "slope": "0.88",
        "toe": "0.55",
        "white_clip": "0.04",
        "shoulder": "0.26",
        "black_clip": "0.0",
        "temp": "6500.0",
        "chromatic_aberration_intensity": "0.0"
      },
      "transform_carla": {
        "location": {
          "x": -54.82994842529297,
          "y": 21.881643295288086,
          "z": 1.7050399780273438
        },
        "rotation": {
          "roll": 1.051119327545166,
          "pitch": 0.4159584939479828,
          "yaw": -22.108259201049805
        }
      },
      "matrix_world_from_sensor_carla": [
        [
          0.9264499545097351,
          0.3764178454875946,
          0.0001792125403881073,
          -54.82994842529297
        ],
        [
          -0.3763478696346283,
          0.9262683987617493,
          0.019727492704987526,
          21.881643295288086
        ],
        [
          0.00725978147238493,
          -0.018343983218073845,
          0.9998053908348083,
          1.7050399780273438
        ],
        [
          0.0,
          0.0,
          0.0,
          1.0
        ]
      ],
      "matrix_world_from_sensor_bevfusion": [
        [
          0.3764178454875946,
          -0.0001792125403881073,
          0.9264499545097351,
          -54.82994842529297
        ],
        [
          -0.9262683987617493,
          0.019727492704987526,
          0.3763478696346283,
          -21.881643295288086
        ],
        [
          -0.018343983218073845,
          -0.9998053908348083,
          0.00725978147238493,
          1.7050399780273438
        ],
        [
          0.0,
          0.0,
          0.0,
          1.0
        ]
      ],
      "matrix_ego_from_sensor_carla": [
        [
          1.0,
          1.0562597907437521e-08,
          4.619951643469733e-10,
          1.5500030517578125
        ],
        [
          3.1982994030954615e-09,
          1.0,
          -7.838532045667534e-10,
          2.294778823852539e-06
        ],
        [
          4.619951643469733e-10,
          -7.834907167492133e-10,
          1.0,
          1.7000000476837158
        ],
        [
          0.0,
          0.0,
          0.0,
          1.0
        ]
      ],
      "matrix_ego_from_sensor_bevfusion": [
        [
          1.0562597907437521e-08,
          -4.619951643469733e-10,
          1.0,
          1.5500030517578125
        ],
        [
          -1.0,
          -7.838532045667534e-10,
          -3.1982994030954615e-09,
          -2.294778823852539e-06
        ],
        [
          -7.834907167492133e-10,
          -1.0,
          4.619951643469733e-10,
          1.7000000476837158
        ],
        [
          0.0,
          0.0,
          0.0,
          1.0
        ]
      ],
      "camera_intrinsics": [
        [
          1142.5184326171875,
          0.0,
          800.0
        ],
        [
          0.0,
          1142.5184326171875,
          450.0
        ],
        [
          0.0,
          0.0,
          1.0
        ]
      ],
      "data_path": "D:\\Agent-AI\\outputs\\samples\\sample_000020\\images\\CAM_FRONT.png",
      "raw_layout": "bgra8"
    },
    "CAM_FRONT_RIGHT": {
      "type_id": "sensor.camera.rgb",
      "blueprint_attributes": {
        "role_name": "front",
        "ros_name": "sensor.camera.rgb",
        "chromatic_aberration_offset": "0.0",
        "sensor_tick": "0.050000",
        "fstop": "1.4",
        "image_size_x": "1600",
        "image_size_y": "900",
        "fov": "70.00",
        "lens_circle_falloff": "5.0",
        "lens_circle_multiplier": "0.0",
        "exposure_compensation": "0.0",
        "lens_y_size": "0.08",
        "lens_k": "-1.0",
        "exposure_mode": "histogram",
        "lens_kcube": "0.0",
        "lens_x_size": "0.08",
        "exposure_max_bright": "12.0",
        "shutter_speed": "200.0",
        "bloom_intensity": "0.675",
        "iso": "100.0",
        "enable_postprocess_effects": "false",
        "gamma": "2.2",
        "motion_blur_intensity": "0.0",
        "motion_blur_max_distortion": "0.35",
        "lens_flare_intensity": "0.1",
        "motion_blur_min_object_screen_size": "0.1",
        "exposure_min_bright": "10.0",
        "exposure_speed_up": "3.0",
        "exposure_speed_down": "1.0",
        "tint": "0.0",
        "calibration_constant": "16.0",
        "focal_distance": "1000.0",
        "min_fstop": "1.2",
        "blade_count": "5",
        "blur_amount": "0.0",
        "blur_radius": "0.0",
        "slope": "0.88",
        "toe": "0.55",
        "white_clip": "0.04",
        "shoulder": "0.26",
        "black_clip": "0.0",
        "temp": "6500.0",
        "chromatic_aberration_intensity": "0.0"
      },
      "transform_carla": {
        "location": {
          "x": -54.85453414916992,
          "y": 22.48517608642578,
          "z": 1.6931357383728027
        },
        "rotation": {
          "roll": 0.9436761736869812,
          "pitch": -0.6223872900009155,
          "yaw": 32.882789611816406
        }
      },
      "matrix_world_from_sensor_carla": [
        [
          0.8397334814071655,
          -0.5429987907409668,
          0.00017923768609762192,
          -54.85453414916992
        ],
        [
          0.542890191078186,
          0.8395719528198242,
          0.01972750388085842,
          22.48517608642578
        ],
        [
          -0.010862493887543678,
          -0.016468537971377373,
          0.9998053312301636,
          1.6931357383728027
        ],
        [
          0.0,
          0.0,
          0.0,
          1.0
        ]
      ],
      "matrix_world_from_sensor_bevfusion": [
        [
          -0.5429987907409668,
          -0.00017923768609762192,
          0.8397334814071655,
          -54.85453414916992
        ],
        [
          -0.8395719528198242,
          0.01972750388085842,
          -0.542890191078186,
          -22.48517608642578
        ],
        [
          -0.016468537971377373,
          -0.9998053312301636,
          -0.010862493887543678,
          1.6931357383728027
        ],
        [
          0.0,
          0.0,
          0.0,
          1.0
        ]
      ],
      "matrix_ego_from_sensor_carla": [
        [
          0.5735766887664795,
          -0.8191519379615784,
          1.9121390693044304e-08,
          1.2999992370605469
        ],
        [
          0.8191519379615784,
          0.5735765695571899,
          2.07986303735197e-08,
          0.5499995350837708
        ],
        [
          -2.6238408779022393e-08,
          4.904060268984267e-09,
          0.9999999403953552,
          1.6999998092651367
        ],
        [
          0.0,
          0.0,
          0.0,
          1.0
        ]
      ],
      "matrix_ego_from_sensor_bevfusion": [
        [
          -0.8191519379615784,
          -1.9121390693044304e-08,
          0.5735766887664795,
          1.2999992370605469
        ],
        [
          -0.5735765695571899,
          2.07986303735197e-08,
          -0.8191519379615784,
          -0.5499995350837708
        ],
        [
          4.904060268984267e-09,
          -0.9999999403953552,
          -2.6238408779022393e-08,
          1.6999998092651367
        ],
        [
          0.0,
          0.0,
          0.0,
          1.0
        ]
      ],
      "camera_intrinsics": [
        [
          1142.5184326171875,
          0.0,
          800.0
        ],
        [
          0.0,
          1142.5184326171875,
          450.0
        ],
        [
          0.0,
          0.0,
          1.0
        ]
      ],
      "data_path": "D:\\Agent-AI\\outputs\\samples\\sample_000020\\images\\CAM_FRONT_RIGHT.png",
      "raw_layout": "bgra8"
    },
    "CAM_FRONT_LEFT": {
      "type_id": "sensor.camera.rgb",
      "blueprint_attributes": {
        "role_name": "front",
        "ros_name": "sensor.camera.rgb",
        "chromatic_aberration_offset": "0.0",
        "sensor_tick": "0.050000",
        "fstop": "1.4",
        "image_size_x": "1600",
        "image_size_y": "900",
        "fov": "70.00",
        "lens_circle_falloff": "5.0",
        "lens_circle_multiplier": "0.0",
        "exposure_compensation": "0.0",
        "lens_y_size": "0.08",
        "lens_k": "-1.0",
        "exposure_mode": "histogram",
        "lens_kcube": "0.0",
        "lens_x_size": "0.08",
        "exposure_max_bright": "12.0",
        "shutter_speed": "200.0",
        "bloom_intensity": "0.675",
        "iso": "100.0",
        "enable_postprocess_effects": "false",
        "gamma": "2.2",
        "motion_blur_intensity": "0.0",
        "motion_blur_max_distortion": "0.35",
        "lens_flare_intensity": "0.1",
        "motion_blur_min_object_screen_size": "0.1",
        "exposure_min_bright": "10.0",
        "exposure_speed_up": "3.0",
        "exposure_speed_down": "1.0",
        "tint": "0.0",
        "calibration_constant": "16.0",
        "focal_distance": "1000.0",
        "min_fstop": "1.2",
        "blade_count": "5",
        "blur_amount": "0.0",
        "blur_radius": "0.0",
        "slope": "0.88",
        "toe": "0.55",
        "white_clip": "0.04",
        "shoulder": "0.26",
        "black_clip": "0.0",
        "temp": "6500.0",
        "chromatic_aberration_intensity": "0.0"
      },
      "transform_carla": {
        "location": {
          "x": -55.268592834472656,
          "y": 21.46628189086914,
          "z": 1.713314175605774
        },
        "rotation": {
          "roll": 0.26216650009155273,
          "pitch": 1.0996057987213135,
          "yaw": -77.10955047607422
        }
      },
      "matrix_world_from_sensor_carla": [
        [
          0.22304655611515045,
          0.9748077392578125,
          0.00017920555546879768,
          -55.268592834472656
        ],
        [
          -0.9746188521385193,
          0.222999706864357,
          0.01972750760614872,
          21.46628189086914
        ],
        [
          0.01919056475162506,
          -0.004574809689074755,
          0.9998053312301636,
          1.713314175605774
        ],
        [
          0.0,
          0.0,
          0.0,
          1.0
        ]
      ],
      "matrix_world_from_sensor_bevfusion": [
        [
          0.9748077392578125,
          -0.00017920555546879768,
          0.22304655611515045,
          -55.268592834472656
        ],
        [
          -0.222999706864357,
          0.01972750760614872,
          0.9746188521385193,
          -21.46628189086914
        ],
        [
          -0.004574809689074755,
          -0.9998053312301636,
          0.01919056475162506,
          1.713314175605774
        ],
        [
          0.0,
          0.0,
          0.0,
          1.0
        ]
      ],
      "matrix_ego_from_sensor_carla": [
        [
          0.5735765099525452,
          0.8191519379615784,
          -1.2077914668395806e-08,
          1.3000030517578125
        ],
        [
          -0.8191518783569336,
          0.5735765099525452,
          1.1485404627364915e-08,
          -0.5499989986419678
        ],
        [
          1.670754556926113e-08,
          3.680803439820579e-09,
          0.9999999403953552,
          1.7000000476837158
        ],
        [
          0.0,
          0.0,
          0.0,
          1.0
        ]
      ],
      "matrix_ego_from_sensor_bevfusion": [
        [
          0.8191519379615784,
          1.2077914668395806e-08,
          0.5735765099525452,
          1.3000030517578125
        ],
        [
          -0.5735765099525452,
          1.1485404627364915e-08,
          0.8191518783569336,
          0.5499989986419678
        ],
        [
          3.680803439820579e-09,
          -0.9999999403953552,
          1.670754556926113e-08,
          1.7000000476837158
        ],
        [
          0.0,
          0.0,
          0.0,
          1.0
        ]
      ],
      "camera_intrinsics": [
        [
          1142.5184326171875,
          0.0,
          800.0
        ],
        [
          0.0,
          1142.5184326171875,
          450.0
        ],
        [
          0.0,
          0.0,
          1.0
        ]
      ],
      "data_path": "D:\\Agent-AI\\outputs\\samples\\sample_000020\\images\\CAM_FRONT_LEFT.png",
      "raw_layout": "bgra8"
    },
    "CAM_BACK": {
      "type_id": "sensor.camera.rgb",
      "blueprint_attributes": {
        "role_name": "front",
        "ros_name": "sensor.camera.rgb",
        "chromatic_aberration_offset": "0.0",
        "sensor_tick": "0.050000",
        "fstop": "1.4",
        "image_size_x": "1600",
        "image_size_y": "900",
        "fov": "70.00",
        "lens_circle_falloff": "5.0",
        "lens_circle_multiplier": "0.0",
        "exposure_compensation": "0.0",
        "lens_y_size": "0.08",
        "lens_k": "-1.0",
        "exposure_mode": "histogram",
        "lens_kcube": "0.0",
        "lens_x_size": "0.08",
        "exposure_max_bright": "12.0",
        "shutter_speed": "200.0",
        "bloom_intensity": "0.675",
        "iso": "100.0",
        "enable_postprocess_effects": "false",
        "gamma": "2.2",
        "motion_blur_intensity": "0.0",
        "motion_blur_max_distortion": "0.35",
        "lens_flare_intensity": "0.1",
        "motion_blur_min_object_screen_size": "0.1",
        "exposure_min_bright": "10.0",
        "exposure_speed_up": "3.0",
        "exposure_speed_down": "1.0",
        "tint": "0.0",
        "calibration_constant": "16.0",
        "focal_distance": "1000.0",
        "min_fstop": "1.2",
        "blade_count": "5",
        "blur_amount": "0.0",
        "blur_radius": "0.0",
        "slope": "0.88",
        "toe": "0.55",
        "white_clip": "0.04",
        "shoulder": "0.26",
        "black_clip": "0.0",
        "temp": "6500.0",
        "chromatic_aberration_intensity": "0.0"
      },
      "transform_carla": {
        "location": {
          "x": -57.70194625854492,
          "y": 23.048322677612305,
          "z": 1.6825346946716309
        },
        "rotation": {
          "roll": -1.0511192083358765,
          "pitch": -0.4159584939479828,
          "yaw": 157.89175415039062
        }
      },
      "matrix_world_from_sensor_carla": [
        [
          -0.9264500141143799,
          -0.37641775608062744,
          0.00017920928075909615,
          -57.70194625854492
        ],
        [
          0.37634778022766113,
          -0.926268458366394,
          0.019727490842342377,
          23.048322677612305
        ],
        [
          -0.00725978147238493,
          0.018343979492783546,
          0.9998053908348083,
          1.6825346946716309
        ],
        [
          0.0,
          0.0,
          0.0,
          1.0
        ]
      ],
      "matrix_world_from_sensor_bevfusion": [
        [
          -0.37641775608062744,
          -0.00017920928075909615,
          -0.9264500141143799,
          -57.70194625854492
        ],
        [
          0.926268458366394,
          0.019727490842342377,
          -0.37634778022766113,
          -23.048322677612305
        ],
        [
          0.018343979492783546,
          -0.9998053908348083,
          -0.00725978147238493,
          1.6825346946716309
        ],
        [
          0.0,
          0.0,
          0.0,
          1.0
        ]
      ],
      "matrix_ego_from_sensor_carla": [
        [
          -1.0,
          1.012563757285534e-07,
          -1.8663113277028742e-09,
          -1.5499992370605469
        ],
        [
          -1.1581557401996179e-07,
          -1.0,
          -4.5091432809840626e-09,
          1.4603137969970703e-06
        ],
        [
          -2.324640258066779e-09,
          -2.941074495055318e-09,
          1.0,
          1.7000000476837158
        ],
        [
          0.0,
          0.0,
          0.0,
          1.0
        ]
      ],
      "matrix_ego_from_sensor_bevfusion": [
        [
          1.012563757285534e-07,
          1.8663113277028742e-09,
          -1.0,
          -1.5499992370605469
        ],
        [
          1.0,
          -4.5091432809840626e-09,
          1.1581557401996179e-07,
          -1.4603137969970703e-06
        ],
        [
          -2.941074495055318e-09,
          -1.0,
          -2.324640258066779e-09,
          1.7000000476837158
        ],
        [
          0.0,
          0.0,
          0.0,
          1.0
        ]
      ],
      "camera_intrinsics": [
        [
          1142.5184326171875,
          0.0,
          800.0
        ],
        [
          0.0,
          1142.5184326171875,
          450.0
        ],
        [
          0.0,
          0.0,
          1.0
        ]
      ],
      "data_path": "D:\\Agent-AI\\outputs\\samples\\sample_000020\\images\\CAM_BACK.png",
      "raw_layout": "bgra8"
    },
    "CAM_BACK_LEFT": {
      "type_id": "sensor.camera.rgb",
      "blueprint_attributes": {
        "role_name": "front",
        "ros_name": "sensor.camera.rgb",
        "chromatic_aberration_offset": "0.0",
        "sensor_tick": "0.050000",
        "fstop": "1.4",
        "image_size_x": "1600",
        "image_size_y": "900",
        "fov": "70.00",
        "lens_circle_falloff": "5.0",
        "lens_circle_multiplier": "0.0",
        "exposure_compensation": "0.0",
        "lens_y_size": "0.08",
        "lens_k": "-1.0",
        "exposure_mode": "histogram",
        "lens_kcube": "0.0",
        "lens_x_size": "0.08",
        "exposure_max_bright": "12.0",
        "shutter_speed": "200.0",
        "bloom_intensity": "0.675",
        "iso": "100.0",
        "enable_postprocess_effects": "false",
        "gamma": "2.2",
        "motion_blur_intensity": "0.0",
        "motion_blur_max_distortion": "0.35",
        "lens_flare_intensity": "0.1",
        "motion_blur_min_object_screen_size": "0.1",
        "exposure_min_bright": "10.0",
        "exposure_speed_up": "3.0",
        "exposure_speed_down": "1.0",
        "tint": "0.0",
        "calibration_constant": "16.0",
        "focal_distance": "1000.0",
        "min_fstop": "1.2",
        "blade_count": "5",
        "blur_amount": "0.0",
        "blur_radius": "0.0",
        "slope": "0.88",
        "toe": "0.55",
        "white_clip": "0.04",
        "shoulder": "0.26",
        "black_clip": "0.0",
        "temp": "6500.0",
        "chromatic_aberration_intensity": "0.0"
      },
      "transform_carla": {
        "location": {
          "x": -57.67736053466797,
          "y": 22.444787979125977,
          "z": 1.6944386959075928
        },
        "rotation": {
          "roll": -0.9436760544776917,
          "pitch": 0.6223872900009155,
          "yaw": -147.1171875
        }
      },
      "matrix_world_from_sensor_carla": [
        [
          -0.8397333025932312,
          0.5429990887641907,
          0.00017923209816217422,
          -57.67736053466797
        ],
        [
          -0.5428904891014099,
          -0.8395717740058899,
          0.019727502018213272,
          22.444787979125977
        ],
        [
          0.010862493887543678,
          0.016468536108732224,
          0.9998053312301636,
          1.6944386959075928
        ],
        [
          0.0,
          0.0,
          0.0,
          1.0
        ]
      ],
      "matrix_world_from_sensor_bevfusion": [
        [
          0.5429990887641907,
          -0.00017923209816217422,
          -0.8397333025932312,
          -57.67736053466797
        ],
        [
          0.8395717740058899,
          0.019727502018213272,
          0.5428904891014099,
          -22.444787979125977
        ],
        [
          0.016468536108732224,
          -0.9998053312301636,
          0.010862493887543678,
          1.6944386959075928
        ],
        [
          0.0,
          0.0,
          0.0,
          1.0
        ]
      ],
      "matrix_ego_from_sensor_carla": [
        [
          -0.5735763907432556,
          0.8191521763801575,
          1.4464778708145332e-08,
          -1.2999954223632812
        ],
        [
          -0.8191521167755127,
          -0.5735762715339661,
          1.7073340075057786e-08,
          -0.5499975681304932
        ],
        [
          2.0650473331329522e-08,
          -3.0410525209134676e-09,
          0.9999999403953552,
          1.7000000476837158
        ],
        [
          0.0,
          0.0,
          0.0,
          1.0
        ]
      ],
      "matrix_ego_from_sensor_bevfusion": [
        [
          0.8191521763801575,
          -1.4464778708145332e-08,
          -0.5735763907432556,
          -1.2999954223632812
        ],
        [
          0.5735762715339661,
          1.7073340075057786e-08,
          0.8191521167755127,
          0.5499975681304932
        ],
        [
          -3.0410525209134676e-09,
          -0.9999999403953552,
          2.0650473331329522e-08,
          1.7000000476837158
        ],
        [
          0.0,
          0.0,
          0.0,
          1.0
        ]
      ],
      "camera_intrinsics": [
        [
          1142.5184326171875,
          0.0,
          800.0
        ],
        [
          0.0,
          1142.5184326171875,
          450.0
        ],
        [
          0.0,
          0.0,
          1.0
        ]
      ],
      "data_path": "D:\\Agent-AI\\outputs\\samples\\sample_000020\\images\\CAM_BACK_LEFT.png",
      "raw_layout": "bgra8"
    },
    "CAM_BACK_RIGHT": {
      "type_id": "sensor.camera.rgb",
      "blueprint_attributes": {
        "role_name": "front",
        "ros_name": "sensor.camera.rgb",
        "chromatic_aberration_offset": "0.0",
        "sensor_tick": "0.050000",
        "fstop": "1.4",
        "image_size_x": "1600",
        "image_size_y": "900",
        "fov": "70.00",
        "lens_circle_falloff": "5.0",
        "lens_circle_multiplier": "0.0",
        "exposure_compensation": "0.0",
        "lens_y_size": "0.08",
        "lens_k": "-1.0",
        "exposure_mode": "histogram",
        "lens_kcube": "0.0",
        "lens_x_size": "0.08",
        "exposure_max_bright": "12.0",
        "shutter_speed": "200.0",
        "bloom_intensity": "0.675",
        "iso": "100.0",
        "enable_postprocess_effects": "false",
        "gamma": "2.2",
        "motion_blur_intensity": "0.0",
        "motion_blur_max_distortion": "0.35",
        "lens_flare_intensity": "0.1",
        "motion_blur_min_object_screen_size": "0.1",
        "exposure_min_bright": "10.0",
        "exposure_speed_up": "3.0",
        "exposure_speed_down": "1.0",
        "tint": "0.0",
        "calibration_constant": "16.0",
        "focal_distance": "1000.0",
        "min_fstop": "1.2",
        "blade_count": "5",
        "blur_amount": "0.0",
        "blur_radius": "0.0",
        "slope": "0.88",
        "toe": "0.55",
        "white_clip": "0.04",
        "shoulder": "0.26",
        "black_clip": "0.0",
        "temp": "6500.0",
        "chromatic_aberration_intensity": "0.0"
      },
      "transform_carla": {
        "location": {
          "x": -57.2633056640625,
          "y": 23.463680267333984,
          "z": 1.6742603778839111
        },
        "rotation": {
          "roll": -0.2621663510799408,
          "pitch": -1.0996057987213135,
          "yaw": 102.89041900634766
        }
      },
      "matrix_world_from_sensor_carla": [
        [
          -0.22304604947566986,
          -0.974807858467102,
          0.00017921393737196922,
          -57.2633056640625
        ],
        [
          0.9746189713478088,
          -0.2229992002248764,
          0.01972750760614872,
          23.463680267333984
        ],
        [
          -0.01919056475162506,
          0.004574807360768318,
          0.9998053312301636,
          1.6742603778839111
        ],
        [
          0.0,
          0.0,
          0.0,
          1.0
        ]
      ],
      "matrix_world_from_sensor_bevfusion": [
        [
          -0.974807858467102,
          -0.00017921393737196922,
          -0.22304604947566986,
          -57.2633056640625
        ],
        [
          0.2229992002248764,
          0.01972750760614872,
          -0.9746189713478088,
          -23.463680267333984
        ],
        [
          0.004574807360768318,
          -0.9998053312301636,
          -0.01919056475162506,
          1.6742603778839111
        ],
        [
          0.0,
          0.0,
          0.0,
          1.0
        ]
      ],
      "matrix_ego_from_sensor_carla": [
        [
          -0.5735760927200317,
          -0.819152295589447,
          -4.627334515561188e-09,
          -1.2999992370605469
        ],
        [
          0.8191522359848022,
          -0.5735760927200317,
          1.521069492582683e-08,
          0.5499992370605469
        ],
        [
          -1.4844899531851752e-08,
          3.770230350141901e-09,
          0.9999999403953552,
          1.7000000476837158
        ],
        [
          0.0,
          0.0,
          0.0,
          1.0
        ]
      ],
      "matrix_ego_from_sensor_bevfusion": [
        [
          -0.819152295589447,
          4.627334515561188e-09,
          -0.5735760927200317,
          -1.2999992370605469
        ],
        [
          0.5735760927200317,
          1.521069492582683e-08,
          -0.8191522359848022,
          -0.5499992370605469
        ],
        [
          3.770230350141901e-09,
          -0.9999999403953552,
          -1.4844899531851752e-08,
          1.7000000476837158
        ],
        [
          0.0,
          0.0,
          0.0,
          1.0
        ]
      ],
      "camera_intrinsics": [
        [
          1142.5184326171875,
          0.0,
          800.0
        ],
        [
          0.0,
          1142.5184326171875,
          450.0
        ],
        [
          0.0,
          0.0,
          1.0
        ]
      ],
      "data_path": "D:\\Agent-AI\\outputs\\samples\\sample_000020\\images\\CAM_BACK_RIGHT.png",
      "raw_layout": "bgra8"
    },
    "LIDAR_TOP": {
      "type_id": "sensor.lidar.ray_cast",
      "blueprint_attributes": {
        "atmosphere_attenuation_rate": "0.004",
        "role_name": "front",
        "noise_seed": "0",
        "upper_fov": "10.0",
        "ros_name": "sensor.lidar.ray_cast",
        "sensor_tick": "0.050000",
        "channels": "32",
        "range": "120.0",
        "points_per_second": "360000",
        "lower_fov": "-30.0",
        "rotation_frequency": "20.000000",
        "horizontal_fov": "360.0",
        "dropoff_general_rate": "0.0",
        "dropoff_intensity_limit": "1.0",
        "noise_stddev": "0.0",
        "dropoff_zero_intensity": "0.0"
      },
      "transform_carla": {
        "location": {
          "x": -56.2658576965332,
          "y": 22.47484588623047,
          "z": 2.193690061569214
        },
        "rotation": {
          "roll": 1.051119327545166,
          "pitch": 0.4159584939479828,
          "yaw": -22.108259201049805
        }
      },
      "matrix_world_from_sensor_carla": [
        [
          0.9264499545097351,
          0.3764178454875946,
          0.0001792125403881073,
          -56.2658576965332
        ],
        [
          -0.3763478696346283,
          0.9262683987617493,
          0.019727492704987526,
          22.47484588623047
        ],
        [
          0.00725978147238493,
          -0.018343983218073845,
          0.9998053908348083,
          2.193690061569214
        ],
        [
          0.0,
          0.0,
          0.0,
          1.0
        ]
      ],
      "matrix_world_from_sensor_bevfusion": [
        [
          0.9264499545097351,
          -0.3764178454875946,
          0.0001792125403881073,
          -56.2658576965332
        ],
        [
          0.3763478696346283,
          0.9262683987617493,
          -0.019727492704987526,
          -22.47484588623047
        ],
        [
          0.00725978147238493,
          0.018343983218073845,
          0.9998053908348083,
          2.193690061569214
        ],
        [
          0.0,
          0.0,
          0.0,
          1.0
        ]
      ],
      "matrix_ego_from_sensor_carla": [
        [
          1.0,
          1.0562597907437521e-08,
          4.619951643469733e-10,
          3.814697265625e-06
        ],
        [
          3.1982994030954615e-09,
          1.0,
          -7.838532045667534e-10,
          7.450580596923828e-07
        ],
        [
          4.619951643469733e-10,
          -7.834907167492133e-10,
          1.0,
          2.200000047683716
        ],
        [
          0.0,
          0.0,
          0.0,
          1.0
        ]
      ],
      "matrix_ego_from_sensor_bevfusion": [
        [
          1.0,
          -1.0562597907437521e-08,
          4.619951643469733e-10,
          3.814697265625e-06
        ],
        [
          -3.1982994030954615e-09,
          1.0,
          7.838532045667534e-10,
          -7.450580596923828e-07
        ],
        [
          4.619951643469733e-10,
          7.834907167492133e-10,
          1.0,
          2.200000047683716
        ],
        [
          0.0,
          0.0,
          0.0,
          1.0
        ]
      ],
      "data_path": "D:\\Agent-AI\\outputs\\samples\\sample_000020\\lidar\\LIDAR_TOP.npy",
      "raw_layout": [
        "x",
        "y",
        "z",
        "intensity"
      ]
    },
    "RADAR_FRONT": {
      "type_id": "sensor.other.radar",
      "blueprint_attributes": {
        "sensor_tick": "0.050000",
        "role_name": "default",
        "noise_seed": "0",
        "ros_name": "sensor.other.radar",
        "horizontal_fov": "35.0",
        "points_per_second": "1500",
        "vertical_fov": "20.0",
        "range": "120.0"
      },
      "transform_carla": {
        "location": {
          "x": -54.41319274902344,
          "y": 21.696502685546875,
          "z": 0.9084625840187073
        },
        "rotation": {
          "roll": 1.051119327545166,
          "pitch": 0.4159584939479828,
          "yaw": -22.108259201049805
        }
      },
      "matrix_world_from_sensor_carla": [
        [
          0.9264499545097351,
          0.3764178454875946,
          0.0001792125403881073,
          -54.41319274902344
        ],
        [
          -0.3763478696346283,
          0.9262683987617493,
          0.019727492704987526,
          21.696502685546875
        ],
        [
          0.00725978147238493,
          -0.018343983218073845,
          0.9998053908348083,
          0.9084625840187073
        ],
        [
          0.0,
          0.0,
          0.0,
          1.0
        ]
      ],
      "matrix_world_from_sensor_bevfusion": [
        [
          0.9264499545097351,
          -0.3764178454875946,
          0.0001792125403881073,
          -54.41319274902344
        ],
        [
          0.3763478696346283,
          0.9262683987617493,
          -0.019727492704987526,
          -21.696502685546875
        ],
        [
          0.00725978147238493,
          0.018343983218073845,
          0.9998053908348083,
          0.9084625840187073
        ],
        [
          0.0,
          0.0,
          0.0,
          1.0
        ]
      ],
      "matrix_ego_from_sensor_carla": [
        [
          1.0,
          1.0562597907437521e-08,
          4.619951643469733e-10,
          2.0000038146972656
        ],
        [
          3.1982994030954615e-09,
          1.0,
          -7.838532045667534e-10,
          -1.4901161193847656e-06
        ],
        [
          4.619951643469733e-10,
          -7.834907167492133e-10,
          1.0,
          0.8999999165534973
        ],
        [
          0.0,
          0.0,
          0.0,
          1.0
        ]
      ],
      "matrix_ego_from_sensor_bevfusion": [
        [
          1.0,
          -1.0562597907437521e-08,
          4.619951643469733e-10,
          2.0000038146972656
        ],
        [
          -3.1982994030954615e-09,
          1.0,
          7.838532045667534e-10,
          1.4901161193847656e-06
        ],
        [
          4.619951643469733e-10,
          7.834907167492133e-10,
          1.0,
          0.8999999165534973
        ],
        [
          0.0,
          0.0,
          0.0,
          1.0
        ]
      ],
      "data_path": "D:\\Agent-AI\\outputs\\samples\\sample_000020\\radar\\RADAR_FRONT.npy",
      "raw_layout": [
        "velocity",
        "altitude",
        "azimuth",
        "depth"
      ]
    },
    "RADAR_FRONT_LEFT": {
      "type_id": "sensor.other.radar",
      "blueprint_attributes": {
        "sensor_tick": "0.050000",
        "role_name": "default",
        "noise_seed": "0",
        "ros_name": "sensor.other.radar",
        "horizontal_fov": "35.0",
        "points_per_second": "1500",
        "vertical_fov": "20.0",
        "range": "120.0"
      },
      "transform_carla": {
        "location": {
          "x": -55.0197639465332,
          "y": 21.133525848388672,
          "z": 0.9196796417236328
        },
        "rotation": {
          "roll": 0.44914600253105164,
          "pitch": 1.0373691320419312,
          "yaw": -67.10803985595703
        }
      },
      "matrix_world_from_sensor_carla": [
        [
          0.388931006193161,
          0.9212669134140015,
          0.00017925025895237923,
          -55.0197639465332
        ],
        [
          -0.9210889935493469,
          0.388852059841156,
          0.019727421924471855,
          21.133525848388672
        ],
        [
          0.018104517832398415,
          -0.007837710902094841,
          0.9998053908348083,
          0.9196796417236328
        ],
        [
          0.0,
          0.0,
          0.0,
          1.0
        ]
      ],
      "matrix_world_from_sensor_bevfusion": [
        [
          0.388931006193161,
          -0.9212669134140015,
          0.00017925025895237923,
          -55.0197639465332
        ],
        [
          0.9210889935493469,
          0.388852059841156,
          -0.019727421924471855,
          -21.133525848388672
        ],
        [
          0.018104517832398415,
          0.007837710902094841,
          0.9998053908348083,
          0.9196796417236328
        ],
        [
          0.0,
          0.0,
          0.0,
          1.0
        ]
      ],
      "matrix_ego_from_sensor_carla": [
        [
          0.7071064114570618,
          0.7071071863174438,
          6.19292848114128e-08,
          1.6500015258789062
        ],
        [
          -0.7071071267127991,
          0.7071064114570618,
          -5.2937917160988945e-08,
          -0.7499979734420776
        ],
        [
          -8.113686789101848e-08,
          -6.735259461265741e-09,
          1.0,
          0.9000000357627869
        ],
        [
          0.0,
          0.0,
          0.0,
          1.0
        ]
      ],
      "matrix_ego_from_sensor_bevfusion": [
        [
          0.7071064114570618,
          -0.7071071863174438,
          6.19292848114128e-08,
          1.6500015258789062
        ],
        [
          0.7071071267127991,
          0.7071064114570618,
          5.2937917160988945e-08,
          0.7499979734420776
        ],
        [
          -8.113686789101848e-08,
          6.735259461265741e-09,
          1.0,
          0.9000000357627869
        ],
        [
          0.0,
          0.0,
          0.0,
          1.0
        ]
      ],
      "data_path": "D:\\Agent-AI\\outputs\\samples\\sample_000020\\radar\\RADAR_FRONT_LEFT.npy",
      "raw_layout": [
        "velocity",
        "altitude",
        "azimuth",
        "depth"
      ]
    },
    "RADAR_FRONT_RIGHT": {
      "type_id": "sensor.other.radar",
      "blueprint_attributes": {
        "sensor_tick": "0.050000",
        "role_name": "default",
        "noise_seed": "0",
