{
  "schema_version": "stage1.v1",
  "sample_name": "sample_000022",
  "sequence_index": 22,
  "previous_sample_name": "sample_000021",
  "frame_id": 60023,
  "timestamp": 437.21970078349113,
  "platform_timestamp": 16814570.9785608,
  "delta_seconds": 0.10000000149011612,
  "town": "Carla/Maps/Town10HD_Opt",
  "weather": {
    "cloudiness": 20.0,
    "dust_storm": 0.0,
    "fog_density": 2.0,
    "fog_distance": 0.75,
    "fog_falloff": 0.10000000149011612,
    "mie_scattering_scale": 0.029999999329447746,
    "precipitation": 0.0,
    "precipitation_deposits": 0.0,
    "rayleigh_scattering_scale": 0.03310000151395798,
    "scattering_intensity": 1.0,
    "sun_altitude_angle": 45.0,
    "sun_azimuth_angle": 300.0,
    "wetness": 0.0,
    "wind_intensity": 10.0
  },
  "sensor_names": [
    "CAM_FRONT",
    "CAM_FRONT_RIGHT",
    "CAM_FRONT_LEFT",
    "CAM_BACK",
    "CAM_BACK_LEFT",
    "CAM_BACK_RIGHT",
    "LIDAR_TOP",
    "RADAR_FRONT",
    "RADAR_FRONT_LEFT",
    "RADAR_FRONT_RIGHT",
    "RADAR_BACK_LEFT",
    "RADAR_BACK_RIGHT"
  ],
  "camera_order_for_model": [
    "CAM_FRONT",
    "CAM_FRONT_RIGHT",
    "CAM_FRONT_LEFT",
    "CAM_BACK",
    "CAM_BACK_LEFT",
    "CAM_BACK_RIGHT"
  ],
  "radar_order_for_model": [
    "RADAR_FRONT",
    "RADAR_FRONT_LEFT",
    "RADAR_FRONT_RIGHT",
    "RADAR_BACK_LEFT",
    "RADAR_BACK_RIGHT"
  ],
  "coordinate_notes": {
    "carla_world": "left-handed x-forward y-right z-up",
    "bevfusion_lidar": "x-forward y-left z-up",
    "camera_frame_for_model": "OpenCV style x-right y-down z-forward"
  },
  "ego": {
    "actor_id": 28,
    "transform_carla": {
      "location": {
        "x": 104.20433044433594,
        "y": -35.871639251708984,
        "z": -0.0049179838970303535
      },
      "rotation": {
        "roll": 0.3726590573787689,
        "pitch": 0.1561722606420517,
        "yaw": -106.81403350830078
      }
    },
    "velocity_carla": [
      -2.4312784671783447,
      -7.72320556640625,
      6.335258512990549e-05
    ],
    "angular_velocity_carla": [
      -1.6609817743301392,
      -0.255549818277359,
      -5.127540111541748
    ],
    "matrix_world_from_ego_carla": [
      [
        -0.28926512598991394,
        0.9572232961654663,
        0.00701446458697319,
        104.20433044433594
      ],
      [
        -0.9572451710700989,
        -0.289277046918869,
        0.0007277227705344558,
        -35.871639251708984
      ],
      [
        0.0027257169131189585,
        -0.006504057440906763,
        0.9999751448631287,
        -0.0049179838970303535
      ],
      [
        0.0,
        0.0,
        0.0,
        1.0
      ]
    ],
    "matrix_world_from_ego_bevfusion": [
      [
        -0.28926512598991394,
        -0.9572232961654663,
        0.00701446458697319,
        104.20433044433594
      ],
      [
        0.9572451710700989,
        -0.289277046918869,
        -0.0007277227705344558,
        35.871639251708984
      ],
      [
        0.0027257169131189585,
        0.006504057440906763,
        0.9999751448631287,
        -0.0049179838970303535
      ],
      [
        0.0,
        0.0,
        0.0,
        1.0
      ]
    ]
  },
  "sensors": {
    "CAM_FRONT": {
      "type_id": "sensor.camera.rgb",
      "blueprint_attributes": {
        "role_name": "front",
        "ros_name": "sensor.camera.rgb",
        "chromatic_aberration_offset": "0.0",
        "sensor_tick": "0.100000",
        "fstop": "1.4",
        "image_size_x": "960",
        "image_size_y": "540",
        "fov": "70.00",
        "lens_circle_falloff": "5.0",
        "lens_circle_multiplier": "0.0",
        "exposure_compensation": "0.0",
        "lens_y_size": "0.08",
        "lens_k": "-1.0",
        "exposure_mode": "histogram",
        "lens_kcube": "0.0",
        "lens_x_size": "0.08",
        "exposure_max_bright": "12.0",
        "shutter_speed": "200.0",
        "bloom_intensity": "0.675",
        "iso": "100.0",
        "enable_postprocess_effects": "false",
        "gamma": "2.2",
        "motion_blur_intensity": "0.0",
        "motion_blur_max_distortion": "0.35",
        "lens_flare_intensity": "0.1",
        "motion_blur_min_object_screen_size": "0.1",
        "exposure_min_bright": "10.0",
        "exposure_speed_up": "3.0",
        "exposure_speed_down": "1.0",
        "tint": "0.0",
        "calibration_constant": "16.0",
        "focal_distance": "1000.0",
        "min_fstop": "1.2",
        "blade_count": "5",
        "blur_amount": "0.0",
        "blur_radius": "0.0",
        "slope": "0.88",
        "toe": "0.55",
        "white_clip": "0.04",
        "shoulder": "0.26",
        "black_clip": "0.0",
        "temp": "6500.0",
        "chromatic_aberration_intensity": "0.0"
      },
      "transform_carla": {
        "location": {
          "x": 103.76789855957031,
          "y": -37.354129791259766,
          "z": 1.6992645263671875
        },
        "rotation": {
          "roll": 0.3726590573787689,
          "pitch": 0.1561722606420517,
          "yaw": -106.81403350830078
        }
      },
      "matrix_world_from_sensor_carla": [
        [
          -0.28926512598991394,
          0.9572232961654663,
          0.00701446458697319,
          103.76789855957031
        ],
        [
          -0.9572451710700989,
          -0.289277046918869,
          0.0007277227705344558,
          -37.354129791259766
        ],
        [
          0.0027257169131189585,
          -0.006504057440906763,
          0.9999751448631287,
          1.6992645263671875
        ],
        [
          0.0,
          0.0,
          0.0,
          1.0
        ]
      ],
      "matrix_world_from_sensor_bevfusion": [
        [
          0.9572232961654663,
          -0.00701446458697319,
          -0.28926512598991394,
          103.76789855957031
        ],
        [
          0.289277046918869,
          0.0007277227705344558,
          0.9572451710700989,
          37.354129791259766
        ],
        [
          -0.006504057440906763,
          -0.9999751448631287,
          0.0027257169131189585,
          1.6992645263671875
        ],
        [
          0.0,
          0.0,
          0.0,
          1.0
        ]
      ],
      "matrix_ego_from_sensor_carla": [
        [
          1.0,
          -1.0138749395594004e-08,
          5.6561422212553225e-12,
          1.5499958992004395
        ],
        [
          7.10193681641158e-09,
          1.0,
          7.47712169957282e-11,
          0.0
        ],
        [
          2.384810127153969e-10,
          -3.9089007031201106e-10,
          1.0,
          1.6999998092651367
        ],
        [
          0.0,
          0.0,
          0.0,
          1.0
        ]
      ],
      "matrix_ego_from_sensor_bevfusion": [
        [
          -1.0138749395594004e-08,
          -5.6561422212553225e-12,
          1.0,
          1.5499958992004395
        ],
        [
          -1.0,
          7.47712169957282e-11,
          -7.10193681641158e-09,
          0.0
        ],
        [
          -3.9089007031201106e-10,
          -1.0,
          2.384810127153969e-10,
          1.6999998092651367
        ],
        [
          0.0,
          0.0,
          0.0,
          1.0
        ]
      ],
      "camera_intrinsics": [
        [
          685.5110473632812,
          0.0,
          480.0
        ],
        [
          0.0,
          685.5110473632812,
          270.0
        ],
        [
          0.0,
          0.0,
          1.0
        ]
      ],
      "data_path": "D:\\Agent-AI\\outputs\\s3a_ml_long_v2\\sample_000022\\images\\CAM_FRONT.png",
      "raw_layout": "bgra8"
    },
    "CAM_FRONT_RIGHT": {
      "type_id": "sensor.camera.rgb",
      "blueprint_attributes": {
        "role_name": "front",
        "ros_name": "sensor.camera.rgb",
        "chromatic_aberration_offset": "0.0",
        "sensor_tick": "0.100000",
        "fstop": "1.4",
        "image_size_x": "960",
        "image_size_y": "540",
        "fov": "70.00",
        "lens_circle_falloff": "5.0",
        "lens_circle_multiplier": "0.0",
        "exposure_compensation": "0.0",
        "lens_y_size": "0.08",
        "lens_k": "-1.0",
        "exposure_mode": "histogram",
        "lens_kcube": "0.0",
        "lens_x_size": "0.08",
        "exposure_max_bright": "12.0",
        "shutter_speed": "200.0",
        "bloom_intensity": "0.675",
        "iso": "100.0",
        "enable_postprocess_effects": "false",
        "gamma": "2.2",
        "motion_blur_intensity": "0.0",
        "motion_blur_max_distortion": "0.35",
        "lens_flare_intensity": "0.1",
        "motion_blur_min_object_screen_size": "0.1",
        "exposure_min_bright": "10.0",
        "exposure_speed_up": "3.0",
        "exposure_speed_down": "1.0",
        "tint": "0.0",
        "calibration_constant": "16.0",
        "focal_distance": "1000.0",
        "min_fstop": "1.2",
        "blade_count": "5",
        "blur_amount": "0.0",
        "blur_radius": "0.0",
        "slope": "0.88",
        "toe": "0.55",
        "white_clip": "0.04",
        "shoulder": "0.26",
        "black_clip": "0.0",
        "temp": "6500.0",
        "chromatic_aberration_intensity": "0.0"
      },
      "transform_carla": {
        "location": {
          "x": 104.36668395996094,
          "y": -37.273921966552734,
          "z": 1.6950057744979858
        },
        "rotation": {
          "roll": 0.34167933464050293,
          "pitch": -0.2156836986541748,
          "yaw": -51.815208435058594
        }
      },
      "matrix_world_from_sensor_carla": [
        [
          0.6181953549385071,
          0.7859931588172913,
          0.007014451548457146,
          104.36668395996094
        ],
        [
          -0.7860153913497925,
          0.6182064414024353,
          0.0007277382537722588,
          -37.273921966552734
        ],
        [
          -0.003764381865039468,
          -0.0059633515775203705,
          0.9999751448631287,
          1.6950057744979858
        ],
        [
          0.0,
          0.0,
          0.0,
          1.0
        ]
      ],
      "matrix_world_from_sensor_bevfusion": [
        [
          0.7859931588172913,
          -0.007014451548457146,
          0.6181953549385071,
          104.36668395996094
        ],
        [
          -0.6182064414024353,
          0.0007277382537722588,
          0.7860153913497925,
          37.273921966552734
        ],
        [
          -0.0059633515775203705,
          -0.9999751448631287,
          -0.003764381865039468,
          1.6950057744979858
        ],
        [
          0.0,
          0.0,
          0.0,
          1.0
        ]
      ],
      "matrix_ego_from_sensor_carla": [
        [
          0.573576807975769,
          -0.819151759147644,
          -1.1170214975209092e-08,
          1.2999978065490723
        ],
        [
          0.819151759147644,
          0.5735768675804138,
          -1.7154697218302317e-08,
          0.5500030517578125
        ],
        [
          1.9989743194059884e-08,
          6.05291594624191e-10,
          1.0,
          1.6999998092651367
        ],
        [
          0.0,
          0.0,
          0.0,
          1.0
        ]
      ],
      "matrix_ego_from_sensor_bevfusion": [
        [
          -0.819151759147644,
          1.1170214975209092e-08,
          0.573576807975769,
          1.2999978065490723
        ],
        [
          -0.5735768675804138,
          -1.7154697218302317e-08,
          -0.819151759147644,
          -0.5500030517578125
        ],
        [
          6.05291594624191e-10,
          -1.0,
          1.9989743194059884e-08,
          1.6999998092651367
        ],
        [
          0.0,
          0.0,
          0.0,
          1.0
        ]
      ],
      "camera_intrinsics": [
        [
          685.5110473632812,
          0.0,
          480.0
        ],
        [
          0.0,
          685.5110473632812,
          270.0
        ],
        [
          0.0,
          0.0,
          1.0
        ]
      ],
      "data_path": "D:\\Agent-AI\\outputs\\s3a_ml_long_v2\\sample_000022\\images\\CAM_FRONT_RIGHT.png",
      "raw_layout": "bgra8"
    },
    "CAM_FRONT_LEFT": {
      "type_id": "sensor.camera.rgb",
      "blueprint_attributes": {
        "role_name": "front",
        "ros_name": "sensor.camera.rgb",
        "chromatic_aberration_offset": "0.0",
        "sensor_tick": "0.100000",
        "fstop": "1.4",
        "image_size_x": "960",
        "image_size_y": "540",
        "fov": "70.00",
        "lens_circle_falloff": "5.0",
        "lens_circle_multiplier": "0.0",
        "exposure_compensation": "0.0",
        "lens_y_size": "0.08",
        "lens_k": "-1.0",
        "exposure_mode": "histogram",
        "lens_kcube": "0.0",
        "lens_x_size": "0.08",
        "exposure_max_bright": "12.0",
        "shutter_speed": "200.0",
        "bloom_intensity": "0.675",
        "iso": "100.0",
        "enable_postprocess_effects": "false",
        "gamma": "2.2",
        "motion_blur_intensity": "0.0",
        "motion_blur_max_distortion": "0.35",
        "lens_flare_intensity": "0.1",
        "motion_blur_min_object_screen_size": "0.1",
        "exposure_min_bright": "10.0",
        "exposure_speed_up": "3.0",
        "exposure_speed_down": "1.0",
        "tint": "0.0",
        "calibration_constant": "16.0",
        "focal_distance": "1000.0",
        "min_fstop": "1.2",
        "blade_count": "5",
        "blur_amount": "0.0",
        "blur_radius": "0.0",
        "slope": "0.88",
        "toe": "0.55",
        "white_clip": "0.04",
        "shoulder": "0.26",
        "black_clip": "0.0",
        "temp": "6500.0",
        "chromatic_aberration_intensity": "0.0"
      },
      "transform_carla": {
        "location": {
          "x": 103.31373596191406,
          "y": -36.95571517944336,
          "z": 1.702160358428955
        },
        "rotation": {
          "roll": 0.0858195349574089,
          "pitch": 0.3948327302932739,
          "yaw": -161.81423950195312
        }
      },
      "matrix_world_from_sensor_carla": [
        [
          -0.9500271677970886,
          0.31208857893943787,
          0.007014329545199871,
          103.31373596191406
        ],
        [
          -0.3120913505554199,
          -0.9500518441200256,
          0.0007276782998815179,
          -36.95571517944336
        ],
        [
          0.006891076453030109,
          -0.0014977973187342286,
          0.9999751448631287,
          1.702160358428955
        ],
        [
          0.0,
          0.0,
          0.0,
          1.0
        ]
      ],
      "matrix_world_from_sensor_bevfusion": [
        [
          0.31208857893943787,
          -0.007014329545199871,
          -0.9500271677970886,
          103.31373596191406
        ],
        [
          0.9500518441200256,
          0.0007276782998815179,
          0.3120913505554199,
          36.95571517944336
        ],
        [
          -0.0014977973187342286,
          -0.9999751448631287,
          0.006891076453030109,
          1.702160358428955
        ],
        [
          0.0,
          0.0,
          0.0,
          1.0
        ]
      ],
      "matrix_ego_from_sensor_carla": [
        [
          0.5735763907432556,
          0.8191520571708679,
          8.149638119903102e-08,
          1.2999958992004395
        ],
        [
          -0.8191521167755127,
          0.5735763907432556,
          -1.1634055141485078e-07,
          -0.5500106811523438
        ],
        [
          -1.4287330429851863e-07,
          -1.4136095072281307e-10,
          1.0,
          1.7000000476837158
        ],
        [
          0.0,
          0.0,
          0.0,
          1.0
        ]
      ],
      "matrix_ego_from_sensor_bevfusion": [
        [
          0.8191520571708679,
          -8.149638119903102e-08,
          0.5735763907432556,
          1.2999958992004395
        ],
        [
          -0.5735763907432556,
          -1.1634055141485078e-07,
          0.8191521167755127,
          0.5500106811523438
        ],
        [
          -1.4136095072281307e-10,
          -1.0,
          -1.4287330429851863e-07,
          1.7000000476837158
        ],
        [
          0.0,
          0.0,
          0.0,
          1.0
        ]
      ],
      "camera_intrinsics": [
        [
          685.5110473632812,
          0.0,
          480.0
        ],
        [
          0.0,
          685.5110473632812,
          270.0
        ],
        [
          0.0,
          0.0,
          1.0
        ]
      ],
      "data_path": "D:\\Agent-AI\\outputs\\s3a_ml_long_v2\\sample_000022\\images\\CAM_FRONT_LEFT.png",
      "raw_layout": "bgra8"
    },
    "CAM_BACK": {
      "type_id": "sensor.camera.rgb",
      "blueprint_attributes": {
        "role_name": "front",
        "ros_name": "sensor.camera.rgb",
        "chromatic_aberration_offset": "0.0",
        "sensor_tick": "0.100000",
        "fstop": "1.4",
        "image_size_x": "960",
        "image_size_y": "540",
        "fov": "70.00",
        "lens_circle_falloff": "5.0",
        "lens_circle_multiplier": "0.0",
        "exposure_compensation": "0.0",
        "lens_y_size": "0.08",
        "lens_k": "-1.0",
        "exposure_mode": "histogram",
        "lens_kcube": "0.0",
        "lens_x_size": "0.08",
        "exposure_max_bright": "12.0",
        "shutter_speed": "200.0",
        "bloom_intensity": "0.675",
        "iso": "100.0",
        "enable_postprocess_effects": "false",
        "gamma": "2.2",
        "motion_blur_intensity": "0.0",
        "motion_blur_max_distortion": "0.35",
        "lens_flare_intensity": "0.1",
        "motion_blur_min_object_screen_size": "0.1",
        "exposure_min_bright": "10.0",
        "exposure_speed_up": "3.0",
        "exposure_speed_down": "1.0",
        "tint": "0.0",
        "calibration_constant": "16.0",
        "focal_distance": "1000.0",
        "min_fstop": "1.2",
        "blade_count": "5",
        "blur_amount": "0.0",
        "blur_radius": "0.0",
        "slope": "0.88",
        "toe": "0.55",
        "white_clip": "0.04",
        "shoulder": "0.26",
        "black_clip": "0.0",
        "temp": "6500.0",
        "chromatic_aberration_intensity": "0.0"
      },
      "transform_carla": {
        "location": {
          "x": 104.66461944580078,
          "y": -34.38667297363281,
          "z": 1.690814733505249
        },
        "rotation": {
          "roll": -0.3726590573787689,
          "pitch": -0.1561722606420517,
          "yaw": 73.18595886230469
        }
      },
      "matrix_world_from_sensor_carla": [
        [
          0.28926539421081543,
          -0.9572232365608215,
          0.007014465052634478,
          104.66461944580078
        ],
        [
          0.9572451114654541,
          0.2892773151397705,
          0.0007277207914739847,
          -34.38667297363281
        ],
        [
          -0.0027257169131189585,
          0.006504057440906763,
          0.9999751448631287,
          1.690814733505249
        ],
        [
          0.0,
          0.0,
          0.0,
          1.0
        ]
      ],
      "matrix_world_from_sensor_bevfusion": [
        [
          -0.9572232365608215,
          -0.007014465052634478,
          0.28926539421081543,
          104.66461944580078
        ],
        [
          -0.2892773151397705,
          0.0007277207914739847,
          -0.9572451114654541,
          34.38667297363281
        ],
        [
          0.006504057440906763,
          -0.9999751448631287,
          -0.0027257169131189585,
          1.690814733505249
        ],
        [
          0.0,
          0.0,
          0.0,
          1.0
        ]
      ],
      "matrix_ego_from_sensor_carla": [
        [
          -1.0,
          -2.764157329693262e-07,
          1.6354706477983427e-09,
          -1.5500004291534424
        ],
        [
          2.783611705581279e-07,
          -1.0,
          1.006093763855631e-09,
          0.0
        ],
        [
          1.6241641365155601e-09,
          1.3222126726830652e-09,
          1.0,
          1.6999998092651367
        ],
        [
          0.0,
          0.0,
          0.0,
          1.0
        ]
      ],
      "matrix_ego_from_sensor_bevfusion": [
        [
          -2.764157329693262e-07,
          -1.6354706477983427e-09,
          -1.0,
          -1.5500004291534424
        ],
        [
          1.0,
          1.006093763855631e-09,
          -2.783611705581279e-07,
          0.0
        ],
        [
          1.3222126726830652e-09,
          -1.0,
          1.6241641365155601e-09,
          1.6999998092651367
        ],
        [
          0.0,
          0.0,
          0.0,
          1.0
        ]
      ],
      "camera_intrinsics": [
        [
          685.5110473632812,
          0.0,
          480.0
        ],
        [
          0.0,
          685.5110473632812,
          270.0
        ],
        [
          0.0,
          0.0,
          1.0
        ]
      ],
      "data_path": "D:\\Agent-AI\\outputs\\s3a_ml_long_v2\\sample_000022\\images\\CAM_BACK.png",
      "raw_layout": "bgra8"
    },
    "CAM_BACK_LEFT": {
      "type_id": "sensor.camera.rgb",
      "blueprint_attributes": {
        "role_name": "front",
        "ros_name": "sensor.camera.rgb",
        "chromatic_aberration_offset": "0.0",
        "sensor_tick": "0.100000",
        "fstop": "1.4",
        "image_size_x": "960",
        "image_size_y": "540",
        "fov": "70.00",
        "lens_circle_falloff": "5.0",
        "lens_circle_multiplier": "0.0",
        "exposure_compensation": "0.0",
        "lens_y_size": "0.08",
        "lens_k": "-1.0",
        "exposure_mode": "histogram",
        "lens_kcube": "0.0",
        "lens_x_size": "0.08",
        "exposure_max_bright": "12.0",
        "shutter_speed": "200.0",
        "bloom_intensity": "0.675",
        "iso": "100.0",
        "enable_postprocess_effects": "false",
        "gamma": "2.2",
        "motion_blur_intensity": "0.0",
        "motion_blur_max_distortion": "0.35",
        "lens_flare_intensity": "0.1",
        "motion_blur_min_object_screen_size": "0.1",
        "exposure_min_bright": "10.0",
        "exposure_speed_up": "3.0",
        "exposure_speed_down": "1.0",
        "tint": "0.0",
        "calibration_constant": "16.0",
        "focal_distance": "1000.0",
        "min_fstop": "1.2",
        "blade_count": "5",
        "blur_amount": "0.0",
        "blur_radius": "0.0",
        "slope": "0.88",
        "toe": "0.55",
        "white_clip": "0.04",
        "shoulder": "0.26",
        "black_clip": "0.0",
        "temp": "6500.0",
        "chromatic_aberration_intensity": "0.0"
      },
      "transform_carla": {
        "location": {
          "x": 104.06582641601562,
          "y": -34.466880798339844,
          "z": 1.6950734853744507
        },
        "rotation": {
          "roll": -0.34167924523353577,
          "pitch": 0.2156836986541748,
          "yaw": 128.1847686767578
        }
      },
      "matrix_world_from_sensor_carla": [
        [
          -0.6181950569152832,
          -0.7859933972358704,
          0.007014450617134571,
          104.06582641601562
        ],
        [
          0.7860156297683716,
          -0.6182061433792114,
          0.000727734761312604,
          -34.466880798339844
        ],
        [
          0.003764381865039468,
          0.0059633501805365086,
          0.9999751448631287,
          1.6950734853744507
        ],
        [
          0.0,
          0.0,
          0.0,
          1.0
        ]
      ],
      "matrix_world_from_sensor_bevfusion": [
        [
          -0.7859933972358704,
          -0.007014450617134571,
          -0.6181950569152832,
          104.06582641601562
        ],
        [
          0.6182061433792114,
          0.000727734761312604,
          -0.7860156297683716,
          34.466880798339844
        ],
        [
          0.0059633501805365086,
          -0.9999751448631287,
          0.003764381865039468,
          1.6950734853744507
        ],
        [
          0.0,
          0.0,
          0.0,
          1.0
        ]
      ],
      "matrix_ego_from_sensor_carla": [
        [
          -0.5735771059989929,
          0.8191515803337097,
          -7.444924676747178e-09,
          -1.2999999523162842
        ],
        [
          -0.8191515207290649,
          -0.5735772252082825,
          -1.6689035930994578e-08,
          -0.5500030517578125
        ],
        [
          -1.7661436757521187e-08,
          -3.864885744775393e-09,
          1.0,
          1.6999998092651367
        ],
        [
          0.0,
          0.0,
          0.0,
          1.0
        ]
      ],
      "matrix_ego_from_sensor_bevfusion": [
        [
          0.8191515803337097,
          7.444924676747178e-09,
          -0.5735771059989929,
          -1.2999999523162842
        ],
        [
          0.5735772252082825,
          -1.6689035930994578e-08,
          0.8191515207290649,
          0.5500030517578125
        ],
        [
          -3.864885744775393e-09,
          -1.0,
          -1.7661436757521187e-08,
          1.6999998092651367
        ],
        [
          0.0,
          0.0,
          0.0,
          1.0
        ]
      ],
      "camera_intrinsics": [
        [
          685.5110473632812,
          0.0,
          480.0
        ],
        [
          0.0,
          685.5110473632812,
          270.0
        ],
        [
          0.0,
          0.0,
          1.0
        ]
      ],
      "data_path": "D:\\Agent-AI\\outputs\\s3a_ml_long_v2\\sample_000022\\images\\CAM_BACK_LEFT.png",
      "raw_layout": "bgra8"
    },
    "CAM_BACK_RIGHT": {
      "type_id": "sensor.camera.rgb",
      "blueprint_attributes": {
        "role_name": "front",
        "ros_name": "sensor.camera.rgb",
        "chromatic_aberration_offset": "0.0",
        "sensor_tick": "0.100000",
        "fstop": "1.4",
        "image_size_x": "960",
        "image_size_y": "540",
        "fov": "70.00",
        "lens_circle_falloff": "5.0",
        "lens_circle_multiplier": "0.0",
        "exposure_compensation": "0.0",
        "lens_y_size": "0.08",
        "lens_k": "-1.0",
        "exposure_mode": "histogram",
        "lens_kcube": "0.0",
        "lens_x_size": "0.08",
        "exposure_max_bright": "12.0",
        "shutter_speed": "200.0",
        "bloom_intensity": "0.675",
        "iso": "100.0",
        "enable_postprocess_effects": "false",
        "gamma": "2.2",
        "motion_blur_intensity": "0.0",
        "motion_blur_max_distortion": "0.35",
        "lens_flare_intensity": "0.1",
        "motion_blur_min_object_screen_size": "0.1",
        "exposure_min_bright": "10.0",
        "exposure_speed_up": "3.0",
        "exposure_speed_down": "1.0",
        "tint": "0.0",
        "calibration_constant": "16.0",
        "focal_distance": "1000.0",
        "min_fstop": "1.2",
        "blade_count": "5",
        "blur_amount": "0.0",
        "blur_radius": "0.0",
        "slope": "0.88",
        "toe": "0.55",
        "white_clip": "0.04",
        "shoulder": "0.26",
        "black_clip": "0.0",
        "temp": "6500.0",
        "chromatic_aberration_intensity": "0.0"
      },
      "transform_carla": {
        "location": {
          "x": 105.1187744140625,
          "y": -34.78508377075195,
          "z": 1.687919020652771
        },
        "rotation": {
          "roll": -0.08581946045160294,
          "pitch": -0.3948327302932739,
          "yaw": 18.185749053955078
        }
      },
      "matrix_world_from_sensor_carla": [
        [
          0.9500271677970886,
          -0.3120884597301483,
          0.007014329079538584,
          105.1187744140625
        ],
        [
          0.31209123134613037,
          0.9500518441200256,
          0.0007276787655428052,
          -34.78508377075195
        ],
        [
          -0.006891076453030109,
          0.0014977960381656885,
          0.9999751448631287,
          1.687919020652771
        ],
        [
          0.0,
          0.0,
          0.0,
          1.0
        ]
      ],
      "matrix_world_from_sensor_bevfusion": [
        [
          -0.3120884597301483,
          -0.007014329079538584,
          0.9500271677970886,
          105.1187744140625
        ],
        [
          -0.9500518441200256,
          0.0007276787655428052,
          -0.31209123134613037,
          34.78508377075195
        ],
        [
          0.0014977960381656885,
          -0.9999751448631287,
          -0.006891076453030109,
          1.687919020652771
        ],
        [
          0.0,
          0.0,
          0.0,
          1.0
        ]
      ],
      "matrix_ego_from_sensor_carla": [
        [
          -0.5735762715339661,
          -0.8191521167755127,
          8.126355055537715e-08,
          -1.300004005432129
        ],
        [
          0.8191521763801575,
          -0.5735762715339661,
          -1.1680621270215852e-07,
          0.5499954223632812
        ],
        [
          1.4287330429851863e-07,
          -4.4068382276662987e-10,
          1.0,
          1.6999998092651367
        ],
        [
          0.0,
          0.0,
          0.0,
          1.0
        ]
      ],
      "matrix_ego_from_sensor_bevfusion": [
        [
          -0.8191521167755127,
          -8.126355055537715e-08,
          -0.5735762715339661,
          -1.300004005432129
        ],
        [
          0.5735762715339661,
          -1.1680621270215852e-07,
          -0.8191521763801575,
          -0.5499954223632812
        ],
        [
          -4.4068382276662987e-10,
          -1.0,
          1.4287330429851863e-07,
          1.6999998092651367
        ],
        [
          0.0,
          0.0,
          0.0,
          1.0
        ]
      ],
      "camera_intrinsics": [
        [
          685.5110473632812,
          0.0,
          480.0
        ],
        [
          0.0,
          685.5110473632812,
          270.0
        ],
        [
          0.0,
          0.0,
          1.0
        ]
      ],
      "data_path": "D:\\Agent-AI\\outputs\\s3a_ml_long_v2\\sample_000022\\images\\CAM_BACK_RIGHT.png",
      "raw_layout": "bgra8"
    },
    "LIDAR_TOP": {
      "type_id": "sensor.lidar.ray_cast",
      "blueprint_attributes": {
        "atmosphere_attenuation_rate": "0.004",
        "role_name": "front",
        "noise_seed": "0",
        "upper_fov": "10.0",
        "ros_name": "sensor.lidar.ray_cast",
        "sensor_tick": "0.100000",
        "channels": "32",
        "range": "120.0",
        "points_per_second": "360000",
        "lower_fov": "-30.0",
        "rotation_frequency": "10.000000",
        "horizontal_fov": "360.0",
        "dropoff_general_rate": "0.0",
        "dropoff_intensity_limit": "1.0",
        "noise_stddev": "0.0",
        "dropoff_zero_intensity": "0.0"
      },
      "transform_carla": {
        "location": {
          "x": 104.21976470947266,
          "y": -35.87003707885742,
          "z": 2.1950271129608154
        },
        "rotation": {
          "roll": 0.3726590573787689,
          "pitch": 0.1561722606420517,
          "yaw": -106.81403350830078
        }
      },
      "matrix_world_from_sensor_carla": [
        [
          -0.28926512598991394,
          0.9572232961654663,
          0.00701446458697319,
          104.21976470947266
        ],
        [
          -0.9572451710700989,
          -0.289277046918869,
          0.0007277227705344558,
          -35.87003707885742
        ],
        [
          0.0027257169131189585,
          -0.006504057440906763,
          0.9999751448631287,
          2.1950271129608154
        ],
        [
          0.0,
          0.0,
          0.0,
          1.0
        ]
      ],
      "matrix_world_from_sensor_bevfusion": [
        [
          -0.28926512598991394,
          -0.9572232961654663,
          0.00701446458697319,
          104.21976470947266
        ],
        [
          0.9572451710700989,
          -0.289277046918869,
          -0.0007277227705344558,
          35.87003707885742
        ],
        [
          0.0027257169131189585,
          0.006504057440906763,
          0.9999751448631287,
          2.1950271129608154
        ],
        [
          0.0,
          0.0,
          0.0,
          1.0
        ]
      ],
      "matrix_ego_from_sensor_carla": [
        [
          1.0,
          -1.0138749395594004e-08,
          5.6561422212553225e-12,
          -3.814697265625e-06
        ],
        [
          7.10193681641158e-09,
          1.0,
          7.47712169957282e-11,
          7.62939453125e-06
        ],
        [
          2.384810127153969e-10,
          -3.9089007031201106e-10,
          1.0,
          2.1999998092651367
        ],
        [
          0.0,
          0.0,
          0.0,
          1.0
        ]
      ],
      "matrix_ego_from_sensor_bevfusion": [
        [
          1.0,
          1.0138749395594004e-08,
          5.6561422212553225e-12,
          -3.814697265625e-06
        ],
        [
          -7.10193681641158e-09,
          1.0,
          -7.47712169957282e-11,
          -7.62939453125e-06
        ],
        [
          2.384810127153969e-10,
          3.9089007031201106e-10,
          1.0,
          2.1999998092651367
        ],
        [
          0.0,
          0.0,
          0.0,
          1.0
        ]
      ],
      "data_path": "D:\\Agent-AI\\outputs\\s3a_ml_long_v2\\sample_000022\\lidar\\LIDAR_TOP.npy",
      "raw_layout": [
        "x",
        "y",
        "z",
        "intensity"
      ]
    },
    "RADAR_FRONT": {
      "type_id": "sensor.other.radar",
      "blueprint_attributes": {
        "sensor_tick": "0.100000",
        "role_name": "default",
        "noise_seed": "0",
        "ros_name": "sensor.other.radar",
        "horizontal_fov": "35.0",
        "points_per_second": "1500",
        "vertical_fov": "20.0",
        "range": "120.0"
      },
      "transform_carla": {
        "location": {
          "x": 103.63211822509766,
          "y": -37.78547286987305,
          "z": 0.9005110859870911
        },
        "rotation": {
          "roll": 0.3726590573787689,
          "pitch": 0.1561722606420517,
          "yaw": -106.81403350830078
        }
      },
      "matrix_world_from_sensor_carla": [
        [
          -0.28926512598991394,
          0.9572232961654663,
          0.00701446458697319,
          103.63211822509766
        ],
        [
          -0.9572451710700989,
          -0.289277046918869,
          0.0007277227705344558,
          -37.78547286987305
        ],
        [
          0.0027257169131189585,
          -0.006504057440906763,
          0.9999751448631287,
          0.9005110859870911
        ],
        [
          0.0,
          0.0,
          0.0,
          1.0
        ]
      ],
      "matrix_world_from_sensor_bevfusion": [
        [
          -0.28926512598991394,
          -0.9572232961654663,
          0.00701446458697319,
          103.63211822509766
        ],
        [
          0.9572451710700989,
          -0.289277046918869,
          -0.0007277227705344558,
          37.78547286987305
        ],
        [
          0.0027257169131189585,
          0.006504057440906763,
          0.9999751448631287,
          0.9005110859870911
        ],
        [
          0.0,
          0.0,
          0.0,
          1.0
        ]
      ],
      "matrix_ego_from_sensor_carla": [
        [
          1.0,
          -1.0138749395594004e-08,
          5.6561422212553225e-12,
          1.9999961853027344
        ],
        [
          7.10193681641158e-09,
          1.0,
          7.47712169957282e-11,
          0.0
        ],
        [
          2.384810127153969e-10,
          -3.9089007031201106e-10,
          1.0,
          0.9000000357627869
        ],
        [
          0.0,
          0.0,
          0.0,
          1.0
        ]
      ],
      "matrix_ego_from_sensor_bevfusion": [
        [
          1.0,
          1.0138749395594004e-08,
          5.6561422212553225e-12,
          1.9999961853027344
        ],
        [
          -7.10193681641158e-09,
          1.0,
          -7.47712169957282e-11,
          0.0
        ],
        [
          2.384810127153969e-10,
          3.9089007031201106e-10,
          1.0,
          0.9000000357627869
        ],
        [
          0.0,
          0.0,
          0.0,
          1.0
        ]
      ],
      "data_path": "D:\\Agent-AI\\outputs\\s3a_ml_long_v2\\sample_000022\\radar\\RADAR_FRONT.npy",
      "raw_layout": [
        "velocity",
        "altitude",
        "azimuth",
        "depth"
      ]
    },
    "RADAR_FRONT_LEFT": {
      "type_id": "sensor.other.radar",
      "blueprint_attributes": {
        "sensor_tick": "0.100000",
        "role_name": "default",
        "noise_seed": "0",
        "ros_name": "sensor.other.radar",
        "horizontal_fov": "35.0",
        "points_per_second": "1500",
        "vertical_fov": "20.0",
        "range": "120.0"
      },
      "transform_carla": {
        "location": {
          "x": 103.01544952392578,
          "y": -37.23347854614258,
          "z": 0.9044350981712341
        },
        "rotation": {
          "roll": 0.15308000147342682,
          "pitch": 0.37393918633461,
          "yaw": -151.8140411376953
        }
      },
      "matrix_world_from_sensor_carla": [
        [
          -0.881400465965271,
          0.4723176956176758,
          0.0070144543424248695,
          103.01544952392578
        ],
        [
          -0.4723247289657593,
          -0.8814243078231812,
          0.0007277170661836863,
          -37.23347854614258
        ],
        [
          0.006526424083858728,
          -0.00267168995924294,
          0.9999751448631287,
          0.9044350981712341
        ],
        [
          0.0,
          0.0,
          0.0,
          1.0
        ]
      ],
      "matrix_world_from_sensor_bevfusion": [
        [
          -0.881400465965271,
          -0.4723176956176758,
          0.0070144543424248695,
          103.01544952392578
        ],
        [
          0.4723247289657593,
          -0.8814243078231812,
          -0.0007277170661836863,
          37.23347854614258
        ],
        [
          0.006526424083858728,
          0.00267168995924294,
          0.9999751448631287,
          0.9044350981712341
        ],
        [
          0.0,
          0.0,
          0.0,
          1.0
        ]
      ],
      "matrix_ego_from_sensor_carla": [
        [
          0.7071067094802856,
          0.7071068286895752,
          8.154728448062087e-09,
          1.649993896484375
        ],
        [
          -0.70710688829422,
          0.7071067690849304,
          -8.307131871276852e-09,
          -0.7499923706054688
        ],
        [
          -1.180656816757164e-08,
          -4.1717512777594834e-10,
          1.0,
          0.9000000357627869
        ],
        [
          0.0,
          0.0,
          0.0,
          1.0
        ]
      ],
      "matrix_ego_from_sensor_bevfusion": [
        [
          0.7071067094802856,
          -0.7071068286895752,
          8.154728448062087e-09,
          1.649993896484375
        ],
        [
          0.70710688829422,
          0.7071067690849304,
          8.307131871276852e-09,
          0.7499923706054688
        ],
        [
          -1.180656816757164e-08,
          4.1717512777594834e-10,
          1.0,
          0.9000000357627869
        ],
        [
          0.0,
          0.0,
          0.0,
          1.0
        ]
      ],
      "data_path": "D:\\Agent-AI\\outputs\\s3a_ml_long_v2\\sample_000022\\radar\\RADAR_FRONT_LEFT.npy",
      "raw_layout": [
        "velocity",
        "altitude",
        "azimuth",
        "depth"
      ]
    },
    "RADAR_FRONT_RIGHT": {
      "type_id": "sensor.other.radar",
      "blueprint_attributes": {
        "sensor_tick": "0.100000",
        "role_name": "default",
        "noise_seed": "0",
        "ros_name": "sensor.other.radar",
        "horizontal_fov": "35.0",
        "points_per_second": "1500",
        "vertical_fov": "20.0",
