{
  "schema_version": "stage1.v1",
  "sample_name": "sample_000029",
  "sequence_index": 29,
  "previous_sample_name": "sample_000028",
  "frame_id": 2206,
  "timestamp": 34.34063231572509,
  "platform_timestamp": 16781892.5335966,
  "delta_seconds": 0.05000000074505806,
  "town": "Carla/Maps/Town10HD_Opt",
  "weather": {
    "cloudiness": 20.0,
    "dust_storm": 0.0,
    "fog_density": 2.0,
    "fog_distance": 0.75,
    "fog_falloff": 0.10000000149011612,
    "mie_scattering_scale": 0.029999999329447746,
    "precipitation": 0.0,
    "precipitation_deposits": 0.0,
    "rayleigh_scattering_scale": 0.03310000151395798,
    "scattering_intensity": 1.0,
    "sun_altitude_angle": 45.0,
    "sun_azimuth_angle": 300.0,
    "wetness": 0.0,
    "wind_intensity": 10.0
  },
  "sensor_names": [
    "CAM_FRONT",
    "CAM_FRONT_RIGHT",
    "CAM_FRONT_LEFT",
    "CAM_BACK",
    "CAM_BACK_LEFT",
    "CAM_BACK_RIGHT",
    "LIDAR_TOP",
    "RADAR_FRONT",
    "RADAR_FRONT_LEFT",
    "RADAR_FRONT_RIGHT",
    "RADAR_BACK_LEFT",
    "RADAR_BACK_RIGHT"
  ],
  "camera_order_for_model": [
    "CAM_FRONT",
    "CAM_FRONT_RIGHT",
    "CAM_FRONT_LEFT",
    "CAM_BACK",
    "CAM_BACK_LEFT",
    "CAM_BACK_RIGHT"
  ],
  "radar_order_for_model": [
    "RADAR_FRONT",
    "RADAR_FRONT_LEFT",
    "RADAR_FRONT_RIGHT",
    "RADAR_BACK_LEFT",
    "RADAR_BACK_RIGHT"
  ],
  "coordinate_notes": {
    "carla_world": "left-handed x-forward y-right z-up",
    "bevfusion_lidar": "x-forward y-left z-up",
    "camera_frame_for_model": "OpenCV style x-right y-down z-forward"
  },
  "ego": {
    "actor_id": 24,
    "transform_carla": {
      "location": {
        "x": -53.19655990600586,
        "y": 20.614994049072266,
        "z": -0.004374809097498655
      },
      "rotation": {
        "roll": 1.1648951768875122,
        "pitch": 0.004384981002658606,
        "yaw": -33.92881393432617
      }
    },
    "velocity_carla": [
      6.479269981384277,
      -4.70871639251709,
      0.0003181076026521623
    ],
    "angular_velocity_carla": [
      0.9078206419944763,
      -1.3748676776885986,
      -15.820069313049316
    ],
    "matrix_world_from_ego_carla": [
      [
        0.8297317028045654,
        0.55804842710495,
        0.011283873580396175,
        -53.19655990600586
      ],
      [
        -0.5581624507904053,
        0.829559326171875,
        0.016911033540964127,
        20.614994049072266
      ],
      [
        7.653235661564395e-05,
        -0.020329855382442474,
        0.9997933506965637,
        -0.004374809097498655
      ],
      [
        0.0,
        0.0,
        0.0,
        1.0
      ]
    ],
    "matrix_world_from_ego_bevfusion": [
      [
        0.8297317028045654,
        -0.55804842710495,
        0.011283873580396175,
        -53.19655990600586
      ],
      [
        0.5581624507904053,
        0.829559326171875,
        -0.016911033540964127,
        -20.614994049072266
      ],
      [
        7.653235661564395e-05,
        0.020329855382442474,
        0.9997933506965637,
        -0.004374809097498655
      ],
      [
        0.0,
        0.0,
        0.0,
        1.0
      ]
    ]
  },
  "sensors": {
    "CAM_FRONT": {
      "type_id": "sensor.camera.rgb",
      "blueprint_attributes": {
        "role_name": "front",
        "ros_name": "sensor.camera.rgb",
        "chromatic_aberration_offset": "0.0",
        "sensor_tick": "0.050000",
        "fstop": "1.4",
        "image_size_x": "1600",
        "image_size_y": "900",
        "fov": "70.00",
        "lens_circle_falloff": "5.0",
        "lens_circle_multiplier": "0.0",
        "exposure_compensation": "0.0",
        "lens_y_size": "0.08",
        "lens_k": "-1.0",
        "exposure_mode": "histogram",
        "lens_kcube": "0.0",
        "lens_x_size": "0.08",
        "exposure_max_bright": "12.0",
        "shutter_speed": "200.0",
        "bloom_intensity": "0.675",
        "iso": "100.0",
        "enable_postprocess_effects": "false",
        "gamma": "2.2",
        "motion_blur_intensity": "0.0",
        "motion_blur_max_distortion": "0.35",
        "lens_flare_intensity": "0.1",
        "motion_blur_min_object_screen_size": "0.1",
        "exposure_min_bright": "10.0",
        "exposure_speed_up": "3.0",
        "exposure_speed_down": "1.0",
        "tint": "0.0",
        "calibration_constant": "16.0",
        "focal_distance": "1000.0",
        "min_fstop": "1.2",
        "blade_count": "5",
        "blur_amount": "0.0",
        "blur_radius": "0.0",
        "slope": "0.88",
        "toe": "0.55",
        "white_clip": "0.04",
        "shoulder": "0.26",
        "black_clip": "0.0",
        "temp": "6500.0",
        "chromatic_aberration_intensity": "0.0"
      },
      "transform_carla": {
        "location": {
          "x": -51.891292572021484,
          "y": 19.77859115600586,
          "z": 1.6953922510147095
        },
        "rotation": {
          "roll": 1.1648951768875122,
          "pitch": 0.004384981002658606,
          "yaw": -33.92881393432617
        }
      },
      "matrix_world_from_sensor_carla": [
        [
          0.8297317028045654,
          0.55804842710495,
          0.011283873580396175,
          -51.891292572021484
        ],
        [
          -0.5581624507904053,
          0.829559326171875,
          0.016911033540964127,
          19.77859115600586
        ],
        [
          7.653235661564395e-05,
          -0.020329855382442474,
          0.9997933506965637,
          1.6953922510147095
        ],
        [
          0.0,
          0.0,
          0.0,
          1.0
        ]
      ],
      "matrix_world_from_sensor_bevfusion": [
        [
          0.55804842710495,
          -0.011283873580396175,
          0.8297317028045654,
          -51.891292572021484
        ],
        [
          -0.829559326171875,
          0.016911033540964127,
          0.5581624507904053,
          -19.77859115600586
        ],
        [
          -0.020329855382442474,
          -0.9997933506965637,
          7.653235661564395e-05,
          1.6953922510147095
        ],
        [
          0.0,
          0.0,
          0.0,
          1.0
        ]
      ],
      "matrix_ego_from_sensor_carla": [
        [
          0.9999999403953552,
          5.2153596996618035e-09,
          1.3338753712677232e-10,
          1.5500030517578125
        ],
        [
          5.230590183202821e-09,
          1.0,
          8.85257311900034e-10,
          0.0
        ],
        [
          3.181541141650257e-10,
          2.347508853972613e-10,
          1.0,
          1.6999996900558472
        ],
        [
          0.0,
          0.0,
          0.0,
          1.0
        ]
      ],
      "matrix_ego_from_sensor_bevfusion": [
        [
          5.2153596996618035e-09,
          -1.3338753712677232e-10,
          0.9999999403953552,
          1.5500030517578125
        ],
        [
          -1.0,
          8.85257311900034e-10,
          -5.230590183202821e-09,
          0.0
        ],
        [
          2.347508853972613e-10,
          -1.0,
          3.181541141650257e-10,
          1.6999996900558472
        ],
        [
          0.0,
          0.0,
          0.0,
          1.0
        ]
      ],
      "camera_intrinsics": [
        [
          1142.5184326171875,
          0.0,
          800.0
        ],
        [
          0.0,
          1142.5184326171875,
          450.0
        ],
        [
          0.0,
          0.0,
          1.0
        ]
      ],
      "data_path": "D:\\Agent-AI\\outputs\\samples\\sample_000029\\images\\CAM_FRONT.png",
      "raw_layout": "bgra8"
    },
    "CAM_FRONT_RIGHT": {
      "type_id": "sensor.camera.rgb",
      "blueprint_attributes": {
        "role_name": "front",
        "ros_name": "sensor.camera.rgb",
        "chromatic_aberration_offset": "0.0",
        "sensor_tick": "0.050000",
        "fstop": "1.4",
        "image_size_x": "1600",
        "image_size_y": "900",
        "fov": "70.00",
        "lens_circle_falloff": "5.0",
        "lens_circle_multiplier": "0.0",
        "exposure_compensation": "0.0",
        "lens_y_size": "0.08",
        "lens_k": "-1.0",
        "exposure_mode": "histogram",
        "lens_kcube": "0.0",
        "lens_x_size": "0.08",
        "exposure_max_bright": "12.0",
        "shutter_speed": "200.0",
        "bloom_intensity": "0.675",
        "iso": "100.0",
        "enable_postprocess_effects": "false",
        "gamma": "2.2",
        "motion_blur_intensity": "0.0",
        "motion_blur_max_distortion": "0.35",
        "lens_flare_intensity": "0.1",
        "motion_blur_min_object_screen_size": "0.1",
        "exposure_min_bright": "10.0",
        "exposure_speed_up": "3.0",
        "exposure_speed_down": "1.0",
        "tint": "0.0",
        "calibration_constant": "16.0",
        "focal_distance": "1000.0",
        "min_fstop": "1.2",
        "blade_count": "5",
        "blur_amount": "0.0",
        "blur_radius": "0.0",
        "slope": "0.88",
        "toe": "0.55",
        "white_clip": "0.04",
        "shoulder": "0.26",
        "black_clip": "0.0",
        "temp": "6500.0",
        "chromatic_aberration_intensity": "0.0"
      },
      "transform_carla": {
        "location": {
          "x": -51.79180145263672,
          "y": 20.3743896484375,
          "z": 1.6841918230056763
        },
        "rotation": {
          "roll": 0.6718105673789978,
          "pitch": -0.951691210269928,
          "yaw": 21.06555938720703
        }
      },
      "matrix_world_from_sensor_carla": [
        [
          0.9330410957336426,
          -0.3595929443836212,
          0.011283908039331436,
          -51.79180145263672
        ],
        [
          0.3593863546848297,
          0.933035671710968,
          0.01691104844212532,
          20.3743896484375
        ],
        [
          -0.01660938188433647,
          -0.011723421514034271,
          0.9997933506965637,
          1.6841918230056763
        ],
        [
          0.0,
          0.0,
          0.0,
          1.0
        ]
      ],
      "matrix_world_from_sensor_bevfusion": [
        [
          -0.3595929443836212,
          -0.011283908039331436,
          0.9330410957336426,
          -51.79180145263672
        ],
        [
          -0.933035671710968,
          0.01691104844212532,
          -0.3593863546848297,
          -20.3743896484375
        ],
        [
          -0.011723421514034271,
          -0.9997933506965637,
          -0.01660938188433647,
          1.6841918230056763
        ],
        [
          0.0,
          0.0,
          0.0,
          1.0
        ]
      ],
      "matrix_ego_from_sensor_carla": [
        [
          0.5735765099525452,
          -0.8191519975662231,
          2.06806927138814e-08,
          1.2999992370605469
        ],
        [
          0.8191519975662231,
          0.5735765695571899,
          3.255022562598242e-08,
          0.5499982833862305
        ],
        [
          -3.680072069300877e-08,
          -1.8283241587369048e-09,
          1.0,
          1.6999998092651367
        ],
        [
          0.0,
          0.0,
          0.0,
          1.0
        ]
      ],
      "matrix_ego_from_sensor_bevfusion": [
        [
          -0.8191519975662231,
          -2.06806927138814e-08,
          0.5735765099525452,
          1.2999992370605469
        ],
        [
          -0.5735765695571899,
          3.255022562598242e-08,
          -0.8191519975662231,
          -0.5499982833862305
        ],
        [
          -1.8283241587369048e-09,
          -1.0,
          -3.680072069300877e-08,
          1.6999998092651367
        ],
        [
          0.0,
          0.0,
          0.0,
          1.0
        ]
      ],
      "camera_intrinsics": [
        [
          1142.5184326171875,
          0.0,
          800.0
        ],
        [
          0.0,
          1142.5184326171875,
          450.0
        ],
        [
          0.0,
          0.0,
          1.0
        ]
      ],
      "data_path": "D:\\Agent-AI\\outputs\\samples\\sample_000029\\images\\CAM_FRONT_RIGHT.png",
      "raw_layout": "bgra8"
    },
    "CAM_FRONT_LEFT": {
      "type_id": "sensor.camera.rgb",
      "blueprint_attributes": {
        "role_name": "front",
        "ros_name": "sensor.camera.rgb",
        "chromatic_aberration_offset": "0.0",
        "sensor_tick": "0.050000",
        "fstop": "1.4",
        "image_size_x": "1600",
        "image_size_y": "900",
        "fov": "70.00",
        "lens_circle_falloff": "5.0",
        "lens_circle_multiplier": "0.0",
        "exposure_compensation": "0.0",
        "lens_y_size": "0.08",
        "lens_k": "-1.0",
        "exposure_mode": "histogram",
        "lens_kcube": "0.0",
        "lens_x_size": "0.08",
        "exposure_max_bright": "12.0",
        "shutter_speed": "200.0",
        "bloom_intensity": "0.675",
        "iso": "100.0",
        "enable_postprocess_effects": "false",
        "gamma": "2.2",
        "motion_blur_intensity": "0.0",
        "motion_blur_max_distortion": "0.35",
        "lens_flare_intensity": "0.1",
        "motion_blur_min_object_screen_size": "0.1",
        "exposure_min_bright": "10.0",
        "exposure_speed_up": "3.0",
        "exposure_speed_down": "1.0",
        "tint": "0.0",
        "calibration_constant": "16.0",
        "focal_distance": "1000.0",
        "min_fstop": "1.2",
        "blade_count": "5",
        "blur_amount": "0.0",
        "blur_radius": "0.0",
        "slope": "0.88",
        "toe": "0.55",
        "white_clip": "0.04",
        "shoulder": "0.26",
        "black_clip": "0.0",
        "temp": "6500.0",
        "chromatic_aberration_intensity": "0.0"
      },
      "transform_carla": {
        "location": {
          "x": -52.40565490722656,
          "y": 19.46187400817871,
          "z": 1.706554651260376
        },
        "rotation": {
          "roll": 0.6646260619163513,
          "pitch": 0.9567250609397888,
          "yaw": -88.92329406738281
        }
      },
      "matrix_world_from_sensor_carla": [
        [
          0.018788384273648262,
          0.9997597932815552,
          0.011283868923783302,
          -52.40565490722656
        ],
        [
          -0.9996840357780457,
          0.018596090376377106,
          0.01691112294793129,
          19.46187400817871
        ],
        [
          0.016697226092219353,
          -0.011598036624491215,
          0.999793291091919,
          1.706554651260376
        ],
        [
          0.0,
          0.0,
          0.0,
          1.0
        ]
      ],
      "matrix_world_from_sensor_bevfusion": [
        [
          0.9997597932815552,
          -0.011283868923783302,
          0.018788384273648262,
          -52.40565490722656
        ],
        [
          -0.018596090376377106,
          0.01691112294793129,
          0.9996840357780457,
          -19.46187400817871
        ],
        [
          -0.011598036624491215,
          -0.999793291091919,
          0.016697226092219353,
          1.706554651260376
        ],
        [
          0.0,
          0.0,
          0.0,
          1.0
        ]
      ],
      "matrix_ego_from_sensor_carla": [
        [
          0.5735766887664795,
          0.8191518187522888,
          -5.350225862343905e-08,
          1.2999954223632812
        ],
        [
          -0.8191518187522888,
          0.5735766887664795,
          7.287752623597044e-08,
          -0.5500011444091797
        ],
        [
          8.942305385062355e-08,
          2.9871471962650276e-09,
          0.9999999403953552,
          1.6999996900558472
        ],
        [
          0.0,
          0.0,
          0.0,
          1.0
        ]
      ],
      "matrix_ego_from_sensor_bevfusion": [
        [
          0.8191518187522888,
          5.350225862343905e-08,
          0.5735766887664795,
          1.2999954223632812
        ],
        [
          -0.5735766887664795,
          7.287752623597044e-08,
          0.8191518187522888,
          0.5500011444091797
        ],
        [
          2.9871471962650276e-09,
          -0.9999999403953552,
          8.942305385062355e-08,
          1.6999996900558472
        ],
        [
          0.0,
          0.0,
          0.0,
          1.0
        ]
      ],
      "camera_intrinsics": [
        [
          1142.5184326171875,
          0.0,
          800.0
        ],
        [
          0.0,
          1142.5184326171875,
          450.0
        ],
        [
          0.0,
          0.0,
          1.0
        ]
      ],
      "data_path": "D:\\Agent-AI\\outputs\\samples\\sample_000029\\images\\CAM_FRONT_LEFT.png",
      "raw_layout": "bgra8"
    },
    "CAM_BACK": {
      "type_id": "sensor.camera.rgb",
      "blueprint_attributes": {
        "role_name": "front",
        "ros_name": "sensor.camera.rgb",
        "chromatic_aberration_offset": "0.0",
        "sensor_tick": "0.050000",
        "fstop": "1.4",
        "image_size_x": "1600",
        "image_size_y": "900",
        "fov": "70.00",
        "lens_circle_falloff": "5.0",
        "lens_circle_multiplier": "0.0",
        "exposure_compensation": "0.0",
        "lens_y_size": "0.08",
        "lens_k": "-1.0",
        "exposure_mode": "histogram",
        "lens_kcube": "0.0",
        "lens_x_size": "0.08",
        "exposure_max_bright": "12.0",
        "shutter_speed": "200.0",
        "bloom_intensity": "0.675",
        "iso": "100.0",
        "enable_postprocess_effects": "false",
        "gamma": "2.2",
        "motion_blur_intensity": "0.0",
        "motion_blur_max_distortion": "0.35",
        "lens_flare_intensity": "0.1",
        "motion_blur_min_object_screen_size": "0.1",
        "exposure_min_bright": "10.0",
        "exposure_speed_up": "3.0",
        "exposure_speed_down": "1.0",
        "tint": "0.0",
        "calibration_constant": "16.0",
        "focal_distance": "1000.0",
        "min_fstop": "1.2",
        "blade_count": "5",
        "blur_amount": "0.0",
        "blur_radius": "0.0",
        "slope": "0.88",
        "toe": "0.55",
        "white_clip": "0.04",
        "shoulder": "0.26",
        "black_clip": "0.0",
        "temp": "6500.0",
        "chromatic_aberration_intensity": "0.0"
      },
      "transform_carla": {
        "location": {
          "x": -54.46345901489258,
          "y": 21.508895874023438,
          "z": 1.695155143737793
        },
        "rotation": {
          "roll": -1.164894938468933,
          "pitch": -0.004384981002658606,
          "yaw": 146.0712127685547
        }
      },
      "matrix_world_from_sensor_carla": [
        [
          -0.8297320008277893,
          -0.5580479502677917,
          0.011283861473202705,
          -54.46345901489258
        ],
        [
          0.5581619739532471,
          -0.8295596241950989,
          0.016911037266254425,
          21.508895874023438
        ],
        [
          -7.653235661564395e-05,
          0.020329851657152176,
          0.9997933506965637,
          1.695155143737793
        ],
        [
          0.0,
          0.0,
          0.0,
          1.0
        ]
      ],
      "matrix_world_from_sensor_bevfusion": [
        [
          -0.5580479502677917,
          -0.011283861473202705,
          -0.8297320008277893,
          -54.46345901489258
        ],
        [
          0.8295596241950989,
          0.016911037266254425,
          -0.5581619739532471,
          -21.508895874023438
        ],
        [
          0.020329851657152176,
          -0.9997933506965637,
          -7.653235661564395e-05,
          1.695155143737793
        ],
        [
          0.0,
          0.0,
          0.0,
          1.0
        ]
      ],
      "matrix_ego_from_sensor_carla": [
        [
          -1.0,
          5.485598535415193e-07,
          -1.2192084675177739e-08,
          -1.5499992370605469
        ],
        [
          -5.498069413079065e-07,
          -1.0,
          -2.8400330975841825e-09,
          2.86102294921875e-06
        ],
        [
          -1.2105205726697932e-08,
          -3.959271133169295e-09,
          1.0,
          1.6999998092651367
        ],
        [
          0.0,
          0.0,
          0.0,
          1.0
        ]
      ],
      "matrix_ego_from_sensor_bevfusion": [
        [
          5.485598535415193e-07,
          1.2192084675177739e-08,
          -1.0,
          -1.5499992370605469
        ],
        [
          1.0,
          -2.8400330975841825e-09,
          5.498069413079065e-07,
          -2.86102294921875e-06
        ],
        [
          -3.959271133169295e-09,
          -1.0,
          -1.2105205726697932e-08,
          1.6999998092651367
        ],
        [
          0.0,
          0.0,
          0.0,
          1.0
        ]
      ],
      "camera_intrinsics": [
        [
          1142.5184326171875,
          0.0,
          800.0
        ],
        [
          0.0,
          1142.5184326171875,
          450.0
        ],
        [
          0.0,
          0.0,
          1.0
        ]
      ],
      "data_path": "D:\\Agent-AI\\outputs\\samples\\sample_000029\\images\\CAM_BACK.png",
      "raw_layout": "bgra8"
    },
    "CAM_BACK_LEFT": {
      "type_id": "sensor.camera.rgb",
      "blueprint_attributes": {
        "role_name": "front",
        "ros_name": "sensor.camera.rgb",
        "chromatic_aberration_offset": "0.0",
        "sensor_tick": "0.050000",
        "fstop": "1.4",
        "image_size_x": "1600",
        "image_size_y": "900",
        "fov": "70.00",
        "lens_circle_falloff": "5.0",
        "lens_circle_multiplier": "0.0",
        "exposure_compensation": "0.0",
        "lens_y_size": "0.08",
        "lens_k": "-1.0",
        "exposure_mode": "histogram",
        "lens_kcube": "0.0",
        "lens_x_size": "0.08",
        "exposure_max_bright": "12.0",
        "shutter_speed": "200.0",
        "bloom_intensity": "0.675",
        "iso": "100.0",
        "enable_postprocess_effects": "false",
        "gamma": "2.2",
        "motion_blur_intensity": "0.0",
        "motion_blur_max_distortion": "0.35",
        "lens_flare_intensity": "0.1",
        "motion_blur_min_object_screen_size": "0.1",
        "exposure_min_bright": "10.0",
        "exposure_speed_up": "3.0",
        "exposure_speed_down": "1.0",
        "tint": "0.0",
        "calibration_constant": "16.0",
        "focal_distance": "1000.0",
        "min_fstop": "1.2",
        "blade_count": "5",
        "blur_amount": "0.0",
        "blur_radius": "0.0",
        "slope": "0.88",
        "toe": "0.55",
        "white_clip": "0.04",
        "shoulder": "0.26",
        "black_clip": "0.0",
        "temp": "6500.0",
        "chromatic_aberration_intensity": "0.0"
      },
      "transform_carla": {
        "location": {
          "x": -54.562957763671875,
          "y": 20.913097381591797,
          "z": 1.7063555717468262
        },
        "rotation": {
          "roll": -0.6718103885650635,
          "pitch": 0.951691210269928,
          "yaw": -158.93441772460938
        }
      },
      "matrix_world_from_sensor_carla": [
        [
          -0.9330409169197083,
          0.35959336161613464,
          0.011283901520073414,
          -54.562957763671875
        ],
        [
          -0.35938677191734314,
          -0.9330354928970337,
          0.01691105030477047,
          20.913097381591797
        ],
        [
          0.01660938188433647,
          0.011723417788743973,
          0.9997933506965637,
          1.7063555717468262
        ],
        [
          0.0,
          0.0,
          0.0,
          1.0
        ]
      ],
      "matrix_world_from_sensor_bevfusion": [
        [
          0.35959336161613464,
          -0.011283901520073414,
          -0.9330409169197083,
          -54.562957763671875
        ],
        [
          0.9330354928970337,
          0.01691105030477047,
          0.35938677191734314,
          -20.913097381591797
        ],
        [
          0.011723417788743973,
          -0.9997933506965637,
          0.01660938188433647,
          1.7063555717468262
        ],
        [
          0.0,
          0.0,
          0.0,
          1.0
        ]
      ],
      "matrix_ego_from_sensor_carla": [
        [
          -0.5735760927200317,
          0.8191522359848022,
          1.4059570396796062e-08,
          -1.3000030517578125
        ],
        [
          -0.819152295589447,
          -0.5735761523246765,
          3.0687580476751464e-08,
          -0.5500001907348633
        ],
        [
          3.12127852453159e-08,
          6.485707082504177e-09,
          1.0,
          1.6999996900558472
        ],
        [
          0.0,
          0.0,
          0.0,
          1.0
        ]
      ],
      "matrix_ego_from_sensor_bevfusion": [
        [
          0.8191522359848022,
          -1.4059570396796062e-08,
          -0.5735760927200317,
          -1.3000030517578125
        ],
        [
          0.5735761523246765,
          3.0687580476751464e-08,
          0.819152295589447,
          0.5500001907348633
        ],
        [
          6.485707082504177e-09,
          -1.0,
          3.12127852453159e-08,
          1.6999996900558472
        ],
        [
          0.0,
          0.0,
          0.0,
          1.0
        ]
      ],
      "camera_intrinsics": [
        [
          1142.5184326171875,
          0.0,
          800.0
        ],
        [
          0.0,
          1142.5184326171875,
          450.0
        ],
        [
          0.0,
          0.0,
          1.0
        ]
      ],
      "data_path": "D:\\Agent-AI\\outputs\\samples\\sample_000029\\images\\CAM_BACK_LEFT.png",
      "raw_layout": "bgra8"
    },
    "CAM_BACK_RIGHT": {
      "type_id": "sensor.camera.rgb",
      "blueprint_attributes": {
        "role_name": "front",
        "ros_name": "sensor.camera.rgb",
        "chromatic_aberration_offset": "0.0",
        "sensor_tick": "0.050000",
        "fstop": "1.4",
        "image_size_x": "1600",
        "image_size_y": "900",
        "fov": "70.00",
        "lens_circle_falloff": "5.0",
        "lens_circle_multiplier": "0.0",
        "exposure_compensation": "0.0",
        "lens_y_size": "0.08",
        "lens_k": "-1.0",
        "exposure_mode": "histogram",
        "lens_kcube": "0.0",
        "lens_x_size": "0.08",
        "exposure_max_bright": "12.0",
        "shutter_speed": "200.0",
        "bloom_intensity": "0.675",
        "iso": "100.0",
        "enable_postprocess_effects": "false",
        "gamma": "2.2",
        "motion_blur_intensity": "0.0",
        "motion_blur_max_distortion": "0.35",
        "lens_flare_intensity": "0.1",
        "motion_blur_min_object_screen_size": "0.1",
        "exposure_min_bright": "10.0",
        "exposure_speed_up": "3.0",
        "exposure_speed_down": "1.0",
        "tint": "0.0",
        "calibration_constant": "16.0",
        "focal_distance": "1000.0",
        "min_fstop": "1.2",
        "blade_count": "5",
        "blur_amount": "0.0",
        "blur_radius": "0.0",
        "slope": "0.88",
        "toe": "0.55",
        "white_clip": "0.04",
        "shoulder": "0.26",
        "black_clip": "0.0",
        "temp": "6500.0",
        "chromatic_aberration_intensity": "0.0"
      },
      "transform_carla": {
        "location": {
          "x": -53.94910430908203,
          "y": 21.825613021850586,
          "z": 1.6839927434921265
        },
        "rotation": {
          "roll": -0.6646258234977722,
          "pitch": -0.9567250609397888,
          "yaw": 91.07669067382812
        }
      },
      "matrix_world_from_sensor_carla": [
        [
          -0.018788114190101624,
          -0.9997597932815552,
          0.011283868923783302,
          -53.94910430908203
        ],
        [
          0.9996840357780457,
          -0.018595820292830467,
          0.01691112108528614,
          21.825613021850586
        ],
        [
          -0.016697226092219353,
          0.011598031967878342,
          0.999793291091919,
          1.6839927434921265
        ],
        [
          0.0,
          0.0,
          0.0,
          1.0
        ]
      ],
      "matrix_world_from_sensor_bevfusion": [
        [
          -0.9997597932815552,
          -0.011283868923783302,
          -0.018788114190101624,
          -53.94910430908203
        ],
        [
          0.018595820292830467,
          0.01691112108528614,
          -0.9996840357780457,
          -21.825613021850586
        ],
        [
          0.011598031967878342,
          -0.999793291091919,
          -0.016697226092219353,
          1.6839927434921265
        ],
        [
          0.0,
          0.0,
          0.0,
          1.0
        ]
      ],
      "matrix_ego_from_sensor_carla": [
        [
          -0.5735764503479004,
          -0.8191519379615784,
          -5.246179668461082e-08,
          -1.3000030517578125
        ],
        [
          0.8191519975662231,
          -0.5735764503479004,
          7.101488108673948e-08,
          0.5500001907348633
        ],
        [
          -8.756040870139259e-08,
          -2.9861846329026775e-09,
          0.9999999403953552,
          1.6999996900558472
        ],
        [
          0.0,
          0.0,
          0.0,
          1.0
        ]
      ],
      "matrix_ego_from_sensor_bevfusion": [
        [
          -0.8191519379615784,
          5.246179668461082e-08,
          -0.5735764503479004,
          -1.3000030517578125
        ],
        [
          0.5735764503479004,
          7.101488108673948e-08,
          -0.8191519975662231,
          -0.5500001907348633
        ],
        [
          -2.9861846329026775e-09,
          -0.9999999403953552,
          -8.756040870139259e-08,
          1.6999996900558472
        ],
        [
          0.0,
          0.0,
          0.0,
          1.0
        ]
      ],
      "camera_intrinsics": [
        [
          1142.5184326171875,
          0.0,
          800.0
        ],
        [
          0.0,
          1142.5184326171875,
          450.0
        ],
        [
          0.0,
          0.0,
          1.0
        ]
      ],
      "data_path": "D:\\Agent-AI\\outputs\\samples\\sample_000029\\images\\CAM_BACK_RIGHT.png",
      "raw_layout": "bgra8"
    },
    "LIDAR_TOP": {
      "type_id": "sensor.lidar.ray_cast",
      "blueprint_attributes": {
        "atmosphere_attenuation_rate": "0.004",
        "role_name": "front",
        "noise_seed": "0",
        "upper_fov": "10.0",
        "ros_name": "sensor.lidar.ray_cast",
        "sensor_tick": "0.050000",
        "channels": "32",
        "range": "120.0",
        "points_per_second": "360000",
        "lower_fov": "-30.0",
        "rotation_frequency": "20.000000",
        "horizontal_fov": "360.0",
        "dropoff_general_rate": "0.0",
        "dropoff_intensity_limit": "1.0",
        "noise_stddev": "0.0",
        "dropoff_zero_intensity": "0.0"
      },
      "transform_carla": {
        "location": {
          "x": -53.17173767089844,
          "y": 20.652198791503906,
          "z": 2.1951704025268555
        },
        "rotation": {
          "roll": 1.1648951768875122,
          "pitch": 0.004384981002658606,
          "yaw": -33.92881393432617
        }
      },
      "matrix_world_from_sensor_carla": [
        [
          0.8297317028045654,
          0.55804842710495,
          0.011283873580396175,
          -53.17173767089844
        ],
        [
          -0.5581624507904053,
          0.829559326171875,
          0.016911033540964127,
          20.652198791503906
        ],
        [
          7.653235661564395e-05,
          -0.020329855382442474,
          0.9997933506965637,
          2.1951704025268555
        ],
        [
          0.0,
          0.0,
          0.0,
          1.0
        ]
      ],
      "matrix_world_from_sensor_bevfusion": [
        [
          0.8297317028045654,
          -0.55804842710495,
          0.011283873580396175,
          -53.17173767089844
        ],
        [
          0.5581624507904053,
          0.829559326171875,
          -0.016911033540964127,
          -20.652198791503906
        ],
        [
          7.653235661564395e-05,
          0.020329855382442474,
          0.9997933506965637,
          2.1951704025268555
        ],
        [
          0.0,
          0.0,
          0.0,
          1.0
        ]
      ],
      "matrix_ego_from_sensor_carla": [
        [
          0.9999999403953552,
          5.2153596996618035e-09,
          1.3338753712677232e-10,
          -3.814697265625e-06
        ],
        [
          5.230590183202821e-09,
          1.0,
          8.85257311900034e-10,
          -9.5367431640625e-07
        ],
        [
          3.181541141650257e-10,
          2.347508853972613e-10,
          1.0,
          2.1999998092651367
        ],
        [
          0.0,
          0.0,
          0.0,
          1.0
        ]
      ],
      "matrix_ego_from_sensor_bevfusion": [
        [
          0.9999999403953552,
          -5.2153596996618035e-09,
          1.3338753712677232e-10,
          -3.814697265625e-06
        ],
        [
          -5.230590183202821e-09,
          1.0,
          -8.85257311900034e-10,
          9.5367431640625e-07
        ],
        [
          3.181541141650257e-10,
          -2.347508853972613e-10,
          1.0,
          2.1999998092651367
        ],
        [
          0.0,
          0.0,
          0.0,
          1.0
        ]
      ],
      "data_path": "D:\\Agent-AI\\outputs\\samples\\sample_000029\\lidar\\LIDAR_TOP.npy",
      "raw_layout": [
        "x",
        "y",
        "z",
        "intensity"
      ]
    },
    "RADAR_FRONT": {
      "type_id": "sensor.other.radar",
      "blueprint_attributes": {
        "sensor_tick": "0.050000",
        "role_name": "default",
        "noise_seed": "0",
        "ros_name": "sensor.other.radar",
        "horizontal_fov": "35.0",
        "points_per_second": "1500",
        "vertical_fov": "20.0",
        "range": "120.0"
      },
      "transform_carla": {
        "location": {
          "x": -51.52694320678711,
          "y": 19.51388931274414,
          "z": 0.8955921530723572
        },
        "rotation": {
          "roll": 1.1648951768875122,
          "pitch": 0.004384981002658606,
          "yaw": -33.92881393432617
        }
      },
      "matrix_world_from_sensor_carla": [
        [
          0.8297317028045654,
          0.55804842710495,
          0.011283873580396175,
          -51.52694320678711
        ],
        [
          -0.5581624507904053,
          0.829559326171875,
          0.016911033540964127,
          19.51388931274414
        ],
        [
          7.653235661564395e-05,
          -0.020329855382442474,
          0.9997933506965637,
          0.8955921530723572
        ],
        [
          0.0,
          0.0,
          0.0,
          1.0
        ]
      ],
      "matrix_world_from_sensor_bevfusion": [
        [
          0.8297317028045654,
          -0.55804842710495,
          0.011283873580396175,
          -51.52694320678711
        ],
        [
          0.5581624507904053,
          0.829559326171875,
          -0.016911033540964127,
          -19.51388931274414
        ],
        [
          7.653235661564395e-05,
          0.020329855382442474,
          0.9997933506965637,
          0.8955921530723572
        ],
        [
          0.0,
          0.0,
          0.0,
          1.0
        ]
      ],
      "matrix_ego_from_sensor_carla": [
        [
          0.9999999403953552,
          5.2153596996618035e-09,
          1.3338753712677232e-10,
          1.9999961853027344
        ],
        [
          5.230590183202821e-09,
          1.0,
          8.85257311900034e-10,
          -9.5367431640625e-07
        ],
        [
          3.181541141650257e-10,
          2.347508853972613e-10,
          1.0,
          0.8999998569488525
        ],
        [
          0.0,
          0.0,
          0.0,
          1.0
        ]
      ],
      "matrix_ego_from_sensor_bevfusion": [
        [
          0.9999999403953552,
          -5.2153596996618035e-09,
          1.3338753712677232e-10,
          1.9999961853027344
        ],
        [
          -5.230590183202821e-09,
          1.0,
          -8.85257311900034e-10,
          9.5367431640625e-07
        ],
        [
          3.181541141650257e-10,
          -2.347508853972613e-10,
          1.0,
          0.8999998569488525
        ],
        [
          0.0,
          0.0,
          0.0,
          1.0
        ]
      ],
      "data_path": "D:\\Agent-AI\\outputs\\samples\\sample_000029\\radar\\RADAR_FRONT.npy",
      "raw_layout": [
        "velocity",
        "altitude",
        "azimuth",
        "depth"
      ]
    },
    "RADAR_FRONT_LEFT": {
      "type_id": "sensor.other.radar",
      "blueprint_attributes": {
        "sensor_tick": "0.050000",
        "role_name": "default",
        "noise_seed": "0",
        "ros_name": "sensor.other.radar",
        "horizontal_fov": "35.0",
        "points_per_second": "1500",
        "vertical_fov": "20.0",
        "range": "120.0"
      },
      "transform_carla": {
        "location": {
          "x": -52.23588180541992,
          "y": 19.087078094482422,
          "z": 0.9108127951622009
        },
        "rotation": {
          "roll": 0.8206612467765808,
          "pitch": 0.8267806768417358,
          "yaw": -78.92290496826172
        }
      },
      "matrix_world_from_sensor_carla": [
        [
          0.19210965931415558,
          0.9813085794448853,
          0.011283853091299534,
          -52.23588180541992
        ],
        [
          -0.9812673926353455,
          0.19190713763237,
          0.016911087557673454,
          19.087078094482422
        ],
        [
          0.014429544098675251,
          -0.014321260154247284,
          0.999793291091919,
          0.9108127951622009
        ],
        [
          0.0,
          0.0,
          0.0,
          1.0
        ]
      ],
      "matrix_world_from_sensor_bevfusion": [
        [
          0.19210965931415558,
          -0.9813085794448853,
          0.011283853091299534,
          -52.23588180541992
        ],
        [
          0.9812673926353455,
          0.19190713763237,
          -0.016911087557673454,
          -19.087078094482422
        ],
        [
          0.014429544098675251,
          0.014321260154247284,
          0.999793291091919,
          0.9108127951622009
        ],
        [
          0.0,
          0.0,
          0.0,
          1.0
        ]
      ],
      "matrix_ego_from_sensor_carla": [
        [
          0.7071071863174438,
          0.7071062922477722,
          -4.6786549745547745e-08,
          1.6500015258789062
        ],
        [
          -0.7071064114570618,
          0.7071071863174438,
          3.5624623251351295e-08,
          -0.7499980926513672
        ],
        [
          5.71215785782897e-08,
          9.902132447336953e-09,
          0.9999999403953552,
          0.8999999761581421
        ],
        [
          0.0,
          0.0,
          0.0,
          1.0
        ]
      ],
      "matrix_ego_from_sensor_bevfusion": [
        [
          0.7071071863174438,
          -0.7071062922477722,
          -4.6786549745547745e-08,
          1.6500015258789062
        ],
        [
          0.7071064114570618,
          0.7071071863174438,
          -3.5624623251351295e-08,
          0.7499980926513672
        ],
        [
          5.71215785782897e-08,
          -9.902132447336953e-09,
          0.9999999403953552,
          0.8999999761581421
        ],
        [
          0.0,
          0.0,
          0.0,
          1.0
        ]
      ],
      "data_path": "D:\\Agent-AI\\outputs\\samples\\sample_000029\\radar\\RADAR_FRONT_LEFT.npy",
      "raw_layout": [
        "velocity",
        "altitude",
        "azimuth",
        "depth"
      ]
    },
    "RADAR_FRONT_RIGHT": {
      "type_id": "sensor.other.radar",
      "blueprint_attributes": {
        "sensor_tick": "0.050000",
        "role_name": "default",
        "noise_seed": "0",
