{
  "schema_version": "stage1.v1",
  "sample_name": "sample_000032",
  "sequence_index": 32,
  "previous_sample_name": "sample_000031",
  "frame_id": 60033,
  "timestamp": 438.2197007983923,
  "platform_timestamp": 16814575.5859424,
  "delta_seconds": 0.10000000149011612,
  "town": "Carla/Maps/Town10HD_Opt",
  "weather": {
    "cloudiness": 20.0,
    "dust_storm": 0.0,
    "fog_density": 2.0,
    "fog_distance": 0.75,
    "fog_falloff": 0.10000000149011612,
    "mie_scattering_scale": 0.029999999329447746,
    "precipitation": 0.0,
    "precipitation_deposits": 0.0,
    "rayleigh_scattering_scale": 0.03310000151395798,
    "scattering_intensity": 1.0,
    "sun_altitude_angle": 45.0,
    "sun_azimuth_angle": 300.0,
    "wetness": 0.0,
    "wind_intensity": 10.0
  },
  "sensor_names": [
    "CAM_FRONT",
    "CAM_FRONT_RIGHT",
    "CAM_FRONT_LEFT",
    "CAM_BACK",
    "CAM_BACK_LEFT",
    "CAM_BACK_RIGHT",
    "LIDAR_TOP",
    "RADAR_FRONT",
    "RADAR_FRONT_LEFT",
    "RADAR_FRONT_RIGHT",
    "RADAR_BACK_LEFT",
    "RADAR_BACK_RIGHT"
  ],
  "camera_order_for_model": [
    "CAM_FRONT",
    "CAM_FRONT_RIGHT",
    "CAM_FRONT_LEFT",
    "CAM_BACK",
    "CAM_BACK_LEFT",
    "CAM_BACK_RIGHT"
  ],
  "radar_order_for_model": [
    "RADAR_FRONT",
    "RADAR_FRONT_LEFT",
    "RADAR_FRONT_RIGHT",
    "RADAR_BACK_LEFT",
    "RADAR_BACK_RIGHT"
  ],
  "coordinate_notes": {
    "carla_world": "left-handed x-forward y-right z-up",
    "bevfusion_lidar": "x-forward y-left z-up",
    "camera_frame_for_model": "OpenCV style x-right y-down z-forward"
  },
  "ego": {
    "actor_id": 28,
    "transform_carla": {
      "location": {
        "x": 100.95237731933594,
        "y": -43.29958724975586,
        "z": -0.004781074356287718
      },
      "rotation": {
        "roll": 0.41634950041770935,
        "pitch": 0.11799833923578262,
        "yaw": -117.84302520751953
      }
    },
    "velocity_carla": [
      -3.947817087173462,
      -7.317298412322998,
      0.00010057449253508821
    ],
    "angular_velocity_carla": [
      0.258701354265213,
      -1.1742616891860962,
      -4.958685874938965
    ],
    "matrix_world_from_ego_carla": [
      [
        -0.46704983711242676,
        0.8842001557350159,
        0.007387200370430946,
        100.95237731933594
      ],
      [
        -0.8842285871505737,
        -0.46705174446105957,
        -0.001572886947542429,
        -43.29958724975586
      ],
      [
        0.0020594580564647913,
        -0.007266590371727943,
        0.9999714493751526,
        -0.004781074356287718
      ],
      [
        0.0,
        0.0,
        0.0,
        1.0
      ]
    ],
    "matrix_world_from_ego_bevfusion": [
      [
        -0.46704983711242676,
        -0.8842001557350159,
        0.007387200370430946,
        100.95237731933594
      ],
      [
        0.8842285871505737,
        -0.46705174446105957,
        0.001572886947542429,
        43.29958724975586
      ],
      [
        0.0020594580564647913,
        0.007266590371727943,
        0.9999714493751526,
        -0.004781074356287718
      ],
      [
        0.0,
        0.0,
        0.0,
        1.0
      ]
    ]
  },
  "sensors": {
    "CAM_FRONT": {
      "type_id": "sensor.camera.rgb",
      "blueprint_attributes": {
        "role_name": "front",
        "ros_name": "sensor.camera.rgb",
        "chromatic_aberration_offset": "0.0",
        "sensor_tick": "0.100000",
        "fstop": "1.4",
        "image_size_x": "960",
        "image_size_y": "540",
        "fov": "70.00",
        "lens_circle_falloff": "5.0",
        "lens_circle_multiplier": "0.0",
        "exposure_compensation": "0.0",
        "lens_y_size": "0.08",
        "lens_k": "-1.0",
        "exposure_mode": "histogram",
        "lens_kcube": "0.0",
        "lens_x_size": "0.08",
        "exposure_max_bright": "12.0",
        "shutter_speed": "200.0",
        "bloom_intensity": "0.675",
        "iso": "100.0",
        "enable_postprocess_effects": "false",
        "gamma": "2.2",
        "motion_blur_intensity": "0.0",
        "motion_blur_max_distortion": "0.35",
        "lens_flare_intensity": "0.1",
        "motion_blur_min_object_screen_size": "0.1",
        "exposure_min_bright": "10.0",
        "exposure_speed_up": "3.0",
        "exposure_speed_down": "1.0",
        "tint": "0.0",
        "calibration_constant": "16.0",
        "focal_distance": "1000.0",
        "min_fstop": "1.2",
        "blade_count": "5",
        "blur_amount": "0.0",
        "blur_radius": "0.0",
        "slope": "0.88",
        "toe": "0.55",
        "white_clip": "0.04",
        "shoulder": "0.26",
        "black_clip": "0.0",
        "temp": "6500.0",
        "chromatic_aberration_intensity": "0.0"
      },
      "transform_carla": {
        "location": {
          "x": 100.24101257324219,
          "y": -44.67281723022461,
          "z": 1.6983625888824463
        },
        "rotation": {
          "roll": 0.41634950041770935,
          "pitch": 0.11799833923578262,
          "yaw": -117.84302520751953
        }
      },
      "matrix_world_from_sensor_carla": [
        [
          -0.46704983711242676,
          0.8842001557350159,
          0.007387200370430946,
          100.24101257324219
        ],
        [
          -0.8842285871505737,
          -0.46705174446105957,
          -0.001572886947542429,
          -44.67281723022461
        ],
        [
          0.0020594580564647913,
          -0.007266590371727943,
          0.9999714493751526,
          1.6983625888824463
        ],
        [
          0.0,
          0.0,
          0.0,
          1.0
        ]
      ],
      "matrix_world_from_sensor_bevfusion": [
        [
          0.8842001557350159,
          -0.007387200370430946,
          -0.46704983711242676,
          100.24101257324219
        ],
        [
          0.46705174446105957,
          -0.001572886947542429,
          0.8842285871505737,
          44.67281723022461
        ],
        [
          -0.007266590371727943,
          -0.9999714493751526,
          0.0020594580564647913,
          1.6983625888824463
        ],
        [
          0.0,
          0.0,
          0.0,
          1.0
        ]
      ],
      "matrix_ego_from_sensor_carla": [
        [
          1.0,
          2.7755178155786098e-09,
          1.0733848532229473e-10,
          1.550001621246338
        ],
        [
          6.2252314414479315e-09,
          1.0,
          -2.1923851623029122e-10,
          0.0
        ],
        [
          2.3009175120769498e-10,
          -1.8669976675766975e-10,
          1.0,
          1.7000000476837158
        ],
        [
          0.0,
          0.0,
          0.0,
          1.0
        ]
      ],
      "matrix_ego_from_sensor_bevfusion": [
        [
          2.7755178155786098e-09,
          -1.0733848532229473e-10,
          1.0,
          1.550001621246338
        ],
        [
          -1.0,
          -2.1923851623029122e-10,
          -6.2252314414479315e-09,
          0.0
        ],
        [
          -1.8669976675766975e-10,
          -1.0,
          2.3009175120769498e-10,
          1.7000000476837158
        ],
        [
          0.0,
          0.0,
          0.0,
          1.0
        ]
      ],
      "camera_intrinsics": [
        [
          685.5110473632812,
          0.0,
          480.0
        ],
        [
          0.0,
          685.5110473632812,
          270.0
        ],
        [
          0.0,
          0.0,
          1.0
        ]
      ],
      "data_path": "D:\\Agent-AI\\outputs\\s3a_ml_long_v2\\sample_000032\\images\\CAM_FRONT.png",
      "raw_layout": "bgra8"
    },
    "CAM_FRONT_RIGHT": {
      "type_id": "sensor.camera.rgb",
      "blueprint_attributes": {
        "role_name": "front",
        "ros_name": "sensor.camera.rgb",
        "chromatic_aberration_offset": "0.0",
        "sensor_tick": "0.100000",
        "fstop": "1.4",
        "image_size_x": "960",
        "image_size_y": "540",
        "fov": "70.00",
        "lens_circle_falloff": "5.0",
        "lens_circle_multiplier": "0.0",
        "exposure_compensation": "0.0",
        "lens_y_size": "0.08",
        "lens_k": "-1.0",
        "exposure_mode": "histogram",
        "lens_kcube": "0.0",
        "lens_x_size": "0.08",
        "exposure_max_bright": "12.0",
        "shutter_speed": "200.0",
        "bloom_intensity": "0.675",
        "iso": "100.0",
        "enable_postprocess_effects": "false",
        "gamma": "2.2",
        "motion_blur_intensity": "0.0",
        "motion_blur_max_distortion": "0.35",
        "lens_flare_intensity": "0.1",
        "motion_blur_min_object_screen_size": "0.1",
        "exposure_min_bright": "10.0",
        "exposure_speed_up": "3.0",
        "exposure_speed_down": "1.0",
        "tint": "0.0",
        "calibration_constant": "16.0",
        "focal_distance": "1000.0",
        "min_fstop": "1.2",
        "blade_count": "5",
        "blur_amount": "0.0",
        "blur_radius": "0.0",
        "slope": "0.88",
        "toe": "0.55",
        "white_clip": "0.04",
        "shoulder": "0.26",
        "black_clip": "0.0",
        "temp": "6500.0",
        "chromatic_aberration_intensity": "0.0"
      },
      "transform_carla": {
        "location": {
          "x": 100.84407806396484,
          "y": -44.70863723754883,
          "z": 1.693851113319397
        },
        "rotation": {
          "roll": 0.33546990156173706,
          "pitch": -0.2733646333217621,
          "yaw": -62.84428024291992
        }
      },
      "matrix_world_from_sensor_carla": [
        [
          0.45640528202056885,
          0.8897413015365601,
          0.007387157995253801,
          100.84407806396484
        ],
        [
          -0.8897591829299927,
          0.4564274847507477,
          -0.001572808250784874,
          -44.70863723754883
        ],
        [
          -0.004771094769239426,
          -0.0058549540117383,
          0.9999714493751526,
          1.693851113319397
        ],
        [
          0.0,
          0.0,
          0.0,
          1.0
        ]
      ],
      "matrix_world_from_sensor_bevfusion": [
        [
          0.8897413015365601,
          -0.007387157995253801,
          0.45640528202056885,
          100.84407806396484
        ],
        [
          -0.4564274847507477,
          -0.001572808250784874,
          0.8897591829299927,
          44.70863723754883
        ],
        [
          -0.0058549540117383,
          -0.9999714493751526,
          -0.004771094769239426,
          1.693851113319397
        ],
        [
          0.0,
          0.0,
          0.0,
          1.0
        ]
      ],
      "matrix_ego_from_sensor_carla": [
        [
          0.5735766291618347,
          -0.8191518187522888,
          -4.948558895989663e-08,
          1.3000035285949707
        ],
        [
          0.8191518187522888,
          0.5735766887664795,
          -7.425938264304932e-08,
          0.5500030517578125
        ],
        [
          8.890156522056714e-08,
          1.5038560396973821e-09,
          1.0,
          1.7000000476837158
        ],
        [
          0.0,
          0.0,
          0.0,
          1.0
        ]
      ],
      "matrix_ego_from_sensor_bevfusion": [
        [
          -0.8191518187522888,
          4.948558895989663e-08,
          0.5735766291618347,
          1.3000035285949707
        ],
        [
          -0.5735766887664795,
          -7.425938264304932e-08,
          -0.8191518187522888,
          -0.5500030517578125
        ],
        [
          1.5038560396973821e-09,
          -1.0,
          8.890156522056714e-08,
          1.7000000476837158
        ],
        [
          0.0,
          0.0,
          0.0,
          1.0
        ]
      ],
      "camera_intrinsics": [
        [
          685.5110473632812,
          0.0,
          480.0
        ],
        [
          0.0,
          685.5110473632812,
          270.0
        ],
        [
          0.0,
          0.0,
          1.0
        ]
      ],
      "data_path": "D:\\Agent-AI\\outputs\\s3a_ml_long_v2\\sample_000032\\images\\CAM_FRONT_RIGHT.png",
      "raw_layout": "bgra8"
    },
    "CAM_FRONT_LEFT": {
      "type_id": "sensor.camera.rgb",
      "blueprint_attributes": {
        "role_name": "front",
        "ros_name": "sensor.camera.rgb",
        "chromatic_aberration_offset": "0.0",
        "sensor_tick": "0.100000",
        "fstop": "1.4",
        "image_size_x": "960",
        "image_size_y": "540",
        "fov": "70.00",
        "lens_circle_falloff": "5.0",
        "lens_circle_multiplier": "0.0",
        "exposure_compensation": "0.0",
        "lens_y_size": "0.08",
        "lens_k": "-1.0",
        "exposure_mode": "histogram",
        "lens_kcube": "0.0",
        "lens_x_size": "0.08",
        "exposure_max_bright": "12.0",
        "shutter_speed": "200.0",
        "bloom_intensity": "0.675",
        "iso": "100.0",
        "enable_postprocess_effects": "false",
        "gamma": "2.2",
        "motion_blur_intensity": "0.0",
        "motion_blur_max_distortion": "0.35",
        "lens_flare_intensity": "0.1",
        "motion_blur_min_object_screen_size": "0.1",
        "exposure_min_bright": "10.0",
        "exposure_speed_up": "3.0",
        "exposure_speed_down": "1.0",
        "tint": "0.0",
        "calibration_constant": "16.0",
        "focal_distance": "1000.0",
        "min_fstop": "1.2",
        "blade_count": "5",
        "blur_amount": "0.0",
        "blur_radius": "0.0",
        "slope": "0.88",
        "toe": "0.55",
        "white_clip": "0.04",
        "shoulder": "0.26",
        "black_clip": "0.0",
        "temp": "6500.0",
        "chromatic_aberration_intensity": "0.0"
      },
      "transform_carla": {
        "location": {
          "x": 99.8714599609375,
          "y": -44.194881439208984,
          "z": 1.701844334602356
        },
        "rotation": {
          "roll": 0.14215087890625,
          "pitch": 0.408732146024704,
          "yaw": -172.84295654296875
        }
      },
      "matrix_world_from_sensor_carla": [
        [
          -0.9921830892562866,
          0.1245715394616127,
          0.007387163117527962,
          99.8714599609375
        ],
        [
          -0.1245863139629364,
          -0.9922074675559998,
          -0.001572890905663371,
          -44.194881439208984
        ],
        [
          0.007133661303669214,
          -0.0024809353053569794,
          0.9999714493751526,
          1.701844334602356
        ],
        [
          0.0,
          0.0,
          0.0,
          1.0
        ]
      ],
      "matrix_world_from_sensor_bevfusion": [
        [
          0.1245715394616127,
          -0.007387163117527962,
          -0.9921830892562866,
          99.8714599609375
        ],
        [
          0.9922074675559998,
          -0.001572890905663371,
          0.1245863139629364,
          44.194881439208984
        ],
        [
          -0.0024809353053569794,
          -0.9999714493751526,
          0.007133661303669214,
          1.701844334602356
        ],
        [
          0.0,
          0.0,
          0.0,
          1.0
        ]
      ],
      "matrix_ego_from_sensor_carla": [
        [
          0.5735763907432556,
          0.8191519379615784,
          2.0829265423571997e-08,
          1.3000001907348633
        ],
        [
          -0.8191519975662231,
          0.5735763907432556,
          -3.141854421073731e-08,
          -0.5500030517578125
        ],
        [
          -3.700420947438943e-08,
          3.6952352289176815e-10,
          1.0,
          1.7000000476837158
        ],
        [
          0.0,
          0.0,
          0.0,
          1.0
        ]
      ],
      "matrix_ego_from_sensor_bevfusion": [
        [
          0.8191519379615784,
          -2.0829265423571997e-08,
          0.5735763907432556,
          1.3000001907348633
        ],
        [
          -0.5735763907432556,
          -3.141854421073731e-08,
          0.8191519975662231,
          0.5500030517578125
        ],
        [
          3.6952352289176815e-10,
          -1.0,
          -3.700420947438943e-08,
          1.7000000476837158
        ],
        [
          0.0,
          0.0,
          0.0,
          1.0
        ]
      ],
      "camera_intrinsics": [
        [
          685.5110473632812,
          0.0,
          480.0
        ],
        [
          0.0,
          685.5110473632812,
          270.0
        ],
        [
          0.0,
          0.0,
          1.0
        ]
      ],
      "data_path": "D:\\Agent-AI\\outputs\\s3a_ml_long_v2\\sample_000032\\images\\CAM_FRONT_LEFT.png",
      "raw_layout": "bgra8"
    },
    "CAM_BACK": {
      "type_id": "sensor.camera.rgb",
      "blueprint_attributes": {
        "role_name": "front",
        "ros_name": "sensor.camera.rgb",
        "chromatic_aberration_offset": "0.0",
        "sensor_tick": "0.100000",
        "fstop": "1.4",
        "image_size_x": "960",
        "image_size_y": "540",
        "fov": "70.00",
        "lens_circle_falloff": "5.0",
        "lens_circle_multiplier": "0.0",
        "exposure_compensation": "0.0",
        "lens_y_size": "0.08",
        "lens_k": "-1.0",
        "exposure_mode": "histogram",
        "lens_kcube": "0.0",
        "lens_x_size": "0.08",
        "exposure_max_bright": "12.0",
        "shutter_speed": "200.0",
        "bloom_intensity": "0.675",
        "iso": "100.0",
        "enable_postprocess_effects": "false",
        "gamma": "2.2",
        "motion_blur_intensity": "0.0",
        "motion_blur_max_distortion": "0.35",
        "lens_flare_intensity": "0.1",
        "motion_blur_min_object_screen_size": "0.1",
        "exposure_min_bright": "10.0",
        "exposure_speed_up": "3.0",
        "exposure_speed_down": "1.0",
        "tint": "0.0",
        "calibration_constant": "16.0",
        "focal_distance": "1000.0",
        "min_fstop": "1.2",
        "blade_count": "5",
        "blur_amount": "0.0",
        "blur_radius": "0.0",
        "slope": "0.88",
        "toe": "0.55",
        "white_clip": "0.04",
        "shoulder": "0.26",
        "black_clip": "0.0",
        "temp": "6500.0",
        "chromatic_aberration_intensity": "0.0"
      },
      "transform_carla": {
        "location": {
          "x": 101.6888656616211,
          "y": -41.93170928955078,
          "z": 1.6919782161712646
        },
        "rotation": {
          "roll": -0.41634947061538696,
          "pitch": -0.11799833923578262,
          "yaw": 62.15696334838867
        }
      },
      "matrix_world_from_sensor_carla": [
        [
          0.4670499563217163,
          -0.8842000365257263,
          0.007387199904769659,
          101.6888656616211
        ],
        [
          0.8842284679412842,
          0.4670518636703491,
          -0.00157288764603436,
          -41.93170928955078
        ],
        [
          -0.0020594580564647913,
          0.007266589906066656,
          0.9999714493751526,
          1.6919782161712646
        ],
        [
          0.0,
          0.0,
          0.0,
          1.0
        ]
      ],
      "matrix_world_from_sensor_bevfusion": [
        [
          -0.8842000365257263,
          -0.007387199904769659,
          0.4670499563217163,
          101.6888656616211
        ],
        [
          -0.4670518636703491,
          -0.00157288764603436,
          -0.8842284679412842,
          41.93170928955078
        ],
        [
          0.007266589906066656,
          -0.9999714493751526,
          -0.0020594580564647913,
          1.6919782161712646
        ],
        [
          0.0,
          0.0,
          0.0,
          1.0
        ]
      ],
      "matrix_ego_from_sensor_carla": [
        [
          -0.9999999403953552,
          -1.677888263884597e-07,
          1.0386610460599854e-09,
          -1.549997329711914
        ],
        [
          1.6866059127096378e-07,
          -0.9999999403953552,
          -2.1923851623029122e-10,
          0.0
        ],
        [
          9.340614948172288e-10,
          1.8671303392281402e-10,
          1.0,
          1.7000000476837158
        ],
        [
          0.0,
          0.0,
          0.0,
          1.0
        ]
      ],
      "matrix_ego_from_sensor_bevfusion": [
        [
          -1.677888263884597e-07,
          -1.0386610460599854e-09,
          -0.9999999403953552,
          -1.549997329711914
        ],
        [
          0.9999999403953552,
          -2.1923851623029122e-10,
          -1.6866059127096378e-07,
          0.0
        ],
        [
          1.8671303392281402e-10,
          -1.0,
          9.340614948172288e-10,
          1.7000000476837158
        ],
        [
          0.0,
          0.0,
          0.0,
          1.0
        ]
      ],
      "camera_intrinsics": [
        [
          685.5110473632812,
          0.0,
          480.0
        ],
        [
          0.0,
          685.5110473632812,
          270.0
        ],
        [
          0.0,
          0.0,
          1.0
        ]
      ],
      "data_path": "D:\\Agent-AI\\outputs\\s3a_ml_long_v2\\sample_000032\\images\\CAM_BACK.png",
      "raw_layout": "bgra8"
    },
    "CAM_BACK_LEFT": {
      "type_id": "sensor.camera.rgb",
      "blueprint_attributes": {
        "role_name": "front",
        "ros_name": "sensor.camera.rgb",
        "chromatic_aberration_offset": "0.0",
        "sensor_tick": "0.100000",
        "fstop": "1.4",
        "image_size_x": "960",
        "image_size_y": "540",
        "fov": "70.00",
        "lens_circle_falloff": "5.0",
        "lens_circle_multiplier": "0.0",
        "exposure_compensation": "0.0",
        "lens_y_size": "0.08",
        "lens_k": "-1.0",
        "exposure_mode": "histogram",
        "lens_kcube": "0.0",
        "lens_x_size": "0.08",
        "exposure_max_bright": "12.0",
        "shutter_speed": "200.0",
        "bloom_intensity": "0.675",
        "iso": "100.0",
        "enable_postprocess_effects": "false",
        "gamma": "2.2",
        "motion_blur_intensity": "0.0",
        "motion_blur_max_distortion": "0.35",
        "lens_flare_intensity": "0.1",
        "motion_blur_min_object_screen_size": "0.1",
        "exposure_min_bright": "10.0",
        "exposure_speed_up": "3.0",
        "exposure_speed_down": "1.0",
        "tint": "0.0",
        "calibration_constant": "16.0",
        "focal_distance": "1000.0",
        "min_fstop": "1.2",
        "blade_count": "5",
        "blur_amount": "0.0",
        "blur_radius": "0.0",
        "slope": "0.88",
        "toe": "0.55",
        "white_clip": "0.04",
        "shoulder": "0.26",
        "black_clip": "0.0",
        "temp": "6500.0",
        "chromatic_aberration_intensity": "0.0"
      },
      "transform_carla": {
        "location": {
          "x": 101.0857925415039,
          "y": -41.89588928222656,
          "z": 1.6964898109436035
        },
        "rotation": {
          "roll": -0.3354698717594147,
          "pitch": 0.2733646333217621,
          "yaw": 117.15568542480469
        }
      },
      "matrix_world_from_sensor_carla": [
        [
          -0.4564046263694763,
          -0.8897416591644287,
          0.007387156132608652,
          101.0857925415039
        ],
        [
          0.8897595405578613,
          -0.45642682909965515,
          -0.001572814304381609,
          -41.89588928222656
        ],
        [
          0.004771094769239426,
          0.005854953546077013,
          0.9999714493751526,
          1.6964898109436035
        ],
        [
          0.0,
          0.0,
          0.0,
          1.0
        ]
      ],
      "matrix_world_from_sensor_bevfusion": [
        [
          -0.8897416591644287,
          -0.007387156132608652,
          -0.4564046263694763,
          101.0857925415039
        ],
        [
          0.45642682909965515,
          -0.001572814304381609,
          -0.8897595405578613,
          41.89588928222656
        ],
        [
          0.005854953546077013,
          -0.9999714493751526,
          0.004771094769239426,
          1.6964898109436035
        ],
        [
          0.0,
          0.0,
          0.0,
          1.0
        ]
      ],
      "matrix_ego_from_sensor_carla": [
        [
          -0.5735772848129272,
          0.8191514015197754,
          -4.343199222489602e-08,
          -1.2999992370605469
        ],
        [
          -0.8191514015197754,
          -0.5735772848129272,
          -7.28623987811261e-08,
          -0.5499954223632812
        ],
        [
          -8.424495234748974e-08,
          -5.694794413813042e-09,
          1.0,
          1.7000000476837158
        ],
        [
          0.0,
          0.0,
          0.0,
          1.0
        ]
      ],
      "matrix_ego_from_sensor_bevfusion": [
        [
          0.8191514015197754,
          4.343199222489602e-08,
          -0.5735772848129272,
          -1.2999992370605469
        ],
        [
          0.5735772848129272,
          -7.28623987811261e-08,
          0.8191514015197754,
          0.5499954223632812
        ],
        [
          -5.694794413813042e-09,
          -1.0,
          -8.424495234748974e-08,
          1.7000000476837158
        ],
        [
          0.0,
          0.0,
          0.0,
          1.0
        ]
      ],
      "camera_intrinsics": [
        [
          685.5110473632812,
          0.0,
          480.0
        ],
        [
          0.0,
          685.5110473632812,
          270.0
        ],
        [
          0.0,
          0.0,
          1.0
        ]
      ],
      "data_path": "D:\\Agent-AI\\outputs\\s3a_ml_long_v2\\sample_000032\\images\\CAM_BACK_LEFT.png",
      "raw_layout": "bgra8"
    },
    "CAM_BACK_RIGHT": {
      "type_id": "sensor.camera.rgb",
      "blueprint_attributes": {
        "role_name": "front",
        "ros_name": "sensor.camera.rgb",
        "chromatic_aberration_offset": "0.0",
        "sensor_tick": "0.100000",
        "fstop": "1.4",
        "image_size_x": "960",
        "image_size_y": "540",
        "fov": "70.00",
        "lens_circle_falloff": "5.0",
        "lens_circle_multiplier": "0.0",
        "exposure_compensation": "0.0",
        "lens_y_size": "0.08",
        "lens_k": "-1.0",
        "exposure_mode": "histogram",
        "lens_kcube": "0.0",
        "lens_x_size": "0.08",
        "exposure_max_bright": "12.0",
        "shutter_speed": "200.0",
        "bloom_intensity": "0.675",
        "iso": "100.0",
        "enable_postprocess_effects": "false",
        "gamma": "2.2",
        "motion_blur_intensity": "0.0",
        "motion_blur_max_distortion": "0.35",
        "lens_flare_intensity": "0.1",
        "motion_blur_min_object_screen_size": "0.1",
        "exposure_min_bright": "10.0",
        "exposure_speed_up": "3.0",
        "exposure_speed_down": "1.0",
        "tint": "0.0",
        "calibration_constant": "16.0",
        "focal_distance": "1000.0",
        "min_fstop": "1.2",
        "blade_count": "5",
        "blur_amount": "0.0",
        "blur_radius": "0.0",
        "slope": "0.88",
        "toe": "0.55",
        "white_clip": "0.04",
        "shoulder": "0.26",
        "black_clip": "0.0",
        "temp": "6500.0",
        "chromatic_aberration_intensity": "0.0"
      },
      "transform_carla": {
        "location": {
          "x": 102.05841827392578,
          "y": -42.40964126586914,
          "z": 1.688496470451355
        },
        "rotation": {
          "roll": -0.14215083420276642,
          "pitch": -0.408732146024704,
          "yaw": 7.157031059265137
        }
      },
      "matrix_world_from_sensor_carla": [
        [
          0.9921831488609314,
          -0.12457121163606644,
          0.007387162651866674,
          102.05841827392578
        ],
        [
          0.12458598613739014,
          0.9922075271606445,
          -0.001572892302647233,
          -42.40964126586914
        ],
        [
          -0.007133661303669214,
          0.0024809343740344048,
          0.9999714493751526,
          1.688496470451355
        ],
        [
          0.0,
          0.0,
          0.0,
          1.0
        ]
      ],
      "matrix_world_from_sensor_bevfusion": [
        [
          -0.12457121163606644,
          -0.007387162651866674,
          0.9921831488609314,
          102.05841827392578
        ],
        [
          -0.9922075271606445,
          -0.001572892302647233,
          -0.12458598613739014,
          42.40964126586914
        ],
        [
          0.0024809343740344048,
          -0.9999714493751526,
          -0.007133661303669214,
          1.688496470451355
        ],
        [
          0.0,
          0.0,
          0.0,
          1.0
        ]
      ],
      "matrix_ego_from_sensor_carla": [
        [
          -0.5735760927200317,
          -0.8191521763801575,
          2.2459079929149084e-08,
          -1.300004005432129
        ],
        [
          0.8191522359848022,
          -0.5735760927200317,
          -3.095288292342957e-08,
          0.5500106811523438
        ],
        [
          3.7935532049004905e-08,
          1.2603175170156078e-09,
          1.0,
          1.7000000476837158
        ],
        [
          0.0,
          0.0,
          0.0,
          1.0
        ]
      ],
      "matrix_ego_from_sensor_bevfusion": [
        [
          -0.8191521763801575,
          -2.2459079929149084e-08,
          -0.5735760927200317,
          -1.300004005432129
        ],
        [
          0.5735760927200317,
          -3.095288292342957e-08,
          -0.8191522359848022,
          -0.5500106811523438
        ],
        [
          1.2603175170156078e-09,
          -1.0,
          3.7935532049004905e-08,
          1.7000000476837158
        ],
        [
          0.0,
          0.0,
          0.0,
          1.0
        ]
      ],
      "camera_intrinsics": [
        [
          685.5110473632812,
          0.0,
          480.0
        ],
        [
          0.0,
          685.5110473632812,
          270.0
        ],
        [
          0.0,
          0.0,
          1.0
        ]
      ],
      "data_path": "D:\\Agent-AI\\outputs\\s3a_ml_long_v2\\sample_000032\\images\\CAM_BACK_RIGHT.png",
      "raw_layout": "bgra8"
    },
    "LIDAR_TOP": {
      "type_id": "sensor.lidar.ray_cast",
      "blueprint_attributes": {
        "atmosphere_attenuation_rate": "0.004",
        "role_name": "front",
        "noise_seed": "0",
        "upper_fov": "10.0",
        "ros_name": "sensor.lidar.ray_cast",
        "sensor_tick": "0.100000",
        "channels": "32",
        "range": "120.0",
        "points_per_second": "360000",
        "lower_fov": "-30.0",
        "rotation_frequency": "10.000000",
        "horizontal_fov": "360.0",
        "dropoff_general_rate": "0.0",
        "dropoff_intensity_limit": "1.0",
        "noise_stddev": "0.0",
        "dropoff_zero_intensity": "0.0"
      },
      "transform_carla": {
        "location": {
          "x": 100.9686279296875,
          "y": -43.30305099487305,
          "z": 2.1951560974121094
        },
        "rotation": {
          "roll": 0.41634950041770935,
          "pitch": 0.11799833923578262,
          "yaw": -117.84302520751953
        }
      },
      "matrix_world_from_sensor_carla": [
        [
          -0.46704983711242676,
          0.8842001557350159,
          0.007387200370430946,
          100.9686279296875
        ],
        [
          -0.8842285871505737,
          -0.46705174446105957,
          -0.001572886947542429,
          -43.30305099487305
        ],
        [
          0.0020594580564647913,
          -0.007266590371727943,
          0.9999714493751526,
          2.1951560974121094
        ],
        [
          0.0,
          0.0,
          0.0,
          1.0
        ]
      ],
      "matrix_world_from_sensor_bevfusion": [
        [
          -0.46704983711242676,
          -0.8842001557350159,
          0.007387200370430946,
          100.9686279296875
        ],
        [
          0.8842285871505737,
          -0.46705174446105957,
          0.001572886947542429,
          43.30305099487305
        ],
        [
          0.0020594580564647913,
          0.007266590371727943,
          0.9999714493751526,
          2.1951560974121094
        ],
        [
          0.0,
          0.0,
          0.0,
          1.0
        ]
      ],
      "matrix_ego_from_sensor_carla": [
        [
          1.0,
          2.7755178155786098e-09,
          1.0733848532229473e-10,
          1.9073486328125e-06
        ],
        [
          6.2252314414479315e-09,
          1.0,
          -2.1923851623029122e-10,
          0.0
        ],
        [
          2.3009175120769498e-10,
          -1.8669976675766975e-10,
          1.0,
          2.1999998092651367
        ],
        [
          0.0,
          0.0,
          0.0,
          1.0
        ]
      ],
      "matrix_ego_from_sensor_bevfusion": [
        [
          1.0,
          -2.7755178155786098e-09,
          1.0733848532229473e-10,
          1.9073486328125e-06
        ],
        [
          -6.2252314414479315e-09,
          1.0,
          2.1923851623029122e-10,
          0.0
        ],
        [
          2.3009175120769498e-10,
          1.8669976675766975e-10,
          1.0,
          2.1999998092651367
        ],
        [
          0.0,
          0.0,
          0.0,
          1.0
        ]
      ],
      "data_path": "D:\\Agent-AI\\outputs\\s3a_ml_long_v2\\sample_000032\\lidar\\LIDAR_TOP.npy",
      "raw_layout": [
        "x",
        "y",
        "z",
        "intensity"
      ]
    },
    "RADAR_FRONT": {
      "type_id": "sensor.other.radar",
      "blueprint_attributes": {
        "sensor_tick": "0.100000",
        "role_name": "default",
        "noise_seed": "0",
        "ros_name": "sensor.other.radar",
        "horizontal_fov": "35.0",
        "points_per_second": "1500",
        "vertical_fov": "20.0",
        "range": "120.0"
      },
      "transform_carla": {
        "location": {
          "x": 100.02493286132812,
          "y": -45.069461822509766,
          "z": 0.8993121385574341
        },
        "rotation": {
          "roll": 0.41634950041770935,
          "pitch": 0.11799833923578262,
          "yaw": -117.84302520751953
        }
      },
      "matrix_world_from_sensor_carla": [
        [
          -0.46704983711242676,
          0.8842001557350159,
          0.007387200370430946,
          100.02493286132812
        ],
        [
          -0.8842285871505737,
          -0.46705174446105957,
          -0.001572886947542429,
          -45.069461822509766
        ],
        [
          0.0020594580564647913,
          -0.007266590371727943,
          0.9999714493751526,
          0.8993121385574341
        ],
        [
          0.0,
          0.0,
          0.0,
          1.0
        ]
      ],
      "matrix_world_from_sensor_bevfusion": [
        [
          -0.46704983711242676,
          -0.8842001557350159,
          0.007387200370430946,
          100.02493286132812
        ],
        [
          0.8842285871505737,
          -0.46705174446105957,
          0.001572886947542429,
          45.069461822509766
        ],
        [
          0.0020594580564647913,
          0.007266590371727943,
          0.9999714493751526,
          0.8993121385574341
        ],
        [
          0.0,
          0.0,
          0.0,
          1.0
        ]
      ],
      "matrix_ego_from_sensor_carla": [
        [
          1.0,
          2.7755178155786098e-09,
          1.0733848532229473e-10,
          1.9999980926513672
        ],
        [
          6.2252314414479315e-09,
          1.0,
          -2.1923851623029122e-10,
          0.0
        ],
        [
          2.3009175120769498e-10,
          -1.8669976675766975e-10,
          1.0,
          0.9000000953674316
        ],
        [
          0.0,
          0.0,
          0.0,
          1.0
        ]
      ],
      "matrix_ego_from_sensor_bevfusion": [
        [
          1.0,
          -2.7755178155786098e-09,
          1.0733848532229473e-10,
          1.9999980926513672
        ],
        [
          -6.2252314414479315e-09,
          1.0,
          2.1923851623029122e-10,
          0.0
        ],
        [
          2.3009175120769498e-10,
          1.8669976675766975e-10,
          1.0,
          0.9000000953674316
        ],
        [
          0.0,
          0.0,
          0.0,
          1.0
        ]
      ],
      "data_path": "D:\\Agent-AI\\outputs\\s3a_ml_long_v2\\sample_000032\\radar\\RADAR_FRONT.npy",
      "raw_layout": [
        "velocity",
        "altitude",
        "azimuth",
        "depth"
      ]
    },
    "RADAR_FRONT_LEFT": {
      "type_id": "sensor.other.radar",
      "blueprint_attributes": {
        "sensor_tick": "0.100000",
        "role_name": "default",
        "noise_seed": "0",
        "ros_name": "sensor.other.radar",
        "horizontal_fov": "35.0",
        "points_per_second": "1500",
        "vertical_fov": "20.0",
        "range": "120.0"
      },
      "transform_carla": {
        "location": {
          "x": 99.52525329589844,
          "y": -44.409690856933594,
          "z": 0.9040412902832031
        },
        "rotation": {
          "roll": 0.2109680324792862,
          "pitch": 0.37784603238105774,
          "yaw": -162.84275817871094
        }
      },
      "matrix_world_from_sensor_carla": [
        [
          -0.9554780125617981,
          0.2949697971343994,
          0.007387293502688408,
          99.52525329589844
        ],
        [
          -0.29498860239982605,
          -0.9554994702339172,
          -0.0015728578437119722,
          -44.409690856933594
        ],
        [
          0.006594609469175339,
          -0.003681998234242201,
          0.9999714493751526,
          0.9040412902832031
        ],
        [
          0.0,
          0.0,
          0.0,
          1.0
        ]
      ],
      "matrix_world_from_sensor_bevfusion": [
        [
          -0.9554780125617981,
          -0.2949697971343994,
          0.007387293502688408,
          99.52525329589844
        ],
        [
          0.29498860239982605,
          -0.9554994702339172,
          0.0015728578437119722,
          44.409690856933594
        ],
        [
          0.006594609469175339,
          0.003681998234242201,
          0.9999714493751526,
          0.9040412902832031
        ],
        [
          0.0,
          0.0,
          0.0,
          1.0
        ]
      ],
      "matrix_ego_from_sensor_carla": [
        [
          0.7071068286895752,
          0.7071067690849304,
          -6.9043359474108e-08,
          1.6499953269958496
        ],
        [
          -0.7071067094802856,
          0.7071067690849304,
          6.869863256042663e-08,
          -0.7499923706054688
        ],
        [
          9.756321617260255e-08,
          1.3009643362593692e-10,
          1.0,
          0.8999999761581421
        ],
        [
          0.0,
          0.0,
          0.0,
          1.0
        ]
      ],
      "matrix_ego_from_sensor_bevfusion": [
        [
          0.7071068286895752,
          -0.7071067690849304,
          -6.9043359474108e-08,
          1.6499953269958496
        ],
        [
          0.7071067094802856,
          0.7071067690849304,
          -6.869863256042663e-08,
          0.7499923706054688
        ],
        [
          9.756321617260255e-08,
          -1.3009643362593692e-10,
          1.0,
          0.8999999761581421
        ],
        [
          0.0,
          0.0,
          0.0,
          1.0
        ]
      ],
      "data_path": "D:\\Agent-AI\\outputs\\s3a_ml_long_v2\\sample_000032\\radar\\RADAR_FRONT_LEFT.npy",
      "raw_layout": [
        "velocity",
        "altitude",
        "azimuth",
        "depth"
      ]
    },
    "RADAR_FRONT_RIGHT": {
      "type_id": "sensor.other.radar",
      "blueprint_attributes": {
        "sensor_tick": "0.100000",
        "role_name": "default",
        "noise_seed": "0",
        "ros_name": "sensor.other.radar",
        "horizontal_fov": "35.0",
        "points_per_second": "1500",
