{
  "schema_version": "stage1.v1",
  "sample_name": "sample_000011",
  "sequence_index": 11,
  "previous_sample_name": "sample_000010",
  "frame_id": 726284,
  "timestamp": 4998.29462473467,
  "platform_timestamp": 16813370.2145501,
  "delta_seconds": 0.10000000149011612,
  "town": "Carla/Maps/Town10HD_Opt",
  "weather": {
    "cloudiness": 20.0,
    "dust_storm": 0.0,
    "fog_density": 2.0,
    "fog_distance": 0.75,
    "fog_falloff": 0.10000000149011612,
    "mie_scattering_scale": 0.029999999329447746,
    "precipitation": 0.0,
    "precipitation_deposits": 0.0,
    "rayleigh_scattering_scale": 0.03310000151395798,
    "scattering_intensity": 1.0,
    "sun_altitude_angle": 45.0,
    "sun_azimuth_angle": 300.0,
    "wetness": 0.0,
    "wind_intensity": 10.0
  },
  "sensor_names": [
    "CAM_FRONT",
    "CAM_FRONT_RIGHT",
    "CAM_FRONT_LEFT",
    "CAM_BACK",
    "CAM_BACK_LEFT",
    "CAM_BACK_RIGHT",
    "LIDAR_TOP",
    "RADAR_FRONT",
    "RADAR_FRONT_LEFT",
    "RADAR_FRONT_RIGHT",
    "RADAR_BACK_LEFT",
    "RADAR_BACK_RIGHT"
  ],
  "camera_order_for_model": [
    "CAM_FRONT",
    "CAM_FRONT_RIGHT",
    "CAM_FRONT_LEFT",
    "CAM_BACK",
    "CAM_BACK_LEFT",
    "CAM_BACK_RIGHT"
  ],
  "radar_order_for_model": [
    "RADAR_FRONT",
    "RADAR_FRONT_LEFT",
    "RADAR_FRONT_RIGHT",
    "RADAR_BACK_LEFT",
    "RADAR_BACK_RIGHT"
  ],
  "coordinate_notes": {
    "carla_world": "left-handed x-forward y-right z-up",
    "bevfusion_lidar": "x-forward y-left z-up",
    "camera_frame_for_model": "OpenCV style x-right y-down z-forward"
  },
  "ego": {
    "actor_id": 49,
    "transform_carla": {
      "location": {
        "x": 106.04544830322266,
        "y": -27.345510482788086,
        "z": -0.005983543116599321
      },
      "rotation": {
        "roll": 0.4051397144794464,
        "pitch": 0.44270551204681396,
        "yaw": -95.61013793945312
      }
    },
    "velocity_carla": [
      -0.9344205856323242,
      -7.978832721710205,
      4.3811796786030754e-05
    ],
    "angular_velocity_carla": [
      1.9237565994262695,
      -0.45456463098526,
      -10.251309394836426
    ],
    "matrix_world_from_ego_carla": [
      [
        -0.097756028175354,
        0.9951798915863037,
        0.007792418356984854,
        106.04544830322266
      ],
      [
        -0.9951803684234619,
        -0.09781087934970856,
        0.0069981408305466175,
        -27.345510482788086
      ],
      [
        0.007726592011749744,
        -0.007070751860737801,
        0.9999451637268066,
        -0.005983543116599321
      ],
      [
        0.0,
        0.0,
        0.0,
        1.0
      ]
    ],
    "matrix_world_from_ego_bevfusion": [
      [
        -0.097756028175354,
        -0.9951798915863037,
        0.007792418356984854,
        106.04544830322266
      ],
      [
        0.9951803684234619,
        -0.09781087934970856,
        -0.0069981408305466175,
        27.345510482788086
      ],
      [
        0.007726592011749744,
        0.007070751860737801,
        0.9999451637268066,
        -0.005983543116599321
      ],
      [
        0.0,
        0.0,
        0.0,
        1.0
      ]
    ]
  },
  "sensors": {
    "CAM_FRONT": {
      "type_id": "sensor.camera.rgb",
      "blueprint_attributes": {
        "role_name": "front",
        "ros_name": "sensor.camera.rgb",
        "chromatic_aberration_offset": "0.0",
        "sensor_tick": "0.100000",
        "fstop": "1.4",
        "image_size_x": "960",
        "image_size_y": "540",
        "fov": "70.00",
        "lens_circle_falloff": "5.0",
        "lens_circle_multiplier": "0.0",
        "exposure_compensation": "0.0",
        "lens_y_size": "0.08",
        "lens_k": "-1.0",
        "exposure_mode": "histogram",
        "lens_kcube": "0.0",
        "lens_x_size": "0.08",
        "exposure_max_bright": "12.0",
        "shutter_speed": "200.0",
        "bloom_intensity": "0.675",
        "iso": "100.0",
        "enable_postprocess_effects": "false",
        "gamma": "2.2",
        "motion_blur_intensity": "0.0",
        "motion_blur_max_distortion": "0.35",
        "lens_flare_intensity": "0.1",
        "motion_blur_min_object_screen_size": "0.1",
        "exposure_min_bright": "10.0",
        "exposure_speed_up": "3.0",
        "exposure_speed_down": "1.0",
        "tint": "0.0",
        "calibration_constant": "16.0",
        "focal_distance": "1000.0",
        "min_fstop": "1.2",
        "blade_count": "5",
        "blur_amount": "0.0",
        "blur_radius": "0.0",
        "slope": "0.88",
        "toe": "0.55",
        "white_clip": "0.04",
        "shoulder": "0.26",
        "black_clip": "0.0",
        "temp": "6500.0",
        "chromatic_aberration_intensity": "0.0"
      },
      "transform_carla": {
        "location": {
          "x": 105.90717315673828,
          "y": -28.876142501831055,
          "z": 1.7058994770050049
        },
        "rotation": {
          "roll": 0.4051397144794464,
          "pitch": 0.44270551204681396,
          "yaw": -95.61013793945312
        }
      },
      "matrix_world_from_sensor_carla": [
        [
          -0.097756028175354,
          0.9951798915863037,
          0.007792418356984854,
          105.90717315673828
        ],
        [
          -0.9951803684234619,
          -0.09781087934970856,
          0.0069981408305466175,
          -28.876142501831055
        ],
        [
          0.007726592011749744,
          -0.007070751860737801,
          0.9999451637268066,
          1.7058994770050049
        ],
        [
          0.0,
          0.0,
          0.0,
          1.0
        ]
      ],
      "matrix_world_from_sensor_bevfusion": [
        [
          0.9951798915863037,
          -0.007792418356984854,
          -0.097756028175354,
          105.90717315673828
        ],
        [
          0.09781087934970856,
          0.0069981408305466175,
          0.9951803684234619,
          28.876142501831055
        ],
        [
          -0.007070751860737801,
          -0.9999451637268066,
          0.007726592011749744,
          1.7058994770050049
        ],
        [
          0.0,
          0.0,
          0.0,
          1.0
        ]
      ],
      "matrix_ego_from_sensor_carla": [
        [
          1.0,
          7.233393439776137e-09,
          -4.1142578233177574e-10,
          1.5500011444091797
        ],
        [
          3.0275046913885717e-09,
          1.0,
          3.034641427035467e-10,
          0.0
        ],
        [
          5.42610401055299e-11,
          -1.6217160947462617e-10,
          1.0,
          1.6999999284744263
        ],
        [
          0.0,
          0.0,
          0.0,
          1.0
        ]
      ],
      "matrix_ego_from_sensor_bevfusion": [
        [
          7.233393439776137e-09,
          4.1142578233177574e-10,
          1.0,
          1.5500011444091797
        ],
        [
          -1.0,
          3.034641427035467e-10,
          -3.0275046913885717e-09,
          0.0
        ],
        [
          -1.6217160947462617e-10,
          -1.0,
          5.42610401055299e-11,
          1.6999999284744263
        ],
        [
          0.0,
          0.0,
          0.0,
          1.0
        ]
      ],
      "camera_intrinsics": [
        [
          685.5110473632812,
          0.0,
          480.0
        ],
        [
          0.0,
          685.5110473632812,
          270.0
        ],
        [
          0.0,
          0.0,
          1.0
        ]
      ],
      "data_path": "D:\\Agent-AI\\outputs\\s3a_ml_long_v1\\sample_000011\\images\\CAM_FRONT.png",
      "raw_layout": "bgra8"
    },
    "CAM_FRONT_RIGHT": {
      "type_id": "sensor.camera.rgb",
      "blueprint_attributes": {
        "role_name": "front",
        "ros_name": "sensor.camera.rgb",
        "chromatic_aberration_offset": "0.0",
        "sensor_tick": "0.100000",
        "fstop": "1.4",
        "image_size_x": "960",
        "image_size_y": "540",
        "fov": "70.00",
        "lens_circle_falloff": "5.0",
        "lens_circle_multiplier": "0.0",
        "exposure_compensation": "0.0",
        "lens_y_size": "0.08",
        "lens_k": "-1.0",
        "exposure_mode": "histogram",
        "lens_kcube": "0.0",
        "lens_x_size": "0.08",
        "exposure_max_bright": "12.0",
        "shutter_speed": "200.0",
        "bloom_intensity": "0.675",
        "iso": "100.0",
        "enable_postprocess_effects": "false",
        "gamma": "2.2",
        "motion_blur_intensity": "0.0",
        "motion_blur_max_distortion": "0.35",
        "lens_flare_intensity": "0.1",
        "motion_blur_min_object_screen_size": "0.1",
        "exposure_min_bright": "10.0",
        "exposure_speed_up": "3.0",
        "exposure_speed_down": "1.0",
        "tint": "0.0",
        "calibration_constant": "16.0",
        "focal_distance": "1000.0",
        "min_fstop": "1.2",
        "blade_count": "5",
        "blur_amount": "0.0",
        "blur_radius": "0.0",
        "slope": "0.88",
        "toe": "0.55",
        "white_clip": "0.04",
        "shoulder": "0.26",
        "black_clip": "0.0",
        "temp": "6500.0",
        "chromatic_aberration_intensity": "0.0"
      },
      "transform_carla": {
        "location": {
          "x": 106.47896575927734,
          "y": -28.681142807006836,
          "z": 1.7000788450241089
        },
        "rotation": {
          "roll": 0.5950203537940979,
          "pitch": -0.0779324546456337,
          "yaw": -40.61211013793945
        }
      },
      "matrix_world_from_sensor_carla": [
        [
          0.7591330409049988,
          0.6508888602256775,
          0.007792378310114145,
          106.47896575927734
        ],
        [
          -0.650934100151062,
          0.7591019868850708,
          0.0069981724955141544,
          -28.681142807006836
        ],
        [
          -0.001360177411697805,
          -0.010384867899119854,
          0.9999451041221619,
          1.7000788450241089
        ],
        [
          0.0,
          0.0,
          0.0,
          1.0
        ]
      ],
      "matrix_world_from_sensor_bevfusion": [
        [
          0.6508888602256775,
          -0.007792378310114145,
          0.7591330409049988,
          106.47896575927734
        ],
        [
          -0.7591019868850708,
          0.0069981724955141544,
          0.650934100151062,
          28.681142807006836
        ],
        [
          -0.010384867899119854,
          -0.9999451041221619,
          -0.001360177411697805,
          1.7000788450241089
        ],
        [
          0.0,
          0.0,
          0.0,
          1.0
        ]
      ],
      "matrix_ego_from_sensor_carla": [
        [
          0.5735765695571899,
          -0.8191520571708679,
          -2.8345983338340375e-08,
          1.3000011444091797
        ],
        [
          0.8191519379615784,
          0.5735765099525452,
          -4.25815862570289e-08,
          0.5500030517578125
        ],
        [
          5.072191910926449e-08,
          2.2920052522579226e-09,
          0.9999999403953552,
          1.6999999284744263
        ],
        [
          0.0,
          0.0,
          0.0,
          1.0
        ]
      ],
      "matrix_ego_from_sensor_bevfusion": [
        [
          -0.8191520571708679,
          2.8345983338340375e-08,
          0.5735765695571899,
          1.3000011444091797
        ],
        [
          -0.5735765099525452,
          -4.25815862570289e-08,
          -0.8191519379615784,
          -0.5500030517578125
        ],
        [
          2.2920052522579226e-09,
          -0.9999999403953552,
          5.072191910926449e-08,
          1.6999999284744263
        ],
        [
          0.0,
          0.0,
          0.0,
          1.0
        ]
      ],
      "camera_intrinsics": [
        [
          685.5110473632812,
          0.0,
          480.0
        ],
        [
          0.0,
          685.5110473632812,
          270.0
        ],
        [
          0.0,
          0.0,
          1.0
        ]
      ],
      "data_path": "D:\\Agent-AI\\outputs\\s3a_ml_long_v1\\sample_000011\\images\\CAM_FRONT_RIGHT.png",
      "raw_layout": "bgra8"
    },
    "CAM_FRONT_LEFT": {
      "type_id": "sensor.camera.rgb",
      "blueprint_attributes": {
        "role_name": "front",
        "ros_name": "sensor.camera.rgb",
        "chromatic_aberration_offset": "0.0",
        "sensor_tick": "0.100000",
        "fstop": "1.4",
        "image_size_x": "960",
        "image_size_y": "540",
        "fov": "70.00",
        "lens_circle_falloff": "5.0",
        "lens_circle_multiplier": "0.0",
        "exposure_compensation": "0.0",
        "lens_y_size": "0.08",
        "lens_k": "-1.0",
        "exposure_mode": "histogram",
        "lens_kcube": "0.0",
        "lens_x_size": "0.08",
        "exposure_max_bright": "12.0",
        "shutter_speed": "200.0",
        "bloom_intensity": "0.675",
        "iso": "100.0",
        "enable_postprocess_effects": "false",
        "gamma": "2.2",
        "motion_blur_intensity": "0.0",
        "motion_blur_max_distortion": "0.35",
        "lens_flare_intensity": "0.1",
        "motion_blur_min_object_screen_size": "0.1",
        "exposure_min_bright": "10.0",
        "exposure_speed_up": "3.0",
        "exposure_speed_down": "1.0",
        "tint": "0.0",
        "calibration_constant": "16.0",
        "focal_distance": "1000.0",
        "min_fstop": "1.2",
        "blade_count": "5",
        "blur_amount": "0.0",
        "blur_radius": "0.0",
        "slope": "0.88",
        "toe": "0.55",
        "white_clip": "0.04",
        "shoulder": "0.26",
        "black_clip": "0.0",
        "temp": "6500.0",
        "chromatic_aberration_intensity": "0.0"
      },
      "transform_carla": {
        "location": {
          "x": 105.38426208496094,
          "y": -28.573551177978516,
          "z": 1.70785653591156
        },
        "rotation": {
          "roll": -0.1302766352891922,
          "pitch": 0.5857911705970764,
          "yaw": -150.6123504638672
        }
      },
      "matrix_world_from_sensor_carla": [
        [
          -0.8712740540504456,
          0.4907349646091461,
          0.0077924118377268314,
          105.38426208496094
        ],
        [
          -0.49069029092788696,
          -0.8713060021400452,
          0.006998138502240181,
          -28.573551177978516
        ],
        [
          0.010223806835711002,
          0.002273635705932975,
          0.9999451637268066,
          1.70785653591156
        ],
        [
          0.0,
          0.0,
          0.0,
          1.0
        ]
      ],
      "matrix_world_from_sensor_bevfusion": [
        [
          0.4907349646091461,
          -0.0077924118377268314,
          -0.8712740540504456,
          105.38426208496094
        ],
        [
          0.8713060021400452,
          0.006998138502240181,
          0.49069029092788696,
          28.573551177978516
        ],
        [
          0.002273635705932975,
          -0.9999451637268066,
          0.010223806835711002,
          1.70785653591156
        ],
        [
          0.0,
          0.0,
          0.0,
          1.0
        ]
      ],
      "matrix_ego_from_sensor_carla": [
        [
          0.5735766887664795,
          0.8191519975662231,
          2.848203228822399e-09,
          1.2999992370605469
        ],
        [
          -0.8191518783569336,
          0.5735766887664795,
          -6.215794101649408e-09,
          -0.5500030517578125
        ],
        [
          -5.5672102483583785e-09,
          1.0508388603724939e-09,
          1.0,
          1.6999999284744263
        ],
        [
          0.0,
          0.0,
          0.0,
          1.0
        ]
      ],
      "matrix_ego_from_sensor_bevfusion": [
        [
          0.8191519975662231,
          -2.848203228822399e-09,
          0.5735766887664795,
          1.2999992370605469
        ],
        [
          -0.5735766887664795,
          -6.215794101649408e-09,
          0.8191518783569336,
          0.5500030517578125
        ],
        [
          1.0508388603724939e-09,
          -1.0,
          -5.5672102483583785e-09,
          1.6999999284744263
        ],
        [
          0.0,
          0.0,
          0.0,
          1.0
        ]
      ],
      "camera_intrinsics": [
        [
          685.5110473632812,
          0.0,
          480.0
        ],
        [
          0.0,
          685.5110473632812,
          270.0
        ],
        [
          0.0,
          0.0,
          1.0
        ]
      ],
      "data_path": "D:\\Agent-AI\\outputs\\s3a_ml_long_v1\\sample_000011\\images\\CAM_FRONT_LEFT.png",
      "raw_layout": "bgra8"
    },
    "CAM_BACK": {
      "type_id": "sensor.camera.rgb",
      "blueprint_attributes": {
        "role_name": "front",
        "ros_name": "sensor.camera.rgb",
        "chromatic_aberration_offset": "0.0",
        "sensor_tick": "0.100000",
        "fstop": "1.4",
        "image_size_x": "960",
        "image_size_y": "540",
        "fov": "70.00",
        "lens_circle_falloff": "5.0",
        "lens_circle_multiplier": "0.0",
        "exposure_compensation": "0.0",
        "lens_y_size": "0.08",
        "lens_k": "-1.0",
        "exposure_mode": "histogram",
        "lens_kcube": "0.0",
        "lens_x_size": "0.08",
        "exposure_max_bright": "12.0",
        "shutter_speed": "200.0",
        "bloom_intensity": "0.675",
        "iso": "100.0",
        "enable_postprocess_effects": "false",
        "gamma": "2.2",
        "motion_blur_intensity": "0.0",
        "motion_blur_max_distortion": "0.35",
        "lens_flare_intensity": "0.1",
        "motion_blur_min_object_screen_size": "0.1",
        "exposure_min_bright": "10.0",
        "exposure_speed_up": "3.0",
        "exposure_speed_down": "1.0",
        "tint": "0.0",
        "calibration_constant": "16.0",
        "focal_distance": "1000.0",
        "min_fstop": "1.2",
        "blade_count": "5",
        "blur_amount": "0.0",
        "blur_radius": "0.0",
        "slope": "0.88",
        "toe": "0.55",
        "white_clip": "0.04",
        "shoulder": "0.26",
        "black_clip": "0.0",
        "temp": "6500.0",
        "chromatic_aberration_intensity": "0.0"
      },
      "transform_carla": {
        "location": {
          "x": 106.21021270751953,
          "y": -25.79108428955078,
          "z": 1.681946873664856
        },
        "rotation": {
          "roll": -0.4051398038864136,
          "pitch": -0.44270551204681396,
          "yaw": 84.38985443115234
        }
      },
      "matrix_world_from_sensor_carla": [
        [
          0.09775618463754654,
          -0.9951798915863037,
          0.007792421150952578,
          106.21021270751953
        ],
        [
          0.9951803684234619,
          0.09781103581190109,
          0.006998139433562756,
          -25.79108428955078
        ],
        [
          -0.007726592011749744,
          0.0070707532577216625,
          0.9999451637268066,
          1.681946873664856
        ],
        [
          0.0,
          0.0,
          0.0,
          1.0
        ]
      ],
      "matrix_world_from_sensor_bevfusion": [
        [
          -0.9951798915863037,
          -0.007792421150952578,
          0.09775618463754654,
          106.21021270751953
        ],
        [
          -0.09781103581190109,
          0.006998139433562756,
          -0.9951803684234619,
          25.79108428955078
        ],
        [
          0.0070707532577216625,
          -0.9999451637268066,
          -0.007726592011749744,
          1.681946873664856
        ],
        [
          0.0,
          0.0,
          0.0,
          1.0
        ]
      ],
      "matrix_ego_from_sensor_carla": [
        [
          -1.0,
          -1.6292808879825316e-07,
          9.85558079591442e-10,
          -1.549997329711914
        ],
        [
          1.5343468362516433e-07,
          -1.0,
          3.0974318665499823e-09,
          -7.62939453125e-06
        ],
        [
          1.3427228218176879e-09,
          2.9560627279323626e-09,
          1.0,
          1.6999996900558472
        ],
        [
          0.0,
          0.0,
          0.0,
          1.0
        ]
      ],
      "matrix_ego_from_sensor_bevfusion": [
        [
          -1.6292808879825316e-07,
          -9.85558079591442e-10,
          -1.0,
          -1.549997329711914
        ],
        [
          1.0,
          3.0974318665499823e-09,
          -1.5343468362516433e-07,
          7.62939453125e-06
        ],
        [
          2.9560627279323626e-09,
          -1.0,
          1.3427228218176879e-09,
          1.6999996900558472
        ],
        [
          0.0,
          0.0,
          0.0,
          1.0
        ]
      ],
      "camera_intrinsics": [
        [
          685.5110473632812,
          0.0,
          480.0
        ],
        [
          0.0,
          685.5110473632812,
          270.0
        ],
        [
          0.0,
          0.0,
          1.0
        ]
      ],
      "data_path": "D:\\Agent-AI\\outputs\\s3a_ml_long_v1\\sample_000011\\images\\CAM_BACK.png",
      "raw_layout": "bgra8"
    },
    "CAM_BACK_LEFT": {
      "type_id": "sensor.camera.rgb",
      "blueprint_attributes": {
        "role_name": "front",
        "ros_name": "sensor.camera.rgb",
        "chromatic_aberration_offset": "0.0",
        "sensor_tick": "0.100000",
        "fstop": "1.4",
        "image_size_x": "960",
        "image_size_y": "540",
        "fov": "70.00",
        "lens_circle_falloff": "5.0",
        "lens_circle_multiplier": "0.0",
        "exposure_compensation": "0.0",
        "lens_y_size": "0.08",
        "lens_k": "-1.0",
        "exposure_mode": "histogram",
        "lens_kcube": "0.0",
        "lens_x_size": "0.08",
        "exposure_max_bright": "12.0",
        "shutter_speed": "200.0",
        "bloom_intensity": "0.675",
        "iso": "100.0",
        "enable_postprocess_effects": "false",
        "gamma": "2.2",
        "motion_blur_intensity": "0.0",
        "motion_blur_max_distortion": "0.35",
        "lens_flare_intensity": "0.1",
        "motion_blur_min_object_screen_size": "0.1",
        "exposure_min_bright": "10.0",
        "exposure_speed_up": "3.0",
        "exposure_speed_down": "1.0",
        "tint": "0.0",
        "calibration_constant": "16.0",
        "focal_distance": "1000.0",
        "min_fstop": "1.2",
        "blade_count": "5",
        "blur_amount": "0.0",
        "blur_radius": "0.0",
        "slope": "0.88",
        "toe": "0.55",
        "white_clip": "0.04",
        "shoulder": "0.26",
        "black_clip": "0.0",
        "temp": "6500.0",
        "chromatic_aberration_intensity": "0.0"
      },
      "transform_carla": {
        "location": {
          "x": 105.638427734375,
          "y": -25.986083984375,
          "z": 1.687767505645752
        },
        "rotation": {
          "roll": -0.5950203537940979,
          "pitch": 0.0779324546456337,
          "yaw": 139.3878936767578
        }
      },
      "matrix_world_from_sensor_carla": [
        [
          -0.7591330409049988,
          -0.6508888006210327,
          0.007792377844452858,
          105.638427734375
        ],
        [
          0.6509340405464172,
          -0.7591019868850708,
          0.0069981724955141544,
          -25.986083984375
        ],
        [
          0.001360177411697805,
          0.010384867899119854,
          0.9999451041221619,
          1.687767505645752
        ],
        [
          0.0,
          0.0,
          0.0,
          1.0
        ]
      ],
      "matrix_world_from_sensor_bevfusion": [
        [
          -0.6508888006210327,
          -0.007792377844452858,
          -0.7591330409049988,
          105.638427734375
        ],
        [
          0.7591019868850708,
          0.0069981724955141544,
          -0.6509340405464172,
          25.986083984375
        ],
        [
          0.010384867899119854,
          -0.9999451041221619,
          0.001360177411697805,
          1.687767505645752
        ],
        [
          0.0,
          0.0,
          0.0,
          1.0
        ]
      ],
      "matrix_ego_from_sensor_carla": [
        [
          -0.5735765099525452,
          0.8191519975662231,
          -2.8345983338340375e-08,
          -1.299997329711914
        ],
        [
          -0.8191519379615784,
          -0.5735764503479004,
          -4.304724754433664e-08,
          -0.5499954223632812
        ],
        [
          -5.118758039657223e-08,
          -1.3606826776424441e-09,
          0.9999999403953552,
          1.6999999284744263
        ],
        [
          0.0,
          0.0,
          0.0,
          1.0
        ]
      ],
      "matrix_ego_from_sensor_bevfusion": [
        [
          0.8191519975662231,
          2.8345983338340375e-08,
          -0.5735765099525452,
          -1.299997329711914
        ],
        [
          0.5735764503479004,
          -4.304724754433664e-08,
          0.8191519379615784,
          0.5499954223632812
        ],
        [
          -1.3606826776424441e-09,
          -0.9999999403953552,
          -5.118758039657223e-08,
          1.6999999284744263
        ],
        [
          0.0,
          0.0,
          0.0,
          1.0
        ]
      ],
      "camera_intrinsics": [
        [
          685.5110473632812,
          0.0,
          480.0
        ],
        [
          0.0,
          685.5110473632812,
          270.0
        ],
        [
          0.0,
          0.0,
          1.0
        ]
      ],
      "data_path": "D:\\Agent-AI\\outputs\\s3a_ml_long_v1\\sample_000011\\images\\CAM_BACK_LEFT.png",
      "raw_layout": "bgra8"
    },
    "CAM_BACK_RIGHT": {
      "type_id": "sensor.camera.rgb",
      "blueprint_attributes": {
        "role_name": "front",
        "ros_name": "sensor.camera.rgb",
        "chromatic_aberration_offset": "0.0",
        "sensor_tick": "0.100000",
        "fstop": "1.4",
        "image_size_x": "960",
        "image_size_y": "540",
        "fov": "70.00",
        "lens_circle_falloff": "5.0",
        "lens_circle_multiplier": "0.0",
        "exposure_compensation": "0.0",
        "lens_y_size": "0.08",
        "lens_k": "-1.0",
        "exposure_mode": "histogram",
        "lens_kcube": "0.0",
        "lens_x_size": "0.08",
        "exposure_max_bright": "12.0",
        "shutter_speed": "200.0",
        "bloom_intensity": "0.675",
        "iso": "100.0",
        "enable_postprocess_effects": "false",
        "gamma": "2.2",
        "motion_blur_intensity": "0.0",
        "motion_blur_max_distortion": "0.35",
        "lens_flare_intensity": "0.1",
        "motion_blur_min_object_screen_size": "0.1",
        "exposure_min_bright": "10.0",
        "exposure_speed_up": "3.0",
        "exposure_speed_down": "1.0",
        "tint": "0.0",
        "calibration_constant": "16.0",
        "focal_distance": "1000.0",
        "min_fstop": "1.2",
        "blade_count": "5",
        "blur_amount": "0.0",
        "blur_radius": "0.0",
        "slope": "0.88",
        "toe": "0.55",
        "white_clip": "0.04",
        "shoulder": "0.26",
        "black_clip": "0.0",
        "temp": "6500.0",
        "chromatic_aberration_intensity": "0.0"
      },
      "transform_carla": {
        "location": {
          "x": 106.73312377929688,
          "y": -26.093673706054688,
          "z": 1.6799896955490112
        },
        "rotation": {
          "roll": 0.13027676939964294,
          "pitch": -0.5857911705970764,
          "yaw": 29.387615203857422
        }
      },
      "matrix_world_from_sensor_carla": [
        [
          0.8712743520736694,
          -0.4907344579696655,
          0.007792416028678417,
          106.73312377929688
        ],
        [
          0.49068978428840637,
          0.871306300163269,
          0.006998136173933744,
          -26.093673706054688
        ],
        [
          -0.010223806835711002,
          -0.0022736380342394114,
          0.9999451637268066,
          1.6799896955490112
        ],
        [
          0.0,
          0.0,
          0.0,
          1.0
        ]
      ],
      "matrix_world_from_sensor_bevfusion": [
        [
          -0.4907344579696655,
          -0.007792416028678417,
          0.8712743520736694,
          106.73312377929688
        ],
        [
          -0.871306300163269,
          0.006998136173933744,
          -0.49068978428840637,
          26.093673706054688
        ],
        [
          -0.0022736380342394114,
          -0.9999451637268066,
          -0.010223806835711002,
          1.6799896955490112
        ],
        [
          0.0,
          0.0,
          0.0,
          1.0
        ]
      ],
      "matrix_ego_from_sensor_carla": [
        [
          -0.5735762119293213,
          -0.8191523551940918,
          4.710848600097961e-09,
          -1.3000001907348633
        ],
        [
          0.8191522359848022,
          -0.5735762119293213,
          -1.5591810065274103e-09,
          0.5499954223632812
        ],
        [
          3.7045650991274215e-09,
          2.6745792247595546e-09,
          1.0,
          1.6999999284744263
        ],
        [
          0.0,
          0.0,
          0.0,
          1.0
        ]
      ],
      "matrix_ego_from_sensor_bevfusion": [
        [
          -0.8191523551940918,
          -4.710848600097961e-09,
          -0.5735762119293213,
          -1.3000001907348633
        ],
        [
          0.5735762119293213,
          -1.5591810065274103e-09,
          -0.8191522359848022,
          -0.5499954223632812
        ],
        [
          2.6745792247595546e-09,
          -1.0,
          3.7045650991274215e-09,
          1.6999999284744263
        ],
        [
          0.0,
          0.0,
          0.0,
          1.0
        ]
      ],
      "camera_intrinsics": [
        [
          685.5110473632812,
          0.0,
          480.0
        ],
        [
          0.0,
          685.5110473632812,
          270.0
        ],
        [
          0.0,
          0.0,
          1.0
        ]
      ],
      "data_path": "D:\\Agent-AI\\outputs\\s3a_ml_long_v1\\sample_000011\\images\\CAM_BACK_RIGHT.png",
      "raw_layout": "bgra8"
    },
    "LIDAR_TOP": {
      "type_id": "sensor.lidar.ray_cast",
      "blueprint_attributes": {
        "atmosphere_attenuation_rate": "0.004",
        "role_name": "front",
        "noise_seed": "0",
        "upper_fov": "10.0",
        "ros_name": "sensor.lidar.ray_cast",
        "sensor_tick": "0.100000",
        "channels": "32",
        "range": "120.0",
        "points_per_second": "360000",
        "lower_fov": "-30.0",
        "rotation_frequency": "10.000000",
        "horizontal_fov": "360.0",
        "dropoff_general_rate": "0.0",
        "dropoff_intensity_limit": "1.0",
        "noise_stddev": "0.0",
        "dropoff_zero_intensity": "0.0"
      },
      "transform_carla": {
        "location": {
          "x": 106.06258392333984,
          "y": -27.330114364624023,
          "z": 2.1938955783843994
        },
        "rotation": {
          "roll": 0.4051397144794464,
          "pitch": 0.44270551204681396,
          "yaw": -95.61013793945312
        }
      },
      "matrix_world_from_sensor_carla": [
        [
          -0.097756028175354,
          0.9951798915863037,
          0.007792418356984854,
          106.06258392333984
        ],
        [
          -0.9951803684234619,
          -0.09781087934970856,
          0.0069981408305466175,
          -27.330114364624023
        ],
        [
          0.007726592011749744,
          -0.007070751860737801,
          0.9999451637268066,
          2.1938955783843994
        ],
        [
          0.0,
          0.0,
          0.0,
          1.0
        ]
      ],
      "matrix_world_from_sensor_bevfusion": [
        [
          -0.097756028175354,
          -0.9951798915863037,
          0.007792418356984854,
          106.06258392333984
        ],
        [
          0.9951803684234619,
          -0.09781087934970856,
          -0.0069981408305466175,
          27.330114364624023
        ],
        [
          0.007726592011749744,
          0.007070751860737801,
          0.9999451637268066,
          2.1938955783843994
        ],
        [
          0.0,
          0.0,
          0.0,
          1.0
        ]
      ],
      "matrix_ego_from_sensor_carla": [
        [
          1.0,
          7.233393439776137e-09,
          -4.1142578233177574e-10,
          1.9073486328125e-06
        ],
        [
          3.0275046913885717e-09,
          1.0,
          3.034641427035467e-10,
          -7.62939453125e-06
        ],
        [
          5.42610401055299e-11,
          -1.6217160947462617e-10,
          1.0,
          2.1999998092651367
        ],
        [
          0.0,
          0.0,
          0.0,
          1.0
        ]
      ],
      "matrix_ego_from_sensor_bevfusion": [
        [
          1.0,
          -7.233393439776137e-09,
          -4.1142578233177574e-10,
          1.9073486328125e-06
        ],
        [
          -3.0275046913885717e-09,
          1.0,
          -3.034641427035467e-10,
          7.62939453125e-06
        ],
        [
          5.42610401055299e-11,
          1.6217160947462617e-10,
          1.0,
          2.1999998092651367
        ],
        [
          0.0,
          0.0,
          0.0,
          1.0
        ]
      ],
      "data_path": "D:\\Agent-AI\\outputs\\s3a_ml_long_v1\\sample_000011\\lidar\\LIDAR_TOP.npy",
      "raw_layout": [
        "x",
        "y",
        "z",
        "intensity"
      ]
    },
    "RADAR_FRONT": {
      "type_id": "sensor.other.radar",
      "blueprint_attributes": {
        "sensor_tick": "0.100000",
        "role_name": "default",
        "noise_seed": "0",
        "ros_name": "sensor.other.radar",
        "horizontal_fov": "35.0",
        "points_per_second": "1500",
        "vertical_fov": "20.0",
        "range": "120.0"
      },
      "transform_carla": {
        "location": {
          "x": 105.85694885253906,
          "y": -29.329572677612305,
          "z": 0.9094203114509583
        },
        "rotation": {
          "roll": 0.4051397144794464,
          "pitch": 0.44270551204681396,
          "yaw": -95.61013793945312
        }
      },
      "matrix_world_from_sensor_carla": [
        [
          -0.097756028175354,
          0.9951798915863037,
          0.007792418356984854,
          105.85694885253906
        ],
        [
          -0.9951803684234619,
          -0.09781087934970856,
          0.0069981408305466175,
          -29.329572677612305
        ],
        [
          0.007726592011749744,
          -0.007070751860737801,
          0.9999451637268066,
          0.9094203114509583
        ],
        [
          0.0,
          0.0,
          0.0,
          1.0
        ]
      ],
      "matrix_world_from_sensor_bevfusion": [
        [
          -0.097756028175354,
          -0.9951798915863037,
          0.007792418356984854,
          105.85694885253906
        ],
        [
          0.9951803684234619,
          -0.09781087934970856,
          -0.0069981408305466175,
          29.329572677612305
        ],
        [
          0.007726592011749744,
          0.007070751860737801,
          0.9999451637268066,
          0.9094203114509583
        ],
        [
          0.0,
          0.0,
          0.0,
          1.0
        ]
      ],
      "matrix_ego_from_sensor_carla": [
        [
          1.0,
          7.233393439776137e-09,
          -4.1142578233177574e-10,
          2.000001907348633
        ],
        [
          3.0275046913885717e-09,
          1.0,
          3.034641427035467e-10,
          0.0
        ],
        [
          5.42610401055299e-11,
          -1.6217160947462617e-10,
          1.0,
          0.8999999761581421
        ],
        [
          0.0,
          0.0,
          0.0,
          1.0
        ]
      ],
      "matrix_ego_from_sensor_bevfusion": [
        [
          1.0,
          -7.233393439776137e-09,
          -4.1142578233177574e-10,
          2.000001907348633
        ],
        [
          -3.0275046913885717e-09,
          1.0,
          -3.034641427035467e-10,
          0.0
        ],
        [
          5.42610401055299e-11,
          1.6217160947462617e-10,
          1.0,
          0.8999999761581421
        ],
        [
          0.0,
          0.0,
          0.0,
          1.0
        ]
      ],
      "data_path": "D:\\Agent-AI\\outputs\\s3a_ml_long_v1\\sample_000011\\radar\\RADAR_FRONT.npy",
      "raw_layout": [
        "velocity",
        "altitude",
        "azimuth",
        "depth"
      ]
    },
    "RADAR_FRONT_LEFT": {
      "type_id": "sensor.other.radar",
      "blueprint_attributes": {
        "sensor_tick": "0.100000",
        "role_name": "default",
        "noise_seed": "0",
        "ros_name": "sensor.other.radar",
        "horizontal_fov": "35.0",
        "points_per_second": "1500",
        "vertical_fov": "20.0",
        "range": "120.0"
      },
      "transform_carla": {
        "location": {
          "x": 105.144775390625,
          "y": -28.907899856567383,
          "z": 0.9120190143585205
        },
        "rotation": {
          "roll": -0.026572223752737045,
          "pitch": 0.5995129942893982,
          "yaw": -140.61184692382812
        }
      },
      "matrix_world_from_sensor_carla": [
        [
          -0.7728225588798523,
          0.6345744132995605,
          0.007792407181113958,
          105.144775390625
        ],
        [
          -0.6345359683036804,
          -0.7728615999221802,
          0.006998126395046711,
          -28.907899856567383
        ],
        [
          0.010463284328579903,
          0.000463747390313074,
          0.9999451637268066,
          0.9120190143585205
        ],
        [
          0.0,
          0.0,
          0.0,
          1.0
        ]
      ],
      "matrix_world_from_sensor_bevfusion": [
        [
          -0.7728225588798523,
          -0.6345744132995605,
          0.007792407181113958,
          105.144775390625
        ],
        [
          0.6345359683036804,
          -0.7728615999221802,
          -0.006998126395046711,
          28.907899856567383
        ],
        [
          0.010463284328579903,
          -0.000463747390313074,
          0.9999451637268066,
          0.9120190143585205
        ],
        [
          0.0,
          0.0,
          0.0,
          1.0
        ]
      ],
      "matrix_ego_from_sensor_carla": [
        [
          0.7071067094802856,
          0.70710688829422,
          1.4955396920868225e-08,
          1.6500015258789062
        ],
        [
          -0.70710688829422,
          0.7071066498756409,
          -9.475423112803583e-09,
          -0.75
        ],
        [
          -1.7767941784541108e-08,
          -3.049333008320332e-09,
          1.0,
          0.8999998569488525
        ],
        [
          0.0,
          0.0,
          0.0,
          1.0
        ]
      ],
      "matrix_ego_from_sensor_bevfusion": [
        [
          0.7071067094802856,
          -0.70710688829422,
          1.4955396920868225e-08,
          1.6500015258789062
        ],
        [
          0.70710688829422,
          0.7071066498756409,
          9.475423112803583e-09,
          0.75
        ],
        [
          -1.7767941784541108e-08,
          3.049333008320332e-09,
          1.0,
          0.8999998569488525
        ],
        [
          0.0,
          0.0,
          0.0,
          1.0
        ]
      ],
      "data_path": "D:\\Agent-AI\\outputs\\s3a_ml_long_v1\\sample_000011\\radar\\RADAR_FRONT_LEFT.npy",
      "raw_layout": [
        "velocity",
        "altitude",
        "azimuth",
        "depth"
      ]
    },
    "RADAR_FRONT_RIGHT": {
      "type_id": "sensor.other.radar",
      "blueprint_attributes": {
        "sensor_tick": "0.100000",
        "role_name": "default",
        "noise_seed": "0",
        "ros_name": "sensor.other.radar",
        "horizontal_fov": "35.0",
        "points_per_second": "1500",
