{
  "schema_version": "stage1.v1",
  "sample_name": "sample_000017",
  "sequence_index": 17,
  "previous_sample_name": "sample_000016",
  "frame_id": 3937,
  "timestamp": 40.831086572259665,
  "platform_timestamp": 16816488.7898201,
  "delta_seconds": 0.10000000149011612,
  "town": "Carla/Maps/Town10HD_Opt",
  "weather": {
    "cloudiness": 20.0,
    "dust_storm": 0.0,
    "fog_density": 2.0,
    "fog_distance": 0.75,
    "fog_falloff": 0.10000000149011612,
    "mie_scattering_scale": 0.029999999329447746,
    "precipitation": 0.0,
    "precipitation_deposits": 0.0,
    "rayleigh_scattering_scale": 0.03310000151395798,
    "scattering_intensity": 1.0,
    "sun_altitude_angle": 45.0,
    "sun_azimuth_angle": 300.0,
    "wetness": 0.0,
    "wind_intensity": 10.0
  },
  "sensor_names": [
    "CAM_FRONT",
    "CAM_FRONT_RIGHT",
    "CAM_FRONT_LEFT",
    "CAM_BACK",
    "CAM_BACK_LEFT",
    "CAM_BACK_RIGHT",
    "LIDAR_TOP",
    "RADAR_FRONT",
    "RADAR_FRONT_LEFT",
    "RADAR_FRONT_RIGHT",
    "RADAR_BACK_LEFT",
    "RADAR_BACK_RIGHT"
  ],
  "camera_order_for_model": [
    "CAM_FRONT",
    "CAM_FRONT_RIGHT",
    "CAM_FRONT_LEFT",
    "CAM_BACK",
    "CAM_BACK_LEFT",
    "CAM_BACK_RIGHT"
  ],
  "radar_order_for_model": [
    "RADAR_FRONT",
    "RADAR_FRONT_LEFT",
    "RADAR_FRONT_RIGHT",
    "RADAR_BACK_LEFT",
    "RADAR_BACK_RIGHT"
  ],
  "coordinate_notes": {
    "carla_world": "left-handed x-forward y-right z-up",
    "bevfusion_lidar": "x-forward y-left z-up",
    "camera_frame_for_model": "OpenCV style x-right y-down z-forward"
  },
  "ego": {
    "actor_id": 24,
    "transform_carla": {
      "location": {
        "x": 109.0704574584961,
        "y": -30.73304557800293,
        "z": -0.004283485468477011
      },
      "rotation": {
        "roll": 0.5032199025154114,
        "pitch": -0.015285962261259556,
        "yaw": -98.86427307128906
      }
    },
    "velocity_carla": [
      -1.3898309469223022,
      -7.935515403747559,
      1.5449522834387608e-05
    ],
    "angular_velocity_carla": [
      2.113424062728882,
      -0.5690744519233704,
      -10.945355415344238
    ],
    "matrix_world_from_ego_carla": [
      [
        -0.15409423410892487,
        0.9880183935165405,
        0.008636722341179848,
        109.0704574584961
      ],
      [
        -0.9880560636520386,
        -0.15408599376678467,
        -0.0016169620212167501,
        -30.73304557800293
      ],
      [
        -0.000266790360910818,
        -0.00878273043781519,
        0.9999613761901855,
        -0.004283485468477011
      ],
      [
        0.0,
        0.0,
        0.0,
        1.0
      ]
    ],
    "matrix_world_from_ego_bevfusion": [
      [
        -0.15409423410892487,
        -0.9880183935165405,
        0.008636722341179848,
        109.0704574584961
      ],
      [
        0.9880560636520386,
        -0.15408599376678467,
        0.0016169620212167501,
        30.73304557800293
      ],
      [
        -0.000266790360910818,
        0.00878273043781519,
        0.9999613761901855,
        -0.004283485468477011
      ],
      [
        0.0,
        0.0,
        0.0,
        1.0
      ]
    ]
  },
  "sensors": {
    "CAM_FRONT": {
      "type_id": "sensor.camera.rgb",
      "blueprint_attributes": {
        "role_name": "front",
        "ros_name": "sensor.camera.rgb",
        "chromatic_aberration_offset": "0.0",
        "sensor_tick": "0.100000",
        "fstop": "1.4",
        "image_size_x": "960",
        "image_size_y": "540",
        "fov": "70.00",
        "lens_circle_falloff": "5.0",
        "lens_circle_multiplier": "0.0",
        "exposure_compensation": "0.0",
        "lens_y_size": "0.08",
        "lens_k": "-1.0",
        "exposure_mode": "histogram",
        "lens_kcube": "0.0",
        "lens_x_size": "0.08",
        "exposure_max_bright": "12.0",
        "shutter_speed": "200.0",
        "bloom_intensity": "0.675",
        "iso": "100.0",
        "enable_postprocess_effects": "false",
        "gamma": "2.2",
        "motion_blur_intensity": "0.0",
        "motion_blur_max_distortion": "0.35",
        "lens_flare_intensity": "0.1",
        "motion_blur_min_object_screen_size": "0.1",
        "exposure_min_bright": "10.0",
        "exposure_speed_up": "3.0",
        "exposure_speed_down": "1.0",
        "tint": "0.0",
        "calibration_constant": "16.0",
        "focal_distance": "1000.0",
        "min_fstop": "1.2",
        "blade_count": "5",
        "blur_amount": "0.0",
        "blur_radius": "0.0",
        "slope": "0.88",
        "toe": "0.55",
        "white_clip": "0.04",
        "shoulder": "0.26",
        "black_clip": "0.0",
        "temp": "6500.0",
        "chromatic_aberration_intensity": "0.0"
      },
      "transform_carla": {
        "location": {
          "x": 108.84629821777344,
          "y": -32.26728057861328,
          "z": 1.6952372789382935
        },
        "rotation": {
          "roll": 0.5032199025154114,
          "pitch": -0.015285962261259556,
          "yaw": -98.86427307128906
        }
      },
      "matrix_world_from_sensor_carla": [
        [
          -0.15409423410892487,
          0.9880183935165405,
          0.008636722341179848,
          108.84629821777344
        ],
        [
          -0.9880560636520386,
          -0.15408599376678467,
          -0.0016169620212167501,
          -32.26728057861328
        ],
        [
          -0.000266790360910818,
          -0.00878273043781519,
          0.9999613761901855,
          1.6952372789382935
        ],
        [
          0.0,
          0.0,
          0.0,
          1.0
        ]
      ],
      "matrix_world_from_sensor_bevfusion": [
        [
          0.9880183935165405,
          -0.008636722341179848,
          -0.15409423410892487,
          108.84629821777344
        ],
        [
          0.15408599376678467,
          -0.0016169620212167501,
          0.9880560636520386,
          32.26728057861328
        ],
        [
          -0.00878273043781519,
          -0.9999613761901855,
          -0.000266790360910818,
          1.6952372789382935
        ],
        [
          0.0,
          0.0,
          0.0,
          1.0
        ]
      ],
      "matrix_ego_from_sensor_carla": [
        [
          1.0,
          -3.3549303335433933e-09,
          -5.6505730650080466e-11,
          1.5499982833862305
        ],
        [
          8.079769742153076e-09,
          1.0,
          -7.10193681641158e-10,
          0.0
        ],
        [
          -1.0150925933150035e-10,
          -3.023986061556627e-10,
          1.0,
          1.7000001668930054
        ],
        [
          0.0,
          0.0,
          0.0,
          1.0
        ]
      ],
      "matrix_ego_from_sensor_bevfusion": [
        [
          -3.3549303335433933e-09,
          5.6505730650080466e-11,
          1.0,
          1.5499982833862305
        ],
        [
          -1.0,
          -7.10193681641158e-10,
          -8.079769742153076e-09,
          0.0
        ],
        [
          -3.023986061556627e-10,
          -1.0,
          -1.0150925933150035e-10,
          1.7000001668930054
        ],
        [
          0.0,
          0.0,
          0.0,
          1.0
        ]
      ],
      "camera_intrinsics": [
        [
          685.5110473632812,
          0.0,
          480.0
        ],
        [
          0.0,
          685.5110473632812,
          270.0
        ],
        [
          0.0,
          0.0,
          1.0
        ]
      ],
      "data_path": "D:\\Agent-AI\\outputs\\s3a_left_v3\\sample_000017\\images\\CAM_FRONT.png",
      "raw_layout": "bgra8"
    },
    "CAM_FRONT_RIGHT": {
      "type_id": "sensor.camera.rgb",
      "blueprint_attributes": {
        "role_name": "front",
        "ros_name": "sensor.camera.rgb",
        "chromatic_aberration_offset": "0.0",
        "sensor_tick": "0.100000",
        "fstop": "1.4",
        "image_size_x": "960",
        "image_size_y": "540",
        "fov": "70.00",
        "lens_circle_falloff": "5.0",
        "lens_circle_multiplier": "0.0",
        "exposure_compensation": "0.0",
        "lens_y_size": "0.08",
        "lens_k": "-1.0",
        "exposure_mode": "histogram",
        "lens_kcube": "0.0",
        "lens_x_size": "0.08",
        "exposure_max_bright": "12.0",
        "shutter_speed": "200.0",
        "bloom_intensity": "0.675",
        "iso": "100.0",
        "enable_postprocess_effects": "false",
        "gamma": "2.2",
        "motion_blur_intensity": "0.0",
        "motion_blur_max_distortion": "0.35",
        "lens_flare_intensity": "0.1",
        "motion_blur_min_object_screen_size": "0.1",
        "exposure_min_bright": "10.0",
        "exposure_speed_up": "3.0",
        "exposure_speed_down": "1.0",
        "tint": "0.0",
        "calibration_constant": "16.0",
        "focal_distance": "1000.0",
        "min_fstop": "1.2",
        "blade_count": "5",
        "blur_amount": "0.0",
        "blur_radius": "0.0",
        "slope": "0.88",
        "toe": "0.55",
        "white_clip": "0.04",
        "shoulder": "0.26",
        "black_clip": "0.0",
        "temp": "6500.0",
        "chromatic_aberration_intensity": "0.0"
      },
      "transform_carla": {
        "location": {
          "x": 109.42823028564453,
          "y": -32.10501480102539,
          "z": 1.6904734373092651
        },
        "rotation": {
          "roll": 0.2761157155036926,
          "pitch": -0.42098551988601685,
          "yaw": -43.865211486816406
        }
      },
      "matrix_world_from_sensor_carla": [
        [
          0.7209525108337402,
          0.6929306387901306,
          0.00863676331937313,
          109.42823028564453
        ],
        [
          -0.6929454803466797,
          0.7209881544113159,
          -0.0016170640010386705,
          -32.10501480102539
        ],
        [
          -0.007347517181187868,
          -0.004818979650735855,
          0.9999613761901855,
          1.6904734373092651
        ],
        [
          0.0,
          0.0,
          0.0,
          1.0
        ]
      ],
      "matrix_world_from_sensor_bevfusion": [
        [
          0.6929306387901306,
          -0.00863676331937313,
          0.7209525108337402,
          109.42823028564453
        ],
        [
          -0.7209881544113159,
          -0.0016170640010386705,
          0.6929454803466797,
          32.10501480102539
        ],
        [
          -0.004818979650735855,
          -0.9999613761901855,
          -0.007347517181187868,
          1.6904734373092651
        ],
        [
          0.0,
          0.0,
          0.0,
          1.0
        ]
      ],
      "matrix_ego_from_sensor_carla": [
        [
          0.5735763907432556,
          -0.8191521167755127,
          9.441453130420996e-08,
          1.2999992370605469
        ],
        [
          0.8191521167755127,
          0.5735763311386108,
          5.610048248172461e-08,
          0.5499954223632812
        ],
        [
          -1.0035373776418055e-07,
          4.5210409638229976e-08,
          1.0,
          1.6999999284744263
        ],
        [
          0.0,
          0.0,
          0.0,
          1.0
        ]
      ],
      "matrix_ego_from_sensor_bevfusion": [
        [
          -0.8191521167755127,
          -9.441453130420996e-08,
          0.5735763907432556,
          1.2999992370605469
        ],
        [
          -0.5735763311386108,
          5.610048248172461e-08,
          -0.8191521167755127,
          -0.5499954223632812
        ],
        [
          4.5210409638229976e-08,
          -1.0,
          -1.0035373776418055e-07,
          1.6999999284744263
        ],
        [
          0.0,
          0.0,
          0.0,
          1.0
        ]
      ],
      "camera_intrinsics": [
        [
          685.5110473632812,
          0.0,
          480.0
        ],
        [
          0.0,
          685.5110473632812,
          270.0
        ],
        [
          0.0,
          0.0,
          1.0
        ]
      ],
      "data_path": "D:\\Agent-AI\\outputs\\s3a_left_v3\\sample_000017\\images\\CAM_FRONT_RIGHT.png",
      "raw_layout": "bgra8"
    },
    "CAM_FRONT_LEFT": {
      "type_id": "sensor.camera.rgb",
      "blueprint_attributes": {
        "role_name": "front",
        "ros_name": "sensor.camera.rgb",
        "chromatic_aberration_offset": "0.0",
        "sensor_tick": "0.100000",
        "fstop": "1.4",
        "image_size_x": "960",
        "image_size_y": "540",
        "fov": "70.00",
        "lens_circle_falloff": "5.0",
        "lens_circle_multiplier": "0.0",
        "exposure_compensation": "0.0",
        "lens_y_size": "0.08",
        "lens_k": "-1.0",
        "exposure_mode": "histogram",
        "lens_kcube": "0.0",
        "lens_x_size": "0.08",
        "exposure_max_bright": "12.0",
        "shutter_speed": "200.0",
        "bloom_intensity": "0.675",
        "iso": "100.0",
        "enable_postprocess_effects": "false",
        "gamma": "2.2",
        "motion_blur_intensity": "0.0",
        "motion_blur_max_distortion": "0.35",
        "lens_flare_intensity": "0.1",
        "motion_blur_min_object_screen_size": "0.1",
        "exposure_min_bright": "10.0",
        "exposure_speed_up": "3.0",
        "exposure_speed_down": "1.0",
        "tint": "0.0",
        "calibration_constant": "16.0",
        "focal_distance": "1000.0",
        "min_fstop": "1.2",
        "blade_count": "5",
        "blur_amount": "0.0",
        "blur_radius": "0.0",
        "slope": "0.88",
        "toe": "0.55",
        "white_clip": "0.04",
        "shoulder": "0.26",
        "black_clip": "0.0",
        "temp": "6500.0",
        "chromatic_aberration_intensity": "0.0"
      },
      "transform_carla": {
        "location": {
          "x": 108.34140014648438,
          "y": -31.935522079467773,
          "z": 1.700134515762329
        },
        "rotation": {
          "roll": 0.3011644780635834,
          "pitch": 0.4034387469291687,
          "yaw": -153.86314392089844
        }
      },
      "matrix_world_from_sensor_carla": [
        [
          -0.8977221250534058,
          0.44047752022743225,
          0.008636661805212498,
          108.34140014648438
        ],
        [
          -0.44050589203834534,
          -0.8977482914924622,
          -0.0016170444432646036,
          -31.935522079467773
        ],
        [
          0.007041276432573795,
          -0.005256156902760267,
          0.9999613761901855,
          1.700134515762329
        ],
        [
          0.0,
          0.0,
          0.0,
          1.0
        ]
      ],
      "matrix_world_from_sensor_bevfusion": [
        [
          0.44047752022743225,
          -0.008636661805212498,
          -0.8977221250534058,
          108.34140014648438
        ],
        [
          0.8977482914924622,
          -0.0016170444432646036,
          0.44050589203834534,
          31.935522079467773
        ],
        [
          -0.005256156902760267,
          -0.9999613761901855,
          0.007041276432573795,
          1.700134515762329
        ],
        [
          0.0,
          0.0,
          0.0,
          1.0
        ]
      ],
      "matrix_ego_from_sensor_carla": [
        [
          0.5735765099525452,
          0.8191521167755127,
          9.068924100574804e-08,
          1.3000030517578125
        ],
        [
          -0.8191520571708679,
          0.5735764503479004,
          -4.7276323300593504e-08,
          -0.5500106811523438
        ],
        [
          -9.086465269092514e-08,
          -4.736059722176833e-08,
          1.0,
          1.6999999284744263
        ],
        [
          0.0,
          0.0,
          0.0,
          1.0
        ]
      ],
      "matrix_ego_from_sensor_bevfusion": [
        [
          0.8191521167755127,
          -9.068924100574804e-08,
          0.5735765099525452,
          1.3000030517578125
        ],
        [
          -0.5735764503479004,
          -4.7276323300593504e-08,
          0.8191520571708679,
          0.5500106811523438
        ],
        [
          -4.736059722176833e-08,
          -1.0,
          -9.086465269092514e-08,
          1.6999999284744263
        ],
        [
          0.0,
          0.0,
          0.0,
          1.0
        ]
      ],
      "camera_intrinsics": [
        [
          685.5110473632812,
          0.0,
          480.0
        ],
        [
          0.0,
          685.5110473632812,
          270.0
        ],
        [
          0.0,
          0.0,
          1.0
        ]
      ],
      "data_path": "D:\\Agent-AI\\outputs\\s3a_left_v3\\sample_000017\\images\\CAM_FRONT_LEFT.png",
      "raw_layout": "bgra8"
    },
    "CAM_BACK": {
      "type_id": "sensor.camera.rgb",
      "blueprint_attributes": {
        "role_name": "front",
        "ros_name": "sensor.camera.rgb",
        "chromatic_aberration_offset": "0.0",
        "sensor_tick": "0.100000",
        "fstop": "1.4",
        "image_size_x": "960",
        "image_size_y": "540",
        "fov": "70.00",
        "lens_circle_falloff": "5.0",
        "lens_circle_multiplier": "0.0",
        "exposure_compensation": "0.0",
        "lens_y_size": "0.08",
        "lens_k": "-1.0",
        "exposure_mode": "histogram",
        "lens_kcube": "0.0",
        "lens_x_size": "0.08",
        "exposure_max_bright": "12.0",
        "shutter_speed": "200.0",
        "bloom_intensity": "0.675",
        "iso": "100.0",
        "enable_postprocess_effects": "false",
        "gamma": "2.2",
        "motion_blur_intensity": "0.0",
        "motion_blur_max_distortion": "0.35",
        "lens_flare_intensity": "0.1",
        "motion_blur_min_object_screen_size": "0.1",
        "exposure_min_bright": "10.0",
        "exposure_speed_up": "3.0",
        "exposure_speed_down": "1.0",
        "tint": "0.0",
        "calibration_constant": "16.0",
        "focal_distance": "1000.0",
        "min_fstop": "1.2",
        "blade_count": "5",
        "blur_amount": "0.0",
        "blur_radius": "0.0",
        "slope": "0.88",
        "toe": "0.55",
        "white_clip": "0.04",
        "shoulder": "0.26",
        "black_clip": "0.0",
        "temp": "6500.0",
        "chromatic_aberration_intensity": "0.0"
      },
      "transform_carla": {
        "location": {
          "x": 109.32398223876953,
          "y": -29.204307556152344,
          "z": 1.6960645914077759
        },
        "rotation": {
          "roll": -0.5032198429107666,
          "pitch": 0.015285962261259556,
          "yaw": 81.13573455810547
        }
      },
      "matrix_world_from_sensor_carla": [
        [
          0.1540941596031189,
          -0.9880184531211853,
          0.008636721409857273,
          109.32398223876953
        ],
        [
          0.9880561232566833,
          0.1540859192609787,
          -0.0016169613227248192,
          -29.204307556152344
        ],
        [
          0.000266790360910818,
          0.008782729506492615,
          0.9999613761901855,
          1.6960645914077759
        ],
        [
          0.0,
          0.0,
          0.0,
          1.0
        ]
      ],
      "matrix_world_from_sensor_bevfusion": [
        [
          -0.9880184531211853,
          -0.008636721409857273,
          0.1540941596031189,
          109.32398223876953
        ],
        [
          -0.1540859192609787,
          -0.0016169613227248192,
          -0.9880561232566833,
          29.204307556152344
        ],
        [
          0.008782729506492615,
          -0.9999613761901855,
          0.000266790360910818,
          1.6960645914077759
        ],
        [
          0.0,
          0.0,
          0.0,
          1.0
        ]
      ],
      "matrix_ego_from_sensor_carla": [
        [
          -1.0000001192092896,
          9.187220229023296e-08,
          -6.385823536625423e-10,
          -1.5500001907348633
        ],
        [
          -9.176964965718071e-08,
          -1.0000001192092896,
          -1.6415162562566366e-09,
          0.0
        ],
        [
          -6.842941768780975e-10,
          -1.5602106273604477e-09,
          1.0,
          1.7000001668930054
        ],
        [
          0.0,
          0.0,
          0.0,
          1.0
        ]
      ],
      "matrix_ego_from_sensor_bevfusion": [
        [
          9.187220229023296e-08,
          6.385823536625423e-10,
          -1.0000001192092896,
          -1.5500001907348633
        ],
        [
          1.0000001192092896,
          -1.6415162562566366e-09,
          9.176964965718071e-08,
          0.0
        ],
        [
          -1.5602106273604477e-09,
          -1.0,
          -6.842941768780975e-10,
          1.7000001668930054
        ],
        [
          0.0,
          0.0,
          0.0,
          1.0
        ]
      ],
      "camera_intrinsics": [
        [
          685.5110473632812,
          0.0,
          480.0
        ],
        [
          0.0,
          685.5110473632812,
          270.0
        ],
        [
          0.0,
          0.0,
          1.0
        ]
      ],
      "data_path": "D:\\Agent-AI\\outputs\\s3a_left_v3\\sample_000017\\images\\CAM_BACK.png",
      "raw_layout": "bgra8"
    },
    "CAM_BACK_LEFT": {
      "type_id": "sensor.camera.rgb",
      "blueprint_attributes": {
        "role_name": "front",
        "ros_name": "sensor.camera.rgb",
        "chromatic_aberration_offset": "0.0",
        "sensor_tick": "0.100000",
        "fstop": "1.4",
        "image_size_x": "960",
        "image_size_y": "540",
        "fov": "70.00",
        "lens_circle_falloff": "5.0",
        "lens_circle_multiplier": "0.0",
        "exposure_compensation": "0.0",
        "lens_y_size": "0.08",
        "lens_k": "-1.0",
        "exposure_mode": "histogram",
        "lens_kcube": "0.0",
        "lens_x_size": "0.08",
        "exposure_max_bright": "12.0",
        "shutter_speed": "200.0",
        "bloom_intensity": "0.675",
        "iso": "100.0",
        "enable_postprocess_effects": "false",
        "gamma": "2.2",
        "motion_blur_intensity": "0.0",
        "motion_blur_max_distortion": "0.35",
        "lens_flare_intensity": "0.1",
        "motion_blur_min_object_screen_size": "0.1",
        "exposure_min_bright": "10.0",
        "exposure_speed_up": "3.0",
        "exposure_speed_down": "1.0",
        "tint": "0.0",
        "calibration_constant": "16.0",
        "focal_distance": "1000.0",
        "min_fstop": "1.2",
        "blade_count": "5",
        "blur_amount": "0.0",
        "blur_radius": "0.0",
        "slope": "0.88",
        "toe": "0.55",
        "white_clip": "0.04",
        "shoulder": "0.26",
        "black_clip": "0.0",
        "temp": "6500.0",
        "chromatic_aberration_intensity": "0.0"
      },
      "transform_carla": {
        "location": {
          "x": 108.74205017089844,
          "y": -29.366573333740234,
          "z": 1.700828194618225
        },
        "rotation": {
          "roll": -0.27611562609672546,
          "pitch": 0.42098551988601685,
          "yaw": 136.13479614257812
        }
      },
      "matrix_world_from_sensor_carla": [
        [
          -0.720952570438385,
          -0.6929305791854858,
          0.008636762388050556,
          108.74205017089844
        ],
        [
          0.6929454207420349,
          -0.7209882140159607,
          -0.0016170646995306015,
          -29.366573333740234
        ],
        [
          0.007347517181187868,
          0.004818978253751993,
          0.9999613761901855,
          1.700828194618225
        ],
        [
          0.0,
          0.0,
          0.0,
          1.0
        ]
      ],
      "matrix_world_from_sensor_bevfusion": [
        [
          -0.6929305791854858,
          -0.008636762388050556,
          -0.720952570438385,
          108.74205017089844
        ],
        [
          0.7209882140159607,
          -0.0016170646995306015,
          -0.6929454207420349,
          29.366573333740234
        ],
        [
          0.004818978253751993,
          -0.9999613761901855,
          0.007347517181187868,
          1.700828194618225
        ],
        [
          0.0,
          0.0,
          0.0,
          1.0
        ]
      ],
      "matrix_ego_from_sensor_carla": [
        [
          -0.5735763311386108,
          0.8191521763801575,
          9.52294385569985e-08,
          -1.300002098083496
        ],
        [
          -0.8191521763801575,
          -0.5735762715339661,
          5.516915990710913e-08,
          -0.5500030517578125
        ],
        [
          1.0035373776418055e-07,
          -4.614167892214027e-08,
          1.0,
          1.6999999284744263
        ],
        [
          0.0,
          0.0,
          0.0,
          1.0
        ]
      ],
      "matrix_ego_from_sensor_bevfusion": [
        [
          0.8191521763801575,
          -9.52294385569985e-08,
          -0.5735763311386108,
          -1.300002098083496
        ],
        [
          0.5735762715339661,
          5.516915990710913e-08,
          0.8191521763801575,
          0.5500030517578125
        ],
        [
          -4.614167892214027e-08,
          -1.0,
          1.0035373776418055e-07,
          1.6999999284744263
        ],
        [
          0.0,
          0.0,
          0.0,
          1.0
        ]
      ],
      "camera_intrinsics": [
        [
          685.5110473632812,
          0.0,
          480.0
        ],
        [
          0.0,
          685.5110473632812,
          270.0
        ],
        [
          0.0,
          0.0,
          1.0
        ]
      ],
      "data_path": "D:\\Agent-AI\\outputs\\s3a_left_v3\\sample_000017\\images\\CAM_BACK_LEFT.png",
      "raw_layout": "bgra8"
    },
    "CAM_BACK_RIGHT": {
      "type_id": "sensor.camera.rgb",
      "blueprint_attributes": {
        "role_name": "front",
        "ros_name": "sensor.camera.rgb",
        "chromatic_aberration_offset": "0.0",
        "sensor_tick": "0.100000",
        "fstop": "1.4",
        "image_size_x": "960",
        "image_size_y": "540",
        "fov": "70.00",
        "lens_circle_falloff": "5.0",
        "lens_circle_multiplier": "0.0",
        "exposure_compensation": "0.0",
        "lens_y_size": "0.08",
        "lens_k": "-1.0",
        "exposure_mode": "histogram",
        "lens_kcube": "0.0",
        "lens_x_size": "0.08",
        "exposure_max_bright": "12.0",
        "shutter_speed": "200.0",
        "bloom_intensity": "0.675",
        "iso": "100.0",
        "enable_postprocess_effects": "false",
        "gamma": "2.2",
        "motion_blur_intensity": "0.0",
        "motion_blur_max_distortion": "0.35",
        "lens_flare_intensity": "0.1",
        "motion_blur_min_object_screen_size": "0.1",
        "exposure_min_bright": "10.0",
        "exposure_speed_up": "3.0",
        "exposure_speed_down": "1.0",
        "tint": "0.0",
        "calibration_constant": "16.0",
        "focal_distance": "1000.0",
        "min_fstop": "1.2",
        "blade_count": "5",
        "blur_amount": "0.0",
        "blur_radius": "0.0",
        "slope": "0.88",
        "toe": "0.55",
        "white_clip": "0.04",
        "shoulder": "0.26",
        "black_clip": "0.0",
        "temp": "6500.0",
        "chromatic_aberration_intensity": "0.0"
      },
      "transform_carla": {
        "location": {
          "x": 109.82887268066406,
          "y": -29.536067962646484,
          "z": 1.6911672353744507
        },
        "rotation": {
          "roll": -0.3011643588542938,
          "pitch": -0.4034387469291687,
          "yaw": 26.1368350982666
        }
      },
      "matrix_world_from_sensor_carla": [
        [
          0.8977223038673401,
          -0.4404771029949188,
          0.008636659942567348,
          109.82887268066406
        ],
        [
          0.4405054748058319,
          0.8977484703063965,
          -0.0016170465387403965,
          -29.536067962646484
        ],
        [
          -0.007041276432573795,
          0.005256155040115118,
          0.9999613761901855,
          1.6911672353744507
        ],
        [
          0.0,
          0.0,
          0.0,
          1.0
        ]
      ],
      "matrix_world_from_sensor_bevfusion": [
        [
          -0.4404771029949188,
          -0.008636659942567348,
          0.8977223038673401,
          109.82887268066406
        ],
        [
          -0.8977484703063965,
          -0.0016170465387403965,
          -0.4405054748058319,
          29.536067962646484
        ],
        [
          0.005256155040115118,
          -0.9999613761901855,
          -0.007041276432573795,
          1.6911672353744507
        ],
        [
          0.0,
          0.0,
          0.0,
          1.0
        ]
      ],
      "matrix_ego_from_sensor_carla": [
        [
          -0.5735760927200317,
          -0.8191523551940918,
          9.310485893365694e-08,
          -1.300002098083496
        ],
        [
          0.819152295589447,
          -0.5735760927200317,
          -4.913896844982446e-08,
          0.5499954223632812
        ],
        [
          9.27272978401561e-08,
          4.8757652137965124e-08,
          1.0,
          1.7000001668930054
        ],
        [
          0.0,
          0.0,
          0.0,
          1.0
        ]
      ],
      "matrix_ego_from_sensor_bevfusion": [
        [
          -0.8191523551940918,
          -9.310485893365694e-08,
          -0.5735760927200317,
          -1.300002098083496
        ],
        [
          0.5735760927200317,
          -4.913896844982446e-08,
          -0.819152295589447,
          -0.5499954223632812
        ],
        [
          4.8757652137965124e-08,
          -1.0,
          9.27272978401561e-08,
          1.7000001668930054
        ],
        [
          0.0,
          0.0,
          0.0,
          1.0
        ]
      ],
      "camera_intrinsics": [
        [
          685.5110473632812,
          0.0,
          480.0
        ],
        [
          0.0,
          685.5110473632812,
          270.0
        ],
        [
          0.0,
          0.0,
          1.0
        ]
      ],
      "data_path": "D:\\Agent-AI\\outputs\\s3a_left_v3\\sample_000017\\images\\CAM_BACK_RIGHT.png",
      "raw_layout": "bgra8"
    },
    "LIDAR_TOP": {
      "type_id": "sensor.lidar.ray_cast",
      "blueprint_attributes": {
        "atmosphere_attenuation_rate": "0.004",
        "role_name": "front",
        "noise_seed": "0",
        "upper_fov": "10.0",
        "ros_name": "sensor.lidar.ray_cast",
        "sensor_tick": "0.100000",
        "channels": "32",
        "range": "120.0",
        "points_per_second": "360000",
        "lower_fov": "-30.0",
        "rotation_frequency": "10.000000",
        "horizontal_fov": "360.0",
        "dropoff_general_rate": "0.0",
        "dropoff_intensity_limit": "1.0",
        "noise_stddev": "0.0",
        "dropoff_zero_intensity": "0.0"
      },
      "transform_carla": {
        "location": {
          "x": 109.08946228027344,
          "y": -30.736602783203125,
          "z": 2.195631504058838
        },
        "rotation": {
          "roll": 0.5032199025154114,
          "pitch": -0.015285962261259556,
          "yaw": -98.86427307128906
        }
      },
      "matrix_world_from_sensor_carla": [
        [
          -0.15409423410892487,
          0.9880183935165405,
          0.008636722341179848,
          109.08946228027344
        ],
        [
          -0.9880560636520386,
          -0.15408599376678467,
          -0.0016169620212167501,
          -30.736602783203125
        ],
        [
          -0.000266790360910818,
          -0.00878273043781519,
          0.9999613761901855,
          2.195631504058838
        ],
        [
          0.0,
          0.0,
          0.0,
          1.0
        ]
      ],
      "matrix_world_from_sensor_bevfusion": [
        [
          -0.15409423410892487,
          -0.9880183935165405,
          0.008636722341179848,
          109.08946228027344
        ],
        [
          0.9880560636520386,
          -0.15408599376678467,
          0.0016169620212167501,
          30.736602783203125
        ],
        [
          -0.000266790360910818,
          0.00878273043781519,
          0.9999613761901855,
          2.195631504058838
        ],
        [
          0.0,
          0.0,
          0.0,
          1.0
        ]
      ],
      "matrix_ego_from_sensor_carla": [
        [
          1.0,
          -3.3549303335433933e-09,
          -5.6505730650080466e-11,
          -9.5367431640625e-07
        ],
        [
          8.079769742153076e-09,
          1.0,
          -7.10193681641158e-10,
          -7.62939453125e-06
        ],
        [
          -1.0150925933150035e-10,
          -3.023986061556627e-10,
          1.0,
          2.1999998092651367
        ],
        [
          0.0,
          0.0,
          0.0,
          1.0
        ]
      ],
      "matrix_ego_from_sensor_bevfusion": [
        [
          1.0,
          3.3549303335433933e-09,
          -5.6505730650080466e-11,
          -9.5367431640625e-07
        ],
        [
          -8.079769742153076e-09,
          1.0,
          7.10193681641158e-10,
          7.62939453125e-06
        ],
        [
          -1.0150925933150035e-10,
          3.023986061556627e-10,
          1.0,
          2.1999998092651367
        ],
        [
          0.0,
          0.0,
          0.0,
          1.0
        ]
      ],
      "data_path": "D:\\Agent-AI\\outputs\\s3a_left_v3\\sample_000017\\lidar\\LIDAR_TOP.npy",
      "raw_layout": [
        "x",
        "y",
        "z",
        "intensity"
      ]
    },
    "RADAR_FRONT": {
      "type_id": "sensor.other.radar",
      "blueprint_attributes": {
        "sensor_tick": "0.100000",
        "role_name": "default",
        "noise_seed": "0",
        "ros_name": "sensor.other.radar",
        "horizontal_fov": "35.0",
        "points_per_second": "1500",
        "vertical_fov": "20.0",
        "range": "120.0"
      },
      "transform_carla": {
        "location": {
          "x": 108.77003479003906,
          "y": -32.71061325073242,
          "z": 0.895147979259491
        },
        "rotation": {
          "roll": 0.5032199025154114,
          "pitch": -0.015285962261259556,
          "yaw": -98.86427307128906
        }
      },
      "matrix_world_from_sensor_carla": [
        [
          -0.15409423410892487,
          0.9880183935165405,
          0.008636722341179848,
          108.77003479003906
        ],
        [
          -0.9880560636520386,
          -0.15408599376678467,
          -0.0016169620212167501,
          -32.71061325073242
        ],
        [
          -0.000266790360910818,
          -0.00878273043781519,
          0.9999613761901855,
          0.895147979259491
        ],
        [
          0.0,
          0.0,
          0.0,
          1.0
        ]
      ],
      "matrix_world_from_sensor_bevfusion": [
        [
          -0.15409423410892487,
          -0.9880183935165405,
          0.008636722341179848,
          108.77003479003906
        ],
        [
          0.9880560636520386,
          -0.15408599376678467,
          0.0016169620212167501,
          32.71061325073242
        ],
        [
          -0.000266790360910818,
          0.00878273043781519,
          0.9999613761901855,
          0.895147979259491
        ],
        [
          0.0,
          0.0,
          0.0,
          1.0
        ]
      ],
      "matrix_ego_from_sensor_carla": [
        [
          1.0,
          -3.3549303335433933e-09,
          -5.6505730650080466e-11,
          2.000001907348633
        ],
        [
          8.079769742153076e-09,
          1.0,
          -7.10193681641158e-10,
          -7.62939453125e-06
        ],
        [
          -1.0150925933150035e-10,
          -3.023986061556627e-10,
          1.0,
          0.899999737739563
        ],
        [
          0.0,
          0.0,
          0.0,
          1.0
        ]
      ],
      "matrix_ego_from_sensor_bevfusion": [
        [
          1.0,
          3.3549303335433933e-09,
          -5.6505730650080466e-11,
          2.000001907348633
        ],
        [
          -8.079769742153076e-09,
          1.0,
          7.10193681641158e-10,
          7.62939453125e-06
        ],
        [
          -1.0150925933150035e-10,
          3.023986061556627e-10,
          1.0,
          0.899999737739563
        ],
        [
          0.0,
          0.0,
          0.0,
          1.0
        ]
      ],
      "data_path": "D:\\Agent-AI\\outputs\\s3a_left_v3\\sample_000017\\radar\\RADAR_FRONT.npy",
      "raw_layout": [
        "velocity",
        "altitude",
        "azimuth",
        "depth"
      ]
    },
    "RADAR_FRONT_LEFT": {
      "type_id": "sensor.other.radar",
      "blueprint_attributes": {
        "sensor_tick": "0.100000",
        "role_name": "default",
        "noise_seed": "0",
        "ros_name": "sensor.other.radar",
        "horizontal_fov": "35.0",
        "points_per_second": "1500",
        "vertical_fov": "20.0",
        "range": "120.0"
      },
      "transform_carla": {
        "location": {
          "x": 108.08295440673828,
          "y": -32.249229431152344,
          "z": 0.9018285870552063
        },
        "rotation": {
          "roll": 0.3666459619998932,
          "pitch": 0.3450133204460144,
          "yaw": -143.86309814453125
        }
      },
      "matrix_world_from_sensor_carla": [
        [
          -0.8075956106185913,
          0.5896733999252319,
          0.00863666832447052,
          108.08295440673828
        ],
        [
          -0.5897059440612793,
          -0.8076164126396179,
          -0.0016170535236597061,
          -32.249229431152344
        ],
        [
          0.006021582055836916,
          -0.006399019621312618,
          0.9999613761901855,
          0.9018285870552063
        ],
        [
          0.0,
          0.0,
          0.0,
          1.0
        ]
      ],
      "matrix_world_from_sensor_bevfusion": [
        [
          -0.8075956106185913,
          -0.5896733999252319,
          0.00863666832447052,
          108.08295440673828
        ],
        [
          0.5897059440612793,
          -0.8076164126396179,
          0.0016170535236597061,
          32.249229431152344
        ],
        [
          0.006021582055836916,
          0.006399019621312618,
          0.9999613761901855,
          0.9018285870552063
        ],
        [
          0.0,
          0.0,
          0.0,
          1.0
        ]
      ],
      "matrix_ego_from_sensor_carla": [
        [
          0.7071068286895752,
          0.7071068286895752,
          9.872189821180655e-08,
          1.6500024795532227
        ],
        [
          -0.7071067690849304,
          0.7071067690849304,
          -3.9825742703669675e-08,
          -0.7500076293945312
        ],
        [
          -9.671008882605747e-08,
          -4.240255435661311e-08,
          1.0,
          0.8999999761581421
        ],
        [
          0.0,
          0.0,
          0.0,
          1.0
        ]
      ],
      "matrix_ego_from_sensor_bevfusion": [
        [
          0.7071068286895752,
          -0.7071068286895752,
          9.872189821180655e-08,
          1.6500024795532227
        ],
        [
          0.7071067690849304,
          0.7071067690849304,
          3.9825742703669675e-08,
          0.7500076293945312
        ],
        [
          -9.671008882605747e-08,
          4.240255435661311e-08,
          1.0,
          0.8999999761581421
        ],
        [
          0.0,
          0.0,
          0.0,
          1.0
        ]
      ],
      "data_path": "D:\\Agent-AI\\outputs\\s3a_left_v3\\sample_000017\\radar\\RADAR_FRONT_LEFT.npy",
      "raw_layout": [
        "velocity",
        "altitude",
        "azimuth",
        "depth"
      ]
    },
    "RADAR_FRONT_RIGHT": {
      "type_id": "sensor.other.radar",
      "blueprint_attributes": {
        "sensor_tick": "0.100000",
        "role_name": "default",
        "noise_seed": "0",
        "ros_name": "sensor.other.radar",
        "horizontal_fov": "35.0",
