{
  "schema_version": "stage1.v1",
  "sample_name": "sample_000018",
  "sequence_index": 18,
  "previous_sample_name": "sample_000017",
  "frame_id": 2195,
  "timestamp": 33.79063230752945,
  "platform_timestamp": 16781879.2364337,
  "delta_seconds": 0.05000000074505806,
  "town": "Carla/Maps/Town10HD_Opt",
  "weather": {
    "cloudiness": 20.0,
    "dust_storm": 0.0,
    "fog_density": 2.0,
    "fog_distance": 0.75,
    "fog_falloff": 0.10000000149011612,
    "mie_scattering_scale": 0.029999999329447746,
    "precipitation": 0.0,
    "precipitation_deposits": 0.0,
    "rayleigh_scattering_scale": 0.03310000151395798,
    "scattering_intensity": 1.0,
    "sun_altitude_angle": 45.0,
    "sun_azimuth_angle": 300.0,
    "wetness": 0.0,
    "wind_intensity": 10.0
  },
  "sensor_names": [
    "CAM_FRONT",
    "CAM_FRONT_RIGHT",
    "CAM_FRONT_LEFT",
    "CAM_BACK",
    "CAM_BACK_LEFT",
    "CAM_BACK_RIGHT",
    "LIDAR_TOP",
    "RADAR_FRONT",
    "RADAR_FRONT_LEFT",
    "RADAR_FRONT_RIGHT",
    "RADAR_BACK_LEFT",
    "RADAR_BACK_RIGHT"
  ],
  "camera_order_for_model": [
    "CAM_FRONT",
    "CAM_FRONT_RIGHT",
    "CAM_FRONT_LEFT",
    "CAM_BACK",
    "CAM_BACK_LEFT",
    "CAM_BACK_RIGHT"
  ],
  "radar_order_for_model": [
    "RADAR_FRONT",
    "RADAR_FRONT_LEFT",
    "RADAR_FRONT_RIGHT",
    "RADAR_BACK_LEFT",
    "RADAR_BACK_RIGHT"
  ],
  "coordinate_notes": {
    "carla_world": "left-handed x-forward y-right z-up",
    "bevfusion_lidar": "x-forward y-left z-up",
    "camera_frame_for_model": "OpenCV style x-right y-down z-forward"
  },
  "ego": {
    "actor_id": 24,
    "transform_carla": {
      "location": {
        "x": -57.0364990234375,
        "y": 22.76201820373535,
        "z": -0.0064153289422392845
      },
      "rotation": {
        "roll": 0.9492394924163818,
        "pitch": 0.5640233159065247,
        "yaw": -19.56060791015625
      }
    },
    "velocity_carla": [
      7.762699604034424,
      -3.242202043533325,
      -0.00020102500275243074
    ],
    "angular_velocity_carla": [
      -2.9605159759521484,
      1.879209041595459,
      -28.20125961303711
    ],
    "matrix_world_from_ego_carla": [
      [
        0.9422422051429749,
        0.3349115550518036,
        -0.0037279590032994747,
        -57.0364990234375
      ],
      [
        -0.33478760719299316,
        0.9421039819717407,
        0.018905827775597572,
        22.76201820373535
      ],
      [
        0.00984390452504158,
        -0.016565794125199318,
        0.9998143315315247,
        -0.0064153289422392845
      ],
      [
        0.0,
        0.0,
        0.0,
        1.0
      ]
    ],
    "matrix_world_from_ego_bevfusion": [
      [
        0.9422422051429749,
        -0.3349115550518036,
        -0.0037279590032994747,
        -57.0364990234375
      ],
      [
        0.33478760719299316,
        0.9421039819717407,
        -0.018905827775597572,
        -22.76201820373535
      ],
      [
        0.00984390452504158,
        0.016565794125199318,
        0.9998143315315247,
        -0.0064153289422392845
      ],
      [
        0.0,
        0.0,
        0.0,
        1.0
      ]
    ]
  },
  "sensors": {
    "CAM_FRONT": {
      "type_id": "sensor.camera.rgb",
      "blueprint_attributes": {
        "role_name": "front",
        "ros_name": "sensor.camera.rgb",
        "chromatic_aberration_offset": "0.0",
        "sensor_tick": "0.050000",
        "fstop": "1.4",
        "image_size_x": "1600",
        "image_size_y": "900",
        "fov": "70.00",
        "lens_circle_falloff": "5.0",
        "lens_circle_multiplier": "0.0",
        "exposure_compensation": "0.0",
        "lens_y_size": "0.08",
        "lens_k": "-1.0",
        "exposure_mode": "histogram",
        "lens_kcube": "0.0",
        "lens_x_size": "0.08",
        "exposure_max_bright": "12.0",
        "shutter_speed": "200.0",
        "bloom_intensity": "0.675",
        "iso": "100.0",
        "enable_postprocess_effects": "false",
        "gamma": "2.2",
        "motion_blur_intensity": "0.0",
        "motion_blur_max_distortion": "0.35",
        "lens_flare_intensity": "0.1",
        "motion_blur_min_object_screen_size": "0.1",
        "exposure_min_bright": "10.0",
        "exposure_speed_up": "3.0",
        "exposure_speed_down": "1.0",
        "tint": "0.0",
        "calibration_constant": "16.0",
        "focal_distance": "1000.0",
        "min_fstop": "1.2",
        "blade_count": "5",
        "blur_amount": "0.0",
        "blur_radius": "0.0",
        "slope": "0.88",
        "toe": "0.55",
        "white_clip": "0.04",
        "shoulder": "0.26",
        "black_clip": "0.0",
        "temp": "6500.0",
        "chromatic_aberration_intensity": "0.0"
      },
      "transform_carla": {
        "location": {
          "x": -55.58236312866211,
          "y": 22.275238037109375,
          "z": 1.708526849746704
        },
        "rotation": {
          "roll": 0.9492394924163818,
          "pitch": 0.5640233159065247,
          "yaw": -19.56060791015625
        }
      },
      "matrix_world_from_sensor_carla": [
        [
          0.9422422051429749,
          0.3349115550518036,
          -0.0037279590032994747,
          -55.58236312866211
        ],
        [
          -0.33478760719299316,
          0.9421039819717407,
          0.018905827775597572,
          22.275238037109375
        ],
        [
          0.00984390452504158,
          -0.016565794125199318,
          0.9998143315315247,
          1.708526849746704
        ],
        [
          0.0,
          0.0,
          0.0,
          1.0
        ]
      ],
      "matrix_world_from_sensor_bevfusion": [
        [
          0.3349115550518036,
          0.0037279590032994747,
          0.9422422051429749,
          -55.58236312866211
        ],
        [
          -0.9421039819717407,
          0.018905827775597572,
          0.33478760719299316,
          -22.275238037109375
        ],
        [
          -0.016565794125199318,
          -0.9998143315315247,
          0.00984390452504158,
          1.708526849746704
        ],
        [
          0.0,
          0.0,
          0.0,
          1.0
        ]
      ],
      "matrix_ego_from_sensor_carla": [
        [
          1.0,
          -1.848224506773022e-08,
          -4.477855863882496e-10,
          1.5499992370605469
        ],
        [
          -2.8333891677334577e-08,
          1.0,
          5.184829232618426e-10,
          1.430511474609375e-06
        ],
        [
          4.835369882272289e-10,
          -1.3441622259691144e-09,
          1.0,
          1.6999998092651367
        ],
        [
          0.0,
          0.0,
          0.0,
          1.0
        ]
      ],
      "matrix_ego_from_sensor_bevfusion": [
        [
          -1.848224506773022e-08,
          4.477855863882496e-10,
          1.0,
          1.5499992370605469
        ],
        [
          -1.0,
          5.184829232618426e-10,
          2.8333891677334577e-08,
          -1.430511474609375e-06
        ],
        [
          -1.3441622259691144e-09,
          -1.0,
          4.835369882272289e-10,
          1.6999998092651367
        ],
        [
          0.0,
          0.0,
          0.0,
          1.0
        ]
      ],
      "camera_intrinsics": [
        [
          1142.5184326171875,
          0.0,
          800.0
        ],
        [
          0.0,
          1142.5184326171875,
          450.0
        ],
        [
          0.0,
          0.0,
          1.0
        ]
      ],
      "data_path": "D:\\Agent-AI\\outputs\\samples\\sample_000018\\images\\CAM_FRONT.png",
      "raw_layout": "bgra8"
    },
    "CAM_FRONT_RIGHT": {
      "type_id": "sensor.camera.rgb",
      "blueprint_attributes": {
        "role_name": "front",
        "ros_name": "sensor.camera.rgb",
        "chromatic_aberration_offset": "0.0",
        "sensor_tick": "0.050000",
        "fstop": "1.4",
        "image_size_x": "1600",
        "image_size_y": "900",
        "fov": "70.00",
        "lens_circle_falloff": "5.0",
        "lens_circle_multiplier": "0.0",
        "exposure_compensation": "0.0",
        "lens_y_size": "0.08",
        "lens_k": "-1.0",
        "exposure_mode": "histogram",
        "lens_kcube": "0.0",
        "lens_x_size": "0.08",
        "exposure_max_bright": "12.0",
        "shutter_speed": "200.0",
        "bloom_intensity": "0.675",
        "iso": "100.0",
        "enable_postprocess_effects": "false",
        "gamma": "2.2",
        "motion_blur_intensity": "0.0",
        "motion_blur_max_distortion": "0.35",
        "lens_flare_intensity": "0.1",
        "motion_blur_min_object_screen_size": "0.1",
        "exposure_min_bright": "10.0",
        "exposure_speed_up": "3.0",
        "exposure_speed_down": "1.0",
        "tint": "0.0",
        "calibration_constant": "16.0",
        "focal_distance": "1000.0",
        "min_fstop": "1.2",
        "blade_count": "5",
        "blur_amount": "0.0",
        "blur_radius": "0.0",
        "slope": "0.88",
        "toe": "0.55",
        "white_clip": "0.04",
        "shoulder": "0.26",
        "black_clip": "0.0",
        "temp": "6500.0",
        "chromatic_aberration_intensity": "0.0"
      },
      "transform_carla": {
        "location": {
          "x": -55.63372039794922,
          "y": 22.877092361450195,
          "z": 1.6969549655914307
        },
        "rotation": {
          "roll": 1.0065069198608398,
          "pitch": -0.45399582386016846,
          "yaw": 35.43072509765625
        }
      },
      "matrix_world_from_sensor_carla": [
        [
          0.8147914409637451,
          -0.5797421932220459,
          -0.0037279860116541386,
          -55.63372039794922
        ],
        [
          0.5796999931335449,
          0.8146105408668518,
          0.01890580914914608,
          22.877092361450195
        ],
        [
          -0.007923639379441738,
          -0.017565404996275902,
          0.9998142719268799,
          1.6969549655914307
        ],
        [
          0.0,
          0.0,
          0.0,
          1.0
        ]
      ],
      "matrix_world_from_sensor_bevfusion": [
        [
          -0.5797421932220459,
          0.0037279860116541386,
          0.8147914409637451,
          -55.63372039794922
        ],
        [
          -0.8146105408668518,
          0.01890580914914608,
          -0.5796999931335449,
          -22.877092361450195
        ],
        [
          -0.017565404996275902,
          -0.9998142719268799,
          -0.007923639379441738,
          1.6969549655914307
        ],
        [
          0.0,
          0.0,
          0.0,
          1.0
        ]
      ],
      "matrix_ego_from_sensor_carla": [
        [
          0.5735765099525452,
          -0.8191519975662231,
          -2.0592302973909682e-08,
          1.2999992370605469
        ],
        [
          0.8191519379615784,
          0.5735764503479004,
          -2.6433795596858545e-08,
          0.5500020980834961
        ],
        [
          3.0413964680064964e-08,
          -3.875102905226413e-09,
          0.9999999403953552,
          1.7000000476837158
        ],
        [
          0.0,
          0.0,
          0.0,
          1.0
        ]
      ],
      "matrix_ego_from_sensor_bevfusion": [
        [
          -0.8191519975662231,
          2.0592302973909682e-08,
          0.5735765099525452,
          1.2999992370605469
        ],
        [
          -0.5735764503479004,
          -2.6433795596858545e-08,
          -0.8191519379615784,
          -0.5500020980834961
        ],
        [
          -3.875102905226413e-09,
          -0.9999999403953552,
          3.0413964680064964e-08,
          1.7000000476837158
        ],
        [
          0.0,
          0.0,
          0.0,
          1.0
        ]
      ],
      "camera_intrinsics": [
        [
          1142.5184326171875,
          0.0,
          800.0
        ],
        [
          0.0,
          1142.5184326171875,
          450.0
        ],
        [
          0.0,
          0.0,
          1.0
        ]
      ],
      "data_path": "D:\\Agent-AI\\outputs\\samples\\sample_000018\\images\\CAM_FRONT_RIGHT.png",
      "raw_layout": "bgra8"
    },
    "CAM_FRONT_LEFT": {
      "type_id": "sensor.camera.rgb",
      "blueprint_attributes": {
        "role_name": "front",
        "ros_name": "sensor.camera.rgb",
        "chromatic_aberration_offset": "0.0",
        "sensor_tick": "0.050000",
        "fstop": "1.4",
        "image_size_x": "1600",
        "image_size_y": "900",
        "fov": "70.00",
        "lens_circle_falloff": "5.0",
        "lens_circle_multiplier": "0.0",
        "exposure_compensation": "0.0",
        "lens_y_size": "0.08",
        "lens_k": "-1.0",
        "exposure_mode": "histogram",
        "lens_kcube": "0.0",
        "lens_x_size": "0.08",
        "exposure_max_bright": "12.0",
        "shutter_speed": "200.0",
        "bloom_intensity": "0.675",
        "iso": "100.0",
        "enable_postprocess_effects": "false",
        "gamma": "2.2",
        "motion_blur_intensity": "0.0",
        "motion_blur_max_distortion": "0.35",
        "lens_flare_intensity": "0.1",
        "motion_blur_min_object_screen_size": "0.1",
        "exposure_min_bright": "10.0",
        "exposure_speed_up": "3.0",
        "exposure_speed_down": "1.0",
        "tint": "0.0",
        "calibration_constant": "16.0",
        "focal_distance": "1000.0",
        "min_fstop": "1.2",
        "blade_count": "5",
        "blur_amount": "0.0",
        "blur_radius": "0.0",
        "slope": "0.88",
        "toe": "0.55",
        "white_clip": "0.04",
        "shoulder": "0.26",
        "black_clip": "0.0",
        "temp": "6500.0",
        "chromatic_aberration_intensity": "0.0"
      },
      "transform_carla": {
        "location": {
          "x": -56.00212097167969,
          "y": 21.840778350830078,
          "z": 1.715177297592163
        },
        "rotation": {
          "roll": 0.08241207897663116,
          "pitch": 1.1010674238204956,
          "yaw": -74.56446075439453
        }
      },
      "matrix_world_from_sensor_carla": [
        [
          0.26610496640205383,
          0.9639368653297424,
          -0.003727949922904372,
          -56.00212097167969
        ],
        [
          -0.9637525081634521,
          0.26612719893455505,
          0.0189057607203722,
          21.840778350830078
        ],
        [
          0.01921606808900833,
          -0.0014380960492417216,
          0.9998143315315247,
          1.715177297592163
        ],
        [
          0.0,
          0.0,
          0.0,
          1.0
        ]
      ],
      "matrix_world_from_sensor_bevfusion": [
        [
          0.9639368653297424,
          0.003727949922904372,
          0.26610496640205383,
          -56.00212097167969
        ],
        [
          -0.26612719893455505,
          0.0189057607203722,
          0.9637525081634521,
          -21.840778350830078
        ],
        [
          -0.0014380960492417216,
          -0.9998143315315247,
          0.01921606808900833,
          1.715177297592163
        ],
        [
          0.0,
          0.0,
          0.0,
          1.0
        ]
      ],
      "matrix_ego_from_sensor_carla": [
        [
          0.5735769271850586,
          0.819151759147644,
          3.0285860930234776e-08,
          1.2999992370605469
        ],
        [
          -0.819151759147644,
          0.5735768675804138,
          -6.094880689033744e-08,
          -0.5499978065490723
        ],
        [
          -6.604505387031168e-08,
          8.450661503900392e-09,
          1.0,
          1.7000000476837158
        ],
        [
          0.0,
          0.0,
          0.0,
          1.0
        ]
      ],
      "matrix_ego_from_sensor_bevfusion": [
        [
          0.819151759147644,
          -3.0285860930234776e-08,
          0.5735769271850586,
          1.2999992370605469
        ],
        [
          -0.5735768675804138,
          -6.094880689033744e-08,
          0.819151759147644,
          0.5499978065490723
        ],
        [
          8.450661503900392e-09,
          -1.0,
          -6.604505387031168e-08,
          1.7000000476837158
        ],
        [
          0.0,
          0.0,
          0.0,
          1.0
        ]
      ],
      "camera_intrinsics": [
        [
          1142.5184326171875,
          0.0,
          800.0
        ],
        [
          0.0,
          1142.5184326171875,
          450.0
        ],
        [
          0.0,
          0.0,
          1.0
        ]
      ],
      "data_path": "D:\\Agent-AI\\outputs\\samples\\sample_000018\\images\\CAM_FRONT_LEFT.png",
      "raw_layout": "bgra8"
    },
    "CAM_BACK": {
      "type_id": "sensor.camera.rgb",
      "blueprint_attributes": {
        "role_name": "front",
        "ros_name": "sensor.camera.rgb",
        "chromatic_aberration_offset": "0.0",
        "sensor_tick": "0.050000",
        "fstop": "1.4",
        "image_size_x": "1600",
        "image_size_y": "900",
        "fov": "70.00",
        "lens_circle_falloff": "5.0",
        "lens_circle_multiplier": "0.0",
        "exposure_compensation": "0.0",
        "lens_y_size": "0.08",
        "lens_k": "-1.0",
        "exposure_mode": "histogram",
        "lens_kcube": "0.0",
        "lens_x_size": "0.08",
        "exposure_max_bright": "12.0",
        "shutter_speed": "200.0",
        "bloom_intensity": "0.675",
        "iso": "100.0",
        "enable_postprocess_effects": "false",
        "gamma": "2.2",
        "motion_blur_intensity": "0.0",
        "motion_blur_max_distortion": "0.35",
        "lens_flare_intensity": "0.1",
        "motion_blur_min_object_screen_size": "0.1",
        "exposure_min_bright": "10.0",
        "exposure_speed_up": "3.0",
        "exposure_speed_down": "1.0",
        "tint": "0.0",
        "calibration_constant": "16.0",
        "focal_distance": "1000.0",
        "min_fstop": "1.2",
        "blade_count": "5",
        "blur_amount": "0.0",
        "blur_radius": "0.0",
        "slope": "0.88",
        "toe": "0.55",
        "white_clip": "0.04",
        "shoulder": "0.26",
        "black_clip": "0.0",
        "temp": "6500.0",
        "chromatic_aberration_intensity": "0.0"
      },
      "transform_carla": {
        "location": {
          "x": -58.5033073425293,
          "y": 23.313077926635742,
          "z": 1.6780108213424683
        },
        "rotation": {
          "roll": -0.9492395520210266,
          "pitch": -0.5640233159065247,
          "yaw": 160.4394073486328
        }
      },
      "matrix_world_from_sensor_carla": [
        [
          -0.9422423243522644,
          -0.3349112570285797,
          -0.0037279650568962097,
          -58.5033073425293
        ],
        [
          0.3347873091697693,
          -0.9421041011810303,
          0.018905825912952423,
          23.313077926635742
        ],
        [
          -0.00984390452504158,
          0.016565794125199318,
          0.9998143315315247,
          1.6780108213424683
        ],
        [
          0.0,
          0.0,
          0.0,
          1.0
        ]
      ],
      "matrix_world_from_sensor_bevfusion": [
        [
          -0.3349112570285797,
          0.0037279650568962097,
          -0.9422423243522644,
          -58.5033073425293
        ],
        [
          0.9421041011810303,
          0.018905825912952423,
          -0.3347873091697693,
          -23.313077926635742
        ],
        [
          0.016565794125199318,
          -0.9998143315315247,
          -0.00984390452504158,
          1.6780108213424683
        ],
        [
          0.0,
          0.0,
          0.0,
          1.0
        ]
      ],
      "matrix_ego_from_sensor_carla": [
        [
          -1.0,
          3.266190446993278e-07,
          -5.104398681510247e-09,
          -1.5499954223632812
        ],
        [
          -3.120354108432366e-07,
          -1.0,
          -3.206807264177769e-09,
          1.9073486328125e-06
        ],
        [
          -6.071472213875495e-09,
          -2.381128183515102e-09,
          1.0,
          1.6999998092651367
        ],
        [
          0.0,
          0.0,
          0.0,
          1.0
        ]
      ],
      "matrix_ego_from_sensor_bevfusion": [
        [
          3.266190446993278e-07,
          5.104398681510247e-09,
          -1.0,
          -1.5499954223632812
        ],
        [
          1.0,
          -3.206807264177769e-09,
          3.120354108432366e-07,
          -1.9073486328125e-06
        ],
        [
          -2.381128183515102e-09,
          -1.0,
          -6.071472213875495e-09,
          1.6999998092651367
        ],
        [
          0.0,
          0.0,
          0.0,
          1.0
        ]
      ],
      "camera_intrinsics": [
        [
          1142.5184326171875,
          0.0,
          800.0
        ],
        [
          0.0,
          1142.5184326171875,
          450.0
        ],
        [
          0.0,
          0.0,
          1.0
        ]
      ],
      "data_path": "D:\\Agent-AI\\outputs\\samples\\sample_000018\\images\\CAM_BACK.png",
      "raw_layout": "bgra8"
    },
    "CAM_BACK_LEFT": {
      "type_id": "sensor.camera.rgb",
      "blueprint_attributes": {
        "role_name": "front",
        "ros_name": "sensor.camera.rgb",
        "chromatic_aberration_offset": "0.0",
        "sensor_tick": "0.050000",
        "fstop": "1.4",
        "image_size_x": "1600",
        "image_size_y": "900",
        "fov": "70.00",
        "lens_circle_falloff": "5.0",
        "lens_circle_multiplier": "0.0",
        "exposure_compensation": "0.0",
        "lens_y_size": "0.08",
        "lens_k": "-1.0",
        "exposure_mode": "histogram",
        "lens_kcube": "0.0",
        "lens_x_size": "0.08",
        "exposure_max_bright": "12.0",
        "shutter_speed": "200.0",
        "bloom_intensity": "0.675",
        "iso": "100.0",
        "enable_postprocess_effects": "false",
        "gamma": "2.2",
        "motion_blur_intensity": "0.0",
        "motion_blur_max_distortion": "0.35",
        "lens_flare_intensity": "0.1",
        "motion_blur_min_object_screen_size": "0.1",
        "exposure_min_bright": "10.0",
        "exposure_speed_up": "3.0",
        "exposure_speed_down": "1.0",
        "tint": "0.0",
        "calibration_constant": "16.0",
        "focal_distance": "1000.0",
        "min_fstop": "1.2",
        "blade_count": "5",
        "blur_amount": "0.0",
        "blur_radius": "0.0",
        "slope": "0.88",
        "toe": "0.55",
        "white_clip": "0.04",
        "shoulder": "0.26",
        "black_clip": "0.0",
        "temp": "6500.0",
        "chromatic_aberration_intensity": "0.0"
      },
      "transform_carla": {
        "location": {
          "x": -58.45195007324219,
          "y": 22.711225509643555,
          "z": 1.6895830631256104
        },
        "rotation": {
          "roll": -1.0065068006515503,
          "pitch": 0.45399582386016846,
          "yaw": -144.56924438476562
        }
      },
      "matrix_world_from_sensor_carla": [
        [
          -0.8147911429405212,
          0.5797426104545593,
          -0.003727993927896023,
          -58.45195007324219
        ],
        [
          -0.5797004103660583,
          -0.8146102428436279,
          0.01890580542385578,
          22.711225509643555
        ],
        [
          0.007923639379441738,
          0.017565403133630753,
          0.9998142719268799,
          1.6895830631256104
        ],
        [
          0.0,
          0.0,
          0.0,
          1.0
        ]
      ],
      "matrix_world_from_sensor_bevfusion": [
        [
          0.5797426104545593,
          0.003727993927896023,
          -0.8147911429405212,
          -58.45195007324219
        ],
        [
          0.8146102428436279,
          0.01890580542385578,
          0.5797004103660583,
          -22.711225509643555
        ],
        [
          0.017565403133630753,
          -0.9998142719268799,
          0.007923639379441738,
          1.6895830631256104
        ],
        [
          0.0,
          0.0,
          0.0,
          1.0
        ]
      ],
      "matrix_ego_from_sensor_carla": [
        [
          -0.573576033115387,
          0.819152295589447,
          -2.6180238421602553e-08,
          -1.2999954223632812
        ],
        [
          -0.8191522359848022,
          -0.573576033115387,
          -3.2021731044551416e-08,
          -0.5499967336654663
        ],
        [
          -3.879586785160427e-08,
          5.738093555862633e-09,
          0.9999999403953552,
          1.6999998092651367
        ],
        [
          0.0,
          0.0,
          0.0,
          1.0
        ]
      ],
      "matrix_ego_from_sensor_bevfusion": [
        [
          0.819152295589447,
          2.6180238421602553e-08,
          -0.573576033115387,
          -1.2999954223632812
        ],
        [
          0.573576033115387,
          -3.2021731044551416e-08,
          0.8191522359848022,
          0.5499967336654663
        ],
        [
          5.738093555862633e-09,
          -0.9999999403953552,
          -3.879586785160427e-08,
          1.6999998092651367
        ],
        [
          0.0,
          0.0,
          0.0,
          1.0
        ]
      ],
      "camera_intrinsics": [
        [
          1142.5184326171875,
          0.0,
          800.0
        ],
        [
          0.0,
          1142.5184326171875,
          450.0
        ],
        [
          0.0,
          0.0,
          1.0
        ]
      ],
      "data_path": "D:\\Agent-AI\\outputs\\samples\\sample_000018\\images\\CAM_BACK_LEFT.png",
      "raw_layout": "bgra8"
    },
    "CAM_BACK_RIGHT": {
      "type_id": "sensor.camera.rgb",
      "blueprint_attributes": {
        "role_name": "front",
        "ros_name": "sensor.camera.rgb",
        "chromatic_aberration_offset": "0.0",
        "sensor_tick": "0.050000",
        "fstop": "1.4",
        "image_size_x": "1600",
        "image_size_y": "900",
        "fov": "70.00",
        "lens_circle_falloff": "5.0",
        "lens_circle_multiplier": "0.0",
        "exposure_compensation": "0.0",
        "lens_y_size": "0.08",
        "lens_k": "-1.0",
        "exposure_mode": "histogram",
        "lens_kcube": "0.0",
        "lens_x_size": "0.08",
        "exposure_max_bright": "12.0",
        "shutter_speed": "200.0",
        "bloom_intensity": "0.675",
        "iso": "100.0",
        "enable_postprocess_effects": "false",
        "gamma": "2.2",
        "motion_blur_intensity": "0.0",
        "motion_blur_max_distortion": "0.35",
        "lens_flare_intensity": "0.1",
        "motion_blur_min_object_screen_size": "0.1",
        "exposure_min_bright": "10.0",
        "exposure_speed_up": "3.0",
        "exposure_speed_down": "1.0",
        "tint": "0.0",
        "calibration_constant": "16.0",
        "focal_distance": "1000.0",
        "min_fstop": "1.2",
        "blade_count": "5",
        "blur_amount": "0.0",
        "blur_radius": "0.0",
        "slope": "0.88",
        "toe": "0.55",
        "white_clip": "0.04",
        "shoulder": "0.26",
        "black_clip": "0.0",
        "temp": "6500.0",
        "chromatic_aberration_intensity": "0.0"
      },
      "transform_carla": {
        "location": {
          "x": -58.08354949951172,
          "y": 23.74753761291504,
          "z": 1.671360731124878
        },
        "rotation": {
          "roll": -0.08241191506385803,
          "pitch": -1.1010674238204956,
          "yaw": 105.4355239868164
        }
      },
      "matrix_world_from_sensor_carla": [
        [
          -0.26610472798347473,
          -0.9639369249343872,
          -0.0037279478274285793,
          -58.08354949951172
        ],
        [
          0.9637525677680969,
          -0.26612696051597595,
          0.0189057607203722,
          23.74753761291504
        ],
        [
          -0.01921606808900833,
          0.0014380932552739978,
          0.9998143315315247,
          1.671360731124878
        ],
        [
          0.0,
          0.0,
          0.0,
          1.0
        ]
      ],
      "matrix_world_from_sensor_bevfusion": [
        [
          -0.9639369249343872,
          0.0037279478274285793,
          -0.26610472798347473,
          -58.08354949951172
        ],
        [
          0.26612696051597595,
          0.0189057607203722,
          -0.9637525677680969,
          -23.74753761291504
        ],
        [
          0.0014380932552739978,
          -0.9998143315315247,
          -0.01921606808900833,
          1.671360731124878
        ],
        [
          0.0,
          0.0,
          0.0,
          1.0
        ]
      ],
      "matrix_ego_from_sensor_carla": [
        [
          -0.5735766887664795,
          -0.8191518783569336,
          3.307982865408121e-08,
          -1.2999992370605469
        ],
        [
          0.8191518783569336,
          -0.5735766887664795,
          -5.908616174110648e-08,
          0.549999475479126
        ],
        [
          6.604505387031168e-08,
          -6.703912536210055e-09,
          1.0,
          1.6999998092651367
        ],
        [
          0.0,
          0.0,
          0.0,
          1.0
        ]
      ],
      "matrix_ego_from_sensor_bevfusion": [
        [
          -0.8191518783569336,
          -3.307982865408121e-08,
          -0.5735766887664795,
          -1.2999992370605469
        ],
        [
          0.5735766887664795,
          -5.908616174110648e-08,
          -0.8191518783569336,
          -0.549999475479126
        ],
        [
          -6.703912536210055e-09,
          -1.0,
          6.604505387031168e-08,
          1.6999998092651367
        ],
        [
          0.0,
          0.0,
          0.0,
          1.0
        ]
      ],
      "camera_intrinsics": [
        [
          1142.5184326171875,
          0.0,
          800.0
        ],
        [
          0.0,
          1142.5184326171875,
          450.0
        ],
        [
          0.0,
          0.0,
          1.0
        ]
      ],
      "data_path": "D:\\Agent-AI\\outputs\\samples\\sample_000018\\images\\CAM_BACK_RIGHT.png",
      "raw_layout": "bgra8"
    },
    "LIDAR_TOP": {
      "type_id": "sensor.lidar.ray_cast",
      "blueprint_attributes": {
        "atmosphere_attenuation_rate": "0.004",
        "role_name": "front",
        "noise_seed": "0",
        "upper_fov": "10.0",
        "ros_name": "sensor.lidar.ray_cast",
        "sensor_tick": "0.050000",
        "channels": "32",
        "range": "120.0",
        "points_per_second": "360000",
        "lower_fov": "-30.0",
        "rotation_frequency": "20.000000",
        "horizontal_fov": "360.0",
        "dropoff_general_rate": "0.0",
        "dropoff_intensity_limit": "1.0",
        "noise_stddev": "0.0",
        "dropoff_zero_intensity": "0.0"
      },
      "transform_carla": {
        "location": {
          "x": -57.044700622558594,
          "y": 22.80360984802246,
          "z": 2.19317626953125
        },
        "rotation": {
          "roll": 0.9492394924163818,
          "pitch": 0.5640233159065247,
          "yaw": -19.56060791015625
        }
      },
      "matrix_world_from_sensor_carla": [
        [
          0.9422422051429749,
          0.3349115550518036,
          -0.0037279590032994747,
          -57.044700622558594
        ],
        [
          -0.33478760719299316,
          0.9421039819717407,
          0.018905827775597572,
          22.80360984802246
        ],
        [
          0.00984390452504158,
          -0.016565794125199318,
          0.9998143315315247,
          2.19317626953125
        ],
        [
          0.0,
          0.0,
          0.0,
          1.0
        ]
      ],
      "matrix_world_from_sensor_bevfusion": [
        [
          0.9422422051429749,
          -0.3349115550518036,
          -0.0037279590032994747,
          -57.044700622558594
        ],
        [
          0.33478760719299316,
          0.9421039819717407,
          -0.018905827775597572,
          -22.80360984802246
        ],
        [
          0.00984390452504158,
          0.016565794125199318,
          0.9998143315315247,
          2.19317626953125
        ],
        [
          0.0,
          0.0,
          0.0,
          1.0
        ]
      ],
      "matrix_ego_from_sensor_carla": [
        [
          1.0,
          -1.848224506773022e-08,
          -4.477855863882496e-10,
          3.814697265625e-06
        ],
        [
          -2.8333891677334577e-08,
          1.0,
          5.184829232618426e-10,
          4.76837158203125e-07
        ],
        [
          4.835369882272289e-10,
          -1.3441622259691144e-09,
          1.0,
          2.200000047683716
        ],
        [
          0.0,
          0.0,
          0.0,
          1.0
        ]
      ],
      "matrix_ego_from_sensor_bevfusion": [
        [
          1.0,
          1.848224506773022e-08,
          -4.477855863882496e-10,
          3.814697265625e-06
        ],
        [
          2.8333891677334577e-08,
          1.0,
          -5.184829232618426e-10,
          -4.76837158203125e-07
        ],
        [
          4.835369882272289e-10,
          1.3441622259691144e-09,
          1.0,
          2.200000047683716
        ],
        [
          0.0,
          0.0,
          0.0,
          1.0
        ]
      ],
      "data_path": "D:\\Agent-AI\\outputs\\samples\\sample_000018\\lidar\\LIDAR_TOP.npy",
      "raw_layout": [
        "x",
        "y",
        "z",
        "intensity"
      ]
    },
    "RADAR_FRONT": {
      "type_id": "sensor.other.radar",
      "blueprint_attributes": {
        "sensor_tick": "0.050000",
        "role_name": "default",
        "noise_seed": "0",
        "ros_name": "sensor.other.radar",
        "horizontal_fov": "35.0",
        "points_per_second": "1500",
        "vertical_fov": "20.0",
        "range": "120.0"
      },
      "transform_carla": {
        "location": {
          "x": -55.15536880493164,
          "y": 22.10945701599121,
          "z": 0.9131053686141968
        },
        "rotation": {
          "roll": 0.9492394924163818,
          "pitch": 0.5640233159065247,
          "yaw": -19.56060791015625
        }
      },
      "matrix_world_from_sensor_carla": [
        [
          0.9422422051429749,
          0.3349115550518036,
          -0.0037279590032994747,
          -55.15536880493164
        ],
        [
          -0.33478760719299316,
          0.9421039819717407,
          0.018905827775597572,
          22.10945701599121
        ],
        [
          0.00984390452504158,
          -0.016565794125199318,
          0.9998143315315247,
          0.9131053686141968
        ],
        [
          0.0,
          0.0,
          0.0,
          1.0
        ]
      ],
      "matrix_world_from_sensor_bevfusion": [
        [
          0.9422422051429749,
          -0.3349115550518036,
          -0.0037279590032994747,
          -55.15536880493164
        ],
        [
          0.33478760719299316,
          0.9421039819717407,
          -0.018905827775597572,
          -22.10945701599121
        ],
        [
          0.00984390452504158,
          0.016565794125199318,
          0.9998143315315247,
          0.9131053686141968
        ],
        [
          0.0,
          0.0,
          0.0,
          1.0
        ]
      ],
      "matrix_ego_from_sensor_carla": [
        [
          1.0,
          -1.848224506773022e-08,
          -4.477855863882496e-10,
          2.0
        ],
        [
          -2.8333891677334577e-08,
          1.0,
          5.184829232618426e-10,
          9.5367431640625e-07
        ],
        [
          4.835369882272289e-10,
          -1.3441622259691144e-09,
          1.0,
          0.8999999165534973
        ],
        [
          0.0,
          0.0,
          0.0,
          1.0
        ]
      ],
      "matrix_ego_from_sensor_bevfusion": [
        [
          1.0,
          1.848224506773022e-08,
          -4.477855863882496e-10,
          2.0
        ],
        [
          2.8333891677334577e-08,
          1.0,
          -5.184829232618426e-10,
          -9.5367431640625e-07
        ],
        [
          4.835369882272289e-10,
          1.3441622259691144e-09,
          1.0,
          0.8999999165534973
        ],
        [
          0.0,
          0.0,
          0.0,
          1.0
        ]
      ],
      "data_path": "D:\\Agent-AI\\outputs\\samples\\sample_000018\\radar\\RADAR_FRONT.npy",
      "raw_layout": [
        "velocity",
        "altitude",
        "azimuth",
        "depth"
      ]
    },
    "RADAR_FRONT_LEFT": {
      "type_id": "sensor.other.radar",
      "blueprint_attributes": {
        "sensor_tick": "0.050000",
        "role_name": "default",
        "noise_seed": "0",
        "ros_name": "sensor.other.radar",
        "horizontal_fov": "35.0",
        "points_per_second": "1500",
        "vertical_fov": "20.0",
        "range": "120.0"
      },
      "transform_carla": {
        "location": {
          "x": -55.73633575439453,
          "y": 21.520055770874023,
          "z": 0.9220843315124512
        },
        "rotation": {
          "roll": 0.2723807692527771,
          "pitch": 1.0700310468673706,
          "yaw": -64.56275939941406
        }
      },
      "matrix_world_from_sensor_carla": [
        [
          0.4294472634792328,
          0.9030842185020447,
          -0.003727950155735016,
          -55.73633575439453
        ],
        [
          -0.9028988480567932,
          0.42943716049194336,
          0.01890582963824272,
          21.520055770874023
        ],
        [
          0.01867447793483734,
          -0.004753094632178545,
          0.9998142719268799,
          0.9220843315124512
        ],
        [
          0.0,
          0.0,
          0.0,
          1.0
        ]
      ],
      "matrix_world_from_sensor_bevfusion": [
        [
          0.4294472634792328,
          -0.9030842185020447,
          -0.003727950155735016,
          -55.73633575439453
        ],
        [
          0.9028988480567932,
          0.42943716049194336,
          -0.01890582963824272,
          -21.520055770874023
        ],
        [
          0.01867447793483734,
          0.004753094632178545,
          0.9998142719268799,
          0.9220843315124512
        ],
        [
          0.0,
          0.0,
          0.0,
          1.0
        ]
      ],
      "matrix_ego_from_sensor_carla": [
        [
          0.7071064710617065,
          0.7071070671081543,
          7.347375152733093e-09,
          1.6500015258789062
        ],
        [
          -0.7071070671081543,
          0.7071064710617065,
          5.231171495978515e-09,
          -0.749997615814209
        ],
        [
          9.83550130229105e-10,
          -8.775902671231961e-09,
          0.9999999403953552,
          0.8999999165534973
        ],
        [
          0.0,
          0.0,
          0.0,
          1.0
        ]
      ],
      "matrix_ego_from_sensor_bevfusion": [
        [
          0.7071064710617065,
          -0.7071070671081543,
          7.347375152733093e-09,
          1.6500015258789062
        ],
        [
          0.7071070671081543,
          0.7071064710617065,
          -5.231171495978515e-09,
          0.749997615814209
        ],
        [
          9.83550130229105e-10,
          8.775902671231961e-09,
          0.9999999403953552,
          0.8999999165534973
        ],
        [
          0.0,
          0.0,
          0.0,
          1.0
        ]
      ],
      "data_path": "D:\\Agent-AI\\outputs\\samples\\sample_000018\\radar\\RADAR_FRONT_LEFT.npy",
      "raw_layout": [
        "velocity",
        "altitude",
        "azimuth",
        "depth"
      ]
    },
    "RADAR_FRONT_RIGHT": {
      "type_id": "sensor.other.radar",
      "blueprint_attributes": {
        "sensor_tick": "0.050000",
        "role_name": "default",
        "noise_seed": "0",
        "ros_name": "sensor.other.radar",
        "horizontal_fov": "35.0",
