{
  "schema_version": "stage1.v1",
  "sample_name": "sample_000092",
  "sequence_index": 92,
  "previous_sample_name": "sample_000091",
  "frame_id": 60093,
  "timestamp": 444.21970088779926,
  "platform_timestamp": 16814604.3425527,
  "delta_seconds": 0.10000000149011612,
  "town": "Carla/Maps/Town10HD_Opt",
  "weather": {
    "cloudiness": 20.0,
    "dust_storm": 0.0,
    "fog_density": 2.0,
    "fog_distance": 0.75,
    "fog_falloff": 0.10000000149011612,
    "mie_scattering_scale": 0.029999999329447746,
    "precipitation": 0.0,
    "precipitation_deposits": 0.0,
    "rayleigh_scattering_scale": 0.03310000151395798,
    "scattering_intensity": 1.0,
    "sun_altitude_angle": 45.0,
    "sun_azimuth_angle": 300.0,
    "wetness": 0.0,
    "wind_intensity": 10.0
  },
  "sensor_names": [
    "CAM_FRONT",
    "CAM_FRONT_RIGHT",
    "CAM_FRONT_LEFT",
    "CAM_BACK",
    "CAM_BACK_LEFT",
    "CAM_BACK_RIGHT",
    "LIDAR_TOP",
    "RADAR_FRONT",
    "RADAR_FRONT_LEFT",
    "RADAR_FRONT_RIGHT",
    "RADAR_BACK_LEFT",
    "RADAR_BACK_RIGHT"
  ],
  "camera_order_for_model": [
    "CAM_FRONT",
    "CAM_FRONT_RIGHT",
    "CAM_FRONT_LEFT",
    "CAM_BACK",
    "CAM_BACK_LEFT",
    "CAM_BACK_RIGHT"
  ],
  "radar_order_for_model": [
    "RADAR_FRONT",
    "RADAR_FRONT_LEFT",
    "RADAR_FRONT_RIGHT",
    "RADAR_BACK_LEFT",
    "RADAR_BACK_RIGHT"
  ],
  "coordinate_notes": {
    "carla_world": "left-handed x-forward y-right z-up",
    "bevfusion_lidar": "x-forward y-left z-up",
    "camera_frame_for_model": "OpenCV style x-right y-down z-forward"
  },
  "ego": {
    "actor_id": 28,
    "transform_carla": {
      "location": {
        "x": 77.28860473632812,
        "y": -62.27961730957031,
        "z": -0.0038680266588926315
      },
      "rotation": {
        "roll": -0.0130615234375,
        "pitch": -0.1708025336265564,
        "yaw": -161.72349548339844
      }
    },
    "velocity_carla": [
      0.0025255971122533083,
      0.00046202054363675416,
      6.261825183173642e-05
    ],
    "angular_velocity_carla": [
      -0.1965801864862442,
      0.7676054835319519,
      -0.0008365563699044287
    ],
    "matrix_world_from_ego_carla": [
      [
        -0.9495499134063721,
        0.31360238790512085,
        -0.0029021708760410547,
        77.28860473632812
      ],
      [
        -0.31360164284706116,
        -0.9495543837547302,
        -0.0007184035493992269,
        -62.27961730957031
      ],
      [
        -0.0029810620471835136,
        0.00022796557459514588,
        0.9999955296516418,
        -0.0038680266588926315
      ],
      [
        0.0,
        0.0,
        0.0,
        1.0
      ]
    ],
    "matrix_world_from_ego_bevfusion": [
      [
        -0.9495499134063721,
        -0.31360238790512085,
        -0.0029021708760410547,
        77.28860473632812
      ],
      [
        0.31360164284706116,
        -0.9495543837547302,
        0.0007184035493992269,
        62.27961730957031
      ],
      [
        -0.0029810620471835136,
        -0.00022796557459514588,
        0.9999955296516418,
        -0.0038680266588926315
      ],
      [
        0.0,
        0.0,
        0.0,
        1.0
      ]
    ]
  },
  "sensors": {
    "CAM_FRONT": {
      "type_id": "sensor.camera.rgb",
      "blueprint_attributes": {
        "role_name": "front",
        "ros_name": "sensor.camera.rgb",
        "chromatic_aberration_offset": "0.0",
        "sensor_tick": "0.100000",
        "fstop": "1.4",
        "image_size_x": "960",
        "image_size_y": "540",
        "fov": "70.00",
        "lens_circle_falloff": "5.0",
        "lens_circle_multiplier": "0.0",
        "exposure_compensation": "0.0",
        "lens_y_size": "0.08",
        "lens_k": "-1.0",
        "exposure_mode": "histogram",
        "lens_kcube": "0.0",
        "lens_x_size": "0.08",
        "exposure_max_bright": "12.0",
        "shutter_speed": "200.0",
        "bloom_intensity": "0.675",
        "iso": "100.0",
        "enable_postprocess_effects": "false",
        "gamma": "2.2",
        "motion_blur_intensity": "0.0",
        "motion_blur_max_distortion": "0.35",
        "lens_flare_intensity": "0.1",
        "motion_blur_min_object_screen_size": "0.1",
        "exposure_min_bright": "10.0",
        "exposure_speed_up": "3.0",
        "exposure_speed_down": "1.0",
        "tint": "0.0",
        "calibration_constant": "16.0",
        "focal_distance": "1000.0",
        "min_fstop": "1.2",
        "blade_count": "5",
        "blur_amount": "0.0",
        "blur_radius": "0.0",
        "slope": "0.88",
        "toe": "0.55",
        "white_clip": "0.04",
        "shoulder": "0.26",
        "black_clip": "0.0",
        "temp": "6500.0",
        "chromatic_aberration_intensity": "0.0"
      },
      "transform_carla": {
        "location": {
          "x": 75.8118667602539,
          "y": -62.76692199707031,
          "z": 1.6915035247802734
        },
        "rotation": {
          "roll": -0.0130615234375,
          "pitch": -0.1708025336265564,
          "yaw": -161.72349548339844
        }
      },
      "matrix_world_from_sensor_carla": [
        [
          -0.9495499134063721,
          0.31360238790512085,
          -0.0029021708760410547,
          75.8118667602539
        ],
        [
          -0.31360164284706116,
          -0.9495543837547302,
          -0.0007184035493992269,
          -62.76692199707031
        ],
        [
          -0.0029810620471835136,
          0.00022796557459514588,
          0.9999955296516418,
          1.6915035247802734
        ],
        [
          0.0,
          0.0,
          0.0,
          1.0
        ]
      ],
      "matrix_world_from_sensor_bevfusion": [
        [
          0.31360238790512085,
          0.0029021708760410547,
          -0.9495499134063721,
          75.8118667602539
        ],
        [
          0.9495543837547302,
          -0.0007184035493992269,
          0.31360164284706116,
          62.76692199707031
        ],
        [
          0.00022796557459514588,
          -0.9999955296516418,
          -0.0029810620471835136,
          1.6915035247802734
        ],
        [
          0.0,
          0.0,
          0.0,
          1.0
        ]
      ],
      "matrix_ego_from_sensor_carla": [
        [
          1.0,
          -4.473652559511265e-09,
          -1.777904629074456e-10,
          1.5499992370605469
        ],
        [
          6.636747595933912e-09,
          1.0,
          -4.512709650406066e-13,
          0.0
        ],
        [
          -1.777915037415312e-10,
          2.8652365202663788e-11,
          1.0,
          1.6999998092651367
        ],
        [
          0.0,
          0.0,
          0.0,
          1.0
        ]
      ],
      "matrix_ego_from_sensor_bevfusion": [
        [
          -4.473652559511265e-09,
          1.777904629074456e-10,
          1.0,
          1.5499992370605469
        ],
        [
          -1.0,
          -4.512709650406066e-13,
          -6.636747595933912e-09,
          0.0
        ],
        [
          2.8652365202663788e-11,
          -1.0,
          -1.777915037415312e-10,
          1.6999998092651367
        ],
        [
          0.0,
          0.0,
          0.0,
          1.0
        ]
      ],
      "camera_intrinsics": [
        [
          685.5110473632812,
          0.0,
          480.0
        ],
        [
          0.0,
          685.5110473632812,
          270.0
        ],
        [
          0.0,
          0.0,
          1.0
        ]
      ],
      "data_path": "D:\\Agent-AI\\outputs\\s3a_ml_long_v2\\sample_000092\\images\\CAM_FRONT.png",
      "raw_layout": "bgra8"
    },
    "CAM_FRONT_RIGHT": {
      "type_id": "sensor.camera.rgb",
      "blueprint_attributes": {
        "role_name": "front",
        "ros_name": "sensor.camera.rgb",
        "chromatic_aberration_offset": "0.0",
        "sensor_tick": "0.100000",
        "fstop": "1.4",
        "image_size_x": "960",
        "image_size_y": "540",
        "fov": "70.00",
        "lens_circle_falloff": "5.0",
        "lens_circle_multiplier": "0.0",
        "exposure_compensation": "0.0",
        "lens_y_size": "0.08",
        "lens_k": "-1.0",
        "exposure_mode": "histogram",
        "lens_kcube": "0.0",
        "lens_x_size": "0.08",
        "exposure_max_bright": "12.0",
        "shutter_speed": "200.0",
        "bloom_intensity": "0.675",
        "iso": "100.0",
        "enable_postprocess_effects": "false",
        "gamma": "2.2",
        "motion_blur_intensity": "0.0",
        "motion_blur_max_distortion": "0.35",
        "lens_flare_intensity": "0.1",
        "motion_blur_min_object_screen_size": "0.1",
        "exposure_min_bright": "10.0",
        "exposure_speed_up": "3.0",
        "exposure_speed_down": "1.0",
        "tint": "0.0",
        "calibration_constant": "16.0",
        "focal_distance": "1000.0",
        "min_fstop": "1.2",
        "blade_count": "5",
        "blur_amount": "0.0",
        "blur_radius": "0.0",
        "slope": "0.88",
        "toe": "0.55",
        "white_clip": "0.04",
        "shoulder": "0.26",
        "black_clip": "0.0",
        "temp": "6500.0",
        "chromatic_aberration_intensity": "0.0"
      },
      "transform_carla": {
        "location": {
          "x": 76.22173309326172,
          "y": -63.21077346801758,
          "z": 1.6923742294311523
        },
        "rotation": {
          "roll": -0.14740866422653198,
          "pitch": -0.08726932108402252,
          "yaw": -106.72342681884766
        }
      },
      "matrix_world_from_sensor_carla": [
        [
          -0.28775179386138916,
          0.9577005505561829,
          -0.0029022328089922667,
          76.22173309326172
        ],
        [
          -0.9577038288116455,
          -0.28775492310523987,
          -0.000718392082490027,
          -63.21077346801758
        ],
        [
          -0.001523136394098401,
          0.002572760684415698,
          0.9999955296516418,
          1.6923742294311523
        ],
        [
          0.0,
          0.0,
          0.0,
          1.0
        ]
      ],
      "matrix_world_from_sensor_bevfusion": [
        [
          0.9577005505561829,
          0.0029022328089922667,
          -0.28775179386138916,
          76.22173309326172
        ],
        [
          0.28775492310523987,
          -0.000718392082490027,
          0.9577038288116455,
          63.21077346801758
        ],
        [
          0.002572760684415698,
          -0.9999955296516418,
          -0.001523136394098401,
          1.6923742294311523
        ],
        [
          0.0,
          0.0,
          0.0,
          1.0
        ]
      ],
      "matrix_ego_from_sensor_carla": [
        [
          0.5735767483711243,
          -0.8191518187522888,
          5.523590118627908e-08,
          1.3000030517578125
        ],
        [
          0.8191518187522888,
          0.5735766887664795,
          -3.032664253055373e-08,
          0.5500030517578125
        ],
        [
          -6.928057683097677e-09,
          6.25390086383959e-08,
          1.0,
          1.6999999284744263
        ],
        [
          0.0,
          0.0,
          0.0,
          1.0
        ]
      ],
      "matrix_ego_from_sensor_bevfusion": [
        [
          -0.8191518187522888,
          -5.523590118627908e-08,
          0.5735767483711243,
          1.3000030517578125
        ],
        [
          -0.5735766887664795,
          -3.032664253055373e-08,
          -0.8191518187522888,
          -0.5500030517578125
        ],
        [
          6.25390086383959e-08,
          -1.0,
          -6.928057683097677e-09,
          1.6999999284744263
        ],
        [
          0.0,
          0.0,
          0.0,
          1.0
        ]
      ],
      "camera_intrinsics": [
        [
          685.5110473632812,
          0.0,
          480.0
        ],
        [
          0.0,
          685.5110473632812,
          270.0
        ],
        [
          0.0,
          0.0,
          1.0
        ]
      ],
      "data_path": "D:\\Agent-AI\\outputs\\s3a_ml_long_v2\\sample_000092\\images\\CAM_FRONT_RIGHT.png",
      "raw_layout": "bgra8"
    },
    "CAM_FRONT_LEFT": {
      "type_id": "sensor.camera.rgb",
      "blueprint_attributes": {
        "role_name": "front",
        "ros_name": "sensor.camera.rgb",
        "chromatic_aberration_offset": "0.0",
        "sensor_tick": "0.100000",
        "fstop": "1.4",
        "image_size_x": "960",
        "image_size_y": "540",
        "fov": "70.00",
        "lens_circle_falloff": "5.0",
        "lens_circle_multiplier": "0.0",
        "exposure_compensation": "0.0",
        "lens_y_size": "0.08",
        "lens_k": "-1.0",
        "exposure_mode": "histogram",
        "lens_kcube": "0.0",
        "lens_x_size": "0.08",
        "exposure_max_bright": "12.0",
        "shutter_speed": "200.0",
        "bloom_intensity": "0.675",
        "iso": "100.0",
        "enable_postprocess_effects": "false",
        "gamma": "2.2",
        "motion_blur_intensity": "0.0",
        "motion_blur_max_distortion": "0.35",
        "lens_flare_intensity": "0.1",
        "motion_blur_min_object_screen_size": "0.1",
        "exposure_min_bright": "10.0",
        "exposure_speed_up": "3.0",
        "exposure_speed_down": "1.0",
        "tint": "0.0",
        "calibration_constant": "16.0",
        "focal_distance": "1000.0",
        "min_fstop": "1.2",
        "blade_count": "5",
        "blur_amount": "0.0",
        "blur_radius": "0.0",
        "slope": "0.88",
        "toe": "0.55",
        "white_clip": "0.04",
        "shoulder": "0.26",
        "black_clip": "0.0",
        "temp": "6500.0",
        "chromatic_aberration_intensity": "0.0"
      },
      "transform_carla": {
        "location": {
          "x": 75.87677001953125,
          "y": -62.16626739501953,
          "z": 1.6921234130859375
        },
        "rotation": {
          "roll": 0.1324251890182495,
          "pitch": -0.10867513716220856,
          "yaw": 143.2763671875
        }
      },
      "matrix_world_from_sensor_carla": [
        [
          -0.8015276789665222,
          -0.5979505777359009,
          -0.0029023136012256145,
          75.87677001953125
        ],
        [
          0.5979546308517456,
          -0.801529586315155,
          -0.0007183748530223966,
          -62.16626739501953
        ],
        [
          -0.0018967377254739404,
          -0.002311249263584614,
          0.9999955296516418,
          1.6921234130859375
        ],
        [
          0.0,
          0.0,
          0.0,
          1.0
        ]
      ],
      "matrix_world_from_sensor_bevfusion": [
        [
          -0.5979505777359009,
          0.0029023136012256145,
          -0.8015276789665222,
          75.87677001953125
        ],
        [
          0.801529586315155,
          -0.0007183748530223966,
          -0.5979546308517456,
          62.16626739501953
        ],
        [
          -0.002311249263584614,
          -0.9999955296516418,
          -0.0018967377254739404,
          1.6921234130859375
        ],
        [
          0.0,
          0.0,
          0.0,
          1.0
        ]
      ],
      "matrix_ego_from_sensor_carla": [
        [
          0.5735766887664795,
          0.8191518783569336,
          1.2624924750070932e-07,
          1.3000106811523438
        ],
        [
          -0.8191518187522888,
          0.5735766291618347,
          -7.201788321253844e-08,
          -0.5499954223632812
        ],
        [
          -1.3168497048354766e-07,
          -6.254390427784529e-08,
          1.0,
          1.6999999284744263
        ],
        [
          0.0,
          0.0,
          0.0,
          1.0
        ]
      ],
      "matrix_ego_from_sensor_bevfusion": [
        [
          0.8191518783569336,
          -1.2624924750070932e-07,
          0.5735766887664795,
          1.3000106811523438
        ],
        [
          -0.5735766291618347,
          -7.201788321253844e-08,
          0.8191518187522888,
          0.5499954223632812
        ],
        [
          -6.254390427784529e-08,
          -1.0,
          -1.3168497048354766e-07,
          1.6999999284744263
        ],
        [
          0.0,
          0.0,
          0.0,
          1.0
        ]
      ],
      "camera_intrinsics": [
        [
          685.5110473632812,
          0.0,
          480.0
        ],
        [
          0.0,
          685.5110473632812,
          270.0
        ],
        [
          0.0,
          0.0,
          1.0
        ]
      ],
      "data_path": "D:\\Agent-AI\\outputs\\s3a_ml_long_v2\\sample_000092\\images\\CAM_FRONT_LEFT.png",
      "raw_layout": "bgra8"
    },
    "CAM_BACK": {
      "type_id": "sensor.camera.rgb",
      "blueprint_attributes": {
        "role_name": "front",
        "ros_name": "sensor.camera.rgb",
        "chromatic_aberration_offset": "0.0",
        "sensor_tick": "0.100000",
        "fstop": "1.4",
        "image_size_x": "960",
        "image_size_y": "540",
        "fov": "70.00",
        "lens_circle_falloff": "5.0",
        "lens_circle_multiplier": "0.0",
        "exposure_compensation": "0.0",
        "lens_y_size": "0.08",
        "lens_k": "-1.0",
        "exposure_mode": "histogram",
        "lens_kcube": "0.0",
        "lens_x_size": "0.08",
        "exposure_max_bright": "12.0",
        "shutter_speed": "200.0",
        "bloom_intensity": "0.675",
        "iso": "100.0",
        "enable_postprocess_effects": "false",
        "gamma": "2.2",
        "motion_blur_intensity": "0.0",
        "motion_blur_max_distortion": "0.35",
        "lens_flare_intensity": "0.1",
        "motion_blur_min_object_screen_size": "0.1",
        "exposure_min_bright": "10.0",
        "exposure_speed_up": "3.0",
        "exposure_speed_down": "1.0",
        "tint": "0.0",
        "calibration_constant": "16.0",
        "focal_distance": "1000.0",
        "min_fstop": "1.2",
        "blade_count": "5",
        "blur_amount": "0.0",
        "blur_radius": "0.0",
        "slope": "0.88",
        "toe": "0.55",
        "white_clip": "0.04",
        "shoulder": "0.26",
        "black_clip": "0.0",
        "temp": "6500.0",
        "chromatic_aberration_intensity": "0.0"
      },
      "transform_carla": {
        "location": {
          "x": 78.7554702758789,
          "y": -61.79475402832031,
          "z": 1.7007452249526978
        },
        "rotation": {
          "roll": 0.013061580248177052,
          "pitch": 0.1708025336265564,
          "yaw": 18.276527404785156
        }
      },
      "matrix_world_from_sensor_carla": [
        [
          0.9495497941970825,
          -0.31360283493995667,
          -0.0029021708760410547,
          78.7554702758789
        ],
        [
          0.313602089881897,
          0.9495542645454407,
          -0.0007184038986451924,
          -61.79475402832031
        ],
        [
          0.0029810620471835136,
          -0.0002279665641253814,
          0.9999955296516418,
          1.7007452249526978
        ],
        [
          0.0,
          0.0,
          0.0,
          1.0
        ]
      ],
      "matrix_world_from_sensor_bevfusion": [
        [
          -0.31360283493995667,
          0.0029021708760410547,
          0.9495497941970825,
          78.7554702758789
        ],
        [
          -0.9495542645454407,
          -0.0007184038986451924,
          -0.313602089881897,
          61.79475402832031
        ],
        [
          -0.0002279665641253814,
          -0.9999955296516418,
          0.0029810620471835136,
          1.7007452249526978
        ],
        [
          0.0,
          0.0,
          0.0,
          1.0
        ]
      ],
      "matrix_ego_from_sensor_carla": [
        [
          -1.0,
          4.590933428971766e-07,
          5.504018074642403e-11,
          -1.5499992370605469
        ],
        [
          -4.6092287675492116e-07,
          -1.0,
          3.342427723485031e-10,
          0.0
        ],
        [
          1.777915037415312e-10,
          3.4970185081029115e-10,
          1.0,
          1.700000286102295
        ],
        [
          0.0,
          0.0,
          0.0,
          1.0
        ]
      ],
      "matrix_ego_from_sensor_bevfusion": [
        [
          4.590933428971766e-07,
          -5.504018074642403e-11,
          -1.0,
          -1.5499992370605469
        ],
        [
          1.0,
          3.342427723485031e-10,
          4.6092287675492116e-07,
          0.0
        ],
        [
          3.4970185081029115e-10,
          -1.0,
          1.777915037415312e-10,
          1.700000286102295
        ],
        [
          0.0,
          0.0,
          0.0,
          1.0
        ]
      ],
      "camera_intrinsics": [
        [
          685.5110473632812,
          0.0,
          480.0
        ],
        [
          0.0,
          685.5110473632812,
          270.0
        ],
        [
          0.0,
          0.0,
          1.0
        ]
      ],
      "data_path": "D:\\Agent-AI\\outputs\\s3a_ml_long_v2\\sample_000092\\images\\CAM_BACK.png",
      "raw_layout": "bgra8"
    },
    "CAM_BACK_LEFT": {
      "type_id": "sensor.camera.rgb",
      "blueprint_attributes": {
        "role_name": "front",
        "ros_name": "sensor.camera.rgb",
        "chromatic_aberration_offset": "0.0",
        "sensor_tick": "0.100000",
        "fstop": "1.4",
        "image_size_x": "960",
        "image_size_y": "540",
        "fov": "70.00",
        "lens_circle_falloff": "5.0",
        "lens_circle_multiplier": "0.0",
        "exposure_compensation": "0.0",
        "lens_y_size": "0.08",
        "lens_k": "-1.0",
        "exposure_mode": "histogram",
        "lens_kcube": "0.0",
        "lens_x_size": "0.08",
        "exposure_max_bright": "12.0",
        "shutter_speed": "200.0",
        "bloom_intensity": "0.675",
        "iso": "100.0",
        "enable_postprocess_effects": "false",
        "gamma": "2.2",
        "motion_blur_intensity": "0.0",
        "motion_blur_max_distortion": "0.35",
        "lens_flare_intensity": "0.1",
        "motion_blur_min_object_screen_size": "0.1",
        "exposure_min_bright": "10.0",
        "exposure_speed_up": "3.0",
        "exposure_speed_down": "1.0",
        "tint": "0.0",
        "calibration_constant": "16.0",
        "focal_distance": "1000.0",
        "min_fstop": "1.2",
        "blade_count": "5",
        "blur_amount": "0.0",
        "blur_radius": "0.0",
        "slope": "0.88",
        "toe": "0.55",
        "white_clip": "0.04",
        "shoulder": "0.26",
        "black_clip": "0.0",
        "temp": "6500.0",
        "chromatic_aberration_intensity": "0.0"
      },
      "transform_carla": {
        "location": {
          "x": 78.3456039428711,
          "y": -61.35090255737305,
          "z": 1.6998742818832397
        },
        "rotation": {
          "roll": 0.14740866422653198,
          "pitch": 0.08726932108402252,
          "yaw": 73.27658081054688
        }
      },
      "matrix_world_from_sensor_carla": [
        [
          0.287751704454422,
          -0.9577006101608276,
          -0.0029022328089922667,
          78.3456039428711
        ],
        [
          0.9577038884162903,
          0.2877548336982727,
          -0.0007183924317359924,
          -61.35090255737305
        ],
        [
          0.001523136394098401,
          -0.002572760684415698,
          0.9999955296516418,
          1.6998742818832397
        ],
        [
          0.0,
          0.0,
          0.0,
          1.0
        ]
      ],
      "matrix_world_from_sensor_bevfusion": [
        [
          -0.9577006101608276,
          0.0029022328089922667,
          0.287751704454422,
          78.3456039428711
        ],
        [
          -0.2877548336982727,
          -0.0007183924317359924,
          -0.9577038884162903,
          61.35090255737305
        ],
        [
          -0.002572760684415698,
          -0.9999955296516418,
          0.001523136394098401,
          1.6998742818832397
        ],
        [
          0.0,
          0.0,
          0.0,
          1.0
        ]
      ],
      "matrix_ego_from_sensor_carla": [
        [
          -0.5735766887664795,
          0.8191519379615784,
          5.523590118627908e-08,
          -1.2999992370605469
        ],
        [
          -0.8191518783569336,
          -0.5735766291618347,
          -3.0006500395529656e-08,
          -0.5499954223632812
        ],
        [
          7.160888326751547e-09,
          -6.230617799474203e-08,
          1.0,
          1.6999999284744263
        ],
        [
          0.0,
          0.0,
          0.0,
          1.0
        ]
      ],
      "matrix_ego_from_sensor_bevfusion": [
        [
          0.8191519379615784,
          -5.523590118627908e-08,
          -0.5735766887664795,
          -1.2999992370605469
        ],
        [
          0.5735766291618347,
          -3.0006500395529656e-08,
          0.8191518783569336,
          0.5499954223632812
        ],
        [
          -6.230617799474203e-08,
          -1.0,
          7.160888326751547e-09,
          1.6999999284744263
        ],
        [
          0.0,
          0.0,
          0.0,
          1.0
        ]
      ],
      "camera_intrinsics": [
        [
          685.5110473632812,
          0.0,
          480.0
        ],
        [
          0.0,
          685.5110473632812,
          270.0
        ],
        [
          0.0,
          0.0,
          1.0
        ]
      ],
      "data_path": "D:\\Agent-AI\\outputs\\s3a_ml_long_v2\\sample_000092\\images\\CAM_BACK_LEFT.png",
      "raw_layout": "bgra8"
    },
    "CAM_BACK_RIGHT": {
      "type_id": "sensor.camera.rgb",
      "blueprint_attributes": {
        "role_name": "front",
        "ros_name": "sensor.camera.rgb",
        "chromatic_aberration_offset": "0.0",
        "sensor_tick": "0.100000",
        "fstop": "1.4",
        "image_size_x": "960",
        "image_size_y": "540",
        "fov": "70.00",
        "lens_circle_falloff": "5.0",
        "lens_circle_multiplier": "0.0",
        "exposure_compensation": "0.0",
        "lens_y_size": "0.08",
        "lens_k": "-1.0",
        "exposure_mode": "histogram",
        "lens_kcube": "0.0",
        "lens_x_size": "0.08",
        "exposure_max_bright": "12.0",
        "shutter_speed": "200.0",
        "bloom_intensity": "0.675",
        "iso": "100.0",
        "enable_postprocess_effects": "false",
        "gamma": "2.2",
        "motion_blur_intensity": "0.0",
        "motion_blur_max_distortion": "0.35",
        "lens_flare_intensity": "0.1",
        "motion_blur_min_object_screen_size": "0.1",
        "exposure_min_bright": "10.0",
        "exposure_speed_up": "3.0",
        "exposure_speed_down": "1.0",
        "tint": "0.0",
        "calibration_constant": "16.0",
        "focal_distance": "1000.0",
        "min_fstop": "1.2",
        "blade_count": "5",
        "blur_amount": "0.0",
        "blur_radius": "0.0",
        "slope": "0.88",
        "toe": "0.55",
        "white_clip": "0.04",
        "shoulder": "0.26",
        "black_clip": "0.0",
        "temp": "6500.0",
        "chromatic_aberration_intensity": "0.0"
      },
      "transform_carla": {
        "location": {
          "x": 78.69056701660156,
          "y": -62.39541244506836,
          "z": 1.7001253366470337
        },
        "rotation": {
          "roll": -0.1324252039194107,
          "pitch": 0.10867513716220856,
          "yaw": -36.723636627197266
        }
      },
      "matrix_world_from_sensor_carla": [
        [
          0.8015276193618774,
          0.5979506969451904,
          -0.002902314066886902,
          78.69056701660156
        ],
        [
          -0.5979547500610352,
          0.8015295267105103,
          -0.0007183746201917529,
          -62.39541244506836
        ],
        [
          0.0018967377254739404,
          0.0023112494964152575,
          0.9999955296516418,
          1.7001253366470337
        ],
        [
          0.0,
          0.0,
          0.0,
          1.0
        ]
      ],
      "matrix_world_from_sensor_bevfusion": [
        [
          0.5979506969451904,
          0.002902314066886902,
          0.8015276193618774,
          78.69056701660156
        ],
        [
          -0.8015295267105103,
          -0.0007183746201917529,
          0.5979547500610352,
          62.39541244506836
        ],
        [
          0.0023112494964152575,
          -0.9999955296516418,
          0.0018967377254739404,
          1.7001253366470337
        ],
        [
          0.0,
          0.0,
          0.0,
          1.0
        ]
      ],
      "matrix_ego_from_sensor_carla": [
        [
          -0.5735765695571899,
          -0.8191519379615784,
          1.2671490878801706e-07,
          -1.3000030517578125
        ],
        [
          0.8191519379615784,
          -0.5735765099525452,
          -7.241078492370434e-08,
          0.5500030517578125
        ],
        [
          1.318013858053746e-07,
          6.254390427784529e-08,
          1.0,
          1.700000286102295
        ],
        [
          0.0,
          0.0,
          0.0,
          1.0
        ]
      ],
      "matrix_ego_from_sensor_bevfusion": [
        [
          -0.8191519379615784,
          -1.2671490878801706e-07,
          -0.5735765695571899,
          -1.3000030517578125
        ],
        [
          0.5735765099525452,
          -7.241078492370434e-08,
          -0.8191519379615784,
          -0.5500030517578125
        ],
        [
          6.254390427784529e-08,
          -1.0,
          1.318013858053746e-07,
          1.700000286102295
        ],
        [
          0.0,
          0.0,
          0.0,
          1.0
        ]
      ],
      "camera_intrinsics": [
        [
          685.5110473632812,
          0.0,
          480.0
        ],
        [
          0.0,
          685.5110473632812,
          270.0
        ],
        [
          0.0,
          0.0,
          1.0
        ]
      ],
      "data_path": "D:\\Agent-AI\\outputs\\s3a_ml_long_v2\\sample_000092\\images\\CAM_BACK_RIGHT.png",
      "raw_layout": "bgra8"
    },
    "LIDAR_TOP": {
      "type_id": "sensor.lidar.ray_cast",
      "blueprint_attributes": {
        "atmosphere_attenuation_rate": "0.004",
        "role_name": "front",
        "noise_seed": "0",
        "upper_fov": "10.0",
        "ros_name": "sensor.lidar.ray_cast",
        "sensor_tick": "0.100000",
        "channels": "32",
        "range": "120.0",
        "points_per_second": "360000",
        "lower_fov": "-30.0",
        "rotation_frequency": "10.000000",
        "horizontal_fov": "360.0",
        "dropoff_general_rate": "0.0",
        "dropoff_intensity_limit": "1.0",
        "noise_stddev": "0.0",
        "dropoff_zero_intensity": "0.0"
      },
      "transform_carla": {
        "location": {
          "x": 77.28221130371094,
          "y": -62.28120040893555,
          "z": 2.196122169494629
        },
        "rotation": {
          "roll": -0.0130615234375,
          "pitch": -0.1708025336265564,
          "yaw": -161.72349548339844
        }
      },
      "matrix_world_from_sensor_carla": [
        [
          -0.9495499134063721,
          0.31360238790512085,
          -0.0029021708760410547,
          77.28221130371094
        ],
        [
          -0.31360164284706116,
          -0.9495543837547302,
          -0.0007184035493992269,
          -62.28120040893555
        ],
        [
          -0.0029810620471835136,
          0.00022796557459514588,
          0.9999955296516418,
          2.196122169494629
        ],
        [
          0.0,
          0.0,
          0.0,
          1.0
        ]
      ],
      "matrix_world_from_sensor_bevfusion": [
        [
          -0.9495499134063721,
          -0.31360238790512085,
          -0.0029021708760410547,
          77.28221130371094
        ],
        [
          0.31360164284706116,
          -0.9495543837547302,
          0.0007184035493992269,
          62.28120040893555
        ],
        [
          -0.0029810620471835136,
          -0.00022796557459514588,
          0.9999955296516418,
          2.196122169494629
        ],
        [
          0.0,
          0.0,
          0.0,
          1.0
        ]
      ],
      "matrix_ego_from_sensor_carla": [
        [
          1.0,
          -4.473652559511265e-09,
          -1.777904629074456e-10,
          7.62939453125e-06
        ],
        [
          6.636747595933912e-09,
          1.0,
          -4.512709650406066e-13,
          0.0
        ],
        [
          -1.777915037415312e-10,
          2.8652365202663788e-11,
          1.0,
          2.200000047683716
        ],
        [
          0.0,
          0.0,
          0.0,
          1.0
        ]
      ],
      "matrix_ego_from_sensor_bevfusion": [
        [
          1.0,
          4.473652559511265e-09,
          -1.777904629074456e-10,
          7.62939453125e-06
        ],
        [
          -6.636747595933912e-09,
          1.0,
          4.512709650406066e-13,
          0.0
        ],
        [
          -1.777915037415312e-10,
          -2.8652365202663788e-11,
          1.0,
          2.200000047683716
        ],
        [
          0.0,
          0.0,
          0.0,
          1.0
        ]
      ],
      "data_path": "D:\\Agent-AI\\outputs\\s3a_ml_long_v2\\sample_000092\\lidar\\LIDAR_TOP.npy",
      "raw_layout": [
        "x",
        "y",
        "z",
        "intensity"
      ]
    },
    "RADAR_FRONT": {
      "type_id": "sensor.other.radar",
      "blueprint_attributes": {
        "sensor_tick": "0.100000",
        "role_name": "default",
        "noise_seed": "0",
        "ros_name": "sensor.other.radar",
        "horizontal_fov": "35.0",
        "points_per_second": "1500",
        "vertical_fov": "20.0",
        "range": "120.0"
      },
      "transform_carla": {
        "location": {
          "x": 75.38688659667969,
          "y": -62.907470703125,
          "z": 0.8901656866073608
        },
        "rotation": {
          "roll": -0.0130615234375,
          "pitch": -0.1708025336265564,
          "yaw": -161.72349548339844
        }
      },
      "matrix_world_from_sensor_carla": [
        [
          -0.9495499134063721,
          0.31360238790512085,
          -0.0029021708760410547,
          75.38688659667969
        ],
        [
          -0.31360164284706116,
          -0.9495543837547302,
          -0.0007184035493992269,
          -62.907470703125
        ],
        [
          -0.0029810620471835136,
          0.00022796557459514588,
          0.9999955296516418,
          0.8901656866073608
        ],
        [
          0.0,
          0.0,
          0.0,
          1.0
        ]
      ],
      "matrix_world_from_sensor_bevfusion": [
        [
          -0.9495499134063721,
          -0.31360238790512085,
          -0.0029021708760410547,
          75.38688659667969
        ],
        [
          0.31360164284706116,
          -0.9495543837547302,
          0.0007184035493992269,
          62.907470703125
        ],
        [
          -0.0029810620471835136,
          -0.00022796557459514588,
          0.9999955296516418,
          0.8901656866073608
        ],
        [
          0.0,
          0.0,
          0.0,
          1.0
        ]
      ],
      "matrix_ego_from_sensor_carla": [
        [
          1.0,
          -4.473652559511265e-09,
          -1.777904629074456e-10,
          2.0000038146972656
        ],
        [
          6.636747595933912e-09,
          1.0,
          -4.512709650406066e-13,
          7.62939453125e-06
        ],
        [
          -1.777915037415312e-10,
          2.8652365202663788e-11,
          1.0,
          0.8999998569488525
        ],
        [
          0.0,
          0.0,
          0.0,
          1.0
        ]
      ],
      "matrix_ego_from_sensor_bevfusion": [
        [
          1.0,
          4.473652559511265e-09,
          -1.777904629074456e-10,
          2.0000038146972656
        ],
        [
          -6.636747595933912e-09,
          1.0,
          4.512709650406066e-13,
          -7.62939453125e-06
        ],
        [
          -1.777915037415312e-10,
          -2.8652365202663788e-11,
          1.0,
          0.8999998569488525
        ],
        [
          0.0,
          0.0,
          0.0,
          1.0
        ]
      ],
      "data_path": "D:\\Agent-AI\\outputs\\s3a_ml_long_v2\\sample_000092\\radar\\RADAR_FRONT.npy",
      "raw_layout": [
        "velocity",
        "altitude",
        "azimuth",
        "depth"
      ]
    },
    "RADAR_FRONT_LEFT": {
      "type_id": "sensor.other.radar",
      "blueprint_attributes": {
        "sensor_tick": "0.100000",
        "role_name": "default",
        "noise_seed": "0",
        "ros_name": "sensor.other.radar",
        "horizontal_fov": "35.0",
        "points_per_second": "1500",
        "vertical_fov": "20.0",
        "range": "120.0"
      },
      "transform_carla": {
        "location": {
          "x": 75.4840316772461,
          "y": -62.085540771484375,
          "z": 0.8910380601882935
        },
        "rotation": {
          "roll": 0.11154302954673767,
          "pitch": -0.130012646317482,
          "yaw": 153.2763671875
        }
      },
      "matrix_world_from_sensor_carla": [
        [
          -0.8931837677955627,
          -0.4496825933456421,
          -0.0029022139497101307,
          75.4840316772461
        ],
        [
          0.4496862292289734,
          -0.8931862711906433,
          -0.000718442490324378,
          -62.085540771484375
        ],
        [
          -0.002269146963953972,
          -0.0019467867678031325,
          0.9999955296516418,
          0.8910380601882935
        ],
        [
          0.0,
          0.0,
          0.0,
          1.0
        ]
      ],
      "matrix_world_from_sensor_bevfusion": [
        [
          -0.8931837677955627,
          0.4496825933456421,
          -0.0029022139497101307,
          75.4840316772461
        ],
        [
          -0.4496862292289734,
          -0.8931862711906433,
          0.000718442490324378,
          62.085540771484375
        ],
        [
          -0.002269146963953972,
          0.0019467867678031325,
          0.9999955296516418,
          0.8910380601882935
        ],
        [
          0.0,
          0.0,
          0.0,
          1.0
        ]
      ],
      "matrix_ego_from_sensor_carla": [
        [
          0.7071070075035095,
          0.7071065306663513,
          5.314042539339425e-08,
          1.6500053405761719
        ],
        [
          -0.7071065902709961,
          0.7071069478988647,
          2.3471788068718524e-08,
          -0.75
        ],
        [
          -2.1055429400007597e-08,
          -5.427787286294006e-08,
          1.0,
          0.8999998569488525
        ],
        [
          0.0,
          0.0,
          0.0,
          1.0
        ]
      ],
      "matrix_ego_from_sensor_bevfusion": [
        [
          0.7071070075035095,
          -0.7071065306663513,
          5.314042539339425e-08,
          1.6500053405761719
        ],
        [
          0.7071065902709961,
          0.7071069478988647,
          -2.3471788068718524e-08,
          0.75
        ],
        [
          -2.1055429400007597e-08,
          5.427787286294006e-08,
          1.0,
          0.8999998569488525
        ],
        [
          0.0,
          0.0,
          0.0,
          1.0
        ]
      ],
      "data_path": "D:\\Agent-AI\\outputs\\s3a_ml_long_v2\\sample_000092\\radar\\RADAR_FRONT_LEFT.npy",
      "raw_layout": [
        "velocity",
        "altitude",
        "azimuth",
        "depth"
      ]
    },
    "RADAR_FRONT_RIGHT": {
      "type_id": "sensor.other.radar",
      "blueprint_attributes": {
        "sensor_tick": "0.100000",
        "role_name": "default",
        "noise_seed": "0",
        "ros_name": "sensor.other.radar",
        "horizontal_fov": "35.0",
        "points_per_second": "1500",
        "vertical_fov": "20.0",
