{
  "schema_version": "stage1.v1",
  "sample_name": "sample_000028",
  "sequence_index": 28,
  "previous_sample_name": "sample_000027",
  "frame_id": 726301,
  "timestamp": 4999.994624760002,
  "platform_timestamp": 16813378.5587734,
  "delta_seconds": 0.10000000149011612,
  "town": "Carla/Maps/Town10HD_Opt",
  "weather": {
    "cloudiness": 20.0,
    "dust_storm": 0.0,
    "fog_density": 2.0,
    "fog_distance": 0.75,
    "fog_falloff": 0.10000000149011612,
    "mie_scattering_scale": 0.029999999329447746,
    "precipitation": 0.0,
    "precipitation_deposits": 0.0,
    "rayleigh_scattering_scale": 0.03310000151395798,
    "scattering_intensity": 1.0,
    "sun_altitude_angle": 45.0,
    "sun_azimuth_angle": 300.0,
    "wetness": 0.0,
    "wind_intensity": 10.0
  },
  "sensor_names": [
    "CAM_FRONT",
    "CAM_FRONT_RIGHT",
    "CAM_FRONT_LEFT",
    "CAM_BACK",
    "CAM_BACK_LEFT",
    "CAM_BACK_RIGHT",
    "LIDAR_TOP",
    "RADAR_FRONT",
    "RADAR_FRONT_LEFT",
    "RADAR_FRONT_RIGHT",
    "RADAR_BACK_LEFT",
    "RADAR_BACK_RIGHT"
  ],
  "camera_order_for_model": [
    "CAM_FRONT",
    "CAM_FRONT_RIGHT",
    "CAM_FRONT_LEFT",
    "CAM_BACK",
    "CAM_BACK_LEFT",
    "CAM_BACK_RIGHT"
  ],
  "radar_order_for_model": [
    "RADAR_FRONT",
    "RADAR_FRONT_LEFT",
    "RADAR_FRONT_RIGHT",
    "RADAR_BACK_LEFT",
    "RADAR_BACK_RIGHT"
  ],
  "coordinate_notes": {
    "carla_world": "left-handed x-forward y-right z-up",
    "bevfusion_lidar": "x-forward y-left z-up",
    "camera_frame_for_model": "OpenCV style x-right y-down z-forward"
  },
  "ego": {
    "actor_id": 49,
    "transform_carla": {
      "location": {
        "x": 104.75008392333984,
        "y": -33.94465637207031,
        "z": -0.0059986114501953125
      },
      "rotation": {
        "roll": 0.1052861288189888,
        "pitch": 0.4062322974205017,
        "yaw": -104.6227798461914
      }
    },
    "velocity_carla": [
      -0.9957218766212463,
      -3.304100513458252,
      -8.698463352629915e-05
    ],
    "angular_velocity_carla": [
      -1.022623062133789,
      0.3857914209365845,
      -5.091159343719482
    ],
    "matrix_world_from_ego_carla": [
      [
        -0.2524477541446686,
        0.9676039814949036,
        0.003567971521988511,
        104.75008392333984
      ],
      [
        -0.9675845503807068,
        -0.2524662911891937,
        0.006396458949893713,
        -33.94465637207031
      ],
      [
        0.007090031635016203,
        -0.0018375422805547714,
        0.9999731779098511,
        -0.0059986114501953125
      ],
      [
        0.0,
        0.0,
        0.0,
        1.0
      ]
    ],
    "matrix_world_from_ego_bevfusion": [
      [
        -0.2524477541446686,
        -0.9676039814949036,
        0.003567971521988511,
        104.75008392333984
      ],
      [
        0.9675845503807068,
        -0.2524662911891937,
        -0.006396458949893713,
        33.94465637207031
      ],
      [
        0.007090031635016203,
        0.0018375422805547714,
        0.9999731779098511,
        -0.0059986114501953125
      ],
      [
        0.0,
        0.0,
        0.0,
        1.0
      ]
    ]
  },
  "sensors": {
    "CAM_FRONT": {
      "type_id": "sensor.camera.rgb",
      "blueprint_attributes": {
        "role_name": "front",
        "ros_name": "sensor.camera.rgb",
        "chromatic_aberration_offset": "0.0",
        "sensor_tick": "0.100000",
        "fstop": "1.4",
        "image_size_x": "960",
        "image_size_y": "540",
        "fov": "70.00",
        "lens_circle_falloff": "5.0",
        "lens_circle_multiplier": "0.0",
        "exposure_compensation": "0.0",
        "lens_y_size": "0.08",
        "lens_k": "-1.0",
        "exposure_mode": "histogram",
        "lens_kcube": "0.0",
        "lens_x_size": "0.08",
        "exposure_max_bright": "12.0",
        "shutter_speed": "200.0",
        "bloom_intensity": "0.675",
        "iso": "100.0",
        "enable_postprocess_effects": "false",
        "gamma": "2.2",
        "motion_blur_intensity": "0.0",
        "motion_blur_max_distortion": "0.35",
        "lens_flare_intensity": "0.1",
        "motion_blur_min_object_screen_size": "0.1",
        "exposure_min_bright": "10.0",
        "exposure_speed_up": "3.0",
        "exposure_speed_down": "1.0",
        "tint": "0.0",
        "calibration_constant": "16.0",
        "focal_distance": "1000.0",
        "min_fstop": "1.2",
        "blade_count": "5",
        "blur_amount": "0.0",
        "blur_radius": "0.0",
        "slope": "0.88",
        "toe": "0.55",
        "white_clip": "0.04",
        "shoulder": "0.26",
        "black_clip": "0.0",
        "temp": "6500.0",
        "chromatic_aberration_intensity": "0.0"
      },
      "transform_carla": {
        "location": {
          "x": 104.36486053466797,
          "y": -35.43354034423828,
          "z": 1.7049453258514404
        },
        "rotation": {
          "roll": 0.1052861288189888,
          "pitch": 0.4062322974205017,
          "yaw": -104.6227798461914
        }
      },
      "matrix_world_from_sensor_carla": [
        [
          -0.2524477541446686,
          0.9676039814949036,
          0.003567971521988511,
          104.36486053466797
        ],
        [
          -0.9675845503807068,
          -0.2524662911891937,
          0.006396458949893713,
          -35.43354034423828
        ],
        [
          0.007090031635016203,
          -0.0018375422805547714,
          0.9999731779098511,
          1.7049453258514404
        ],
        [
          0.0,
          0.0,
          0.0,
          1.0
        ]
      ],
      "matrix_world_from_sensor_bevfusion": [
        [
          0.9676039814949036,
          -0.003567971521988511,
          -0.2524477541446686,
          104.36486053466797
        ],
        [
          0.2524662911891937,
          0.006396458949893713,
          0.9675845503807068,
          35.43354034423828
        ],
        [
          -0.0018375422805547714,
          -0.9999731779098511,
          0.007090031635016203,
          1.7049453258514404
        ],
        [
          0.0,
          0.0,
          0.0,
          1.0
        ]
      ],
      "matrix_ego_from_sensor_carla": [
        [
          1.0,
          9.075336038222304e-09,
          2.8599883572510976e-10,
          1.550001621246338
        ],
        [
          -4.860767344183614e-09,
          1.0,
          4.3046691211579e-11,
          0.0
        ],
        [
          -1.796624515826295e-10,
          -1.8978707494454738e-10,
          1.0,
          1.7000000476837158
        ],
        [
          0.0,
          0.0,
          0.0,
          1.0
        ]
      ],
      "matrix_ego_from_sensor_bevfusion": [
        [
          9.075336038222304e-09,
          -2.8599883572510976e-10,
          1.0,
          1.550001621246338
        ],
        [
          -1.0,
          4.3046691211579e-11,
          4.860767344183614e-09,
          0.0
        ],
        [
          -1.8978707494454738e-10,
          -1.0,
          -1.796624515826295e-10,
          1.7000000476837158
        ],
        [
          0.0,
          0.0,
          0.0,
          1.0
        ]
      ],
      "camera_intrinsics": [
        [
          685.5110473632812,
          0.0,
          480.0
        ],
        [
          0.0,
          685.5110473632812,
          270.0
        ],
        [
          0.0,
          0.0,
          1.0
        ]
      ],
      "data_path": "D:\\Agent-AI\\outputs\\s3a_ml_long_v1\\sample_000028\\images\\CAM_FRONT.png",
      "raw_layout": "bgra8"
    },
    "CAM_FRONT_RIGHT": {
      "type_id": "sensor.camera.rgb",
      "blueprint_attributes": {
        "role_name": "front",
        "ros_name": "sensor.camera.rgb",
        "chromatic_aberration_offset": "0.0",
        "sensor_tick": "0.100000",
        "fstop": "1.4",
        "image_size_x": "960",
        "image_size_y": "540",
        "fov": "70.00",
        "lens_circle_falloff": "5.0",
        "lens_circle_multiplier": "0.0",
        "exposure_compensation": "0.0",
        "lens_y_size": "0.08",
        "lens_k": "-1.0",
        "exposure_mode": "histogram",
        "lens_kcube": "0.0",
        "lens_x_size": "0.08",
        "exposure_max_bright": "12.0",
        "shutter_speed": "200.0",
        "bloom_intensity": "0.675",
        "iso": "100.0",
        "enable_postprocess_effects": "false",
        "gamma": "2.2",
        "motion_blur_intensity": "0.0",
        "motion_blur_max_distortion": "0.35",
        "lens_flare_intensity": "0.1",
        "motion_blur_min_object_screen_size": "0.1",
        "exposure_min_bright": "10.0",
        "exposure_speed_up": "3.0",
        "exposure_speed_down": "1.0",
        "tint": "0.0",
        "calibration_constant": "16.0",
        "focal_distance": "1000.0",
        "min_fstop": "1.2",
        "blade_count": "5",
        "blur_amount": "0.0",
        "blur_radius": "0.0",
        "slope": "0.88",
        "toe": "0.55",
        "white_clip": "0.04",
        "shoulder": "0.26",
        "black_clip": "0.0",
        "temp": "6500.0",
        "chromatic_aberration_intensity": "0.0"
      },
      "transform_carla": {
        "location": {
          "x": 104.96015167236328,
          "y": -35.330501556396484,
          "z": 1.7021621465682983
        },
        "rotation": {
          "roll": 0.39315566420555115,
          "pitch": 0.1467602699995041,
          "yaw": -49.622642517089844
        }
      },
      "matrix_world_from_sensor_carla": [
        [
          0.6478167772293091,
          0.7617878317832947,
          0.0035679710563272238,
          104.96015167236328
        ],
        [
          -0.7617918848991394,
          0.647790253162384,
          0.006396458484232426,
          -35.330501556396484
        ],
        [
          0.002561447210609913,
          -0.006861784495413303,
          0.9999731779098511,
          1.7021621465682983
        ],
        [
          0.0,
          0.0,
          0.0,
          1.0
        ]
      ],
      "matrix_world_from_sensor_bevfusion": [
        [
          0.7617878317832947,
          -0.0035679710563272238,
          0.6478167772293091,
          104.96015167236328
        ],
        [
          -0.647790253162384,
          0.006396458484232426,
          0.7617918848991394,
          35.330501556396484
        ],
        [
          -0.006861784495413303,
          -0.9999731779098511,
          0.002561447210609913,
          1.7021621465682983
        ],
        [
          0.0,
          0.0,
          0.0,
          1.0
        ]
      ],
      "matrix_ego_from_sensor_carla": [
        [
          0.5735763311386108,
          -0.8191521167755127,
          7.51660123032849e-10,
          1.3000030517578125
        ],
        [
          0.8191520571708679,
          0.5735763311386108,
          -3.0619928814701325e-10,
          0.5500030517578125
        ],
        [
          -7.168200477636333e-10,
          1.0425164065352988e-09,
          1.0,
          1.7000000476837158
        ],
        [
          0.0,
          0.0,
          0.0,
          1.0
        ]
      ],
      "matrix_ego_from_sensor_bevfusion": [
        [
          -0.8191521167755127,
          -7.51660123032849e-10,
          0.5735763311386108,
          1.3000030517578125
        ],
        [
          -0.5735763311386108,
          -3.0619928814701325e-10,
          -0.8191520571708679,
          -0.5500030517578125
        ],
        [
          1.0425164065352988e-09,
          -1.0,
          -7.168200477636333e-10,
          1.7000000476837158
        ],
        [
          0.0,
          0.0,
          0.0,
          1.0
        ]
      ],
      "camera_intrinsics": [
        [
          685.5110473632812,
          0.0,
          480.0
        ],
        [
          0.0,
          685.5110473632812,
          270.0
        ],
        [
          0.0,
          0.0,
          1.0
        ]
      ],
      "data_path": "D:\\Agent-AI\\outputs\\s3a_ml_long_v1\\sample_000028\\images\\CAM_FRONT_RIGHT.png",
      "raw_layout": "bgra8"
    },
    "CAM_FRONT_LEFT": {
      "type_id": "sensor.camera.rgb",
      "blueprint_attributes": {
        "role_name": "front",
        "ros_name": "sensor.camera.rgb",
        "chromatic_aberration_offset": "0.0",
        "sensor_tick": "0.100000",
        "fstop": "1.4",
        "image_size_x": "960",
        "image_size_y": "540",
        "fov": "70.00",
        "lens_circle_falloff": "5.0",
        "lens_circle_multiplier": "0.0",
        "exposure_compensation": "0.0",
        "lens_y_size": "0.08",
        "lens_k": "-1.0",
        "exposure_mode": "histogram",
        "lens_kcube": "0.0",
        "lens_x_size": "0.08",
        "exposure_max_bright": "12.0",
        "shutter_speed": "200.0",
        "bloom_intensity": "0.675",
        "iso": "100.0",
        "enable_postprocess_effects": "false",
        "gamma": "2.2",
        "motion_blur_intensity": "0.0",
        "motion_blur_max_distortion": "0.35",
        "lens_flare_intensity": "0.1",
        "motion_blur_min_object_screen_size": "0.1",
        "exposure_min_bright": "10.0",
        "exposure_speed_up": "3.0",
        "exposure_speed_down": "1.0",
        "tint": "0.0",
        "calibration_constant": "16.0",
        "focal_distance": "1000.0",
        "min_fstop": "1.2",
        "blade_count": "5",
        "blur_amount": "0.0",
        "blur_radius": "0.0",
        "slope": "0.88",
        "toe": "0.55",
        "white_clip": "0.04",
        "shoulder": "0.26",
        "black_clip": "0.0",
        "temp": "6500.0",
        "chromatic_aberration_intensity": "0.0"
      },
      "transform_carla": {
        "location": {
          "x": 103.89579010009766,
          "y": -35.05278778076172,
          "z": 1.7041833400726318
        },
        "rotation": {
          "roll": -0.27238038182258606,
          "pitch": 0.31924301385879517,
          "yaw": -159.62388610839844
        }
      },
      "matrix_world_from_sensor_carla": [
        [
          -0.937412679195404,
          0.3482021987438202,
          0.0035678851418197155,
          103.89579010009766
        ],
        [
          -0.34817591309547424,
          -0.937407374382019,
          0.006396429613232613,
          -35.05278778076172
        ],
        [
          0.005571812856942415,
          0.0047538429498672485,
          0.9999731779098511,
          1.7041833400726318
        ],
        [
          0.0,
          0.0,
          0.0,
          1.0
        ]
      ],
      "matrix_world_from_sensor_bevfusion": [
        [
          0.3482021987438202,
          -0.0035678851418197155,
          -0.937412679195404,
          103.89579010009766
        ],
        [
          0.937407374382019,
          0.006396429613232613,
          0.34817591309547424,
          35.05278778076172
        ],
        [
          0.0047538429498672485,
          -0.9999731779098511,
          0.005571812856942415,
          1.7041833400726318
        ],
        [
          0.0,
          0.0,
          0.0,
          1.0
        ]
      ],
      "matrix_ego_from_sensor_carla": [
        [
          0.5735768675804138,
          0.8191516995429993,
          5.057741958580664e-08,
          1.300001621246338
        ],
        [
          -0.819151759147644,
          0.573576807975769,
          -7.620899111770996e-08,
          -0.54998779296875
        ],
        [
          -9.124000399651777e-08,
          2.8771562909923887e-09,
          1.0,
          1.6999998092651367
        ],
        [
          0.0,
          0.0,
          0.0,
          1.0
        ]
      ],
      "matrix_ego_from_sensor_bevfusion": [
        [
          0.8191516995429993,
          -5.057741958580664e-08,
          0.5735768675804138,
          1.300001621246338
        ],
        [
          -0.573576807975769,
          -7.620899111770996e-08,
          0.819151759147644,
          0.54998779296875
        ],
        [
          2.8771562909923887e-09,
          -1.0,
          -9.124000399651777e-08,
          1.6999998092651367
        ],
        [
          0.0,
          0.0,
          0.0,
          1.0
        ]
      ],
      "camera_intrinsics": [
        [
          685.5110473632812,
          0.0,
          480.0
        ],
        [
          0.0,
          685.5110473632812,
          270.0
        ],
        [
          0.0,
          0.0,
          1.0
        ]
      ],
      "data_path": "D:\\Agent-AI\\outputs\\s3a_ml_long_v1\\sample_000028\\images\\CAM_FRONT_LEFT.png",
      "raw_layout": "bgra8"
    },
    "CAM_BACK": {
      "type_id": "sensor.camera.rgb",
      "blueprint_attributes": {
        "role_name": "front",
        "ros_name": "sensor.camera.rgb",
        "chromatic_aberration_offset": "0.0",
        "sensor_tick": "0.100000",
        "fstop": "1.4",
        "image_size_x": "960",
        "image_size_y": "540",
        "fov": "70.00",
        "lens_circle_falloff": "5.0",
        "lens_circle_multiplier": "0.0",
        "exposure_compensation": "0.0",
        "lens_y_size": "0.08",
        "lens_k": "-1.0",
        "exposure_mode": "histogram",
        "lens_kcube": "0.0",
        "lens_x_size": "0.08",
        "exposure_max_bright": "12.0",
        "shutter_speed": "200.0",
        "bloom_intensity": "0.675",
        "iso": "100.0",
        "enable_postprocess_effects": "false",
        "gamma": "2.2",
        "motion_blur_intensity": "0.0",
        "motion_blur_max_distortion": "0.35",
        "lens_flare_intensity": "0.1",
        "motion_blur_min_object_screen_size": "0.1",
        "exposure_min_bright": "10.0",
        "exposure_speed_up": "3.0",
        "exposure_speed_down": "1.0",
        "tint": "0.0",
        "calibration_constant": "16.0",
        "focal_distance": "1000.0",
        "min_fstop": "1.2",
        "blade_count": "5",
        "blur_amount": "0.0",
        "blur_radius": "0.0",
        "slope": "0.88",
        "toe": "0.55",
        "white_clip": "0.04",
        "shoulder": "0.26",
        "black_clip": "0.0",
        "temp": "6500.0",
        "chromatic_aberration_intensity": "0.0"
      },
      "transform_carla": {
        "location": {
          "x": 105.14744567871094,
          "y": -32.43402862548828,
          "z": 1.6829662322998047
        },
        "rotation": {
          "roll": -0.10528624802827835,
          "pitch": -0.4062322974205017,
          "yaw": 75.37722778320312
        }
      },
      "matrix_world_from_sensor_carla": [
        [
          0.25244757533073425,
          -0.9676040410995483,
          0.003567972220480442,
          105.14744567871094
        ],
        [
          0.9675846099853516,
          0.2524661123752594,
          0.006396458949893713,
          -32.43402862548828
        ],
        [
          -0.007090031635016203,
          0.0018375443760305643,
          0.9999731779098511,
          1.6829662322998047
        ],
        [
          0.0,
          0.0,
          0.0,
          1.0
        ]
      ],
      "matrix_world_from_sensor_bevfusion": [
        [
          -0.9676040410995483,
          -0.003567972220480442,
          0.25244757533073425,
          105.14744567871094
        ],
        [
          -0.2524661123752594,
          0.006396458949893713,
          -0.9675846099853516,
          32.43402862548828
        ],
        [
          0.0018375443760305643,
          -0.9999731779098511,
          -0.007090031635016203,
          1.6829662322998047
        ],
        [
          0.0,
          0.0,
          0.0,
          1.0
        ]
      ],
      "matrix_ego_from_sensor_carla": [
        [
          -1.0,
          1.7885840009057574e-07,
          -1.796624515826295e-10,
          -1.5499982833862305
        ],
        [
          -1.741005064559431e-07,
          -1.0,
          7.415386082954001e-10,
          7.62939453125e-06
        ],
        [
          -2.8599883572510976e-10,
          8.882228286211102e-10,
          1.0,
          1.7000000476837158
        ],
        [
          0.0,
          0.0,
          0.0,
          1.0
        ]
      ],
      "matrix_ego_from_sensor_bevfusion": [
        [
          1.7885840009057574e-07,
          1.796624515826295e-10,
          -1.0,
          -1.5499982833862305
        ],
        [
          1.0,
          7.415386082954001e-10,
          1.741005064559431e-07,
          -7.62939453125e-06
        ],
        [
          8.882228286211102e-10,
          -1.0,
          -2.8599883572510976e-10,
          1.7000000476837158
        ],
        [
          0.0,
          0.0,
          0.0,
          1.0
        ]
      ],
      "camera_intrinsics": [
        [
          685.5110473632812,
          0.0,
          480.0
        ],
        [
          0.0,
          685.5110473632812,
          270.0
        ],
        [
          0.0,
          0.0,
          1.0
        ]
      ],
      "data_path": "D:\\Agent-AI\\outputs\\s3a_ml_long_v1\\sample_000028\\images\\CAM_BACK.png",
      "raw_layout": "bgra8"
    },
    "CAM_BACK_LEFT": {
      "type_id": "sensor.camera.rgb",
      "blueprint_attributes": {
        "role_name": "front",
        "ros_name": "sensor.camera.rgb",
        "chromatic_aberration_offset": "0.0",
        "sensor_tick": "0.100000",
        "fstop": "1.4",
        "image_size_x": "960",
        "image_size_y": "540",
        "fov": "70.00",
        "lens_circle_falloff": "5.0",
        "lens_circle_multiplier": "0.0",
        "exposure_compensation": "0.0",
        "lens_y_size": "0.08",
        "lens_k": "-1.0",
        "exposure_mode": "histogram",
        "lens_kcube": "0.0",
        "lens_x_size": "0.08",
        "exposure_max_bright": "12.0",
        "shutter_speed": "200.0",
        "bloom_intensity": "0.675",
        "iso": "100.0",
        "enable_postprocess_effects": "false",
        "gamma": "2.2",
        "motion_blur_intensity": "0.0",
        "motion_blur_max_distortion": "0.35",
        "lens_flare_intensity": "0.1",
        "motion_blur_min_object_screen_size": "0.1",
        "exposure_min_bright": "10.0",
        "exposure_speed_up": "3.0",
        "exposure_speed_down": "1.0",
        "tint": "0.0",
        "calibration_constant": "16.0",
        "focal_distance": "1000.0",
        "min_fstop": "1.2",
        "blade_count": "5",
        "blur_amount": "0.0",
        "blur_radius": "0.0",
        "slope": "0.88",
        "toe": "0.55",
        "white_clip": "0.04",
        "shoulder": "0.26",
        "black_clip": "0.0",
        "temp": "6500.0",
        "chromatic_aberration_intensity": "0.0"
      },
      "transform_carla": {
        "location": {
          "x": 104.5521469116211,
          "y": -32.53706741333008,
          "z": 1.6857495307922363
        },
        "rotation": {
          "roll": -0.39315563440322876,
          "pitch": -0.1467602699995041,
          "yaw": 130.3773651123047
        }
      },
      "matrix_world_from_sensor_carla": [
        [
          -0.6478168964385986,
          -0.7617877125740051,
          0.0035679698921740055,
          104.5521469116211
        ],
        [
          0.7617917656898499,
          -0.6477903723716736,
          0.006396458484232426,
          -32.53706741333008
        ],
        [
          -0.002561447210609913,
          0.006861784029752016,
          0.9999731779098511,
          1.6857495307922363
        ],
        [
          0.0,
          0.0,
          0.0,
          1.0
        ]
      ],
      "matrix_world_from_sensor_bevfusion": [
        [
          -0.7617877125740051,
          -0.0035679698921740055,
          -0.6478168964385986,
          104.5521469116211
        ],
        [
          0.6477903723716736,
          0.006396458484232426,
          -0.7617917656898499,
          32.53706741333008
        ],
        [
          0.006861784029752016,
          -0.9999731779098511,
          -0.002561447210609913,
          1.6857495307922363
        ],
        [
          0.0,
          0.0,
          0.0,
          1.0
        ]
      ],
      "matrix_ego_from_sensor_carla": [
        [
          -0.5735762119293213,
          0.8191521763801575,
          1.217321354829437e-09,
          -1.2999982833862305
        ],
        [
          -0.8191521763801575,
          -0.5735762119293213,
          -1.4703525064163614e-09,
          -0.5500030517578125
        ],
        [
          -4.4733317050571486e-10,
          -1.5081651483228597e-09,
          1.0,
          1.7000000476837158
        ],
        [
          0.0,
          0.0,
          0.0,
          1.0
        ]
      ],
      "matrix_ego_from_sensor_bevfusion": [
        [
          0.8191521763801575,
          -1.217321354829437e-09,
          -0.5735762119293213,
          -1.2999982833862305
        ],
        [
          0.5735762119293213,
          -1.4703525064163614e-09,
          0.8191521763801575,
          0.5500030517578125
        ],
        [
          -1.5081651483228597e-09,
          -1.0,
          -4.4733317050571486e-10,
          1.7000000476837158
        ],
        [
          0.0,
          0.0,
          0.0,
          1.0
        ]
      ],
      "camera_intrinsics": [
        [
          685.5110473632812,
          0.0,
          480.0
        ],
        [
          0.0,
          685.5110473632812,
          270.0
        ],
        [
          0.0,
          0.0,
          1.0
        ]
      ],
      "data_path": "D:\\Agent-AI\\outputs\\s3a_ml_long_v1\\sample_000028\\images\\CAM_BACK_LEFT.png",
      "raw_layout": "bgra8"
    },
    "CAM_BACK_RIGHT": {
      "type_id": "sensor.camera.rgb",
      "blueprint_attributes": {
        "role_name": "front",
        "ros_name": "sensor.camera.rgb",
        "chromatic_aberration_offset": "0.0",
        "sensor_tick": "0.100000",
        "fstop": "1.4",
        "image_size_x": "960",
        "image_size_y": "540",
        "fov": "70.00",
        "lens_circle_falloff": "5.0",
        "lens_circle_multiplier": "0.0",
        "exposure_compensation": "0.0",
        "lens_y_size": "0.08",
        "lens_k": "-1.0",
        "exposure_mode": "histogram",
        "lens_kcube": "0.0",
        "lens_x_size": "0.08",
        "exposure_max_bright": "12.0",
        "shutter_speed": "200.0",
        "bloom_intensity": "0.675",
        "iso": "100.0",
        "enable_postprocess_effects": "false",
        "gamma": "2.2",
        "motion_blur_intensity": "0.0",
        "motion_blur_max_distortion": "0.35",
        "lens_flare_intensity": "0.1",
        "motion_blur_min_object_screen_size": "0.1",
        "exposure_min_bright": "10.0",
        "exposure_speed_up": "3.0",
        "exposure_speed_down": "1.0",
        "tint": "0.0",
        "calibration_constant": "16.0",
        "focal_distance": "1000.0",
        "min_fstop": "1.2",
        "blade_count": "5",
        "blur_amount": "0.0",
        "blur_radius": "0.0",
        "slope": "0.88",
        "toe": "0.55",
        "white_clip": "0.04",
        "shoulder": "0.26",
        "black_clip": "0.0",
        "temp": "6500.0",
        "chromatic_aberration_intensity": "0.0"
      },
      "transform_carla": {
        "location": {
          "x": 105.61650848388672,
          "y": -32.814781188964844,
          "z": 1.6837279796600342
        },
        "rotation": {
          "roll": 0.27238041162490845,
          "pitch": -0.31924301385879517,
          "yaw": 20.376094818115234
        }
      },
      "matrix_world_from_sensor_carla": [
        [
          0.9374127984046936,
          -0.3482018709182739,
          0.0035678870044648647,
          105.61650848388672
        ],
        [
          0.348175585269928,
          0.9374074935913086,
          0.006396429613232613,
          -32.814781188964844
        ],
        [
          -0.005571812856942415,
          -0.004753843881189823,
          0.9999731779098511,
          1.6837279796600342
        ],
        [
          0.0,
          0.0,
          0.0,
          1.0
        ]
      ],
      "matrix_world_from_sensor_bevfusion": [
        [
          -0.3482018709182739,
          -0.0035678870044648647,
          0.9374127984046936,
          105.61650848388672
        ],
        [
          -0.9374074935913086,
          0.006396429613232613,
          -0.348175585269928,
          32.814781188964844
        ],
        [
          -0.004753843881189823,
          -0.9999731779098511,
          -0.005571812856942415,
          1.6837279796600342
        ],
        [
          0.0,
          0.0,
          0.0,
          1.0
        ]
      ],
      "matrix_ego_from_sensor_carla": [
        [
          -0.5735765695571899,
          -0.8191518783569336,
          5.01117582984989e-08,
          -1.2999968528747559
        ],
        [
          0.8191519379615784,
          -0.5735765099525452,
          -7.4346345968479e-08,
          0.54998779296875
        ],
        [
          8.984302013459455e-08,
          -1.4801474490511168e-09,
          1.0,
          1.6999998092651367
        ],
        [
          0.0,
          0.0,
          0.0,
          1.0
        ]
      ],
      "matrix_ego_from_sensor_bevfusion": [
        [
          -0.8191518783569336,
          -5.01117582984989e-08,
          -0.5735765695571899,
          -1.2999968528747559
        ],
        [
          0.5735765099525452,
          -7.4346345968479e-08,
          -0.8191519379615784,
          -0.54998779296875
        ],
        [
          -1.4801474490511168e-09,
          -1.0,
          8.984302013459455e-08,
          1.6999998092651367
        ],
        [
          0.0,
          0.0,
          0.0,
          1.0
        ]
      ],
      "camera_intrinsics": [
        [
          685.5110473632812,
          0.0,
          480.0
        ],
        [
          0.0,
          685.5110473632812,
          270.0
        ],
        [
          0.0,
          0.0,
          1.0
        ]
      ],
      "data_path": "D:\\Agent-AI\\outputs\\s3a_ml_long_v1\\sample_000028\\images\\CAM_BACK_RIGHT.png",
      "raw_layout": "bgra8"
    },
    "LIDAR_TOP": {
      "type_id": "sensor.lidar.ray_cast",
      "blueprint_attributes": {
        "atmosphere_attenuation_rate": "0.004",
        "role_name": "front",
        "noise_seed": "0",
        "upper_fov": "10.0",
        "ros_name": "sensor.lidar.ray_cast",
        "sensor_tick": "0.100000",
        "channels": "32",
        "range": "120.0",
        "points_per_second": "360000",
        "lower_fov": "-30.0",
        "rotation_frequency": "10.000000",
        "horizontal_fov": "360.0",
        "dropoff_general_rate": "0.0",
        "dropoff_intensity_limit": "1.0",
        "noise_stddev": "0.0",
        "dropoff_zero_intensity": "0.0"
      },
      "transform_carla": {
        "location": {
          "x": 104.7579345703125,
          "y": -33.93058395385742,
          "z": 2.1939423084259033
        },
        "rotation": {
          "roll": 0.1052861288189888,
          "pitch": 0.4062322974205017,
          "yaw": -104.6227798461914
        }
      },
      "matrix_world_from_sensor_carla": [
        [
          -0.2524477541446686,
          0.9676039814949036,
          0.003567971521988511,
          104.7579345703125
        ],
        [
          -0.9675845503807068,
          -0.2524662911891937,
          0.006396458949893713,
          -33.93058395385742
        ],
        [
          0.007090031635016203,
          -0.0018375422805547714,
          0.9999731779098511,
          2.1939423084259033
        ],
        [
          0.0,
          0.0,
          0.0,
          1.0
        ]
      ],
      "matrix_world_from_sensor_bevfusion": [
        [
          -0.2524477541446686,
          -0.9676039814949036,
          0.003567971521988511,
          104.7579345703125
        ],
        [
          0.9675845503807068,
          -0.2524662911891937,
          -0.006396458949893713,
          33.93058395385742
        ],
        [
          0.007090031635016203,
          0.0018375422805547714,
          0.9999731779098511,
          2.1939423084259033
        ],
        [
          0.0,
          0.0,
          0.0,
          1.0
        ]
      ],
      "matrix_ego_from_sensor_carla": [
        [
          1.0,
          9.075336038222304e-09,
          2.8599883572510976e-10,
          -4.76837158203125e-07
        ],
        [
          -4.860767344183614e-09,
          1.0,
          4.3046691211579e-11,
          7.62939453125e-06
        ],
        [
          -1.796624515826295e-10,
          -1.8978707494454738e-10,
          1.0,
          2.200000047683716
        ],
        [
          0.0,
          0.0,
          0.0,
          1.0
        ]
      ],
      "matrix_ego_from_sensor_bevfusion": [
        [
          1.0,
          -9.075336038222304e-09,
          2.8599883572510976e-10,
          -4.76837158203125e-07
        ],
        [
          4.860767344183614e-09,
          1.0,
          -4.3046691211579e-11,
          -7.62939453125e-06
        ],
        [
          -1.796624515826295e-10,
          1.8978707494454738e-10,
          1.0,
          2.200000047683716
        ],
        [
          0.0,
          0.0,
          0.0,
          1.0
        ]
      ],
      "data_path": "D:\\Agent-AI\\outputs\\s3a_ml_long_v1\\sample_000028\\lidar\\LIDAR_TOP.npy",
      "raw_layout": [
        "x",
        "y",
        "z",
        "intensity"
      ]
    },
    "RADAR_FRONT": {
      "type_id": "sensor.other.radar",
      "blueprint_attributes": {
        "sensor_tick": "0.100000",
        "role_name": "default",
        "noise_seed": "0",
        "ros_name": "sensor.other.radar",
        "horizontal_fov": "35.0",
        "points_per_second": "1500",
        "vertical_fov": "20.0",
        "range": "120.0"
      },
      "transform_carla": {
        "location": {
          "x": 104.24840545654297,
          "y": -35.87406921386719,
          "z": 0.908157229423523
        },
        "rotation": {
          "roll": 0.1052861288189888,
          "pitch": 0.4062322974205017,
          "yaw": -104.6227798461914
        }
      },
      "matrix_world_from_sensor_carla": [
        [
          -0.2524477541446686,
          0.9676039814949036,
          0.003567971521988511,
          104.24840545654297
        ],
        [
          -0.9675845503807068,
          -0.2524662911891937,
          0.006396458949893713,
          -35.87406921386719
        ],
        [
          0.007090031635016203,
          -0.0018375422805547714,
          0.9999731779098511,
          0.908157229423523
        ],
        [
          0.0,
          0.0,
          0.0,
          1.0
        ]
      ],
      "matrix_world_from_sensor_bevfusion": [
        [
          -0.2524477541446686,
          -0.9676039814949036,
          0.003567971521988511,
          104.24840545654297
        ],
        [
          0.9675845503807068,
          -0.2524662911891937,
          -0.006396458949893713,
          35.87406921386719
        ],
        [
          0.007090031635016203,
          0.0018375422805547714,
          0.9999731779098511,
          0.908157229423523
        ],
        [
          0.0,
          0.0,
          0.0,
          1.0
        ]
      ],
      "matrix_ego_from_sensor_carla": [
        [
          1.0,
          9.075336038222304e-09,
          2.8599883572510976e-10,
          1.9999995231628418
        ],
        [
          -4.860767344183614e-09,
          1.0,
          4.3046691211579e-11,
          0.0
        ],
        [
          -1.796624515826295e-10,
          -1.8978707494454738e-10,
          1.0,
          0.8999999165534973
        ],
        [
          0.0,
          0.0,
          0.0,
          1.0
        ]
      ],
      "matrix_ego_from_sensor_bevfusion": [
        [
          1.0,
          -9.075336038222304e-09,
          2.8599883572510976e-10,
          1.9999995231628418
        ],
        [
          4.860767344183614e-09,
          1.0,
          -4.3046691211579e-11,
          0.0
        ],
        [
          -1.796624515826295e-10,
          1.8978707494454738e-10,
          1.0,
          0.8999999165534973
        ],
        [
          0.0,
          0.0,
          0.0,
          1.0
        ]
      ],
      "data_path": "D:\\Agent-AI\\outputs\\s3a_ml_long_v1\\sample_000028\\radar\\RADAR_FRONT.npy",
      "raw_layout": [
        "velocity",
        "altitude",
        "azimuth",
        "depth"
      ]
    },
    "RADAR_FRONT_LEFT": {
      "type_id": "sensor.other.radar",
      "blueprint_attributes": {
        "sensor_tick": "0.100000",
        "role_name": "default",
        "noise_seed": "0",
        "ros_name": "sensor.other.radar",
        "horizontal_fov": "35.0",
        "points_per_second": "1500",
        "vertical_fov": "20.0",
        "range": "120.0"
      },
      "transform_carla": {
        "location": {
          "x": 103.61105346679688,
          "y": -35.346065521240234,
          "z": 0.9070538878440857
        },
        "rotation": {
          "roll": -0.21280530095100403,
          "pitch": 0.3616926372051239,
          "yaw": -149.623779296875
        }
      },
      "matrix_world_from_sensor_carla": [
        [
          -0.8627064228057861,
          0.5056924819946289,
          0.0035679121501743793,
          103.61105346679688
        ],
        [
          -0.5056657195091248,
          -0.8627057671546936,
          0.006396430544555187,
          -35.346065521240234
        ],
        [
          0.006312685552984476,
          0.0037140704225748777,
          0.9999731779098511,
          0.9070538878440857
        ],
        [
          0.0,
          0.0,
          0.0,
          1.0
        ]
      ],
      "matrix_world_from_sensor_bevfusion": [
        [
          -0.8627064228057861,
          -0.5056924819946289,
          0.0035679121501743793,
          103.61105346679688
        ],
        [
          0.5056657195091248,
          -0.8627057671546936,
          -0.006396430544555187,
          35.346065521240234
        ],
        [
          0.006312685552984476,
          -0.0037140704225748777,
          0.9999731779098511,
          0.9070538878440857
        ],
        [
          0.0,
          0.0,
          0.0,
          1.0
        ]
      ],
      "matrix_ego_from_sensor_carla": [
        [
          0.7071073651313782,
          0.7071061730384827,
          4.266117770157507e-08,
          1.650001049041748
        ],
        [
          -0.7071061730384827,
          0.7071072459220886,
          -5.036478611941675e-08,
          -0.7499923706054688
        ],
        [
          -6.54769536367894e-08,
          4.688996746438079e-09,
          1.0,
          0.8999999165534973
        ],
        [
          0.0,
          0.0,
          0.0,
          1.0
        ]
      ],
      "matrix_ego_from_sensor_bevfusion": [
        [
          0.7071073651313782,
          -0.7071061730384827,
          4.266117770157507e-08,
          1.650001049041748
        ],
        [
          0.7071061730384827,
          0.7071072459220886,
          5.036478611941675e-08,
          0.7499923706054688
        ],
        [
          -6.54769536367894e-08,
          -4.688996746438079e-09,
          1.0,
          0.8999999165534973
        ],
        [
          0.0,
          0.0,
          0.0,
          1.0
        ]
      ],
      "data_path": "D:\\Agent-AI\\outputs\\s3a_ml_long_v1\\sample_000028\\radar\\RADAR_FRONT_LEFT.npy",
      "raw_layout": [
        "velocity",
        "altitude",
        "azimuth",
        "depth"
      ]
    },
    "RADAR_FRONT_RIGHT": {
      "type_id": "sensor.other.radar",
      "blueprint_attributes": {
        "sensor_tick": "0.100000",
        "role_name": "default",
        "noise_seed": "0",
        "ros_name": "sensor.other.radar",
        "horizontal_fov": "35.0",
        "points_per_second": "1500",
        "vertical_fov": "20.0",
        "range": "120.0"
