{
  "schema_version": "stage1.v1",
  "sample_name": "sample_000005",
  "sequence_index": 5,
  "previous_sample_name": "sample_000004",
  "frame_id": 60006,
  "timestamp": 435.51970075815916,
  "platform_timestamp": 16814562.9616887,
  "delta_seconds": 0.10000000149011612,
  "town": "Carla/Maps/Town10HD_Opt",
  "weather": {
    "cloudiness": 20.0,
    "dust_storm": 0.0,
    "fog_density": 2.0,
    "fog_distance": 0.75,
    "fog_falloff": 0.10000000149011612,
    "mie_scattering_scale": 0.029999999329447746,
    "precipitation": 0.0,
    "precipitation_deposits": 0.0,
    "rayleigh_scattering_scale": 0.03310000151395798,
    "scattering_intensity": 1.0,
    "sun_altitude_angle": 45.0,
    "sun_azimuth_angle": 300.0,
    "wetness": 0.0,
    "wind_intensity": 10.0
  },
  "sensor_names": [
    "CAM_FRONT",
    "CAM_FRONT_RIGHT",
    "CAM_FRONT_LEFT",
    "CAM_BACK",
    "CAM_BACK_LEFT",
    "CAM_BACK_RIGHT",
    "LIDAR_TOP",
    "RADAR_FRONT",
    "RADAR_FRONT_LEFT",
    "RADAR_FRONT_RIGHT",
    "RADAR_BACK_LEFT",
    "RADAR_BACK_RIGHT"
  ],
  "camera_order_for_model": [
    "CAM_FRONT",
    "CAM_FRONT_RIGHT",
    "CAM_FRONT_LEFT",
    "CAM_BACK",
    "CAM_BACK_LEFT",
    "CAM_BACK_RIGHT"
  ],
  "radar_order_for_model": [
    "RADAR_FRONT",
    "RADAR_FRONT_LEFT",
    "RADAR_FRONT_RIGHT",
    "RADAR_BACK_LEFT",
    "RADAR_BACK_RIGHT"
  ],
  "coordinate_notes": {
    "carla_world": "left-handed x-forward y-right z-up",
    "bevfusion_lidar": "x-forward y-left z-up",
    "camera_frame_for_model": "OpenCV style x-right y-down z-forward"
  },
  "ego": {
    "actor_id": 28,
    "transform_carla": {
      "location": {
        "x": 106.35919952392578,
        "y": -23.15918731689453,
        "z": -0.0056127929128706455
      },
      "rotation": {
        "roll": 0.02282661944627762,
        "pitch": 0.37986093759536743,
        "yaw": -91.32862091064453
      }
    },
    "velocity_carla": [
      -0.14421430230140686,
      -5.369991302490234,
      -0.00016084671369753778
    ],
    "angular_velocity_carla": [
      1.516133427619934,
      -0.07581984996795654,
      -0.9219037890434265
    ],
    "matrix_world_from_ego_carla": [
      [
        -0.02318616583943367,
        0.9997310042381287,
        0.0005520149716176093,
        106.35919952392578
      ],
      [
        -0.9997091293334961,
        -0.02318931557238102,
        0.00661875493824482,
        -23.15918731689453
      ],
      [
        0.006629775743931532,
        -0.00039839089731685817,
        0.9999779462814331,
        -0.0056127929128706455
      ],
      [
        0.0,
        0.0,
        0.0,
        1.0
      ]
    ],
    "matrix_world_from_ego_bevfusion": [
      [
        -0.02318616583943367,
        -0.9997310042381287,
        0.0005520149716176093,
        106.35919952392578
      ],
      [
        0.9997091293334961,
        -0.02318931557238102,
        -0.00661875493824482,
        23.15918731689453
      ],
      [
        0.006629775743931532,
        0.00039839089731685817,
        0.9999779462814331,
        -0.0056127929128706455
      ],
      [
        0.0,
        0.0,
        0.0,
        1.0
      ]
    ]
  },
  "sensors": {
    "CAM_FRONT": {
      "type_id": "sensor.camera.rgb",
      "blueprint_attributes": {
        "role_name": "front",
        "ros_name": "sensor.camera.rgb",
        "chromatic_aberration_offset": "0.0",
        "sensor_tick": "0.100000",
        "fstop": "1.4",
        "image_size_x": "960",
        "image_size_y": "540",
        "fov": "70.00",
        "lens_circle_falloff": "5.0",
        "lens_circle_multiplier": "0.0",
        "exposure_compensation": "0.0",
        "lens_y_size": "0.08",
        "lens_k": "-1.0",
        "exposure_mode": "histogram",
        "lens_kcube": "0.0",
        "lens_x_size": "0.08",
        "exposure_max_bright": "12.0",
        "shutter_speed": "200.0",
        "bloom_intensity": "0.675",
        "iso": "100.0",
        "enable_postprocess_effects": "false",
        "gamma": "2.2",
        "motion_blur_intensity": "0.0",
        "motion_blur_max_distortion": "0.35",
        "lens_flare_intensity": "0.1",
        "motion_blur_min_object_screen_size": "0.1",
        "exposure_min_bright": "10.0",
        "exposure_speed_up": "3.0",
        "exposure_speed_down": "1.0",
        "tint": "0.0",
        "calibration_constant": "16.0",
        "focal_distance": "1000.0",
        "min_fstop": "1.2",
        "blade_count": "5",
        "blur_amount": "0.0",
        "blur_radius": "0.0",
        "slope": "0.88",
        "toe": "0.55",
        "white_clip": "0.04",
        "shoulder": "0.26",
        "black_clip": "0.0",
        "temp": "6500.0",
        "chromatic_aberration_intensity": "0.0"
      },
      "transform_carla": {
        "location": {
          "x": 106.3241958618164,
          "y": -24.697484970092773,
          "z": 1.7046258449554443
        },
        "rotation": {
          "roll": 0.02282661944627762,
          "pitch": 0.37986093759536743,
          "yaw": -91.32862091064453
        }
      },
      "matrix_world_from_sensor_carla": [
        [
          -0.02318616583943367,
          0.9997310042381287,
          0.0005520149716176093,
          106.3241958618164
        ],
        [
          -0.9997091293334961,
          -0.02318931557238102,
          0.00661875493824482,
          -24.697484970092773
        ],
        [
          0.006629775743931532,
          -0.00039839089731685817,
          0.9999779462814331,
          1.7046258449554443
        ],
        [
          0.0,
          0.0,
          0.0,
          1.0
        ]
      ],
      "matrix_world_from_sensor_bevfusion": [
        [
          0.9997310042381287,
          -0.0005520149716176093,
          -0.02318616583943367,
          106.3241958618164
        ],
        [
          0.02318931557238102,
          0.00661875493824482,
          0.9997091293334961,
          24.697484970092773
        ],
        [
          -0.00039839089731685817,
          -0.9999779462814331,
          0.006629775743931532,
          1.7046258449554443
        ],
        [
          0.0,
          0.0,
          0.0,
          1.0
        ]
      ],
      "matrix_ego_from_sensor_carla": [
        [
          1.0,
          -1.4259776692782111e-09,
          6.435796340298339e-12,
          1.5500011444091797
        ],
        [
          -4.649035600934326e-10,
          1.0,
          -3.3567107426968334e-12,
          -7.62939453125e-06
        ],
        [
          6.435796340298339e-12,
          2.574776156172298e-11,
          1.0,
          1.6999999284744263
        ],
        [
          0.0,
          0.0,
          0.0,
          1.0
        ]
      ],
      "matrix_ego_from_sensor_bevfusion": [
        [
          -1.4259776692782111e-09,
          -6.435796340298339e-12,
          1.0,
          1.5500011444091797
        ],
        [
          -1.0,
          -3.3567107426968334e-12,
          4.649035600934326e-10,
          7.62939453125e-06
        ],
        [
          2.574776156172298e-11,
          -1.0,
          6.435796340298339e-12,
          1.6999999284744263
        ],
        [
          0.0,
          0.0,
          0.0,
          1.0
        ]
      ],
      "camera_intrinsics": [
        [
          685.5110473632812,
          0.0,
          480.0
        ],
        [
          0.0,
          685.5110473632812,
          270.0
        ],
        [
          0.0,
          0.0,
          1.0
        ]
      ],
      "data_path": "D:\\Agent-AI\\outputs\\s3a_ml_long_v2\\sample_000005\\images\\CAM_FRONT.png",
      "raw_layout": "bgra8"
    },
    "CAM_FRONT_RIGHT": {
      "type_id": "sensor.camera.rgb",
      "blueprint_attributes": {
        "role_name": "front",
        "ros_name": "sensor.camera.rgb",
        "chromatic_aberration_offset": "0.0",
        "sensor_tick": "0.100000",
        "fstop": "1.4",
        "image_size_x": "960",
        "image_size_y": "540",
        "fov": "70.00",
        "lens_circle_falloff": "5.0",
        "lens_circle_multiplier": "0.0",
        "exposure_compensation": "0.0",
        "lens_y_size": "0.08",
        "lens_k": "-1.0",
        "exposure_mode": "histogram",
        "lens_kcube": "0.0",
        "lens_x_size": "0.08",
        "exposure_max_bright": "12.0",
        "shutter_speed": "200.0",
        "bloom_intensity": "0.675",
        "iso": "100.0",
        "enable_postprocess_effects": "false",
        "gamma": "2.2",
        "motion_blur_intensity": "0.0",
        "motion_blur_max_distortion": "0.35",
        "lens_flare_intensity": "0.1",
        "motion_blur_min_object_screen_size": "0.1",
        "exposure_min_bright": "10.0",
        "exposure_speed_up": "3.0",
        "exposure_speed_down": "1.0",
        "tint": "0.0",
        "calibration_constant": "16.0",
        "focal_distance": "1000.0",
        "min_fstop": "1.2",
        "blade_count": "5",
        "blur_amount": "0.0",
        "blur_radius": "0.0",
        "slope": "0.88",
        "toe": "0.55",
        "white_clip": "0.04",
        "shoulder": "0.26",
        "black_clip": "0.0",
        "temp": "6500.0",
        "chromatic_aberration_intensity": "0.0"
      },
      "transform_carla": {
        "location": {
          "x": 106.87984466552734,
          "y": -24.460311889648438,
          "z": 1.702749252319336
        },
        "rotation": {
          "roll": 0.3242577612400055,
          "pitch": 0.1991819590330124,
          "yaw": -36.3281364440918
        }
      },
      "matrix_world_from_sensor_carla": [
        [
          0.8056326508522034,
          0.5924152731895447,
          0.0005519883707165718,
          106.87984466552734
        ],
        [
          -0.5924053192138672,
          0.8056128621101379,
          0.0066187744960188866,
          -24.460311889648438
        ],
        [
          0.0034763740841299295,
          -0.005659301299601793,
          0.9999779462814331,
          1.702749252319336
        ],
        [
          0.0,
          0.0,
          0.0,
          1.0
        ]
      ],
      "matrix_world_from_sensor_bevfusion": [
        [
          0.5924152731895447,
          -0.0005519883707165718,
          0.8056326508522034,
          106.87984466552734
        ],
        [
          -0.8056128621101379,
          0.0066187744960188866,
          0.5924053192138672,
          24.460311889648438
        ],
        [
          -0.005659301299601793,
          -0.9999779462814331,
          0.0034763740841299295,
          1.702749252319336
        ],
        [
          0.0,
          0.0,
          0.0,
          1.0
        ]
      ],
      "matrix_ego_from_sensor_carla": [
        [
          0.5735766291618347,
          -0.8191519379615784,
          -1.9085677038788162e-08,
          1.3000011444091797
        ],
        [
          0.8191520571708679,
          0.5735765695571899,
          -2.7040815808732077e-08,
          0.5499954223632812
        ],
        [
          3.276342752656092e-08,
          1.141314820429784e-11,
          1.0,
          1.6999999284744263
        ],
        [
          0.0,
          0.0,
          0.0,
          1.0
        ]
      ],
      "matrix_ego_from_sensor_bevfusion": [
        [
          -0.8191519379615784,
          1.9085677038788162e-08,
          0.5735766291618347,
          1.3000011444091797
        ],
        [
          -0.5735765695571899,
          -2.7040815808732077e-08,
          -0.8191520571708679,
          -0.5499954223632812
        ],
        [
          1.141314820429784e-11,
          -1.0,
          3.276342752656092e-08,
          1.6999999284744263
        ],
        [
          0.0,
          0.0,
          0.0,
          1.0
        ]
      ],
      "camera_intrinsics": [
        [
          685.5110473632812,
          0.0,
          480.0
        ],
        [
          0.0,
          685.5110473632812,
          270.0
        ],
        [
          0.0,
          0.0,
          1.0
        ]
      ],
      "data_path": "D:\\Agent-AI\\outputs\\s3a_ml_long_v2\\sample_000005\\images\\CAM_FRONT_RIGHT.png",
      "raw_layout": "bgra8"
    },
    "CAM_FRONT_LEFT": {
      "type_id": "sensor.camera.rgb",
      "blueprint_attributes": {
        "role_name": "front",
        "ros_name": "sensor.camera.rgb",
        "chromatic_aberration_offset": "0.0",
        "sensor_tick": "0.100000",
        "fstop": "1.4",
        "image_size_x": "960",
        "image_size_y": "540",
        "fov": "70.00",
        "lens_circle_falloff": "5.0",
        "lens_circle_multiplier": "0.0",
        "exposure_compensation": "0.0",
        "lens_y_size": "0.08",
        "lens_k": "-1.0",
        "exposure_mode": "histogram",
        "lens_kcube": "0.0",
        "lens_x_size": "0.08",
        "exposure_max_bright": "12.0",
        "shutter_speed": "200.0",
        "bloom_intensity": "0.675",
        "iso": "100.0",
        "enable_postprocess_effects": "false",
        "gamma": "2.2",
        "motion_blur_intensity": "0.0",
        "motion_blur_max_distortion": "0.35",
        "lens_flare_intensity": "0.1",
        "motion_blur_min_object_screen_size": "0.1",
        "exposure_min_bright": "10.0",
        "exposure_speed_up": "3.0",
        "exposure_speed_down": "1.0",
        "tint": "0.0",
        "calibration_constant": "16.0",
        "focal_distance": "1000.0",
        "min_fstop": "1.2",
        "blade_count": "5",
        "blur_amount": "0.0",
        "blur_radius": "0.0",
        "slope": "0.88",
        "toe": "0.55",
        "white_clip": "0.04",
        "shoulder": "0.26",
        "black_clip": "0.0",
        "temp": "6500.0",
        "chromatic_aberration_intensity": "0.0"
      },
      "transform_carla": {
        "location": {
          "x": 105.78014373779297,
          "y": -24.43480110168457,
          "z": 1.7031874656677246
        },
        "rotation": {
          "roll": -0.2980729937553406,
          "pitch": 0.23657724261283875,
          "yaw": -146.3292999267578
        }
      },
      "matrix_world_from_sensor_carla": [
        [
          -0.8322306871414185,
          0.5544292330741882,
          0.0005520253907889128,
          105.78014373779297
        ],
        [
          -0.5544141530990601,
          -0.8322145938873291,
          0.0066187637858092785,
          -24.43480110168457
        ],
        [
          0.00412904005497694,
          0.005202287808060646,
          0.9999779462814331,
          1.7031874656677246
        ],
        [
          0.0,
          0.0,
          0.0,
          1.0
        ]
      ],
      "matrix_world_from_sensor_bevfusion": [
        [
          0.5544292330741882,
          -0.0005520253907889128,
          -0.8322306871414185,
          105.78014373779297
        ],
        [
          0.8322145938873291,
          0.0066187637858092785,
          0.5544141530990601,
          24.43480110168457
        ],
        [
          0.005202287808060646,
          -0.9999779462814331,
          0.00412904005497694,
          1.7031874656677246
        ],
        [
          0.0,
          0.0,
          0.0,
          1.0
        ]
      ],
      "matrix_ego_from_sensor_carla": [
        [
          0.5735765695571899,
          0.8191520571708679,
          -9.306790005325638e-09,
          1.299997329711914
        ],
        [
          -0.8191519975662231,
          0.5735765099525452,
          1.0212088064065483e-08,
          -0.5500030517578125
        ],
        [
          1.324744136610434e-08,
          1.685530603978691e-09,
          1.0,
          1.6999999284744263
        ],
        [
          0.0,
          0.0,
          0.0,
          1.0
        ]
      ],
      "matrix_ego_from_sensor_bevfusion": [
        [
          0.8191520571708679,
          9.306790005325638e-09,
          0.5735765695571899,
          1.299997329711914
        ],
        [
          -0.5735765099525452,
          1.0212088064065483e-08,
          0.8191519975662231,
          0.5500030517578125
        ],
        [
          1.685530603978691e-09,
          -1.0,
          1.324744136610434e-08,
          1.6999999284744263
        ],
        [
          0.0,
          0.0,
          0.0,
          1.0
        ]
      ],
      "camera_intrinsics": [
        [
          685.5110473632812,
          0.0,
          480.0
        ],
        [
          0.0,
          685.5110473632812,
          270.0
        ],
        [
          0.0,
          0.0,
          1.0
        ]
      ],
      "data_path": "D:\\Agent-AI\\outputs\\s3a_ml_long_v2\\sample_000005\\images\\CAM_FRONT_LEFT.png",
      "raw_layout": "bgra8"
    },
    "CAM_BACK": {
      "type_id": "sensor.camera.rgb",
      "blueprint_attributes": {
        "role_name": "front",
        "ros_name": "sensor.camera.rgb",
        "chromatic_aberration_offset": "0.0",
        "sensor_tick": "0.100000",
        "fstop": "1.4",
        "image_size_x": "960",
        "image_size_y": "540",
        "fov": "70.00",
        "lens_circle_falloff": "5.0",
        "lens_circle_multiplier": "0.0",
        "exposure_compensation": "0.0",
        "lens_y_size": "0.08",
        "lens_k": "-1.0",
        "exposure_mode": "histogram",
        "lens_kcube": "0.0",
        "lens_x_size": "0.08",
        "exposure_max_bright": "12.0",
        "shutter_speed": "200.0",
        "bloom_intensity": "0.675",
        "iso": "100.0",
        "enable_postprocess_effects": "false",
        "gamma": "2.2",
        "motion_blur_intensity": "0.0",
        "motion_blur_max_distortion": "0.35",
        "lens_flare_intensity": "0.1",
        "motion_blur_min_object_screen_size": "0.1",
        "exposure_min_bright": "10.0",
        "exposure_speed_up": "3.0",
        "exposure_speed_down": "1.0",
        "tint": "0.0",
        "calibration_constant": "16.0",
        "focal_distance": "1000.0",
        "min_fstop": "1.2",
        "blade_count": "5",
        "blur_amount": "0.0",
        "blur_radius": "0.0",
        "slope": "0.88",
        "toe": "0.55",
        "white_clip": "0.04",
        "shoulder": "0.26",
        "black_clip": "0.0",
        "temp": "6500.0",
        "chromatic_aberration_intensity": "0.0"
      },
      "transform_carla": {
        "location": {
          "x": 106.39607238769531,
          "y": -21.598384857177734,
          "z": 1.684073567390442
        },
        "rotation": {
          "roll": -0.022826753556728363,
          "pitch": -0.37986093759536743,
          "yaw": 88.67139434814453
        }
      },
      "matrix_world_from_sensor_carla": [
        [
          0.023185959085822105,
          -0.9997310638427734,
          0.0005520159611478448,
          106.39607238769531
        ],
        [
          0.9997091889381409,
          0.023189108818769455,
          0.006618755869567394,
          -21.598384857177734
        ],
        [
          -0.006629775743931532,
          0.00039839325472712517,
          0.9999779462814331,
          1.684073567390442
        ],
        [
          0.0,
          0.0,
          0.0,
          1.0
        ]
      ],
      "matrix_world_from_sensor_bevfusion": [
        [
          -0.9997310638427734,
          -0.0005520159611478448,
          0.023185959085822105,
          106.39607238769531
        ],
        [
          -0.023189108818769455,
          0.006618755869567394,
          -0.9997091889381409,
          21.598384857177734
        ],
        [
          0.00039839325472712517,
          -0.9999779462814331,
          -0.006629775743931532,
          1.684073567390442
        ],
        [
          0.0,
          0.0,
          0.0,
          1.0
        ]
      ],
      "matrix_ego_from_sensor_carla": [
        [
          -1.0000001192092896,
          2.0813519086004817e-07,
          -9.248867782751802e-10,
          -1.5500011444091797
        ],
        [
          -2.076709080256478e-07,
          -1.0,
          9.861734762139918e-10,
          0.0
        ],
        [
          -6.435796340298339e-12,
          9.055228233911805e-10,
          1.0,
          1.6999999284744263
        ],
        [
          0.0,
          0.0,
          0.0,
          1.0
        ]
      ],
      "matrix_ego_from_sensor_bevfusion": [
        [
          2.0813519086004817e-07,
          9.248867782751802e-10,
          -1.0000001192092896,
          -1.5500011444091797
        ],
        [
          1.0,
          9.861734762139918e-10,
          2.076709080256478e-07,
          0.0
        ],
        [
          9.055228233911805e-10,
          -1.0,
          -6.435796340298339e-12,
          1.6999999284744263
        ],
        [
          0.0,
          0.0,
          0.0,
          1.0
        ]
      ],
      "camera_intrinsics": [
        [
          685.5110473632812,
          0.0,
          480.0
        ],
        [
          0.0,
          685.5110473632812,
          270.0
        ],
        [
          0.0,
          0.0,
          1.0
        ]
      ],
      "data_path": "D:\\Agent-AI\\outputs\\s3a_ml_long_v2\\sample_000005\\images\\CAM_BACK.png",
      "raw_layout": "bgra8"
    },
    "CAM_BACK_LEFT": {
      "type_id": "sensor.camera.rgb",
      "blueprint_attributes": {
        "role_name": "front",
        "ros_name": "sensor.camera.rgb",
        "chromatic_aberration_offset": "0.0",
        "sensor_tick": "0.100000",
        "fstop": "1.4",
        "image_size_x": "960",
        "image_size_y": "540",
        "fov": "70.00",
        "lens_circle_falloff": "5.0",
        "lens_circle_multiplier": "0.0",
        "exposure_compensation": "0.0",
        "lens_y_size": "0.08",
        "lens_k": "-1.0",
        "exposure_mode": "histogram",
        "lens_kcube": "0.0",
        "lens_x_size": "0.08",
        "exposure_max_bright": "12.0",
        "shutter_speed": "200.0",
        "bloom_intensity": "0.675",
        "iso": "100.0",
        "enable_postprocess_effects": "false",
        "gamma": "2.2",
        "motion_blur_intensity": "0.0",
        "motion_blur_max_distortion": "0.35",
        "lens_flare_intensity": "0.1",
        "motion_blur_min_object_screen_size": "0.1",
        "exposure_min_bright": "10.0",
        "exposure_speed_up": "3.0",
        "exposure_speed_down": "1.0",
        "tint": "0.0",
        "calibration_constant": "16.0",
        "focal_distance": "1000.0",
        "min_fstop": "1.2",
        "blade_count": "5",
        "blur_amount": "0.0",
        "blur_radius": "0.0",
        "slope": "0.88",
        "toe": "0.55",
        "white_clip": "0.04",
        "shoulder": "0.26",
        "black_clip": "0.0",
        "temp": "6500.0",
        "chromatic_aberration_intensity": "0.0"
      },
      "transform_carla": {
        "location": {
          "x": 105.84042358398438,
          "y": -21.83555793762207,
          "z": 1.6859499216079712
        },
        "rotation": {
          "roll": -0.3242577612400055,
          "pitch": -0.1991819590330124,
          "yaw": 143.671875
        }
      },
      "matrix_world_from_sensor_carla": [
        [
          -0.8056327104568481,
          -0.5924152135848999,
          0.0005519876722246408,
          105.84042358398438
        ],
        [
          0.5924052596092224,
          -0.8056129217147827,
          0.0066187744960188866,
          -21.83555793762207
        ],
        [
          -0.0034763740841299295,
          0.005659301299601793,
          0.9999779462814331,
          1.6859499216079712
        ],
        [
          0.0,
          0.0,
          0.0,
          1.0
        ]
      ],
      "matrix_world_from_sensor_bevfusion": [
        [
          -0.5924152135848999,
          -0.0005519876722246408,
          -0.8056327104568481,
          105.84042358398438
        ],
        [
          0.8056129217147827,
          0.0066187744960188866,
          -0.5924052596092224,
          21.83555793762207
        ],
        [
          0.005659301299601793,
          -0.9999779462814331,
          -0.0034763740841299295,
          1.6859499216079712
        ],
        [
          0.0,
          0.0,
          0.0,
          1.0
        ]
      ],
      "matrix_ego_from_sensor_carla": [
        [
          -0.5735765695571899,
          0.8191519975662231,
          -1.9085677038788162e-08,
          -1.3000011444091797
        ],
        [
          -0.8191521167755127,
          -0.5735765099525452,
          -2.7739307739693686e-08,
          -0.5500030517578125
        ],
        [
          -3.322908881386866e-08,
          -4.770744355120371e-10,
          1.0,
          1.6999998092651367
        ],
        [
          0.0,
          0.0,
          0.0,
          1.0
        ]
      ],
      "matrix_ego_from_sensor_bevfusion": [
        [
          0.8191519975662231,
          1.9085677038788162e-08,
          -0.5735765695571899,
          -1.3000011444091797
        ],
        [
          0.5735765099525452,
          -2.7739307739693686e-08,
          0.8191521167755127,
          0.5500030517578125
        ],
        [
          -4.770744355120371e-10,
          -1.0,
          -3.322908881386866e-08,
          1.6999998092651367
        ],
        [
          0.0,
          0.0,
          0.0,
          1.0
        ]
      ],
      "camera_intrinsics": [
        [
          685.5110473632812,
          0.0,
          480.0
        ],
        [
          0.0,
          685.5110473632812,
          270.0
        ],
        [
          0.0,
          0.0,
          1.0
        ]
      ],
      "data_path": "D:\\Agent-AI\\outputs\\s3a_ml_long_v2\\sample_000005\\images\\CAM_BACK_LEFT.png",
      "raw_layout": "bgra8"
    },
    "CAM_BACK_RIGHT": {
      "type_id": "sensor.camera.rgb",
      "blueprint_attributes": {
        "role_name": "front",
        "ros_name": "sensor.camera.rgb",
        "chromatic_aberration_offset": "0.0",
        "sensor_tick": "0.100000",
        "fstop": "1.4",
        "image_size_x": "960",
        "image_size_y": "540",
        "fov": "70.00",
        "lens_circle_falloff": "5.0",
        "lens_circle_multiplier": "0.0",
        "exposure_compensation": "0.0",
        "lens_y_size": "0.08",
        "lens_k": "-1.0",
        "exposure_mode": "histogram",
        "lens_kcube": "0.0",
        "lens_x_size": "0.08",
        "exposure_max_bright": "12.0",
        "shutter_speed": "200.0",
        "bloom_intensity": "0.675",
        "iso": "100.0",
        "enable_postprocess_effects": "false",
        "gamma": "2.2",
        "motion_blur_intensity": "0.0",
        "motion_blur_max_distortion": "0.35",
        "lens_flare_intensity": "0.1",
        "motion_blur_min_object_screen_size": "0.1",
        "exposure_min_bright": "10.0",
        "exposure_speed_up": "3.0",
        "exposure_speed_down": "1.0",
        "tint": "0.0",
        "calibration_constant": "16.0",
        "focal_distance": "1000.0",
        "min_fstop": "1.2",
        "blade_count": "5",
        "blur_amount": "0.0",
        "blur_radius": "0.0",
        "slope": "0.88",
        "toe": "0.55",
        "white_clip": "0.04",
        "shoulder": "0.26",
        "black_clip": "0.0",
        "temp": "6500.0",
        "chromatic_aberration_intensity": "0.0"
      },
      "transform_carla": {
        "location": {
          "x": 106.94013214111328,
          "y": -21.861066818237305,
          "z": 1.6855119466781616
        },
        "rotation": {
          "roll": 0.2980729639530182,
          "pitch": -0.23657724261283875,
          "yaw": 33.67070388793945
        }
      },
      "matrix_world_from_sensor_carla": [
        [
          0.8322306275367737,
          -0.5544293522834778,
          0.0005520251579582691,
          106.94013214111328
        ],
        [
          0.5544142723083496,
          0.8322145342826843,
          0.006618763320147991,
          -21.861066818237305
        ],
        [
          -0.00412904005497694,
          -0.0052022868767380714,
          0.9999779462814331,
          1.6855119466781616
        ],
        [
          0.0,
          0.0,
          0.0,
          1.0
        ]
      ],
      "matrix_world_from_sensor_bevfusion": [
        [
          -0.5544293522834778,
          -0.0005520251579582691,
          0.8322306275367737,
          106.94013214111328
        ],
        [
          -0.8322145342826843,
          0.006618763320147991,
          -0.5544142723083496,
          21.861066818237305
        ],
        [
          -0.0052022868767380714,
          -0.9999779462814331,
          -0.00412904005497694,
          1.6855119466781616
        ],
        [
          0.0,
          0.0,
          0.0,
          1.0
        ]
      ],
      "matrix_ego_from_sensor_carla": [
        [
          -0.5735766887664795,
          -0.8191519975662231,
          -8.841128718017899e-09,
          -1.2999992370605469
        ],
        [
          0.8191519379615784,
          -0.5735766291618347,
          1.0008361250868347e-08,
          0.5500030517578125
        ],
        [
          -1.27817800787966e-08,
          -1.2198898557969073e-09,
          1.0,
          1.7000000476837158
        ],
        [
          0.0,
          0.0,
          0.0,
          1.0
        ]
      ],
      "matrix_ego_from_sensor_bevfusion": [
        [
          -0.8191519975662231,
          8.841128718017899e-09,
          -0.5735766887664795,
          -1.2999992370605469
        ],
        [
          0.5735766291618347,
          1.0008361250868347e-08,
          -0.8191519379615784,
          -0.5500030517578125
        ],
        [
          -1.2198898557969073e-09,
          -1.0,
          -1.27817800787966e-08,
          1.7000000476837158
        ],
        [
          0.0,
          0.0,
          0.0,
          1.0
        ]
      ],
      "camera_intrinsics": [
        [
          685.5110473632812,
          0.0,
          480.0
        ],
        [
          0.0,
          685.5110473632812,
          270.0
        ],
        [
          0.0,
          0.0,
          1.0
        ]
      ],
      "data_path": "D:\\Agent-AI\\outputs\\s3a_ml_long_v2\\sample_000005\\images\\CAM_BACK_RIGHT.png",
      "raw_layout": "bgra8"
    },
    "LIDAR_TOP": {
      "type_id": "sensor.lidar.ray_cast",
      "blueprint_attributes": {
        "atmosphere_attenuation_rate": "0.004",
        "role_name": "front",
        "noise_seed": "0",
        "upper_fov": "10.0",
        "ros_name": "sensor.lidar.ray_cast",
        "sensor_tick": "0.100000",
        "channels": "32",
        "range": "120.0",
        "points_per_second": "360000",
        "lower_fov": "-30.0",
        "rotation_frequency": "10.000000",
        "horizontal_fov": "360.0",
        "dropoff_general_rate": "0.0",
        "dropoff_intensity_limit": "1.0",
        "noise_stddev": "0.0",
        "dropoff_zero_intensity": "0.0"
      },
      "transform_carla": {
        "location": {
          "x": 106.36040496826172,
          "y": -23.14462661743164,
          "z": 2.19433856010437
        },
        "rotation": {
          "roll": 0.02282661944627762,
          "pitch": 0.37986093759536743,
          "yaw": -91.32862091064453
        }
      },
      "matrix_world_from_sensor_carla": [
        [
          -0.02318616583943367,
          0.9997310042381287,
          0.0005520149716176093,
          106.36040496826172
        ],
        [
          -0.9997091293334961,
          -0.02318931557238102,
          0.00661875493824482,
          -23.14462661743164
        ],
        [
          0.006629775743931532,
          -0.00039839089731685817,
          0.9999779462814331,
          2.19433856010437
        ],
        [
          0.0,
          0.0,
          0.0,
          1.0
        ]
      ],
      "matrix_world_from_sensor_bevfusion": [
        [
          -0.02318616583943367,
          -0.9997310042381287,
          0.0005520149716176093,
          106.36040496826172
        ],
        [
          0.9997091293334961,
          -0.02318931557238102,
          -0.00661875493824482,
          23.14462661743164
        ],
        [
          0.006629775743931532,
          0.00039839089731685817,
          0.9999779462814331,
          2.19433856010437
        ],
        [
          0.0,
          0.0,
          0.0,
          1.0
        ]
      ],
      "matrix_ego_from_sensor_carla": [
        [
          1.0,
          -1.4259776692782111e-09,
          6.435796340298339e-12,
          0.0
        ],
        [
          -4.649035600934326e-10,
          1.0,
          -3.3567107426968334e-12,
          -1.52587890625e-05
        ],
        [
          6.435796340298339e-12,
          2.574776156172298e-11,
          1.0,
          2.200000047683716
        ],
        [
          0.0,
          0.0,
          0.0,
          1.0
        ]
      ],
      "matrix_ego_from_sensor_bevfusion": [
        [
          1.0,
          1.4259776692782111e-09,
          6.435796340298339e-12,
          0.0
        ],
        [
          4.649035600934326e-10,
          1.0,
          3.3567107426968334e-12,
          1.52587890625e-05
        ],
        [
          6.435796340298339e-12,
          -2.574776156172298e-11,
          1.0,
          2.200000047683716
        ],
        [
          0.0,
          0.0,
          0.0,
          1.0
        ]
      ],
      "data_path": "D:\\Agent-AI\\outputs\\s3a_ml_long_v2\\sample_000005\\lidar\\LIDAR_TOP.npy",
      "raw_layout": [
        "x",
        "y",
        "z",
        "intensity"
      ]
    },
    "RADAR_FRONT": {
      "type_id": "sensor.other.radar",
      "blueprint_attributes": {
        "sensor_tick": "0.100000",
        "role_name": "default",
        "noise_seed": "0",
        "ros_name": "sensor.other.radar",
        "horizontal_fov": "35.0",
        "points_per_second": "1500",
        "vertical_fov": "20.0",
        "range": "120.0"
      },
      "transform_carla": {
        "location": {
          "x": 106.31331634521484,
          "y": -25.15264892578125,
          "z": 0.9076268672943115
        },
        "rotation": {
          "roll": 0.02282661944627762,
          "pitch": 0.37986093759536743,
          "yaw": -91.32862091064453
        }
      },
      "matrix_world_from_sensor_carla": [
        [
          -0.02318616583943367,
          0.9997310042381287,
          0.0005520149716176093,
          106.31331634521484
        ],
        [
          -0.9997091293334961,
          -0.02318931557238102,
          0.00661875493824482,
          -25.15264892578125
        ],
        [
          0.006629775743931532,
          -0.00039839089731685817,
          0.9999779462814331,
          0.9076268672943115
        ],
        [
          0.0,
          0.0,
          0.0,
          1.0
        ]
      ],
      "matrix_world_from_sensor_bevfusion": [
        [
          -0.02318616583943367,
          -0.9997310042381287,
          0.0005520149716176093,
          106.31331634521484
        ],
        [
          0.9997091293334961,
          -0.02318931557238102,
          -0.00661875493824482,
          25.15264892578125
        ],
        [
          0.006629775743931532,
          0.00039839089731685817,
          0.9999779462814331,
          0.9076268672943115
        ],
        [
          0.0,
          0.0,
          0.0,
          1.0
        ]
      ],
      "matrix_ego_from_sensor_carla": [
        [
          1.0,
          -1.4259776692782111e-09,
          6.435796340298339e-12,
          2.000001907348633
        ],
        [
          -4.649035600934326e-10,
          1.0,
          -3.3567107426968334e-12,
          0.0
        ],
        [
          6.435796340298339e-12,
          2.574776156172298e-11,
          1.0,
          0.8999999761581421
        ],
        [
          0.0,
          0.0,
          0.0,
          1.0
        ]
      ],
      "matrix_ego_from_sensor_bevfusion": [
        [
          1.0,
          1.4259776692782111e-09,
          6.435796340298339e-12,
          2.000001907348633
        ],
        [
          4.649035600934326e-10,
          1.0,
          3.3567107426968334e-12,
          0.0
        ],
        [
          6.435796340298339e-12,
          -2.574776156172298e-11,
          1.0,
          0.8999999761581421
        ],
        [
          0.0,
          0.0,
          0.0,
          1.0
        ]
      ],
      "data_path": "D:\\Agent-AI\\outputs\\s3a_ml_long_v2\\sample_000005\\radar\\RADAR_FRONT.npy",
      "raw_layout": [
        "velocity",
        "altitude",
        "azimuth",
        "depth"
      ]
    },
    "RADAR_FRONT_LEFT": {
      "type_id": "sensor.other.radar",
      "blueprint_attributes": {
        "sensor_tick": "0.100000",
        "role_name": "default",
        "noise_seed": "0",
        "ros_name": "sensor.other.radar",
        "horizontal_fov": "35.0",
        "points_per_second": "1500",
        "vertical_fov": "20.0",
        "range": "120.0"
      },
      "transform_carla": {
        "location": {
          "x": 105.57164001464844,
          "y": -24.785358428955078,
          "z": 0.9056051969528198
        },
        "rotation": {
          "roll": -0.2524637281894684,
          "pitch": 0.28473690152168274,
          "yaw": -136.32933044433594
        }
      },
      "matrix_world_from_sensor_carla": [
        [
          -0.7233117818832397,
          0.6905212998390198,
          0.0005519525147974491,
          105.57164001464844
        ],
        [
          -0.6905036568641663,
          -0.7232985496520996,
          0.006618693936616182,
          -24.785358428955078
        ],
        [
          0.00496957590803504,
          0.004406254272907972,
          0.9999779462814331,
          0.9056051969528198
        ],
        [
          0.0,
          0.0,
          0.0,
          1.0
        ]
      ],
      "matrix_world_from_sensor_bevfusion": [
        [
          -0.7233117818832397,
          -0.6905212998390198,
          0.0005519525147974491,
          105.57164001464844
        ],
        [
          0.6905036568641663,
          -0.7232985496520996,
          -0.006618693936616182,
          24.785358428955078
        ],
        [
          0.00496957590803504,
          -0.004406254272907972,
          0.9999779462814331,
          0.9056051969528198
        ],
        [
          0.0,
          0.0,
          0.0,
          1.0
        ]
      ],
      "matrix_ego_from_sensor_carla": [
        [
          0.7071067094802856,
          0.70710688829422,
          6.240505001642305e-08,
          1.6500015258789062
        ],
        [
          -0.70710688829422,
          0.7071066498756409,
          -6.103408622948336e-08,
          -0.75
        ],
        [
          -8.724588695940838e-08,
          -7.824051961868861e-10,
          1.0,
          0.8999999165534973
        ],
        [
          0.0,
          0.0,
          0.0,
          1.0
        ]
      ],
      "matrix_ego_from_sensor_bevfusion": [
        [
          0.7071067094802856,
          -0.70710688829422,
          6.240505001642305e-08,
          1.6500015258789062
        ],
        [
          0.70710688829422,
          0.7071066498756409,
          6.103408622948336e-08,
          0.75
        ],
        [
          -8.724588695940838e-08,
          7.824051961868861e-10,
          1.0,
          0.8999999165534973
        ],
        [
          0.0,
          0.0,
          0.0,
          1.0
        ]
      ],
      "data_path": "D:\\Agent-AI\\outputs\\s3a_ml_long_v2\\sample_000005\\radar\\RADAR_FRONT_LEFT.npy",
      "raw_layout": [
        "velocity",
        "altitude",
        "azimuth",
        "depth"
      ]
    },
    "RADAR_FRONT_RIGHT": {
      "type_id": "sensor.other.radar",
      "blueprint_attributes": {
        "sensor_tick": "0.100000",
        "role_name": "default",
        "noise_seed": "0",
        "ros_name": "sensor.other.radar",
        "horizontal_fov": "35.0",
        "points_per_second": "1500",
        "vertical_fov": "20.0",
