{
  "schema_version": "stage1.v1",
  "sample_name": "sample_000083",
  "sequence_index": 83,
  "previous_sample_name": "sample_000082",
  "frame_id": 60084,
  "timestamp": 443.3197008743882,
  "platform_timestamp": 16814599.9071701,
  "delta_seconds": 0.10000000149011612,
  "town": "Carla/Maps/Town10HD_Opt",
  "weather": {
    "cloudiness": 20.0,
    "dust_storm": 0.0,
    "fog_density": 2.0,
    "fog_distance": 0.75,
    "fog_falloff": 0.10000000149011612,
    "mie_scattering_scale": 0.029999999329447746,
    "precipitation": 0.0,
    "precipitation_deposits": 0.0,
    "rayleigh_scattering_scale": 0.03310000151395798,
    "scattering_intensity": 1.0,
    "sun_altitude_angle": 45.0,
    "sun_azimuth_angle": 300.0,
    "wetness": 0.0,
    "wind_intensity": 10.0
  },
  "sensor_names": [
    "CAM_FRONT",
    "CAM_FRONT_RIGHT",
    "CAM_FRONT_LEFT",
    "CAM_BACK",
    "CAM_BACK_LEFT",
    "CAM_BACK_RIGHT",
    "LIDAR_TOP",
    "RADAR_FRONT",
    "RADAR_FRONT_LEFT",
    "RADAR_FRONT_RIGHT",
    "RADAR_BACK_LEFT",
    "RADAR_BACK_RIGHT"
  ],
  "camera_order_for_model": [
    "CAM_FRONT",
    "CAM_FRONT_RIGHT",
    "CAM_FRONT_LEFT",
    "CAM_BACK",
    "CAM_BACK_LEFT",
    "CAM_BACK_RIGHT"
  ],
  "radar_order_for_model": [
    "RADAR_FRONT",
    "RADAR_FRONT_LEFT",
    "RADAR_FRONT_RIGHT",
    "RADAR_BACK_LEFT",
    "RADAR_BACK_RIGHT"
  ],
  "coordinate_notes": {
    "carla_world": "left-handed x-forward y-right z-up",
    "bevfusion_lidar": "x-forward y-left z-up",
    "camera_frame_for_model": "OpenCV style x-right y-down z-forward"
  },
  "ego": {
    "actor_id": 28,
    "transform_carla": {
      "location": {
        "x": 78.16787719726562,
        "y": -62.007625579833984,
        "z": -0.00410259235650301
      },
      "rotation": {
        "roll": 0.03360699489712715,
        "pitch": -0.10730226337909698,
        "yaw": -160.22215270996094
      }
    },
    "velocity_carla": [
      -2.803684711456299,
      -0.9391648769378662,
      -2.0408629097801168e-06
    ],
    "angular_velocity_carla": [
      -0.09578002244234085,
      0.1566930115222931,
      -2.5024476051330566
    ],
    "matrix_world_from_ego_carla": [
      [
        -0.941010057926178,
        0.338375061750412,
        -0.0015638303011655807,
        78.16787719726562
      ],
      [
        -0.33837348222732544,
        -0.9410111308097839,
        -0.0011856518685817719,
        -62.007625579833984
      ],
      [
        -0.0018727767746895552,
        -0.0005865516723133624,
        0.9999980926513672,
        -0.00410259235650301
      ],
      [
        0.0,
        0.0,
        0.0,
        1.0
      ]
    ],
    "matrix_world_from_ego_bevfusion": [
      [
        -0.941010057926178,
        -0.338375061750412,
        -0.0015638303011655807,
        78.16787719726562
      ],
      [
        0.33837348222732544,
        -0.9410111308097839,
        0.0011856518685817719,
        62.007625579833984
      ],
      [
        -0.0018727767746895552,
        0.0005865516723133624,
        0.9999980926513672,
        -0.00410259235650301
      ],
      [
        0.0,
        0.0,
        0.0,
        1.0
      ]
    ]
  },
  "sensors": {
    "CAM_FRONT": {
      "type_id": "sensor.camera.rgb",
      "blueprint_attributes": {
        "role_name": "front",
        "ros_name": "sensor.camera.rgb",
        "chromatic_aberration_offset": "0.0",
        "sensor_tick": "0.100000",
        "fstop": "1.4",
        "image_size_x": "960",
        "image_size_y": "540",
        "fov": "70.00",
        "lens_circle_falloff": "5.0",
        "lens_circle_multiplier": "0.0",
        "exposure_compensation": "0.0",
        "lens_y_size": "0.08",
        "lens_k": "-1.0",
        "exposure_mode": "histogram",
        "lens_kcube": "0.0",
        "lens_x_size": "0.08",
        "exposure_max_bright": "12.0",
        "shutter_speed": "200.0",
        "bloom_intensity": "0.675",
        "iso": "100.0",
        "enable_postprocess_effects": "false",
        "gamma": "2.2",
        "motion_blur_intensity": "0.0",
        "motion_blur_max_distortion": "0.35",
        "lens_flare_intensity": "0.1",
        "motion_blur_min_object_screen_size": "0.1",
        "exposure_min_bright": "10.0",
        "exposure_speed_up": "3.0",
        "exposure_speed_down": "1.0",
        "tint": "0.0",
        "calibration_constant": "16.0",
        "focal_distance": "1000.0",
        "min_fstop": "1.2",
        "blade_count": "5",
        "blur_amount": "0.0",
        "blur_radius": "0.0",
        "slope": "0.88",
        "toe": "0.55",
        "white_clip": "0.04",
        "shoulder": "0.26",
        "black_clip": "0.0",
        "temp": "6500.0",
        "chromatic_aberration_intensity": "0.0"
      },
      "transform_carla": {
        "location": {
          "x": 76.70664978027344,
          "y": -62.53411865234375,
          "z": 1.6929912567138672
        },
        "rotation": {
          "roll": 0.03360699489712715,
          "pitch": -0.10730226337909698,
          "yaw": -160.22215270996094
        }
      },
      "matrix_world_from_sensor_carla": [
        [
          -0.941010057926178,
          0.338375061750412,
          -0.0015638303011655807,
          76.70664978027344
        ],
        [
          -0.33837348222732544,
          -0.9410111308097839,
          -0.0011856518685817719,
          -62.53411865234375
        ],
        [
          -0.0018727767746895552,
          -0.0005865516723133624,
          0.9999980926513672,
          1.6929912567138672
        ],
        [
          0.0,
          0.0,
          0.0,
          1.0
        ]
      ],
      "matrix_world_from_sensor_bevfusion": [
        [
          0.338375061750412,
          0.0015638303011655807,
          -0.941010057926178,
          76.70664978027344
        ],
        [
          0.9410111308097839,
          -0.0011856518685817719,
          0.33837348222732544,
          62.53411865234375
        ],
        [
          -0.0005865516723133624,
          -0.9999980926513672,
          -0.0018727767746895552,
          1.6929912567138672
        ],
        [
          0.0,
          0.0,
          0.0,
          1.0
        ]
      ],
      "matrix_ego_from_sensor_carla": [
        [
          1.0,
          -1.8855446981547175e-08,
          7.957834391447705e-11,
          1.5500030517578125
        ],
        [
          1.3131256082488107e-09,
          1.0,
          1.2812861882594007e-11,
          7.62939453125e-06
        ],
        [
          -4.162588329581496e-11,
          4.777417697554576e-11,
          1.0,
          1.6999998092651367
        ],
        [
          0.0,
          0.0,
          0.0,
          1.0
        ]
      ],
      "matrix_ego_from_sensor_bevfusion": [
        [
          -1.8855446981547175e-08,
          -7.957834391447705e-11,
          1.0,
          1.5500030517578125
        ],
        [
          -1.0,
          1.2812861882594007e-11,
          -1.3131256082488107e-09,
          -7.62939453125e-06
        ],
        [
          4.777417697554576e-11,
          -1.0,
          -4.162588329581496e-11,
          1.6999998092651367
        ],
        [
          0.0,
          0.0,
          0.0,
          1.0
        ]
      ],
      "camera_intrinsics": [
        [
          685.5110473632812,
          0.0,
          480.0
        ],
        [
          0.0,
          685.5110473632812,
          270.0
        ],
        [
          0.0,
          0.0,
          1.0
        ]
      ],
      "data_path": "D:\\Agent-AI\\outputs\\s3a_ml_long_v2\\sample_000083\\images\\CAM_FRONT.png",
      "raw_layout": "bgra8"
    },
    "CAM_FRONT_RIGHT": {
      "type_id": "sensor.camera.rgb",
      "blueprint_attributes": {
        "role_name": "front",
        "ros_name": "sensor.camera.rgb",
        "chromatic_aberration_offset": "0.0",
        "sensor_tick": "0.100000",
        "fstop": "1.4",
        "image_size_x": "960",
        "image_size_y": "540",
        "fov": "70.00",
        "lens_circle_falloff": "5.0",
        "lens_circle_multiplier": "0.0",
        "exposure_compensation": "0.0",
        "lens_y_size": "0.08",
        "lens_k": "-1.0",
        "exposure_mode": "histogram",
        "lens_kcube": "0.0",
        "lens_x_size": "0.08",
        "exposure_max_bright": "12.0",
        "shutter_speed": "200.0",
        "bloom_intensity": "0.675",
        "iso": "100.0",
        "enable_postprocess_effects": "false",
        "gamma": "2.2",
        "motion_blur_intensity": "0.0",
        "motion_blur_max_distortion": "0.35",
        "lens_flare_intensity": "0.1",
        "motion_blur_min_object_screen_size": "0.1",
        "exposure_min_bright": "10.0",
        "exposure_speed_up": "3.0",
        "exposure_speed_down": "1.0",
        "tint": "0.0",
        "calibration_constant": "16.0",
        "focal_distance": "1000.0",
        "min_fstop": "1.2",
        "blade_count": "5",
        "blur_amount": "0.0",
        "blur_radius": "0.0",
        "slope": "0.88",
        "toe": "0.55",
        "white_clip": "0.04",
        "shoulder": "0.26",
        "black_clip": "0.0",
        "temp": "6500.0",
        "chromatic_aberration_intensity": "0.0"
      },
      "transform_carla": {
        "location": {
          "x": 77.12801361083984,
          "y": -62.96708297729492,
          "z": 1.6931370496749878
        },
        "rotation": {
          "roll": -0.06861872225999832,
          "pitch": -0.08907249569892883,
          "yaw": -105.22208404541016
        }
      },
      "matrix_world_from_sensor_carla": [
        [
          -0.26256078481674194,
          0.9649142026901245,
          -0.0015637835022062063,
          77.12801361083984
        ],
        [
          -0.9649142622947693,
          -0.26256272196769714,
          -0.0011856148485094309,
          -62.96708297729492
        ],
        [
          -0.0015546077629551291,
          0.0011976209934800863,
          0.9999980926513672,
          1.6931370496749878
        ],
        [
          0.0,
          0.0,
          0.0,
          1.0
        ]
      ],
      "matrix_world_from_sensor_bevfusion": [
        [
          0.9649142026901245,
          0.0015637835022062063,
          -0.26256078481674194,
          77.12801361083984
        ],
        [
          0.26256272196769714,
          -0.0011856148485094309,
          0.9649142622947693,
          62.96708297729492
        ],
        [
          0.0011976209934800863,
          -0.9999980926513672,
          -0.0015546077629551291,
          1.6931370496749878
        ],
        [
          0.0,
          0.0,
          0.0,
          1.0
        ]
      ],
      "matrix_ego_from_sensor_carla": [
        [
          0.5735766291618347,
          -0.8191519379615784,
          -5.66146844960258e-08,
          1.2999992370605469
        ],
        [
          0.8191519975662231,
          0.5735766291618347,
          -1.9021092256821248e-08,
          0.5500106811523438
        ],
        [
          4.822698684847637e-08,
          -3.5417617283428626e-08,
          1.0,
          1.7000000476837158
        ],
        [
          0.0,
          0.0,
          0.0,
          1.0
        ]
      ],
      "matrix_ego_from_sensor_bevfusion": [
        [
          -0.8191519379615784,
          5.66146844960258e-08,
          0.5735766291618347,
          1.2999992370605469
        ],
        [
          -0.5735766291618347,
          -1.9021092256821248e-08,
          -0.8191519975662231,
          -0.5500106811523438
        ],
        [
          -3.5417617283428626e-08,
          -1.0,
          4.822698684847637e-08,
          1.7000000476837158
        ],
        [
          0.0,
          0.0,
          0.0,
          1.0
        ]
      ],
      "camera_intrinsics": [
        [
          685.5110473632812,
          0.0,
          480.0
        ],
        [
          0.0,
          685.5110473632812,
          270.0
        ],
        [
          0.0,
          0.0,
          1.0
        ]
      ],
      "data_path": "D:\\Agent-AI\\outputs\\s3a_ml_long_v2\\sample_000083\\images\\CAM_FRONT_RIGHT.png",
      "raw_layout": "bgra8"
    },
    "CAM_FRONT_LEFT": {
      "type_id": "sensor.camera.rgb",
      "blueprint_attributes": {
        "role_name": "front",
        "ros_name": "sensor.camera.rgb",
        "chromatic_aberration_offset": "0.0",
        "sensor_tick": "0.100000",
        "fstop": "1.4",
        "image_size_x": "960",
        "image_size_y": "540",
        "fov": "70.00",
        "lens_circle_falloff": "5.0",
        "lens_circle_multiplier": "0.0",
        "exposure_compensation": "0.0",
        "lens_y_size": "0.08",
        "lens_k": "-1.0",
        "exposure_mode": "histogram",
        "lens_kcube": "0.0",
        "lens_x_size": "0.08",
        "exposure_max_bright": "12.0",
        "shutter_speed": "200.0",
        "bloom_intensity": "0.675",
        "iso": "100.0",
        "enable_postprocess_effects": "false",
        "gamma": "2.2",
        "motion_blur_intensity": "0.0",
        "motion_blur_max_distortion": "0.35",
        "lens_flare_intensity": "0.1",
        "motion_blur_min_object_screen_size": "0.1",
        "exposure_min_bright": "10.0",
        "exposure_speed_up": "3.0",
        "exposure_speed_down": "1.0",
        "tint": "0.0",
        "calibration_constant": "16.0",
        "focal_distance": "1000.0",
        "min_fstop": "1.2",
        "blade_count": "5",
        "blur_amount": "0.0",
        "blur_radius": "0.0",
        "slope": "0.88",
        "toe": "0.55",
        "white_clip": "0.04",
        "shoulder": "0.26",
        "black_clip": "0.0",
        "temp": "6500.0",
        "chromatic_aberration_intensity": "0.0"
      },
      "transform_carla": {
        "location": {
          "x": 76.75579833984375,
          "y": -61.93197250366211,
          "z": 1.6937819719314575
        },
        "rotation": {
          "roll": 0.10717099905014038,
          "pitch": -0.03401434049010277,
          "yaw": 144.77783203125
        }
      },
      "matrix_world_from_sensor_carla": [
        [
          -0.8169216513633728,
          -0.5767465829849243,
          -0.0015637745382264256,
          76.75579833984375
        ],
        [
          0.5767483711242676,
          -0.8169209957122803,
          -0.0011856473283842206,
          -61.93197250366211
        ],
        [
          -0.0005936621455475688,
          -0.0018704853719100356,
          0.9999980926513672,
          1.6937819719314575
        ],
        [
          0.0,
          0.0,
          0.0,
          1.0
        ]
      ],
      "matrix_world_from_sensor_bevfusion": [
        [
          -0.5767465829849243,
          0.0015637745382264256,
          -0.8169216513633728,
          76.75579833984375
        ],
        [
          0.8169209957122803,
          -0.0011856473283842206,
          -0.5767483711242676,
          61.93197250366211
        ],
        [
          -0.0018704853719100356,
          -0.9999980926513672,
          -0.0005936621455475688,
          1.6937819719314575
        ],
        [
          0.0,
          0.0,
          0.0,
          1.0
        ]
      ],
      "matrix_ego_from_sensor_carla": [
        [
          0.5735762119293213,
          0.8191522359848022,
          -5.39371320940063e-08,
          1.2999992370605469
        ],
        [
          -0.8191522359848022,
          0.5735762119293213,
          1.4564728090249446e-08,
          -0.54998779296875
        ],
        [
          4.290259880690428e-08,
          3.604261777923057e-08,
          1.0,
          1.6999998092651367
        ],
        [
          0.0,
          0.0,
          0.0,
          1.0
        ]
      ],
      "matrix_ego_from_sensor_bevfusion": [
        [
          0.8191522359848022,
          5.39371320940063e-08,
          0.5735762119293213,
          1.2999992370605469
        ],
        [
          -0.5735762119293213,
          1.4564728090249446e-08,
          0.8191522359848022,
          0.54998779296875
        ],
        [
          3.604261777923057e-08,
          -1.0,
          4.290259880690428e-08,
          1.6999998092651367
        ],
        [
          0.0,
          0.0,
          0.0,
          1.0
        ]
      ],
      "camera_intrinsics": [
        [
          685.5110473632812,
          0.0,
          480.0
        ],
        [
          0.0,
          685.5110473632812,
          270.0
        ],
        [
          0.0,
          0.0,
          1.0
        ]
      ],
      "data_path": "D:\\Agent-AI\\outputs\\s3a_ml_long_v2\\sample_000083\\images\\CAM_FRONT_LEFT.png",
      "raw_layout": "bgra8"
    },
    "CAM_BACK": {
      "type_id": "sensor.camera.rgb",
      "blueprint_attributes": {
        "role_name": "front",
        "ros_name": "sensor.camera.rgb",
        "chromatic_aberration_offset": "0.0",
        "sensor_tick": "0.100000",
        "fstop": "1.4",
        "image_size_x": "960",
        "image_size_y": "540",
        "fov": "70.00",
        "lens_circle_falloff": "5.0",
        "lens_circle_multiplier": "0.0",
        "exposure_compensation": "0.0",
        "lens_y_size": "0.08",
        "lens_k": "-1.0",
        "exposure_mode": "histogram",
        "lens_kcube": "0.0",
        "lens_x_size": "0.08",
        "exposure_max_bright": "12.0",
        "shutter_speed": "200.0",
        "bloom_intensity": "0.675",
        "iso": "100.0",
        "enable_postprocess_effects": "false",
        "gamma": "2.2",
        "motion_blur_intensity": "0.0",
        "motion_blur_max_distortion": "0.35",
        "lens_flare_intensity": "0.1",
        "motion_blur_min_object_screen_size": "0.1",
        "exposure_min_bright": "10.0",
        "exposure_speed_up": "3.0",
        "exposure_speed_down": "1.0",
        "tint": "0.0",
        "calibration_constant": "16.0",
        "focal_distance": "1000.0",
        "min_fstop": "1.2",
        "blade_count": "5",
        "blur_amount": "0.0",
        "blur_radius": "0.0",
        "slope": "0.88",
        "toe": "0.55",
        "white_clip": "0.04",
        "shoulder": "0.26",
        "black_clip": "0.0",
        "temp": "6500.0",
        "chromatic_aberration_intensity": "0.0"
      },
      "transform_carla": {
        "location": {
          "x": 79.623779296875,
          "y": -61.485164642333984,
          "z": 1.6987967491149902
        },
        "rotation": {
          "roll": -0.03360695019364357,
          "pitch": 0.10730226337909698,
          "yaw": 19.777856826782227
        }
      },
      "matrix_world_from_sensor_carla": [
        [
          0.9410099983215332,
          -0.3383752405643463,
          -0.0015638303011655807,
          79.623779296875
        ],
        [
          0.33837366104125977,
          0.9410110712051392,
          -0.0011856514029204845,
          -61.485164642333984
        ],
        [
          0.0018727767746895552,
          0.0005865508574061096,
          0.9999980926513672,
          1.6987967491149902
        ],
        [
          0.0,
          0.0,
          0.0,
          1.0
        ]
      ],
      "matrix_world_from_sensor_bevfusion": [
        [
          -0.3383752405643463,
          0.0015638303011655807,
          0.9410099983215332,
          79.623779296875
        ],
        [
          -0.9410110712051392,
          -0.0011856514029204845,
          -0.33837366104125977,
          61.485164642333984
        ],
        [
          0.0005865508574061096,
          -0.9999980926513672,
          0.0018727767746895552,
          1.6987967491149902
        ],
        [
          0.0,
          0.0,
          0.0,
          1.0
        ]
      ],
      "matrix_ego_from_sensor_carla": [
        [
          -1.0,
          1.8803720536197943e-07,
          -3.683697791245777e-11,
          -1.5499954223632812
        ],
        [
          -1.6957908144377143e-07,
          -1.0,
          -4.5284842542514525e-10,
          0.0
        ],
        [
          -1.9120476035805467e-10,
          -5.134338509904524e-10,
          1.0,
          1.6999996900558472
        ],
        [
          0.0,
          0.0,
          0.0,
          1.0
        ]
      ],
      "matrix_ego_from_sensor_bevfusion": [
        [
          1.8803720536197943e-07,
          3.683697791245777e-11,
          -1.0,
          -1.5499954223632812
        ],
        [
          1.0,
          -4.5284842542514525e-10,
          1.6957908144377143e-07,
          0.0
        ],
        [
          -5.134338509904524e-10,
          -1.0,
          -1.9120476035805467e-10,
          1.6999996900558472
        ],
        [
          0.0,
          0.0,
          0.0,
          1.0
        ]
      ],
      "camera_intrinsics": [
        [
          685.5110473632812,
          0.0,
          480.0
        ],
        [
          0.0,
          685.5110473632812,
          270.0
        ],
        [
          0.0,
          0.0,
          1.0
        ]
      ],
      "data_path": "D:\\Agent-AI\\outputs\\s3a_ml_long_v2\\sample_000083\\images\\CAM_BACK.png",
      "raw_layout": "bgra8"
    },
    "CAM_BACK_LEFT": {
      "type_id": "sensor.camera.rgb",
      "blueprint_attributes": {
        "role_name": "front",
        "ros_name": "sensor.camera.rgb",
        "chromatic_aberration_offset": "0.0",
        "sensor_tick": "0.100000",
        "fstop": "1.4",
        "image_size_x": "960",
        "image_size_y": "540",
        "fov": "70.00",
        "lens_circle_falloff": "5.0",
        "lens_circle_multiplier": "0.0",
        "exposure_compensation": "0.0",
        "lens_y_size": "0.08",
        "lens_k": "-1.0",
        "exposure_mode": "histogram",
        "lens_kcube": "0.0",
        "lens_x_size": "0.08",
        "exposure_max_bright": "12.0",
        "shutter_speed": "200.0",
        "bloom_intensity": "0.675",
        "iso": "100.0",
        "enable_postprocess_effects": "false",
        "gamma": "2.2",
        "motion_blur_intensity": "0.0",
        "motion_blur_max_distortion": "0.35",
        "lens_flare_intensity": "0.1",
        "motion_blur_min_object_screen_size": "0.1",
        "exposure_min_bright": "10.0",
        "exposure_speed_up": "3.0",
        "exposure_speed_down": "1.0",
        "tint": "0.0",
        "calibration_constant": "16.0",
        "focal_distance": "1000.0",
        "min_fstop": "1.2",
        "blade_count": "5",
        "blur_amount": "0.0",
        "blur_radius": "0.0",
        "slope": "0.88",
        "toe": "0.55",
        "white_clip": "0.04",
        "shoulder": "0.26",
        "black_clip": "0.0",
        "temp": "6500.0",
        "chromatic_aberration_intensity": "0.0"
      },
      "transform_carla": {
        "location": {
          "x": 79.20242309570312,
          "y": -61.05220031738281,
          "z": 1.6986510753631592
        },
        "rotation": {
          "roll": 0.06861873716115952,
          "pitch": 0.08907249569892883,
          "yaw": 74.77789306640625
        }
      },
      "matrix_world_from_sensor_carla": [
        [
          0.2625611424446106,
          -0.964914083480835,
          -0.0015637842006981373,
          79.20242309570312
        ],
        [
          0.9649141430854797,
          0.2625630795955658,
          -0.0011856141500175,
          -61.05220031738281
        ],
        [
          0.0015546077629551291,
          -0.00119762122631073,
          0.9999980926513672,
          1.6986510753631592
        ],
        [
          0.0,
          0.0,
          0.0,
          1.0
        ]
      ],
      "matrix_world_from_sensor_bevfusion": [
        [
          -0.964914083480835,
          0.0015637842006981373,
          0.2625611424446106,
          79.20242309570312
        ],
        [
          -0.2625630795955658,
          -0.0011856141500175,
          -0.9649141430854797,
          61.05220031738281
        ],
        [
          -0.00119762122631073,
          -0.9999980926513672,
          0.0015546077629551291,
          1.6986510753631592
        ],
        [
          0.0,
          0.0,
          0.0,
          1.0
        ]
      ],
      "matrix_ego_from_sensor_carla": [
        [
          -0.5735769271850586,
          0.8191516995429993,
          -5.614902320871806e-08,
          -1.2999992370605469
        ],
        [
          -0.819151759147644,
          -0.5735769271850586,
          -1.989420717052326e-08,
          -0.5499954223632812
        ],
        [
          -4.869264813578411e-08,
          3.448629470881315e-08,
          1.0,
          1.6999996900558472
        ],
        [
          0.0,
          0.0,
          0.0,
          1.0
        ]
      ],
      "matrix_ego_from_sensor_bevfusion": [
        [
          0.8191516995429993,
          5.614902320871806e-08,
          -0.5735769271850586,
          -1.2999992370605469
        ],
        [
          0.5735769271850586,
          -1.989420717052326e-08,
          0.819151759147644,
          0.5499954223632812
        ],
        [
          3.448629470881315e-08,
          -1.0,
          -4.869264813578411e-08,
          1.6999996900558472
        ],
        [
          0.0,
          0.0,
          0.0,
          1.0
        ]
      ],
      "camera_intrinsics": [
        [
          685.5110473632812,
          0.0,
          480.0
        ],
        [
          0.0,
          685.5110473632812,
          270.0
        ],
        [
          0.0,
          0.0,
          1.0
        ]
      ],
      "data_path": "D:\\Agent-AI\\outputs\\s3a_ml_long_v2\\sample_000083\\images\\CAM_BACK_LEFT.png",
      "raw_layout": "bgra8"
    },
    "CAM_BACK_RIGHT": {
      "type_id": "sensor.camera.rgb",
      "blueprint_attributes": {
        "role_name": "front",
        "ros_name": "sensor.camera.rgb",
        "chromatic_aberration_offset": "0.0",
        "sensor_tick": "0.100000",
        "fstop": "1.4",
        "image_size_x": "960",
        "image_size_y": "540",
        "fov": "70.00",
        "lens_circle_falloff": "5.0",
        "lens_circle_multiplier": "0.0",
        "exposure_compensation": "0.0",
        "lens_y_size": "0.08",
        "lens_k": "-1.0",
        "exposure_mode": "histogram",
        "lens_kcube": "0.0",
        "lens_x_size": "0.08",
        "exposure_max_bright": "12.0",
        "shutter_speed": "200.0",
        "bloom_intensity": "0.675",
        "iso": "100.0",
        "enable_postprocess_effects": "false",
        "gamma": "2.2",
        "motion_blur_intensity": "0.0",
        "motion_blur_max_distortion": "0.35",
        "lens_flare_intensity": "0.1",
        "motion_blur_min_object_screen_size": "0.1",
        "exposure_min_bright": "10.0",
        "exposure_speed_up": "3.0",
        "exposure_speed_down": "1.0",
        "tint": "0.0",
        "calibration_constant": "16.0",
        "focal_distance": "1000.0",
        "min_fstop": "1.2",
        "blade_count": "5",
        "blur_amount": "0.0",
        "blur_radius": "0.0",
        "slope": "0.88",
        "toe": "0.55",
        "white_clip": "0.04",
        "shoulder": "0.26",
        "black_clip": "0.0",
        "temp": "6500.0",
        "chromatic_aberration_intensity": "0.0"
      },
      "transform_carla": {
        "location": {
          "x": 79.57463836669922,
          "y": -62.08731460571289,
          "z": 1.6980061531066895
        },
        "rotation": {
          "roll": -0.10717099905014038,
          "pitch": 0.03401434049010277,
          "yaw": -35.2221565246582
        }
      },
      "matrix_world_from_sensor_carla": [
        [
          0.8169218301773071,
          0.5767463445663452,
          -0.0015637741889804602,
          79.57463836669922
        ],
        [
          -0.5767481327056885,
          0.8169211745262146,
          -0.001185647794045508,
          -62.08731460571289
        ],
        [
          0.0005936621455475688,
          0.0018704853719100356,
          0.9999980926513672,
          1.6980061531066895
        ],
        [
          0.0,
          0.0,
          0.0,
          1.0
        ]
      ],
      "matrix_world_from_sensor_bevfusion": [
        [
          0.5767463445663452,
          0.0015637741889804602,
          0.8169218301773071,
          79.57463836669922
        ],
        [
          -0.8169211745262146,
          -0.001185647794045508,
          0.5767481327056885,
          62.08731460571289
        ],
        [
          0.0018704853719100356,
          -0.9999980926513672,
          0.0005936621455475688,
          1.6980061531066895
        ],
        [
          0.0,
          0.0,
          0.0,
          1.0
        ]
      ],
      "matrix_ego_from_sensor_carla": [
        [
          -0.5735764503479004,
          -0.8191520571708679,
          -5.416996273766017e-08,
          -1.3000030517578125
        ],
        [
          0.8191520571708679,
          -0.5735764503479004,
          1.514680469938412e-08,
          0.5500030517578125
        ],
        [
          -4.354288307695242e-08,
          -3.592620245740363e-08,
          1.0,
          1.6999999284744263
        ],
        [
          0.0,
          0.0,
          0.0,
          1.0
        ]
      ],
      "matrix_ego_from_sensor_bevfusion": [
        [
          -0.8191520571708679,
          5.416996273766017e-08,
          -0.5735764503479004,
          -1.3000030517578125
        ],
        [
          0.5735764503479004,
          1.514680469938412e-08,
          -0.8191520571708679,
          -0.5500030517578125
        ],
        [
          -3.592620245740363e-08,
          -1.0,
          -4.354288307695242e-08,
          1.6999999284744263
        ],
        [
          0.0,
          0.0,
          0.0,
          1.0
        ]
      ],
      "camera_intrinsics": [
        [
          685.5110473632812,
          0.0,
          480.0
        ],
        [
          0.0,
          685.5110473632812,
          270.0
        ],
        [
          0.0,
          0.0,
          1.0
        ]
      ],
      "data_path": "D:\\Agent-AI\\outputs\\s3a_ml_long_v2\\sample_000083\\images\\CAM_BACK_RIGHT.png",
      "raw_layout": "bgra8"
    },
    "LIDAR_TOP": {
      "type_id": "sensor.lidar.ray_cast",
      "blueprint_attributes": {
        "atmosphere_attenuation_rate": "0.004",
        "role_name": "front",
        "noise_seed": "0",
        "upper_fov": "10.0",
        "ros_name": "sensor.lidar.ray_cast",
        "sensor_tick": "0.100000",
        "channels": "32",
        "range": "120.0",
        "points_per_second": "360000",
        "lower_fov": "-30.0",
        "rotation_frequency": "10.000000",
        "horizontal_fov": "360.0",
        "dropoff_general_rate": "0.0",
        "dropoff_intensity_limit": "1.0",
        "noise_stddev": "0.0",
        "dropoff_zero_intensity": "0.0"
      },
      "transform_carla": {
        "location": {
          "x": 78.1644287109375,
          "y": -62.01023483276367,
          "z": 2.1958930492401123
        },
        "rotation": {
          "roll": 0.03360699489712715,
          "pitch": -0.10730226337909698,
          "yaw": -160.22215270996094
        }
      },
      "matrix_world_from_sensor_carla": [
        [
          -0.941010057926178,
          0.338375061750412,
          -0.0015638303011655807,
          78.1644287109375
        ],
        [
          -0.33837348222732544,
          -0.9410111308097839,
          -0.0011856518685817719,
          -62.01023483276367
        ],
        [
          -0.0018727767746895552,
          -0.0005865516723133624,
          0.9999980926513672,
          2.1958930492401123
        ],
        [
          0.0,
          0.0,
          0.0,
          1.0
        ]
      ],
      "matrix_world_from_sensor_bevfusion": [
        [
          -0.941010057926178,
          -0.338375061750412,
          -0.0015638303011655807,
          78.1644287109375
        ],
        [
          0.33837348222732544,
          -0.9410111308097839,
          0.0011856518685817719,
          62.01023483276367
        ],
        [
          -0.0018727767746895552,
          0.0005865516723133624,
          0.9999980926513672,
          2.1958930492401123
        ],
        [
          0.0,
          0.0,
          0.0,
          1.0
        ]
      ],
      "matrix_ego_from_sensor_carla": [
        [
          1.0,
          -1.8855446981547175e-08,
          7.957834391447705e-11,
          3.814697265625e-06
        ],
        [
          1.3131256082488107e-09,
          1.0,
          1.2812861882594007e-11,
          0.0
        ],
        [
          -4.162588329581496e-11,
          4.777417697554576e-11,
          1.0,
          2.1999998092651367
        ],
        [
          0.0,
          0.0,
          0.0,
          1.0
        ]
      ],
      "matrix_ego_from_sensor_bevfusion": [
        [
          1.0,
          1.8855446981547175e-08,
          7.957834391447705e-11,
          3.814697265625e-06
        ],
        [
          -1.3131256082488107e-09,
          1.0,
          -1.2812861882594007e-11,
          0.0
        ],
        [
          -4.162588329581496e-11,
          -4.777417697554576e-11,
          1.0,
          2.1999998092651367
        ],
        [
          0.0,
          0.0,
          0.0,
          1.0
        ]
      ],
      "data_path": "D:\\Agent-AI\\outputs\\s3a_ml_long_v2\\sample_000083\\lidar\\LIDAR_TOP.npy",
      "raw_layout": [
        "x",
        "y",
        "z",
        "intensity"
      ]
    },
    "RADAR_FRONT": {
      "type_id": "sensor.other.radar",
      "blueprint_attributes": {
        "sensor_tick": "0.100000",
        "role_name": "default",
        "noise_seed": "0",
        "ros_name": "sensor.other.radar",
        "horizontal_fov": "35.0",
        "points_per_second": "1500",
        "vertical_fov": "20.0",
        "range": "120.0"
      },
      "transform_carla": {
        "location": {
          "x": 76.2844467163086,
          "y": -62.6854362487793,
          "z": 0.8921502232551575
        },
        "rotation": {
          "roll": 0.03360699489712715,
          "pitch": -0.10730226337909698,
          "yaw": -160.22215270996094
        }
      },
      "matrix_world_from_sensor_carla": [
        [
          -0.941010057926178,
          0.338375061750412,
          -0.0015638303011655807,
          76.2844467163086
        ],
        [
          -0.33837348222732544,
          -0.9410111308097839,
          -0.0011856518685817719,
          -62.6854362487793
        ],
        [
          -0.0018727767746895552,
          -0.0005865516723133624,
          0.9999980926513672,
          0.8921502232551575
        ],
        [
          0.0,
          0.0,
          0.0,
          1.0
        ]
      ],
      "matrix_world_from_sensor_bevfusion": [
        [
          -0.941010057926178,
          -0.338375061750412,
          -0.0015638303011655807,
          76.2844467163086
        ],
        [
          0.33837348222732544,
          -0.9410111308097839,
          0.0011856518685817719,
          62.6854362487793
        ],
        [
          -0.0018727767746895552,
          0.0005865516723133624,
          0.9999980926513672,
          0.8921502232551575
        ],
        [
          0.0,
          0.0,
          0.0,
          1.0
        ]
      ],
      "matrix_ego_from_sensor_carla": [
        [
          1.0,
          -1.8855446981547175e-08,
          7.957834391447705e-11,
          2.0000038146972656
        ],
        [
          1.3131256082488107e-09,
          1.0,
          1.2812861882594007e-11,
          0.0
        ],
        [
          -4.162588329581496e-11,
          4.777417697554576e-11,
          1.0,
          0.9000000953674316
        ],
        [
          0.0,
          0.0,
          0.0,
          1.0
        ]
      ],
      "matrix_ego_from_sensor_bevfusion": [
        [
          1.0,
          1.8855446981547175e-08,
          7.957834391447705e-11,
          2.0000038146972656
        ],
        [
          -1.3131256082488107e-09,
          1.0,
          -1.2812861882594007e-11,
          0.0
        ],
        [
          -4.162588329581496e-11,
          -4.777417697554576e-11,
          1.0,
          0.9000000953674316
        ],
        [
          0.0,
          0.0,
          0.0,
          1.0
        ]
      ],
      "data_path": "D:\\Agent-AI\\outputs\\s3a_ml_long_v2\\sample_000083\\radar\\RADAR_FRONT.npy",
      "raw_layout": [
        "velocity",
        "altitude",
        "azimuth",
        "depth"
      ]
    },
    "RADAR_FRONT_LEFT": {
      "type_id": "sensor.other.radar",
      "blueprint_attributes": {
        "sensor_tick": "0.100000",
        "role_name": "default",
        "noise_seed": "0",
        "ros_name": "sensor.other.radar",
        "horizontal_fov": "35.0",
        "points_per_second": "1500",
        "vertical_fov": "20.0",
        "range": "120.0"
      },
      "transform_carla": {
        "location": {
          "x": 76.36001586914062,
          "y": -61.86124801635742,
          "z": 0.89324551820755
        },
        "rotation": {
          "roll": 0.09963612258434296,
          "pitch": -0.0521143414080143,
          "yaw": 154.77784729003906
        }
      },
      "matrix_world_from_sensor_carla": [
        [
          -0.904662013053894,
          -0.42612698674201965,
          -0.0015638783806934953,
          76.36001586914062
        ],
        [
          0.4261288642883301,
          -0.9046616554260254,
          -0.001185595290735364,
          -61.86124801635742
        ],
        [
          -0.0009095667046494782,
          -0.0017389768036082387,
          0.9999980926513672,
          0.89324551820755
        ],
        [
          0.0,
          0.0,
          0.0,
          1.0
        ]
      ],
      "matrix_world_from_sensor_bevfusion": [
        [
          -0.904662013053894,
          0.42612698674201965,
          -0.0015638783806934953,
          76.36001586914062
        ],
        [
          -0.4261288642883301,
          -0.9046616554260254,
          0.001185595290735364,
          61.86124801635742
        ],
        [
          -0.0009095667046494782,
          0.0017389768036082387,
          0.9999980926513672,
          0.89324551820755
        ],
        [
          0.0,
          0.0,
          0.0,
          1.0
        ]
      ],
      "matrix_ego_from_sensor_carla": [
        [
          0.7071070075035095,
          0.7071065306663513,
          2.6040195777454755e-08,
          1.6500015258789062
        ],
        [
          -0.7071065306663513,
          0.7071070075035095,
          -6.948713604515433e-08,
          -0.75
        ],
        [
          -6.765266391539626e-08,
          3.0778085857718906e-08,
          1.0,
          0.9000000357627869
        ],
        [
          0.0,
          0.0,
          0.0,
          1.0
        ]
      ],
      "matrix_ego_from_sensor_bevfusion": [
        [
          0.7071070075035095,
          -0.7071065306663513,
          2.6040195777454755e-08,
          1.6500015258789062
        ],
        [
          0.7071065306663513,
          0.7071070075035095,
          6.948713604515433e-08,
          0.75
        ],
        [
          -6.765266391539626e-08,
          -3.0778085857718906e-08,
          1.0,
          0.9000000357627869
        ],
        [
          0.0,
          0.0,
          0.0,
          1.0
        ]
      ],
      "data_path": "D:\\Agent-AI\\outputs\\s3a_ml_long_v2\\sample_000083\\radar\\RADAR_FRONT_LEFT.npy",
      "raw_layout": [
        "velocity",
        "altitude",
        "azimuth",
        "depth"
      ]
    },
    "RADAR_FRONT_RIGHT": {
      "type_id": "sensor.other.radar",
      "blueprint_attributes": {
        "sensor_tick": "0.100000",
        "role_name": "default",
        "noise_seed": "0",
        "ros_name": "sensor.other.radar",
        "horizontal_fov": "35.0",
        "points_per_second": "1500",
        "vertical_fov": "20.0",
