{
  "schema_version": "stage1.v1",
  "sample_name": "sample_000106",
  "sequence_index": 106,
  "previous_sample_name": "sample_000105",
  "frame_id": 60107,
  "timestamp": 445.6197009086609,
  "platform_timestamp": 16814611.1056225,
  "delta_seconds": 0.10000000149011612,
  "town": "Carla/Maps/Town10HD_Opt",
  "weather": {
    "cloudiness": 20.0,
    "dust_storm": 0.0,
    "fog_density": 2.0,
    "fog_distance": 0.75,
    "fog_falloff": 0.10000000149011612,
    "mie_scattering_scale": 0.029999999329447746,
    "precipitation": 0.0,
    "precipitation_deposits": 0.0,
    "rayleigh_scattering_scale": 0.03310000151395798,
    "scattering_intensity": 1.0,
    "sun_altitude_angle": 45.0,
    "sun_azimuth_angle": 300.0,
    "wetness": 0.0,
    "wind_intensity": 10.0
  },
  "sensor_names": [
    "CAM_FRONT",
    "CAM_FRONT_RIGHT",
    "CAM_FRONT_LEFT",
    "CAM_BACK",
    "CAM_BACK_LEFT",
    "CAM_BACK_RIGHT",
    "LIDAR_TOP",
    "RADAR_FRONT",
    "RADAR_FRONT_LEFT",
    "RADAR_FRONT_RIGHT",
    "RADAR_BACK_LEFT",
    "RADAR_BACK_RIGHT"
  ],
  "camera_order_for_model": [
    "CAM_FRONT",
    "CAM_FRONT_RIGHT",
    "CAM_FRONT_LEFT",
    "CAM_BACK",
    "CAM_BACK_LEFT",
    "CAM_BACK_RIGHT"
  ],
  "radar_order_for_model": [
    "RADAR_FRONT",
    "RADAR_FRONT_LEFT",
    "RADAR_FRONT_RIGHT",
    "RADAR_BACK_LEFT",
    "RADAR_BACK_RIGHT"
  ],
  "coordinate_notes": {
    "carla_world": "left-handed x-forward y-right z-up",
    "bevfusion_lidar": "x-forward y-left z-up",
    "camera_frame_for_model": "OpenCV style x-right y-down z-forward"
  },
  "ego": {
    "actor_id": 28,
    "transform_carla": {
      "location": {
        "x": 77.28752899169922,
        "y": -62.279911041259766,
        "z": -0.00449729897081852
      },
      "rotation": {
        "roll": -9.155274165095761e-05,
        "pitch": -0.0008879245724529028,
        "yaw": -161.72349548339844
      }
    },
    "velocity_carla": [
      1.2165742191427853e-05,
      2.992676172652864e-06,
      2.7656553811539197e-06
    ],
    "angular_velocity_carla": [
      -0.000883673201315105,
      0.0037498674355447292,
      3.6504497984424233e-06
    ],
    "matrix_world_from_ego_carla": [
      [
        -0.9495541453361511,
        0.3136030435562134,
        -1.5216543033602647e-05,
        77.28752899169922
      ],
      [
        -0.3136030435562134,
        -0.9495541453361511,
        -3.342681793583324e-06,
        -62.279911041259766
      ],
      [
        -1.5497207641601562e-05,
        1.597896812199906e-06,
        1.0,
        -0.00449729897081852
      ],
      [
        0.0,
        0.0,
        0.0,
        1.0
      ]
    ],
    "matrix_world_from_ego_bevfusion": [
      [
        -0.9495541453361511,
        -0.3136030435562134,
        -1.5216543033602647e-05,
        77.28752899169922
      ],
      [
        0.3136030435562134,
        -0.9495541453361511,
        3.342681793583324e-06,
        62.279911041259766
      ],
      [
        -1.5497207641601562e-05,
        -1.597896812199906e-06,
        1.0,
        -0.00449729897081852
      ],
      [
        0.0,
        0.0,
        0.0,
        1.0
      ]
    ]
  },
  "sensors": {
    "CAM_FRONT": {
      "type_id": "sensor.camera.rgb",
      "blueprint_attributes": {
        "role_name": "front",
        "ros_name": "sensor.camera.rgb",
        "chromatic_aberration_offset": "0.0",
        "sensor_tick": "0.100000",
        "fstop": "1.4",
        "image_size_x": "960",
        "image_size_y": "540",
        "fov": "70.00",
        "lens_circle_falloff": "5.0",
        "lens_circle_multiplier": "0.0",
        "exposure_compensation": "0.0",
        "lens_y_size": "0.08",
        "lens_k": "-1.0",
        "exposure_mode": "histogram",
        "lens_kcube": "0.0",
        "lens_x_size": "0.08",
        "exposure_max_bright": "12.0",
        "shutter_speed": "200.0",
        "bloom_intensity": "0.675",
        "iso": "100.0",
        "enable_postprocess_effects": "false",
        "gamma": "2.2",
        "motion_blur_intensity": "0.0",
        "motion_blur_max_distortion": "0.35",
        "lens_flare_intensity": "0.1",
        "motion_blur_min_object_screen_size": "0.1",
        "exposure_min_bright": "10.0",
        "exposure_speed_up": "3.0",
        "exposure_speed_down": "1.0",
        "tint": "0.0",
        "calibration_constant": "16.0",
        "focal_distance": "1000.0",
        "min_fstop": "1.2",
        "blade_count": "5",
        "blur_amount": "0.0",
        "blur_radius": "0.0",
        "slope": "0.88",
        "toe": "0.55",
        "white_clip": "0.04",
        "shoulder": "0.26",
        "black_clip": "0.0",
        "temp": "6500.0",
        "chromatic_aberration_intensity": "0.0"
      },
      "transform_carla": {
        "location": {
          "x": 75.81568908691406,
          "y": -62.76599884033203,
          "z": 1.6954787969589233
        },
        "rotation": {
          "roll": -9.155274165095761e-05,
          "pitch": -0.0008879245724529028,
          "yaw": -161.72349548339844
        }
      },
      "matrix_world_from_sensor_carla": [
        [
          -0.9495541453361511,
          0.3136030435562134,
          -1.5216543033602647e-05,
          75.81568908691406
        ],
        [
          -0.3136030435562134,
          -0.9495541453361511,
          -3.342681793583324e-06,
          -62.76599884033203
        ],
        [
          -1.5497207641601562e-05,
          1.597896812199906e-06,
          1.0,
          1.6954787969589233
        ],
        [
          0.0,
          0.0,
          0.0,
          1.0
        ]
      ],
      "matrix_world_from_sensor_bevfusion": [
        [
          0.3136030435562134,
          1.5216543033602647e-05,
          -0.9495541453361511,
          75.81568908691406
        ],
        [
          0.9495541453361511,
          -3.342681793583324e-06,
          0.3136030435562134,
          62.76599884033203
        ],
        [
          1.597896812199906e-06,
          -1.0,
          -1.5497207641601562e-05,
          1.6954787969589233
        ],
        [
          0.0,
          0.0,
          0.0,
          1.0
        ]
      ],
      "matrix_ego_from_sensor_carla": [
        [
          1.0,
          2.1509839243094575e-08,
          0.0,
          1.5500068664550781
        ],
        [
          -1.789920389683175e-08,
          1.0,
          -1.1368683772161603e-13,
          0.0
        ],
        [
          0.0,
          -1.1368683772161603e-13,
          1.0,
          1.7000000476837158
        ],
        [
          0.0,
          0.0,
          0.0,
          1.0
        ]
      ],
      "matrix_ego_from_sensor_bevfusion": [
        [
          2.1509839243094575e-08,
          0.0,
          1.0,
          1.5500068664550781
        ],
        [
          -1.0,
          -1.1368683772161603e-13,
          1.789920389683175e-08,
          0.0
        ],
        [
          -1.1368683772161603e-13,
          -1.0,
          0.0,
          1.7000000476837158
        ],
        [
          0.0,
          0.0,
          0.0,
          1.0
        ]
      ],
      "camera_intrinsics": [
        [
          685.5110473632812,
          0.0,
          480.0
        ],
        [
          0.0,
          685.5110473632812,
          270.0
        ],
        [
          0.0,
          0.0,
          1.0
        ]
      ],
      "data_path": "D:\\Agent-AI\\outputs\\s3a_ml_long_v2\\sample_000106\\images\\CAM_FRONT.png",
      "raw_layout": "bgra8"
    },
    "CAM_FRONT_RIGHT": {
      "type_id": "sensor.camera.rgb",
      "blueprint_attributes": {
        "role_name": "front",
        "ros_name": "sensor.camera.rgb",
        "chromatic_aberration_offset": "0.0",
        "sensor_tick": "0.100000",
        "fstop": "1.4",
        "image_size_x": "960",
        "image_size_y": "540",
        "fov": "70.00",
        "lens_circle_falloff": "5.0",
        "lens_circle_multiplier": "0.0",
        "exposure_compensation": "0.0",
        "lens_y_size": "0.08",
        "lens_k": "-1.0",
        "exposure_mode": "histogram",
        "lens_kcube": "0.0",
        "lens_x_size": "0.08",
        "exposure_max_bright": "12.0",
        "shutter_speed": "200.0",
        "bloom_intensity": "0.675",
        "iso": "100.0",
        "enable_postprocess_effects": "false",
        "gamma": "2.2",
        "motion_blur_intensity": "0.0",
        "motion_blur_max_distortion": "0.35",
        "lens_flare_intensity": "0.1",
        "motion_blur_min_object_screen_size": "0.1",
        "exposure_min_bright": "10.0",
        "exposure_speed_up": "3.0",
        "exposure_speed_down": "1.0",
        "tint": "0.0",
        "calibration_constant": "16.0",
        "focal_distance": "1000.0",
        "min_fstop": "1.2",
        "blade_count": "5",
        "blur_amount": "0.0",
        "blur_radius": "0.0",
        "slope": "0.88",
        "toe": "0.55",
        "white_clip": "0.04",
        "shoulder": "0.26",
        "black_clip": "0.0",
        "temp": "6500.0",
        "chromatic_aberration_intensity": "0.0"
      },
      "transform_carla": {
        "location": {
          "x": 76.2255630493164,
          "y": -63.20985794067383,
          "z": 1.6954833269119263
        },
        "rotation": {
          "roll": -0.0007774700061418116,
          "pitch": -0.0004371320828795433,
          "yaw": -106.72351837158203
        }
      },
      "matrix_world_from_sensor_carla": [
        [
          -0.2877536118030548,
          0.957704484462738,
          -1.5190871636150405e-05,
          76.2255630493164
        ],
        [
          -0.957704484462738,
          -0.2877536118030548,
          -3.402057700441219e-06,
          -63.20985794067383
        ],
        [
          -7.629394076502649e-06,
          1.3569411748903804e-05,
          1.0,
          1.6954833269119263
        ],
        [
          0.0,
          0.0,
          0.0,
          1.0
        ]
      ],
      "matrix_world_from_sensor_bevfusion": [
        [
          0.957704484462738,
          1.5190871636150405e-05,
          -0.2877536118030548,
          76.2255630493164
        ],
        [
          0.2877536118030548,
          -3.402057700441219e-06,
          0.957704484462738,
          63.20985794067383
        ],
        [
          1.3569411748903804e-05,
          -1.0,
          -7.629394076502649e-06,
          1.6954833269119263
        ],
        [
          0.0,
          0.0,
          0.0,
          1.0
        ]
      ],
      "matrix_ego_from_sensor_carla": [
        [
          0.5735766887664795,
          -0.8191518783569336,
          -5.75528247281909e-09,
          1.3000068664550781
        ],
        [
          0.8191518783569336,
          0.5735767483711243,
          6.443099209718639e-08,
          0.5500030517578125
        ],
        [
          -4.947696652379818e-08,
          -4.16721377405338e-08,
          1.0,
          1.6999999284744263
        ],
        [
          0.0,
          0.0,
          0.0,
          1.0
        ]
      ],
      "matrix_ego_from_sensor_bevfusion": [
        [
          -0.8191518783569336,
          5.75528247281909e-09,
          0.5735766887664795,
          1.3000068664550781
        ],
        [
          -0.5735767483711243,
          6.443099209718639e-08,
          -0.8191518783569336,
          -0.5500030517578125
        ],
        [
          -4.16721377405338e-08,
          -1.0,
          -4.947696652379818e-08,
          1.6999999284744263
        ],
        [
          0.0,
          0.0,
          0.0,
          1.0
        ]
      ],
      "camera_intrinsics": [
        [
          685.5110473632812,
          0.0,
          480.0
        ],
        [
          0.0,
          685.5110473632812,
          270.0
        ],
        [
          0.0,
          0.0,
          1.0
        ]
      ],
      "data_path": "D:\\Agent-AI\\outputs\\s3a_ml_long_v2\\sample_000106\\images\\CAM_FRONT_RIGHT.png",
      "raw_layout": "bgra8"
    },
    "CAM_FRONT_LEFT": {
      "type_id": "sensor.camera.rgb",
      "blueprint_attributes": {
        "role_name": "front",
        "ros_name": "sensor.camera.rgb",
        "chromatic_aberration_offset": "0.0",
        "sensor_tick": "0.100000",
        "fstop": "1.4",
        "image_size_x": "960",
        "image_size_y": "540",
        "fov": "70.00",
        "lens_circle_falloff": "5.0",
        "lens_circle_multiplier": "0.0",
        "exposure_compensation": "0.0",
        "lens_y_size": "0.08",
        "lens_k": "-1.0",
        "exposure_mode": "histogram",
        "lens_kcube": "0.0",
        "lens_x_size": "0.08",
        "exposure_max_bright": "12.0",
        "shutter_speed": "200.0",
        "bloom_intensity": "0.675",
        "iso": "100.0",
        "enable_postprocess_effects": "false",
        "gamma": "2.2",
        "motion_blur_intensity": "0.0",
        "motion_blur_max_distortion": "0.35",
        "lens_flare_intensity": "0.1",
        "motion_blur_min_object_screen_size": "0.1",
        "exposure_min_bright": "10.0",
        "exposure_speed_up": "3.0",
        "exposure_speed_down": "1.0",
        "tint": "0.0",
        "calibration_constant": "16.0",
        "focal_distance": "1000.0",
        "min_fstop": "1.2",
        "blade_count": "5",
        "blur_amount": "0.0",
        "blur_radius": "0.0",
        "slope": "0.88",
        "toe": "0.55",
        "white_clip": "0.04",
        "shoulder": "0.26",
        "black_clip": "0.0",
        "temp": "6500.0",
        "chromatic_aberration_intensity": "0.0"
      },
      "transform_carla": {
        "location": {
          "x": 75.88059997558594,
          "y": -62.16534423828125,
          "z": 1.695481777191162
        },
        "rotation": {
          "roll": 0.0006724449922330678,
          "pitch": -0.0005873962072655559,
          "yaw": 143.27650451660156
        }
      },
      "matrix_world_from_sensor_carla": [
        [
          -0.8015305399894714,
          -0.5979537963867188,
          -1.5235101272992324e-05,
          75.88059997558594
        ],
        [
          0.5979537963867188,
          -0.8015305399894714,
          -3.2768452911113854e-06,
          -62.16534423828125
        ],
        [
          -1.0251997991872486e-05,
          -1.1736378837667871e-05,
          1.0,
          1.695481777191162
        ],
        [
          0.0,
          0.0,
          0.0,
          1.0
        ]
      ],
      "matrix_world_from_sensor_bevfusion": [
        [
          -0.5979537963867188,
          1.5235101272992324e-05,
          -0.8015305399894714,
          75.88059997558594
        ],
        [
          0.8015305399894714,
          -3.2768452911113854e-06,
          -0.5979537963867188,
          62.16534423828125
        ],
        [
          -1.1736378837667871e-05,
          -1.0,
          -1.0251997991872486e-05,
          1.695481777191162
        ],
        [
          0.0,
          0.0,
          0.0,
          1.0
        ]
      ],
      "matrix_ego_from_sensor_carla": [
        [
          0.5735765695571899,
          0.8191519975662231,
          -3.0249793780967593e-09,
          1.3000030517578125
        ],
        [
          -0.8191519975662231,
          0.5735765695571899,
          -6.833522547822213e-08,
          -0.5500030517578125
        ],
        [
          -5.424226401373744e-08,
          4.167304723523557e-08,
          1.0,
          1.7000000476837158
        ],
        [
          0.0,
          0.0,
          0.0,
          1.0
        ]
      ],
      "matrix_ego_from_sensor_bevfusion": [
        [
          0.8191519975662231,
          3.0249793780967593e-09,
          0.5735765695571899,
          1.3000030517578125
        ],
        [
          -0.5735765695571899,
          -6.833522547822213e-08,
          0.8191519975662231,
          0.5500030517578125
        ],
        [
          4.167304723523557e-08,
          -1.0,
          -5.424226401373744e-08,
          1.7000000476837158
        ],
        [
          0.0,
          0.0,
          0.0,
          1.0
        ]
      ],
      "camera_intrinsics": [
        [
          685.5110473632812,
          0.0,
          480.0
        ],
        [
          0.0,
          685.5110473632812,
          270.0
        ],
        [
          0.0,
          0.0,
          1.0
        ]
      ],
      "data_path": "D:\\Agent-AI\\outputs\\s3a_ml_long_v2\\sample_000106\\images\\CAM_FRONT_LEFT.png",
      "raw_layout": "bgra8"
    },
    "CAM_BACK": {
      "type_id": "sensor.camera.rgb",
      "blueprint_attributes": {
        "role_name": "front",
        "ros_name": "sensor.camera.rgb",
        "chromatic_aberration_offset": "0.0",
        "sensor_tick": "0.100000",
        "fstop": "1.4",
        "image_size_x": "960",
        "image_size_y": "540",
        "fov": "70.00",
        "lens_circle_falloff": "5.0",
        "lens_circle_multiplier": "0.0",
        "exposure_compensation": "0.0",
        "lens_y_size": "0.08",
        "lens_k": "-1.0",
        "exposure_mode": "histogram",
        "lens_kcube": "0.0",
        "lens_x_size": "0.08",
        "exposure_max_bright": "12.0",
        "shutter_speed": "200.0",
        "bloom_intensity": "0.675",
        "iso": "100.0",
        "enable_postprocess_effects": "false",
        "gamma": "2.2",
        "motion_blur_intensity": "0.0",
        "motion_blur_max_distortion": "0.35",
        "lens_flare_intensity": "0.1",
        "motion_blur_min_object_screen_size": "0.1",
        "exposure_min_bright": "10.0",
        "exposure_speed_up": "3.0",
        "exposure_speed_down": "1.0",
        "tint": "0.0",
        "calibration_constant": "16.0",
        "focal_distance": "1000.0",
        "min_fstop": "1.2",
        "blade_count": "5",
        "blur_amount": "0.0",
        "blur_radius": "0.0",
        "slope": "0.88",
        "toe": "0.55",
        "white_clip": "0.04",
        "shoulder": "0.26",
        "black_clip": "0.0",
        "temp": "6500.0",
        "chromatic_aberration_intensity": "0.0"
      },
      "transform_carla": {
        "location": {
          "x": 78.75930786132812,
          "y": -61.79383087158203,
          "z": 1.695526361465454
        },
        "rotation": {
          "roll": 9.155303268926218e-05,
          "pitch": 0.0008879245724529028,
          "yaw": 18.276527404785156
        }
      },
      "matrix_world_from_sensor_carla": [
        [
          0.9495540261268616,
          -0.3136034905910492,
          -1.521654394309735e-05,
          78.75930786132812
        ],
        [
          0.3136034905910492,
          0.9495540261268616,
          -3.3426845220674295e-06,
          -61.79383087158203
        ],
        [
          1.5497207641601562e-05,
          -1.5979018144207657e-06,
          1.0,
          1.695526361465454
        ],
        [
          0.0,
          0.0,
          0.0,
          1.0
        ]
      ],
      "matrix_world_from_sensor_bevfusion": [
        [
          -0.3136034905910492,
          1.521654394309735e-05,
          0.9495540261268616,
          78.75930786132812
        ],
        [
          -0.9495540261268616,
          -3.3426845220674295e-06,
          -0.3136034905910492,
          61.79383087158203
        ],
        [
          -1.5979018144207657e-06,
          -1.0,
          1.5497207641601562e-05,
          1.695526361465454
        ],
        [
          0.0,
          0.0,
          0.0,
          1.0
        ]
      ],
      "matrix_ego_from_sensor_carla": [
        [
          -1.0,
          4.629093837138498e-07,
          1.8189894035458565e-12,
          -1.5499954223632812
        ],
        [
          -4.6618924898211844e-07,
          -1.0,
          2.0463630789890885e-12,
          0.0
        ],
        [
          0.0,
          2.3874235921539366e-12,
          1.0,
          1.6999995708465576
        ],
        [
          0.0,
          0.0,
          0.0,
          1.0
        ]
      ],
      "matrix_ego_from_sensor_bevfusion": [
        [
          4.629093837138498e-07,
          -1.8189894035458565e-12,
          -1.0,
          -1.5499954223632812
        ],
        [
          1.0,
          2.0463630789890885e-12,
          4.6618924898211844e-07,
          0.0
        ],
        [
          2.3874235921539366e-12,
          -1.0,
          0.0,
          1.6999995708465576
        ],
        [
          0.0,
          0.0,
          0.0,
          1.0
        ]
      ],
      "camera_intrinsics": [
        [
          685.5110473632812,
          0.0,
          480.0
        ],
        [
          0.0,
          685.5110473632812,
          270.0
        ],
        [
          0.0,
          0.0,
          1.0
        ]
      ],
      "data_path": "D:\\Agent-AI\\outputs\\s3a_ml_long_v2\\sample_000106\\images\\CAM_BACK.png",
      "raw_layout": "bgra8"
    },
    "CAM_BACK_LEFT": {
      "type_id": "sensor.camera.rgb",
      "blueprint_attributes": {
        "role_name": "front",
        "ros_name": "sensor.camera.rgb",
        "chromatic_aberration_offset": "0.0",
        "sensor_tick": "0.100000",
        "fstop": "1.4",
        "image_size_x": "960",
        "image_size_y": "540",
        "fov": "70.00",
        "lens_circle_falloff": "5.0",
        "lens_circle_multiplier": "0.0",
        "exposure_compensation": "0.0",
        "lens_y_size": "0.08",
        "lens_k": "-1.0",
        "exposure_mode": "histogram",
        "lens_kcube": "0.0",
        "lens_x_size": "0.08",
        "exposure_max_bright": "12.0",
        "shutter_speed": "200.0",
        "bloom_intensity": "0.675",
        "iso": "100.0",
        "enable_postprocess_effects": "false",
        "gamma": "2.2",
        "motion_blur_intensity": "0.0",
        "motion_blur_max_distortion": "0.35",
        "lens_flare_intensity": "0.1",
        "motion_blur_min_object_screen_size": "0.1",
        "exposure_min_bright": "10.0",
        "exposure_speed_up": "3.0",
        "exposure_speed_down": "1.0",
        "tint": "0.0",
        "calibration_constant": "16.0",
        "focal_distance": "1000.0",
        "min_fstop": "1.2",
        "blade_count": "5",
        "blur_amount": "0.0",
        "blur_radius": "0.0",
        "slope": "0.88",
        "toe": "0.55",
        "white_clip": "0.04",
        "shoulder": "0.26",
        "black_clip": "0.0",
        "temp": "6500.0",
        "chromatic_aberration_intensity": "0.0"
      },
      "transform_carla": {
        "location": {
          "x": 78.34944152832031,
          "y": -61.349979400634766,
          "z": 1.6955218315124512
        },
        "rotation": {
          "roll": 0.0007774700061418116,
          "pitch": 0.0004371320828795433,
          "yaw": 73.27648162841797
        }
      },
      "matrix_world_from_sensor_carla": [
        [
          0.2877536416053772,
          -0.957704484462738,
          -1.5190871636150405e-05,
          78.34944152832031
        ],
        [
          0.957704484462738,
          0.2877536416053772,
          -3.402057245693868e-06,
          -61.349979400634766
        ],
        [
          7.629394076502649e-06,
          -1.3569411748903804e-05,
          1.0,
          1.6955218315124512
        ],
        [
          0.0,
          0.0,
          0.0,
          1.0
        ]
      ],
      "matrix_world_from_sensor_bevfusion": [
        [
          -0.957704484462738,
          1.5190871636150405e-05,
          0.2877536416053772,
          78.34944152832031
        ],
        [
          -0.2877536416053772,
          -3.402057245693868e-06,
          -0.957704484462738,
          61.349979400634766
        ],
        [
          -1.3569411748903804e-05,
          -1.0,
          7.629394076502649e-06,
          1.6955218315124512
        ],
        [
          0.0,
          0.0,
          0.0,
          1.0
        ]
      ],
      "matrix_ego_from_sensor_carla": [
        [
          -0.5735767483711243,
          0.8191518783569336,
          -5.75528247281909e-09,
          -1.2999954223632812
        ],
        [
          -0.8191518783569336,
          -0.5735767483711243,
          6.44305373498355e-08,
          -0.5499954223632812
        ],
        [
          4.9476511776447296e-08,
          4.16721377405338e-08,
          1.0,
          1.6999998092651367
        ],
        [
          0.0,
          0.0,
          0.0,
          1.0
        ]
      ],
      "matrix_ego_from_sensor_bevfusion": [
        [
          0.8191518783569336,
          5.75528247281909e-09,
          -0.5735767483711243,
          -1.2999954223632812
        ],
        [
          0.5735767483711243,
          6.44305373498355e-08,
          0.8191518783569336,
          0.5499954223632812
        ],
        [
          4.16721377405338e-08,
          -1.0,
          4.9476511776447296e-08,
          1.6999998092651367
        ],
        [
          0.0,
          0.0,
          0.0,
          1.0
        ]
      ],
      "camera_intrinsics": [
        [
          685.5110473632812,
          0.0,
          480.0
        ],
        [
          0.0,
          685.5110473632812,
          270.0
        ],
        [
          0.0,
          0.0,
          1.0
        ]
      ],
      "data_path": "D:\\Agent-AI\\outputs\\s3a_ml_long_v2\\sample_000106\\images\\CAM_BACK_LEFT.png",
      "raw_layout": "bgra8"
    },
    "CAM_BACK_RIGHT": {
      "type_id": "sensor.camera.rgb",
      "blueprint_attributes": {
        "role_name": "front",
        "ros_name": "sensor.camera.rgb",
        "chromatic_aberration_offset": "0.0",
        "sensor_tick": "0.100000",
        "fstop": "1.4",
        "image_size_x": "960",
        "image_size_y": "540",
        "fov": "70.00",
        "lens_circle_falloff": "5.0",
        "lens_circle_multiplier": "0.0",
        "exposure_compensation": "0.0",
        "lens_y_size": "0.08",
        "lens_k": "-1.0",
        "exposure_mode": "histogram",
        "lens_kcube": "0.0",
        "lens_x_size": "0.08",
        "exposure_max_bright": "12.0",
        "shutter_speed": "200.0",
        "bloom_intensity": "0.675",
        "iso": "100.0",
        "enable_postprocess_effects": "false",
        "gamma": "2.2",
        "motion_blur_intensity": "0.0",
        "motion_blur_max_distortion": "0.35",
        "lens_flare_intensity": "0.1",
        "motion_blur_min_object_screen_size": "0.1",
        "exposure_min_bright": "10.0",
        "exposure_speed_up": "3.0",
        "exposure_speed_down": "1.0",
        "tint": "0.0",
        "calibration_constant": "16.0",
        "focal_distance": "1000.0",
        "min_fstop": "1.2",
        "blade_count": "5",
        "blur_amount": "0.0",
        "blur_radius": "0.0",
        "slope": "0.88",
        "toe": "0.55",
        "white_clip": "0.04",
        "shoulder": "0.26",
        "black_clip": "0.0",
        "temp": "6500.0",
        "chromatic_aberration_intensity": "0.0"
      },
      "transform_carla": {
        "location": {
          "x": 78.69440460205078,
          "y": -62.39448547363281,
          "z": 1.6955236196517944
        },
        "rotation": {
          "roll": -0.0006724451086483896,
          "pitch": 0.0005873962072655559,
          "yaw": -36.72349166870117
        }
      },
      "matrix_world_from_sensor_carla": [
        [
          0.8015305399894714,
          0.5979538559913635,
          -1.5235103091981728e-05,
          78.69440460205078
        ],
        [
          -0.5979538559913635,
          0.8015305399894714,
          -3.2768457458587363e-06,
          -62.39448547363281
        ],
        [
          1.0251997991872486e-05,
          1.1736380656657275e-05,
          1.0,
          1.6955236196517944
        ],
        [
          0.0,
          0.0,
          0.0,
          1.0
        ]
      ],
      "matrix_world_from_sensor_bevfusion": [
        [
          0.5979538559913635,
          1.5235103091981728e-05,
          0.8015305399894714,
          78.69440460205078
        ],
        [
          -0.8015305399894714,
          -3.2768457458587363e-06,
          0.5979538559913635,
          62.39448547363281
        ],
        [
          1.1736380656657275e-05,
          -1.0,
          1.0251997991872486e-05,
          1.6955236196517944
        ],
        [
          0.0,
          0.0,
          0.0,
          1.0
        ]
      ],
      "matrix_ego_from_sensor_carla": [
        [
          -0.5735765695571899,
          -0.8191520571708679,
          -3.0231603886932135e-09,
          -1.2999992370605469
        ],
        [
          0.8191520571708679,
          -0.5735765099525452,
          -6.833568022557301e-08,
          0.5499954223632812
        ],
        [
          5.424226401373744e-08,
          -4.16721377405338e-08,
          1.0,
          1.6999999284744263
        ],
        [
          0.0,
          0.0,
          0.0,
          1.0
        ]
      ],
      "matrix_ego_from_sensor_bevfusion": [
        [
          -0.8191520571708679,
          3.0231603886932135e-09,
          -0.5735765695571899,
          -1.2999992370605469
        ],
        [
          0.5735765099525452,
          -6.833568022557301e-08,
          -0.8191520571708679,
          -0.5499954223632812
        ],
        [
          -4.16721377405338e-08,
          -1.0,
          5.424226401373744e-08,
          1.6999999284744263
        ],
        [
          0.0,
          0.0,
          0.0,
          1.0
        ]
      ],
      "camera_intrinsics": [
        [
          685.5110473632812,
          0.0,
          480.0
        ],
        [
          0.0,
          685.5110473632812,
          270.0
        ],
        [
          0.0,
          0.0,
          1.0
        ]
      ],
      "data_path": "D:\\Agent-AI\\outputs\\s3a_ml_long_v2\\sample_000106\\images\\CAM_BACK_RIGHT.png",
      "raw_layout": "bgra8"
    },
    "LIDAR_TOP": {
      "type_id": "sensor.lidar.ray_cast",
      "blueprint_attributes": {
        "atmosphere_attenuation_rate": "0.004",
        "role_name": "front",
        "noise_seed": "0",
        "upper_fov": "10.0",
        "ros_name": "sensor.lidar.ray_cast",
        "sensor_tick": "0.100000",
        "channels": "32",
        "range": "120.0",
        "points_per_second": "360000",
        "lower_fov": "-30.0",
        "rotation_frequency": "10.000000",
        "horizontal_fov": "360.0",
        "dropoff_general_rate": "0.0",
        "dropoff_intensity_limit": "1.0",
        "noise_stddev": "0.0",
        "dropoff_zero_intensity": "0.0"
      },
      "transform_carla": {
        "location": {
          "x": 77.28749084472656,
          "y": -62.27991485595703,
          "z": 2.195502519607544
        },
        "rotation": {
          "roll": -9.155274165095761e-05,
          "pitch": -0.0008879245724529028,
          "yaw": -161.72349548339844
        }
      },
      "matrix_world_from_sensor_carla": [
        [
          -0.9495541453361511,
          0.3136030435562134,
          -1.5216543033602647e-05,
          77.28749084472656
        ],
        [
          -0.3136030435562134,
          -0.9495541453361511,
          -3.342681793583324e-06,
          -62.27991485595703
        ],
        [
          -1.5497207641601562e-05,
          1.597896812199906e-06,
          1.0,
          2.195502519607544
        ],
        [
          0.0,
          0.0,
          0.0,
          1.0
        ]
      ],
      "matrix_world_from_sensor_bevfusion": [
        [
          -0.9495541453361511,
          -0.3136030435562134,
          -1.5216543033602647e-05,
          77.28749084472656
        ],
        [
          0.3136030435562134,
          -0.9495541453361511,
          3.342681793583324e-06,
          62.27991485595703
        ],
        [
          -1.5497207641601562e-05,
          -1.597896812199906e-06,
          1.0,
          2.195502519607544
        ],
        [
          0.0,
          0.0,
          0.0,
          1.0
        ]
      ],
      "matrix_ego_from_sensor_carla": [
        [
          1.0,
          2.1509839243094575e-08,
          0.0,
          3.814697265625e-06
        ],
        [
          -1.789920389683175e-08,
          1.0,
          -1.1368683772161603e-13,
          -7.62939453125e-06
        ],
        [
          0.0,
          -1.1368683772161603e-13,
          1.0,
          2.1999998092651367
        ],
        [
          0.0,
          0.0,
          0.0,
          1.0
        ]
      ],
      "matrix_ego_from_sensor_bevfusion": [
        [
          1.0,
          -2.1509839243094575e-08,
          0.0,
          3.814697265625e-06
        ],
        [
          1.789920389683175e-08,
          1.0,
          1.1368683772161603e-13,
          7.62939453125e-06
        ],
        [
          0.0,
          1.1368683772161603e-13,
          1.0,
          2.1999998092651367
        ],
        [
          0.0,
          0.0,
          0.0,
          1.0
        ]
      ],
      "data_path": "D:\\Agent-AI\\outputs\\s3a_ml_long_v2\\sample_000106\\lidar\\LIDAR_TOP.npy",
      "raw_layout": [
        "x",
        "y",
        "z",
        "intensity"
      ]
    },
    "RADAR_FRONT": {
      "type_id": "sensor.other.radar",
      "blueprint_attributes": {
        "sensor_tick": "0.100000",
        "role_name": "default",
        "noise_seed": "0",
        "ros_name": "sensor.other.radar",
        "horizontal_fov": "35.0",
        "points_per_second": "1500",
        "vertical_fov": "20.0",
        "range": "120.0"
      },
      "transform_carla": {
        "location": {
          "x": 75.3884048461914,
          "y": -62.9071159362793,
          "z": 0.8954718112945557
        },
        "rotation": {
          "roll": -9.155274165095761e-05,
          "pitch": -0.0008879245724529028,
          "yaw": -161.72349548339844
        }
      },
      "matrix_world_from_sensor_carla": [
        [
          -0.9495541453361511,
          0.3136030435562134,
          -1.5216543033602647e-05,
          75.3884048461914
        ],
        [
          -0.3136030435562134,
          -0.9495541453361511,
          -3.342681793583324e-06,
          -62.9071159362793
        ],
        [
          -1.5497207641601562e-05,
          1.597896812199906e-06,
          1.0,
          0.8954718112945557
        ],
        [
          0.0,
          0.0,
          0.0,
          1.0
        ]
      ],
      "matrix_world_from_sensor_bevfusion": [
        [
          -0.9495541453361511,
          -0.3136030435562134,
          -1.5216543033602647e-05,
          75.3884048461914
        ],
        [
          0.3136030435562134,
          -0.9495541453361511,
          3.342681793583324e-06,
          62.9071159362793
        ],
        [
          -1.5497207641601562e-05,
          -1.597896812199906e-06,
          1.0,
          0.8954718112945557
        ],
        [
          0.0,
          0.0,
          0.0,
          1.0
        ]
      ],
      "matrix_ego_from_sensor_carla": [
        [
          1.0,
          2.1509839243094575e-08,
          0.0,
          1.9999961853027344
        ],
        [
          -1.789920389683175e-08,
          1.0,
          -1.1368683772161603e-13,
          -7.62939453125e-06
        ],
        [
          0.0,
          -1.1368683772161603e-13,
          1.0,
          0.9000000953674316
        ],
        [
          0.0,
          0.0,
          0.0,
          1.0
        ]
      ],
      "matrix_ego_from_sensor_bevfusion": [
        [
          1.0,
          -2.1509839243094575e-08,
          0.0,
          1.9999961853027344
        ],
        [
          1.789920389683175e-08,
          1.0,
          1.1368683772161603e-13,
          7.62939453125e-06
        ],
        [
          0.0,
          1.1368683772161603e-13,
          1.0,
          0.9000000953674316
        ],
        [
          0.0,
          0.0,
          0.0,
          1.0
        ]
      ],
      "data_path": "D:\\Agent-AI\\outputs\\s3a_ml_long_v2\\sample_000106\\radar\\RADAR_FRONT.npy",
      "raw_layout": [
        "velocity",
        "altitude",
        "azimuth",
        "depth"
      ]
    },
    "RADAR_FRONT_LEFT": {
      "type_id": "sensor.other.radar",
      "blueprint_attributes": {
        "sensor_tick": "0.100000",
        "role_name": "default",
        "noise_seed": "0",
        "ros_name": "sensor.other.radar",
        "horizontal_fov": "35.0",
        "points_per_second": "1500",
        "vertical_fov": "20.0",
        "range": "120.0"
      },
      "transform_carla": {
        "location": {
          "x": 75.48554229736328,
          "y": -62.0851936340332,
          "z": 0.8954759836196899
        },
        "rotation": {
          "roll": 0.0005610588705167174,
          "pitch": -0.0006898490828461945,
          "yaw": 153.27651977539062
        }
      },
      "matrix_world_from_sensor_carla": [
        [
          -0.8931871652603149,
          -0.4496850371360779,
          -1.5157558664213866e-05,
          75.48554229736328
        ],
        [
          0.4496850371360779,
          -0.8931871652603149,
          -3.332108917675214e-06,
          -62.0851936340332
        ],
        [
          -1.2040137335134204e-05,
          -9.79232481768122e-06,
          1.0,
          0.8954759836196899
        ],
        [
          0.0,
          0.0,
          0.0,
          1.0
        ]
      ],
      "matrix_world_from_sensor_bevfusion": [
        [
          -0.8931871652603149,
          0.4496850371360779,
          -1.5157558664213866e-05,
          75.48554229736328
        ],
        [
          -0.4496850371360779,
          -0.8931871652603149,
          3.332108917675214e-06,
          62.0851936340332
        ],
        [
          -1.2040137335134204e-05,
          9.79232481768122e-06,
          1.0,
          0.8954759836196899
        ],
        [
          0.0,
          0.0,
          0.0,
          1.0
        ]
      ],
      "matrix_ego_from_sensor_carla": [
        [
          0.7071070075035095,
          0.7071065306663513,
          -5.932452040724456e-08,
          1.6500091552734375
        ],
        [
          -0.7071065902709961,
          0.7071070075035095,
          8.458187039650511e-09,
          -0.75
        ],
        [
          4.793037078343332e-08,
          3.596778697101399e-08,
          1.0,
          0.9000000357627869
        ],
        [
          0.0,
          0.0,
          0.0,
          1.0
        ]
      ],
      "matrix_ego_from_sensor_bevfusion": [
        [
          0.7071070075035095,
          -0.7071065306663513,
          -5.932452040724456e-08,
          1.6500091552734375
        ],
        [
          0.7071065902709961,
          0.7071070075035095,
          -8.458187039650511e-09,
          0.75
        ],
        [
          4.793037078343332e-08,
          -3.596778697101399e-08,
          1.0,
          0.9000000357627869
        ],
        [
          0.0,
          0.0,
          0.0,
          1.0
        ]
      ],
      "data_path": "D:\\Agent-AI\\outputs\\s3a_ml_long_v2\\sample_000106\\radar\\RADAR_FRONT_LEFT.npy",
      "raw_layout": [
        "velocity",
        "altitude",
        "azimuth",
        "depth"
      ]
    },
    "RADAR_FRONT_RIGHT": {
      "type_id": "sensor.other.radar",
      "blueprint_attributes": {
        "sensor_tick": "0.100000",
        "role_name": "default",
        "noise_seed": "0",
        "ros_name": "sensor.other.radar",
        "horizontal_fov": "35.0",
        "points_per_second": "1500",
        "vertical_fov": "20.0",
        "range": "120.0"
      },
      "transform_carla": {
        "location": {
          "x": 75.95594787597656,
          "y": -63.509525299072266,
          "z": 0.895478367805481
        },
        "rotation": {
          "roll": -0.0006905338959768414,
          "pitch": -0.0005600755102932453,
          "yaw": -116.7234878540039
        }
      },
      "matrix_world_from_sensor_carla": [
        [
