{
  "schema_version": "stage1.v1",
  "sample_name": "sample_000063",
  "sequence_index": 63,
  "previous_sample_name": "sample_000062",
  "frame_id": 60064,
  "timestamp": 441.3197008445859,
  "platform_timestamp": 16814590.2875877,
  "delta_seconds": 0.10000000149011612,
  "town": "Carla/Maps/Town10HD_Opt",
  "weather": {
    "cloudiness": 20.0,
    "dust_storm": 0.0,
    "fog_density": 2.0,
    "fog_distance": 0.75,
    "fog_falloff": 0.10000000149011612,
    "mie_scattering_scale": 0.029999999329447746,
    "precipitation": 0.0,
    "precipitation_deposits": 0.0,
    "rayleigh_scattering_scale": 0.03310000151395798,
    "scattering_intensity": 1.0,
    "sun_altitude_angle": 45.0,
    "sun_azimuth_angle": 300.0,
    "wetness": 0.0,
    "wind_intensity": 10.0
  },
  "sensor_names": [
    "CAM_FRONT",
    "CAM_FRONT_RIGHT",
    "CAM_FRONT_LEFT",
    "CAM_BACK",
    "CAM_BACK_LEFT",
    "CAM_BACK_RIGHT",
    "LIDAR_TOP",
    "RADAR_FRONT",
    "RADAR_FRONT_LEFT",
    "RADAR_FRONT_RIGHT",
    "RADAR_BACK_LEFT",
    "RADAR_BACK_RIGHT"
  ],
  "camera_order_for_model": [
    "CAM_FRONT",
    "CAM_FRONT_RIGHT",
    "CAM_FRONT_LEFT",
    "CAM_BACK",
    "CAM_BACK_LEFT",
    "CAM_BACK_RIGHT"
  ],
  "radar_order_for_model": [
    "RADAR_FRONT",
    "RADAR_FRONT_LEFT",
    "RADAR_FRONT_RIGHT",
    "RADAR_BACK_LEFT",
    "RADAR_BACK_RIGHT"
  ],
  "coordinate_notes": {
    "carla_world": "left-handed x-forward y-right z-up",
    "bevfusion_lidar": "x-forward y-left z-up",
    "camera_frame_for_model": "OpenCV style x-right y-down z-forward"
  },
  "ego": {
    "actor_id": 28,
    "transform_carla": {
      "location": {
        "x": 83.43838500976562,
        "y": -59.90657043457031,
        "z": -0.0028499984182417393
      },
      "rotation": {
        "roll": 0.4949096739292145,
        "pitch": -0.39993488788604736,
        "yaw": -152.65969848632812
      }
    },
    "velocity_carla": [
      -5.447685241699219,
      -2.626220941543579,
      -7.440566696459427e-05
    ],
    "angular_velocity_carla": [
      0.6540916562080383,
      -2.5564346313476562,
      -9.201702117919922
    ],
    "matrix_world_from_ego_carla": [
      [
        -0.888272762298584,
        0.4593108892440796,
        -0.0022331001237034798,
        83.43838500976562
      ],
      [
        -0.45926326513290405,
        -0.8882335424423218,
        -0.010878490284085274,
        -59.90657043457031
      ],
      [
        -0.006980123929679394,
        -0.008637486025691032,
        0.9999383091926575,
        -0.0028499984182417393
      ],
      [
        0.0,
        0.0,
        0.0,
        1.0
      ]
    ],
    "matrix_world_from_ego_bevfusion": [
      [
        -0.888272762298584,
        -0.4593108892440796,
        -0.0022331001237034798,
        83.43838500976562
      ],
      [
        0.45926326513290405,
        -0.8882335424423218,
        0.010878490284085274,
        59.90657043457031
      ],
      [
        -0.006980123929679394,
        0.008637486025691032,
        0.9999383091926575,
        -0.0028499984182417393
      ],
      [
        0.0,
        0.0,
        0.0,
        1.0
      ]
    ]
  },
  "sensors": {
    "CAM_FRONT": {
      "type_id": "sensor.camera.rgb",
      "blueprint_attributes": {
        "role_name": "front",
        "ros_name": "sensor.camera.rgb",
        "chromatic_aberration_offset": "0.0",
        "sensor_tick": "0.100000",
        "fstop": "1.4",
        "image_size_x": "960",
        "image_size_y": "540",
        "fov": "70.00",
        "lens_circle_falloff": "5.0",
        "lens_circle_multiplier": "0.0",
        "exposure_compensation": "0.0",
        "lens_y_size": "0.08",
        "lens_k": "-1.0",
        "exposure_mode": "histogram",
        "lens_kcube": "0.0",
        "lens_x_size": "0.08",
        "exposure_max_bright": "12.0",
        "shutter_speed": "200.0",
        "bloom_intensity": "0.675",
        "iso": "100.0",
        "enable_postprocess_effects": "false",
        "gamma": "2.2",
        "motion_blur_intensity": "0.0",
        "motion_blur_max_distortion": "0.35",
        "lens_flare_intensity": "0.1",
        "motion_blur_min_object_screen_size": "0.1",
        "exposure_min_bright": "10.0",
        "exposure_speed_up": "3.0",
        "exposure_speed_down": "1.0",
        "tint": "0.0",
        "calibration_constant": "16.0",
        "focal_distance": "1000.0",
        "min_fstop": "1.2",
        "blade_count": "5",
        "blur_amount": "0.0",
        "blur_radius": "0.0",
        "slope": "0.88",
        "toe": "0.55",
        "white_clip": "0.04",
        "shoulder": "0.26",
        "black_clip": "0.0",
        "temp": "6500.0",
        "chromatic_aberration_intensity": "0.0"
      },
      "transform_carla": {
        "location": {
          "x": 82.05776977539062,
          "y": -60.63692092895508,
          "z": 1.6862260103225708
        },
        "rotation": {
          "roll": 0.4949096739292145,
          "pitch": -0.39993488788604736,
          "yaw": -152.65969848632812
        }
      },
      "matrix_world_from_sensor_carla": [
        [
          -0.888272762298584,
          0.4593108892440796,
          -0.0022331001237034798,
          82.05776977539062
        ],
        [
          -0.45926326513290405,
          -0.8882335424423218,
          -0.010878490284085274,
          -60.63692092895508
        ],
        [
          -0.006980123929679394,
          -0.008637486025691032,
          0.9999383091926575,
          1.6862260103225708
        ],
        [
          0.0,
          0.0,
          0.0,
          1.0
        ]
      ],
      "matrix_world_from_sensor_bevfusion": [
        [
          0.4593108892440796,
          0.0022331001237034798,
          -0.888272762298584,
          82.05776977539062
        ],
        [
          0.8882335424423218,
          -0.010878490284085274,
          0.45926326513290405,
          60.63692092895508
        ],
        [
          -0.008637486025691032,
          -0.9999383091926575,
          -0.006980123929679394,
          1.6862260103225708
        ],
        [
          0.0,
          0.0,
          0.0,
          1.0
        ]
      ],
      "matrix_ego_from_sensor_carla": [
        [
          1.0,
          7.646009159145706e-09,
          -1.272101868288189e-10,
          1.5500030517578125
        ],
        [
          8.54822790330445e-09,
          1.0,
          1.3697365464082623e-10,
          -7.62939453125e-06
        ],
        [
          -7.75967068378236e-11,
          -3.778606316728883e-10,
          1.0,
          1.7000000476837158
        ],
        [
          0.0,
          0.0,
          0.0,
          1.0
        ]
      ],
      "matrix_ego_from_sensor_bevfusion": [
        [
          7.646009159145706e-09,
          1.272101868288189e-10,
          1.0,
          1.5500030517578125
        ],
        [
          -1.0,
          1.3697365464082623e-10,
          -8.54822790330445e-09,
          7.62939453125e-06
        ],
        [
          -3.778606316728883e-10,
          -1.0,
          -7.75967068378236e-11,
          1.7000000476837158
        ],
        [
          0.0,
          0.0,
          0.0,
          1.0
        ]
      ],
      "camera_intrinsics": [
        [
          685.5110473632812,
          0.0,
          480.0
        ],
        [
          0.0,
          685.5110473632812,
          270.0
        ],
        [
          0.0,
          0.0,
          1.0
        ]
      ],
      "data_path": "D:\\Agent-AI\\outputs\\s3a_ml_long_v2\\sample_000063\\images\\CAM_FRONT.png",
      "raw_layout": "bgra8"
    },
    "CAM_FRONT_RIGHT": {
      "type_id": "sensor.camera.rgb",
      "blueprint_attributes": {
        "role_name": "front",
        "ros_name": "sensor.camera.rgb",
        "chromatic_aberration_offset": "0.0",
        "sensor_tick": "0.100000",
        "fstop": "1.4",
        "image_size_x": "960",
        "image_size_y": "540",
        "fov": "70.00",
        "lens_circle_falloff": "5.0",
        "lens_circle_multiplier": "0.0",
        "exposure_compensation": "0.0",
        "lens_y_size": "0.08",
        "lens_k": "-1.0",
        "exposure_mode": "histogram",
        "lens_kcube": "0.0",
        "lens_x_size": "0.08",
        "exposure_max_bright": "12.0",
        "shutter_speed": "200.0",
        "bloom_intensity": "0.675",
        "iso": "100.0",
        "enable_postprocess_effects": "false",
        "gamma": "2.2",
        "motion_blur_intensity": "0.0",
        "motion_blur_max_distortion": "0.35",
        "lens_flare_intensity": "0.1",
        "motion_blur_min_object_screen_size": "0.1",
        "exposure_min_bright": "10.0",
        "exposure_speed_up": "3.0",
        "exposure_speed_down": "1.0",
        "tint": "0.0",
        "calibration_constant": "16.0",
        "focal_distance": "1000.0",
        "min_fstop": "1.2",
        "blade_count": "5",
        "blur_amount": "0.0",
        "blur_radius": "0.0",
        "slope": "0.88",
        "toe": "0.55",
        "white_clip": "0.04",
        "shoulder": "0.26",
        "black_clip": "0.0",
        "temp": "6500.0",
        "chromatic_aberration_intensity": "0.0"
      },
      "transform_carla": {
        "location": {
          "x": 82.53245544433594,
          "y": -61.0106315612793,
          "z": 1.683220386505127
        },
        "rotation": {
          "roll": -0.04374773055315018,
          "pitch": -0.6347908973693848,
          "yaw": -97.65772247314453
        }
      },
      "matrix_world_from_sensor_carla": [
        [
          -0.1332467645406723,
          0.9910803437232971,
          -0.002233058912679553,
          82.53245544433594
        ],
        [
          -0.991020917892456,
          -0.13326328992843628,
          -0.010878410190343857,
          -61.0106315612793
        ],
        [
          -0.011078964918851852,
          0.000763495045248419,
          0.9999383091926575,
          1.683220386505127
        ],
        [
          0.0,
          0.0,
          0.0,
          1.0
        ]
      ],
      "matrix_world_from_sensor_bevfusion": [
        [
          0.9910803437232971,
          0.002233058912679553,
          -0.1332467645406723,
          82.53245544433594
        ],
        [
          0.13326328992843628,
          -0.010878410190343857,
          0.991020917892456,
          61.0106315612793
        ],
        [
          0.000763495045248419,
          -0.9999383091926575,
          -0.011078964918851852,
          1.683220386505127
        ],
        [
          0.0,
          0.0,
          0.0,
          1.0
        ]
      ],
      "matrix_ego_from_sensor_carla": [
        [
          0.5735763311386108,
          -0.8191520571708679,
          -7.32360305732982e-08,
          1.2999992370605469
        ],
        [
          0.8191520571708679,
          0.5735763311386108,
          -5.2017089302580644e-08,
          0.54998779296875
        ],
        [
          8.39695175613997e-08,
          -3.040772611484499e-08,
          1.0,
          1.7000000476837158
        ],
        [
          0.0,
          0.0,
          0.0,
          1.0
        ]
      ],
      "matrix_ego_from_sensor_bevfusion": [
        [
          -0.8191520571708679,
          7.32360305732982e-08,
          0.5735763311386108,
          1.2999992370605469
        ],
        [
          -0.5735763311386108,
          -5.2017089302580644e-08,
          -0.8191520571708679,
          -0.54998779296875
        ],
        [
          -3.040772611484499e-08,
          -1.0,
          8.39695175613997e-08,
          1.7000000476837158
        ],
        [
          0.0,
          0.0,
          0.0,
          1.0
        ]
      ],
      "camera_intrinsics": [
        [
          685.5110473632812,
          0.0,
          480.0
        ],
        [
          0.0,
          685.5110473632812,
          270.0
        ],
        [
          0.0,
          0.0,
          1.0
        ]
      ],
      "data_path": "D:\\Agent-AI\\outputs\\s3a_ml_long_v2\\sample_000063\\images\\CAM_FRONT_RIGHT.png",
      "raw_layout": "bgra8"
    },
    "CAM_FRONT_LEFT": {
      "type_id": "sensor.camera.rgb",
      "blueprint_attributes": {
        "role_name": "front",
        "ros_name": "sensor.camera.rgb",
        "chromatic_aberration_offset": "0.0",
        "sensor_tick": "0.100000",
        "fstop": "1.4",
        "image_size_x": "960",
        "image_size_y": "540",
        "fov": "70.00",
        "lens_circle_falloff": "5.0",
        "lens_circle_multiplier": "0.0",
        "exposure_compensation": "0.0",
        "lens_y_size": "0.08",
        "lens_k": "-1.0",
        "exposure_mode": "histogram",
        "lens_kcube": "0.0",
        "lens_x_size": "0.08",
        "exposure_max_bright": "12.0",
        "shutter_speed": "200.0",
        "bloom_intensity": "0.675",
        "iso": "100.0",
        "enable_postprocess_effects": "false",
        "gamma": "2.2",
        "motion_blur_intensity": "0.0",
        "motion_blur_max_distortion": "0.35",
        "lens_flare_intensity": "0.1",
        "motion_blur_min_object_screen_size": "0.1",
        "exposure_min_bright": "10.0",
        "exposure_speed_up": "3.0",
        "exposure_speed_down": "1.0",
        "tint": "0.0",
        "calibration_constant": "16.0",
        "focal_distance": "1000.0",
        "min_fstop": "1.2",
        "blade_count": "5",
        "blur_amount": "0.0",
        "blur_radius": "0.0",
        "slope": "0.88",
        "toe": "0.55",
        "white_clip": "0.04",
        "shoulder": "0.26",
        "black_clip": "0.0",
        "temp": "6500.0",
        "chromatic_aberration_intensity": "0.0"
      },
      "transform_carla": {
        "location": {
          "x": 82.02721405029297,
          "y": -60.03357696533203,
          "z": 1.6927217245101929
        },
        "rotation": {
          "roll": 0.6114757657051086,
          "pitch": 0.17600031197071075,
          "yaw": 152.34298706054688
        }
      },
      "matrix_world_from_sensor_carla": [
        [
          -0.885737955570221,
          -0.46418026089668274,
          -0.0022330828942358494,
          82.02721405029297
        ],
        [
          0.4641754925251007,
          -0.8856765031814575,
          -0.010878466069698334,
          -60.03357696533203
        ],
        [
          0.0030717800837010145,
          -0.010672012344002724,
          0.9999383687973022,
          1.6927217245101929
        ],
        [
          0.0,
          0.0,
          0.0,
          1.0
        ]
      ],
      "matrix_world_from_sensor_bevfusion": [
        [
          -0.46418026089668274,
          0.0022330828942358494,
          -0.885737955570221,
          82.02721405029297
        ],
        [
          0.8856765031814575,
          -0.010878466069698334,
          -0.4641754925251007,
          60.03357696533203
        ],
        [
          -0.010672012344002724,
          -0.9999383687973022,
          0.0030717800837010145,
          1.6927217245101929
        ],
        [
          0.0,
          0.0,
          0.0,
          1.0
        ]
      ],
      "matrix_ego_from_sensor_carla": [
        [
          0.5735766887664795,
          0.8191518783569336,
          -2.7085951259664398e-08,
          1.2999992370605469
        ],
        [
          -0.8191518783569336,
          0.573576807975769,
          -1.3416376454244983e-08,
          -0.5500030517578125
        ],
        [
          3.466271936147791e-09,
          3.0948864804258847e-08,
          1.0000001192092896,
          1.7000000476837158
        ],
        [
          0.0,
          0.0,
          0.0,
          1.0
        ]
      ],
      "matrix_ego_from_sensor_bevfusion": [
        [
          0.8191518783569336,
          2.7085951259664398e-08,
          0.5735766887664795,
          1.2999992370605469
        ],
        [
          -0.573576807975769,
          -1.3416376454244983e-08,
          0.8191518783569336,
          0.5500030517578125
        ],
        [
          3.0948864804258847e-08,
          -1.0000001192092896,
          3.466271936147791e-09,
          1.7000000476837158
        ],
        [
          0.0,
          0.0,
          0.0,
          1.0
        ]
      ],
      "camera_intrinsics": [
        [
          685.5110473632812,
          0.0,
          480.0
        ],
        [
          0.0,
          685.5110473632812,
          270.0
        ],
        [
          0.0,
          0.0,
          1.0
        ]
      ],
      "data_path": "D:\\Agent-AI\\outputs\\s3a_ml_long_v2\\sample_000063\\images\\CAM_FRONT_LEFT.png",
      "raw_layout": "bgra8"
    },
    "CAM_BACK": {
      "type_id": "sensor.camera.rgb",
      "blueprint_attributes": {
        "role_name": "front",
        "ros_name": "sensor.camera.rgb",
        "chromatic_aberration_offset": "0.0",
        "sensor_tick": "0.100000",
        "fstop": "1.4",
        "image_size_x": "960",
        "image_size_y": "540",
        "fov": "70.00",
        "lens_circle_falloff": "5.0",
        "lens_circle_multiplier": "0.0",
        "exposure_compensation": "0.0",
        "lens_y_size": "0.08",
        "lens_k": "-1.0",
        "exposure_mode": "histogram",
        "lens_kcube": "0.0",
        "lens_x_size": "0.08",
        "exposure_max_bright": "12.0",
        "shutter_speed": "200.0",
        "bloom_intensity": "0.675",
        "iso": "100.0",
        "enable_postprocess_effects": "false",
        "gamma": "2.2",
        "motion_blur_intensity": "0.0",
        "motion_blur_max_distortion": "0.35",
        "lens_flare_intensity": "0.1",
        "motion_blur_min_object_screen_size": "0.1",
        "exposure_min_bright": "10.0",
        "exposure_speed_up": "3.0",
        "exposure_speed_down": "1.0",
        "tint": "0.0",
        "calibration_constant": "16.0",
        "focal_distance": "1000.0",
        "min_fstop": "1.2",
        "blade_count": "5",
        "blur_amount": "0.0",
        "blur_radius": "0.0",
        "slope": "0.88",
        "toe": "0.55",
        "white_clip": "0.04",
        "shoulder": "0.26",
        "black_clip": "0.0",
        "temp": "6500.0",
        "chromatic_aberration_intensity": "0.0"
      },
      "transform_carla": {
        "location": {
          "x": 84.81141662597656,
          "y": -59.21320724487305,
          "z": 1.7078641653060913
        },
        "rotation": {
          "roll": -0.4949094355106354,
          "pitch": 0.39993488788604736,
          "yaw": 27.340316772460938
        }
      },
      "matrix_world_from_sensor_carla": [
        [
          0.8882726430892944,
          -0.4593111276626587,
          -0.0022330996580421925,
          84.81141662597656
        ],
        [
          0.45926350355148315,
          0.8882334232330322,
          -0.010878486558794975,
          -59.21320724487305
        ],
        [
          0.006980123929679394,
          0.00863748136907816,
          0.9999383091926575,
          1.7078641653060913
        ],
        [
          0.0,
          0.0,
          0.0,
          1.0
        ]
      ],
      "matrix_world_from_sensor_bevfusion": [
        [
          -0.4593111276626587,
          0.0022330996580421925,
          0.8882726430892944,
          84.81141662597656
        ],
        [
          -0.8882334232330322,
          -0.010878486558794975,
          -0.45926350355148315,
          59.21320724487305
        ],
        [
          0.00863748136907816,
          -0.9999383091926575,
          0.006980123929679394,
          1.7078641653060913
        ],
        [
          0.0,
          0.0,
          0.0,
          1.0
        ]
      ],
      "matrix_ego_from_sensor_carla": [
        [
          -1.0,
          2.5575434392521856e-07,
          -1.989855391570927e-09,
          -1.5499992370605469
        ],
        [
          -2.7992325613013236e-07,
          -1.0,
          -2.6569941802279118e-09,
          -7.62939453125e-06
        ],
        [
          -2.250709840723175e-09,
          -2.415819988499379e-09,
          1.0,
          1.6999998092651367
        ],
        [
          0.0,
          0.0,
          0.0,
          1.0
        ]
      ],
      "matrix_ego_from_sensor_bevfusion": [
        [
          2.5575434392521856e-07,
          1.989855391570927e-09,
          -1.0,
          -1.5499992370605469
        ],
        [
          1.0,
          -2.6569941802279118e-09,
          2.7992325613013236e-07,
          7.62939453125e-06
        ],
        [
          -2.415819988499379e-09,
          -1.0,
          -2.250709840723175e-09,
          1.6999998092651367
        ],
        [
          0.0,
          0.0,
          0.0,
          1.0
        ]
      ],
      "camera_intrinsics": [
        [
          685.5110473632812,
          0.0,
          480.0
        ],
        [
          0.0,
          685.5110473632812,
          270.0
        ],
        [
          0.0,
          0.0,
          1.0
        ]
      ],
      "data_path": "D:\\Agent-AI\\outputs\\s3a_ml_long_v2\\sample_000063\\images\\CAM_BACK.png",
      "raw_layout": "bgra8"
    },
    "CAM_BACK_LEFT": {
      "type_id": "sensor.camera.rgb",
      "blueprint_attributes": {
        "role_name": "front",
        "ros_name": "sensor.camera.rgb",
        "chromatic_aberration_offset": "0.0",
        "sensor_tick": "0.100000",
        "fstop": "1.4",
        "image_size_x": "960",
        "image_size_y": "540",
        "fov": "70.00",
        "lens_circle_falloff": "5.0",
        "lens_circle_multiplier": "0.0",
        "exposure_compensation": "0.0",
        "lens_y_size": "0.08",
        "lens_k": "-1.0",
        "exposure_mode": "histogram",
        "lens_kcube": "0.0",
        "lens_x_size": "0.08",
        "exposure_max_bright": "12.0",
        "shutter_speed": "200.0",
        "bloom_intensity": "0.675",
        "iso": "100.0",
        "enable_postprocess_effects": "false",
        "gamma": "2.2",
        "motion_blur_intensity": "0.0",
        "motion_blur_max_distortion": "0.35",
        "lens_flare_intensity": "0.1",
        "motion_blur_min_object_screen_size": "0.1",
        "exposure_min_bright": "10.0",
        "exposure_speed_up": "3.0",
        "exposure_speed_down": "1.0",
        "tint": "0.0",
        "calibration_constant": "16.0",
        "focal_distance": "1000.0",
        "min_fstop": "1.2",
        "blade_count": "5",
        "blur_amount": "0.0",
        "blur_radius": "0.0",
        "slope": "0.88",
        "toe": "0.55",
        "white_clip": "0.04",
        "shoulder": "0.26",
        "black_clip": "0.0",
        "temp": "6500.0",
        "chromatic_aberration_intensity": "0.0"
      },
      "transform_carla": {
        "location": {
          "x": 84.33672332763672,
          "y": -58.83949661254883,
          "z": 1.7108699083328247
        },
        "rotation": {
          "roll": 0.04374786466360092,
          "pitch": 0.6347908973693848,
          "yaw": 82.34227752685547
        }
      },
      "matrix_world_from_sensor_carla": [
        [
          0.1332467943429947,
          -0.9910803437232971,
          -0.0022330614738166332,
          84.33672332763672
        ],
        [
          0.991020917892456,
          0.13326331973075867,
          -0.010878410190343857,
          -58.83949661254883
        ],
        [
          0.011078964918851852,
          -0.0007634973735548556,
          0.9999383091926575,
          1.7108699083328247
        ],
        [
          0.0,
          0.0,
          0.0,
          1.0
        ]
      ],
      "matrix_world_from_sensor_bevfusion": [
        [
          -0.9910803437232971,
          0.0022330614738166332,
          0.1332467943429947,
          84.33672332763672
        ],
        [
          -0.13326331973075867,
          -0.010878410190343857,
          -0.991020917892456,
          58.83949661254883
        ],
        [
          -0.0007634973735548556,
          -0.9999383091926575,
          0.011078964918851852,
          1.7108699083328247
        ],
        [
          0.0,
          0.0,
          0.0,
          1.0
        ]
      ],
      "matrix_ego_from_sensor_carla": [
        [
          -0.5735763311386108,
          0.8191520571708679,
          -7.137338542406724e-08,
          -1.3000030517578125
        ],
        [
          -0.8191520571708679,
          -0.5735763311386108,
          -5.294841187719612e-08,
          -0.5500030517578125
        ],
        [
          -8.39695175613997e-08,
          2.773031759772948e-08,
          1.0,
          1.7000000476837158
        ],
        [
          0.0,
          0.0,
          0.0,
          1.0
        ]
      ],
      "matrix_ego_from_sensor_bevfusion": [
        [
          0.8191520571708679,
          7.137338542406724e-08,
          -0.5735763311386108,
          -1.3000030517578125
        ],
        [
          0.5735763311386108,
          -5.294841187719612e-08,
          0.8191520571708679,
          0.5500030517578125
        ],
        [
          2.773031759772948e-08,
          -1.0,
          -8.39695175613997e-08,
          1.7000000476837158
        ],
        [
          0.0,
          0.0,
          0.0,
          1.0
        ]
      ],
      "camera_intrinsics": [
        [
          685.5110473632812,
          0.0,
          480.0
        ],
        [
          0.0,
          685.5110473632812,
          270.0
        ],
        [
          0.0,
          0.0,
          1.0
        ]
      ],
      "data_path": "D:\\Agent-AI\\outputs\\s3a_ml_long_v2\\sample_000063\\images\\CAM_BACK_LEFT.png",
      "raw_layout": "bgra8"
    },
    "CAM_BACK_RIGHT": {
      "type_id": "sensor.camera.rgb",
      "blueprint_attributes": {
        "role_name": "front",
        "ros_name": "sensor.camera.rgb",
        "chromatic_aberration_offset": "0.0",
        "sensor_tick": "0.100000",
        "fstop": "1.4",
        "image_size_x": "960",
        "image_size_y": "540",
        "fov": "70.00",
        "lens_circle_falloff": "5.0",
        "lens_circle_multiplier": "0.0",
        "exposure_compensation": "0.0",
        "lens_y_size": "0.08",
        "lens_k": "-1.0",
        "exposure_mode": "histogram",
        "lens_kcube": "0.0",
        "lens_x_size": "0.08",
        "exposure_max_bright": "12.0",
        "shutter_speed": "200.0",
        "bloom_intensity": "0.675",
        "iso": "100.0",
        "enable_postprocess_effects": "false",
        "gamma": "2.2",
        "motion_blur_intensity": "0.0",
        "motion_blur_max_distortion": "0.35",
        "lens_flare_intensity": "0.1",
        "motion_blur_min_object_screen_size": "0.1",
        "exposure_min_bright": "10.0",
        "exposure_speed_up": "3.0",
        "exposure_speed_down": "1.0",
        "tint": "0.0",
        "calibration_constant": "16.0",
        "focal_distance": "1000.0",
        "min_fstop": "1.2",
        "blade_count": "5",
        "blur_amount": "0.0",
        "blur_radius": "0.0",
        "slope": "0.88",
        "toe": "0.55",
        "white_clip": "0.04",
        "shoulder": "0.26",
        "black_clip": "0.0",
        "temp": "6500.0",
        "chromatic_aberration_intensity": "0.0"
      },
      "transform_carla": {
        "location": {
          "x": 84.84197235107422,
          "y": -59.816551208496094,
          "z": 1.7013685703277588
        },
        "rotation": {
          "roll": -0.6114757061004639,
          "pitch": -0.17600031197071075,
          "yaw": -27.657012939453125
        }
      },
      "matrix_world_from_sensor_carla": [
        [
          0.885737955570221,
          0.46418020129203796,
          -0.0022330819629132748,
          84.84197235107422
        ],
        [
          -0.46417543292045593,
          0.8856765031814575,
          -0.010878465138375759,
          -59.816551208496094
        ],
        [
          -0.0030717800837010145,
          0.010672011412680149,
          0.9999383687973022,
          1.7013685703277588
        ],
        [
          0.0,
          0.0,
          0.0,
          1.0
        ]
      ],
      "matrix_world_from_sensor_bevfusion": [
        [
          0.46418020129203796,
          0.0022330819629132748,
          0.885737955570221,
          84.84197235107422
        ],
        [
          -0.8856765031814575,
          -0.010878465138375759,
          0.46417543292045593,
          59.816551208496094
        ],
        [
          0.010672011412680149,
          -0.9999383687973022,
          -0.0030717800837010145,
          1.7013685703277588
        ],
        [
          0.0,
          0.0,
          0.0,
          1.0
        ]
      ],
      "matrix_ego_from_sensor_carla": [
        [
          -0.5735766887664795,
          -0.8191518187522888,
          -2.8017273834279877e-08,
          -1.3000068664550781
        ],
        [
          0.8191518187522888,
          -0.573576807975769,
          -1.4347699028860461e-08,
          0.5500030517578125
        ],
        [
          -4.164764089154005e-09,
          -3.094880440812631e-08,
          1.0000001192092896,
          1.6999998092651367
        ],
        [
          0.0,
          0.0,
          0.0,
          1.0
        ]
      ],
      "matrix_ego_from_sensor_bevfusion": [
        [
          -0.8191518187522888,
          2.8017273834279877e-08,
          -0.5735766887664795,
          -1.3000068664550781
        ],
        [
          0.573576807975769,
          -1.4347699028860461e-08,
          -0.8191518187522888,
          -0.5500030517578125
        ],
        [
          -3.094880440812631e-08,
          -1.0000001192092896,
          -4.164764089154005e-09,
          1.6999998092651367
        ],
        [
          0.0,
          0.0,
          0.0,
          1.0
        ]
      ],
      "camera_intrinsics": [
        [
          685.5110473632812,
          0.0,
          480.0
        ],
        [
          0.0,
          685.5110473632812,
          270.0
        ],
        [
          0.0,
          0.0,
          1.0
        ]
      ],
      "data_path": "D:\\Agent-AI\\outputs\\s3a_ml_long_v2\\sample_000063\\images\\CAM_BACK_RIGHT.png",
      "raw_layout": "bgra8"
    },
    "LIDAR_TOP": {
      "type_id": "sensor.lidar.ray_cast",
      "blueprint_attributes": {
        "atmosphere_attenuation_rate": "0.004",
        "role_name": "front",
        "noise_seed": "0",
        "upper_fov": "10.0",
        "ros_name": "sensor.lidar.ray_cast",
        "sensor_tick": "0.100000",
        "channels": "32",
        "range": "120.0",
        "points_per_second": "360000",
        "lower_fov": "-30.0",
        "rotation_frequency": "10.000000",
        "horizontal_fov": "360.0",
        "dropoff_general_rate": "0.0",
        "dropoff_intensity_limit": "1.0",
        "noise_stddev": "0.0",
        "dropoff_zero_intensity": "0.0"
      },
      "transform_carla": {
        "location": {
          "x": 83.4334716796875,
          "y": -59.93050003051758,
          "z": 2.197014331817627
        },
        "rotation": {
          "roll": 0.4949096739292145,
          "pitch": -0.39993488788604736,
          "yaw": -152.65969848632812
        }
      },
      "matrix_world_from_sensor_carla": [
        [
          -0.888272762298584,
          0.4593108892440796,
          -0.0022331001237034798,
          83.4334716796875
        ],
        [
          -0.45926326513290405,
          -0.8882335424423218,
          -0.010878490284085274,
          -59.93050003051758
        ],
        [
          -0.006980123929679394,
          -0.008637486025691032,
          0.9999383091926575,
          2.197014331817627
        ],
        [
          0.0,
          0.0,
          0.0,
          1.0
        ]
      ],
      "matrix_world_from_sensor_bevfusion": [
        [
          -0.888272762298584,
          -0.4593108892440796,
          -0.0022331001237034798,
          83.4334716796875
        ],
        [
          0.45926326513290405,
          -0.8882335424423218,
          0.010878490284085274,
          59.93050003051758
        ],
        [
          -0.006980123929679394,
          0.008637486025691032,
          0.9999383091926575,
          2.197014331817627
        ],
        [
          0.0,
          0.0,
          0.0,
          1.0
        ]
      ],
      "matrix_ego_from_sensor_carla": [
        [
          1.0,
          7.646009159145706e-09,
          -1.272101868288189e-10,
          3.814697265625e-06
        ],
        [
          8.54822790330445e-09,
          1.0,
          1.3697365464082623e-10,
          -7.62939453125e-06
        ],
        [
          -7.75967068378236e-11,
          -3.778606316728883e-10,
          1.0,
          2.200000047683716
        ],
        [
          0.0,
          0.0,
          0.0,
          1.0
        ]
      ],
      "matrix_ego_from_sensor_bevfusion": [
        [
          1.0,
          -7.646009159145706e-09,
          -1.272101868288189e-10,
          3.814697265625e-06
        ],
        [
          -8.54822790330445e-09,
          1.0,
          -1.3697365464082623e-10,
          7.62939453125e-06
        ],
        [
          -7.75967068378236e-11,
          3.778606316728883e-10,
          1.0,
          2.200000047683716
        ],
        [
          0.0,
          0.0,
          0.0,
          1.0
        ]
      ],
      "data_path": "D:\\Agent-AI\\outputs\\s3a_ml_long_v2\\sample_000063\\lidar\\LIDAR_TOP.npy",
      "raw_layout": [
        "x",
        "y",
        "z",
        "intensity"
      ]
    },
    "RADAR_FRONT": {
      "type_id": "sensor.other.radar",
      "blueprint_attributes": {
        "sensor_tick": "0.100000",
        "role_name": "default",
        "noise_seed": "0",
        "ros_name": "sensor.other.radar",
        "horizontal_fov": "35.0",
        "points_per_second": "1500",
        "vertical_fov": "20.0",
        "range": "120.0"
      },
      "transform_carla": {
        "location": {
          "x": 81.65983581542969,
          "y": -60.83488464355469,
          "z": 0.8831343054771423
        },
        "rotation": {
          "roll": 0.4949096739292145,
          "pitch": -0.39993488788604736,
          "yaw": -152.65969848632812
        }
      },
      "matrix_world_from_sensor_carla": [
        [
          -0.888272762298584,
          0.4593108892440796,
          -0.0022331001237034798,
          81.65983581542969
        ],
        [
          -0.45926326513290405,
          -0.8882335424423218,
          -0.010878490284085274,
          -60.83488464355469
        ],
        [
          -0.006980123929679394,
          -0.008637486025691032,
          0.9999383091926575,
          0.8831343054771423
        ],
        [
          0.0,
          0.0,
          0.0,
          1.0
        ]
      ],
      "matrix_world_from_sensor_bevfusion": [
        [
          -0.888272762298584,
          -0.4593108892440796,
          -0.0022331001237034798,
          81.65983581542969
        ],
        [
          0.45926326513290405,
          -0.8882335424423218,
          0.010878490284085274,
          60.83488464355469
        ],
        [
          -0.006980123929679394,
          0.008637486025691032,
          0.9999383091926575,
          0.8831343054771423
        ],
        [
          0.0,
          0.0,
          0.0,
          1.0
        ]
      ],
      "matrix_ego_from_sensor_carla": [
        [
          1.0,
          7.646009159145706e-09,
          -1.272101868288189e-10,
          1.9999923706054688
        ],
        [
          8.54822790330445e-09,
          1.0,
          1.3697365464082623e-10,
          -7.62939453125e-06
        ],
        [
          -7.75967068378236e-11,
          -3.778606316728883e-10,
          1.0,
          0.8999999761581421
        ],
        [
          0.0,
          0.0,
          0.0,
          1.0
        ]
      ],
      "matrix_ego_from_sensor_bevfusion": [
        [
          1.0,
          -7.646009159145706e-09,
          -1.272101868288189e-10,
          1.9999923706054688
        ],
        [
          -8.54822790330445e-09,
          1.0,
          -1.3697365464082623e-10,
          7.62939453125e-06
        ],
        [
          -7.75967068378236e-11,
          3.778606316728883e-10,
          1.0,
          0.8999999761581421
        ],
        [
          0.0,
          0.0,
          0.0,
          1.0
        ]
      ],
      "data_path": "D:\\Agent-AI\\outputs\\s3a_ml_long_v2\\sample_000063\\radar\\RADAR_FRONT.npy",
      "raw_layout": [
        "velocity",
        "altitude",
        "azimuth",
        "depth"
      ]
    },
    "RADAR_FRONT_LEFT": {
      "type_id": "sensor.other.radar",
      "blueprint_attributes": {
        "sensor_tick": "0.100000",
        "role_name": "default",
        "noise_seed": "0",
        "ros_name": "sensor.other.radar",
        "horizontal_fov": "35.0",
        "points_per_second": "1500",
        "vertical_fov": "20.0",
        "range": "120.0"
      },
      "transform_carla": {
        "location": {
          "x": 81.6262435913086,
          "y": -60.007972717285156,
          "z": 0.892055332660675
        },
        "rotation": {
          "roll": 0.6327474117279053,
          "pitch": 0.06714758276939392,
          "yaw": 162.3424072265625
        }
      },
      "matrix_world_from_sensor_carla": [
        [
          -0.952885627746582,
          -0.3033216893672943,
          -0.0022330773063004017,
          81.6262435913086
        ],
        [
          0.30332764983177185,
          -0.9528242349624634,
          -0.010878472588956356,
          -60.007972717285156
        ],
        [
          0.001171946176327765,
          -0.01104329340159893,
          0.9999383091926575,
          0.892055332660675
        ],
        [
          0.0,
          0.0,
          0.0,
          1.0
        ]
      ],
      "matrix_world_from_sensor_bevfusion": [
        [
          -0.952885627746582,
          0.3033216893672943,
          -0.0022330773063004017,
          81.6262435913086
        ],
        [
          -0.30332764983177185,
          -0.9528242349624634,
          0.010878472588956356,
          60.007972717285156
        ],
        [
          0.001171946176327765,
          0.01104329340159893,
          0.9999383091926575,
          0.892055332660675
        ],
        [
          0.0,
          0.0,
          0.0,
          1.0
        ]
      ],
      "matrix_ego_from_sensor_carla": [
        [
          0.7071069478988647,
          0.7071066498756409,
          -2.8532548768112065e-08,
          1.6500015258789062
        ],
        [
          -0.7071067094802856,
          0.70710688829422,
          -5.450961904074347e-09,
          -0.7500076293945312
        ],
        [
          1.6130776714362582e-08,
          2.496036088928122e-08,
          1.0,
          0.8999999761581421
        ],
        [
          0.0,
          0.0,
          0.0,
          1.0
        ]
      ],
      "matrix_ego_from_sensor_bevfusion": [
        [
          0.7071069478988647,
          -0.7071066498756409,
          -2.8532548768112065e-08,
          1.6500015258789062
        ],
        [
          0.7071067094802856,
          0.70710688829422,
          5.450961904074347e-09,
          0.7500076293945312
        ],
        [
          1.6130776714362582e-08,
          -2.496036088928122e-08,
          1.0,
          0.8999999761581421
        ],
        [
          0.0,
          0.0,
          0.0,
          1.0
        ]
      ],
      "data_path": "D:\\Agent-AI\\outputs\\s3a_ml_long_v2\\sample_000063\\radar\\RADAR_FRONT_LEFT.npy",
      "raw_layout": [
        "velocity",
        "altitude",
        "azimuth",
        "depth"
      ]
    },
    "RADAR_FRONT_RIGHT": {
      "type_id": "sensor.other.radar",
      "blueprint_attributes": {
        "sensor_tick": "0.100000",
        "role_name": "default",
        "noise_seed": "0",
        "ros_name": "sensor.other.radar",
