{
  "schema_version": "stage1.v1",
  "sample_name": "sample_000027",
  "sequence_index": 27,
  "previous_sample_name": "sample_000026",
  "frame_id": 726300,
  "timestamp": 4999.894624758512,
  "platform_timestamp": 16813378.0968135,
  "delta_seconds": 0.10000000149011612,
  "town": "Carla/Maps/Town10HD_Opt",
  "weather": {
    "cloudiness": 20.0,
    "dust_storm": 0.0,
    "fog_density": 2.0,
    "fog_distance": 0.75,
    "fog_falloff": 0.10000000149011612,
    "mie_scattering_scale": 0.029999999329447746,
    "precipitation": 0.0,
    "precipitation_deposits": 0.0,
    "rayleigh_scattering_scale": 0.03310000151395798,
    "scattering_intensity": 1.0,
    "sun_altitude_angle": 45.0,
    "sun_azimuth_angle": 300.0,
    "wetness": 0.0,
    "wind_intensity": 10.0
  },
  "sensor_names": [
    "CAM_FRONT",
    "CAM_FRONT_RIGHT",
    "CAM_FRONT_LEFT",
    "CAM_BACK",
    "CAM_BACK_LEFT",
    "CAM_BACK_RIGHT",
    "LIDAR_TOP",
    "RADAR_FRONT",
    "RADAR_FRONT_LEFT",
    "RADAR_FRONT_RIGHT",
    "RADAR_BACK_LEFT",
    "RADAR_BACK_RIGHT"
  ],
  "camera_order_for_model": [
    "CAM_FRONT",
    "CAM_FRONT_RIGHT",
    "CAM_FRONT_LEFT",
    "CAM_BACK",
    "CAM_BACK_LEFT",
    "CAM_BACK_RIGHT"
  ],
  "radar_order_for_model": [
    "RADAR_FRONT",
    "RADAR_FRONT_LEFT",
    "RADAR_FRONT_RIGHT",
    "RADAR_BACK_LEFT",
    "RADAR_BACK_RIGHT"
  ],
  "coordinate_notes": {
    "carla_world": "left-handed x-forward y-right z-up",
    "bevfusion_lidar": "x-forward y-left z-up",
    "camera_frame_for_model": "OpenCV style x-right y-down z-forward"
  },
  "ego": {
    "actor_id": 49,
    "transform_carla": {
      "location": {
        "x": 104.83991241455078,
        "y": -33.63846206665039,
        "z": -0.005582771264016628
      },
      "rotation": {
        "roll": 0.10667605698108673,
        "pitch": 0.2943606376647949,
        "yaw": -104.16075134277344
      }
    },
    "velocity_carla": [
      -0.8227894306182861,
      -2.7471160888671875,
      -6.096839933888987e-05
    ],
    "angular_velocity_carla": [
      -1.1237961053848267,
      0.34065109491348267,
      -5.2894182205200195
    ],
    "matrix_world_from_ego_carla": [
      [
        -0.2446400672197342,
        0.9696091413497925,
        0.0030621339101344347,
        104.83991241455078
      ],
      [
        -0.9696003794670105,
        -0.2446521371603012,
        0.004525928758084774,
        -33.63846206665039
      ],
      [
        0.005137539468705654,
        -0.0018618227913975716,
        0.9999850988388062,
        -0.005582771264016628
      ],
      [
        0.0,
        0.0,
        0.0,
        1.0
      ]
    ],
    "matrix_world_from_ego_bevfusion": [
      [
        -0.2446400672197342,
        -0.9696091413497925,
        0.0030621339101344347,
        104.83991241455078
      ],
      [
        0.9696003794670105,
        -0.2446521371603012,
        -0.004525928758084774,
        33.63846206665039
      ],
      [
        0.005137539468705654,
        0.0018618227913975716,
        0.9999850988388062,
        -0.005582771264016628
      ],
      [
        0.0,
        0.0,
        0.0,
        1.0
      ]
    ]
  },
  "sensors": {
    "CAM_FRONT": {
      "type_id": "sensor.camera.rgb",
      "blueprint_attributes": {
        "role_name": "front",
        "ros_name": "sensor.camera.rgb",
        "chromatic_aberration_offset": "0.0",
        "sensor_tick": "0.100000",
        "fstop": "1.4",
        "image_size_x": "960",
        "image_size_y": "540",
        "fov": "70.00",
        "lens_circle_falloff": "5.0",
        "lens_circle_multiplier": "0.0",
        "exposure_compensation": "0.0",
        "lens_y_size": "0.08",
        "lens_k": "-1.0",
        "exposure_mode": "histogram",
        "lens_kcube": "0.0",
        "lens_x_size": "0.08",
        "exposure_max_bright": "12.0",
        "shutter_speed": "200.0",
        "bloom_intensity": "0.675",
        "iso": "100.0",
        "enable_postprocess_effects": "false",
        "gamma": "2.2",
        "motion_blur_intensity": "0.0",
        "motion_blur_max_distortion": "0.35",
        "lens_flare_intensity": "0.1",
        "motion_blur_min_object_screen_size": "0.1",
        "exposure_min_bright": "10.0",
        "exposure_speed_up": "3.0",
        "exposure_speed_down": "1.0",
        "tint": "0.0",
        "calibration_constant": "16.0",
        "focal_distance": "1000.0",
        "min_fstop": "1.2",
        "blade_count": "5",
        "blur_amount": "0.0",
        "blur_radius": "0.0",
        "slope": "0.88",
        "toe": "0.55",
        "white_clip": "0.04",
        "shoulder": "0.26",
        "black_clip": "0.0",
        "temp": "6500.0",
        "chromatic_aberration_intensity": "0.0"
      },
      "transform_carla": {
        "location": {
          "x": 104.46592712402344,
          "y": -35.13365173339844,
          "z": 1.7023550271987915
        },
        "rotation": {
          "roll": 0.10667605698108673,
          "pitch": 0.2943606376647949,
          "yaw": -104.16075134277344
        }
      },
      "matrix_world_from_sensor_carla": [
        [
          -0.2446400672197342,
          0.9696091413497925,
          0.0030621339101344347,
          104.46592712402344
        ],
        [
          -0.9696003794670105,
          -0.2446521371603012,
          0.004525928758084774,
          -35.13365173339844
        ],
        [
          0.005137539468705654,
          -0.0018618227913975716,
          0.9999850988388062,
          1.7023550271987915
        ],
        [
          0.0,
          0.0,
          0.0,
          1.0
        ]
      ],
      "matrix_world_from_sensor_bevfusion": [
        [
          0.9696091413497925,
          -0.0030621339101344347,
          -0.2446400672197342,
          104.46592712402344
        ],
        [
          0.2446521371603012,
          0.004525928758084774,
          0.9696003794670105,
          35.13365173339844
        ],
        [
          -0.0018618227913975716,
          -0.9999850988388062,
          0.005137539468705654,
          1.7023550271987915
        ],
        [
          0.0,
          0.0,
          0.0,
          1.0
        ]
      ],
      "matrix_ego_from_sensor_carla": [
        [
          1.0,
          -1.1892149487380266e-08,
          -1.8684570557425673e-10,
          1.5500035285949707
        ],
        [
          -1.2210143118807082e-08,
          1.0000001192092896,
          1.5288678656411037e-10,
          0.0
        ],
        [
          -2.741257221217097e-11,
          1.4744822030010596e-10,
          1.0,
          1.6999999284744263
        ],
        [
          0.0,
          0.0,
          0.0,
          1.0
        ]
      ],
      "matrix_ego_from_sensor_bevfusion": [
        [
          -1.1892149487380266e-08,
          1.8684570557425673e-10,
          1.0,
          1.5500035285949707
        ],
        [
          -1.0000001192092896,
          1.5288678656411037e-10,
          1.2210143118807082e-08,
          0.0
        ],
        [
          1.4744822030010596e-10,
          -1.0,
          -2.741257221217097e-11,
          1.6999999284744263
        ],
        [
          0.0,
          0.0,
          0.0,
          1.0
        ]
      ],
      "camera_intrinsics": [
        [
          685.5110473632812,
          0.0,
          480.0
        ],
        [
          0.0,
          685.5110473632812,
          270.0
        ],
        [
          0.0,
          0.0,
          1.0
        ]
      ],
      "data_path": "D:\\Agent-AI\\outputs\\s3a_ml_long_v1\\sample_000027\\images\\CAM_FRONT.png",
      "raw_layout": "bgra8"
    },
    "CAM_FRONT_RIGHT": {
      "type_id": "sensor.camera.rgb",
      "blueprint_attributes": {
        "role_name": "front",
        "ros_name": "sensor.camera.rgb",
        "chromatic_aberration_offset": "0.0",
        "sensor_tick": "0.100000",
        "fstop": "1.4",
        "image_size_x": "960",
        "image_size_y": "540",
        "fov": "70.00",
        "lens_circle_falloff": "5.0",
        "lens_circle_multiplier": "0.0",
        "exposure_compensation": "0.0",
        "lens_y_size": "0.08",
        "lens_k": "-1.0",
        "exposure_mode": "histogram",
        "lens_kcube": "0.0",
        "lens_x_size": "0.08",
        "exposure_max_bright": "12.0",
        "shutter_speed": "200.0",
        "bloom_intensity": "0.675",
        "iso": "100.0",
        "enable_postprocess_effects": "false",
        "gamma": "2.2",
        "motion_blur_intensity": "0.0",
        "motion_blur_max_distortion": "0.35",
        "lens_flare_intensity": "0.1",
        "motion_blur_min_object_screen_size": "0.1",
        "exposure_min_bright": "10.0",
        "exposure_speed_up": "3.0",
        "exposure_speed_down": "1.0",
        "tint": "0.0",
        "calibration_constant": "16.0",
        "focal_distance": "1000.0",
        "min_fstop": "1.2",
        "blade_count": "5",
        "blur_amount": "0.0",
        "blur_radius": "0.0",
        "slope": "0.88",
        "toe": "0.55",
        "white_clip": "0.04",
        "shoulder": "0.26",
        "black_clip": "0.0",
        "temp": "6500.0",
        "chromatic_aberration_intensity": "0.0"
      },
      "transform_carla": {
        "location": {
          "x": 105.06037139892578,
          "y": -35.02581024169922,
          "z": 1.7000466585159302
        },
        "rotation": {
          "roll": 0.3023127615451813,
          "pitch": 0.08145683258771896,
          "yaw": -49.160797119140625
        }
      },
      "matrix_world_from_sensor_carla": [
        [
          0.6539377570152283,
          0.7565420866012573,
          0.0030621099285781384,
          105.06037139892578
        ],
        [
          -0.7565469741821289,
          0.6539236307144165,
          0.004525954835116863,
          -35.02581024169922
        ],
        [
          0.001421689405106008,
          -0.0052763232961297035,
          0.9999850392341614,
          1.7000466585159302
        ],
        [
          0.0,
          0.0,
          0.0,
          1.0
        ]
      ],
      "matrix_world_from_sensor_bevfusion": [
        [
          0.7565420866012573,
          -0.0030621099285781384,
          0.6539377570152283,
          105.06037139892578
        ],
        [
          -0.6539236307144165,
          0.004525954835116863,
          0.7565469741821289,
          35.02581024169922
        ],
        [
          -0.0052763232961297035,
          -0.9999850392341614,
          0.001421689405106008,
          1.7000466585159302
        ],
        [
          0.0,
          0.0,
          0.0,
          1.0
        ]
      ],
      "matrix_ego_from_sensor_carla": [
        [
          0.5735761523246765,
          -0.8191521763801575,
          -2.0050840987551055e-08,
          1.300001621246338
        ],
        [
          0.8191522359848022,
          0.5735761523246765,
          -2.9422047020943864e-08,
          0.5500030517578125
        ],
        [
          3.577394380727128e-08,
          2.4107976726028824e-10,
          0.9999999403953552,
          1.6999999284744263
        ],
        [
          0.0,
          0.0,
          0.0,
          1.0
        ]
      ],
      "matrix_ego_from_sensor_bevfusion": [
        [
          -0.8191521763801575,
          2.0050840987551055e-08,
          0.5735761523246765,
          1.300001621246338
        ],
        [
          -0.5735761523246765,
          -2.9422047020943864e-08,
          -0.8191522359848022,
          -0.5500030517578125
        ],
        [
          2.4107976726028824e-10,
          -0.9999999403953552,
          3.577394380727128e-08,
          1.6999999284744263
        ],
        [
          0.0,
          0.0,
          0.0,
          1.0
        ]
      ],
      "camera_intrinsics": [
        [
          685.5110473632812,
          0.0,
          480.0
        ],
        [
          0.0,
          685.5110473632812,
          270.0
        ],
        [
          0.0,
          0.0,
          1.0
        ]
      ],
      "data_path": "D:\\Agent-AI\\outputs\\s3a_ml_long_v1\\sample_000027\\images\\CAM_FRONT_RIGHT.png",
      "raw_layout": "bgra8"
    },
    "CAM_FRONT_LEFT": {
      "type_id": "sensor.camera.rgb",
      "blueprint_attributes": {
        "role_name": "front",
        "ros_name": "sensor.camera.rgb",
        "chromatic_aberration_offset": "0.0",
        "sensor_tick": "0.100000",
        "fstop": "1.4",
        "image_size_x": "960",
        "image_size_y": "540",
        "fov": "70.00",
        "lens_circle_falloff": "5.0",
        "lens_circle_multiplier": "0.0",
        "exposure_compensation": "0.0",
        "lens_y_size": "0.08",
        "lens_k": "-1.0",
        "exposure_mode": "histogram",
        "lens_kcube": "0.0",
        "lens_x_size": "0.08",
        "exposure_max_bright": "12.0",
        "shutter_speed": "200.0",
        "bloom_intensity": "0.675",
        "iso": "100.0",
        "enable_postprocess_effects": "false",
        "gamma": "2.2",
        "motion_blur_intensity": "0.0",
        "motion_blur_max_distortion": "0.35",
        "lens_flare_intensity": "0.1",
        "motion_blur_min_object_screen_size": "0.1",
        "exposure_min_bright": "10.0",
        "exposure_speed_up": "3.0",
        "exposure_speed_down": "1.0",
        "tint": "0.0",
        "calibration_constant": "16.0",
        "focal_distance": "1000.0",
        "min_fstop": "1.2",
        "blade_count": "5",
        "blur_amount": "0.0",
        "blur_radius": "0.0",
        "slope": "0.88",
        "toe": "0.55",
        "white_clip": "0.04",
        "shoulder": "0.26",
        "black_clip": "0.0",
        "temp": "6500.0",
        "chromatic_aberration_intensity": "0.0"
      },
      "transform_carla": {
        "location": {
          "x": 103.9937973022461,
          "y": -34.756690979003906,
          "z": 1.7020946741104126
        },
        "rotation": {
          "roll": -0.1799411028623581,
          "pitch": 0.25622087717056274,
          "yaw": -159.16140747070312
        }
      },
      "matrix_world_from_sensor_carla": [
        [
          -0.9345769286155701,
          0.3557478189468384,
          0.0030621287878602743,
          103.9937973022461
        ],
        [
          -0.35573288798332214,
          -0.9345766305923462,
          0.004525927826762199,
          -34.756690979003906
        ],
        [
          0.004471883177757263,
          0.0031405282206833363,
          0.9999850392341614,
          1.7020946741104126
        ],
        [
          0.0,
          0.0,
          0.0,
          1.0
        ]
      ],
      "matrix_world_from_sensor_bevfusion": [
        [
          0.3557478189468384,
          -0.0030621287878602743,
          -0.9345769286155701,
          103.9937973022461
        ],
        [
          0.9345766305923462,
          0.004525927826762199,
          0.35573288798332214,
          34.756690979003906
        ],
        [
          0.0031405282206833363,
          -0.9999850392341614,
          0.004471883177757263,
          1.7020946741104126
        ],
        [
          0.0,
          0.0,
          0.0,
          1.0
        ]
      ],
      "matrix_ego_from_sensor_carla": [
        [
          0.5735766291618347,
          0.819151759147644,
          1.83523951591269e-09,
          1.300001621246338
        ],
        [
          -0.8191518783569336,
          0.5735766887664795,
          -4.625583471806749e-09,
          -0.5500030517578125
        ],
        [
          -4.969845868174616e-09,
          1.9097279313484705e-09,
          0.9999999403953552,
          1.7000000476837158
        ],
        [
          0.0,
          0.0,
          0.0,
          1.0
        ]
      ],
      "matrix_ego_from_sensor_bevfusion": [
        [
          0.819151759147644,
          -1.83523951591269e-09,
          0.5735766291618347,
          1.300001621246338
        ],
        [
          -0.5735766887664795,
          -4.625583471806749e-09,
          0.8191518783569336,
          0.5500030517578125
        ],
        [
          1.9097279313484705e-09,
          -0.9999999403953552,
          -4.969845868174616e-09,
          1.7000000476837158
        ],
        [
          0.0,
          0.0,
          0.0,
          1.0
        ]
      ],
      "camera_intrinsics": [
        [
          685.5110473632812,
          0.0,
          480.0
        ],
        [
          0.0,
          685.5110473632812,
          270.0
        ],
        [
          0.0,
          0.0,
          1.0
        ]
      ],
      "data_path": "D:\\Agent-AI\\outputs\\s3a_ml_long_v1\\sample_000027\\images\\CAM_FRONT_LEFT.png",
      "raw_layout": "bgra8"
    },
    "CAM_BACK": {
      "type_id": "sensor.camera.rgb",
      "blueprint_attributes": {
        "role_name": "front",
        "ros_name": "sensor.camera.rgb",
        "chromatic_aberration_offset": "0.0",
        "sensor_tick": "0.100000",
        "fstop": "1.4",
        "image_size_x": "960",
        "image_size_y": "540",
        "fov": "70.00",
        "lens_circle_falloff": "5.0",
        "lens_circle_multiplier": "0.0",
        "exposure_compensation": "0.0",
        "lens_y_size": "0.08",
        "lens_k": "-1.0",
        "exposure_mode": "histogram",
        "lens_kcube": "0.0",
        "lens_x_size": "0.08",
        "exposure_max_bright": "12.0",
        "shutter_speed": "200.0",
        "bloom_intensity": "0.675",
        "iso": "100.0",
        "enable_postprocess_effects": "false",
        "gamma": "2.2",
        "motion_blur_intensity": "0.0",
        "motion_blur_max_distortion": "0.35",
        "lens_flare_intensity": "0.1",
        "motion_blur_min_object_screen_size": "0.1",
        "exposure_min_bright": "10.0",
        "exposure_speed_up": "3.0",
        "exposure_speed_down": "1.0",
        "tint": "0.0",
        "calibration_constant": "16.0",
        "focal_distance": "1000.0",
        "min_fstop": "1.2",
        "blade_count": "5",
        "blur_amount": "0.0",
        "blur_radius": "0.0",
        "slope": "0.88",
        "toe": "0.55",
        "white_clip": "0.04",
        "shoulder": "0.26",
        "black_clip": "0.0",
        "temp": "6500.0",
        "chromatic_aberration_intensity": "0.0"
      },
      "transform_carla": {
        "location": {
          "x": 105.22430419921875,
          "y": -32.127891540527344,
          "z": 1.6864286661148071
        },
        "rotation": {
          "roll": -0.1066761463880539,
          "pitch": -0.2943606376647949,
          "yaw": 75.83926391601562
        }
      },
      "matrix_world_from_sensor_carla": [
        [
          0.24463973939418793,
          -0.969609260559082,
          0.0030621341429650784,
          105.22430419921875
        ],
        [
          0.9696004986763,
          0.24465180933475494,
          0.004525929689407349,
          -32.127891540527344
        ],
        [
          -0.005137539468705654,
          0.0018618243047967553,
          0.9999850988388062,
          1.6864286661148071
        ],
        [
          0.0,
          0.0,
          0.0,
          1.0
        ]
      ],
      "matrix_world_from_sensor_bevfusion": [
        [
          -0.969609260559082,
          -0.0030621341429650784,
          0.24463973939418793,
          105.22430419921875
        ],
        [
          -0.24465180933475494,
          0.004525929689407349,
          -0.9696004986763,
          32.127891540527344
        ],
        [
          0.0018618243047967553,
          -0.9999850988388062,
          -0.005137539468705654,
          1.6864286661148071
        ],
        [
          0.0,
          0.0,
          0.0,
          1.0
        ]
      ],
      "matrix_ego_from_sensor_carla": [
        [
          -1.0,
          3.595615396534413e-07,
          -1.118168224678584e-09,
          -1.5499944686889648
        ],
        [
          -3.447801759648428e-07,
          -1.0,
          1.5288678656411037e-10,
          -7.62939453125e-06
        ],
        [
          -4.382487150955683e-10,
          -3.8030151250367794e-10,
          1.0,
          1.6999999284744263
        ],
        [
          0.0,
          0.0,
          0.0,
          1.0
        ]
      ],
      "matrix_ego_from_sensor_bevfusion": [
        [
          3.595615396534413e-07,
          1.118168224678584e-09,
          -1.0,
          -1.5499944686889648
        ],
        [
          1.0,
          1.5288678656411037e-10,
          3.447801759648428e-07,
          7.62939453125e-06
        ],
        [
          -3.8030151250367794e-10,
          -1.0,
          -4.382487150955683e-10,
          1.6999999284744263
        ],
        [
          0.0,
          0.0,
          0.0,
          1.0
        ]
      ],
      "camera_intrinsics": [
        [
          685.5110473632812,
          0.0,
          480.0
        ],
        [
          0.0,
          685.5110473632812,
          270.0
        ],
        [
          0.0,
          0.0,
          1.0
        ]
      ],
      "data_path": "D:\\Agent-AI\\outputs\\s3a_ml_long_v1\\sample_000027\\images\\CAM_BACK.png",
      "raw_layout": "bgra8"
    },
    "CAM_BACK_LEFT": {
      "type_id": "sensor.camera.rgb",
      "blueprint_attributes": {
        "role_name": "front",
        "ros_name": "sensor.camera.rgb",
        "chromatic_aberration_offset": "0.0",
        "sensor_tick": "0.100000",
        "fstop": "1.4",
        "image_size_x": "960",
        "image_size_y": "540",
        "fov": "70.00",
        "lens_circle_falloff": "5.0",
        "lens_circle_multiplier": "0.0",
        "exposure_compensation": "0.0",
        "lens_y_size": "0.08",
        "lens_k": "-1.0",
        "exposure_mode": "histogram",
        "lens_kcube": "0.0",
        "lens_x_size": "0.08",
        "exposure_max_bright": "12.0",
        "shutter_speed": "200.0",
        "bloom_intensity": "0.675",
        "iso": "100.0",
        "enable_postprocess_effects": "false",
        "gamma": "2.2",
        "motion_blur_intensity": "0.0",
        "motion_blur_max_distortion": "0.35",
        "lens_flare_intensity": "0.1",
        "motion_blur_min_object_screen_size": "0.1",
        "exposure_min_bright": "10.0",
        "exposure_speed_up": "3.0",
        "exposure_speed_down": "1.0",
        "tint": "0.0",
        "calibration_constant": "16.0",
        "focal_distance": "1000.0",
        "min_fstop": "1.2",
        "blade_count": "5",
        "blur_amount": "0.0",
        "blur_radius": "0.0",
        "slope": "0.88",
        "toe": "0.55",
        "white_clip": "0.04",
        "shoulder": "0.26",
        "black_clip": "0.0",
        "temp": "6500.0",
        "chromatic_aberration_intensity": "0.0"
      },
      "transform_carla": {
        "location": {
          "x": 104.6298599243164,
          "y": -32.23573303222656,
          "z": 1.6887370347976685
        },
        "rotation": {
          "roll": -0.3023127615451813,
          "pitch": -0.08145683258771896,
          "yaw": 130.83920288085938
        }
      },
      "matrix_world_from_sensor_carla": [
        [
          -0.6539376974105835,
          -0.7565421462059021,
          0.0030621103942394257,
          104.6298599243164
        ],
        [
          0.7565470337867737,
          -0.6539235711097717,
          0.004525954369455576,
          -32.23573303222656
        ],
        [
          -0.001421689405106008,
          0.0052763232961297035,
          0.9999850392341614,
          1.6887370347976685
        ],
        [
          0.0,
          0.0,
          0.0,
          1.0
        ]
      ],
      "matrix_world_from_sensor_bevfusion": [
        [
          -0.7565421462059021,
          -0.0030621103942394257,
          -0.6539376974105835,
          104.6298599243164
        ],
        [
          0.6539235711097717,
          0.004525954369455576,
          -0.7565470337867737,
          32.23573303222656
        ],
        [
          0.0052763232961297035,
          -0.9999850392341614,
          -0.001421689405106008,
          1.6887370347976685
        ],
        [
          0.0,
          0.0,
          0.0,
          1.0
        ]
      ],
      "matrix_ego_from_sensor_carla": [
        [
          -0.5735762119293213,
          0.8191521167755127,
          -1.9585179700243316e-08,
          -1.2999958992004395
        ],
        [
          -0.8191521763801575,
          -0.5735762119293213,
          -2.883997041180919e-08,
          -0.5500030517578125
        ],
        [
          -3.530828251996354e-08,
          -2.4107976726028824e-10,
          0.9999999403953552,
          1.6999999284744263
        ],
        [
          0.0,
          0.0,
          0.0,
          1.0
        ]
      ],
      "matrix_ego_from_sensor_bevfusion": [
        [
          0.8191521167755127,
          1.9585179700243316e-08,
          -0.5735762119293213,
          -1.2999958992004395
        ],
        [
          0.5735762119293213,
          -2.883997041180919e-08,
          0.8191521763801575,
          0.5500030517578125
        ],
        [
          -2.4107976726028824e-10,
          -0.9999999403953552,
          -3.530828251996354e-08,
          1.6999999284744263
        ],
        [
          0.0,
          0.0,
          0.0,
          1.0
        ]
      ],
      "camera_intrinsics": [
        [
          685.5110473632812,
          0.0,
          480.0
        ],
        [
          0.0,
          685.5110473632812,
          270.0
        ],
        [
          0.0,
          0.0,
          1.0
        ]
      ],
      "data_path": "D:\\Agent-AI\\outputs\\s3a_ml_long_v1\\sample_000027\\images\\CAM_BACK_LEFT.png",
      "raw_layout": "bgra8"
    },
    "CAM_BACK_RIGHT": {
      "type_id": "sensor.camera.rgb",
      "blueprint_attributes": {
        "role_name": "front",
        "ros_name": "sensor.camera.rgb",
        "chromatic_aberration_offset": "0.0",
        "sensor_tick": "0.100000",
        "fstop": "1.4",
        "image_size_x": "960",
        "image_size_y": "540",
        "fov": "70.00",
        "lens_circle_falloff": "5.0",
        "lens_circle_multiplier": "0.0",
        "exposure_compensation": "0.0",
        "lens_y_size": "0.08",
        "lens_k": "-1.0",
        "exposure_mode": "histogram",
        "lens_kcube": "0.0",
        "lens_x_size": "0.08",
        "exposure_max_bright": "12.0",
        "shutter_speed": "200.0",
        "bloom_intensity": "0.675",
        "iso": "100.0",
        "enable_postprocess_effects": "false",
        "gamma": "2.2",
        "motion_blur_intensity": "0.0",
        "motion_blur_max_distortion": "0.35",
        "lens_flare_intensity": "0.1",
        "motion_blur_min_object_screen_size": "0.1",
        "exposure_min_bright": "10.0",
        "exposure_speed_up": "3.0",
        "exposure_speed_down": "1.0",
        "tint": "0.0",
        "calibration_constant": "16.0",
        "focal_distance": "1000.0",
        "min_fstop": "1.2",
        "blade_count": "5",
        "blur_amount": "0.0",
        "blur_radius": "0.0",
        "slope": "0.88",
        "toe": "0.55",
        "white_clip": "0.04",
        "shoulder": "0.26",
        "black_clip": "0.0",
        "temp": "6500.0",
        "chromatic_aberration_intensity": "0.0"
      },
      "transform_carla": {
        "location": {
          "x": 105.6964340209961,
          "y": -32.50484848022461,
          "z": 1.6866891384124756
        },
        "rotation": {
          "roll": 0.1799411177635193,
          "pitch": -0.25622087717056274,
          "yaw": 20.83858299255371
        }
      },
      "matrix_world_from_sensor_carla": [
        [
          0.9345769882202148,
          -0.3557477295398712,
          0.003062129020690918,
          105.6964340209961
        ],
        [
          0.355732798576355,
          0.934576690196991,
          0.004525927826762199,
          -32.50484848022461
        ],
        [
          -0.004471883177757263,
          -0.00314052845351398,
          0.9999850392341614,
          1.6866891384124756
        ],
        [
          0.0,
          0.0,
          0.0,
          1.0
        ]
      ],
      "matrix_world_from_sensor_bevfusion": [
        [
          -0.3557477295398712,
          -0.003062129020690918,
          0.9345769882202148,
          105.6964340209961
        ],
        [
          -0.934576690196991,
          0.004525927826762199,
          -0.355732798576355,
          32.50484848022461
        ],
        [
          -0.00314052845351398,
          -0.9999850392341614,
          -0.004471883177757263,
          1.6866891384124756
        ],
        [
          0.0,
          0.0,
          0.0,
          1.0
        ]
      ],
      "matrix_ego_from_sensor_carla": [
        [
          -0.5735765695571899,
          -0.8191518783569336,
          1.83523951591269e-09,
          -1.2999987602233887
        ],
        [
          0.8191519379615784,
          -0.5735765695571899,
          -4.392752828152879e-09,
          0.5499954223632812
        ],
        [
          4.969845868174616e-09,
          -1.676893734980922e-09,
          0.9999999403953552,
          1.7000000476837158
        ],
        [
          0.0,
          0.0,
          0.0,
          1.0
        ]
      ],
      "matrix_ego_from_sensor_bevfusion": [
        [
          -0.8191518783569336,
          -1.83523951591269e-09,
          -0.5735765695571899,
          -1.2999987602233887
        ],
        [
          0.5735765695571899,
          -4.392752828152879e-09,
          -0.8191519379615784,
          -0.5499954223632812
        ],
        [
          -1.676893734980922e-09,
          -0.9999999403953552,
          4.969845868174616e-09,
          1.7000000476837158
        ],
        [
          0.0,
          0.0,
          0.0,
          1.0
        ]
      ],
      "camera_intrinsics": [
        [
          685.5110473632812,
          0.0,
          480.0
        ],
        [
          0.0,
          685.5110473632812,
          270.0
        ],
        [
          0.0,
          0.0,
          1.0
        ]
      ],
      "data_path": "D:\\Agent-AI\\outputs\\s3a_ml_long_v1\\sample_000027\\images\\CAM_BACK_RIGHT.png",
      "raw_layout": "bgra8"
    },
    "LIDAR_TOP": {
      "type_id": "sensor.lidar.ray_cast",
      "blueprint_attributes": {
        "atmosphere_attenuation_rate": "0.004",
        "role_name": "front",
        "noise_seed": "0",
        "upper_fov": "10.0",
        "ros_name": "sensor.lidar.ray_cast",
        "sensor_tick": "0.100000",
        "channels": "32",
        "range": "120.0",
        "points_per_second": "360000",
        "lower_fov": "-30.0",
        "rotation_frequency": "10.000000",
        "horizontal_fov": "360.0",
        "dropoff_general_rate": "0.0",
        "dropoff_intensity_limit": "1.0",
        "noise_stddev": "0.0",
        "dropoff_zero_intensity": "0.0"
      },
      "transform_carla": {
        "location": {
          "x": 104.84664916992188,
          "y": -33.62850570678711,
          "z": 2.1943843364715576
        },
        "rotation": {
          "roll": 0.10667605698108673,
          "pitch": 0.2943606376647949,
          "yaw": -104.16075134277344
        }
      },
      "matrix_world_from_sensor_carla": [
        [
          -0.2446400672197342,
          0.9696091413497925,
          0.0030621339101344347,
          104.84664916992188
        ],
        [
          -0.9696003794670105,
          -0.2446521371603012,
          0.004525928758084774,
          -33.62850570678711
        ],
        [
          0.005137539468705654,
          -0.0018618227913975716,
          0.9999850988388062,
          2.1943843364715576
        ],
        [
          0.0,
          0.0,
          0.0,
          1.0
        ]
      ],
      "matrix_world_from_sensor_bevfusion": [
        [
          -0.2446400672197342,
          -0.9696091413497925,
          0.0030621339101344347,
          104.84664916992188
        ],
        [
          0.9696003794670105,
          -0.2446521371603012,
          -0.004525928758084774,
          33.62850570678711
        ],
        [
          0.005137539468705654,
          0.0018618227913975716,
          0.9999850988388062,
          2.1943843364715576
        ],
        [
          0.0,
          0.0,
          0.0,
          1.0
        ]
      ],
      "matrix_ego_from_sensor_carla": [
        [
          1.0,
          -1.1892149487380266e-08,
          -1.8684570557425673e-10,
          -9.5367431640625e-07
        ],
        [
          -1.2210143118807082e-08,
          1.0000001192092896,
          1.5288678656411037e-10,
          0.0
        ],
        [
          -2.741257221217097e-11,
          1.4744822030010596e-10,
          1.0,
          2.1999998092651367
        ],
        [
          0.0,
          0.0,
          0.0,
          1.0
        ]
      ],
      "matrix_ego_from_sensor_bevfusion": [
        [
          1.0,
          1.1892149487380266e-08,
          -1.8684570557425673e-10,
          -9.5367431640625e-07
        ],
        [
          1.2210143118807082e-08,
          1.0000001192092896,
          -1.5288678656411037e-10,
          0.0
        ],
        [
          -2.741257221217097e-11,
          -1.4744822030010596e-10,
          1.0,
          2.1999998092651367
        ],
        [
          0.0,
          0.0,
          0.0,
          1.0
        ]
      ],
      "data_path": "D:\\Agent-AI\\outputs\\s3a_ml_long_v1\\sample_000027\\lidar\\LIDAR_TOP.npy",
      "raw_layout": [
        "x",
        "y",
        "z",
        "intensity"
      ]
    },
    "RADAR_FRONT": {
      "type_id": "sensor.other.radar",
      "blueprint_attributes": {
        "sensor_tick": "0.100000",
        "role_name": "default",
        "noise_seed": "0",
        "ros_name": "sensor.other.radar",
        "horizontal_fov": "35.0",
        "points_per_second": "1500",
        "vertical_fov": "20.0",
        "range": "120.0"
      },
      "transform_carla": {
        "location": {
          "x": 104.35338592529297,
          "y": -35.57358932495117,
          "z": 0.9046789407730103
        },
        "rotation": {
          "roll": 0.10667605698108673,
          "pitch": 0.2943606376647949,
          "yaw": -104.16075134277344
        }
      },
      "matrix_world_from_sensor_carla": [
        [
          -0.2446400672197342,
          0.9696091413497925,
          0.0030621339101344347,
          104.35338592529297
        ],
        [
          -0.9696003794670105,
          -0.2446521371603012,
          0.004525928758084774,
          -35.57358932495117
        ],
        [
          0.005137539468705654,
          -0.0018618227913975716,
          0.9999850988388062,
          0.9046789407730103
        ],
        [
          0.0,
          0.0,
          0.0,
          1.0
        ]
      ],
      "matrix_world_from_sensor_bevfusion": [
        [
          -0.2446400672197342,
          -0.9696091413497925,
          0.0030621339101344347,
          104.35338592529297
        ],
        [
          0.9696003794670105,
          -0.2446521371603012,
          -0.004525928758084774,
          35.57358932495117
        ],
        [
          0.005137539468705654,
          0.0018618227913975716,
          0.9999850988388062,
          0.9046789407730103
        ],
        [
          0.0,
          0.0,
          0.0,
          1.0
        ]
      ],
      "matrix_ego_from_sensor_carla": [
        [
          1.0,
          -1.1892149487380266e-08,
          -1.8684570557425673e-10,
          1.9999995231628418
        ],
        [
          -1.2210143118807082e-08,
          1.0000001192092896,
          1.5288678656411037e-10,
          0.0
        ],
        [
          -2.741257221217097e-11,
          1.4744822030010596e-10,
          1.0,
          0.9000000953674316
        ],
        [
          0.0,
          0.0,
          0.0,
          1.0
        ]
      ],
      "matrix_ego_from_sensor_bevfusion": [
        [
          1.0,
          1.1892149487380266e-08,
          -1.8684570557425673e-10,
          1.9999995231628418
        ],
        [
          1.2210143118807082e-08,
          1.0000001192092896,
          -1.5288678656411037e-10,
          0.0
        ],
        [
          -2.741257221217097e-11,
          -1.4744822030010596e-10,
          1.0,
          0.9000000953674316
        ],
        [
          0.0,
          0.0,
          0.0,
          1.0
        ]
      ],
      "data_path": "D:\\Agent-AI\\outputs\\s3a_ml_long_v1\\sample_000027\\radar\\RADAR_FRONT.npy",
      "raw_layout": [
        "velocity",
        "altitude",
        "azimuth",
        "depth"
      ]
    },
    "RADAR_FRONT_LEFT": {
      "type_id": "sensor.other.radar",
      "blueprint_attributes": {
        "sensor_tick": "0.100000",
        "role_name": "default",
        "noise_seed": "0",
        "ros_name": "sensor.other.radar",
        "horizontal_fov": "35.0",
        "points_per_second": "1500",
        "vertical_fov": "20.0",
        "range": "120.0"
      },
      "transform_carla": {
        "location": {
          "x": 103.71180725097656,
          "y": -35.050743103027344,
          "z": 0.9042770266532898
        },
        "rotation": {
          "roll": -0.1327148675918579,
          "pitch": 0.28356894850730896,
          "yaw": -149.16131591796875
        }
      },
      "matrix_world_from_sensor_carla": [
        [
          -0.8586035370826721,
          0.5126311182975769,
          0.003062041476368904,
          103.71180725097656
        ],
        [
          -0.5126163959503174,
          -0.8586058020591736,
          0.0045258766040205956,
          -35.050743103027344
        ],
        [
          0.004949191585183144,
          0.0023162809666246176,
          0.9999850988388062,
          0.9042770266532898
        ],
        [
          0.0,
          0.0,
          0.0,
          1.0
        ]
      ],
      "matrix_world_from_sensor_bevfusion": [
        [
          -0.8586035370826721,
          -0.5126311182975769,
          0.003062041476368904,
          103.71180725097656
        ],
        [
          0.5126163959503174,
          -0.8586058020591736,
          -0.0045258766040205956,
          35.050743103027344
        ],
        [
          0.004949191585183144,
          -0.0023162809666246176,
          0.9999850988388062,
          0.9042770266532898
        ],
        [
          0.0,
          0.0,
          0.0,
          1.0
        ]
      ],
      "matrix_ego_from_sensor_carla": [
        [
          0.7071073055267334,
          0.7071062922477722,
          7.292197778951959e-08,
          1.6500000953674316
        ],
        [
          -0.707106351852417,
          0.7071072459220886,
          -7.668122492532348e-08,
          -0.75
        ],
        [
          -1.0663998750715109e-07,
          3.0652271831854705e-09,
          1.0,
          0.8999999761581421
        ],
        [
          0.0,
          0.0,
          0.0,
          1.0
        ]
      ],
      "matrix_ego_from_sensor_bevfusion": [
        [
          0.7071073055267334,
          -0.7071062922477722,
          7.292197778951959e-08,
          1.6500000953674316
        ],
        [
          0.707106351852417,
          0.7071072459220886,
          7.668122492532348e-08,
          0.75
        ],
        [
          -1.0663998750715109e-07,
          -3.0652271831854705e-09,
          1.0,
          0.8999999761581421
        ],
        [
          0.0,
          0.0,
          0.0,
          1.0
        ]
      ],
      "data_path": "D:\\Agent-AI\\outputs\\s3a_ml_long_v1\\sample_000027\\radar\\RADAR_FRONT_LEFT.npy",
      "raw_layout": [
        "velocity",
        "altitude",
        "azimuth",
        "depth"
      ]
    },
    "RADAR_FRONT_RIGHT": {
      "type_id": "sensor.other.radar",
      "blueprint_attributes": {
        "sensor_tick": "0.100000",
