{
  "schema_version": "stage1.v1",
  "sample_name": "sample_000066",
  "sequence_index": 66,
  "previous_sample_name": "sample_000065",
  "frame_id": 60067,
  "timestamp": 441.61970084905624,
  "platform_timestamp": 16814591.7453725,
  "delta_seconds": 0.10000000149011612,
  "town": "Carla/Maps/Town10HD_Opt",
  "weather": {
    "cloudiness": 20.0,
    "dust_storm": 0.0,
    "fog_density": 2.0,
    "fog_distance": 0.75,
    "fog_falloff": 0.10000000149011612,
    "mie_scattering_scale": 0.029999999329447746,
    "precipitation": 0.0,
    "precipitation_deposits": 0.0,
    "rayleigh_scattering_scale": 0.03310000151395798,
    "scattering_intensity": 1.0,
    "sun_altitude_angle": 45.0,
    "sun_azimuth_angle": 300.0,
    "wetness": 0.0,
    "wind_intensity": 10.0
  },
  "sensor_names": [
    "CAM_FRONT",
    "CAM_FRONT_RIGHT",
    "CAM_FRONT_LEFT",
    "CAM_BACK",
    "CAM_BACK_LEFT",
    "CAM_BACK_RIGHT",
    "LIDAR_TOP",
    "RADAR_FRONT",
    "RADAR_FRONT_LEFT",
    "RADAR_FRONT_RIGHT",
    "RADAR_BACK_LEFT",
    "RADAR_BACK_RIGHT"
  ],
  "camera_order_for_model": [
    "CAM_FRONT",
    "CAM_FRONT_RIGHT",
    "CAM_FRONT_LEFT",
    "CAM_BACK",
    "CAM_BACK_LEFT",
    "CAM_BACK_RIGHT"
  ],
  "radar_order_for_model": [
    "RADAR_FRONT",
    "RADAR_FRONT_LEFT",
    "RADAR_FRONT_RIGHT",
    "RADAR_BACK_LEFT",
    "RADAR_BACK_RIGHT"
  ],
  "coordinate_notes": {
    "carla_world": "left-handed x-forward y-right z-up",
    "bevfusion_lidar": "x-forward y-left z-up",
    "camera_frame_for_model": "OpenCV style x-right y-down z-forward"
  },
  "ego": {
    "actor_id": 28,
    "transform_carla": {
      "location": {
        "x": 82.70211029052734,
        "y": -60.26426696777344,
        "z": 0.0017766570672392845
      },
      "rotation": {
        "roll": 0.13123498857021332,
        "pitch": -1.724212884902954,
        "yaw": -153.69696044921875
      }
    },
    "velocity_carla": [
      -0.4506688117980957,
      -0.17138688266277313,
      -0.0006077861762605608
    ],
    "angular_velocity_carla": [
      -0.5859587788581848,
      1.3065698146820068,
      -1.3935564756393433
    ],
    "matrix_world_from_ego_carla": [
      [
        -0.8960570096969604,
        0.4431793689727783,
        -0.025958333164453506,
        82.70211029052734
      ],
      [
        -0.4429181218147278,
        -0.8964300751686096,
        -0.01538613997399807,
        -60.26426696777344
      ],
      [
        -0.030088650062680244,
        -0.0022894435096532106,
        0.999544620513916,
        0.0017766570672392845
      ],
      [
        0.0,
        0.0,
        0.0,
        1.0
      ]
    ],
    "matrix_world_from_ego_bevfusion": [
      [
        -0.8960570096969604,
        -0.4431793689727783,
        -0.025958333164453506,
        82.70211029052734
      ],
      [
        0.4429181218147278,
        -0.8964300751686096,
        0.01538613997399807,
        60.26426696777344
      ],
      [
        -0.030088650062680244,
        0.0022894435096532106,
        0.999544620513916,
        0.0017766570672392845
      ],
      [
        0.0,
        0.0,
        0.0,
        1.0
      ]
    ]
  },
  "sensors": {
    "CAM_FRONT": {
      "type_id": "sensor.camera.rgb",
      "blueprint_attributes": {
        "role_name": "front",
        "ros_name": "sensor.camera.rgb",
        "chromatic_aberration_offset": "0.0",
        "sensor_tick": "0.100000",
        "fstop": "1.4",
        "image_size_x": "960",
        "image_size_y": "540",
        "fov": "70.00",
        "lens_circle_falloff": "5.0",
        "lens_circle_multiplier": "0.0",
        "exposure_compensation": "0.0",
        "lens_y_size": "0.08",
        "lens_k": "-1.0",
        "exposure_mode": "histogram",
        "lens_kcube": "0.0",
        "lens_x_size": "0.08",
        "exposure_max_bright": "12.0",
        "shutter_speed": "200.0",
        "bloom_intensity": "0.675",
        "iso": "100.0",
        "enable_postprocess_effects": "false",
        "gamma": "2.2",
        "motion_blur_intensity": "0.0",
        "motion_blur_max_distortion": "0.35",
        "lens_flare_intensity": "0.1",
        "motion_blur_min_object_screen_size": "0.1",
        "exposure_min_bright": "10.0",
        "exposure_speed_up": "3.0",
        "exposure_speed_down": "1.0",
        "tint": "0.0",
        "calibration_constant": "16.0",
        "focal_distance": "1000.0",
        "min_fstop": "1.2",
        "blade_count": "5",
        "blur_amount": "0.0",
        "blur_radius": "0.0",
        "slope": "0.88",
        "toe": "0.55",
        "white_clip": "0.04",
        "shoulder": "0.26",
        "black_clip": "0.0",
        "temp": "6500.0",
        "chromatic_aberration_intensity": "0.0"
      },
      "transform_carla": {
        "location": {
          "x": 81.26908874511719,
          "y": -60.97694778442383,
          "z": 1.6543651819229126
        },
        "rotation": {
          "roll": 0.13123498857021332,
          "pitch": -1.724212884902954,
          "yaw": -153.69696044921875
        }
      },
      "matrix_world_from_sensor_carla": [
        [
          -0.8960570096969604,
          0.4431793689727783,
          -0.025958333164453506,
          81.26908874511719
        ],
        [
          -0.4429181218147278,
          -0.8964300751686096,
          -0.01538613997399807,
          -60.97694778442383
        ],
        [
          -0.030088650062680244,
          -0.0022894435096532106,
          0.999544620513916,
          1.6543651819229126
        ],
        [
          0.0,
          0.0,
          0.0,
          1.0
        ]
      ],
      "matrix_world_from_sensor_bevfusion": [
        [
          0.4431793689727783,
          0.025958333164453506,
          -0.8960570096969604,
          81.26908874511719
        ],
        [
          0.8964300751686096,
          -0.01538613997399807,
          0.4429181218147278,
          60.97694778442383
        ],
        [
          -0.0022894435096532106,
          -0.999544620513916,
          -0.030088650062680244,
          1.6543651819229126
        ],
        [
          0.0,
          0.0,
          0.0,
          1.0
        ]
      ],
      "matrix_ego_from_sensor_carla": [
        [
          1.0,
          2.8311861743901545e-09,
          1.3628476125404632e-10,
          1.5500030517578125
        ],
        [
          6.201306579356469e-09,
          1.0,
          4.1511771797786423e-10,
          7.62939453125e-06
        ],
        [
          1.3628476125404632e-10,
          1.8281720581825311e-10,
          1.0,
          1.7000000476837158
        ],
        [
          0.0,
          0.0,
          0.0,
          1.0
        ]
      ],
      "matrix_ego_from_sensor_bevfusion": [
        [
          2.8311861743901545e-09,
          -1.3628476125404632e-10,
          1.0,
          1.5500030517578125
        ],
        [
          -1.0,
          4.1511771797786423e-10,
          -6.201306579356469e-09,
          -7.62939453125e-06
        ],
        [
          1.8281720581825311e-10,
          -1.0,
          1.3628476125404632e-10,
          1.7000000476837158
        ],
        [
          0.0,
          0.0,
          0.0,
          1.0
        ]
      ],
      "camera_intrinsics": [
        [
          685.5110473632812,
          0.0,
          480.0
        ],
        [
          0.0,
          685.5110473632812,
          270.0
        ],
        [
          0.0,
          0.0,
          1.0
        ]
      ],
      "data_path": "D:\\Agent-AI\\outputs\\s3a_ml_long_v2\\sample_000066\\images\\CAM_FRONT.png",
      "raw_layout": "bgra8"
    },
    "CAM_FRONT_RIGHT": {
      "type_id": "sensor.camera.rgb",
      "blueprint_attributes": {
        "role_name": "front",
        "ros_name": "sensor.camera.rgb",
        "chromatic_aberration_offset": "0.0",
        "sensor_tick": "0.100000",
        "fstop": "1.4",
        "image_size_x": "960",
        "image_size_y": "540",
        "fov": "70.00",
        "lens_circle_falloff": "5.0",
        "lens_circle_multiplier": "0.0",
        "exposure_compensation": "0.0",
        "lens_y_size": "0.08",
        "lens_k": "-1.0",
        "exposure_mode": "histogram",
        "lens_kcube": "0.0",
        "lens_x_size": "0.08",
        "exposure_max_bright": "12.0",
        "shutter_speed": "200.0",
        "bloom_intensity": "0.675",
        "iso": "100.0",
        "enable_postprocess_effects": "false",
        "gamma": "2.2",
        "motion_blur_intensity": "0.0",
        "motion_blur_max_distortion": "0.35",
        "lens_flare_intensity": "0.1",
        "motion_blur_min_object_screen_size": "0.1",
        "exposure_min_bright": "10.0",
        "exposure_speed_up": "3.0",
        "exposure_speed_down": "1.0",
        "tint": "0.0",
        "calibration_constant": "16.0",
        "focal_distance": "1000.0",
        "min_fstop": "1.2",
        "blade_count": "5",
        "blur_amount": "0.0",
        "blur_radius": "0.0",
        "slope": "0.88",
        "toe": "0.55",
        "white_clip": "0.04",
        "shoulder": "0.26",
        "black_clip": "0.0",
        "temp": "6500.0",
        "chromatic_aberration_intensity": "0.0"
      },
      "transform_carla": {
        "location": {
          "x": 81.73685455322266,
          "y": -61.3592529296875,
          "z": 1.6606279611587524
        },
        "rotation": {
          "roll": -1.3373061418533325,
          "pitch": -1.0963408946990967,
          "yaw": -98.68219757080078
        }
      },
      "matrix_world_from_sensor_carla": [
        [
          -0.15092605352401733,
          0.9882041215896606,
          -0.025958336889743805,
          81.73685455322266
        ],
        [
          -0.9883598685264587,
          -0.15135399997234344,
          -0.015386183746159077,
          -61.3592529296875
        ],
        [
          -0.019133590161800385,
          0.02333400398492813,
          0.999544620513916,
          1.6606279611587524
        ],
        [
          0.0,
          0.0,
          0.0,
          1.0
        ]
      ],
      "matrix_world_from_sensor_bevfusion": [
        [
          0.9882041215896606,
          0.025958336889743805,
          -0.15092605352401733,
          81.73685455322266
        ],
        [
          0.15135399997234344,
          -0.015386183746159077,
          0.9883598685264587,
          61.3592529296875
        ],
        [
          0.02333400398492813,
          -0.999544620513916,
          -0.019133590161800385,
          1.6606279611587524
        ],
        [
          0.0,
          0.0,
          0.0,
          1.0
        ]
      ],
      "matrix_ego_from_sensor_carla": [
        [
          0.5735765695571899,
          -0.8191519975662231,
          2.248802744020395e-08,
          1.3000030517578125
        ],
        [
          0.8191519379615784,
          0.5735765695571899,
          3.7900850458072455e-08,
          0.5500030517578125
        ],
        [
          -4.3250391712490455e-08,
          -1.2988117248369235e-09,
          1.0,
          1.6999998092651367
        ],
        [
          0.0,
          0.0,
          0.0,
          1.0
        ]
      ],
      "matrix_ego_from_sensor_bevfusion": [
        [
          -0.8191519975662231,
          -2.248802744020395e-08,
          0.5735765695571899,
          1.3000030517578125
        ],
        [
          -0.5735765695571899,
          3.7900850458072455e-08,
          -0.8191519379615784,
          -0.5500030517578125
        ],
        [
          -1.2988117248369235e-09,
          -1.0,
          -4.3250391712490455e-08,
          1.6999998092651367
        ],
        [
          0.0,
          0.0,
          0.0,
          1.0
        ]
      ],
      "camera_intrinsics": [
        [
          685.5110473632812,
          0.0,
          480.0
        ],
        [
          0.0,
          685.5110473632812,
          270.0
        ],
        [
          0.0,
          0.0,
          1.0
        ]
      ],
      "data_path": "D:\\Agent-AI\\outputs\\s3a_ml_long_v2\\sample_000066\\images\\CAM_FRONT_RIGHT.png",
      "raw_layout": "bgra8"
    },
    "CAM_FRONT_LEFT": {
      "type_id": "sensor.camera.rgb",
      "blueprint_attributes": {
        "role_name": "front",
        "ros_name": "sensor.camera.rgb",
        "chromatic_aberration_offset": "0.0",
        "sensor_tick": "0.100000",
        "fstop": "1.4",
        "image_size_x": "960",
        "image_size_y": "540",
        "fov": "70.00",
        "lens_circle_falloff": "5.0",
        "lens_circle_multiplier": "0.0",
        "exposure_compensation": "0.0",
        "lens_y_size": "0.08",
        "lens_k": "-1.0",
        "exposure_mode": "histogram",
        "lens_kcube": "0.0",
        "lens_x_size": "0.08",
        "exposure_max_bright": "12.0",
        "shutter_speed": "200.0",
        "bloom_intensity": "0.675",
        "iso": "100.0",
        "enable_postprocess_effects": "false",
        "gamma": "2.2",
        "motion_blur_intensity": "0.0",
        "motion_blur_max_distortion": "0.35",
        "lens_flare_intensity": "0.1",
        "motion_blur_min_object_screen_size": "0.1",
        "exposure_min_bright": "10.0",
        "exposure_speed_up": "3.0",
        "exposure_speed_down": "1.0",
        "tint": "0.0",
        "calibration_constant": "16.0",
        "focal_distance": "1000.0",
        "min_fstop": "1.2",
        "blade_count": "5",
        "blur_amount": "0.0",
        "blur_radius": "0.0",
        "slope": "0.88",
        "toe": "0.55",
        "white_clip": "0.04",
        "shoulder": "0.26",
        "black_clip": "0.0",
        "temp": "6500.0",
        "chromatic_aberration_intensity": "0.0"
      },
      "transform_carla": {
        "location": {
          "x": 81.24935150146484,
          "y": -60.3731803894043,
          "z": 1.6631463766098022
        },
        "rotation": {
          "roll": 1.4877616167068481,
          "pitch": -0.8814017176628113,
          "yaw": 151.2935791015625
        }
      },
      "matrix_world_from_sensor_carla": [
        [
          -0.8769885897636414,
          -0.47980955243110657,
          -0.025958344340324402,
          81.24935150146484
        ],
        [
          0.48026493191719055,
          -0.8769884705543518,
          -0.015386136248707771,
          -60.3731803894043
        ],
        [
          -0.015382755547761917,
          -0.025960348546504974,
          0.999544620513916,
          1.6631463766098022
        ],
        [
          0.0,
          0.0,
          0.0,
          1.0
        ]
      ],
      "matrix_world_from_sensor_bevfusion": [
        [
          -0.47980955243110657,
          0.025958344340324402,
          -0.8769885897636414,
          81.24935150146484
        ],
        [
          0.8769884705543518,
          -0.015386136248707771,
          -0.48026493191719055,
          60.3731803894043
        ],
        [
          -0.025960348546504974,
          -0.999544620513916,
          -0.015382755547761917,
          1.6631463766098022
        ],
        [
          0.0,
          0.0,
          0.0,
          1.0
        ]
      ],
      "matrix_ego_from_sensor_carla": [
        [
          0.5735765695571899,
          0.8191519379615784,
          7.586865358177874e-09,
          1.3000068664550781
        ],
        [
          -0.8191519379615784,
          0.5735765099525452,
          -8.432446740869182e-09,
          -0.5499954223632812
        ],
        [
          -1.159296125763376e-08,
          -3.98582500338307e-10,
          1.0,
          1.7000000476837158
        ],
        [
          0.0,
          0.0,
          0.0,
          1.0
        ]
      ],
      "matrix_ego_from_sensor_bevfusion": [
        [
          0.8191519379615784,
          -7.586865358177874e-09,
          0.5735765695571899,
          1.3000068664550781
        ],
        [
          -0.5735765099525452,
          -8.432446740869182e-09,
          0.8191519379615784,
          0.5499954223632812
        ],
        [
          -3.98582500338307e-10,
          -1.0,
          -1.159296125763376e-08,
          1.7000000476837158
        ],
        [
          0.0,
          0.0,
          0.0,
          1.0
        ]
      ],
      "camera_intrinsics": [
        [
          685.5110473632812,
          0.0,
          480.0
        ],
        [
          0.0,
          685.5110473632812,
          270.0
        ],
        [
          0.0,
          0.0,
          1.0
        ]
      ],
      "data_path": "D:\\Agent-AI\\outputs\\s3a_ml_long_v2\\sample_000066\\images\\CAM_FRONT_LEFT.png",
      "raw_layout": "bgra8"
    },
    "CAM_BACK": {
      "type_id": "sensor.camera.rgb",
      "blueprint_attributes": {
        "role_name": "front",
        "ros_name": "sensor.camera.rgb",
        "chromatic_aberration_offset": "0.0",
        "sensor_tick": "0.100000",
        "fstop": "1.4",
        "image_size_x": "960",
        "image_size_y": "540",
        "fov": "70.00",
        "lens_circle_falloff": "5.0",
        "lens_circle_multiplier": "0.0",
        "exposure_compensation": "0.0",
        "lens_y_size": "0.08",
        "lens_k": "-1.0",
        "exposure_mode": "histogram",
        "lens_kcube": "0.0",
        "lens_x_size": "0.08",
        "exposure_max_bright": "12.0",
        "shutter_speed": "200.0",
        "bloom_intensity": "0.675",
        "iso": "100.0",
        "enable_postprocess_effects": "false",
        "gamma": "2.2",
        "motion_blur_intensity": "0.0",
        "motion_blur_max_distortion": "0.35",
        "lens_flare_intensity": "0.1",
        "motion_blur_min_object_screen_size": "0.1",
        "exposure_min_bright": "10.0",
        "exposure_speed_up": "3.0",
        "exposure_speed_down": "1.0",
        "tint": "0.0",
        "calibration_constant": "16.0",
        "focal_distance": "1000.0",
        "min_fstop": "1.2",
        "blade_count": "5",
        "blur_amount": "0.0",
        "blur_radius": "0.0",
        "slope": "0.88",
        "toe": "0.55",
        "white_clip": "0.04",
        "shoulder": "0.26",
        "black_clip": "0.0",
        "temp": "6500.0",
        "chromatic_aberration_intensity": "0.0"
      },
      "transform_carla": {
        "location": {
          "x": 84.04685974121094,
          "y": -59.60390090942383,
          "z": 1.747639775276184
        },
        "rotation": {
          "roll": -0.1312343031167984,
          "pitch": 1.724212884902954,
          "yaw": 26.303056716918945
        }
      },
      "matrix_world_from_sensor_carla": [
        [
          0.8960568904876709,
          -0.4431796371936798,
          -0.025958335027098656,
          84.04685974121094
        ],
        [
          0.4429183900356293,
          0.8964299559593201,
          -0.01538613811135292,
          -59.60390090942383
        ],
        [
          0.030088650062680244,
          0.0022894316352903843,
          0.999544620513916,
          1.747639775276184
        ],
        [
          0.0,
          0.0,
          0.0,
          1.0
        ]
      ],
      "matrix_world_from_sensor_bevfusion": [
        [
          -0.4431796371936798,
          0.025958335027098656,
          0.8960568904876709,
          84.04685974121094
        ],
        [
          -0.8964299559593201,
          -0.01538613811135292,
          -0.4429183900356293,
          59.60390090942383
        ],
        [
          0.0022894316352903843,
          -0.999544620513916,
          0.030088650062680244,
          1.747639775276184
        ],
        [
          0.0,
          0.0,
          0.0,
          1.0
        ]
      ],
      "matrix_ego_from_sensor_carla": [
        [
          -1.0,
          2.8874629265374097e-07,
          1.9989299104850033e-09,
          -1.5499954223632812
        ],
        [
          -3.0624724445260654e-07,
          -1.0,
          -2.1460193622147017e-09,
          0.0
        ],
        [
          -1.3628476125404632e-10,
          -2.7385469447693822e-09,
          1.0,
          1.7000001668930054
        ],
        [
          0.0,
          0.0,
          0.0,
          1.0
        ]
      ],
      "matrix_ego_from_sensor_bevfusion": [
        [
          2.8874629265374097e-07,
          -1.9989299104850033e-09,
          -1.0,
          -1.5499954223632812
        ],
        [
          1.0,
          -2.1460193622147017e-09,
          3.0624724445260654e-07,
          0.0
        ],
        [
          -2.7385469447693822e-09,
          -1.0,
          -1.3628476125404632e-10,
          1.7000001668930054
        ],
        [
          0.0,
          0.0,
          0.0,
          1.0
        ]
      ],
      "camera_intrinsics": [
        [
          685.5110473632812,
          0.0,
          480.0
        ],
        [
          0.0,
          685.5110473632812,
          270.0
        ],
        [
          0.0,
          0.0,
          1.0
        ]
      ],
      "data_path": "D:\\Agent-AI\\outputs\\s3a_ml_long_v2\\sample_000066\\images\\CAM_BACK.png",
      "raw_layout": "bgra8"
    },
    "CAM_BACK_LEFT": {
      "type_id": "sensor.camera.rgb",
      "blueprint_attributes": {
        "role_name": "front",
        "ros_name": "sensor.camera.rgb",
        "chromatic_aberration_offset": "0.0",
        "sensor_tick": "0.100000",
        "fstop": "1.4",
        "image_size_x": "960",
        "image_size_y": "540",
        "fov": "70.00",
        "lens_circle_falloff": "5.0",
        "lens_circle_multiplier": "0.0",
        "exposure_compensation": "0.0",
        "lens_y_size": "0.08",
        "lens_k": "-1.0",
        "exposure_mode": "histogram",
        "lens_kcube": "0.0",
        "lens_x_size": "0.08",
        "exposure_max_bright": "12.0",
        "shutter_speed": "200.0",
        "bloom_intensity": "0.675",
        "iso": "100.0",
        "enable_postprocess_effects": "false",
        "gamma": "2.2",
        "motion_blur_intensity": "0.0",
        "motion_blur_max_distortion": "0.35",
        "lens_flare_intensity": "0.1",
        "motion_blur_min_object_screen_size": "0.1",
        "exposure_min_bright": "10.0",
        "exposure_speed_up": "3.0",
        "exposure_speed_down": "1.0",
        "tint": "0.0",
        "calibration_constant": "16.0",
        "focal_distance": "1000.0",
        "min_fstop": "1.2",
        "blade_count": "5",
        "blur_amount": "0.0",
        "blur_radius": "0.0",
        "slope": "0.88",
        "toe": "0.55",
        "white_clip": "0.04",
        "shoulder": "0.26",
        "black_clip": "0.0",
        "temp": "6500.0",
        "chromatic_aberration_intensity": "0.0"
      },
      "transform_carla": {
        "location": {
          "x": 83.5791015625,
          "y": -59.22159194946289,
          "z": 1.7413768768310547
        },
        "rotation": {
          "roll": 1.337306261062622,
          "pitch": 1.0963408946990967,
          "yaw": 81.31781005859375
        }
      },
      "matrix_world_from_sensor_carla": [
        [
          0.15092596411705017,
          -0.9882041215896606,
          -0.025958336889743805,
          83.5791015625
        ],
        [
          0.9883598685264587,
          0.15135391056537628,
          -0.015386185608804226,
          -59.22159194946289
        ],
        [
          0.019133590161800385,
          -0.02333400584757328,
          0.999544620513916,
          1.7413768768310547
        ],
        [
          0.0,
          0.0,
          0.0,
          1.0
        ]
      ],
      "matrix_world_from_sensor_bevfusion": [
        [
          -0.9882041215896606,
          0.025958336889743805,
          0.15092596411705017,
          83.5791015625
        ],
        [
          -0.15135391056537628,
          -0.015386185608804226,
          -0.9883598685264587,
          59.22159194946289
        ],
        [
          -0.02333400584757328,
          -0.999544620513916,
          0.019133590161800385,
          1.7413768768310547
        ],
        [
          0.0,
          0.0,
          0.0,
          1.0
        ]
      ],
      "matrix_ego_from_sensor_carla": [
        [
          -0.5735765099525452,
          0.8191519975662231,
          2.4350672589434907e-08,
          -1.2999992370605469
        ],
        [
          -0.8191519975662231,
          -0.5735764503479004,
          3.953066496364954e-08,
          -0.5500030517578125
        ],
        [
          4.697568201095237e-08,
          -5.629852140032199e-10,
          1.0,
          1.7000000476837158
        ],
        [
          0.0,
          0.0,
          0.0,
          1.0
        ]
      ],
      "matrix_ego_from_sensor_bevfusion": [
        [
          0.8191519975662231,
          -2.4350672589434907e-08,
          -0.5735765099525452,
          -1.2999992370605469
        ],
        [
          0.5735764503479004,
          3.953066496364954e-08,
          0.8191519975662231,
          0.5500030517578125
        ],
        [
          -5.629852140032199e-10,
          -1.0,
          4.697568201095237e-08,
          1.7000000476837158
        ],
        [
          0.0,
          0.0,
          0.0,
          1.0
        ]
      ],
      "camera_intrinsics": [
        [
          685.5110473632812,
          0.0,
          480.0
        ],
        [
          0.0,
          685.5110473632812,
          270.0
        ],
        [
          0.0,
          0.0,
          1.0
        ]
      ],
      "data_path": "D:\\Agent-AI\\outputs\\s3a_ml_long_v2\\sample_000066\\images\\CAM_BACK_LEFT.png",
      "raw_layout": "bgra8"
    },
    "CAM_BACK_RIGHT": {
      "type_id": "sensor.camera.rgb",
      "blueprint_attributes": {
        "role_name": "front",
        "ros_name": "sensor.camera.rgb",
        "chromatic_aberration_offset": "0.0",
        "sensor_tick": "0.100000",
        "fstop": "1.4",
        "image_size_x": "960",
        "image_size_y": "540",
        "fov": "70.00",
        "lens_circle_falloff": "5.0",
        "lens_circle_multiplier": "0.0",
        "exposure_compensation": "0.0",
        "lens_y_size": "0.08",
        "lens_k": "-1.0",
        "exposure_mode": "histogram",
        "lens_kcube": "0.0",
        "lens_x_size": "0.08",
        "exposure_max_bright": "12.0",
        "shutter_speed": "200.0",
        "bloom_intensity": "0.675",
        "iso": "100.0",
        "enable_postprocess_effects": "false",
        "gamma": "2.2",
        "motion_blur_intensity": "0.0",
        "motion_blur_max_distortion": "0.35",
        "lens_flare_intensity": "0.1",
        "motion_blur_min_object_screen_size": "0.1",
        "exposure_min_bright": "10.0",
        "exposure_speed_up": "3.0",
        "exposure_speed_down": "1.0",
        "tint": "0.0",
        "calibration_constant": "16.0",
        "focal_distance": "1000.0",
        "min_fstop": "1.2",
        "blade_count": "5",
        "blur_amount": "0.0",
        "blur_radius": "0.0",
        "slope": "0.88",
        "toe": "0.55",
        "white_clip": "0.04",
        "shoulder": "0.26",
        "black_clip": "0.0",
        "temp": "6500.0",
        "chromatic_aberration_intensity": "0.0"
      },
      "transform_carla": {
        "location": {
          "x": 84.06659698486328,
          "y": -60.207664489746094,
          "z": 1.7388585805892944
        },
        "rotation": {
          "roll": -1.4877617359161377,
          "pitch": 0.8814017176628113,
          "yaw": -28.706418991088867
        }
      },
      "matrix_world_from_sensor_carla": [
        [
          0.8769885897636414,
          0.4798095226287842,
          -0.025958344340324402,
          84.06659698486328
        ],
        [
          -0.48026490211486816,
          0.8769884705543518,
          -0.01538613811135292,
          -60.207664489746094
        ],
        [
          0.015382755547761917,
          0.025960350409150124,
          0.999544620513916,
          1.7388585805892944
        ],
        [
          0.0,
          0.0,
          0.0,
          1.0
        ]
      ],
      "matrix_world_from_sensor_bevfusion": [
        [
          0.4798095226287842,
          0.025958344340324402,
          0.8769885897636414,
          84.06659698486328
        ],
        [
          -0.8769884705543518,
          -0.01538613811135292,
          0.48026490211486816,
          60.207664489746094
        ],
        [
          0.025960350409150124,
          -0.999544620513916,
          0.015382755547761917,
          1.7388585805892944
        ],
        [
          0.0,
          0.0,
          0.0,
          1.0
        ]
      ],
      "matrix_ego_from_sensor_carla": [
        [
          -0.5735766291618347,
          -0.8191519379615784,
          9.449510507408831e-09,
          -1.2999954223632812
        ],
        [
          0.8191519379615784,
          -0.5735765099525452,
          -6.802632235292094e-09,
          0.5499954223632812
        ],
        [
          1.0661638683018282e-08,
          4.1230245884094074e-09,
          1.0,
          1.700000286102295
        ],
        [
          0.0,
          0.0,
          0.0,
          1.0
        ]
      ],
      "matrix_ego_from_sensor_bevfusion": [
        [
          -0.8191519379615784,
          -9.449510507408831e-09,
          -0.5735766291618347,
          -1.2999954223632812
        ],
        [
          0.5735765099525452,
          -6.802632235292094e-09,
          -0.8191519379615784,
          -0.5499954223632812
        ],
        [
          4.1230245884094074e-09,
          -1.0,
          1.0661638683018282e-08,
          1.700000286102295
        ],
        [
          0.0,
          0.0,
          0.0,
          1.0
        ]
      ],
      "camera_intrinsics": [
        [
          685.5110473632812,
          0.0,
          480.0
        ],
        [
          0.0,
          685.5110473632812,
          270.0
        ],
        [
          0.0,
          0.0,
          1.0
        ]
      ],
      "data_path": "D:\\Agent-AI\\outputs\\s3a_ml_long_v2\\sample_000066\\images\\CAM_BACK_RIGHT.png",
      "raw_layout": "bgra8"
    },
    "LIDAR_TOP": {
      "type_id": "sensor.lidar.ray_cast",
      "blueprint_attributes": {
        "atmosphere_attenuation_rate": "0.004",
        "role_name": "front",
        "noise_seed": "0",
        "upper_fov": "10.0",
        "ros_name": "sensor.lidar.ray_cast",
        "sensor_tick": "0.100000",
        "channels": "32",
        "range": "120.0",
        "points_per_second": "360000",
        "lower_fov": "-30.0",
        "rotation_frequency": "10.000000",
        "horizontal_fov": "360.0",
        "dropoff_general_rate": "0.0",
        "dropoff_intensity_limit": "1.0",
        "noise_stddev": "0.0",
        "dropoff_zero_intensity": "0.0"
      },
      "transform_carla": {
        "location": {
          "x": 82.6449966430664,
          "y": -60.29811477661133,
          "z": 2.200774908065796
        },
        "rotation": {
          "roll": 0.13123498857021332,
          "pitch": -1.724212884902954,
          "yaw": -153.69696044921875
        }
      },
      "matrix_world_from_sensor_carla": [
        [
          -0.8960570096969604,
          0.4431793689727783,
          -0.025958333164453506,
          82.6449966430664
        ],
        [
          -0.4429181218147278,
          -0.8964300751686096,
          -0.01538613997399807,
          -60.29811477661133
        ],
        [
          -0.030088650062680244,
          -0.0022894435096532106,
          0.999544620513916,
          2.200774908065796
        ],
        [
          0.0,
          0.0,
          0.0,
          1.0
        ]
      ],
      "matrix_world_from_sensor_bevfusion": [
        [
          -0.8960570096969604,
          -0.4431793689727783,
          -0.025958333164453506,
          82.6449966430664
        ],
        [
          0.4429181218147278,
          -0.8964300751686096,
          0.01538613997399807,
          60.29811477661133
        ],
        [
          -0.030088650062680244,
          0.0022894435096532106,
          0.999544620513916,
          2.200774908065796
        ],
        [
          0.0,
          0.0,
          0.0,
          1.0
        ]
      ],
      "matrix_ego_from_sensor_carla": [
        [
          1.0,
          2.8311861743901545e-09,
          1.3628476125404632e-10,
          0.0
        ],
        [
          6.201306579356469e-09,
          1.0,
          4.1511771797786423e-10,
          0.0
        ],
        [
          1.3628476125404632e-10,
          1.8281720581825311e-10,
          1.0,
          2.200000047683716
        ],
        [
          0.0,
          0.0,
          0.0,
          1.0
        ]
      ],
      "matrix_ego_from_sensor_bevfusion": [
        [
          1.0,
          -2.8311861743901545e-09,
          1.3628476125404632e-10,
          0.0
        ],
        [
          -6.201306579356469e-09,
          1.0,
          -4.1511771797786423e-10,
          0.0
        ],
        [
          1.3628476125404632e-10,
          -1.8281720581825311e-10,
          1.0,
          2.200000047683716
        ],
        [
          0.0,
          0.0,
          0.0,
          1.0
        ]
      ],
      "data_path": "D:\\Agent-AI\\outputs\\s3a_ml_long_v2\\sample_000066\\lidar\\LIDAR_TOP.npy",
      "raw_layout": [
        "x",
        "y",
        "z",
        "intensity"
      ]
    },
    "RADAR_FRONT": {
      "type_id": "sensor.other.radar",
      "blueprint_attributes": {
        "sensor_tick": "0.100000",
        "role_name": "default",
        "noise_seed": "0",
        "ros_name": "sensor.other.radar",
        "horizontal_fov": "35.0",
        "points_per_second": "1500",
        "vertical_fov": "20.0",
        "range": "120.0"
      },
      "transform_carla": {
        "location": {
          "x": 80.88662719726562,
          "y": -61.16394805908203,
          "z": 0.8411895036697388
        },
        "rotation": {
          "roll": 0.13123498857021332,
          "pitch": -1.724212884902954,
          "yaw": -153.69696044921875
        }
      },
      "matrix_world_from_sensor_carla": [
        [
          -0.8960570096969604,
          0.4431793689727783,
          -0.025958333164453506,
          80.88662719726562
        ],
        [
          -0.4429181218147278,
          -0.8964300751686096,
          -0.01538613997399807,
          -61.16394805908203
        ],
        [
          -0.030088650062680244,
          -0.0022894435096532106,
          0.999544620513916,
          0.8411895036697388
        ],
        [
          0.0,
          0.0,
          0.0,
          1.0
        ]
      ],
      "matrix_world_from_sensor_bevfusion": [
        [
          -0.8960570096969604,
          -0.4431793689727783,
          -0.025958333164453506,
          80.88662719726562
        ],
        [
          0.4429181218147278,
          -0.8964300751686096,
          0.01538613997399807,
          61.16394805908203
        ],
        [
          -0.030088650062680244,
          0.0022894435096532106,
          0.999544620513916,
          0.8411895036697388
        ],
        [
          0.0,
          0.0,
          0.0,
          1.0
        ]
      ],
      "matrix_ego_from_sensor_carla": [
        [
          1.0,
          2.8311861743901545e-09,
          1.3628476125404632e-10,
          2.0000038146972656
        ],
        [
          6.201306579356469e-09,
          1.0,
          4.1511771797786423e-10,
          0.0
        ],
        [
          1.3628476125404632e-10,
          1.8281720581825311e-10,
          1.0,
          0.9000002145767212
        ],
        [
          0.0,
          0.0,
          0.0,
          1.0
        ]
      ],
      "matrix_ego_from_sensor_bevfusion": [
        [
          1.0,
          -2.8311861743901545e-09,
          1.3628476125404632e-10,
          2.0000038146972656
        ],
        [
          -6.201306579356469e-09,
          1.0,
          -4.1511771797786423e-10,
          0.0
        ],
        [
          1.3628476125404632e-10,
          -1.8281720581825311e-10,
          1.0,
          0.9000002145767212
        ],
        [
          0.0,
          0.0,
          0.0,
          1.0
        ]
      ],
      "data_path": "D:\\Agent-AI\\outputs\\s3a_ml_long_v2\\sample_000066\\radar\\RADAR_FRONT.npy",
      "raw_layout": [
        "velocity",
        "altitude",
        "azimuth",
        "depth"
      ]
    },
    "RADAR_FRONT_LEFT": {
      "type_id": "sensor.other.radar",
      "blueprint_attributes": {
        "sensor_tick": "0.100000",
        "role_name": "default",
        "noise_seed": "0",
        "ros_name": "sensor.other.radar",
        "horizontal_fov": "35.0",
        "points_per_second": "1500",
        "vertical_fov": "20.0",
        "range": "120.0"
      },
      "transform_carla": {
        "location": {
          "x": 80.86786651611328,
          "y": -60.336605072021484,
          "z": 0.8534375429153442
        },
        "rotation": {
          "roll": 1.3121416568756104,
          "pitch": -1.1263322830200195,
          "yaw": 161.2921142578125
        }
      },
      "matrix_world_from_sensor_carla": [
        [
          -0.9469830989837646,
          -0.3202328681945801,
          -0.025958267971873283,
          80.86786651611328
        ],
        [
          0.3206813335418701,
          -0.9470621347427368,
          -0.015386157669126987,
          -60.336605072021484
        ],
        [
          -0.019656939432024956,
          -0.022894764319062233,
          0.999544620513916,
          0.8534375429153442
        ],
        [
          0.0,
          0.0,
          0.0,
          1.0
        ]
      ],
      "matrix_world_from_sensor_bevfusion": [
        [
          -0.9469830989837646,
          0.3202328681945801,
          -0.025958267971873283,
          80.86786651611328
        ],
        [
          -0.3206813335418701,
          -0.9470621347427368,
          0.015386157669126987,
          60.336605072021484
        ],
        [
          -0.019656939432024956,
          0.022894764319062233,
          0.999544620513916,
          0.8534375429153442
        ],
        [
          0.0,
          0.0,
          0.0,
          1.0
        ]
      ],
      "matrix_ego_from_sensor_carla": [
        [
          0.7071067690849304,
          0.7071067690849304,
          -5.201777852903433e-08,
          1.649993896484375
        ],
        [
          -0.7071067094802856,
          0.7071067094802856,
          4.511860041134241e-08,
          -0.75
        ],
        [
          6.841226252163324e-08,
          6.169044830528492e-09,
          1.0,
          0.8999998569488525
        ],
        [
          0.0,
          0.0,
          0.0,
          1.0
        ]
      ],
      "matrix_ego_from_sensor_bevfusion": [
        [
          0.7071067690849304,
          -0.7071067690849304,
          -5.201777852903433e-08,
          1.649993896484375
        ],
        [
          0.7071067094802856,
          0.7071067094802856,
          -4.511860041134241e-08,
          0.75
        ],
        [
          6.841226252163324e-08,
          -6.169044830528492e-09,
          1.0,
          0.8999998569488525
        ],
        [
          0.0,
          0.0,
          0.0,
          1.0
        ]
      ],
      "data_path": "D:\\Agent-AI\\outputs\\s3a_ml_long_v2\\sample_000066\\radar\\RADAR_FRONT_LEFT.npy",
      "raw_layout": [
        "velocity",
        "altitude",
        "azimuth",
        "depth"
      ]
    },
    "RADAR_FRONT_RIGHT": {
      "type_id": "sensor.other.radar",
      "blueprint_attributes": {
        "sensor_tick": "0.100000",
        "role_name": "default",
        "noise_seed": "0",
        "ros_name": "sensor.other.radar",
        "horizontal_fov": "35.0",
        "points_per_second": "1500",
        "vertical_fov": "20.0",
        "range": "120.0"
      },
      "transform_carla": {
        "location": {
          "x": 81.53263854980469,
