{
  "schema_version": "stage1.v1",
  "sample_name": "sample_000097",
  "sequence_index": 97,
  "previous_sample_name": "sample_000096",
  "frame_id": 60098,
  "timestamp": 444.71970089524984,
  "platform_timestamp": 16814606.6761429,
  "delta_seconds": 0.10000000149011612,
  "town": "Carla/Maps/Town10HD_Opt",
  "weather": {
    "cloudiness": 20.0,
    "dust_storm": 0.0,
    "fog_density": 2.0,
    "fog_distance": 0.75,
    "fog_falloff": 0.10000000149011612,
    "mie_scattering_scale": 0.029999999329447746,
    "precipitation": 0.0,
    "precipitation_deposits": 0.0,
    "rayleigh_scattering_scale": 0.03310000151395798,
    "scattering_intensity": 1.0,
    "sun_altitude_angle": 45.0,
    "sun_azimuth_angle": 300.0,
    "wetness": 0.0,
    "wind_intensity": 10.0
  },
  "sensor_names": [
    "CAM_FRONT",
    "CAM_FRONT_RIGHT",
    "CAM_FRONT_LEFT",
    "CAM_BACK",
    "CAM_BACK_LEFT",
    "CAM_BACK_RIGHT",
    "LIDAR_TOP",
    "RADAR_FRONT",
    "RADAR_FRONT_LEFT",
    "RADAR_FRONT_RIGHT",
    "RADAR_BACK_LEFT",
    "RADAR_BACK_RIGHT"
  ],
  "camera_order_for_model": [
    "CAM_FRONT",
    "CAM_FRONT_RIGHT",
    "CAM_FRONT_LEFT",
    "CAM_BACK",
    "CAM_BACK_LEFT",
    "CAM_BACK_RIGHT"
  ],
  "radar_order_for_model": [
    "RADAR_FRONT",
    "RADAR_FRONT_LEFT",
    "RADAR_FRONT_RIGHT",
    "RADAR_BACK_LEFT",
    "RADAR_BACK_RIGHT"
  ],
  "coordinate_notes": {
    "carla_world": "left-handed x-forward y-right z-up",
    "bevfusion_lidar": "x-forward y-left z-up",
    "camera_frame_for_model": "OpenCV style x-right y-down z-forward"
  },
  "ego": {
    "actor_id": 28,
    "transform_carla": {
      "location": {
        "x": 77.28771209716797,
        "y": -62.27985763549805,
        "z": -0.004410285968333483
      },
      "rotation": {
        "roll": -0.0021667485125362873,
        "pitch": -0.024042263627052307,
        "yaw": -161.72349548339844
      }
    },
    "velocity_carla": [
      0.00030116032576188445,
      7.376746361842379e-05,
      -5.865097136847908e-06
    ],
    "angular_velocity_carla": [
      -0.022020697593688965,
      0.0928991287946701,
      9.058023715624586e-05
    ],
    "matrix_world_from_ego_carla": [
      [
        -0.9495540857315063,
        0.313603013753891,
        -0.0004103082465007901,
        77.28771209716797
      ],
      [
        -0.313603013753891,
        -0.9495541453361511,
        -9.568387758918107e-05,
        -62.27985763549805
      ],
      [
        -0.00041961667011491954,
        3.7816891563124955e-05,
        0.9999999403953552,
        -0.004410285968333483
      ],
      [
        0.0,
        0.0,
        0.0,
        1.0
      ]
    ],
    "matrix_world_from_ego_bevfusion": [
      [
        -0.9495540857315063,
        -0.313603013753891,
        -0.0004103082465007901,
        77.28771209716797
      ],
      [
        0.313603013753891,
        -0.9495541453361511,
        9.568387758918107e-05,
        62.27985763549805
      ],
      [
        -0.00041961667011491954,
        -3.7816891563124955e-05,
        0.9999999403953552,
        -0.004410285968333483
      ],
      [
        0.0,
        0.0,
        0.0,
        1.0
      ]
    ]
  },
  "sensors": {
    "CAM_FRONT": {
      "type_id": "sensor.camera.rgb",
      "blueprint_attributes": {
        "role_name": "front",
        "ros_name": "sensor.camera.rgb",
        "chromatic_aberration_offset": "0.0",
        "sensor_tick": "0.100000",
        "fstop": "1.4",
        "image_size_x": "960",
        "image_size_y": "540",
        "fov": "70.00",
        "lens_circle_falloff": "5.0",
        "lens_circle_multiplier": "0.0",
        "exposure_compensation": "0.0",
        "lens_y_size": "0.08",
        "lens_k": "-1.0",
        "exposure_mode": "histogram",
        "lens_kcube": "0.0",
        "lens_x_size": "0.08",
        "exposure_max_bright": "12.0",
        "shutter_speed": "200.0",
        "bloom_intensity": "0.675",
        "iso": "100.0",
        "enable_postprocess_effects": "false",
        "gamma": "2.2",
        "motion_blur_intensity": "0.0",
        "motion_blur_max_distortion": "0.35",
        "lens_flare_intensity": "0.1",
        "motion_blur_min_object_screen_size": "0.1",
        "exposure_min_bright": "10.0",
        "exposure_speed_up": "3.0",
        "exposure_speed_down": "1.0",
        "tint": "0.0",
        "calibration_constant": "16.0",
        "focal_distance": "1000.0",
        "min_fstop": "1.2",
        "blade_count": "5",
        "blur_amount": "0.0",
        "blur_radius": "0.0",
        "slope": "0.88",
        "toe": "0.55",
        "white_clip": "0.04",
        "shoulder": "0.26",
        "black_clip": "0.0",
        "temp": "6500.0",
        "chromatic_aberration_intensity": "0.0"
      },
      "transform_carla": {
        "location": {
          "x": 75.8152084350586,
          "y": -62.7661018371582,
          "z": 1.694939136505127
        },
        "rotation": {
          "roll": -0.0021667485125362873,
          "pitch": -0.024042263627052307,
          "yaw": -161.72349548339844
        }
      },
      "matrix_world_from_sensor_carla": [
        [
          -0.9495540857315063,
          0.313603013753891,
          -0.0004103082465007901,
          75.8152084350586
        ],
        [
          -0.313603013753891,
          -0.9495541453361511,
          -9.568387758918107e-05,
          -62.7661018371582
        ],
        [
          -0.00041961667011491954,
          3.7816891563124955e-05,
          0.9999999403953552,
          1.694939136505127
        ],
        [
          0.0,
          0.0,
          0.0,
          1.0
        ]
      ],
      "matrix_world_from_sensor_bevfusion": [
        [
          0.313603013753891,
          0.0004103082465007901,
          -0.9495540857315063,
          75.8152084350586
        ],
        [
          0.9495541453361511,
          -9.568387758918107e-05,
          0.313603013753891,
          62.7661018371582
        ],
        [
          3.7816891563124955e-05,
          -0.9999999403953552,
          -0.00041961667011491954,
          1.694939136505127
        ],
        [
          0.0,
          0.0,
          0.0,
          1.0
        ]
      ],
      "matrix_ego_from_sensor_carla": [
        [
          0.9999999403953552,
          8.672811802057367e-09,
          -4.092729627425129e-12,
          1.5500030517578125
        ],
        [
          -2.4373139062561222e-09,
          1.0,
          1.3839166358026178e-12,
          -7.62939453125e-06
        ],
        [
          -8.185455785403306e-12,
          2.7678328379243666e-12,
          1.0,
          1.6999999284744263
        ],
        [
          0.0,
          0.0,
          0.0,
          1.0
        ]
      ],
      "matrix_ego_from_sensor_bevfusion": [
        [
          8.672811802057367e-09,
          4.092729627425129e-12,
          0.9999999403953552,
          1.5500030517578125
        ],
        [
          -1.0,
          1.3839166358026178e-12,
          2.4373139062561222e-09,
          7.62939453125e-06
        ],
        [
          2.7678328379243666e-12,
          -1.0,
          -8.185455785403306e-12,
          1.6999999284744263
        ],
        [
          0.0,
          0.0,
          0.0,
          1.0
        ]
      ],
      "camera_intrinsics": [
        [
          685.5110473632812,
          0.0,
          480.0
        ],
        [
          0.0,
          685.5110473632812,
          270.0
        ],
        [
          0.0,
          0.0,
          1.0
        ]
      ],
      "data_path": "D:\\Agent-AI\\outputs\\s3a_ml_long_v2\\sample_000097\\images\\CAM_FRONT.png",
      "raw_layout": "bgra8"
    },
    "CAM_FRONT_RIGHT": {
      "type_id": "sensor.camera.rgb",
      "blueprint_attributes": {
        "role_name": "front",
        "ros_name": "sensor.camera.rgb",
        "chromatic_aberration_offset": "0.0",
        "sensor_tick": "0.100000",
        "fstop": "1.4",
        "image_size_x": "960",
        "image_size_y": "540",
        "fov": "70.00",
        "lens_circle_falloff": "5.0",
        "lens_circle_multiplier": "0.0",
        "exposure_compensation": "0.0",
        "lens_y_size": "0.08",
        "lens_k": "-1.0",
        "exposure_mode": "histogram",
        "lens_kcube": "0.0",
        "lens_x_size": "0.08",
        "exposure_max_bright": "12.0",
        "shutter_speed": "200.0",
        "bloom_intensity": "0.675",
        "iso": "100.0",
        "enable_postprocess_effects": "false",
        "gamma": "2.2",
        "motion_blur_intensity": "0.0",
        "motion_blur_max_distortion": "0.35",
        "lens_flare_intensity": "0.1",
        "motion_blur_min_object_screen_size": "0.1",
        "exposure_min_bright": "10.0",
        "exposure_speed_up": "3.0",
        "exposure_speed_down": "1.0",
        "tint": "0.0",
        "calibration_constant": "16.0",
        "focal_distance": "1000.0",
        "min_fstop": "1.2",
        "blade_count": "5",
        "blur_amount": "0.0",
        "blur_radius": "0.0",
        "slope": "0.88",
        "toe": "0.55",
        "white_clip": "0.04",
        "shoulder": "0.26",
        "black_clip": "0.0",
        "temp": "6500.0",
        "chromatic_aberration_intensity": "0.0"
      },
      "transform_carla": {
        "location": {
          "x": 76.2250747680664,
          "y": -63.2099609375,
          "z": 1.6950647830963135
        },
        "rotation": {
          "roll": -0.020941641181707382,
          "pitch": -0.012021131813526154,
          "yaw": -106.72351837158203
        }
      },
      "matrix_world_from_sensor_carla": [
        [
          -0.2877536118030548,
          0.9577044248580933,
          -0.0004104146792087704,
          76.2250747680664
        ],
        [
          -0.957704484462738,
          -0.2877536416053772,
          -9.576025331625715e-05,
          -63.2099609375
        ],
        [
          -0.00020980833505745977,
          0.0003655006003100425,
          0.9999999403953552,
          1.6950647830963135
        ],
        [
          0.0,
          0.0,
          0.0,
          1.0
        ]
      ],
      "matrix_world_from_sensor_bevfusion": [
        [
          0.9577044248580933,
          0.0004104146792087704,
          -0.2877536118030548,
          76.2250747680664
        ],
        [
          0.2877536416053772,
          -9.576025331625715e-05,
          0.957704484462738,
          63.2099609375
        ],
        [
          0.0003655006003100425,
          -0.9999999403953552,
          -0.00020980833505745977,
          1.6950647830963135
        ],
        [
          0.0,
          0.0,
          0.0,
          1.0
        ]
      ],
      "matrix_ego_from_sensor_carla": [
        [
          0.5735766887664795,
          -0.8191519379615784,
          1.2502596291597e-07,
          1.3000068664550781
        ],
        [
          0.8191519379615784,
          0.5735766887664795,
          3.914239954383447e-08,
          0.5499954223632812
        ],
        [
          -1.0375924830441363e-07,
          7.993375561454741e-08,
          1.0,
          1.6999999284744263
        ],
        [
          0.0,
          0.0,
          0.0,
          1.0
        ]
      ],
      "matrix_ego_from_sensor_bevfusion": [
        [
          -0.8191519379615784,
          -1.2502596291597e-07,
          0.5735766887664795,
          1.3000068664550781
        ],
        [
          -0.5735766887664795,
          3.914239954383447e-08,
          -0.8191519379615784,
          -0.5499954223632812
        ],
        [
          7.993375561454741e-08,
          -1.0,
          -1.0375924830441363e-07,
          1.6999999284744263
        ],
        [
          0.0,
          0.0,
          0.0,
          1.0
        ]
      ],
      "camera_intrinsics": [
        [
          685.5110473632812,
          0.0,
          480.0
        ],
        [
          0.0,
          685.5110473632812,
          270.0
        ],
        [
          0.0,
          0.0,
          1.0
        ]
      ],
      "data_path": "D:\\Agent-AI\\outputs\\s3a_ml_long_v2\\sample_000097\\images\\CAM_FRONT_RIGHT.png",
      "raw_layout": "bgra8"
    },
    "CAM_FRONT_LEFT": {
      "type_id": "sensor.camera.rgb",
      "blueprint_attributes": {
        "role_name": "front",
        "ros_name": "sensor.camera.rgb",
        "chromatic_aberration_offset": "0.0",
        "sensor_tick": "0.100000",
        "fstop": "1.4",
        "image_size_x": "960",
        "image_size_y": "540",
        "fov": "70.00",
        "lens_circle_falloff": "5.0",
        "lens_circle_multiplier": "0.0",
        "exposure_compensation": "0.0",
        "lens_y_size": "0.08",
        "lens_k": "-1.0",
        "exposure_mode": "histogram",
        "lens_kcube": "0.0",
        "lens_x_size": "0.08",
        "exposure_max_bright": "12.0",
        "shutter_speed": "200.0",
        "bloom_intensity": "0.675",
        "iso": "100.0",
        "enable_postprocess_effects": "false",
        "gamma": "2.2",
        "motion_blur_intensity": "0.0",
        "motion_blur_max_distortion": "0.35",
        "lens_flare_intensity": "0.1",
        "motion_blur_min_object_screen_size": "0.1",
        "exposure_min_bright": "10.0",
        "exposure_speed_up": "3.0",
        "exposure_speed_down": "1.0",
        "tint": "0.0",
        "calibration_constant": "16.0",
        "focal_distance": "1000.0",
        "min_fstop": "1.2",
        "blade_count": "5",
        "blur_amount": "0.0",
        "blur_radius": "0.0",
        "slope": "0.88",
        "toe": "0.55",
        "white_clip": "0.04",
        "shoulder": "0.26",
        "black_clip": "0.0",
        "temp": "6500.0",
        "chromatic_aberration_intensity": "0.0"
      },
      "transform_carla": {
        "location": {
          "x": 75.88011169433594,
          "y": -62.16544723510742,
          "z": 1.6950231790542603
        },
        "rotation": {
          "roll": 0.018456051126122475,
          "pitch": -0.015572830103337765,
          "yaw": 143.27650451660156
        }
      },
      "matrix_world_from_sensor_carla": [
        [
          -0.8015304803848267,
          -0.5979536771774292,
          -0.00041046590195037425,
          75.88011169433594
        ],
        [
          0.597953736782074,
          -0.8015305399894714,
          -9.56659932853654e-05,
          -62.16544723510742
        ],
        [
          -0.0002717971510719508,
          -0.00032211883808486164,
          0.9999998807907104,
          1.6950231790542603
        ],
        [
          0.0,
          0.0,
          0.0,
          1.0
        ]
      ],
      "matrix_world_from_sensor_bevfusion": [
        [
          -0.5979536771774292,
          0.00041046590195037425,
          -0.8015304803848267,
          75.88011169433594
        ],
        [
          0.8015305399894714,
          -9.56659932853654e-05,
          -0.597953736782074,
          62.16544723510742
        ],
        [
          -0.00032211883808486164,
          -0.9999998807907104,
          -0.0002717971510719508,
          1.6950231790542603
        ],
        [
          0.0,
          0.0,
          0.0,
          1.0
        ]
      ],
      "matrix_ego_from_sensor_carla": [
        [
          0.5735765695571899,
          0.8191518783569336,
          1.4411398296942934e-07,
          1.3000030517578125
        ],
        [
          -0.8191518783569336,
          0.5735766291618347,
          -6.64303598796323e-08,
          -0.5500030517578125
        ],
        [
          -1.3707574453292182e-07,
          -7.993892836566374e-08,
          0.9999999403953552,
          1.6999999284744263
        ],
        [
          0.0,
          0.0,
          0.0,
          1.0
        ]
      ],
      "matrix_ego_from_sensor_bevfusion": [
        [
          0.8191518783569336,
          -1.4411398296942934e-07,
          0.5735765695571899,
          1.3000030517578125
        ],
        [
          -0.5735766291618347,
          -6.64303598796323e-08,
          0.8191518783569336,
          0.5500030517578125
        ],
        [
          -7.993892836566374e-08,
          -0.9999999403953552,
          -1.3707574453292182e-07,
          1.6999999284744263
        ],
        [
          0.0,
          0.0,
          0.0,
          1.0
        ]
      ],
      "camera_intrinsics": [
        [
          685.5110473632812,
          0.0,
          480.0
        ],
        [
          0.0,
          685.5110473632812,
          270.0
        ],
        [
          0.0,
          0.0,
          1.0
        ]
      ],
      "data_path": "D:\\Agent-AI\\outputs\\s3a_ml_long_v2\\sample_000097\\images\\CAM_FRONT_LEFT.png",
      "raw_layout": "bgra8"
    },
    "CAM_BACK": {
      "type_id": "sensor.camera.rgb",
      "blueprint_attributes": {
        "role_name": "front",
        "ros_name": "sensor.camera.rgb",
        "chromatic_aberration_offset": "0.0",
        "sensor_tick": "0.100000",
        "fstop": "1.4",
        "image_size_x": "960",
        "image_size_y": "540",
        "fov": "70.00",
        "lens_circle_falloff": "5.0",
        "lens_circle_multiplier": "0.0",
        "exposure_compensation": "0.0",
        "lens_y_size": "0.08",
        "lens_k": "-1.0",
        "exposure_mode": "histogram",
        "lens_kcube": "0.0",
        "lens_x_size": "0.08",
        "exposure_max_bright": "12.0",
        "shutter_speed": "200.0",
        "bloom_intensity": "0.675",
        "iso": "100.0",
        "enable_postprocess_effects": "false",
        "gamma": "2.2",
        "motion_blur_intensity": "0.0",
        "motion_blur_max_distortion": "0.35",
        "lens_flare_intensity": "0.1",
        "motion_blur_min_object_screen_size": "0.1",
        "exposure_min_bright": "10.0",
        "exposure_speed_up": "3.0",
        "exposure_speed_down": "1.0",
        "tint": "0.0",
        "calibration_constant": "16.0",
        "focal_distance": "1000.0",
        "min_fstop": "1.2",
        "blade_count": "5",
        "blur_amount": "0.0",
        "blur_radius": "0.0",
        "slope": "0.88",
        "toe": "0.55",
        "white_clip": "0.04",
        "shoulder": "0.26",
        "black_clip": "0.0",
        "temp": "6500.0",
        "chromatic_aberration_intensity": "0.0"
      },
      "transform_carla": {
        "location": {
          "x": 78.75882720947266,
          "y": -61.7939338684082,
          "z": 1.6962400674819946
        },
        "rotation": {
          "roll": 0.002166756195947528,
          "pitch": 0.024042263627052307,
          "yaw": 18.27652931213379
        }
      },
      "matrix_world_from_sensor_carla": [
        [
          0.9495539665222168,
          -0.3136034607887268,
          -0.0004103082465007901,
          78.75882720947266
        ],
        [
          0.3136034607887268,
          0.9495540261268616,
          -9.568393579684198e-05,
          -61.7939338684082
        ],
        [
          0.00041961667011491954,
          -3.781702616834082e-05,
          0.9999999403953552,
          1.6962400674819946
        ],
        [
          0.0,
          0.0,
          0.0,
          1.0
        ]
      ],
      "matrix_world_from_sensor_bevfusion": [
        [
          -0.3136034607887268,
          0.0004103082465007901,
          0.9495539665222168,
          78.75882720947266
        ],
        [
          -0.9495540261268616,
          -9.568393579684198e-05,
          -0.3136034607887268,
          61.7939338684082
        ],
        [
          -3.781702616834082e-05,
          -0.9999999403953552,
          0.00041961667011491954,
          1.6962400674819946
        ],
        [
          0.0,
          0.0,
          0.0,
          1.0
        ]
      ],
      "matrix_ego_from_sensor_carla": [
        [
          -1.0,
          4.4594415271603793e-07,
          2.5011100829308575e-11,
          -1.5500030517578125
        ],
        [
          -4.5184881969362323e-07,
          -1.0,
          5.5953599392699616e-11,
          -7.62939453125e-06
        ],
        [
          -2.0918374671330398e-11,
          6.27158047716847e-11,
          1.0,
          1.7000000476837158
        ],
        [
          0.0,
          0.0,
          0.0,
          1.0
        ]
      ],
      "matrix_ego_from_sensor_bevfusion": [
        [
          4.4594415271603793e-07,
          -2.5011100829308575e-11,
          -1.0,
          -1.5500030517578125
        ],
        [
          1.0,
          5.5953599392699616e-11,
          4.5184881969362323e-07,
          7.62939453125e-06
        ],
        [
          6.27158047716847e-11,
          -1.0,
          -2.0918374671330398e-11,
          1.7000000476837158
        ],
        [
          0.0,
          0.0,
          0.0,
          1.0
        ]
      ],
      "camera_intrinsics": [
        [
          685.5110473632812,
          0.0,
          480.0
        ],
        [
          0.0,
          685.5110473632812,
          270.0
        ],
        [
          0.0,
          0.0,
          1.0
        ]
      ],
      "data_path": "D:\\Agent-AI\\outputs\\s3a_ml_long_v2\\sample_000097\\images\\CAM_BACK.png",
      "raw_layout": "bgra8"
    },
    "CAM_BACK_LEFT": {
      "type_id": "sensor.camera.rgb",
      "blueprint_attributes": {
        "role_name": "front",
        "ros_name": "sensor.camera.rgb",
        "chromatic_aberration_offset": "0.0",
        "sensor_tick": "0.100000",
        "fstop": "1.4",
        "image_size_x": "960",
        "image_size_y": "540",
        "fov": "70.00",
        "lens_circle_falloff": "5.0",
        "lens_circle_multiplier": "0.0",
        "exposure_compensation": "0.0",
        "lens_y_size": "0.08",
        "lens_k": "-1.0",
        "exposure_mode": "histogram",
        "lens_kcube": "0.0",
        "lens_x_size": "0.08",
        "exposure_max_bright": "12.0",
        "shutter_speed": "200.0",
        "bloom_intensity": "0.675",
        "iso": "100.0",
        "enable_postprocess_effects": "false",
        "gamma": "2.2",
        "motion_blur_intensity": "0.0",
        "motion_blur_max_distortion": "0.35",
        "lens_flare_intensity": "0.1",
        "motion_blur_min_object_screen_size": "0.1",
        "exposure_min_bright": "10.0",
        "exposure_speed_up": "3.0",
        "exposure_speed_down": "1.0",
        "tint": "0.0",
        "calibration_constant": "16.0",
        "focal_distance": "1000.0",
        "min_fstop": "1.2",
        "blade_count": "5",
        "blur_amount": "0.0",
        "blur_radius": "0.0",
        "slope": "0.88",
        "toe": "0.55",
        "white_clip": "0.04",
        "shoulder": "0.26",
        "black_clip": "0.0",
        "temp": "6500.0",
        "chromatic_aberration_intensity": "0.0"
      },
      "transform_carla": {
        "location": {
          "x": 78.34895324707031,
          "y": -61.35008239746094,
          "z": 1.696114420890808
        },
        "rotation": {
          "roll": 0.02094164304435253,
          "pitch": 0.012021131813526154,
          "yaw": 73.27648162841797
        }
      },
      "matrix_world_from_sensor_carla": [
        [
          0.2877536416053772,
          -0.9577044248580933,
          -0.00041041470831260085,
          78.34895324707031
        ],
        [
          0.957704484462738,
          0.2877536714076996,
          -9.576023876434192e-05,
          -61.35008239746094
        ],
        [
          0.00020980833505745977,
          -0.00036550062941387296,
          0.9999999403953552,
          1.696114420890808
        ],
        [
          0.0,
          0.0,
          0.0,
          1.0
        ]
      ],
      "matrix_world_from_sensor_bevfusion": [
        [
          -0.9577044248580933,
          0.00041041470831260085,
          0.2877536416053772,
          78.34895324707031
        ],
        [
          -0.2877536714076996,
          -9.576023876434192e-05,
          -0.957704484462738,
          61.35008239746094
        ],
        [
          -0.00036550062941387296,
          -0.9999999403953552,
          0.00020980833505745977,
          1.696114420890808
        ],
        [
          0.0,
          0.0,
          0.0,
          1.0
        ]
      ],
      "matrix_ego_from_sensor_carla": [
        [
          -0.5735766887664795,
          0.8191519379615784,
          1.2505506674642675e-07,
          -1.2999992370605469
        ],
        [
          -0.8191518783569336,
          -0.5735767483711243,
          3.9127847628606105e-08,
          -0.5500030517578125
        ],
        [
          1.0374469638918526e-07,
          -7.996285944500414e-08,
          1.0,
          1.7000001668930054
        ],
        [
          0.0,
          0.0,
          0.0,
          1.0
        ]
      ],
      "matrix_ego_from_sensor_bevfusion": [
        [
          0.8191519379615784,
          -1.2505506674642675e-07,
          -0.5735766887664795,
          -1.2999992370605469
        ],
        [
          0.5735767483711243,
          3.9127847628606105e-08,
          0.8191518783569336,
          0.5500030517578125
        ],
        [
          -7.996285944500414e-08,
          -1.0,
          1.0374469638918526e-07,
          1.7000001668930054
        ],
        [
          0.0,
          0.0,
          0.0,
          1.0
        ]
      ],
      "camera_intrinsics": [
        [
          685.5110473632812,
          0.0,
          480.0
        ],
        [
          0.0,
          685.5110473632812,
          270.0
        ],
        [
          0.0,
          0.0,
          1.0
        ]
      ],
      "data_path": "D:\\Agent-AI\\outputs\\s3a_ml_long_v2\\sample_000097\\images\\CAM_BACK_LEFT.png",
      "raw_layout": "bgra8"
    },
    "CAM_BACK_RIGHT": {
      "type_id": "sensor.camera.rgb",
      "blueprint_attributes": {
        "role_name": "front",
        "ros_name": "sensor.camera.rgb",
        "chromatic_aberration_offset": "0.0",
        "sensor_tick": "0.100000",
        "fstop": "1.4",
        "image_size_x": "960",
        "image_size_y": "540",
        "fov": "70.00",
        "lens_circle_falloff": "5.0",
        "lens_circle_multiplier": "0.0",
        "exposure_compensation": "0.0",
        "lens_y_size": "0.08",
        "lens_k": "-1.0",
        "exposure_mode": "histogram",
        "lens_kcube": "0.0",
        "lens_x_size": "0.08",
        "exposure_max_bright": "12.0",
        "shutter_speed": "200.0",
        "bloom_intensity": "0.675",
        "iso": "100.0",
        "enable_postprocess_effects": "false",
        "gamma": "2.2",
        "motion_blur_intensity": "0.0",
        "motion_blur_max_distortion": "0.35",
        "lens_flare_intensity": "0.1",
        "motion_blur_min_object_screen_size": "0.1",
        "exposure_min_bright": "10.0",
        "exposure_speed_up": "3.0",
        "exposure_speed_down": "1.0",
        "tint": "0.0",
        "calibration_constant": "16.0",
        "focal_distance": "1000.0",
        "min_fstop": "1.2",
        "blade_count": "5",
        "blur_amount": "0.0",
        "blur_radius": "0.0",
        "slope": "0.88",
        "toe": "0.55",
        "white_clip": "0.04",
        "shoulder": "0.26",
        "black_clip": "0.0",
        "temp": "6500.0",
        "chromatic_aberration_intensity": "0.0"
      },
      "transform_carla": {
        "location": {
          "x": 78.69391632080078,
          "y": -62.394588470458984,
          "z": 1.6961560249328613
        },
        "rotation": {
          "roll": -0.018456052988767624,
          "pitch": 0.015572830103337765,
          "yaw": -36.72349548339844
        }
      },
      "matrix_world_from_sensor_carla": [
        [
          0.8015304207801819,
          0.5979537963867188,
          -0.0004104659310542047,
          78.69391632080078
        ],
        [
          -0.5979538559913635,
          0.8015304803848267,
          -9.566594962961972e-05,
          -62.394588470458984
        ],
        [
          0.0002717971510719508,
          0.0003221188671886921,
          0.9999998807907104,
          1.6961560249328613
        ],
        [
          0.0,
          0.0,
          0.0,
          1.0
        ]
      ],
      "matrix_world_from_sensor_bevfusion": [
        [
          0.5979537963867188,
          0.0004104659310542047,
          0.8015304207801819,
          78.69391632080078
        ],
        [
          -0.8015304803848267,
          -9.566594962961972e-05,
          0.5979538559913635,
          62.394588470458984
        ],
        [
          0.0003221188671886921,
          -0.9999998807907104,
          0.0002717971510719508,
          1.6961560249328613
        ],
        [
          0.0,
          0.0,
          0.0,
          1.0
        ]
      ],
      "matrix_ego_from_sensor_carla": [
        [
          -0.5735764503479004,
          -0.8191519975662231,
          1.4414308679988608e-07,
          -1.2999992370605469
        ],
        [
          0.8191519975662231,
          -0.5735765099525452,
          -6.64740156253174e-08,
          0.5499954223632812
        ],
        [
          1.3713395219383528e-07,
          7.990982453520701e-08,
          0.9999999403953552,
          1.7000001668930054
        ],
        [
          0.0,
          0.0,
          0.0,
          1.0
        ]
      ],
      "matrix_ego_from_sensor_bevfusion": [
        [
          -0.8191519975662231,
          -1.4414308679988608e-07,
          -0.5735764503479004,
          -1.2999992370605469
        ],
        [
          0.5735765099525452,
          -6.64740156253174e-08,
          -0.8191519975662231,
          -0.5499954223632812
        ],
        [
          7.990982453520701e-08,
          -0.9999999403953552,
          1.3713395219383528e-07,
          1.7000001668930054
        ],
        [
          0.0,
          0.0,
          0.0,
          1.0
        ]
      ],
      "camera_intrinsics": [
        [
          685.5110473632812,
          0.0,
          480.0
        ],
        [
          0.0,
          685.5110473632812,
          270.0
        ],
        [
          0.0,
          0.0,
          1.0
        ]
      ],
      "data_path": "D:\\Agent-AI\\outputs\\s3a_ml_long_v2\\sample_000097\\images\\CAM_BACK_RIGHT.png",
      "raw_layout": "bgra8"
    },
    "LIDAR_TOP": {
      "type_id": "sensor.lidar.ray_cast",
      "blueprint_attributes": {
        "atmosphere_attenuation_rate": "0.004",
        "role_name": "front",
        "noise_seed": "0",
        "upper_fov": "10.0",
        "ros_name": "sensor.lidar.ray_cast",
        "sensor_tick": "0.100000",
        "channels": "32",
        "range": "120.0",
        "points_per_second": "360000",
        "lower_fov": "-30.0",
        "rotation_frequency": "10.000000",
        "horizontal_fov": "360.0",
        "dropoff_general_rate": "0.0",
        "dropoff_intensity_limit": "1.0",
        "noise_stddev": "0.0",
        "dropoff_zero_intensity": "0.0"
      },
      "transform_carla": {
        "location": {
          "x": 77.28681182861328,
          "y": -62.280067443847656,
          "z": 2.195589542388916
        },
        "rotation": {
          "roll": -0.0021667485125362873,
          "pitch": -0.024042263627052307,
          "yaw": -161.72349548339844
        }
      },
      "matrix_world_from_sensor_carla": [
        [
          -0.9495540857315063,
          0.313603013753891,
          -0.0004103082465007901,
          77.28681182861328
        ],
        [
          -0.313603013753891,
          -0.9495541453361511,
          -9.568387758918107e-05,
          -62.280067443847656
        ],
        [
          -0.00041961667011491954,
          3.7816891563124955e-05,
          0.9999999403953552,
          2.195589542388916
        ],
        [
          0.0,
          0.0,
          0.0,
          1.0
        ]
      ],
      "matrix_world_from_sensor_bevfusion": [
        [
          -0.9495540857315063,
          -0.313603013753891,
          -0.0004103082465007901,
          77.28681182861328
        ],
        [
          0.313603013753891,
          -0.9495541453361511,
          9.568387758918107e-05,
          62.280067443847656
        ],
        [
          -0.00041961667011491954,
          -3.7816891563124955e-05,
          0.9999999403953552,
          2.195589542388916
        ],
        [
          0.0,
          0.0,
          0.0,
          1.0
        ]
      ],
      "matrix_ego_from_sensor_carla": [
        [
          0.9999999403953552,
          8.672811802057367e-09,
          -4.092729627425129e-12,
          -3.814697265625e-06
        ],
        [
          -2.4373139062561222e-09,
          1.0,
          1.3839166358026178e-12,
          0.0
        ],
        [
          -8.185455785403306e-12,
          2.7678328379243666e-12,
          1.0,
          2.1999998092651367
        ],
        [
          0.0,
          0.0,
          0.0,
          1.0
        ]
      ],
      "matrix_ego_from_sensor_bevfusion": [
        [
          0.9999999403953552,
          -8.672811802057367e-09,
          -4.092729627425129e-12,
          -3.814697265625e-06
        ],
        [
          2.4373139062561222e-09,
          1.0,
          -1.3839166358026178e-12,
          0.0
        ],
        [
          -8.185455785403306e-12,
          -2.7678328379243666e-12,
          1.0,
          2.1999998092651367
        ],
        [
          0.0,
          0.0,
          0.0,
          1.0
        ]
      ],
      "data_path": "D:\\Agent-AI\\outputs\\s3a_ml_long_v2\\sample_000097\\lidar\\LIDAR_TOP.npy",
      "raw_layout": [
        "x",
        "y",
        "z",
        "intensity"
      ]
    },
    "RADAR_FRONT": {
      "type_id": "sensor.other.radar",
      "blueprint_attributes": {
        "sensor_tick": "0.100000",
        "role_name": "default",
        "noise_seed": "0",
        "ros_name": "sensor.other.radar",
        "horizontal_fov": "35.0",
        "points_per_second": "1500",
        "vertical_fov": "20.0",
        "range": "120.0"
      },
      "transform_carla": {
        "location": {
          "x": 75.38823699951172,
          "y": -62.90714645385742,
          "z": 0.89475017786026
        },
        "rotation": {
          "roll": -0.0021667485125362873,
          "pitch": -0.024042263627052307,
          "yaw": -161.72349548339844
        }
      },
      "matrix_world_from_sensor_carla": [
        [
          -0.9495540857315063,
          0.313603013753891,
          -0.0004103082465007901,
          75.38823699951172
        ],
        [
          -0.313603013753891,
          -0.9495541453361511,
          -9.568387758918107e-05,
          -62.90714645385742
        ],
        [
          -0.00041961667011491954,
          3.7816891563124955e-05,
          0.9999999403953552,
          0.89475017786026
        ],
        [
          0.0,
          0.0,
          0.0,
          1.0
        ]
      ],
      "matrix_world_from_sensor_bevfusion": [
        [
          -0.9495540857315063,
          -0.313603013753891,
          -0.0004103082465007901,
          75.38823699951172
        ],
        [
          0.313603013753891,
          -0.9495541453361511,
          9.568387758918107e-05,
          62.90714645385742
        ],
        [
          -0.00041961667011491954,
          -3.7816891563124955e-05,
          0.9999999403953552,
          0.89475017786026
        ],
        [
          0.0,
          0.0,
          0.0,
          1.0
        ]
      ],
      "matrix_ego_from_sensor_carla": [
        [
          0.9999999403953552,
          8.672811802057367e-09,
          -4.092729627425129e-12,
          2.0000038146972656
        ],
        [
          -2.4373139062561222e-09,
          1.0,
          1.3839166358026178e-12,
          -7.62939453125e-06
        ],
        [
          -8.185455785403306e-12,
          2.7678328379243666e-12,
          1.0,
          0.899999737739563
        ],
        [
          0.0,
          0.0,
          0.0,
          1.0
        ]
      ],
      "matrix_ego_from_sensor_bevfusion": [
        [
          0.9999999403953552,
          -8.672811802057367e-09,
          -4.092729627425129e-12,
          2.0000038146972656
        ],
        [
          2.4373139062561222e-09,
          1.0,
          -1.3839166358026178e-12,
          7.62939453125e-06
        ],
        [
          -8.185455785403306e-12,
          -2.7678328379243666e-12,
          1.0,
          0.899999737739563
        ],
        [
          0.0,
          0.0,
          0.0,
          1.0
        ]
      ],
      "data_path": "D:\\Agent-AI\\outputs\\s3a_ml_long_v2\\sample_000097\\radar\\RADAR_FRONT.npy",
      "raw_layout": [
        "velocity",
        "altitude",
        "azimuth",
        "depth"
      ]
    },
    "RADAR_FRONT_LEFT": {
      "type_id": "sensor.other.radar",
      "blueprint_attributes": {
        "sensor_tick": "0.100000",
        "role_name": "default",
        "noise_seed": "0",
        "ros_name": "sensor.other.radar",
        "horizontal_fov": "35.0",
        "points_per_second": "1500",
        "vertical_fov": "20.0",
        "range": "120.0"
      },
      "transform_carla": {
        "location": {
          "x": 75.48538208007812,
          "y": -62.08522415161133,
          "z": 0.8948687314987183
        },
        "rotation": {
          "roll": 0.01547227893024683,
          "pitch": -0.01853030174970627,
          "yaw": 153.27651977539062
        }
      },
      "matrix_world_from_sensor_carla": [
        [
          -0.8931871056556702,
          -0.44968491792678833,
          -0.0004103038227185607,
          75.48538208007812
        ],
        [
          0.4496850073337555,
          -0.8931871652603149,
          -9.576347656548023e-05,
          -62.08522415161133
        ],
        [
          -0.0003234147734474391,
          -0.00027004219009540975,
          0.9999998807907104,
          0.8948687314987183
        ],
        [
          0.0,
          0.0,
          0.0,
          1.0
        ]
      ],
      "matrix_world_from_sensor_bevfusion": [
        [
          -0.8931871056556702,
          0.44968491792678833,
          -0.0004103038227185607,
          75.48538208007812
        ],
        [
          -0.4496850073337555,
          -0.8931871652603149,
          9.576347656548023e-05,
          62.08522415161133
        ],
        [
          -0.0003234147734474391,
          0.00027004219009540975,
          0.9999998807907104,
          0.8948687314987183
        ],
        [
          0.0,
          0.0,
          0.0,
          1.0
        ]
      ],
      "matrix_ego_from_sensor_carla": [
        [
          0.7071070075035095,
          0.7071064710617065,
          2.0801053324248642e-08,
          1.6499977111816406
        ],
        [
          -0.7071064710617065,
          0.7071070671081543,
          7.696421278069465e-08,
          -0.75
        ],
        [
          3.970707496137038e-08,
          -6.911850647384199e-08,
          0.9999999403953552,
          0.8999997973442078
        ],
        [
          0.0,
          0.0,
          0.0,
          1.0
        ]
      ],
      "matrix_ego_from_sensor_bevfusion": [
        [
          0.7071070075035095,
          -0.7071064710617065,
          2.0801053324248642e-08,
          1.6499977111816406
        ],
        [
          0.7071064710617065,
          0.7071070671081543,
          -7.696421278069465e-08,
          0.75
        ],
        [
          3.970707496137038e-08,
          6.911850647384199e-08,
          0.9999999403953552,
          0.8999997973442078
        ],
        [
          0.0,
          0.0,
          0.0,
          1.0
        ]
      ],
      "data_path": "D:\\Agent-AI\\outputs\\s3a_ml_long_v2\\sample_000097\\radar\\RADAR_FRONT_LEFT.npy",
      "raw_layout": [
        "velocity",
        "altitude",
        "azimuth",
        "depth"
      ]
    },
    "RADAR_FRONT_RIGHT": {
