{
  "schema_version": "stage1.v1",
  "sample_name": "sample_000008",
  "sequence_index": 8,
  "previous_sample_name": "sample_000007",
  "frame_id": 3928,
  "timestamp": 39.93108655884862,
  "platform_timestamp": 16816484.2247862,
  "delta_seconds": 0.10000000149011612,
  "town": "Carla/Maps/Town10HD_Opt",
  "weather": {
    "cloudiness": 20.0,
    "dust_storm": 0.0,
    "fog_density": 2.0,
    "fog_distance": 0.75,
    "fog_falloff": 0.10000000149011612,
    "mie_scattering_scale": 0.029999999329447746,
    "precipitation": 0.0,
    "precipitation_deposits": 0.0,
    "rayleigh_scattering_scale": 0.03310000151395798,
    "scattering_intensity": 1.0,
    "sun_altitude_angle": 45.0,
    "sun_azimuth_angle": 300.0,
    "wetness": 0.0,
    "wind_intensity": 10.0
  },
  "sensor_names": [
    "CAM_FRONT",
    "CAM_FRONT_RIGHT",
    "CAM_FRONT_LEFT",
    "CAM_BACK",
    "CAM_BACK_LEFT",
    "CAM_BACK_RIGHT",
    "LIDAR_TOP",
    "RADAR_FRONT",
    "RADAR_FRONT_LEFT",
    "RADAR_FRONT_RIGHT",
    "RADAR_BACK_LEFT",
    "RADAR_BACK_RIGHT"
  ],
  "camera_order_for_model": [
    "CAM_FRONT",
    "CAM_FRONT_RIGHT",
    "CAM_FRONT_LEFT",
    "CAM_BACK",
    "CAM_BACK_LEFT",
    "CAM_BACK_RIGHT"
  ],
  "radar_order_for_model": [
    "RADAR_FRONT",
    "RADAR_FRONT_LEFT",
    "RADAR_FRONT_RIGHT",
    "RADAR_BACK_LEFT",
    "RADAR_BACK_RIGHT"
  ],
  "coordinate_notes": {
    "carla_world": "left-handed x-forward y-right z-up",
    "bevfusion_lidar": "x-forward y-left z-up",
    "camera_frame_for_model": "OpenCV style x-right y-down z-forward"
  },
  "ego": {
    "actor_id": 24,
    "transform_carla": {
      "location": {
        "x": 109.81358337402344,
        "y": -23.68297576904297,
        "z": -0.0052856444381177425
      },
      "rotation": {
        "roll": 0.17739778757095337,
        "pitch": 0.2832069396972656,
        "yaw": -92.4234619140625
      }
    },
    "velocity_carla": [
      -0.3593410551548004,
      -5.683905124664307,
      -0.0003250598965678364
    ],
    "angular_velocity_carla": [
      -0.9369919896125793,
      0.1636224240064621,
      -5.648855209350586
    ],
    "matrix_world_from_ego_carla": [
      [
        -0.0422842763364315,
        0.9991001486778259,
        0.003302408615127206,
        109.81358337402344
      ],
      [
        -0.9990933537483215,
        -0.04229988157749176,
        0.004807507619261742,
        -23.68297576904297
      ],
      [
        0.004942873492836952,
        -0.0030961327720433474,
        0.999983012676239,
        -0.0052856444381177425
      ],
      [
        0.0,
        0.0,
        0.0,
        1.0
      ]
    ],
    "matrix_world_from_ego_bevfusion": [
      [
        -0.0422842763364315,
        -0.9991001486778259,
        0.003302408615127206,
        109.81358337402344
      ],
      [
        0.9990933537483215,
        -0.04229988157749176,
        -0.004807507619261742,
        23.68297576904297
      ],
      [
        0.004942873492836952,
        0.0030961327720433474,
        0.999983012676239,
        -0.0052856444381177425
      ],
      [
        0.0,
        0.0,
        0.0,
        1.0
      ]
    ]
  },
  "sensors": {
    "CAM_FRONT": {
      "type_id": "sensor.camera.rgb",
      "blueprint_attributes": {
        "role_name": "front",
        "ros_name": "sensor.camera.rgb",
        "chromatic_aberration_offset": "0.0",
        "sensor_tick": "0.100000",
        "fstop": "1.4",
        "image_size_x": "960",
        "image_size_y": "540",
        "fov": "70.00",
        "lens_circle_falloff": "5.0",
        "lens_circle_multiplier": "0.0",
        "exposure_compensation": "0.0",
        "lens_y_size": "0.08",
        "lens_k": "-1.0",
        "exposure_mode": "histogram",
        "lens_kcube": "0.0",
        "lens_x_size": "0.08",
        "exposure_max_bright": "12.0",
        "shutter_speed": "200.0",
        "bloom_intensity": "0.675",
        "iso": "100.0",
        "enable_postprocess_effects": "false",
        "gamma": "2.2",
        "motion_blur_intensity": "0.0",
        "motion_blur_max_distortion": "0.35",
        "lens_flare_intensity": "0.1",
        "motion_blur_min_object_screen_size": "0.1",
        "exposure_min_bright": "10.0",
        "exposure_speed_up": "3.0",
        "exposure_speed_down": "1.0",
        "tint": "0.0",
        "calibration_constant": "16.0",
        "focal_distance": "1000.0",
        "min_fstop": "1.2",
        "blade_count": "5",
        "blur_amount": "0.0",
        "blur_radius": "0.0",
        "slope": "0.88",
        "toe": "0.55",
        "white_clip": "0.04",
        "shoulder": "0.26",
        "black_clip": "0.0",
        "temp": "6500.0",
        "chromatic_aberration_intensity": "0.0"
      },
      "transform_carla": {
        "location": {
          "x": 109.753662109375,
          "y": -25.223398208618164,
          "z": 1.702346920967102
        },
        "rotation": {
          "roll": 0.17739778757095337,
          "pitch": 0.2832069396972656,
          "yaw": -92.4234619140625
        }
      },
      "matrix_world_from_sensor_carla": [
        [
          -0.0422842763364315,
          0.9991001486778259,
          0.003302408615127206,
          109.753662109375
        ],
        [
          -0.9990933537483215,
          -0.04229988157749176,
          0.004807507619261742,
          -25.223398208618164
        ],
        [
          0.004942873492836952,
          -0.0030961327720433474,
          0.999983012676239,
          1.702346920967102
        ],
        [
          0.0,
          0.0,
          0.0,
          1.0
        ]
      ],
      "matrix_world_from_sensor_bevfusion": [
        [
          0.9991001486778259,
          -0.003302408615127206,
          -0.0422842763364315,
          109.753662109375
        ],
        [
          0.04229988157749176,
          0.004807507619261742,
          0.9990933537483215,
          25.223398208618164
        ],
        [
          -0.0030961327720433474,
          -0.999983012676239,
          0.004942873492836952,
          1.702346920967102
        ],
        [
          0.0,
          0.0,
          0.0,
          1.0
        ]
      ],
      "matrix_ego_from_sensor_carla": [
        [
          1.0,
          -6.678762543010919e-10,
          -1.4715270668652636e-10,
          1.5500011444091797
        ],
        [
          5.360038524138133e-10,
          1.0,
          -2.4719615243640192e-11,
          0.0
        ],
        [
          2.3882451571921592e-11,
          1.5982823398097423e-10,
          1.0,
          1.7000000476837158
        ],
        [
          0.0,
          0.0,
          0.0,
          1.0
        ]
      ],
      "matrix_ego_from_sensor_bevfusion": [
        [
          -6.678762543010919e-10,
          1.4715270668652636e-10,
          1.0,
          1.5500011444091797
        ],
        [
          -1.0,
          -2.4719615243640192e-11,
          -5.360038524138133e-10,
          0.0
        ],
        [
          1.5982823398097423e-10,
          -1.0,
          2.3882451571921592e-11,
          1.7000000476837158
        ],
        [
          0.0,
          0.0,
          0.0,
          1.0
        ]
      ],
      "camera_intrinsics": [
        [
          685.5110473632812,
          0.0,
          480.0
        ],
        [
          0.0,
          685.5110473632812,
          270.0
        ],
        [
          0.0,
          0.0,
          1.0
        ]
      ],
      "data_path": "D:\\Agent-AI\\outputs\\s3a_left_v3\\sample_000008\\images\\CAM_FRONT.png",
      "raw_layout": "bgra8"
    },
    "CAM_FRONT_RIGHT": {
      "type_id": "sensor.camera.rgb",
      "blueprint_attributes": {
        "role_name": "front",
        "ros_name": "sensor.camera.rgb",
        "chromatic_aberration_offset": "0.0",
        "sensor_tick": "0.100000",
        "fstop": "1.4",
        "image_size_x": "960",
        "image_size_y": "540",
        "fov": "70.00",
        "lens_circle_falloff": "5.0",
        "lens_circle_multiplier": "0.0",
        "exposure_compensation": "0.0",
        "lens_y_size": "0.08",
        "lens_k": "-1.0",
        "exposure_mode": "histogram",
        "lens_kcube": "0.0",
        "lens_x_size": "0.08",
        "exposure_max_bright": "12.0",
        "shutter_speed": "200.0",
        "bloom_intensity": "0.675",
        "iso": "100.0",
        "enable_postprocess_effects": "false",
        "gamma": "2.2",
        "motion_blur_intensity": "0.0",
        "motion_blur_max_distortion": "0.35",
        "lens_flare_intensity": "0.1",
        "motion_blur_min_object_screen_size": "0.1",
        "exposure_min_bright": "10.0",
        "exposure_speed_up": "3.0",
        "exposure_speed_down": "1.0",
        "tint": "0.0",
        "calibration_constant": "16.0",
        "focal_distance": "1000.0",
        "min_fstop": "1.2",
        "blade_count": "5",
        "blur_amount": "0.0",
        "blur_radius": "0.0",
        "slope": "0.88",
        "toe": "0.55",
        "white_clip": "0.04",
        "shoulder": "0.26",
        "black_clip": "0.0",
        "temp": "6500.0",
        "chromatic_aberration_intensity": "0.0"
      },
      "transform_carla": {
        "location": {
          "x": 110.31372833251953,
          "y": -24.996889114379883,
          "z": 1.6994081735610962
        },
        "rotation": {
          "roll": 0.333740234375,
          "pitch": 0.017130114138126373,
          "yaw": -37.4238395690918
        }
      },
      "matrix_world_from_sensor_carla": [
        [
          0.7941617965698242,
          0.6076973676681519,
          0.0033023555297404528,
          110.31372833251953
        ],
        [
          -0.6077062487602234,
          0.7941473126411438,
          0.004807547200471163,
          -24.996889114379883
        ],
        [
          0.0002989768981933594,
          -0.005824832245707512,
          0.9999829530715942,
          1.6994081735610962
        ],
        [
          0.0,
          0.0,
          0.0,
          1.0
        ]
      ],
      "matrix_world_from_sensor_bevfusion": [
        [
          0.6076973676681519,
          -0.0033023555297404528,
          0.7941617965698242,
          110.31372833251953
        ],
        [
          -0.7941473126411438,
          0.004807547200471163,
          0.6077062487602234,
          24.996889114379883
        ],
        [
          -0.005824832245707512,
          -0.9999829530715942,
          0.0002989768981933594,
          1.6994081735610962
        ],
        [
          0.0,
          0.0,
          0.0,
          1.0
        ]
      ],
      "matrix_ego_from_sensor_carla": [
        [
          0.5735762119293213,
          -0.8191521763801575,
          -3.7694672272436947e-08,
          1.2999992370605469
        ],
        [
          0.8191521167755127,
          0.5735762715339661,
          -5.4555375328391165e-08,
          0.54998779296875
        ],
        [
          6.6062227688235e-08,
          1.972289220830703e-09,
          0.9999999403953552,
          1.6999998092651367
        ],
        [
          0.0,
          0.0,
          0.0,
          1.0
        ]
      ],
      "matrix_ego_from_sensor_bevfusion": [
        [
          -0.8191521763801575,
          3.7694672272436947e-08,
          0.5735762119293213,
          1.2999992370605469
        ],
        [
          -0.5735762715339661,
          -5.4555375328391165e-08,
          -0.8191521167755127,
          -0.54998779296875
        ],
        [
          1.972289220830703e-09,
          -0.9999999403953552,
          6.6062227688235e-08,
          1.6999998092651367
        ],
        [
          0.0,
          0.0,
          0.0,
          1.0
        ]
      ],
      "camera_intrinsics": [
        [
          685.5110473632812,
          0.0,
          480.0
        ],
        [
          0.0,
          685.5110473632812,
          270.0
        ],
        [
          0.0,
          0.0,
          1.0
        ]
      ],
      "data_path": "D:\\Agent-AI\\outputs\\s3a_left_v3\\sample_000008\\images\\CAM_FRONT_RIGHT.png",
      "raw_layout": "bgra8"
    },
    "CAM_FRONT_LEFT": {
      "type_id": "sensor.camera.rgb",
      "blueprint_attributes": {
        "role_name": "front",
        "ros_name": "sensor.camera.rgb",
        "chromatic_aberration_offset": "0.0",
        "sensor_tick": "0.100000",
        "fstop": "1.4",
        "image_size_x": "960",
        "image_size_y": "540",
        "fov": "70.00",
        "lens_circle_falloff": "5.0",
        "lens_circle_multiplier": "0.0",
        "exposure_compensation": "0.0",
        "lens_y_size": "0.08",
        "lens_k": "-1.0",
        "exposure_mode": "histogram",
        "lens_kcube": "0.0",
        "lens_x_size": "0.08",
        "exposure_max_bright": "12.0",
        "shutter_speed": "200.0",
        "bloom_intensity": "0.675",
        "iso": "100.0",
        "enable_postprocess_effects": "false",
        "gamma": "2.2",
        "motion_blur_intensity": "0.0",
        "motion_blur_max_distortion": "0.35",
        "lens_flare_intensity": "0.1",
        "motion_blur_min_object_screen_size": "0.1",
        "exposure_min_bright": "10.0",
        "exposure_speed_up": "3.0",
        "exposure_speed_down": "1.0",
        "tint": "0.0",
        "calibration_constant": "16.0",
        "focal_distance": "1000.0",
        "min_fstop": "1.2",
        "blade_count": "5",
        "blur_amount": "0.0",
        "blur_radius": "0.0",
        "slope": "0.88",
        "toe": "0.55",
        "white_clip": "0.04",
        "shoulder": "0.26",
        "black_clip": "0.0",
        "temp": "6500.0",
        "chromatic_aberration_intensity": "0.0"
      },
      "transform_carla": {
        "location": {
          "x": 109.2147216796875,
          "y": -24.95035743713379,
          "z": 1.702813982963562
        },
        "rotation": {
          "roll": -0.1302407681941986,
          "pitch": 0.30775463581085205,
          "yaw": -147.42420959472656
        }
      },
      "matrix_world_from_sensor_carla": [
        [
          -0.842667818069458,
          0.5384237170219421,
          0.003302394412457943,
          109.2147216796875
        ],
        [
          -0.538407027721405,
          -0.842671275138855,
          0.0048075029626488686,
          -24.95035743713379
        ],
        [
          0.005371306091547012,
          0.002273095538839698,
          0.999983012676239,
          1.702813982963562
        ],
        [
          0.0,
          0.0,
          0.0,
          1.0
        ]
      ],
      "matrix_world_from_sensor_bevfusion": [
        [
          0.5384237170219421,
          -0.003302394412457943,
          -0.842667818069458,
          109.2147216796875
        ],
        [
          0.842671275138855,
          0.0048075029626488686,
          0.538407027721405,
          24.95035743713379
        ],
        [
          0.002273095538839698,
          -0.999983012676239,
          0.005371306091547012,
          1.702813982963562
        ],
        [
          0.0,
          0.0,
          0.0,
          1.0
        ]
      ],
      "matrix_ego_from_sensor_carla": [
        [
          0.5735770463943481,
          0.8191516995429993,
          4.975121647987635e-09,
          1.299997329711914
        ],
        [
          -0.8191515803337097,
          0.5735770463943481,
          -1.3994558401009272e-08,
          -0.5500030517578125
        ],
        [
          -1.519581971365369e-08,
          3.1602189753954235e-09,
          1.0,
          1.6999998092651367
        ],
        [
          0.0,
          0.0,
          0.0,
          1.0
        ]
      ],
      "matrix_ego_from_sensor_bevfusion": [
        [
          0.8191516995429993,
          -4.975121647987635e-09,
          0.5735770463943481,
          1.299997329711914
        ],
        [
          -0.5735770463943481,
          -1.3994558401009272e-08,
          0.8191515803337097,
          0.5500030517578125
        ],
        [
          3.1602189753954235e-09,
          -1.0,
          -1.519581971365369e-08,
          1.6999998092651367
        ],
        [
          0.0,
          0.0,
          0.0,
          1.0
        ]
      ],
      "camera_intrinsics": [
        [
          685.5110473632812,
          0.0,
          480.0
        ],
        [
          0.0,
          685.5110473632812,
          270.0
        ],
        [
          0.0,
          0.0,
          1.0
        ]
      ],
      "data_path": "D:\\Agent-AI\\outputs\\s3a_left_v3\\sample_000008\\images\\CAM_FRONT_LEFT.png",
      "raw_layout": "bgra8"
    },
    "CAM_BACK": {
      "type_id": "sensor.camera.rgb",
      "blueprint_attributes": {
        "role_name": "front",
        "ros_name": "sensor.camera.rgb",
        "chromatic_aberration_offset": "0.0",
        "sensor_tick": "0.100000",
        "fstop": "1.4",
        "image_size_x": "960",
        "image_size_y": "540",
        "fov": "70.00",
        "lens_circle_falloff": "5.0",
        "lens_circle_multiplier": "0.0",
        "exposure_compensation": "0.0",
        "lens_y_size": "0.08",
        "lens_k": "-1.0",
        "exposure_mode": "histogram",
        "lens_kcube": "0.0",
        "lens_x_size": "0.08",
        "exposure_max_bright": "12.0",
        "shutter_speed": "200.0",
        "bloom_intensity": "0.675",
        "iso": "100.0",
        "enable_postprocess_effects": "false",
        "gamma": "2.2",
        "motion_blur_intensity": "0.0",
        "motion_blur_max_distortion": "0.35",
        "lens_flare_intensity": "0.1",
        "motion_blur_min_object_screen_size": "0.1",
        "exposure_min_bright": "10.0",
        "exposure_speed_up": "3.0",
        "exposure_speed_down": "1.0",
        "tint": "0.0",
        "calibration_constant": "16.0",
        "focal_distance": "1000.0",
        "min_fstop": "1.2",
        "blade_count": "5",
        "blur_amount": "0.0",
        "blur_radius": "0.0",
        "slope": "0.88",
        "toe": "0.55",
        "white_clip": "0.04",
        "shoulder": "0.26",
        "black_clip": "0.0",
        "temp": "6500.0",
        "chromatic_aberration_intensity": "0.0"
      },
      "transform_carla": {
        "location": {
          "x": 109.88473510742188,
          "y": -22.12620735168457,
          "z": 1.6870238780975342
        },
        "rotation": {
          "roll": -0.17739783227443695,
          "pitch": -0.2832069396972656,
          "yaw": 87.57655334472656
        }
      },
      "matrix_world_from_sensor_carla": [
        [
          0.04228395223617554,
          -0.9991002082824707,
          0.0033024081494659185,
          109.88473510742188
        ],
        [
          0.9990934133529663,
          0.042299557477235794,
          0.004807509481906891,
          -22.12620735168457
        ],
        [
          -0.004942873492836952,
          0.003096133703365922,
          0.999983012676239,
          1.6870238780975342
        ],
        [
          0.0,
          0.0,
          0.0,
          1.0
        ]
      ],
      "matrix_world_from_sensor_bevfusion": [
        [
          -0.9991002082824707,
          -0.0033024081494659185,
          0.04228395223617554,
          109.88473510742188
        ],
        [
          -0.042299557477235794,
          0.004807509481906891,
          -0.9990934133529663,
          22.12620735168457
        ],
        [
          0.003096133703365922,
          -0.999983012676239,
          -0.004942873492836952,
          1.6870238780975342
        ],
        [
          0.0,
          0.0,
          0.0,
          1.0
        ]
      ],
      "matrix_ego_from_sensor_carla": [
        [
          -1.0,
          3.2820426554280857e-07,
          -2.009797883673059e-09,
          -1.5500011444091797
        ],
        [
          -3.2715738029764907e-07,
          -1.0,
          -4.903809025513794e-10,
          -7.62939453125e-06
        ],
        [
          -4.895437388796609e-10,
          -1.0911667125412805e-09,
          1.0,
          1.6999998092651367
        ],
        [
          0.0,
          0.0,
          0.0,
          1.0
        ]
      ],
      "matrix_ego_from_sensor_bevfusion": [
        [
          3.2820426554280857e-07,
          2.009797883673059e-09,
          -1.0,
          -1.5500011444091797
        ],
        [
          1.0,
          -4.903809025513794e-10,
          3.2715738029764907e-07,
          7.62939453125e-06
        ],
        [
          -1.0911667125412805e-09,
          -1.0,
          -4.895437388796609e-10,
          1.6999998092651367
        ],
        [
          0.0,
          0.0,
          0.0,
          1.0
        ]
      ],
      "camera_intrinsics": [
        [
          685.5110473632812,
          0.0,
          480.0
        ],
        [
          0.0,
          685.5110473632812,
          270.0
        ],
        [
          0.0,
          0.0,
          1.0
        ]
      ],
      "data_path": "D:\\Agent-AI\\outputs\\s3a_left_v3\\sample_000008\\images\\CAM_BACK.png",
      "raw_layout": "bgra8"
    },
    "CAM_BACK_LEFT": {
      "type_id": "sensor.camera.rgb",
      "blueprint_attributes": {
        "role_name": "front",
        "ros_name": "sensor.camera.rgb",
        "chromatic_aberration_offset": "0.0",
        "sensor_tick": "0.100000",
        "fstop": "1.4",
        "image_size_x": "960",
        "image_size_y": "540",
        "fov": "70.00",
        "lens_circle_falloff": "5.0",
        "lens_circle_multiplier": "0.0",
        "exposure_compensation": "0.0",
        "lens_y_size": "0.08",
        "lens_k": "-1.0",
        "exposure_mode": "histogram",
        "lens_kcube": "0.0",
        "lens_x_size": "0.08",
        "exposure_max_bright": "12.0",
        "shutter_speed": "200.0",
        "bloom_intensity": "0.675",
        "iso": "100.0",
        "enable_postprocess_effects": "false",
        "gamma": "2.2",
        "motion_blur_intensity": "0.0",
        "motion_blur_max_distortion": "0.35",
        "lens_flare_intensity": "0.1",
        "motion_blur_min_object_screen_size": "0.1",
        "exposure_min_bright": "10.0",
        "exposure_speed_up": "3.0",
        "exposure_speed_down": "1.0",
        "tint": "0.0",
        "calibration_constant": "16.0",
        "focal_distance": "1000.0",
        "min_fstop": "1.2",
        "blade_count": "5",
        "blur_amount": "0.0",
        "blur_radius": "0.0",
        "slope": "0.88",
        "toe": "0.55",
        "white_clip": "0.04",
        "shoulder": "0.26",
        "black_clip": "0.0",
        "temp": "6500.0",
        "chromatic_aberration_intensity": "0.0"
      },
      "transform_carla": {
        "location": {
          "x": 109.32465362548828,
          "y": -22.35271644592285,
          "z": 1.68996262550354
        },
        "rotation": {
          "roll": -0.333740234375,
          "pitch": -0.017130114138126373,
          "yaw": 142.57615661621094
        }
      },
      "matrix_world_from_sensor_carla": [
        [
          -0.7941617369651794,
          -0.6076974272727966,
          0.0033023557625710964,
          109.32465362548828
        ],
        [
          0.6077063083648682,
          -0.794147253036499,
          0.0048075467348098755,
          -22.35271644592285
        ],
        [
          -0.0002989768981933594,
          0.005824832245707512,
          0.9999829530715942,
          1.68996262550354
        ],
        [
          0.0,
          0.0,
          0.0,
          1.0
        ]
      ],
      "matrix_world_from_sensor_bevfusion": [
        [
          -0.6076974272727966,
          -0.0033023557625710964,
          -0.7941617369651794,
          109.32465362548828
        ],
        [
          0.794147253036499,
          0.0048075467348098755,
          -0.6077063083648682,
          22.35271644592285
        ],
        [
          0.005824832245707512,
          -0.9999829530715942,
          -0.0002989768981933594,
          1.68996262550354
        ],
        [
          0.0,
          0.0,
          0.0,
          1.0
        ]
      ],
      "matrix_ego_from_sensor_carla": [
        [
          -0.5735763311386108,
          0.8191521167755127,
          -3.722901098512921e-08,
          -1.2999992370605469
        ],
        [
          -0.8191521167755127,
          -0.5735763311386108,
          -5.4322544684737295e-08,
          -0.5500106811523438
        ],
        [
          -6.556746257047052e-08,
          -1.5066279335229638e-09,
          0.9999999403953552,
          1.7000000476837158
        ],
        [
          0.0,
          0.0,
          0.0,
          1.0
        ]
      ],
      "matrix_ego_from_sensor_bevfusion": [
        [
          0.8191521167755127,
          3.722901098512921e-08,
          -0.5735763311386108,
          -1.2999992370605469
        ],
        [
          0.5735763311386108,
          -5.4322544684737295e-08,
          0.8191521167755127,
          0.5500106811523438
        ],
        [
          -1.5066279335229638e-09,
          -0.9999999403953552,
          -6.556746257047052e-08,
          1.7000000476837158
        ],
        [
          0.0,
          0.0,
          0.0,
          1.0
        ]
      ],
      "camera_intrinsics": [
        [
          685.5110473632812,
          0.0,
          480.0
        ],
        [
          0.0,
          685.5110473632812,
          270.0
        ],
        [
          0.0,
          0.0,
          1.0
        ]
      ],
      "data_path": "D:\\Agent-AI\\outputs\\s3a_left_v3\\sample_000008\\images\\CAM_BACK_LEFT.png",
      "raw_layout": "bgra8"
    },
    "CAM_BACK_RIGHT": {
      "type_id": "sensor.camera.rgb",
      "blueprint_attributes": {
        "role_name": "front",
        "ros_name": "sensor.camera.rgb",
        "chromatic_aberration_offset": "0.0",
        "sensor_tick": "0.100000",
        "fstop": "1.4",
        "image_size_x": "960",
        "image_size_y": "540",
        "fov": "70.00",
        "lens_circle_falloff": "5.0",
        "lens_circle_multiplier": "0.0",
        "exposure_compensation": "0.0",
        "lens_y_size": "0.08",
        "lens_k": "-1.0",
        "exposure_mode": "histogram",
        "lens_kcube": "0.0",
        "lens_x_size": "0.08",
        "exposure_max_bright": "12.0",
        "shutter_speed": "200.0",
        "bloom_intensity": "0.675",
        "iso": "100.0",
        "enable_postprocess_effects": "false",
        "gamma": "2.2",
        "motion_blur_intensity": "0.0",
        "motion_blur_max_distortion": "0.35",
        "lens_flare_intensity": "0.1",
        "motion_blur_min_object_screen_size": "0.1",
        "exposure_min_bright": "10.0",
        "exposure_speed_up": "3.0",
        "exposure_speed_down": "1.0",
        "tint": "0.0",
        "calibration_constant": "16.0",
        "focal_distance": "1000.0",
        "min_fstop": "1.2",
        "blade_count": "5",
        "blur_amount": "0.0",
        "blur_radius": "0.0",
        "slope": "0.88",
        "toe": "0.55",
        "white_clip": "0.04",
        "shoulder": "0.26",
        "black_clip": "0.0",
        "temp": "6500.0",
        "chromatic_aberration_intensity": "0.0"
      },
      "transform_carla": {
        "location": {
          "x": 110.42366790771484,
          "y": -22.399248123168945,
          "z": 1.6865568161010742
        },
        "rotation": {
          "roll": 0.13024082779884338,
          "pitch": -0.30775463581085205,
          "yaw": 32.57575988769531
        }
      },
      "matrix_world_from_sensor_carla": [
        [
          0.8426681160926819,
          -0.5384232997894287,
          0.0033023967407643795,
          110.42366790771484
        ],
        [
          0.5384066104888916,
          0.8426715731620789,
          0.004807502031326294,
          -22.399248123168945
        ],
        [
          -0.005371306091547012,
          -0.0022730964701622725,
          0.999983012676239,
          1.6865568161010742
        ],
        [
          0.0,
          0.0,
          0.0,
          1.0
        ]
      ],
      "matrix_world_from_sensor_bevfusion": [
        [
          -0.5384232997894287,
          -0.0033023967407643795,
          0.8426681160926819,
          110.42366790771484
        ],
        [
          -0.8426715731620789,
          0.004807502031326294,
          -0.5384066104888916,
          22.399248123168945
        ],
        [
          -0.0022730964701622725,
          -0.999983012676239,
          -0.005371306091547012,
          1.6865568161010742
        ],
        [
          0.0,
          0.0,
          0.0,
          1.0
        ]
      ],
      "matrix_ego_from_sensor_carla": [
        [
          -0.5735766291618347,
          -0.8191520571708679,
          5.906444222603113e-09,
          -1.299997329711914
        ],
        [
          0.8191519379615784,
          -0.5735766291618347,
          -1.1666251964470575e-08,
          0.5499954223632812
        ],
        [
          1.4264497139038212e-08,
          -1.2975579499752143e-09,
          1.0,
          1.7000000476837158
        ],
        [
          0.0,
          0.0,
          0.0,
          1.0
        ]
      ],
      "matrix_ego_from_sensor_bevfusion": [
        [
          -0.8191520571708679,
          -5.906444222603113e-09,
          -0.5735766291618347,
          -1.299997329711914
        ],
        [
          0.5735766291618347,
          -1.1666251964470575e-08,
          -0.8191519379615784,
          -0.5499954223632812
        ],
        [
          -1.2975579499752143e-09,
          -1.0,
          1.4264497139038212e-08,
          1.7000000476837158
        ],
        [
          0.0,
          0.0,
          0.0,
          1.0
        ]
      ],
      "camera_intrinsics": [
        [
          685.5110473632812,
          0.0,
          480.0
        ],
        [
          0.0,
          685.5110473632812,
          270.0
        ],
        [
          0.0,
          0.0,
          1.0
        ]
      ],
      "data_path": "D:\\Agent-AI\\outputs\\s3a_left_v3\\sample_000008\\images\\CAM_BACK_RIGHT.png",
      "raw_layout": "bgra8"
    },
    "LIDAR_TOP": {
      "type_id": "sensor.lidar.ray_cast",
      "blueprint_attributes": {
        "atmosphere_attenuation_rate": "0.004",
        "role_name": "front",
        "noise_seed": "0",
        "upper_fov": "10.0",
        "ros_name": "sensor.lidar.ray_cast",
        "sensor_tick": "0.100000",
        "channels": "32",
        "range": "120.0",
        "points_per_second": "360000",
        "lower_fov": "-30.0",
        "rotation_frequency": "10.000000",
        "horizontal_fov": "360.0",
        "dropoff_general_rate": "0.0",
        "dropoff_intensity_limit": "1.0",
        "noise_stddev": "0.0",
        "dropoff_zero_intensity": "0.0"
      },
      "transform_carla": {
        "location": {
          "x": 109.82084655761719,
          "y": -23.672399520874023,
          "z": 2.1946768760681152
        },
        "rotation": {
          "roll": 0.17739778757095337,
          "pitch": 0.2832069396972656,
          "yaw": -92.4234619140625
        }
      },
      "matrix_world_from_sensor_carla": [
        [
          -0.0422842763364315,
          0.9991001486778259,
          0.003302408615127206,
          109.82084655761719
        ],
        [
          -0.9990933537483215,
          -0.04229988157749176,
          0.004807507619261742,
          -23.672399520874023
        ],
        [
          0.004942873492836952,
          -0.0030961327720433474,
          0.999983012676239,
          2.1946768760681152
        ],
        [
          0.0,
          0.0,
          0.0,
          1.0
        ]
      ],
      "matrix_world_from_sensor_bevfusion": [
        [
          -0.0422842763364315,
          -0.9991001486778259,
          0.003302408615127206,
          109.82084655761719
        ],
        [
          0.9990933537483215,
          -0.04229988157749176,
          -0.004807507619261742,
          23.672399520874023
        ],
        [
          0.004942873492836952,
          0.0030961327720433474,
          0.999983012676239,
          2.1946768760681152
        ],
        [
          0.0,
          0.0,
          0.0,
          1.0
        ]
      ],
      "matrix_ego_from_sensor_carla": [
        [
          1.0,
          -6.678762543010919e-10,
          -1.4715270668652636e-10,
          -1.9073486328125e-06
        ],
        [
          5.360038524138133e-10,
          1.0,
          -2.4719615243640192e-11,
          -7.62939453125e-06
        ],
        [
          2.3882451571921592e-11,
          1.5982823398097423e-10,
          1.0,
          2.200000047683716
        ],
        [
          0.0,
          0.0,
          0.0,
          1.0
        ]
      ],
      "matrix_ego_from_sensor_bevfusion": [
        [
          1.0,
          6.678762543010919e-10,
          -1.4715270668652636e-10,
          -1.9073486328125e-06
        ],
        [
          -5.360038524138133e-10,
          1.0,
          2.4719615243640192e-11,
          7.62939453125e-06
        ],
        [
          2.3882451571921592e-11,
          -1.5982823398097423e-10,
          1.0,
          2.200000047683716
        ],
        [
          0.0,
          0.0,
          0.0,
          1.0
        ]
      ],
      "data_path": "D:\\Agent-AI\\outputs\\s3a_left_v3\\sample_000008\\lidar\\LIDAR_TOP.npy",
      "raw_layout": [
        "x",
        "y",
        "z",
        "intensity"
      ]
    },
    "RADAR_FRONT": {
      "type_id": "sensor.other.radar",
      "blueprint_attributes": {
        "sensor_tick": "0.100000",
        "role_name": "default",
        "noise_seed": "0",
        "ros_name": "sensor.other.radar",
        "horizontal_fov": "35.0",
        "points_per_second": "1500",
        "vertical_fov": "20.0",
        "range": "120.0"
      },
      "transform_carla": {
        "location": {
          "x": 109.73198699951172,
          "y": -25.676836013793945,
          "z": 0.9045847654342651
        },
        "rotation": {
          "roll": 0.17739778757095337,
          "pitch": 0.2832069396972656,
          "yaw": -92.4234619140625
        }
      },
      "matrix_world_from_sensor_carla": [
        [
          -0.0422842763364315,
          0.9991001486778259,
          0.003302408615127206,
          109.73198699951172
        ],
        [
          -0.9990933537483215,
          -0.04229988157749176,
          0.004807507619261742,
          -25.676836013793945
        ],
        [
          0.004942873492836952,
          -0.0030961327720433474,
          0.999983012676239,
          0.9045847654342651
        ],
        [
          0.0,
          0.0,
          0.0,
          1.0
        ]
      ],
      "matrix_world_from_sensor_bevfusion": [
        [
          -0.0422842763364315,
          -0.9991001486778259,
          0.003302408615127206,
          109.73198699951172
        ],
        [
          0.9990933537483215,
          -0.04229988157749176,
          -0.004807507619261742,
          25.676836013793945
        ],
        [
          0.004942873492836952,
          0.0030961327720433474,
          0.999983012676239,
          0.9045847654342651
        ],
        [
          0.0,
          0.0,
          0.0,
          1.0
        ]
      ],
      "matrix_ego_from_sensor_carla": [
        [
          1.0,
          -6.678762543010919e-10,
          -1.4715270668652636e-10,
          2.0
        ],
        [
          5.360038524138133e-10,
          1.0,
          -2.4719615243640192e-11,
          0.0
        ],
        [
          2.3882451571921592e-11,
          1.5982823398097423e-10,
          1.0,
          0.8999999165534973
        ],
        [
          0.0,
          0.0,
          0.0,
          1.0
        ]
      ],
      "matrix_ego_from_sensor_bevfusion": [
        [
          1.0,
          6.678762543010919e-10,
          -1.4715270668652636e-10,
          2.0
        ],
        [
          -5.360038524138133e-10,
          1.0,
          2.4719615243640192e-11,
          0.0
        ],
        [
          2.3882451571921592e-11,
          -1.5982823398097423e-10,
          1.0,
          0.8999999165534973
        ],
        [
          0.0,
          0.0,
          0.0,
          1.0
        ]
      ],
      "data_path": "D:\\Agent-AI\\outputs\\s3a_left_v3\\sample_000008\\radar\\RADAR_FRONT.npy",
      "raw_layout": [
        "velocity",
        "altitude",
        "azimuth",
        "depth"
      ]
    },
    "RADAR_FRONT_LEFT": {
      "type_id": "sensor.other.radar",
      "blueprint_attributes": {
        "sensor_tick": "0.100000",
        "role_name": "default",
        "noise_seed": "0",
        "ros_name": "sensor.other.radar",
        "horizontal_fov": "35.0",
        "points_per_second": "1500",
        "vertical_fov": "20.0",
        "range": "120.0"
      },
      "transform_carla": {
        "location": {
          "x": 108.9974594116211,
          "y": -25.295429229736328,
          "z": 0.9051768183708191
        },
        "rotation": {
          "roll": -0.07482051104307175,
          "pitch": 0.32569071650505066,
          "yaw": -137.42410278320312
        }
      },
      "matrix_world_from_sensor_carla": [
        [
          -0.7363698482513428,
          0.6765711903572083,
          0.0033023408614099026,
          108.9974594116211
        ],
        [
          -0.676555335521698,
          -0.736376166343689,
          0.004807446617633104,
          -25.295429229736328
        ],
        [
          0.0056843445636332035,
          0.0013058428885415196,
          0.999983012676239,
          0.9051768183708191
        ],
        [
          0.0,
          0.0,
          0.0,
          1.0
        ]
      ],
      "matrix_world_from_sensor_bevfusion": [
        [
          -0.7363698482513428,
          -0.6765711903572083,
          0.0033023408614099026,
          108.9974594116211
        ],
        [
          0.676555335521698,
          -0.736376166343689,
          -0.004807446617633104,
          25.295429229736328
        ],
        [
          0.0056843445636332035,
          -0.0013058428885415196,
          0.999983012676239,
          0.9051768183708191
        ],
        [
          0.0,
          0.0,
          0.0,
          1.0
        ]
      ],
      "matrix_ego_from_sensor_carla": [
        [
          0.7071069478988647,
          0.7071067094802856,
          6.364844296058436e-08,
          1.6500015258789062
        ],
        [
          -0.7071065902709961,
          0.7071069478988647,
          -6.521730000486059e-08,
          -0.7500076293945312
        ],
        [
          -9.177833959483905e-08,
          1.0224541213688099e-09,
          1.0,
          0.8999999165534973
        ],
        [
          0.0,
          0.0,
          0.0,
          1.0
        ]
      ],
      "matrix_ego_from_sensor_bevfusion": [
        [
          0.7071069478988647,
          -0.7071067094802856,
          6.364844296058436e-08,
          1.6500015258789062
        ],
        [
          0.7071065902709961,
          0.7071069478988647,
          6.521730000486059e-08,
          0.7500076293945312
        ],
        [
          -9.177833959483905e-08,
          -1.0224541213688099e-09,
          1.0,
          0.8999999165534973
        ],
        [
          0.0,
          0.0,
          0.0,
          1.0
        ]
      ],
      "data_path": "D:\\Agent-AI\\outputs\\s3a_left_v3\\sample_000008\\radar\\RADAR_FRONT_LEFT.npy",
      "raw_layout": [
        "velocity",
        "altitude",
        "azimuth",
        "depth"
      ]
    },
    "RADAR_FRONT_RIGHT": {
      "type_id": "sensor.other.radar",
      "blueprint_attributes": {
        "sensor_tick": "0.100000",
        "role_name": "default",
        "noise_seed": "0",
        "ros_name": "sensor.other.radar",
        "horizontal_fov": "35.0",
        "points_per_second": "1500",
