{
  "schema_version": "stage1.v1",
  "sample_name": "sample_000015",
  "sequence_index": 15,
  "previous_sample_name": "sample_000014",
  "frame_id": 726288,
  "timestamp": 4998.69462474063,
  "platform_timestamp": 16813372.185779,
  "delta_seconds": 0.10000000149011612,
  "town": "Carla/Maps/Town10HD_Opt",
  "weather": {
    "cloudiness": 20.0,
    "dust_storm": 0.0,
    "fog_density": 2.0,
    "fog_distance": 0.75,
    "fog_falloff": 0.10000000149011612,
    "mie_scattering_scale": 0.029999999329447746,
    "precipitation": 0.0,
    "precipitation_deposits": 0.0,
    "rayleigh_scattering_scale": 0.03310000151395798,
    "scattering_intensity": 1.0,
    "sun_altitude_angle": 45.0,
    "sun_azimuth_angle": 300.0,
    "wetness": 0.0,
    "wind_intensity": 10.0
  },
  "sensor_names": [
    "CAM_FRONT",
    "CAM_FRONT_RIGHT",
    "CAM_FRONT_LEFT",
    "CAM_BACK",
    "CAM_BACK_LEFT",
    "CAM_BACK_RIGHT",
    "LIDAR_TOP",
    "RADAR_FRONT",
    "RADAR_FRONT_LEFT",
    "RADAR_FRONT_RIGHT",
    "RADAR_BACK_LEFT",
    "RADAR_BACK_RIGHT"
  ],
  "camera_order_for_model": [
    "CAM_FRONT",
    "CAM_FRONT_RIGHT",
    "CAM_FRONT_LEFT",
    "CAM_BACK",
    "CAM_BACK_LEFT",
    "CAM_BACK_RIGHT"
  ],
  "radar_order_for_model": [
    "RADAR_FRONT",
    "RADAR_FRONT_LEFT",
    "RADAR_FRONT_RIGHT",
    "RADAR_BACK_LEFT",
    "RADAR_BACK_RIGHT"
  ],
  "coordinate_notes": {
    "carla_world": "left-handed x-forward y-right z-up",
    "bevfusion_lidar": "x-forward y-left z-up",
    "camera_frame_for_model": "OpenCV style x-right y-down z-forward"
  },
  "ego": {
    "actor_id": 49,
    "transform_carla": {
      "location": {
        "x": 105.58466339111328,
        "y": -30.488481521606445,
        "z": -0.0038085554260760546
      },
      "rotation": {
        "roll": 0.4276064336299896,
        "pitch": -0.14367985725402832,
        "yaw": -99.55292510986328
      }
    },
    "velocity_carla": [
      -1.2923548221588135,
      -7.13712215423584,
      5.481719927047379e-05
    ],
    "angular_velocity_carla": [
      1.4749528169631958,
      -1.0577819347381592,
      -6.774606227874756
    ],
    "matrix_world_from_ego_carla": [
      [
        -0.16595803201198578,
        0.9861083626747131,
        0.006943418178707361,
        105.58466339111328
      ],
      [
        -0.986129641532898,
        -0.1659354716539383,
        -0.003711401019245386,
        -30.488481521606445
      ],
      [
        -0.002507684053853154,
        -0.007463046815246344,
        0.9999690055847168,
        -0.0038085554260760546
      ],
      [
        0.0,
        0.0,
        0.0,
        1.0
      ]
    ],
    "matrix_world_from_ego_bevfusion": [
      [
        -0.16595803201198578,
        -0.9861083626747131,
        0.006943418178707361,
        105.58466339111328
      ],
      [
        0.986129641532898,
        -0.1659354716539383,
        0.003711401019245386,
        30.488481521606445
      ],
      [
        -0.002507684053853154,
        0.007463046815246344,
        0.9999690055847168,
        -0.0038085554260760546
      ],
      [
        0.0,
        0.0,
        0.0,
        1.0
      ]
    ]
  },
  "sensors": {
    "CAM_FRONT": {
      "type_id": "sensor.camera.rgb",
      "blueprint_attributes": {
        "role_name": "front",
        "ros_name": "sensor.camera.rgb",
        "chromatic_aberration_offset": "0.0",
        "sensor_tick": "0.100000",
        "fstop": "1.4",
        "image_size_x": "960",
        "image_size_y": "540",
        "fov": "70.00",
        "lens_circle_falloff": "5.0",
        "lens_circle_multiplier": "0.0",
        "exposure_compensation": "0.0",
        "lens_y_size": "0.08",
        "lens_k": "-1.0",
        "exposure_mode": "histogram",
        "lens_kcube": "0.0",
        "lens_x_size": "0.08",
        "exposure_max_bright": "12.0",
        "shutter_speed": "200.0",
        "bloom_intensity": "0.675",
        "iso": "100.0",
        "enable_postprocess_effects": "false",
        "gamma": "2.2",
        "motion_blur_intensity": "0.0",
        "motion_blur_max_distortion": "0.35",
        "lens_flare_intensity": "0.1",
        "motion_blur_min_object_screen_size": "0.1",
        "exposure_min_bright": "10.0",
        "exposure_speed_up": "3.0",
        "exposure_speed_down": "1.0",
        "tint": "0.0",
        "calibration_constant": "16.0",
        "focal_distance": "1000.0",
        "min_fstop": "1.2",
        "blade_count": "5",
        "blur_amount": "0.0",
        "blur_radius": "0.0",
        "slope": "0.88",
        "toe": "0.55",
        "white_clip": "0.04",
        "shoulder": "0.26",
        "black_clip": "0.0",
        "temp": "6500.0",
        "chromatic_aberration_intensity": "0.0"
      },
      "transform_carla": {
        "location": {
          "x": 105.3392333984375,
          "y": -32.02328872680664,
          "z": 1.6922518014907837
        },
        "rotation": {
          "roll": 0.4276064336299896,
          "pitch": -0.14367985725402832,
          "yaw": -99.55292510986328
        }
      },
      "matrix_world_from_sensor_carla": [
        [
          -0.16595803201198578,
          0.9861083626747131,
          0.006943418178707361,
          105.3392333984375
        ],
        [
          -0.986129641532898,
          -0.1659354716539383,
          -0.003711401019245386,
          -32.02328872680664
        ],
        [
          -0.002507684053853154,
          -0.007463046815246344,
          0.9999690055847168,
          1.6922518014907837
        ],
        [
          0.0,
          0.0,
          0.0,
          1.0
        ]
      ],
      "matrix_world_from_sensor_bevfusion": [
        [
          0.9861083626747131,
          -0.006943418178707361,
          -0.16595803201198578,
          105.3392333984375
        ],
        [
          0.1659354716539383,
          -0.003711401019245386,
          0.986129641532898,
          32.02328872680664
        ],
        [
          -0.007463046815246344,
          -0.9999690055847168,
          -0.002507684053853154,
          1.6922518014907837
        ],
        [
          0.0,
          0.0,
          0.0,
          1.0
        ]
      ],
      "matrix_ego_from_sensor_carla": [
        [
          1.0,
          3.2868074928416036e-09,
          -4.122679975182564e-11,
          1.5499963760375977
        ],
        [
          3.286237726385366e-09,
          1.0,
          -1.2087308931540974e-10,
          0.0
        ],
        [
          -4.12340162014857e-11,
          -1.2088752221472987e-10,
          1.0,
          1.7000000476837158
        ],
        [
          0.0,
          0.0,
          0.0,
          1.0
        ]
      ],
      "matrix_ego_from_sensor_bevfusion": [
        [
          3.2868074928416036e-09,
          4.122679975182564e-11,
          1.0,
          1.5499963760375977
        ],
        [
          -1.0,
          -1.2087308931540974e-10,
          -3.286237726385366e-09,
          0.0
        ],
        [
          -1.2088752221472987e-10,
          -1.0,
          -4.12340162014857e-11,
          1.7000000476837158
        ],
        [
          0.0,
          0.0,
          0.0,
          1.0
        ]
      ],
      "camera_intrinsics": [
        [
          685.5110473632812,
          0.0,
          480.0
        ],
        [
          0.0,
          685.5110473632812,
          270.0
        ],
        [
          0.0,
          0.0,
          1.0
        ]
      ],
      "data_path": "D:\\Agent-AI\\outputs\\s3a_ml_long_v1\\sample_000015\\images\\CAM_FRONT.png",
      "raw_layout": "bgra8"
    },
    "CAM_FRONT_RIGHT": {
      "type_id": "sensor.camera.rgb",
      "blueprint_attributes": {
        "role_name": "front",
        "ros_name": "sensor.camera.rgb",
        "chromatic_aberration_offset": "0.0",
        "sensor_tick": "0.100000",
        "fstop": "1.4",
        "image_size_x": "960",
        "image_size_y": "540",
        "fov": "70.00",
        "lens_circle_falloff": "5.0",
        "lens_circle_multiplier": "0.0",
        "exposure_compensation": "0.0",
        "lens_y_size": "0.08",
        "lens_k": "-1.0",
        "exposure_mode": "histogram",
        "lens_kcube": "0.0",
        "lens_x_size": "0.08",
        "exposure_max_bright": "12.0",
        "shutter_speed": "200.0",
        "bloom_intensity": "0.675",
        "iso": "100.0",
        "enable_postprocess_effects": "false",
        "gamma": "2.2",
        "motion_blur_intensity": "0.0",
        "motion_blur_max_distortion": "0.35",
        "lens_flare_intensity": "0.1",
        "motion_blur_min_object_screen_size": "0.1",
        "exposure_min_bright": "10.0",
        "exposure_speed_up": "3.0",
        "exposure_speed_down": "1.0",
        "tint": "0.0",
        "calibration_constant": "16.0",
        "focal_distance": "1000.0",
        "min_fstop": "1.2",
        "blade_count": "5",
        "blur_amount": "0.0",
        "blur_radius": "0.0",
        "slope": "0.88",
        "toe": "0.55",
        "white_clip": "0.04",
        "shoulder": "0.26",
        "black_clip": "0.0",
        "temp": "6500.0",
        "chromatic_aberration_intensity": "0.0"
      },
      "transform_carla": {
        "location": {
          "x": 105.92308044433594,
          "y": -31.86802101135254,
          "z": 1.6887742280960083
        },
        "rotation": {
          "roll": 0.12757277488708496,
          "pitch": -0.43267878890037537,
          "yaw": -44.5528450012207
        }
      },
      "matrix_world_from_sensor_carla": [
        [
          0.7125833630561829,
          0.7015531063079834,
          0.0069433655589818954,
          105.92308044433594
        ],
        [
          -0.701546847820282,
          0.7126137018203735,
          -0.0037112804129719734,
          -31.86802101135254
        ],
        [
          -0.007551597896963358,
          -0.00222649984061718,
          0.9999690055847168,
          1.6887742280960083
        ],
        [
          0.0,
          0.0,
          0.0,
          1.0
        ]
      ],
      "matrix_world_from_sensor_bevfusion": [
        [
          0.7015531063079834,
          -0.0069433655589818954,
          0.7125833630561829,
          105.92308044433594
        ],
        [
          -0.7126137018203735,
          -0.0037112804129719734,
          0.701546847820282,
          31.86802101135254
        ],
        [
          -0.00222649984061718,
          -0.9999690055847168,
          -0.007551597896963358,
          1.6887742280960083
        ],
        [
          0.0,
          0.0,
          0.0,
          1.0
        ]
      ],
      "matrix_ego_from_sensor_carla": [
        [
          0.5735761523246765,
          -0.819152295589447,
          -1.1017012013780914e-07,
          1.2999963760375977
        ],
        [
          0.819152295589447,
          0.5735761523246765,
          -7.229836995747974e-08,
          0.5499954223632812
        ],
        [
          1.213673357369771e-07,
          -4.973456668722065e-08,
          1.0,
          1.7000000476837158
        ],
        [
          0.0,
          0.0,
          0.0,
          1.0
        ]
      ],
      "matrix_ego_from_sensor_bevfusion": [
        [
          -0.819152295589447,
          1.1017012013780914e-07,
          0.5735761523246765,
          1.2999963760375977
        ],
        [
          -0.5735761523246765,
          -7.229836995747974e-08,
          -0.819152295589447,
          -0.5499954223632812
        ],
        [
          -4.973456668722065e-08,
          -1.0,
          1.213673357369771e-07,
          1.7000000476837158
        ],
        [
          0.0,
          0.0,
          0.0,
          1.0
        ]
      ],
      "camera_intrinsics": [
        [
          685.5110473632812,
          0.0,
          480.0
        ],
        [
          0.0,
          685.5110473632812,
          270.0
        ],
        [
          0.0,
          0.0,
          1.0
        ]
      ],
      "data_path": "D:\\Agent-AI\\outputs\\s3a_ml_long_v1\\sample_000015\\images\\CAM_FRONT_RIGHT.png",
      "raw_layout": "bgra8"
    },
    "CAM_FRONT_LEFT": {
      "type_id": "sensor.camera.rgb",
      "blueprint_attributes": {
        "role_name": "front",
        "ros_name": "sensor.camera.rgb",
        "chromatic_aberration_offset": "0.0",
        "sensor_tick": "0.100000",
        "fstop": "1.4",
        "image_size_x": "960",
        "image_size_y": "540",
        "fov": "70.00",
        "lens_circle_falloff": "5.0",
        "lens_circle_multiplier": "0.0",
        "exposure_compensation": "0.0",
        "lens_y_size": "0.08",
        "lens_k": "-1.0",
        "exposure_mode": "histogram",
        "lens_kcube": "0.0",
        "lens_x_size": "0.08",
        "exposure_max_bright": "12.0",
        "shutter_speed": "200.0",
        "bloom_intensity": "0.675",
        "iso": "100.0",
        "enable_postprocess_effects": "false",
        "gamma": "2.2",
        "motion_blur_intensity": "0.0",
        "motion_blur_max_distortion": "0.35",
        "lens_flare_intensity": "0.1",
        "motion_blur_min_object_screen_size": "0.1",
        "exposure_min_bright": "10.0",
        "exposure_speed_up": "3.0",
        "exposure_speed_down": "1.0",
        "tint": "0.0",
        "calibration_constant": "16.0",
        "focal_distance": "1000.0",
        "min_fstop": "1.2",
        "blade_count": "5",
        "blur_amount": "0.0",
        "blur_radius": "0.0",
        "slope": "0.88",
        "toe": "0.55",
        "white_clip": "0.04",
        "shoulder": "0.26",
        "black_clip": "0.0",
        "temp": "6500.0",
        "chromatic_aberration_intensity": "0.0"
      },
      "transform_carla": {
        "location": {
          "x": 104.83836364746094,
          "y": -31.685495376586914,
          "z": 1.6969833374023438
        },
        "rotation": {
          "roll": 0.3629612624645233,
          "pitch": 0.2678595185279846,
          "yaw": -154.55154418945312
        }
      },
      "matrix_world_from_sensor_carla": [
        [
          -0.902962327003479,
          0.42966362833976746,
          0.006943391170352697,
          104.83836364746094
        ],
        [
          -0.4296943247318268,
          -0.9029667973518372,
          -0.0037113637663424015,
          -31.685495376586914
        ],
        [
          0.004675013478845358,
          -0.006334757898002863,
          0.9999690055847168,
          1.6969833374023438
        ],
        [
          0.0,
          0.0,
          0.0,
          1.0
        ]
      ],
      "matrix_world_from_sensor_bevfusion": [
        [
          0.42966362833976746,
          -0.006943391170352697,
          -0.902962327003479,
          104.83836364746094
        ],
        [
          0.9029667973518372,
          -0.0037113637663424015,
          0.4296943247318268,
          31.685495376586914
        ],
        [
          -0.006334757898002863,
          -0.9999690055847168,
          0.004675013478845358,
          1.6969833374023438
        ],
        [
          0.0,
          0.0,
          0.0,
          1.0
        ]
      ],
      "matrix_ego_from_sensor_carla": [
        [
          0.5735764503479004,
          0.8191521167755127,
          -3.240468515741668e-08,
          1.2999992370605469
        ],
        [
          -0.8191520571708679,
          0.5735763907432556,
          -3.318282537634332e-08,
          -0.5500030517578125
        ],
        [
          -7.994890971474433e-09,
          4.4070876725754715e-08,
          1.0,
          1.7000000476837158
        ],
        [
          0.0,
          0.0,
          0.0,
          1.0
        ]
      ],
      "matrix_ego_from_sensor_bevfusion": [
        [
          0.8191521167755127,
          3.240468515741668e-08,
          0.5735764503479004,
          1.2999992370605469
        ],
        [
          -0.5735763907432556,
          -3.318282537634332e-08,
          0.8191520571708679,
          0.5500030517578125
        ],
        [
          4.4070876725754715e-08,
          -1.0,
          -7.994890971474433e-09,
          1.7000000476837158
        ],
        [
          0.0,
          0.0,
          0.0,
          1.0
        ]
      ],
      "camera_intrinsics": [
        [
          685.5110473632812,
          0.0,
          480.0
        ],
        [
          0.0,
          685.5110473632812,
          270.0
        ],
        [
          0.0,
          0.0,
          1.0
        ]
      ],
      "data_path": "D:\\Agent-AI\\outputs\\s3a_ml_long_v1\\sample_000015\\images\\CAM_FRONT_LEFT.png",
      "raw_layout": "bgra8"
    },
    "CAM_BACK": {
      "type_id": "sensor.camera.rgb",
      "blueprint_attributes": {
        "role_name": "front",
        "ros_name": "sensor.camera.rgb",
        "chromatic_aberration_offset": "0.0",
        "sensor_tick": "0.100000",
        "fstop": "1.4",
        "image_size_x": "960",
        "image_size_y": "540",
        "fov": "70.00",
        "lens_circle_falloff": "5.0",
        "lens_circle_multiplier": "0.0",
        "exposure_compensation": "0.0",
        "lens_y_size": "0.08",
        "lens_k": "-1.0",
        "exposure_mode": "histogram",
        "lens_kcube": "0.0",
        "lens_x_size": "0.08",
        "exposure_max_bright": "12.0",
        "shutter_speed": "200.0",
        "bloom_intensity": "0.675",
        "iso": "100.0",
        "enable_postprocess_effects": "false",
        "gamma": "2.2",
        "motion_blur_intensity": "0.0",
        "motion_blur_max_distortion": "0.35",
        "lens_flare_intensity": "0.1",
        "motion_blur_min_object_screen_size": "0.1",
        "exposure_min_bright": "10.0",
        "exposure_speed_up": "3.0",
        "exposure_speed_down": "1.0",
        "tint": "0.0",
        "calibration_constant": "16.0",
        "focal_distance": "1000.0",
        "min_fstop": "1.2",
        "blade_count": "5",
        "blur_amount": "0.0",
        "blur_radius": "0.0",
        "slope": "0.88",
        "toe": "0.55",
        "white_clip": "0.04",
        "shoulder": "0.26",
        "black_clip": "0.0",
        "temp": "6500.0",
        "chromatic_aberration_intensity": "0.0"
      },
      "transform_carla": {
        "location": {
          "x": 105.85370635986328,
          "y": -28.96628761291504,
          "z": 1.7000254392623901
        },
        "rotation": {
          "roll": -0.4276062846183777,
          "pitch": 0.14367985725402832,
          "yaw": 80.44706726074219
        }
      },
      "matrix_world_from_sensor_carla": [
        [
          0.16595818102359772,
          -0.9861083030700684,
          0.00694341491907835,
          105.85370635986328
        ],
        [
          0.9861295819282532,
          0.16593562066555023,
          -0.0037114014849066734,
          -28.96628761291504
        ],
        [
          0.002507684053853154,
          0.007463044486939907,
          0.9999690055847168,
          1.7000254392623901
        ],
        [
          0.0,
          0.0,
          0.0,
          1.0
        ]
      ],
      "matrix_world_from_sensor_bevfusion": [
        [
          -0.9861083030700684,
          -0.00694341491907835,
          0.16595818102359772,
          105.85370635986328
        ],
        [
          -0.16593562066555023,
          -0.0037114014849066734,
          -0.9861295819282532,
          28.96628761291504
        ],
        [
          0.007463044486939907,
          -0.9999690055847168,
          0.002507684053853154,
          1.7000254392623901
        ],
        [
          0.0,
          0.0,
          0.0,
          1.0
        ]
      ],
      "matrix_ego_from_sensor_carla": [
        [
          -1.0,
          -1.5022621369098488e-07,
          8.900957748636529e-10,
          -1.550002098083496
        ],
        [
          1.5561522559437435e-07,
          -0.9999999403953552,
          -2.9148408131618453e-09,
          0.0
        ],
        [
          1.2053872344708338e-09,
          -2.673008037135105e-09,
          1.0,
          1.6999998092651367
        ],
        [
          0.0,
          0.0,
          0.0,
          1.0
        ]
      ],
      "matrix_ego_from_sensor_bevfusion": [
        [
          -1.5022621369098488e-07,
          -8.900957748636529e-10,
          -1.0,
          -1.550002098083496
        ],
        [
          0.9999999403953552,
          -2.9148408131618453e-09,
          -1.5561522559437435e-07,
          0.0
        ],
        [
          -2.673008037135105e-09,
          -1.0,
          1.2053872344708338e-09,
          1.6999998092651367
        ],
        [
          0.0,
          0.0,
          0.0,
          1.0
        ]
      ],
      "camera_intrinsics": [
        [
          685.5110473632812,
          0.0,
          480.0
        ],
        [
          0.0,
          685.5110473632812,
          270.0
        ],
        [
          0.0,
          0.0,
          1.0
        ]
      ],
      "data_path": "D:\\Agent-AI\\outputs\\s3a_ml_long_v1\\sample_000015\\images\\CAM_BACK.png",
      "raw_layout": "bgra8"
    },
    "CAM_BACK_LEFT": {
      "type_id": "sensor.camera.rgb",
      "blueprint_attributes": {
        "role_name": "front",
        "ros_name": "sensor.camera.rgb",
        "chromatic_aberration_offset": "0.0",
        "sensor_tick": "0.100000",
        "fstop": "1.4",
        "image_size_x": "960",
        "image_size_y": "540",
        "fov": "70.00",
        "lens_circle_falloff": "5.0",
        "lens_circle_multiplier": "0.0",
        "exposure_compensation": "0.0",
        "lens_y_size": "0.08",
        "lens_k": "-1.0",
        "exposure_mode": "histogram",
        "lens_kcube": "0.0",
        "lens_x_size": "0.08",
        "exposure_max_bright": "12.0",
        "shutter_speed": "200.0",
        "bloom_intensity": "0.675",
        "iso": "100.0",
        "enable_postprocess_effects": "false",
        "gamma": "2.2",
        "motion_blur_intensity": "0.0",
        "motion_blur_max_distortion": "0.35",
        "lens_flare_intensity": "0.1",
        "motion_blur_min_object_screen_size": "0.1",
        "exposure_min_bright": "10.0",
        "exposure_speed_up": "3.0",
        "exposure_speed_down": "1.0",
        "tint": "0.0",
        "calibration_constant": "16.0",
        "focal_distance": "1000.0",
        "min_fstop": "1.2",
        "blade_count": "5",
        "blur_amount": "0.0",
        "blur_radius": "0.0",
        "slope": "0.88",
        "toe": "0.55",
        "white_clip": "0.04",
        "shoulder": "0.26",
        "black_clip": "0.0",
        "temp": "6500.0",
        "chromatic_aberration_intensity": "0.0"
      },
      "transform_carla": {
        "location": {
          "x": 105.26985168457031,
          "y": -29.121557235717773,
          "z": 1.7035032510757446
        },
        "rotation": {
          "roll": -0.1275726556777954,
          "pitch": 0.43267878890037537,
          "yaw": 135.44715881347656
        }
      },
      "matrix_world_from_sensor_carla": [
        [
          -0.7125834226608276,
          -0.7015530467033386,
          0.006943364627659321,
          105.26985168457031
        ],
        [
          0.7015467882156372,
          -0.7126137614250183,
          -0.003711281344294548,
          -29.121557235717773
        ],
        [
          0.007551597896963358,
          0.002226497745141387,
          0.9999690055847168,
          1.7035032510757446
        ],
        [
          0.0,
          0.0,
          0.0,
          1.0
        ]
      ],
      "matrix_world_from_sensor_bevfusion": [
        [
          -0.7015530467033386,
          -0.006943364627659321,
          -0.7125834226608276,
          105.26985168457031
        ],
        [
          0.7126137614250183,
          -0.003711281344294548,
          -0.7015467882156372,
          29.121557235717773
        ],
        [
          0.002226497745141387,
          -0.9999690055847168,
          0.007551597896963358,
          1.7035032510757446
        ],
        [
          0.0,
          0.0,
          0.0,
          1.0
        ]
      ],
      "matrix_ego_from_sensor_carla": [
        [
          -0.5735760927200317,
          0.819152295589447,
          -1.0923879756319366e-07,
          -1.3000001907348633
        ],
        [
          -0.8191523551940918,
          -0.573576033115387,
          -7.276403124478747e-08,
          -0.5500030517578125
        ],
        [
          -1.2183299702428485e-07,
          4.833765032685733e-08,
          1.0,
          1.6999998092651367
        ],
        [
          0.0,
          0.0,
          0.0,
          1.0
        ]
      ],
      "matrix_ego_from_sensor_bevfusion": [
        [
          0.819152295589447,
          1.0923879756319366e-07,
          -0.5735760927200317,
          -1.3000001907348633
        ],
        [
          0.573576033115387,
          -7.276403124478747e-08,
          0.8191523551940918,
          0.5500030517578125
        ],
        [
          4.833765032685733e-08,
          -1.0,
          -1.2183299702428485e-07,
          1.6999998092651367
        ],
        [
          0.0,
          0.0,
          0.0,
          1.0
        ]
      ],
      "camera_intrinsics": [
        [
          685.5110473632812,
          0.0,
          480.0
        ],
        [
          0.0,
          685.5110473632812,
          270.0
        ],
        [
          0.0,
          0.0,
          1.0
        ]
      ],
      "data_path": "D:\\Agent-AI\\outputs\\s3a_ml_long_v1\\sample_000015\\images\\CAM_BACK_LEFT.png",
      "raw_layout": "bgra8"
    },
    "CAM_BACK_RIGHT": {
      "type_id": "sensor.camera.rgb",
      "blueprint_attributes": {
        "role_name": "front",
        "ros_name": "sensor.camera.rgb",
        "chromatic_aberration_offset": "0.0",
        "sensor_tick": "0.100000",
        "fstop": "1.4",
        "image_size_x": "960",
        "image_size_y": "540",
        "fov": "70.00",
        "lens_circle_falloff": "5.0",
        "lens_circle_multiplier": "0.0",
        "exposure_compensation": "0.0",
        "lens_y_size": "0.08",
        "lens_k": "-1.0",
        "exposure_mode": "histogram",
        "lens_kcube": "0.0",
        "lens_x_size": "0.08",
        "exposure_max_bright": "12.0",
        "shutter_speed": "200.0",
        "bloom_intensity": "0.675",
        "iso": "100.0",
        "enable_postprocess_effects": "false",
        "gamma": "2.2",
        "motion_blur_intensity": "0.0",
        "motion_blur_max_distortion": "0.35",
        "lens_flare_intensity": "0.1",
        "motion_blur_min_object_screen_size": "0.1",
        "exposure_min_bright": "10.0",
        "exposure_speed_up": "3.0",
        "exposure_speed_down": "1.0",
        "tint": "0.0",
        "calibration_constant": "16.0",
        "focal_distance": "1000.0",
        "min_fstop": "1.2",
        "blade_count": "5",
        "blur_amount": "0.0",
        "blur_radius": "0.0",
        "slope": "0.88",
        "toe": "0.55",
        "white_clip": "0.04",
        "shoulder": "0.26",
        "black_clip": "0.0",
        "temp": "6500.0",
        "chromatic_aberration_intensity": "0.0"
      },
      "transform_carla": {
        "location": {
          "x": 106.35457611083984,
          "y": -29.304086685180664,
          "z": 1.6952940225601196
        },
        "rotation": {
          "roll": -0.36296120285987854,
          "pitch": -0.2678595185279846,
          "yaw": 25.448434829711914
        }
      },
      "matrix_world_from_sensor_carla": [
        [
          0.9029625654220581,
          -0.4296632409095764,
          0.006943388842046261,
          106.35457611083984
        ],
        [
          0.42969393730163574,
          0.9029670357704163,
          -0.003711366094648838,
          -29.304086685180664
        ],
        [
          -0.004675013478845358,
          0.006334756501019001,
          0.9999690055847168,
          1.6952940225601196
        ],
        [
          0.0,
          0.0,
          0.0,
          1.0
        ]
      ],
      "matrix_world_from_sensor_bevfusion": [
        [
          -0.4296632409095764,
          -0.006943388842046261,
          0.9029625654220581,
          106.35457611083984
        ],
        [
          -0.9029670357704163,
          -0.003711366094648838,
          -0.42969393730163574,
          29.304086685180664
        ],
        [
          0.006334756501019001,
          -0.9999690055847168,
          -0.004675013478845358,
          1.6952940225601196
        ],
        [
          0.0,
          0.0,
          0.0,
          1.0
        ]
      ],
      "matrix_ego_from_sensor_carla": [
        [
          -0.5735760927200317,
          -0.8191524147987366,
          -2.9610719209927083e-08,
          -1.3000011444091797
        ],
        [
          0.8191523551940918,
          -0.573576033115387,
          -3.5045470525574274e-08,
          0.5500030517578125
        ],
        [
          1.1254519982628608e-08,
          -4.407083409319057e-08,
          1.0,
          1.7000000476837158
        ],
        [
          0.0,
          0.0,
          0.0,
          1.0
        ]
      ],
      "matrix_ego_from_sensor_bevfusion": [
        [
          -0.8191524147987366,
          2.9610719209927083e-08,
          -0.5735760927200317,
          -1.3000011444091797
        ],
        [
          0.573576033115387,
          -3.5045470525574274e-08,
          -0.8191523551940918,
          -0.5500030517578125
        ],
        [
          -4.407083409319057e-08,
          -1.0,
          1.1254519982628608e-08,
          1.7000000476837158
        ],
        [
          0.0,
          0.0,
          0.0,
          1.0
        ]
      ],
      "camera_intrinsics": [
        [
          685.5110473632812,
          0.0,
          480.0
        ],
        [
          0.0,
          685.5110473632812,
          270.0
        ],
        [
          0.0,
          0.0,
          1.0
        ]
      ],
      "data_path": "D:\\Agent-AI\\outputs\\s3a_ml_long_v1\\sample_000015\\images\\CAM_BACK_RIGHT.png",
      "raw_layout": "bgra8"
    },
    "LIDAR_TOP": {
      "type_id": "sensor.lidar.ray_cast",
      "blueprint_attributes": {
        "atmosphere_attenuation_rate": "0.004",
        "role_name": "front",
        "noise_seed": "0",
        "upper_fov": "10.0",
        "ros_name": "sensor.lidar.ray_cast",
        "sensor_tick": "0.100000",
        "channels": "32",
        "range": "120.0",
        "points_per_second": "360000",
        "lower_fov": "-30.0",
        "rotation_frequency": "10.000000",
        "horizontal_fov": "360.0",
        "dropoff_general_rate": "0.0",
        "dropoff_intensity_limit": "1.0",
        "noise_stddev": "0.0",
        "dropoff_zero_intensity": "0.0"
      },
      "transform_carla": {
        "location": {
          "x": 105.59993743896484,
          "y": -30.496644973754883,
          "z": 2.1961231231689453
        },
        "rotation": {
          "roll": 0.4276064336299896,
          "pitch": -0.14367985725402832,
          "yaw": -99.55292510986328
        }
      },
      "matrix_world_from_sensor_carla": [
        [
          -0.16595803201198578,
          0.9861083626747131,
          0.006943418178707361,
          105.59993743896484
        ],
        [
          -0.986129641532898,
          -0.1659354716539383,
          -0.003711401019245386,
          -30.496644973754883
        ],
        [
          -0.002507684053853154,
          -0.007463046815246344,
          0.9999690055847168,
          2.1961231231689453
        ],
        [
          0.0,
          0.0,
          0.0,
          1.0
        ]
      ],
      "matrix_world_from_sensor_bevfusion": [
        [
          -0.16595803201198578,
          -0.9861083626747131,
          0.006943418178707361,
          105.59993743896484
        ],
        [
          0.986129641532898,
          -0.1659354716539383,
          0.003711401019245386,
          30.496644973754883
        ],
        [
          -0.002507684053853154,
          0.007463046815246344,
          0.9999690055847168,
          2.1961231231689453
        ],
        [
          0.0,
          0.0,
          0.0,
          1.0
        ]
      ],
      "matrix_ego_from_sensor_carla": [
        [
          1.0,
          3.2868074928416036e-09,
          -4.122679975182564e-11,
          -1.9073486328125e-06
        ],
        [
          3.286237726385366e-09,
          1.0,
          -1.2087308931540974e-10,
          0.0
        ],
        [
          -4.12340162014857e-11,
          -1.2088752221472987e-10,
          1.0,
          2.1999998092651367
        ],
        [
          0.0,
          0.0,
          0.0,
          1.0
        ]
      ],
      "matrix_ego_from_sensor_bevfusion": [
        [
          1.0,
          -3.2868074928416036e-09,
          -4.122679975182564e-11,
          -1.9073486328125e-06
        ],
        [
          -3.286237726385366e-09,
          1.0,
          1.2087308931540974e-10,
          0.0
        ],
        [
          -4.12340162014857e-11,
          1.2088752221472987e-10,
          1.0,
          2.1999998092651367
        ],
        [
          0.0,
          0.0,
          0.0,
          1.0
        ]
      ],
      "data_path": "D:\\Agent-AI\\outputs\\s3a_ml_long_v1\\sample_000015\\lidar\\LIDAR_TOP.npy",
      "raw_layout": [
        "x",
        "y",
        "z",
        "intensity"
      ]
    },
    "RADAR_FRONT": {
      "type_id": "sensor.other.radar",
      "blueprint_attributes": {
        "sensor_tick": "0.100000",
        "role_name": "default",
        "noise_seed": "0",
        "ros_name": "sensor.other.radar",
        "horizontal_fov": "35.0",
        "points_per_second": "1500",
        "vertical_fov": "20.0",
        "range": "120.0"
      },
      "transform_carla": {
        "location": {
          "x": 105.25900268554688,
          "y": -32.464080810546875,
          "z": 0.8911482095718384
        },
        "rotation": {
          "roll": 0.4276064336299896,
          "pitch": -0.14367985725402832,
          "yaw": -99.55292510986328
        }
      },
      "matrix_world_from_sensor_carla": [
        [
          -0.16595803201198578,
          0.9861083626747131,
          0.006943418178707361,
          105.25900268554688
        ],
        [
          -0.986129641532898,
          -0.1659354716539383,
          -0.003711401019245386,
          -32.464080810546875
        ],
        [
          -0.002507684053853154,
          -0.007463046815246344,
          0.9999690055847168,
          0.8911482095718384
        ],
        [
          0.0,
          0.0,
          0.0,
          1.0
        ]
      ],
      "matrix_world_from_sensor_bevfusion": [
        [
          -0.16595803201198578,
          -0.9861083626747131,
          0.006943418178707361,
          105.25900268554688
        ],
        [
          0.986129641532898,
          -0.1659354716539383,
          0.003711401019245386,
          32.464080810546875
        ],
        [
          -0.002507684053853154,
          0.007463046815246344,
          0.9999690055847168,
          0.8911482095718384
        ],
        [
          0.0,
          0.0,
          0.0,
          1.0
        ]
      ],
      "matrix_ego_from_sensor_carla": [
        [
          1.0,
          3.2868074928416036e-09,
          -4.122679975182564e-11,
          1.9999990463256836
        ],
        [
          3.286237726385366e-09,
          1.0,
          -1.2087308931540974e-10,
          0.0
        ],
        [
          -4.12340162014857e-11,
          -1.2088752221472987e-10,
          1.0,
          0.9000000357627869
        ],
        [
          0.0,
          0.0,
          0.0,
          1.0
        ]
      ],
      "matrix_ego_from_sensor_bevfusion": [
        [
          1.0,
          -3.2868074928416036e-09,
          -4.122679975182564e-11,
          1.9999990463256836
        ],
        [
          -3.286237726385366e-09,
          1.0,
          1.2087308931540974e-10,
          0.0
        ],
        [
          -4.12340162014857e-11,
          1.2088752221472987e-10,
          1.0,
          0.9000000357627869
        ],
        [
          0.0,
          0.0,
          0.0,
          1.0
        ]
      ],
      "data_path": "D:\\Agent-AI\\outputs\\s3a_ml_long_v1\\sample_000015\\radar\\RADAR_FRONT.npy",
      "raw_layout": [
        "velocity",
        "altitude",
        "azimuth",
        "depth"
      ]
    },
    "RADAR_FRONT_LEFT": {
      "type_id": "sensor.other.radar",
      "blueprint_attributes": {
        "sensor_tick": "0.100000",
        "role_name": "default",
        "noise_seed": "0",
        "ros_name": "sensor.other.radar",
        "horizontal_fov": "35.0",
        "points_per_second": "1500",
        "vertical_fov": "20.0",
        "range": "120.0"
      },
      "transform_carla": {
        "location": {
          "x": 104.57750701904297,
          "y": -31.994483947753906,
          "z": 0.8976233005523682
        },
        "rotation": {
          "roll": 0.40396010875701904,
          "pitch": 0.20076656341552734,
          "yaw": -144.55165100097656
        }
      },
      "matrix_world_from_sensor_carla": [
        [
          -0.8146336674690247,
          0.5799342393875122,
          0.006943445652723312,
          104.57750701904297
        ],
        [
          -0.5799652338027954,
          -0.8146327137947083,
          -0.0037113309372216463,
          -31.994483947753906
        ],
        [
          0.003504030406475067,
          -0.007050332147628069,
          0.9999690055847168,
          0.8976233005523682
        ],
        [
          0.0,
          0.0,
          0.0,
          1.0
        ]
      ],
      "matrix_world_from_sensor_bevfusion": [
        [
          -0.8146336674690247,
          -0.5799342393875122,
          0.006943445652723312,
          104.57750701904297
        ],
        [
          0.5799652338027954,
          -0.8146327137947083,
          0.0037113309372216463,
          31.994483947753906
        ],
        [
          0.003504030406475067,
          0.007050332147628069,
          0.9999690055847168,
          0.8976233005523682
        ],
        [
          0.0,
          0.0,
          0.0,
          1.0
        ]
      ],
      "matrix_ego_from_sensor_carla": [
        [
          0.7071071267127991,
          0.7071064114570618,
          -7.36157090841516e-08,
          1.6499996185302734
        ],
        [
          -0.7071064114570618,
          0.7071071267127991,
          1.5245948503661566e-08,
          -0.7499923706054688
        ],
        [
          6.322363788058283e-08,
          4.063831227085757e-08,
          1.0,
          0.9000001549720764
        ],
        [
          0.0,
          0.0,
          0.0,
          1.0
        ]
      ],
      "matrix_ego_from_sensor_bevfusion": [
        [
          0.7071071267127991,
          -0.7071064114570618,
          -7.36157090841516e-08,
          1.6499996185302734
        ],
        [
          0.7071064114570618,
          0.7071071267127991,
          -1.5245948503661566e-08,
          0.7499923706054688
        ],
        [
          6.322363788058283e-08,
          -4.063831227085757e-08,
          1.0,
          0.9000001549720764
        ],
        [
          0.0,
          0.0,
          0.0,
          1.0
        ]
      ],
      "data_path": "D:\\Agent-AI\\outputs\\s3a_ml_long_v1\\sample_000015\\radar\\RADAR_FRONT_LEFT.npy",
      "raw_layout": [
        "velocity",
        "altitude",
        "azimuth",
        "depth"
      ]
    },
    "RADAR_FRONT_RIGHT": {
      "type_id": "sensor.other.radar",
      "blueprint_attributes": {
        "sensor_tick": "0.100000",
        "role_name": "default",
        "noise_seed": "0",
        "ros_name": "sensor.other.radar",
        "horizontal_fov": "35.0",
        "points_per_second": "1500",
