{
  "schema_version": "stage1.v1",
  "sample_name": "sample_000054",
  "sequence_index": 54,
  "previous_sample_name": "sample_000053",
  "frame_id": 726327,
  "timestamp": 5002.594624798745,
  "platform_timestamp": 16813391.0247638,
  "delta_seconds": 0.10000000149011612,
  "town": "Carla/Maps/Town10HD_Opt",
  "weather": {
    "cloudiness": 20.0,
    "dust_storm": 0.0,
    "fog_density": 2.0,
    "fog_distance": 0.75,
    "fog_falloff": 0.10000000149011612,
    "mie_scattering_scale": 0.029999999329447746,
    "precipitation": 0.0,
    "precipitation_deposits": 0.0,
    "rayleigh_scattering_scale": 0.03310000151395798,
    "scattering_intensity": 1.0,
    "sun_altitude_angle": 45.0,
    "sun_azimuth_angle": 300.0,
    "wetness": 0.0,
    "wind_intensity": 10.0
  },
  "sensor_names": [
    "CAM_FRONT",
    "CAM_FRONT_RIGHT",
    "CAM_FRONT_LEFT",
    "CAM_BACK",
    "CAM_BACK_LEFT",
    "CAM_BACK_RIGHT",
    "LIDAR_TOP",
    "RADAR_FRONT",
    "RADAR_FRONT_LEFT",
    "RADAR_FRONT_RIGHT",
    "RADAR_BACK_LEFT",
    "RADAR_BACK_RIGHT"
  ],
  "camera_order_for_model": [
    "CAM_FRONT",
    "CAM_FRONT_RIGHT",
    "CAM_FRONT_LEFT",
    "CAM_BACK",
    "CAM_BACK_LEFT",
    "CAM_BACK_RIGHT"
  ],
  "radar_order_for_model": [
    "RADAR_FRONT",
    "RADAR_FRONT_LEFT",
    "RADAR_FRONT_RIGHT",
    "RADAR_BACK_LEFT",
    "RADAR_BACK_RIGHT"
  ],
  "coordinate_notes": {
    "carla_world": "left-handed x-forward y-right z-up",
    "bevfusion_lidar": "x-forward y-left z-up",
    "camera_frame_for_model": "OpenCV style x-right y-down z-forward"
  },
  "ego": {
    "actor_id": 49,
    "transform_carla": {
      "location": {
        "x": 103.61873626708984,
        "y": -37.35600662231445,
        "z": -0.004485015757381916
      },
      "rotation": {
        "roll": -0.0003356933011673391,
        "pitch": -0.004214226268231869,
        "yaw": -109.1600341796875
      }
    },
    "velocity_carla": [
      2.426851642667316e-05,
      5.8625864767236635e-05,
      -2.117157009706716e-06
    ],
    "angular_velocity_carla": [
      -0.01795274019241333,
      0.007625839207321405,
      9.240659892384429e-06
    ],
    "matrix_world_from_ego_carla": [
      [
        -0.3282078504562378,
        0.9446055293083191,
        -2.96747857646551e-05,
        103.61873626708984
      ],
      [
        -0.9446055293083191,
        -0.3282078504562378,
        -6.755478534614667e-05,
        -37.35600662231445
      ],
      [
        -7.355212437687442e-05,
        5.8589535001374315e-06,
        1.0,
        -0.004485015757381916
      ],
      [
        0.0,
        0.0,
        0.0,
        1.0
      ]
    ],
    "matrix_world_from_ego_bevfusion": [
      [
        -0.3282078504562378,
        -0.9446055293083191,
        -2.96747857646551e-05,
        103.61873626708984
      ],
      [
        0.9446055293083191,
        -0.3282078504562378,
        6.755478534614667e-05,
        37.35600662231445
      ],
      [
        -7.355212437687442e-05,
        -5.8589535001374315e-06,
        1.0,
        -0.004485015757381916
      ],
      [
        0.0,
        0.0,
        0.0,
        1.0
      ]
    ]
  },
  "sensors": {
    "CAM_FRONT": {
      "type_id": "sensor.camera.rgb",
      "blueprint_attributes": {
        "role_name": "front",
        "ros_name": "sensor.camera.rgb",
        "chromatic_aberration_offset": "0.0",
        "sensor_tick": "0.100000",
        "fstop": "1.4",
        "image_size_x": "960",
        "image_size_y": "540",
        "fov": "70.00",
        "lens_circle_falloff": "5.0",
        "lens_circle_multiplier": "0.0",
        "exposure_compensation": "0.0",
        "lens_y_size": "0.08",
        "lens_k": "-1.0",
        "exposure_mode": "histogram",
        "lens_kcube": "0.0",
        "lens_x_size": "0.08",
        "exposure_max_bright": "12.0",
        "shutter_speed": "200.0",
        "bloom_intensity": "0.675",
        "iso": "100.0",
        "enable_postprocess_effects": "false",
        "gamma": "2.2",
        "motion_blur_intensity": "0.0",
        "motion_blur_max_distortion": "0.35",
        "lens_flare_intensity": "0.1",
        "motion_blur_min_object_screen_size": "0.1",
        "exposure_min_bright": "10.0",
        "exposure_speed_up": "3.0",
        "exposure_speed_down": "1.0",
        "tint": "0.0",
        "calibration_constant": "16.0",
        "focal_distance": "1000.0",
        "min_fstop": "1.2",
        "blade_count": "5",
        "blur_amount": "0.0",
        "blur_radius": "0.0",
        "slope": "0.88",
        "toe": "0.55",
        "white_clip": "0.04",
        "shoulder": "0.26",
        "black_clip": "0.0",
        "temp": "6500.0",
        "chromatic_aberration_intensity": "0.0"
      },
      "transform_carla": {
        "location": {
          "x": 103.10997009277344,
          "y": -38.82025909423828,
          "z": 1.6954009532928467
        },
        "rotation": {
          "roll": -0.0003356933011673391,
          "pitch": -0.004214226268231869,
          "yaw": -109.1600341796875
        }
      },
      "matrix_world_from_sensor_carla": [
        [
          -0.3282078504562378,
          0.9446055293083191,
          -2.96747857646551e-05,
          103.10997009277344
        ],
        [
          -0.9446055293083191,
          -0.3282078504562378,
          -6.755478534614667e-05,
          -38.82025909423828
        ],
        [
          -7.355212437687442e-05,
          5.8589535001374315e-06,
          1.0,
          1.6954009532928467
        ],
        [
          0.0,
          0.0,
          0.0,
          1.0
        ]
      ],
      "matrix_world_from_sensor_bevfusion": [
        [
          0.9446055293083191,
          2.96747857646551e-05,
          -0.3282078504562378,
          103.10997009277344
        ],
        [
          0.3282078504562378,
          -6.755478534614667e-05,
          0.9446055293083191,
          38.82025909423828
        ],
        [
          5.8589535001374315e-06,
          -1.0,
          -7.355212437687442e-05,
          1.6954009532928467
        ],
        [
          0.0,
          0.0,
          0.0,
          1.0
        ]
      ],
      "matrix_ego_from_sensor_carla": [
        [
          1.0,
          6.188797474493413e-09,
          0.0,
          1.5499953031539917
        ],
        [
          6.188797030404203e-09,
          1.0,
          0.0,
          0.0
        ],
        [
          -7.275957614183426e-12,
          -4.547473508864641e-13,
          1.0,
          1.7000000476837158
        ],
        [
          0.0,
          0.0,
          0.0,
          1.0
        ]
      ],
      "matrix_ego_from_sensor_bevfusion": [
        [
          6.188797474493413e-09,
          0.0,
          1.0,
          1.5499953031539917
        ],
        [
          -1.0,
          0.0,
          -6.188797030404203e-09,
          0.0
        ],
        [
          -4.547473508864641e-13,
          -1.0,
          -7.275957614183426e-12,
          1.7000000476837158
        ],
        [
          0.0,
          0.0,
          0.0,
          1.0
        ]
      ],
      "camera_intrinsics": [
        [
          685.5110473632812,
          0.0,
          480.0
        ],
        [
          0.0,
          685.5110473632812,
          270.0
        ],
        [
          0.0,
          0.0,
          1.0
        ]
      ],
      "data_path": "D:\\Agent-AI\\outputs\\s3a_ml_long_v1\\sample_000054\\images\\CAM_FRONT.png",
      "raw_layout": "bgra8"
    },
    "CAM_FRONT_RIGHT": {
      "type_id": "sensor.camera.rgb",
      "blueprint_attributes": {
        "role_name": "front",
        "ros_name": "sensor.camera.rgb",
        "chromatic_aberration_offset": "0.0",
        "sensor_tick": "0.100000",
        "fstop": "1.4",
        "image_size_x": "960",
        "image_size_y": "540",
        "fov": "70.00",
        "lens_circle_falloff": "5.0",
        "lens_circle_multiplier": "0.0",
        "exposure_compensation": "0.0",
        "lens_y_size": "0.08",
        "lens_k": "-1.0",
        "exposure_mode": "histogram",
        "lens_kcube": "0.0",
        "lens_x_size": "0.08",
        "exposure_max_bright": "12.0",
        "shutter_speed": "200.0",
        "bloom_intensity": "0.675",
        "iso": "100.0",
        "enable_postprocess_effects": "false",
        "gamma": "2.2",
        "motion_blur_intensity": "0.0",
        "motion_blur_max_distortion": "0.35",
        "lens_flare_intensity": "0.1",
        "motion_blur_min_object_screen_size": "0.1",
        "exposure_min_bright": "10.0",
        "exposure_speed_up": "3.0",
        "exposure_speed_down": "1.0",
        "tint": "0.0",
        "calibration_constant": "16.0",
        "focal_distance": "1000.0",
        "min_fstop": "1.2",
        "blade_count": "5",
        "blur_amount": "0.0",
        "blur_radius": "0.0",
        "slope": "0.88",
        "toe": "0.55",
        "white_clip": "0.04",
        "shoulder": "0.26",
        "black_clip": "0.0",
        "temp": "6500.0",
        "chromatic_aberration_intensity": "0.0"
      },
      "transform_carla": {
        "location": {
          "x": 103.7115478515625,
          "y": -38.76462173461914,
          "z": 1.6954225301742554
        },
        "rotation": {
          "roll": -0.0036423432175070047,
          "pitch": -0.002144679194316268,
          "yaw": -54.16004943847656
        }
      },
      "matrix_world_from_sensor_carla": [
        [
          0.5855230689048767,
          0.8106557726860046,
          -2.9616965548484586e-05,
          103.7115478515625
        ],
        [
          -0.8106557726860046,
          0.5855230689048767,
          -6.756644870620221e-05,
          -38.76462173461914
        ],
        [
          -3.7431713280966505e-05,
          6.357087841024622e-05,
          1.0,
          1.6954225301742554
        ],
        [
          0.0,
          0.0,
          0.0,
          1.0
        ]
      ],
      "matrix_world_from_sensor_bevfusion": [
        [
          0.8106557726860046,
          2.9616965548484586e-05,
          0.5855230689048767,
          103.7115478515625
        ],
        [
          -0.5855230689048767,
          -6.756644870620221e-05,
          0.8106557726860046,
          38.76462173461914
        ],
        [
          6.357087841024622e-05,
          -1.0,
          -3.7431713280966505e-05,
          1.6954225301742554
        ],
        [
          0.0,
          0.0,
          0.0,
          1.0
        ]
      ],
      "matrix_ego_from_sensor_carla": [
        [
          0.5735766291618347,
          -0.8191519379615784,
          -7.959897629916668e-09,
          1.2999988794326782
        ],
        [
          0.8191518783569336,
          0.5735766887664795,
          5.8444584283279255e-08,
          0.5499954223632812
        ],
        [
          -4.330649971961975e-08,
          -4.003959475085139e-08,
          1.0,
          1.7000000476837158
        ],
        [
          0.0,
          0.0,
          0.0,
          1.0
        ]
      ],
      "matrix_ego_from_sensor_bevfusion": [
        [
          -0.8191519379615784,
          7.959897629916668e-09,
          0.5735766291618347,
          1.2999988794326782
        ],
        [
          -0.5735766887664795,
          5.8444584283279255e-08,
          -0.8191518783569336,
          -0.5499954223632812
        ],
        [
          -4.003959475085139e-08,
          -1.0,
          -4.330649971961975e-08,
          1.7000000476837158
        ],
        [
          0.0,
          0.0,
          0.0,
          1.0
        ]
      ],
      "camera_intrinsics": [
        [
          685.5110473632812,
          0.0,
          480.0
        ],
        [
          0.0,
          685.5110473632812,
          270.0
        ],
        [
          0.0,
          0.0,
          1.0
        ]
      ],
      "data_path": "D:\\Agent-AI\\outputs\\s3a_ml_long_v1\\sample_000054\\images\\CAM_FRONT_RIGHT.png",
      "raw_layout": "bgra8"
    },
    "CAM_FRONT_LEFT": {
      "type_id": "sensor.camera.rgb",
      "blueprint_attributes": {
        "role_name": "front",
        "ros_name": "sensor.camera.rgb",
        "chromatic_aberration_offset": "0.0",
        "sensor_tick": "0.100000",
        "fstop": "1.4",
        "image_size_x": "960",
        "image_size_y": "540",
        "fov": "70.00",
        "lens_circle_falloff": "5.0",
        "lens_circle_multiplier": "0.0",
        "exposure_compensation": "0.0",
        "lens_y_size": "0.08",
        "lens_k": "-1.0",
        "exposure_mode": "histogram",
        "lens_kcube": "0.0",
        "lens_x_size": "0.08",
        "exposure_max_bright": "12.0",
        "shutter_speed": "200.0",
        "bloom_intensity": "0.675",
        "iso": "100.0",
        "enable_postprocess_effects": "false",
        "gamma": "2.2",
        "motion_blur_intensity": "0.0",
        "motion_blur_max_distortion": "0.35",
        "lens_flare_intensity": "0.1",
        "motion_blur_min_object_screen_size": "0.1",
        "exposure_min_bright": "10.0",
        "exposure_speed_up": "3.0",
        "exposure_speed_down": "1.0",
        "tint": "0.0",
        "calibration_constant": "16.0",
        "focal_distance": "1000.0",
        "min_fstop": "1.2",
        "blade_count": "5",
        "blur_amount": "0.0",
        "blur_radius": "0.0",
        "slope": "0.88",
        "toe": "0.55",
        "white_clip": "0.04",
        "shoulder": "0.26",
        "black_clip": "0.0",
        "temp": "6500.0",
        "chromatic_aberration_intensity": "0.0"
      },
      "transform_carla": {
        "location": {
          "x": 102.6724853515625,
          "y": -38.40359115600586,
          "z": 1.6954162120819092
        },
        "rotation": {
          "roll": 0.003257251810282469,
          "pitch": -0.002691094297915697,
          "yaw": -164.16001892089844
        }
      },
      "matrix_world_from_sensor_carla": [
        [
          -0.9620277285575867,
          0.2729516327381134,
          -2.966772262880113e-05,
          102.6724853515625
        ],
        [
          -0.2729516327381134,
          -0.9620277285575867,
          -6.751116598024964e-05,
          -38.40359115600586
        ],
        [
          -4.6968456445029005e-05,
          -5.684976713382639e-05,
          1.0,
          1.6954162120819092
        ],
        [
          0.0,
          0.0,
          0.0,
          1.0
        ]
      ],
      "matrix_world_from_sensor_bevfusion": [
        [
          0.2729516327381134,
          2.966772262880113e-05,
          -0.9620277285575867,
          102.6724853515625
        ],
        [
          0.9620277285575867,
          -6.751116598024964e-05,
          0.2729516327381134,
          38.40359115600586
        ],
        [
          -5.684976713382639e-05,
          -1.0,
          -4.6968456445029005e-05,
          1.6954162120819092
        ],
        [
          0.0,
          0.0,
          0.0,
          1.0
        ]
      ],
      "matrix_ego_from_sensor_carla": [
        [
          0.5735766887664795,
          0.8191518187522888,
          -4.3524778448045254e-08,
          1.2999976873397827
        ],
        [
          -0.8191518187522888,
          0.5735766887664795,
          -7.644302968401462e-09,
          -0.5499954223632812
        ],
        [
          1.8699211068451405e-08,
          4.002868081443012e-08,
          1.0,
          1.7000001668930054
        ],
        [
          0.0,
          0.0,
          0.0,
          1.0
        ]
      ],
      "matrix_ego_from_sensor_bevfusion": [
        [
          0.8191518187522888,
          4.3524778448045254e-08,
          0.5735766887664795,
          1.2999976873397827
        ],
        [
          -0.5735766887664795,
          -7.644302968401462e-09,
          0.8191518187522888,
          0.5499954223632812
        ],
        [
          4.002868081443012e-08,
          -1.0,
          1.8699211068451405e-08,
          1.7000001668930054
        ],
        [
          0.0,
          0.0,
          0.0,
          1.0
        ]
      ],
      "camera_intrinsics": [
        [
          685.5110473632812,
          0.0,
          480.0
        ],
        [
          0.0,
          685.5110473632812,
          270.0
        ],
        [
          0.0,
          0.0,
          1.0
        ]
      ],
      "data_path": "D:\\Agent-AI\\outputs\\s3a_ml_long_v1\\sample_000054\\images\\CAM_FRONT_LEFT.png",
      "raw_layout": "bgra8"
    },
    "CAM_BACK": {
      "type_id": "sensor.camera.rgb",
      "blueprint_attributes": {
        "role_name": "front",
        "ros_name": "sensor.camera.rgb",
        "chromatic_aberration_offset": "0.0",
        "sensor_tick": "0.100000",
        "fstop": "1.4",
        "image_size_x": "960",
        "image_size_y": "540",
        "fov": "70.00",
        "lens_circle_falloff": "5.0",
        "lens_circle_multiplier": "0.0",
        "exposure_compensation": "0.0",
        "lens_y_size": "0.08",
        "lens_k": "-1.0",
        "exposure_mode": "histogram",
        "lens_kcube": "0.0",
        "lens_x_size": "0.08",
        "exposure_max_bright": "12.0",
        "shutter_speed": "200.0",
        "bloom_intensity": "0.675",
        "iso": "100.0",
        "enable_postprocess_effects": "false",
        "gamma": "2.2",
        "motion_blur_intensity": "0.0",
        "motion_blur_max_distortion": "0.35",
        "lens_flare_intensity": "0.1",
        "motion_blur_min_object_screen_size": "0.1",
        "exposure_min_bright": "10.0",
        "exposure_speed_up": "3.0",
        "exposure_speed_down": "1.0",
        "tint": "0.0",
        "calibration_constant": "16.0",
        "focal_distance": "1000.0",
        "min_fstop": "1.2",
        "blade_count": "5",
        "blur_amount": "0.0",
        "blur_radius": "0.0",
        "slope": "0.88",
        "toe": "0.55",
        "white_clip": "0.04",
        "shoulder": "0.26",
        "black_clip": "0.0",
        "temp": "6500.0",
        "chromatic_aberration_intensity": "0.0"
      },
      "transform_carla": {
        "location": {
          "x": 104.12741088867188,
          "y": -35.89198303222656,
          "z": 1.6956288814544678
        },
        "rotation": {
          "roll": 0.0003356945526320487,
          "pitch": 0.004214226268231869,
          "yaw": 70.8399658203125
        }
      },
      "matrix_world_from_sensor_carla": [
        [
          0.3282078802585602,
          -0.9446055293083191,
          -2.967480759252794e-05,
          104.12741088867188
        ],
        [
          0.9446055293083191,
          0.3282078802585602,
          -6.755477807018906e-05,
          -35.89198303222656
        ],
        [
          7.355212437687442e-05,
          -5.858975328010274e-06,
          1.0,
          1.6956288814544678
        ],
        [
          0.0,
          0.0,
          0.0,
          1.0
        ]
      ],
      "matrix_world_from_sensor_bevfusion": [
        [
          -0.9446055293083191,
          2.967480759252794e-05,
          0.3282078802585602,
          104.12741088867188
        ],
        [
          -0.3282078802585602,
          -6.755477807018906e-05,
          -0.9446055293083191,
          35.89198303222656
        ],
        [
          -5.858975328010274e-06,
          -1.0,
          7.355212437687442e-05,
          1.6956288814544678
        ],
        [
          0.0,
          0.0,
          0.0,
          1.0
        ]
      ],
      "matrix_ego_from_sensor_carla": [
        [
          -1.0,
          -3.43402355440503e-08,
          0.0,
          -1.5500013828277588
        ],
        [
          2.361352535729111e-08,
          -1.0,
          -2.2737367544323206e-11,
          0.0
        ],
        [
          0.0,
          -2.319211489520967e-11,
          1.0,
          1.6999999284744263
        ],
        [
          0.0,
          0.0,
          0.0,
          1.0
        ]
      ],
      "matrix_ego_from_sensor_bevfusion": [
        [
          -3.43402355440503e-08,
          0.0,
          -1.0,
          -1.5500013828277588
        ],
        [
          1.0,
          -2.2737367544323206e-11,
          -2.361352535729111e-08,
          0.0
        ],
        [
          -2.319211489520967e-11,
          -1.0,
          0.0,
          1.6999999284744263
        ],
        [
          0.0,
          0.0,
          0.0,
          1.0
        ]
      ],
      "camera_intrinsics": [
        [
          685.5110473632812,
          0.0,
          480.0
        ],
        [
          0.0,
          685.5110473632812,
          270.0
        ],
        [
          0.0,
          0.0,
          1.0
        ]
      ],
      "data_path": "D:\\Agent-AI\\outputs\\s3a_ml_long_v1\\sample_000054\\images\\CAM_BACK.png",
      "raw_layout": "bgra8"
    },
    "CAM_BACK_LEFT": {
      "type_id": "sensor.camera.rgb",
      "blueprint_attributes": {
        "role_name": "front",
        "ros_name": "sensor.camera.rgb",
        "chromatic_aberration_offset": "0.0",
        "sensor_tick": "0.100000",
        "fstop": "1.4",
        "image_size_x": "960",
        "image_size_y": "540",
        "fov": "70.00",
        "lens_circle_falloff": "5.0",
        "lens_circle_multiplier": "0.0",
        "exposure_compensation": "0.0",
        "lens_y_size": "0.08",
        "lens_k": "-1.0",
        "exposure_mode": "histogram",
        "lens_kcube": "0.0",
        "lens_x_size": "0.08",
        "exposure_max_bright": "12.0",
        "shutter_speed": "200.0",
        "bloom_intensity": "0.675",
        "iso": "100.0",
        "enable_postprocess_effects": "false",
        "gamma": "2.2",
        "motion_blur_intensity": "0.0",
        "motion_blur_max_distortion": "0.35",
        "lens_flare_intensity": "0.1",
        "motion_blur_min_object_screen_size": "0.1",
        "exposure_min_bright": "10.0",
        "exposure_speed_up": "3.0",
        "exposure_speed_down": "1.0",
        "tint": "0.0",
        "calibration_constant": "16.0",
        "focal_distance": "1000.0",
        "min_fstop": "1.2",
        "blade_count": "5",
        "blur_amount": "0.0",
        "blur_radius": "0.0",
        "slope": "0.88",
        "toe": "0.55",
        "white_clip": "0.04",
        "shoulder": "0.26",
        "black_clip": "0.0",
        "temp": "6500.0",
        "chromatic_aberration_intensity": "0.0"
      },
      "transform_carla": {
        "location": {
          "x": 103.52582550048828,
          "y": -35.9476203918457,
          "z": 1.6956074237823486
        },
        "rotation": {
          "roll": 0.003642343683168292,
          "pitch": 0.002144679194316268,
          "yaw": 125.8399429321289
        }
      },
      "matrix_world_from_sensor_carla": [
        [
          -0.5855228900909424,
          -0.8106558918952942,
          -2.961698737635743e-05,
          103.52582550048828
        ],
        [
          0.8106558918952942,
          -0.5855228900909424,
          -6.756644870620221e-05,
          -35.9476203918457
        ],
        [
          3.7431713280966505e-05,
          -6.357088568620384e-05,
          1.0,
          1.6956074237823486
        ],
        [
          0.0,
          0.0,
          0.0,
          1.0
        ]
      ],
      "matrix_world_from_sensor_bevfusion": [
        [
          -0.8106558918952942,
          2.961698737635743e-05,
          -0.5855228900909424,
          103.52582550048828
        ],
        [
          0.5855228900909424,
          -6.756644870620221e-05,
          -0.8106558918952942,
          35.9476203918457
        ],
        [
          -6.357088568620384e-05,
          -1.0,
          3.7431713280966505e-05,
          1.6956074237823486
        ],
        [
          0.0,
          0.0,
          0.0,
          1.0
        ]
      ],
      "matrix_ego_from_sensor_carla": [
        [
          -0.573576807975769,
          0.8191518187522888,
          -7.952621672302485e-09,
          -1.3000010251998901
        ],
        [
          -0.8191518187522888,
          -0.5735768675804138,
          5.842457539984025e-08,
          -0.5499954223632812
        ],
        [
          4.3291947804391384e-08,
          4.0025042835623026e-08,
          1.0,
          1.7000000476837158
        ],
        [
          0.0,
          0.0,
          0.0,
          1.0
        ]
      ],
      "matrix_ego_from_sensor_bevfusion": [
        [
          0.8191518187522888,
          7.952621672302485e-09,
          -0.573576807975769,
          -1.3000010251998901
        ],
        [
          0.5735768675804138,
          5.842457539984025e-08,
          0.8191518187522888,
          0.5499954223632812
        ],
        [
          4.0025042835623026e-08,
          -1.0,
          4.3291947804391384e-08,
          1.7000000476837158
        ],
        [
          0.0,
          0.0,
          0.0,
          1.0
        ]
      ],
      "camera_intrinsics": [
        [
          685.5110473632812,
          0.0,
          480.0
        ],
        [
          0.0,
          685.5110473632812,
          270.0
        ],
        [
          0.0,
          0.0,
          1.0
        ]
      ],
      "data_path": "D:\\Agent-AI\\outputs\\s3a_ml_long_v1\\sample_000054\\images\\CAM_BACK_LEFT.png",
      "raw_layout": "bgra8"
    },
    "CAM_BACK_RIGHT": {
      "type_id": "sensor.camera.rgb",
      "blueprint_attributes": {
        "role_name": "front",
        "ros_name": "sensor.camera.rgb",
        "chromatic_aberration_offset": "0.0",
        "sensor_tick": "0.100000",
        "fstop": "1.4",
        "image_size_x": "960",
        "image_size_y": "540",
        "fov": "70.00",
        "lens_circle_falloff": "5.0",
        "lens_circle_multiplier": "0.0",
        "exposure_compensation": "0.0",
        "lens_y_size": "0.08",
        "lens_k": "-1.0",
        "exposure_mode": "histogram",
        "lens_kcube": "0.0",
        "lens_x_size": "0.08",
        "exposure_max_bright": "12.0",
        "shutter_speed": "200.0",
        "bloom_intensity": "0.675",
        "iso": "100.0",
        "enable_postprocess_effects": "false",
        "gamma": "2.2",
        "motion_blur_intensity": "0.0",
        "motion_blur_max_distortion": "0.35",
        "lens_flare_intensity": "0.1",
        "motion_blur_min_object_screen_size": "0.1",
        "exposure_min_bright": "10.0",
        "exposure_speed_up": "3.0",
        "exposure_speed_down": "1.0",
        "tint": "0.0",
        "calibration_constant": "16.0",
        "focal_distance": "1000.0",
        "min_fstop": "1.2",
        "blade_count": "5",
        "blur_amount": "0.0",
        "blur_radius": "0.0",
        "slope": "0.88",
        "toe": "0.55",
        "white_clip": "0.04",
        "shoulder": "0.26",
        "black_clip": "0.0",
        "temp": "6500.0",
        "chromatic_aberration_intensity": "0.0"
      },
      "transform_carla": {
        "location": {
          "x": 104.56488800048828,
          "y": -36.30864715576172,
          "z": 1.6956136226654053
        },
        "rotation": {
          "roll": -0.0032572520431131124,
          "pitch": 0.002691094297915697,
          "yaw": 15.839972496032715
        }
      },
      "matrix_world_from_sensor_carla": [
        [
          0.9620277881622314,
          -0.2729514539241791,
          -2.9667731723748147e-05,
          104.56488800048828
        ],
        [
          0.2729514539241791,
          0.9620277881622314,
          -6.751116598024964e-05,
          -36.30864715576172
        ],
        [
          4.6968456445029005e-05,
          5.68497707718052e-05,
          1.0,
          1.6956136226654053
        ],
        [
          0.0,
          0.0,
          0.0,
          1.0
        ]
      ],
      "matrix_world_from_sensor_bevfusion": [
        [
          -0.2729514539241791,
          2.9667731723748147e-05,
          0.9620277881622314,
          104.56488800048828
        ],
        [
          -0.9620277881622314,
          -6.751116598024964e-05,
          -0.2729514539241791,
          36.30864715576172
        ],
        [
          5.68497707718052e-05,
          -1.0,
          4.6968456445029005e-05,
          1.6956136226654053
        ],
        [
          0.0,
          0.0,
          0.0,
          1.0
        ]
      ],
      "matrix_ego_from_sensor_carla": [
        [
          -0.5735765099525452,
          -0.8191519379615784,
          -4.3524778448045254e-08,
          -1.299999475479126
        ],
        [
          0.8191519379615784,
          -0.5735765099525452,
          -7.653397915419191e-09,
          0.5499954223632812
        ],
        [
          -1.868829713203013e-08,
          -4.00359567720443e-08,
          1.0,
          1.6999998092651367
        ],
        [
          0.0,
          0.0,
          0.0,
          1.0
        ]
      ],
      "matrix_ego_from_sensor_bevfusion": [
        [
          -0.8191519379615784,
          4.3524778448045254e-08,
          -0.5735765099525452,
          -1.299999475479126
        ],
        [
          0.5735765099525452,
          -7.653397915419191e-09,
          -0.8191519379615784,
          -0.5499954223632812
        ],
        [
          -4.00359567720443e-08,
          -1.0,
          -1.868829713203013e-08,
          1.6999998092651367
        ],
        [
          0.0,
          0.0,
          0.0,
          1.0
        ]
      ],
      "camera_intrinsics": [
        [
          685.5110473632812,
          0.0,
          480.0
        ],
        [
          0.0,
          685.5110473632812,
          270.0
        ],
        [
          0.0,
          0.0,
          1.0
        ]
      ],
      "data_path": "D:\\Agent-AI\\outputs\\s3a_ml_long_v1\\sample_000054\\images\\CAM_BACK_RIGHT.png",
      "raw_layout": "bgra8"
    },
    "LIDAR_TOP": {
      "type_id": "sensor.lidar.ray_cast",
      "blueprint_attributes": {
        "atmosphere_attenuation_rate": "0.004",
        "role_name": "front",
        "noise_seed": "0",
        "upper_fov": "10.0",
        "ros_name": "sensor.lidar.ray_cast",
        "sensor_tick": "0.100000",
        "channels": "32",
        "range": "120.0",
        "points_per_second": "360000",
        "lower_fov": "-30.0",
        "rotation_frequency": "10.000000",
        "horizontal_fov": "360.0",
        "dropoff_general_rate": "0.0",
        "dropoff_intensity_limit": "1.0",
        "noise_stddev": "0.0",
        "dropoff_zero_intensity": "0.0"
      },
      "transform_carla": {
        "location": {
          "x": 103.61866760253906,
          "y": -37.35615539550781,
          "z": 2.1955149173736572
        },
        "rotation": {
          "roll": -0.0003356933011673391,
          "pitch": -0.004214226268231869,
          "yaw": -109.1600341796875
        }
      },
      "matrix_world_from_sensor_carla": [
        [
          -0.3282078504562378,
          0.9446055293083191,
          -2.96747857646551e-05,
          103.61866760253906
        ],
        [
          -0.9446055293083191,
          -0.3282078504562378,
          -6.755478534614667e-05,
          -37.35615539550781
        ],
        [
          -7.355212437687442e-05,
          5.8589535001374315e-06,
          1.0,
          2.1955149173736572
        ],
        [
          0.0,
          0.0,
          0.0,
          1.0
        ]
      ],
      "matrix_world_from_sensor_bevfusion": [
        [
          -0.3282078504562378,
          -0.9446055293083191,
          -2.96747857646551e-05,
          103.61866760253906
        ],
        [
          0.9446055293083191,
          -0.3282078504562378,
          6.755478534614667e-05,
          37.35615539550781
        ],
        [
          -7.355212437687442e-05,
          -5.8589535001374315e-06,
          1.0,
          2.1955149173736572
        ],
        [
          0.0,
          0.0,
          0.0,
          1.0
        ]
      ],
      "matrix_ego_from_sensor_carla": [
        [
          1.0,
          6.188797474493413e-09,
          0.0,
          2.384185791015625e-07
        ],
        [
          6.188797030404203e-09,
          1.0,
          0.0,
          0.0
        ],
        [
          -7.275957614183426e-12,
          -4.547473508864641e-13,
          1.0,
          2.200000047683716
        ],
        [
          0.0,
          0.0,
          0.0,
          1.0
        ]
      ],
      "matrix_ego_from_sensor_bevfusion": [
        [
          1.0,
          -6.188797474493413e-09,
          0.0,
          2.384185791015625e-07
        ],
        [
          -6.188797030404203e-09,
          1.0,
          0.0,
          0.0
        ],
        [
          -7.275957614183426e-12,
          4.547473508864641e-13,
          1.0,
          2.200000047683716
        ],
        [
          0.0,
          0.0,
          0.0,
          1.0
        ]
      ],
      "data_path": "D:\\Agent-AI\\outputs\\s3a_ml_long_v1\\sample_000054\\lidar\\LIDAR_TOP.npy",
      "raw_layout": [
        "x",
        "y",
        "z",
        "intensity"
      ]
    },
    "RADAR_FRONT": {
      "type_id": "sensor.other.radar",
      "blueprint_attributes": {
        "sensor_tick": "0.100000",
        "role_name": "default",
        "noise_seed": "0",
        "ros_name": "sensor.other.radar",
        "horizontal_fov": "35.0",
        "points_per_second": "1500",
        "vertical_fov": "20.0",
        "range": "120.0"
      },
      "transform_carla": {
        "location": {
          "x": 102.96229553222656,
          "y": -39.245277404785156,
          "z": 0.8953679203987122
        },
        "rotation": {
          "roll": -0.0003356933011673391,
          "pitch": -0.004214226268231869,
          "yaw": -109.1600341796875
        }
      },
      "matrix_world_from_sensor_carla": [
        [
          -0.3282078504562378,
          0.9446055293083191,
          -2.96747857646551e-05,
          102.96229553222656
        ],
        [
          -0.9446055293083191,
          -0.3282078504562378,
          -6.755478534614667e-05,
          -39.245277404785156
        ],
        [
          -7.355212437687442e-05,
          5.8589535001374315e-06,
          1.0,
          0.8953679203987122
        ],
        [
          0.0,
          0.0,
          0.0,
          1.0
        ]
      ],
      "matrix_world_from_sensor_bevfusion": [
        [
          -0.3282078504562378,
          -0.9446055293083191,
          -2.96747857646551e-05,
          102.96229553222656
        ],
        [
          0.9446055293083191,
          -0.3282078504562378,
          6.755478534614667e-05,
          39.245277404785156
        ],
        [
          -7.355212437687442e-05,
          -5.8589535001374315e-06,
          1.0,
          0.8953679203987122
        ],
        [
          0.0,
          0.0,
          0.0,
          1.0
        ]
      ],
      "matrix_ego_from_sensor_carla": [
        [
          1.0,
          6.188797474493413e-09,
          0.0,
          1.9999984502792358
        ],
        [
          6.188797030404203e-09,
          1.0,
          0.0,
          0.0
        ],
        [
          -7.275957614183426e-12,
          -4.547473508864641e-13,
          1.0,
          0.9000000357627869
        ],
        [
          0.0,
          0.0,
          0.0,
          1.0
        ]
      ],
      "matrix_ego_from_sensor_bevfusion": [
        [
          1.0,
          -6.188797474493413e-09,
          0.0,
          1.9999984502792358
        ],
        [
          -6.188797030404203e-09,
          1.0,
          0.0,
          0.0
        ],
        [
          -7.275957614183426e-12,
          4.547473508864641e-13,
          1.0,
          0.9000000357627869
        ],
        [
          0.0,
          0.0,
          0.0,
          1.0
        ]
      ],
      "data_path": "D:\\Agent-AI\\outputs\\s3a_ml_long_v1\\sample_000054\\radar\\RADAR_FRONT.npy",
      "raw_layout": [
        "velocity",
        "altitude",
        "azimuth",
        "depth"
      ]
    },
    "RADAR_FRONT_LEFT": {
      "type_id": "sensor.other.radar",
      "blueprint_attributes": {
        "sensor_tick": "0.100000",
        "role_name": "default",
        "noise_seed": "0",
        "ros_name": "sensor.other.radar",
        "horizontal_fov": "35.0",
        "points_per_second": "1500",
        "vertical_fov": "20.0",
        "range": "120.0"
      },
      "transform_carla": {
        "location": {
          "x": 102.36872100830078,
          "y": -38.66851043701172,
          "z": 0.8953892588615417
        },
        "rotation": {
          "roll": 0.002740556141361594,
          "pitch": -0.0032170189078897238,
          "yaw": -154.16004943847656
        }
      },
      "matrix_world_from_sensor_carla": [
        [
          -0.9000150561332703,
          0.4358587861061096,
          -2.9685783374588937e-05,
          102.36872100830078
        ],
        [
          -0.4358587861061096,
          -0.9000150561332703,
          -6.752168701495975e-05,
          -38.66851043701172
        ],
        [
          -5.614757174043916e-05,
          -4.7831726988079026e-05,
          1.0,
          0.8953892588615417
        ],
        [
          0.0,
          0.0,
          0.0,
          1.0
        ]
      ],
      "matrix_world_from_sensor_bevfusion": [
        [
          -0.9000150561332703,
          -0.4358587861061096,
          -2.9685783374588937e-05,
          102.36872100830078
        ],
        [
          0.4358587861061096,
          -0.9000150561332703,
          6.752168701495975e-05,
          38.66851043701172
        ],
        [
          -5.614757174043916e-05,
          4.7831726988079026e-05,
          1.0,
          0.8953892588615417
        ],
        [
          0.0,
          0.0,
          0.0,
          1.0
        ]
      ],
      "matrix_ego_from_sensor_carla": [
        [
          0.7071066498756409,
          0.7071069478988647,
          -2.7655914891511202e-08,
          1.6499978303909302
        ],
        [
          -0.7071069478988647,
          0.7071066498756409,
          -2.1251707948977128e-08,
          -0.7499923706054688
        ],
        [
          4.525645636022091e-09,
          3.4582626540213823e-08,
          1.0,
          0.9000000357627869
        ],
        [
          0.0,
          0.0,
          0.0,
          1.0
        ]
      ],
      "matrix_ego_from_sensor_bevfusion": [
        [
          0.7071066498756409,
          -0.7071069478988647,
          -2.7655914891511202e-08,
          1.6499978303909302
        ],
        [
          0.7071069478988647,
          0.7071066498756409,
          2.1251707948977128e-08,
          0.7499923706054688
        ],
        [
          4.525645636022091e-09,
          -3.4582626540213823e-08,
          1.0,
          0.9000000357627869
        ],
        [
          0.0,
          0.0,
          0.0,
          1.0
        ]
      ],
      "data_path": "D:\\Agent-AI\\outputs\\s3a_ml_long_v1\\sample_000054\\radar\\RADAR_FRONT_LEFT.npy",
      "raw_layout": [
        "velocity",
        "altitude",
        "azimuth",
        "depth"
      ]
    },
    "RADAR_FRONT_RIGHT": {
      "type_id": "sensor.other.radar",
      "blueprint_attributes": {
        "sensor_tick": "0.100000",
        "role_name": "default",
        "noise_seed": "0",
        "ros_name": "sensor.other.radar",
        "horizontal_fov": "35.0",
        "points_per_second": "1500",
        "vertical_fov": "20.0",
        "range": "120.0"
      },
      "transform_carla": {
        "location": {
          "x": 103.7856216430664,
          "y": -39.16082000732422,
          "z": 0.8953980803489685
        },
        "rotation": {
          "roll": -0.0032152985222637653,
          "pitch": -0.002738905604928732,
          "yaw": -64.1600570678711
        }
      },
      "matrix_world_from_sensor_carla": [
        [
          0.4358586072921753,
          0.9000151753425598,
          -2.9671327865798958e-05,
