{
  "schema_version": "stage1.v1",
  "sample_name": "sample_000072",
  "sequence_index": 72,
  "previous_sample_name": "sample_000071",
  "frame_id": 60073,
  "timestamp": 442.21970085799694,
  "platform_timestamp": 16814594.6297444,
  "delta_seconds": 0.10000000149011612,
  "town": "Carla/Maps/Town10HD_Opt",
  "weather": {
    "cloudiness": 20.0,
    "dust_storm": 0.0,
    "fog_density": 2.0,
    "fog_distance": 0.75,
    "fog_falloff": 0.10000000149011612,
    "mie_scattering_scale": 0.029999999329447746,
    "precipitation": 0.0,
    "precipitation_deposits": 0.0,
    "rayleigh_scattering_scale": 0.03310000151395798,
    "scattering_intensity": 1.0,
    "sun_altitude_angle": 45.0,
    "sun_azimuth_angle": 300.0,
    "wetness": 0.0,
    "wind_intensity": 10.0
  },
  "sensor_names": [
    "CAM_FRONT",
    "CAM_FRONT_RIGHT",
    "CAM_FRONT_LEFT",
    "CAM_BACK",
    "CAM_BACK_LEFT",
    "CAM_BACK_RIGHT",
    "LIDAR_TOP",
    "RADAR_FRONT",
    "RADAR_FRONT_LEFT",
    "RADAR_FRONT_RIGHT",
    "RADAR_BACK_LEFT",
    "RADAR_BACK_RIGHT"
  ],
  "camera_order_for_model": [
    "CAM_FRONT",
    "CAM_FRONT_RIGHT",
    "CAM_FRONT_LEFT",
    "CAM_BACK",
    "CAM_BACK_LEFT",
    "CAM_BACK_RIGHT"
  ],
  "radar_order_for_model": [
    "RADAR_FRONT",
    "RADAR_FRONT_LEFT",
    "RADAR_FRONT_RIGHT",
    "RADAR_BACK_LEFT",
    "RADAR_BACK_RIGHT"
  ],
  "coordinate_notes": {
    "carla_world": "left-handed x-forward y-right z-up",
    "bevfusion_lidar": "x-forward y-left z-up",
    "camera_frame_for_model": "OpenCV style x-right y-down z-forward"
  },
  "ego": {
    "actor_id": 28,
    "transform_carla": {
      "location": {
        "x": 81.53194427490234,
        "y": -60.75664520263672,
        "z": -0.005787543952465057
      },
      "rotation": {
        "roll": 0.10087569057941437,
        "pitch": 0.3498491048812866,
        "yaw": -155.8469696044922
      }
    },
    "velocity_carla": [
      -3.306334972381592,
      -1.3485795259475708,
      -6.202697841217741e-05
    ],
    "angular_velocity_carla": [
      -0.49272629618644714,
      1.3500913381576538,
      -4.728222846984863
    ],
    "matrix_world_from_ego_carla": [
      [
        -0.9124388098716736,
        0.40916478633880615,
        0.006291828118264675,
        81.53194427490234
      ],
      [
        -0.4091675877571106,
        -0.9124588370323181,
        0.0008919313549995422,
        -60.75664520263672
      ],
      [
        0.006105980835855007,
        -0.0017605791799724102,
        0.9999797940254211,
        -0.005787543952465057
      ],
      [
        0.0,
        0.0,
        0.0,
        1.0
      ]
    ],
    "matrix_world_from_ego_bevfusion": [
      [
        -0.9124388098716736,
        -0.40916478633880615,
        0.006291828118264675,
        81.53194427490234
      ],
      [
        0.4091675877571106,
        -0.9124588370323181,
        -0.0008919313549995422,
        60.75664520263672
      ],
      [
        0.006105980835855007,
        0.0017605791799724102,
        0.9999797940254211,
        -0.005787543952465057
      ],
      [
        0.0,
        0.0,
        0.0,
        1.0
      ]
    ]
  },
  "sensors": {
    "CAM_FRONT": {
      "type_id": "sensor.camera.rgb",
      "blueprint_attributes": {
        "role_name": "front",
        "ros_name": "sensor.camera.rgb",
        "chromatic_aberration_offset": "0.0",
        "sensor_tick": "0.100000",
        "fstop": "1.4",
        "image_size_x": "960",
        "image_size_y": "540",
        "fov": "70.00",
        "lens_circle_falloff": "5.0",
        "lens_circle_multiplier": "0.0",
        "exposure_compensation": "0.0",
        "lens_y_size": "0.08",
        "lens_k": "-1.0",
        "exposure_mode": "histogram",
        "lens_kcube": "0.0",
        "lens_x_size": "0.08",
        "exposure_max_bright": "12.0",
        "shutter_speed": "200.0",
        "bloom_intensity": "0.675",
        "iso": "100.0",
        "enable_postprocess_effects": "false",
        "gamma": "2.2",
        "motion_blur_intensity": "0.0",
        "motion_blur_max_distortion": "0.35",
        "lens_flare_intensity": "0.1",
        "motion_blur_min_object_screen_size": "0.1",
        "exposure_min_bright": "10.0",
        "exposure_speed_up": "3.0",
        "exposure_speed_down": "1.0",
        "tint": "0.0",
        "calibration_constant": "16.0",
        "focal_distance": "1000.0",
        "min_fstop": "1.2",
        "blade_count": "5",
        "blur_amount": "0.0",
        "blur_radius": "0.0",
        "slope": "0.88",
        "toe": "0.55",
        "white_clip": "0.04",
        "shoulder": "0.26",
        "black_clip": "0.0",
        "temp": "6500.0",
        "chromatic_aberration_intensity": "0.0"
      },
      "transform_carla": {
        "location": {
          "x": 80.12836456298828,
          "y": -61.389339447021484,
          "z": 1.7036423683166504
        },
        "rotation": {
          "roll": 0.10087569057941437,
          "pitch": 0.3498491048812866,
          "yaw": -155.8469696044922
        }
      },
      "matrix_world_from_sensor_carla": [
        [
          -0.9124388098716736,
          0.40916478633880615,
          0.006291828118264675,
          80.12836456298828
        ],
        [
          -0.4091675877571106,
          -0.9124588370323181,
          0.0008919313549995422,
          -61.389339447021484
        ],
        [
          0.006105980835855007,
          -0.0017605791799724102,
          0.9999797940254211,
          1.7036423683166504
        ],
        [
          0.0,
          0.0,
          0.0,
          1.0
        ]
      ],
      "matrix_world_from_sensor_bevfusion": [
        [
          0.40916478633880615,
          -0.006291828118264675,
          -0.9124388098716736,
          80.12836456298828
        ],
        [
          0.9124588370323181,
          0.0008919313549995422,
          0.4091675877571106,
          61.389339447021484
        ],
        [
          -0.0017605791799724102,
          -0.9999797940254211,
          0.006105980835855007,
          1.7036423683166504
        ],
        [
          0.0,
          0.0,
          0.0,
          1.0
        ]
      ],
      "matrix_ego_from_sensor_carla": [
        [
          1.0,
          -3.859871977596185e-09,
          2.294758827403598e-11,
          1.5499992370605469
        ],
        [
          1.553639106255389e-09,
          1.0,
          -4.886797216885341e-11,
          0.0
        ],
        [
          2.294758827403598e-11,
          -4.887032445388684e-11,
          1.0,
          1.7000000476837158
        ],
        [
          0.0,
          0.0,
          0.0,
          1.0
        ]
      ],
      "matrix_ego_from_sensor_bevfusion": [
        [
          -3.859871977596185e-09,
          -2.294758827403598e-11,
          1.0,
          1.5499992370605469
        ],
        [
          -1.0,
          -4.886797216885341e-11,
          -1.553639106255389e-09,
          0.0
        ],
        [
          -4.887032445388684e-11,
          -1.0,
          2.294758827403598e-11,
          1.7000000476837158
        ],
        [
          0.0,
          0.0,
          0.0,
          1.0
        ]
      ],
      "camera_intrinsics": [
        [
          685.5110473632812,
          0.0,
          480.0
        ],
        [
          0.0,
          685.5110473632812,
          270.0
        ],
        [
          0.0,
          0.0,
          1.0
        ]
      ],
      "data_path": "D:\\Agent-AI\\outputs\\s3a_ml_long_v2\\sample_000072\\images\\CAM_FRONT.png",
      "raw_layout": "bgra8"
    },
    "CAM_FRONT_RIGHT": {
      "type_id": "sensor.camera.rgb",
      "blueprint_attributes": {
        "role_name": "front",
        "ros_name": "sensor.camera.rgb",
        "chromatic_aberration_offset": "0.0",
        "sensor_tick": "0.100000",
        "fstop": "1.4",
        "image_size_x": "960",
        "image_size_y": "540",
        "fov": "70.00",
        "lens_circle_falloff": "5.0",
        "lens_circle_multiplier": "0.0",
        "exposure_compensation": "0.0",
        "lens_y_size": "0.08",
        "lens_k": "-1.0",
        "exposure_mode": "histogram",
        "lens_kcube": "0.0",
        "lens_x_size": "0.08",
        "exposure_max_bright": "12.0",
        "shutter_speed": "200.0",
        "bloom_intensity": "0.675",
        "iso": "100.0",
        "enable_postprocess_effects": "false",
        "gamma": "2.2",
        "motion_blur_intensity": "0.0",
        "motion_blur_max_distortion": "0.35",
        "lens_flare_intensity": "0.1",
        "motion_blur_min_object_screen_size": "0.1",
        "exposure_min_bright": "10.0",
        "exposure_speed_up": "3.0",
        "exposure_speed_down": "1.0",
        "tint": "0.0",
        "calibration_constant": "16.0",
        "focal_distance": "1000.0",
        "min_fstop": "1.2",
        "blade_count": "5",
        "blur_amount": "0.0",
        "blur_radius": "0.0",
        "slope": "0.88",
        "toe": "0.55",
        "white_clip": "0.04",
        "shoulder": "0.26",
        "black_clip": "0.0",
        "temp": "6500.0",
        "chromatic_aberration_intensity": "0.0"
      },
      "transform_carla": {
        "location": {
          "x": 80.58151245117188,
          "y": -61.78889846801758,
          "z": 1.7011475563049316
        },
        "rotation": {
          "roll": 0.34443938732147217,
          "pitch": 0.11803249269723892,
          "yaw": -100.84693908691406
        }
      },
      "matrix_world_from_sensor_carla": [
        [
          -0.18818554282188416,
          0.9821133017539978,
          0.006291825324296951,
          80.58151245117188
        ],
        [
          -0.98213130235672,
          -0.18819470703601837,
          0.0008919193642213941,
          -61.78889846801758
        ],
        [
          0.002060054102912545,
          -0.006011552177369595,
          0.9999797940254211,
          1.7011475563049316
        ],
        [
          0.0,
          0.0,
          0.0,
          1.0
        ]
      ],
      "matrix_world_from_sensor_bevfusion": [
        [
          0.9821133017539978,
          -0.006291825324296951,
          -0.18818554282188416,
          80.58151245117188
        ],
        [
          0.18819470703601837,
          0.0008919193642213941,
          0.98213130235672,
          61.78889846801758
        ],
        [
          -0.006011552177369595,
          -0.9999797940254211,
          0.002060054102912545,
          1.7011475563049316
        ],
        [
          0.0,
          0.0,
          0.0,
          1.0
        ]
      ],
      "matrix_ego_from_sensor_carla": [
        [
          0.5735766887664795,
          -0.8191518187522888,
          7.47352846275362e-09,
          1.3000030517578125
        ],
        [
          0.8191518187522888,
          0.5735766887664795,
          9.962850100464493e-09,
          0.5499954223632812
        ],
        [
          -1.2521570447177055e-08,
          3.973357753928042e-10,
          1.0,
          1.7000000476837158
        ],
        [
          0.0,
          0.0,
          0.0,
          1.0
        ]
      ],
      "matrix_ego_from_sensor_bevfusion": [
        [
          -0.8191518187522888,
          -7.47352846275362e-09,
          0.5735766887664795,
          1.3000030517578125
        ],
        [
          -0.5735766887664795,
          9.962850100464493e-09,
          -0.8191518187522888,
          -0.5499954223632812
        ],
        [
          3.973357753928042e-10,
          -1.0,
          -1.2521570447177055e-08,
          1.7000000476837158
        ],
        [
          0.0,
          0.0,
          0.0,
          1.0
        ]
      ],
      "camera_intrinsics": [
        [
          685.5110473632812,
          0.0,
          480.0
        ],
        [
          0.0,
          685.5110473632812,
          270.0
        ],
        [
          0.0,
          0.0,
          1.0
        ]
      ],
      "data_path": "D:\\Agent-AI\\outputs\\s3a_ml_long_v2\\sample_000072\\images\\CAM_FRONT_RIGHT.png",
      "raw_layout": "bgra8"
    },
    "CAM_FRONT_LEFT": {
      "type_id": "sensor.camera.rgb",
      "blueprint_attributes": {
        "role_name": "front",
        "ros_name": "sensor.camera.rgb",
        "chromatic_aberration_offset": "0.0",
        "sensor_tick": "0.100000",
        "fstop": "1.4",
        "image_size_x": "960",
        "image_size_y": "540",
        "fov": "70.00",
        "lens_circle_falloff": "5.0",
        "lens_circle_multiplier": "0.0",
        "exposure_compensation": "0.0",
        "lens_y_size": "0.08",
        "lens_k": "-1.0",
        "exposure_mode": "histogram",
        "lens_kcube": "0.0",
        "lens_x_size": "0.08",
        "exposure_max_bright": "12.0",
        "shutter_speed": "200.0",
        "bloom_intensity": "0.675",
        "iso": "100.0",
        "enable_postprocess_effects": "false",
        "gamma": "2.2",
        "motion_blur_intensity": "0.0",
        "motion_blur_max_distortion": "0.35",
        "lens_flare_intensity": "0.1",
        "motion_blur_min_object_screen_size": "0.1",
        "exposure_min_bright": "10.0",
        "exposure_speed_up": "3.0",
        "exposure_speed_down": "1.0",
        "tint": "0.0",
        "calibration_constant": "16.0",
        "focal_distance": "1000.0",
        "min_fstop": "1.2",
        "blade_count": "5",
        "blur_amount": "0.0",
        "blur_radius": "0.0",
        "slope": "0.88",
        "toe": "0.55",
        "white_clip": "0.04",
        "shoulder": "0.26",
        "black_clip": "0.0",
        "temp": "6500.0",
        "chromatic_aberration_intensity": "0.0"
      },
      "transform_carla": {
        "location": {
          "x": 80.13143157958984,
          "y": -60.785194396972656,
          "z": 1.7030842304229736
        },
        "rotation": {
          "roll": -0.22872237861156464,
          "pitch": 0.28329575061798096,
          "yaw": 149.15213012695312
        }
      },
      "matrix_world_from_sensor_carla": [
        [
          -0.8585212826728821,
          -0.512739360332489,
          0.006291823927313089,
          80.13143157958984
        ],
        [
          0.5127541422843933,
          -0.8585350513458252,
          0.0008919297251850367,
          -60.785194396972656
        ],
        [
          0.0049444236792624,
          0.0039918990805745125,
          0.9999797940254211,
          1.7030842304229736
        ],
        [
          0.0,
          0.0,
          0.0,
          1.0
        ]
      ],
      "matrix_world_from_sensor_bevfusion": [
        [
          -0.512739360332489,
          -0.006291823927313089,
          -0.8585212826728821,
          80.13143157958984
        ],
        [
          0.8585350513458252,
          0.0008919297251850367,
          -0.5127541422843933,
          60.785194396972656
        ],
        [
          0.0039918990805745125,
          -0.9999797940254211,
          0.0049444236792624,
          1.7030842304229736
        ],
        [
          0.0,
          0.0,
          0.0,
          1.0
        ]
      ],
      "matrix_ego_from_sensor_carla": [
        [
          0.5735759735107422,
          0.8191524147987366,
          4.679560294817975e-09,
          1.2999992370605469
        ],
        [
          -0.8191524147987366,
          0.5735759139060974,
          -2.8169860888382914e-10,
          -0.5500030517578125
        ],
        [
          -2.5836901507148013e-09,
          -3.826098993187088e-09,
          1.0,
          1.7000000476837158
        ],
        [
          0.0,
          0.0,
          0.0,
          1.0
        ]
      ],
      "matrix_ego_from_sensor_bevfusion": [
        [
          0.8191524147987366,
          -4.679560294817975e-09,
          0.5735759735107422,
          1.2999992370605469
        ],
        [
          -0.5735759139060974,
          -2.8169860888382914e-10,
          0.8191524147987366,
          0.5500030517578125
        ],
        [
          -3.826098993187088e-09,
          -1.0,
          -2.5836901507148013e-09,
          1.7000000476837158
        ],
        [
          0.0,
          0.0,
          0.0,
          1.0
        ]
      ],
      "camera_intrinsics": [
        [
          685.5110473632812,
          0.0,
          480.0
        ],
        [
          0.0,
          685.5110473632812,
          270.0
        ],
        [
          0.0,
          0.0,
          1.0
        ]
      ],
      "data_path": "D:\\Agent-AI\\outputs\\s3a_ml_long_v2\\sample_000072\\images\\CAM_FRONT_LEFT.png",
      "raw_layout": "bgra8"
    },
    "CAM_BACK": {
      "type_id": "sensor.camera.rgb",
      "blueprint_attributes": {
        "role_name": "front",
        "ros_name": "sensor.camera.rgb",
        "chromatic_aberration_offset": "0.0",
        "sensor_tick": "0.100000",
        "fstop": "1.4",
        "image_size_x": "960",
        "image_size_y": "540",
        "fov": "70.00",
        "lens_circle_falloff": "5.0",
        "lens_circle_multiplier": "0.0",
        "exposure_compensation": "0.0",
        "lens_y_size": "0.08",
        "lens_k": "-1.0",
        "exposure_mode": "histogram",
        "lens_kcube": "0.0",
        "lens_x_size": "0.08",
        "exposure_max_bright": "12.0",
        "shutter_speed": "200.0",
        "bloom_intensity": "0.675",
        "iso": "100.0",
        "enable_postprocess_effects": "false",
        "gamma": "2.2",
        "motion_blur_intensity": "0.0",
        "motion_blur_max_distortion": "0.35",
        "lens_flare_intensity": "0.1",
        "motion_blur_min_object_screen_size": "0.1",
        "exposure_min_bright": "10.0",
        "exposure_speed_up": "3.0",
        "exposure_speed_down": "1.0",
        "tint": "0.0",
        "calibration_constant": "16.0",
        "focal_distance": "1000.0",
        "min_fstop": "1.2",
        "blade_count": "5",
        "blur_amount": "0.0",
        "blur_radius": "0.0",
        "slope": "0.88",
        "toe": "0.55",
        "white_clip": "0.04",
        "shoulder": "0.26",
        "black_clip": "0.0",
        "temp": "6500.0",
        "chromatic_aberration_intensity": "0.0"
      },
      "transform_carla": {
        "location": {
          "x": 82.95692443847656,
          "y": -60.12091827392578,
          "z": 1.6847138404846191
        },
        "rotation": {
          "roll": -0.10087580233812332,
          "pitch": -0.3498491048812866,
          "yaw": 24.153026580810547
        }
      },
      "matrix_world_from_sensor_carla": [
        [
          0.9124388098716736,
          -0.4091646671295166,
          0.0062918285839259624,
          82.95692443847656
        ],
        [
          0.40916746854782104,
          0.9124588370323181,
          0.000891928793862462,
          -60.12091827392578
        ],
        [
          -0.006105980835855007,
          0.0017605811590328813,
          0.9999797940254211,
          1.6847138404846191
        ],
        [
          0.0,
          0.0,
          0.0,
          1.0
        ]
      ],
      "matrix_world_from_sensor_bevfusion": [
        [
          -0.4091646671295166,
          -0.0062918285839259624,
          0.9124388098716736,
          82.95692443847656
        ],
        [
          -0.9124588370323181,
          0.000891928793862462,
          -0.40916746854782104,
          60.12091827392578
        ],
        [
          0.0017605811590328813,
          -0.9999797940254211,
          -0.006105980835855007,
          1.6847138404846191
        ],
        [
          0.0,
          0.0,
          0.0,
          1.0
        ]
      ],
      "matrix_ego_from_sensor_carla": [
        [
          -0.9999999403953552,
          -1.153373361262311e-07,
          4.886088755817752e-10,
          -1.5499992370605469
        ],
        [
          1.0722011012376242e-07,
          -0.9999999403953552,
          2.512269059451455e-09,
          0.0
        ],
        [
          -2.294758827403598e-11,
          2.7263826751777742e-09,
          1.0,
          1.7000000476837158
        ],
        [
          0.0,
          0.0,
          0.0,
          1.0
        ]
      ],
      "matrix_ego_from_sensor_bevfusion": [
        [
          -1.153373361262311e-07,
          -4.886088755817752e-10,
          -0.9999999403953552,
          -1.5499992370605469
        ],
        [
          0.9999999403953552,
          2.512269059451455e-09,
          -1.0722011012376242e-07,
          0.0
        ],
        [
          2.7263826751777742e-09,
          -1.0,
          -2.294758827403598e-11,
          1.7000000476837158
        ],
        [
          0.0,
          0.0,
          0.0,
          1.0
        ]
      ],
      "camera_intrinsics": [
        [
          685.5110473632812,
          0.0,
          480.0
        ],
        [
          0.0,
          685.5110473632812,
          270.0
        ],
        [
          0.0,
          0.0,
          1.0
        ]
      ],
      "data_path": "D:\\Agent-AI\\outputs\\s3a_ml_long_v2\\sample_000072\\images\\CAM_BACK.png",
      "raw_layout": "bgra8"
    },
    "CAM_BACK_LEFT": {
      "type_id": "sensor.camera.rgb",
      "blueprint_attributes": {
        "role_name": "front",
        "ros_name": "sensor.camera.rgb",
        "chromatic_aberration_offset": "0.0",
        "sensor_tick": "0.100000",
        "fstop": "1.4",
        "image_size_x": "960",
        "image_size_y": "540",
        "fov": "70.00",
        "lens_circle_falloff": "5.0",
        "lens_circle_multiplier": "0.0",
        "exposure_compensation": "0.0",
        "lens_y_size": "0.08",
        "lens_k": "-1.0",
        "exposure_mode": "histogram",
        "lens_kcube": "0.0",
        "lens_x_size": "0.08",
        "exposure_max_bright": "12.0",
        "shutter_speed": "200.0",
        "bloom_intensity": "0.675",
        "iso": "100.0",
        "enable_postprocess_effects": "false",
        "gamma": "2.2",
        "motion_blur_intensity": "0.0",
        "motion_blur_max_distortion": "0.35",
        "lens_flare_intensity": "0.1",
        "motion_blur_min_object_screen_size": "0.1",
        "exposure_min_bright": "10.0",
        "exposure_speed_up": "3.0",
        "exposure_speed_down": "1.0",
        "tint": "0.0",
        "calibration_constant": "16.0",
        "focal_distance": "1000.0",
        "min_fstop": "1.2",
        "blade_count": "5",
        "blur_amount": "0.0",
        "blur_radius": "0.0",
        "slope": "0.88",
        "toe": "0.55",
        "white_clip": "0.04",
        "shoulder": "0.26",
        "black_clip": "0.0",
        "temp": "6500.0",
        "chromatic_aberration_intensity": "0.0"
      },
      "transform_carla": {
        "location": {
          "x": 82.50376892089844,
          "y": -59.72135543823242,
          "z": 1.687208652496338
        },
        "rotation": {
          "roll": -0.34443938732147217,
          "pitch": -0.11803249269723892,
          "yaw": 79.1530532836914
        }
      },
      "matrix_world_from_sensor_carla": [
        [
          0.1881856918334961,
          -0.9821133017539978,
          0.006291825324296951,
          82.50376892089844
        ],
        [
          0.98213130235672,
          0.1881948560476303,
          0.0008919184328988194,
          -59.72135543823242
        ],
        [
          -0.002060054102912545,
          0.006011552177369595,
          0.9999797940254211,
          1.687208652496338
        ],
        [
          0.0,
          0.0,
          0.0,
          1.0
        ]
      ],
      "matrix_world_from_sensor_bevfusion": [
        [
          -0.9821133017539978,
          -0.006291825324296951,
          0.1881856918334961,
          82.50376892089844
        ],
        [
          -0.1881948560476303,
          0.0008919184328988194,
          -0.98213130235672,
          59.72135543823242
        ],
        [
          0.006011552177369595,
          -0.9999797940254211,
          -0.002060054102912545,
          1.687208652496338
        ],
        [
          0.0,
          0.0,
          0.0,
          1.0
        ]
      ],
      "matrix_ego_from_sensor_carla": [
        [
          -0.573576807975769,
          0.819151759147644,
          7.47352846275362e-09,
          -1.2999954223632812
        ],
        [
          -0.819151759147644,
          -0.573576807975769,
          1.0777757353253037e-08,
          -0.5500030517578125
        ],
        [
          1.3452893021792534e-08,
          -3.973357753928042e-10,
          1.0,
          1.7000000476837158
        ],
        [
          0.0,
          0.0,
          0.0,
          1.0
        ]
      ],
      "matrix_ego_from_sensor_bevfusion": [
        [
          0.819151759147644,
          -7.47352846275362e-09,
          -0.573576807975769,
          -1.2999954223632812
        ],
        [
          0.573576807975769,
          1.0777757353253037e-08,
          0.819151759147644,
          0.5500030517578125
        ],
        [
          -3.973357753928042e-10,
          -1.0,
          1.3452893021792534e-08,
          1.7000000476837158
        ],
        [
          0.0,
          0.0,
          0.0,
          1.0
        ]
      ],
      "camera_intrinsics": [
        [
          685.5110473632812,
          0.0,
          480.0
        ],
        [
          0.0,
          685.5110473632812,
          270.0
        ],
        [
          0.0,
          0.0,
          1.0
        ]
      ],
      "data_path": "D:\\Agent-AI\\outputs\\s3a_ml_long_v2\\sample_000072\\images\\CAM_BACK_LEFT.png",
      "raw_layout": "bgra8"
    },
    "CAM_BACK_RIGHT": {
      "type_id": "sensor.camera.rgb",
      "blueprint_attributes": {
        "role_name": "front",
        "ros_name": "sensor.camera.rgb",
        "chromatic_aberration_offset": "0.0",
        "sensor_tick": "0.100000",
        "fstop": "1.4",
        "image_size_x": "960",
        "image_size_y": "540",
        "fov": "70.00",
        "lens_circle_falloff": "5.0",
        "lens_circle_multiplier": "0.0",
        "exposure_compensation": "0.0",
        "lens_y_size": "0.08",
        "lens_k": "-1.0",
        "exposure_mode": "histogram",
        "lens_kcube": "0.0",
        "lens_x_size": "0.08",
        "exposure_max_bright": "12.0",
        "shutter_speed": "200.0",
        "bloom_intensity": "0.675",
        "iso": "100.0",
        "enable_postprocess_effects": "false",
        "gamma": "2.2",
        "motion_blur_intensity": "0.0",
        "motion_blur_max_distortion": "0.35",
        "lens_flare_intensity": "0.1",
        "motion_blur_min_object_screen_size": "0.1",
        "exposure_min_bright": "10.0",
        "exposure_speed_up": "3.0",
        "exposure_speed_down": "1.0",
        "tint": "0.0",
        "calibration_constant": "16.0",
        "focal_distance": "1000.0",
        "min_fstop": "1.2",
        "blade_count": "5",
        "blur_amount": "0.0",
        "blur_radius": "0.0",
        "slope": "0.88",
        "toe": "0.55",
        "white_clip": "0.04",
        "shoulder": "0.26",
        "black_clip": "0.0",
        "temp": "6500.0",
        "chromatic_aberration_intensity": "0.0"
      },
      "transform_carla": {
        "location": {
          "x": 82.953857421875,
          "y": -60.72506332397461,
          "z": 1.685271978378296
        },
        "rotation": {
          "roll": 0.22872239351272583,
          "pitch": -0.28329575061798096,
          "yaw": -30.847854614257812
        }
      },
      "matrix_world_from_sensor_carla": [
        [
          0.8585214614868164,
          0.5127390623092651,
          0.006291823461651802,
          82.953857421875
        ],
        [
          -0.5127538442611694,
          0.8585352301597595,
          0.0008919320534914732,
          -60.72506332397461
        ],
        [
          -0.0049444236792624,
          -0.0039918990805745125,
          0.9999797940254211,
          1.685271978378296
        ],
        [
          0.0,
          0.0,
          0.0,
          1.0
        ]
      ],
      "matrix_world_from_sensor_bevfusion": [
        [
          0.5127390623092651,
          -0.006291823461651802,
          0.8585214614868164,
          82.953857421875
        ],
        [
          -0.8585352301597595,
          0.0008919320534914732,
          0.5127538442611694,
          60.72506332397461
        ],
        [
          -0.0039918990805745125,
          -0.9999797940254211,
          -0.0049444236792624,
          1.685271978378296
        ],
        [
          0.0,
          0.0,
          0.0,
          1.0
        ]
      ],
      "matrix_ego_from_sensor_carla": [
        [
          -0.5735762715339661,
          -0.8191521763801575,
          4.213899007510236e-09,
          -1.2999954223632812
        ],
        [
          0.8191521763801575,
          -0.5735762119293213,
          -2.6100051009336767e-09,
          0.5500030517578125
        ],
        [
          4.446335299945758e-09,
          2.4291151312638704e-09,
          1.0,
          1.7000000476837158
        ],
        [
          0.0,
          0.0,
          0.0,
          1.0
        ]
      ],
      "matrix_ego_from_sensor_bevfusion": [
        [
          -0.8191521763801575,
          -4.213899007510236e-09,
          -0.5735762715339661,
          -1.2999954223632812
        ],
        [
          0.5735762119293213,
          -2.6100051009336767e-09,
          -0.8191521763801575,
          -0.5500030517578125
        ],
        [
          2.4291151312638704e-09,
          -1.0,
          4.446335299945758e-09,
          1.7000000476837158
        ],
        [
          0.0,
          0.0,
          0.0,
          1.0
        ]
      ],
      "camera_intrinsics": [
        [
          685.5110473632812,
          0.0,
          480.0
        ],
        [
          0.0,
          685.5110473632812,
          270.0
        ],
        [
          0.0,
          0.0,
          1.0
        ]
      ],
      "data_path": "D:\\Agent-AI\\outputs\\s3a_ml_long_v2\\sample_000072\\images\\CAM_BACK_RIGHT.png",
      "raw_layout": "bgra8"
    },
    "LIDAR_TOP": {
      "type_id": "sensor.lidar.ray_cast",
      "blueprint_attributes": {
        "atmosphere_attenuation_rate": "0.004",
        "role_name": "front",
        "noise_seed": "0",
        "upper_fov": "10.0",
        "ros_name": "sensor.lidar.ray_cast",
        "sensor_tick": "0.100000",
        "channels": "32",
        "range": "120.0",
        "points_per_second": "360000",
        "lower_fov": "-30.0",
        "rotation_frequency": "10.000000",
        "horizontal_fov": "360.0",
        "dropoff_general_rate": "0.0",
        "dropoff_intensity_limit": "1.0",
        "noise_stddev": "0.0",
        "dropoff_zero_intensity": "0.0"
      },
      "transform_carla": {
        "location": {
          "x": 81.54579162597656,
          "y": -60.75468063354492,
          "z": 2.1941680908203125
        },
        "rotation": {
          "roll": 0.10087569057941437,
          "pitch": 0.3498491048812866,
          "yaw": -155.8469696044922
        }
      },
      "matrix_world_from_sensor_carla": [
        [
          -0.9124388098716736,
          0.40916478633880615,
          0.006291828118264675,
          81.54579162597656
        ],
        [
          -0.4091675877571106,
          -0.9124588370323181,
          0.0008919313549995422,
          -60.75468063354492
        ],
        [
          0.006105980835855007,
          -0.0017605791799724102,
          0.9999797940254211,
          2.1941680908203125
        ],
        [
          0.0,
          0.0,
          0.0,
          1.0
        ]
      ],
      "matrix_world_from_sensor_bevfusion": [
        [
          -0.9124388098716736,
          -0.40916478633880615,
          0.006291828118264675,
          81.54579162597656
        ],
        [
          0.4091675877571106,
          -0.9124588370323181,
          -0.0008919313549995422,
          60.75468063354492
        ],
        [
          0.006105980835855007,
          0.0017605791799724102,
          0.9999797940254211,
          2.1941680908203125
        ],
        [
          0.0,
          0.0,
          0.0,
          1.0
        ]
      ],
      "matrix_ego_from_sensor_carla": [
        [
          1.0,
          -3.859871977596185e-09,
          2.294758827403598e-11,
          -7.62939453125e-06
        ],
        [
          1.553639106255389e-09,
          1.0,
          -4.886797216885341e-11,
          0.0
        ],
        [
          2.294758827403598e-11,
          -4.887032445388684e-11,
          1.0,
          2.200000047683716
        ],
        [
          0.0,
          0.0,
          0.0,
          1.0
        ]
      ],
      "matrix_ego_from_sensor_bevfusion": [
        [
          1.0,
          3.859871977596185e-09,
          2.294758827403598e-11,
          -7.62939453125e-06
        ],
        [
          -1.553639106255389e-09,
          1.0,
          4.886797216885341e-11,
          0.0
        ],
        [
          2.294758827403598e-11,
          4.887032445388684e-11,
          1.0,
          2.200000047683716
        ],
        [
          0.0,
          0.0,
          0.0,
          1.0
        ]
      ],
      "data_path": "D:\\Agent-AI\\outputs\\s3a_ml_long_v2\\sample_000072\\lidar\\LIDAR_TOP.npy",
      "raw_layout": [
        "x",
        "y",
        "z",
        "intensity"
      ]
    },
    "RADAR_FRONT": {
      "type_id": "sensor.other.radar",
      "blueprint_attributes": {
        "sensor_tick": "0.100000",
        "role_name": "default",
        "noise_seed": "0",
        "ros_name": "sensor.other.radar",
        "horizontal_fov": "35.0",
        "points_per_second": "1500",
        "vertical_fov": "20.0",
        "range": "120.0"
      },
      "transform_carla": {
        "location": {
          "x": 79.71273040771484,
          "y": -61.57417678833008,
          "z": 0.9064062237739563
        },
        "rotation": {
          "roll": 0.10087569057941437,
          "pitch": 0.3498491048812866,
          "yaw": -155.8469696044922
        }
      },
      "matrix_world_from_sensor_carla": [
        [
          -0.9124388098716736,
          0.40916478633880615,
          0.006291828118264675,
          79.71273040771484
        ],
        [
          -0.4091675877571106,
          -0.9124588370323181,
          0.0008919313549995422,
          -61.57417678833008
        ],
        [
          0.006105980835855007,
          -0.0017605791799724102,
          0.9999797940254211,
          0.9064062237739563
        ],
        [
          0.0,
          0.0,
          0.0,
          1.0
        ]
      ],
      "matrix_world_from_sensor_bevfusion": [
        [
          -0.9124388098716736,
          -0.40916478633880615,
          0.006291828118264675,
          79.71273040771484
        ],
        [
          0.4091675877571106,
          -0.9124588370323181,
          -0.0008919313549995422,
          61.57417678833008
        ],
        [
          0.006105980835855007,
          0.0017605791799724102,
          0.9999797940254211,
          0.9064062237739563
        ],
        [
          0.0,
          0.0,
          0.0,
          1.0
        ]
      ],
      "matrix_ego_from_sensor_carla": [
        [
          1.0,
          -3.859871977596185e-09,
          2.294758827403598e-11,
          2.0000038146972656
        ],
        [
          1.553639106255389e-09,
          1.0,
          -4.886797216885341e-11,
          0.0
        ],
        [
          2.294758827403598e-11,
          -4.887032445388684e-11,
          1.0,
          0.8999999761581421
        ],
        [
          0.0,
          0.0,
          0.0,
          1.0
        ]
      ],
      "matrix_ego_from_sensor_bevfusion": [
        [
          1.0,
          3.859871977596185e-09,
          2.294758827403598e-11,
          2.0000038146972656
        ],
        [
          -1.553639106255389e-09,
          1.0,
          4.886797216885341e-11,
          0.0
        ],
        [
          2.294758827403598e-11,
          4.887032445388684e-11,
          1.0,
          0.8999999761581421
        ],
        [
          0.0,
          0.0,
          0.0,
          1.0
        ]
      ],
      "data_path": "D:\\Agent-AI\\outputs\\s3a_ml_long_v2\\sample_000072\\radar\\RADAR_FRONT.npy",
      "raw_layout": [
        "velocity",
        "altitude",
        "azimuth",
        "depth"
      ]
    },
    "RADAR_FRONT_LEFT": {
      "type_id": "sensor.other.radar",
      "blueprint_attributes": {
        "sensor_tick": "0.100000",
        "role_name": "default",
        "noise_seed": "0",
        "ros_name": "sensor.other.radar",
        "horizontal_fov": "35.0",
        "points_per_second": "1500",
        "vertical_fov": "20.0",
        "range": "120.0"
      },
      "transform_carla": {
        "location": {
          "x": 79.72521209716797,
          "y": -60.74662399291992,
          "z": 0.9055895805358887
        },
        "rotation": {
          "roll": -0.17605356872081757,
          "pitch": 0.3187102675437927,
          "yaw": 159.15223693847656
        }
      },
      "matrix_world_from_sensor_carla": [
        [
          -0.9345148205757141,
          -0.3558685779571533,
          0.006291843019425869,
          79.72521209716797
        ],
        [
          0.3558807075023651,
          -0.9345309734344482,
          0.000891924137249589,
          -60.74662399291992
        ],
        [
          0.005562514532357454,
          0.0030726618133485317,
          0.9999797940254211,
          0.9055895805358887
        ],
        [
          0.0,
          0.0,
          0.0,
          1.0
        ]
      ],
      "matrix_world_from_sensor_bevfusion": [
        [
          -0.9345148205757141,
          0.3558685779571533,
          0.006291843019425869,
          79.72521209716797
        ],
        [
          -0.3558807075023651,
          -0.9345309734344482,
          -0.000891924137249589,
          60.74662399291992
        ],
        [
          0.005562514532357454,
          -0.0030726618133485317,
          0.9999797940254211,
          0.9055895805358887
        ],
        [
          0.0,
          0.0,
          0.0,
          1.0
        ]
      ],
      "matrix_ego_from_sensor_carla": [
        [
          0.7071067094802856,
          0.70710688829422,
          -1.115292302955595e-08,
          1.6500015258789062
        ],
        [
          -0.7071067690849304,
          0.7071066498756409,
          1.2756817824310929e-08,
          -0.75
        ],
        [
          1.659214987626001e-08,
          -1.782989755838571e-09,
          1.0,
          0.8999999761581421
        ],
        [
          0.0,
          0.0,
          0.0,
          1.0
        ]
      ],
      "matrix_ego_from_sensor_bevfusion": [
        [
          0.7071067094802856,
          -0.70710688829422,
          -1.115292302955595e-08,
          1.6500015258789062
        ],
        [
          0.7071067690849304,
          0.7071066498756409,
          -1.2756817824310929e-08,
          0.75
        ],
        [
          1.659214987626001e-08,
          1.782989755838571e-09,
          1.0,
          0.8999999761581421
        ],
        [
          0.0,
          0.0,
          0.0,
          1.0
        ]
      ],
      "data_path": "D:\\Agent-AI\\outputs\\s3a_ml_long_v2\\sample_000072\\radar\\RADAR_FRONT_LEFT.npy",
      "raw_layout": [
        "velocity",
        "altitude",
        "azimuth",
        "depth"
      ]
    },
    "RADAR_FRONT_RIGHT": {
      "type_id": "sensor.other.radar",
      "blueprint_attributes": {
        "sensor_tick": "0.100000",
        "role_name": "default",
        "noise_seed": "0",
        "ros_name": "sensor.other.radar",
        "horizontal_fov": "35.0",
        "points_per_second": "1500",
        "vertical_fov": "20.0",
        "range": "120.0"
      },
      "transform_carla": {
