{
  "schema_version": "stage1.v1",
  "sample_name": "sample_000007",
  "sequence_index": 7,
  "previous_sample_name": "sample_000006",
  "frame_id": 2184,
  "timestamp": 33.24063229933381,
  "platform_timestamp": 16781864.5551232,
  "delta_seconds": 0.05000000074505806,
  "town": "Carla/Maps/Town10HD_Opt",
  "weather": {
    "cloudiness": 20.0,
    "dust_storm": 0.0,
    "fog_density": 2.0,
    "fog_distance": 0.75,
    "fog_falloff": 0.10000000149011612,
    "mie_scattering_scale": 0.029999999329447746,
    "precipitation": 0.0,
    "precipitation_deposits": 0.0,
    "rayleigh_scattering_scale": 0.03310000151395798,
    "scattering_intensity": 1.0,
    "sun_altitude_angle": 45.0,
    "sun_azimuth_angle": 300.0,
    "wetness": 0.0,
    "wind_intensity": 10.0
  },
  "sensor_names": [
    "CAM_FRONT",
    "CAM_FRONT_RIGHT",
    "CAM_FRONT_LEFT",
    "CAM_BACK",
    "CAM_BACK_LEFT",
    "CAM_BACK_RIGHT",
    "LIDAR_TOP",
    "RADAR_FRONT",
    "RADAR_FRONT_LEFT",
    "RADAR_FRONT_RIGHT",
    "RADAR_BACK_LEFT",
    "RADAR_BACK_RIGHT"
  ],
  "camera_order_for_model": [
    "CAM_FRONT",
    "CAM_FRONT_RIGHT",
    "CAM_FRONT_LEFT",
    "CAM_BACK",
    "CAM_BACK_LEFT",
    "CAM_BACK_RIGHT"
  ],
  "radar_order_for_model": [
    "RADAR_FRONT",
    "RADAR_FRONT_LEFT",
    "RADAR_FRONT_RIGHT",
    "RADAR_BACK_LEFT",
    "RADAR_BACK_RIGHT"
  ],
  "coordinate_notes": {
    "carla_world": "left-handed x-forward y-right z-up",
    "bevfusion_lidar": "x-forward y-left z-up",
    "camera_frame_for_model": "OpenCV style x-right y-down z-forward"
  },
  "ego": {
    "actor_id": 24,
    "transform_carla": {
      "location": {
        "x": -60.74788284301758,
        "y": 23.88862419128418,
        "z": -0.005467109382152557
      },
      "rotation": {
        "roll": 0.3241058588027954,
        "pitch": 0.32767829298973083,
        "yaw": -9.577496528625488
      }
    },
    "velocity_carla": [
      5.208015441894531,
      -1.1330751180648804,
      2.807617056532763e-05
    ],
    "angular_velocity_carla": [
      0.06195355951786041,
      1.4267996549606323,
      -8.7084321975708
    ],
    "matrix_world_from_ego_carla": [
      [
        0.9860453605651855,
        0.16641071438789368,
        -0.0046980613842606544,
        -60.74788284301758
      ],
      [
        -0.16637875139713287,
        0.9860403537750244,
        0.0065293642692267895,
        23.88862419128418
      ],
      [
        0.0057190340012311935,
        -0.0056565916165709496,
        0.9999676942825317,
        -0.005467109382152557
      ],
      [
        0.0,
        0.0,
        0.0,
        1.0
      ]
    ],
    "matrix_world_from_ego_bevfusion": [
      [
        0.9860453605651855,
        -0.16641071438789368,
        -0.0046980613842606544,
        -60.74788284301758
      ],
      [
        0.16637875139713287,
        0.9860403537750244,
        -0.0065293642692267895,
        -23.88862419128418
      ],
      [
        0.0057190340012311935,
        0.0056565916165709496,
        0.9999676942825317,
        -0.005467109382152557
      ],
      [
        0.0,
        0.0,
        0.0,
        1.0
      ]
    ]
  },
  "sensors": {
    "CAM_FRONT": {
      "type_id": "sensor.camera.rgb",
      "blueprint_attributes": {
        "role_name": "front",
        "ros_name": "sensor.camera.rgb",
        "chromatic_aberration_offset": "0.0",
        "sensor_tick": "0.050000",
        "fstop": "1.4",
        "image_size_x": "1600",
        "image_size_y": "900",
        "fov": "70.00",
        "lens_circle_falloff": "5.0",
        "lens_circle_multiplier": "0.0",
        "exposure_compensation": "0.0",
        "lens_y_size": "0.08",
        "lens_k": "-1.0",
        "exposure_mode": "histogram",
        "lens_kcube": "0.0",
        "lens_x_size": "0.08",
        "exposure_max_bright": "12.0",
        "shutter_speed": "200.0",
        "bloom_intensity": "0.675",
        "iso": "100.0",
        "enable_postprocess_effects": "false",
        "gamma": "2.2",
        "motion_blur_intensity": "0.0",
        "motion_blur_max_distortion": "0.35",
        "lens_flare_intensity": "0.1",
        "motion_blur_min_object_screen_size": "0.1",
        "exposure_min_bright": "10.0",
        "exposure_speed_up": "3.0",
        "exposure_speed_down": "1.0",
        "tint": "0.0",
        "calibration_constant": "16.0",
        "focal_distance": "1000.0",
        "min_fstop": "1.2",
        "blade_count": "5",
        "blur_amount": "0.0",
        "blur_radius": "0.0",
        "slope": "0.88",
        "toe": "0.55",
        "white_clip": "0.04",
        "shoulder": "0.26",
        "black_clip": "0.0",
        "temp": "6500.0",
        "chromatic_aberration_intensity": "0.0"
      },
      "transform_carla": {
        "location": {
          "x": -59.22749710083008,
          "y": 23.64183807373047,
          "z": 1.7033425569534302
        },
        "rotation": {
          "roll": 0.3241058588027954,
          "pitch": 0.32767829298973083,
          "yaw": -9.577496528625488
        }
      },
      "matrix_world_from_sensor_carla": [
        [
          0.9860453605651855,
          0.16641071438789368,
          -0.0046980613842606544,
          -59.22749710083008
        ],
        [
          -0.16637875139713287,
          0.9860403537750244,
          0.0065293642692267895,
          23.64183807373047
        ],
        [
          0.0057190340012311935,
          -0.0056565916165709496,
          0.9999676942825317,
          1.7033425569534302
        ],
        [
          0.0,
          0.0,
          0.0,
          1.0
        ]
      ],
      "matrix_world_from_sensor_bevfusion": [
        [
          0.16641071438789368,
          0.0046980613842606544,
          0.9860453605651855,
          -59.22749710083008
        ],
        [
          -0.9860403537750244,
          0.0065293642692267895,
          0.16637875139713287,
          -23.64183807373047
        ],
        [
          -0.0056565916165709496,
          -0.9999676942825317,
          0.0057190340012311935,
          1.7033425569534302
        ],
        [
          0.0,
          0.0,
          0.0,
          1.0
        ]
      ],
      "matrix_ego_from_sensor_carla": [
        [
          1.0,
          4.094626859796335e-09,
          1.1004946953718786e-10,
          1.5500068664550781
        ],
        [
          9.235120224104776e-09,
          1.0,
          -2.646503571845926e-10,
          9.5367431640625e-07
        ],
        [
          -1.0606626688058896e-10,
          4.0968295422771916e-10,
          1.0,
          1.7000000476837158
        ],
        [
          0.0,
          0.0,
          0.0,
          1.0
        ]
      ],
      "matrix_ego_from_sensor_bevfusion": [
        [
          4.094626859796335e-09,
          -1.1004946953718786e-10,
          1.0,
          1.5500068664550781
        ],
        [
          -1.0,
          -2.646503571845926e-10,
          -9.235120224104776e-09,
          -9.5367431640625e-07
        ],
        [
          4.0968295422771916e-10,
          -1.0,
          -1.0606626688058896e-10,
          1.7000000476837158
        ],
        [
          0.0,
          0.0,
          0.0,
          1.0
        ]
      ],
      "camera_intrinsics": [
        [
          1142.5184326171875,
          0.0,
          800.0
        ],
        [
          0.0,
          1142.5184326171875,
          450.0
        ],
        [
          0.0,
          0.0,
          1.0
        ]
      ],
      "data_path": "D:\\Agent-AI\\outputs\\samples\\sample_000007\\images\\CAM_FRONT.png",
      "raw_layout": "bgra8"
    },
    "CAM_FRONT_RIGHT": {
      "type_id": "sensor.camera.rgb",
      "blueprint_attributes": {
        "role_name": "front",
        "ros_name": "sensor.camera.rgb",
        "chromatic_aberration_offset": "0.0",
        "sensor_tick": "0.050000",
        "fstop": "1.4",
        "image_size_x": "1600",
        "image_size_y": "900",
        "fov": "70.00",
        "lens_circle_falloff": "5.0",
        "lens_circle_multiplier": "0.0",
        "exposure_compensation": "0.0",
        "lens_y_size": "0.08",
        "lens_k": "-1.0",
        "exposure_mode": "histogram",
        "lens_kcube": "0.0",
        "lens_x_size": "0.08",
        "exposure_max_bright": "12.0",
        "shutter_speed": "200.0",
        "bloom_intensity": "0.675",
        "iso": "100.0",
        "enable_postprocess_effects": "false",
        "gamma": "2.2",
        "motion_blur_intensity": "0.0",
        "motion_blur_max_distortion": "0.35",
        "lens_flare_intensity": "0.1",
        "motion_blur_min_object_screen_size": "0.1",
        "exposure_min_bright": "10.0",
        "exposure_speed_up": "3.0",
        "exposure_speed_down": "1.0",
        "tint": "0.0",
        "calibration_constant": "16.0",
        "focal_distance": "1000.0",
        "min_fstop": "1.2",
        "blade_count": "5",
        "blur_amount": "0.0",
        "blur_radius": "0.0",
        "slope": "0.88",
        "toe": "0.55",
        "white_clip": "0.04",
        "shoulder": "0.26",
        "black_clip": "0.0",
        "temp": "6500.0",
        "chromatic_aberration_intensity": "0.0"
      },
      "transform_carla": {
        "location": {
          "x": -59.38248825073242,
          "y": 24.225753784179688,
          "z": 1.6988016366958618
        },
        "rotation": {
          "roll": 0.4543231427669525,
          "pitch": -0.07753629982471466,
          "yaw": 45.42129135131836
        }
      },
      "matrix_world_from_sensor_carla": [
        [
          0.7018877863883972,
          -0.712272047996521,
          -0.004698163829743862,
          -59.38248825073242
        ],
        [
          0.7122862339019775,
          0.7018587589263916,
          0.006529401987791061,
          24.225753784179688
        ],
        [
          -0.0013532632729038596,
          -0.007929344661533833,
          0.9999676942825317,
          1.6988016366958618
        ],
        [
          0.0,
          0.0,
          0.0,
          1.0
        ]
      ],
      "matrix_world_from_sensor_bevfusion": [
        [
          -0.712272047996521,
          0.004698163829743862,
          0.7018877863883972,
          -59.38248825073242
        ],
        [
          -0.7018587589263916,
          0.006529401987791061,
          -0.7122862339019775,
          -24.225753784179688
        ],
        [
          -0.007929344661533833,
          -0.9999676942825317,
          -0.0013532632729038596,
          1.6988016366958618
        ],
        [
          0.0,
          0.0,
          0.0,
          1.0
        ]
      ],
      "matrix_ego_from_sensor_carla": [
        [
          0.5735760927200317,
          -0.8191522359848022,
          -1.0745770850917324e-07,
          1.2999954223632812
        ],
        [
          0.8191521763801575,
          0.5735761523246765,
          1.9758784830514742e-08,
          0.5499982833862305
        ],
        [
          4.504361683643765e-08,
          -9.865680539178356e-08,
          1.0,
          1.7000000476837158
        ],
        [
          0.0,
          0.0,
          0.0,
          1.0
        ]
      ],
      "matrix_ego_from_sensor_bevfusion": [
        [
          -0.8191522359848022,
          1.0745770850917324e-07,
          0.5735760927200317,
          1.2999954223632812
        ],
        [
          -0.5735761523246765,
          1.9758784830514742e-08,
          -0.8191521763801575,
          -0.5499982833862305
        ],
        [
          -9.865680539178356e-08,
          -1.0,
          4.504361683643765e-08,
          1.7000000476837158
        ],
        [
          0.0,
          0.0,
          0.0,
          1.0
        ]
      ],
      "camera_intrinsics": [
        [
          1142.5184326171875,
          0.0,
          800.0
        ],
        [
          0.0,
          1142.5184326171875,
          450.0
        ],
        [
          0.0,
          0.0,
          1.0
        ]
      ],
      "data_path": "D:\\Agent-AI\\outputs\\samples\\sample_000007\\images\\CAM_FRONT_RIGHT.png",
      "raw_layout": "bgra8"
    },
    "CAM_FRONT_LEFT": {
      "type_id": "sensor.camera.rgb",
      "blueprint_attributes": {
        "role_name": "front",
        "ros_name": "sensor.camera.rgb",
        "chromatic_aberration_offset": "0.0",
        "sensor_tick": "0.050000",
        "fstop": "1.4",
        "image_size_x": "1600",
        "image_size_y": "900",
        "fov": "70.00",
        "lens_circle_falloff": "5.0",
        "lens_circle_multiplier": "0.0",
        "exposure_compensation": "0.0",
        "lens_y_size": "0.08",
        "lens_k": "-1.0",
        "exposure_mode": "histogram",
        "lens_kcube": "0.0",
        "lens_x_size": "0.08",
        "exposure_max_bright": "12.0",
        "shutter_speed": "200.0",
        "bloom_intensity": "0.675",
        "iso": "100.0",
        "enable_postprocess_effects": "false",
        "gamma": "2.2",
        "motion_blur_intensity": "0.0",
        "motion_blur_max_distortion": "0.35",
        "lens_flare_intensity": "0.1",
        "motion_blur_min_object_screen_size": "0.1",
        "exposure_min_bright": "10.0",
        "exposure_speed_up": "3.0",
        "exposure_speed_down": "1.0",
        "tint": "0.0",
        "calibration_constant": "16.0",
        "focal_distance": "1000.0",
        "min_fstop": "1.2",
        "blade_count": "5",
        "blur_amount": "0.0",
        "blur_radius": "0.0",
        "slope": "0.88",
        "toe": "0.55",
        "white_clip": "0.04",
        "shoulder": "0.26",
        "black_clip": "0.0",
        "temp": "6500.0",
        "chromatic_aberration_intensity": "0.0"
      },
      "transform_carla": {
        "location": {
          "x": -59.56553649902344,
          "y": 23.141109466552734,
          "z": 1.7050238847732544
        },
        "rotation": {
          "roll": -0.08252958953380585,
          "pitch": 0.4534425735473633,
          "yaw": -64.57875061035156
        }
      },
      "matrix_world_from_sensor_carla": [
        [
          0.42925670742988586,
          0.9031703472137451,
          -0.004698179196566343,
          -59.56553649902344
        ],
        [
          -0.9031478762626648,
          0.42927998304367065,
          0.00652938662096858,
          23.141109466552734
        ],
        [
          0.00791398249566555,
          0.0014403675450012088,
          0.9999676942825317,
          1.7050238847732544
        ],
        [
          0.0,
          0.0,
          0.0,
          1.0
        ]
      ],
      "matrix_world_from_sensor_bevfusion": [
        [
          0.9031703472137451,
          0.004698179196566343,
          0.42925670742988586,
          -59.56553649902344
        ],
        [
          -0.42927998304367065,
          0.00652938662096858,
          0.9031478762626648,
          -23.141109466552734
        ],
        [
          0.0014403675450012088,
          -0.9999676942825317,
          0.00791398249566555,
          1.7050238847732544
        ],
        [
          0.0,
          0.0,
          0.0,
          1.0
        ]
      ],
      "matrix_ego_from_sensor_carla": [
        [
          0.5735763907432556,
          0.8191520571708679,
          -1.1956490197917446e-07,
          1.2999992370605469
        ],
        [
          -0.8191519975662231,
          0.5735763907432556,
          2.063656134865255e-09,
          -0.5500011444091797
        ],
        [
          7.028391735275363e-08,
          9.66034505722746e-08,
          1.0,
          1.7000000476837158
        ],
        [
          0.0,
          0.0,
          0.0,
          1.0
        ]
      ],
      "matrix_ego_from_sensor_bevfusion": [
        [
          0.8191520571708679,
          1.1956490197917446e-07,
          0.5735763907432556,
          1.2999992370605469
        ],
        [
          -0.5735763907432556,
          2.063656134865255e-09,
          0.8191519975662231,
          0.5500011444091797
        ],
        [
          9.66034505722746e-08,
          -1.0,
          7.028391735275363e-08,
          1.7000000476837158
        ],
        [
          0.0,
          0.0,
          0.0,
          1.0
        ]
      ],
      "camera_intrinsics": [
        [
          1142.5184326171875,
          0.0,
          800.0
        ],
        [
          0.0,
          1142.5184326171875,
          450.0
        ],
        [
          0.0,
          0.0,
          1.0
        ]
      ],
      "data_path": "D:\\Agent-AI\\outputs\\samples\\sample_000007\\images\\CAM_FRONT_LEFT.png",
      "raw_layout": "bgra8"
    },
    "CAM_BACK": {
      "type_id": "sensor.camera.rgb",
      "blueprint_attributes": {
        "role_name": "front",
        "ros_name": "sensor.camera.rgb",
        "chromatic_aberration_offset": "0.0",
        "sensor_tick": "0.050000",
        "fstop": "1.4",
        "image_size_x": "1600",
        "image_size_y": "900",
        "fov": "70.00",
        "lens_circle_falloff": "5.0",
        "lens_circle_multiplier": "0.0",
        "exposure_compensation": "0.0",
        "lens_y_size": "0.08",
        "lens_k": "-1.0",
        "exposure_mode": "histogram",
        "lens_kcube": "0.0",
        "lens_x_size": "0.08",
        "exposure_max_bright": "12.0",
        "shutter_speed": "200.0",
        "bloom_intensity": "0.675",
        "iso": "100.0",
        "enable_postprocess_effects": "false",
        "gamma": "2.2",
        "motion_blur_intensity": "0.0",
        "motion_blur_max_distortion": "0.35",
        "lens_flare_intensity": "0.1",
        "motion_blur_min_object_screen_size": "0.1",
        "exposure_min_bright": "10.0",
        "exposure_speed_up": "3.0",
        "exposure_speed_down": "1.0",
        "tint": "0.0",
        "calibration_constant": "16.0",
        "focal_distance": "1000.0",
        "min_fstop": "1.2",
        "blade_count": "5",
        "blur_amount": "0.0",
        "blur_radius": "0.0",
        "slope": "0.88",
        "toe": "0.55",
        "white_clip": "0.04",
        "shoulder": "0.26",
        "black_clip": "0.0",
        "temp": "6500.0",
        "chromatic_aberration_intensity": "0.0"
      },
      "transform_carla": {
        "location": {
          "x": -62.28424072265625,
          "y": 24.157611846923828,
          "z": 1.6856131553649902
        },
        "rotation": {
          "roll": -0.3241059184074402,
          "pitch": -0.32767829298973083,
          "yaw": 170.42251586914062
        }
      },
      "matrix_world_from_sensor_carla": [
        [
          -0.9860453605651855,
          -0.1664106398820877,
          -0.004698061849921942,
          -62.28424072265625
        ],
        [
          0.1663786768913269,
          -0.9860403537750244,
          0.006529365200549364,
          24.157611846923828
        ],
        [
          -0.0057190340012311935,
          0.0056565930135548115,
          0.9999676942825317,
          1.6856131553649902
        ],
        [
          0.0,
          0.0,
          0.0,
          1.0
        ]
      ],
      "matrix_world_from_sensor_bevfusion": [
        [
          -0.1664106398820877,
          0.004698061849921942,
          -0.9860453605651855,
          -62.28424072265625
        ],
        [
          0.9860403537750244,
          0.006529365200549364,
          -0.1663786768913269,
          -24.157611846923828
        ],
        [
          0.0056565930135548115,
          -0.9999676942825317,
          -0.0057190340012311935,
          1.6856131553649902
        ],
        [
          0.0,
          0.0,
          0.0,
          1.0
        ]
      ],
      "matrix_ego_from_sensor_carla": [
        [
          -1.0,
          7.041916916250557e-08,
          -8.212731050782907e-10,
          -1.5499954223632812
        ],
        [
          -8.270046691905009e-08,
          -1.0,
          6.666722174308859e-10,
          0.0
        ],
        [
          -3.595950204271503e-10,
          5.215943232883546e-10,
          1.0,
          1.6999995708465576
        ],
        [
          0.0,
          0.0,
          0.0,
          1.0
        ]
      ],
      "matrix_ego_from_sensor_bevfusion": [
        [
          7.041916916250557e-08,
          8.212731050782907e-10,
          -1.0,
          -1.5499954223632812
        ],
        [
          1.0,
          6.666722174308859e-10,
          8.270046691905009e-08,
          0.0
        ],
        [
          5.215943232883546e-10,
          -1.0,
          -3.595950204271503e-10,
          1.6999995708465576
        ],
        [
          0.0,
          0.0,
          0.0,
          1.0
        ]
      ],
      "camera_intrinsics": [
        [
          1142.5184326171875,
          0.0,
          800.0
        ],
        [
          0.0,
          1142.5184326171875,
          450.0
        ],
        [
          0.0,
          0.0,
          1.0
        ]
      ],
      "data_path": "D:\\Agent-AI\\outputs\\samples\\sample_000007\\images\\CAM_BACK.png",
      "raw_layout": "bgra8"
    },
    "CAM_BACK_LEFT": {
      "type_id": "sensor.camera.rgb",
      "blueprint_attributes": {
        "role_name": "front",
        "ros_name": "sensor.camera.rgb",
        "chromatic_aberration_offset": "0.0",
        "sensor_tick": "0.050000",
        "fstop": "1.4",
        "image_size_x": "1600",
        "image_size_y": "900",
        "fov": "70.00",
        "lens_circle_falloff": "5.0",
        "lens_circle_multiplier": "0.0",
        "exposure_compensation": "0.0",
        "lens_y_size": "0.08",
        "lens_k": "-1.0",
        "exposure_mode": "histogram",
        "lens_kcube": "0.0",
        "lens_x_size": "0.08",
        "exposure_max_bright": "12.0",
        "shutter_speed": "200.0",
        "bloom_intensity": "0.675",
        "iso": "100.0",
        "enable_postprocess_effects": "false",
        "gamma": "2.2",
        "motion_blur_intensity": "0.0",
        "motion_blur_max_distortion": "0.35",
        "lens_flare_intensity": "0.1",
        "motion_blur_min_object_screen_size": "0.1",
        "exposure_min_bright": "10.0",
        "exposure_speed_up": "3.0",
        "exposure_speed_down": "1.0",
        "tint": "0.0",
        "calibration_constant": "16.0",
        "focal_distance": "1000.0",
        "min_fstop": "1.2",
        "blade_count": "5",
        "blur_amount": "0.0",
        "blur_radius": "0.0",
        "slope": "0.88",
        "toe": "0.55",
        "white_clip": "0.04",
        "shoulder": "0.26",
        "black_clip": "0.0",
        "temp": "6500.0",
        "chromatic_aberration_intensity": "0.0"
      },
      "transform_carla": {
        "location": {
          "x": -62.12925720214844,
          "y": 23.57369613647461,
          "z": 1.6901540756225586
        },
        "rotation": {
          "roll": -0.45432308316230774,
          "pitch": 0.07753629982471466,
          "yaw": -134.5786895751953
        }
      },
      "matrix_world_from_sensor_carla": [
        [
          -0.7018874883651733,
          0.7122723460197449,
          -0.004698165692389011,
          -62.12925720214844
        ],
        [
          -0.7122865319252014,
          -0.7018584609031677,
          0.0065293991938233376,
          23.57369613647461
        ],
        [
          0.0013532632729038596,
          0.007929343730211258,
          0.9999676942825317,
          1.6901540756225586
        ],
        [
          0.0,
          0.0,
          0.0,
          1.0
        ]
      ],
      "matrix_world_from_sensor_bevfusion": [
        [
          0.7122723460197449,
          0.004698165692389011,
          -0.7018874883651733,
          -62.12925720214844
        ],
        [
          0.7018584609031677,
          0.0065293991938233376,
          0.7122865319252014,
          -23.57369613647461
        ],
        [
          0.007929343730211258,
          -0.9999676942825317,
          0.0013532632729038596,
          1.6901540756225586
        ],
        [
          0.0,
          0.0,
          0.0,
          1.0
        ]
      ],
      "matrix_ego_from_sensor_carla": [
        [
          -0.5735757350921631,
          0.8191524744033813,
          -1.0885469237109646e-07,
          -1.3000030517578125
        ],
        [
          -0.8191524147987366,
          -0.5735758543014526,
          1.6964817106668306e-08,
          -0.5499992370605469
        ],
        [
          -4.841966116941876e-08,
          9.8656833813493e-08,
          1.0,
          1.6999998092651367
        ],
        [
          0.0,
          0.0,
          0.0,
          1.0
        ]
      ],
      "matrix_ego_from_sensor_bevfusion": [
        [
          0.8191524744033813,
          1.0885469237109646e-07,
          -0.5735757350921631,
          -1.3000030517578125
        ],
        [
          0.5735758543014526,
          1.6964817106668306e-08,
          0.8191524147987366,
          0.5499992370605469
        ],
        [
          9.8656833813493e-08,
          -1.0,
          -4.841966116941876e-08,
          1.6999998092651367
        ],
        [
          0.0,
          0.0,
          0.0,
          1.0
        ]
      ],
      "camera_intrinsics": [
        [
          1142.5184326171875,
          0.0,
          800.0
        ],
        [
          0.0,
          1142.5184326171875,
          450.0
        ],
        [
          0.0,
          0.0,
          1.0
        ]
      ],
      "data_path": "D:\\Agent-AI\\outputs\\samples\\sample_000007\\images\\CAM_BACK_LEFT.png",
      "raw_layout": "bgra8"
    },
    "CAM_BACK_RIGHT": {
      "type_id": "sensor.camera.rgb",
      "blueprint_attributes": {
        "role_name": "front",
        "ros_name": "sensor.camera.rgb",
        "chromatic_aberration_offset": "0.0",
        "sensor_tick": "0.050000",
        "fstop": "1.4",
        "image_size_x": "1600",
        "image_size_y": "900",
        "fov": "70.00",
        "lens_circle_falloff": "5.0",
        "lens_circle_multiplier": "0.0",
        "exposure_compensation": "0.0",
        "lens_y_size": "0.08",
        "lens_k": "-1.0",
        "exposure_mode": "histogram",
        "lens_kcube": "0.0",
        "lens_x_size": "0.08",
        "exposure_max_bright": "12.0",
        "shutter_speed": "200.0",
        "bloom_intensity": "0.675",
        "iso": "100.0",
        "enable_postprocess_effects": "false",
        "gamma": "2.2",
        "motion_blur_intensity": "0.0",
        "motion_blur_max_distortion": "0.35",
        "lens_flare_intensity": "0.1",
        "motion_blur_min_object_screen_size": "0.1",
        "exposure_min_bright": "10.0",
        "exposure_speed_up": "3.0",
        "exposure_speed_down": "1.0",
        "tint": "0.0",
        "calibration_constant": "16.0",
        "focal_distance": "1000.0",
        "min_fstop": "1.2",
        "blade_count": "5",
        "blur_amount": "0.0",
        "blur_radius": "0.0",
        "slope": "0.88",
        "toe": "0.55",
        "white_clip": "0.04",
        "shoulder": "0.26",
        "black_clip": "0.0",
        "temp": "6500.0",
        "chromatic_aberration_intensity": "0.0"
      },
      "transform_carla": {
        "location": {
          "x": -61.946205139160156,
          "y": 24.65833854675293,
          "z": 1.683931827545166
        },
        "rotation": {
          "roll": 0.08252967149019241,
          "pitch": -0.4534425735473633,
          "yaw": 115.42121887207031
        }
      },
      "matrix_world_from_sensor_carla": [
        [
          -0.42925626039505005,
          -0.9031705856323242,
          -0.004698177333921194,
          -61.946205139160156
        ],
        [
          0.9031481146812439,
          -0.42927953600883484,
          0.0065293884836137295,
          24.65833854675293
        ],
        [
          -0.00791398249566555,
          -0.0014403689419850707,
          0.9999676942825317,
          1.683931827545166
        ],
        [
          0.0,
          0.0,
          0.0,
          1.0
        ]
      ],
      "matrix_world_from_sensor_bevfusion": [
        [
          -0.9031705856323242,
          0.004698177333921194,
          -0.42925626039505005,
          -61.946205139160156
        ],
        [
          0.42927953600883484,
          0.0065293884836137295,
          -0.9031481146812439,
          -24.65833854675293
        ],
        [
          -0.0014403689419850707,
          -0.9999676942825317,
          -0.00791398249566555,
          1.683931827545166
        ],
        [
          0.0,
          0.0,
          0.0,
          1.0
        ]
      ],
      "matrix_ego_from_sensor_carla": [
        [
          -0.5735759735107422,
          -0.8191523551940918,
          -1.1816791811725125e-07,
          -1.3000030517578125
        ],
        [
          0.819152295589447,
          -0.5735759735107422,
          4.391962349359346e-09,
          0.5499982833862305
        ],
        [
          -7.121523992736911e-08,
          -9.415867907591746e-08,
          1.0,
          1.6999995708465576
        ],
        [
          0.0,
          0.0,
          0.0,
          1.0
        ]
      ],
      "matrix_ego_from_sensor_bevfusion": [
        [
          -0.8191523551940918,
          1.1816791811725125e-07,
          -0.5735759735107422,
          -1.3000030517578125
        ],
        [
          0.5735759735107422,
          4.391962349359346e-09,
          -0.819152295589447,
          -0.5499982833862305
        ],
        [
          -9.415867907591746e-08,
          -1.0,
          -7.121523992736911e-08,
          1.6999995708465576
        ],
        [
          0.0,
          0.0,
          0.0,
          1.0
        ]
      ],
      "camera_intrinsics": [
        [
          1142.5184326171875,
          0.0,
          800.0
        ],
        [
          0.0,
          1142.5184326171875,
          450.0
        ],
        [
          0.0,
          0.0,
          1.0
        ]
      ],
      "data_path": "D:\\Agent-AI\\outputs\\samples\\sample_000007\\images\\CAM_BACK_RIGHT.png",
      "raw_layout": "bgra8"
    },
    "LIDAR_TOP": {
      "type_id": "sensor.lidar.ray_cast",
      "blueprint_attributes": {
        "atmosphere_attenuation_rate": "0.004",
        "role_name": "front",
        "noise_seed": "0",
        "upper_fov": "10.0",
        "ros_name": "sensor.lidar.ray_cast",
        "sensor_tick": "0.050000",
        "channels": "32",
        "range": "120.0",
        "points_per_second": "360000",
        "lower_fov": "-30.0",
        "rotation_frequency": "20.000000",
        "horizontal_fov": "360.0",
        "dropoff_general_rate": "0.0",
        "dropoff_intensity_limit": "1.0",
        "noise_stddev": "0.0",
        "dropoff_zero_intensity": "0.0"
      },
      "transform_carla": {
        "location": {
          "x": -60.75822067260742,
          "y": 23.902990341186523,
          "z": 2.1944618225097656
        },
        "rotation": {
          "roll": 0.3241058588027954,
          "pitch": 0.32767829298973083,
          "yaw": -9.577496528625488
        }
      },
      "matrix_world_from_sensor_carla": [
        [
          0.9860453605651855,
          0.16641071438789368,
          -0.0046980613842606544,
          -60.75822067260742
        ],
        [
          -0.16637875139713287,
          0.9860403537750244,
          0.0065293642692267895,
          23.902990341186523
        ],
        [
          0.0057190340012311935,
          -0.0056565916165709496,
          0.9999676942825317,
          2.1944618225097656
        ],
        [
          0.0,
          0.0,
          0.0,
          1.0
        ]
      ],
      "matrix_world_from_sensor_bevfusion": [
        [
          0.9860453605651855,
          -0.16641071438789368,
          -0.0046980613842606544,
          -60.75822067260742
        ],
        [
          0.16637875139713287,
          0.9860403537750244,
          -0.0065293642692267895,
          -23.902990341186523
        ],
        [
          0.0057190340012311935,
          0.0056565916165709496,
          0.9999676942825317,
          2.1944618225097656
        ],
        [
          0.0,
          0.0,
          0.0,
          1.0
        ]
      ],
      "matrix_ego_from_sensor_carla": [
        [
          1.0,
          4.094626859796335e-09,
          1.1004946953718786e-10,
          0.0
        ],
        [
          9.235120224104776e-09,
          1.0,
          -2.646503571845926e-10,
          9.5367431640625e-07
        ],
        [
          -1.0606626688058896e-10,
          4.0968295422771916e-10,
          1.0,
          2.200000047683716
        ],
        [
          0.0,
          0.0,
          0.0,
          1.0
        ]
      ],
      "matrix_ego_from_sensor_bevfusion": [
        [
          1.0,
          -4.094626859796335e-09,
          1.1004946953718786e-10,
          0.0
        ],
        [
          -9.235120224104776e-09,
          1.0,
          2.646503571845926e-10,
          -9.5367431640625e-07
        ],
        [
          -1.0606626688058896e-10,
          -4.0968295422771916e-10,
          1.0,
          2.200000047683716
        ],
        [
          0.0,
          0.0,
          0.0,
          1.0
        ]
      ],
      "data_path": "D:\\Agent-AI\\outputs\\samples\\sample_000007\\lidar\\LIDAR_TOP.npy",
      "raw_layout": [
        "x",
        "y",
        "z",
        "intensity"
      ]
    },
    "RADAR_FRONT": {
      "type_id": "sensor.other.radar",
      "blueprint_attributes": {
        "sensor_tick": "0.050000",
        "role_name": "default",
        "noise_seed": "0",
        "ros_name": "sensor.other.radar",
        "horizontal_fov": "35.0",
        "points_per_second": "1500",
        "vertical_fov": "20.0",
        "range": "120.0"
      },
      "transform_carla": {
        "location": {
          "x": -58.78002166748047,
          "y": 23.561744689941406,
          "z": 0.9059420824050903
        },
        "rotation": {
          "roll": 0.3241058588027954,
          "pitch": 0.32767829298973083,
          "yaw": -9.577496528625488
        }
      },
      "matrix_world_from_sensor_carla": [
        [
          0.9860453605651855,
          0.16641071438789368,
          -0.0046980613842606544,
          -58.78002166748047
        ],
        [
          -0.16637875139713287,
          0.9860403537750244,
          0.0065293642692267895,
          23.561744689941406
        ],
        [
          0.0057190340012311935,
          -0.0056565916165709496,
          0.9999676942825317,
          0.9059420824050903
        ],
        [
          0.0,
          0.0,
          0.0,
          1.0
        ]
      ],
      "matrix_world_from_sensor_bevfusion": [
        [
          0.9860453605651855,
          -0.16641071438789368,
          -0.0046980613842606544,
          -58.78002166748047
        ],
        [
          0.16637875139713287,
          0.9860403537750244,
          -0.0065293642692267895,
          -23.561744689941406
        ],
        [
          0.0057190340012311935,
          0.0056565916165709496,
          0.9999676942825317,
          0.9059420824050903
        ],
        [
          0.0,
          0.0,
          0.0,
          1.0
        ]
      ],
      "matrix_ego_from_sensor_carla": [
        [
          1.0,
          4.094626859796335e-09,
          1.1004946953718786e-10,
          2.0
        ],
        [
          9.235120224104776e-09,
          1.0,
          -2.646503571845926e-10,
          9.5367431640625e-07
        ],
        [
          -1.0606626688058896e-10,
          4.0968295422771916e-10,
          1.0,
          0.9000002145767212
        ],
        [
          0.0,
          0.0,
          0.0,
          1.0
        ]
      ],
      "matrix_ego_from_sensor_bevfusion": [
        [
          1.0,
          -4.094626859796335e-09,
          1.1004946953718786e-10,
          2.0
        ],
        [
          -9.235120224104776e-09,
          1.0,
          2.646503571845926e-10,
          -9.5367431640625e-07
        ],
        [
          -1.0606626688058896e-10,
          -4.0968295422771916e-10,
          1.0,
          0.9000002145767212
        ],
        [
          0.0,
          0.0,
          0.0,
          1.0
        ]
      ],
      "data_path": "D:\\Agent-AI\\outputs\\samples\\sample_000007\\radar\\RADAR_FRONT.npy",
      "raw_layout": [
        "velocity",
        "altitude",
        "azimuth",
        "depth"
      ]
    },
    "RADAR_FRONT_LEFT": {
      "type_id": "sensor.other.radar",
      "blueprint_attributes": {
        "sensor_tick": "0.050000",
        "role_name": "default",
        "noise_seed": "0",
        "ros_name": "sensor.other.radar",
        "horizontal_fov": "35.0",
        "points_per_second": "1500",
        "vertical_fov": "20.0",
        "range": "120.0"
      },
      "transform_carla": {
        "location": {
          "x": -59.24994659423828,
          "y": 22.88044548034668,
          "z": 0.9081827998161316
        },
        "rotation": {
          "roll": -0.0025346691254526377,
          "pitch": 0.4608806371688843,
          "yaw": -54.57841110229492
        }
      },
      "matrix_world_from_sensor_carla": [
        [
          0.5795695185661316,
          0.8149092793464661,
          -0.004698141012340784,
          -59.24994659423828
        ],
        [
          -0.8148831129074097,
          0.5795885920524597,
          0.0065293265506625175,
          22.88044548034668
        ],
        [
          0.008043797686696053,
          4.423688733368181e-05,
          0.999967634677887,
          0.9081827998161316
        ],
        [
          0.0,
          0.0,
          0.0,
          1.0
        ]
      ],
      "matrix_world_from_sensor_bevfusion": [
        [
          0.5795695185661316,
          -0.8149092793464661,
          -0.004698141012340784,
          -59.24994659423828
        ],
        [
          0.8148831129074097,
          0.5795885920524597,
          -0.0065293265506625175,
          -22.88044548034668
        ],
        [
          0.008043797686696053,
          -4.423688733368181e-05,
          0.999967634677887,
          0.9081827998161316
        ],
        [
          0.0,
          0.0,
          0.0,
          1.0
        ]
      ],
      "matrix_ego_from_sensor_carla": [
        [
          0.7071070671081543,
          0.7071065306663513,
          -7.287399483857371e-08,
          1.6500015258789062
        ],
        [
          -0.7071064710617065,
          0.7071070671081543,
          -5.02189116957652e-08,
          -0.7500009536743164
        ],
        [
          1.5783253815015996e-08,
          8.68157101763245e-08,
          0.9999999403953552,
          0.9000000953674316
        ],
        [
          0.0,
          0.0,
          0.0,
          1.0
        ]
      ],
      "matrix_ego_from_sensor_bevfusion": [
        [
          0.7071070671081543,
          -0.7071065306663513,
          -7.287399483857371e-08,
          1.6500015258789062
        ],
        [
          0.7071064710617065,
          0.7071070671081543,
          5.02189116957652e-08,
          0.7500009536743164
        ],
        [
          1.5783253815015996e-08,
          -8.68157101763245e-08,
          0.9999999403953552,
          0.9000000953674316
        ],
        [
          0.0,
          0.0,
          0.0,
          1.0
        ]
      ],
      "data_path": "D:\\Agent-AI\\outputs\\samples\\sample_000007\\radar\\RADAR_FRONT_LEFT.npy",
      "raw_layout": [
        "velocity",
        "altitude",
        "azimuth",
        "depth"
      ]
    },
    "RADAR_FRONT_RIGHT": {
      "type_id": "sensor.other.radar",
      "blueprint_attributes": {
        "sensor_tick": "0.050000",
        "role_name": "default",
        "noise_seed": "0",
        "ros_name": "sensor.other.radar",
        "horizontal_fov": "35.0",
        "points_per_second": "1500",
        "vertical_fov": "20.0",
