{
  "schema_version": "stage1.v1",
  "sample_name": "sample_000029",
  "sequence_index": 29,
  "previous_sample_name": "sample_000028",
  "frame_id": 3949,
  "timestamp": 42.03108659014106,
  "platform_timestamp": 16816494.7405256,
  "delta_seconds": 0.10000000149011612,
  "town": "Carla/Maps/Town10HD_Opt",
  "weather": {
    "cloudiness": 20.0,
    "dust_storm": 0.0,
    "fog_density": 2.0,
    "fog_distance": 0.75,
    "fog_falloff": 0.10000000149011612,
    "mie_scattering_scale": 0.029999999329447746,
    "precipitation": 0.0,
    "precipitation_deposits": 0.0,
    "rayleigh_scattering_scale": 0.03310000151395798,
    "scattering_intensity": 1.0,
    "sun_altitude_angle": 45.0,
    "sun_azimuth_angle": 300.0,
    "wetness": 0.0,
    "wind_intensity": 10.0
  },
  "sensor_names": [
    "CAM_FRONT",
    "CAM_FRONT_RIGHT",
    "CAM_FRONT_LEFT",
    "CAM_BACK",
    "CAM_BACK_LEFT",
    "CAM_BACK_RIGHT",
    "LIDAR_TOP",
    "RADAR_FRONT",
    "RADAR_FRONT_LEFT",
    "RADAR_FRONT_RIGHT",
    "RADAR_BACK_LEFT",
    "RADAR_BACK_RIGHT"
  ],
  "camera_order_for_model": [
    "CAM_FRONT",
    "CAM_FRONT_RIGHT",
    "CAM_FRONT_LEFT",
    "CAM_BACK",
    "CAM_BACK_LEFT",
    "CAM_BACK_RIGHT"
  ],
  "radar_order_for_model": [
    "RADAR_FRONT",
    "RADAR_FRONT_LEFT",
    "RADAR_FRONT_RIGHT",
    "RADAR_BACK_LEFT",
    "RADAR_BACK_RIGHT"
  ],
  "coordinate_notes": {
    "carla_world": "left-handed x-forward y-right z-up",
    "bevfusion_lidar": "x-forward y-left z-up",
    "camera_frame_for_model": "OpenCV style x-right y-down z-forward"
  },
  "ego": {
    "actor_id": 24,
    "transform_carla": {
      "location": {
        "x": 108.27400207519531,
        "y": -34.33860778808594,
        "z": -0.005239448510110378
      },
      "rotation": {
        "roll": 0.0924866646528244,
        "pitch": 0.20195502042770386,
        "yaw": -104.42860412597656
      }
    },
    "velocity_carla": [
      -0.672177255153656,
      -2.213205099105835,
      -1.1320114026602823e-05
    ],
    "angular_velocity_carla": [
      -1.1505861282348633,
      0.3235767185688019,
      -3.6702373027801514
    ],
    "matrix_world_from_ego_carla": [
      [
        -0.2491718977689743,
        0.9684562087059021,
        0.0024415613152086735,
        108.27400207519531
      ],
      [
        -0.9684528708457947,
        -0.24917863309383392,
        0.0030113784596323967,
        -34.33860778808594
      ],
      [
        0.003524772822856903,
        -0.0016141860978677869,
        0.9999924898147583,
        -0.005239448510110378
      ],
      [
        0.0,
        0.0,
        0.0,
        1.0
      ]
    ],
    "matrix_world_from_ego_bevfusion": [
      [
        -0.2491718977689743,
        -0.9684562087059021,
        0.0024415613152086735,
        108.27400207519531
      ],
      [
        0.9684528708457947,
        -0.24917863309383392,
        -0.0030113784596323967,
        34.33860778808594
      ],
      [
        0.003524772822856903,
        0.0016141860978677869,
        0.9999924898147583,
        -0.005239448510110378
      ],
      [
        0.0,
        0.0,
        0.0,
        1.0
      ]
    ]
  },
  "sensors": {
    "CAM_FRONT": {
      "type_id": "sensor.camera.rgb",
      "blueprint_attributes": {
        "role_name": "front",
        "ros_name": "sensor.camera.rgb",
        "chromatic_aberration_offset": "0.0",
        "sensor_tick": "0.100000",
        "fstop": "1.4",
        "image_size_x": "960",
        "image_size_y": "540",
        "fov": "70.00",
        "lens_circle_falloff": "5.0",
        "lens_circle_multiplier": "0.0",
        "exposure_compensation": "0.0",
        "lens_y_size": "0.08",
        "lens_k": "-1.0",
        "exposure_mode": "histogram",
        "lens_kcube": "0.0",
        "lens_x_size": "0.08",
        "exposure_max_bright": "12.0",
        "shutter_speed": "200.0",
        "bloom_intensity": "0.675",
        "iso": "100.0",
        "enable_postprocess_effects": "false",
        "gamma": "2.2",
        "motion_blur_intensity": "0.0",
        "motion_blur_max_distortion": "0.35",
        "lens_flare_intensity": "0.1",
        "motion_blur_min_object_screen_size": "0.1",
        "exposure_min_bright": "10.0",
        "exposure_speed_up": "3.0",
        "exposure_speed_down": "1.0",
        "tint": "0.0",
        "calibration_constant": "16.0",
        "focal_distance": "1000.0",
        "min_fstop": "1.2",
        "blade_count": "5",
        "blur_amount": "0.0",
        "blur_radius": "0.0",
        "slope": "0.88",
        "toe": "0.55",
        "white_clip": "0.04",
        "shoulder": "0.26",
        "black_clip": "0.0",
        "temp": "6500.0",
        "chromatic_aberration_intensity": "0.0"
      },
      "transform_carla": {
        "location": {
          "x": 107.89193725585938,
          "y": -35.834590911865234,
          "z": 1.7002112865447998
        },
        "rotation": {
          "roll": 0.0924866646528244,
          "pitch": 0.20195502042770386,
          "yaw": -104.42860412597656
        }
      },
      "matrix_world_from_sensor_carla": [
        [
          -0.2491718977689743,
          0.9684562087059021,
          0.0024415613152086735,
          107.89193725585938
        ],
        [
          -0.9684528708457947,
          -0.24917863309383392,
          0.0030113784596323967,
          -35.834590911865234
        ],
        [
          0.003524772822856903,
          -0.0016141860978677869,
          0.9999924898147583,
          1.7002112865447998
        ],
        [
          0.0,
          0.0,
          0.0,
          1.0
        ]
      ],
      "matrix_world_from_sensor_bevfusion": [
        [
          0.9684562087059021,
          -0.0024415613152086735,
          -0.2491718977689743,
          107.89193725585938
        ],
        [
          0.24917863309383392,
          0.0030113784596323967,
          0.9684528708457947,
          35.834590911865234
        ],
        [
          -0.0016141860978677869,
          -0.9999924898147583,
          0.003524772822856903,
          1.7002112865447998
        ],
        [
          0.0,
          0.0,
          0.0,
          1.0
        ]
      ],
      "matrix_ego_from_sensor_carla": [
        [
          1.0,
          1.2524022929838452e-09,
          7.099479337746573e-11,
          1.5500011444091797
        ],
        [
          -1.3178174107508767e-08,
          1.0,
          1.564313956148311e-11,
          0.0
        ],
        [
          7.099654197872951e-11,
          -2.1718750409238652e-10,
          1.0,
          1.7000001668930054
        ],
        [
          0.0,
          0.0,
          0.0,
          1.0
        ]
      ],
      "matrix_ego_from_sensor_bevfusion": [
        [
          1.2524022929838452e-09,
          -7.099479337746573e-11,
          1.0,
          1.5500011444091797
        ],
        [
          -1.0,
          1.564313956148311e-11,
          1.3178174107508767e-08,
          0.0
        ],
        [
          -2.1718750409238652e-10,
          -1.0,
          7.099654197872951e-11,
          1.7000001668930054
        ],
        [
          0.0,
          0.0,
          0.0,
          1.0
        ]
      ],
      "camera_intrinsics": [
        [
          685.5110473632812,
          0.0,
          480.0
        ],
        [
          0.0,
          685.5110473632812,
          270.0
        ],
        [
          0.0,
          0.0,
          1.0
        ]
      ],
      "data_path": "D:\\Agent-AI\\outputs\\s3a_left_v3\\sample_000029\\images\\CAM_FRONT.png",
      "raw_layout": "bgra8"
    },
    "CAM_FRONT_RIGHT": {
      "type_id": "sensor.camera.rgb",
      "blueprint_attributes": {
        "role_name": "front",
        "ros_name": "sensor.camera.rgb",
        "chromatic_aberration_offset": "0.0",
        "sensor_tick": "0.100000",
        "fstop": "1.4",
        "image_size_x": "960",
        "image_size_y": "540",
        "fov": "70.00",
        "lens_circle_falloff": "5.0",
        "lens_circle_multiplier": "0.0",
        "exposure_compensation": "0.0",
        "lens_y_size": "0.08",
        "lens_k": "-1.0",
        "exposure_mode": "histogram",
        "lens_kcube": "0.0",
        "lens_x_size": "0.08",
        "exposure_max_bright": "12.0",
        "shutter_speed": "200.0",
        "bloom_intensity": "0.675",
        "iso": "100.0",
        "enable_postprocess_effects": "false",
        "gamma": "2.2",
        "motion_blur_intensity": "0.0",
        "motion_blur_max_distortion": "0.35",
        "lens_flare_intensity": "0.1",
        "motion_blur_min_object_screen_size": "0.1",
        "exposure_min_bright": "10.0",
        "exposure_speed_up": "3.0",
        "exposure_speed_down": "1.0",
        "tint": "0.0",
        "calibration_constant": "16.0",
        "focal_distance": "1000.0",
        "min_fstop": "1.2",
        "blade_count": "5",
        "blur_amount": "0.0",
        "blur_radius": "0.0",
        "slope": "0.88",
        "toe": "0.55",
        "white_clip": "0.04",
        "shoulder": "0.26",
        "black_clip": "0.0",
        "temp": "6500.0",
        "chromatic_aberration_intensity": "0.0"
      },
      "transform_carla": {
        "location": {
          "x": 108.48688507080078,
          "y": -35.72952651977539,
          "z": 1.6984422206878662
        },
        "rotation": {
          "roll": 0.21847990155220032,
          "pitch": 0.040079548954963684,
          "yaw": -49.428688049316406
        }
      },
      "matrix_world_from_sensor_carla": [
        [
          0.6503937840461731,
          0.7595932483673096,
          0.0024415231309831142,
          108.48688507080078
        ],
        [
          -0.7595968842506409,
          0.6503872275352478,
          0.0030114215333014727,
          -35.72952651977539
        ],
        [
          0.0006995200528763235,
          -0.0038131834007799625,
          0.9999924898147583,
          1.6984422206878662
        ],
        [
          0.0,
          0.0,
          0.0,
          1.0
        ]
      ],
      "matrix_world_from_sensor_bevfusion": [
        [
          0.7595932483673096,
          -0.0024415231309831142,
          0.6503937840461731,
          108.48688507080078
        ],
        [
          -0.6503872275352478,
          0.0030114215333014727,
          0.7595968842506409,
          35.72952651977539
        ],
        [
          -0.0038131834007799625,
          -0.9999924898147583,
          0.0006995200528763235,
          1.6984422206878662
        ],
        [
          0.0,
          0.0,
          0.0,
          1.0
        ]
      ],
      "matrix_ego_from_sensor_carla": [
        [
          0.5735763907432556,
          -0.8191520571708679,
          -3.229246559044441e-08,
          1.3000001907348633
        ],
        [
          0.8191521167755127,
          0.5735763311386108,
          -4.7481808707061646e-08,
          0.5500030517578125
        ],
        [
          5.737791752835619e-08,
          4.652058183118868e-10,
          1.0,
          1.7000000476837158
        ],
        [
          0.0,
          0.0,
          0.0,
          1.0
        ]
      ],
      "matrix_ego_from_sensor_bevfusion": [
        [
          -0.8191520571708679,
          3.229246559044441e-08,
          0.5735763907432556,
          1.3000001907348633
        ],
        [
          -0.5735763311386108,
          -4.7481808707061646e-08,
          -0.8191521167755127,
          -0.5500030517578125
        ],
        [
          4.652058183118868e-10,
          -1.0,
          5.737791752835619e-08,
          1.7000000476837158
        ],
        [
          0.0,
          0.0,
          0.0,
          1.0
        ]
      ],
      "camera_intrinsics": [
        [
          685.5110473632812,
          0.0,
          480.0
        ],
        [
          0.0,
          685.5110473632812,
          270.0
        ],
        [
          0.0,
          0.0,
          1.0
        ]
      ],
      "data_path": "D:\\Agent-AI\\outputs\\s3a_left_v3\\sample_000029\\images\\CAM_FRONT_RIGHT.png",
      "raw_layout": "bgra8"
    },
    "CAM_FRONT_LEFT": {
      "type_id": "sensor.camera.rgb",
      "blueprint_attributes": {
        "role_name": "front",
        "ros_name": "sensor.camera.rgb",
        "chromatic_aberration_offset": "0.0",
        "sensor_tick": "0.100000",
        "fstop": "1.4",
        "image_size_x": "960",
        "image_size_y": "540",
        "fov": "70.00",
        "lens_circle_falloff": "5.0",
        "lens_circle_multiplier": "0.0",
        "exposure_compensation": "0.0",
        "lens_y_size": "0.08",
        "lens_k": "-1.0",
        "exposure_mode": "histogram",
        "lens_kcube": "0.0",
        "lens_x_size": "0.08",
        "exposure_max_bright": "12.0",
        "shutter_speed": "200.0",
        "bloom_intensity": "0.675",
        "iso": "100.0",
        "enable_postprocess_effects": "false",
        "gamma": "2.2",
        "motion_blur_intensity": "0.0",
        "motion_blur_max_distortion": "0.35",
        "lens_flare_intensity": "0.1",
        "motion_blur_min_object_screen_size": "0.1",
        "exposure_min_bright": "10.0",
        "exposure_speed_up": "3.0",
        "exposure_speed_down": "1.0",
        "tint": "0.0",
        "calibration_constant": "16.0",
        "focal_distance": "1000.0",
        "min_fstop": "1.2",
        "blade_count": "5",
        "blur_amount": "0.0",
        "blur_radius": "0.0",
        "slope": "0.88",
        "toe": "0.55",
        "white_clip": "0.04",
        "shoulder": "0.26",
        "black_clip": "0.0",
        "temp": "6500.0",
        "chromatic_aberration_intensity": "0.0"
      },
      "transform_carla": {
        "location": {
          "x": 107.42157745361328,
          "y": -35.45542907714844,
          "z": 1.700217843055725
        },
        "rotation": {
          "roll": -0.1123843789100647,
          "pitch": 0.19159363210201263,
          "yaw": -159.42893981933594
        }
      },
      "matrix_world_from_sensor_carla": [
        [
          -0.9362318515777588,
          0.3513743281364441,
          0.0024415068328380585,
          107.42157745361328
        ],
        [
          -0.35136687755584717,
          -0.9362329840660095,
          0.0030113584361970425,
          -35.45542907714844
        ],
        [
          0.003343933494761586,
          0.0019614652264863253,
          0.9999924898147583,
          1.700217843055725
        ],
        [
          0.0,
          0.0,
          0.0,
          1.0
        ]
      ],
      "matrix_world_from_sensor_bevfusion": [
        [
          0.3513743281364441,
          -0.0024415068328380585,
          -0.9362318515777588,
          107.42157745361328
        ],
        [
          0.9362329840660095,
          0.0030113584361970425,
          0.35136687755584717,
          35.45542907714844
        ],
        [
          0.0019614652264863253,
          -0.9999924898147583,
          0.003343933494761586,
          1.700217843055725
        ],
        [
          0.0,
          0.0,
          0.0,
          1.0
        ]
      ],
      "matrix_ego_from_sensor_carla": [
        [
          0.5735767483711243,
          0.8191518187522888,
          3.290011463263909e-08,
          1.300001621246338
        ],
        [
          -0.8191518783569336,
          0.5735766887664795,
          -4.759822402888858e-08,
          -0.5500030517578125
        ],
        [
          -5.747702047642633e-08,
          6.358552573360043e-10,
          1.0,
          1.7000000476837158
        ],
        [
          0.0,
          0.0,
          0.0,
          1.0
        ]
      ],
      "matrix_ego_from_sensor_bevfusion": [
        [
          0.8191518187522888,
          -3.290011463263909e-08,
          0.5735767483711243,
          1.300001621246338
        ],
        [
          -0.5735766887664795,
          -4.759822402888858e-08,
          0.8191518783569336,
          0.5500030517578125
        ],
        [
          6.358552573360043e-10,
          -1.0,
          -5.747702047642633e-08,
          1.7000000476837158
        ],
        [
          0.0,
          0.0,
          0.0,
          1.0
        ]
      ],
      "camera_intrinsics": [
        [
          685.5110473632812,
          0.0,
          480.0
        ],
        [
          0.0,
          685.5110473632812,
          270.0
        ],
        [
          0.0,
          0.0,
          1.0
        ]
      ],
      "data_path": "D:\\Agent-AI\\outputs\\s3a_left_v3\\sample_000029\\images\\CAM_FRONT_LEFT.png",
      "raw_layout": "bgra8"
    },
    "CAM_BACK": {
      "type_id": "sensor.camera.rgb",
      "blueprint_attributes": {
        "role_name": "front",
        "ros_name": "sensor.camera.rgb",
        "chromatic_aberration_offset": "0.0",
        "sensor_tick": "0.100000",
        "fstop": "1.4",
        "image_size_x": "960",
        "image_size_y": "540",
        "fov": "70.00",
        "lens_circle_falloff": "5.0",
        "lens_circle_multiplier": "0.0",
        "exposure_compensation": "0.0",
        "lens_y_size": "0.08",
        "lens_k": "-1.0",
        "exposure_mode": "histogram",
        "lens_kcube": "0.0",
        "lens_x_size": "0.08",
        "exposure_max_bright": "12.0",
        "shutter_speed": "200.0",
        "bloom_intensity": "0.675",
        "iso": "100.0",
        "enable_postprocess_effects": "false",
        "gamma": "2.2",
        "motion_blur_intensity": "0.0",
        "motion_blur_max_distortion": "0.35",
        "lens_flare_intensity": "0.1",
        "motion_blur_min_object_screen_size": "0.1",
        "exposure_min_bright": "10.0",
        "exposure_speed_up": "3.0",
        "exposure_speed_down": "1.0",
        "tint": "0.0",
        "calibration_constant": "16.0",
        "focal_distance": "1000.0",
        "min_fstop": "1.2",
        "blade_count": "5",
        "blur_amount": "0.0",
        "blur_radius": "0.0",
        "slope": "0.88",
        "toe": "0.55",
        "white_clip": "0.04",
        "shoulder": "0.26",
        "black_clip": "0.0",
        "temp": "6500.0",
        "chromatic_aberration_intensity": "0.0"
      },
      "transform_carla": {
        "location": {
          "x": 108.66437530517578,
          "y": -32.8323860168457,
          "z": 1.689284324645996
        },
        "rotation": {
          "roll": -0.09248672425746918,
          "pitch": -0.20195502042770386,
          "yaw": 75.57139587402344
        }
      },
      "matrix_world_from_sensor_carla": [
        [
          0.24917180836200714,
          -0.9684562087059021,
          0.0024415620137006044,
          108.66437530517578
        ],
        [
          0.9684528708457947,
          0.24917854368686676,
          0.003011378226801753,
          -32.8323860168457
        ],
        [
          -0.003524772822856903,
          0.0016141871456056833,
          0.9999924898147583,
          1.689284324645996
        ],
        [
          0.0,
          0.0,
          0.0,
          1.0
        ]
      ],
      "matrix_world_from_sensor_bevfusion": [
        [
          -0.9684562087059021,
          -0.0024415620137006044,
          0.24917180836200714,
          108.66437530517578
        ],
        [
          -0.24917854368686676,
          0.003011378226801753,
          -0.9684528708457947,
          32.8323860168457
        ],
        [
          0.0016141871456056833,
          -0.9999924898147583,
          -0.003524772822856903,
          1.689284324645996
        ],
        [
          0.0,
          0.0,
          0.0,
          1.0
        ]
      ],
      "matrix_ego_from_sensor_carla": [
        [
          -1.0,
          8.53374615417124e-08,
          7.099479337746573e-11,
          -1.550002098083496
        ],
        [
          -7.622879394375559e-08,
          -1.0,
          8.305504062278146e-10,
          7.62939453125e-06
        ],
        [
          -3.0382718563259914e-10,
          9.156715385927328e-10,
          1.0,
          1.6999999284744263
        ],
        [
          0.0,
          0.0,
          0.0,
          1.0
        ]
      ],
      "matrix_ego_from_sensor_bevfusion": [
        [
          8.53374615417124e-08,
          -7.099479337746573e-11,
          -1.0,
          -1.550002098083496
        ],
        [
          1.0,
          8.305504062278146e-10,
          7.622879394375559e-08,
          -7.62939453125e-06
        ],
        [
          9.156715385927328e-10,
          -1.0,
          -3.0382718563259914e-10,
          1.6999999284744263
        ],
        [
          0.0,
          0.0,
          0.0,
          1.0
        ]
      ],
      "camera_intrinsics": [
        [
          685.5110473632812,
          0.0,
          480.0
        ],
        [
          0.0,
          685.5110473632812,
          270.0
        ],
        [
          0.0,
          0.0,
          1.0
        ]
      ],
      "data_path": "D:\\Agent-AI\\outputs\\s3a_left_v3\\sample_000029\\images\\CAM_BACK.png",
      "raw_layout": "bgra8"
    },
    "CAM_BACK_LEFT": {
      "type_id": "sensor.camera.rgb",
      "blueprint_attributes": {
        "role_name": "front",
        "ros_name": "sensor.camera.rgb",
        "chromatic_aberration_offset": "0.0",
        "sensor_tick": "0.100000",
        "fstop": "1.4",
        "image_size_x": "960",
        "image_size_y": "540",
        "fov": "70.00",
        "lens_circle_falloff": "5.0",
        "lens_circle_multiplier": "0.0",
        "exposure_compensation": "0.0",
        "lens_y_size": "0.08",
        "lens_k": "-1.0",
        "exposure_mode": "histogram",
        "lens_kcube": "0.0",
        "lens_x_size": "0.08",
        "exposure_max_bright": "12.0",
        "shutter_speed": "200.0",
        "bloom_intensity": "0.675",
        "iso": "100.0",
        "enable_postprocess_effects": "false",
        "gamma": "2.2",
        "motion_blur_intensity": "0.0",
        "motion_blur_max_distortion": "0.35",
        "lens_flare_intensity": "0.1",
        "motion_blur_min_object_screen_size": "0.1",
        "exposure_min_bright": "10.0",
        "exposure_speed_up": "3.0",
        "exposure_speed_down": "1.0",
        "tint": "0.0",
        "calibration_constant": "16.0",
        "focal_distance": "1000.0",
        "min_fstop": "1.2",
        "blade_count": "5",
        "blur_amount": "0.0",
        "blur_radius": "0.0",
        "slope": "0.88",
        "toe": "0.55",
        "white_clip": "0.04",
        "shoulder": "0.26",
        "black_clip": "0.0",
        "temp": "6500.0",
        "chromatic_aberration_intensity": "0.0"
      },
      "transform_carla": {
        "location": {
          "x": 108.06941986083984,
          "y": -32.93745040893555,
          "z": 1.6910533905029297
        },
        "rotation": {
          "roll": -0.21847988665103912,
          "pitch": -0.040079548954963684,
          "yaw": 130.57130432128906
        }
      },
      "matrix_world_from_sensor_carla": [
        [
          -0.6503937244415283,
          -0.7595933079719543,
          0.0024415235966444016,
          108.06941986083984
        ],
        [
          0.7595969438552856,
          -0.650387167930603,
          0.003011421300470829,
          -32.93745040893555
        ],
        [
          -0.0006995200528763235,
          0.003813183167949319,
          0.9999924898147583,
          1.6910533905029297
        ],
        [
          0.0,
          0.0,
          0.0,
          1.0
        ]
      ],
      "matrix_world_from_sensor_bevfusion": [
        [
          -0.7595933079719543,
          -0.0024415235966444016,
          -0.6503937244415283,
          108.06941986083984
        ],
        [
          0.650387167930603,
          0.003011421300470829,
          -0.7595969438552856,
          32.93745040893555
        ],
        [
          0.003813183167949319,
          -0.9999924898147583,
          -0.0006995200528763235,
          1.6910533905029297
        ],
        [
          0.0,
          0.0,
          0.0,
          1.0
        ]
      ],
      "matrix_ego_from_sensor_carla": [
        [
          -0.5735764503479004,
          0.8191520571708679,
          -3.205963494679054e-08,
          -1.2999992370605469
        ],
        [
          -0.8191520571708679,
          -0.5735763907432556,
          -4.7248978063407776e-08,
          -0.5500106811523438
        ],
        [
          -5.7086879223788856e-08,
          -6.980347411200682e-10,
          1.0,
          1.7000000476837158
        ],
        [
          0.0,
          0.0,
          0.0,
          1.0
        ]
      ],
      "matrix_ego_from_sensor_bevfusion": [
        [
          0.8191520571708679,
          3.205963494679054e-08,
          -0.5735764503479004,
          -1.2999992370605469
        ],
        [
          0.5735763907432556,
          -4.7248978063407776e-08,
          0.8191520571708679,
          0.5500106811523438
        ],
        [
          -6.980347411200682e-10,
          -1.0,
          -5.7086879223788856e-08,
          1.7000000476837158
        ],
        [
          0.0,
          0.0,
          0.0,
          1.0
        ]
      ],
      "camera_intrinsics": [
        [
          685.5110473632812,
          0.0,
          480.0
        ],
        [
          0.0,
          685.5110473632812,
          270.0
        ],
        [
          0.0,
          0.0,
          1.0
        ]
      ],
      "data_path": "D:\\Agent-AI\\outputs\\s3a_left_v3\\sample_000029\\images\\CAM_BACK_LEFT.png",
      "raw_layout": "bgra8"
    },
    "CAM_BACK_RIGHT": {
      "type_id": "sensor.camera.rgb",
      "blueprint_attributes": {
        "role_name": "front",
        "ros_name": "sensor.camera.rgb",
        "chromatic_aberration_offset": "0.0",
        "sensor_tick": "0.100000",
        "fstop": "1.4",
        "image_size_x": "960",
        "image_size_y": "540",
        "fov": "70.00",
        "lens_circle_falloff": "5.0",
        "lens_circle_multiplier": "0.0",
        "exposure_compensation": "0.0",
        "lens_y_size": "0.08",
        "lens_k": "-1.0",
        "exposure_mode": "histogram",
        "lens_kcube": "0.0",
        "lens_x_size": "0.08",
        "exposure_max_bright": "12.0",
        "shutter_speed": "200.0",
        "bloom_intensity": "0.675",
        "iso": "100.0",
        "enable_postprocess_effects": "false",
        "gamma": "2.2",
        "motion_blur_intensity": "0.0",
        "motion_blur_max_distortion": "0.35",
        "lens_flare_intensity": "0.1",
        "motion_blur_min_object_screen_size": "0.1",
        "exposure_min_bright": "10.0",
        "exposure_speed_up": "3.0",
        "exposure_speed_down": "1.0",
        "tint": "0.0",
        "calibration_constant": "16.0",
        "focal_distance": "1000.0",
        "min_fstop": "1.2",
        "blade_count": "5",
        "blur_amount": "0.0",
        "blur_radius": "0.0",
        "slope": "0.88",
        "toe": "0.55",
        "white_clip": "0.04",
        "shoulder": "0.26",
        "black_clip": "0.0",
        "temp": "6500.0",
        "chromatic_aberration_intensity": "0.0"
      },
      "transform_carla": {
        "location": {
          "x": 109.13472747802734,
          "y": -33.2115478515625,
          "z": 1.6892777681350708
        },
        "rotation": {
          "roll": 0.11238440871238708,
          "pitch": -0.19159363210201263,
          "yaw": 20.571043014526367
        }
      },
      "matrix_world_from_sensor_carla": [
        [
          0.9362319707870483,
          -0.3513740003108978,
          0.0024415075313299894,
          109.13472747802734
        ],
        [
          0.3513665497303009,
          0.9362331032752991,
          0.0030113584361970425,
          -33.2115478515625
        ],
        [
          -0.003343933494761586,
          -0.0019614659249782562,
          0.9999924898147583,
          1.6892777681350708
        ],
        [
          0.0,
          0.0,
          0.0,
          1.0
        ]
      ],
      "matrix_world_from_sensor_bevfusion": [
        [
          -0.3513740003108978,
          -0.0024415075313299894,
          0.9362319707870483,
          109.13472747802734
        ],
        [
          -0.9362331032752991,
          0.0030113584361970425,
          -0.3513665497303009,
          33.2115478515625
        ],
        [
          -0.0019614659249782562,
          -0.9999924898147583,
          -0.003343933494761586,
          1.6892777681350708
        ],
        [
          0.0,
          0.0,
          0.0,
          1.0
        ]
      ],
      "matrix_ego_from_sensor_carla": [
        [
          -0.5735764503479004,
          -0.8191519975662231,
          3.290011463263909e-08,
          -1.3000006675720215
        ],
        [
          0.8191520571708679,
          -0.5735764503479004,
          -4.689973209792697e-08,
          0.5500030517578125
        ],
        [
          5.6545697901810854e-08,
          -1.7018875198004935e-10,
          1.0,
          1.7000000476837158
        ],
        [
          0.0,
          0.0,
          0.0,
          1.0
        ]
      ],
      "matrix_ego_from_sensor_bevfusion": [
        [
          -0.8191519975662231,
          -3.290011463263909e-08,
          -0.5735764503479004,
          -1.3000006675720215
        ],
        [
          0.5735764503479004,
          -4.689973209792697e-08,
          -0.8191520571708679,
          -0.5500030517578125
        ],
        [
          -1.7018875198004935e-10,
          -1.0,
          5.6545697901810854e-08,
          1.7000000476837158
        ],
        [
          0.0,
          0.0,
          0.0,
          1.0
        ]
      ],
      "camera_intrinsics": [
        [
          685.5110473632812,
          0.0,
          480.0
        ],
        [
          0.0,
          685.5110473632812,
          270.0
        ],
        [
          0.0,
          0.0,
          1.0
        ]
      ],
      "data_path": "D:\\Agent-AI\\outputs\\s3a_left_v3\\sample_000029\\images\\CAM_BACK_RIGHT.png",
      "raw_layout": "bgra8"
    },
    "LIDAR_TOP": {
      "type_id": "sensor.lidar.ray_cast",
      "blueprint_attributes": {
        "atmosphere_attenuation_rate": "0.004",
        "role_name": "front",
        "noise_seed": "0",
        "upper_fov": "10.0",
        "ros_name": "sensor.lidar.ray_cast",
        "sensor_tick": "0.100000",
        "channels": "32",
        "range": "120.0",
        "points_per_second": "360000",
        "lower_fov": "-30.0",
        "rotation_frequency": "10.000000",
        "horizontal_fov": "360.0",
        "dropoff_general_rate": "0.0",
        "dropoff_intensity_limit": "1.0",
        "noise_stddev": "0.0",
        "dropoff_zero_intensity": "0.0"
      },
      "transform_carla": {
        "location": {
          "x": 108.27937316894531,
          "y": -34.33198165893555,
          "z": 2.194744110107422
        },
        "rotation": {
          "roll": 0.0924866646528244,
          "pitch": 0.20195502042770386,
          "yaw": -104.42860412597656
        }
      },
      "matrix_world_from_sensor_carla": [
        [
          -0.2491718977689743,
          0.9684562087059021,
          0.0024415613152086735,
          108.27937316894531
        ],
        [
          -0.9684528708457947,
          -0.24917863309383392,
          0.0030113784596323967,
          -34.33198165893555
        ],
        [
          0.003524772822856903,
          -0.0016141860978677869,
          0.9999924898147583,
          2.194744110107422
        ],
        [
          0.0,
          0.0,
          0.0,
          1.0
        ]
      ],
      "matrix_world_from_sensor_bevfusion": [
        [
          -0.2491718977689743,
          -0.9684562087059021,
          0.0024415613152086735,
          108.27937316894531
        ],
        [
          0.9684528708457947,
          -0.24917863309383392,
          -0.0030113784596323967,
          34.33198165893555
        ],
        [
          0.003524772822856903,
          0.0016141860978677869,
          0.9999924898147583,
          2.194744110107422
        ],
        [
          0.0,
          0.0,
          0.0,
          1.0
        ]
      ],
      "matrix_ego_from_sensor_carla": [
        [
          1.0,
          1.2524022929838452e-09,
          7.099479337746573e-11,
          -4.76837158203125e-07
        ],
        [
          -1.3178174107508767e-08,
          1.0,
          1.564313956148311e-11,
          0.0
        ],
        [
          7.099654197872951e-11,
          -2.1718750409238652e-10,
          1.0,
          2.200000047683716
        ],
        [
          0.0,
          0.0,
          0.0,
          1.0
        ]
      ],
      "matrix_ego_from_sensor_bevfusion": [
        [
          1.0,
          -1.2524022929838452e-09,
          7.099479337746573e-11,
          -4.76837158203125e-07
        ],
        [
          1.3178174107508767e-08,
          1.0,
          -1.564313956148311e-11,
          0.0
        ],
        [
          7.099654197872951e-11,
          2.1718750409238652e-10,
          1.0,
          2.200000047683716
        ],
        [
          0.0,
          0.0,
          0.0,
          1.0
        ]
      ],
      "data_path": "D:\\Agent-AI\\outputs\\s3a_left_v3\\sample_000029\\lidar\\LIDAR_TOP.npy",
      "raw_layout": [
        "x",
        "y",
        "z",
        "intensity"
      ]
    },
    "RADAR_FRONT": {
      "type_id": "sensor.other.radar",
      "blueprint_attributes": {
        "sensor_tick": "0.100000",
        "role_name": "default",
        "noise_seed": "0",
        "ros_name": "sensor.other.radar",
        "horizontal_fov": "35.0",
        "points_per_second": "1500",
        "vertical_fov": "20.0",
        "range": "120.0"
      },
      "transform_carla": {
        "location": {
          "x": 107.77786254882812,
          "y": -36.272804260253906,
          "z": 0.9018032550811768
        },
        "rotation": {
          "roll": 0.0924866646528244,
          "pitch": 0.20195502042770386,
          "yaw": -104.42860412597656
        }
      },
      "matrix_world_from_sensor_carla": [
        [
          -0.2491718977689743,
          0.9684562087059021,
          0.0024415613152086735,
          107.77786254882812
        ],
        [
          -0.9684528708457947,
          -0.24917863309383392,
          0.0030113784596323967,
          -36.272804260253906
        ],
        [
          0.003524772822856903,
          -0.0016141860978677869,
          0.9999924898147583,
          0.9018032550811768
        ],
        [
          0.0,
          0.0,
          0.0,
          1.0
        ]
      ],
      "matrix_world_from_sensor_bevfusion": [
        [
          -0.2491718977689743,
          -0.9684562087059021,
          0.0024415613152086735,
          107.77786254882812
        ],
        [
          0.9684528708457947,
          -0.24917863309383392,
          -0.0030113784596323967,
          36.272804260253906
        ],
        [
          0.003524772822856903,
          0.0016141860978677869,
          0.9999924898147583,
          0.9018032550811768
        ],
        [
          0.0,
          0.0,
          0.0,
          1.0
        ]
      ],
      "matrix_ego_from_sensor_carla": [
        [
          1.0,
          1.2524022929838452e-09,
          7.099479337746573e-11,
          1.9999995231628418
        ],
        [
          -1.3178174107508767e-08,
          1.0,
          1.564313956148311e-11,
          7.62939453125e-06
        ],
        [
          7.099654197872951e-11,
          -2.1718750409238652e-10,
          1.0,
          0.8999999761581421
        ],
        [
          0.0,
          0.0,
          0.0,
          1.0
        ]
      ],
      "matrix_ego_from_sensor_bevfusion": [
        [
          1.0,
          -1.2524022929838452e-09,
          7.099479337746573e-11,
          1.9999995231628418
        ],
        [
          1.3178174107508767e-08,
          1.0,
          -1.564313956148311e-11,
          -7.62939453125e-06
        ],
        [
          7.099654197872951e-11,
          2.1718750409238652e-10,
          1.0,
          0.8999999761581421
        ],
        [
          0.0,
          0.0,
          0.0,
          1.0
        ]
      ],
      "data_path": "D:\\Agent-AI\\outputs\\s3a_left_v3\\sample_000029\\radar\\RADAR_FRONT.npy",
      "raw_layout": [
        "velocity",
        "altitude",
        "azimuth",
        "depth"
      ]
    },
    "RADAR_FRONT_LEFT": {
      "type_id": "sensor.other.radar",
      "blueprint_attributes": {
        "sensor_tick": "0.100000",
        "role_name": "default",
        "noise_seed": "0",
        "ros_name": "sensor.other.radar",
        "horizontal_fov": "35.0",
        "points_per_second": "1500",
        "vertical_fov": "20.0",
        "range": "120.0"
      },
      "transform_carla": {
        "location": {
          "x": 107.13872528076172,
          "y": -35.74696350097656,
          "z": 0.9017802476882935
        },
        "rotation": {
          "roll": -0.07740646600723267,
          "pitch": 0.20820464193820953,
          "yaw": -149.4288787841797
        }
      },
      "matrix_world_from_sensor_carla": [
        [
          -0.8609927892684937,
          0.5086112022399902,
          0.002441608114168048,
          107.13872528076172
        ],
        [
          -0.508604109287262,
          -0.8609952330589294,
          0.0030114073306322098,
          -35.74696350097656
        ],
        [
          0.003633848624303937,
          0.0013509882846847177,
          0.9999924898147583,
          0.9017802476882935
        ],
        [
          0.0,
          0.0,
          0.0,
          1.0
        ]
      ],
      "matrix_world_from_sensor_bevfusion": [
        [
          -0.8609927892684937,
          -0.5086112022399902,
          0.002441608114168048,
          107.13872528076172
        ],
        [
          0.508604109287262,
          -0.8609952330589294,
          -0.0030114073306322098,
          35.74696350097656
        ],
        [
          0.003633848624303937,
          -0.0013509882846847177,
          0.9999924898147583,
          0.9017802476882935
        ],
        [
          0.0,
          0.0,
          0.0,
          1.0
        ]
      ],
      "matrix_ego_from_sensor_carla": [
        [
          0.7071071267127991,
          0.7071064710617065,
          -3.9510215543714367e-08,
          1.6500029563903809
        ],
        [
          -0.7071064114570618,
          0.7071070671081543,
          3.819986815756238e-08,
          -0.75
        ],
        [
          5.559683202704946e-08,
          1.1461139814983312e-09,
          1.0,
          0.8999999761581421
        ],
        [
          0.0,
          0.0,
          0.0,
          1.0
        ]
      ],
      "matrix_ego_from_sensor_bevfusion": [
        [
          0.7071071267127991,
          -0.7071064710617065,
          -3.9510215543714367e-08,
          1.6500029563903809
        ],
        [
          0.7071064114570618,
          0.7071070671081543,
          -3.819986815756238e-08,
          0.75
        ],
        [
          5.559683202704946e-08,
          -1.1461139814983312e-09,
          1.0,
          0.8999999761581421
        ],
        [
          0.0,
          0.0,
          0.0,
          1.0
        ]
      ],
      "data_path": "D:\\Agent-AI\\outputs\\s3a_left_v3\\sample_000029\\radar\\RADAR_FRONT_LEFT.npy",
      "raw_layout": [
        "velocity",
        "altitude",
        "azimuth",
        "depth"
      ]
    },
    "RADAR_FRONT_RIGHT": {
      "type_id": "sensor.other.radar",
      "blueprint_attributes": {
        "sensor_tick": "0.100000",
        "role_name": "default",
        "noise_seed": "0",
        "ros_name": "sensor.other.radar",
        "horizontal_fov": "35.0",
        "points_per_second": "1500",
        "vertical_fov": "20.0",
