{
  "schema_version": "stage1.v1",
  "sample_name": "sample_000104",
  "sequence_index": 104,
  "previous_sample_name": "sample_000103",
  "frame_id": 60105,
  "timestamp": 445.41970090568066,
  "platform_timestamp": 16814610.1607685,
  "delta_seconds": 0.10000000149011612,
  "town": "Carla/Maps/Town10HD_Opt",
  "weather": {
    "cloudiness": 20.0,
    "dust_storm": 0.0,
    "fog_density": 2.0,
    "fog_distance": 0.75,
    "fog_falloff": 0.10000000149011612,
    "mie_scattering_scale": 0.029999999329447746,
    "precipitation": 0.0,
    "precipitation_deposits": 0.0,
    "rayleigh_scattering_scale": 0.03310000151395798,
    "scattering_intensity": 1.0,
    "sun_altitude_angle": 45.0,
    "sun_azimuth_angle": 300.0,
    "wetness": 0.0,
    "wind_intensity": 10.0
  },
  "sensor_names": [
    "CAM_FRONT",
    "CAM_FRONT_RIGHT",
    "CAM_FRONT_LEFT",
    "CAM_BACK",
    "CAM_BACK_LEFT",
    "CAM_BACK_RIGHT",
    "LIDAR_TOP",
    "RADAR_FRONT",
    "RADAR_FRONT_LEFT",
    "RADAR_FRONT_RIGHT",
    "RADAR_BACK_LEFT",
    "RADAR_BACK_RIGHT"
  ],
  "camera_order_for_model": [
    "CAM_FRONT",
    "CAM_FRONT_RIGHT",
    "CAM_FRONT_LEFT",
    "CAM_BACK",
    "CAM_BACK_LEFT",
    "CAM_BACK_RIGHT"
  ],
  "radar_order_for_model": [
    "RADAR_FRONT",
    "RADAR_FRONT_LEFT",
    "RADAR_FRONT_RIGHT",
    "RADAR_BACK_LEFT",
    "RADAR_BACK_RIGHT"
  ],
  "coordinate_notes": {
    "carla_world": "left-handed x-forward y-right z-up",
    "bevfusion_lidar": "x-forward y-left z-up",
    "camera_frame_for_model": "OpenCV style x-right y-down z-forward"
  },
  "ego": {
    "actor_id": 28,
    "transform_carla": {
      "location": {
        "x": 77.28753662109375,
        "y": -62.2799072265625,
        "z": -0.004493980202823877
      },
      "rotation": {
        "roll": -0.00018310548330191523,
        "pitch": -0.0017690189415588975,
        "yaw": -161.72349548339844
      }
    },
    "velocity_carla": [
      1.0134134754480328e-05,
      1.9475883163977414e-06,
      6.00814814788464e-07
    ],
    "angular_velocity_carla": [
      -0.0005577873671427369,
      0.0031265211291611195,
      2.0232225779182045e-06
    ],
    "matrix_world_from_ego_carla": [
      [
        -0.9495541453361511,
        0.3136030435562134,
        -3.0319890356622636e-05,
        77.28753662109375
      ],
      [
        -0.3136030435562134,
        -0.9495541453361511,
        -6.647979716944974e-06,
        -62.2799072265625
      ],
      [
        -3.0875205993652344e-05,
        3.195793624399812e-06,
        1.0,
        -0.004493980202823877
      ],
      [
        0.0,
        0.0,
        0.0,
        1.0
      ]
    ],
    "matrix_world_from_ego_bevfusion": [
      [
        -0.9495541453361511,
        -0.3136030435562134,
        -3.0319890356622636e-05,
        77.28753662109375
      ],
      [
        0.3136030435562134,
        -0.9495541453361511,
        6.647979716944974e-06,
        62.2799072265625
      ],
      [
        -3.0875205993652344e-05,
        -3.195793624399812e-06,
        1.0,
        -0.004493980202823877
      ],
      [
        0.0,
        0.0,
        0.0,
        1.0
      ]
    ]
  },
  "sensors": {
    "CAM_FRONT": {
      "type_id": "sensor.camera.rgb",
      "blueprint_attributes": {
        "role_name": "front",
        "ros_name": "sensor.camera.rgb",
        "chromatic_aberration_offset": "0.0",
        "sensor_tick": "0.100000",
        "fstop": "1.4",
        "image_size_x": "960",
        "image_size_y": "540",
        "fov": "70.00",
        "lens_circle_falloff": "5.0",
        "lens_circle_multiplier": "0.0",
        "exposure_compensation": "0.0",
        "lens_y_size": "0.08",
        "lens_k": "-1.0",
        "exposure_mode": "histogram",
        "lens_kcube": "0.0",
        "lens_x_size": "0.08",
        "exposure_max_bright": "12.0",
        "shutter_speed": "200.0",
        "bloom_intensity": "0.675",
        "iso": "100.0",
        "enable_postprocess_effects": "false",
        "gamma": "2.2",
        "motion_blur_intensity": "0.0",
        "motion_blur_max_distortion": "0.35",
        "lens_flare_intensity": "0.1",
        "motion_blur_min_object_screen_size": "0.1",
        "exposure_min_bright": "10.0",
        "exposure_speed_up": "3.0",
        "exposure_speed_down": "1.0",
        "tint": "0.0",
        "calibration_constant": "16.0",
        "focal_distance": "1000.0",
        "min_fstop": "1.2",
        "blade_count": "5",
        "blur_amount": "0.0",
        "blur_radius": "0.0",
        "slope": "0.88",
        "toe": "0.55",
        "white_clip": "0.04",
        "shoulder": "0.26",
        "black_clip": "0.0",
        "temp": "6500.0",
        "chromatic_aberration_intensity": "0.0"
      },
      "transform_carla": {
        "location": {
          "x": 75.815673828125,
          "y": -62.76599884033203,
          "z": 1.6954580545425415
        },
        "rotation": {
          "roll": -0.00018310548330191523,
          "pitch": -0.0017690189415588975,
          "yaw": -161.72349548339844
        }
      },
      "matrix_world_from_sensor_carla": [
        [
          -0.9495541453361511,
          0.3136030435562134,
          -3.0319890356622636e-05,
          75.815673828125
        ],
        [
          -0.3136030435562134,
          -0.9495541453361511,
          -6.647979716944974e-06,
          -62.76599884033203
        ],
        [
          -3.0875205993652344e-05,
          3.195793624399812e-06,
          1.0,
          1.6954580545425415
        ],
        [
          0.0,
          0.0,
          0.0,
          1.0
        ]
      ],
      "matrix_world_from_sensor_bevfusion": [
        [
          0.3136030435562134,
          3.0319890356622636e-05,
          -0.9495541453361511,
          75.815673828125
        ],
        [
          0.9495541453361511,
          -6.647979716944974e-06,
          0.3136030435562134,
          62.76599884033203
        ],
        [
          3.195793624399812e-06,
          -1.0,
          -3.0875205993652344e-05,
          1.6954580545425415
        ],
        [
          0.0,
          0.0,
          0.0,
          1.0
        ]
      ],
      "matrix_ego_from_sensor_carla": [
        [
          1.0,
          2.143593036407765e-08,
          0.0,
          1.5500030517578125
        ],
        [
          -1.7973112775848676e-08,
          1.0,
          0.0,
          0.0
        ],
        [
          0.0,
          -2.2737367544323206e-13,
          1.0,
          1.6999998092651367
        ],
        [
          0.0,
          0.0,
          0.0,
          1.0
        ]
      ],
      "matrix_ego_from_sensor_bevfusion": [
        [
          2.143593036407765e-08,
          0.0,
          1.0,
          1.5500030517578125
        ],
        [
          -1.0,
          0.0,
          1.7973112775848676e-08,
          0.0
        ],
        [
          -2.2737367544323206e-13,
          -1.0,
          0.0,
          1.6999998092651367
        ],
        [
          0.0,
          0.0,
          0.0,
          1.0
        ]
      ],
      "camera_intrinsics": [
        [
          685.5110473632812,
          0.0,
          480.0
        ],
        [
          0.0,
          685.5110473632812,
          270.0
        ],
        [
          0.0,
          0.0,
          1.0
        ]
      ],
      "data_path": "D:\\Agent-AI\\outputs\\s3a_ml_long_v2\\sample_000104\\images\\CAM_FRONT.png",
      "raw_layout": "bgra8"
    },
    "CAM_FRONT_RIGHT": {
      "type_id": "sensor.camera.rgb",
      "blueprint_attributes": {
        "role_name": "front",
        "ros_name": "sensor.camera.rgb",
        "chromatic_aberration_offset": "0.0",
        "sensor_tick": "0.100000",
        "fstop": "1.4",
        "image_size_x": "960",
        "image_size_y": "540",
        "fov": "70.00",
        "lens_circle_falloff": "5.0",
        "lens_circle_multiplier": "0.0",
        "exposure_compensation": "0.0",
        "lens_y_size": "0.08",
        "lens_k": "-1.0",
        "exposure_mode": "histogram",
        "lens_kcube": "0.0",
        "lens_x_size": "0.08",
        "exposure_max_bright": "12.0",
        "shutter_speed": "200.0",
        "bloom_intensity": "0.675",
        "iso": "100.0",
        "enable_postprocess_effects": "false",
        "gamma": "2.2",
        "motion_blur_intensity": "0.0",
        "motion_blur_max_distortion": "0.35",
        "lens_flare_intensity": "0.1",
        "motion_blur_min_object_screen_size": "0.1",
        "exposure_min_bright": "10.0",
        "exposure_speed_up": "3.0",
        "exposure_speed_down": "1.0",
        "tint": "0.0",
        "calibration_constant": "16.0",
        "focal_distance": "1000.0",
        "min_fstop": "1.2",
        "blade_count": "5",
        "blur_amount": "0.0",
        "blur_radius": "0.0",
        "slope": "0.88",
        "toe": "0.55",
        "white_clip": "0.04",
        "shoulder": "0.26",
        "black_clip": "0.0",
        "temp": "6500.0",
        "chromatic_aberration_intensity": "0.0"
      },
      "transform_carla": {
        "location": {
          "x": 76.22554779052734,
          "y": -63.20985794067383,
          "z": 1.695467472076416
        },
        "rotation": {
          "roll": -0.0015549400122836232,
          "pitch": -0.0008674339624121785,
          "yaw": -106.72351837158203
        }
      },
      "matrix_world_from_sensor_carla": [
        [
          -0.2877536118030548,
          0.957704484462738,
          -3.0347440770128742e-05,
          76.22554779052734
        ],
        [
          -0.957704484462738,
          -0.2877536118030548,
          -6.689948349958286e-06,
          -63.20985794067383
        ],
        [
          -1.5139578863454517e-05,
          2.7138823497807607e-05,
          1.0,
          1.695467472076416
        ],
        [
          0.0,
          0.0,
          0.0,
          1.0
        ]
      ],
      "matrix_world_from_sensor_bevfusion": [
        [
          0.957704484462738,
          3.0347440770128742e-05,
          -0.2877536118030548,
          76.22554779052734
        ],
        [
          0.2877536118030548,
          -6.689948349958286e-06,
          0.957704484462738,
          63.20985794067383
        ],
        [
          2.7138823497807607e-05,
          -1.0,
          -1.5139578863454517e-05,
          1.695467472076416
        ],
        [
          0.0,
          0.0,
          0.0,
          1.0
        ]
      ],
      "matrix_ego_from_sensor_carla": [
        [
          0.5735766887664795,
          -0.8191518783569336,
          3.9322912925854325e-08,
          1.3000030517578125
        ],
        [
          0.8191518783569336,
          0.5735767483711243,
          3.121112968074158e-08,
          0.5500030517578125
        ],
        [
          -4.812045517610386e-08,
          1.4306351658888161e-08,
          1.0,
          1.6999998092651367
        ],
        [
          0.0,
          0.0,
          0.0,
          1.0
        ]
      ],
      "matrix_ego_from_sensor_bevfusion": [
        [
          -0.8191518783569336,
          -3.9322912925854325e-08,
          0.5735766887664795,
          1.3000030517578125
        ],
        [
          -0.5735767483711243,
          3.121112968074158e-08,
          -0.8191518783569336,
          -0.5500030517578125
        ],
        [
          1.4306351658888161e-08,
          -1.0,
          -4.812045517610386e-08,
          1.6999998092651367
        ],
        [
          0.0,
          0.0,
          0.0,
          1.0
        ]
      ],
      "camera_intrinsics": [
        [
          685.5110473632812,
          0.0,
          480.0
        ],
        [
          0.0,
          685.5110473632812,
          270.0
        ],
        [
          0.0,
          0.0,
          1.0
        ]
      ],
      "data_path": "D:\\Agent-AI\\outputs\\s3a_ml_long_v2\\sample_000104\\images\\CAM_FRONT_RIGHT.png",
      "raw_layout": "bgra8"
    },
    "CAM_FRONT_LEFT": {
      "type_id": "sensor.camera.rgb",
      "blueprint_attributes": {
        "role_name": "front",
        "ros_name": "sensor.camera.rgb",
        "chromatic_aberration_offset": "0.0",
        "sensor_tick": "0.100000",
        "fstop": "1.4",
        "image_size_x": "960",
        "image_size_y": "540",
        "fov": "70.00",
        "lens_circle_falloff": "5.0",
        "lens_circle_multiplier": "0.0",
        "exposure_compensation": "0.0",
        "lens_y_size": "0.08",
        "lens_k": "-1.0",
        "exposure_mode": "histogram",
        "lens_kcube": "0.0",
        "lens_x_size": "0.08",
        "exposure_max_bright": "12.0",
        "shutter_speed": "200.0",
        "bloom_intensity": "0.675",
        "iso": "100.0",
        "enable_postprocess_effects": "false",
        "gamma": "2.2",
        "motion_blur_intensity": "0.0",
        "motion_blur_max_distortion": "0.35",
        "lens_flare_intensity": "0.1",
        "motion_blur_min_object_screen_size": "0.1",
        "exposure_min_bright": "10.0",
        "exposure_speed_up": "3.0",
        "exposure_speed_down": "1.0",
        "tint": "0.0",
        "calibration_constant": "16.0",
        "focal_distance": "1000.0",
        "min_fstop": "1.2",
        "blade_count": "5",
        "blur_amount": "0.0",
        "blur_radius": "0.0",
        "slope": "0.88",
        "toe": "0.55",
        "white_clip": "0.04",
        "shoulder": "0.26",
        "black_clip": "0.0",
        "temp": "6500.0",
        "chromatic_aberration_intensity": "0.0"
      },
      "transform_carla": {
        "location": {
          "x": 75.88058471679688,
          "y": -62.16534423828125,
          "z": 1.695464015007019
        },
        "rotation": {
          "roll": 0.0013448899844661355,
          "pitch": -0.0011679623275995255,
          "yaw": 143.27650451660156
        }
      },
      "matrix_world_from_sensor_carla": [
        [
          -0.8015305399894714,
          -0.5979537963867188,
          -3.037465467059519e-05,
          75.88058471679688
        ],
        [
          0.5979537963867188,
          -0.8015305399894714,
          -6.624971319979522e-06,
          -62.16534423828125
        ],
        [
          -2.0384788513183594e-05,
          -2.3472757675335743e-05,
          1.0,
          1.695464015007019
        ],
        [
          0.0,
          0.0,
          0.0,
          1.0
        ]
      ],
      "matrix_world_from_sensor_bevfusion": [
        [
          -0.5979537963867188,
          3.037465467059519e-05,
          -0.8015305399894714,
          75.88058471679688
        ],
        [
          0.8015305399894714,
          -6.624971319979522e-06,
          -0.5979537963867188,
          62.16534423828125
        ],
        [
          -2.3472757675335743e-05,
          -1.0,
          -2.0384788513183594e-05,
          1.695464015007019
        ],
        [
          0.0,
          0.0,
          0.0,
          1.0
        ]
      ],
      "matrix_ego_from_sensor_carla": [
        [
          0.5735765695571899,
          0.8191519975662231,
          4.478715709410608e-08,
          1.2999992370605469
        ],
        [
          -0.8191519975662231,
          0.5735765695571899,
          -3.902277967426926e-08,
          -0.5499954223632812
        ],
        [
          -5.765468813478947e-08,
          -1.4304532669484615e-08,
          1.0,
          1.6999998092651367
        ],
        [
          0.0,
          0.0,
          0.0,
          1.0
        ]
      ],
      "matrix_ego_from_sensor_bevfusion": [
        [
          0.8191519975662231,
          -4.478715709410608e-08,
          0.5735765695571899,
          1.2999992370605469
        ],
        [
          -0.5735765695571899,
          -3.902277967426926e-08,
          0.8191519975662231,
          0.5499954223632812
        ],
        [
          -1.4304532669484615e-08,
          -1.0,
          -5.765468813478947e-08,
          1.6999998092651367
        ],
        [
          0.0,
          0.0,
          0.0,
          1.0
        ]
      ],
      "camera_intrinsics": [
        [
          685.5110473632812,
          0.0,
          480.0
        ],
        [
          0.0,
          685.5110473632812,
          270.0
        ],
        [
          0.0,
          0.0,
          1.0
        ]
      ],
      "data_path": "D:\\Agent-AI\\outputs\\s3a_ml_long_v2\\sample_000104\\images\\CAM_FRONT_LEFT.png",
      "raw_layout": "bgra8"
    },
    "CAM_BACK": {
      "type_id": "sensor.camera.rgb",
      "blueprint_attributes": {
        "role_name": "front",
        "ros_name": "sensor.camera.rgb",
        "chromatic_aberration_offset": "0.0",
        "sensor_tick": "0.100000",
        "fstop": "1.4",
        "image_size_x": "960",
        "image_size_y": "540",
        "fov": "70.00",
        "lens_circle_falloff": "5.0",
        "lens_circle_multiplier": "0.0",
        "exposure_compensation": "0.0",
        "lens_y_size": "0.08",
        "lens_k": "-1.0",
        "exposure_mode": "histogram",
        "lens_kcube": "0.0",
        "lens_x_size": "0.08",
        "exposure_max_bright": "12.0",
        "shutter_speed": "200.0",
        "bloom_intensity": "0.675",
        "iso": "100.0",
        "enable_postprocess_effects": "false",
        "gamma": "2.2",
        "motion_blur_intensity": "0.0",
        "motion_blur_max_distortion": "0.35",
        "lens_flare_intensity": "0.1",
        "motion_blur_min_object_screen_size": "0.1",
        "exposure_min_bright": "10.0",
        "exposure_speed_up": "3.0",
        "exposure_speed_down": "1.0",
        "tint": "0.0",
        "calibration_constant": "16.0",
        "focal_distance": "1000.0",
        "min_fstop": "1.2",
        "blade_count": "5",
        "blur_amount": "0.0",
        "blur_radius": "0.0",
        "slope": "0.88",
        "toe": "0.55",
        "white_clip": "0.04",
        "shoulder": "0.26",
        "black_clip": "0.0",
        "temp": "6500.0",
        "chromatic_aberration_intensity": "0.0"
      },
      "transform_carla": {
        "location": {
          "x": 78.75929260253906,
          "y": -61.79383087158203,
          "z": 1.6955538988113403
        },
        "rotation": {
          "roll": 0.00018310606537852436,
          "pitch": 0.0017690189415588975,
          "yaw": 18.276527404785156
        }
      },
      "matrix_world_from_sensor_carla": [
        [
          0.9495540261268616,
          -0.3136034905910492,
          -3.031989217561204e-05,
          78.75929260253906
        ],
        [
          0.3136034905910492,
          0.9495540261268616,
          -6.647984264418483e-06,
          -61.79383087158203
        ],
        [
          3.0875205993652344e-05,
          -3.1958036288415315e-06,
          1.0,
          1.6955538988113403
        ],
        [
          0.0,
          0.0,
          0.0,
          1.0
        ]
      ],
      "matrix_world_from_sensor_bevfusion": [
        [
          -0.3136034905910492,
          3.031989217561204e-05,
          0.9495540261268616,
          78.75929260253906
        ],
        [
          -0.9495540261268616,
          -6.647984264418483e-06,
          -0.3136034905910492,
          61.79383087158203
        ],
        [
          -3.1958036288415315e-06,
          -1.0,
          3.0875205993652344e-05,
          1.6955538988113403
        ],
        [
          0.0,
          0.0,
          0.0,
          1.0
        ]
      ],
      "matrix_ego_from_sensor_carla": [
        [
          -1.0,
          4.629833085800783e-07,
          3.637978807091713e-12,
          -1.5499992370605469
        ],
        [
          -4.6611532411588996e-07,
          -1.0,
          3.410605131648481e-12,
          0.0
        ],
        [
          0.0,
          4.774847184307873e-12,
          1.0,
          1.7000000476837158
        ],
        [
          0.0,
          0.0,
          0.0,
          1.0
        ]
      ],
      "matrix_ego_from_sensor_bevfusion": [
        [
          4.629833085800783e-07,
          -3.637978807091713e-12,
          -1.0,
          -1.5499992370605469
        ],
        [
          1.0,
          3.410605131648481e-12,
          4.6611532411588996e-07,
          0.0
        ],
        [
          4.774847184307873e-12,
          -1.0,
          0.0,
          1.7000000476837158
        ],
        [
          0.0,
          0.0,
          0.0,
          1.0
        ]
      ],
      "camera_intrinsics": [
        [
          685.5110473632812,
          0.0,
          480.0
        ],
        [
          0.0,
          685.5110473632812,
          270.0
        ],
        [
          0.0,
          0.0,
          1.0
        ]
      ],
      "data_path": "D:\\Agent-AI\\outputs\\s3a_ml_long_v2\\sample_000104\\images\\CAM_BACK.png",
      "raw_layout": "bgra8"
    },
    "CAM_BACK_LEFT": {
      "type_id": "sensor.camera.rgb",
      "blueprint_attributes": {
        "role_name": "front",
        "ros_name": "sensor.camera.rgb",
        "chromatic_aberration_offset": "0.0",
        "sensor_tick": "0.100000",
        "fstop": "1.4",
        "image_size_x": "960",
        "image_size_y": "540",
        "fov": "70.00",
        "lens_circle_falloff": "5.0",
        "lens_circle_multiplier": "0.0",
        "exposure_compensation": "0.0",
        "lens_y_size": "0.08",
        "lens_k": "-1.0",
        "exposure_mode": "histogram",
        "lens_kcube": "0.0",
        "lens_x_size": "0.08",
        "exposure_max_bright": "12.0",
        "shutter_speed": "200.0",
        "bloom_intensity": "0.675",
        "iso": "100.0",
        "enable_postprocess_effects": "false",
        "gamma": "2.2",
        "motion_blur_intensity": "0.0",
        "motion_blur_max_distortion": "0.35",
        "lens_flare_intensity": "0.1",
        "motion_blur_min_object_screen_size": "0.1",
        "exposure_min_bright": "10.0",
        "exposure_speed_up": "3.0",
        "exposure_speed_down": "1.0",
        "tint": "0.0",
        "calibration_constant": "16.0",
        "focal_distance": "1000.0",
        "min_fstop": "1.2",
        "blade_count": "5",
        "blur_amount": "0.0",
        "blur_radius": "0.0",
        "slope": "0.88",
        "toe": "0.55",
        "white_clip": "0.04",
        "shoulder": "0.26",
        "black_clip": "0.0",
        "temp": "6500.0",
        "chromatic_aberration_intensity": "0.0"
      },
      "transform_carla": {
        "location": {
          "x": 78.34941864013672,
          "y": -61.349979400634766,
          "z": 1.6955443620681763
        },
        "rotation": {
          "roll": 0.0015549400122836232,
          "pitch": 0.0008674339624121785,
          "yaw": 73.27648162841797
        }
      },
      "matrix_world_from_sensor_carla": [
        [
          0.2877536416053772,
          -0.957704484462738,
          -3.0347440770128742e-05,
          78.34941864013672
        ],
        [
          0.957704484462738,
          0.2877536416053772,
          -6.689947440463584e-06,
          -61.349979400634766
        ],
        [
          1.5139578863454517e-05,
          -2.7138823497807607e-05,
          1.0,
          1.6955443620681763
        ],
        [
          0.0,
          0.0,
          0.0,
          1.0
        ]
      ],
      "matrix_world_from_sensor_bevfusion": [
        [
          -0.957704484462738,
          3.0347440770128742e-05,
          0.2877536416053772,
          78.34941864013672
        ],
        [
          -0.2877536416053772,
          -6.689947440463584e-06,
          -0.957704484462738,
          61.349979400634766
        ],
        [
          -2.7138823497807607e-05,
          -1.0,
          1.5139578863454517e-05,
          1.6955443620681763
        ],
        [
          0.0,
          0.0,
          0.0,
          1.0
        ]
      ],
      "matrix_ego_from_sensor_carla": [
        [
          -0.5735767483711243,
          0.8191518783569336,
          3.9322912925854325e-08,
          -1.2999916076660156
        ],
        [
          -0.8191518783569336,
          -0.5735767483711243,
          3.121044755971525e-08,
          -0.5499954223632812
        ],
        [
          4.811954568140209e-08,
          -1.4306351658888161e-08,
          1.0,
          1.7000000476837158
        ],
        [
          0.0,
          0.0,
          0.0,
          1.0
        ]
      ],
      "matrix_ego_from_sensor_bevfusion": [
        [
          0.8191518783569336,
          -3.9322912925854325e-08,
          -0.5735767483711243,
          -1.2999916076660156
        ],
        [
          0.5735767483711243,
          3.121044755971525e-08,
          0.8191518783569336,
          0.5499954223632812
        ],
        [
          -1.4306351658888161e-08,
          -1.0,
          4.811954568140209e-08,
          1.7000000476837158
        ],
        [
          0.0,
          0.0,
          0.0,
          1.0
        ]
      ],
      "camera_intrinsics": [
        [
          685.5110473632812,
          0.0,
          480.0
        ],
        [
          0.0,
          685.5110473632812,
          270.0
        ],
        [
          0.0,
          0.0,
          1.0
        ]
      ],
      "data_path": "D:\\Agent-AI\\outputs\\s3a_ml_long_v2\\sample_000104\\images\\CAM_BACK_LEFT.png",
      "raw_layout": "bgra8"
    },
    "CAM_BACK_RIGHT": {
      "type_id": "sensor.camera.rgb",
      "blueprint_attributes": {
        "role_name": "front",
        "ros_name": "sensor.camera.rgb",
        "chromatic_aberration_offset": "0.0",
        "sensor_tick": "0.100000",
        "fstop": "1.4",
        "image_size_x": "960",
        "image_size_y": "540",
        "fov": "70.00",
        "lens_circle_falloff": "5.0",
        "lens_circle_multiplier": "0.0",
        "exposure_compensation": "0.0",
        "lens_y_size": "0.08",
        "lens_k": "-1.0",
        "exposure_mode": "histogram",
        "lens_kcube": "0.0",
        "lens_x_size": "0.08",
        "exposure_max_bright": "12.0",
        "shutter_speed": "200.0",
        "bloom_intensity": "0.675",
        "iso": "100.0",
        "enable_postprocess_effects": "false",
        "gamma": "2.2",
        "motion_blur_intensity": "0.0",
        "motion_blur_max_distortion": "0.35",
        "lens_flare_intensity": "0.1",
        "motion_blur_min_object_screen_size": "0.1",
        "exposure_min_bright": "10.0",
        "exposure_speed_up": "3.0",
        "exposure_speed_down": "1.0",
        "tint": "0.0",
        "calibration_constant": "16.0",
        "focal_distance": "1000.0",
        "min_fstop": "1.2",
        "blade_count": "5",
        "blur_amount": "0.0",
        "blur_radius": "0.0",
        "slope": "0.88",
        "toe": "0.55",
        "white_clip": "0.04",
        "shoulder": "0.26",
        "black_clip": "0.0",
        "temp": "6500.0",
        "chromatic_aberration_intensity": "0.0"
      },
      "transform_carla": {
        "location": {
          "x": 78.69438934326172,
          "y": -62.39448547363281,
          "z": 1.6955479383468628
        },
        "rotation": {
          "roll": -0.0013448902172967792,
          "pitch": 0.0011679623275995255,
          "yaw": -36.72349166870117
        }
      },
      "matrix_world_from_sensor_carla": [
        [
          0.8015305399894714,
          0.5979538559913635,
          -3.0374658308574e-05,
          78.69438934326172
        ],
        [
          -0.5979538559913635,
          0.8015305399894714,
          -6.624972229474224e-06,
          -62.39448547363281
        ],
        [
          2.0384788513183594e-05,
          2.347276131331455e-05,
          1.0,
          1.6955479383468628
        ],
        [
          0.0,
          0.0,
          0.0,
          1.0
        ]
      ],
      "matrix_world_from_sensor_bevfusion": [
        [
          0.5979538559913635,
          3.0374658308574e-05,
          0.8015305399894714,
          78.69438934326172
        ],
        [
          -0.8015305399894714,
          -6.624972229474224e-06,
          0.5979538559913635,
          62.39448547363281
        ],
        [
          2.347276131331455e-05,
          -1.0,
          2.0384788513183594e-05,
          1.6955479383468628
        ],
        [
          0.0,
          0.0,
          0.0,
          1.0
        ]
      ],
      "matrix_ego_from_sensor_carla": [
        [
          -0.5735765695571899,
          -0.8191520571708679,
          4.479079507291317e-08,
          -1.3000030517578125
        ],
        [
          0.8191520571708679,
          -0.5735765099525452,
          -3.902277967426926e-08,
          0.5500030517578125
        ],
        [
          5.765468813478947e-08,
          1.4306351658888161e-08,
          1.0,
          1.7000000476837158
        ],
        [
          0.0,
          0.0,
          0.0,
          1.0
        ]
      ],
      "matrix_ego_from_sensor_bevfusion": [
        [
          -0.8191520571708679,
          -4.479079507291317e-08,
          -0.5735765695571899,
          -1.3000030517578125
        ],
        [
          0.5735765099525452,
          -3.902277967426926e-08,
          -0.8191520571708679,
          -0.5500030517578125
        ],
        [
          1.4306351658888161e-08,
          -1.0,
          5.765468813478947e-08,
          1.7000000476837158
        ],
        [
          0.0,
          0.0,
          0.0,
          1.0
        ]
      ],
      "camera_intrinsics": [
        [
          685.5110473632812,
          0.0,
          480.0
        ],
        [
          0.0,
          685.5110473632812,
          270.0
        ],
        [
          0.0,
          0.0,
          1.0
        ]
      ],
      "data_path": "D:\\Agent-AI\\outputs\\s3a_ml_long_v2\\sample_000104\\images\\CAM_BACK_RIGHT.png",
      "raw_layout": "bgra8"
    },
    "LIDAR_TOP": {
      "type_id": "sensor.lidar.ray_cast",
      "blueprint_attributes": {
        "atmosphere_attenuation_rate": "0.004",
        "role_name": "front",
        "noise_seed": "0",
        "upper_fov": "10.0",
        "ros_name": "sensor.lidar.ray_cast",
        "sensor_tick": "0.100000",
        "channels": "32",
        "range": "120.0",
        "points_per_second": "360000",
        "lower_fov": "-30.0",
        "rotation_frequency": "10.000000",
        "horizontal_fov": "360.0",
        "dropoff_general_rate": "0.0",
        "dropoff_intensity_limit": "1.0",
        "noise_stddev": "0.0",
        "dropoff_zero_intensity": "0.0"
      },
      "transform_carla": {
        "location": {
          "x": 77.28746795654297,
          "y": -62.2799186706543,
          "z": 2.1955058574676514
        },
        "rotation": {
          "roll": -0.00018310548330191523,
          "pitch": -0.0017690189415588975,
          "yaw": -161.72349548339844
        }
      },
      "matrix_world_from_sensor_carla": [
        [
          -0.9495541453361511,
          0.3136030435562134,
          -3.0319890356622636e-05,
          77.28746795654297
        ],
        [
          -0.3136030435562134,
          -0.9495541453361511,
          -6.647979716944974e-06,
          -62.2799186706543
        ],
        [
          -3.0875205993652344e-05,
          3.195793624399812e-06,
          1.0,
          2.1955058574676514
        ],
        [
          0.0,
          0.0,
          0.0,
          1.0
        ]
      ],
      "matrix_world_from_sensor_bevfusion": [
        [
          -0.9495541453361511,
          -0.3136030435562134,
          -3.0319890356622636e-05,
          77.28746795654297
        ],
        [
          0.3136030435562134,
          -0.9495541453361511,
          6.647979716944974e-06,
          62.2799186706543
        ],
        [
          -3.0875205993652344e-05,
          -3.195793624399812e-06,
          1.0,
          2.1955058574676514
        ],
        [
          0.0,
          0.0,
          0.0,
          1.0
        ]
      ],
      "matrix_ego_from_sensor_carla": [
        [
          1.0,
          2.143593036407765e-08,
          0.0,
          0.0
        ],
        [
          -1.7973112775848676e-08,
          1.0,
          0.0,
          0.0
        ],
        [
          0.0,
          -2.2737367544323206e-13,
          1.0,
          2.1999998092651367
        ],
        [
          0.0,
          0.0,
          0.0,
          1.0
        ]
      ],
      "matrix_ego_from_sensor_bevfusion": [
        [
          1.0,
          -2.143593036407765e-08,
          0.0,
          0.0
        ],
        [
          1.7973112775848676e-08,
          1.0,
          0.0,
          0.0
        ],
        [
          0.0,
          2.2737367544323206e-13,
          1.0,
          2.1999998092651367
        ],
        [
          0.0,
          0.0,
          0.0,
          1.0
        ]
      ],
      "data_path": "D:\\Agent-AI\\outputs\\s3a_ml_long_v2\\sample_000104\\lidar\\LIDAR_TOP.npy",
      "raw_layout": [
        "x",
        "y",
        "z",
        "intensity"
      ]
    },
    "RADAR_FRONT": {
      "type_id": "sensor.other.radar",
      "blueprint_attributes": {
        "sensor_tick": "0.100000",
        "role_name": "default",
        "noise_seed": "0",
        "ros_name": "sensor.other.radar",
        "horizontal_fov": "35.0",
        "points_per_second": "1500",
        "vertical_fov": "20.0",
        "range": "120.0"
      },
      "transform_carla": {
        "location": {
          "x": 75.3884048461914,
          "y": -62.9071159362793,
          "z": 0.8954441547393799
        },
        "rotation": {
          "roll": -0.00018310548330191523,
          "pitch": -0.0017690189415588975,
          "yaw": -161.72349548339844
        }
      },
      "matrix_world_from_sensor_carla": [
        [
          -0.9495541453361511,
          0.3136030435562134,
          -3.0319890356622636e-05,
          75.3884048461914
        ],
        [
          -0.3136030435562134,
          -0.9495541453361511,
          -6.647979716944974e-06,
          -62.9071159362793
        ],
        [
          -3.0875205993652344e-05,
          3.195793624399812e-06,
          1.0,
          0.8954441547393799
        ],
        [
          0.0,
          0.0,
          0.0,
          1.0
        ]
      ],
      "matrix_world_from_sensor_bevfusion": [
        [
          -0.9495541453361511,
          -0.3136030435562134,
          -3.0319890356622636e-05,
          75.3884048461914
        ],
        [
          0.3136030435562134,
          -0.9495541453361511,
          6.647979716944974e-06,
          62.9071159362793
        ],
        [
          -3.0875205993652344e-05,
          -3.195793624399812e-06,
          1.0,
          0.8954441547393799
        ],
        [
          0.0,
          0.0,
          0.0,
          1.0
        ]
      ],
      "matrix_ego_from_sensor_carla": [
        [
          1.0,
          2.143593036407765e-08,
          0.0,
          1.9999923706054688
        ],
        [
          -1.7973112775848676e-08,
          1.0,
          0.0,
          -7.62939453125e-06
        ],
        [
          0.0,
          -2.2737367544323206e-13,
          1.0,
          0.8999998569488525
        ],
        [
          0.0,
          0.0,
          0.0,
          1.0
        ]
      ],
      "matrix_ego_from_sensor_bevfusion": [
        [
          1.0,
          -2.143593036407765e-08,
          0.0,
          1.9999923706054688
        ],
        [
          1.7973112775848676e-08,
          1.0,
          0.0,
          7.62939453125e-06
        ],
        [
          0.0,
          2.2737367544323206e-13,
          1.0,
          0.8999998569488525
        ],
        [
          0.0,
          0.0,
          0.0,
          1.0
        ]
      ],
      "data_path": "D:\\Agent-AI\\outputs\\s3a_ml_long_v2\\sample_000104\\radar\\RADAR_FRONT.npy",
      "raw_layout": [
        "velocity",
        "altitude",
        "azimuth",
        "depth"
      ]
    },
    "RADAR_FRONT_LEFT": {
      "type_id": "sensor.other.radar",
      "blueprint_attributes": {
        "sensor_tick": "0.100000",
        "role_name": "default",
        "noise_seed": "0",
        "ros_name": "sensor.other.radar",
        "horizontal_fov": "35.0",
        "points_per_second": "1500",
        "vertical_fov": "20.0",
        "range": "120.0"
      },
      "transform_carla": {
        "location": {
          "x": 75.48554229736328,
          "y": -62.08518981933594,
          "z": 0.8954527378082275
        },
        "rotation": {
          "roll": 0.0011221177410334349,
          "pitch": -0.001379698165692389,
          "yaw": 153.27651977539062
        }
      },
      "matrix_world_from_sensor_carla": [
        [
          -0.8931871652603149,
          -0.4496850371360779,
          -3.0315117328427732e-05,
          75.48554229736328
        ],
        [
          0.4496850371360779,
          -0.8931871652603149,
          -6.664217835350428e-06,
          -62.08518981933594
        ],
        [
          -2.408027467026841e-05,
          -1.958464963536244e-05,
          1.0,
          0.8954527378082275
        ],
        [
          0.0,
          0.0,
          0.0,
          1.0
        ]
      ],
      "matrix_world_from_sensor_bevfusion": [
        [
          -0.8931871652603149,
          0.4496850371360779,
          -3.0315117328427732e-05,
          75.48554229736328
        ],
        [
          -0.4496850371360779,
          -0.8931871652603149,
          6.664217835350428e-06,
          62.08518981933594
        ],
        [
          -2.408027467026841e-05,
          1.958464963536244e-05,
          1.0,
          0.8954527378082275
        ],
        [
          0.0,
          0.0,
          0.0,
          1.0
        ]
      ],
      "matrix_ego_from_sensor_carla": [
        [
          0.7071070075035095,
          0.7071065306663513,
          5.602487362921238e-10,
          1.6500053405761719
        ],
        [
          -0.7071065902709961,
          0.7071070075035095,
          1.6915919331950136e-08,
          -0.75
        ],
        [
          1.1566953617148101e-08,
          -1.2358214007690549e-08,
          1.0,
          0.9000000357627869
        ],
        [
          0.0,
          0.0,
          0.0,
          1.0
        ]
      ],
      "matrix_ego_from_sensor_bevfusion": [
        [
          0.7071070075035095,
          -0.7071065306663513,
          5.602487362921238e-10,
          1.6500053405761719
        ],
        [
          0.7071065902709961,
          0.7071070075035095,
          -1.6915919331950136e-08,
          0.75
        ],
        [
          1.1566953617148101e-08,
          1.2358214007690549e-08,
          1.0,
          0.9000000357627869
        ],
        [
          0.0,
          0.0,
          0.0,
          1.0
        ]
      ],
      "data_path": "D:\\Agent-AI\\outputs\\s3a_ml_long_v2\\sample_000104\\radar\\RADAR_FRONT_LEFT.npy",
      "raw_layout": [
        "velocity",
        "altitude",
        "azimuth",
        "depth"
      ]
    },
    "RADAR_FRONT_RIGHT": {
      "type_id": "sensor.other.radar",
      "blueprint_attributes": {
        "sensor_tick": "0.100000",
        "role_name": "default",
        "noise_seed": "0",
        "ros_name": "sensor.other.radar",
        "horizontal_fov": "35.0",
        "points_per_second": "1500",
        "vertical_fov": "20.0",
        "range": "120.0"
      },
      "transform_carla": {
        "location": {
          "x": 75.95594787597656,
          "y": -63.509521484375,
          "z": 0.8954574465751648
        },
        "rotation": {
          "roll": -0.001381067791953683,
          "pitch": -0.001126981107518077,
          "yaw": -116.7234878540039
        }
      },
      "matrix_world_from_sensor_carla": [
        [
          -0.449685275554657,
          0.8931871056556702,
          -3.0374641937669367e-05,
          75.95594787597656
        ],
        [
          -0.8931871056556702,
