{
  "schema_version": "stage1.v1",
  "sample_name": "sample_000064",
  "sequence_index": 64,
  "previous_sample_name": "sample_000063",
  "frame_id": 60065,
  "timestamp": 441.419700846076,
  "platform_timestamp": 16814590.7544487,
  "delta_seconds": 0.10000000149011612,
  "town": "Carla/Maps/Town10HD_Opt",
  "weather": {
    "cloudiness": 20.0,
    "dust_storm": 0.0,
    "fog_density": 2.0,
    "fog_distance": 0.75,
    "fog_falloff": 0.10000000149011612,
    "mie_scattering_scale": 0.029999999329447746,
    "precipitation": 0.0,
    "precipitation_deposits": 0.0,
    "rayleigh_scattering_scale": 0.03310000151395798,
    "scattering_intensity": 1.0,
    "sun_altitude_angle": 45.0,
    "sun_azimuth_angle": 300.0,
    "wetness": 0.0,
    "wind_intensity": 10.0
  },
  "sensor_names": [
    "CAM_FRONT",
    "CAM_FRONT_RIGHT",
    "CAM_FRONT_LEFT",
    "CAM_BACK",
    "CAM_BACK_LEFT",
    "CAM_BACK_RIGHT",
    "LIDAR_TOP",
    "RADAR_FRONT",
    "RADAR_FRONT_LEFT",
    "RADAR_FRONT_RIGHT",
    "RADAR_BACK_LEFT",
    "RADAR_BACK_RIGHT"
  ],
  "camera_order_for_model": [
    "CAM_FRONT",
    "CAM_FRONT_RIGHT",
    "CAM_FRONT_LEFT",
    "CAM_BACK",
    "CAM_BACK_LEFT",
    "CAM_BACK_RIGHT"
  ],
  "radar_order_for_model": [
    "RADAR_FRONT",
    "RADAR_FRONT_LEFT",
    "RADAR_FRONT_RIGHT",
    "RADAR_BACK_LEFT",
    "RADAR_BACK_RIGHT"
  ],
  "coordinate_notes": {
    "carla_world": "left-handed x-forward y-right z-up",
    "bevfusion_lidar": "x-forward y-left z-up",
    "camera_frame_for_model": "OpenCV style x-right y-down z-forward"
  },
  "ego": {
    "actor_id": 28,
    "transform_carla": {
      "location": {
        "x": 83.00809478759766,
        "y": -60.1177978515625,
        "z": -0.0011800384381785989
      },
      "rotation": {
        "roll": 0.345795214176178,
        "pitch": -0.8933955430984497,
        "yaw": -153.39453125
      }
    },
    "velocity_carla": [
      -3.4592771530151367,
      -1.6466467380523682,
      -0.00313364015892148
    ],
    "angular_velocity_carla": [
      1.3203521966934204,
      -5.641172885894775,
      -4.1426568031311035
    ],
    "matrix_world_from_ego_carla": [
      [
        -0.8940028548240662,
        0.44792038202285767,
        -0.011237944476306438,
        83.00809478759766
      ],
      [
        -0.4477899968624115,
        -0.894053041934967,
        -0.012378857471048832,
        -60.1177978515625
      ],
      [
        -0.015592061914503574,
        -0.00603449484333396,
        0.9998602271080017,
        -0.0011800384381785989
      ],
      [
        0.0,
        0.0,
        0.0,
        1.0
      ]
    ],
    "matrix_world_from_ego_bevfusion": [
      [
        -0.8940028548240662,
        -0.44792038202285767,
        -0.011237944476306438,
        83.00809478759766
      ],
      [
        0.4477899968624115,
        -0.894053041934967,
        0.012378857471048832,
        60.1177978515625
      ],
      [
        -0.015592061914503574,
        0.00603449484333396,
        0.9998602271080017,
        -0.0011800384381785989
      ],
      [
        0.0,
        0.0,
        0.0,
        1.0
      ]
    ]
  },
  "sensors": {
    "CAM_FRONT": {
      "type_id": "sensor.camera.rgb",
      "blueprint_attributes": {
        "role_name": "front",
        "ros_name": "sensor.camera.rgb",
        "chromatic_aberration_offset": "0.0",
        "sensor_tick": "0.100000",
        "fstop": "1.4",
        "image_size_x": "960",
        "image_size_y": "540",
        "fov": "70.00",
        "lens_circle_falloff": "5.0",
        "lens_circle_multiplier": "0.0",
        "exposure_compensation": "0.0",
        "lens_y_size": "0.08",
        "lens_k": "-1.0",
        "exposure_mode": "histogram",
        "lens_kcube": "0.0",
        "lens_x_size": "0.08",
        "exposure_max_bright": "12.0",
        "shutter_speed": "200.0",
        "bloom_intensity": "0.675",
        "iso": "100.0",
        "enable_postprocess_effects": "false",
        "gamma": "2.2",
        "motion_blur_intensity": "0.0",
        "motion_blur_max_distortion": "0.35",
        "lens_flare_intensity": "0.1",
        "motion_blur_min_object_screen_size": "0.1",
        "exposure_min_bright": "10.0",
        "exposure_speed_up": "3.0",
        "exposure_speed_down": "1.0",
        "tint": "0.0",
        "calibration_constant": "16.0",
        "focal_distance": "1000.0",
        "min_fstop": "1.2",
        "blade_count": "5",
        "blur_amount": "0.0",
        "blur_radius": "0.0",
        "slope": "0.88",
        "toe": "0.55",
        "white_clip": "0.04",
        "shoulder": "0.26",
        "black_clip": "0.0",
        "temp": "6500.0",
        "chromatic_aberration_intensity": "0.0"
      },
      "transform_carla": {
        "location": {
          "x": 81.60328674316406,
          "y": -60.83291244506836,
          "z": 1.6744142770767212
        },
        "rotation": {
          "roll": 0.345795214176178,
          "pitch": -0.8933955430984497,
          "yaw": -153.39453125
        }
      },
      "matrix_world_from_sensor_carla": [
        [
          -0.8940028548240662,
          0.44792038202285767,
          -0.011237944476306438,
          81.60328674316406
        ],
        [
          -0.4477899968624115,
          -0.894053041934967,
          -0.012378857471048832,
          -60.83291244506836
        ],
        [
          -0.015592061914503574,
          -0.00603449484333396,
          0.9998602271080017,
          1.6744142770767212
        ],
        [
          0.0,
          0.0,
          0.0,
          1.0
        ]
      ],
      "matrix_world_from_sensor_bevfusion": [
        [
          0.44792038202285767,
          0.011237944476306438,
          -0.8940028548240662,
          81.60328674316406
        ],
        [
          0.894053041934967,
          -0.012378857471048832,
          0.4477899968624115,
          60.83291244506836
        ],
        [
          -0.00603449484333396,
          -0.9998602271080017,
          -0.015592061914503574,
          1.6744142770767212
        ],
        [
          0.0,
          0.0,
          0.0,
          1.0
        ]
      ],
      "matrix_ego_from_sensor_carla": [
        [
          1.0,
          8.601740653091383e-09,
          9.839538073208587e-10,
          1.5499954223632812
        ],
        [
          2.3354853606605275e-09,
          1.0,
          -3.194566000619403e-10,
          -7.62939453125e-06
        ],
        [
          5.276140635501747e-11,
          -3.194566000619403e-10,
          1.0,
          1.6999995708465576
        ],
        [
          0.0,
          0.0,
          0.0,
          1.0
        ]
      ],
      "matrix_ego_from_sensor_bevfusion": [
        [
          8.601740653091383e-09,
          -9.839538073208587e-10,
          1.0,
          1.5499954223632812
        ],
        [
          -1.0,
          -3.194566000619403e-10,
          -2.3354853606605275e-09,
          7.62939453125e-06
        ],
        [
          -3.194566000619403e-10,
          -1.0,
          5.276140635501747e-11,
          1.6999995708465576
        ],
        [
          0.0,
          0.0,
          0.0,
          1.0
        ]
      ],
      "camera_intrinsics": [
        [
          685.5110473632812,
          0.0,
          480.0
        ],
        [
          0.0,
          685.5110473632812,
          270.0
        ],
        [
          0.0,
          0.0,
          1.0
        ]
      ],
      "data_path": "D:\\Agent-AI\\outputs\\s3a_ml_long_v2\\sample_000064\\images\\CAM_FRONT.png",
      "raw_layout": "bgra8"
    },
    "CAM_FRONT_RIGHT": {
      "type_id": "sensor.camera.rgb",
      "blueprint_attributes": {
        "role_name": "front",
        "ros_name": "sensor.camera.rgb",
        "chromatic_aberration_offset": "0.0",
        "sensor_tick": "0.100000",
        "fstop": "1.4",
        "image_size_x": "960",
        "image_size_y": "540",
        "fov": "70.00",
        "lens_circle_falloff": "5.0",
        "lens_circle_multiplier": "0.0",
        "exposure_compensation": "0.0",
        "lens_y_size": "0.08",
        "lens_k": "-1.0",
        "exposure_mode": "histogram",
        "lens_kcube": "0.0",
        "lens_x_size": "0.08",
        "exposure_max_bright": "12.0",
        "shutter_speed": "200.0",
        "bloom_intensity": "0.675",
        "iso": "100.0",
        "enable_postprocess_effects": "false",
        "gamma": "2.2",
        "motion_blur_intensity": "0.0",
        "motion_blur_max_distortion": "0.35",
        "lens_flare_intensity": "0.1",
        "motion_blur_min_object_screen_size": "0.1",
        "exposure_min_bright": "10.0",
        "exposure_speed_up": "3.0",
        "exposure_speed_down": "1.0",
        "tint": "0.0",
        "calibration_constant": "16.0",
        "focal_distance": "1000.0",
        "min_fstop": "1.2",
        "blade_count": "5",
        "blur_amount": "0.0",
        "blur_radius": "0.0",
        "slope": "0.88",
        "toe": "0.55",
        "white_clip": "0.04",
        "shoulder": "0.26",
        "black_clip": "0.0",
        "temp": "6500.0",
        "chromatic_aberration_intensity": "0.0"
      },
      "transform_carla": {
        "location": {
          "x": 82.0731430053711,
          "y": -61.21269989013672,
          "z": 1.6749935150146484
        },
        "rotation": {
          "roll": -0.5335467457771301,
          "pitch": -0.7956555485725403,
          "yaw": -98.38813781738281
        }
      },
      "matrix_world_from_sensor_carla": [
        [
          -0.14586414396762848,
          0.9892408847808838,
          -0.011238028295338154,
          82.0731430053711
        ],
        [
          -0.9892071485519409,
          -0.14599981904029846,
          -0.012378799729049206,
          -61.21269989013672
        ],
        [
          -0.013886363245546818,
          0.009311114437878132,
          0.9998602271080017,
          1.6749935150146484
        ],
        [
          0.0,
          0.0,
          0.0,
          1.0
        ]
      ],
      "matrix_world_from_sensor_bevfusion": [
        [
          0.9892408847808838,
          0.011238028295338154,
          -0.14586414396762848,
          82.0731430053711
        ],
        [
          0.14599981904029846,
          -0.012378799729049206,
          0.9892071485519409,
          61.21269989013672
        ],
        [
          0.009311114437878132,
          -0.9998602271080017,
          -0.013886363245546818,
          1.6749935150146484
        ],
        [
          0.0,
          0.0,
          0.0,
          1.0
        ]
      ],
      "matrix_ego_from_sensor_carla": [
        [
          0.5735765099525452,
          -0.8191520571708679,
          4.941272635505811e-08,
          1.3000030517578125
        ],
        [
          0.8191519975662231,
          0.5735765695571899,
          -8.926076588977594e-08,
          0.5499954223632812
        ],
        [
          4.4764387752138646e-08,
          8.995453271154474e-08,
          1.0,
          1.6999998092651367
        ],
        [
          0.0,
          0.0,
          0.0,
          1.0
        ]
      ],
      "matrix_ego_from_sensor_bevfusion": [
        [
          -0.8191520571708679,
          -4.941272635505811e-08,
          0.5735765099525452,
          1.3000030517578125
        ],
        [
          -0.5735765695571899,
          -8.926076588977594e-08,
          -0.8191519975662231,
          -0.5499954223632812
        ],
        [
          8.995453271154474e-08,
          -1.0,
          4.4764387752138646e-08,
          1.6999998092651367
        ],
        [
          0.0,
          0.0,
          0.0,
          1.0
        ]
      ],
      "camera_intrinsics": [
        [
          685.5110473632812,
          0.0,
          480.0
        ],
        [
          0.0,
          685.5110473632812,
          270.0
        ],
        [
          0.0,
          0.0,
          1.0
        ]
      ],
      "data_path": "D:\\Agent-AI\\outputs\\s3a_ml_long_v2\\sample_000064\\images\\CAM_FRONT_RIGHT.png",
      "raw_layout": "bgra8"
    },
    "CAM_FRONT_LEFT": {
      "type_id": "sensor.camera.rgb",
      "blueprint_attributes": {
        "role_name": "front",
        "ros_name": "sensor.camera.rgb",
        "chromatic_aberration_offset": "0.0",
        "sensor_tick": "0.100000",
        "fstop": "1.4",
        "image_size_x": "960",
        "image_size_y": "540",
        "fov": "70.00",
        "lens_circle_falloff": "5.0",
        "lens_circle_multiplier": "0.0",
        "exposure_compensation": "0.0",
        "lens_y_size": "0.08",
        "lens_k": "-1.0",
        "exposure_mode": "histogram",
        "lens_kcube": "0.0",
        "lens_x_size": "0.08",
        "exposure_max_bright": "12.0",
        "shutter_speed": "200.0",
        "bloom_intensity": "0.675",
        "iso": "100.0",
        "enable_postprocess_effects": "false",
        "gamma": "2.2",
        "motion_blur_intensity": "0.0",
        "motion_blur_max_distortion": "0.35",
        "lens_flare_intensity": "0.1",
        "motion_blur_min_object_screen_size": "0.1",
        "exposure_min_bright": "10.0",
        "exposure_speed_up": "3.0",
        "exposure_speed_down": "1.0",
        "tint": "0.0",
        "calibration_constant": "16.0",
        "focal_distance": "1000.0",
        "min_fstop": "1.2",
        "blade_count": "5",
        "blur_amount": "0.0",
        "blur_radius": "0.0",
        "slope": "0.88",
        "toe": "0.55",
        "white_clip": "0.04",
        "shoulder": "0.26",
        "black_clip": "0.0",
        "temp": "6500.0",
        "chromatic_aberration_intensity": "0.0"
      },
      "transform_carla": {
        "location": {
          "x": 81.58042907714844,
          "y": -60.2292366027832,
          "z": 1.6816314458847046
        },
        "rotation": {
          "roll": 0.9301652312278748,
          "pitch": -0.2291869819164276,
          "yaw": 151.60629272460938
        }
      },
      "matrix_world_from_sensor_carla": [
        [
          -0.8796938061714172,
          -0.47540777921676636,
          -0.01123797707259655,
          81.58042907714844
        ],
        [
          0.47552379965782166,
          -0.8796157836914062,
          -0.012378942221403122,
          -60.2292366027832
        ],
        [
          -0.0040000565350055695,
          -0.016233602538704872,
          0.9998602271080017,
          1.6816314458847046
        ],
        [
          0.0,
          0.0,
          0.0,
          1.0
        ]
      ],
      "matrix_world_from_sensor_bevfusion": [
        [
          -0.47540777921676636,
          0.01123797707259655,
          -0.8796938061714172,
          81.58042907714844
        ],
        [
          0.8796157836914062,
          -0.012378942221403122,
          -0.47552379965782166,
          60.2292366027832
        ],
        [
          -0.016233602538704872,
          -0.9998602271080017,
          -0.0040000565350055695,
          1.6816314458847046
        ],
        [
          0.0,
          0.0,
          0.0,
          1.0
        ]
      ],
      "matrix_ego_from_sensor_carla": [
        [
          0.5735762715339661,
          0.8191521763801575,
          6.71078552727522e-08,
          1.3000030517578125
        ],
        [
          -0.8191521763801575,
          0.5735763311386108,
          6.114782991062384e-08,
          -0.5500106811523438
        ],
        [
          1.0084812096522455e-08,
          -8.909118776045943e-08,
          1.0,
          1.6999998092651367
        ],
        [
          0.0,
          0.0,
          0.0,
          1.0
        ]
      ],
      "matrix_ego_from_sensor_bevfusion": [
        [
          0.8191521763801575,
          -6.71078552727522e-08,
          0.5735762715339661,
          1.3000030517578125
        ],
        [
          -0.5735763311386108,
          6.114782991062384e-08,
          0.8191521763801575,
          0.5500106811523438
        ],
        [
          -8.909118776045943e-08,
          -1.0,
          1.0084812096522455e-08,
          1.6999998092651367
        ],
        [
          0.0,
          0.0,
          0.0,
          1.0
        ]
      ],
      "camera_intrinsics": [
        [
          685.5110473632812,
          0.0,
          480.0
        ],
        [
          0.0,
          685.5110473632812,
          270.0
        ],
        [
          0.0,
          0.0,
          1.0
        ]
      ],
      "data_path": "D:\\Agent-AI\\outputs\\s3a_ml_long_v2\\sample_000064\\images\\CAM_FRONT_LEFT.png",
      "raw_layout": "bgra8"
    },
    "CAM_BACK": {
      "type_id": "sensor.camera.rgb",
      "blueprint_attributes": {
        "role_name": "front",
        "ros_name": "sensor.camera.rgb",
        "chromatic_aberration_offset": "0.0",
        "sensor_tick": "0.100000",
        "fstop": "1.4",
        "image_size_x": "960",
        "image_size_y": "540",
        "fov": "70.00",
        "lens_circle_falloff": "5.0",
        "lens_circle_multiplier": "0.0",
        "exposure_compensation": "0.0",
        "lens_y_size": "0.08",
        "lens_k": "-1.0",
        "exposure_mode": "histogram",
        "lens_kcube": "0.0",
        "lens_x_size": "0.08",
        "exposure_max_bright": "12.0",
        "shutter_speed": "200.0",
        "bloom_intensity": "0.675",
        "iso": "100.0",
        "enable_postprocess_effects": "false",
        "gamma": "2.2",
        "motion_blur_intensity": "0.0",
        "motion_blur_max_distortion": "0.35",
        "lens_flare_intensity": "0.1",
        "motion_blur_min_object_screen_size": "0.1",
        "exposure_min_bright": "10.0",
        "exposure_speed_up": "3.0",
        "exposure_speed_down": "1.0",
        "tint": "0.0",
        "calibration_constant": "16.0",
        "focal_distance": "1000.0",
        "min_fstop": "1.2",
        "blade_count": "5",
        "blur_amount": "0.0",
        "blur_radius": "0.0",
        "slope": "0.88",
        "toe": "0.55",
        "white_clip": "0.04",
        "shoulder": "0.26",
        "black_clip": "0.0",
        "temp": "6500.0",
        "chromatic_aberration_intensity": "0.0"
      },
      "transform_carla": {
        "location": {
          "x": 84.37469482421875,
          "y": -59.44476318359375,
          "z": 1.722750186920166
        },
        "rotation": {
          "roll": -0.34579482674598694,
          "pitch": 0.8933955430984497,
          "yaw": 26.605464935302734
        }
      },
      "matrix_world_from_sensor_carla": [
        [
          0.8940028548240662,
          -0.4479203522205353,
          -0.011237948201596737,
          84.37469482421875
        ],
        [
          0.4477899670600891,
          0.894053041934967,
          -0.01237885095179081,
          -59.44476318359375
        ],
        [
          0.015592061914503574,
          0.00603448785841465,
          0.9998602271080017,
          1.722750186920166
        ],
        [
          0.0,
          0.0,
          0.0,
          1.0
        ]
      ],
      "matrix_world_from_sensor_bevfusion": [
        [
          -0.4479203522205353,
          0.011237948201596737,
          0.8940028548240662,
          84.37469482421875
        ],
        [
          -0.894053041934967,
          -0.01237885095179081,
          -0.4477899670600891,
          59.44476318359375
        ],
        [
          0.00603448785841465,
          -0.9998602271080017,
          0.015592061914503574,
          1.722750186920166
        ],
        [
          0.0,
          0.0,
          0.0,
          1.0
        ]
      ],
      "matrix_ego_from_sensor_carla": [
        [
          -1.0,
          -3.8295155491141486e-08,
          5.263123270538017e-11,
          -1.5500068664550781
        ],
        [
          2.4309072088612993e-08,
          -1.0,
          -7.77003705820789e-09,
          -7.62939453125e-06
        ],
        [
          -5.276140635501747e-11,
          -7.130147583467306e-09,
          1.0,
          1.7000000476837158
        ],
        [
          0.0,
          0.0,
          0.0,
          1.0
        ]
      ],
      "matrix_ego_from_sensor_bevfusion": [
        [
          -3.8295155491141486e-08,
          -5.263123270538017e-11,
          -1.0,
          -1.5500068664550781
        ],
        [
          1.0,
          -7.77003705820789e-09,
          -2.4309072088612993e-08,
          7.62939453125e-06
        ],
        [
          -7.130147583467306e-09,
          -1.0,
          -5.276140635501747e-11,
          1.7000000476837158
        ],
        [
          0.0,
          0.0,
          0.0,
          1.0
        ]
      ],
      "camera_intrinsics": [
        [
          685.5110473632812,
          0.0,
          480.0
        ],
        [
          0.0,
          685.5110473632812,
          270.0
        ],
        [
          0.0,
          0.0,
          1.0
        ]
      ],
      "data_path": "D:\\Agent-AI\\outputs\\s3a_ml_long_v2\\sample_000064\\images\\CAM_BACK.png",
      "raw_layout": "bgra8"
    },
    "CAM_BACK_LEFT": {
      "type_id": "sensor.camera.rgb",
      "blueprint_attributes": {
        "role_name": "front",
        "ros_name": "sensor.camera.rgb",
        "chromatic_aberration_offset": "0.0",
        "sensor_tick": "0.100000",
        "fstop": "1.4",
        "image_size_x": "960",
        "image_size_y": "540",
        "fov": "70.00",
        "lens_circle_falloff": "5.0",
        "lens_circle_multiplier": "0.0",
        "exposure_compensation": "0.0",
        "lens_y_size": "0.08",
        "lens_k": "-1.0",
        "exposure_mode": "histogram",
        "lens_kcube": "0.0",
        "lens_x_size": "0.08",
        "exposure_max_bright": "12.0",
        "shutter_speed": "200.0",
        "bloom_intensity": "0.675",
        "iso": "100.0",
        "enable_postprocess_effects": "false",
        "gamma": "2.2",
        "motion_blur_intensity": "0.0",
        "motion_blur_max_distortion": "0.35",
        "lens_flare_intensity": "0.1",
        "motion_blur_min_object_screen_size": "0.1",
        "exposure_min_bright": "10.0",
        "exposure_speed_up": "3.0",
        "exposure_speed_down": "1.0",
        "tint": "0.0",
        "calibration_constant": "16.0",
        "focal_distance": "1000.0",
        "min_fstop": "1.2",
        "blade_count": "5",
        "blur_amount": "0.0",
        "blur_radius": "0.0",
        "slope": "0.88",
        "toe": "0.55",
        "white_clip": "0.04",
        "shoulder": "0.26",
        "black_clip": "0.0",
        "temp": "6500.0",
        "chromatic_aberration_intensity": "0.0"
      },
      "transform_carla": {
        "location": {
          "x": 83.90483093261719,
          "y": -59.06498336791992,
          "z": 1.7221713066101074
        },
        "rotation": {
          "roll": 0.5335468053817749,
          "pitch": 0.7956555485725403,
          "yaw": 81.61185455322266
        }
      },
      "matrix_world_from_sensor_carla": [
        [
          0.14586429297924042,
          -0.989240825176239,
          -0.011238030157983303,
          83.90483093261719
        ],
        [
          0.9892070889472961,
          0.1459999680519104,
          -0.012378797866404057,
          -59.06498336791992
        ],
        [
          0.013886363245546818,
          -0.009311115369200706,
          0.9998602271080017,
          1.7221713066101074
        ],
        [
          0.0,
          0.0,
          0.0,
          1.0
        ]
      ],
      "matrix_world_from_sensor_bevfusion": [
        [
          -0.989240825176239,
          0.011238030157983303,
          0.14586429297924042,
          83.90483093261719
        ],
        [
          -0.1459999680519104,
          -0.012378797866404057,
          -0.9892070889472961,
          59.06498336791992
        ],
        [
          -0.009311115369200706,
          -0.9998602271080017,
          0.013886363245546818,
          1.7221713066101074
        ],
        [
          0.0,
          0.0,
          0.0,
          1.0
        ]
      ],
      "matrix_ego_from_sensor_carla": [
        [
          -0.5735766291618347,
          0.8191519379615784,
          5.034404892967359e-08,
          -1.2999954223632812
        ],
        [
          -0.8191518783569336,
          -0.5735766887664795,
          -9.205473361362237e-08,
          -0.5500106811523438
        ],
        [
          -4.5695710326754124e-08,
          -9.367969511231422e-08,
          1.0,
          1.7000004053115845
        ],
        [
          0.0,
          0.0,
          0.0,
          1.0
        ]
      ],
      "matrix_ego_from_sensor_bevfusion": [
        [
          0.8191519379615784,
          -5.034404892967359e-08,
          -0.5735766291618347,
          -1.2999954223632812
        ],
        [
          0.5735766887664795,
          -9.205473361362237e-08,
          0.8191518783569336,
          0.5500106811523438
        ],
        [
          -9.367969511231422e-08,
          -1.0,
          -4.5695710326754124e-08,
          1.7000004053115845
        ],
        [
          0.0,
          0.0,
          0.0,
          1.0
        ]
      ],
      "camera_intrinsics": [
        [
          685.5110473632812,
          0.0,
          480.0
        ],
        [
          0.0,
          685.5110473632812,
          270.0
        ],
        [
          0.0,
          0.0,
          1.0
        ]
      ],
      "data_path": "D:\\Agent-AI\\outputs\\s3a_ml_long_v2\\sample_000064\\images\\CAM_BACK_LEFT.png",
      "raw_layout": "bgra8"
    },
    "CAM_BACK_RIGHT": {
      "type_id": "sensor.camera.rgb",
      "blueprint_attributes": {
        "role_name": "front",
        "ros_name": "sensor.camera.rgb",
        "chromatic_aberration_offset": "0.0",
        "sensor_tick": "0.100000",
        "fstop": "1.4",
        "image_size_x": "960",
        "image_size_y": "540",
        "fov": "70.00",
        "lens_circle_falloff": "5.0",
        "lens_circle_multiplier": "0.0",
        "exposure_compensation": "0.0",
        "lens_y_size": "0.08",
        "lens_k": "-1.0",
        "exposure_mode": "histogram",
        "lens_kcube": "0.0",
        "lens_x_size": "0.08",
        "exposure_max_bright": "12.0",
        "shutter_speed": "200.0",
        "bloom_intensity": "0.675",
        "iso": "100.0",
        "enable_postprocess_effects": "false",
        "gamma": "2.2",
        "motion_blur_intensity": "0.0",
        "motion_blur_max_distortion": "0.35",
        "lens_flare_intensity": "0.1",
        "motion_blur_min_object_screen_size": "0.1",
        "exposure_min_bright": "10.0",
        "exposure_speed_up": "3.0",
        "exposure_speed_down": "1.0",
        "tint": "0.0",
        "calibration_constant": "16.0",
        "focal_distance": "1000.0",
        "min_fstop": "1.2",
        "blade_count": "5",
        "blur_amount": "0.0",
        "blur_radius": "0.0",
        "slope": "0.88",
        "toe": "0.55",
        "white_clip": "0.04",
        "shoulder": "0.26",
        "black_clip": "0.0",
        "temp": "6500.0",
        "chromatic_aberration_intensity": "0.0"
      },
      "transform_carla": {
        "location": {
          "x": 84.39754486083984,
          "y": -60.04844284057617,
          "z": 1.7155331373214722
        },
        "rotation": {
          "roll": -0.9301652312278748,
          "pitch": 0.2291869819164276,
          "yaw": -28.393695831298828
        }
      },
      "matrix_world_from_sensor_carla": [
        [
          0.879693865776062,
          0.47540760040283203,
          -0.011237974278628826,
          84.39754486083984
        ],
        [
          -0.47552362084388733,
          0.879615843296051,
          -0.012378944084048271,
          -60.04844284057617
        ],
        [
          0.0040000565350055695,
          0.016233602538704872,
          0.9998602271080017,
          1.7155331373214722
        ],
        [
          0.0,
          0.0,
          0.0,
          1.0
        ]
      ],
      "matrix_world_from_sensor_bevfusion": [
        [
          0.47540760040283203,
          0.011237974278628826,
          0.879693865776062,
          84.39754486083984
        ],
        [
          -0.879615843296051,
          -0.012378944084048271,
          0.47552362084388733,
          60.04844284057617
        ],
        [
          0.016233602538704872,
          -0.9998602271080017,
          0.0040000565350055695,
          1.7155331373214722
        ],
        [
          0.0,
          0.0,
          0.0,
          1.0
        ]
      ],
      "matrix_ego_from_sensor_carla": [
        [
          -0.5735763907432556,
          -0.8191519975662231,
          6.524521012352125e-08,
          -1.2999916076660156
        ],
        [
          0.8191520571708679,
          -0.5735765099525452,
          6.394179763447028e-08,
          0.54998779296875
        ],
        [
          -1.334444110767663e-08,
          9.095383290969039e-08,
          1.0,
          1.7000001668930054
        ],
        [
          0.0,
          0.0,
          0.0,
          1.0
        ]
      ],
      "matrix_ego_from_sensor_bevfusion": [
        [
          -0.8191519975662231,
          -6.524521012352125e-08,
          -0.5735763907432556,
          -1.2999916076660156
        ],
        [
          0.5735765099525452,
          6.394179763447028e-08,
          -0.8191520571708679,
          -0.54998779296875
        ],
        [
          9.095383290969039e-08,
          -1.0,
          -1.334444110767663e-08,
          1.7000001668930054
        ],
        [
          0.0,
          0.0,
          0.0,
          1.0
        ]
      ],
      "camera_intrinsics": [
        [
          685.5110473632812,
          0.0,
          480.0
        ],
        [
          0.0,
          685.5110473632812,
          270.0
        ],
        [
          0.0,
          0.0,
          1.0
        ]
      ],
      "data_path": "D:\\Agent-AI\\outputs\\s3a_ml_long_v2\\sample_000064\\images\\CAM_BACK_RIGHT.png",
      "raw_layout": "bgra8"
    },
    "LIDAR_TOP": {
      "type_id": "sensor.lidar.ray_cast",
      "blueprint_attributes": {
        "atmosphere_attenuation_rate": "0.004",
        "role_name": "front",
        "noise_seed": "0",
        "upper_fov": "10.0",
        "ros_name": "sensor.lidar.ray_cast",
        "sensor_tick": "0.100000",
        "channels": "32",
        "range": "120.0",
        "points_per_second": "360000",
        "lower_fov": "-30.0",
        "rotation_frequency": "10.000000",
        "horizontal_fov": "360.0",
        "dropoff_general_rate": "0.0",
        "dropoff_intensity_limit": "1.0",
        "noise_stddev": "0.0",
        "dropoff_zero_intensity": "0.0"
      },
      "transform_carla": {
        "location": {
          "x": 82.98336791992188,
          "y": -60.14502716064453,
          "z": 2.198512554168701
        },
        "rotation": {
          "roll": 0.345795214176178,
          "pitch": -0.8933955430984497,
          "yaw": -153.39453125
        }
      },
      "matrix_world_from_sensor_carla": [
        [
          -0.8940028548240662,
          0.44792038202285767,
          -0.011237944476306438,
          82.98336791992188
        ],
        [
          -0.4477899968624115,
          -0.894053041934967,
          -0.012378857471048832,
          -60.14502716064453
        ],
        [
          -0.015592061914503574,
          -0.00603449484333396,
          0.9998602271080017,
          2.198512554168701
        ],
        [
          0.0,
          0.0,
          0.0,
          1.0
        ]
      ],
      "matrix_world_from_sensor_bevfusion": [
        [
          -0.8940028548240662,
          -0.44792038202285767,
          -0.011237944476306438,
          82.98336791992188
        ],
        [
          0.4477899968624115,
          -0.894053041934967,
          0.012378857471048832,
          60.14502716064453
        ],
        [
          -0.015592061914503574,
          0.00603449484333396,
          0.9998602271080017,
          2.198512554168701
        ],
        [
          0.0,
          0.0,
          0.0,
          1.0
        ]
      ],
      "matrix_ego_from_sensor_carla": [
        [
          1.0,
          8.601740653091383e-09,
          9.839538073208587e-10,
          0.0
        ],
        [
          2.3354853606605275e-09,
          1.0,
          -3.194566000619403e-10,
          -7.62939453125e-06
        ],
        [
          5.276140635501747e-11,
          -3.194566000619403e-10,
          1.0,
          2.200000047683716
        ],
        [
          0.0,
          0.0,
          0.0,
          1.0
        ]
      ],
      "matrix_ego_from_sensor_bevfusion": [
        [
          1.0,
          -8.601740653091383e-09,
          9.839538073208587e-10,
          0.0
        ],
        [
          -2.3354853606605275e-09,
          1.0,
          3.194566000619403e-10,
          7.62939453125e-06
        ],
        [
          5.276140635501747e-11,
          3.194566000619403e-10,
          1.0,
          2.200000047683716
        ],
        [
          0.0,
          0.0,
          0.0,
          1.0
        ]
      ],
      "data_path": "D:\\Agent-AI\\outputs\\s3a_ml_long_v2\\sample_000064\\lidar\\LIDAR_TOP.npy",
      "raw_layout": [
        "x",
        "y",
        "z",
        "intensity"
      ]
    },
    "RADAR_FRONT": {
      "type_id": "sensor.other.radar",
      "blueprint_attributes": {
        "sensor_tick": "0.100000",
        "role_name": "default",
        "noise_seed": "0",
        "ros_name": "sensor.other.radar",
        "horizontal_fov": "35.0",
        "points_per_second": "1500",
        "vertical_fov": "20.0",
        "range": "120.0"
      },
      "transform_carla": {
        "location": {
          "x": 81.20997619628906,
          "y": -61.02451705932617,
          "z": 0.8675098419189453
        },
        "rotation": {
          "roll": 0.345795214176178,
          "pitch": -0.8933955430984497,
          "yaw": -153.39453125
        }
      },
      "matrix_world_from_sensor_carla": [
        [
          -0.8940028548240662,
          0.44792038202285767,
          -0.011237944476306438,
          81.20997619628906
        ],
        [
          -0.4477899968624115,
          -0.894053041934967,
          -0.012378857471048832,
          -61.02451705932617
        ],
        [
          -0.015592061914503574,
          -0.00603449484333396,
          0.9998602271080017,
          0.8675098419189453
        ],
        [
          0.0,
          0.0,
          0.0,
          1.0
        ]
      ],
      "matrix_world_from_sensor_bevfusion": [
        [
          -0.8940028548240662,
          -0.44792038202285767,
          -0.011237944476306438,
          81.20997619628906
        ],
        [
          0.4477899968624115,
          -0.894053041934967,
          0.012378857471048832,
          61.02451705932617
        ],
        [
          -0.015592061914503574,
          0.00603449484333396,
          0.9998602271080017,
          0.8675098419189453
        ],
        [
          0.0,
          0.0,
          0.0,
          1.0
        ]
      ],
      "matrix_ego_from_sensor_carla": [
        [
          1.0,
          8.601740653091383e-09,
          9.839538073208587e-10,
          2.0
        ],
        [
          2.3354853606605275e-09,
          1.0,
          -3.194566000619403e-10,
          0.0
        ],
        [
          5.276140635501747e-11,
          -3.194566000619403e-10,
          1.0,
          0.899999737739563
        ],
        [
          0.0,
          0.0,
          0.0,
          1.0
        ]
      ],
      "matrix_ego_from_sensor_bevfusion": [
        [
          1.0,
          -8.601740653091383e-09,
          9.839538073208587e-10,
          2.0
        ],
        [
          -2.3354853606605275e-09,
          1.0,
          3.194566000619403e-10,
          0.0
        ],
        [
          5.276140635501747e-11,
          3.194566000619403e-10,
          1.0,
          0.899999737739563
        ],
        [
          0.0,
          0.0,
          0.0,
          1.0
        ]
      ],
      "data_path": "D:\\Agent-AI\\outputs\\s3a_ml_long_v2\\sample_000064\\radar\\RADAR_FRONT.npy",
      "raw_layout": [
        "velocity",
        "altitude",
        "azimuth",
        "depth"
      ]
    },
    "RADAR_FRONT_LEFT": {
      "type_id": "sensor.other.radar",
      "blueprint_attributes": {
        "sensor_tick": "0.100000",
        "role_name": "default",
        "noise_seed": "0",
        "ros_name": "sensor.other.radar",
        "horizontal_fov": "35.0",
        "points_per_second": "1500",
        "vertical_fov": "20.0",
        "range": "120.0"
      },
      "transform_carla": {
        "location": {
          "x": 81.18693542480469,
          "y": -60.19725036621094,
          "z": 0.8774929642677307
        },
        "rotation": {
          "roll": 0.8762419819831848,
          "pitch": -0.38722389936447144,
          "yaw": 161.60519409179688
        }
      },
      "matrix_world_from_sensor_carla": [
        [
          -0.9488829970359802,
          -0.3154279589653015,
          -0.011238026432693005,
          81.18693542480469
        ],
        [
          0.31555572152137756,
          -0.948826253414154,
          -0.012378910556435585,
          -60.19725036621094
        ],
        [
          -0.00675828056409955,
          -0.015292362309992313,
          0.9998602271080017,
          0.8774929642677307
        ],
        [
          0.0,
          0.0,
          0.0,
          1.0
        ]
      ],
      "matrix_world_from_sensor_bevfusion": [
        [
          -0.9488829970359802,
          0.3154279589653015,
          -0.011238026432693005,
          81.18693542480469
        ],
        [
          -0.31555572152137756,
          -0.948826253414154,
          0.012378910556435585,
          60.19725036621094
        ],
        [
          -0.00675828056409955,
          0.015292362309992313,
          0.9998602271080017,
          0.8774929642677307
        ],
        [
          0.0,
          0.0,
          0.0,
          1.0
        ]
      ],
      "matrix_ego_from_sensor_carla": [
        [
          0.7071067094802856,
          0.7071067690849304,
          9.691017766044752e-08,
          1.6500015258789062
        ],
        [
          -0.70710688829422,
          0.7071067094802856,
          1.085641443410168e-08,
          -0.7500076293945312
        ],
        [
          -6.166962407405663e-08,
          -7.81586990683536e-08,
          1.0,
          0.8999998569488525
        ],
        [
          0.0,
          0.0,
          0.0,
          1.0
        ]
      ],
      "matrix_ego_from_sensor_bevfusion": [
        [
          0.7071067094802856,
          -0.7071067690849304,
          9.691017766044752e-08,
          1.6500015258789062
        ],
        [
          0.70710688829422,
          0.7071067094802856,
          -1.085641443410168e-08,
          0.7500076293945312
        ],
        [
          -6.166962407405663e-08,
          7.81586990683536e-08,
          1.0,
          0.8999998569488525
        ],
        [
          0.0,
          0.0,
          0.0,
          1.0
        ]
      ],
      "data_path": "D:\\Agent-AI\\outputs\\s3a_ml_long_v2\\sample_000064\\radar\\RADAR_FRONT_LEFT.npy",
      "raw_layout": [
        "velocity",
        "altitude",
        "azimuth",
        "depth"
      ]
    },
    "RADAR_FRONT_RIGHT": {
      "type_id": "sensor.other.radar",
      "blueprint_attributes": {
        "sensor_tick": "0.100000",
        "role_name": "default",
        "noise_seed": "0",
        "ros_name": "sensor.other.radar",
        "horizontal_fov": "35.0",
        "points_per_second": "1500",
        "vertical_fov": "20.0",
        "range": "120.0"
      },
      "transform_carla": {
        "location": {
          "x": 81.85881805419922,
