{
  "schema_version": "stage1.v1",
  "sample_name": "sample_000039",
  "sequence_index": 39,
  "previous_sample_name": "sample_000038",
  "frame_id": 3959,
  "timestamp": 43.03108660504222,
  "platform_timestamp": 16816499.6800255,
  "delta_seconds": 0.10000000149011612,
  "town": "Carla/Maps/Town10HD_Opt",
  "weather": {
    "cloudiness": 20.0,
    "dust_storm": 0.0,
    "fog_density": 2.0,
    "fog_distance": 0.75,
    "fog_falloff": 0.10000000149011612,
    "mie_scattering_scale": 0.029999999329447746,
    "precipitation": 0.0,
    "precipitation_deposits": 0.0,
    "rayleigh_scattering_scale": 0.03310000151395798,
    "scattering_intensity": 1.0,
    "sun_altitude_angle": 45.0,
    "sun_azimuth_angle": 300.0,
    "wetness": 0.0,
    "wind_intensity": 10.0
  },
  "sensor_names": [
    "CAM_FRONT",
    "CAM_FRONT_RIGHT",
    "CAM_FRONT_LEFT",
    "CAM_BACK",
    "CAM_BACK_LEFT",
    "CAM_BACK_RIGHT",
    "LIDAR_TOP",
    "RADAR_FRONT",
    "RADAR_FRONT_LEFT",
    "RADAR_FRONT_RIGHT",
    "RADAR_BACK_LEFT",
    "RADAR_BACK_RIGHT"
  ],
  "camera_order_for_model": [
    "CAM_FRONT",
    "CAM_FRONT_RIGHT",
    "CAM_FRONT_LEFT",
    "CAM_BACK",
    "CAM_BACK_LEFT",
    "CAM_BACK_RIGHT"
  ],
  "radar_order_for_model": [
    "RADAR_FRONT",
    "RADAR_FRONT_LEFT",
    "RADAR_FRONT_RIGHT",
    "RADAR_BACK_LEFT",
    "RADAR_BACK_RIGHT"
  ],
  "coordinate_notes": {
    "carla_world": "left-handed x-forward y-right z-up",
    "bevfusion_lidar": "x-forward y-left z-up",
    "camera_frame_for_model": "OpenCV style x-right y-down z-forward"
  },
  "ego": {
    "actor_id": 24,
    "transform_carla": {
      "location": {
        "x": 107.31654357910156,
        "y": -37.37863540649414,
        "z": -0.005029716528952122
      },
      "rotation": {
        "roll": 0.16416986286640167,
        "pitch": 0.1430787891149521,
        "yaw": -107.89252471923828
      }
    },
    "velocity_carla": [
      -1.2144930362701416,
      -3.2825639247894287,
      -9.317397598351818e-06
    ],
    "angular_velocity_carla": [
      0.42012250423431396,
      -0.487485408782959,
      -5.6146416664123535
    ],
    "matrix_world_from_ego_carla": [
      [
        -0.30723148584365845,
        0.9516283869743347,
        0.0034939346369355917,
        107.31654357910156
      ],
      [
        -0.9516316056251526,
        -0.30723798274993896,
        0.0014960924163460732,
        -37.37863540649414
      ],
      [
        0.0024971934035420418,
        -0.0028652918990701437,
        0.9999927878379822,
        -0.005029716528952122
      ],
      [
        0.0,
        0.0,
        0.0,
        1.0
      ]
    ],
    "matrix_world_from_ego_bevfusion": [
      [
        -0.30723148584365845,
        -0.9516283869743347,
        0.0034939346369355917,
        107.31654357910156
      ],
      [
        0.9516316056251526,
        -0.30723798274993896,
        -0.0014960924163460732,
        37.37863540649414
      ],
      [
        0.0024971934035420418,
        0.0028652918990701437,
        0.9999927878379822,
        -0.005029716528952122
      ],
      [
        0.0,
        0.0,
        0.0,
        1.0
      ]
    ]
  },
  "sensors": {
    "CAM_FRONT": {
      "type_id": "sensor.camera.rgb",
      "blueprint_attributes": {
        "role_name": "front",
        "ros_name": "sensor.camera.rgb",
        "chromatic_aberration_offset": "0.0",
        "sensor_tick": "0.100000",
        "fstop": "1.4",
        "image_size_x": "960",
        "image_size_y": "540",
        "fov": "70.00",
        "lens_circle_falloff": "5.0",
        "lens_circle_multiplier": "0.0",
        "exposure_compensation": "0.0",
        "lens_y_size": "0.08",
        "lens_k": "-1.0",
        "exposure_mode": "histogram",
        "lens_kcube": "0.0",
        "lens_x_size": "0.08",
        "exposure_max_bright": "12.0",
        "shutter_speed": "200.0",
        "bloom_intensity": "0.675",
        "iso": "100.0",
        "enable_postprocess_effects": "false",
        "gamma": "2.2",
        "motion_blur_intensity": "0.0",
        "motion_blur_max_distortion": "0.35",
        "lens_flare_intensity": "0.1",
        "motion_blur_min_object_screen_size": "0.1",
        "exposure_min_bright": "10.0",
        "exposure_speed_up": "3.0",
        "exposure_speed_down": "1.0",
        "tint": "0.0",
        "calibration_constant": "16.0",
        "focal_distance": "1000.0",
        "min_fstop": "1.2",
        "blade_count": "5",
        "blur_amount": "0.0",
        "blur_radius": "0.0",
        "slope": "0.88",
        "toe": "0.55",
        "white_clip": "0.04",
        "shoulder": "0.26",
        "black_clip": "0.0",
        "temp": "6500.0",
        "chromatic_aberration_intensity": "0.0"
      },
      "transform_carla": {
        "location": {
          "x": 106.84626770019531,
          "y": -38.85111999511719,
          "z": 1.6988286972045898
        },
        "rotation": {
          "roll": 0.16416986286640167,
          "pitch": 0.1430787891149521,
          "yaw": -107.89252471923828
        }
      },
      "matrix_world_from_sensor_carla": [
        [
          -0.30723148584365845,
          0.9516283869743347,
          0.0034939346369355917,
          106.84626770019531
        ],
        [
          -0.9516316056251526,
          -0.30723798274993896,
          0.0014960924163460732,
          -38.85111999511719
        ],
        [
          0.0024971934035420418,
          -0.0028652918990701437,
          0.9999927878379822,
          1.6988286972045898
        ],
        [
          0.0,
          0.0,
          0.0,
          1.0
        ]
      ],
      "matrix_world_from_sensor_bevfusion": [
        [
          0.9516283869743347,
          -0.0034939346369355917,
          -0.30723148584365845,
          106.84626770019531
        ],
        [
          0.30723798274993896,
          0.0014960924163460732,
          0.9516316056251526,
          38.85111999511719
        ],
        [
          -0.0028652918990701437,
          -0.9999927878379822,
          0.0024971934035420418,
          1.6988286972045898
        ],
        [
          0.0,
          0.0,
          0.0,
          1.0
        ]
      ],
      "matrix_ego_from_sensor_carla": [
        [
          1.0,
          1.2665437587600081e-08,
          -8.22021756219371e-11,
          1.5500023365020752
        ],
        [
          1.9488835434344765e-08,
          1.0,
          -5.6979559959202675e-11,
          -1.52587890625e-05
        ],
        [
          -8.220385483426185e-11,
          -5.697788074687793e-11,
          1.0,
          1.7000000476837158
        ],
        [
          0.0,
          0.0,
          0.0,
          1.0
        ]
      ],
      "matrix_ego_from_sensor_bevfusion": [
        [
          1.2665437587600081e-08,
          8.22021756219371e-11,
          1.0,
          1.5500023365020752
        ],
        [
          -1.0,
          -5.6979559959202675e-11,
          -1.9488835434344765e-08,
          1.52587890625e-05
        ],
        [
          -5.697788074687793e-11,
          -1.0,
          -8.220385483426185e-11,
          1.7000000476837158
        ],
        [
          0.0,
          0.0,
          0.0,
          1.0
        ]
      ],
      "camera_intrinsics": [
        [
          685.5110473632812,
          0.0,
          480.0
        ],
        [
          0.0,
          685.5110473632812,
          270.0
        ],
        [
          0.0,
          0.0,
          1.0
        ]
      ],
      "data_path": "D:\\Agent-AI\\outputs\\s3a_left_v3\\sample_000039\\images\\CAM_FRONT.png",
      "raw_layout": "bgra8"
    },
    "CAM_FRONT_RIGHT": {
      "type_id": "sensor.camera.rgb",
      "blueprint_attributes": {
        "role_name": "front",
        "ros_name": "sensor.camera.rgb",
        "chromatic_aberration_offset": "0.0",
        "sensor_tick": "0.100000",
        "fstop": "1.4",
        "image_size_x": "960",
        "image_size_y": "540",
        "fov": "70.00",
        "lens_circle_falloff": "5.0",
        "lens_circle_multiplier": "0.0",
        "exposure_compensation": "0.0",
        "lens_y_size": "0.08",
        "lens_k": "-1.0",
        "exposure_mode": "histogram",
        "lens_kcube": "0.0",
        "lens_x_size": "0.08",
        "exposure_max_bright": "12.0",
        "shutter_speed": "200.0",
        "bloom_intensity": "0.675",
        "iso": "100.0",
        "enable_postprocess_effects": "false",
        "gamma": "2.2",
        "motion_blur_intensity": "0.0",
        "motion_blur_max_distortion": "0.35",
        "lens_flare_intensity": "0.1",
        "motion_blur_min_object_screen_size": "0.1",
        "exposure_min_bright": "10.0",
        "exposure_speed_up": "3.0",
        "exposure_speed_down": "1.0",
        "tint": "0.0",
        "calibration_constant": "16.0",
        "focal_distance": "1000.0",
        "min_fstop": "1.2",
        "blade_count": "5",
        "blur_amount": "0.0",
        "blur_radius": "0.0",
        "slope": "0.88",
        "toe": "0.55",
        "white_clip": "0.04",
        "shoulder": "0.26",
        "black_clip": "0.0",
        "temp": "6500.0",
        "chromatic_aberration_intensity": "0.0"
      },
      "transform_carla": {
        "location": {
          "x": 107.44647216796875,
          "y": -38.78219223022461,
          "z": 1.6966283321380615
        },
        "rotation": {
          "roll": 0.21136726438999176,
          "pitch": -0.052408039569854736,
          "yaw": -52.89283752441406
        }
      },
      "matrix_world_from_sensor_carla": [
        [
          0.6033074259757996,
          0.7975010871887207,
          0.003493883181363344,
          107.44647216796875
        ],
        [
          -0.797508180141449,
          0.603306233882904,
          0.0014961597044020891,
          -38.78219223022461
        ],
        [
          -0.0009146927041001618,
          -0.0036890446208417416,
          0.9999927878379822,
          1.6966283321380615
        ],
        [
          0.0,
          0.0,
          0.0,
          1.0
        ]
      ],
      "matrix_world_from_sensor_bevfusion": [
        [
          0.7975010871887207,
          -0.003493883181363344,
          0.6033074259757996,
          107.44647216796875
        ],
        [
          -0.603306233882904,
          0.0014961597044020891,
          0.797508180141449,
          38.78219223022461
        ],
        [
          -0.0036890446208417416,
          -0.9999927878379822,
          -0.0009146927041001618,
          1.6966283321380615
        ],
        [
          0.0,
          0.0,
          0.0,
          1.0
        ]
      ],
      "matrix_ego_from_sensor_carla": [
        [
          0.5735766291618347,
          -0.8191518783569336,
          -4.851097656910497e-08,
          1.3000001907348633
        ],
        [
          0.8191518783569336,
          0.5735766291618347,
          -6.967334087448762e-08,
          0.54998779296875
        ],
        [
          8.500263248834017e-08,
          5.289554350085268e-10,
          1.0,
          1.7000000476837158
        ],
        [
          0.0,
          0.0,
          0.0,
          1.0
        ]
      ],
      "matrix_ego_from_sensor_bevfusion": [
        [
          -0.8191518783569336,
          4.851097656910497e-08,
          0.5735766291618347,
          1.3000001907348633
        ],
        [
          -0.5735766291618347,
          -6.967334087448762e-08,
          -0.8191518783569336,
          -0.54998779296875
        ],
        [
          5.289554350085268e-10,
          -1.0,
          8.500263248834017e-08,
          1.7000000476837158
        ],
        [
          0.0,
          0.0,
          0.0,
          1.0
        ]
      ],
      "camera_intrinsics": [
        [
          685.5110473632812,
          0.0,
          480.0
        ],
        [
          0.0,
          685.5110473632812,
          270.0
        ],
        [
          0.0,
          0.0,
          1.0
        ]
      ],
      "data_path": "D:\\Agent-AI\\outputs\\s3a_left_v3\\sample_000039\\images\\CAM_FRONT_RIGHT.png",
      "raw_layout": "bgra8"
    },
    "CAM_FRONT_LEFT": {
      "type_id": "sensor.camera.rgb",
      "blueprint_attributes": {
        "role_name": "front",
        "ros_name": "sensor.camera.rgb",
        "chromatic_aberration_offset": "0.0",
        "sensor_tick": "0.100000",
        "fstop": "1.4",
        "image_size_x": "960",
        "image_size_y": "540",
        "fov": "70.00",
        "lens_circle_falloff": "5.0",
        "lens_circle_multiplier": "0.0",
        "exposure_compensation": "0.0",
        "lens_y_size": "0.08",
        "lens_k": "-1.0",
        "exposure_mode": "histogram",
        "lens_kcube": "0.0",
        "lens_x_size": "0.08",
        "exposure_max_bright": "12.0",
        "shutter_speed": "200.0",
        "bloom_intensity": "0.675",
        "iso": "100.0",
        "enable_postprocess_effects": "false",
        "gamma": "2.2",
        "motion_blur_intensity": "0.0",
        "motion_blur_max_distortion": "0.35",
        "lens_flare_intensity": "0.1",
        "motion_blur_min_object_screen_size": "0.1",
        "exposure_min_bright": "10.0",
        "exposure_speed_up": "3.0",
        "exposure_speed_down": "1.0",
        "tint": "0.0",
        "calibration_constant": "16.0",
        "focal_distance": "1000.0",
        "min_fstop": "1.2",
        "blade_count": "5",
        "blur_amount": "0.0",
        "blur_radius": "0.0",
        "slope": "0.88",
        "toe": "0.55",
        "white_clip": "0.04",
        "shoulder": "0.26",
        "black_clip": "0.0",
        "temp": "6500.0",
        "chromatic_aberration_intensity": "0.0"
      },
      "transform_carla": {
        "location": {
          "x": 106.39968872070312,
          "y": -38.44422912597656,
          "z": 1.6997801065444946
        },
        "rotation": {
          "roll": -0.023039761930704117,
          "pitch": 0.21654430031776428,
          "yaw": -162.8927459716797
        }
      },
      "matrix_world_from_sensor_carla": [
        [
          -0.9557489156723022,
          0.294162780046463,
          0.0034938971512019634,
          106.39968872070312
        ],
        [
          -0.2941592335700989,
          -0.9557552337646484,
          0.0014960821717977524,
          -38.44422912597656
        ],
        [
          0.0037794020026922226,
          0.00040211682789959013,
          0.9999927878379822,
          1.6997801065444946
        ],
        [
          0.0,
          0.0,
          0.0,
          1.0
        ]
      ],
      "matrix_world_from_sensor_bevfusion": [
        [
          0.294162780046463,
          -0.0034938971512019634,
          -0.9557489156723022,
          106.39968872070312
        ],
        [
          0.9557552337646484,
          0.0014960821717977524,
          0.2941592335700989,
          38.44422912597656
        ],
        [
          0.00040211682789959013,
          -0.9999927878379822,
          0.0037794020026922226,
          1.6997801065444946
        ],
        [
          0.0,
          0.0,
          0.0,
          1.0
        ]
      ],
      "matrix_ego_from_sensor_carla": [
        [
          0.5735767483711243,
          0.819151759147644,
          2.110538588340205e-08,
          1.2999975681304932
        ],
        [
          -0.819151759147644,
          0.5735768675804138,
          -3.265326853352235e-08,
          -0.5499954223632812
        ],
        [
          -3.8899191423524826e-08,
          1.5818581999837988e-09,
          1.0,
          1.7000000476837158
        ],
        [
          0.0,
          0.0,
          0.0,
          1.0
        ]
      ],
      "matrix_ego_from_sensor_bevfusion": [
        [
          0.819151759147644,
          -2.110538588340205e-08,
          0.5735767483711243,
          1.2999975681304932
        ],
        [
          -0.5735768675804138,
          -3.265326853352235e-08,
          0.819151759147644,
          0.5499954223632812
        ],
        [
          1.5818581999837988e-09,
          -1.0,
          -3.8899191423524826e-08,
          1.7000000476837158
        ],
        [
          0.0,
          0.0,
          0.0,
          1.0
        ]
      ],
      "camera_intrinsics": [
        [
          685.5110473632812,
          0.0,
          480.0
        ],
        [
          0.0,
          685.5110473632812,
          270.0
        ],
        [
          0.0,
          0.0,
          1.0
        ]
      ],
      "data_path": "D:\\Agent-AI\\outputs\\s3a_left_v3\\sample_000039\\images\\CAM_FRONT_LEFT.png",
      "raw_layout": "bgra8"
    },
    "CAM_BACK": {
      "type_id": "sensor.camera.rgb",
      "blueprint_attributes": {
        "role_name": "front",
        "ros_name": "sensor.camera.rgb",
        "chromatic_aberration_offset": "0.0",
        "sensor_tick": "0.100000",
        "fstop": "1.4",
        "image_size_x": "960",
        "image_size_y": "540",
        "fov": "70.00",
        "lens_circle_falloff": "5.0",
        "lens_circle_multiplier": "0.0",
        "exposure_compensation": "0.0",
        "lens_y_size": "0.08",
        "lens_k": "-1.0",
        "exposure_mode": "histogram",
        "lens_kcube": "0.0",
        "lens_x_size": "0.08",
        "exposure_max_bright": "12.0",
        "shutter_speed": "200.0",
        "bloom_intensity": "0.675",
        "iso": "100.0",
        "enable_postprocess_effects": "false",
        "gamma": "2.2",
        "motion_blur_intensity": "0.0",
        "motion_blur_max_distortion": "0.35",
        "lens_flare_intensity": "0.1",
        "motion_blur_min_object_screen_size": "0.1",
        "exposure_min_bright": "10.0",
        "exposure_speed_up": "3.0",
        "exposure_speed_down": "1.0",
        "tint": "0.0",
        "calibration_constant": "16.0",
        "focal_distance": "1000.0",
        "min_fstop": "1.2",
        "blade_count": "5",
        "blur_amount": "0.0",
        "blur_radius": "0.0",
        "slope": "0.88",
        "toe": "0.55",
        "white_clip": "0.04",
        "shoulder": "0.26",
        "black_clip": "0.0",
        "temp": "6500.0",
        "chromatic_aberration_intensity": "0.0"
      },
      "transform_carla": {
        "location": {
          "x": 107.79869079589844,
          "y": -35.90106201171875,
          "z": 1.6910871267318726
        },
        "rotation": {
          "roll": -0.16416987776756287,
          "pitch": -0.1430787891149521,
          "yaw": 72.10746765136719
        }
      },
      "matrix_world_from_sensor_carla": [
        [
          0.3072316348552704,
          -0.9516283273696899,
          0.0034939353354275227,
          107.79869079589844
        ],
        [
          0.9516315460205078,
          0.3072381317615509,
          0.0014960917178541422,
          -35.90106201171875
        ],
        [
          -0.0024971934035420418,
          0.0028652921319007874,
          0.9999927878379822,
          1.6910871267318726
        ],
        [
          0.0,
          0.0,
          0.0,
          1.0
        ]
      ],
      "matrix_world_from_sensor_bevfusion": [
        [
          -0.9516283273696899,
          -0.0034939353354275227,
          0.3072316348552704,
          107.79869079589844
        ],
        [
          -0.3072381317615509,
          0.0014960917178541422,
          -0.9516315460205078,
          35.90106201171875
        ],
        [
          0.0028652921319007874,
          -0.9999927878379822,
          -0.0024971934035420418,
          1.6910871267318726
        ],
        [
          0.0,
          0.0,
          0.0,
          1.0
        ]
      ],
      "matrix_ego_from_sensor_carla": [
        [
          -1.0,
          -1.5446917700501217e-07,
          3.8345909780801435e-10,
          -1.5499991178512573
        ],
        [
          1.4783545054797287e-07,
          -1.0,
          8.743430424118515e-10,
          -7.62939453125e-06
        ],
        [
          3.150344984881315e-10,
          7.554681324961621e-10,
          1.0,
          1.6999998092651367
        ],
        [
          0.0,
          0.0,
          0.0,
          1.0
        ]
      ],
      "matrix_ego_from_sensor_bevfusion": [
        [
          -1.5446917700501217e-07,
          -3.8345909780801435e-10,
          -1.0,
          -1.5499991178512573
        ],
        [
          1.0,
          8.743430424118515e-10,
          -1.4783545054797287e-07,
          7.62939453125e-06
        ],
        [
          7.554681324961621e-10,
          -1.0,
          3.150344984881315e-10,
          1.6999998092651367
        ],
        [
          0.0,
          0.0,
          0.0,
          1.0
        ]
      ],
      "camera_intrinsics": [
        [
          685.5110473632812,
          0.0,
          480.0
        ],
        [
          0.0,
          685.5110473632812,
          270.0
        ],
        [
          0.0,
          0.0,
          1.0
        ]
      ],
      "data_path": "D:\\Agent-AI\\outputs\\s3a_left_v3\\sample_000039\\images\\CAM_BACK.png",
      "raw_layout": "bgra8"
    },
    "CAM_BACK_LEFT": {
      "type_id": "sensor.camera.rgb",
      "blueprint_attributes": {
        "role_name": "front",
        "ros_name": "sensor.camera.rgb",
        "chromatic_aberration_offset": "0.0",
        "sensor_tick": "0.100000",
        "fstop": "1.4",
        "image_size_x": "960",
        "image_size_y": "540",
        "fov": "70.00",
        "lens_circle_falloff": "5.0",
        "lens_circle_multiplier": "0.0",
        "exposure_compensation": "0.0",
        "lens_y_size": "0.08",
        "lens_k": "-1.0",
        "exposure_mode": "histogram",
        "lens_kcube": "0.0",
        "lens_x_size": "0.08",
        "exposure_max_bright": "12.0",
        "shutter_speed": "200.0",
        "bloom_intensity": "0.675",
        "iso": "100.0",
        "enable_postprocess_effects": "false",
        "gamma": "2.2",
        "motion_blur_intensity": "0.0",
        "motion_blur_max_distortion": "0.35",
        "lens_flare_intensity": "0.1",
        "motion_blur_min_object_screen_size": "0.1",
        "exposure_min_bright": "10.0",
        "exposure_speed_up": "3.0",
        "exposure_speed_down": "1.0",
        "tint": "0.0",
        "calibration_constant": "16.0",
        "focal_distance": "1000.0",
        "min_fstop": "1.2",
        "blade_count": "5",
        "blur_amount": "0.0",
        "blur_radius": "0.0",
        "slope": "0.88",
        "toe": "0.55",
        "white_clip": "0.04",
        "shoulder": "0.26",
        "black_clip": "0.0",
        "temp": "6500.0",
        "chromatic_aberration_intensity": "0.0"
      },
      "transform_carla": {
        "location": {
          "x": 107.198486328125,
          "y": -35.96998977661133,
          "z": 1.6932874917984009
        },
        "rotation": {
          "roll": -0.21136723458766937,
          "pitch": 0.052408039569854736,
          "yaw": 127.10714721679688
        }
      },
      "matrix_world_from_sensor_carla": [
        [
          -0.6033071875572205,
          -0.797501266002655,
          0.003493883181363344,
          107.198486328125
        ],
        [
          0.7975083589553833,
          -0.603305995464325,
          0.0014961583074182272,
          -35.96998977661133
        ],
        [
          0.0009146927041001618,
          0.0036890441551804543,
          0.9999927878379822,
          1.6932874917984009
        ],
        [
          0.0,
          0.0,
          0.0,
          1.0
        ]
      ],
      "matrix_world_from_sensor_bevfusion": [
        [
          -0.797501266002655,
          -0.003493883181363344,
          -0.6033071875572205,
          107.198486328125
        ],
        [
          0.603305995464325,
          0.0014961583074182272,
          -0.7975083589553833,
          35.96998977661133
        ],
        [
          0.0036890441551804543,
          -0.9999927878379822,
          0.0009146927041001618,
          1.6932874917984009
        ],
        [
          0.0,
          0.0,
          0.0,
          1.0
        ]
      ],
      "matrix_ego_from_sensor_carla": [
        [
          -0.5735768675804138,
          0.8191516995429993,
          -4.711399270718175e-08,
          -1.2999974489212036
        ],
        [
          -0.8191516995429993,
          -0.5735768675804138,
          -6.920767958717988e-08,
          -0.5500106811523438
        ],
        [
          -8.378027160915735e-08,
          -1.2274439242787594e-09,
          1.0,
          1.7000000476837158
        ],
        [
          0.0,
          0.0,
          0.0,
          1.0
        ]
      ],
      "matrix_ego_from_sensor_bevfusion": [
        [
          0.8191516995429993,
          4.711399270718175e-08,
          -0.5735768675804138,
          -1.2999974489212036
        ],
        [
          0.5735768675804138,
          -6.920767958717988e-08,
          0.8191516995429993,
          0.5500106811523438
        ],
        [
          -1.2274439242787594e-09,
          -1.0,
          -8.378027160915735e-08,
          1.7000000476837158
        ],
        [
          0.0,
          0.0,
          0.0,
          1.0
        ]
      ],
      "camera_intrinsics": [
        [
          685.5110473632812,
          0.0,
          480.0
        ],
        [
          0.0,
          685.5110473632812,
          270.0
        ],
        [
          0.0,
          0.0,
          1.0
        ]
      ],
      "data_path": "D:\\Agent-AI\\outputs\\s3a_left_v3\\sample_000039\\images\\CAM_BACK_LEFT.png",
      "raw_layout": "bgra8"
    },
    "CAM_BACK_RIGHT": {
      "type_id": "sensor.camera.rgb",
      "blueprint_attributes": {
        "role_name": "front",
        "ros_name": "sensor.camera.rgb",
        "chromatic_aberration_offset": "0.0",
        "sensor_tick": "0.100000",
        "fstop": "1.4",
        "image_size_x": "960",
        "image_size_y": "540",
        "fov": "70.00",
        "lens_circle_falloff": "5.0",
        "lens_circle_multiplier": "0.0",
        "exposure_compensation": "0.0",
        "lens_y_size": "0.08",
        "lens_k": "-1.0",
        "exposure_mode": "histogram",
        "lens_kcube": "0.0",
        "lens_x_size": "0.08",
        "exposure_max_bright": "12.0",
        "shutter_speed": "200.0",
        "bloom_intensity": "0.675",
        "iso": "100.0",
        "enable_postprocess_effects": "false",
        "gamma": "2.2",
        "motion_blur_intensity": "0.0",
        "motion_blur_max_distortion": "0.35",
        "lens_flare_intensity": "0.1",
        "motion_blur_min_object_screen_size": "0.1",
        "exposure_min_bright": "10.0",
        "exposure_speed_up": "3.0",
        "exposure_speed_down": "1.0",
        "tint": "0.0",
        "calibration_constant": "16.0",
        "focal_distance": "1000.0",
        "min_fstop": "1.2",
        "blade_count": "5",
        "blur_amount": "0.0",
        "blur_radius": "0.0",
        "slope": "0.88",
        "toe": "0.55",
        "white_clip": "0.04",
        "shoulder": "0.26",
        "black_clip": "0.0",
        "temp": "6500.0",
        "chromatic_aberration_intensity": "0.0"
      },
      "transform_carla": {
        "location": {
          "x": 108.24527740478516,
          "y": -36.30794906616211,
          "z": 1.6901357173919678
        },
        "rotation": {
          "roll": 0.023039795458316803,
          "pitch": -0.21654430031776428,
          "yaw": 17.107234954833984
        }
      },
      "matrix_world_from_sensor_carla": [
        [
          0.9557490348815918,
          -0.29416245222091675,
          0.003493897384032607,
          108.24527740478516
        ],
        [
          0.2941589057445526,
          0.955755352973938,
          0.0014960814733058214,
          -36.30794906616211
        ],
        [
          -0.0037794020026922226,
          -0.00040211740997619927,
          0.9999927878379822,
          1.6901357173919678
        ],
        [
          0.0,
          0.0,
          0.0,
          1.0
        ]
      ],
      "matrix_world_from_sensor_bevfusion": [
        [
          -0.29416245222091675,
          -0.003493897384032607,
          0.9557490348815918,
          108.24527740478516
        ],
        [
          -0.955755352973938,
          0.0014960814733058214,
          -0.2941589057445526,
          36.30794906616211
        ],
        [
          -0.00040211740997619927,
          -0.9999927878379822,
          -0.0037794020026922226,
          1.6901357173919678
        ],
        [
          0.0,
          0.0,
          0.0,
          1.0
        ]
      ],
      "matrix_ego_from_sensor_carla": [
        [
          -0.5735764503479004,
          -0.8191519379615784,
          2.180387781436366e-08,
          -1.300002098083496
        ],
        [
          0.8191519379615784,
          -0.5735765695571899,
          -3.218760724621461e-08,
          0.54998779296875
        ],
        [
          3.8899191423524826e-08,
          -8.25154389261229e-10,
          1.0,
          1.7000000476837158
        ],
        [
          0.0,
          0.0,
          0.0,
          1.0
        ]
      ],
      "matrix_ego_from_sensor_bevfusion": [
        [
          -0.8191519379615784,
          -2.180387781436366e-08,
          -0.5735764503479004,
          -1.300002098083496
        ],
        [
          0.5735765695571899,
          -3.218760724621461e-08,
          -0.8191519379615784,
          -0.54998779296875
        ],
        [
          -8.25154389261229e-10,
          -1.0,
          3.8899191423524826e-08,
          1.7000000476837158
        ],
        [
          0.0,
          0.0,
          0.0,
          1.0
        ]
      ],
      "camera_intrinsics": [
        [
          685.5110473632812,
          0.0,
          480.0
        ],
        [
          0.0,
          685.5110473632812,
          270.0
        ],
        [
          0.0,
          0.0,
          1.0
        ]
      ],
      "data_path": "D:\\Agent-AI\\outputs\\s3a_left_v3\\sample_000039\\images\\CAM_BACK_RIGHT.png",
      "raw_layout": "bgra8"
    },
    "LIDAR_TOP": {
      "type_id": "sensor.lidar.ray_cast",
      "blueprint_attributes": {
        "atmosphere_attenuation_rate": "0.004",
        "role_name": "front",
        "noise_seed": "0",
        "upper_fov": "10.0",
        "ros_name": "sensor.lidar.ray_cast",
        "sensor_tick": "0.100000",
        "channels": "32",
        "range": "120.0",
        "points_per_second": "360000",
        "lower_fov": "-30.0",
        "rotation_frequency": "10.000000",
        "horizontal_fov": "360.0",
        "dropoff_general_rate": "0.0",
        "dropoff_intensity_limit": "1.0",
        "noise_stddev": "0.0",
        "dropoff_zero_intensity": "0.0"
      },
      "transform_carla": {
        "location": {
          "x": 107.32422637939453,
          "y": -37.375343322753906,
          "z": 2.1949543952941895
        },
        "rotation": {
          "roll": 0.16416986286640167,
          "pitch": 0.1430787891149521,
          "yaw": -107.89252471923828
        }
      },
      "matrix_world_from_sensor_carla": [
        [
          -0.30723148584365845,
          0.9516283869743347,
          0.0034939346369355917,
          107.32422637939453
        ],
        [
          -0.9516316056251526,
          -0.30723798274993896,
          0.0014960924163460732,
          -37.375343322753906
        ],
        [
          0.0024971934035420418,
          -0.0028652918990701437,
          0.9999927878379822,
          2.1949543952941895
        ],
        [
          0.0,
          0.0,
          0.0,
          1.0
        ]
      ],
      "matrix_world_from_sensor_bevfusion": [
        [
          -0.30723148584365845,
          -0.9516283869743347,
          0.0034939346369355917,
          107.32422637939453
        ],
        [
          0.9516316056251526,
          -0.30723798274993896,
          -0.0014960924163460732,
          37.375343322753906
        ],
        [
          0.0024971934035420418,
          0.0028652918990701437,
          0.9999927878379822,
          2.1949543952941895
        ],
        [
          0.0,
          0.0,
          0.0,
          1.0
        ]
      ],
      "matrix_ego_from_sensor_carla": [
        [
          1.0,
          1.2665437587600081e-08,
          -8.22021756219371e-11,
          2.6226043701171875e-06
        ],
        [
          1.9488835434344765e-08,
          1.0,
          -5.6979559959202675e-11,
          -7.62939453125e-06
        ],
        [
          -8.220385483426185e-11,
          -5.697788074687793e-11,
          1.0,
          2.200000047683716
        ],
        [
          0.0,
          0.0,
          0.0,
          1.0
        ]
      ],
      "matrix_ego_from_sensor_bevfusion": [
        [
          1.0,
          -1.2665437587600081e-08,
          -8.22021756219371e-11,
          2.6226043701171875e-06
        ],
        [
          -1.9488835434344765e-08,
          1.0,
          5.6979559959202675e-11,
          7.62939453125e-06
        ],
        [
          -8.220385483426185e-11,
          5.697788074687793e-11,
          1.0,
          2.200000047683716
        ],
        [
          0.0,
          0.0,
          0.0,
          1.0
        ]
      ],
      "data_path": "D:\\Agent-AI\\outputs\\s3a_left_v3\\sample_000039\\lidar\\LIDAR_TOP.npy",
      "raw_layout": [
        "x",
        "y",
        "z",
        "intensity"
      ]
    },
    "RADAR_FRONT": {
      "type_id": "sensor.other.radar",
      "blueprint_attributes": {
        "sensor_tick": "0.100000",
        "role_name": "default",
        "noise_seed": "0",
        "ros_name": "sensor.other.radar",
        "horizontal_fov": "35.0",
        "points_per_second": "1500",
        "vertical_fov": "20.0",
        "range": "120.0"
      },
      "transform_carla": {
        "location": {
          "x": 106.7052230834961,
          "y": -39.28055191040039,
          "z": 0.8999581933021545
        },
        "rotation": {
          "roll": 0.16416986286640167,
          "pitch": 0.1430787891149521,
          "yaw": -107.89252471923828
        }
      },
      "matrix_world_from_sensor_carla": [
        [
          -0.30723148584365845,
          0.9516283869743347,
          0.0034939346369355917,
          106.7052230834961
        ],
        [
          -0.9516316056251526,
          -0.30723798274993896,
          0.0014960924163460732,
          -39.28055191040039
        ],
        [
          0.0024971934035420418,
          -0.0028652918990701437,
          0.9999927878379822,
          0.8999581933021545
        ],
        [
          0.0,
          0.0,
          0.0,
          1.0
        ]
      ],
      "matrix_world_from_sensor_bevfusion": [
        [
          -0.30723148584365845,
          -0.9516283869743347,
          0.0034939346369355917,
          106.7052230834961
        ],
        [
          0.9516316056251526,
          -0.30723798274993896,
          -0.0014960924163460732,
          39.28055191040039
        ],
        [
          0.0024971934035420418,
          0.0028652918990701437,
          0.9999927878379822,
          0.8999581933021545
        ],
        [
          0.0,
          0.0,
          0.0,
          1.0
        ]
      ],
      "matrix_ego_from_sensor_carla": [
        [
          1.0,
          1.2665437587600081e-08,
          -8.22021756219371e-11,
          2.0000030994415283
        ],
        [
          1.9488835434344765e-08,
          1.0,
          -5.6979559959202675e-11,
          -1.52587890625e-05
        ],
        [
          -8.220385483426185e-11,
          -5.697788074687793e-11,
          1.0,
          0.9000000357627869
        ],
        [
          0.0,
          0.0,
          0.0,
          1.0
        ]
      ],
      "matrix_ego_from_sensor_bevfusion": [
        [
          1.0,
          -1.2665437587600081e-08,
          -8.22021756219371e-11,
          2.0000030994415283
        ],
        [
          -1.9488835434344765e-08,
          1.0,
          5.6979559959202675e-11,
          1.52587890625e-05
        ],
        [
          -8.220385483426185e-11,
          5.697788074687793e-11,
          1.0,
          0.9000000357627869
        ],
        [
          0.0,
          0.0,
          0.0,
          1.0
        ]
      ],
      "data_path": "D:\\Agent-AI\\outputs\\s3a_left_v3\\sample_000039\\radar\\RADAR_FRONT.npy",
      "raw_layout": [
        "velocity",
        "altitude",
        "azimuth",
        "depth"
      ]
    },
    "RADAR_FRONT_LEFT": {
      "type_id": "sensor.other.radar",
      "blueprint_attributes": {
        "sensor_tick": "0.100000",
        "role_name": "default",
        "noise_seed": "0",
        "ros_name": "sensor.other.radar",
        "horizontal_fov": "35.0",
        "points_per_second": "1500",
        "vertical_fov": "20.0",
        "range": "120.0"
      },
      "transform_carla": {
        "location": {
          "x": 106.09902954101562,
          "y": -38.7170524597168,
          "z": 0.9012330174446106
        },
        "rotation": {
          "roll": 0.01491334568709135,
          "pitch": 0.217254638671875,
          "yaw": -152.89271545410156
        }
      },
      "matrix_world_from_sensor_carla": [
        [
          -0.8901484608650208,
          0.45565712451934814,
          0.003493890631943941,
          106.09902954101562
        ],
        [
          -0.45565474033355713,
          -0.8901553153991699,
          0.0014960680855438113,
          -38.7170524597168
        ],
        [
          0.00379179953597486,
          -0.0002602851018309593,
          0.9999927282333374,
          0.9012330174446106
        ],
        [
          0.0,
          0.0,
          0.0,
          1.0
        ]
      ],
      "matrix_world_from_sensor_bevfusion": [
        [
          -0.8901484608650208,
          -0.45565712451934814,
          0.003493890631943941,
          106.09902954101562
        ],
        [
          0.45565474033355713,
          -0.8901553153991699,
          -0.0014960680855438113,
          38.7170524597168
        ],
        [
          0.00379179953597486,
          0.0002602851018309593,
          0.9999927282333374,
          0.9012330174446106
        ],
        [
          0.0,
          0.0,
          0.0,
          1.0
        ]
      ],
      "matrix_ego_from_sensor_carla": [
        [
          0.7071064710617065,
          0.7071069478988647,
          3.632336387227042e-08,
          1.6500036716461182
        ],
        [
          -0.7071069478988647,
          0.7071065306663513,
          -3.411230053984582e-08,
          -0.7500076293945312
        ],
        [
          -5.016447701677862e-08,
          -1.295099139042577e-09,
          0.9999999403953552,
          0.8999999165534973
        ],
        [
          0.0,
          0.0,
          0.0,
          1.0
        ]
      ],
      "matrix_ego_from_sensor_bevfusion": [
        [
          0.7071064710617065,
          -0.7071069478988647,
          3.632336387227042e-08,
          1.6500036716461182
        ],
        [
          0.7071069478988647,
          0.7071065306663513,
          3.411230053984582e-08,
          0.7500076293945312
        ],
        [
          -5.016447701677862e-08,
          1.295099139042577e-09,
          0.9999999403953552,
          0.8999999165534973
        ],
        [
          0.0,
          0.0,
          0.0,
          1.0
        ]
      ],
      "data_path": "D:\\Agent-AI\\outputs\\s3a_left_v3\\sample_000039\\radar\\RADAR_FRONT_LEFT.npy",
      "raw_layout": [
        "velocity",
        "altitude",
        "azimuth",
        "depth"
      ]
    },
    "RADAR_FRONT_RIGHT": {
      "type_id": "sensor.other.radar",
      "blueprint_attributes": {
        "sensor_tick": "0.100000",
        "role_name": "default",
        "noise_seed": "0",
