{
  "schema_version": "stage1.v1",
  "sample_name": "sample_000038",
  "sequence_index": 38,
  "previous_sample_name": "sample_000037",
  "frame_id": 726311,
  "timestamp": 5000.994624774903,
  "platform_timestamp": 16813383.3082581,
  "delta_seconds": 0.10000000149011612,
  "town": "Carla/Maps/Town10HD_Opt",
  "weather": {
    "cloudiness": 20.0,
    "dust_storm": 0.0,
    "fog_density": 2.0,
    "fog_distance": 0.75,
    "fog_falloff": 0.10000000149011612,
    "mie_scattering_scale": 0.029999999329447746,
    "precipitation": 0.0,
    "precipitation_deposits": 0.0,
    "rayleigh_scattering_scale": 0.03310000151395798,
    "scattering_intensity": 1.0,
    "sun_altitude_angle": 45.0,
    "sun_azimuth_angle": 300.0,
    "wetness": 0.0,
    "wind_intensity": 10.0
  },
  "sensor_names": [
    "CAM_FRONT",
    "CAM_FRONT_RIGHT",
    "CAM_FRONT_LEFT",
    "CAM_BACK",
    "CAM_BACK_LEFT",
    "CAM_BACK_RIGHT",
    "LIDAR_TOP",
    "RADAR_FRONT",
    "RADAR_FRONT_LEFT",
    "RADAR_FRONT_RIGHT",
    "RADAR_BACK_LEFT",
    "RADAR_BACK_RIGHT"
  ],
  "camera_order_for_model": [
    "CAM_FRONT",
    "CAM_FRONT_RIGHT",
    "CAM_FRONT_LEFT",
    "CAM_BACK",
    "CAM_BACK_LEFT",
    "CAM_BACK_RIGHT"
  ],
  "radar_order_for_model": [
    "RADAR_FRONT",
    "RADAR_FRONT_LEFT",
    "RADAR_FRONT_RIGHT",
    "RADAR_BACK_LEFT",
    "RADAR_BACK_RIGHT"
  ],
  "coordinate_notes": {
    "carla_world": "left-handed x-forward y-right z-up",
    "bevfusion_lidar": "x-forward y-left z-up",
    "camera_frame_for_model": "OpenCV style x-right y-down z-forward"
  },
  "ego": {
    "actor_id": 49,
    "transform_carla": {
      "location": {
        "x": 103.73654174804688,
        "y": -37.03190231323242,
        "z": -0.003997993189841509
      },
      "rotation": {
        "roll": 0.050908006727695465,
        "pitch": -0.13537433743476868,
        "yaw": -108.71916961669922
      }
    },
    "velocity_carla": [
      -0.9327899217605591,
      -2.5129525661468506,
      -5.9700009842345025e-06
    ],
    "angular_velocity_carla": [
      1.4459402561187744,
      -0.7802192568778992,
      -3.735976219177246
    ],
    "matrix_world_from_ego_carla": [
      [
        -0.3209289610385895,
        0.9471032023429871,
        8.324364898726344e-05,
        103.73654174804688
      ],
      [
        -0.9471002817153931,
        -0.3209277391433716,
        -0.002522893715649843,
        -37.03190231323242
      ],
      [
        -0.002362725790590048,
        -0.0008885097340680659,
        0.9999967813491821,
        -0.003997993189841509
      ],
      [
        0.0,
        0.0,
        0.0,
        1.0
      ]
    ],
    "matrix_world_from_ego_bevfusion": [
      [
        -0.3209289610385895,
        -0.9471032023429871,
        8.324364898726344e-05,
        103.73654174804688
      ],
      [
        0.9471002817153931,
        -0.3209277391433716,
        0.002522893715649843,
        37.03190231323242
      ],
      [
        -0.002362725790590048,
        0.0008885097340680659,
        0.9999967813491821,
        -0.003997993189841509
      ],
      [
        0.0,
        0.0,
        0.0,
        1.0
      ]
    ]
  },
  "sensors": {
    "CAM_FRONT": {
      "type_id": "sensor.camera.rgb",
      "blueprint_attributes": {
        "role_name": "front",
        "ros_name": "sensor.camera.rgb",
        "chromatic_aberration_offset": "0.0",
        "sensor_tick": "0.100000",
        "fstop": "1.4",
        "image_size_x": "960",
        "image_size_y": "540",
        "fov": "70.00",
        "lens_circle_falloff": "5.0",
        "lens_circle_multiplier": "0.0",
        "exposure_compensation": "0.0",
        "lens_y_size": "0.08",
        "lens_k": "-1.0",
        "exposure_mode": "histogram",
        "lens_kcube": "0.0",
        "lens_x_size": "0.08",
        "exposure_max_bright": "12.0",
        "shutter_speed": "200.0",
        "bloom_intensity": "0.675",
        "iso": "100.0",
        "enable_postprocess_effects": "false",
        "gamma": "2.2",
        "motion_blur_intensity": "0.0",
        "motion_blur_max_distortion": "0.35",
        "lens_flare_intensity": "0.1",
        "motion_blur_min_object_screen_size": "0.1",
        "exposure_min_bright": "10.0",
        "exposure_speed_up": "3.0",
        "exposure_speed_down": "1.0",
        "tint": "0.0",
        "calibration_constant": "16.0",
        "focal_distance": "1000.0",
        "min_fstop": "1.2",
        "blade_count": "5",
        "blur_amount": "0.0",
        "blur_radius": "0.0",
        "slope": "0.88",
        "toe": "0.55",
        "white_clip": "0.04",
        "shoulder": "0.26",
        "black_clip": "0.0",
        "temp": "6500.0",
        "chromatic_aberration_intensity": "0.0"
      },
      "transform_carla": {
        "location": {
          "x": 103.23924255371094,
          "y": -38.50419998168945,
          "z": 1.6923344135284424
        },
        "rotation": {
          "roll": 0.050908006727695465,
          "pitch": -0.13537433743476868,
          "yaw": -108.71916961669922
        }
      },
      "matrix_world_from_sensor_carla": [
        [
          -0.3209289610385895,
          0.9471032023429871,
          8.324364898726344e-05,
          103.23924255371094
        ],
        [
          -0.9471002817153931,
          -0.3209277391433716,
          -0.002522893715649843,
          -38.50419998168945
        ],
        [
          -0.002362725790590048,
          -0.0008885097340680659,
          0.9999967813491821,
          1.6923344135284424
        ],
        [
          0.0,
          0.0,
          0.0,
          1.0
        ]
      ],
      "matrix_world_from_sensor_bevfusion": [
        [
          0.9471032023429871,
          -8.324364898726344e-05,
          -0.3209289610385895,
          103.23924255371094
        ],
        [
          0.3209277391433716,
          -0.002522893715649843,
          0.9471002817153931,
          38.50419998168945
        ],
        [
          -0.0008885097340680659,
          -0.9999967813491821,
          -0.002362725790590048,
          1.6923344135284424
        ],
        [
          0.0,
          0.0,
          0.0,
          1.0
        ]
      ],
      "matrix_ego_from_sensor_carla": [
        [
          1.0,
          -2.1665453875385765e-09,
          -7.86219422899137e-11,
          1.5500034093856812
        ],
        [
          6.930723106535197e-09,
          1.0,
          7.627572184976117e-12,
          0.0
        ],
        [
          1.3379269914182146e-11,
          1.2875551319568856e-11,
          1.0,
          1.7000000476837158
        ],
        [
          0.0,
          0.0,
          0.0,
          1.0
        ]
      ],
      "matrix_ego_from_sensor_bevfusion": [
        [
          -2.1665453875385765e-09,
          7.86219422899137e-11,
          1.0,
          1.5500034093856812
        ],
        [
          -1.0,
          7.627572184976117e-12,
          -6.930723106535197e-09,
          0.0
        ],
        [
          1.2875551319568856e-11,
          -1.0,
          1.3379269914182146e-11,
          1.7000000476837158
        ],
        [
          0.0,
          0.0,
          0.0,
          1.0
        ]
      ],
      "camera_intrinsics": [
        [
          685.5110473632812,
          0.0,
          480.0
        ],
        [
          0.0,
          685.5110473632812,
          270.0
        ],
        [
          0.0,
          0.0,
          1.0
        ]
      ],
      "data_path": "D:\\Agent-AI\\outputs\\s3a_ml_long_v1\\sample_000038\\images\\CAM_FRONT.png",
      "raw_layout": "bgra8"
    },
    "CAM_FRONT_RIGHT": {
      "type_id": "sensor.camera.rgb",
      "blueprint_attributes": {
        "role_name": "front",
        "ros_name": "sensor.camera.rgb",
        "chromatic_aberration_offset": "0.0",
        "sensor_tick": "0.100000",
        "fstop": "1.4",
        "image_size_x": "960",
        "image_size_y": "540",
        "fov": "70.00",
        "lens_circle_falloff": "5.0",
        "lens_circle_multiplier": "0.0",
        "exposure_compensation": "0.0",
        "lens_y_size": "0.08",
        "lens_k": "-1.0",
        "exposure_mode": "histogram",
        "lens_kcube": "0.0",
        "lens_x_size": "0.08",
        "exposure_max_bright": "12.0",
        "shutter_speed": "200.0",
        "bloom_intensity": "0.675",
        "iso": "100.0",
        "enable_postprocess_effects": "false",
        "gamma": "2.2",
        "motion_blur_intensity": "0.0",
        "motion_blur_max_distortion": "0.35",
        "lens_flare_intensity": "0.1",
        "motion_blur_min_object_screen_size": "0.1",
        "exposure_min_bright": "10.0",
        "exposure_speed_up": "3.0",
        "exposure_speed_down": "1.0",
        "tint": "0.0",
        "calibration_constant": "16.0",
        "focal_distance": "1000.0",
        "min_fstop": "1.2",
        "blade_count": "5",
        "blur_amount": "0.0",
        "blur_radius": "0.0",
        "slope": "0.88",
        "toe": "0.55",
        "white_clip": "0.04",
        "shoulder": "0.26",
        "black_clip": "0.0",
        "temp": "6500.0",
        "chromatic_aberration_intensity": "0.0"
      },
      "transform_carla": {
        "location": {
          "x": 103.84037780761719,
          "y": -38.443931579589844,
          "z": 1.6924363374710083
        },
        "rotation": {
          "roll": -0.08169404417276382,
          "pitch": -0.11935071647167206,
          "yaw": -53.719032287597656
        }
      },
      "matrix_world_from_sensor_carla": [
        [
          0.5917441844940186,
          0.8061257600784302,
          8.324417285621166e-05,
          103.84037780761719
        ],
        [
          -0.8061231374740601,
          0.5917424559593201,
          -0.0025229339953511953,
          -38.443931579589844
        ],
        [
          -0.002083061495795846,
          0.0014258265728130937,
          0.9999968409538269,
          1.6924363374710083
        ],
        [
          0.0,
          0.0,
          0.0,
          1.0
        ]
      ],
      "matrix_world_from_sensor_bevfusion": [
        [
          0.8061257600784302,
          -8.324417285621166e-05,
          0.5917441844940186,
          103.84037780761719
        ],
        [
          -0.5917424559593201,
          -0.0025229339953511953,
          0.8061231374740601,
          38.443931579589844
        ],
        [
          0.0014258265728130937,
          -0.9999968409538269,
          -0.002083061495795846,
          1.6924363374710083
        ],
        [
          0.0,
          0.0,
          0.0,
          1.0
        ]
      ],
      "matrix_ego_from_sensor_carla": [
        [
          0.5735765695571899,
          -0.8191519975662231,
          3.796477443529511e-08,
          1.3000022172927856
        ],
        [
          0.8191519975662231,
          0.5735765099525452,
          1.3342430271734429e-08,
          0.5499954223632812
        ],
        [
          -3.276788973494149e-08,
          2.3435426044216e-08,
          1.0,
          1.6999999284744263
        ],
        [
          0.0,
          0.0,
          0.0,
          1.0
        ]
      ],
      "matrix_ego_from_sensor_bevfusion": [
        [
          -0.8191519975662231,
          -3.796477443529511e-08,
          0.5735765695571899,
          1.3000022172927856
        ],
        [
          -0.5735765099525452,
          1.3342430271734429e-08,
          -0.8191519975662231,
          -0.5499954223632812
        ],
        [
          2.3435426044216e-08,
          -1.0,
          -3.276788973494149e-08,
          1.6999999284744263
        ],
        [
          0.0,
          0.0,
          0.0,
          1.0
        ]
      ],
      "camera_intrinsics": [
        [
          685.5110473632812,
          0.0,
          480.0
        ],
        [
          0.0,
          685.5110473632812,
          270.0
        ],
        [
          0.0,
          0.0,
          1.0
        ]
      ],
      "data_path": "D:\\Agent-AI\\outputs\\s3a_ml_long_v1\\sample_000038\\images\\CAM_FRONT_RIGHT.png",
      "raw_layout": "bgra8"
    },
    "CAM_FRONT_LEFT": {
      "type_id": "sensor.camera.rgb",
      "blueprint_attributes": {
        "role_name": "front",
        "ros_name": "sensor.camera.rgb",
        "chromatic_aberration_offset": "0.0",
        "sensor_tick": "0.100000",
        "fstop": "1.4",
        "image_size_x": "960",
        "image_size_y": "540",
        "fov": "70.00",
        "lens_circle_falloff": "5.0",
        "lens_circle_multiplier": "0.0",
        "exposure_compensation": "0.0",
        "lens_y_size": "0.08",
        "lens_k": "-1.0",
        "exposure_mode": "histogram",
        "lens_kcube": "0.0",
        "lens_x_size": "0.08",
        "exposure_max_bright": "12.0",
        "shutter_speed": "200.0",
        "bloom_intensity": "0.675",
        "iso": "100.0",
        "enable_postprocess_effects": "false",
        "gamma": "2.2",
        "motion_blur_intensity": "0.0",
        "motion_blur_max_distortion": "0.35",
        "lens_flare_intensity": "0.1",
        "motion_blur_min_object_screen_size": "0.1",
        "exposure_min_bright": "10.0",
        "exposure_speed_up": "3.0",
        "exposure_speed_down": "1.0",
        "tint": "0.0",
        "calibration_constant": "16.0",
        "focal_distance": "1000.0",
        "min_fstop": "1.2",
        "blade_count": "5",
        "blur_amount": "0.0",
        "blur_radius": "0.0",
        "slope": "0.88",
        "toe": "0.55",
        "white_clip": "0.04",
        "shoulder": "0.26",
        "black_clip": "0.0",
        "temp": "6500.0",
        "chromatic_aberration_intensity": "0.0"
      },
      "transform_carla": {
        "location": {
          "x": 102.79856872558594,
          "y": -38.090911865234375,
          "z": 1.6934136152267456
        },
        "rotation": {
          "roll": 0.14009308815002441,
          "pitch": -0.0359472818672657,
          "yaw": -163.71913146972656
        }
      },
      "matrix_world_from_sensor_carla": [
        [
          -0.9598987698554993,
          0.2803468704223633,
          8.323270594701171e-05,
          102.79856872558594
        ],
        [
          -0.28034618496894836,
          -0.959895670413971,
          -0.0025229211896657944,
          -38.090911865234375
        ],
        [
          -0.0006273983744904399,
          -0.0024450828786939383,
          0.9999968409538269,
          1.6934136152267456
        ],
        [
          0.0,
          0.0,
          0.0,
          1.0
        ]
      ],
      "matrix_world_from_sensor_bevfusion": [
        [
          0.2803468704223633,
          -8.323270594701171e-05,
          -0.9598987698554993,
          102.79856872558594
        ],
        [
          0.959895670413971,
          -0.0025229211896657944,
          0.28034618496894836,
          38.090911865234375
        ],
        [
          -0.0024450828786939383,
          -0.9999968409538269,
          -0.0006273983744904399,
          1.6934136152267456
        ],
        [
          0.0,
          0.0,
          0.0,
          1.0
        ]
      ],
      "matrix_ego_from_sensor_carla": [
        [
          0.573576807975769,
          0.8191518783569336,
          2.9350040620101936e-08,
          1.3000015020370483
        ],
        [
          -0.8191518783569336,
          0.5735767483711243,
          -1.6169385830266947e-09,
          -0.5499954223632812
        ],
        [
          -1.809966221344439e-08,
          -2.300951607026036e-08,
          1.0,
          1.6999999284744263
        ],
        [
          0.0,
          0.0,
          0.0,
          1.0
        ]
      ],
      "matrix_ego_from_sensor_bevfusion": [
        [
          0.8191518783569336,
          -2.9350040620101936e-08,
          0.573576807975769,
          1.3000015020370483
        ],
        [
          -0.5735767483711243,
          -1.6169385830266947e-09,
          0.8191518783569336,
          0.5499954223632812
        ],
        [
          -2.300951607026036e-08,
          -1.0,
          -1.809966221344439e-08,
          1.6999999284744263
        ],
        [
          0.0,
          0.0,
          0.0,
          1.0
        ]
      ],
      "camera_intrinsics": [
        [
          685.5110473632812,
          0.0,
          480.0
        ],
        [
          0.0,
          685.5110473632812,
          270.0
        ],
        [
          0.0,
          0.0,
          1.0
        ]
      ],
      "data_path": "D:\\Agent-AI\\outputs\\s3a_ml_long_v1\\sample_000038\\images\\CAM_FRONT_LEFT.png",
      "raw_layout": "bgra8"
    },
    "CAM_BACK": {
      "type_id": "sensor.camera.rgb",
      "blueprint_attributes": {
        "role_name": "front",
        "ros_name": "sensor.camera.rgb",
        "chromatic_aberration_offset": "0.0",
        "sensor_tick": "0.100000",
        "fstop": "1.4",
        "image_size_x": "960",
        "image_size_y": "540",
        "fov": "70.00",
        "lens_circle_falloff": "5.0",
        "lens_circle_multiplier": "0.0",
        "exposure_compensation": "0.0",
        "lens_y_size": "0.08",
        "lens_k": "-1.0",
        "exposure_mode": "histogram",
        "lens_kcube": "0.0",
        "lens_x_size": "0.08",
        "exposure_max_bright": "12.0",
        "shutter_speed": "200.0",
        "bloom_intensity": "0.675",
        "iso": "100.0",
        "enable_postprocess_effects": "false",
        "gamma": "2.2",
        "motion_blur_intensity": "0.0",
        "motion_blur_max_distortion": "0.35",
        "lens_flare_intensity": "0.1",
        "motion_blur_min_object_screen_size": "0.1",
        "exposure_min_bright": "10.0",
        "exposure_speed_up": "3.0",
        "exposure_speed_down": "1.0",
        "tint": "0.0",
        "calibration_constant": "16.0",
        "focal_distance": "1000.0",
        "min_fstop": "1.2",
        "blade_count": "5",
        "blur_amount": "0.0",
        "blur_radius": "0.0",
        "slope": "0.88",
        "toe": "0.55",
        "white_clip": "0.04",
        "shoulder": "0.26",
        "black_clip": "0.0",
        "temp": "6500.0",
        "chromatic_aberration_intensity": "0.0"
      },
      "transform_carla": {
        "location": {
          "x": 104.23411560058594,
          "y": -35.56818771362305,
          "z": 1.699658751487732
        },
        "rotation": {
          "roll": -0.05090795084834099,
          "pitch": 0.13537433743476868,
          "yaw": 71.28081512451172
        }
      },
      "matrix_world_from_sensor_carla": [
        [
          0.3209291994571686,
          -0.9471031427383423,
          8.324207738041878e-05,
          104.23411560058594
        ],
        [
          0.9471002221107483,
          0.3209279775619507,
          -0.0025228934828191996,
          -35.56818771362305
        ],
        [
          0.002362725790590048,
          0.0008885087445378304,
          0.9999967813491821,
          1.699658751487732
        ],
        [
          0.0,
          0.0,
          0.0,
          1.0
        ]
      ],
      "matrix_world_from_sensor_bevfusion": [
        [
          -0.9471031427383423,
          -8.324207738041878e-05,
          0.3209291994571686,
          104.23411560058594
        ],
        [
          -0.3209279775619507,
          -0.0025228934828191996,
          -0.9471002221107483,
          35.56818771362305
        ],
        [
          0.0008885087445378304,
          -0.9999967813491821,
          0.002362725790590048,
          1.699658751487732
        ],
        [
          0.0,
          0.0,
          0.0,
          1.0
        ]
      ],
      "matrix_ego_from_sensor_carla": [
        [
          -1.0,
          -2.534398220177536e-07,
          3.8703934501782555e-10,
          -1.549994707107544
        ],
        [
          2.5061657993319386e-07,
          -1.0,
          -1.5639792794175378e-09,
          -7.62939453125e-06
        ],
        [
          2.1945137373968748e-10,
          -1.584479214500334e-09,
          1.0,
          1.6999999284744263
        ],
        [
          0.0,
          0.0,
          0.0,
          1.0
        ]
      ],
      "matrix_ego_from_sensor_bevfusion": [
        [
          -2.534398220177536e-07,
          -3.8703934501782555e-10,
          -1.0,
          -1.549994707107544
        ],
        [
          1.0,
          -1.5639792794175378e-09,
          -2.5061657993319386e-07,
          7.62939453125e-06
        ],
        [
          -1.584479214500334e-09,
          -1.0,
          2.1945137373968748e-10,
          1.6999999284744263
        ],
        [
          0.0,
          0.0,
          0.0,
          1.0
        ]
      ],
      "camera_intrinsics": [
        [
          685.5110473632812,
          0.0,
          480.0
        ],
        [
          0.0,
          685.5110473632812,
          270.0
        ],
        [
          0.0,
          0.0,
          1.0
        ]
      ],
      "data_path": "D:\\Agent-AI\\outputs\\s3a_ml_long_v1\\sample_000038\\images\\CAM_BACK.png",
      "raw_layout": "bgra8"
    },
    "CAM_BACK_LEFT": {
      "type_id": "sensor.camera.rgb",
      "blueprint_attributes": {
        "role_name": "front",
        "ros_name": "sensor.camera.rgb",
        "chromatic_aberration_offset": "0.0",
        "sensor_tick": "0.100000",
        "fstop": "1.4",
        "image_size_x": "960",
        "image_size_y": "540",
        "fov": "70.00",
        "lens_circle_falloff": "5.0",
        "lens_circle_multiplier": "0.0",
        "exposure_compensation": "0.0",
        "lens_y_size": "0.08",
        "lens_k": "-1.0",
        "exposure_mode": "histogram",
        "lens_kcube": "0.0",
        "lens_x_size": "0.08",
        "exposure_max_bright": "12.0",
        "shutter_speed": "200.0",
        "bloom_intensity": "0.675",
        "iso": "100.0",
        "enable_postprocess_effects": "false",
        "gamma": "2.2",
        "motion_blur_intensity": "0.0",
        "motion_blur_max_distortion": "0.35",
        "lens_flare_intensity": "0.1",
        "motion_blur_min_object_screen_size": "0.1",
        "exposure_min_bright": "10.0",
        "exposure_speed_up": "3.0",
        "exposure_speed_down": "1.0",
        "tint": "0.0",
        "calibration_constant": "16.0",
        "focal_distance": "1000.0",
        "min_fstop": "1.2",
        "blade_count": "5",
        "blur_amount": "0.0",
        "blur_radius": "0.0",
        "slope": "0.88",
        "toe": "0.55",
        "white_clip": "0.04",
        "shoulder": "0.26",
        "black_clip": "0.0",
        "temp": "6500.0",
        "chromatic_aberration_intensity": "0.0"
      },
      "transform_carla": {
        "location": {
          "x": 103.63298797607422,
          "y": -35.62845230102539,
          "z": 1.699556827545166
        },
        "rotation": {
          "roll": 0.08169404417276382,
          "pitch": 0.11935071647167206,
          "yaw": 126.28096008300781
        }
      },
      "matrix_world_from_sensor_carla": [
        [
          -0.5917441248893738,
          -0.806125819683075,
          8.324394002556801e-05,
          103.63298797607422
        ],
        [
          0.8061231970787048,
          -0.5917423963546753,
          -0.002522934228181839,
          -35.62845230102539
        ],
        [
          0.002083061495795846,
          -0.0014258265728130937,
          0.9999968409538269,
          1.699556827545166
        ],
        [
          0.0,
          0.0,
          0.0,
          1.0
        ]
      ],
      "matrix_world_from_sensor_bevfusion": [
        [
          -0.806125819683075,
          -8.324394002556801e-05,
          -0.5917441248893738,
          103.63298797607422
        ],
        [
          0.5917423963546753,
          -0.002522934228181839,
          -0.8061231970787048,
          35.62845230102539
        ],
        [
          -0.0014258265728130937,
          -0.9999968409538269,
          0.002083061495795846,
          1.699556827545166
        ],
        [
          0.0,
          0.0,
          0.0,
          1.0
        ]
      ],
      "matrix_ego_from_sensor_carla": [
        [
          -0.5735766291618347,
          0.8191519379615784,
          3.819760507894898e-08,
          -1.3000009059906006
        ],
        [
          -0.8191519975662231,
          -0.5735766291618347,
          1.3226014949907494e-08,
          -0.5499954223632812
        ],
        [
          3.276788973494149e-08,
          -2.3551841366042936e-08,
          1.0,
          1.7000000476837158
        ],
        [
          0.0,
          0.0,
          0.0,
          1.0
        ]
      ],
      "matrix_ego_from_sensor_bevfusion": [
        [
          0.8191519379615784,
          -3.819760507894898e-08,
          -0.5735766291618347,
          -1.3000009059906006
        ],
        [
          0.5735766291618347,
          1.3226014949907494e-08,
          0.8191519975662231,
          0.5499954223632812
        ],
        [
          -2.3551841366042936e-08,
          -1.0,
          3.276788973494149e-08,
          1.7000000476837158
        ],
        [
          0.0,
          0.0,
          0.0,
          1.0
        ]
      ],
      "camera_intrinsics": [
        [
          685.5110473632812,
          0.0,
          480.0
        ],
        [
          0.0,
          685.5110473632812,
          270.0
        ],
        [
          0.0,
          0.0,
          1.0
        ]
      ],
      "data_path": "D:\\Agent-AI\\outputs\\s3a_ml_long_v1\\sample_000038\\images\\CAM_BACK_LEFT.png",
      "raw_layout": "bgra8"
    },
    "CAM_BACK_RIGHT": {
      "type_id": "sensor.camera.rgb",
      "blueprint_attributes": {
        "role_name": "front",
        "ros_name": "sensor.camera.rgb",
        "chromatic_aberration_offset": "0.0",
        "sensor_tick": "0.100000",
        "fstop": "1.4",
        "image_size_x": "960",
        "image_size_y": "540",
        "fov": "70.00",
        "lens_circle_falloff": "5.0",
        "lens_circle_multiplier": "0.0",
        "exposure_compensation": "0.0",
        "lens_y_size": "0.08",
        "lens_k": "-1.0",
        "exposure_mode": "histogram",
        "lens_kcube": "0.0",
        "lens_x_size": "0.08",
        "exposure_max_bright": "12.0",
        "shutter_speed": "200.0",
        "bloom_intensity": "0.675",
        "iso": "100.0",
        "enable_postprocess_effects": "false",
        "gamma": "2.2",
        "motion_blur_intensity": "0.0",
        "motion_blur_max_distortion": "0.35",
        "lens_flare_intensity": "0.1",
        "motion_blur_min_object_screen_size": "0.1",
        "exposure_min_bright": "10.0",
        "exposure_speed_up": "3.0",
        "exposure_speed_down": "1.0",
        "tint": "0.0",
        "calibration_constant": "16.0",
        "focal_distance": "1000.0",
        "min_fstop": "1.2",
        "blade_count": "5",
        "blur_amount": "0.0",
        "blur_radius": "0.0",
        "slope": "0.88",
        "toe": "0.55",
        "white_clip": "0.04",
        "shoulder": "0.26",
        "black_clip": "0.0",
        "temp": "6500.0",
        "chromatic_aberration_intensity": "0.0"
      },
      "transform_carla": {
        "location": {
          "x": 104.67478942871094,
          "y": -35.98147201538086,
          "z": 1.6985795497894287
        },
        "rotation": {
          "roll": -0.14009307324886322,
          "pitch": 0.0359472818672657,
          "yaw": 16.280845642089844
        }
      },
      "matrix_world_from_sensor_carla": [
        [
          0.9598988890647888,
          -0.28034645318984985,
          8.323154179379344e-05,
          104.67478942871094
        ],
        [
          0.28034576773643494,
          0.9598957896232605,
          -0.0025229209568351507,
          -35.98147201538086
        ],
        [
          0.0006273983744904399,
          0.0024450826458632946,
          0.9999968409538269,
          1.6985795497894287
        ],
        [
          0.0,
          0.0,
          0.0,
          1.0
        ]
      ],
      "matrix_world_from_sensor_bevfusion": [
        [
          -0.28034645318984985,
          -8.323154179379344e-05,
          0.9598988890647888,
          104.67478942871094
        ],
        [
          -0.9598957896232605,
          -0.0025229209568351507,
          -0.28034576773643494,
          35.98147201538086
        ],
        [
          0.0024450826458632946,
          -0.9999968409538269,
          0.0006273983744904399,
          1.6985795497894287
        ],
        [
          0.0,
          0.0,
          0.0,
          1.0
        ]
      ],
      "matrix_ego_from_sensor_carla": [
        [
          -0.5735764503479004,
          -0.8191521167755127,
          2.9582871263755806e-08,
          -1.2999964952468872
        ],
        [
          0.8191521167755127,
          -0.5735763907432556,
          -2.781091801296043e-09,
          0.5499954223632812
        ],
        [
          1.920560777080027e-08,
          2.254385478295262e-08,
          1.0,
          1.7000000476837158
        ],
        [
          0.0,
          0.0,
          0.0,
          1.0
        ]
      ],
      "matrix_ego_from_sensor_bevfusion": [
        [
          -0.8191521167755127,
          -2.9582871263755806e-08,
          -0.5735764503479004,
          -1.2999964952468872
        ],
        [
          0.5735763907432556,
          -2.781091801296043e-09,
          -0.8191521167755127,
          -0.5499954223632812
        ],
        [
          2.254385478295262e-08,
          -1.0,
          1.920560777080027e-08,
          1.7000000476837158
        ],
        [
          0.0,
          0.0,
          0.0,
          1.0
        ]
      ],
      "camera_intrinsics": [
        [
          685.5110473632812,
          0.0,
          480.0
        ],
        [
          0.0,
          685.5110473632812,
          270.0
        ],
        [
          0.0,
          0.0,
          1.0
        ]
      ],
      "data_path": "D:\\Agent-AI\\outputs\\s3a_ml_long_v1\\sample_000038\\images\\CAM_BACK_RIGHT.png",
      "raw_layout": "bgra8"
    },
    "LIDAR_TOP": {
      "type_id": "sensor.lidar.ray_cast",
      "blueprint_attributes": {
        "atmosphere_attenuation_rate": "0.004",
        "role_name": "front",
        "noise_seed": "0",
        "upper_fov": "10.0",
        "ros_name": "sensor.lidar.ray_cast",
        "sensor_tick": "0.100000",
        "channels": "32",
        "range": "120.0",
        "points_per_second": "360000",
        "lower_fov": "-30.0",
        "rotation_frequency": "10.000000",
        "horizontal_fov": "360.0",
        "dropoff_general_rate": "0.0",
        "dropoff_intensity_limit": "1.0",
        "noise_stddev": "0.0",
        "dropoff_zero_intensity": "0.0"
      },
      "transform_carla": {
        "location": {
          "x": 103.73672485351562,
          "y": -37.037452697753906,
          "z": 2.1959950923919678
        },
        "rotation": {
          "roll": 0.050908006727695465,
          "pitch": -0.13537433743476868,
          "yaw": -108.71916961669922
        }
      },
      "matrix_world_from_sensor_carla": [
        [
          -0.3209289610385895,
          0.9471032023429871,
          8.324364898726344e-05,
          103.73672485351562
        ],
        [
          -0.9471002817153931,
          -0.3209277391433716,
          -0.002522893715649843,
          -37.037452697753906
        ],
        [
          -0.002362725790590048,
          -0.0008885097340680659,
          0.9999967813491821,
          2.1959950923919678
        ],
        [
          0.0,
          0.0,
          0.0,
          1.0
        ]
      ],
      "matrix_world_from_sensor_bevfusion": [
        [
          -0.3209289610385895,
          -0.9471032023429871,
          8.324364898726344e-05,
          103.73672485351562
        ],
        [
          0.9471002817153931,
          -0.3209277391433716,
          0.002522893715649843,
          37.037452697753906
        ],
        [
          -0.002362725790590048,
          0.0008885097340680659,
          0.9999967813491821,
          2.1959950923919678
        ],
        [
          0.0,
          0.0,
          0.0,
          1.0
        ]
      ],
      "matrix_ego_from_sensor_carla": [
        [
          1.0,
          -2.1665453875385765e-09,
          -7.86219422899137e-11,
          0.0
        ],
        [
          6.930723106535197e-09,
          1.0,
          7.627572184976117e-12,
          0.0
        ],
        [
          1.3379269914182146e-11,
          1.2875551319568856e-11,
          1.0,
          2.200000286102295
        ],
        [
          0.0,
          0.0,
          0.0,
          1.0
        ]
      ],
      "matrix_ego_from_sensor_bevfusion": [
        [
          1.0,
          2.1665453875385765e-09,
          -7.86219422899137e-11,
          0.0
        ],
        [
          -6.930723106535197e-09,
          1.0,
          -7.627572184976117e-12,
          0.0
        ],
        [
          1.3379269914182146e-11,
          -1.2875551319568856e-11,
          1.0,
          2.200000286102295
        ],
        [
          0.0,
          0.0,
          0.0,
          1.0
        ]
      ],
      "data_path": "D:\\Agent-AI\\outputs\\s3a_ml_long_v1\\sample_000038\\lidar\\LIDAR_TOP.npy",
      "raw_layout": [
        "x",
        "y",
        "z",
        "intensity"
      ]
    },
    "RADAR_FRONT": {
      "type_id": "sensor.other.radar",
      "blueprint_attributes": {
        "sensor_tick": "0.100000",
        "role_name": "default",
        "noise_seed": "0",
        "ros_name": "sensor.other.radar",
        "horizontal_fov": "35.0",
        "points_per_second": "1500",
        "vertical_fov": "20.0",
        "range": "120.0"
      },
      "transform_carla": {
        "location": {
          "x": 103.09475708007812,
          "y": -38.92837142944336,
          "z": 0.8912736177444458
        },
        "rotation": {
          "roll": 0.050908006727695465,
          "pitch": -0.13537433743476868,
          "yaw": -108.71916961669922
        }
      },
      "matrix_world_from_sensor_carla": [
        [
          -0.3209289610385895,
          0.9471032023429871,
          8.324364898726344e-05,
          103.09475708007812
        ],
        [
          -0.9471002817153931,
          -0.3209277391433716,
          -0.002522893715649843,
          -38.92837142944336
        ],
        [
          -0.002362725790590048,
          -0.0008885097340680659,
          0.9999967813491821,
          0.8912736177444458
        ],
        [
          0.0,
          0.0,
          0.0,
          1.0
        ]
      ],
      "matrix_world_from_sensor_bevfusion": [
        [
          -0.3209289610385895,
          -0.9471032023429871,
          8.324364898726344e-05,
          103.09475708007812
        ],
        [
          0.9471002817153931,
          -0.3209277391433716,
          0.002522893715649843,
          38.92837142944336
        ],
        [
          -0.002362725790590048,
          0.0008885097340680659,
          0.9999967813491821,
          0.8912736177444458
        ],
        [
          0.0,
          0.0,
          0.0,
          1.0
        ]
      ],
      "matrix_ego_from_sensor_carla": [
        [
          1.0,
          -2.1665453875385765e-09,
          -7.86219422899137e-11,
          1.999996542930603
        ],
        [
          6.930723106535197e-09,
          1.0,
          7.627572184976117e-12,
          0.0
        ],
        [
          1.3379269914182146e-11,
          1.2875551319568856e-11,
          1.0,
          0.8999999761581421
        ],
        [
          0.0,
          0.0,
          0.0,
          1.0
        ]
      ],
      "matrix_ego_from_sensor_bevfusion": [
        [
          1.0,
          2.1665453875385765e-09,
          -7.86219422899137e-11,
          1.999996542930603
        ],
        [
          -6.930723106535197e-09,
          1.0,
          -7.627572184976117e-12,
          0.0
        ],
        [
          1.3379269914182146e-11,
          -1.2875551319568856e-11,
          1.0,
          0.8999999761581421
        ],
        [
          0.0,
          0.0,
          0.0,
          1.0
        ]
      ],
      "data_path": "D:\\Agent-AI\\outputs\\s3a_ml_long_v1\\sample_000038\\radar\\RADAR_FRONT.npy",
      "raw_layout": [
        "velocity",
        "altitude",
        "azimuth",
        "depth"
      ]
    },
    "RADAR_FRONT_LEFT": {
      "type_id": "sensor.other.radar",
      "blueprint_attributes": {
        "sensor_tick": "0.100000",
        "role_name": "default",
        "noise_seed": "0",
        "ros_name": "sensor.other.radar",
        "horizontal_fov": "35.0",
        "points_per_second": "1500",
        "vertical_fov": "20.0",
        "range": "120.0"
      },
      "transform_carla": {
        "location": {
          "x": 102.49675750732422,
          "y": -38.35619354248047,
          "z": 0.8927670121192932
        },
        "rotation": {
          "roll": 0.1317225992679596,
          "pitch": -0.05973000079393387,
          "yaw": -153.7191925048828
        }
      },
      "matrix_world_from_sensor_carla": [
        [
          -0.8966342806816101,
          0.4427719712257385,
          8.320074994117022e-05,
          102.49675750732422
        ],
        [
          -0.44277074933052063,
          -0.8966313600540161,
          -0.0025229360908269882,
          -38.35619354248047
        ],
        [
          -0.0010424848878756166,
          -0.002298989798873663,
          0.9999968409538269,
          0.8927670121192932
        ],
        [
          0.0,
          0.0,
          0.0,
          1.0
        ]
      ],
      "matrix_world_from_sensor_bevfusion": [
        [
          -0.8966342806816101,
          -0.4427719712257385,
          8.320074994117022e-05,
          102.49675750732422
        ],
        [
          0.44277074933052063,
          -0.8966313600540161,
          0.0025229360908269882,
          38.35619354248047
        ],
        [
          -0.0010424848878756166,
          0.002298989798873663,
          0.9999968409538269,
          0.8927670121192932
        ],
        [
          0.0,
          0.0,
          0.0,
          1.0
        ]
      ],
      "matrix_ego_from_sensor_carla": [
        [
          0.7071067094802856,
          0.7071069478988647,
          5.379725820375825e-08,
          1.6500006914138794
        ],
        [
          -0.7071069478988647,
          0.7071067094802856,
          -2.711189495130384e-08,
          -0.7499923706054688
        ],
        [
          -5.7009877707514534e-08,
          -1.8814416691270708e-08,
          1.0,
          0.9000000357627869
        ],
        [
          0.0,
          0.0,
          0.0,
          1.0
        ]
      ],
      "matrix_ego_from_sensor_bevfusion": [
        [
          0.7071067094802856,
          -0.7071069478988647,
          5.379725820375825e-08,
          1.6500006914138794
        ],
        [
          0.7071069478988647,
          0.7071067094802856,
          2.711189495130384e-08,
          0.7499923706054688
        ],
        [
          -5.7009877707514534e-08,
          1.8814416691270708e-08,
          1.0,
          0.9000000357627869
        ],
        [
          0.0,
          0.0,
          0.0,
          1.0
        ]
      ],
      "data_path": "D:\\Agent-AI\\outputs\\s3a_ml_long_v1\\sample_000038\\radar\\RADAR_FRONT_LEFT.npy",
      "raw_layout": [
        "velocity",
        "altitude",
        "azimuth",
        "depth"
      ]
    },
    "RADAR_FRONT_RIGHT": {
      "type_id": "sensor.other.radar",
      "blueprint_attributes": {
        "sensor_tick": "0.100000",
        "role_name": "default",
        "noise_seed": "0",
        "ros_name": "sensor.other.radar",
        "horizontal_fov": "35.0",
        "points_per_second": "1500",
