{
  "schema_version": "stage1.v1",
  "sample_name": "sample_000034",
  "sequence_index": 34,
  "previous_sample_name": "sample_000033",
  "frame_id": 60035,
  "timestamp": 438.4197008013725,
  "platform_timestamp": 16814576.4548861,
  "delta_seconds": 0.10000000149011612,
  "town": "Carla/Maps/Town10HD_Opt",
  "weather": {
    "cloudiness": 20.0,
    "dust_storm": 0.0,
    "fog_density": 2.0,
    "fog_distance": 0.75,
    "fog_falloff": 0.10000000149011612,
    "mie_scattering_scale": 0.029999999329447746,
    "precipitation": 0.0,
    "precipitation_deposits": 0.0,
    "rayleigh_scattering_scale": 0.03310000151395798,
    "scattering_intensity": 1.0,
    "sun_altitude_angle": 45.0,
    "sun_azimuth_angle": 300.0,
    "wetness": 0.0,
    "wind_intensity": 10.0
  },
  "sensor_names": [
    "CAM_FRONT",
    "CAM_FRONT_RIGHT",
    "CAM_FRONT_LEFT",
    "CAM_BACK",
    "CAM_BACK_LEFT",
    "CAM_BACK_RIGHT",
    "LIDAR_TOP",
    "RADAR_FRONT",
    "RADAR_FRONT_LEFT",
    "RADAR_FRONT_RIGHT",
    "RADAR_BACK_LEFT",
    "RADAR_BACK_RIGHT"
  ],
  "camera_order_for_model": [
    "CAM_FRONT",
    "CAM_FRONT_RIGHT",
    "CAM_FRONT_LEFT",
    "CAM_BACK",
    "CAM_BACK_LEFT",
    "CAM_BACK_RIGHT"
  ],
  "radar_order_for_model": [
    "RADAR_FRONT",
    "RADAR_FRONT_LEFT",
    "RADAR_FRONT_RIGHT",
    "RADAR_BACK_LEFT",
    "RADAR_BACK_RIGHT"
  ],
  "coordinate_notes": {
    "carla_world": "left-handed x-forward y-right z-up",
    "bevfusion_lidar": "x-forward y-left z-up",
    "camera_frame_for_model": "OpenCV style x-right y-down z-forward"
  },
  "ego": {
    "actor_id": 28,
    "transform_carla": {
      "location": {
        "x": 100.14320373535156,
        "y": -44.69049835205078,
        "z": -0.004012146033346653
      },
      "rotation": {
        "roll": 0.5930505394935608,
        "pitch": -0.08767230063676834,
        "yaw": -120.26342010498047
      }
    },
    "velocity_carla": [
      -4.087700843811035,
      -6.650024890899658,
      -3.176688915118575e-05
    ],
    "angular_velocity_carla": [
      0.5266590118408203,
      -0.913543164730072,
      -11.756463050842285
    ],
    "matrix_world_from_ego_carla": [
      [
        -0.5039756298065186,
        0.8636792302131653,
        0.008168780244886875,
        100.14320373535156
      ],
      [
        -0.8637164831161499,
        -0.5039355158805847,
        -0.0065379696898162365,
        -44.69049835205078
      ],
      [
        -0.0015301697421818972,
        -0.010350488126277924,
        0.9999452233314514,
        -0.004012146033346653
      ],
      [
        0.0,
        0.0,
        0.0,
        1.0
      ]
    ],
    "matrix_world_from_ego_bevfusion": [
      [
        -0.5039756298065186,
        -0.8636792302131653,
        0.008168780244886875,
        100.14320373535156
      ],
      [
        0.8637164831161499,
        -0.5039355158805847,
        0.0065379696898162365,
        44.69049835205078
      ],
      [
        -0.0015301697421818972,
        0.010350488126277924,
        0.9999452233314514,
        -0.004012146033346653
      ],
      [
        0.0,
        0.0,
        0.0,
        1.0
      ]
    ]
  },
  "sensors": {
    "CAM_FRONT": {
      "type_id": "sensor.camera.rgb",
      "blueprint_attributes": {
        "role_name": "front",
        "ros_name": "sensor.camera.rgb",
        "chromatic_aberration_offset": "0.0",
        "sensor_tick": "0.100000",
        "fstop": "1.4",
        "image_size_x": "960",
        "image_size_y": "540",
        "fov": "70.00",
        "lens_circle_falloff": "5.0",
        "lens_circle_multiplier": "0.0",
        "exposure_compensation": "0.0",
        "lens_y_size": "0.08",
        "lens_k": "-1.0",
        "exposure_mode": "histogram",
        "lens_kcube": "0.0",
        "lens_x_size": "0.08",
        "exposure_max_bright": "12.0",
        "shutter_speed": "200.0",
        "bloom_intensity": "0.675",
        "iso": "100.0",
        "enable_postprocess_effects": "false",
        "gamma": "2.2",
        "motion_blur_intensity": "0.0",
        "motion_blur_max_distortion": "0.35",
        "lens_flare_intensity": "0.1",
        "motion_blur_min_object_screen_size": "0.1",
        "exposure_min_bright": "10.0",
        "exposure_speed_up": "3.0",
        "exposure_speed_down": "1.0",
        "tint": "0.0",
        "calibration_constant": "16.0",
        "focal_distance": "1000.0",
        "min_fstop": "1.2",
        "blade_count": "5",
        "blur_amount": "0.0",
        "blur_radius": "0.0",
        "slope": "0.88",
        "toe": "0.55",
        "white_clip": "0.04",
        "shoulder": "0.26",
        "black_clip": "0.0",
        "temp": "6500.0",
        "chromatic_aberration_intensity": "0.0"
      },
      "transform_carla": {
        "location": {
          "x": 99.37592315673828,
          "y": -46.04037094116211,
          "z": 1.6935228109359741
        },
        "rotation": {
          "roll": 0.5930505394935608,
          "pitch": -0.08767230063676834,
          "yaw": -120.26342010498047
        }
      },
      "matrix_world_from_sensor_carla": [
        [
          -0.5039756298065186,
          0.8636792302131653,
          0.008168780244886875,
          99.37592315673828
        ],
        [
          -0.8637164831161499,
          -0.5039355158805847,
          -0.0065379696898162365,
          -46.04037094116211
        ],
        [
          -0.0015301697421818972,
          -0.010350488126277924,
          0.9999452233314514,
          1.6935228109359741
        ],
        [
          0.0,
          0.0,
          0.0,
          1.0
        ]
      ],
      "matrix_world_from_sensor_bevfusion": [
        [
          0.8636792302131653,
          -0.008168780244886875,
          -0.5039756298065186,
          99.37592315673828
        ],
        [
          0.5039355158805847,
          -0.0065379696898162365,
          0.8637164831161499,
          46.04037094116211
        ],
        [
          -0.010350488126277924,
          -0.9999452233314514,
          -0.0015301697421818972,
          1.6935228109359741
        ],
        [
          0.0,
          0.0,
          0.0,
          1.0
        ]
      ],
      "matrix_ego_from_sensor_carla": [
        [
          0.9999999403953552,
          -1.014095207807486e-08,
          -2.34229691198351e-10,
          1.550002098083496
        ],
        [
          1.1298908475509961e-08,
          0.9999999403953552,
          -2.1019053164650359e-10,
          -1.52587890625e-05
        ],
        [
          -2.090514705788138e-10,
          1.0419487495028079e-10,
          1.0,
          1.6999996900558472
        ],
        [
          0.0,
          0.0,
          0.0,
          1.0
        ]
      ],
      "matrix_ego_from_sensor_bevfusion": [
        [
          -1.014095207807486e-08,
          2.34229691198351e-10,
          0.9999999403953552,
          1.550002098083496
        ],
        [
          -0.9999999403953552,
          -2.1019053164650359e-10,
          -1.1298908475509961e-08,
          1.52587890625e-05
        ],
        [
          1.0419487495028079e-10,
          -1.0,
          -2.090514705788138e-10,
          1.6999996900558472
        ],
        [
          0.0,
          0.0,
          0.0,
          1.0
        ]
      ],
      "camera_intrinsics": [
        [
          685.5110473632812,
          0.0,
          480.0
        ],
        [
          0.0,
          685.5110473632812,
          270.0
        ],
        [
          0.0,
          0.0,
          1.0
        ]
      ],
      "data_path": "D:\\Agent-AI\\outputs\\s3a_ml_long_v2\\sample_000034\\images\\CAM_FRONT.png",
      "raw_layout": "bgra8"
    },
    "CAM_FRONT_RIGHT": {
      "type_id": "sensor.camera.rgb",
      "blueprint_attributes": {
        "role_name": "front",
        "ros_name": "sensor.camera.rgb",
        "chromatic_aberration_offset": "0.0",
        "sensor_tick": "0.100000",
        "fstop": "1.4",
        "image_size_x": "960",
        "image_size_y": "540",
        "fov": "70.00",
        "lens_circle_falloff": "5.0",
        "lens_circle_multiplier": "0.0",
        "exposure_compensation": "0.0",
        "lens_y_size": "0.08",
        "lens_k": "-1.0",
        "exposure_mode": "histogram",
        "lens_kcube": "0.0",
        "lens_x_size": "0.08",
        "exposure_max_bright": "12.0",
        "shutter_speed": "200.0",
        "bloom_intensity": "0.675",
        "iso": "100.0",
        "enable_postprocess_effects": "false",
        "gamma": "2.2",
        "motion_blur_intensity": "0.0",
        "motion_blur_max_distortion": "0.35",
        "lens_flare_intensity": "0.1",
        "motion_blur_min_object_screen_size": "0.1",
        "exposure_min_bright": "10.0",
        "exposure_speed_up": "3.0",
        "exposure_speed_down": "1.0",
        "tint": "0.0",
        "calibration_constant": "16.0",
        "focal_distance": "1000.0",
        "min_fstop": "1.2",
        "blade_count": "5",
        "blur_amount": "0.0",
        "blur_radius": "0.0",
        "slope": "0.88",
        "toe": "0.55",
        "white_clip": "0.04",
        "shoulder": "0.26",
        "black_clip": "0.0",
        "temp": "6500.0",
        "chromatic_aberration_intensity": "0.0"
      },
      "transform_carla": {
        "location": {
          "x": 99.97694396972656,
          "y": -46.10160446166992,
          "z": 1.6882127523422241
        },
        "rotation": {
          "roll": 0.26834529638290405,
          "pitch": -0.5360810160636902,
          "yaw": -65.26425170898438
        }
      },
      "matrix_world_from_sensor_carla": [
        [
          0.41841548681259155,
          0.9082189798355103,
          0.008168693631887436,
          99.97694396972656
        ],
        [
          -0.9082075357437134,
          0.41846898198127747,
          -0.006537957116961479,
          -46.10160446166992
        ],
        [
          -0.009356241673231125,
          -0.0046832868829369545,
          0.9999452829360962,
          1.6882127523422241
        ],
        [
          0.0,
          0.0,
          0.0,
          1.0
        ]
      ],
      "matrix_world_from_sensor_bevfusion": [
        [
          0.9082189798355103,
          -0.008168693631887436,
          0.41841548681259155,
          99.97694396972656
        ],
        [
          -0.41846898198127747,
          -0.006537957116961479,
          0.9082075357437134,
          46.10160446166992
        ],
        [
          -0.0046832868829369545,
          -0.9999452829360962,
          -0.009356241673231125,
          1.6882127523422241
        ],
        [
          0.0,
          0.0,
          0.0,
          1.0
        ]
      ],
      "matrix_ego_from_sensor_carla": [
        [
          0.5735769867897034,
          -0.8191516399383545,
          3.262010039861707e-08,
          1.2999954223632812
        ],
        [
          0.8191516995429993,
          0.5735769271850586,
          -8.092087000477477e-08,
          0.5499954223632812
        ],
        [
          4.814743093106699e-08,
          7.371648536036446e-08,
          1.0,
          1.7000001668930054
        ],
        [
          0.0,
          0.0,
          0.0,
          1.0
        ]
      ],
      "matrix_ego_from_sensor_bevfusion": [
        [
          -0.8191516399383545,
          -3.262010039861707e-08,
          0.5735769867897034,
          1.2999954223632812
        ],
        [
          -0.5735769271850586,
          -8.092087000477477e-08,
          -0.8191516995429993,
          -0.5499954223632812
        ],
        [
          7.371648536036446e-08,
          -1.0,
          4.814743093106699e-08,
          1.7000001668930054
        ],
        [
          0.0,
          0.0,
          0.0,
          1.0
        ]
      ],
      "camera_intrinsics": [
        [
          685.5110473632812,
          0.0,
          480.0
        ],
        [
          0.0,
          685.5110473632812,
          270.0
        ],
        [
          0.0,
          0.0,
          1.0
        ]
      ],
      "data_path": "D:\\Agent-AI\\outputs\\s3a_ml_long_v2\\sample_000034\\images\\CAM_FRONT_RIGHT.png",
      "raw_layout": "bgra8"
    },
    "CAM_FRONT_LEFT": {
      "type_id": "sensor.camera.rgb",
      "blueprint_attributes": {
        "role_name": "front",
        "ros_name": "sensor.camera.rgb",
        "chromatic_aberration_offset": "0.0",
        "sensor_tick": "0.100000",
        "fstop": "1.4",
        "image_size_x": "960",
        "image_size_y": "540",
        "fov": "70.00",
        "lens_circle_falloff": "5.0",
        "lens_circle_multiplier": "0.0",
        "exposure_compensation": "0.0",
        "lens_y_size": "0.08",
        "lens_k": "-1.0",
        "exposure_mode": "histogram",
        "lens_kcube": "0.0",
        "lens_x_size": "0.08",
        "exposure_max_bright": "12.0",
        "shutter_speed": "200.0",
        "bloom_intensity": "0.675",
        "iso": "100.0",
        "enable_postprocess_effects": "false",
        "gamma": "2.2",
        "motion_blur_intensity": "0.0",
        "motion_blur_max_distortion": "0.35",
        "lens_flare_intensity": "0.1",
        "motion_blur_min_object_screen_size": "0.1",
        "exposure_min_bright": "10.0",
        "exposure_speed_up": "3.0",
        "exposure_speed_down": "1.0",
        "tint": "0.0",
        "calibration_constant": "16.0",
        "focal_distance": "1000.0",
        "min_fstop": "1.2",
        "blade_count": "5",
        "blur_amount": "0.0",
        "blur_radius": "0.0",
        "slope": "0.88",
        "toe": "0.55",
        "white_clip": "0.04",
        "shoulder": "0.26",
        "black_clip": "0.0",
        "temp": "6500.0",
        "chromatic_aberration_intensity": "0.0"
      },
      "transform_carla": {
        "location": {
          "x": 99.02689361572266,
          "y": -45.547279357910156,
          "z": 1.6995981931686401
        },
        "rotation": {
          "roll": 0.4119895398616791,
          "pitch": 0.4355064928531647,
          "yaw": -175.26138305664062
        }
      },
      "matrix_world_from_sensor_carla": [
        [
          -0.9965531229972839,
          0.08255359530448914,
          0.008168782107532024,
          99.02689361572266
        ],
        [
          -0.08260781317949295,
          -0.9965606331825256,
          -0.00653803488239646,
          -45.547279357910156
        ],
        [
          0.0076009491458535194,
          -0.007190304342657328,
          0.9999452233314514,
          1.6995981931686401
        ],
        [
          0.0,
          0.0,
          0.0,
          1.0
        ]
      ],
      "matrix_world_from_sensor_bevfusion": [
        [
          0.08255359530448914,
          -0.008168782107532024,
          -0.9965531229972839,
          99.02689361572266
        ],
        [
          0.9965606331825256,
          -0.00653803488239646,
          0.08260781317949295,
          45.547279357910156
        ],
        [
          -0.007190304342657328,
          -0.9999452233314514,
          0.0076009491458535194,
          1.6995981931686401
        ],
        [
          0.0,
          0.0,
          0.0,
          1.0
        ]
      ],
      "matrix_ego_from_sensor_carla": [
        [
          0.5735766291618347,
          0.8191519379615784,
          5.5179462776777655e-08,
          1.3000011444091797
        ],
        [
          -0.8191518783569336,
          0.5735766291618347,
          3.518006863600931e-08,
          -0.5500030517578125
        ],
        [
          -3.79138098693943e-09,
          -6.477836222984479e-08,
          1.0,
          1.6999999284744263
        ],
        [
          0.0,
          0.0,
          0.0,
          1.0
        ]
      ],
      "matrix_ego_from_sensor_bevfusion": [
        [
          0.8191519379615784,
          -5.5179462776777655e-08,
          0.5735766291618347,
          1.3000011444091797
        ],
        [
          -0.5735766291618347,
          3.518006863600931e-08,
          0.8191518783569336,
          0.5500030517578125
        ],
        [
          -6.477836222984479e-08,
          -1.0,
          -3.79138098693943e-09,
          1.6999999284744263
        ],
        [
          0.0,
          0.0,
          0.0,
          1.0
        ]
      ],
      "camera_intrinsics": [
        [
          685.5110473632812,
          0.0,
          480.0
        ],
        [
          0.0,
          685.5110473632812,
          270.0
        ],
        [
          0.0,
          0.0,
          1.0
        ]
      ],
      "data_path": "D:\\Agent-AI\\outputs\\s3a_ml_long_v2\\sample_000034\\images\\CAM_FRONT_LEFT.png",
      "raw_layout": "bgra8"
    },
    "CAM_BACK": {
      "type_id": "sensor.camera.rgb",
      "blueprint_attributes": {
        "role_name": "front",
        "ros_name": "sensor.camera.rgb",
        "chromatic_aberration_offset": "0.0",
        "sensor_tick": "0.100000",
        "fstop": "1.4",
        "image_size_x": "960",
        "image_size_y": "540",
        "fov": "70.00",
        "lens_circle_falloff": "5.0",
        "lens_circle_multiplier": "0.0",
        "exposure_compensation": "0.0",
        "lens_y_size": "0.08",
        "lens_k": "-1.0",
        "exposure_mode": "histogram",
        "lens_kcube": "0.0",
        "lens_x_size": "0.08",
        "exposure_max_bright": "12.0",
        "shutter_speed": "200.0",
        "bloom_intensity": "0.675",
        "iso": "100.0",
        "enable_postprocess_effects": "false",
        "gamma": "2.2",
        "motion_blur_intensity": "0.0",
        "motion_blur_max_distortion": "0.35",
        "lens_flare_intensity": "0.1",
        "motion_blur_min_object_screen_size": "0.1",
        "exposure_min_bright": "10.0",
        "exposure_speed_up": "3.0",
        "exposure_speed_down": "1.0",
        "tint": "0.0",
        "calibration_constant": "16.0",
        "focal_distance": "1000.0",
        "min_fstop": "1.2",
        "blade_count": "5",
        "blur_amount": "0.0",
        "blur_radius": "0.0",
        "slope": "0.88",
        "toe": "0.55",
        "white_clip": "0.04",
        "shoulder": "0.26",
        "black_clip": "0.0",
        "temp": "6500.0",
        "chromatic_aberration_intensity": "0.0"
      },
      "transform_carla": {
        "location": {
          "x": 100.93824768066406,
          "y": -43.362850189208984,
          "z": 1.6982667446136475
        },
        "rotation": {
          "roll": -0.5930503606796265,
          "pitch": 0.08767230063676834,
          "yaw": 59.7365837097168
        }
      },
      "matrix_world_from_sensor_carla": [
        [
          0.5039756894111633,
          -0.8636792302131653,
          0.008168777450919151,
          100.93824768066406
        ],
        [
          0.8637164831161499,
          0.5039355754852295,
          -0.006537968292832375,
          -43.362850189208984
        ],
        [
          0.0015301697421818972,
          0.010350484400987625,
          0.9999452233314514,
          1.6982667446136475
        ],
        [
          0.0,
          0.0,
          0.0,
          1.0
        ]
      ],
      "matrix_world_from_sensor_bevfusion": [
        [
          -0.8636792302131653,
          -0.008168777450919151,
          0.5039756894111633,
          100.93824768066406
        ],
        [
          -0.5039355754852295,
          -0.006537968292832375,
          -0.8637164831161499,
          43.362850189208984
        ],
        [
          0.010350484400987625,
          -0.9999452233314514,
          0.0015301697421818972,
          1.6982667446136475
        ],
        [
          0.0,
          0.0,
          0.0,
          1.0
        ]
      ],
      "matrix_ego_from_sensor_carla": [
        [
          -1.0,
          -4.133620379320746e-08,
          -1.3990406055874871e-12,
          -1.5500011444091797
        ],
        [
          4.8305736299880664e-08,
          -1.0,
          -3.004158255492939e-09,
          -7.62939453125e-06
        ],
        [
          6.747127301309774e-10,
          -4.760603911080352e-09,
          1.0,
          1.7000001668930054
        ],
        [
          0.0,
          0.0,
          0.0,
          1.0
        ]
      ],
      "matrix_ego_from_sensor_bevfusion": [
        [
          -4.133620379320746e-08,
          1.3990406055874871e-12,
          -1.0,
          -1.5500011444091797
        ],
        [
          1.0,
          -3.004158255492939e-09,
          -4.8305736299880664e-08,
          7.62939453125e-06
        ],
        [
          -4.760603911080352e-09,
          -1.0,
          6.747127301309774e-10,
          1.7000001668930054
        ],
        [
          0.0,
          0.0,
          0.0,
          1.0
        ]
      ],
      "camera_intrinsics": [
        [
          685.5110473632812,
          0.0,
          480.0
        ],
        [
          0.0,
          685.5110473632812,
          270.0
        ],
        [
          0.0,
          0.0,
          1.0
        ]
      ],
      "data_path": "D:\\Agent-AI\\outputs\\s3a_ml_long_v2\\sample_000034\\images\\CAM_BACK.png",
      "raw_layout": "bgra8"
    },
    "CAM_BACK_LEFT": {
      "type_id": "sensor.camera.rgb",
      "blueprint_attributes": {
        "role_name": "front",
        "ros_name": "sensor.camera.rgb",
        "chromatic_aberration_offset": "0.0",
        "sensor_tick": "0.100000",
        "fstop": "1.4",
        "image_size_x": "960",
        "image_size_y": "540",
        "fov": "70.00",
        "lens_circle_falloff": "5.0",
        "lens_circle_multiplier": "0.0",
        "exposure_compensation": "0.0",
        "lens_y_size": "0.08",
        "lens_k": "-1.0",
        "exposure_mode": "histogram",
        "lens_kcube": "0.0",
        "lens_x_size": "0.08",
        "exposure_max_bright": "12.0",
        "shutter_speed": "200.0",
        "bloom_intensity": "0.675",
        "iso": "100.0",
        "enable_postprocess_effects": "false",
        "gamma": "2.2",
        "motion_blur_intensity": "0.0",
        "motion_blur_max_distortion": "0.35",
        "lens_flare_intensity": "0.1",
        "motion_blur_min_object_screen_size": "0.1",
        "exposure_min_bright": "10.0",
        "exposure_speed_up": "3.0",
        "exposure_speed_down": "1.0",
        "tint": "0.0",
        "calibration_constant": "16.0",
        "focal_distance": "1000.0",
        "min_fstop": "1.2",
        "blade_count": "5",
        "blur_amount": "0.0",
        "blur_radius": "0.0",
        "slope": "0.88",
        "toe": "0.55",
        "white_clip": "0.04",
        "shoulder": "0.26",
        "black_clip": "0.0",
        "temp": "6500.0",
        "chromatic_aberration_intensity": "0.0"
      },
      "transform_carla": {
        "location": {
          "x": 100.33723449707031,
          "y": -43.30161666870117,
          "z": 1.7035768032073975
        },
        "rotation": {
          "roll": -0.26834526658058167,
          "pitch": 0.5360810160636902,
          "yaw": 114.73574829101562
        }
      },
      "matrix_world_from_sensor_carla": [
        [
          -0.41841548681259155,
          -0.9082189798355103,
          0.008168693631887436,
          100.33723449707031
        ],
        [
          0.9082075357437134,
          -0.41846898198127747,
          -0.006537957116961479,
          -43.30161666870117
        ],
        [
          0.009356241673231125,
          0.004683286417275667,
          0.9999452829360962,
          1.7035768032073975
        ],
        [
          0.0,
          0.0,
          0.0,
          1.0
        ]
      ],
      "matrix_world_from_sensor_bevfusion": [
        [
          -0.9082189798355103,
          -0.008168693631887436,
          -0.41841548681259155,
          100.33723449707031
        ],
        [
          0.41846898198127747,
          -0.006537957116961479,
          -0.9082075357437134,
          43.30161666870117
        ],
        [
          0.004683286417275667,
          -0.9999452829360962,
          0.009356241673231125,
          1.7035768032073975
        ],
        [
          0.0,
          0.0,
          0.0,
          1.0
        ]
      ],
      "matrix_ego_from_sensor_carla": [
        [
          -0.5735769867897034,
          0.8191516399383545,
          3.262010039861707e-08,
          -1.2999982833862305
        ],
        [
          -0.8191516995429993,
          -0.5735769271850586,
          -8.092087000477477e-08,
          -0.5499954223632812
        ],
        [
          -4.814743093106699e-08,
          -7.418211822596277e-08,
          1.0,
          1.7000001668930054
        ],
        [
          0.0,
          0.0,
          0.0,
          1.0
        ]
      ],
      "matrix_ego_from_sensor_bevfusion": [
        [
          0.8191516399383545,
          -3.262010039861707e-08,
          -0.5735769867897034,
          -1.2999982833862305
        ],
        [
          0.5735769271850586,
          -8.092087000477477e-08,
          0.8191516995429993,
          0.5499954223632812
        ],
        [
          -7.418211822596277e-08,
          -1.0,
          -4.814743093106699e-08,
          1.7000001668930054
        ],
        [
          0.0,
          0.0,
          0.0,
          1.0
        ]
      ],
      "camera_intrinsics": [
        [
          685.5110473632812,
          0.0,
          480.0
        ],
        [
          0.0,
          685.5110473632812,
          270.0
        ],
        [
          0.0,
          0.0,
          1.0
        ]
      ],
      "data_path": "D:\\Agent-AI\\outputs\\s3a_ml_long_v2\\sample_000034\\images\\CAM_BACK_LEFT.png",
      "raw_layout": "bgra8"
    },
    "CAM_BACK_RIGHT": {
      "type_id": "sensor.camera.rgb",
      "blueprint_attributes": {
        "role_name": "front",
        "ros_name": "sensor.camera.rgb",
        "chromatic_aberration_offset": "0.0",
        "sensor_tick": "0.100000",
        "fstop": "1.4",
        "image_size_x": "960",
        "image_size_y": "540",
        "fov": "70.00",
        "lens_circle_falloff": "5.0",
        "lens_circle_multiplier": "0.0",
        "exposure_compensation": "0.0",
        "lens_y_size": "0.08",
        "lens_k": "-1.0",
        "exposure_mode": "histogram",
        "lens_kcube": "0.0",
        "lens_x_size": "0.08",
        "exposure_max_bright": "12.0",
        "shutter_speed": "200.0",
        "bloom_intensity": "0.675",
        "iso": "100.0",
        "enable_postprocess_effects": "false",
        "gamma": "2.2",
        "motion_blur_intensity": "0.0",
        "motion_blur_max_distortion": "0.35",
        "lens_flare_intensity": "0.1",
        "motion_blur_min_object_screen_size": "0.1",
        "exposure_min_bright": "10.0",
        "exposure_speed_up": "3.0",
        "exposure_speed_down": "1.0",
        "tint": "0.0",
        "calibration_constant": "16.0",
        "focal_distance": "1000.0",
        "min_fstop": "1.2",
        "blade_count": "5",
        "blur_amount": "0.0",
        "blur_radius": "0.0",
        "slope": "0.88",
        "toe": "0.55",
        "white_clip": "0.04",
        "shoulder": "0.26",
        "black_clip": "0.0",
        "temp": "6500.0",
        "chromatic_aberration_intensity": "0.0"
      },
      "transform_carla": {
        "location": {
          "x": 101.28728485107422,
          "y": -43.8559455871582,
          "z": 1.692191243171692
        },
        "rotation": {
          "roll": -0.4119894504547119,
          "pitch": -0.4355064928531647,
          "yaw": 4.738593101501465
        }
      },
      "matrix_world_from_sensor_carla": [
        [
          0.9965531826019287,
          -0.0825531929731369,
          0.0081687793135643,
          101.28728485107422
        ],
        [
          0.08260741084814072,
          0.9965606927871704,
          -0.006538036745041609,
          -43.8559455871582
        ],
        [
          -0.0076009491458535194,
          0.007190302945673466,
          0.9999452233314514,
          1.692191243171692
        ],
        [
          0.0,
          0.0,
          0.0,
          1.0
        ]
      ],
      "matrix_world_from_sensor_bevfusion": [
        [
          -0.0825531929731369,
          -0.0081687793135643,
          0.9965531826019287,
          101.28728485107422
        ],
        [
          -0.9965606927871704,
          -0.006538036745041609,
          -0.08260741084814072,
          43.8559455871582
        ],
        [
          0.007190302945673466,
          -0.9999452233314514,
          -0.0076009491458535194,
          1.692191243171692
        ],
        [
          0.0,
          0.0,
          0.0,
          1.0
        ]
      ],
      "matrix_ego_from_sensor_carla": [
        [
          -0.5735762715339661,
          -0.8191521763801575,
          5.820626114427796e-08,
          -1.3000001907348633
        ],
        [
          0.8191521167755127,
          -0.5735763311386108,
          3.331742348677835e-08,
          0.5499954223632812
        ],
        [
          6.5853487107858655e-09,
          6.664108553877668e-08,
          1.0,
          1.7000001668930054
        ],
        [
          0.0,
          0.0,
          0.0,
          1.0
        ]
      ],
      "matrix_ego_from_sensor_bevfusion": [
        [
          -0.8191521763801575,
          -5.820626114427796e-08,
          -0.5735762715339661,
          -1.3000001907348633
        ],
        [
          0.5735763311386108,
          3.331742348677835e-08,
          -0.8191521167755127,
          -0.5499954223632812
        ],
        [
          6.664108553877668e-08,
          -1.0,
          6.5853487107858655e-09,
          1.7000001668930054
        ],
        [
          0.0,
          0.0,
          0.0,
          1.0
        ]
      ],
      "camera_intrinsics": [
        [
          685.5110473632812,
          0.0,
          480.0
        ],
        [
          0.0,
          685.5110473632812,
          270.0
        ],
        [
          0.0,
          0.0,
          1.0
        ]
      ],
      "data_path": "D:\\Agent-AI\\outputs\\s3a_ml_long_v2\\sample_000034\\images\\CAM_BACK_RIGHT.png",
      "raw_layout": "bgra8"
    },
    "LIDAR_TOP": {
      "type_id": "sensor.lidar.ray_cast",
      "blueprint_attributes": {
        "atmosphere_attenuation_rate": "0.004",
        "role_name": "front",
        "noise_seed": "0",
        "upper_fov": "10.0",
        "ros_name": "sensor.lidar.ray_cast",
        "sensor_tick": "0.100000",
        "channels": "32",
        "range": "120.0",
        "points_per_second": "360000",
        "lower_fov": "-30.0",
        "rotation_frequency": "10.000000",
        "horizontal_fov": "360.0",
        "dropoff_general_rate": "0.0",
        "dropoff_intensity_limit": "1.0",
        "noise_stddev": "0.0",
        "dropoff_zero_intensity": "0.0"
      },
      "transform_carla": {
        "location": {
          "x": 100.16117095947266,
          "y": -44.70488357543945,
          "z": 2.1958673000335693
        },
        "rotation": {
          "roll": 0.5930505394935608,
          "pitch": -0.08767230063676834,
          "yaw": -120.26342010498047
        }
      },
      "matrix_world_from_sensor_carla": [
        [
          -0.5039756298065186,
          0.8636792302131653,
          0.008168780244886875,
          100.16117095947266
        ],
        [
          -0.8637164831161499,
          -0.5039355158805847,
          -0.0065379696898162365,
          -44.70488357543945
        ],
        [
          -0.0015301697421818972,
          -0.010350488126277924,
          0.9999452233314514,
          2.1958673000335693
        ],
        [
          0.0,
          0.0,
          0.0,
          1.0
        ]
      ],
      "matrix_world_from_sensor_bevfusion": [
        [
          -0.5039756298065186,
          -0.8636792302131653,
          0.008168780244886875,
          100.16117095947266
        ],
        [
          0.8637164831161499,
          -0.5039355158805847,
          0.0065379696898162365,
          44.70488357543945
        ],
        [
          -0.0015301697421818972,
          0.010350488126277924,
          0.9999452233314514,
          2.1958673000335693
        ],
        [
          0.0,
          0.0,
          0.0,
          1.0
        ]
      ],
      "matrix_ego_from_sensor_carla": [
        [
          0.9999999403953552,
          -1.014095207807486e-08,
          -2.34229691198351e-10,
          2.86102294921875e-06
        ],
        [
          1.1298908475509961e-08,
          0.9999999403953552,
          -2.1019053164650359e-10,
          0.0
        ],
        [
          -2.090514705788138e-10,
          1.0419487495028079e-10,
          1.0,
          2.1999998092651367
        ],
        [
          0.0,
          0.0,
          0.0,
          1.0
        ]
      ],
      "matrix_ego_from_sensor_bevfusion": [
        [
          0.9999999403953552,
          1.014095207807486e-08,
          -2.34229691198351e-10,
          2.86102294921875e-06
        ],
        [
          -1.1298908475509961e-08,
          0.9999999403953552,
          2.1019053164650359e-10,
          0.0
        ],
        [
          -2.090514705788138e-10,
          -1.0419487495028079e-10,
          1.0,
          2.1999998092651367
        ],
        [
          0.0,
          0.0,
          0.0,
          1.0
        ]
      ],
      "data_path": "D:\\Agent-AI\\outputs\\s3a_ml_long_v2\\sample_000034\\lidar\\LIDAR_TOP.npy",
      "raw_layout": [
        "x",
        "y",
        "z",
        "intensity"
      ]
    },
    "RADAR_FRONT": {
      "type_id": "sensor.other.radar",
      "blueprint_attributes": {
        "sensor_tick": "0.100000",
        "role_name": "default",
        "noise_seed": "0",
        "ros_name": "sensor.other.radar",
        "horizontal_fov": "35.0",
        "points_per_second": "1500",
        "vertical_fov": "20.0",
        "range": "120.0"
      },
      "transform_carla": {
        "location": {
          "x": 99.14260864257812,
          "y": -46.42381286621094,
          "z": 0.892877995967865
        },
        "rotation": {
          "roll": 0.5930505394935608,
          "pitch": -0.08767230063676834,
          "yaw": -120.26342010498047
        }
      },
      "matrix_world_from_sensor_carla": [
        [
          -0.5039756298065186,
          0.8636792302131653,
          0.008168780244886875,
          99.14260864257812
        ],
        [
          -0.8637164831161499,
          -0.5039355158805847,
          -0.0065379696898162365,
          -46.42381286621094
        ],
        [
          -0.0015301697421818972,
          -0.010350488126277924,
          0.9999452233314514,
          0.892877995967865
        ],
        [
          0.0,
          0.0,
          0.0,
          1.0
        ]
      ],
      "matrix_world_from_sensor_bevfusion": [
        [
          -0.5039756298065186,
          -0.8636792302131653,
          0.008168780244886875,
          99.14260864257812
        ],
        [
          0.8637164831161499,
          -0.5039355158805847,
          0.0065379696898162365,
          46.42381286621094
        ],
        [
          -0.0015301697421818972,
          0.010350488126277924,
          0.9999452233314514,
          0.892877995967865
        ],
        [
          0.0,
          0.0,
          0.0,
          1.0
        ]
      ],
      "matrix_ego_from_sensor_carla": [
        [
          0.9999999403953552,
          -1.014095207807486e-08,
          -2.34229691198351e-10,
          1.9999961853027344
        ],
        [
          1.1298908475509961e-08,
          0.9999999403953552,
          -2.1019053164650359e-10,
          0.0
        ],
        [
          -2.090514705788138e-10,
          1.0419487495028079e-10,
          1.0,
          0.899999737739563
        ],
        [
          0.0,
          0.0,
          0.0,
          1.0
        ]
      ],
      "matrix_ego_from_sensor_bevfusion": [
        [
          0.9999999403953552,
          1.014095207807486e-08,
          -2.34229691198351e-10,
          1.9999961853027344
        ],
        [
          -1.1298908475509961e-08,
          0.9999999403953552,
          2.1019053164650359e-10,
          0.0
        ],
        [
          -2.090514705788138e-10,
          -1.0419487495028079e-10,
          1.0,
          0.899999737739563
        ],
        [
          0.0,
          0.0,
          0.0,
          1.0
        ]
      ],
      "data_path": "D:\\Agent-AI\\outputs\\s3a_ml_long_v2\\sample_000034\\radar\\RADAR_FRONT.npy",
      "raw_layout": [
        "velocity",
        "altitude",
        "azimuth",
        "depth"
      ]
    },
    "RADAR_FRONT_LEFT": {
      "type_id": "sensor.other.radar",
      "blueprint_attributes": {
        "sensor_tick": "0.100000",
        "role_name": "default",
        "noise_seed": "0",
        "ros_name": "sensor.other.radar",
        "horizontal_fov": "35.0",
        "points_per_second": "1500",
        "vertical_fov": "20.0",
        "range": "120.0"
      },
      "transform_carla": {
        "location": {
          "x": 98.6712417602539,
          "y": -45.74356460571289,
          "z": 0.9011765122413635
        },
        "rotation": {
          "roll": 0.48135408759117126,
          "pitch": 0.35734865069389343,
          "yaw": -165.26144409179688
        }
      },
      "matrix_world_from_sensor_carla": [
        [
          -0.9670779705047607,
          0.2543492317199707,
          0.008168761618435383,
          98.6712417602539
        ],
        [
          -0.2544039189815521,
          -0.9670759439468384,
          -0.006538031622767448,
          -45.74356460571289
        ],
        [
          0.006236869841814041,
          -0.008400951512157917,
          0.9999452829360962,
          0.9011765122413635
        ],
        [
          0.0,
          0.0,
          0.0,
          1.0
        ]
      ],
      "matrix_world_from_sensor_bevfusion": [
        [
          -0.9670779705047607,
          -0.2543492317199707,
          0.008168761618435383,
          98.6712417602539
        ],
        [
          0.2544039189815521,
          -0.9670759439468384,
          0.006538031622767448,
          45.74356460571289
        ],
        [
          0.006236869841814041,
          0.008400951512157917,
          0.9999452829360962,
          0.9011765122413635
        ],
        [
          0.0,
          0.0,
          0.0,
          1.0
        ]
      ],
      "matrix_ego_from_sensor_carla": [
        [
          0.7071070671081543,
          0.7071065306663513,
          6.253883810813932e-08,
          1.649998664855957
        ],
        [
          -0.7071064710617065,
          0.7071070671081543,
          1.5005355180619517e-08,
          -0.75
        ],
        [
          -3.485807908987226e-08,
          -5.534598201961671e-08,
          1.0,
          0.8999999761581421
        ],
        [
          0.0,
          0.0,
          0.0,
          1.0
        ]
      ],
      "matrix_ego_from_sensor_bevfusion": [
        [
          0.7071070671081543,
          -0.7071065306663513,
          6.253883810813932e-08,
          1.649998664855957
        ],
        [
          0.7071064710617065,
          0.7071070671081543,
          -1.5005355180619517e-08,
          0.75
        ],
        [
          -3.485807908987226e-08,
          5.534598201961671e-08,
          1.0,
          0.8999999761581421
        ],
        [
          0.0,
          0.0,
          0.0,
          1.0
        ]
      ],
      "data_path": "D:\\Agent-AI\\outputs\\s3a_ml_long_v2\\sample_000034\\radar\\RADAR_FRONT_LEFT.npy",
      "raw_layout": [
        "velocity",
        "altitude",
        "azimuth",
        "depth"
      ]
    },
    "RADAR_FRONT_RIGHT": {
      "type_id": "sensor.other.radar",
      "blueprint_attributes": {
        "sensor_tick": "0.100000",
        "role_name": "default",
