{
  "schema_version": "stage1.v1",
  "sample_name": "sample_000004",
  "sequence_index": 4,
  "previous_sample_name": "sample_000003",
  "frame_id": 3924,
  "timestamp": 39.531086552888155,
  "platform_timestamp": 16816482.2720011,
  "delta_seconds": 0.10000000149011612,
  "town": "Carla/Maps/Town10HD_Opt",
  "weather": {
    "cloudiness": 20.0,
    "dust_storm": 0.0,
    "fog_density": 2.0,
    "fog_distance": 0.75,
    "fog_falloff": 0.10000000149011612,
    "mie_scattering_scale": 0.029999999329447746,
    "precipitation": 0.0,
    "precipitation_deposits": 0.0,
    "rayleigh_scattering_scale": 0.03310000151395798,
    "scattering_intensity": 1.0,
    "sun_altitude_angle": 45.0,
    "sun_azimuth_angle": 300.0,
    "wetness": 0.0,
    "wind_intensity": 10.0
  },
  "sensor_names": [
    "CAM_FRONT",
    "CAM_FRONT_RIGHT",
    "CAM_FRONT_LEFT",
    "CAM_BACK",
    "CAM_BACK_LEFT",
    "CAM_BACK_RIGHT",
    "LIDAR_TOP",
    "RADAR_FRONT",
    "RADAR_FRONT_LEFT",
    "RADAR_FRONT_RIGHT",
    "RADAR_BACK_LEFT",
    "RADAR_BACK_RIGHT"
  ],
  "camera_order_for_model": [
    "CAM_FRONT",
    "CAM_FRONT_RIGHT",
    "CAM_FRONT_LEFT",
    "CAM_BACK",
    "CAM_BACK_LEFT",
    "CAM_BACK_RIGHT"
  ],
  "radar_order_for_model": [
    "RADAR_FRONT",
    "RADAR_FRONT_LEFT",
    "RADAR_FRONT_RIGHT",
    "RADAR_BACK_LEFT",
    "RADAR_BACK_RIGHT"
  ],
  "coordinate_notes": {
    "carla_world": "left-handed x-forward y-right z-up",
    "bevfusion_lidar": "x-forward y-left z-up",
    "camera_frame_for_model": "OpenCV style x-right y-down z-forward"
  },
  "ego": {
    "actor_id": 24,
    "transform_carla": {
      "location": {
        "x": 109.89541625976562,
        "y": -21.57946014404297,
        "z": -0.006639976520091295
      },
      "rotation": {
        "roll": 0.03333968296647072,
        "pitch": 0.5767684578895569,
        "yaw": -91.04558563232422
      }
    },
    "velocity_carla": [
      -0.12426851689815521,
      -4.6520609855651855,
      -2.516746462788433e-05
    ],
    "angular_velocity_carla": [
      -0.13950689136981964,
      0.029544170945882797,
      -1.574050784111023
    ],
    "matrix_world_from_ego_carla": [
      [
        -0.018246904015541077,
        0.9998332262039185,
        0.0007654791115783155,
        109.89541625976562
      ],
      [
        -0.9997828602790833,
        -0.01825368031859398,
        0.010054042562842369,
        -21.57946014404297
      ],
      [
        0.010066337883472443,
        -0.0005818577483296394,
        0.9999491572380066,
        -0.006639976520091295
      ],
      [
        0.0,
        0.0,
        0.0,
        1.0
      ]
    ],
    "matrix_world_from_ego_bevfusion": [
      [
        -0.018246904015541077,
        -0.9998332262039185,
        0.0007654791115783155,
        109.89541625976562
      ],
      [
        0.9997828602790833,
        -0.01825368031859398,
        -0.010054042562842369,
        21.57946014404297
      ],
      [
        0.010066337883472443,
        0.0005818577483296394,
        0.9999491572380066,
        -0.006639976520091295
      ],
      [
        0.0,
        0.0,
        0.0,
        1.0
      ]
    ]
  },
  "sensors": {
    "CAM_FRONT": {
      "type_id": "sensor.camera.rgb",
      "blueprint_attributes": {
        "role_name": "front",
        "ros_name": "sensor.camera.rgb",
        "chromatic_aberration_offset": "0.0",
        "sensor_tick": "0.100000",
        "fstop": "1.4",
        "image_size_x": "960",
        "image_size_y": "540",
        "fov": "70.00",
        "lens_circle_falloff": "5.0",
        "lens_circle_multiplier": "0.0",
        "exposure_compensation": "0.0",
        "lens_y_size": "0.08",
        "lens_k": "-1.0",
        "exposure_mode": "histogram",
        "lens_kcube": "0.0",
        "lens_x_size": "0.08",
        "exposure_max_bright": "12.0",
        "shutter_speed": "200.0",
        "bloom_intensity": "0.675",
        "iso": "100.0",
        "enable_postprocess_effects": "false",
        "gamma": "2.2",
        "motion_blur_intensity": "0.0",
        "motion_blur_max_distortion": "0.35",
        "lens_flare_intensity": "0.1",
        "motion_blur_min_object_screen_size": "0.1",
        "exposure_min_bright": "10.0",
        "exposure_speed_up": "3.0",
        "exposure_speed_down": "1.0",
        "tint": "0.0",
        "calibration_constant": "16.0",
        "focal_distance": "1000.0",
        "min_fstop": "1.2",
        "blade_count": "5",
        "blur_amount": "0.0",
        "blur_radius": "0.0",
        "slope": "0.88",
        "toe": "0.55",
        "white_clip": "0.04",
        "shoulder": "0.26",
        "black_clip": "0.0",
        "temp": "6500.0",
        "chromatic_aberration_intensity": "0.0"
      },
      "transform_carla": {
        "location": {
          "x": 109.86843872070312,
          "y": -23.112030029296875,
          "z": 1.7088762521743774
        },
        "rotation": {
          "roll": 0.03333968296647072,
          "pitch": 0.5767684578895569,
          "yaw": -91.04558563232422
        }
      },
      "matrix_world_from_sensor_carla": [
        [
          -0.018246904015541077,
          0.9998332262039185,
          0.0007654791115783155,
          109.86843872070312
        ],
        [
          -0.9997828602790833,
          -0.01825368031859398,
          0.010054042562842369,
          -23.112030029296875
        ],
        [
          0.010066337883472443,
          -0.0005818577483296394,
          0.9999491572380066,
          1.7088762521743774
        ],
        [
          0.0,
          0.0,
          0.0,
          1.0
        ]
      ],
      "matrix_world_from_sensor_bevfusion": [
        [
          0.9998332262039185,
          -0.0007654791115783155,
          -0.018246904015541077,
          109.86843872070312
        ],
        [
          0.01825368031859398,
          0.010054042562842369,
          0.9997828602790833,
          23.112030029296875
        ],
        [
          -0.0005818577483296394,
          -0.9999491572380066,
          0.010066337883472443,
          1.7088762521743774
        ],
        [
          0.0,
          0.0,
          0.0,
          1.0
        ]
      ],
      "matrix_ego_from_sensor_carla": [
        [
          1.0,
          -1.364039159401642e-10,
          4.269475328833039e-10,
          1.549997329711914
        ],
        [
          9.518936749941531e-10,
          1.0,
          1.3763268302824372e-11,
          7.62939453125e-06
        ],
        [
          -5.043276907201744e-10,
          1.3763268302824372e-11,
          1.0,
          1.6999998092651367
        ],
        [
          0.0,
          0.0,
          0.0,
          1.0
        ]
      ],
      "matrix_ego_from_sensor_bevfusion": [
        [
          -1.364039159401642e-10,
          -4.269475328833039e-10,
          1.0,
          1.549997329711914
        ],
        [
          -1.0,
          1.3763268302824372e-11,
          -9.518936749941531e-10,
          -7.62939453125e-06
        ],
        [
          1.3763268302824372e-11,
          -1.0,
          -5.043276907201744e-10,
          1.6999998092651367
        ],
        [
          0.0,
          0.0,
          0.0,
          1.0
        ]
      ],
      "camera_intrinsics": [
        [
          685.5110473632812,
          0.0,
          480.0
        ],
        [
          0.0,
          685.5110473632812,
          270.0
        ],
        [
          0.0,
          0.0,
          1.0
        ]
      ],
      "data_path": "D:\\Agent-AI\\outputs\\s3a_left_v3\\sample_000004\\images\\CAM_FRONT.png",
      "raw_layout": "bgra8"
    },
    "CAM_FRONT_RIGHT": {
      "type_id": "sensor.camera.rgb",
      "blueprint_attributes": {
        "role_name": "front",
        "ros_name": "sensor.camera.rgb",
        "chromatic_aberration_offset": "0.0",
        "sensor_tick": "0.100000",
        "fstop": "1.4",
        "image_size_x": "960",
        "image_size_y": "540",
        "fov": "70.00",
        "lens_circle_falloff": "5.0",
        "lens_circle_multiplier": "0.0",
        "exposure_compensation": "0.0",
        "lens_y_size": "0.08",
        "lens_k": "-1.0",
        "exposure_mode": "histogram",
        "lens_kcube": "0.0",
        "lens_x_size": "0.08",
        "exposure_max_bright": "12.0",
        "shutter_speed": "200.0",
        "bloom_intensity": "0.675",
        "iso": "100.0",
        "enable_postprocess_effects": "false",
        "gamma": "2.2",
        "motion_blur_intensity": "0.0",
        "motion_blur_max_distortion": "0.35",
        "lens_flare_intensity": "0.1",
        "motion_blur_min_object_screen_size": "0.1",
        "exposure_min_bright": "10.0",
        "exposure_speed_up": "3.0",
        "exposure_speed_down": "1.0",
        "tint": "0.0",
        "calibration_constant": "16.0",
        "focal_distance": "1000.0",
        "min_fstop": "1.2",
        "blade_count": "5",
        "blur_amount": "0.0",
        "blur_radius": "0.0",
        "slope": "0.88",
        "toe": "0.55",
        "white_clip": "0.04",
        "shoulder": "0.26",
        "black_clip": "0.0",
        "temp": "6500.0",
        "chromatic_aberration_intensity": "0.0"
      },
      "transform_carla": {
        "location": {
          "x": 110.42290496826172,
          "y": -22.87212562561035,
          "z": 1.7060399055480957
        },
        "rotation": {
          "roll": 0.49158769845962524,
          "pitch": 0.3035062551498413,
          "yaw": -36.044464111328125
        }
      },
      "matrix_world_from_sensor_carla": [
        [
          0.8085492849349976,
          0.5884280204772949,
          0.0007655015215277672,
          110.42290496826172
        ],
        [
          -0.5884047150611877,
          0.808504045009613,
          0.010054024867713451,
          -22.87212562561035
        ],
        [
          0.005297158844769001,
          -0.008579598739743233,
          0.9999491572380066,
          1.7060399055480957
        ],
        [
          0.0,
          0.0,
          0.0,
          1.0
        ]
      ],
      "matrix_world_from_sensor_bevfusion": [
        [
          0.5884280204772949,
          -0.0007655015215277672,
          0.8085492849349976,
          110.42290496826172
        ],
        [
          -0.808504045009613,
          0.010054024867713451,
          0.5884047150611877,
          22.87212562561035
        ],
        [
          -0.008579598739743233,
          -0.9999491572380066,
          0.005297158844769001,
          1.7060399055480957
        ],
        [
          0.0,
          0.0,
          0.0,
          1.0
        ]
      ],
      "matrix_ego_from_sensor_carla": [
        [
          0.5735767483711243,
          -0.8191518187522888,
          1.8122076284043942e-08,
          1.2999992370605469
        ],
        [
          0.8191519379615784,
          0.5735767483711243,
          2.2714750969043962e-08,
          0.5500030517578125
        ],
        [
          -2.857530034816591e-08,
          3.515318036662052e-10,
          1.0,
          1.7000000476837158
        ],
        [
          0.0,
          0.0,
          0.0,
          1.0
        ]
      ],
      "matrix_ego_from_sensor_bevfusion": [
        [
          -0.8191518187522888,
          -1.8122076284043942e-08,
          0.5735767483711243,
          1.2999992370605469
        ],
        [
          -0.5735767483711243,
          2.2714750969043962e-08,
          -0.8191519379615784,
          -0.5500030517578125
        ],
        [
          3.515318036662052e-10,
          -1.0,
          -2.857530034816591e-08,
          1.7000000476837158
        ],
        [
          0.0,
          0.0,
          0.0,
          1.0
        ]
      ],
      "camera_intrinsics": [
        [
          685.5110473632812,
          0.0,
          480.0
        ],
        [
          0.0,
          685.5110473632812,
          270.0
        ],
        [
          0.0,
          0.0,
          1.0
        ]
      ],
      "data_path": "D:\\Agent-AI\\outputs\\s3a_left_v3\\sample_000004\\images\\CAM_FRONT_RIGHT.png",
      "raw_layout": "bgra8"
    },
    "CAM_FRONT_LEFT": {
      "type_id": "sensor.camera.rgb",
      "blueprint_attributes": {
        "role_name": "front",
        "ros_name": "sensor.camera.rgb",
        "chromatic_aberration_offset": "0.0",
        "sensor_tick": "0.100000",
        "fstop": "1.4",
        "image_size_x": "960",
        "image_size_y": "540",
        "fov": "70.00",
        "lens_circle_falloff": "5.0",
        "lens_circle_multiplier": "0.0",
        "exposure_compensation": "0.0",
        "lens_y_size": "0.08",
        "lens_k": "-1.0",
        "exposure_mode": "histogram",
        "lens_kcube": "0.0",
        "lens_x_size": "0.08",
        "exposure_max_bright": "12.0",
        "shutter_speed": "200.0",
        "bloom_intensity": "0.675",
        "iso": "100.0",
        "enable_postprocess_effects": "false",
        "gamma": "2.2",
        "motion_blur_intensity": "0.0",
        "motion_blur_max_distortion": "0.35",
        "lens_flare_intensity": "0.1",
        "motion_blur_min_object_screen_size": "0.1",
        "exposure_min_bright": "10.0",
        "exposure_speed_up": "3.0",
        "exposure_speed_down": "1.0",
        "tint": "0.0",
        "calibration_constant": "16.0",
        "focal_distance": "1000.0",
        "min_fstop": "1.2",
        "blade_count": "5",
        "blur_amount": "0.0",
        "blur_radius": "0.0",
        "slope": "0.88",
        "toe": "0.55",
        "white_clip": "0.04",
        "shoulder": "0.26",
        "black_clip": "0.0",
        "temp": "6500.0",
        "chromatic_aberration_intensity": "0.0"
      },
      "transform_carla": {
        "location": {
          "x": 109.32308959960938,
          "y": -22.8520450592041,
          "z": 1.7066798210144043
        },
        "rotation": {
          "roll": -0.4533446431159973,
          "pitch": 0.35812729597091675,
          "yaw": -146.04714965820312
        }
      },
      "matrix_world_from_sensor_carla": [
        [
          -0.8294812440872192,
          0.5585340261459351,
          0.0007654903456568718,
          109.32308959960938
        ],
        [
          -0.5584995746612549,
          -0.8294439315795898,
          0.010054049082100391,
          -22.8520450592041
        ],
        [
          0.00625045970082283,
          0.007912118919193745,
          0.9999491572380066,
          1.7066798210144043
        ],
        [
          0.0,
          0.0,
          0.0,
          1.0
        ]
      ],
      "matrix_world_from_sensor_bevfusion": [
        [
          0.5585340261459351,
          -0.0007654903456568718,
          -0.8294812440872192,
          109.32308959960938
        ],
        [
          0.8294439315795898,
          0.010054049082100391,
          0.5584995746612549,
          22.8520450592041
        ],
        [
          0.007912118919193745,
          -0.9999491572380066,
          0.00625045970082283,
          1.7066798210144043
        ],
        [
          0.0,
          0.0,
          0.0,
          1.0
        ]
      ],
      "matrix_ego_from_sensor_carla": [
        [
          0.5735766887664795,
          0.8191518783569336,
          -6.092310655958499e-09,
          1.299997329711914
        ],
        [
          -0.8191518783569336,
          0.5735766887664795,
          1.1131426447263948e-08,
          -0.5499954223632812
        ],
        [
          1.3294540579522618e-08,
          -8.739494128384706e-10,
          1.0,
          1.7000000476837158
        ],
        [
          0.0,
          0.0,
          0.0,
          1.0
        ]
      ],
      "matrix_ego_from_sensor_bevfusion": [
        [
          0.8191518783569336,
          6.092310655958499e-09,
          0.5735766887664795,
          1.299997329711914
        ],
        [
          -0.5735766887664795,
          1.1131426447263948e-08,
          0.8191518783569336,
          0.5499954223632812
        ],
        [
          -8.739494128384706e-10,
          -1.0,
          1.3294540579522618e-08,
          1.7000000476837158
        ],
        [
          0.0,
          0.0,
          0.0,
          1.0
        ]
      ],
      "camera_intrinsics": [
        [
          685.5110473632812,
          0.0,
          480.0
        ],
        [
          0.0,
          685.5110473632812,
          270.0
        ],
        [
          0.0,
          0.0,
          1.0
        ]
      ],
      "data_path": "D:\\Agent-AI\\outputs\\s3a_left_v3\\sample_000004\\images\\CAM_FRONT_LEFT.png",
      "raw_layout": "bgra8"
    },
    "CAM_BACK": {
      "type_id": "sensor.camera.rgb",
      "blueprint_attributes": {
        "role_name": "front",
        "ros_name": "sensor.camera.rgb",
        "chromatic_aberration_offset": "0.0",
        "sensor_tick": "0.100000",
        "fstop": "1.4",
        "image_size_x": "960",
        "image_size_y": "540",
        "fov": "70.00",
        "lens_circle_falloff": "5.0",
        "lens_circle_multiplier": "0.0",
        "exposure_compensation": "0.0",
        "lens_y_size": "0.08",
        "lens_k": "-1.0",
        "exposure_mode": "histogram",
        "lens_kcube": "0.0",
        "lens_x_size": "0.08",
        "exposure_max_bright": "12.0",
        "shutter_speed": "200.0",
        "bloom_intensity": "0.675",
        "iso": "100.0",
        "enable_postprocess_effects": "false",
        "gamma": "2.2",
        "motion_blur_intensity": "0.0",
        "motion_blur_max_distortion": "0.35",
        "lens_flare_intensity": "0.1",
        "motion_blur_min_object_screen_size": "0.1",
        "exposure_min_bright": "10.0",
        "exposure_speed_up": "3.0",
        "exposure_speed_down": "1.0",
        "tint": "0.0",
        "calibration_constant": "16.0",
        "focal_distance": "1000.0",
        "min_fstop": "1.2",
        "blade_count": "5",
        "blur_amount": "0.0",
        "blur_radius": "0.0",
        "slope": "0.88",
        "toe": "0.55",
        "white_clip": "0.04",
        "shoulder": "0.26",
        "black_clip": "0.0",
        "temp": "6500.0",
        "chromatic_aberration_intensity": "0.0"
      },
      "transform_carla": {
        "location": {
          "x": 109.92499542236328,
          "y": -20.012704849243164,
          "z": 1.6776707172393799
        },
        "rotation": {
          "roll": -0.03333989530801773,
          "pitch": -0.5767684578895569,
          "yaw": 88.95440673828125
        }
      },
      "matrix_world_from_sensor_carla": [
        [
          0.018247174099087715,
          -0.9998331665992737,
          0.0007654854562133551,
          109.92499542236328
        ],
        [
          0.9997828006744385,
          0.018253950402140617,
          0.010054041631519794,
          -20.012704849243164
        ],
        [
          -0.010066337883472443,
          0.000581861415412277,
          0.9999491572380066,
          1.6776707172393799
        ],
        [
          0.0,
          0.0,
          0.0,
          1.0
        ]
      ],
      "matrix_world_from_sensor_bevfusion": [
        [
          -0.9998331665992737,
          -0.0007654854562133551,
          0.018247174099087715,
          109.92499542236328
        ],
        [
          -0.018253950402140617,
          0.010054041631519794,
          -0.9997828006744385,
          20.012704849243164
        ],
        [
          0.000581861415412277,
          -0.9999491572380066,
          -0.010066337883472443,
          1.6776707172393799
        ],
        [
          0.0,
          0.0,
          0.0,
          1.0
        ]
      ],
      "matrix_ego_from_sensor_carla": [
        [
          -0.9999999403953552,
          -2.698515686461178e-07,
          1.3582701630099336e-09,
          -1.5500011444091797
        ],
        [
          2.70219857156917e-07,
          -0.9999999403953552,
          6.3583982523596205e-09,
          -7.62939453125e-06
        ],
        [
          -4.2699488389530416e-10,
          6.388892970221605e-09,
          1.0,
          1.6999998092651367
        ],
        [
          0.0,
          0.0,
          0.0,
          1.0
        ]
      ],
      "matrix_ego_from_sensor_bevfusion": [
        [
          -2.698515686461178e-07,
          -1.3582701630099336e-09,
          -0.9999999403953552,
          -1.5500011444091797
        ],
        [
          0.9999999403953552,
          6.3583982523596205e-09,
          -2.70219857156917e-07,
          7.62939453125e-06
        ],
        [
          6.388892970221605e-09,
          -1.0,
          -4.2699488389530416e-10,
          1.6999998092651367
        ],
        [
          0.0,
          0.0,
          0.0,
          1.0
        ]
      ],
      "camera_intrinsics": [
        [
          685.5110473632812,
          0.0,
          480.0
        ],
        [
          0.0,
          685.5110473632812,
          270.0
        ],
        [
          0.0,
          0.0,
          1.0
        ]
      ],
      "data_path": "D:\\Agent-AI\\outputs\\s3a_left_v3\\sample_000004\\images\\CAM_BACK.png",
      "raw_layout": "bgra8"
    },
    "CAM_BACK_LEFT": {
      "type_id": "sensor.camera.rgb",
      "blueprint_attributes": {
        "role_name": "front",
        "ros_name": "sensor.camera.rgb",
        "chromatic_aberration_offset": "0.0",
        "sensor_tick": "0.100000",
        "fstop": "1.4",
        "image_size_x": "960",
        "image_size_y": "540",
        "fov": "70.00",
        "lens_circle_falloff": "5.0",
        "lens_circle_multiplier": "0.0",
        "exposure_compensation": "0.0",
        "lens_y_size": "0.08",
        "lens_k": "-1.0",
        "exposure_mode": "histogram",
        "lens_kcube": "0.0",
        "lens_x_size": "0.08",
        "exposure_max_bright": "12.0",
        "shutter_speed": "200.0",
        "bloom_intensity": "0.675",
        "iso": "100.0",
        "enable_postprocess_effects": "false",
        "gamma": "2.2",
        "motion_blur_intensity": "0.0",
        "motion_blur_max_distortion": "0.35",
        "lens_flare_intensity": "0.1",
        "motion_blur_min_object_screen_size": "0.1",
        "exposure_min_bright": "10.0",
        "exposure_speed_up": "3.0",
        "exposure_speed_down": "1.0",
        "tint": "0.0",
        "calibration_constant": "16.0",
        "focal_distance": "1000.0",
        "min_fstop": "1.2",
        "blade_count": "5",
        "blur_amount": "0.0",
        "blur_radius": "0.0",
        "slope": "0.88",
        "toe": "0.55",
        "white_clip": "0.04",
        "shoulder": "0.26",
        "black_clip": "0.0",
        "temp": "6500.0",
        "chromatic_aberration_intensity": "0.0"
      },
      "transform_carla": {
        "location": {
          "x": 109.37053680419922,
          "y": -20.25261116027832,
          "z": 1.6805073022842407
        },
        "rotation": {
          "roll": -0.4915877878665924,
          "pitch": -0.3035062551498413,
          "yaw": 143.95553588867188
        }
      },
      "matrix_world_from_sensor_carla": [
        [
          -0.8085493445396423,
          -0.5884279608726501,
          0.0007655010558664799,
          109.37053680419922
        ],
        [
          0.588404655456543,
          -0.8085041046142578,
          0.010054025799036026,
          -20.25261116027832
        ],
        [
          -0.005297158844769001,
          0.008579599671065807,
          0.9999491572380066,
          1.6805073022842407
        ],
        [
          0.0,
          0.0,
          0.0,
          1.0
        ]
      ],
      "matrix_world_from_sensor_bevfusion": [
        [
          -0.5884279608726501,
          -0.0007655010558664799,
          -0.8085493445396423,
          109.37053680419922
        ],
        [
          0.8085041046142578,
          0.010054025799036026,
          -0.588404655456543,
          20.25261116027832
        ],
        [
          0.008579599671065807,
          -0.9999491572380066,
          -0.005297158844769001,
          1.6805073022842407
        ],
        [
          0.0,
          0.0,
          0.0,
          1.0
        ]
      ],
      "matrix_ego_from_sensor_carla": [
        [
          -0.5735766887664795,
          0.8191518783569336,
          1.7190753709428463e-08,
          -1.3000011444091797
        ],
        [
          -0.8191519975662231,
          -0.5735766887664795,
          2.2249089681736223e-08,
          -0.5499954223632812
        ],
        [
          2.7643977773550432e-08,
          5.797434199372731e-10,
          1.0,
          1.6999998092651367
        ],
        [
          0.0,
          0.0,
          0.0,
          1.0
        ]
      ],
      "matrix_ego_from_sensor_bevfusion": [
        [
          0.8191518783569336,
          -1.7190753709428463e-08,
          -0.5735766887664795,
          -1.3000011444091797
        ],
        [
          0.5735766887664795,
          2.2249089681736223e-08,
          0.8191519975662231,
          0.5499954223632812
        ],
        [
          5.797434199372731e-10,
          -1.0,
          2.7643977773550432e-08,
          1.6999998092651367
        ],
        [
          0.0,
          0.0,
          0.0,
          1.0
        ]
      ],
      "camera_intrinsics": [
        [
          685.5110473632812,
          0.0,
          480.0
        ],
        [
          0.0,
          685.5110473632812,
          270.0
        ],
        [
          0.0,
          0.0,
          1.0
        ]
      ],
      "data_path": "D:\\Agent-AI\\outputs\\s3a_left_v3\\sample_000004\\images\\CAM_BACK_LEFT.png",
      "raw_layout": "bgra8"
    },
    "CAM_BACK_RIGHT": {
      "type_id": "sensor.camera.rgb",
      "blueprint_attributes": {
        "role_name": "front",
        "ros_name": "sensor.camera.rgb",
        "chromatic_aberration_offset": "0.0",
        "sensor_tick": "0.100000",
        "fstop": "1.4",
        "image_size_x": "960",
        "image_size_y": "540",
        "fov": "70.00",
        "lens_circle_falloff": "5.0",
        "lens_circle_multiplier": "0.0",
        "exposure_compensation": "0.0",
        "lens_y_size": "0.08",
        "lens_k": "-1.0",
        "exposure_mode": "histogram",
        "lens_kcube": "0.0",
        "lens_x_size": "0.08",
        "exposure_max_bright": "12.0",
        "shutter_speed": "200.0",
        "bloom_intensity": "0.675",
        "iso": "100.0",
        "enable_postprocess_effects": "false",
        "gamma": "2.2",
        "motion_blur_intensity": "0.0",
        "motion_blur_max_distortion": "0.35",
        "lens_flare_intensity": "0.1",
        "motion_blur_min_object_screen_size": "0.1",
        "exposure_min_bright": "10.0",
        "exposure_speed_up": "3.0",
        "exposure_speed_down": "1.0",
        "tint": "0.0",
        "calibration_constant": "16.0",
        "focal_distance": "1000.0",
        "min_fstop": "1.2",
        "blade_count": "5",
        "blur_amount": "0.0",
        "blur_radius": "0.0",
        "slope": "0.88",
        "toe": "0.55",
        "white_clip": "0.04",
        "shoulder": "0.26",
        "black_clip": "0.0",
        "temp": "6500.0",
        "chromatic_aberration_intensity": "0.0"
      },
      "transform_carla": {
        "location": {
          "x": 110.47035217285156,
          "y": -20.272689819335938,
          "z": 1.6798672676086426
        },
        "rotation": {
          "roll": 0.4533447027206421,
          "pitch": -0.35812729597091675,
          "yaw": 33.95281982421875
        }
      },
      "matrix_world_from_sensor_carla": [
        [
          0.8294815421104431,
          -0.5585335493087769,
          0.0007654954679310322,
          110.47035217285156
        ],
        [
          0.5584990978240967,
          0.8294442296028137,
          0.010054049082100391,
          -20.272689819335938
        ],
        [
          -0.00625045970082283,
          -0.00791211985051632,
          0.9999491572380066,
          1.6798672676086426
        ],
        [
          0.0,
          0.0,
          0.0,
          1.0
        ]
      ],
      "matrix_world_from_sensor_bevfusion": [
        [
          -0.5585335493087769,
          -0.0007654954679310322,
          0.8294815421104431,
          110.47035217285156
        ],
        [
          -0.8294442296028137,
          0.010054049082100391,
          -0.5584990978240967,
          20.272689819335938
        ],
        [
          -0.00791211985051632,
          -0.9999491572380066,
          -0.00625045970082283,
          1.6798672676086426
        ],
        [
          0.0,
          0.0,
          0.0,
          1.0
        ]
      ],
      "matrix_ego_from_sensor_carla": [
        [
          -0.5735762119293213,
          -0.8191521763801575,
          -6.092310655958499e-09,
          -1.3000011444091797
        ],
        [
          0.8191521763801575,
          -0.5735762119293213,
          1.625370060764908e-08,
          0.5500030517578125
        ],
        [
          -1.795115345260001e-08,
          3.667964598719209e-09,
          1.0,
          1.7000000476837158
        ],
        [
          0.0,
          0.0,
          0.0,
          1.0
        ]
      ],
      "matrix_ego_from_sensor_bevfusion": [
        [
          -0.8191521763801575,
          6.092310655958499e-09,
          -0.5735762119293213,
          -1.3000011444091797
        ],
        [
          0.5735762119293213,
          1.625370060764908e-08,
          -0.8191521763801575,
          -0.5500030517578125
        ],
        [
          3.667964598719209e-09,
          -1.0,
          -1.795115345260001e-08,
          1.7000000476837158
        ],
        [
          0.0,
          0.0,
          0.0,
          1.0
        ]
      ],
      "camera_intrinsics": [
        [
          685.5110473632812,
          0.0,
          480.0
        ],
        [
          0.0,
          685.5110473632812,
          270.0
        ],
        [
          0.0,
          0.0,
          1.0
        ]
      ],
      "data_path": "D:\\Agent-AI\\outputs\\s3a_left_v3\\sample_000004\\images\\CAM_BACK_RIGHT.png",
      "raw_layout": "bgra8"
    },
    "LIDAR_TOP": {
      "type_id": "sensor.lidar.ray_cast",
      "blueprint_attributes": {
        "atmosphere_attenuation_rate": "0.004",
        "role_name": "front",
        "noise_seed": "0",
        "upper_fov": "10.0",
        "ros_name": "sensor.lidar.ray_cast",
        "sensor_tick": "0.100000",
        "channels": "32",
        "range": "120.0",
        "points_per_second": "360000",
        "lower_fov": "-30.0",
        "rotation_frequency": "10.000000",
        "horizontal_fov": "360.0",
        "dropoff_general_rate": "0.0",
        "dropoff_intensity_limit": "1.0",
        "noise_stddev": "0.0",
        "dropoff_zero_intensity": "0.0"
      },
      "transform_carla": {
        "location": {
          "x": 109.8970947265625,
          "y": -21.557340621948242,
          "z": 2.1932480335235596
        },
        "rotation": {
          "roll": 0.03333968296647072,
          "pitch": 0.5767684578895569,
          "yaw": -91.04558563232422
        }
      },
      "matrix_world_from_sensor_carla": [
        [
          -0.018246904015541077,
          0.9998332262039185,
          0.0007654791115783155,
          109.8970947265625
        ],
        [
          -0.9997828602790833,
          -0.01825368031859398,
          0.010054042562842369,
          -21.557340621948242
        ],
        [
          0.010066337883472443,
          -0.0005818577483296394,
          0.9999491572380066,
          2.1932480335235596
        ],
        [
          0.0,
          0.0,
          0.0,
          1.0
        ]
      ],
      "matrix_world_from_sensor_bevfusion": [
        [
          -0.018246904015541077,
          -0.9998332262039185,
          0.0007654791115783155,
          109.8970947265625
        ],
        [
          0.9997828602790833,
          -0.01825368031859398,
          -0.010054042562842369,
          21.557340621948242
        ],
        [
          0.010066337883472443,
          0.0005818577483296394,
          0.9999491572380066,
          2.1932480335235596
        ],
        [
          0.0,
          0.0,
          0.0,
          1.0
        ]
      ],
      "matrix_ego_from_sensor_carla": [
        [
          1.0,
          -1.364039159401642e-10,
          4.269475328833039e-10,
          -1.9073486328125e-06
        ],
        [
          9.518936749941531e-10,
          1.0,
          1.3763268302824372e-11,
          0.0
        ],
        [
          -5.043276907201744e-10,
          1.3763268302824372e-11,
          1.0,
          2.1999998092651367
        ],
        [
          0.0,
          0.0,
          0.0,
          1.0
        ]
      ],
      "matrix_ego_from_sensor_bevfusion": [
        [
          1.0,
          1.364039159401642e-10,
          4.269475328833039e-10,
          -1.9073486328125e-06
        ],
        [
          -9.518936749941531e-10,
          1.0,
          -1.3763268302824372e-11,
          0.0
        ],
        [
          -5.043276907201744e-10,
          -1.3763268302824372e-11,
          1.0,
          2.1999998092651367
        ],
        [
          0.0,
          0.0,
          0.0,
          1.0
        ]
      ],
      "data_path": "D:\\Agent-AI\\outputs\\s3a_left_v3\\sample_000004\\lidar\\LIDAR_TOP.npy",
      "raw_layout": [
        "x",
        "y",
        "z",
        "intensity"
      ]
    },
    "RADAR_FRONT": {
      "type_id": "sensor.other.radar",
      "blueprint_attributes": {
        "sensor_tick": "0.100000",
        "role_name": "default",
        "noise_seed": "0",
        "ros_name": "sensor.other.radar",
        "horizontal_fov": "35.0",
        "points_per_second": "1500",
        "vertical_fov": "20.0",
        "range": "120.0"
      },
      "transform_carla": {
        "location": {
          "x": 109.859619140625,
          "y": -23.569976806640625,
          "z": 0.9134469628334045
        },
        "rotation": {
          "roll": 0.03333968296647072,
          "pitch": 0.5767684578895569,
          "yaw": -91.04558563232422
        }
      },
      "matrix_world_from_sensor_carla": [
        [
          -0.018246904015541077,
          0.9998332262039185,
          0.0007654791115783155,
          109.859619140625
        ],
        [
          -0.9997828602790833,
          -0.01825368031859398,
          0.010054042562842369,
          -23.569976806640625
        ],
        [
          0.010066337883472443,
          -0.0005818577483296394,
          0.9999491572380066,
          0.9134469628334045
        ],
        [
          0.0,
          0.0,
          0.0,
          1.0
        ]
      ],
      "matrix_world_from_sensor_bevfusion": [
        [
          -0.018246904015541077,
          -0.9998332262039185,
          0.0007654791115783155,
          109.859619140625
        ],
        [
          0.9997828602790833,
          -0.01825368031859398,
          -0.010054042562842369,
          23.569976806640625
        ],
        [
          0.010066337883472443,
          0.0005818577483296394,
          0.9999491572380066,
          0.9134469628334045
        ],
        [
          0.0,
          0.0,
          0.0,
          1.0
        ]
      ],
      "matrix_ego_from_sensor_carla": [
        [
          1.0,
          -1.364039159401642e-10,
          4.269475328833039e-10,
          1.9999980926513672
        ],
        [
          9.518936749941531e-10,
          1.0,
          1.3763268302824372e-11,
          7.62939453125e-06
        ],
        [
          -5.043276907201744e-10,
          1.3763268302824372e-11,
          1.0,
          0.9000000357627869
        ],
        [
          0.0,
          0.0,
          0.0,
          1.0
        ]
      ],
      "matrix_ego_from_sensor_bevfusion": [
        [
          1.0,
          1.364039159401642e-10,
          4.269475328833039e-10,
          1.9999980926513672
        ],
        [
          -9.518936749941531e-10,
          1.0,
          -1.3763268302824372e-11,
          -7.62939453125e-06
        ],
        [
          -5.043276907201744e-10,
          -1.3763268302824372e-11,
          1.0,
          0.9000000357627869
        ],
        [
          0.0,
          0.0,
          0.0,
          1.0
        ]
      ],
      "data_path": "D:\\Agent-AI\\outputs\\s3a_left_v3\\sample_000004\\radar\\RADAR_FRONT.npy",
      "raw_layout": [
        "velocity",
        "altitude",
        "azimuth",
        "depth"
      ]
    },
    "RADAR_FRONT_LEFT": {
      "type_id": "sensor.other.radar",
      "blueprint_attributes": {
        "sensor_tick": "0.100000",
        "role_name": "default",
        "noise_seed": "0",
        "ros_name": "sensor.other.radar",
        "horizontal_fov": "35.0",
        "points_per_second": "1500",
        "vertical_fov": "20.0",
        "range": "120.0"
      },
      "transform_carla": {
        "location": {
          "x": 109.11611938476562,
          "y": -23.206361770629883,
          "z": 0.9103600978851318
        },
        "rotation": {
          "roll": -0.38427019119262695,
          "pitch": 0.4314083755016327,
          "yaw": -136.04721069335938
        }
      },
      "matrix_world_from_sensor_carla": [
        [
          -0.7198914289474487,
          0.6940862536430359,
          0.0007654912769794464,
          109.11611938476562
        ],
        [
          -0.6940458416938782,
          -0.7198606729507446,
          0.010054051876068115,
          -23.206361770629883
        ],
        [
          0.0075294254347682,
          0.006706539075821638,
          0.9999491572380066,
          0.9103600978851318
        ],
        [
          0.0,
          0.0,
          0.0,
          1.0
        ]
      ],
      "matrix_world_from_sensor_bevfusion": [
        [
          -0.7198914289474487,
          -0.6940862536430359,
          0.0007654912769794464,
          109.11611938476562
        ],
        [
          0.6940458416938782,
          -0.7198606729507446,
          -0.010054051876068115,
          23.206361770629883
        ],
        [
          0.0075294254347682,
          -0.006706539075821638,
          0.9999491572380066,
          0.9103600978851318
        ],
        [
          0.0,
          0.0,
          0.0,
          1.0
        ]
      ],
      "matrix_ego_from_sensor_carla": [
        [
          0.7071067094802856,
          0.7071069478988647,
          -8.886278379804935e-09,
          1.6499996185302734
        ],
        [
          -0.70710688829422,
          0.7071067094802856,
          1.2004541360965959e-08,
          -0.75
        ],
        [
          1.4857953978264504e-08,
          -2.44321407549819e-09,
          1.0,
          0.8999999761581421
        ],
        [
          0.0,
          0.0,
          0.0,
          1.0
        ]
      ],
      "matrix_ego_from_sensor_bevfusion": [
        [
          0.7071067094802856,
          -0.7071069478988647,
          -8.886278379804935e-09,
          1.6499996185302734
        ],
        [
          0.70710688829422,
          0.7071067094802856,
          -1.2004541360965959e-08,
          0.75
        ],
        [
          1.4857953978264504e-08,
          2.44321407549819e-09,
          1.0,
          0.8999999761581421
        ],
        [
          0.0,
          0.0,
          0.0,
          1.0
        ]
      ],
      "data_path": "D:\\Agent-AI\\outputs\\s3a_left_v3\\sample_000004\\radar\\RADAR_FRONT_LEFT.npy",
      "raw_layout": [
        "velocity",
        "altitude",
        "azimuth",
        "depth"
      ]
    },
    "RADAR_FRONT_RIGHT": {
      "type_id": "sensor.other.radar",
      "blueprint_attributes": {
        "sensor_tick": "0.100000",
        "role_name": "default",
        "noise_seed": "0",
        "ros_name": "sensor.other.radar",
        "horizontal_fov": "35.0",
