{
  "schema_version": "stage1.v1",
  "sample_name": "sample_000042",
  "sequence_index": 42,
  "previous_sample_name": "sample_000041",
  "frame_id": 60043,
  "timestamp": 439.21970081329346,
  "platform_timestamp": 16814580.1612613,
  "delta_seconds": 0.10000000149011612,
  "town": "Carla/Maps/Town10HD_Opt",
  "weather": {
    "cloudiness": 20.0,
    "dust_storm": 0.0,
    "fog_density": 2.0,
    "fog_distance": 0.75,
    "fog_falloff": 0.10000000149011612,
    "mie_scattering_scale": 0.029999999329447746,
    "precipitation": 0.0,
    "precipitation_deposits": 0.0,
    "rayleigh_scattering_scale": 0.03310000151395798,
    "scattering_intensity": 1.0,
    "sun_altitude_angle": 45.0,
    "sun_azimuth_angle": 300.0,
    "wetness": 0.0,
    "wind_intensity": 10.0
  },
  "sensor_names": [
    "CAM_FRONT",
    "CAM_FRONT_RIGHT",
    "CAM_FRONT_LEFT",
    "CAM_BACK",
    "CAM_BACK_LEFT",
    "CAM_BACK_RIGHT",
    "LIDAR_TOP",
    "RADAR_FRONT",
    "RADAR_FRONT_LEFT",
    "RADAR_FRONT_RIGHT",
    "RADAR_BACK_LEFT",
    "RADAR_BACK_RIGHT"
  ],
  "camera_order_for_model": [
    "CAM_FRONT",
    "CAM_FRONT_RIGHT",
    "CAM_FRONT_LEFT",
    "CAM_BACK",
    "CAM_BACK_LEFT",
    "CAM_BACK_RIGHT"
  ],
  "radar_order_for_model": [
    "RADAR_FRONT",
    "RADAR_FRONT_LEFT",
    "RADAR_FRONT_RIGHT",
    "RADAR_BACK_LEFT",
    "RADAR_BACK_RIGHT"
  ],
  "coordinate_notes": {
    "carla_world": "left-handed x-forward y-right z-up",
    "bevfusion_lidar": "x-forward y-left z-up",
    "camera_frame_for_model": "OpenCV style x-right y-down z-forward"
  },
  "ego": {
    "actor_id": 28,
    "transform_carla": {
      "location": {
        "x": 96.37620544433594,
        "y": -49.86307144165039,
        "z": -0.0038536833599209785
      },
      "rotation": {
        "roll": 0.6831908822059631,
        "pitch": -0.12810702621936798,
        "yaw": -129.7286376953125
      }
    },
    "velocity_carla": [
      -5.11814022064209,
      -5.752164363861084,
      -0.00011490821634652093
    ],
    "angular_velocity_carla": [
      1.207403302192688,
      0.6881738901138306,
      -15.393145561218262
    ],
    "matrix_world_from_ego_carla": [
      [
        -0.6391506791114807,
        0.7690424919128418,
        0.007741270586848259,
        96.37620544433594
      ],
      [
        -0.769078254699707,
        -0.6390863060951233,
        -0.009340481832623482,
        -49.86307144165039
      ],
      [
        -0.002235887572169304,
        -0.011923618614673615,
        0.9999263882637024,
        -0.0038536833599209785
      ],
      [
        0.0,
        0.0,
        0.0,
        1.0
      ]
    ],
    "matrix_world_from_ego_bevfusion": [
      [
        -0.6391506791114807,
        -0.7690424919128418,
        0.007741270586848259,
        96.37620544433594
      ],
      [
        0.769078254699707,
        -0.6390863060951233,
        0.009340481832623482,
        49.86307144165039
      ],
      [
        -0.002235887572169304,
        0.011923618614673615,
        0.9999263882637024,
        -0.0038536833599209785
      ],
      [
        0.0,
        0.0,
        0.0,
        1.0
      ]
    ]
  },
  "sensors": {
    "CAM_FRONT": {
      "type_id": "sensor.camera.rgb",
      "blueprint_attributes": {
        "role_name": "front",
        "ros_name": "sensor.camera.rgb",
        "chromatic_aberration_offset": "0.0",
        "sensor_tick": "0.100000",
        "fstop": "1.4",
        "image_size_x": "960",
        "image_size_y": "540",
        "fov": "70.00",
        "lens_circle_falloff": "5.0",
        "lens_circle_multiplier": "0.0",
        "exposure_compensation": "0.0",
        "lens_y_size": "0.08",
        "lens_k": "-1.0",
        "exposure_mode": "histogram",
        "lens_kcube": "0.0",
        "lens_x_size": "0.08",
        "exposure_max_bright": "12.0",
        "shutter_speed": "200.0",
        "bloom_intensity": "0.675",
        "iso": "100.0",
        "enable_postprocess_effects": "false",
        "gamma": "2.2",
        "motion_blur_intensity": "0.0",
        "motion_blur_max_distortion": "0.35",
        "lens_flare_intensity": "0.1",
        "motion_blur_min_object_screen_size": "0.1",
        "exposure_min_bright": "10.0",
        "exposure_speed_up": "3.0",
        "exposure_speed_down": "1.0",
        "tint": "0.0",
        "calibration_constant": "16.0",
        "focal_distance": "1000.0",
        "min_fstop": "1.2",
        "blade_count": "5",
        "blur_amount": "0.0",
        "blur_radius": "0.0",
        "slope": "0.88",
        "toe": "0.55",
        "white_clip": "0.04",
        "shoulder": "0.26",
        "black_clip": "0.0",
        "temp": "6500.0",
        "chromatic_aberration_intensity": "0.0"
      },
      "transform_carla": {
        "location": {
          "x": 95.39868927001953,
          "y": -51.07101821899414,
          "z": 1.6925551891326904
        },
        "rotation": {
          "roll": 0.6831908822059631,
          "pitch": -0.12810702621936798,
          "yaw": -129.7286376953125
        }
      },
      "matrix_world_from_sensor_carla": [
        [
          -0.6391506791114807,
          0.7690424919128418,
          0.007741270586848259,
          95.39868927001953
        ],
        [
          -0.769078254699707,
          -0.6390863060951233,
          -0.009340481832623482,
          -51.07101821899414
        ],
        [
          -0.002235887572169304,
          -0.011923618614673615,
          0.9999263882637024,
          1.6925551891326904
        ],
        [
          0.0,
          0.0,
          0.0,
          1.0
        ]
      ],
      "matrix_world_from_sensor_bevfusion": [
        [
          0.7690424919128418,
          -0.007741270586848259,
          -0.6391506791114807,
          95.39868927001953
        ],
        [
          0.6390863060951233,
          -0.009340481832623482,
          0.769078254699707,
          51.07101821899414
        ],
        [
          -0.011923618614673615,
          -0.9999263882637024,
          -0.002235887572169304,
          1.6925551891326904
        ],
        [
          0.0,
          0.0,
          0.0,
          1.0
        ]
      ],
      "matrix_ego_from_sensor_carla": [
        [
          1.0,
          -5.221540533284497e-09,
          -2.3681570593403478e-11,
          1.5499916076660156
        ],
        [
          1.8564689341360463e-08,
          1.0,
          4.124724450882411e-10,
          0.0
        ],
        [
          3.086932931495312e-10,
          -2.9829916314838556e-10,
          1.0,
          1.6999998092651367
        ],
        [
          0.0,
          0.0,
          0.0,
          1.0
        ]
      ],
      "matrix_ego_from_sensor_bevfusion": [
        [
          -5.221540533284497e-09,
          2.3681570593403478e-11,
          1.0,
          1.5499916076660156
        ],
        [
          -1.0,
          4.124724450882411e-10,
          -1.8564689341360463e-08,
          0.0
        ],
        [
          -2.9829916314838556e-10,
          -1.0,
          3.086932931495312e-10,
          1.6999998092651367
        ],
        [
          0.0,
          0.0,
          0.0,
          1.0
        ]
      ],
      "camera_intrinsics": [
        [
          685.5110473632812,
          0.0,
          480.0
        ],
        [
          0.0,
          685.5110473632812,
          270.0
        ],
        [
          0.0,
          0.0,
          1.0
        ]
      ],
      "data_path": "D:\\Agent-AI\\outputs\\s3a_ml_long_v2\\sample_000042\\images\\CAM_FRONT.png",
      "raw_layout": "bgra8"
    },
    "CAM_FRONT_RIGHT": {
      "type_id": "sensor.camera.rgb",
      "blueprint_attributes": {
        "role_name": "front",
        "ros_name": "sensor.camera.rgb",
        "chromatic_aberration_offset": "0.0",
        "sensor_tick": "0.100000",
        "fstop": "1.4",
        "image_size_x": "960",
        "image_size_y": "540",
        "fov": "70.00",
        "lens_circle_falloff": "5.0",
        "lens_circle_multiplier": "0.0",
        "exposure_compensation": "0.0",
        "lens_y_size": "0.08",
        "lens_k": "-1.0",
        "exposure_mode": "histogram",
        "lens_kcube": "0.0",
        "lens_x_size": "0.08",
        "exposure_max_bright": "12.0",
        "shutter_speed": "200.0",
        "bloom_intensity": "0.675",
        "iso": "100.0",
        "enable_postprocess_effects": "false",
        "gamma": "2.2",
        "motion_blur_intensity": "0.0",
        "motion_blur_max_distortion": "0.35",
        "lens_flare_intensity": "0.1",
        "motion_blur_min_object_screen_size": "0.1",
        "exposure_min_bright": "10.0",
        "exposure_speed_up": "3.0",
        "exposure_speed_down": "1.0",
        "tint": "0.0",
        "calibration_constant": "16.0",
        "focal_distance": "1000.0",
        "min_fstop": "1.2",
        "blade_count": "5",
        "blur_amount": "0.0",
        "blur_radius": "0.0",
        "slope": "0.88",
        "toe": "0.55",
        "white_clip": "0.04",
        "shoulder": "0.26",
        "black_clip": "0.0",
        "temp": "6500.0",
        "chromatic_aberration_intensity": "0.0"
      },
      "transform_carla": {
        "location": {
          "x": 95.9814453125,
          "y": -51.230247497558594,
          "z": 1.686556339263916
        },
        "rotation": {
          "roll": 0.2869269549846649,
          "pitch": -0.6331107020378113,
          "yaw": -74.72946166992188
        }
      },
      "matrix_world_from_sensor_carla": [
        [
          0.26336097717285156,
          0.9646662473678589,
          0.007741174194961786,
          95.9814453125
        ],
        [
          -0.9646340608596802,
          0.26342710852622986,
          -0.00934043899178505,
          -51.230247497558594
        ],
        [
          -0.01104964129626751,
          -0.0050074937753379345,
          0.9999264478683472,
          1.686556339263916
        ],
        [
          0.0,
          0.0,
          0.0,
          1.0
        ]
      ],
      "matrix_world_from_sensor_bevfusion": [
        [
          0.9646662473678589,
          -0.007741174194961786,
          0.26336097717285156,
          95.9814453125
        ],
        [
          -0.26342710852622986,
          -0.00934043899178505,
          0.9646340608596802,
          51.230247497558594
        ],
        [
          -0.0050074937753379345,
          -0.9999264478683472,
          -0.01104964129626751,
          1.686556339263916
        ],
        [
          0.0,
          0.0,
          0.0,
          1.0
        ]
      ],
      "matrix_ego_from_sensor_carla": [
        [
          0.5735764503479004,
          -0.8191519975662231,
          2.8248388517226886e-08,
          1.299997329711914
        ],
        [
          0.8191520571708679,
          0.5735765099525452,
          -1.0181238963014039e-07,
          0.5499954223632812
        ],
        [
          6.859793444391471e-08,
          8.146448493562275e-08,
          1.0000001192092896,
          1.6999998092651367
        ],
        [
          0.0,
          0.0,
          0.0,
          1.0
        ]
      ],
      "matrix_ego_from_sensor_bevfusion": [
        [
          -0.8191519975662231,
          -2.8248388517226886e-08,
          0.5735764503479004,
          1.299997329711914
        ],
        [
          -0.5735765099525452,
          -1.0181238963014039e-07,
          -0.8191520571708679,
          -0.5499954223632812
        ],
        [
          8.146448493562275e-08,
          -1.0000001192092896,
          6.859793444391471e-08,
          1.6999998092651367
        ],
        [
          0.0,
          0.0,
          0.0,
          1.0
        ]
      ],
      "camera_intrinsics": [
        [
          685.5110473632812,
          0.0,
          480.0
        ],
        [
          0.0,
          685.5110473632812,
          270.0
        ],
        [
          0.0,
          0.0,
          1.0
        ]
      ],
      "data_path": "D:\\Agent-AI\\outputs\\s3a_ml_long_v2\\sample_000042\\images\\CAM_FRONT_RIGHT.png",
      "raw_layout": "bgra8"
    },
    "CAM_FRONT_LEFT": {
      "type_id": "sensor.camera.rgb",
      "blueprint_attributes": {
        "role_name": "front",
        "ros_name": "sensor.camera.rgb",
        "chromatic_aberration_offset": "0.0",
        "sensor_tick": "0.100000",
        "fstop": "1.4",
        "image_size_x": "960",
        "image_size_y": "540",
        "fov": "70.00",
        "lens_circle_falloff": "5.0",
        "lens_circle_multiplier": "0.0",
        "exposure_compensation": "0.0",
        "lens_y_size": "0.08",
        "lens_k": "-1.0",
        "exposure_mode": "histogram",
        "lens_kcube": "0.0",
        "lens_x_size": "0.08",
        "exposure_max_bright": "12.0",
        "shutter_speed": "200.0",
        "bloom_intensity": "0.675",
        "iso": "100.0",
        "enable_postprocess_effects": "false",
        "gamma": "2.2",
        "motion_blur_intensity": "0.0",
        "motion_blur_max_distortion": "0.35",
        "lens_flare_intensity": "0.1",
        "motion_blur_min_object_screen_size": "0.1",
        "exposure_min_bright": "10.0",
        "exposure_speed_up": "3.0",
        "exposure_speed_down": "1.0",
        "tint": "0.0",
        "calibration_constant": "16.0",
        "focal_distance": "1000.0",
        "min_fstop": "1.2",
        "blade_count": "5",
        "blur_amount": "0.0",
        "blur_radius": "0.0",
        "slope": "0.88",
        "toe": "0.55",
        "white_clip": "0.04",
        "shoulder": "0.26",
        "black_clip": "0.0",
        "temp": "6500.0",
        "chromatic_aberration_intensity": "0.0"
      },
      "transform_carla": {
        "location": {
          "x": 95.135498046875,
          "y": -50.52725601196289,
          "z": 1.6996724605560303
        },
        "rotation": {
          "roll": 0.49681970477104187,
          "pitch": 0.4861455261707306,
          "yaw": 175.27423095703125
        }
      },
      "matrix_world_from_sensor_carla": [
        [
          -0.9965645670890808,
          -0.08245708048343658,
          0.007741198409348726,
          95.135498046875
        ],
        [
          0.082383893430233,
          -0.9965568780899048,
          -0.0093405582010746,
          -50.52725601196289
        ],
        [
          0.008484738878905773,
          -0.008670718409121037,
          0.9999263882637024,
          1.6996724605560303
        ],
        [
          0.0,
          0.0,
          0.0,
          1.0
        ]
      ],
      "matrix_world_from_sensor_bevfusion": [
        [
          -0.08245708048343658,
          -0.007741198409348726,
          -0.9965645670890808,
          95.135498046875
        ],
        [
          0.9965568780899048,
          -0.0093405582010746,
          -0.082383893430233,
          50.52725601196289
        ],
        [
          -0.008670718409121037,
          -0.9999263882637024,
          0.008484738878905773,
          1.6996724605560303
        ],
        [
          0.0,
          0.0,
          0.0,
          1.0
        ]
      ],
      "matrix_ego_from_sensor_carla": [
        [
          0.5735763311386108,
          0.8191521763801575,
          1.0475010725485845e-07,
          1.3000011444091797
        ],
        [
          -0.8191522359848022,
          0.5735763907432556,
          -6.106785743753562e-09,
          -0.5499954223632812
        ],
        [
          -6.71397302198784e-08,
          -8.123120665004535e-08,
          1.0,
          1.7000000476837158
        ],
        [
          0.0,
          0.0,
          0.0,
          1.0
        ]
      ],
      "matrix_ego_from_sensor_bevfusion": [
        [
          0.8191521763801575,
          -1.0475010725485845e-07,
          0.5735763311386108,
          1.3000011444091797
        ],
        [
          -0.5735763907432556,
          -6.106785743753562e-09,
          0.8191522359848022,
          0.5499954223632812
        ],
        [
          -8.123120665004535e-08,
          -1.0,
          -6.71397302198784e-08,
          1.7000000476837158
        ],
        [
          0.0,
          0.0,
          0.0,
          1.0
        ]
      ],
      "camera_intrinsics": [
        [
          685.5110473632812,
          0.0,
          480.0
        ],
        [
          0.0,
          685.5110473632812,
          270.0
        ],
        [
          0.0,
          0.0,
          1.0
        ]
      ],
      "data_path": "D:\\Agent-AI\\outputs\\s3a_ml_long_v2\\sample_000042\\images\\CAM_FRONT_LEFT.png",
      "raw_layout": "bgra8"
    },
    "CAM_BACK": {
      "type_id": "sensor.camera.rgb",
      "blueprint_attributes": {
        "role_name": "front",
        "ros_name": "sensor.camera.rgb",
        "chromatic_aberration_offset": "0.0",
        "sensor_tick": "0.100000",
        "fstop": "1.4",
        "image_size_x": "960",
        "image_size_y": "540",
        "fov": "70.00",
        "lens_circle_falloff": "5.0",
        "lens_circle_multiplier": "0.0",
        "exposure_compensation": "0.0",
        "lens_y_size": "0.08",
        "lens_k": "-1.0",
        "exposure_mode": "histogram",
        "lens_kcube": "0.0",
        "lens_x_size": "0.08",
        "exposure_max_bright": "12.0",
        "shutter_speed": "200.0",
        "bloom_intensity": "0.675",
        "iso": "100.0",
        "enable_postprocess_effects": "false",
        "gamma": "2.2",
        "motion_blur_intensity": "0.0",
        "motion_blur_max_distortion": "0.35",
        "lens_flare_intensity": "0.1",
        "motion_blur_min_object_screen_size": "0.1",
        "exposure_min_bright": "10.0",
        "exposure_speed_up": "3.0",
        "exposure_speed_down": "1.0",
        "tint": "0.0",
        "calibration_constant": "16.0",
        "focal_distance": "1000.0",
        "min_fstop": "1.2",
        "blade_count": "5",
        "blur_amount": "0.0",
        "blur_radius": "0.0",
        "slope": "0.88",
        "toe": "0.55",
        "white_clip": "0.04",
        "shoulder": "0.26",
        "black_clip": "0.0",
        "temp": "6500.0",
        "chromatic_aberration_intensity": "0.0"
      },
      "transform_carla": {
        "location": {
          "x": 97.38005828857422,
          "y": -48.6868782043457,
          "z": 1.6994869709014893
        },
        "rotation": {
          "roll": -0.6831907629966736,
          "pitch": 0.12810702621936798,
          "yaw": 50.271392822265625
        }
      },
      "matrix_world_from_sensor_carla": [
        [
          0.6391503214836121,
          -0.7690428495407104,
          0.007741273380815983,
          97.38005828857422
        ],
        [
          0.7690786123275757,
          0.6390859484672546,
          -0.009340476244688034,
          -48.6868782043457
        ],
        [
          0.002235887572169304,
          0.01192361582070589,
          0.9999263882637024,
          1.6994869709014893
        ],
        [
          0.0,
          0.0,
          0.0,
          1.0
        ]
      ],
      "matrix_world_from_sensor_bevfusion": [
        [
          -0.7690428495407104,
          -0.007741273380815983,
          0.6391503214836121,
          97.38005828857422
        ],
        [
          -0.6390859484672546,
          -0.009340476244688034,
          -0.7690786123275757,
          48.6868782043457
        ],
        [
          0.01192361582070589,
          -0.9999263882637024,
          0.002235887572169304,
          1.6994869709014893
        ],
        [
          0.0,
          0.0,
          0.0,
          1.0
        ]
      ],
      "matrix_ego_from_sensor_carla": [
        [
          -1.0,
          4.888879630016163e-07,
          -6.3101088798589444e-09,
          -1.5500049591064453
        ],
        [
          -5.15339763751399e-07,
          -1.0000001192092896,
          -1.4501726486315647e-09,
          0.0
        ],
        [
          -6.3622902501947465e-09,
          -2.4954629473938894e-09,
          1.0,
          1.700000286102295
        ],
        [
          0.0,
          0.0,
          0.0,
          1.0
        ]
      ],
      "matrix_ego_from_sensor_bevfusion": [
        [
          4.888879630016163e-07,
          6.3101088798589444e-09,
          -1.0,
          -1.5500049591064453
        ],
        [
          1.0000001192092896,
          -1.4501726486315647e-09,
          5.15339763751399e-07,
          0.0
        ],
        [
          -2.4954629473938894e-09,
          -1.0,
          -6.3622902501947465e-09,
          1.700000286102295
        ],
        [
          0.0,
          0.0,
          0.0,
          1.0
        ]
      ],
      "camera_intrinsics": [
        [
          685.5110473632812,
          0.0,
          480.0
        ],
        [
          0.0,
          685.5110473632812,
          270.0
        ],
        [
          0.0,
          0.0,
          1.0
        ]
      ],
      "data_path": "D:\\Agent-AI\\outputs\\s3a_ml_long_v2\\sample_000042\\images\\CAM_BACK.png",
      "raw_layout": "bgra8"
    },
    "CAM_BACK_LEFT": {
      "type_id": "sensor.camera.rgb",
      "blueprint_attributes": {
        "role_name": "front",
        "ros_name": "sensor.camera.rgb",
        "chromatic_aberration_offset": "0.0",
        "sensor_tick": "0.100000",
        "fstop": "1.4",
        "image_size_x": "960",
        "image_size_y": "540",
        "fov": "70.00",
        "lens_circle_falloff": "5.0",
        "lens_circle_multiplier": "0.0",
        "exposure_compensation": "0.0",
        "lens_y_size": "0.08",
        "lens_k": "-1.0",
        "exposure_mode": "histogram",
        "lens_kcube": "0.0",
        "lens_x_size": "0.08",
        "exposure_max_bright": "12.0",
        "shutter_speed": "200.0",
        "bloom_intensity": "0.675",
        "iso": "100.0",
        "enable_postprocess_effects": "false",
        "gamma": "2.2",
        "motion_blur_intensity": "0.0",
        "motion_blur_max_distortion": "0.35",
        "lens_flare_intensity": "0.1",
        "motion_blur_min_object_screen_size": "0.1",
        "exposure_min_bright": "10.0",
        "exposure_speed_up": "3.0",
        "exposure_speed_down": "1.0",
        "tint": "0.0",
        "calibration_constant": "16.0",
        "focal_distance": "1000.0",
        "min_fstop": "1.2",
        "blade_count": "5",
        "blur_amount": "0.0",
        "blur_radius": "0.0",
        "slope": "0.88",
        "toe": "0.55",
        "white_clip": "0.04",
        "shoulder": "0.26",
        "black_clip": "0.0",
        "temp": "6500.0",
        "chromatic_aberration_intensity": "0.0"
      },
      "transform_carla": {
        "location": {
          "x": 96.79729461669922,
          "y": -48.52764892578125,
          "z": 1.7054860591888428
        },
        "rotation": {
          "roll": -0.28692683577537537,
          "pitch": 0.6331107020378113,
          "yaw": 105.27056121826172
        }
      },
      "matrix_world_from_sensor_carla": [
        [
          -0.263361394405365,
          -0.9646661281585693,
          0.007741175591945648,
          96.79729461669922
        ],
        [
          0.9646339416503906,
          -0.2634275257587433,
          -0.009340435266494751,
          -48.52764892578125
        ],
        [
          0.01104964129626751,
          0.005007491447031498,
          0.9999264478683472,
          1.7054860591888428
        ],
        [
          0.0,
          0.0,
          0.0,
          1.0
        ]
      ],
      "matrix_world_from_sensor_bevfusion": [
        [
          -0.9646661281585693,
          -0.007741175591945648,
          -0.263361394405365,
          96.79729461669922
        ],
        [
          0.2634275257587433,
          -0.009340435266494751,
          -0.9646339416503906,
          48.52764892578125
        ],
        [
          0.005007491447031498,
          -0.9999264478683472,
          0.01104964129626751,
          1.7054860591888428
        ],
        [
          0.0,
          0.0,
          0.0,
          1.0
        ]
      ],
      "matrix_ego_from_sensor_carla": [
        [
          -0.5735760927200317,
          0.819152295589447,
          2.452309821876497e-08,
          -1.3000049591064453
        ],
        [
          -0.819152295589447,
          -0.5735760927200317,
          -1.0367503477937134e-07,
          -0.5499954223632812
        ],
        [
          -7.046057959314567e-08,
          -7.913600796882747e-08,
          1.0000001192092896,
          1.700000286102295
        ],
        [
          0.0,
          0.0,
          0.0,
          1.0
        ]
      ],
      "matrix_ego_from_sensor_bevfusion": [
        [
          0.819152295589447,
          -2.452309821876497e-08,
          -0.5735760927200317,
          -1.3000049591064453
        ],
        [
          0.5735760927200317,
          -1.0367503477937134e-07,
          0.819152295589447,
          0.5499954223632812
        ],
        [
          -7.913600796882747e-08,
          -1.0000001192092896,
          -7.046057959314567e-08,
          1.700000286102295
        ],
        [
          0.0,
          0.0,
          0.0,
          1.0
        ]
      ],
      "camera_intrinsics": [
        [
          685.5110473632812,
          0.0,
          480.0
        ],
        [
          0.0,
          685.5110473632812,
          270.0
        ],
        [
          0.0,
          0.0,
          1.0
        ]
      ],
      "data_path": "D:\\Agent-AI\\outputs\\s3a_ml_long_v2\\sample_000042\\images\\CAM_BACK_LEFT.png",
      "raw_layout": "bgra8"
    },
    "CAM_BACK_RIGHT": {
      "type_id": "sensor.camera.rgb",
      "blueprint_attributes": {
        "role_name": "front",
        "ros_name": "sensor.camera.rgb",
        "chromatic_aberration_offset": "0.0",
        "sensor_tick": "0.100000",
        "fstop": "1.4",
        "image_size_x": "960",
        "image_size_y": "540",
        "fov": "70.00",
        "lens_circle_falloff": "5.0",
        "lens_circle_multiplier": "0.0",
        "exposure_compensation": "0.0",
        "lens_y_size": "0.08",
        "lens_k": "-1.0",
        "exposure_mode": "histogram",
        "lens_kcube": "0.0",
        "lens_x_size": "0.08",
        "exposure_max_bright": "12.0",
        "shutter_speed": "200.0",
        "bloom_intensity": "0.675",
        "iso": "100.0",
        "enable_postprocess_effects": "false",
        "gamma": "2.2",
        "motion_blur_intensity": "0.0",
        "motion_blur_max_distortion": "0.35",
        "lens_flare_intensity": "0.1",
        "motion_blur_min_object_screen_size": "0.1",
        "exposure_min_bright": "10.0",
        "exposure_speed_up": "3.0",
        "exposure_speed_down": "1.0",
        "tint": "0.0",
        "calibration_constant": "16.0",
        "focal_distance": "1000.0",
        "min_fstop": "1.2",
        "blade_count": "5",
        "blur_amount": "0.0",
        "blur_radius": "0.0",
        "slope": "0.88",
        "toe": "0.55",
        "white_clip": "0.04",
        "shoulder": "0.26",
        "black_clip": "0.0",
        "temp": "6500.0",
        "chromatic_aberration_intensity": "0.0"
      },
      "transform_carla": {
        "location": {
          "x": 97.64324188232422,
          "y": -49.23064422607422,
          "z": 1.6923699378967285
        },
        "rotation": {
          "roll": -0.4968196749687195,
          "pitch": -0.4861455261707306,
          "yaw": -4.725782871246338
        }
      },
      "matrix_world_from_sensor_carla": [
        [
          0.996564507484436,
          0.08245719969272614,
          0.007741196546703577,
          97.64324188232422
        ],
        [
          -0.08238401263952255,
          0.99655681848526,
          -0.0093405582010746,
          -49.23064422607422
        ],
        [
          -0.008484738878905773,
          0.008670718409121037,
          0.9999263882637024,
          1.6923699378967285
        ],
        [
          0.0,
          0.0,
          0.0,
          1.0
        ]
      ],
      "matrix_world_from_sensor_bevfusion": [
        [
          0.08245719969272614,
          -0.007741196546703577,
          0.996564507484436,
          97.64324188232422
        ],
        [
          -0.99655681848526,
          -0.0093405582010746,
          0.08238401263952255,
          49.23064422607422
        ],
        [
          0.008670718409121037,
          -0.9999263882637024,
          -0.008484738878905773,
          1.6923699378967285
        ],
        [
          0.0,
          0.0,
          0.0,
          1.0
        ]
      ],
      "matrix_ego_from_sensor_carla": [
        [
          -0.5735762715339661,
          -0.8191521763801575,
          1.0614709111678167e-07,
          -1.3000049591064453
        ],
        [
          0.8191522359848022,
          -0.5735762715339661,
          -7.96943044889531e-09,
          0.5500030517578125
        ],
        [
          6.807105279449388e-08,
          8.216252922466083e-08,
          1.0,
          1.700000286102295
        ],
        [
          0.0,
          0.0,
          0.0,
          1.0
        ]
      ],
      "matrix_ego_from_sensor_bevfusion": [
        [
          -0.8191521763801575,
          -1.0614709111678167e-07,
          -0.5735762715339661,
          -1.3000049591064453
        ],
        [
          0.5735762715339661,
          -7.96943044889531e-09,
          -0.8191522359848022,
          -0.5500030517578125
        ],
        [
          8.216252922466083e-08,
          -1.0,
          6.807105279449388e-08,
          1.700000286102295
        ],
        [
          0.0,
          0.0,
          0.0,
          1.0
        ]
      ],
      "camera_intrinsics": [
        [
          685.5110473632812,
          0.0,
          480.0
        ],
        [
          0.0,
          685.5110473632812,
          270.0
        ],
        [
          0.0,
          0.0,
          1.0
        ]
      ],
      "data_path": "D:\\Agent-AI\\outputs\\s3a_ml_long_v2\\sample_000042\\images\\CAM_BACK_RIGHT.png",
      "raw_layout": "bgra8"
    },
    "LIDAR_TOP": {
      "type_id": "sensor.lidar.ray_cast",
      "blueprint_attributes": {
        "atmosphere_attenuation_rate": "0.004",
        "role_name": "front",
        "noise_seed": "0",
        "upper_fov": "10.0",
        "ros_name": "sensor.lidar.ray_cast",
        "sensor_tick": "0.100000",
        "channels": "32",
        "range": "120.0",
        "points_per_second": "360000",
        "lower_fov": "-30.0",
        "rotation_frequency": "10.000000",
        "horizontal_fov": "360.0",
        "dropoff_general_rate": "0.0",
        "dropoff_intensity_limit": "1.0",
        "noise_stddev": "0.0",
        "dropoff_zero_intensity": "0.0"
      },
      "transform_carla": {
        "location": {
          "x": 96.39324188232422,
          "y": -49.88361740112305,
          "z": 2.195984363555908
        },
        "rotation": {
          "roll": 0.6831908822059631,
          "pitch": -0.12810702621936798,
          "yaw": -129.7286376953125
        }
      },
      "matrix_world_from_sensor_carla": [
        [
          -0.6391506791114807,
          0.7690424919128418,
          0.007741270586848259,
          96.39324188232422
        ],
        [
          -0.769078254699707,
          -0.6390863060951233,
          -0.009340481832623482,
          -49.88361740112305
        ],
        [
          -0.002235887572169304,
          -0.011923618614673615,
          0.9999263882637024,
          2.195984363555908
        ],
        [
          0.0,
          0.0,
          0.0,
          1.0
        ]
      ],
      "matrix_world_from_sensor_bevfusion": [
        [
          -0.6391506791114807,
          -0.7690424919128418,
          0.007741270586848259,
          96.39324188232422
        ],
        [
          0.769078254699707,
          -0.6390863060951233,
          0.009340481832623482,
          49.88361740112305
        ],
        [
          -0.002235887572169304,
          0.011923618614673615,
          0.9999263882637024,
          2.195984363555908
        ],
        [
          0.0,
          0.0,
          0.0,
          1.0
        ]
      ],
      "matrix_ego_from_sensor_carla": [
        [
          1.0,
          -5.221540533284497e-09,
          -2.3681570593403478e-11,
          -3.814697265625e-06
        ],
        [
          1.8564689341360463e-08,
          1.0,
          4.124724450882411e-10,
          0.0
        ],
        [
          3.086932931495312e-10,
          -2.9829916314838556e-10,
          1.0,
          2.200000047683716
        ],
        [
          0.0,
          0.0,
          0.0,
          1.0
        ]
      ],
      "matrix_ego_from_sensor_bevfusion": [
        [
          1.0,
          5.221540533284497e-09,
          -2.3681570593403478e-11,
          -3.814697265625e-06
        ],
        [
          -1.8564689341360463e-08,
          1.0,
          -4.124724450882411e-10,
          0.0
        ],
        [
          3.086932931495312e-10,
          2.9829916314838556e-10,
          1.0,
          2.200000047683716
        ],
        [
          0.0,
          0.0,
          0.0,
          1.0
        ]
      ],
      "data_path": "D:\\Agent-AI\\outputs\\s3a_ml_long_v2\\sample_000042\\lidar\\LIDAR_TOP.npy",
      "raw_layout": [
        "x",
        "y",
        "z",
        "intensity"
      ]
    },
    "RADAR_FRONT": {
      "type_id": "sensor.other.radar",
      "blueprint_attributes": {
        "sensor_tick": "0.100000",
        "role_name": "default",
        "noise_seed": "0",
        "ros_name": "sensor.other.radar",
        "horizontal_fov": "35.0",
        "points_per_second": "1500",
        "vertical_fov": "20.0",
        "range": "120.0"
      },
      "transform_carla": {
        "location": {
          "x": 95.10487365722656,
          "y": -51.40963363647461,
          "z": 0.8916081190109253
        },
        "rotation": {
          "roll": 0.6831908822059631,
          "pitch": -0.12810702621936798,
          "yaw": -129.7286376953125
        }
      },
      "matrix_world_from_sensor_carla": [
        [
          -0.6391506791114807,
          0.7690424919128418,
          0.007741270586848259,
          95.10487365722656
        ],
        [
          -0.769078254699707,
          -0.6390863060951233,
          -0.009340481832623482,
          -51.40963363647461
        ],
        [
          -0.002235887572169304,
          -0.011923618614673615,
          0.9999263882637024,
          0.8916081190109253
        ],
        [
          0.0,
          0.0,
          0.0,
          1.0
        ]
      ],
      "matrix_world_from_sensor_bevfusion": [
        [
          -0.6391506791114807,
          -0.7690424919128418,
          0.007741270586848259,
          95.10487365722656
        ],
        [
          0.769078254699707,
          -0.6390863060951233,
          0.009340481832623482,
          51.40963363647461
        ],
        [
          -0.002235887572169304,
          0.011923618614673615,
          0.9999263882637024,
          0.8916081190109253
        ],
        [
          0.0,
          0.0,
          0.0,
          1.0
        ]
      ],
      "matrix_ego_from_sensor_carla": [
        [
          1.0,
          -5.221540533284497e-09,
          -2.3681570593403478e-11,
          1.9999980926513672
        ],
        [
          1.8564689341360463e-08,
          1.0,
          4.124724450882411e-10,
          7.62939453125e-06
        ],
        [
          3.086932931495312e-10,
          -2.9829916314838556e-10,
          1.0,
          0.8999998569488525
        ],
        [
          0.0,
          0.0,
          0.0,
          1.0
        ]
      ],
      "matrix_ego_from_sensor_bevfusion": [
        [
          1.0,
          5.221540533284497e-09,
          -2.3681570593403478e-11,
          1.9999980926513672
        ],
        [
          -1.8564689341360463e-08,
          1.0,
          -4.124724450882411e-10,
          -7.62939453125e-06
        ],
        [
          3.086932931495312e-10,
          2.9829916314838556e-10,
          1.0,
          0.8999998569488525
        ],
        [
          0.0,
          0.0,
          0.0,
          1.0
        ]
      ],
      "data_path": "D:\\Agent-AI\\outputs\\s3a_ml_long_v2\\sample_000042\\radar\\RADAR_FRONT.npy",
      "raw_layout": [
        "velocity",
        "altitude",
        "azimuth",
        "depth"
      ]
    },
    "RADAR_FRONT_LEFT": {
      "type_id": "sensor.other.radar",
      "blueprint_attributes": {
        "sensor_tick": "0.100000",
        "role_name": "default",
        "noise_seed": "0",
        "ros_name": "sensor.other.radar",
        "horizontal_fov": "35.0",
        "points_per_second": "1500",
        "vertical_fov": "20.0",
        "range": "120.0"
      },
      "transform_carla": {
        "location": {
          "x": 94.75179290771484,
          "y": -50.66114044189453,
          "z": 0.9013333916664124
        },
        "rotation": {
          "roll": 0.5736885666847229,
          "pitch": 0.3924899697303772,
          "yaw": -174.72592163085938
        }
      },
      "matrix_world_from_sensor_carla": [
        [
          -0.9957430362701416,
          0.09184714406728745,
          0.007741203531622887,
          94.75179290771484
        ],
        [
          -0.09191788733005524,
          -0.9957228302955627,
          -0.009340559132397175,
          -50.66114044189453
        ],
        [
          0.006850188598036766,
          -0.010012351907789707,
          0.9999263882637024,
          0.9013333916664124
        ],
        [
          0.0,
          0.0,
          0.0,
          1.0
        ]
      ],
      "matrix_world_from_sensor_bevfusion": [
        [
          -0.9957430362701416,
          -0.09184714406728745,
          0.007741203531622887,
          94.75179290771484
        ],
        [
          0.09191788733005524,
          -0.9957228302955627,
          0.009340559132397175,
          50.66114044189453
        ],
        [
          0.006850188598036766,
          0.010012351907789707,
          0.9999263882637024,
          0.9013333916664124
        ],
        [
          0.0,
          0.0,
          0.0,
          1.0
        ]
      ],
      "matrix_ego_from_sensor_carla": [
        [
          0.7071066498756409,
          0.7071070671081543,
          1.0218897017466588e-07,
          1.6499996185302734
        ],
        [
          -0.7071070075035095,
          0.7071067094802856,
          -2.3814952232470432e-09,
          -0.7500076293945312
        ],
        [
          -7.497192910932426e-08,
          -7.00955240517942e-08,
          1.0,
          0.8999998569488525
        ],
        [
          0.0,
          0.0,
          0.0,
          1.0
        ]
      ],
      "matrix_ego_from_sensor_bevfusion": [
        [
          0.7071066498756409,
          -0.7071070671081543,
          1.0218897017466588e-07,
          1.6499996185302734
        ],
        [
          0.7071070075035095,
          0.7071067094802856,
          2.3814952232470432e-09,
          0.7500076293945312
        ],
        [
          -7.497192910932426e-08,
          7.00955240517942e-08,
          1.0,
          0.8999998569488525
        ],
        [
          0.0,
          0.0,
          0.0,
          1.0
        ]
      ],
      "data_path": "D:\\Agent-AI\\outputs\\s3a_ml_long_v2\\sample_000042\\radar\\RADAR_FRONT_LEFT.npy",
      "raw_layout": [
        "velocity",
        "altitude",
        "azimuth",
        "depth"
      ]
    },
    "RADAR_FRONT_RIGHT": {
      "type_id": "sensor.other.radar",
      "blueprint_attributes": {
        "sensor_tick": "0.100000",
        "role_name": "default",
        "noise_seed": "0",
        "ros_name": "sensor.other.radar",
        "horizontal_fov": "35.0",
        "points_per_second": "1500",
        "vertical_fov": "20.0",
