{
  "schema_version": "stage1.v1",
  "sample_name": "sample_000079",
  "sequence_index": 79,
  "previous_sample_name": "sample_000078",
  "frame_id": 60080,
  "timestamp": 442.91970086842775,
  "platform_timestamp": 16814597.9941989,
  "delta_seconds": 0.10000000149011612,
  "town": "Carla/Maps/Town10HD_Opt",
  "weather": {
    "cloudiness": 20.0,
    "dust_storm": 0.0,
    "fog_density": 2.0,
    "fog_distance": 0.75,
    "fog_falloff": 0.10000000149011612,
    "mie_scattering_scale": 0.029999999329447746,
    "precipitation": 0.0,
    "precipitation_deposits": 0.0,
    "rayleigh_scattering_scale": 0.03310000151395798,
    "scattering_intensity": 1.0,
    "sun_altitude_angle": 45.0,
    "sun_azimuth_angle": 300.0,
    "wetness": 0.0,
    "wind_intensity": 10.0
  },
  "sensor_names": [
    "CAM_FRONT",
    "CAM_FRONT_RIGHT",
    "CAM_FRONT_LEFT",
    "CAM_BACK",
    "CAM_BACK_LEFT",
    "CAM_BACK_RIGHT",
    "LIDAR_TOP",
    "RADAR_FRONT",
    "RADAR_FRONT_LEFT",
    "RADAR_FRONT_RIGHT",
    "RADAR_BACK_LEFT",
    "RADAR_BACK_RIGHT"
  ],
  "camera_order_for_model": [
    "CAM_FRONT",
    "CAM_FRONT_RIGHT",
    "CAM_FRONT_LEFT",
    "CAM_BACK",
    "CAM_BACK_LEFT",
    "CAM_BACK_RIGHT"
  ],
  "radar_order_for_model": [
    "RADAR_FRONT",
    "RADAR_FRONT_LEFT",
    "RADAR_FRONT_RIGHT",
    "RADAR_BACK_LEFT",
    "RADAR_BACK_RIGHT"
  ],
  "coordinate_notes": {
    "carla_world": "left-handed x-forward y-right z-up",
    "bevfusion_lidar": "x-forward y-left z-up",
    "camera_frame_for_model": "OpenCV style x-right y-down z-forward"
  },
  "ego": {
    "actor_id": 28,
    "transform_carla": {
      "location": {
        "x": 79.39879608154297,
        "y": -61.58372116088867,
        "z": -0.004892120137810707
      },
      "rotation": {
        "roll": 0.12385636568069458,
        "pitch": 0.10602501779794693,
        "yaw": -158.80099487304688
      }
    },
    "velocity_carla": [
      -3.3413522243499756,
      -1.1442614793777466,
      -6.0272213886491954e-06
    ],
    "angular_velocity_carla": [
      -0.5050417184829712,
      1.1385453939437866,
      -5.36785888671875
    ],
    "matrix_world_from_ego_carla": [
      [
        -0.932328462600708,
        0.3616037964820862,
        0.0025069471448659897,
        79.39879608154297
      ],
      [
        -0.36160773038864136,
        -0.9323293566703796,
        -0.0013462684582918882,
        -61.58372116088867
      ],
      [
        0.001850484637543559,
        -0.0021616960875689983,
        0.9999959468841553,
        -0.004892120137810707
      ],
      [
        0.0,
        0.0,
        0.0,
        1.0
      ]
    ],
    "matrix_world_from_ego_bevfusion": [
      [
        -0.932328462600708,
        -0.3616037964820862,
        0.0025069471448659897,
        79.39879608154297
      ],
      [
        0.36160773038864136,
        -0.9323293566703796,
        0.0013462684582918882,
        61.58372116088867
      ],
      [
        0.001850484637543559,
        0.0021616960875689983,
        0.9999959468841553,
        -0.004892120137810707
      ],
      [
        0.0,
        0.0,
        0.0,
        1.0
      ]
    ]
  },
  "sensors": {
    "CAM_FRONT": {
      "type_id": "sensor.camera.rgb",
      "blueprint_attributes": {
        "role_name": "front",
        "ros_name": "sensor.camera.rgb",
        "chromatic_aberration_offset": "0.0",
        "sensor_tick": "0.100000",
        "fstop": "1.4",
        "image_size_x": "960",
        "image_size_y": "540",
        "fov": "70.00",
        "lens_circle_falloff": "5.0",
        "lens_circle_multiplier": "0.0",
        "exposure_compensation": "0.0",
        "lens_y_size": "0.08",
        "lens_k": "-1.0",
        "exposure_mode": "histogram",
        "lens_kcube": "0.0",
        "lens_x_size": "0.08",
        "exposure_max_bright": "12.0",
        "shutter_speed": "200.0",
        "bloom_intensity": "0.675",
        "iso": "100.0",
        "enable_postprocess_effects": "false",
        "gamma": "2.2",
        "motion_blur_intensity": "0.0",
        "motion_blur_max_distortion": "0.35",
        "lens_flare_intensity": "0.1",
        "motion_blur_min_object_screen_size": "0.1",
        "exposure_min_bright": "10.0",
        "exposure_speed_up": "3.0",
        "exposure_speed_down": "1.0",
        "tint": "0.0",
        "calibration_constant": "16.0",
        "focal_distance": "1000.0",
        "min_fstop": "1.2",
        "blade_count": "5",
        "blur_amount": "0.0",
        "blur_radius": "0.0",
        "slope": "0.88",
        "toe": "0.55",
        "white_clip": "0.04",
        "shoulder": "0.26",
        "black_clip": "0.0",
        "temp": "6500.0",
        "chromatic_aberration_intensity": "0.0"
      },
      "transform_carla": {
        "location": {
          "x": 77.95795440673828,
          "y": -62.1464958190918,
          "z": 1.6979691982269287
        },
        "rotation": {
          "roll": 0.12385636568069458,
          "pitch": 0.10602501779794693,
          "yaw": -158.80099487304688
        }
      },
      "matrix_world_from_sensor_carla": [
        [
          -0.932328462600708,
          0.3616037964820862,
          0.0025069471448659897,
          77.95795440673828
        ],
        [
          -0.36160773038864136,
          -0.9323293566703796,
          -0.0013462684582918882,
          -62.1464958190918
        ],
        [
          0.001850484637543559,
          -0.0021616960875689983,
          0.9999959468841553,
          1.6979691982269287
        ],
        [
          0.0,
          0.0,
          0.0,
          1.0
        ]
      ],
      "matrix_world_from_sensor_bevfusion": [
        [
          0.3616037964820862,
          -0.0025069471448659897,
          -0.932328462600708,
          77.95795440673828
        ],
        [
          0.9323293566703796,
          -0.0013462684582918882,
          0.36160773038864136,
          62.1464958190918
        ],
        [
          -0.0021616960875689983,
          -0.9999959468841553,
          0.001850484637543559,
          1.6979691982269287
        ],
        [
          0.0,
          0.0,
          0.0,
          1.0
        ]
      ],
      "matrix_ego_from_sensor_carla": [
        [
          0.9999999403953552,
          3.4384703972989428e-09,
          -4.9648007927061144e-11,
          1.5499916076660156
        ],
        [
          5.455705665013966e-09,
          1.0,
          1.4686990512657871e-10,
          0.0
        ],
        [
          1.8318263572680848e-10,
          -8.595979483771998e-11,
          1.0,
          1.7000000476837158
        ],
        [
          0.0,
          0.0,
          0.0,
          1.0
        ]
      ],
      "matrix_ego_from_sensor_bevfusion": [
        [
          3.4384703972989428e-09,
          4.9648007927061144e-11,
          0.9999999403953552,
          1.5499916076660156
        ],
        [
          -1.0,
          1.4686990512657871e-10,
          -5.455705665013966e-09,
          0.0
        ],
        [
          -8.595979483771998e-11,
          -1.0,
          1.8318263572680848e-10,
          1.7000000476837158
        ],
        [
          0.0,
          0.0,
          0.0,
          1.0
        ]
      ],
      "camera_intrinsics": [
        [
          685.5110473632812,
          0.0,
          480.0
        ],
        [
          0.0,
          685.5110473632812,
          270.0
        ],
        [
          0.0,
          0.0,
          1.0
        ]
      ],
      "data_path": "D:\\Agent-AI\\outputs\\s3a_ml_long_v2\\sample_000079\\images\\CAM_FRONT.png",
      "raw_layout": "bgra8"
    },
    "CAM_FRONT_RIGHT": {
      "type_id": "sensor.camera.rgb",
      "blueprint_attributes": {
        "role_name": "front",
        "ros_name": "sensor.camera.rgb",
        "chromatic_aberration_offset": "0.0",
        "sensor_tick": "0.100000",
        "fstop": "1.4",
        "image_size_x": "960",
        "image_size_y": "540",
        "fov": "70.00",
        "lens_circle_falloff": "5.0",
        "lens_circle_multiplier": "0.0",
        "exposure_compensation": "0.0",
        "lens_y_size": "0.08",
        "lens_k": "-1.0",
        "exposure_mode": "histogram",
        "lens_kcube": "0.0",
        "lens_x_size": "0.08",
        "exposure_max_bright": "12.0",
        "shutter_speed": "200.0",
        "bloom_intensity": "0.675",
        "iso": "100.0",
        "enable_postprocess_effects": "false",
        "gamma": "2.2",
        "motion_blur_intensity": "0.0",
        "motion_blur_max_distortion": "0.35",
        "lens_flare_intensity": "0.1",
        "motion_blur_min_object_screen_size": "0.1",
        "exposure_min_bright": "10.0",
        "exposure_speed_up": "3.0",
        "exposure_speed_down": "1.0",
        "tint": "0.0",
        "calibration_constant": "16.0",
        "focal_distance": "1000.0",
        "min_fstop": "1.2",
        "blade_count": "5",
        "blur_amount": "0.0",
        "blur_radius": "0.0",
        "slope": "0.88",
        "toe": "0.55",
        "white_clip": "0.04",
        "shoulder": "0.26",
        "black_clip": "0.0",
        "temp": "6500.0",
        "chromatic_aberration_intensity": "0.0"
      },
      "transform_carla": {
        "location": {
          "x": 78.3899154663086,
          "y": -62.56888198852539,
          "z": 1.6963176727294922
        },
        "rotation": {
          "roll": 0.15789172053337097,
          "pitch": -0.04064645245671272,
          "yaw": -103.80118560791016
        }
      },
      "matrix_world_from_sensor_carla": [
        [
          -0.2385534793138504,
          0.971126139163971,
          0.0025069345720112324,
          78.3899154663086
        ],
        [
          -0.9711291193962097,
          -0.23855073750019073,
          -0.0013463189825415611,
          -62.56888198852539
        ],
        [
          -0.0007094143657013774,
          -0.002755726221948862,
          0.9999959468841553,
          1.6963176727294922
        ],
        [
          0.0,
          0.0,
          0.0,
          1.0
        ]
      ],
      "matrix_world_from_sensor_bevfusion": [
        [
          0.971126139163971,
          -0.0025069345720112324,
          -0.2385534793138504,
          78.3899154663086
        ],
        [
          0.23855073750019073,
          -0.0013463189825415611,
          0.9711291193962097,
          62.56888198852539
        ],
        [
          -0.002755726221948862,
          -0.9999959468841553,
          -0.0007094143657013774,
          1.6963176727294922
        ],
        [
          0.0,
          0.0,
          0.0,
          1.0
        ]
      ],
      "matrix_ego_from_sensor_carla": [
        [
          0.5735767483711243,
          -0.8191519379615784,
          2.986908853586101e-08,
          1.2999992370605469
        ],
        [
          0.8191518783569336,
          0.5735767483711243,
          4.2754876972139755e-08,
          0.5499954223632812
        ],
        [
          -5.183986218071368e-08,
          2.262373621775282e-10,
          1.0,
          1.7000000476837158
        ],
        [
          0.0,
          0.0,
          0.0,
          1.0
        ]
      ],
      "matrix_ego_from_sensor_bevfusion": [
        [
          -0.8191519379615784,
          -2.986908853586101e-08,
          0.5735767483711243,
          1.2999992370605469
        ],
        [
          -0.5735767483711243,
          4.2754876972139755e-08,
          -0.8191518783569336,
          -0.5499954223632812
        ],
        [
          2.262373621775282e-10,
          -1.0,
          -5.183986218071368e-08,
          1.7000000476837158
        ],
        [
          0.0,
          0.0,
          0.0,
          1.0
        ]
      ],
      "camera_intrinsics": [
        [
          685.5110473632812,
          0.0,
          480.0
        ],
        [
          0.0,
          685.5110473632812,
          270.0
        ],
        [
          0.0,
          0.0,
          1.0
        ]
      ],
      "data_path": "D:\\Agent-AI\\outputs\\s3a_ml_long_v2\\sample_000079\\images\\CAM_FRONT_RIGHT.png",
      "raw_layout": "bgra8"
    },
    "CAM_FRONT_LEFT": {
      "type_id": "sensor.camera.rgb",
      "blueprint_attributes": {
        "role_name": "front",
        "ros_name": "sensor.camera.rgb",
        "chromatic_aberration_offset": "0.0",
        "sensor_tick": "0.100000",
        "fstop": "1.4",
        "image_size_x": "960",
        "image_size_y": "540",
        "fov": "70.00",
        "lens_circle_falloff": "5.0",
        "lens_circle_multiplier": "0.0",
        "exposure_compensation": "0.0",
        "lens_y_size": "0.08",
        "lens_k": "-1.0",
        "exposure_mode": "histogram",
        "lens_kcube": "0.0",
        "lens_x_size": "0.08",
        "exposure_max_bright": "12.0",
        "shutter_speed": "200.0",
        "bloom_intensity": "0.675",
        "iso": "100.0",
        "enable_postprocess_effects": "false",
        "gamma": "2.2",
        "motion_blur_intensity": "0.0",
        "motion_blur_max_distortion": "0.35",
        "lens_flare_intensity": "0.1",
        "motion_blur_min_object_screen_size": "0.1",
        "exposure_min_bright": "10.0",
        "exposure_speed_up": "3.0",
        "exposure_speed_down": "1.0",
        "tint": "0.0",
        "calibration_constant": "16.0",
        "focal_distance": "1000.0",
        "min_fstop": "1.2",
        "blade_count": "5",
        "blur_amount": "0.0",
        "blur_radius": "0.0",
        "slope": "0.88",
        "toe": "0.55",
        "white_clip": "0.04",
        "shoulder": "0.26",
        "black_clip": "0.0",
        "temp": "6500.0",
        "chromatic_aberration_intensity": "0.0"
      },
      "transform_carla": {
        "location": {
          "x": 77.99214935302734,
          "y": -61.54331970214844,
          "z": 1.6986955404281616
        },
        "rotation": {
          "roll": -0.01580970548093319,
          "pitch": 0.1622716188430786,
          "yaw": 146.19883728027344
        }
      },
      "matrix_world_from_sensor_carla": [
        [
          -0.8309698104858398,
          -0.556311845779419,
          0.0025069613475352526,
          77.99214935302734
        ],
        [
          0.5563103556632996,
          -0.8309735059738159,
          -0.0013462802162393928,
          -61.54331970214844
        ],
        [
          0.002832170343026519,
          0.0002759303024504334,
          0.9999959468841553,
          1.6986955404281616
        ],
        [
          0.0,
          0.0,
          0.0,
          1.0
        ]
      ],
      "matrix_world_from_sensor_bevfusion": [
        [
          -0.556311845779419,
          -0.0025069613475352526,
          -0.8309698104858398,
          77.99214935302734
        ],
        [
          0.8309735059738159,
          -0.0013462802162393928,
          -0.5563103556632996,
          61.54331970214844
        ],
        [
          0.0002759303024504334,
          -0.9999959468841553,
          0.002832170343026519,
          1.6986955404281616
        ],
        [
          0.0,
          0.0,
          0.0,
          1.0
        ]
      ],
      "matrix_ego_from_sensor_carla": [
        [
          0.5735759735107422,
          0.8191523551940918,
          -9.130043387983733e-09,
          1.3000030517578125
        ],
        [
          -0.8191524147987366,
          0.5735759139060974,
          1.6212183595598617e-08,
          -0.5499954223632812
        ],
        [
          1.8323207839898714e-08,
          -1.6713502803966662e-09,
          1.0,
          1.6999999284744263
        ],
        [
          0.0,
          0.0,
          0.0,
          1.0
        ]
      ],
      "matrix_ego_from_sensor_bevfusion": [
        [
          0.8191523551940918,
          9.130043387983733e-09,
          0.5735759735107422,
          1.3000030517578125
        ],
        [
          -0.5735759139060974,
          1.6212183595598617e-08,
          0.8191524147987366,
          0.5499954223632812
        ],
        [
          -1.6713502803966662e-09,
          -1.0,
          1.8323207839898714e-08,
          1.6999999284744263
        ],
        [
          0.0,
          0.0,
          0.0,
          1.0
        ]
      ],
      "camera_intrinsics": [
        [
          685.5110473632812,
          0.0,
          480.0
        ],
        [
          0.0,
          685.5110473632812,
          270.0
        ],
        [
          0.0,
          0.0,
          1.0
        ]
      ],
      "data_path": "D:\\Agent-AI\\outputs\\s3a_ml_long_v2\\sample_000079\\images\\CAM_FRONT_LEFT.png",
      "raw_layout": "bgra8"
    },
    "CAM_BACK": {
      "type_id": "sensor.camera.rgb",
      "blueprint_attributes": {
        "role_name": "front",
        "ros_name": "sensor.camera.rgb",
        "chromatic_aberration_offset": "0.0",
        "sensor_tick": "0.100000",
        "fstop": "1.4",
        "image_size_x": "960",
        "image_size_y": "540",
        "fov": "70.00",
        "lens_circle_falloff": "5.0",
        "lens_circle_multiplier": "0.0",
        "exposure_compensation": "0.0",
        "lens_y_size": "0.08",
        "lens_k": "-1.0",
        "exposure_mode": "histogram",
        "lens_kcube": "0.0",
        "lens_x_size": "0.08",
        "exposure_max_bright": "12.0",
        "shutter_speed": "200.0",
        "bloom_intensity": "0.675",
        "iso": "100.0",
        "enable_postprocess_effects": "false",
        "gamma": "2.2",
        "motion_blur_intensity": "0.0",
        "motion_blur_max_distortion": "0.35",
        "lens_flare_intensity": "0.1",
        "motion_blur_min_object_screen_size": "0.1",
        "exposure_min_bright": "10.0",
        "exposure_speed_up": "3.0",
        "exposure_speed_down": "1.0",
        "tint": "0.0",
        "calibration_constant": "16.0",
        "focal_distance": "1000.0",
        "min_fstop": "1.2",
        "blade_count": "5",
        "blur_amount": "0.0",
        "blur_radius": "0.0",
        "slope": "0.88",
        "toe": "0.55",
        "white_clip": "0.04",
        "shoulder": "0.26",
        "black_clip": "0.0",
        "temp": "6500.0",
        "chromatic_aberration_intensity": "0.0"
      },
      "transform_carla": {
        "location": {
          "x": 80.8481674194336,
          "y": -61.025516510009766,
          "z": 1.692232608795166
        },
        "rotation": {
          "roll": -0.12385637313127518,
          "pitch": -0.10602501779794693,
          "yaw": 21.19900894165039
        }
      },
      "matrix_world_from_sensor_carla": [
        [
          0.932328462600708,
          -0.36160388588905334,
          0.0025069473776966333,
          80.8481674194336
        ],
        [
          0.3616078197956085,
          0.9323293566703796,
          -0.0013462684582918882,
          -61.025516510009766
        ],
        [
          -0.001850484637543559,
          0.0021616960875689983,
          0.9999959468841553,
          1.692232608795166
        ],
        [
          0.0,
          0.0,
          0.0,
          1.0
        ]
      ],
      "matrix_world_from_sensor_bevfusion": [
        [
          -0.36160388588905334,
          -0.0025069473776966333,
          0.932328462600708,
          80.8481674194336
        ],
        [
          -0.9323293566703796,
          -0.0013462684582918882,
          -0.3616078197956085,
          61.025516510009766
        ],
        [
          0.0021616960875689983,
          -0.9999959468841553,
          -0.001850484637543559,
          1.692232608795166
        ],
        [
          0.0,
          0.0,
          0.0,
          1.0
        ]
      ],
      "matrix_ego_from_sensor_carla": [
        [
          -1.0,
          8.596849454534095e-08,
          -2.8247865158093077e-10,
          -1.5500030517578125
        ],
        [
          -8.881225710410945e-08,
          -1.0,
          1.4686990512657871e-10,
          0.0
        ],
        [
          -2.995979575537433e-10,
          -1.4687084881614965e-10,
          1.0,
          1.6999999284744263
        ],
        [
          0.0,
          0.0,
          0.0,
          1.0
        ]
      ],
      "matrix_ego_from_sensor_bevfusion": [
        [
          8.596849454534095e-08,
          2.8247865158093077e-10,
          -1.0,
          -1.5500030517578125
        ],
        [
          1.0,
          1.4686990512657871e-10,
          8.881225710410945e-08,
          0.0
        ],
        [
          -1.4687084881614965e-10,
          -1.0,
          -2.995979575537433e-10,
          1.6999999284744263
        ],
        [
          0.0,
          0.0,
          0.0,
          1.0
        ]
      ],
      "camera_intrinsics": [
        [
          685.5110473632812,
          0.0,
          480.0
        ],
        [
          0.0,
          685.5110473632812,
          270.0
        ],
        [
          0.0,
          0.0,
          1.0
        ]
      ],
      "data_path": "D:\\Agent-AI\\outputs\\s3a_ml_long_v2\\sample_000079\\images\\CAM_BACK.png",
      "raw_layout": "bgra8"
    },
    "CAM_BACK_LEFT": {
      "type_id": "sensor.camera.rgb",
      "blueprint_attributes": {
        "role_name": "front",
        "ros_name": "sensor.camera.rgb",
        "chromatic_aberration_offset": "0.0",
        "sensor_tick": "0.100000",
        "fstop": "1.4",
        "image_size_x": "960",
        "image_size_y": "540",
        "fov": "70.00",
        "lens_circle_falloff": "5.0",
        "lens_circle_multiplier": "0.0",
        "exposure_compensation": "0.0",
        "lens_y_size": "0.08",
        "lens_k": "-1.0",
        "exposure_mode": "histogram",
        "lens_kcube": "0.0",
        "lens_x_size": "0.08",
        "exposure_max_bright": "12.0",
        "shutter_speed": "200.0",
        "bloom_intensity": "0.675",
        "iso": "100.0",
        "enable_postprocess_effects": "false",
        "gamma": "2.2",
        "motion_blur_intensity": "0.0",
        "motion_blur_max_distortion": "0.35",
        "lens_flare_intensity": "0.1",
        "motion_blur_min_object_screen_size": "0.1",
        "exposure_min_bright": "10.0",
        "exposure_speed_up": "3.0",
        "exposure_speed_down": "1.0",
        "tint": "0.0",
        "calibration_constant": "16.0",
        "focal_distance": "1000.0",
        "min_fstop": "1.2",
        "blade_count": "5",
        "blur_amount": "0.0",
        "blur_radius": "0.0",
        "slope": "0.88",
        "toe": "0.55",
        "white_clip": "0.04",
        "shoulder": "0.26",
        "black_clip": "0.0",
        "temp": "6500.0",
        "chromatic_aberration_intensity": "0.0"
      },
      "transform_carla": {
        "location": {
          "x": 80.41620635986328,
          "y": -60.6031379699707,
          "z": 1.693884253501892
        },
        "rotation": {
          "roll": -0.15789170563220978,
          "pitch": 0.04064645245671272,
          "yaw": 76.19879913330078
        }
      },
      "matrix_world_from_sensor_carla": [
        [
          0.2385537475347519,
          -0.9711260795593262,
          0.0025069338735193014,
          80.41620635986328
        ],
        [
          0.9711290597915649,
          0.23855100572109222,
          -0.0013463195646181703,
          -60.6031379699707
        ],
        [
          0.0007094143657013774,
          0.0027557259891182184,
          0.9999959468841553,
          1.693884253501892
        ],
        [
          0.0,
          0.0,
          0.0,
          1.0
        ]
      ],
      "matrix_world_from_sensor_bevfusion": [
        [
          -0.9711260795593262,
          -0.0025069338735193014,
          0.2385537475347519,
          80.41620635986328
        ],
        [
          -0.23855100572109222,
          -0.0013463195646181703,
          -0.9711290597915649,
          60.6031379699707
        ],
        [
          0.0027557259891182184,
          -0.9999959468841553,
          0.0007094143657013774,
          1.693884253501892
        ],
        [
          0.0,
          0.0,
          0.0,
          1.0
        ]
      ],
      "matrix_ego_from_sensor_carla": [
        [
          -0.5735769867897034,
          0.8191518187522888,
          3.0683995788649554e-08,
          -1.2999992370605469
        ],
        [
          -0.819151759147644,
          -0.5735769271850586,
          4.2987707615793624e-08,
          -0.5500030517578125
        ],
        [
          5.259656177258876e-08,
          -6.918977057956965e-10,
          1.0,
          1.6999999284744263
        ],
        [
          0.0,
          0.0,
          0.0,
          1.0
        ]
      ],
      "matrix_ego_from_sensor_bevfusion": [
        [
          0.8191518187522888,
          -3.0683995788649554e-08,
          -0.5735769867897034,
          -1.2999992370605469
        ],
        [
          0.5735769271850586,
          4.2987707615793624e-08,
          0.819151759147644,
          0.5500030517578125
        ],
        [
          -6.918977057956965e-10,
          -1.0,
          5.259656177258876e-08,
          1.6999999284744263
        ],
        [
          0.0,
          0.0,
          0.0,
          1.0
        ]
      ],
      "camera_intrinsics": [
        [
          685.5110473632812,
          0.0,
          480.0
        ],
        [
          0.0,
          685.5110473632812,
          270.0
        ],
        [
          0.0,
          0.0,
          1.0
        ]
      ],
      "data_path": "D:\\Agent-AI\\outputs\\s3a_ml_long_v2\\sample_000079\\images\\CAM_BACK_LEFT.png",
      "raw_layout": "bgra8"
    },
    "CAM_BACK_RIGHT": {
      "type_id": "sensor.camera.rgb",
      "blueprint_attributes": {
        "role_name": "front",
        "ros_name": "sensor.camera.rgb",
        "chromatic_aberration_offset": "0.0",
        "sensor_tick": "0.100000",
        "fstop": "1.4",
        "image_size_x": "960",
        "image_size_y": "540",
        "fov": "70.00",
        "lens_circle_falloff": "5.0",
        "lens_circle_multiplier": "0.0",
        "exposure_compensation": "0.0",
        "lens_y_size": "0.08",
        "lens_k": "-1.0",
        "exposure_mode": "histogram",
        "lens_kcube": "0.0",
        "lens_x_size": "0.08",
        "exposure_max_bright": "12.0",
        "shutter_speed": "200.0",
        "bloom_intensity": "0.675",
        "iso": "100.0",
        "enable_postprocess_effects": "false",
        "gamma": "2.2",
        "motion_blur_intensity": "0.0",
        "motion_blur_max_distortion": "0.35",
        "lens_flare_intensity": "0.1",
        "motion_blur_min_object_screen_size": "0.1",
        "exposure_min_bright": "10.0",
        "exposure_speed_up": "3.0",
        "exposure_speed_down": "1.0",
        "tint": "0.0",
        "calibration_constant": "16.0",
        "focal_distance": "1000.0",
        "min_fstop": "1.2",
        "blade_count": "5",
        "blur_amount": "0.0",
        "blur_radius": "0.0",
        "slope": "0.88",
        "toe": "0.55",
        "white_clip": "0.04",
        "shoulder": "0.26",
        "black_clip": "0.0",
        "temp": "6500.0",
        "chromatic_aberration_intensity": "0.0"
      },
      "transform_carla": {
        "location": {
          "x": 80.81396484375,
          "y": -61.628700256347656,
          "z": 1.6915065050125122
        },
        "rotation": {
          "roll": 0.015809733420610428,
          "pitch": -0.1622716188430786,
          "yaw": -33.801151275634766
        }
      },
      "matrix_world_from_sensor_carla": [
        [
          0.8309699296951294,
          0.5563116073608398,
          0.00250696181319654,
          80.81396484375
        ],
        [
          -0.5563101172447205,
          0.8309736251831055,
          -0.0013462790520861745,
          -61.628700256347656
        ],
        [
          -0.002832170343026519,
          -0.00027593079721555114,
          0.9999959468841553,
          1.6915065050125122
        ],
        [
          0.0,
          0.0,
          0.0,
          1.0
        ]
      ],
      "matrix_world_from_sensor_bevfusion": [
        [
          0.5563116073608398,
          -0.00250696181319654,
          0.8309699296951294,
          80.81396484375
        ],
        [
          -0.8309736251831055,
          -0.0013462790520861745,
          0.5563101172447205,
          61.628700256347656
        ],
        [
          -0.00027593079721555114,
          -0.9999959468841553,
          -0.002832170343026519,
          1.6915065050125122
        ],
        [
          0.0,
          0.0,
          0.0,
          1.0
        ]
      ],
      "matrix_ego_from_sensor_carla": [
        [
          -0.5735761523246765,
          -0.8191522359848022,
          -9.944950640772277e-09,
          -1.2999954223632812
        ],
        [
          0.819152295589447,
          -0.5735760927200317,
          1.528086102098314e-08,
          0.5500030517578125
        ],
        [
          -1.8323207839898714e-08,
          4.48991399615295e-10,
          1.0,
          1.7000000476837158
        ],
        [
          0.0,
          0.0,
          0.0,
          1.0
        ]
      ],
      "matrix_ego_from_sensor_bevfusion": [
        [
          -0.8191522359848022,
          9.944950640772277e-09,
          -0.5735761523246765,
          -1.2999954223632812
        ],
        [
          0.5735760927200317,
          1.528086102098314e-08,
          -0.819152295589447,
          -0.5500030517578125
        ],
        [
          4.48991399615295e-10,
          -1.0,
          -1.8323207839898714e-08,
          1.7000000476837158
        ],
        [
          0.0,
          0.0,
          0.0,
          1.0
        ]
      ],
      "camera_intrinsics": [
        [
          685.5110473632812,
          0.0,
          480.0
        ],
        [
          0.0,
          685.5110473632812,
          270.0
        ],
        [
          0.0,
          0.0,
          1.0
        ]
      ],
      "data_path": "D:\\Agent-AI\\outputs\\s3a_ml_long_v2\\sample_000079\\images\\CAM_BACK_RIGHT.png",
      "raw_layout": "bgra8"
    },
    "LIDAR_TOP": {
      "type_id": "sensor.lidar.ray_cast",
      "blueprint_attributes": {
        "atmosphere_attenuation_rate": "0.004",
        "role_name": "front",
        "noise_seed": "0",
        "upper_fov": "10.0",
        "ros_name": "sensor.lidar.ray_cast",
        "sensor_tick": "0.100000",
        "channels": "32",
        "range": "120.0",
        "points_per_second": "360000",
        "lower_fov": "-30.0",
        "rotation_frequency": "10.000000",
        "horizontal_fov": "360.0",
        "dropoff_general_rate": "0.0",
        "dropoff_intensity_limit": "1.0",
        "noise_stddev": "0.0",
        "dropoff_zero_intensity": "0.0"
      },
      "transform_carla": {
        "location": {
          "x": 79.40431213378906,
          "y": -61.5866813659668,
          "z": 2.195098876953125
        },
        "rotation": {
          "roll": 0.12385636568069458,
          "pitch": 0.10602501779794693,
          "yaw": -158.80099487304688
        }
      },
      "matrix_world_from_sensor_carla": [
        [
          -0.932328462600708,
          0.3616037964820862,
          0.0025069471448659897,
          79.40431213378906
        ],
        [
          -0.36160773038864136,
          -0.9323293566703796,
          -0.0013462684582918882,
          -61.5866813659668
        ],
        [
          0.001850484637543559,
          -0.0021616960875689983,
          0.9999959468841553,
          2.195098876953125
        ],
        [
          0.0,
          0.0,
          0.0,
          1.0
        ]
      ],
      "matrix_world_from_sensor_bevfusion": [
        [
          -0.932328462600708,
          -0.3616037964820862,
          0.0025069471448659897,
          79.40431213378906
        ],
        [
          0.36160773038864136,
          -0.9323293566703796,
          0.0013462684582918882,
          61.5866813659668
        ],
        [
          0.001850484637543559,
          0.0021616960875689983,
          0.9999959468841553,
          2.195098876953125
        ],
        [
          0.0,
          0.0,
          0.0,
          1.0
        ]
      ],
      "matrix_ego_from_sensor_carla": [
        [
          0.9999999403953552,
          3.4384703972989428e-09,
          -4.9648007927061144e-11,
          -3.814697265625e-06
        ],
        [
          5.455705665013966e-09,
          1.0,
          1.4686990512657871e-10,
          0.0
        ],
        [
          1.8318263572680848e-10,
          -8.595979483771998e-11,
          1.0,
          2.1999998092651367
        ],
        [
          0.0,
          0.0,
          0.0,
          1.0
        ]
      ],
      "matrix_ego_from_sensor_bevfusion": [
        [
          0.9999999403953552,
          -3.4384703972989428e-09,
          -4.9648007927061144e-11,
          -3.814697265625e-06
        ],
        [
          -5.455705665013966e-09,
          1.0,
          -1.4686990512657871e-10,
          0.0
        ],
        [
          1.8318263572680848e-10,
          8.595979483771998e-11,
          1.0,
          2.1999998092651367
        ],
        [
          0.0,
          0.0,
          0.0,
          1.0
        ]
      ],
      "data_path": "D:\\Agent-AI\\outputs\\s3a_ml_long_v2\\sample_000079\\lidar\\LIDAR_TOP.npy",
      "raw_layout": [
        "x",
        "y",
        "z",
        "intensity"
      ]
    },
    "RADAR_FRONT": {
      "type_id": "sensor.other.radar",
      "blueprint_attributes": {
        "sensor_tick": "0.100000",
        "role_name": "default",
        "noise_seed": "0",
        "ros_name": "sensor.other.radar",
        "horizontal_fov": "35.0",
        "points_per_second": "1500",
        "vertical_fov": "20.0",
        "range": "120.0"
      },
      "transform_carla": {
        "location": {
          "x": 77.53639221191406,
          "y": -62.30814743041992,
          "z": 0.8988052010536194
        },
        "rotation": {
          "roll": 0.12385636568069458,
          "pitch": 0.10602501779794693,
          "yaw": -158.80099487304688
        }
      },
      "matrix_world_from_sensor_carla": [
        [
          -0.932328462600708,
          0.3616037964820862,
          0.0025069471448659897,
          77.53639221191406
        ],
        [
          -0.36160773038864136,
          -0.9323293566703796,
          -0.0013462684582918882,
          -62.30814743041992
        ],
        [
          0.001850484637543559,
          -0.0021616960875689983,
          0.9999959468841553,
          0.8988052010536194
        ],
        [
          0.0,
          0.0,
          0.0,
          1.0
        ]
      ],
      "matrix_world_from_sensor_bevfusion": [
        [
          -0.932328462600708,
          -0.3616037964820862,
          0.0025069471448659897,
          77.53639221191406
        ],
        [
          0.36160773038864136,
          -0.9323293566703796,
          0.0013462684582918882,
          62.30814743041992
        ],
        [
          0.001850484637543559,
          0.0021616960875689983,
          0.9999959468841553,
          0.8988052010536194
        ],
        [
          0.0,
          0.0,
          0.0,
          1.0
        ]
      ],
      "matrix_ego_from_sensor_carla": [
        [
          0.9999999403953552,
          3.4384703972989428e-09,
          -4.9648007927061144e-11,
          2.0
        ],
        [
          5.455705665013966e-09,
          1.0,
          1.4686990512657871e-10,
          0.0
        ],
        [
          1.8318263572680848e-10,
          -8.595979483771998e-11,
          1.0,
          0.8999999761581421
        ],
        [
          0.0,
          0.0,
          0.0,
          1.0
        ]
      ],
      "matrix_ego_from_sensor_bevfusion": [
        [
          0.9999999403953552,
          -3.4384703972989428e-09,
          -4.9648007927061144e-11,
          2.0
        ],
        [
          -5.455705665013966e-09,
          1.0,
          -1.4686990512657871e-10,
          0.0
        ],
        [
          1.8318263572680848e-10,
          8.595979483771998e-11,
          1.0,
          0.8999999761581421
        ],
        [
          0.0,
          0.0,
          0.0,
          1.0
        ]
      ],
      "data_path": "D:\\Agent-AI\\outputs\\s3a_ml_long_v2\\sample_000079\\radar\\RADAR_FRONT.npy",
      "raw_layout": [
        "velocity",
        "altitude",
        "azimuth",
        "depth"
      ]
    },
    "RADAR_FRONT_LEFT": {
      "type_id": "sensor.other.radar",
      "blueprint_attributes": {
        "sensor_tick": "0.100000",
        "role_name": "default",
        "noise_seed": "0",
        "ros_name": "sensor.other.radar",
        "horizontal_fov": "35.0",
        "points_per_second": "1500",
        "vertical_fov": "20.0",
        "range": "120.0"
      },
      "transform_carla": {
        "location": {
          "x": 77.59150695800781,
          "y": -61.482337951660156,
          "z": 0.8997787237167358
        },
        "rotation": {
          "roll": 0.012608535587787628,
          "pitch": 0.1625516563653946,
          "yaw": 156.19891357421875
        }
      },
      "matrix_world_from_sensor_carla": [
        [
          -0.9149483442306519,
          -0.4035632312297821,
          0.0025069639086723328,
          77.59150695800781
        ],
        [
          0.4035610258579254,
          -0.9149518013000488,
          -0.001346275326795876,
          -61.482337951660156
        ],
        [
          0.002837057923898101,
          -0.00022005957725923508,
          0.9999959468841553,
          0.8997787237167358
        ],
        [
          0.0,
          0.0,
          0.0,
          1.0
        ]
      ],
      "matrix_world_from_sensor_bevfusion": [
        [
          -0.9149483442306519,
          0.4035632312297821,
          0.0025069639086723328,
          77.59150695800781
        ],
        [
          -0.4035610258579254,
          -0.9149518013000488,
          0.001346275326795876,
          61.482337951660156
        ],
        [
          0.002837057923898101,
          0.00022005957725923508,
          0.9999959468841553,
          0.8997787237167358
        ],
        [
          0.0,
          0.0,
          0.0,
          1.0
        ]
      ],
      "matrix_ego_from_sensor_carla": [
        [
          0.7071068286895752,
          0.7071067690849304,
          -1.3204579651926451e-08,
          1.6499977111816406
        ],
        [
          -0.7071067094802856,
          0.70710688829422,
          1.2486894185315123e-08,
          -0.75
        ],
        [
          1.7837736621117983e-08,
          5.135771807829315e-10,
          1.0,
          0.8999999761581421
        ],
        [
          0.0,
          0.0,
          0.0,
          1.0
        ]
      ],
      "matrix_ego_from_sensor_bevfusion": [
        [
          0.7071068286895752,
          -0.7071067690849304,
          -1.3204579651926451e-08,
          1.6499977111816406
        ],
        [
          0.7071067094802856,
          0.70710688829422,
          -1.2486894185315123e-08,
          0.75
        ],
        [
          1.7837736621117983e-08,
          -5.135771807829315e-10,
          1.0,
          0.8999999761581421
        ],
        [
          0.0,
          0.0,
          0.0,
          1.0
        ]
      ],
      "data_path": "D:\\Agent-AI\\outputs\\s3a_ml_long_v2\\sample_000079\\radar\\RADAR_FRONT_LEFT.npy",
      "raw_layout": [
        "velocity",
        "altitude",
        "azimuth",
        "depth"
      ]
    },
    "RADAR_FRONT_RIGHT": {
      "type_id": "sensor.other.radar",
      "blueprint_attributes": {
        "sensor_tick": "0.100000",
        "role_name": "default",
        "noise_seed": "0",
        "ros_name": "sensor.other.radar",
        "horizontal_fov": "35.0",
        "points_per_second": "1500",
        "vertical_fov": "20.0",
