{
  "schema_version": "stage1.v1",
  "sample_name": "sample_000034",
  "sequence_index": 34,
  "previous_sample_name": "sample_000033",
  "frame_id": 726307,
  "timestamp": 5000.594624768943,
  "platform_timestamp": 16813381.493408,
  "delta_seconds": 0.10000000149011612,
  "town": "Carla/Maps/Town10HD_Opt",
  "weather": {
    "cloudiness": 20.0,
    "dust_storm": 0.0,
    "fog_density": 2.0,
    "fog_distance": 0.75,
    "fog_falloff": 0.10000000149011612,
    "mie_scattering_scale": 0.029999999329447746,
    "precipitation": 0.0,
    "precipitation_deposits": 0.0,
    "rayleigh_scattering_scale": 0.03310000151395798,
    "scattering_intensity": 1.0,
    "sun_altitude_angle": 45.0,
    "sun_azimuth_angle": 300.0,
    "wetness": 0.0,
    "wind_intensity": 10.0
  },
  "sensor_names": [
    "CAM_FRONT",
    "CAM_FRONT_RIGHT",
    "CAM_FRONT_LEFT",
    "CAM_BACK",
    "CAM_BACK_LEFT",
    "CAM_BACK_RIGHT",
    "LIDAR_TOP",
    "RADAR_FRONT",
    "RADAR_FRONT_LEFT",
    "RADAR_FRONT_RIGHT",
    "RADAR_BACK_LEFT",
    "RADAR_BACK_RIGHT"
  ],
  "camera_order_for_model": [
    "CAM_FRONT",
    "CAM_FRONT_RIGHT",
    "CAM_FRONT_LEFT",
    "CAM_BACK",
    "CAM_BACK_LEFT",
    "CAM_BACK_RIGHT"
  ],
  "radar_order_for_model": [
    "RADAR_FRONT",
    "RADAR_FRONT_LEFT",
    "RADAR_FRONT_RIGHT",
    "RADAR_BACK_LEFT",
    "RADAR_BACK_RIGHT"
  ],
  "coordinate_notes": {
    "carla_world": "left-handed x-forward y-right z-up",
    "bevfusion_lidar": "x-forward y-left z-up",
    "camera_frame_for_model": "OpenCV style x-right y-down z-forward"
  },
  "ego": {
    "actor_id": 49,
    "transform_carla": {
      "location": {
        "x": 104.18180084228516,
        "y": -35.790767669677734,
        "z": -0.004475364461541176
      },
      "rotation": {
        "roll": 0.17196209728717804,
        "pitch": -0.006044717039912939,
        "yaw": -106.80174255371094
      }
    },
    "velocity_carla": [
      -1.1077256202697754,
      -2.984161376953125,
      -2.0999908883823082e-05
    ],
    "angular_velocity_carla": [
      -0.785216748714447,
      1.5928255319595337,
      -8.690872192382812
    ],
    "matrix_world_from_ego_carla": [
      [
        -0.28906089067459106,
        0.9573065042495728,
        0.002842681249603629,
        104.18180084228516
      ],
      [
        -0.9573107361793518,
        -0.28905928134918213,
        -0.0009685546392574906,
        -35.790767669677734
      ],
      [
        -0.00010550021397648379,
        -0.003001300385221839,
        0.9999954700469971,
        -0.004475364461541176
      ],
      [
        0.0,
        0.0,
        0.0,
        1.0
      ]
    ],
    "matrix_world_from_ego_bevfusion": [
      [
        -0.28906089067459106,
        -0.9573065042495728,
        0.002842681249603629,
        104.18180084228516
      ],
      [
        0.9573107361793518,
        -0.28905928134918213,
        0.0009685546392574906,
        35.790767669677734
      ],
      [
        -0.00010550021397648379,
        0.003001300385221839,
        0.9999954700469971,
        -0.004475364461541176
      ],
      [
        0.0,
        0.0,
        0.0,
        1.0
      ]
    ]
  },
  "sensors": {
    "CAM_FRONT": {
      "type_id": "sensor.camera.rgb",
      "blueprint_attributes": {
        "role_name": "front",
        "ros_name": "sensor.camera.rgb",
        "chromatic_aberration_offset": "0.0",
        "sensor_tick": "0.100000",
        "fstop": "1.4",
        "image_size_x": "960",
        "image_size_y": "540",
        "fov": "70.00",
        "lens_circle_falloff": "5.0",
        "lens_circle_multiplier": "0.0",
        "exposure_compensation": "0.0",
        "lens_y_size": "0.08",
        "lens_k": "-1.0",
        "exposure_mode": "histogram",
        "lens_kcube": "0.0",
        "lens_x_size": "0.08",
        "exposure_max_bright": "12.0",
        "shutter_speed": "200.0",
        "bloom_intensity": "0.675",
        "iso": "100.0",
        "enable_postprocess_effects": "false",
        "gamma": "2.2",
        "motion_blur_intensity": "0.0",
        "motion_blur_max_distortion": "0.35",
        "lens_flare_intensity": "0.1",
        "motion_blur_min_object_screen_size": "0.1",
        "exposure_min_bright": "10.0",
        "exposure_speed_up": "3.0",
        "exposure_speed_down": "1.0",
        "tint": "0.0",
        "calibration_constant": "16.0",
        "focal_distance": "1000.0",
        "min_fstop": "1.2",
        "blade_count": "5",
        "blur_amount": "0.0",
        "blur_radius": "0.0",
        "slope": "0.88",
        "toe": "0.55",
        "white_clip": "0.04",
        "shoulder": "0.26",
        "black_clip": "0.0",
        "temp": "6500.0",
        "chromatic_aberration_intensity": "0.0"
      },
      "transform_carla": {
        "location": {
          "x": 103.73859405517578,
          "y": -37.2762451171875,
          "z": 1.695353388786316
        },
        "rotation": {
          "roll": 0.17196209728717804,
          "pitch": -0.006044717039912939,
          "yaw": -106.80174255371094
        }
      },
      "matrix_world_from_sensor_carla": [
        [
          -0.28906089067459106,
          0.9573065042495728,
          0.002842681249603629,
          103.73859405517578
        ],
        [
          -0.9573107361793518,
          -0.28905928134918213,
          -0.0009685546392574906,
          -37.2762451171875
        ],
        [
          -0.00010550021397648379,
          -0.003001300385221839,
          0.9999954700469971,
          1.695353388786316
        ],
        [
          0.0,
          0.0,
          0.0,
          1.0
        ]
      ],
      "matrix_world_from_sensor_bevfusion": [
        [
          0.9573065042495728,
          -0.002842681249603629,
          -0.28906089067459106,
          103.73859405517578
        ],
        [
          0.28905928134918213,
          -0.0009685546392574906,
          0.9573107361793518,
          37.2762451171875
        ],
        [
          -0.003001300385221839,
          -0.9999954700469971,
          -0.00010550021397648379,
          1.695353388786316
        ],
        [
          0.0,
          0.0,
          0.0,
          1.0
        ]
      ],
      "matrix_ego_from_sensor_carla": [
        [
          1.0,
          1.4455734387297525e-08,
          3.40777961405081e-11,
          1.549999713897705
        ],
        [
          1.8825496717056467e-09,
          1.0,
          3.244030044591284e-10,
          7.62939453125e-06
        ],
        [
          1.3237378207464623e-11,
          1.4551156113373764e-10,
          1.0,
          1.7000000476837158
        ],
        [
          0.0,
          0.0,
          0.0,
          1.0
        ]
      ],
      "matrix_ego_from_sensor_bevfusion": [
        [
          1.4455734387297525e-08,
          -3.40777961405081e-11,
          1.0,
          1.549999713897705
        ],
        [
          -1.0,
          3.244030044591284e-10,
          -1.8825496717056467e-09,
          -7.62939453125e-06
        ],
        [
          1.4551156113373764e-10,
          -1.0,
          1.3237378207464623e-11,
          1.7000000476837158
        ],
        [
          0.0,
          0.0,
          0.0,
          1.0
        ]
      ],
      "camera_intrinsics": [
        [
          685.5110473632812,
          0.0,
          480.0
        ],
        [
          0.0,
          685.5110473632812,
          270.0
        ],
        [
          0.0,
          0.0,
          1.0
        ]
      ],
      "data_path": "D:\\Agent-AI\\outputs\\s3a_ml_long_v1\\sample_000034\\images\\CAM_FRONT.png",
      "raw_layout": "bgra8"
    },
    "CAM_FRONT_RIGHT": {
      "type_id": "sensor.camera.rgb",
      "blueprint_attributes": {
        "role_name": "front",
        "ros_name": "sensor.camera.rgb",
        "chromatic_aberration_offset": "0.0",
        "sensor_tick": "0.100000",
        "fstop": "1.4",
        "image_size_x": "960",
        "image_size_y": "540",
        "fov": "70.00",
        "lens_circle_falloff": "5.0",
        "lens_circle_multiplier": "0.0",
        "exposure_compensation": "0.0",
        "lens_y_size": "0.08",
        "lens_k": "-1.0",
        "exposure_mode": "histogram",
        "lens_kcube": "0.0",
        "lens_x_size": "0.08",
        "exposure_max_bright": "12.0",
        "shutter_speed": "200.0",
        "bloom_intensity": "0.675",
        "iso": "100.0",
        "enable_postprocess_effects": "false",
        "gamma": "2.2",
        "motion_blur_intensity": "0.0",
        "motion_blur_max_distortion": "0.35",
        "lens_flare_intensity": "0.1",
        "motion_blur_min_object_screen_size": "0.1",
        "exposure_min_bright": "10.0",
        "exposure_speed_up": "3.0",
        "exposure_speed_down": "1.0",
        "tint": "0.0",
        "calibration_constant": "16.0",
        "focal_distance": "1000.0",
        "min_fstop": "1.2",
        "blade_count": "5",
        "blur_amount": "0.0",
        "blur_radius": "0.0",
        "slope": "0.88",
        "toe": "0.55",
        "white_clip": "0.04",
        "shoulder": "0.26",
        "black_clip": "0.0",
        "temp": "6500.0",
        "chromatic_aberration_intensity": "0.0"
      },
      "transform_carla": {
        "location": {
          "x": 104.3373794555664,
          "y": -37.19589614868164,
          "z": 1.693729043006897
        },
        "rotation": {
          "roll": 0.09368391335010529,
          "pitch": -0.14432871341705322,
          "yaw": -51.80186462402344
        }
      },
      "matrix_world_from_sensor_carla": [
        [
          0.6183808445930481,
          0.7858734726905823,
          0.002842690795660019,
          104.3373794555664
        ],
        [
          -0.7858745455741882,
          0.6183851957321167,
          -0.0009685157565400004,
          -37.19589614868164
        ],
        [
          -0.0025190087035298347,
          -0.0016350869555026293,
          0.9999955296516418,
          1.693729043006897
        ],
        [
          0.0,
          0.0,
          0.0,
          1.0
        ]
      ],
      "matrix_world_from_sensor_bevfusion": [
        [
          0.7858734726905823,
          -0.002842690795660019,
          0.6183808445930481,
          104.3373794555664
        ],
        [
          -0.6183851957321167,
          -0.0009685157565400004,
          0.7858745455741882,
          37.19589614868164
        ],
        [
          -0.0016350869555026293,
          -0.9999955296516418,
          -0.0025190087035298347,
          1.693729043006897
        ],
        [
          0.0,
          0.0,
          0.0,
          1.0
        ]
      ],
      "matrix_ego_from_sensor_carla": [
        [
          0.5735766291618347,
          -0.8191518187522888,
          -3.99317698906998e-08,
          1.2999944686889648
        ],
        [
          0.8191518783569336,
          0.5735766887664795,
          -2.1827948337715952e-09,
          0.5500030517578125
        ],
        [
          2.45321931657827e-08,
          -3.1806138167667086e-08,
          1.0000001192092896,
          1.7000000476837158
        ],
        [
          0.0,
          0.0,
          0.0,
          1.0
        ]
      ],
      "matrix_ego_from_sensor_bevfusion": [
        [
          -0.8191518187522888,
          3.99317698906998e-08,
          0.5735766291618347,
          1.2999944686889648
        ],
        [
          -0.5735766887664795,
          -2.1827948337715952e-09,
          -0.8191518783569336,
          -0.5500030517578125
        ],
        [
          -3.1806138167667086e-08,
          -1.0000001192092896,
          2.45321931657827e-08,
          1.7000000476837158
        ],
        [
          0.0,
          0.0,
          0.0,
          1.0
        ]
      ],
      "camera_intrinsics": [
        [
          685.5110473632812,
          0.0,
          480.0
        ],
        [
          0.0,
          685.5110473632812,
          270.0
        ],
        [
          0.0,
          0.0,
          1.0
        ]
      ],
      "data_path": "D:\\Agent-AI\\outputs\\s3a_ml_long_v1\\sample_000034\\images\\CAM_FRONT_RIGHT.png",
      "raw_layout": "bgra8"
    },
    "CAM_FRONT_LEFT": {
      "type_id": "sensor.camera.rgb",
      "blueprint_attributes": {
        "role_name": "front",
        "ros_name": "sensor.camera.rgb",
        "chromatic_aberration_offset": "0.0",
        "sensor_tick": "0.100000",
        "fstop": "1.4",
        "image_size_x": "960",
        "image_size_y": "540",
        "fov": "70.00",
        "lens_circle_falloff": "5.0",
        "lens_circle_multiplier": "0.0",
        "exposure_compensation": "0.0",
        "lens_y_size": "0.08",
        "lens_k": "-1.0",
        "exposure_mode": "histogram",
        "lens_kcube": "0.0",
        "lens_x_size": "0.08",
        "exposure_max_bright": "12.0",
        "shutter_speed": "200.0",
        "bloom_intensity": "0.675",
        "iso": "100.0",
        "enable_postprocess_effects": "false",
        "gamma": "2.2",
        "motion_blur_intensity": "0.0",
        "motion_blur_max_distortion": "0.35",
        "lens_flare_intensity": "0.1",
        "motion_blur_min_object_screen_size": "0.1",
        "exposure_min_bright": "10.0",
        "exposure_speed_up": "3.0",
        "exposure_speed_down": "1.0",
        "tint": "0.0",
        "calibration_constant": "16.0",
        "focal_distance": "1000.0",
        "min_fstop": "1.2",
        "blade_count": "5",
        "blur_amount": "0.0",
        "blur_radius": "0.0",
        "slope": "0.88",
        "toe": "0.55",
        "white_clip": "0.04",
        "shoulder": "0.26",
        "black_clip": "0.0",
        "temp": "6500.0",
        "chromatic_aberration_intensity": "0.0"
      },
      "transform_carla": {
        "location": {
          "x": 103.28433990478516,
          "y": -36.877933502197266,
          "z": 1.6970304250717163
        },
        "rotation": {
          "roll": 0.10358332842588425,
          "pitch": 0.13739608228206635,
          "yaw": -161.8015899658203
        }
      },
      "matrix_world_from_sensor_carla": [
        [
          -0.9499779939651489,
          0.3123038709163666,
          0.002842674031853676,
          103.28433990478516
        ],
        [
          -0.31230759620666504,
          -0.9499805569648743,
          -0.0009685226832516491,
          -36.877933502197266
        ],
        [
          0.002398011740297079,
          -0.0018078640569001436,
          0.9999955296516418,
          1.6970304250717163
        ],
        [
          0.0,
          0.0,
          0.0,
          1.0
        ]
      ],
      "matrix_world_from_sensor_bevfusion": [
        [
          0.3123038709163666,
          -0.002842674031853676,
          -0.9499779939651489,
          103.28433990478516
        ],
        [
          0.9499805569648743,
          -0.0009685226832516491,
          0.31230759620666504,
          36.877933502197266
        ],
        [
          -0.0018078640569001436,
          -0.9999955296516418,
          0.002398011740297079,
          1.6970304250717163
        ],
        [
          0.0,
          0.0,
          0.0,
          1.0
        ]
      ],
      "matrix_ego_from_sensor_carla": [
        [
          0.5735766291618347,
          0.8191518783569336,
          -2.8472136648360902e-08,
          1.299997329711914
        ],
        [
          -0.8191519379615784,
          0.5735766291618347,
          -1.6152633008914563e-08,
          -0.5499954223632812
        ],
        [
          3.4827214445698473e-09,
          3.241258283992465e-08,
          1.0000001192092896,
          1.6999998092651367
        ],
        [
          0.0,
          0.0,
          0.0,
          1.0
        ]
      ],
      "matrix_ego_from_sensor_bevfusion": [
        [
          0.8191518783569336,
          2.8472136648360902e-08,
          0.5735766291618347,
          1.299997329711914
        ],
        [
          -0.5735766291618347,
          -1.6152633008914563e-08,
          0.8191519379615784,
          0.5499954223632812
        ],
        [
          3.241258283992465e-08,
          -1.0000001192092896,
          3.4827214445698473e-09,
          1.6999998092651367
        ],
        [
          0.0,
          0.0,
          0.0,
          1.0
        ]
      ],
      "camera_intrinsics": [
        [
          685.5110473632812,
          0.0,
          480.0
        ],
        [
          0.0,
          685.5110473632812,
          270.0
        ],
        [
          0.0,
          0.0,
          1.0
        ]
      ],
      "data_path": "D:\\Agent-AI\\outputs\\s3a_ml_long_v1\\sample_000034\\images\\CAM_FRONT_LEFT.png",
      "raw_layout": "bgra8"
    },
    "CAM_BACK": {
      "type_id": "sensor.camera.rgb",
      "blueprint_attributes": {
        "role_name": "front",
        "ros_name": "sensor.camera.rgb",
        "chromatic_aberration_offset": "0.0",
        "sensor_tick": "0.100000",
        "fstop": "1.4",
        "image_size_x": "960",
        "image_size_y": "540",
        "fov": "70.00",
        "lens_circle_falloff": "5.0",
        "lens_circle_multiplier": "0.0",
        "exposure_compensation": "0.0",
        "lens_y_size": "0.08",
        "lens_k": "-1.0",
        "exposure_mode": "histogram",
        "lens_kcube": "0.0",
        "lens_x_size": "0.08",
        "exposure_max_bright": "12.0",
        "shutter_speed": "200.0",
        "bloom_intensity": "0.675",
        "iso": "100.0",
        "enable_postprocess_effects": "false",
        "gamma": "2.2",
        "motion_blur_intensity": "0.0",
        "motion_blur_max_distortion": "0.35",
        "lens_flare_intensity": "0.1",
        "motion_blur_min_object_screen_size": "0.1",
        "exposure_min_bright": "10.0",
        "exposure_speed_up": "3.0",
        "exposure_speed_down": "1.0",
        "tint": "0.0",
        "calibration_constant": "16.0",
        "focal_distance": "1000.0",
        "min_fstop": "1.2",
        "blade_count": "5",
        "blur_amount": "0.0",
        "blur_radius": "0.0",
        "slope": "0.88",
        "toe": "0.55",
        "white_clip": "0.04",
        "shoulder": "0.26",
        "black_clip": "0.0",
        "temp": "6500.0",
        "chromatic_aberration_intensity": "0.0"
      },
      "transform_carla": {
        "location": {
          "x": 104.63468170166016,
          "y": -34.3085823059082,
          "z": 1.6956803798675537
        },
        "rotation": {
          "roll": -0.17196206748485565,
          "pitch": 0.006044717039912939,
          "yaw": 73.19825744628906
        }
      },
      "matrix_world_from_sensor_carla": [
        [
          0.28906092047691345,
          -0.957306444644928,
          0.002842680551111698,
          104.63468170166016
        ],
        [
          0.957310676574707,
          0.2890593111515045,
          -0.0009685545228421688,
          -34.3085823059082
        ],
        [
          0.00010550021397648379,
          0.0030012999195605516,
          0.9999954700469971,
          1.6956803798675537
        ],
        [
          0.0,
          0.0,
          0.0,
          1.0
        ]
      ],
      "matrix_world_from_sensor_bevfusion": [
        [
          -0.957306444644928,
          -0.002842680551111698,
          0.28906092047691345,
          104.63468170166016
        ],
        [
          -0.2890593111515045,
          -0.0009685545228421688,
          -0.957310676574707,
          34.3085823059082
        ],
        [
          0.0030012999195605516,
          -0.9999954700469971,
          0.00010550021397648379,
          1.6956803798675537
        ],
        [
          0.0,
          0.0,
          0.0,
          1.0
        ]
      ],
      "matrix_ego_from_sensor_carla": [
        [
          -0.9999999403953552,
          -4.2985767834125e-08,
          9.22854570539755e-11,
          -1.5499992370605469
        ],
        [
          4.5149040062142376e-08,
          -0.9999999403953552,
          -3.740889265024805e-10,
          0.0
        ],
        [
          1.6138559932876717e-10,
          -3.783401369972239e-10,
          1.0,
          1.6999998092651367
        ],
        [
          0.0,
          0.0,
          0.0,
          1.0
        ]
      ],
      "matrix_ego_from_sensor_bevfusion": [
        [
          -4.2985767834125e-08,
          -9.22854570539755e-11,
          -0.9999999403953552,
          -1.5499992370605469
        ],
        [
          0.9999999403953552,
          -3.740889265024805e-10,
          -4.5149040062142376e-08,
          0.0
        ],
        [
          -3.783401369972239e-10,
          -1.0,
          1.6138559932876717e-10,
          1.6999998092651367
        ],
        [
          0.0,
          0.0,
          0.0,
          1.0
        ]
      ],
      "camera_intrinsics": [
        [
          685.5110473632812,
          0.0,
          480.0
        ],
        [
          0.0,
          685.5110473632812,
          270.0
        ],
        [
          0.0,
          0.0,
          1.0
        ]
      ],
      "data_path": "D:\\Agent-AI\\outputs\\s3a_ml_long_v1\\sample_000034\\images\\CAM_BACK.png",
      "raw_layout": "bgra8"
    },
    "CAM_BACK_LEFT": {
      "type_id": "sensor.camera.rgb",
      "blueprint_attributes": {
        "role_name": "front",
        "ros_name": "sensor.camera.rgb",
        "chromatic_aberration_offset": "0.0",
        "sensor_tick": "0.100000",
        "fstop": "1.4",
        "image_size_x": "960",
        "image_size_y": "540",
        "fov": "70.00",
        "lens_circle_falloff": "5.0",
        "lens_circle_multiplier": "0.0",
        "exposure_compensation": "0.0",
        "lens_y_size": "0.08",
        "lens_k": "-1.0",
        "exposure_mode": "histogram",
        "lens_kcube": "0.0",
        "lens_x_size": "0.08",
        "exposure_max_bright": "12.0",
        "shutter_speed": "200.0",
        "bloom_intensity": "0.675",
        "iso": "100.0",
        "enable_postprocess_effects": "false",
        "gamma": "2.2",
        "motion_blur_intensity": "0.0",
        "motion_blur_max_distortion": "0.35",
        "lens_flare_intensity": "0.1",
        "motion_blur_min_object_screen_size": "0.1",
        "exposure_min_bright": "10.0",
        "exposure_speed_up": "3.0",
        "exposure_speed_down": "1.0",
        "tint": "0.0",
        "calibration_constant": "16.0",
        "focal_distance": "1000.0",
        "min_fstop": "1.2",
        "blade_count": "5",
        "blur_amount": "0.0",
        "blur_radius": "0.0",
        "slope": "0.88",
        "toe": "0.55",
        "white_clip": "0.04",
        "shoulder": "0.26",
        "black_clip": "0.0",
        "temp": "6500.0",
        "chromatic_aberration_intensity": "0.0"
      },
      "transform_carla": {
        "location": {
          "x": 104.03589630126953,
          "y": -34.38892364501953,
          "z": 1.697304606437683
        },
        "rotation": {
          "roll": -0.0936838835477829,
          "pitch": 0.14432871341705322,
          "yaw": 128.19813537597656
        }
      },
      "matrix_world_from_sensor_carla": [
        [
          -0.6183807849884033,
          -0.785873532295227,
          0.0028426903299987316,
          104.03589630126953
        ],
        [
          0.785874605178833,
          -0.6183851361274719,
          -0.0009685164550319314,
          -34.38892364501953
        ],
        [
          0.0025190087035298347,
          0.0016350863734260201,
          0.9999955296516418,
          1.697304606437683
        ],
        [
          0.0,
          0.0,
          0.0,
          1.0
        ]
      ],
      "matrix_world_from_sensor_bevfusion": [
        [
          -0.785873532295227,
          -0.0028426903299987316,
          -0.6183807849884033,
          104.03589630126953
        ],
        [
          0.6183851361274719,
          -0.0009685164550319314,
          -0.785874605178833,
          34.38892364501953
        ],
        [
          0.0016350863734260201,
          -0.9999955296516418,
          0.0025190087035298347,
          1.697304606437683
        ],
        [
          0.0,
          0.0,
          0.0,
          1.0
        ]
      ],
      "matrix_ego_from_sensor_carla": [
        [
          -0.5735766887664795,
          0.8191518187522888,
          -3.914596646836799e-08,
          -1.3000037670135498
        ],
        [
          -0.8191518187522888,
          -0.5735767483711243,
          -2.415625477425465e-09,
          -0.5500030517578125
        ],
        [
          -2.45321931657827e-08,
          3.0874819145765287e-08,
          1.0000001192092896,
          1.6999998092651367
        ],
        [
          0.0,
          0.0,
          0.0,
          1.0
        ]
      ],
      "matrix_ego_from_sensor_bevfusion": [
        [
          0.8191518187522888,
          3.914596646836799e-08,
          -0.5735766887664795,
          -1.3000037670135498
        ],
        [
          0.5735767483711243,
          -2.415625477425465e-09,
          0.8191518187522888,
          0.5500030517578125
        ],
        [
          3.0874819145765287e-08,
          -1.0000001192092896,
          -2.45321931657827e-08,
          1.6999998092651367
        ],
        [
          0.0,
          0.0,
          0.0,
          1.0
        ]
      ],
      "camera_intrinsics": [
        [
          685.5110473632812,
          0.0,
          480.0
        ],
        [
          0.0,
          685.5110473632812,
          270.0
        ],
        [
          0.0,
          0.0,
          1.0
        ]
      ],
      "data_path": "D:\\Agent-AI\\outputs\\s3a_ml_long_v1\\sample_000034\\images\\CAM_BACK_LEFT.png",
      "raw_layout": "bgra8"
    },
    "CAM_BACK_RIGHT": {
      "type_id": "sensor.camera.rgb",
      "blueprint_attributes": {
        "role_name": "front",
        "ros_name": "sensor.camera.rgb",
        "chromatic_aberration_offset": "0.0",
        "sensor_tick": "0.100000",
        "fstop": "1.4",
        "image_size_x": "960",
        "image_size_y": "540",
        "fov": "70.00",
        "lens_circle_falloff": "5.0",
        "lens_circle_multiplier": "0.0",
        "exposure_compensation": "0.0",
        "lens_y_size": "0.08",
        "lens_k": "-1.0",
        "exposure_mode": "histogram",
        "lens_kcube": "0.0",
        "lens_x_size": "0.08",
        "exposure_max_bright": "12.0",
        "shutter_speed": "200.0",
        "bloom_intensity": "0.675",
        "iso": "100.0",
        "enable_postprocess_effects": "false",
        "gamma": "2.2",
        "motion_blur_intensity": "0.0",
        "motion_blur_max_distortion": "0.35",
        "lens_flare_intensity": "0.1",
        "motion_blur_min_object_screen_size": "0.1",
        "exposure_min_bright": "10.0",
        "exposure_speed_up": "3.0",
        "exposure_speed_down": "1.0",
        "tint": "0.0",
        "calibration_constant": "16.0",
        "focal_distance": "1000.0",
        "min_fstop": "1.2",
        "blade_count": "5",
        "blur_amount": "0.0",
        "blur_radius": "0.0",
        "slope": "0.88",
        "toe": "0.55",
        "white_clip": "0.04",
        "shoulder": "0.26",
        "black_clip": "0.0",
        "temp": "6500.0",
        "chromatic_aberration_intensity": "0.0"
      },
      "transform_carla": {
        "location": {
          "x": 105.08893585205078,
          "y": -34.70689010620117,
          "z": 1.6940032243728638
        },
        "rotation": {
          "roll": -0.10358329117298126,
          "pitch": -0.13739608228206635,
          "yaw": 18.19839859008789
        }
      },
      "matrix_world_from_sensor_carla": [
        [
          0.9499780535697937,
          -0.312303751707077,
          0.002842673799023032,
          105.08893585205078
        ],
        [
          0.3123074769973755,
          0.949980616569519,
          -0.0009685223922133446,
          -34.70689010620117
        ],
        [
          -0.002398011740297079,
          0.0018078633584082127,
          0.9999955296516418,
          1.6940032243728638
        ],
        [
          0.0,
          0.0,
          0.0,
          1.0
        ]
      ],
      "matrix_world_from_sensor_bevfusion": [
        [
          -0.312303751707077,
          -0.002842673799023032,
          0.9499780535697937,
          105.08893585205078
        ],
        [
          -0.949980616569519,
          -0.0009685223922133446,
          -0.3123074769973755,
          34.70689010620117
        ],
        [
          0.0018078633584082127,
          -0.9999955296516418,
          -0.002398011740297079,
          1.6940032243728638
        ],
        [
          0.0,
          0.0,
          0.0,
          1.0
        ]
      ],
      "matrix_ego_from_sensor_carla": [
        [
          -0.5735765099525452,
          -0.8191519975662231,
          -2.8690415376786405e-08,
          -1.3000025749206543
        ],
        [
          0.8191520571708679,
          -0.5735765099525452,
          -1.6385463652568433e-08,
          0.5500106811523438
        ],
        [
          -3.017060157262108e-09,
          -3.287824412723239e-08,
          1.0000001192092896,
          1.6999998092651367
        ],
        [
          0.0,
          0.0,
          0.0,
          1.0
        ]
      ],
      "matrix_ego_from_sensor_bevfusion": [
        [
          -0.8191519975662231,
          2.8690415376786405e-08,
          -0.5735765099525452,
          -1.3000025749206543
        ],
        [
          0.5735765099525452,
          -1.6385463652568433e-08,
          -0.8191520571708679,
          -0.5500106811523438
        ],
        [
          -3.287824412723239e-08,
          -1.0000001192092896,
          -3.017060157262108e-09,
          1.6999998092651367
        ],
        [
          0.0,
          0.0,
          0.0,
          1.0
        ]
      ],
      "camera_intrinsics": [
        [
          685.5110473632812,
          0.0,
          480.0
        ],
        [
          0.0,
          685.5110473632812,
          270.0
        ],
        [
          0.0,
          0.0,
          1.0
        ]
      ],
      "data_path": "D:\\Agent-AI\\outputs\\s3a_ml_long_v1\\sample_000034\\images\\CAM_BACK_RIGHT.png",
      "raw_layout": "bgra8"
    },
    "LIDAR_TOP": {
      "type_id": "sensor.lidar.ray_cast",
      "blueprint_attributes": {
        "atmosphere_attenuation_rate": "0.004",
        "role_name": "front",
        "noise_seed": "0",
        "upper_fov": "10.0",
        "ros_name": "sensor.lidar.ray_cast",
        "sensor_tick": "0.100000",
        "channels": "32",
        "range": "120.0",
        "points_per_second": "360000",
        "lower_fov": "-30.0",
        "rotation_frequency": "10.000000",
        "horizontal_fov": "360.0",
        "dropoff_general_rate": "0.0",
        "dropoff_intensity_limit": "1.0",
        "noise_stddev": "0.0",
        "dropoff_zero_intensity": "0.0"
      },
      "transform_carla": {
        "location": {
          "x": 104.18805694580078,
          "y": -35.79289627075195,
          "z": 2.195514678955078
        },
        "rotation": {
          "roll": 0.17196209728717804,
          "pitch": -0.006044717039912939,
          "yaw": -106.80174255371094
        }
      },
      "matrix_world_from_sensor_carla": [
        [
          -0.28906089067459106,
          0.9573065042495728,
          0.002842681249603629,
          104.18805694580078
        ],
        [
          -0.9573107361793518,
          -0.28905928134918213,
          -0.0009685546392574906,
          -35.79289627075195
        ],
        [
          -0.00010550021397648379,
          -0.003001300385221839,
          0.9999954700469971,
          2.195514678955078
        ],
        [
          0.0,
          0.0,
          0.0,
          1.0
        ]
      ],
      "matrix_world_from_sensor_bevfusion": [
        [
          -0.28906089067459106,
          -0.9573065042495728,
          0.002842681249603629,
          104.18805694580078
        ],
        [
          0.9573107361793518,
          -0.28905928134918213,
          0.0009685546392574906,
          35.79289627075195
        ],
        [
          -0.00010550021397648379,
          0.003001300385221839,
          0.9999954700469971,
          2.195514678955078
        ],
        [
          0.0,
          0.0,
          0.0,
          1.0
        ]
      ],
      "matrix_ego_from_sensor_carla": [
        [
          1.0,
          1.4455734387297525e-08,
          3.40777961405081e-11,
          -1.9073486328125e-06
        ],
        [
          1.8825496717056467e-09,
          1.0,
          3.244030044591284e-10,
          0.0
        ],
        [
          1.3237378207464623e-11,
          1.4551156113373764e-10,
          1.0,
          2.200000047683716
        ],
        [
          0.0,
          0.0,
          0.0,
          1.0
        ]
      ],
      "matrix_ego_from_sensor_bevfusion": [
        [
          1.0,
          -1.4455734387297525e-08,
          3.40777961405081e-11,
          -1.9073486328125e-06
        ],
        [
          -1.8825496717056467e-09,
          1.0,
          -3.244030044591284e-10,
          0.0
        ],
        [
          1.3237378207464623e-11,
          -1.4551156113373764e-10,
          1.0,
          2.200000047683716
        ],
        [
          0.0,
          0.0,
          0.0,
          1.0
        ]
      ],
      "data_path": "D:\\Agent-AI\\outputs\\s3a_ml_long_v1\\sample_000034\\lidar\\LIDAR_TOP.npy",
      "raw_layout": [
        "x",
        "y",
        "z",
        "intensity"
      ]
    },
    "RADAR_FRONT": {
      "type_id": "sensor.other.radar",
      "blueprint_attributes": {
        "sensor_tick": "0.100000",
        "role_name": "default",
        "noise_seed": "0",
        "ros_name": "sensor.other.radar",
        "horizontal_fov": "35.0",
        "points_per_second": "1500",
        "vertical_fov": "20.0",
        "range": "120.0"
      },
      "transform_carla": {
        "location": {
          "x": 103.60623931884766,
          "y": -37.706260681152344,
          "z": 0.895309567451477
        },
        "rotation": {
          "roll": 0.17196209728717804,
          "pitch": -0.006044717039912939,
          "yaw": -106.80174255371094
        }
      },
      "matrix_world_from_sensor_carla": [
        [
          -0.28906089067459106,
          0.9573065042495728,
          0.002842681249603629,
          103.60623931884766
        ],
        [
          -0.9573107361793518,
          -0.28905928134918213,
          -0.0009685546392574906,
          -37.706260681152344
        ],
        [
          -0.00010550021397648379,
          -0.003001300385221839,
          0.9999954700469971,
          0.895309567451477
        ],
        [
          0.0,
          0.0,
          0.0,
          1.0
        ]
      ],
      "matrix_world_from_sensor_bevfusion": [
        [
          -0.28906089067459106,
          -0.9573065042495728,
          0.002842681249603629,
          103.60623931884766
        ],
        [
          0.9573107361793518,
          -0.28905928134918213,
          0.0009685546392574906,
          37.706260681152344
        ],
        [
          -0.00010550021397648379,
          0.003001300385221839,
          0.9999954700469971,
          0.895309567451477
        ],
        [
          0.0,
          0.0,
          0.0,
          1.0
        ]
      ],
      "matrix_ego_from_sensor_carla": [
        [
          1.0,
          1.4455734387297525e-08,
          3.40777961405081e-11,
          2.0
        ],
        [
          1.8825496717056467e-09,
          1.0,
          3.244030044591284e-10,
          7.62939453125e-06
        ],
        [
          1.3237378207464623e-11,
          1.4551156113373764e-10,
          1.0,
          0.9000000357627869
        ],
        [
          0.0,
          0.0,
          0.0,
          1.0
        ]
      ],
      "matrix_ego_from_sensor_bevfusion": [
        [
          1.0,
          -1.4455734387297525e-08,
          3.40777961405081e-11,
          2.0
        ],
        [
          -1.8825496717056467e-09,
          1.0,
          -3.244030044591284e-10,
          -7.62939453125e-06
        ],
        [
          1.3237378207464623e-11,
          -1.4551156113373764e-10,
          1.0,
          0.9000000357627869
        ],
        [
          0.0,
          0.0,
          0.0,
          1.0
        ]
      ],
      "data_path": "D:\\Agent-AI\\outputs\\s3a_ml_long_v1\\sample_000034\\radar\\RADAR_FRONT.npy",
      "raw_layout": [
        "velocity",
        "altitude",
        "azimuth",
        "depth"
      ]
    },
    "RADAR_FRONT_LEFT": {
      "type_id": "sensor.other.radar",
      "blueprint_attributes": {
        "sensor_tick": "0.100000",
        "role_name": "default",
        "noise_seed": "0",
        "ros_name": "sensor.other.radar",
        "horizontal_fov": "35.0",
        "points_per_second": "1500",
        "vertical_fov": "20.0",
        "range": "120.0"
      },
      "transform_carla": {
        "location": {
          "x": 102.98943328857422,
          "y": -37.1544075012207,
          "z": 0.8975974917411804
        },
        "rotation": {
          "roll": 0.12586842477321625,
          "pitch": 0.1173221543431282,
          "yaw": -151.80160522460938
        }
      },
      "matrix_world_from_sensor_carla": [
        [
          -0.8813148736953735,
          0.4725209176540375,
          0.002842682646587491,
          102.98943328857422
        ],
        [
          -0.472525030374527,
          -0.8813167810440063,
          -0.0009685224504210055,
          -37.1544075012207
        ],
        [
          0.0020476565696299076,
          -0.0021968118380755186,
          0.9999955296516418,
          0.8975974917411804
        ],
        [
          0.0,
          0.0,
          0.0,
          1.0
        ]
      ],
      "matrix_world_from_sensor_bevfusion": [
        [
          -0.8813148736953735,
          -0.4725209176540375,
          0.002842682646587491,
          102.98943328857422
        ],
        [
          0.472525030374527,
          -0.8813167810440063,
          0.0009685224504210055,
          37.1544075012207
        ],
        [
          0.0020476565696299076,
          0.0021968118380755186,
          0.9999955296516418,
          0.8975974917411804
        ],
        [
          0.0,
          0.0,
          0.0,
          1.0
        ]
      ],
      "matrix_ego_from_sensor_carla": [
        [
          0.7071066498756409,
          0.70710688829422,
          -3.1200620753679686e-08,
          1.6500000953674316
        ],
        [
          -0.70710688829422,
          0.7071067690849304,
          -8.003561369207546e-09,
          -0.7499923706054688
        ],
        [
          1.6457633478239586e-08,
          2.774847374098499e-08,
          1.0000001192092896,
          0.9000000357627869
        ],
        [
          0.0,
          0.0,
          0.0,
          1.0
        ]
      ],
      "matrix_ego_from_sensor_bevfusion": [
        [
          0.7071066498756409,
          -0.70710688829422,
          -3.1200620753679686e-08,
          1.6500000953674316
        ],
        [
          0.70710688829422,
          0.7071067690849304,
          8.003561369207546e-09,
          0.7499923706054688
        ],
        [
          1.6457633478239586e-08,
          -2.774847374098499e-08,
          1.0000001192092896,
          0.9000000357627869
        ],
        [
          0.0,
          0.0,
          0.0,
          1.0
        ]
      ],
      "data_path": "D:\\Agent-AI\\outputs\\s3a_ml_long_v1\\sample_000034\\radar\\RADAR_FRONT_LEFT.npy",
      "raw_layout": [
        "velocity",
        "altitude",
        "azimuth",
        "depth"
      ]
    },
    "RADAR_FRONT_RIGHT": {
      "type_id": "sensor.other.radar",
      "blueprint_attributes": {
