{
  "schema_version": "stage1.v1",
  "sample_name": "sample_000052",
  "sequence_index": 52,
  "previous_sample_name": "sample_000051",
  "frame_id": 60053,
  "timestamp": 440.2197008281946,
  "platform_timestamp": 16814584.9369614,
  "delta_seconds": 0.10000000149011612,
  "town": "Carla/Maps/Town10HD_Opt",
  "weather": {
    "cloudiness": 20.0,
    "dust_storm": 0.0,
    "fog_density": 2.0,
    "fog_distance": 0.75,
    "fog_falloff": 0.10000000149011612,
    "mie_scattering_scale": 0.029999999329447746,
    "precipitation": 0.0,
    "precipitation_deposits": 0.0,
    "rayleigh_scattering_scale": 0.03310000151395798,
    "scattering_intensity": 1.0,
    "sun_altitude_angle": 45.0,
    "sun_azimuth_angle": 300.0,
    "wetness": 0.0,
    "wind_intensity": 10.0
  },
  "sensor_names": [
    "CAM_FRONT",
    "CAM_FRONT_RIGHT",
    "CAM_FRONT_LEFT",
    "CAM_BACK",
    "CAM_BACK_LEFT",
    "CAM_BACK_RIGHT",
    "LIDAR_TOP",
    "RADAR_FRONT",
    "RADAR_FRONT_LEFT",
    "RADAR_FRONT_RIGHT",
    "RADAR_BACK_LEFT",
    "RADAR_BACK_RIGHT"
  ],
  "camera_order_for_model": [
    "CAM_FRONT",
    "CAM_FRONT_RIGHT",
    "CAM_FRONT_LEFT",
    "CAM_BACK",
    "CAM_BACK_LEFT",
    "CAM_BACK_RIGHT"
  ],
  "radar_order_for_model": [
    "RADAR_FRONT",
    "RADAR_FRONT_LEFT",
    "RADAR_FRONT_RIGHT",
    "RADAR_BACK_LEFT",
    "RADAR_BACK_RIGHT"
  ],
  "coordinate_notes": {
    "carla_world": "left-handed x-forward y-right z-up",
    "bevfusion_lidar": "x-forward y-left z-up",
    "camera_frame_for_model": "OpenCV style x-right y-down z-forward"
  },
  "ego": {
    "actor_id": 28,
    "transform_carla": {
      "location": {
        "x": 90.6317138671875,
        "y": -55.396240234375,
        "z": -0.004538040142506361
      },
      "rotation": {
        "roll": 0.6984139680862427,
        "pitch": 0.057025246322155,
        "yaw": -140.77943420410156
      }
    },
    "velocity_carla": [
      -6.5193352699279785,
      -4.944718360900879,
      -0.00013824462075717747
    ],
    "angular_velocity_carla": [
      0.7176154255867004,
      1.8027762174606323,
      -16.63920021057129
    ],
    "matrix_world_from_ego_carla": [
      [
        -0.7747172117233276,
        0.6322510242462158,
        0.00847840029746294,
        90.6317138671875
      ],
      [
        -0.6323071122169495,
        -0.7746677398681641,
        -0.008814006112515926,
        -55.396240234375
      ],
      [
        0.000995278125628829,
        -0.012189315631985664,
        0.9999252557754517,
        -0.004538040142506361
      ],
      [
        0.0,
        0.0,
        0.0,
        1.0
      ]
    ],
    "matrix_world_from_ego_bevfusion": [
      [
        -0.7747172117233276,
        -0.6322510242462158,
        0.00847840029746294,
        90.6317138671875
      ],
      [
        0.6323071122169495,
        -0.7746677398681641,
        0.008814006112515926,
        55.396240234375
      ],
      [
        0.000995278125628829,
        0.012189315631985664,
        0.9999252557754517,
        -0.004538040142506361
      ],
      [
        0.0,
        0.0,
        0.0,
        1.0
      ]
    ]
  },
  "sensors": {
    "CAM_FRONT": {
      "type_id": "sensor.camera.rgb",
      "blueprint_attributes": {
        "role_name": "front",
        "ros_name": "sensor.camera.rgb",
        "chromatic_aberration_offset": "0.0",
        "sensor_tick": "0.100000",
        "fstop": "1.4",
        "image_size_x": "960",
        "image_size_y": "540",
        "fov": "70.00",
        "lens_circle_falloff": "5.0",
        "lens_circle_multiplier": "0.0",
        "exposure_compensation": "0.0",
        "lens_y_size": "0.08",
        "lens_k": "-1.0",
        "exposure_mode": "histogram",
        "lens_kcube": "0.0",
        "lens_x_size": "0.08",
        "exposure_max_bright": "12.0",
        "shutter_speed": "200.0",
        "bloom_intensity": "0.675",
        "iso": "100.0",
        "enable_postprocess_effects": "false",
        "gamma": "2.2",
        "motion_blur_intensity": "0.0",
        "motion_blur_max_distortion": "0.35",
        "lens_flare_intensity": "0.1",
        "motion_blur_min_object_screen_size": "0.1",
        "exposure_min_bright": "10.0",
        "exposure_speed_up": "3.0",
        "exposure_speed_down": "1.0",
        "tint": "0.0",
        "calibration_constant": "16.0",
        "focal_distance": "1000.0",
        "min_fstop": "1.2",
        "blade_count": "5",
        "blur_amount": "0.0",
        "blur_radius": "0.0",
        "slope": "0.88",
        "toe": "0.55",
        "white_clip": "0.04",
        "shoulder": "0.26",
        "black_clip": "0.0",
        "temp": "6500.0",
        "chromatic_aberration_intensity": "0.0"
      },
      "transform_carla": {
        "location": {
          "x": 89.44532012939453,
          "y": -56.39129638671875,
          "z": 1.696877360343933
        },
        "rotation": {
          "roll": 0.6984139680862427,
          "pitch": 0.057025246322155,
          "yaw": -140.77943420410156
        }
      },
      "matrix_world_from_sensor_carla": [
        [
          -0.7747172117233276,
          0.6322510242462158,
          0.00847840029746294,
          89.44532012939453
        ],
        [
          -0.6323071122169495,
          -0.7746677398681641,
          -0.008814006112515926,
          -56.39129638671875
        ],
        [
          0.000995278125628829,
          -0.012189315631985664,
          0.9999252557754517,
          1.696877360343933
        ],
        [
          0.0,
          0.0,
          0.0,
          1.0
        ]
      ],
      "matrix_world_from_sensor_bevfusion": [
        [
          0.6322510242462158,
          -0.00847840029746294,
          -0.7747172117233276,
          89.44532012939453
        ],
        [
          0.7746677398681641,
          -0.008814006112515926,
          0.6323071122169495,
          56.39129638671875
        ],
        [
          -0.012189315631985664,
          -0.9999252557754517,
          0.000995278125628829,
          1.696877360343933
        ],
        [
          0.0,
          0.0,
          0.0,
          1.0
        ]
      ],
      "matrix_ego_from_sensor_carla": [
        [
          1.0,
          1.8061443451955483e-09,
          1.1447075232151604e-10,
          1.5499954223632812
        ],
        [
          1.0300678532360052e-08,
          1.0,
          2.4732749182021507e-10,
          0.0
        ],
        [
          -6.122426177146423e-11,
          -8.886386071438324e-10,
          1.0,
          1.6999999284744263
        ],
        [
          0.0,
          0.0,
          0.0,
          1.0
        ]
      ],
      "matrix_ego_from_sensor_bevfusion": [
        [
          1.8061443451955483e-09,
          -1.1447075232151604e-10,
          1.0,
          1.5499954223632812
        ],
        [
          -1.0,
          2.4732749182021507e-10,
          -1.0300678532360052e-08,
          0.0
        ],
        [
          -8.886386071438324e-10,
          -1.0,
          -6.122426177146423e-11,
          1.6999999284744263
        ],
        [
          0.0,
          0.0,
          0.0,
          1.0
        ]
      ],
      "camera_intrinsics": [
        [
          685.5110473632812,
          0.0,
          480.0
        ],
        [
          0.0,
          685.5110473632812,
          270.0
        ],
        [
          0.0,
          0.0,
          1.0
        ]
      ],
      "data_path": "D:\\Agent-AI\\outputs\\s3a_ml_long_v2\\sample_000052\\images\\CAM_FRONT.png",
      "raw_layout": "bgra8"
    },
    "CAM_FRONT_RIGHT": {
      "type_id": "sensor.camera.rgb",
      "blueprint_attributes": {
        "role_name": "front",
        "ros_name": "sensor.camera.rgb",
        "chromatic_aberration_offset": "0.0",
        "sensor_tick": "0.100000",
        "fstop": "1.4",
        "image_size_x": "960",
        "image_size_y": "540",
        "fov": "70.00",
        "lens_circle_falloff": "5.0",
        "lens_circle_multiplier": "0.0",
        "exposure_compensation": "0.0",
        "lens_y_size": "0.08",
        "lens_k": "-1.0",
        "exposure_mode": "histogram",
        "lens_kcube": "0.0",
        "lens_x_size": "0.08",
        "exposure_max_bright": "12.0",
        "shutter_speed": "200.0",
        "bloom_intensity": "0.675",
        "iso": "100.0",
        "enable_postprocess_effects": "false",
        "gamma": "2.2",
        "motion_blur_intensity": "0.0",
        "motion_blur_max_distortion": "0.35",
        "lens_flare_intensity": "0.1",
        "motion_blur_min_object_screen_size": "0.1",
        "exposure_min_bright": "10.0",
        "exposure_speed_up": "3.0",
        "exposure_speed_down": "1.0",
        "tint": "0.0",
        "calibration_constant": "16.0",
        "focal_distance": "1000.0",
        "min_fstop": "1.2",
        "blade_count": "5",
        "blur_amount": "0.0",
        "blur_radius": "0.0",
        "slope": "0.88",
        "toe": "0.55",
        "white_clip": "0.04",
        "shoulder": "0.26",
        "black_clip": "0.0",
        "temp": "6500.0",
        "chromatic_aberration_intensity": "0.0"
      },
      "transform_carla": {
        "location": {
          "x": 89.98673248291016,
          "y": -56.6592903137207,
          "z": 1.6899245977401733
        },
        "rotation": {
          "roll": 0.4473203718662262,
          "pitch": -0.5393868684768677,
          "yaw": -85.78187561035156
        }
      },
      "matrix_world_from_sensor_carla": [
        [
          0.07355041801929474,
          0.9972554445266724,
          0.008478395640850067,
          89.98673248291016
        ],
        [
          -0.9972470998764038,
          0.07362473011016846,
          -0.008813909254968166,
          -56.6592903137207
        ],
        [
          -0.009413938038051128,
          -0.007806788664311171,
          0.9999252557754517,
          1.6899245977401733
        ],
        [
          0.0,
          0.0,
          0.0,
          1.0
        ]
      ],
      "matrix_world_from_sensor_bevfusion": [
        [
          0.9972554445266724,
          -0.008478395640850067,
          0.07355041801929474,
          89.98673248291016
        ],
        [
          -0.07362473011016846,
          -0.008813909254968166,
          0.9972470998764038,
          56.6592903137207
        ],
        [
          -0.007806788664311171,
          -0.9999252557754517,
          -0.009413938038051128,
          1.6899245977401733
        ],
        [
          0.0,
          0.0,
          0.0,
          1.0
        ]
      ],
      "matrix_ego_from_sensor_carla": [
        [
          0.5735762715339661,
          -0.8191521167755127,
          -5.7860358282368907e-08,
          1.2999992370605469
        ],
        [
          0.8191521763801575,
          0.5735762715339661,
          -7.798377055223682e-08,
          0.5499954223632812
        ],
        [
          9.790761623662547e-08,
          -2.289874956318272e-09,
          1.0,
          1.6999999284744263
        ],
        [
          0.0,
          0.0,
          0.0,
          1.0
        ]
      ],
      "matrix_ego_from_sensor_bevfusion": [
        [
          -0.8191521167755127,
          5.7860358282368907e-08,
          0.5735762715339661,
          1.2999992370605469
        ],
        [
          -0.5735762715339661,
          -7.798377055223682e-08,
          -0.8191521763801575,
          -0.5499954223632812
        ],
        [
          -2.289874956318272e-09,
          -1.0,
          9.790761623662547e-08,
          1.6999999284744263
        ],
        [
          0.0,
          0.0,
          0.0,
          1.0
        ]
      ],
      "camera_intrinsics": [
        [
          685.5110473632812,
          0.0,
          480.0
        ],
        [
          0.0,
          685.5110473632812,
          270.0
        ],
        [
          0.0,
          0.0,
          1.0
        ]
      ],
      "data_path": "D:\\Agent-AI\\outputs\\s3a_ml_long_v2\\sample_000052\\images\\CAM_FRONT_RIGHT.png",
      "raw_layout": "bgra8"
    },
    "CAM_FRONT_LEFT": {
      "type_id": "sensor.camera.rgb",
      "blueprint_attributes": {
        "role_name": "front",
        "ros_name": "sensor.camera.rgb",
        "chromatic_aberration_offset": "0.0",
        "sensor_tick": "0.100000",
        "fstop": "1.4",
        "image_size_x": "960",
        "image_size_y": "540",
        "fov": "70.00",
        "lens_circle_falloff": "5.0",
        "lens_circle_multiplier": "0.0",
        "exposure_compensation": "0.0",
        "lens_y_size": "0.08",
        "lens_k": "-1.0",
        "exposure_mode": "histogram",
        "lens_kcube": "0.0",
        "lens_x_size": "0.08",
        "exposure_max_bright": "12.0",
        "shutter_speed": "200.0",
        "bloom_intensity": "0.675",
        "iso": "100.0",
        "enable_postprocess_effects": "false",
        "gamma": "2.2",
        "motion_blur_intensity": "0.0",
        "motion_blur_max_distortion": "0.35",
        "lens_flare_intensity": "0.1",
        "motion_blur_min_object_screen_size": "0.1",
        "exposure_min_bright": "10.0",
        "exposure_speed_up": "3.0",
        "exposure_speed_down": "1.0",
        "tint": "0.0",
        "calibration_constant": "16.0",
        "focal_distance": "1000.0",
        "min_fstop": "1.2",
        "blade_count": "5",
        "blur_amount": "0.0",
        "blur_radius": "0.0",
        "slope": "0.88",
        "toe": "0.55",
        "white_clip": "0.04",
        "shoulder": "0.26",
        "black_clip": "0.0",
        "temp": "6500.0",
        "chromatic_aberration_intensity": "0.0"
      },
      "transform_carla": {
        "location": {
          "x": 89.291259765625,
          "y": -55.80715560913086,
          "z": 1.703332781791687
        },
        "rotation": {
          "roll": 0.35389333963394165,
          "pitch": 0.6048132181167603,
          "yaw": 164.22206115722656
        }
      },
      "matrix_world_from_sensor_carla": [
        [
          -0.962269127368927,
          -0.2719672620296478,
          0.008478411473333836,
          89.291259765625
        ],
        [
          0.27189457416534424,
          -0.9622867107391357,
          -0.008814015425741673,
          -55.80715560913086
        ],
        [
          0.010555786080658436,
          -0.006176220718771219,
          0.9999251961708069,
          1.703332781791687
        ],
        [
          0.0,
          0.0,
          0.0,
          1.0
        ]
      ],
      "matrix_world_from_sensor_bevfusion": [
        [
          -0.2719672620296478,
          -0.008478411473333836,
          -0.962269127368927,
          89.291259765625
        ],
        [
          0.9622867107391357,
          -0.008814015425741673,
          -0.27189457416534424,
          55.80715560913086
        ],
        [
          -0.006176220718771219,
          -0.9999251961708069,
          0.010555786080658436,
          1.703332781791687
        ],
        [
          0.0,
          0.0,
          0.0,
          1.0
        ]
      ],
      "matrix_ego_from_sensor_carla": [
        [
          0.5735760927200317,
          0.8191522359848022,
          -2.9716509253319146e-09,
          1.2999954223632812
        ],
        [
          -0.8191522359848022,
          0.5735760927200317,
          1.4943704940151292e-08,
          -0.5499954223632812
        ],
        [
          1.318684006434978e-08,
          -5.053311546987516e-09,
          0.9999999403953552,
          1.6999999284744263
        ],
        [
          0.0,
          0.0,
          0.0,
          1.0
        ]
      ],
      "matrix_ego_from_sensor_bevfusion": [
        [
          0.8191522359848022,
          2.9716509253319146e-09,
          0.5735760927200317,
          1.2999954223632812
        ],
        [
          -0.5735760927200317,
          1.4943704940151292e-08,
          0.8191522359848022,
          0.5499954223632812
        ],
        [
          -5.053311546987516e-09,
          -0.9999999403953552,
          1.318684006434978e-08,
          1.6999999284744263
        ],
        [
          0.0,
          0.0,
          0.0,
          1.0
        ]
      ],
      "camera_intrinsics": [
        [
          685.5110473632812,
          0.0,
          480.0
        ],
        [
          0.0,
          685.5110473632812,
          270.0
        ],
        [
          0.0,
          0.0,
          1.0
        ]
      ],
      "data_path": "D:\\Agent-AI\\outputs\\s3a_ml_long_v2\\sample_000052\\images\\CAM_FRONT_LEFT.png",
      "raw_layout": "bgra8"
    },
    "CAM_BACK": {
      "type_id": "sensor.camera.rgb",
      "blueprint_attributes": {
        "role_name": "front",
        "ros_name": "sensor.camera.rgb",
        "chromatic_aberration_offset": "0.0",
        "sensor_tick": "0.100000",
        "fstop": "1.4",
        "image_size_x": "960",
        "image_size_y": "540",
        "fov": "70.00",
        "lens_circle_falloff": "5.0",
        "lens_circle_multiplier": "0.0",
        "exposure_compensation": "0.0",
        "lens_y_size": "0.08",
        "lens_k": "-1.0",
        "exposure_mode": "histogram",
        "lens_kcube": "0.0",
        "lens_x_size": "0.08",
        "exposure_max_bright": "12.0",
        "shutter_speed": "200.0",
        "bloom_intensity": "0.675",
        "iso": "100.0",
        "enable_postprocess_effects": "false",
        "gamma": "2.2",
        "motion_blur_intensity": "0.0",
        "motion_blur_max_distortion": "0.35",
        "lens_flare_intensity": "0.1",
        "motion_blur_min_object_screen_size": "0.1",
        "exposure_min_bright": "10.0",
        "exposure_speed_up": "3.0",
        "exposure_speed_down": "1.0",
        "tint": "0.0",
        "calibration_constant": "16.0",
        "focal_distance": "1000.0",
        "min_fstop": "1.2",
        "blade_count": "5",
        "blur_amount": "0.0",
        "blur_radius": "0.0",
        "slope": "0.88",
        "toe": "0.55",
        "white_clip": "0.04",
        "shoulder": "0.26",
        "black_clip": "0.0",
        "temp": "6500.0",
        "chromatic_aberration_intensity": "0.0"
      },
      "transform_carla": {
        "location": {
          "x": 91.84693908691406,
          "y": -54.43114471435547,
          "z": 1.6937921047210693
        },
        "rotation": {
          "roll": -0.6984139680862427,
          "pitch": -0.057025246322155,
          "yaw": 39.220558166503906
        }
      },
      "matrix_world_from_sensor_carla": [
        [
          0.7747173309326172,
          -0.6322509050369263,
          0.008478398434817791,
          91.84693908691406
        ],
        [
          0.6323069930076599,
          0.7746678590774536,
          -0.008814007975161076,
          -54.43114471435547
        ],
        [
          -0.000995278125628829,
          0.012189315631985664,
          0.9999252557754517,
          1.6937921047210693
        ],
        [
          0.0,
          0.0,
          0.0,
          1.0
        ]
      ],
      "matrix_world_from_sensor_bevfusion": [
        [
          -0.6322509050369263,
          -0.008478398434817791,
          0.7747173309326172,
          91.84693908691406
        ],
        [
          -0.7746678590774536,
          -0.008814007975161076,
          -0.6323069930076599,
          54.43114471435547
        ],
        [
          0.012189315631985664,
          -0.9999252557754517,
          -0.000995278125628829,
          1.6937921047210693
        ],
        [
          0.0,
          0.0,
          0.0,
          1.0
        ]
      ],
      "matrix_ego_from_sensor_carla": [
        [
          -1.0,
          -1.66590211847506e-07,
          2.6756077353695673e-09,
          -1.5499992370605469
        ],
        [
          1.7145364950010844e-07,
          -1.0,
          2.4732749182021507e-10,
          -7.62939453125e-06
        ],
        [
          2.50594611728161e-09,
          -4.2683967471646156e-11,
          1.0,
          1.6999999284744263
        ],
        [
          0.0,
          0.0,
          0.0,
          1.0
        ]
      ],
      "matrix_ego_from_sensor_bevfusion": [
        [
          -1.66590211847506e-07,
          -2.6756077353695673e-09,
          -1.0,
          -1.5499992370605469
        ],
        [
          1.0,
          2.4732749182021507e-10,
          -1.7145364950010844e-07,
          7.62939453125e-06
        ],
        [
          -4.2683967471646156e-11,
          -1.0,
          2.50594611728161e-09,
          1.6999999284744263
        ],
        [
          0.0,
          0.0,
          0.0,
          1.0
        ]
      ],
      "camera_intrinsics": [
        [
          685.5110473632812,
          0.0,
          480.0
        ],
        [
          0.0,
          685.5110473632812,
          270.0
        ],
        [
          0.0,
          0.0,
          1.0
        ]
      ],
      "data_path": "D:\\Agent-AI\\outputs\\s3a_ml_long_v2\\sample_000052\\images\\CAM_BACK.png",
      "raw_layout": "bgra8"
    },
    "CAM_BACK_LEFT": {
      "type_id": "sensor.camera.rgb",
      "blueprint_attributes": {
        "role_name": "front",
        "ros_name": "sensor.camera.rgb",
        "chromatic_aberration_offset": "0.0",
        "sensor_tick": "0.100000",
        "fstop": "1.4",
        "image_size_x": "960",
        "image_size_y": "540",
        "fov": "70.00",
        "lens_circle_falloff": "5.0",
        "lens_circle_multiplier": "0.0",
        "exposure_compensation": "0.0",
        "lens_y_size": "0.08",
        "lens_k": "-1.0",
        "exposure_mode": "histogram",
        "lens_kcube": "0.0",
        "lens_x_size": "0.08",
        "exposure_max_bright": "12.0",
        "shutter_speed": "200.0",
        "bloom_intensity": "0.675",
        "iso": "100.0",
        "enable_postprocess_effects": "false",
        "gamma": "2.2",
        "motion_blur_intensity": "0.0",
        "motion_blur_max_distortion": "0.35",
        "lens_flare_intensity": "0.1",
        "motion_blur_min_object_screen_size": "0.1",
        "exposure_min_bright": "10.0",
        "exposure_speed_up": "3.0",
        "exposure_speed_down": "1.0",
        "tint": "0.0",
        "calibration_constant": "16.0",
        "focal_distance": "1000.0",
        "min_fstop": "1.2",
        "blade_count": "5",
        "blur_amount": "0.0",
        "blur_radius": "0.0",
        "slope": "0.88",
        "toe": "0.55",
        "white_clip": "0.04",
        "shoulder": "0.26",
        "black_clip": "0.0",
        "temp": "6500.0",
        "chromatic_aberration_intensity": "0.0"
      },
      "transform_carla": {
        "location": {
          "x": 91.30552673339844,
          "y": -54.16315841674805,
          "z": 1.700744867324829
        },
        "rotation": {
          "roll": -0.4473203122615814,
          "pitch": 0.5393868684768677,
          "yaw": 94.21809387207031
        }
      },
      "matrix_world_from_sensor_carla": [
        [
          -0.07354991137981415,
          -0.9972555041313171,
          0.00847839005291462,
          91.30552673339844
        ],
        [
          0.9972471594810486,
          -0.07362422347068787,
          -0.008813912980258465,
          -54.16315841674805
        ],
        [
          0.009413938038051128,
          0.007806787732988596,
          0.9999252557754517,
          1.700744867324829
        ],
        [
          0.0,
          0.0,
          0.0,
          1.0
        ]
      ],
      "matrix_world_from_sensor_bevfusion": [
        [
          -0.9972555041313171,
          -0.00847839005291462,
          -0.07354991137981415,
          91.30552673339844
        ],
        [
          0.07362422347068787,
          -0.008813912980258465,
          -0.9972471594810486,
          54.16315841674805
        ],
        [
          0.007806787732988596,
          -0.9999252557754517,
          0.009413938038051128,
          1.700744867324829
        ],
        [
          0.0,
          0.0,
          0.0,
          1.0
        ]
      ],
      "matrix_ego_from_sensor_carla": [
        [
          -0.5735766887664795,
          0.8191518783569336,
          -5.087543897275282e-08,
          -1.3000030517578125
        ],
        [
          -0.8191518783569336,
          -0.5735766887664795,
          -7.89150931268523e-08,
          -0.5499954223632812
        ],
        [
          -9.418232593816356e-08,
          -3.2979907693686528e-09,
          1.0,
          1.6999996900558472
        ],
        [
          0.0,
          0.0,
          0.0,
          1.0
        ]
      ],
      "matrix_ego_from_sensor_bevfusion": [
        [
          0.8191518783569336,
          5.087543897275282e-08,
          -0.5735766887664795,
          -1.3000030517578125
        ],
        [
          0.5735766887664795,
          -7.89150931268523e-08,
          0.8191518783569336,
          0.5499954223632812
        ],
        [
          -3.2979907693686528e-09,
          -1.0,
          -9.418232593816356e-08,
          1.6999996900558472
        ],
        [
          0.0,
          0.0,
          0.0,
          1.0
        ]
      ],
      "camera_intrinsics": [
        [
          685.5110473632812,
          0.0,
          480.0
        ],
        [
          0.0,
          685.5110473632812,
          270.0
        ],
        [
          0.0,
          0.0,
          1.0
        ]
      ],
      "data_path": "D:\\Agent-AI\\outputs\\s3a_ml_long_v2\\sample_000052\\images\\CAM_BACK_LEFT.png",
      "raw_layout": "bgra8"
    },
    "CAM_BACK_RIGHT": {
      "type_id": "sensor.camera.rgb",
      "blueprint_attributes": {
        "role_name": "front",
        "ros_name": "sensor.camera.rgb",
        "chromatic_aberration_offset": "0.0",
        "sensor_tick": "0.100000",
        "fstop": "1.4",
        "image_size_x": "960",
        "image_size_y": "540",
        "fov": "70.00",
        "lens_circle_falloff": "5.0",
        "lens_circle_multiplier": "0.0",
        "exposure_compensation": "0.0",
        "lens_y_size": "0.08",
        "lens_k": "-1.0",
        "exposure_mode": "histogram",
        "lens_kcube": "0.0",
        "lens_x_size": "0.08",
        "exposure_max_bright": "12.0",
        "shutter_speed": "200.0",
        "bloom_intensity": "0.675",
        "iso": "100.0",
        "enable_postprocess_effects": "false",
        "gamma": "2.2",
        "motion_blur_intensity": "0.0",
        "motion_blur_max_distortion": "0.35",
        "lens_flare_intensity": "0.1",
        "motion_blur_min_object_screen_size": "0.1",
        "exposure_min_bright": "10.0",
        "exposure_speed_up": "3.0",
        "exposure_speed_down": "1.0",
        "tint": "0.0",
        "calibration_constant": "16.0",
        "focal_distance": "1000.0",
        "min_fstop": "1.2",
        "blade_count": "5",
        "blur_amount": "0.0",
        "blur_radius": "0.0",
        "slope": "0.88",
        "toe": "0.55",
        "white_clip": "0.04",
        "shoulder": "0.26",
        "black_clip": "0.0",
        "temp": "6500.0",
        "chromatic_aberration_intensity": "0.0"
      },
      "transform_carla": {
        "location": {
          "x": 92.00100708007812,
          "y": -55.01529312133789,
          "z": 1.6873366832733154
        },
        "rotation": {
          "roll": -0.3538932204246521,
          "pitch": -0.6048132181167603,
          "yaw": -15.777931213378906
        }
      },
      "matrix_world_from_sensor_carla": [
        [
          0.962269127368927,
          0.27196717262268066,
          0.00847841240465641,
          92.00100708007812
        ],
        [
          -0.2718944847583771,
          0.9622867107391357,
          -0.008814011700451374,
          -55.01529312133789
        ],
        [
          -0.010555786080658436,
          0.006176218390464783,
          0.9999251961708069,
          1.6873366832733154
        ],
        [
          0.0,
          0.0,
          0.0,
          1.0
        ]
      ],
      "matrix_world_from_sensor_bevfusion": [
        [
          0.27196717262268066,
          -0.00847841240465641,
          0.962269127368927,
          92.00100708007812
        ],
        [
          -0.9622867107391357,
          -0.008814011700451374,
          0.2718944847583771,
          55.01529312133789
        ],
        [
          0.006176218390464783,
          -0.9999251961708069,
          -0.010555786080658436,
          1.6873366832733154
        ],
        [
          0.0,
          0.0,
          0.0,
          1.0
        ]
      ],
      "matrix_ego_from_sensor_carla": [
        [
          -0.5735761523246765,
          -0.8191521763801575,
          -6.231279936486089e-09,
          -1.3000106811523438
        ],
        [
          0.8191521763801575,
          -0.5735761523246765,
          1.3081060679098755e-08,
          0.5500030517578125
        ],
        [
          -1.411816263896526e-08,
          2.2595179061113413e-09,
          0.9999999403953552,
          1.6999999284744263
        ],
        [
          0.0,
          0.0,
          0.0,
          1.0
        ]
      ],
      "matrix_ego_from_sensor_bevfusion": [
        [
          -0.8191521763801575,
          6.231279936486089e-09,
          -0.5735761523246765,
          -1.3000106811523438
        ],
        [
          0.5735761523246765,
          1.3081060679098755e-08,
          -0.8191521763801575,
          -0.5500030517578125
        ],
        [
          2.2595179061113413e-09,
          -0.9999999403953552,
          -1.411816263896526e-08,
          1.6999999284744263
        ],
        [
          0.0,
          0.0,
          0.0,
          1.0
        ]
      ],
      "camera_intrinsics": [
        [
          685.5110473632812,
          0.0,
          480.0
        ],
        [
          0.0,
          685.5110473632812,
          270.0
        ],
        [
          0.0,
          0.0,
          1.0
        ]
      ],
      "data_path": "D:\\Agent-AI\\outputs\\s3a_ml_long_v2\\sample_000052\\images\\CAM_BACK_RIGHT.png",
      "raw_layout": "bgra8"
    },
    "LIDAR_TOP": {
      "type_id": "sensor.lidar.ray_cast",
      "blueprint_attributes": {
        "atmosphere_attenuation_rate": "0.004",
        "role_name": "front",
        "noise_seed": "0",
        "upper_fov": "10.0",
        "ros_name": "sensor.lidar.ray_cast",
        "sensor_tick": "0.100000",
        "channels": "32",
        "range": "120.0",
        "points_per_second": "360000",
        "lower_fov": "-30.0",
        "rotation_frequency": "10.000000",
        "horizontal_fov": "360.0",
        "dropoff_general_rate": "0.0",
        "dropoff_intensity_limit": "1.0",
        "noise_stddev": "0.0",
        "dropoff_zero_intensity": "0.0"
      },
      "transform_carla": {
        "location": {
          "x": 90.6503677368164,
          "y": -55.41563034057617,
          "z": 2.1952974796295166
        },
        "rotation": {
          "roll": 0.6984139680862427,
          "pitch": 0.057025246322155,
          "yaw": -140.77943420410156
        }
      },
      "matrix_world_from_sensor_carla": [
        [
          -0.7747172117233276,
          0.6322510242462158,
          0.00847840029746294,
          90.6503677368164
        ],
        [
          -0.6323071122169495,
          -0.7746677398681641,
          -0.008814006112515926,
          -55.41563034057617
        ],
        [
          0.000995278125628829,
          -0.012189315631985664,
          0.9999252557754517,
          2.1952974796295166
        ],
        [
          0.0,
          0.0,
          0.0,
          1.0
        ]
      ],
      "matrix_world_from_sensor_bevfusion": [
        [
          -0.7747172117233276,
          -0.6322510242462158,
          0.00847840029746294,
          90.6503677368164
        ],
        [
          0.6323071122169495,
          -0.7746677398681641,
          0.008814006112515926,
          55.41563034057617
        ],
        [
          0.000995278125628829,
          0.012189315631985664,
          0.9999252557754517,
          2.1952974796295166
        ],
        [
          0.0,
          0.0,
          0.0,
          1.0
        ]
      ],
      "matrix_ego_from_sensor_carla": [
        [
          1.0,
          1.8061443451955483e-09,
          1.1447075232151604e-10,
          0.0
        ],
        [
          1.0300678532360052e-08,
          1.0,
          2.4732749182021507e-10,
          0.0
        ],
        [
          -6.122426177146423e-11,
          -8.886386071438324e-10,
          1.0,
          2.1999998092651367
        ],
        [
          0.0,
          0.0,
          0.0,
          1.0
        ]
      ],
      "matrix_ego_from_sensor_bevfusion": [
        [
          1.0,
          -1.8061443451955483e-09,
          1.1447075232151604e-10,
          0.0
        ],
        [
          -1.0300678532360052e-08,
          1.0,
          -2.4732749182021507e-10,
          0.0
        ],
        [
          -6.122426177146423e-11,
          8.886386071438324e-10,
          1.0,
          2.1999998092651367
        ],
        [
          0.0,
          0.0,
          0.0,
          1.0
        ]
      ],
      "data_path": "D:\\Agent-AI\\outputs\\s3a_ml_long_v2\\sample_000052\\lidar\\LIDAR_TOP.npy",
      "raw_layout": [
        "x",
        "y",
        "z",
        "intensity"
      ]
    },
    "RADAR_FRONT": {
      "type_id": "sensor.other.radar",
      "blueprint_attributes": {
        "sensor_tick": "0.100000",
        "role_name": "default",
        "noise_seed": "0",
        "ros_name": "sensor.other.radar",
        "horizontal_fov": "35.0",
        "points_per_second": "1500",
        "vertical_fov": "20.0",
        "range": "120.0"
      },
      "transform_carla": {
        "location": {
          "x": 89.08991241455078,
          "y": -56.66878890991211,
          "z": 0.8973851799964905
        },
        "rotation": {
          "roll": 0.6984139680862427,
          "pitch": 0.057025246322155,
          "yaw": -140.77943420410156
        }
      },
      "matrix_world_from_sensor_carla": [
        [
          -0.7747172117233276,
          0.6322510242462158,
          0.00847840029746294,
          89.08991241455078
        ],
        [
          -0.6323071122169495,
          -0.7746677398681641,
          -0.008814006112515926,
          -56.66878890991211
        ],
        [
          0.000995278125628829,
          -0.012189315631985664,
          0.9999252557754517,
          0.8973851799964905
        ],
        [
          0.0,
          0.0,
          0.0,
          1.0
        ]
      ],
      "matrix_world_from_sensor_bevfusion": [
        [
          -0.7747172117233276,
          -0.6322510242462158,
          0.00847840029746294,
          89.08991241455078
        ],
        [
          0.6323071122169495,
          -0.7746677398681641,
          0.008814006112515926,
          56.66878890991211
        ],
        [
          0.000995278125628829,
          0.012189315631985664,
          0.9999252557754517,
          0.8973851799964905
        ],
        [
          0.0,
          0.0,
          0.0,
          1.0
        ]
      ],
      "matrix_ego_from_sensor_carla": [
        [
          1.0,
          1.8061443451955483e-09,
          1.1447075232151604e-10,
          2.0
        ],
        [
          1.0300678532360052e-08,
          1.0,
          2.4732749182021507e-10,
          0.0
        ],
        [
          -6.122426177146423e-11,
          -8.886386071438324e-10,
          1.0,
          0.8999999761581421
        ],
        [
          0.0,
          0.0,
          0.0,
          1.0
        ]
      ],
      "matrix_ego_from_sensor_bevfusion": [
        [
          1.0,
          -1.8061443451955483e-09,
          1.1447075232151604e-10,
          2.0
        ],
        [
          -1.0300678532360052e-08,
          1.0,
          -2.4732749182021507e-10,
          0.0
        ],
        [
          -6.122426177146423e-11,
          8.886386071438324e-10,
          1.0,
          0.8999999761581421
        ],
        [
          0.0,
          0.0,
          0.0,
          1.0
        ]
      ],
      "data_path": "D:\\Agent-AI\\outputs\\s3a_ml_long_v2\\sample_000052\\radar\\RADAR_FRONT.npy",
      "raw_layout": [
        "velocity",
        "altitude",
        "azimuth",
        "depth"
      ]
    },
    "RADAR_FRONT_LEFT": {
      "type_id": "sensor.other.radar",
      "blueprint_attributes": {
        "sensor_tick": "0.100000",
        "role_name": "default",
        "noise_seed": "0",
        "ros_name": "sensor.other.radar",
        "horizontal_fov": "35.0",
        "points_per_second": "1500",
        "vertical_fov": "20.0",
        "range": "120.0"
      },
      "transform_carla": {
        "location": {
          "x": 88.88687133789062,
          "y": -55.866477966308594,
          "z": 0.9061787724494934
        },
        "rotation": {
          "roll": 0.4535423517227173,
          "pitch": 0.5341686010360718,
          "yaw": 174.22232055664062
        }
      },
      "matrix_world_from_sensor_carla": [
        [
          -0.9948768019676208,
          -0.10073897987604141,
          0.008478350006043911,
          88.88687133789062
        ],
        [
          0.10066433995962143,
          -0.9948813915252686,
          -0.008814004249870777,
          -55.866477966308594
        ],
        [
          0.00932286586612463,
          -0.007915380410850048,
          0.9999251961708069,
          0.9061787724494934
        ],
        [
          0.0,
          0.0,
          0.0,
          1.0
        ]
      ],
      "matrix_world_from_sensor_bevfusion": [
        [
          -0.9948768019676208,
          0.10073897987604141,
          0.008478350006043911,
          88.88687133789062
        ],
        [
          -0.10066433995962143,
          -0.9948813915252686,
          0.008814004249870777,
          55.866477966308594
        ],
        [
          0.00932286586612463,
          0.007915380410850048,
          0.9999251961708069,
          0.9061787724494934
        ],
        [
          0.0,
          0.0,
          0.0,
          1.0
        ]
      ],
      "matrix_ego_from_sensor_carla": [
        [
          0.7071067094802856,
          0.70710688829422,
          3.754088240270903e-08,
          1.6499977111816406
        ],
        [
          -0.7071069478988647,
          0.7071066498756409,
          -3.255374636523811e-08,
          -0.7500076293945312
        ],
        [
          -5.104820033352553e-08,
          -3.0143609830446394e-09,
          0.9999999403953552,
          0.899999737739563
        ],
        [
          0.0,
          0.0,
          0.0,
          1.0
        ]
      ],
      "matrix_ego_from_sensor_bevfusion": [
        [
          0.7071067094802856,
          -0.70710688829422,
          3.754088240270903e-08,
          1.6499977111816406
        ],
        [
          0.7071069478988647,
          0.7071066498756409,
          3.255374636523811e-08,
          0.7500076293945312
        ],
        [
          -5.104820033352553e-08,
          3.0143609830446394e-09,
          0.9999999403953552,
          0.899999737739563
        ],
        [
          0.0,
          0.0,
          0.0,
          1.0
        ]
      ],
      "data_path": "D:\\Agent-AI\\outputs\\s3a_ml_long_v2\\sample_000052\\radar\\RADAR_FRONT_LEFT.npy",
      "raw_layout": [
        "velocity",
        "altitude",
        "azimuth",
        "depth"
      ]
    },
    "RADAR_FRONT_RIGHT": {
      "type_id": "sensor.other.radar",
      "blueprint_attributes": {
        "sensor_tick": "0.100000",
        "role_name": "default",
        "noise_seed": "0",
        "ros_name": "sensor.other.radar",
        "horizontal_fov": "35.0",
        "points_per_second": "1500",
        "vertical_fov": "20.0",
        "range": "120.0"
      },
      "transform_carla": {
