{
  "schema_version": "stage1.v1",
  "sample_name": "sample_000094",
  "sequence_index": 94,
  "previous_sample_name": "sample_000093",
  "frame_id": 60095,
  "timestamp": 444.4197008907795,
  "platform_timestamp": 16814605.2521914,
  "delta_seconds": 0.10000000149011612,
  "town": "Carla/Maps/Town10HD_Opt",
  "weather": {
    "cloudiness": 20.0,
    "dust_storm": 0.0,
    "fog_density": 2.0,
    "fog_distance": 0.75,
    "fog_falloff": 0.10000000149011612,
    "mie_scattering_scale": 0.029999999329447746,
    "precipitation": 0.0,
    "precipitation_deposits": 0.0,
    "rayleigh_scattering_scale": 0.03310000151395798,
    "scattering_intensity": 1.0,
    "sun_altitude_angle": 45.0,
    "sun_azimuth_angle": 300.0,
    "wetness": 0.0,
    "wind_intensity": 10.0
  },
  "sensor_names": [
    "CAM_FRONT",
    "CAM_FRONT_RIGHT",
    "CAM_FRONT_LEFT",
    "CAM_BACK",
    "CAM_BACK_LEFT",
    "CAM_BACK_RIGHT",
    "LIDAR_TOP",
    "RADAR_FRONT",
    "RADAR_FRONT_LEFT",
    "RADAR_FRONT_RIGHT",
    "RADAR_BACK_LEFT",
    "RADAR_BACK_RIGHT"
  ],
  "camera_order_for_model": [
    "CAM_FRONT",
    "CAM_FRONT_RIGHT",
    "CAM_FRONT_LEFT",
    "CAM_BACK",
    "CAM_BACK_LEFT",
    "CAM_BACK_RIGHT"
  ],
  "radar_order_for_model": [
    "RADAR_FRONT",
    "RADAR_FRONT_LEFT",
    "RADAR_FRONT_RIGHT",
    "RADAR_BACK_LEFT",
    "RADAR_BACK_RIGHT"
  ],
  "coordinate_notes": {
    "carla_world": "left-handed x-forward y-right z-up",
    "bevfusion_lidar": "x-forward y-left z-up",
    "camera_frame_for_model": "OpenCV style x-right y-down z-forward"
  },
  "ego": {
    "actor_id": 28,
    "transform_carla": {
      "location": {
        "x": 77.2879638671875,
        "y": -62.27976608276367,
        "z": -0.00424552895128727
      },
      "rotation": {
        "roll": -0.005798338912427425,
        "pitch": -0.06817211210727692,
        "yaw": -161.7235107421875
      }
    },
    "velocity_carla": [
      0.0010164661798626184,
      0.0002613963442854583,
      3.99589544031187e-06
    ],
    "angular_velocity_carla": [
      -0.07923415303230286,
      0.31418871879577637,
      0.0003260532103013247
    ],
    "matrix_world_from_ego_carla": [
      [
        -0.9495536088943481,
        0.3136027157306671,
        -0.0011615424882620573,
        77.2879638671875
      ],
      [
        -0.31360259652137756,
        -0.9495543241500854,
        -0.0002770383143797517,
        -62.27976608276367
      ],
      [
        -0.0011898275697603822,
        0.0001012000284390524,
        0.9999992847442627,
        -0.00424552895128727
      ],
      [
        0.0,
        0.0,
        0.0,
        1.0
      ]
    ],
    "matrix_world_from_ego_bevfusion": [
      [
        -0.9495536088943481,
        -0.3136027157306671,
        -0.0011615424882620573,
        77.2879638671875
      ],
      [
        0.31360259652137756,
        -0.9495543241500854,
        0.0002770383143797517,
        62.27976608276367
      ],
      [
        -0.0011898275697603822,
        -0.0001012000284390524,
        0.9999992847442627,
        -0.00424552895128727
      ],
      [
        0.0,
        0.0,
        0.0,
        1.0
      ]
    ]
  },
  "sensors": {
    "CAM_FRONT": {
      "type_id": "sensor.camera.rgb",
      "blueprint_attributes": {
        "role_name": "front",
        "ros_name": "sensor.camera.rgb",
        "chromatic_aberration_offset": "0.0",
        "sensor_tick": "0.100000",
        "fstop": "1.4",
        "image_size_x": "960",
        "image_size_y": "540",
        "fov": "70.00",
        "lens_circle_falloff": "5.0",
        "lens_circle_multiplier": "0.0",
        "exposure_compensation": "0.0",
        "lens_y_size": "0.08",
        "lens_k": "-1.0",
        "exposure_mode": "histogram",
        "lens_kcube": "0.0",
        "lens_x_size": "0.08",
        "exposure_max_bright": "12.0",
        "shutter_speed": "200.0",
        "bloom_intensity": "0.675",
        "iso": "100.0",
        "enable_postprocess_effects": "false",
        "gamma": "2.2",
        "motion_blur_intensity": "0.0",
        "motion_blur_max_distortion": "0.35",
        "lens_flare_intensity": "0.1",
        "motion_blur_min_object_screen_size": "0.1",
        "exposure_min_bright": "10.0",
        "exposure_speed_up": "3.0",
        "exposure_speed_down": "1.0",
        "tint": "0.0",
        "calibration_constant": "16.0",
        "focal_distance": "1000.0",
        "min_fstop": "1.2",
        "blade_count": "5",
        "blur_amount": "0.0",
        "blur_radius": "0.0",
        "slope": "0.88",
        "toe": "0.55",
        "white_clip": "0.04",
        "shoulder": "0.26",
        "black_clip": "0.0",
        "temp": "6500.0",
        "chromatic_aberration_intensity": "0.0"
      },
      "transform_carla": {
        "location": {
          "x": 75.8141860961914,
          "y": -62.76631546020508,
          "z": 1.693908929824829
        },
        "rotation": {
          "roll": -0.005798338912427425,
          "pitch": -0.06817211210727692,
          "yaw": -161.7235107421875
        }
      },
      "matrix_world_from_sensor_carla": [
        [
          -0.9495536088943481,
          0.3136027157306671,
          -0.0011615424882620573,
          75.8141860961914
        ],
        [
          -0.31360259652137756,
          -0.9495543241500854,
          -0.0002770383143797517,
          -62.76631546020508
        ],
        [
          -0.0011898275697603822,
          0.0001012000284390524,
          0.9999992847442627,
          1.693908929824829
        ],
        [
          0.0,
          0.0,
          0.0,
          1.0
        ]
      ],
      "matrix_world_from_sensor_bevfusion": [
        [
          0.3136027157306671,
          0.0011615424882620573,
          -0.9495536088943481,
          75.8141860961914
        ],
        [
          0.9495543241500854,
          -0.0002770383143797517,
          0.31360259652137756,
          62.76631546020508
        ],
        [
          0.0001012000284390524,
          -0.9999992847442627,
          -0.0011898275697603822,
          1.693908929824829
        ],
        [
          0.0,
          0.0,
          0.0,
          1.0
        ]
      ],
      "matrix_ego_from_sensor_carla": [
        [
          1.0,
          1.105731595174575e-08,
          3.612374288586295e-11,
          1.5499916076660156
        ],
        [
          -7.634826104663262e-09,
          1.0,
          -6.900261612097225e-12,
          0.0
        ],
        [
          -8.029157894107186e-11,
          1.492759041377134e-11,
          1.0,
          1.6999999284744263
        ],
        [
          0.0,
          0.0,
          0.0,
          1.0
        ]
      ],
      "matrix_ego_from_sensor_bevfusion": [
        [
          1.105731595174575e-08,
          -3.612374288586295e-11,
          1.0,
          1.5499916076660156
        ],
        [
          -1.0,
          -6.900261612097225e-12,
          7.634826104663262e-09,
          0.0
        ],
        [
          1.492759041377134e-11,
          -1.0,
          -8.029157894107186e-11,
          1.6999999284744263
        ],
        [
          0.0,
          0.0,
          0.0,
          1.0
        ]
      ],
      "camera_intrinsics": [
        [
          685.5110473632812,
          0.0,
          480.0
        ],
        [
          0.0,
          685.5110473632812,
          270.0
        ],
        [
          0.0,
          0.0,
          1.0
        ]
      ],
      "data_path": "D:\\Agent-AI\\outputs\\s3a_ml_long_v2\\sample_000094\\images\\CAM_FRONT.png",
      "raw_layout": "bgra8"
    },
    "CAM_FRONT_RIGHT": {
      "type_id": "sensor.camera.rgb",
      "blueprint_attributes": {
        "role_name": "front",
        "ros_name": "sensor.camera.rgb",
        "chromatic_aberration_offset": "0.0",
        "sensor_tick": "0.100000",
        "fstop": "1.4",
        "image_size_x": "960",
        "image_size_y": "540",
        "fov": "70.00",
        "lens_circle_falloff": "5.0",
        "lens_circle_multiplier": "0.0",
        "exposure_compensation": "0.0",
        "lens_y_size": "0.08",
        "lens_k": "-1.0",
        "exposure_mode": "histogram",
        "lens_kcube": "0.0",
        "lens_x_size": "0.08",
        "exposure_max_bright": "12.0",
        "shutter_speed": "200.0",
        "bloom_intensity": "0.675",
        "iso": "100.0",
        "enable_postprocess_effects": "false",
        "gamma": "2.2",
        "motion_blur_intensity": "0.0",
        "motion_blur_max_distortion": "0.35",
        "lens_flare_intensity": "0.1",
        "motion_blur_min_object_screen_size": "0.1",
        "exposure_min_bright": "10.0",
        "exposure_speed_up": "3.0",
        "exposure_speed_down": "1.0",
        "tint": "0.0",
        "calibration_constant": "16.0",
        "focal_distance": "1000.0",
        "min_fstop": "1.2",
        "blade_count": "5",
        "blur_amount": "0.0",
        "blur_radius": "0.0",
        "slope": "0.88",
        "toe": "0.55",
        "white_clip": "0.04",
        "shoulder": "0.26",
        "black_clip": "0.0",
        "temp": "6500.0",
        "chromatic_aberration_intensity": "0.0"
      },
      "transform_carla": {
        "location": {
          "x": 76.22405242919922,
          "y": -63.210174560546875,
          "z": 1.6942620277404785
        },
        "rotation": {
          "roll": -0.059172507375478745,
          "pitch": -0.03435584902763367,
          "yaw": -106.7235336303711
        }
      },
      "matrix_world_from_sensor_carla": [
        [
          -0.28775379061698914,
          0.957703709602356,
          -0.0011616174597293139,
          76.22405242919922
        ],
        [
          -0.9577042460441589,
          -0.2877542972564697,
          -0.0002770817663986236,
          -63.210174560546875
        ],
        [
          -0.0005996226100251079,
          0.0010327546624466777,
          0.9999992847442627,
          1.6942620277404785
        ],
        [
          0.0,
          0.0,
          0.0,
          1.0
        ]
      ],
      "matrix_world_from_sensor_bevfusion": [
        [
          0.957703709602356,
          0.0011616174597293139,
          -0.28775379061698914,
          76.22405242919922
        ],
        [
          0.2877542972564697,
          -0.0002770817663986236,
          0.9577042460441589,
          63.210174560546875
        ],
        [
          0.0010327546624466777,
          -0.9999992847442627,
          -0.0005996226100251079,
          1.6942620277404785
        ],
        [
          0.0,
          0.0,
          0.0,
          1.0
        ]
      ],
      "matrix_ego_from_sensor_carla": [
        [
          0.5735769271850586,
          -0.819151759147644,
          8.478647828269459e-08,
          1.2999992370605469
        ],
        [
          0.819151759147644,
          0.5735768675804138,
          1.7739159474672306e-08,
          0.5500030517578125
        ],
        [
          -6.319208978311508e-08,
          5.944803760371542e-08,
          1.0,
          1.6999999284744263
        ],
        [
          0.0,
          0.0,
          0.0,
          1.0
        ]
      ],
      "matrix_ego_from_sensor_bevfusion": [
        [
          -0.819151759147644,
          -8.478647828269459e-08,
          0.5735769271850586,
          1.2999992370605469
        ],
        [
          -0.5735768675804138,
          1.7739159474672306e-08,
          -0.819151759147644,
          -0.5500030517578125
        ],
        [
          5.944803760371542e-08,
          -1.0,
          -6.319208978311508e-08,
          1.6999999284744263
        ],
        [
          0.0,
          0.0,
          0.0,
          1.0
        ]
      ],
      "camera_intrinsics": [
        [
          685.5110473632812,
          0.0,
          480.0
        ],
        [
          0.0,
          685.5110473632812,
          270.0
        ],
        [
          0.0,
          0.0,
          1.0
        ]
      ],
      "data_path": "D:\\Agent-AI\\outputs\\s3a_ml_long_v2\\sample_000094\\images\\CAM_FRONT_RIGHT.png",
      "raw_layout": "bgra8"
    },
    "CAM_FRONT_LEFT": {
      "type_id": "sensor.camera.rgb",
      "blueprint_attributes": {
        "role_name": "front",
        "ros_name": "sensor.camera.rgb",
        "chromatic_aberration_offset": "0.0",
        "sensor_tick": "0.100000",
        "fstop": "1.4",
        "image_size_x": "960",
        "image_size_y": "540",
        "fov": "70.00",
        "lens_circle_falloff": "5.0",
        "lens_circle_multiplier": "0.0",
        "exposure_compensation": "0.0",
        "lens_y_size": "0.08",
        "lens_k": "-1.0",
        "exposure_mode": "histogram",
        "lens_kcube": "0.0",
        "lens_x_size": "0.08",
        "exposure_max_bright": "12.0",
        "shutter_speed": "200.0",
        "bloom_intensity": "0.675",
        "iso": "100.0",
        "enable_postprocess_effects": "false",
        "gamma": "2.2",
        "motion_blur_intensity": "0.0",
        "motion_blur_max_distortion": "0.35",
        "lens_flare_intensity": "0.1",
        "motion_blur_min_object_screen_size": "0.1",
        "exposure_min_bright": "10.0",
        "exposure_speed_up": "3.0",
        "exposure_speed_down": "1.0",
        "tint": "0.0",
        "calibration_constant": "16.0",
        "focal_distance": "1000.0",
        "min_fstop": "1.2",
        "blade_count": "5",
        "blur_amount": "0.0",
        "blur_radius": "0.0",
        "slope": "0.88",
        "toe": "0.55",
        "white_clip": "0.04",
        "shoulder": "0.26",
        "black_clip": "0.0",
        "temp": "6500.0",
        "chromatic_aberration_intensity": "0.0"
      },
      "transform_carla": {
        "location": {
          "x": 75.87908935546875,
          "y": -62.1656608581543,
          "z": 1.694150686264038
        },
        "rotation": {
          "roll": 0.05252093821763992,
          "pitch": -0.04384981095790863,
          "yaw": 143.27645874023438
        }
      },
      "matrix_world_from_sensor_carla": [
        [
          -0.8015297651290894,
          -0.5979537963867188,
          -0.0011615524999797344,
          75.87908935546875
        ],
        [
          0.5979543924331665,
          -0.8015300631523132,
          -0.00027710452559404075,
          -62.1656608581543
        ],
        [
          -0.0007653235225006938,
          -0.0009166628587990999,
          0.9999992847442627,
          1.694150686264038
        ],
        [
          0.0,
          0.0,
          0.0,
          1.0
        ]
      ],
      "matrix_world_from_sensor_bevfusion": [
        [
          -0.5979537963867188,
          0.0011615524999797344,
          -0.8015297651290894,
          75.87908935546875
        ],
        [
          0.8015300631523132,
          -0.00027710452559404075,
          -0.5979543924331665,
          62.1656608581543
        ],
        [
          -0.0009166628587990999,
          -0.9999992847442627,
          -0.0007653235225006938,
          1.694150686264038
        ],
        [
          0.0,
          0.0,
          0.0,
          1.0
        ]
      ],
      "matrix_ego_from_sensor_carla": [
        [
          0.5735762715339661,
          0.8191521167755127,
          3.018769234586216e-08,
          1.2999954223632812
        ],
        [
          -0.8191520571708679,
          0.5735762715339661,
          5.972143668486751e-08,
          -0.5500030517578125
        ],
        [
          3.151387772959424e-08,
          -5.900720267959514e-08,
          1.0,
          1.6999999284744263
        ],
        [
          0.0,
          0.0,
          0.0,
          1.0
        ]
      ],
      "matrix_ego_from_sensor_bevfusion": [
        [
          0.8191521167755127,
          -3.018769234586216e-08,
          0.5735762715339661,
          1.2999954223632812
        ],
        [
          -0.5735762715339661,
          5.972143668486751e-08,
          0.8191520571708679,
          0.5500030517578125
        ],
        [
          -5.900720267959514e-08,
          -1.0,
          3.151387772959424e-08,
          1.6999999284744263
        ],
        [
          0.0,
          0.0,
          0.0,
          1.0
        ]
      ],
      "camera_intrinsics": [
        [
          685.5110473632812,
          0.0,
          480.0
        ],
        [
          0.0,
          685.5110473632812,
          270.0
        ],
        [
          0.0,
          0.0,
          1.0
        ]
      ],
      "data_path": "D:\\Agent-AI\\outputs\\s3a_ml_long_v2\\sample_000094\\images\\CAM_FRONT_LEFT.png",
      "raw_layout": "bgra8"
    },
    "CAM_BACK": {
      "type_id": "sensor.camera.rgb",
      "blueprint_attributes": {
        "role_name": "front",
        "ros_name": "sensor.camera.rgb",
        "chromatic_aberration_offset": "0.0",
        "sensor_tick": "0.100000",
        "fstop": "1.4",
        "image_size_x": "960",
        "image_size_y": "540",
        "fov": "70.00",
        "lens_circle_falloff": "5.0",
        "lens_circle_multiplier": "0.0",
        "exposure_compensation": "0.0",
        "lens_y_size": "0.08",
        "lens_k": "-1.0",
        "exposure_mode": "histogram",
        "lens_kcube": "0.0",
        "lens_x_size": "0.08",
        "exposure_max_bright": "12.0",
        "shutter_speed": "200.0",
        "bloom_intensity": "0.675",
        "iso": "100.0",
        "enable_postprocess_effects": "false",
        "gamma": "2.2",
        "motion_blur_intensity": "0.0",
        "motion_blur_max_distortion": "0.35",
        "lens_flare_intensity": "0.1",
        "motion_blur_min_object_screen_size": "0.1",
        "exposure_min_bright": "10.0",
        "exposure_speed_up": "3.0",
        "exposure_speed_down": "1.0",
        "tint": "0.0",
        "calibration_constant": "16.0",
        "focal_distance": "1000.0",
        "min_fstop": "1.2",
        "blade_count": "5",
        "blur_amount": "0.0",
        "blur_radius": "0.0",
        "slope": "0.88",
        "toe": "0.55",
        "white_clip": "0.04",
        "shoulder": "0.26",
        "black_clip": "0.0",
        "temp": "6500.0",
        "chromatic_aberration_intensity": "0.0"
      },
      "transform_carla": {
        "location": {
          "x": 78.75779724121094,
          "y": -61.79415512084961,
          "z": 1.697597622871399
        },
        "rotation": {
          "roll": 0.0057983617298305035,
          "pitch": 0.06817211210727692,
          "yaw": 18.27649688720703
        }
      },
      "matrix_world_from_sensor_carla": [
        [
          0.9495535492897034,
          -0.31360283493995667,
          -0.0011615426046773791,
          78.75779724121094
        ],
        [
          0.3136027157306671,
          0.9495542645454407,
          -0.00027703808154910803,
          -61.79415512084961
        ],
        [
          0.0011898275697603822,
          -0.00010120042861672118,
          0.9999992847442627,
          1.697597622871399
        ],
        [
          0.0,
          0.0,
          0.0,
          1.0
        ]
      ],
      "matrix_world_from_sensor_bevfusion": [
        [
          -0.31360283493995667,
          0.0011615426046773791,
          0.9495535492897034,
          78.75779724121094
        ],
        [
          -0.9495542645454407,
          -0.00027703808154910803,
          -0.3136027157306671,
          61.79415512084961
        ],
        [
          -0.00010120042861672118,
          -0.9999992847442627,
          0.0011898275697603822,
          1.697597622871399
        ],
        [
          0.0,
          0.0,
          0.0,
          1.0
        ]
      ],
      "matrix_ego_from_sensor_carla": [
        [
          -1.0,
          1.2684462546985742e-07,
          3.612374288586295e-11,
          -1.5499954223632812
        ],
        [
          -1.353631802203381e-07,
          -1.0,
          -2.5428281702488675e-10,
          7.62939453125e-06
        ],
        [
          8.029157894107186e-11,
          -2.550339106566213e-10,
          1.0,
          1.7000001668930054
        ],
        [
          0.0,
          0.0,
          0.0,
          1.0
        ]
      ],
      "matrix_ego_from_sensor_bevfusion": [
        [
          1.2684462546985742e-07,
          -3.612374288586295e-11,
          -1.0,
          -1.5499954223632812
        ],
        [
          1.0,
          -2.5428281702488675e-10,
          1.353631802203381e-07,
          -7.62939453125e-06
        ],
        [
          -2.550339106566213e-10,
          -1.0,
          8.029157894107186e-11,
          1.7000001668930054
        ],
        [
          0.0,
          0.0,
          0.0,
          1.0
        ]
      ],
      "camera_intrinsics": [
        [
          685.5110473632812,
          0.0,
          480.0
        ],
        [
          0.0,
          685.5110473632812,
          270.0
        ],
        [
          0.0,
          0.0,
          1.0
        ]
      ],
      "data_path": "D:\\Agent-AI\\outputs\\s3a_ml_long_v2\\sample_000094\\images\\CAM_BACK.png",
      "raw_layout": "bgra8"
    },
    "CAM_BACK_LEFT": {
      "type_id": "sensor.camera.rgb",
      "blueprint_attributes": {
        "role_name": "front",
        "ros_name": "sensor.camera.rgb",
        "chromatic_aberration_offset": "0.0",
        "sensor_tick": "0.100000",
        "fstop": "1.4",
        "image_size_x": "960",
        "image_size_y": "540",
        "fov": "70.00",
        "lens_circle_falloff": "5.0",
        "lens_circle_multiplier": "0.0",
        "exposure_compensation": "0.0",
        "lens_y_size": "0.08",
        "lens_k": "-1.0",
        "exposure_mode": "histogram",
        "lens_kcube": "0.0",
        "lens_x_size": "0.08",
        "exposure_max_bright": "12.0",
        "shutter_speed": "200.0",
        "bloom_intensity": "0.675",
        "iso": "100.0",
        "enable_postprocess_effects": "false",
        "gamma": "2.2",
        "motion_blur_intensity": "0.0",
        "motion_blur_max_distortion": "0.35",
        "lens_flare_intensity": "0.1",
        "motion_blur_min_object_screen_size": "0.1",
        "exposure_min_bright": "10.0",
        "exposure_speed_up": "3.0",
        "exposure_speed_down": "1.0",
        "tint": "0.0",
        "calibration_constant": "16.0",
        "focal_distance": "1000.0",
        "min_fstop": "1.2",
        "blade_count": "5",
        "blur_amount": "0.0",
        "blur_radius": "0.0",
        "slope": "0.88",
        "toe": "0.55",
        "white_clip": "0.04",
        "shoulder": "0.26",
        "black_clip": "0.0",
        "temp": "6500.0",
        "chromatic_aberration_intensity": "0.0"
      },
      "transform_carla": {
        "location": {
          "x": 78.34793090820312,
          "y": -61.35029602050781,
          "z": 1.6972445249557495
        },
        "rotation": {
          "roll": 0.059172507375478745,
          "pitch": 0.03435584902763367,
          "yaw": 73.2764663696289
        }
      },
      "matrix_world_from_sensor_carla": [
        [
          0.2877538204193115,
          -0.957703709602356,
          -0.0011616175761446357,
          78.34793090820312
        ],
        [
          0.9577042460441589,
          0.2877543270587921,
          -0.00027708170819096267,
          -61.35029602050781
        ],
        [
          0.0005996226100251079,
          -0.0010327546624466777,
          0.9999992847442627,
          1.6972445249557495
        ],
        [
          0.0,
          0.0,
          0.0,
          1.0
        ]
      ],
      "matrix_world_from_sensor_bevfusion": [
        [
          -0.957703709602356,
          0.0011616175761446357,
          0.2877538204193115,
          78.34793090820312
        ],
        [
          -0.2877543270587921,
          -0.00027708170819096267,
          -0.9577042460441589,
          61.35029602050781
        ],
        [
          -0.0010327546624466777,
          -0.9999992847442627,
          0.0005996226100251079,
          1.6972445249557495
        ],
        [
          0.0,
          0.0,
          0.0,
          1.0
        ]
      ],
      "matrix_ego_from_sensor_carla": [
        [
          -0.5735769271850586,
          0.819151759147644,
          8.490289360452152e-08,
          -1.2999992370605469
        ],
        [
          -0.8191516995429993,
          -0.5735769271850586,
          1.7659123940916288e-08,
          -0.5499954223632812
        ],
        [
          6.319208978311508e-08,
          -5.944803760371542e-08,
          1.0,
          1.7000001668930054
        ],
        [
          0.0,
          0.0,
          0.0,
          1.0
        ]
      ],
      "matrix_ego_from_sensor_bevfusion": [
        [
          0.819151759147644,
          -8.490289360452152e-08,
          -0.5735769271850586,
          -1.2999992370605469
        ],
        [
          0.5735769271850586,
          1.7659123940916288e-08,
          0.8191516995429993,
          0.5499954223632812
        ],
        [
          -5.944803760371542e-08,
          -1.0,
          6.319208978311508e-08,
          1.7000001668930054
        ],
        [
          0.0,
          0.0,
          0.0,
          1.0
        ]
      ],
      "camera_intrinsics": [
        [
          685.5110473632812,
          0.0,
          480.0
        ],
        [
          0.0,
          685.5110473632812,
          270.0
        ],
        [
          0.0,
          0.0,
          1.0
        ]
      ],
      "data_path": "D:\\Agent-AI\\outputs\\s3a_ml_long_v2\\sample_000094\\images\\CAM_BACK_LEFT.png",
      "raw_layout": "bgra8"
    },
    "CAM_BACK_RIGHT": {
      "type_id": "sensor.camera.rgb",
      "blueprint_attributes": {
        "role_name": "front",
        "ros_name": "sensor.camera.rgb",
        "chromatic_aberration_offset": "0.0",
        "sensor_tick": "0.100000",
        "fstop": "1.4",
        "image_size_x": "960",
        "image_size_y": "540",
        "fov": "70.00",
        "lens_circle_falloff": "5.0",
        "lens_circle_multiplier": "0.0",
        "exposure_compensation": "0.0",
        "lens_y_size": "0.08",
        "lens_k": "-1.0",
        "exposure_mode": "histogram",
        "lens_kcube": "0.0",
        "lens_x_size": "0.08",
        "exposure_max_bright": "12.0",
        "shutter_speed": "200.0",
        "bloom_intensity": "0.675",
        "iso": "100.0",
        "enable_postprocess_effects": "false",
        "gamma": "2.2",
        "motion_blur_intensity": "0.0",
        "motion_blur_max_distortion": "0.35",
        "lens_flare_intensity": "0.1",
        "motion_blur_min_object_screen_size": "0.1",
        "exposure_min_bright": "10.0",
        "exposure_speed_up": "3.0",
        "exposure_speed_down": "1.0",
        "tint": "0.0",
        "calibration_constant": "16.0",
        "focal_distance": "1000.0",
        "min_fstop": "1.2",
        "blade_count": "5",
        "blur_amount": "0.0",
        "blur_radius": "0.0",
        "slope": "0.88",
        "toe": "0.55",
        "white_clip": "0.04",
        "shoulder": "0.26",
        "black_clip": "0.0",
        "temp": "6500.0",
        "chromatic_aberration_intensity": "0.0"
      },
      "transform_carla": {
        "location": {
          "x": 78.6928939819336,
          "y": -62.39480972290039,
          "z": 1.6973556280136108
        },
        "rotation": {
          "roll": -0.05252094194293022,
          "pitch": 0.04384981095790863,
          "yaw": -36.72353744506836
        }
      },
      "matrix_world_from_sensor_carla": [
        [
          0.8015298247337341,
          0.5979536771774292,
          -0.0011615524999797344,
          78.6928939819336
        ],
        [
          -0.597954273223877,
          0.801530122756958,
          -0.00027710478752851486,
          -62.39480972290039
        ],
        [
          0.0007653235225006938,
          0.0009166629752144217,
          0.9999992847442627,
          1.6973556280136108
        ],
        [
          0.0,
          0.0,
          0.0,
          1.0
        ]
      ],
      "matrix_world_from_sensor_bevfusion": [
        [
          0.5979536771774292,
          0.0011615524999797344,
          0.8015298247337341,
          78.6928939819336
        ],
        [
          -0.801530122756958,
          -0.00027710478752851486,
          0.597954273223877,
          62.39480972290039
        ],
        [
          0.0009166629752144217,
          -0.9999992847442627,
          0.0007653235225006938,
          1.6973556280136108
        ],
        [
          0.0,
          0.0,
          0.0,
          1.0
        ]
      ],
      "matrix_ego_from_sensor_carla": [
        [
          -0.5735763311386108,
          -0.8191519975662231,
          3.0304107667689095e-08,
          -1.2999992370605469
        ],
        [
          0.8191519975662231,
          -0.5735763311386108,
          5.997609520136393e-08,
          0.5500106811523438
        ],
        [
          -3.1688500712334644e-08,
          5.924003332324901e-08,
          1.0,
          1.6999999284744263
        ],
        [
          0.0,
          0.0,
          0.0,
          1.0
        ]
      ],
      "matrix_ego_from_sensor_bevfusion": [
        [
          -0.8191519975662231,
          -3.0304107667689095e-08,
          -0.5735763311386108,
          -1.2999992370605469
        ],
        [
          0.5735763311386108,
          5.997609520136393e-08,
          -0.8191519975662231,
          -0.5500106811523438
        ],
        [
          5.924003332324901e-08,
          -1.0,
          -3.1688500712334644e-08,
          1.6999999284744263
        ],
        [
          0.0,
          0.0,
          0.0,
          1.0
        ]
      ],
      "camera_intrinsics": [
        [
          685.5110473632812,
          0.0,
          480.0
        ],
        [
          0.0,
          685.5110473632812,
          270.0
        ],
        [
          0.0,
          0.0,
          1.0
        ]
      ],
      "data_path": "D:\\Agent-AI\\outputs\\s3a_ml_long_v2\\sample_000094\\images\\CAM_BACK_RIGHT.png",
      "raw_layout": "bgra8"
    },
    "LIDAR_TOP": {
      "type_id": "sensor.lidar.ray_cast",
      "blueprint_attributes": {
        "atmosphere_attenuation_rate": "0.004",
        "role_name": "front",
        "noise_seed": "0",
        "upper_fov": "10.0",
        "ros_name": "sensor.lidar.ray_cast",
        "sensor_tick": "0.100000",
        "channels": "32",
        "range": "120.0",
        "points_per_second": "360000",
        "lower_fov": "-30.0",
        "rotation_frequency": "10.000000",
        "horizontal_fov": "360.0",
        "dropoff_general_rate": "0.0",
        "dropoff_intensity_limit": "1.0",
        "noise_stddev": "0.0",
        "dropoff_zero_intensity": "0.0"
      },
      "transform_carla": {
        "location": {
          "x": 77.28541564941406,
          "y": -62.28037643432617,
          "z": 2.1957528591156006
        },
        "rotation": {
          "roll": -0.005798338912427425,
          "pitch": -0.06817211210727692,
          "yaw": -161.7235107421875
        }
      },
      "matrix_world_from_sensor_carla": [
        [
          -0.9495536088943481,
          0.3136027157306671,
          -0.0011615424882620573,
          77.28541564941406
        ],
        [
          -0.31360259652137756,
          -0.9495543241500854,
          -0.0002770383143797517,
          -62.28037643432617
        ],
        [
          -0.0011898275697603822,
          0.0001012000284390524,
          0.9999992847442627,
          2.1957528591156006
        ],
        [
          0.0,
          0.0,
          0.0,
          1.0
        ]
      ],
      "matrix_world_from_sensor_bevfusion": [
        [
          -0.9495536088943481,
          -0.3136027157306671,
          -0.0011615424882620573,
          77.28541564941406
        ],
        [
          0.31360259652137756,
          -0.9495543241500854,
          0.0002770383143797517,
          62.28037643432617
        ],
        [
          -0.0011898275697603822,
          -0.0001012000284390524,
          0.9999992847442627,
          2.1957528591156006
        ],
        [
          0.0,
          0.0,
          0.0,
          1.0
        ]
      ],
      "matrix_ego_from_sensor_carla": [
        [
          1.0,
          1.105731595174575e-08,
          3.612374288586295e-11,
          -7.62939453125e-06
        ],
        [
          -7.634826104663262e-09,
          1.0,
          -6.900261612097225e-12,
          7.62939453125e-06
        ],
        [
          -8.029157894107186e-11,
          1.492759041377134e-11,
          1.0,
          2.1999998092651367
        ],
        [
          0.0,
          0.0,
          0.0,
          1.0
        ]
      ],
      "matrix_ego_from_sensor_bevfusion": [
        [
          1.0,
          -1.105731595174575e-08,
          3.612374288586295e-11,
          -7.62939453125e-06
        ],
        [
          7.634826104663262e-09,
          1.0,
          6.900261612097225e-12,
          -7.62939453125e-06
        ],
        [
          -8.029157894107186e-11,
          -1.492759041377134e-11,
          1.0,
          2.1999998092651367
        ],
        [
          0.0,
          0.0,
          0.0,
          1.0
        ]
      ],
      "data_path": "D:\\Agent-AI\\outputs\\s3a_ml_long_v2\\sample_000094\\lidar\\LIDAR_TOP.npy",
      "raw_layout": [
        "x",
        "y",
        "z",
        "intensity"
      ]
    },
    "RADAR_FRONT": {
      "type_id": "sensor.other.radar",
      "blueprint_attributes": {
        "sensor_tick": "0.100000",
        "role_name": "default",
        "noise_seed": "0",
        "ros_name": "sensor.other.radar",
        "horizontal_fov": "35.0",
        "points_per_second": "1500",
        "vertical_fov": "20.0",
        "range": "120.0"
      },
      "transform_carla": {
        "location": {
          "x": 75.3878173828125,
          "y": -62.90721893310547,
          "z": 0.8933740258216858
        },
        "rotation": {
          "roll": -0.005798338912427425,
          "pitch": -0.06817211210727692,
          "yaw": -161.7235107421875
        }
      },
      "matrix_world_from_sensor_carla": [
        [
          -0.9495536088943481,
          0.3136027157306671,
          -0.0011615424882620573,
          75.3878173828125
        ],
        [
          -0.31360259652137756,
          -0.9495543241500854,
          -0.0002770383143797517,
          -62.90721893310547
        ],
        [
          -0.0011898275697603822,
          0.0001012000284390524,
          0.9999992847442627,
          0.8933740258216858
        ],
        [
          0.0,
          0.0,
          0.0,
          1.0
        ]
      ],
      "matrix_world_from_sensor_bevfusion": [
        [
          -0.9495536088943481,
          -0.3136027157306671,
          -0.0011615424882620573,
          75.3878173828125
        ],
        [
          0.31360259652137756,
          -0.9495543241500854,
          0.0002770383143797517,
          62.90721893310547
        ],
        [
          -0.0011898275697603822,
          -0.0001012000284390524,
          0.9999992847442627,
          0.8933740258216858
        ],
        [
          0.0,
          0.0,
          0.0,
          1.0
        ]
      ],
      "matrix_ego_from_sensor_carla": [
        [
          1.0,
          1.105731595174575e-08,
          3.612374288586295e-11,
          1.9999923706054688
        ],
        [
          -7.634826104663262e-09,
          1.0,
          -6.900261612097225e-12,
          7.62939453125e-06
        ],
        [
          -8.029157894107186e-11,
          1.492759041377134e-11,
          1.0,
          0.8999998569488525
        ],
        [
          0.0,
          0.0,
          0.0,
          1.0
        ]
      ],
      "matrix_ego_from_sensor_bevfusion": [
        [
          1.0,
          -1.105731595174575e-08,
          3.612374288586295e-11,
          1.9999923706054688
        ],
        [
          7.634826104663262e-09,
          1.0,
          6.900261612097225e-12,
          -7.62939453125e-06
        ],
        [
          -8.029157894107186e-11,
          -1.492759041377134e-11,
          1.0,
          0.8999998569488525
        ],
        [
          0.0,
          0.0,
          0.0,
          1.0
        ]
      ],
      "data_path": "D:\\Agent-AI\\outputs\\s3a_ml_long_v2\\sample_000094\\radar\\RADAR_FRONT.npy",
      "raw_layout": [
        "velocity",
        "altitude",
        "azimuth",
        "depth"
      ]
    },
    "RADAR_FRONT_LEFT": {
      "type_id": "sensor.other.radar",
      "blueprint_attributes": {
        "sensor_tick": "0.100000",
        "role_name": "default",
        "noise_seed": "0",
        "ros_name": "sensor.other.radar",
        "horizontal_fov": "35.0",
        "points_per_second": "1500",
        "vertical_fov": "20.0",
        "range": "120.0"
      },
      "transform_carla": {
        "location": {
          "x": 75.48495483398438,
          "y": -62.08529281616211,
          "z": 0.8937146067619324
        },
        "rotation": {
          "roll": 0.04410786181688309,
          "pitch": -0.05230558663606644,
          "yaw": 153.27645874023438
        }
      },
      "matrix_world_from_sensor_carla": [
        [
          -0.8931862711906433,
          -0.44968536496162415,
          -0.0011615746188908815,
          75.48495483398438
        ],
        [
          0.4496859312057495,
          -0.8931866884231567,
          -0.00027707908884622157,
          -62.08529281616211
        ],
        [
          -0.0009129045647569001,
          -0.0007698269910179079,
          0.9999992847442627,
          0.8937146067619324
        ],
        [
          0.0,
          0.0,
          0.0,
          1.0
        ]
      ],
      "matrix_world_from_sensor_bevfusion": [
        [
          -0.8931862711906433,
          0.44968536496162415,
          -0.0011615746188908815,
          75.48495483398438
        ],
        [
          -0.4496859312057495,
          -0.8931866884231567,
          0.00027707908884622157,
          62.08529281616211
        ],
        [
          -0.0009129045647569001,
          0.0007698269910179079,
          0.9999992847442627,
          0.8937146067619324
        ],
        [
          0.0,
          0.0,
          0.0,
          1.0
        ]
      ],
      "matrix_ego_from_sensor_carla": [
        [
          0.7071065902709961,
          0.70710688829422,
          4.3342623712305794e-08,
          1.649993896484375
        ],
        [
          -0.7071069478988647,
          0.7071066498756409,
          2.864581993833326e-08,
          -0.7499923706054688
        ],
        [
          -1.0464702882018173e-08,
          -5.0904947812568935e-08,
          1.0,
          0.8999998569488525
        ],
        [
          0.0,
          0.0,
          0.0,
          1.0
        ]
      ],
      "matrix_ego_from_sensor_bevfusion": [
        [
          0.7071065902709961,
          -0.70710688829422,
          4.3342623712305794e-08,
          1.649993896484375
        ],
        [
          0.7071069478988647,
          0.7071066498756409,
          -2.864581993833326e-08,
          0.7499923706054688
        ],
        [
          -1.0464702882018173e-08,
          5.0904947812568935e-08,
          1.0,
          0.8999998569488525
        ],
        [
          0.0,
          0.0,
          0.0,
          1.0
        ]
      ],
      "data_path": "D:\\Agent-AI\\outputs\\s3a_ml_long_v2\\sample_000094\\radar\\RADAR_FRONT_LEFT.npy",
      "raw_layout": [
        "velocity",
        "altitude",
        "azimuth",
        "depth"
      ]
    },
    "RADAR_FRONT_RIGHT": {
      "type_id": "sensor.other.radar",
      "blueprint_attributes": {
        "sensor_tick": "0.100000",
        "role_name": "default",
        "noise_seed": "0",
        "ros_name": "sensor.other.radar",
