{
  "schema_version": "stage1.v1",
  "sample_name": "sample_000047",
  "sequence_index": 47,
  "previous_sample_name": "sample_000046",
  "frame_id": 3967,
  "timestamp": 43.83108661696315,
  "platform_timestamp": 16816503.5934054,
  "delta_seconds": 0.10000000149011612,
  "town": "Carla/Maps/Town10HD_Opt",
  "weather": {
    "cloudiness": 20.0,
    "dust_storm": 0.0,
    "fog_density": 2.0,
    "fog_distance": 0.75,
    "fog_falloff": 0.10000000149011612,
    "mie_scattering_scale": 0.029999999329447746,
    "precipitation": 0.0,
    "precipitation_deposits": 0.0,
    "rayleigh_scattering_scale": 0.03310000151395798,
    "scattering_intensity": 1.0,
    "sun_altitude_angle": 45.0,
    "sun_azimuth_angle": 300.0,
    "wetness": 0.0,
    "wind_intensity": 10.0
  },
  "sensor_names": [
    "CAM_FRONT",
    "CAM_FRONT_RIGHT",
    "CAM_FRONT_LEFT",
    "CAM_BACK",
    "CAM_BACK_LEFT",
    "CAM_BACK_RIGHT",
    "LIDAR_TOP",
    "RADAR_FRONT",
    "RADAR_FRONT_LEFT",
    "RADAR_FRONT_RIGHT",
    "RADAR_BACK_LEFT",
    "RADAR_BACK_RIGHT"
  ],
  "camera_order_for_model": [
    "CAM_FRONT",
    "CAM_FRONT_RIGHT",
    "CAM_FRONT_LEFT",
    "CAM_BACK",
    "CAM_BACK_LEFT",
    "CAM_BACK_RIGHT"
  ],
  "radar_order_for_model": [
    "RADAR_FRONT",
    "RADAR_FRONT_LEFT",
    "RADAR_FRONT_RIGHT",
    "RADAR_BACK_LEFT",
    "RADAR_BACK_RIGHT"
  ],
  "coordinate_notes": {
    "carla_world": "left-handed x-forward y-right z-up",
    "bevfusion_lidar": "x-forward y-left z-up",
    "camera_frame_for_model": "OpenCV style x-right y-down z-forward"
  },
  "ego": {
    "actor_id": 24,
    "transform_carla": {
      "location": {
        "x": 106.45530700683594,
        "y": -39.65400314331055,
        "z": -0.0035319137386977673
      },
      "rotation": {
        "roll": 0.10263551026582718,
        "pitch": -0.2606809735298157,
        "yaw": -110.75471496582031
      }
    },
    "velocity_carla": [
      -0.865557074546814,
      -1.9806069135665894,
      -3.611564534367062e-05
    ],
    "angular_velocity_carla": [
      1.1251096725463867,
      -1.057492733001709,
      -4.944494247436523
    ],
    "matrix_world_from_ego_carla": [
      [
        -0.3543643057346344,
        0.935107409954071,
        6.28059497103095e-05,
        106.45530700683594
      ],
      [
        -0.9350963234901428,
        -0.35435977578163147,
        -0.004889257717877626,
        -39.65400314331055
      ],
      [
        -0.004549725446850061,
        -0.001791308051906526,
        0.9999880194664001,
        -0.0035319137386977673
      ],
      [
        0.0,
        0.0,
        0.0,
        1.0
      ]
    ],
    "matrix_world_from_ego_bevfusion": [
      [
        -0.3543643057346344,
        -0.935107409954071,
        6.28059497103095e-05,
        106.45530700683594
      ],
      [
        0.9350963234901428,
        -0.35435977578163147,
        0.004889257717877626,
        39.65400314331055
      ],
      [
        -0.004549725446850061,
        0.001791308051906526,
        0.9999880194664001,
        -0.0035319137386977673
      ],
      [
        0.0,
        0.0,
        0.0,
        1.0
      ]
    ]
  },
  "sensors": {
    "CAM_FRONT": {
      "type_id": "sensor.camera.rgb",
      "blueprint_attributes": {
        "role_name": "front",
        "ros_name": "sensor.camera.rgb",
        "chromatic_aberration_offset": "0.0",
        "sensor_tick": "0.100000",
        "fstop": "1.4",
        "image_size_x": "960",
        "image_size_y": "540",
        "fov": "70.00",
        "lens_circle_falloff": "5.0",
        "lens_circle_multiplier": "0.0",
        "exposure_compensation": "0.0",
        "lens_y_size": "0.08",
        "lens_k": "-1.0",
        "exposure_mode": "histogram",
        "lens_kcube": "0.0",
        "lens_x_size": "0.08",
        "exposure_max_bright": "12.0",
        "shutter_speed": "200.0",
        "bloom_intensity": "0.675",
        "iso": "100.0",
        "enable_postprocess_effects": "false",
        "gamma": "2.2",
        "motion_blur_intensity": "0.0",
        "motion_blur_max_distortion": "0.35",
        "lens_flare_intensity": "0.1",
        "motion_blur_min_object_screen_size": "0.1",
        "exposure_min_bright": "10.0",
        "exposure_speed_up": "3.0",
        "exposure_speed_down": "1.0",
        "tint": "0.0",
        "calibration_constant": "16.0",
        "focal_distance": "1000.0",
        "min_fstop": "1.2",
        "blade_count": "5",
        "blur_amount": "0.0",
        "blur_radius": "0.0",
        "slope": "0.88",
        "toe": "0.55",
        "white_clip": "0.04",
        "shoulder": "0.26",
        "black_clip": "0.0",
        "temp": "6500.0",
        "chromatic_aberration_intensity": "0.0"
      },
      "transform_carla": {
        "location": {
          "x": 105.9061508178711,
          "y": -41.11171340942383,
          "z": 1.6893956661224365
        },
        "rotation": {
          "roll": 0.10263551026582718,
          "pitch": -0.2606809735298157,
          "yaw": -110.75471496582031
        }
      },
      "matrix_world_from_sensor_carla": [
        [
          -0.3543643057346344,
          0.935107409954071,
          6.28059497103095e-05,
          105.9061508178711
        ],
        [
          -0.9350963234901428,
          -0.35435977578163147,
          -0.004889257717877626,
          -41.11171340942383
        ],
        [
          -0.004549725446850061,
          -0.001791308051906526,
          0.9999880194664001,
          1.6893956661224365
        ],
        [
          0.0,
          0.0,
          0.0,
          1.0
        ]
      ],
      "matrix_world_from_sensor_bevfusion": [
        [
          0.935107409954071,
          -6.28059497103095e-05,
          -0.3543643057346344,
          105.9061508178711
        ],
        [
          0.35435977578163147,
          -0.004889257717877626,
          0.9350963234901428,
          41.11171340942383
        ],
        [
          -0.001791308051906526,
          -0.9999880194664001,
          -0.004549725446850061,
          1.6893956661224365
        ],
        [
          0.0,
          0.0,
          0.0,
          1.0
        ]
      ],
      "matrix_ego_from_sensor_carla": [
        [
          1.0,
          1.1591625437290531e-09,
          2.5773549960916853e-11,
          1.549999713897705
        ],
        [
          -1.3216085115175247e-08,
          1.0,
          -7.600544499331008e-11,
          -7.62939453125e-06
        ],
        [
          -2.454167979948352e-10,
          -6.636319271891011e-11,
          1.0,
          1.7000000476837158
        ],
        [
          0.0,
          0.0,
          0.0,
          1.0
        ]
      ],
      "matrix_ego_from_sensor_bevfusion": [
        [
          1.1591625437290531e-09,
          -2.5773549960916853e-11,
          1.0,
          1.549999713897705
        ],
        [
          -1.0,
          -7.600544499331008e-11,
          1.3216085115175247e-08,
          7.62939453125e-06
        ],
        [
          -6.636319271891011e-11,
          -1.0,
          -2.454167979948352e-10,
          1.7000000476837158
        ],
        [
          0.0,
          0.0,
          0.0,
          1.0
        ]
      ],
      "camera_intrinsics": [
        [
          685.5110473632812,
          0.0,
          480.0
        ],
        [
          0.0,
          685.5110473632812,
          270.0
        ],
        [
          0.0,
          0.0,
          1.0
        ]
      ],
      "data_path": "D:\\Agent-AI\\outputs\\s3a_left_v3\\sample_000047\\images\\CAM_FRONT.png",
      "raw_layout": "bgra8"
    },
    "CAM_FRONT_RIGHT": {
      "type_id": "sensor.camera.rgb",
      "blueprint_attributes": {
        "role_name": "front",
        "ros_name": "sensor.camera.rgb",
        "chromatic_aberration_offset": "0.0",
        "sensor_tick": "0.100000",
        "fstop": "1.4",
        "image_size_x": "960",
        "image_size_y": "540",
        "fov": "70.00",
        "lens_circle_falloff": "5.0",
        "lens_circle_multiplier": "0.0",
        "exposure_compensation": "0.0",
        "lens_y_size": "0.08",
        "lens_k": "-1.0",
        "exposure_mode": "histogram",
        "lens_kcube": "0.0",
        "lens_x_size": "0.08",
        "exposure_max_bright": "12.0",
        "shutter_speed": "200.0",
        "bloom_intensity": "0.675",
        "iso": "100.0",
        "enable_postprocess_effects": "false",
        "gamma": "2.2",
        "motion_blur_intensity": "0.0",
        "motion_blur_max_distortion": "0.35",
        "lens_flare_intensity": "0.1",
        "motion_blur_min_object_screen_size": "0.1",
        "exposure_min_bright": "10.0",
        "exposure_speed_up": "3.0",
        "exposure_speed_down": "1.0",
        "tint": "0.0",
        "calibration_constant": "16.0",
        "focal_distance": "1000.0",
        "min_fstop": "1.2",
        "blade_count": "5",
        "blur_amount": "0.0",
        "blur_radius": "0.0",
        "slope": "0.88",
        "toe": "0.55",
        "white_clip": "0.04",
        "shoulder": "0.26",
        "black_clip": "0.0",
        "temp": "6500.0",
        "chromatic_aberration_intensity": "0.0"
      },
      "transform_carla": {
        "location": {
          "x": 106.50904846191406,
          "y": -41.072837829589844,
          "z": 1.6895478963851929
        },
        "rotation": {
          "roll": -0.15466953814029694,
          "pitch": -0.2335924506187439,
          "yaw": -55.754173278808594
        }
      },
      "matrix_world_from_sensor_carla": [
        [
          0.5627400875091553,
          0.8266339302062988,
          6.279046647250652e-05,
          106.50904846191406
        ],
        [
          -0.8266238570213318,
          0.5627335906028748,
          -0.004889240022748709,
          -41.072837829589844
        ],
        [
          -0.004076946061104536,
          0.002699467120692134,
          0.9999880790710449,
          1.6895478963851929
        ],
        [
          0.0,
          0.0,
          0.0,
          1.0
        ]
      ],
      "matrix_world_from_sensor_bevfusion": [
        [
          0.8266339302062988,
          -6.279046647250652e-05,
          0.5627400875091553,
          106.50904846191406
        ],
        [
          -0.5627335906028748,
          -0.004889240022748709,
          0.8266238570213318,
          41.072837829589844
        ],
        [
          0.002699467120692134,
          -0.9999880790710449,
          -0.004076946061104536,
          1.6895478963851929
        ],
        [
          0.0,
          0.0,
          0.0,
          1.0
        ]
      ],
      "matrix_ego_from_sensor_carla": [
        [
          0.5735765695571899,
          -0.8191520571708679,
          -1.1421281698176244e-08,
          1.3000006675720215
        ],
        [
          0.8191520571708679,
          0.5735765695571899,
          -2.0904703745827646e-08,
          0.5499954223632812
        ],
        [
          2.345527505553946e-08,
          2.5116100310640377e-09,
          1.0000001192092896,
          1.7000000476837158
        ],
        [
          0.0,
          0.0,
          0.0,
          1.0
        ]
      ],
      "matrix_ego_from_sensor_bevfusion": [
        [
          -0.8191520571708679,
          1.1421281698176244e-08,
          0.5735765695571899,
          1.3000006675720215
        ],
        [
          -0.5735765695571899,
          -2.0904703745827646e-08,
          -0.8191520571708679,
          -0.5499954223632812
        ],
        [
          2.5116100310640377e-09,
          -1.0000001192092896,
          2.345527505553946e-08,
          1.7000000476837158
        ],
        [
          0.0,
          0.0,
          0.0,
          1.0
        ]
      ],
      "camera_intrinsics": [
        [
          685.5110473632812,
          0.0,
          480.0
        ],
        [
          0.0,
          685.5110473632812,
          270.0
        ],
        [
          0.0,
          0.0,
          1.0
        ]
      ],
      "data_path": "D:\\Agent-AI\\outputs\\s3a_left_v3\\sample_000047\\images\\CAM_FRONT_RIGHT.png",
      "raw_layout": "bgra8"
    },
    "CAM_FRONT_LEFT": {
      "type_id": "sensor.camera.rgb",
      "blueprint_attributes": {
        "role_name": "front",
        "ros_name": "sensor.camera.rgb",
        "chromatic_aberration_offset": "0.0",
        "sensor_tick": "0.100000",
        "fstop": "1.4",
        "image_size_x": "960",
        "image_size_y": "540",
        "fov": "70.00",
        "lens_circle_falloff": "5.0",
        "lens_circle_multiplier": "0.0",
        "exposure_compensation": "0.0",
        "lens_y_size": "0.08",
        "lens_k": "-1.0",
        "exposure_mode": "histogram",
        "lens_kcube": "0.0",
        "lens_x_size": "0.08",
        "exposure_max_bright": "12.0",
        "shutter_speed": "200.0",
        "bloom_intensity": "0.675",
        "iso": "100.0",
        "enable_postprocess_effects": "false",
        "gamma": "2.2",
        "motion_blur_intensity": "0.0",
        "motion_blur_max_distortion": "0.35",
        "lens_flare_intensity": "0.1",
        "motion_blur_min_object_screen_size": "0.1",
        "exposure_min_bright": "10.0",
        "exposure_speed_up": "3.0",
        "exposure_speed_down": "1.0",
        "tint": "0.0",
        "calibration_constant": "16.0",
        "focal_distance": "1000.0",
        "min_fstop": "1.2",
        "blade_count": "5",
        "blur_amount": "0.0",
        "blur_radius": "0.0",
        "slope": "0.88",
        "toe": "0.55",
        "white_clip": "0.04",
        "shoulder": "0.26",
        "black_clip": "0.0",
        "temp": "6500.0",
        "chromatic_aberration_intensity": "0.0"
      },
      "transform_carla": {
        "location": {
          "x": 105.48043823242188,
          "y": -40.683040618896484,
          "z": 1.6915181875228882
        },
        "rotation": {
          "roll": 0.27240660786628723,
          "pitch": -0.0654468685388565,
          "yaw": -165.75462341308594
        }
      },
      "matrix_world_from_sensor_carla": [
        [
          -0.9692500829696655,
          0.24607759714126587,
          6.280653178691864e-05,
          105.48043823242188
        ],
        [
          -0.24607495963573456,
          -0.9692384600639343,
          -0.004889260046184063,
          -40.683040618896484
        ],
        [
          -0.0011422630632296205,
          -0.0047543710097670555,
          0.9999880194664001,
          1.6915181875228882
        ],
        [
          0.0,
          0.0,
          0.0,
          1.0
        ]
      ],
      "matrix_world_from_sensor_bevfusion": [
        [
          0.24607759714126587,
          -6.280653178691864e-05,
          -0.9692500829696655,
          105.48043823242188
        ],
        [
          0.9692384600639343,
          -0.004889260046184063,
          0.24607495963573456,
          40.683040618896484
        ],
        [
          -0.0047543710097670555,
          -0.9999880194664001,
          -0.0011422630632296205,
          1.6915181875228882
        ],
        [
          0.0,
          0.0,
          0.0,
          1.0
        ]
      ],
      "matrix_ego_from_sensor_carla": [
        [
          0.5735766291618347,
          0.8191519379615784,
          1.888418754703025e-09,
          1.2999956607818604
        ],
        [
          -0.8191518783569336,
          0.5735766887664795,
          1.3209784377465894e-09,
          -0.5499954223632812
        ],
        [
          -3.755828981155673e-12,
          -1.9968031672590314e-09,
          1.0,
          1.6999999284744263
        ],
        [
          0.0,
          0.0,
          0.0,
          1.0
        ]
      ],
      "matrix_ego_from_sensor_bevfusion": [
        [
          0.8191519379615784,
          -1.888418754703025e-09,
          0.5735766291618347,
          1.2999956607818604
        ],
        [
          -0.5735766887664795,
          1.3209784377465894e-09,
          0.8191518783569336,
          0.5499954223632812
        ],
        [
          -1.9968031672590314e-09,
          -1.0,
          -3.755828981155673e-12,
          1.6999999284744263
        ],
        [
          0.0,
          0.0,
          0.0,
          1.0
        ]
      ],
      "camera_intrinsics": [
        [
          685.5110473632812,
          0.0,
          480.0
        ],
        [
          0.0,
          685.5110473632812,
          270.0
        ],
        [
          0.0,
          0.0,
          1.0
        ]
      ],
      "data_path": "D:\\Agent-AI\\outputs\\s3a_left_v3\\sample_000047\\images\\CAM_FRONT_LEFT.png",
      "raw_layout": "bgra8"
    },
    "CAM_BACK": {
      "type_id": "sensor.camera.rgb",
      "blueprint_attributes": {
        "role_name": "front",
        "ros_name": "sensor.camera.rgb",
        "chromatic_aberration_offset": "0.0",
        "sensor_tick": "0.100000",
        "fstop": "1.4",
        "image_size_x": "960",
        "image_size_y": "540",
        "fov": "70.00",
        "lens_circle_falloff": "5.0",
        "lens_circle_multiplier": "0.0",
        "exposure_compensation": "0.0",
        "lens_y_size": "0.08",
        "lens_k": "-1.0",
        "exposure_mode": "histogram",
        "lens_kcube": "0.0",
        "lens_x_size": "0.08",
        "exposure_max_bright": "12.0",
        "shutter_speed": "200.0",
        "bloom_intensity": "0.675",
        "iso": "100.0",
        "enable_postprocess_effects": "false",
        "gamma": "2.2",
        "motion_blur_intensity": "0.0",
        "motion_blur_max_distortion": "0.35",
        "lens_flare_intensity": "0.1",
        "motion_blur_min_object_screen_size": "0.1",
        "exposure_min_bright": "10.0",
        "exposure_speed_up": "3.0",
        "exposure_speed_down": "1.0",
        "tint": "0.0",
        "calibration_constant": "16.0",
        "focal_distance": "1000.0",
        "min_fstop": "1.2",
        "blade_count": "5",
        "blur_amount": "0.0",
        "blur_radius": "0.0",
        "slope": "0.88",
        "toe": "0.55",
        "white_clip": "0.04",
        "shoulder": "0.26",
        "black_clip": "0.0",
        "temp": "6500.0",
        "chromatic_aberration_intensity": "0.0"
      },
      "transform_carla": {
        "location": {
          "x": 107.00468444824219,
          "y": -38.21291732788086,
          "z": 1.703499674797058
        },
        "rotation": {
          "roll": -0.10263539105653763,
          "pitch": 0.2606809735298157,
          "yaw": 69.24527740478516
        }
      },
      "matrix_world_from_sensor_carla": [
        [
          0.35436445474624634,
          -0.9351073503494263,
          6.280315574258566e-05,
          107.00468444824219
        ],
        [
          0.935096263885498,
          0.3543599247932434,
          -0.004889257252216339,
          -38.21291732788086
        ],
        [
          0.004549725446850061,
          0.0017913059564307332,
          0.9999880194664001,
          1.703499674797058
        ],
        [
          0.0,
          0.0,
          0.0,
          1.0
        ]
      ],
      "matrix_world_from_sensor_bevfusion": [
        [
          -0.9351073503494263,
          -6.280315574258566e-05,
          0.35436445474624634,
          107.00468444824219
        ],
        [
          -0.3543599247932434,
          -0.004889257252216339,
          -0.935096263885498,
          38.21291732788086
        ],
        [
          0.0017913059564307332,
          -0.9999880194664001,
          0.004549725446850061,
          1.703499674797058
        ],
        [
          0.0,
          0.0,
          0.0,
          1.0
        ]
      ],
      "matrix_ego_from_sensor_carla": [
        [
          -1.0,
          -1.7029199739226897e-07,
          4.914348372686561e-10,
          -1.5500006675720215
        ],
        [
          1.535465656843371e-07,
          -1.0,
          -2.869973148023064e-09,
          7.62939453125e-06
        ],
        [
          2.454167979948352e-10,
          -2.843994817425255e-09,
          1.0,
          1.6999999284744263
        ],
        [
          0.0,
          0.0,
          0.0,
          1.0
        ]
      ],
      "matrix_ego_from_sensor_bevfusion": [
        [
          -1.7029199739226897e-07,
          -4.914348372686561e-10,
          -1.0,
          -1.5500006675720215
        ],
        [
          1.0,
          -2.869973148023064e-09,
          -1.535465656843371e-07,
          -7.62939453125e-06
        ],
        [
          -2.843994817425255e-09,
          -1.0,
          2.454167979948352e-10,
          1.6999999284744263
        ],
        [
          0.0,
          0.0,
          0.0,
          1.0
        ]
      ],
      "camera_intrinsics": [
        [
          685.5110473632812,
          0.0,
          480.0
        ],
        [
          0.0,
          685.5110473632812,
          270.0
        ],
        [
          0.0,
          0.0,
          1.0
        ]
      ],
      "data_path": "D:\\Agent-AI\\outputs\\s3a_left_v3\\sample_000047\\images\\CAM_BACK.png",
      "raw_layout": "bgra8"
    },
    "CAM_BACK_LEFT": {
      "type_id": "sensor.camera.rgb",
      "blueprint_attributes": {
        "role_name": "front",
        "ros_name": "sensor.camera.rgb",
        "chromatic_aberration_offset": "0.0",
        "sensor_tick": "0.100000",
        "fstop": "1.4",
        "image_size_x": "960",
        "image_size_y": "540",
        "fov": "70.00",
        "lens_circle_falloff": "5.0",
        "lens_circle_multiplier": "0.0",
        "exposure_compensation": "0.0",
        "lens_y_size": "0.08",
        "lens_k": "-1.0",
        "exposure_mode": "histogram",
        "lens_kcube": "0.0",
        "lens_x_size": "0.08",
        "exposure_max_bright": "12.0",
        "shutter_speed": "200.0",
        "bloom_intensity": "0.675",
        "iso": "100.0",
        "enable_postprocess_effects": "false",
        "gamma": "2.2",
        "motion_blur_intensity": "0.0",
        "motion_blur_max_distortion": "0.35",
        "lens_flare_intensity": "0.1",
        "motion_blur_min_object_screen_size": "0.1",
        "exposure_min_bright": "10.0",
        "exposure_speed_up": "3.0",
        "exposure_speed_down": "1.0",
        "tint": "0.0",
        "calibration_constant": "16.0",
        "focal_distance": "1000.0",
        "min_fstop": "1.2",
        "blade_count": "5",
        "blur_amount": "0.0",
        "blur_radius": "0.0",
        "slope": "0.88",
        "toe": "0.55",
        "white_clip": "0.04",
        "shoulder": "0.26",
        "black_clip": "0.0",
        "temp": "6500.0",
        "chromatic_aberration_intensity": "0.0"
      },
      "transform_carla": {
        "location": {
          "x": 106.40178680419922,
          "y": -38.251792907714844,
          "z": 1.7033474445343018
        },
        "rotation": {
          "roll": 0.15466953814029694,
          "pitch": 0.2335924506187439,
          "yaw": 124.24581909179688
        }
      },
      "matrix_world_from_sensor_carla": [
        [
          -0.5627398490905762,
          -0.8266341090202332,
          6.27890694886446e-05,
          106.40178680419922
        ],
        [
          0.8266240358352661,
          -0.5627333521842957,
          -0.004889240022748709,
          -38.251792907714844
        ],
        [
          0.004076946061104536,
          -0.002699467120692134,
          0.9999880790710449,
          1.7033474445343018
        ],
        [
          0.0,
          0.0,
          0.0,
          1.0
        ]
      ],
      "matrix_world_from_sensor_bevfusion": [
        [
          -0.8266341090202332,
          -6.27890694886446e-05,
          -0.5627398490905762,
          106.40178680419922
        ],
        [
          0.5627333521842957,
          -0.004889240022748709,
          -0.8266240358352661,
          38.251792907714844
        ],
        [
          -0.002699467120692134,
          -0.9999880790710449,
          0.004076946061104536,
          1.7033474445343018
        ],
        [
          0.0,
          0.0,
          0.0,
          1.0
        ]
      ],
      "matrix_ego_from_sensor_carla": [
        [
          -0.573576807975769,
          0.8191518783569336,
          -1.0955620410868505e-08,
          -1.300001621246338
        ],
        [
          -0.8191518783569336,
          -0.573576807975769,
          -2.2301687607750864e-08,
          -0.54998779296875
        ],
        [
          -2.4386597630154938e-08,
          -3.675763249333386e-09,
          1.0000001192092896,
          1.6999999284744263
        ],
        [
          0.0,
          0.0,
          0.0,
          1.0
        ]
      ],
      "matrix_ego_from_sensor_bevfusion": [
        [
          0.8191518783569336,
          1.0955620410868505e-08,
          -0.573576807975769,
          -1.300001621246338
        ],
        [
          0.573576807975769,
          -2.2301687607750864e-08,
          0.8191518783569336,
          0.54998779296875
        ],
        [
          -3.675763249333386e-09,
          -1.0000001192092896,
          -2.4386597630154938e-08,
          1.6999999284744263
        ],
        [
          0.0,
          0.0,
          0.0,
          1.0
        ]
      ],
      "camera_intrinsics": [
        [
          685.5110473632812,
          0.0,
          480.0
        ],
        [
          0.0,
          685.5110473632812,
          270.0
        ],
        [
          0.0,
          0.0,
          1.0
        ]
      ],
      "data_path": "D:\\Agent-AI\\outputs\\s3a_left_v3\\sample_000047\\images\\CAM_BACK_LEFT.png",
      "raw_layout": "bgra8"
    },
    "CAM_BACK_RIGHT": {
      "type_id": "sensor.camera.rgb",
      "blueprint_attributes": {
        "role_name": "front",
        "ros_name": "sensor.camera.rgb",
        "chromatic_aberration_offset": "0.0",
        "sensor_tick": "0.100000",
        "fstop": "1.4",
        "image_size_x": "960",
        "image_size_y": "540",
        "fov": "70.00",
        "lens_circle_falloff": "5.0",
        "lens_circle_multiplier": "0.0",
        "exposure_compensation": "0.0",
        "lens_y_size": "0.08",
        "lens_k": "-1.0",
        "exposure_mode": "histogram",
        "lens_kcube": "0.0",
        "lens_x_size": "0.08",
        "exposure_max_bright": "12.0",
        "shutter_speed": "200.0",
        "bloom_intensity": "0.675",
        "iso": "100.0",
        "enable_postprocess_effects": "false",
        "gamma": "2.2",
        "motion_blur_intensity": "0.0",
        "motion_blur_max_distortion": "0.35",
        "lens_flare_intensity": "0.1",
        "motion_blur_min_object_screen_size": "0.1",
        "exposure_min_bright": "10.0",
        "exposure_speed_up": "3.0",
        "exposure_speed_down": "1.0",
        "tint": "0.0",
        "calibration_constant": "16.0",
        "focal_distance": "1000.0",
        "min_fstop": "1.2",
        "blade_count": "5",
        "blur_amount": "0.0",
        "blur_radius": "0.0",
        "slope": "0.88",
        "toe": "0.55",
        "white_clip": "0.04",
        "shoulder": "0.26",
        "black_clip": "0.0",
        "temp": "6500.0",
        "chromatic_aberration_intensity": "0.0"
      },
      "transform_carla": {
        "location": {
          "x": 107.4303970336914,
          "y": -38.6415901184082,
          "z": 1.701377034187317
        },
        "rotation": {
          "roll": -0.27240660786628723,
          "pitch": 0.0654468685388565,
          "yaw": 14.245363235473633
        }
      },
      "matrix_world_from_sensor_carla": [
        [
          0.9692501425743103,
          -0.24607732892036438,
          6.280513480305672e-05,
          107.4303970336914
        ],
        [
          0.24607469141483307,
          0.9692385196685791,
          -0.004889260046184063,
          -38.6415901184082
        ],
        [
          0.0011422630632296205,
          0.0047543710097670555,
          0.9999880194664001,
          1.701377034187317
        ],
        [
          0.0,
          0.0,
          0.0,
          1.0
        ]
      ],
      "matrix_world_from_sensor_bevfusion": [
        [
          -0.24607732892036438,
          -6.280513480305672e-05,
          0.9692501425743103,
          107.4303970336914
        ],
        [
          -0.9692385196685791,
          -0.004889260046184063,
          -0.24607469141483307,
          38.6415901184082
        ],
        [
          0.0047543710097670555,
          -0.9999880194664001,
          0.0011422630632296205,
          1.701377034187317
        ],
        [
          0.0,
          0.0,
          0.0,
          1.0
        ]
      ],
      "matrix_ego_from_sensor_carla": [
        [
          -0.5735764503479004,
          -0.8191521167755127,
          2.3540800420107644e-09,
          -1.2999966144561768
        ],
        [
          0.8191520571708679,
          -0.5735764503479004,
          -7.600544499331008e-11,
          0.5500030517578125
        ],
        [
          1.4007397464155247e-09,
          1.9968031672590314e-09,
          1.0,
          1.6999999284744263
        ],
        [
          0.0,
          0.0,
          0.0,
          1.0
        ]
      ],
      "matrix_ego_from_sensor_bevfusion": [
        [
          -0.8191521167755127,
          -2.3540800420107644e-09,
          -0.5735764503479004,
          -1.2999966144561768
        ],
        [
          0.5735764503479004,
          -7.600544499331008e-11,
          -0.8191520571708679,
          -0.5500030517578125
        ],
        [
          1.9968031672590314e-09,
          -1.0,
          1.4007397464155247e-09,
          1.6999999284744263
        ],
        [
          0.0,
          0.0,
          0.0,
          1.0
        ]
      ],
      "camera_intrinsics": [
        [
          685.5110473632812,
          0.0,
          480.0
        ],
        [
          0.0,
          685.5110473632812,
          270.0
        ],
        [
          0.0,
          0.0,
          1.0
        ]
      ],
      "data_path": "D:\\Agent-AI\\outputs\\s3a_left_v3\\sample_000047\\images\\CAM_BACK_RIGHT.png",
      "raw_layout": "bgra8"
    },
    "LIDAR_TOP": {
      "type_id": "sensor.lidar.ray_cast",
      "blueprint_attributes": {
        "atmosphere_attenuation_rate": "0.004",
        "role_name": "front",
        "noise_seed": "0",
        "upper_fov": "10.0",
        "ros_name": "sensor.lidar.ray_cast",
        "sensor_tick": "0.100000",
        "channels": "32",
        "range": "120.0",
        "points_per_second": "360000",
        "lower_fov": "-30.0",
        "rotation_frequency": "10.000000",
        "horizontal_fov": "360.0",
        "dropoff_general_rate": "0.0",
        "dropoff_intensity_limit": "1.0",
        "noise_stddev": "0.0",
        "dropoff_zero_intensity": "0.0"
      },
      "transform_carla": {
        "location": {
          "x": 106.4554443359375,
          "y": -39.66476058959961,
          "z": 2.196441650390625
        },
        "rotation": {
          "roll": 0.10263551026582718,
          "pitch": -0.2606809735298157,
          "yaw": -110.75471496582031
        }
      },
      "matrix_world_from_sensor_carla": [
        [
          -0.3543643057346344,
          0.935107409954071,
          6.28059497103095e-05,
          106.4554443359375
        ],
        [
          -0.9350963234901428,
          -0.35435977578163147,
          -0.004889257717877626,
          -39.66476058959961
        ],
        [
          -0.004549725446850061,
          -0.001791308051906526,
          0.9999880194664001,
          2.196441650390625
        ],
        [
          0.0,
          0.0,
          0.0,
          1.0
        ]
      ],
      "matrix_world_from_sensor_bevfusion": [
        [
          -0.3543643057346344,
          -0.935107409954071,
          6.28059497103095e-05,
          106.4554443359375
        ],
        [
          0.9350963234901428,
          -0.35435977578163147,
          0.004889257717877626,
          39.66476058959961
        ],
        [
          -0.004549725446850061,
          0.001791308051906526,
          0.9999880194664001,
          2.196441650390625
        ],
        [
          0.0,
          0.0,
          0.0,
          1.0
        ]
      ],
      "matrix_ego_from_sensor_carla": [
        [
          1.0,
          1.1591625437290531e-09,
          2.5773549960916853e-11,
          -1.7881393432617188e-07
        ],
        [
          -1.3216085115175247e-08,
          1.0,
          -7.600544499331008e-11,
          -7.62939453125e-06
        ],
        [
          -2.454167979948352e-10,
          -6.636319271891011e-11,
          1.0,
          2.1999998092651367
        ],
        [
          0.0,
          0.0,
          0.0,
          1.0
        ]
      ],
      "matrix_ego_from_sensor_bevfusion": [
        [
          1.0,
          -1.1591625437290531e-09,
          2.5773549960916853e-11,
          -1.7881393432617188e-07
        ],
        [
          1.3216085115175247e-08,
          1.0,
          7.600544499331008e-11,
          7.62939453125e-06
        ],
        [
          -2.454167979948352e-10,
          6.636319271891011e-11,
          1.0,
          2.1999998092651367
        ],
        [
          0.0,
          0.0,
          0.0,
          1.0
        ]
      ],
      "data_path": "D:\\Agent-AI\\outputs\\s3a_left_v3\\sample_000047\\lidar\\LIDAR_TOP.npy",
      "raw_layout": [
        "x",
        "y",
        "z",
        "intensity"
      ]
    },
    "RADAR_FRONT": {
      "type_id": "sensor.other.radar",
      "blueprint_attributes": {
        "sensor_tick": "0.100000",
        "role_name": "default",
        "noise_seed": "0",
        "ros_name": "sensor.other.radar",
        "horizontal_fov": "35.0",
        "points_per_second": "1500",
        "vertical_fov": "20.0",
        "range": "120.0"
      },
      "transform_carla": {
        "location": {
          "x": 105.74663543701172,
          "y": -41.52859878540039,
          "z": 0.8873579502105713
        },
        "rotation": {
          "roll": 0.10263551026582718,
          "pitch": -0.2606809735298157,
          "yaw": -110.75471496582031
        }
      },
      "matrix_world_from_sensor_carla": [
        [
          -0.3543643057346344,
          0.935107409954071,
          6.28059497103095e-05,
          105.74663543701172
        ],
        [
          -0.9350963234901428,
          -0.35435977578163147,
          -0.004889257717877626,
          -41.52859878540039
        ],
        [
          -0.004549725446850061,
          -0.001791308051906526,
          0.9999880194664001,
          0.8873579502105713
        ],
        [
          0.0,
          0.0,
          0.0,
          1.0
        ]
      ],
      "matrix_world_from_sensor_bevfusion": [
        [
          -0.3543643057346344,
          -0.935107409954071,
          6.28059497103095e-05,
          105.74663543701172
        ],
        [
          0.9350963234901428,
          -0.35435977578163147,
          0.004889257717877626,
          41.52859878540039
        ],
        [
          -0.004549725446850061,
          0.001791308051906526,
          0.9999880194664001,
          0.8873579502105713
        ],
        [
          0.0,
          0.0,
          0.0,
          1.0
        ]
      ],
      "matrix_ego_from_sensor_carla": [
        [
          1.0,
          1.1591625437290531e-09,
          2.5773549960916853e-11,
          2.000002861022949
        ],
        [
          -1.3216085115175247e-08,
          1.0,
          -7.600544499331008e-11,
          0.0
        ],
        [
          -2.454167979948352e-10,
          -6.636319271891011e-11,
          1.0,
          0.9000000953674316
        ],
        [
          0.0,
          0.0,
          0.0,
          1.0
        ]
      ],
      "matrix_ego_from_sensor_bevfusion": [
        [
          1.0,
          -1.1591625437290531e-09,
          2.5773549960916853e-11,
          2.000002861022949
        ],
        [
          1.3216085115175247e-08,
          1.0,
          7.600544499331008e-11,
          0.0
        ],
        [
          -2.454167979948352e-10,
          6.636319271891011e-11,
          1.0,
          0.9000000953674316
        ],
        [
          0.0,
          0.0,
          0.0,
          1.0
        ]
      ],
      "data_path": "D:\\Agent-AI\\outputs\\s3a_left_v3\\sample_000047\\radar\\RADAR_FRONT.npy",
      "raw_layout": [
        "velocity",
        "altitude",
        "azimuth",
        "depth"
      ]
    },
    "RADAR_FRONT_LEFT": {
      "type_id": "sensor.other.radar",
      "blueprint_attributes": {
        "sensor_tick": "0.100000",
        "role_name": "default",
        "noise_seed": "0",
        "ros_name": "sensor.other.radar",
        "horizontal_fov": "35.0",
        "points_per_second": "1500",
        "vertical_fov": "20.0",
        "range": "120.0"
      },
      "transform_carla": {
        "location": {
          "x": 105.1693344116211,
          "y": -40.93553924560547,
          "z": 0.8902937173843384
        },
        "rotation": {
          "roll": 0.2569035589694977,
          "pitch": -0.11175554990768433,
          "yaw": -155.7547607421875
        }
      },
      "matrix_world_from_sensor_carla": [
        [
          -0.9117944240570068,
          0.4106469452381134,
          6.279931403696537e-05,
          105.1693344116211
        ],
        [
          -0.4106423258781433,
          -0.9117833971977234,
          -0.004889261443167925,
          -40.93553924560547
        ],
        [
          -0.0019505009986460209,
          -0.004483789671212435,
          0.9999880194664001,
          0.8902937173843384
        ],
        [
          0.0,
          0.0,
          0.0,
          1.0
        ]
      ],
      "matrix_world_from_sensor_bevfusion": [
        [
          -0.9117944240570068,
          -0.4106469452381134,
          6.279931403696537e-05,
          105.1693344116211
        ],
        [
          0.4106423258781433,
          -0.9117833971977234,
          0.004889261443167925,
          40.93553924560547
        ],
        [
          -0.0019505009986460209,
          0.004483789671212435,
          0.9999880194664001,
          0.8902937173843384
        ],
        [
          0.0,
          0.0,
          0.0,
          1.0
        ]
      ],
      "matrix_ego_from_sensor_carla": [
        [
          0.7071064710617065,
          0.7071071863174438,
          5.613709053164939e-09,
          1.649996280670166
        ],
        [
          -0.7071071267127991,
          0.7071064710617065,
          -4.9654489409078906e-09,
          -0.75
        ],
        [
          -7.481861352687247e-09,
          -5.657712076612142e-10,
          1.0,
          0.8999999761581421
        ],
        [
          0.0,
          0.0,
          0.0,
          1.0
        ]
      ],
      "matrix_ego_from_sensor_bevfusion": [
        [
          0.7071064710617065,
          -0.7071071863174438,
          5.613709053164939e-09,
          1.649996280670166
        ],
        [
          0.7071071267127991,
          0.7071064710617065,
          4.9654489409078906e-09,
          0.75
        ],
        [
          -7.481861352687247e-09,
          5.657712076612142e-10,
          1.0,
          0.8999999761581421
        ],
        [
          0.0,
          0.0,
          0.0,
          1.0
        ]
      ],
      "data_path": "D:\\Agent-AI\\outputs\\s3a_left_v3\\sample_000047\\radar\\RADAR_FRONT_LEFT.npy",
      "raw_layout": [
        "velocity",
        "altitude",
        "azimuth",
        "depth"
      ]
    },
    "RADAR_FRONT_RIGHT": {
      "type_id": "sensor.other.radar",
      "blueprint_attributes": {
        "sensor_tick": "0.100000",
        "role_name": "default",
        "noise_seed": "0",
        "ros_name": "sensor.other.radar",
