{
  "schema_version": "stage1.v1",
  "sample_name": "sample_000046",
  "sequence_index": 46,
  "previous_sample_name": "sample_000045",
  "frame_id": 3966,
  "timestamp": 43.73108661547303,
  "platform_timestamp": 16816503.1274248,
  "delta_seconds": 0.10000000149011612,
  "town": "Carla/Maps/Town10HD_Opt",
  "weather": {
    "cloudiness": 20.0,
    "dust_storm": 0.0,
    "fog_density": 2.0,
    "fog_distance": 0.75,
    "fog_falloff": 0.10000000149011612,
    "mie_scattering_scale": 0.029999999329447746,
    "precipitation": 0.0,
    "precipitation_deposits": 0.0,
    "rayleigh_scattering_scale": 0.03310000151395798,
    "scattering_intensity": 1.0,
    "sun_altitude_angle": 45.0,
    "sun_azimuth_angle": 300.0,
    "wetness": 0.0,
    "wind_intensity": 10.0
  },
  "sensor_names": [
    "CAM_FRONT",
    "CAM_FRONT_RIGHT",
    "CAM_FRONT_LEFT",
    "CAM_BACK",
    "CAM_BACK_LEFT",
    "CAM_BACK_RIGHT",
    "LIDAR_TOP",
    "RADAR_FRONT",
    "RADAR_FRONT_LEFT",
    "RADAR_FRONT_RIGHT",
    "RADAR_BACK_LEFT",
    "RADAR_BACK_RIGHT"
  ],
  "camera_order_for_model": [
    "CAM_FRONT",
    "CAM_FRONT_RIGHT",
    "CAM_FRONT_LEFT",
    "CAM_BACK",
    "CAM_BACK_LEFT",
    "CAM_BACK_RIGHT"
  ],
  "radar_order_for_model": [
    "RADAR_FRONT",
    "RADAR_FRONT_LEFT",
    "RADAR_FRONT_RIGHT",
    "RADAR_BACK_LEFT",
    "RADAR_BACK_RIGHT"
  ],
  "coordinate_notes": {
    "carla_world": "left-handed x-forward y-right z-up",
    "bevfusion_lidar": "x-forward y-left z-up",
    "camera_frame_for_model": "OpenCV style x-right y-down z-forward"
  },
  "ego": {
    "actor_id": 24,
    "transform_carla": {
      "location": {
        "x": 106.54866790771484,
        "y": -39.433990478515625,
        "z": -0.0040574646554887295
      },
      "rotation": {
        "roll": 0.1462031900882721,
        "pitch": -0.1188930943608284,
        "yaw": -110.26850891113281
      }
    },
    "velocity_carla": [
      -1.0812562704086304,
      -2.4474403858184814,
      -2.5825500415521674e-05
    ],
    "angular_velocity_carla": [
      1.7771811485290527,
      0.28943172097206116,
      -6.9066901206970215
    ],
    "matrix_world_from_ego_carla": [
      [
        -0.3464193344116211,
        0.9380782246589661,
        0.0016748751513659954,
        106.54866790771484
      ],
      [
        -0.938077449798584,
        -0.3464139699935913,
        -0.0028305468149483204,
        -39.433990478515625
      ],
      [
        -0.0020750744733959436,
        -0.0025517186149954796,
        0.9999945759773254,
        -0.0040574646554887295
      ],
      [
        0.0,
        0.0,
        0.0,
        1.0
      ]
    ],
    "matrix_world_from_ego_bevfusion": [
      [
        -0.3464193344116211,
        -0.9380782246589661,
        0.0016748751513659954,
        106.54866790771484
      ],
      [
        0.938077449798584,
        -0.3464139699935913,
        0.0028305468149483204,
        39.433990478515625
      ],
      [
        -0.0020750744733959436,
        0.0025517186149954796,
        0.9999945759773254,
        -0.0040574646554887295
      ],
      [
        0.0,
        0.0,
        0.0,
        1.0
      ]
    ]
  },
  "sensors": {
    "CAM_FRONT": {
      "type_id": "sensor.camera.rgb",
      "blueprint_attributes": {
        "role_name": "front",
        "ros_name": "sensor.camera.rgb",
        "chromatic_aberration_offset": "0.0",
        "sensor_tick": "0.100000",
        "fstop": "1.4",
        "image_size_x": "960",
        "image_size_y": "540",
        "fov": "70.00",
        "lens_circle_falloff": "5.0",
        "lens_circle_multiplier": "0.0",
        "exposure_compensation": "0.0",
        "lens_y_size": "0.08",
        "lens_k": "-1.0",
        "exposure_mode": "histogram",
        "lens_kcube": "0.0",
        "lens_x_size": "0.08",
        "exposure_max_bright": "12.0",
        "shutter_speed": "200.0",
        "bloom_intensity": "0.675",
        "iso": "100.0",
        "enable_postprocess_effects": "false",
        "gamma": "2.2",
        "motion_blur_intensity": "0.0",
        "motion_blur_max_distortion": "0.35",
        "lens_flare_intensity": "0.1",
        "motion_blur_min_object_screen_size": "0.1",
        "exposure_min_bright": "10.0",
        "exposure_speed_up": "3.0",
        "exposure_speed_down": "1.0",
        "tint": "0.0",
        "calibration_constant": "16.0",
        "focal_distance": "1000.0",
        "min_fstop": "1.2",
        "blade_count": "5",
        "blur_amount": "0.0",
        "blur_radius": "0.0",
        "slope": "0.88",
        "toe": "0.55",
        "white_clip": "0.04",
        "shoulder": "0.26",
        "black_clip": "0.0",
        "temp": "6500.0",
        "chromatic_aberration_intensity": "0.0"
      },
      "transform_carla": {
        "location": {
          "x": 106.01456451416016,
          "y": -40.892822265625,
          "z": 1.6927169561386108
        },
        "rotation": {
          "roll": 0.1462031900882721,
          "pitch": -0.1188930943608284,
          "yaw": -110.26850891113281
        }
      },
      "matrix_world_from_sensor_carla": [
        [
          -0.3464193344116211,
          0.9380782246589661,
          0.0016748751513659954,
          106.01456451416016
        ],
        [
          -0.938077449798584,
          -0.3464139699935913,
          -0.0028305468149483204,
          -40.892822265625
        ],
        [
          -0.0020750744733959436,
          -0.0025517186149954796,
          0.9999945759773254,
          1.6927169561386108
        ],
        [
          0.0,
          0.0,
          0.0,
          1.0
        ]
      ],
      "matrix_world_from_sensor_bevfusion": [
        [
          0.9380782246589661,
          -0.0016748751513659954,
          -0.3464193344116211,
          106.01456451416016
        ],
        [
          0.3464139699935913,
          -0.0028305468149483204,
          0.938077449798584,
          40.892822265625
        ],
        [
          -0.0025517186149954796,
          -0.9999945759773254,
          -0.0020750744733959436,
          1.6927169561386108
        ],
        [
          0.0,
          0.0,
          0.0,
          1.0
        ]
      ],
      "matrix_ego_from_sensor_carla": [
        [
          1.0,
          2.1779841929969734e-08,
          7.93788368369519e-11,
          1.5500023365020752
        ],
        [
          -7.122483158816806e-10,
          0.9999999403953552,
          1.0357291413409797e-10,
          0.0
        ],
        [
          -4.430397715360357e-11,
          -4.8522630358149854e-11,
          1.0,
          1.7000000476837158
        ],
        [
          0.0,
          0.0,
          0.0,
          1.0
        ]
      ],
      "matrix_ego_from_sensor_bevfusion": [
        [
          2.1779841929969734e-08,
          -7.93788368369519e-11,
          1.0,
          1.5500023365020752
        ],
        [
          -0.9999999403953552,
          1.0357291413409797e-10,
          7.122483158816806e-10,
          0.0
        ],
        [
          -4.8522630358149854e-11,
          -1.0,
          -4.430397715360357e-11,
          1.7000000476837158
        ],
        [
          0.0,
          0.0,
          0.0,
          1.0
        ]
      ],
      "camera_intrinsics": [
        [
          685.5110473632812,
          0.0,
          480.0
        ],
        [
          0.0,
          685.5110473632812,
          270.0
        ],
        [
          0.0,
          0.0,
          1.0
        ]
      ],
      "data_path": "D:\\Agent-AI\\outputs\\s3a_left_v3\\sample_000046\\images\\CAM_FRONT.png",
      "raw_layout": "bgra8"
    },
    "CAM_FRONT_RIGHT": {
      "type_id": "sensor.camera.rgb",
      "blueprint_attributes": {
        "role_name": "front",
        "ros_name": "sensor.camera.rgb",
        "chromatic_aberration_offset": "0.0",
        "sensor_tick": "0.100000",
        "fstop": "1.4",
        "image_size_x": "960",
        "image_size_y": "540",
        "fov": "70.00",
        "lens_circle_falloff": "5.0",
        "lens_circle_multiplier": "0.0",
        "exposure_compensation": "0.0",
        "lens_y_size": "0.08",
        "lens_k": "-1.0",
        "exposure_mode": "histogram",
        "lens_kcube": "0.0",
        "lens_x_size": "0.08",
        "exposure_max_bright": "12.0",
        "shutter_speed": "200.0",
        "bloom_intensity": "0.675",
        "iso": "100.0",
        "enable_postprocess_effects": "false",
        "gamma": "2.2",
        "motion_blur_intensity": "0.0",
        "motion_blur_max_distortion": "0.35",
        "lens_flare_intensity": "0.1",
        "motion_blur_min_object_screen_size": "0.1",
        "exposure_min_bright": "10.0",
        "exposure_speed_up": "3.0",
        "exposure_speed_down": "1.0",
        "tint": "0.0",
        "calibration_constant": "16.0",
        "focal_distance": "1000.0",
        "min_fstop": "1.2",
        "blade_count": "5",
        "blur_amount": "0.0",
        "blur_radius": "0.0",
        "slope": "0.88",
        "toe": "0.55",
        "white_clip": "0.04",
        "shoulder": "0.26",
        "black_clip": "0.0",
        "temp": "6500.0",
        "chromatic_aberration_intensity": "0.0"
      },
      "transform_carla": {
        "location": {
          "x": 106.61711883544922,
          "y": -40.84883117675781,
          "z": 1.6918320655822754
        },
        "rotation": {
          "roll": -0.013535826466977596,
          "pitch": -0.1879599690437317,
          "yaw": -55.26833724975586
        }
      },
      "matrix_world_from_sensor_carla": [
        [
          0.5697307586669922,
          0.8218297362327576,
          0.0016748671187087893,
          106.61711883544922
        ],
        [
          -0.8218249082565308,
          0.5697331428527832,
          -0.0028306194581091404,
          -40.84883117675781
        ],
        [
          -0.0032805143855512142,
          0.00023624347522854805,
          0.9999946355819702,
          1.6918320655822754
        ],
        [
          0.0,
          0.0,
          0.0,
          1.0
        ]
      ],
      "matrix_world_from_sensor_bevfusion": [
        [
          0.8218297362327576,
          -0.0016748671187087893,
          0.5697307586669922,
          106.61711883544922
        ],
        [
          -0.5697331428527832,
          -0.0028306194581091404,
          0.8218249082565308,
          40.84883117675781
        ],
        [
          0.00023624347522854805,
          -0.9999946355819702,
          -0.0032805143855512142,
          1.6918320655822754
        ],
        [
          0.0,
          0.0,
          0.0,
          1.0
        ]
      ],
      "matrix_ego_from_sensor_carla": [
        [
          0.5735765099525452,
          -0.8191520571708679,
          7.09690439748556e-08,
          1.3000006675720215
        ],
        [
          0.8191520571708679,
          0.5735764503479004,
          1.7413777086972004e-08,
          0.5500030517578125
        ],
        [
          -5.4812279159932586e-08,
          4.7801748337406025e-08,
          1.0000001192092896,
          1.6999998092651367
        ],
        [
          0.0,
          0.0,
          0.0,
          1.0
        ]
      ],
      "matrix_ego_from_sensor_bevfusion": [
        [
          -0.8191520571708679,
          -7.09690439748556e-08,
          0.5735765099525452,
          1.3000006675720215
        ],
        [
          -0.5735764503479004,
          1.7413777086972004e-08,
          -0.8191520571708679,
          -0.5500030517578125
        ],
        [
          4.7801748337406025e-08,
          -1.0000001192092896,
          -5.4812279159932586e-08,
          1.6999998092651367
        ],
        [
          0.0,
          0.0,
          0.0,
          1.0
        ]
      ],
      "camera_intrinsics": [
        [
          685.5110473632812,
          0.0,
          480.0
        ],
        [
          0.0,
          685.5110473632812,
          270.0
        ],
        [
          0.0,
          0.0,
          1.0
        ]
      ],
      "data_path": "D:\\Agent-AI\\outputs\\s3a_left_v3\\sample_000046\\images\\CAM_FRONT_RIGHT.png",
      "raw_layout": "bgra8"
    },
    "CAM_FRONT_LEFT": {
      "type_id": "sensor.camera.rgb",
      "blueprint_attributes": {
        "role_name": "front",
        "ros_name": "sensor.camera.rgb",
        "chromatic_aberration_offset": "0.0",
        "sensor_tick": "0.100000",
        "fstop": "1.4",
        "image_size_x": "960",
        "image_size_y": "540",
        "fov": "70.00",
        "lens_circle_falloff": "5.0",
        "lens_circle_multiplier": "0.0",
        "exposure_compensation": "0.0",
        "lens_y_size": "0.08",
        "lens_k": "-1.0",
        "exposure_mode": "histogram",
        "lens_kcube": "0.0",
        "lens_x_size": "0.08",
        "exposure_max_bright": "12.0",
        "shutter_speed": "200.0",
        "bloom_intensity": "0.675",
        "iso": "100.0",
        "enable_postprocess_effects": "false",
        "gamma": "2.2",
        "motion_blur_intensity": "0.0",
        "motion_blur_max_distortion": "0.35",
        "lens_flare_intensity": "0.1",
        "motion_blur_min_object_screen_size": "0.1",
        "exposure_min_bright": "10.0",
        "exposure_speed_up": "3.0",
        "exposure_speed_down": "1.0",
        "tint": "0.0",
        "calibration_constant": "16.0",
        "focal_distance": "1000.0",
        "min_fstop": "1.2",
        "blade_count": "5",
        "blur_amount": "0.0",
        "blur_radius": "0.0",
        "slope": "0.88",
        "toe": "0.55",
        "white_clip": "0.04",
        "shoulder": "0.26",
        "black_clip": "0.0",
        "temp": "6500.0",
        "chromatic_aberration_intensity": "0.0"
      },
      "transform_carla": {
        "location": {
          "x": 105.58523559570312,
          "y": -40.4677734375,
          "z": 1.6946390867233276
        },
        "rotation": {
          "roll": 0.18125304579734802,
          "pitch": 0.0515679270029068,
          "yaw": -165.26824951171875
        }
      },
      "matrix_world_from_sensor_carla": [
        [
          -0.9671265482902527,
          0.25429001450538635,
          0.0016748872585594654,
          105.58523559570312
        ],
        [
          -0.25429391860961914,
          -0.9671228528022766,
          -0.002830593613907695,
          -40.4677734375
        ],
        [
          0.0009000300196930766,
          -0.0031634557526558638,
          0.9999945759773254,
          1.6946390867233276
        ],
        [
          0.0,
          0.0,
          0.0,
          1.0
        ]
      ],
      "matrix_world_from_sensor_bevfusion": [
        [
          0.25429001450538635,
          -0.0016748872585594654,
          -0.9671265482902527,
          105.58523559570312
        ],
        [
          0.9671228528022766,
          -0.002830593613907695,
          0.25429391860961914,
          40.4677734375
        ],
        [
          -0.0031634557526558638,
          -0.9999945759773254,
          0.0009000300196930766,
          1.6946390867233276
        ],
        [
          0.0,
          0.0,
          0.0,
          1.0
        ]
      ],
      "matrix_ego_from_sensor_carla": [
        [
          0.5735768675804138,
          0.819151759147644,
          3.9893418346537146e-08,
          1.2999968528747559
        ],
        [
          -0.819151759147644,
          0.5735768675804138,
          2.7577588213034687e-08,
          -0.5499954223632812
        ],
        [
          6.13062517418328e-11,
          -4.798965136387778e-08,
          1.0,
          1.6999999284744263
        ],
        [
          0.0,
          0.0,
          0.0,
          1.0
        ]
      ],
      "matrix_ego_from_sensor_bevfusion": [
        [
          0.819151759147644,
          -3.9893418346537146e-08,
          0.5735768675804138,
          1.2999968528747559
        ],
        [
          -0.5735768675804138,
          2.7577588213034687e-08,
          0.819151759147644,
          0.5499954223632812
        ],
        [
          -4.798965136387778e-08,
          -1.0,
          6.13062517418328e-11,
          1.6999999284744263
        ],
        [
          0.0,
          0.0,
          0.0,
          1.0
        ]
      ],
      "camera_intrinsics": [
        [
          685.5110473632812,
          0.0,
          480.0
        ],
        [
          0.0,
          685.5110473632812,
          270.0
        ],
        [
          0.0,
          0.0,
          1.0
        ]
      ],
      "data_path": "D:\\Agent-AI\\outputs\\s3a_left_v3\\sample_000046\\images\\CAM_FRONT_LEFT.png",
      "raw_layout": "bgra8"
    },
    "CAM_BACK": {
      "type_id": "sensor.camera.rgb",
      "blueprint_attributes": {
        "role_name": "front",
        "ros_name": "sensor.camera.rgb",
        "chromatic_aberration_offset": "0.0",
        "sensor_tick": "0.100000",
        "fstop": "1.4",
        "image_size_x": "960",
        "image_size_y": "540",
        "fov": "70.00",
        "lens_circle_falloff": "5.0",
        "lens_circle_multiplier": "0.0",
        "exposure_compensation": "0.0",
        "lens_y_size": "0.08",
        "lens_k": "-1.0",
        "exposure_mode": "histogram",
        "lens_kcube": "0.0",
        "lens_x_size": "0.08",
        "exposure_max_bright": "12.0",
        "shutter_speed": "200.0",
        "bloom_intensity": "0.675",
        "iso": "100.0",
        "enable_postprocess_effects": "false",
        "gamma": "2.2",
        "motion_blur_intensity": "0.0",
        "motion_blur_max_distortion": "0.35",
        "lens_flare_intensity": "0.1",
        "motion_blur_min_object_screen_size": "0.1",
        "exposure_min_bright": "10.0",
        "exposure_speed_up": "3.0",
        "exposure_speed_down": "1.0",
        "tint": "0.0",
        "calibration_constant": "16.0",
        "focal_distance": "1000.0",
        "min_fstop": "1.2",
        "blade_count": "5",
        "blur_amount": "0.0",
        "blur_radius": "0.0",
        "slope": "0.88",
        "toe": "0.55",
        "white_clip": "0.04",
        "shoulder": "0.26",
        "black_clip": "0.0",
        "temp": "6500.0",
        "chromatic_aberration_intensity": "0.0"
      },
      "transform_carla": {
        "location": {
          "x": 107.08846282958984,
          "y": -37.98478317260742,
          "z": 1.69914972782135
        },
        "rotation": {
          "roll": -0.1462031453847885,
          "pitch": 0.1188930943608284,
          "yaw": 69.73149108886719
        }
      },
      "matrix_world_from_sensor_carla": [
        [
          0.3464193642139435,
          -0.9380782246589661,
          0.0016748743364587426,
          107.08846282958984
        ],
        [
          0.938077449798584,
          0.3464139997959137,
          -0.0028305468149483204,
          -37.98478317260742
        ],
        [
          0.0020750744733959436,
          0.0025517179165035486,
          0.9999945759773254,
          1.69914972782135
        ],
        [
          0.0,
          0.0,
          0.0,
          1.0
        ]
      ],
      "matrix_world_from_sensor_bevfusion": [
        [
          -0.9380782246589661,
          -0.0016748743364587426,
          0.3464193642139435,
          107.08846282958984
        ],
        [
          -0.3464139997959137,
          -0.0028305468149483204,
          -0.938077449798584,
          37.98478317260742
        ],
        [
          0.0025517179165035486,
          -0.9999945759773254,
          0.0020750744733959436,
          1.69914972782135
        ],
        [
          0.0,
          0.0,
          0.0,
          1.0
        ]
      ],
      "matrix_ego_from_sensor_carla": [
        [
          -1.0,
          -4.9735351836943664e-08,
          5.450401241446912e-10,
          -1.5499978065490723
        ],
        [
          3.051457042602124e-08,
          -1.0,
          -8.277496466035927e-10,
          0.0
        ],
        [
          4.430397715360357e-11,
          -6.499655258451753e-10,
          1.0,
          1.7000001668930054
        ],
        [
          0.0,
          0.0,
          0.0,
          1.0
        ]
      ],
      "matrix_ego_from_sensor_bevfusion": [
        [
          -4.9735351836943664e-08,
          -5.450401241446912e-10,
          -1.0,
          -1.5499978065490723
        ],
        [
          1.0,
          -8.277496466035927e-10,
          -3.051457042602124e-08,
          0.0
        ],
        [
          -6.499655258451753e-10,
          -1.0,
          4.430397715360357e-11,
          1.7000001668930054
        ],
        [
          0.0,
          0.0,
          0.0,
          1.0
        ]
      ],
      "camera_intrinsics": [
        [
          685.5110473632812,
          0.0,
          480.0
        ],
        [
          0.0,
          685.5110473632812,
          270.0
        ],
        [
          0.0,
          0.0,
          1.0
        ]
      ],
      "data_path": "D:\\Agent-AI\\outputs\\s3a_left_v3\\sample_000046\\images\\CAM_BACK.png",
      "raw_layout": "bgra8"
    },
    "CAM_BACK_LEFT": {
      "type_id": "sensor.camera.rgb",
      "blueprint_attributes": {
        "role_name": "front",
        "ros_name": "sensor.camera.rgb",
        "chromatic_aberration_offset": "0.0",
        "sensor_tick": "0.100000",
        "fstop": "1.4",
        "image_size_x": "960",
        "image_size_y": "540",
        "fov": "70.00",
        "lens_circle_falloff": "5.0",
        "lens_circle_multiplier": "0.0",
        "exposure_compensation": "0.0",
        "lens_y_size": "0.08",
        "lens_k": "-1.0",
        "exposure_mode": "histogram",
        "lens_kcube": "0.0",
        "lens_x_size": "0.08",
        "exposure_max_bright": "12.0",
        "shutter_speed": "200.0",
        "bloom_intensity": "0.675",
        "iso": "100.0",
        "enable_postprocess_effects": "false",
        "gamma": "2.2",
        "motion_blur_intensity": "0.0",
        "motion_blur_max_distortion": "0.35",
        "lens_flare_intensity": "0.1",
        "motion_blur_min_object_screen_size": "0.1",
        "exposure_min_bright": "10.0",
        "exposure_speed_up": "3.0",
        "exposure_speed_down": "1.0",
        "tint": "0.0",
        "calibration_constant": "16.0",
        "focal_distance": "1000.0",
        "min_fstop": "1.2",
        "blade_count": "5",
        "blur_amount": "0.0",
        "blur_radius": "0.0",
        "slope": "0.88",
        "toe": "0.55",
        "white_clip": "0.04",
        "shoulder": "0.26",
        "black_clip": "0.0",
        "temp": "6500.0",
        "chromatic_aberration_intensity": "0.0"
      },
      "transform_carla": {
        "location": {
          "x": 106.48591613769531,
          "y": -38.02877426147461,
          "z": 1.700034499168396
        },
        "rotation": {
          "roll": 0.01353585347533226,
          "pitch": 0.1879599690437317,
          "yaw": 124.73168182373047
        }
      },
      "matrix_world_from_sensor_carla": [
        [
          -0.5697310566902161,
          -0.8218294978141785,
          0.0016748677007853985,
          106.48591613769531
        ],
        [
          0.8218246698379517,
          -0.5697334408760071,
          -0.002830618992447853,
          -38.02877426147461
        ],
        [
          0.0032805143855512142,
          -0.00023624394088983536,
          0.9999946355819702,
          1.700034499168396
        ],
        [
          0.0,
          0.0,
          0.0,
          1.0
        ]
      ],
      "matrix_world_from_sensor_bevfusion": [
        [
          -0.8218294978141785,
          -0.0016748677007853985,
          -0.5697310566902161,
          106.48591613769531
        ],
        [
          0.5697334408760071,
          -0.002830618992447853,
          -0.8218246698379517,
          38.02877426147461
        ],
        [
          -0.00023624394088983536,
          -0.9999946355819702,
          0.0032805143855512142,
          1.700034499168396
        ],
        [
          0.0,
          0.0,
          0.0,
          1.0
        ]
      ],
      "matrix_ego_from_sensor_carla": [
        [
          -0.5735762119293213,
          0.8191522359848022,
          7.027055204389399e-08,
          -1.2999961376190186
        ],
        [
          -0.8191522359848022,
          -0.5735762119293213,
          1.7879438374279744e-08,
          -0.5500030517578125
        ],
        [
          5.5045109803586456e-08,
          -4.707415257598768e-08,
          1.0000001192092896,
          1.7000001668930054
        ],
        [
          0.0,
          0.0,
          0.0,
          1.0
        ]
      ],
      "matrix_ego_from_sensor_bevfusion": [
        [
          0.8191522359848022,
          -7.027055204389399e-08,
          -0.5735762119293213,
          -1.2999961376190186
        ],
        [
          0.5735762119293213,
          1.7879438374279744e-08,
          0.8191522359848022,
          0.5500030517578125
        ],
        [
          -4.707415257598768e-08,
          -1.0000001192092896,
          5.5045109803586456e-08,
          1.7000001668930054
        ],
        [
          0.0,
          0.0,
          0.0,
          1.0
        ]
      ],
      "camera_intrinsics": [
        [
          685.5110473632812,
          0.0,
          480.0
        ],
        [
          0.0,
          685.5110473632812,
          270.0
        ],
        [
          0.0,
          0.0,
          1.0
        ]
      ],
      "data_path": "D:\\Agent-AI\\outputs\\s3a_left_v3\\sample_000046\\images\\CAM_BACK_LEFT.png",
      "raw_layout": "bgra8"
    },
    "CAM_BACK_RIGHT": {
      "type_id": "sensor.camera.rgb",
      "blueprint_attributes": {
        "role_name": "front",
        "ros_name": "sensor.camera.rgb",
        "chromatic_aberration_offset": "0.0",
        "sensor_tick": "0.100000",
        "fstop": "1.4",
        "image_size_x": "960",
        "image_size_y": "540",
        "fov": "70.00",
        "lens_circle_falloff": "5.0",
        "lens_circle_multiplier": "0.0",
        "exposure_compensation": "0.0",
        "lens_y_size": "0.08",
        "lens_k": "-1.0",
        "exposure_mode": "histogram",
        "lens_kcube": "0.0",
        "lens_x_size": "0.08",
        "exposure_max_bright": "12.0",
        "shutter_speed": "200.0",
        "bloom_intensity": "0.675",
        "iso": "100.0",
        "enable_postprocess_effects": "false",
        "gamma": "2.2",
        "motion_blur_intensity": "0.0",
        "motion_blur_max_distortion": "0.35",
        "lens_flare_intensity": "0.1",
        "motion_blur_min_object_screen_size": "0.1",
        "exposure_min_bright": "10.0",
        "exposure_speed_up": "3.0",
        "exposure_speed_down": "1.0",
        "tint": "0.0",
        "calibration_constant": "16.0",
        "focal_distance": "1000.0",
        "min_fstop": "1.2",
        "blade_count": "5",
        "blur_amount": "0.0",
        "blur_radius": "0.0",
        "slope": "0.88",
        "toe": "0.55",
        "white_clip": "0.04",
        "shoulder": "0.26",
        "black_clip": "0.0",
        "temp": "6500.0",
        "chromatic_aberration_intensity": "0.0"
      },
      "transform_carla": {
        "location": {
          "x": 107.5177993774414,
          "y": -38.40983200073242,
          "z": 1.6972275972366333
        },
        "rotation": {
          "roll": -0.18125303089618683,
          "pitch": -0.0515679270029068,
          "yaw": 14.731735229492188
        }
      },
      "matrix_world_from_sensor_carla": [
        [
          0.9671266674995422,
          -0.2542896270751953,
          0.0016748859779909253,
          107.5177993774414
        ],
        [
          0.2542935311794281,
          0.9671229720115662,
          -0.0028305938467383385,
          -38.40983200073242
        ],
        [
          -0.0009000300196930766,
          0.0031634552869945765,
          0.9999945759773254,
          1.6972275972366333
        ],
        [
          0.0,
          0.0,
          0.0,
          1.0
        ]
      ],
      "matrix_world_from_sensor_bevfusion": [
        [
          -0.2542896270751953,
          -0.0016748859779909253,
          0.9671266674995422,
          107.5177993774414
        ],
        [
          -0.9671229720115662,
          -0.0028305938467383385,
          -0.2542935311794281,
          38.40983200073242
        ],
        [
          0.0031634552869945765,
          -0.9999945759773254,
          -0.0009000300196930766,
          1.6972275972366333
        ],
        [
          0.0,
          0.0,
          0.0,
          1.0
        ]
      ],
      "matrix_ego_from_sensor_carla": [
        [
          -0.5735765695571899,
          -0.8191519975662231,
          4.0591910277498755e-08,
          -1.2999963760375977
        ],
        [
          0.8191519975662231,
          -0.5735765695571899,
          2.641343499476534e-08,
          0.5499954223632812
        ],
        [
          1.2774699076345541e-09,
          4.798965136387778e-08,
          1.0,
          1.7000001668930054
        ],
        [
          0.0,
          0.0,
          0.0,
          1.0
        ]
      ],
      "matrix_ego_from_sensor_bevfusion": [
        [
          -0.8191519975662231,
          -4.0591910277498755e-08,
          -0.5735765695571899,
          -1.2999963760375977
        ],
        [
          0.5735765695571899,
          2.641343499476534e-08,
          -0.8191519975662231,
          -0.5499954223632812
        ],
        [
          4.798965136387778e-08,
          -1.0,
          1.2774699076345541e-09,
          1.7000001668930054
        ],
        [
          0.0,
          0.0,
          0.0,
          1.0
        ]
      ],
      "camera_intrinsics": [
        [
          685.5110473632812,
          0.0,
          480.0
        ],
        [
          0.0,
          685.5110473632812,
          270.0
        ],
        [
          0.0,
          0.0,
          1.0
        ]
      ],
      "data_path": "D:\\Agent-AI\\outputs\\s3a_left_v3\\sample_000046\\images\\CAM_BACK_RIGHT.png",
      "raw_layout": "bgra8"
    },
    "LIDAR_TOP": {
      "type_id": "sensor.lidar.ray_cast",
      "blueprint_attributes": {
        "atmosphere_attenuation_rate": "0.004",
        "role_name": "front",
        "noise_seed": "0",
        "upper_fov": "10.0",
        "ros_name": "sensor.lidar.ray_cast",
        "sensor_tick": "0.100000",
        "channels": "32",
        "range": "120.0",
        "points_per_second": "360000",
        "lower_fov": "-30.0",
        "rotation_frequency": "10.000000",
        "horizontal_fov": "360.0",
        "dropoff_general_rate": "0.0",
        "dropoff_intensity_limit": "1.0",
        "noise_stddev": "0.0",
        "dropoff_zero_intensity": "0.0"
      },
      "transform_carla": {
        "location": {
          "x": 106.55235290527344,
          "y": -39.44021987915039,
          "z": 2.1959304809570312
        },
        "rotation": {
          "roll": 0.1462031900882721,
          "pitch": -0.1188930943608284,
          "yaw": -110.26850891113281
        }
      },
      "matrix_world_from_sensor_carla": [
        [
          -0.3464193344116211,
          0.9380782246589661,
          0.0016748751513659954,
          106.55235290527344
        ],
        [
          -0.938077449798584,
          -0.3464139699935913,
          -0.0028305468149483204,
          -39.44021987915039
        ],
        [
          -0.0020750744733959436,
          -0.0025517186149954796,
          0.9999945759773254,
          2.1959304809570312
        ],
        [
          0.0,
          0.0,
          0.0,
          1.0
        ]
      ],
      "matrix_world_from_sensor_bevfusion": [
        [
          -0.3464193344116211,
          -0.9380782246589661,
          0.0016748751513659954,
          106.55235290527344
        ],
        [
          0.938077449798584,
          -0.3464139699935913,
          0.0028305468149483204,
          39.44021987915039
        ],
        [
          -0.0020750744733959436,
          0.0025517186149954796,
          0.9999945759773254,
          2.1959304809570312
        ],
        [
          0.0,
          0.0,
          0.0,
          1.0
        ]
      ],
      "matrix_ego_from_sensor_carla": [
        [
          1.0,
          2.1779841929969734e-08,
          7.93788368369519e-11,
          2.2798776626586914e-06
        ],
        [
          -7.122483158816806e-10,
          0.9999999403953552,
          1.0357291413409797e-10,
          0.0
        ],
        [
          -4.430397715360357e-11,
          -4.8522630358149854e-11,
          1.0,
          2.1999998092651367
        ],
        [
          0.0,
          0.0,
          0.0,
          1.0
        ]
      ],
      "matrix_ego_from_sensor_bevfusion": [
        [
          1.0,
          -2.1779841929969734e-08,
          7.93788368369519e-11,
          2.2798776626586914e-06
        ],
        [
          7.122483158816806e-10,
          0.9999999403953552,
          -1.0357291413409797e-10,
          0.0
        ],
        [
          -4.430397715360357e-11,
          4.8522630358149854e-11,
          1.0,
          2.1999998092651367
        ],
        [
          0.0,
          0.0,
          0.0,
          1.0
        ]
      ],
      "data_path": "D:\\Agent-AI\\outputs\\s3a_left_v3\\sample_000046\\lidar\\LIDAR_TOP.npy",
      "raw_layout": [
        "x",
        "y",
        "z",
        "intensity"
      ]
    },
    "RADAR_FRONT": {
      "type_id": "sensor.other.radar",
      "blueprint_attributes": {
        "sensor_tick": "0.100000",
        "role_name": "default",
        "noise_seed": "0",
        "ros_name": "sensor.other.radar",
        "horizontal_fov": "35.0",
        "points_per_second": "1500",
        "vertical_fov": "20.0",
        "range": "120.0"
      },
      "transform_carla": {
        "location": {
          "x": 105.85733795166016,
          "y": -41.31269454956055,
          "z": 0.8917874097824097
        },
        "rotation": {
          "roll": 0.1462031900882721,
          "pitch": -0.1188930943608284,
          "yaw": -110.26850891113281
        }
      },
      "matrix_world_from_sensor_carla": [
        [
          -0.3464193344116211,
          0.9380782246589661,
          0.0016748751513659954,
          105.85733795166016
        ],
        [
          -0.938077449798584,
          -0.3464139699935913,
          -0.0028305468149483204,
          -41.31269454956055
        ],
        [
          -0.0020750744733959436,
          -0.0025517186149954796,
          0.9999945759773254,
          0.8917874097824097
        ],
        [
          0.0,
          0.0,
          0.0,
          1.0
        ]
      ],
      "matrix_world_from_sensor_bevfusion": [
        [
          -0.3464193344116211,
          -0.9380782246589661,
          0.0016748751513659954,
          105.85733795166016
        ],
        [
          0.938077449798584,
          -0.3464139699935913,
          0.0028305468149483204,
          41.31269454956055
        ],
        [
          -0.0020750744733959436,
          0.0025517186149954796,
          0.9999945759773254,
          0.8917874097824097
        ],
        [
          0.0,
          0.0,
          0.0,
          1.0
        ]
      ],
      "matrix_ego_from_sensor_carla": [
        [
          1.0,
          2.1779841929969734e-08,
          7.93788368369519e-11,
          2.0000033378601074
        ],
        [
          -7.122483158816806e-10,
          0.9999999403953552,
          1.0357291413409797e-10,
          0.0
        ],
        [
          -4.430397715360357e-11,
          -4.8522630358149854e-11,
          1.0,
          0.8999999761581421
        ],
        [
          0.0,
          0.0,
          0.0,
          1.0
        ]
      ],
      "matrix_ego_from_sensor_bevfusion": [
        [
          1.0,
          -2.1779841929969734e-08,
          7.93788368369519e-11,
          2.0000033378601074
        ],
        [
          7.122483158816806e-10,
          0.9999999403953552,
          -1.0357291413409797e-10,
          0.0
        ],
        [
          -4.430397715360357e-11,
          4.8522630358149854e-11,
          1.0,
          0.8999999761581421
        ],
        [
          0.0,
          0.0,
          0.0,
          1.0
        ]
      ],
      "data_path": "D:\\Agent-AI\\outputs\\s3a_left_v3\\sample_000046\\radar\\RADAR_FRONT.npy",
      "raw_layout": [
        "velocity",
        "altitude",
        "azimuth",
        "depth"
      ]
    },
    "RADAR_FRONT_LEFT": {
      "type_id": "sensor.other.radar",
      "blueprint_attributes": {
        "sensor_tick": "0.100000",
        "role_name": "default",
        "noise_seed": "0",
        "ros_name": "sensor.other.radar",
        "horizontal_fov": "35.0",
        "points_per_second": "1500",
        "vertical_fov": "20.0",
        "range": "120.0"
      },
      "transform_carla": {
        "location": {
          "x": 105.2750244140625,
          "y": -40.72455596923828,
          "z": 0.894427478313446
        },
        "rotation": {
          "roll": 0.1874537169933319,
          "pitch": 0.019308943301439285,
          "yaw": -155.26834106445312
        }
      },
      "matrix_world_from_sensor_carla": [
        [
          -0.9082770943641663,
          0.4183657765388489,
          0.0016748609486967325,
          105.2750244140625
        ],
        [
          -0.41836899518966675,
          -0.9082727432250977,
          -0.002830599434673786,
          -40.72455596923828
        ],
        [
          0.00033700463245622814,
          -0.00327167846262455,
          0.9999945759773254,
          0.894427478313446
        ],
        [
          0.0,
          0.0,
          0.0,
          1.0
        ]
      ],
      "matrix_world_from_sensor_bevfusion": [
        [
          -0.9082770943641663,
          -0.4183657765388489,
          0.0016748609486967325,
          105.2750244140625
        ],
        [
          0.41836899518966675,
          -0.9082727432250977,
          0.002830599434673786,
          40.72455596923828
        ],
        [
          0.00033700463245622814,
          0.00327167846262455,
          0.9999945759773254,
          0.894427478313446
        ],
        [
          0.0,
          0.0,
          0.0,
          1.0
        ]
      ],
      "matrix_ego_from_sensor_carla": [
        [
          0.7071065902709961,
          0.7071070671081543,
          5.432891825307706e-08,
          1.65000319480896
        ],
        [
          -0.7071070075035095,
          0.7071065902709961,
          4.993016222698543e-09,
          -0.7499923706054688
        ],
        [
          -3.463695463779004e-08,
          -4.1821163421218444e-08,
          1.0,
          0.8999999761581421
        ],
        [
          0.0,
          0.0,
          0.0,
          1.0
        ]
      ],
      "matrix_ego_from_sensor_bevfusion": [
        [
          0.7071065902709961,
          -0.7071070671081543,
          5.432891825307706e-08,
          1.65000319480896
        ],
        [
          0.7071070075035095,
          0.7071065902709961,
          -4.993016222698543e-09,
          0.7499923706054688
        ],
        [
          -3.463695463779004e-08,
          4.1821163421218444e-08,
          1.0,
          0.8999999761581421
        ],
        [
          0.0,
          0.0,
          0.0,
          1.0
        ]
      ],
      "data_path": "D:\\Agent-AI\\outputs\\s3a_left_v3\\sample_000046\\radar\\RADAR_FRONT_LEFT.npy",
      "raw_layout": [
        "velocity",
        "altitude",
        "azimuth",
        "depth"
      ]
    },
    "RADAR_FRONT_RIGHT": {
      "type_id": "sensor.other.radar",
      "blueprint_attributes": {
        "sensor_tick": "0.100000",
        "role_name": "default",
        "noise_seed": "0",
