{
  "schema_version": "stage1.v1",
  "sample_name": "sample_000012",
  "sequence_index": 12,
  "previous_sample_name": "sample_000011",
  "frame_id": 60013,
  "timestamp": 436.21970076859,
  "platform_timestamp": 16814566.2775088,
  "delta_seconds": 0.10000000149011612,
  "town": "Carla/Maps/Town10HD_Opt",
  "weather": {
    "cloudiness": 20.0,
    "dust_storm": 0.0,
    "fog_density": 2.0,
    "fog_distance": 0.75,
    "fog_falloff": 0.10000000149011612,
    "mie_scattering_scale": 0.029999999329447746,
    "precipitation": 0.0,
    "precipitation_deposits": 0.0,
    "rayleigh_scattering_scale": 0.03310000151395798,
    "scattering_intensity": 1.0,
    "sun_altitude_angle": 45.0,
    "sun_azimuth_angle": 300.0,
    "wetness": 0.0,
    "wind_intensity": 10.0
  },
  "sensor_names": [
    "CAM_FRONT",
    "CAM_FRONT_RIGHT",
    "CAM_FRONT_LEFT",
    "CAM_BACK",
    "CAM_BACK_LEFT",
    "CAM_BACK_RIGHT",
    "LIDAR_TOP",
    "RADAR_FRONT",
    "RADAR_FRONT_LEFT",
    "RADAR_FRONT_RIGHT",
    "RADAR_BACK_LEFT",
    "RADAR_BACK_RIGHT"
  ],
  "camera_order_for_model": [
    "CAM_FRONT",
    "CAM_FRONT_RIGHT",
    "CAM_FRONT_LEFT",
    "CAM_BACK",
    "CAM_BACK_LEFT",
    "CAM_BACK_RIGHT"
  ],
  "radar_order_for_model": [
    "RADAR_FRONT",
    "RADAR_FRONT_LEFT",
    "RADAR_FRONT_RIGHT",
    "RADAR_BACK_LEFT",
    "RADAR_BACK_RIGHT"
  ],
  "coordinate_notes": {
    "carla_world": "left-handed x-forward y-right z-up",
    "bevfusion_lidar": "x-forward y-left z-up",
    "camera_frame_for_model": "OpenCV style x-right y-down z-forward"
  },
  "ego": {
    "actor_id": 28,
    "transform_carla": {
      "location": {
        "x": 105.94498443603516,
        "y": -28.207069396972656,
        "z": -0.0062442016787827015
      },
      "rotation": {
        "roll": 0.3643469214439392,
        "pitch": 0.5140399932861328,
        "yaw": -96.37985229492188
      }
    },
    "velocity_carla": [
      -1.0892913341522217,
      -8.828325271606445,
      -8.459091077384073e-06
    ],
    "angular_velocity_carla": [
      -0.22238123416900635,
      -0.32616686820983887,
      -6.336638450622559
    ],
    "matrix_world_from_ego_carla": [
      [
        -0.11111496388912201,
        0.9937806725502014,
        0.0073165250942111015,
        105.94498443603516
      ],
      [
        -0.9937670826911926,
        -0.11117389053106308,
        0.008209221065044403,
        -28.207069396972656
      ],
      [
        0.008971570059657097,
        -0.006358754821121693,
        0.9999395608901978,
        -0.0062442016787827015
      ],
      [
        0.0,
        0.0,
        0.0,
        1.0
      ]
    ],
    "matrix_world_from_ego_bevfusion": [
      [
        -0.11111496388912201,
        -0.9937806725502014,
        0.0073165250942111015,
        105.94498443603516
      ],
      [
        0.9937670826911926,
        -0.11117389053106308,
        -0.008209221065044403,
        28.207069396972656
      ],
      [
        0.008971570059657097,
        0.006358754821121693,
        0.9999395608901978,
        -0.0062442016787827015
      ],
      [
        0.0,
        0.0,
        0.0,
        1.0
      ]
    ]
  },
  "sensors": {
    "CAM_FRONT": {
      "type_id": "sensor.camera.rgb",
      "blueprint_attributes": {
        "role_name": "front",
        "ros_name": "sensor.camera.rgb",
        "chromatic_aberration_offset": "0.0",
        "sensor_tick": "0.100000",
        "fstop": "1.4",
        "image_size_x": "960",
        "image_size_y": "540",
        "fov": "70.00",
        "lens_circle_falloff": "5.0",
        "lens_circle_multiplier": "0.0",
        "exposure_compensation": "0.0",
        "lens_y_size": "0.08",
        "lens_k": "-1.0",
        "exposure_mode": "histogram",
        "lens_kcube": "0.0",
        "lens_x_size": "0.08",
        "exposure_max_bright": "12.0",
        "shutter_speed": "200.0",
        "bloom_intensity": "0.675",
        "iso": "100.0",
        "enable_postprocess_effects": "false",
        "gamma": "2.2",
        "motion_blur_intensity": "0.0",
        "motion_blur_max_distortion": "0.35",
        "lens_flare_intensity": "0.1",
        "motion_blur_min_object_screen_size": "0.1",
        "exposure_min_bright": "10.0",
        "exposure_speed_up": "3.0",
        "exposure_speed_down": "1.0",
        "tint": "0.0",
        "calibration_constant": "16.0",
        "focal_distance": "1000.0",
        "min_fstop": "1.2",
        "blade_count": "5",
        "blur_amount": "0.0",
        "blur_radius": "0.0",
        "slope": "0.88",
        "toe": "0.55",
        "white_clip": "0.04",
        "shoulder": "0.26",
        "black_clip": "0.0",
        "temp": "6500.0",
        "chromatic_aberration_intensity": "0.0"
      },
      "transform_carla": {
        "location": {
          "x": 105.78519439697266,
          "y": -29.73345375061035,
          "z": 1.7075588703155518
        },
        "rotation": {
          "roll": 0.3643469214439392,
          "pitch": 0.5140399932861328,
          "yaw": -96.37985229492188
        }
      },
      "matrix_world_from_sensor_carla": [
        [
          -0.11111496388912201,
          0.9937806725502014,
          0.0073165250942111015,
          105.78519439697266
        ],
        [
          -0.9937670826911926,
          -0.11117389053106308,
          0.008209221065044403,
          -29.73345375061035
        ],
        [
          0.008971570059657097,
          -0.006358754821121693,
          0.9999395608901978,
          1.7075588703155518
        ],
        [
          0.0,
          0.0,
          0.0,
          1.0
        ]
      ],
      "matrix_world_from_sensor_bevfusion": [
        [
          0.9937806725502014,
          -0.0073165250942111015,
          -0.11111496388912201,
          105.78519439697266
        ],
        [
          0.11117389053106308,
          0.008209221065044403,
          0.9937670826911926,
          29.73345375061035
        ],
        [
          -0.006358754821121693,
          -0.9999395608901978,
          0.008971570059657097,
          1.7075588703155518
        ],
        [
          0.0,
          0.0,
          0.0,
          1.0
        ]
      ],
      "matrix_ego_from_sensor_carla": [
        [
          0.9999999403953552,
          -1.9696495545673542e-09,
          -2.0402579625766748e-10,
          1.5500011444091797
        ],
        [
          -2.686605826696109e-09,
          0.9999999403953552,
          -3.187987651642743e-10,
          -7.62939453125e-06
        ],
        [
          1.926058201817682e-10,
          6.026884546983524e-11,
          1.0,
          1.6999998092651367
        ],
        [
          0.0,
          0.0,
          0.0,
          1.0
        ]
      ],
      "matrix_ego_from_sensor_bevfusion": [
        [
          -1.9696495545673542e-09,
          2.0402579625766748e-10,
          0.9999999403953552,
          1.5500011444091797
        ],
        [
          -0.9999999403953552,
          -3.187987651642743e-10,
          2.686605826696109e-09,
          7.62939453125e-06
        ],
        [
          6.026884546983524e-11,
          -1.0,
          1.926058201817682e-10,
          1.6999998092651367
        ],
        [
          0.0,
          0.0,
          0.0,
          1.0
        ]
      ],
      "camera_intrinsics": [
        [
          685.5110473632812,
          0.0,
          480.0
        ],
        [
          0.0,
          685.5110473632812,
          270.0
        ],
        [
          0.0,
          0.0,
          1.0
        ]
      ],
      "data_path": "D:\\Agent-AI\\outputs\\s3a_ml_long_v2\\sample_000012\\images\\CAM_FRONT.png",
      "raw_layout": "bgra8"
    },
    "CAM_FRONT_RIGHT": {
      "type_id": "sensor.camera.rgb",
      "blueprint_attributes": {
        "role_name": "front",
        "ros_name": "sensor.camera.rgb",
        "chromatic_aberration_offset": "0.0",
        "sensor_tick": "0.100000",
        "fstop": "1.4",
        "image_size_x": "960",
        "image_size_y": "540",
        "fov": "70.00",
        "lens_circle_falloff": "5.0",
        "lens_circle_multiplier": "0.0",
        "exposure_compensation": "0.0",
        "lens_y_size": "0.08",
        "lens_k": "-1.0",
        "exposure_mode": "histogram",
        "lens_kcube": "0.0",
        "lens_x_size": "0.08",
        "exposure_max_bright": "12.0",
        "shutter_speed": "200.0",
        "bloom_intensity": "0.675",
        "iso": "100.0",
        "enable_postprocess_effects": "false",
        "gamma": "2.2",
        "motion_blur_intensity": "0.0",
        "motion_blur_max_distortion": "0.35",
        "lens_flare_intensity": "0.1",
        "motion_blur_min_object_screen_size": "0.1",
        "exposure_min_bright": "10.0",
        "exposure_speed_up": "3.0",
        "exposure_speed_down": "1.0",
        "tint": "0.0",
        "calibration_constant": "16.0",
        "focal_distance": "1000.0",
        "min_fstop": "1.2",
        "blade_count": "5",
        "blur_amount": "0.0",
        "blur_radius": "0.0",
        "slope": "0.88",
        "toe": "0.55",
        "white_clip": "0.04",
        "shoulder": "0.26",
        "black_clip": "0.0",
        "temp": "6500.0",
        "chromatic_aberration_intensity": "0.0"
      },
      "transform_carla": {
        "location": {
          "x": 106.35955810546875,
          "y": -29.54615592956543,
          "z": 1.7018187046051025
        },
        "rotation": {
          "roll": 0.6300548911094666,
          "pitch": -0.0036063396837562323,
          "yaw": -41.381526947021484
        }
      },
      "matrix_world_from_sensor_carla": [
        [
          0.7503242492675781,
          0.6610295176506042,
          0.007316555827856064,
          106.35955810546875
        ],
        [
          -0.6610699892044067,
          0.7502793669700623,
          0.00820919219404459,
          -29.54615592956543
        ],
        [
          -6.294249760685489e-05,
          -0.010996310971677303,
          0.9999395608901978,
          1.7018187046051025
        ],
        [
          0.0,
          0.0,
          0.0,
          1.0
        ]
      ],
      "matrix_world_from_sensor_bevfusion": [
        [
          0.6610295176506042,
          -0.007316555827856064,
          0.7503242492675781,
          106.35955810546875
        ],
        [
          -0.7502793669700623,
          0.00820919219404459,
          0.6610699892044067,
          29.54615592956543
        ],
        [
          -0.010996310971677303,
          -0.9999395608901978,
          -6.294249760685489e-05,
          1.7018187046051025
        ],
        [
          0.0,
          0.0,
          0.0,
          1.0
        ]
      ],
      "matrix_ego_from_sensor_carla": [
        [
          0.5735767483711243,
          -0.8191518187522888,
          2.5873006848087243e-08,
          1.2999992370605469
        ],
        [
          0.819151759147644,
          0.5735767483711243,
          3.367447476421148e-08,
          0.5500030517578125
        ],
        [
          -4.100468231627019e-08,
          1.2296816898071938e-09,
          1.0,
          1.7000000476837158
        ],
        [
          0.0,
          0.0,
          0.0,
          1.0
        ]
      ],
      "matrix_ego_from_sensor_bevfusion": [
        [
          -0.8191518187522888,
          -2.5873006848087243e-08,
          0.5735767483711243,
          1.2999992370605469
        ],
        [
          -0.5735767483711243,
          3.367447476421148e-08,
          -0.819151759147644,
          -0.5500030517578125
        ],
        [
          1.2296816898071938e-09,
          -1.0,
          -4.100468231627019e-08,
          1.7000000476837158
        ],
        [
          0.0,
          0.0,
          0.0,
          1.0
        ]
      ],
      "camera_intrinsics": [
        [
          685.5110473632812,
          0.0,
          480.0
        ],
        [
          0.0,
          685.5110473632812,
          270.0
        ],
        [
          0.0,
          0.0,
          1.0
        ]
      ],
      "data_path": "D:\\Agent-AI\\outputs\\s3a_ml_long_v2\\sample_000012\\images\\CAM_FRONT_RIGHT.png",
      "raw_layout": "bgra8"
    },
    "CAM_FRONT_LEFT": {
      "type_id": "sensor.camera.rgb",
      "blueprint_attributes": {
        "role_name": "front",
        "ros_name": "sensor.camera.rgb",
        "chromatic_aberration_offset": "0.0",
        "sensor_tick": "0.100000",
        "fstop": "1.4",
        "image_size_x": "960",
        "image_size_y": "540",
        "fov": "70.00",
        "lens_circle_falloff": "5.0",
        "lens_circle_multiplier": "0.0",
        "exposure_compensation": "0.0",
        "lens_y_size": "0.08",
        "lens_k": "-1.0",
        "exposure_mode": "histogram",
        "lens_kcube": "0.0",
        "lens_x_size": "0.08",
        "exposure_max_bright": "12.0",
        "shutter_speed": "200.0",
        "bloom_intensity": "0.675",
        "iso": "100.0",
        "enable_postprocess_effects": "false",
        "gamma": "2.2",
        "motion_blur_intensity": "0.0",
        "motion_blur_max_distortion": "0.35",
        "lens_flare_intensity": "0.1",
        "motion_blur_min_object_screen_size": "0.1",
        "exposure_min_bright": "10.0",
        "exposure_speed_up": "3.0",
        "exposure_speed_down": "1.0",
        "tint": "0.0",
        "calibration_constant": "16.0",
        "focal_distance": "1000.0",
        "min_fstop": "1.2",
        "blade_count": "5",
        "blur_amount": "0.0",
        "blur_radius": "0.0",
        "slope": "0.88",
        "toe": "0.55",
        "white_clip": "0.04",
        "shoulder": "0.26",
        "black_clip": "0.0",
        "temp": "6500.0",
        "chromatic_aberration_intensity": "0.0"
      },
      "transform_carla": {
        "location": {
          "x": 105.26639556884766,
          "y": -29.423866271972656,
          "z": 1.7088133096694946
        },
        "rotation": {
          "roll": -0.21211199462413788,
          "pitch": 0.5932906866073608,
          "yaw": -151.38258361816406
        }
      },
      "matrix_world_from_sensor_carla": [
        [
          -0.8777903318405151,
          0.4789891839027405,
          0.007316545117646456,
          105.26639556884766
        ],
        [
          -0.4789331555366516,
          -0.8778129816055298,
          0.008209228515625,
          -29.423866271972656
        ],
        [
          0.010354690253734589,
          0.003701845882460475,
          0.9999395608901978,
          1.7088133096694946
        ],
        [
          0.0,
          0.0,
          0.0,
          1.0
        ]
      ],
      "matrix_world_from_sensor_bevfusion": [
        [
          0.4789891839027405,
          -0.007316545117646456,
          -0.8777903318405151,
          105.26639556884766
        ],
        [
          0.8778129816055298,
          0.008209228515625,
          0.4789331555366516,
          29.423866271972656
        ],
        [
          0.003701845882460475,
          -0.9999395608901978,
          0.010354690253734589,
          1.7088133096694946
        ],
        [
          0.0,
          0.0,
          0.0,
          1.0
        ]
      ],
      "matrix_ego_from_sensor_carla": [
        [
          0.5735765695571899,
          0.8191519379615784,
          -9.51725187547936e-09,
          1.3000011444091797
        ],
        [
          -0.8191519975662231,
          0.5735764503479004,
          1.8773313570363825e-08,
          -0.5500030517578125
        ],
        [
          2.175506352841694e-08,
          -9.051603355736404e-10,
          1.0,
          1.6999998092651367
        ],
        [
          0.0,
          0.0,
          0.0,
          1.0
        ]
      ],
      "matrix_ego_from_sensor_bevfusion": [
        [
          0.8191519379615784,
          9.51725187547936e-09,
          0.5735765695571899,
          1.3000011444091797
        ],
        [
          -0.5735764503479004,
          1.8773313570363825e-08,
          0.8191519975662231,
          0.5500030517578125
        ],
        [
          -9.051603355736404e-10,
          -1.0,
          2.175506352841694e-08,
          1.6999998092651367
        ],
        [
          0.0,
          0.0,
          0.0,
          1.0
        ]
      ],
      "camera_intrinsics": [
        [
          685.5110473632812,
          0.0,
          480.0
        ],
        [
          0.0,
          685.5110473632812,
          270.0
        ],
        [
          0.0,
          0.0,
          1.0
        ]
      ],
      "data_path": "D:\\Agent-AI\\outputs\\s3a_ml_long_v2\\sample_000012\\images\\CAM_FRONT_LEFT.png",
      "raw_layout": "bgra8"
    },
    "CAM_BACK": {
      "type_id": "sensor.camera.rgb",
      "blueprint_attributes": {
        "role_name": "front",
        "ros_name": "sensor.camera.rgb",
        "chromatic_aberration_offset": "0.0",
        "sensor_tick": "0.100000",
        "fstop": "1.4",
        "image_size_x": "960",
        "image_size_y": "540",
        "fov": "70.00",
        "lens_circle_falloff": "5.0",
        "lens_circle_multiplier": "0.0",
        "exposure_compensation": "0.0",
        "lens_y_size": "0.08",
        "lens_k": "-1.0",
        "exposure_mode": "histogram",
        "lens_kcube": "0.0",
        "lens_x_size": "0.08",
        "exposure_max_bright": "12.0",
        "shutter_speed": "200.0",
        "bloom_intensity": "0.675",
        "iso": "100.0",
        "enable_postprocess_effects": "false",
        "gamma": "2.2",
        "motion_blur_intensity": "0.0",
        "motion_blur_max_distortion": "0.35",
        "lens_flare_intensity": "0.1",
        "motion_blur_min_object_screen_size": "0.1",
        "exposure_min_bright": "10.0",
        "exposure_speed_up": "3.0",
        "exposure_speed_down": "1.0",
        "tint": "0.0",
        "calibration_constant": "16.0",
        "focal_distance": "1000.0",
        "min_fstop": "1.2",
        "blade_count": "5",
        "blur_amount": "0.0",
        "blur_radius": "0.0",
        "slope": "0.88",
        "toe": "0.55",
        "white_clip": "0.04",
        "shoulder": "0.26",
        "black_clip": "0.0",
        "temp": "6500.0",
        "chromatic_aberration_intensity": "0.0"
      },
      "transform_carla": {
        "location": {
          "x": 106.12965393066406,
          "y": -26.652774810791016,
          "z": 1.6797469854354858
        },
        "rotation": {
          "roll": -0.36434704065322876,
          "pitch": -0.5140399932861328,
          "yaw": 83.6201400756836
        }
      },
      "matrix_world_from_sensor_carla": [
        [
          0.11111511290073395,
          -0.9937806129455566,
          0.007316528353840113,
          106.12965393066406
        ],
        [
          0.9937670230865479,
          0.11117403954267502,
          0.00820921827107668,
          -26.652774810791016
        ],
        [
          -0.008971570059657097,
          0.006358757149428129,
          0.9999395608901978,
          1.6797469854354858
        ],
        [
          0.0,
          0.0,
          0.0,
          1.0
        ]
      ],
      "matrix_world_from_sensor_bevfusion": [
        [
          -0.9937806129455566,
          -0.007316528353840113,
          0.11111511290073395,
          106.12965393066406
        ],
        [
          -0.11117403954267502,
          0.00820921827107668,
          -0.9937670230865479,
          26.652774810791016
        ],
        [
          0.006358757149428129,
          -0.9999395608901978,
          -0.008971570059657097,
          1.6797469854354858
        ],
        [
          0.0,
          0.0,
          0.0,
          1.0
        ]
      ],
      "matrix_ego_from_sensor_carla": [
        [
          -0.9999999403953552,
          -1.460933845010004e-07,
          2.5899420386110705e-09,
          -1.5500011444091797
        ],
        [
          1.5832297606266366e-07,
          -0.9999998807907104,
          3.4064915332976398e-09,
          0.0
        ],
        [
          7.387167544337103e-10,
          3.664880621201405e-09,
          1.0,
          1.6999998092651367
        ],
        [
          0.0,
          0.0,
          0.0,
          1.0
        ]
      ],
      "matrix_ego_from_sensor_bevfusion": [
        [
          -1.460933845010004e-07,
          -2.5899420386110705e-09,
          -0.9999999403953552,
          -1.5500011444091797
        ],
        [
          0.9999998807907104,
          3.4064915332976398e-09,
          -1.5832297606266366e-07,
          0.0
        ],
        [
          3.664880621201405e-09,
          -1.0,
          7.387167544337103e-10,
          1.6999998092651367
        ],
        [
          0.0,
          0.0,
          0.0,
          1.0
        ]
      ],
      "camera_intrinsics": [
        [
          685.5110473632812,
          0.0,
          480.0
        ],
        [
          0.0,
          685.5110473632812,
          270.0
        ],
        [
          0.0,
          0.0,
          1.0
        ]
      ],
      "data_path": "D:\\Agent-AI\\outputs\\s3a_ml_long_v2\\sample_000012\\images\\CAM_BACK.png",
      "raw_layout": "bgra8"
    },
    "CAM_BACK_LEFT": {
      "type_id": "sensor.camera.rgb",
      "blueprint_attributes": {
        "role_name": "front",
        "ros_name": "sensor.camera.rgb",
        "chromatic_aberration_offset": "0.0",
        "sensor_tick": "0.100000",
        "fstop": "1.4",
        "image_size_x": "960",
        "image_size_y": "540",
        "fov": "70.00",
        "lens_circle_falloff": "5.0",
        "lens_circle_multiplier": "0.0",
        "exposure_compensation": "0.0",
        "lens_y_size": "0.08",
        "lens_k": "-1.0",
        "exposure_mode": "histogram",
        "lens_kcube": "0.0",
        "lens_x_size": "0.08",
        "exposure_max_bright": "12.0",
        "shutter_speed": "200.0",
        "bloom_intensity": "0.675",
        "iso": "100.0",
        "enable_postprocess_effects": "false",
        "gamma": "2.2",
        "motion_blur_intensity": "0.0",
        "motion_blur_max_distortion": "0.35",
        "lens_flare_intensity": "0.1",
        "motion_blur_min_object_screen_size": "0.1",
        "exposure_min_bright": "10.0",
        "exposure_speed_up": "3.0",
        "exposure_speed_down": "1.0",
        "tint": "0.0",
        "calibration_constant": "16.0",
        "focal_distance": "1000.0",
        "min_fstop": "1.2",
        "blade_count": "5",
        "blur_amount": "0.0",
        "blur_radius": "0.0",
        "slope": "0.88",
        "toe": "0.55",
        "white_clip": "0.04",
        "shoulder": "0.26",
        "black_clip": "0.0",
        "temp": "6500.0",
        "chromatic_aberration_intensity": "0.0"
      },
      "transform_carla": {
        "location": {
          "x": 105.5552978515625,
          "y": -26.840070724487305,
          "z": 1.6854872703552246
        },
        "rotation": {
          "roll": -0.6300548315048218,
          "pitch": 0.0036063396837562323,
          "yaw": 138.61846923828125
        }
      },
      "matrix_world_from_sensor_carla": [
        [
          -0.7503242492675781,
          -0.6610295176506042,
          0.007316554430872202,
          105.5552978515625
        ],
        [
          0.6610699892044067,
          -0.7502793669700623,
          0.00820919033139944,
          -26.840070724487305
        ],
        [
          6.294249760685489e-05,
          0.010996309109032154,
          0.9999395608901978,
          1.6854872703552246
        ],
        [
          0.0,
          0.0,
          0.0,
          1.0
        ]
      ],
      "matrix_world_from_sensor_bevfusion": [
        [
          -0.6610295176506042,
          -0.007316554430872202,
          -0.7503242492675781,
          105.5552978515625
        ],
        [
          0.7502793669700623,
          0.00820919033139944,
          -0.6610699892044067,
          26.840070724487305
        ],
        [
          0.010996309109032154,
          -0.9999395608901978,
          6.294249760685489e-05,
          1.6854872703552246
        ],
        [
          0.0,
          0.0,
          0.0,
          1.0
        ]
      ],
      "matrix_ego_from_sensor_carla": [
        [
          -0.5735767483711243,
          0.8191518187522888,
          2.77356519973182e-08,
          -1.3000011444091797
        ],
        [
          -0.819151759147644,
          -0.5735767483711243,
          3.2277490902288264e-08,
          -0.5499954223632812
        ],
        [
          4.100468231627019e-08,
          -3.092214262423454e-09,
          1.0,
          1.7000000476837158
        ],
        [
          0.0,
          0.0,
          0.0,
          1.0
        ]
      ],
      "matrix_ego_from_sensor_bevfusion": [
        [
          0.8191518187522888,
          -2.77356519973182e-08,
          -0.5735767483711243,
          -1.3000011444091797
        ],
        [
          0.5735767483711243,
          3.2277490902288264e-08,
          0.819151759147644,
          0.5499954223632812
        ],
        [
          -3.092214262423454e-09,
          -1.0,
          4.100468231627019e-08,
          1.7000000476837158
        ],
        [
          0.0,
          0.0,
          0.0,
          1.0
        ]
      ],
      "camera_intrinsics": [
        [
          685.5110473632812,
          0.0,
          480.0
        ],
        [
          0.0,
          685.5110473632812,
          270.0
        ],
        [
          0.0,
          0.0,
          1.0
        ]
      ],
      "data_path": "D:\\Agent-AI\\outputs\\s3a_ml_long_v2\\sample_000012\\images\\CAM_BACK_LEFT.png",
      "raw_layout": "bgra8"
    },
    "CAM_BACK_RIGHT": {
      "type_id": "sensor.camera.rgb",
      "blueprint_attributes": {
        "role_name": "front",
        "ros_name": "sensor.camera.rgb",
        "chromatic_aberration_offset": "0.0",
        "sensor_tick": "0.100000",
        "fstop": "1.4",
        "image_size_x": "960",
        "image_size_y": "540",
        "fov": "70.00",
        "lens_circle_falloff": "5.0",
        "lens_circle_multiplier": "0.0",
        "exposure_compensation": "0.0",
        "lens_y_size": "0.08",
        "lens_k": "-1.0",
        "exposure_mode": "histogram",
        "lens_kcube": "0.0",
        "lens_x_size": "0.08",
        "exposure_max_bright": "12.0",
        "shutter_speed": "200.0",
        "bloom_intensity": "0.675",
        "iso": "100.0",
        "enable_postprocess_effects": "false",
        "gamma": "2.2",
        "motion_blur_intensity": "0.0",
        "motion_blur_max_distortion": "0.35",
        "lens_flare_intensity": "0.1",
        "motion_blur_min_object_screen_size": "0.1",
        "exposure_min_bright": "10.0",
        "exposure_speed_up": "3.0",
        "exposure_speed_down": "1.0",
        "tint": "0.0",
        "calibration_constant": "16.0",
        "focal_distance": "1000.0",
        "min_fstop": "1.2",
        "blade_count": "5",
        "blur_amount": "0.0",
        "blur_radius": "0.0",
        "slope": "0.88",
        "toe": "0.55",
        "white_clip": "0.04",
        "shoulder": "0.26",
        "black_clip": "0.0",
        "temp": "6500.0",
        "chromatic_aberration_intensity": "0.0"
      },
      "transform_carla": {
        "location": {
          "x": 106.64845275878906,
          "y": -26.96236228942871,
          "z": 1.6784926652908325
        },
        "rotation": {
          "roll": 0.21211209893226624,
          "pitch": -0.5932906866073608,
          "yaw": 28.61739158630371
        }
      },
      "matrix_world_from_sensor_carla": [
        [
          0.877790629863739,
          -0.4789887070655823,
          0.007316548842936754,
          106.64845275878906
        ],
        [
          0.4789326786994934,
          0.8778132796287537,
          0.00820922665297985,
          -26.96236228942871
        ],
        [
          -0.010354690253734589,
          -0.003701847745105624,
          0.9999395608901978,
          1.6784926652908325
        ],
        [
          0.0,
          0.0,
          0.0,
          1.0
        ]
      ],
      "matrix_world_from_sensor_bevfusion": [
        [
          -0.4789887070655823,
          -0.007316548842936754,
          0.877790629863739,
          106.64845275878906
        ],
        [
          -0.8778132796287537,
          0.00820922665297985,
          -0.4789326786994934,
          26.96236228942871
        ],
        [
          -0.003701847745105624,
          -0.9999395608901978,
          -0.010354690253734589,
          1.6784926652908325
        ],
        [
          0.0,
          0.0,
          0.0,
          1.0
        ]
      ],
      "matrix_ego_from_sensor_carla": [
        [
          -0.5735760927200317,
          -0.819152295589447,
          -7.654606726248403e-09,
          -1.3000001907348633
        ],
        [
          0.819152295589447,
          -0.573576033115387,
          2.296426515613348e-08,
          0.5500030517578125
        ],
        [
          -2.3617708677647897e-08,
          5.096224775513747e-09,
          1.0,
          1.7000000476837158
        ],
        [
          0.0,
          0.0,
          0.0,
          1.0
        ]
      ],
      "matrix_ego_from_sensor_bevfusion": [
        [
          -0.819152295589447,
          7.654606726248403e-09,
          -0.5735760927200317,
          -1.3000001907348633
        ],
        [
          0.573576033115387,
          2.296426515613348e-08,
          -0.819152295589447,
          -0.5500030517578125
        ],
        [
          5.096224775513747e-09,
          -1.0,
          -2.3617708677647897e-08,
          1.7000000476837158
        ],
        [
          0.0,
          0.0,
          0.0,
          1.0
        ]
      ],
      "camera_intrinsics": [
        [
          685.5110473632812,
          0.0,
          480.0
        ],
        [
          0.0,
          685.5110473632812,
          270.0
        ],
        [
          0.0,
          0.0,
          1.0
        ]
      ],
      "data_path": "D:\\Agent-AI\\outputs\\s3a_ml_long_v2\\sample_000012\\images\\CAM_BACK_RIGHT.png",
      "raw_layout": "bgra8"
    },
    "LIDAR_TOP": {
      "type_id": "sensor.lidar.ray_cast",
      "blueprint_attributes": {
        "atmosphere_attenuation_rate": "0.004",
        "role_name": "front",
        "noise_seed": "0",
        "upper_fov": "10.0",
        "ros_name": "sensor.lidar.ray_cast",
        "sensor_tick": "0.100000",
        "channels": "32",
        "range": "120.0",
        "points_per_second": "360000",
        "lower_fov": "-30.0",
        "rotation_frequency": "10.000000",
        "horizontal_fov": "360.0",
        "dropoff_general_rate": "0.0",
        "dropoff_intensity_limit": "1.0",
        "noise_stddev": "0.0",
        "dropoff_zero_intensity": "0.0"
      },
      "transform_carla": {
        "location": {
          "x": 105.9610824584961,
          "y": -28.189010620117188,
          "z": 2.193622589111328
        },
        "rotation": {
          "roll": 0.3643469214439392,
          "pitch": 0.5140399932861328,
          "yaw": -96.37985229492188
        }
      },
      "matrix_world_from_sensor_carla": [
        [
          -0.11111496388912201,
          0.9937806725502014,
          0.0073165250942111015,
          105.9610824584961
        ],
        [
          -0.9937670826911926,
          -0.11117389053106308,
          0.008209221065044403,
          -28.189010620117188
        ],
        [
          0.008971570059657097,
          -0.006358754821121693,
          0.9999395608901978,
          2.193622589111328
        ],
        [
          0.0,
          0.0,
          0.0,
          1.0
        ]
      ],
      "matrix_world_from_sensor_bevfusion": [
        [
          -0.11111496388912201,
          -0.9937806725502014,
          0.0073165250942111015,
          105.9610824584961
        ],
        [
          0.9937670826911926,
          -0.11117389053106308,
          -0.008209221065044403,
          28.189010620117188
        ],
        [
          0.008971570059657097,
          0.006358754821121693,
          0.9999395608901978,
          2.193622589111328
        ],
        [
          0.0,
          0.0,
          0.0,
          1.0
        ]
      ],
      "matrix_ego_from_sensor_carla": [
        [
          0.9999999403953552,
          -1.9696495545673542e-09,
          -2.0402579625766748e-10,
          0.0
        ],
        [
          -2.686605826696109e-09,
          0.9999999403953552,
          -3.187987651642743e-10,
          0.0
        ],
        [
          1.926058201817682e-10,
          6.026884546983524e-11,
          1.0,
          2.1999998092651367
        ],
        [
          0.0,
          0.0,
          0.0,
          1.0
        ]
      ],
      "matrix_ego_from_sensor_bevfusion": [
        [
          0.9999999403953552,
          1.9696495545673542e-09,
          -2.0402579625766748e-10,
          0.0
        ],
        [
          2.686605826696109e-09,
          0.9999999403953552,
          3.187987651642743e-10,
          0.0
        ],
        [
          1.926058201817682e-10,
          -6.026884546983524e-11,
          1.0,
          2.1999998092651367
        ],
        [
          0.0,
          0.0,
          0.0,
          1.0
        ]
      ],
      "data_path": "D:\\Agent-AI\\outputs\\s3a_ml_long_v2\\sample_000012\\lidar\\LIDAR_TOP.npy",
      "raw_layout": [
        "x",
        "y",
        "z",
        "intensity"
      ]
    },
    "RADAR_FRONT": {
      "type_id": "sensor.other.radar",
      "blueprint_attributes": {
        "sensor_tick": "0.100000",
        "role_name": "default",
        "noise_seed": "0",
        "ros_name": "sensor.other.radar",
        "horizontal_fov": "35.0",
        "points_per_second": "1500",
        "vertical_fov": "20.0",
        "range": "120.0"
      },
      "transform_carla": {
        "location": {
          "x": 105.72933959960938,
          "y": -30.18721580505371,
          "z": 0.9116445183753967
        },
        "rotation": {
          "roll": 0.3643469214439392,
          "pitch": 0.5140399932861328,
          "yaw": -96.37985229492188
        }
      },
      "matrix_world_from_sensor_carla": [
        [
          -0.11111496388912201,
          0.9937806725502014,
          0.0073165250942111015,
          105.72933959960938
        ],
        [
          -0.9937670826911926,
          -0.11117389053106308,
          0.008209221065044403,
          -30.18721580505371
        ],
        [
          0.008971570059657097,
          -0.006358754821121693,
          0.9999395608901978,
          0.9116445183753967
        ],
        [
          0.0,
          0.0,
          0.0,
          1.0
        ]
      ],
      "matrix_world_from_sensor_bevfusion": [
        [
          -0.11111496388912201,
          -0.9937806725502014,
          0.0073165250942111015,
          105.72933959960938
        ],
        [
          0.9937670826911926,
          -0.11117389053106308,
          -0.008209221065044403,
          30.18721580505371
        ],
        [
          0.008971570059657097,
          0.006358754821121693,
          0.9999395608901978,
          0.9116445183753967
        ],
        [
          0.0,
          0.0,
          0.0,
          1.0
        ]
      ],
      "matrix_ego_from_sensor_carla": [
        [
          0.9999999403953552,
          -1.9696495545673542e-09,
          -2.0402579625766748e-10,
          2.0
        ],
        [
          -2.686605826696109e-09,
          0.9999999403953552,
          -3.187987651642743e-10,
          0.0
        ],
        [
          1.926058201817682e-10,
          6.026884546983524e-11,
          1.0,
          0.9000000357627869
        ],
        [
          0.0,
          0.0,
          0.0,
          1.0
        ]
      ],
      "matrix_ego_from_sensor_bevfusion": [
        [
          0.9999999403953552,
          1.9696495545673542e-09,
          -2.0402579625766748e-10,
          2.0
        ],
        [
          2.686605826696109e-09,
          0.9999999403953552,
          3.187987651642743e-10,
          0.0
        ],
        [
          1.926058201817682e-10,
          -6.026884546983524e-11,
          1.0,
          0.9000000357627869
        ],
        [
          0.0,
          0.0,
          0.0,
          1.0
        ]
      ],
      "data_path": "D:\\Agent-AI\\outputs\\s3a_ml_long_v2\\sample_000012\\radar\\RADAR_FRONT.npy",
      "raw_layout": [
        "velocity",
        "altitude",
        "azimuth",
        "depth"
      ]
    },
    "RADAR_FRONT_LEFT": {
      "type_id": "sensor.other.radar",
      "blueprint_attributes": {
        "sensor_tick": "0.100000",
        "role_name": "default",
        "noise_seed": "0",
        "ros_name": "sensor.other.radar",
        "horizontal_fov": "35.0",
        "points_per_second": "1500",
        "vertical_fov": "20.0",
        "range": "120.0"
      },
      "transform_carla": {
        "location": {
          "x": 105.02289581298828,
          "y": -29.756017684936523,
          "z": 0.9132735133171082
        },
        "rotation": {
          "roll": -0.10586243867874146,
          "pitch": 0.6211100220680237,
          "yaw": -141.382080078125
        }
      },
      "matrix_world_from_sensor_carla": [
        [
          -0.7812793254852295,
          0.6241386532783508,
          0.007316548377275467,
          105.02289581298828
        ],
        [
          -0.624087393283844,
          -0.7813113331794739,
          0.008209232240915298,
          -29.756017684936523
        ],
        [
          0.010840202681720257,
          0.001847538398578763,
          0.999939501285553,
          0.9132735133171082
        ],
        [
          0.0,
          0.0,
          0.0,
          1.0
        ]
      ],
      "matrix_world_from_sensor_bevfusion": [
        [
          -0.7812793254852295,
          -0.6241386532783508,
          0.007316548377275467,
          105.02289581298828
        ],
        [
          0.624087393283844,
          -0.7813113331794739,
          -0.008209232240915298,
          29.756017684936523
        ],
        [
          0.010840202681720257,
          -0.001847538398578763,
          0.999939501285553,
          0.9132735133171082
        ],
        [
          0.0,
          0.0,
          0.0,
          1.0
        ]
      ],
      "matrix_ego_from_sensor_carla": [
        [
          0.7071065902709961,
          0.70710688829422,
          -1.3777289531446968e-08,
          1.6500015258789062
        ],
        [
          -0.70710688829422,
          0.7071065306663513,
          2.1946293671248895e-08,
          -0.75
        ],
        [
          2.684112132556038e-08,
          -3.391033454036574e-09,
          0.9999999403953552,
          0.9000000357627869
        ],
        [
          0.0,
          0.0,
          0.0,
          1.0
        ]
      ],
      "matrix_ego_from_sensor_bevfusion": [
        [
          0.7071065902709961,
          -0.70710688829422,
          -1.3777289531446968e-08,
          1.6500015258789062
        ],
        [
          0.70710688829422,
          0.7071065306663513,
          -2.1946293671248895e-08,
          0.75
        ],
        [
          2.684112132556038e-08,
          3.391033454036574e-09,
          0.9999999403953552,
          0.9000000357627869
        ],
        [
          0.0,
          0.0,
          0.0,
          1.0
        ]
      ],
      "data_path": "D:\\Agent-AI\\outputs\\s3a_ml_long_v2\\sample_000012\\radar\\RADAR_FRONT_LEFT.npy",
      "raw_layout": [
        "velocity",
        "altitude",
        "azimuth",
        "depth"
      ]
    },
    "RADAR_FRONT_RIGHT": {
      "type_id": "sensor.other.radar",
      "blueprint_attributes": {
        "sensor_tick": "0.100000",
        "role_name": "default",
        "noise_seed": "0",
