{
  "schema_version": "stage1.v1",
  "sample_name": "sample_000009",
  "sequence_index": 9,
  "previous_sample_name": "sample_000008",
  "frame_id": 2186,
  "timestamp": 33.34063230082393,
  "platform_timestamp": 16781867.1278549,
  "delta_seconds": 0.05000000074505806,
  "town": "Carla/Maps/Town10HD_Opt",
  "weather": {
    "cloudiness": 20.0,
    "dust_storm": 0.0,
    "fog_density": 2.0,
    "fog_distance": 0.75,
    "fog_falloff": 0.10000000149011612,
    "mie_scattering_scale": 0.029999999329447746,
    "precipitation": 0.0,
    "precipitation_deposits": 0.0,
    "rayleigh_scattering_scale": 0.03310000151395798,
    "scattering_intensity": 1.0,
    "sun_altitude_angle": 45.0,
    "sun_azimuth_angle": 300.0,
    "wetness": 0.0,
    "wind_intensity": 10.0
  },
  "sensor_names": [
    "CAM_FRONT",
    "CAM_FRONT_RIGHT",
    "CAM_FRONT_LEFT",
    "CAM_BACK",
    "CAM_BACK_LEFT",
    "CAM_BACK_RIGHT",
    "LIDAR_TOP",
    "RADAR_FRONT",
    "RADAR_FRONT_LEFT",
    "RADAR_FRONT_RIGHT",
    "RADAR_BACK_LEFT",
    "RADAR_BACK_RIGHT"
  ],
  "camera_order_for_model": [
    "CAM_FRONT",
    "CAM_FRONT_RIGHT",
    "CAM_FRONT_LEFT",
    "CAM_BACK",
    "CAM_BACK_LEFT",
    "CAM_BACK_RIGHT"
  ],
  "radar_order_for_model": [
    "RADAR_FRONT",
    "RADAR_FRONT_LEFT",
    "RADAR_FRONT_RIGHT",
    "RADAR_BACK_LEFT",
    "RADAR_BACK_RIGHT"
  ],
  "coordinate_notes": {
    "carla_world": "left-handed x-forward y-right z-up",
    "bevfusion_lidar": "x-forward y-left z-up",
    "camera_frame_for_model": "OpenCV style x-right y-down z-forward"
  },
  "ego": {
    "actor_id": 24,
    "transform_carla": {
      "location": {
        "x": -60.206790924072266,
        "y": 23.771175384521484,
        "z": -0.005461005959659815
      },
      "rotation": {
        "roll": 0.3362249732017517,
        "pitch": 0.3228766918182373,
        "yaw": -10.766830444335938
      }
    },
    "velocity_carla": [
      5.78692626953125,
      -1.3387924432754517,
      -0.0002239608729723841
    ],
    "angular_velocity_carla": [
      -0.6571815013885498,
      -1.5850547552108765,
      -10.235616683959961
    ],
    "matrix_world_from_ego_carla": [
      [
        0.9823800325393677,
        0.18684187531471252,
        -0.004439677577465773,
        -60.206790924072266
      ],
      [
        -0.18680964410305023,
        0.9823724627494812,
        0.006817607209086418,
        23.771175384521484
      ],
      [
        0.0056352317333221436,
        -0.00586810614913702,
        0.9999669194221497,
        -0.005461005959659815
      ],
      [
        0.0,
        0.0,
        0.0,
        1.0
      ]
    ],
    "matrix_world_from_ego_bevfusion": [
      [
        0.9823800325393677,
        -0.18684187531471252,
        -0.004439677577465773,
        -60.206790924072266
      ],
      [
        0.18680964410305023,
        0.9823724627494812,
        -0.006817607209086418,
        -23.771175384521484
      ],
      [
        0.0056352317333221436,
        0.00586810614913702,
        0.9999669194221497,
        -0.005461005959659815
      ],
      [
        0.0,
        0.0,
        0.0,
        1.0
      ]
    ]
  },
  "sensors": {
    "CAM_FRONT": {
      "type_id": "sensor.camera.rgb",
      "blueprint_attributes": {
        "role_name": "front",
        "ros_name": "sensor.camera.rgb",
        "chromatic_aberration_offset": "0.0",
        "sensor_tick": "0.050000",
        "fstop": "1.4",
        "image_size_x": "1600",
        "image_size_y": "900",
        "fov": "70.00",
        "lens_circle_falloff": "5.0",
        "lens_circle_multiplier": "0.0",
        "exposure_compensation": "0.0",
        "lens_y_size": "0.08",
        "lens_k": "-1.0",
        "exposure_mode": "histogram",
        "lens_kcube": "0.0",
        "lens_x_size": "0.08",
        "exposure_max_bright": "12.0",
        "shutter_speed": "200.0",
        "bloom_intensity": "0.675",
        "iso": "100.0",
        "enable_postprocess_effects": "false",
        "gamma": "2.2",
        "motion_blur_intensity": "0.0",
        "motion_blur_max_distortion": "0.35",
        "lens_flare_intensity": "0.1",
        "motion_blur_min_object_screen_size": "0.1",
        "exposure_min_bright": "10.0",
        "exposure_speed_up": "3.0",
        "exposure_speed_down": "1.0",
        "tint": "0.0",
        "calibration_constant": "16.0",
        "focal_distance": "1000.0",
        "min_fstop": "1.2",
        "blade_count": "5",
        "blur_amount": "0.0",
        "blur_radius": "0.0",
        "slope": "0.88",
        "toe": "0.55",
        "white_clip": "0.04",
        "shoulder": "0.26",
        "black_clip": "0.0",
        "temp": "6500.0",
        "chromatic_aberration_intensity": "0.0"
      },
      "transform_carla": {
        "location": {
          "x": -58.691650390625,
          "y": 23.49321174621582,
          "z": 1.703217625617981
        },
        "rotation": {
          "roll": 0.3362249732017517,
          "pitch": 0.3228766918182373,
          "yaw": -10.766830444335938
        }
      },
      "matrix_world_from_sensor_carla": [
        [
          0.9823800325393677,
          0.18684187531471252,
          -0.004439677577465773,
          -58.691650390625
        ],
        [
          -0.18680964410305023,
          0.9823724627494812,
          0.006817607209086418,
          23.49321174621582
        ],
        [
          0.0056352317333221436,
          -0.00586810614913702,
          0.9999669194221497,
          1.703217625617981
        ],
        [
          0.0,
          0.0,
          0.0,
          1.0
        ]
      ],
      "matrix_world_from_sensor_bevfusion": [
        [
          0.18684187531471252,
          0.004439677577465773,
          0.9823800325393677,
          -58.691650390625
        ],
        [
          -0.9823724627494812,
          0.006817607209086418,
          0.18680964410305023,
          -23.49321174621582
        ],
        [
          -0.00586810614913702,
          -0.9999669194221497,
          0.0056352317333221436,
          1.703217625617981
        ],
        [
          0.0,
          0.0,
          0.0,
          1.0
        ]
      ],
      "matrix_ego_from_sensor_carla": [
        [
          1.0,
          -1.4726722064040132e-09,
          -1.5219173143954379e-10,
          1.5499992370605469
        ],
        [
          1.3687690980646039e-08,
          1.0,
          -6.041450673066606e-11,
          9.5367431640625e-07
        ],
        [
          -4.880931214756856e-10,
          2.893518757929314e-10,
          1.0,
          1.700000286102295
        ],
        [
          0.0,
          0.0,
          0.0,
          1.0
        ]
      ],
      "matrix_ego_from_sensor_bevfusion": [
        [
          -1.4726722064040132e-09,
          1.5219173143954379e-10,
          1.0,
          1.5499992370605469
        ],
        [
          -1.0,
          -6.041450673066606e-11,
          -1.3687690980646039e-08,
          -9.5367431640625e-07
        ],
        [
          2.893518757929314e-10,
          -1.0,
          -4.880931214756856e-10,
          1.700000286102295
        ],
        [
          0.0,
          0.0,
          0.0,
          1.0
        ]
      ],
      "camera_intrinsics": [
        [
          1142.5184326171875,
          0.0,
          800.0
        ],
        [
          0.0,
          1142.5184326171875,
          450.0
        ],
        [
          0.0,
          0.0,
          1.0
        ]
      ],
      "data_path": "D:\\Agent-AI\\outputs\\samples\\sample_000009\\images\\CAM_FRONT.png",
      "raw_layout": "bgra8"
    },
    "CAM_FRONT_RIGHT": {
      "type_id": "sensor.camera.rgb",
      "blueprint_attributes": {
        "role_name": "front",
        "ros_name": "sensor.camera.rgb",
        "chromatic_aberration_offset": "0.0",
        "sensor_tick": "0.050000",
        "fstop": "1.4",
        "image_size_x": "1600",
        "image_size_y": "900",
        "fov": "70.00",
        "lens_circle_falloff": "5.0",
        "lens_circle_multiplier": "0.0",
        "exposure_compensation": "0.0",
        "lens_y_size": "0.08",
        "lens_k": "-1.0",
        "exposure_mode": "histogram",
        "lens_kcube": "0.0",
        "lens_x_size": "0.08",
        "exposure_max_bright": "12.0",
        "shutter_speed": "200.0",
        "bloom_intensity": "0.675",
        "iso": "100.0",
        "enable_postprocess_effects": "false",
        "gamma": "2.2",
        "motion_blur_intensity": "0.0",
        "motion_blur_max_distortion": "0.35",
        "lens_flare_intensity": "0.1",
        "motion_blur_min_object_screen_size": "0.1",
        "exposure_min_bright": "10.0",
        "exposure_speed_up": "3.0",
        "exposure_speed_down": "1.0",
        "tint": "0.0",
        "calibration_constant": "16.0",
        "focal_distance": "1000.0",
        "min_fstop": "1.2",
        "blade_count": "5",
        "blur_amount": "0.0",
        "blur_radius": "0.0",
        "slope": "0.88",
        "toe": "0.55",
        "white_clip": "0.04",
        "shoulder": "0.26",
        "black_clip": "0.0",
        "temp": "6500.0",
        "chromatic_aberration_intensity": "0.0"
      },
      "transform_carla": {
        "location": {
          "x": -58.83448028564453,
          "y": 24.080219268798828,
          "z": 1.6985812187194824
        },
        "rotation": {
          "roll": 0.4573412835597992,
          "pitch": -0.09021996706724167,
          "yaw": 44.231849670410156
        }
      },
      "matrix_world_from_sensor_carla": [
        [
          0.7165220379829407,
          -0.697550356388092,
          -0.004439744632691145,
          -58.83448028564453
        ],
        [
          0.6975626349449158,
          0.7164913415908813,
          0.006817677989602089,
          24.080219268798828
        ],
        [
          -0.0015746348071843386,
          -0.007982016541063786,
          0.9999669194221497,
          1.6985812187194824
        ],
        [
          0.0,
          0.0,
          0.0,
          1.0
        ]
      ],
      "matrix_world_from_sensor_bevfusion": [
        [
          -0.697550356388092,
          0.004439744632691145,
          0.7165220379829407,
          -58.83448028564453
        ],
        [
          -0.7164913415908813,
          0.006817677989602089,
          -0.6975626349449158,
          -24.080219268798828
        ],
        [
          -0.007982016541063786,
          -0.9999669194221497,
          -0.0015746348071843386,
          1.6985812187194824
        ],
        [
          0.0,
          0.0,
          0.0,
          1.0
        ]
      ],
      "matrix_ego_from_sensor_carla": [
        [
          0.5735765695571899,
          -0.8191519379615784,
          -7.884894870358039e-08,
          1.2999992370605469
        ],
        [
          0.8191518783569336,
          0.5735765695571899,
          5.675026315543619e-08,
          0.5500011444091797
        ],
        [
          -1.4837784334531534e-09,
          -9.682767654339841e-08,
          1.0,
          1.700000286102295
        ],
        [
          0.0,
          0.0,
          0.0,
          1.0
        ]
      ],
      "matrix_ego_from_sensor_bevfusion": [
        [
          -0.8191519379615784,
          7.884894870358039e-08,
          0.5735765695571899,
          1.2999992370605469
        ],
        [
          -0.5735765695571899,
          5.675026315543619e-08,
          -0.8191518783569336,
          -0.5500011444091797
        ],
        [
          -9.682767654339841e-08,
          -1.0,
          -1.4837784334531534e-09,
          1.700000286102295
        ],
        [
          0.0,
          0.0,
          0.0,
          1.0
        ]
      ],
      "camera_intrinsics": [
        [
          1142.5184326171875,
          0.0,
          800.0
        ],
        [
          0.0,
          1142.5184326171875,
          450.0
        ],
        [
          0.0,
          0.0,
          1.0
        ]
      ],
      "data_path": "D:\\Agent-AI\\outputs\\samples\\sample_000009\\images\\CAM_FRONT_RIGHT.png",
      "raw_layout": "bgra8"
    },
    "CAM_FRONT_LEFT": {
      "type_id": "sensor.camera.rgb",
      "blueprint_attributes": {
        "role_name": "front",
        "ros_name": "sensor.camera.rgb",
        "chromatic_aberration_offset": "0.0",
        "sensor_tick": "0.050000",
        "fstop": "1.4",
        "image_size_x": "1600",
        "image_size_y": "900",
        "fov": "70.00",
        "lens_circle_falloff": "5.0",
        "lens_circle_multiplier": "0.0",
        "exposure_compensation": "0.0",
        "lens_y_size": "0.08",
        "lens_k": "-1.0",
        "exposure_mode": "histogram",
        "lens_kcube": "0.0",
        "lens_x_size": "0.08",
        "exposure_max_bright": "12.0",
        "shutter_speed": "200.0",
        "bloom_intensity": "0.675",
        "iso": "100.0",
        "enable_postprocess_effects": "false",
        "gamma": "2.2",
        "motion_blur_intensity": "0.0",
        "motion_blur_max_distortion": "0.35",
        "lens_flare_intensity": "0.1",
        "motion_blur_min_object_screen_size": "0.1",
        "exposure_min_bright": "10.0",
        "exposure_speed_up": "3.0",
        "exposure_speed_down": "1.0",
        "tint": "0.0",
        "calibration_constant": "16.0",
        "focal_distance": "1000.0",
        "min_fstop": "1.2",
        "blade_count": "5",
        "blur_amount": "0.0",
        "blur_radius": "0.0",
        "slope": "0.88",
        "toe": "0.55",
        "white_clip": "0.04",
        "shoulder": "0.26",
        "black_clip": "0.0",
        "temp": "6500.0",
        "chromatic_aberration_intensity": "0.0"
      },
      "transform_carla": {
        "location": {
          "x": -59.040008544921875,
          "y": 22.999608993530273,
          "z": 1.7050361633300781
        },
        "rotation": {
          "roll": -0.07164502143859863,
          "pitch": 0.46061426401138306,
          "yaw": -65.76806640625
        }
      },
      "matrix_world_from_sensor_carla": [
        [
          0.4104180335998535,
          0.9118866920471191,
          -0.004439782351255417,
          -59.040008544921875
        ],
        [
          -0.9118620753288269,
          0.4104401469230652,
          0.006817605346441269,
          22.999608993530273
        ],
        [
          0.008039148524403572,
          0.001250400790013373,
          0.9999669194221497,
          1.7050361633300781
        ],
        [
          0.0,
          0.0,
          0.0,
          1.0
        ]
      ],
      "matrix_world_from_sensor_bevfusion": [
        [
          0.9118866920471191,
          0.004439782351255417,
          0.4104180335998535,
          -59.040008544921875
        ],
        [
          -0.4104401469230652,
          0.006817605346441269,
          0.9118620753288269,
          -22.999608993530273
        ],
        [
          0.001250400790013373,
          -0.9999669194221497,
          0.008039148524403572,
          1.7050361633300781
        ],
        [
          0.0,
          0.0,
          0.0,
          1.0
        ]
      ],
      "matrix_ego_from_sensor_carla": [
        [
          0.5735763311386108,
          0.8191520571708679,
          -1.0259767435627509e-07,
          1.3000030517578125
        ],
        [
          -0.8191520571708679,
          0.5735763907432556,
          -2.148083311226401e-08,
          -0.5499992370605469
        ],
        [
          4.091760175128911e-08,
          9.604798378859414e-08,
          1.0,
          1.700000286102295
        ],
        [
          0.0,
          0.0,
          0.0,
          1.0
        ]
      ],
      "matrix_ego_from_sensor_bevfusion": [
        [
          0.8191520571708679,
          1.0259767435627509e-07,
          0.5735763311386108,
          1.3000030517578125
        ],
        [
          -0.5735763907432556,
          -2.148083311226401e-08,
          0.8191520571708679,
          0.5499992370605469
        ],
        [
          9.604798378859414e-08,
          -1.0,
          4.091760175128911e-08,
          1.700000286102295
        ],
        [
          0.0,
          0.0,
          0.0,
          1.0
        ]
      ],
      "camera_intrinsics": [
        [
          1142.5184326171875,
          0.0,
          800.0
        ],
        [
          0.0,
          1142.5184326171875,
          450.0
        ],
        [
          0.0,
          0.0,
          1.0
        ]
      ],
      "data_path": "D:\\Agent-AI\\outputs\\samples\\sample_000009\\images\\CAM_FRONT_LEFT.png",
      "raw_layout": "bgra8"
    },
    "CAM_BACK": {
      "type_id": "sensor.camera.rgb",
      "blueprint_attributes": {
        "role_name": "front",
        "ros_name": "sensor.camera.rgb",
        "chromatic_aberration_offset": "0.0",
        "sensor_tick": "0.050000",
        "fstop": "1.4",
        "image_size_x": "1600",
        "image_size_y": "900",
        "fov": "70.00",
        "lens_circle_falloff": "5.0",
        "lens_circle_multiplier": "0.0",
        "exposure_compensation": "0.0",
        "lens_y_size": "0.08",
        "lens_k": "-1.0",
        "exposure_mode": "histogram",
        "lens_kcube": "0.0",
        "lens_x_size": "0.08",
        "exposure_max_bright": "12.0",
        "shutter_speed": "200.0",
        "bloom_intensity": "0.675",
        "iso": "100.0",
        "enable_postprocess_effects": "false",
        "gamma": "2.2",
        "motion_blur_intensity": "0.0",
        "motion_blur_max_distortion": "0.35",
        "lens_flare_intensity": "0.1",
        "motion_blur_min_object_screen_size": "0.1",
        "exposure_min_bright": "10.0",
        "exposure_speed_up": "3.0",
        "exposure_speed_down": "1.0",
        "tint": "0.0",
        "calibration_constant": "16.0",
        "focal_distance": "1000.0",
        "min_fstop": "1.2",
        "blade_count": "5",
        "blur_amount": "0.0",
        "blur_radius": "0.0",
        "slope": "0.88",
        "toe": "0.55",
        "white_clip": "0.04",
        "shoulder": "0.26",
        "black_clip": "0.0",
        "temp": "6500.0",
        "chromatic_aberration_intensity": "0.0"
      },
      "transform_carla": {
        "location": {
          "x": -61.73702621459961,
          "y": 24.07232093811035,
          "z": 1.6857479810714722
        },
        "rotation": {
          "roll": -0.33622506260871887,
          "pitch": -0.3228766918182373,
          "yaw": 169.23318481445312
        }
      },
      "matrix_world_from_sensor_carla": [
        [
          -0.9823800325393677,
          -0.186841681599617,
          -0.004439678508788347,
          -61.73702621459961
        ],
        [
          0.1868094503879547,
          -0.9823724627494812,
          0.0068176076747477055,
          24.07232093811035
        ],
        [
          -0.0056352317333221436,
          0.005868107546120882,
          0.9999669194221497,
          1.6857479810714722
        ],
        [
          0.0,
          0.0,
          0.0,
          1.0
        ]
      ],
      "matrix_world_from_sensor_bevfusion": [
        [
          -0.186841681599617,
          0.004439678508788347,
          -0.9823800325393677,
          -61.73702621459961
        ],
        [
          0.9823724627494812,
          0.0068176076747477055,
          -0.1868094503879547,
          -24.07232093811035
        ],
        [
          0.005868107546120882,
          -0.9999669194221497,
          -0.0056352317333221436,
          1.6857479810714722
        ],
        [
          0.0,
          0.0,
          0.0,
          1.0
        ]
      ],
      "matrix_ego_from_sensor_carla": [
        [
          -1.0,
          1.9519563920766814e-07,
          -1.0835142782994467e-09,
          -1.5499992370605469
        ],
        [
          -2.0399036770868406e-07,
          -0.9999999403953552,
          -6.041450673066606e-11,
          0.0
        ],
        [
          -9.088907404475322e-10,
          1.7626311521468097e-10,
          1.0,
          1.6999998092651367
        ],
        [
          0.0,
          0.0,
          0.0,
          1.0
        ]
      ],
      "matrix_ego_from_sensor_bevfusion": [
        [
          1.9519563920766814e-07,
          1.0835142782994467e-09,
          -1.0,
          -1.5499992370605469
        ],
        [
          0.9999999403953552,
          -6.041450673066606e-11,
          2.0399036770868406e-07,
          0.0
        ],
        [
          1.7626311521468097e-10,
          -1.0,
          -9.088907404475322e-10,
          1.6999998092651367
        ],
        [
          0.0,
          0.0,
          0.0,
          1.0
        ]
      ],
      "camera_intrinsics": [
        [
          1142.5184326171875,
          0.0,
          800.0
        ],
        [
          0.0,
          1142.5184326171875,
          450.0
        ],
        [
          0.0,
          0.0,
          1.0
        ]
      ],
      "data_path": "D:\\Agent-AI\\outputs\\samples\\sample_000009\\images\\CAM_BACK.png",
      "raw_layout": "bgra8"
    },
    "CAM_BACK_LEFT": {
      "type_id": "sensor.camera.rgb",
      "blueprint_attributes": {
        "role_name": "front",
        "ros_name": "sensor.camera.rgb",
        "chromatic_aberration_offset": "0.0",
        "sensor_tick": "0.050000",
        "fstop": "1.4",
        "image_size_x": "1600",
        "image_size_y": "900",
        "fov": "70.00",
        "lens_circle_falloff": "5.0",
        "lens_circle_multiplier": "0.0",
        "exposure_compensation": "0.0",
        "lens_y_size": "0.08",
        "lens_k": "-1.0",
        "exposure_mode": "histogram",
        "lens_kcube": "0.0",
        "lens_x_size": "0.08",
        "exposure_max_bright": "12.0",
        "shutter_speed": "200.0",
        "bloom_intensity": "0.675",
        "iso": "100.0",
        "enable_postprocess_effects": "false",
        "gamma": "2.2",
        "motion_blur_intensity": "0.0",
        "motion_blur_max_distortion": "0.35",
        "lens_flare_intensity": "0.1",
        "motion_blur_min_object_screen_size": "0.1",
        "exposure_min_bright": "10.0",
        "exposure_speed_up": "3.0",
        "exposure_speed_down": "1.0",
        "tint": "0.0",
        "calibration_constant": "16.0",
        "focal_distance": "1000.0",
        "min_fstop": "1.2",
        "blade_count": "5",
        "blur_amount": "0.0",
        "blur_radius": "0.0",
        "slope": "0.88",
        "toe": "0.55",
        "white_clip": "0.04",
        "shoulder": "0.26",
        "black_clip": "0.0",
        "temp": "6500.0",
        "chromatic_aberration_intensity": "0.0"
      },
      "transform_carla": {
        "location": {
          "x": -61.59419250488281,
          "y": 23.485315322875977,
          "z": 1.6903841495513916
        },
        "rotation": {
          "roll": -0.4573412239551544,
          "pitch": 0.09021996706724167,
          "yaw": -135.76812744140625
        }
      },
      "matrix_world_from_sensor_carla": [
        [
          -0.7165217399597168,
          0.6975506544113159,
          -0.004439746495336294,
          -61.59419250488281
        ],
        [
          -0.6975629329681396,
          -0.7164910435676575,
          0.006817674729973078,
          23.485315322875977
        ],
        [
          0.0015746348071843386,
          0.007982014678418636,
          0.9999669194221497,
          1.6903841495513916
        ],
        [
          0.0,
          0.0,
          0.0,
          1.0
        ]
      ],
      "matrix_world_from_sensor_bevfusion": [
        [
          0.6975506544113159,
          0.004439746495336294,
          -0.7165217399597168,
          -61.59419250488281
        ],
        [
          0.7164910435676575,
          0.006817674729973078,
          0.6975629329681396,
          -23.485315322875977
        ],
        [
          0.007982014678418636,
          -0.9999669194221497,
          0.0015746348071843386,
          1.6903841495513916
        ],
        [
          0.0,
          0.0,
          0.0,
          1.0
        ]
      ],
      "matrix_ego_from_sensor_carla": [
        [
          -0.5735762119293213,
          0.8191521763801575,
          -8.024593256550361e-08,
          -1.2999916076660156
        ],
        [
          -0.8191521167755127,
          -0.5735762715339661,
          5.349063414428201e-08,
          -0.5499973297119141
        ],
        [
          -2.008681221354891e-09,
          9.589641081220179e-08,
          1.0,
          1.6999998092651367
        ],
        [
          0.0,
          0.0,
          0.0,
          1.0
        ]
      ],
      "matrix_ego_from_sensor_bevfusion": [
        [
          0.8191521763801575,
          8.024593256550361e-08,
          -0.5735762119293213,
          -1.2999916076660156
        ],
        [
          0.5735762715339661,
          5.349063414428201e-08,
          0.8191521167755127,
          0.5499973297119141
        ],
        [
          9.589641081220179e-08,
          -1.0,
          -2.008681221354891e-09,
          1.6999998092651367
        ],
        [
          0.0,
          0.0,
          0.0,
          1.0
        ]
      ],
      "camera_intrinsics": [
        [
          1142.5184326171875,
          0.0,
          800.0
        ],
        [
          0.0,
          1142.5184326171875,
          450.0
        ],
        [
          0.0,
          0.0,
          1.0
        ]
      ],
      "data_path": "D:\\Agent-AI\\outputs\\samples\\sample_000009\\images\\CAM_BACK_LEFT.png",
      "raw_layout": "bgra8"
    },
    "CAM_BACK_RIGHT": {
      "type_id": "sensor.camera.rgb",
      "blueprint_attributes": {
        "role_name": "front",
        "ros_name": "sensor.camera.rgb",
        "chromatic_aberration_offset": "0.0",
        "sensor_tick": "0.050000",
        "fstop": "1.4",
        "image_size_x": "1600",
        "image_size_y": "900",
        "fov": "70.00",
        "lens_circle_falloff": "5.0",
        "lens_circle_multiplier": "0.0",
        "exposure_compensation": "0.0",
        "lens_y_size": "0.08",
        "lens_k": "-1.0",
        "exposure_mode": "histogram",
        "lens_kcube": "0.0",
        "lens_x_size": "0.08",
        "exposure_max_bright": "12.0",
        "shutter_speed": "200.0",
        "bloom_intensity": "0.675",
        "iso": "100.0",
        "enable_postprocess_effects": "false",
        "gamma": "2.2",
        "motion_blur_intensity": "0.0",
        "motion_blur_max_distortion": "0.35",
        "lens_flare_intensity": "0.1",
        "motion_blur_min_object_screen_size": "0.1",
        "exposure_min_bright": "10.0",
        "exposure_speed_up": "3.0",
        "exposure_speed_down": "1.0",
        "tint": "0.0",
        "calibration_constant": "16.0",
        "focal_distance": "1000.0",
        "min_fstop": "1.2",
        "blade_count": "5",
        "blur_amount": "0.0",
        "blur_radius": "0.0",
        "slope": "0.88",
        "toe": "0.55",
        "white_clip": "0.04",
        "shoulder": "0.26",
        "black_clip": "0.0",
        "temp": "6500.0",
        "chromatic_aberration_intensity": "0.0"
      },
      "transform_carla": {
        "location": {
          "x": -61.388671875,
          "y": 24.565921783447266,
          "z": 1.683929443359375
        },
        "rotation": {
          "roll": 0.0716451108455658,
          "pitch": -0.46061426401138306,
          "yaw": 114.23190307617188
        }
      },
      "matrix_world_from_sensor_carla": [
        [
          -0.4104175567626953,
          -0.9118869304656982,
          -0.00443978002294898,
          -61.388671875
        ],
        [
          0.911862313747406,
          -0.410439670085907,
          0.0068176076747477055,
          24.565921783447266
        ],
        [
          -0.008039148524403572,
          -0.0012504023034125566,
          0.9999669194221497,
          1.683929443359375
        ],
        [
          0.0,
          0.0,
          0.0,
          1.0
        ]
      ],
      "matrix_world_from_sensor_bevfusion": [
        [
          -0.9118869304656982,
          0.00443978002294898,
          -0.4104175567626953,
          -61.388671875
        ],
        [
          0.410439670085907,
          0.0068176076747477055,
          -0.911862313747406,
          -24.565921783447266
        ],
        [
          -0.0012504023034125566,
          -0.9999669194221497,
          -0.008039148524403572,
          1.683929443359375
        ],
        [
          0.0,
          0.0,
          0.0,
          1.0
        ]
      ],
      "matrix_ego_from_sensor_carla": [
        [
          -0.5735759139060974,
          -0.8191523551940918,
          -1.0073502920704414e-07,
          -1.2999992370605469
        ],
        [
          0.8191524147987366,
          -0.5735759735107422,
          -1.8686865388417573e-08,
          0.5499982833862305
        ],
        [
          -4.091760175128911e-08,
          -9.337038164858313e-08,
          1.0,
          1.7000000476837158
        ],
        [
          0.0,
          0.0,
          0.0,
          1.0
        ]
      ],
      "matrix_ego_from_sensor_bevfusion": [
        [
          -0.8191523551940918,
          1.0073502920704414e-07,
          -0.5735759139060974,
          -1.2999992370605469
        ],
        [
          0.5735759735107422,
          -1.8686865388417573e-08,
          -0.8191524147987366,
          -0.5499982833862305
        ],
        [
          -9.337038164858313e-08,
          -1.0,
          -4.091760175128911e-08,
          1.7000000476837158
        ],
        [
          0.0,
          0.0,
          0.0,
          1.0
        ]
      ],
      "camera_intrinsics": [
        [
          1142.5184326171875,
          0.0,
          800.0
        ],
        [
          0.0,
          1142.5184326171875,
          450.0
        ],
        [
          0.0,
          0.0,
          1.0
        ]
      ],
      "data_path": "D:\\Agent-AI\\outputs\\samples\\sample_000009\\images\\CAM_BACK_RIGHT.png",
      "raw_layout": "bgra8"
    },
    "LIDAR_TOP": {
      "type_id": "sensor.lidar.ray_cast",
      "blueprint_attributes": {
        "atmosphere_attenuation_rate": "0.004",
        "role_name": "front",
        "noise_seed": "0",
        "upper_fov": "10.0",
        "ros_name": "sensor.lidar.ray_cast",
        "sensor_tick": "0.050000",
        "channels": "32",
        "range": "120.0",
        "points_per_second": "360000",
        "lower_fov": "-30.0",
        "rotation_frequency": "20.000000",
        "horizontal_fov": "360.0",
        "dropoff_general_rate": "0.0",
        "dropoff_intensity_limit": "1.0",
        "noise_stddev": "0.0",
        "dropoff_zero_intensity": "0.0"
      },
      "transform_carla": {
        "location": {
          "x": -60.216556549072266,
          "y": 23.786176681518555,
          "z": 2.1944661140441895
        },
        "rotation": {
          "roll": 0.3362249732017517,
          "pitch": 0.3228766918182373,
          "yaw": -10.766830444335938
        }
      },
      "matrix_world_from_sensor_carla": [
        [
          0.9823800325393677,
          0.18684187531471252,
          -0.004439677577465773,
          -60.216556549072266
        ],
        [
          -0.18680964410305023,
          0.9823724627494812,
          0.006817607209086418,
          23.786176681518555
        ],
        [
          0.0056352317333221436,
          -0.00586810614913702,
          0.9999669194221497,
          2.1944661140441895
        ],
        [
          0.0,
          0.0,
          0.0,
          1.0
        ]
      ],
      "matrix_world_from_sensor_bevfusion": [
        [
          0.9823800325393677,
          -0.18684187531471252,
          -0.004439677577465773,
          -60.216556549072266
        ],
        [
          0.18680964410305023,
          0.9823724627494812,
          -0.006817607209086418,
          -23.786176681518555
        ],
        [
          0.0056352317333221436,
          0.00586810614913702,
          0.9999669194221497,
          2.1944661140441895
        ],
        [
          0.0,
          0.0,
          0.0,
          1.0
        ]
      ],
      "matrix_ego_from_sensor_carla": [
        [
          1.0,
          -1.4726722064040132e-09,
          -1.5219173143954379e-10,
          3.814697265625e-06
        ],
        [
          1.3687690980646039e-08,
          1.0,
          -6.041450673066606e-11,
          1.9073486328125e-06
        ],
        [
          -4.880931214756856e-10,
          2.893518757929314e-10,
          1.0,
          2.1999998092651367
        ],
        [
          0.0,
          0.0,
          0.0,
          1.0
        ]
      ],
      "matrix_ego_from_sensor_bevfusion": [
        [
          1.0,
          1.4726722064040132e-09,
          -1.5219173143954379e-10,
          3.814697265625e-06
        ],
        [
          -1.3687690980646039e-08,
          1.0,
          6.041450673066606e-11,
          -1.9073486328125e-06
        ],
        [
          -4.880931214756856e-10,
          -2.893518757929314e-10,
          1.0,
          2.1999998092651367
        ],
        [
          0.0,
          0.0,
          0.0,
          1.0
        ]
      ],
      "data_path": "D:\\Agent-AI\\outputs\\samples\\sample_000009\\lidar\\LIDAR_TOP.npy",
      "raw_layout": [
        "x",
        "y",
        "z",
        "intensity"
      ]
    },
    "RADAR_FRONT": {
      "type_id": "sensor.other.radar",
      "blueprint_attributes": {
        "sensor_tick": "0.050000",
        "role_name": "default",
        "noise_seed": "0",
        "ros_name": "sensor.other.radar",
        "horizontal_fov": "35.0",
        "points_per_second": "1500",
        "vertical_fov": "20.0",
        "range": "120.0"
      },
      "transform_carla": {
        "location": {
          "x": -58.24602508544922,
          "y": 23.40369415283203,
          "z": 0.9057798385620117
        },
        "rotation": {
          "roll": 0.3362249732017517,
          "pitch": 0.3228766918182373,
          "yaw": -10.766830444335938
        }
      },
      "matrix_world_from_sensor_carla": [
        [
          0.9823800325393677,
          0.18684187531471252,
          -0.004439677577465773,
          -58.24602508544922
        ],
        [
          -0.18680964410305023,
          0.9823724627494812,
          0.006817607209086418,
          23.40369415283203
        ],
        [
          0.0056352317333221436,
          -0.00586810614913702,
          0.9999669194221497,
          0.9057798385620117
        ],
        [
          0.0,
          0.0,
          0.0,
          1.0
        ]
      ],
      "matrix_world_from_sensor_bevfusion": [
        [
          0.9823800325393677,
          -0.18684187531471252,
          -0.004439677577465773,
          -58.24602508544922
        ],
        [
          0.18680964410305023,
          0.9823724627494812,
          -0.006817607209086418,
          -23.40369415283203
        ],
        [
          0.0056352317333221436,
          0.00586810614913702,
          0.9999669194221497,
          0.9057798385620117
        ],
        [
          0.0,
          0.0,
          0.0,
          1.0
        ]
      ],
      "matrix_ego_from_sensor_carla": [
        [
          1.0,
          -1.4726722064040132e-09,
          -1.5219173143954379e-10,
          2.0
        ],
        [
          1.3687690980646039e-08,
          1.0,
          -6.041450673066606e-11,
          2.86102294921875e-06
        ],
        [
          -4.880931214756856e-10,
          2.893518757929314e-10,
          1.0,
          0.9000001549720764
        ],
        [
          0.0,
          0.0,
          0.0,
          1.0
        ]
      ],
      "matrix_ego_from_sensor_bevfusion": [
        [
          1.0,
          1.4726722064040132e-09,
          -1.5219173143954379e-10,
          2.0
        ],
        [
          -1.3687690980646039e-08,
          1.0,
          6.041450673066606e-11,
          -2.86102294921875e-06
        ],
        [
          -4.880931214756856e-10,
          -2.893518757929314e-10,
          1.0,
          0.9000001549720764
        ],
        [
          0.0,
          0.0,
          0.0,
          1.0
        ]
      ],
      "data_path": "D:\\Agent-AI\\outputs\\samples\\sample_000009\\radar\\RADAR_FRONT.npy",
      "raw_layout": [
        "velocity",
        "altitude",
        "azimuth",
        "depth"
      ]
    },
    "RADAR_FRONT_LEFT": {
      "type_id": "sensor.other.radar",
      "blueprint_attributes": {
        "sensor_tick": "0.050000",
        "role_name": "default",
        "noise_seed": "0",
        "ros_name": "sensor.other.radar",
        "horizontal_fov": "35.0",
        "points_per_second": "1500",
        "vertical_fov": "20.0",
        "range": "120.0"
      },
      "transform_carla": {
        "location": {
          "x": -58.72998809814453,
          "y": 22.732295989990234,
          "z": 0.9082086086273193
        },
        "rotation": {
          "roll": 0.009430254809558392,
          "pitch": 0.4660579264163971,
          "yaw": -55.76770782470703
        }
      },
      "matrix_world_from_sensor_carla": [
        [
          0.5625308752059937,
          0.8267644047737122,
          -0.004439788870513439,
          -58.72998809814453
        ],
        [
          -0.8267362713813782,
          0.5625483393669128,
          0.006817613262683153,
          22.732295989990234
        ],
        [
          0.008134155534207821,
          -0.00016458355821669102,
          0.9999669194221497,
          0.9082086086273193
        ],
        [
          0.0,
          0.0,
          0.0,
          1.0
        ]
      ],
      "matrix_world_from_sensor_bevfusion": [
        [
          0.5625308752059937,
          -0.8267644047737122,
          -0.004439788870513439,
          -58.72998809814453
        ],
        [
          0.8267362713813782,
          0.5625483393669128,
          -0.006817613262683153,
          -22.732295989990234
        ],
        [
          0.008134155534207821,
          0.00016458355821669102,
          0.9999669194221497,
          0.9082086086273193
        ],
        [
          0.0,
          0.0,
          0.0,
          1.0
        ]
      ],
      "matrix_ego_from_sensor_carla": [
        [
          0.7071071863174438,
          0.707106351852417,
          -1.1051391624050666e-07,
          1.6500053405761719
        ],
        [
          -0.707106351852417,
          0.7071071863174438,
          -1.496157508995566e-08,
          -0.7499990463256836
        ],
        [
          6.664004814638247e-08,
          8.809465867898325e-08,
          1.0,
          0.9000001549720764
        ],
        [
          0.0,
          0.0,
          0.0,
          1.0
        ]
      ],
      "matrix_ego_from_sensor_bevfusion": [
        [
          0.7071071863174438,
          -0.707106351852417,
          -1.1051391624050666e-07,
          1.6500053405761719
        ],
        [
          0.707106351852417,
          0.7071071863174438,
          1.496157508995566e-08,
          0.7499990463256836
        ],
        [
          6.664004814638247e-08,
          -8.809465867898325e-08,
          1.0,
          0.9000001549720764
        ],
        [
          0.0,
          0.0,
          0.0,
          1.0
        ]
      ],
      "data_path": "D:\\Agent-AI\\outputs\\samples\\sample_000009\\radar\\RADAR_FRONT_LEFT.npy",
      "raw_layout": [
        "velocity",
        "altitude",
        "azimuth",
        "depth"
      ]
    },
    "RADAR_FRONT_RIGHT": {
      "type_id": "sensor.other.radar",
      "blueprint_attributes": {
        "sensor_tick": "0.050000",
        "role_name": "default",
        "noise_seed": "0",
        "ros_name": "sensor.other.radar",
        "horizontal_fov": "35.0",
        "points_per_second": "1500",
        "vertical_fov": "20.0",
