{
  "schema_version": "stage1.v1",
  "sample_name": "sample_000098",
  "sequence_index": 98,
  "previous_sample_name": "sample_000097",
  "frame_id": 60099,
  "timestamp": 444.81970089673996,
  "platform_timestamp": 16814607.1987754,
  "delta_seconds": 0.10000000149011612,
  "town": "Carla/Maps/Town10HD_Opt",
  "weather": {
    "cloudiness": 20.0,
    "dust_storm": 0.0,
    "fog_density": 2.0,
    "fog_distance": 0.75,
    "fog_falloff": 0.10000000149011612,
    "mie_scattering_scale": 0.029999999329447746,
    "precipitation": 0.0,
    "precipitation_deposits": 0.0,
    "rayleigh_scattering_scale": 0.03310000151395798,
    "scattering_intensity": 1.0,
    "sun_altitude_angle": 45.0,
    "sun_azimuth_angle": 300.0,
    "wetness": 0.0,
    "wind_intensity": 10.0
  },
  "sensor_names": [
    "CAM_FRONT",
    "CAM_FRONT_RIGHT",
    "CAM_FRONT_LEFT",
    "CAM_BACK",
    "CAM_BACK_LEFT",
    "CAM_BACK_RIGHT",
    "LIDAR_TOP",
    "RADAR_FRONT",
    "RADAR_FRONT_LEFT",
    "RADAR_FRONT_RIGHT",
    "RADAR_BACK_LEFT",
    "RADAR_BACK_RIGHT"
  ],
  "camera_order_for_model": [
    "CAM_FRONT",
    "CAM_FRONT_RIGHT",
    "CAM_FRONT_LEFT",
    "CAM_BACK",
    "CAM_BACK_LEFT",
    "CAM_BACK_RIGHT"
  ],
  "radar_order_for_model": [
    "RADAR_FRONT",
    "RADAR_FRONT_LEFT",
    "RADAR_FRONT_RIGHT",
    "RADAR_BACK_LEFT",
    "RADAR_BACK_RIGHT"
  ],
  "coordinate_notes": {
    "carla_world": "left-handed x-forward y-right z-up",
    "bevfusion_lidar": "x-forward y-left z-up",
    "camera_frame_for_model": "OpenCV style x-right y-down z-forward"
  },
  "ego": {
    "actor_id": 28,
    "transform_carla": {
      "location": {
        "x": 77.28766632080078,
        "y": -62.279876708984375,
        "z": -0.004440841730684042
      },
      "rotation": {
        "roll": -0.0014953614445403218,
        "pitch": -0.01589384861290455,
        "yaw": -161.72349548339844
      }
    },
    "velocity_carla": [
      0.0002219376910943538,
      5.4850344895385206e-05,
      -1.3923644246460753e-06
    ],
    "angular_velocity_carla": [
      -0.016418270766735077,
      0.06841177493333817,
      6.808111356804147e-05
    ],
    "matrix_world_from_ego_carla": [
      [
        -0.9495540857315063,
        0.3136030435562134,
        -0.0002715910377446562,
        77.28766632080078
      ],
      [
        -0.313603013753891,
        -0.9495541453361511,
        -6.22110819676891e-05,
        -62.279876708984375
      ],
      [
        -0.0002773999876808375,
        2.609897819638718e-05,
        0.9999999403953552,
        -0.004440841730684042
      ],
      [
        0.0,
        0.0,
        0.0,
        1.0
      ]
    ],
    "matrix_world_from_ego_bevfusion": [
      [
        -0.9495540857315063,
        -0.3136030435562134,
        -0.0002715910377446562,
        77.28766632080078
      ],
      [
        0.313603013753891,
        -0.9495541453361511,
        6.22110819676891e-05,
        62.279876708984375
      ],
      [
        -0.0002773999876808375,
        -2.609897819638718e-05,
        0.9999999403953552,
        -0.004440841730684042
      ],
      [
        0.0,
        0.0,
        0.0,
        1.0
      ]
    ]
  },
  "sensors": {
    "CAM_FRONT": {
      "type_id": "sensor.camera.rgb",
      "blueprint_attributes": {
        "role_name": "front",
        "ros_name": "sensor.camera.rgb",
        "chromatic_aberration_offset": "0.0",
        "sensor_tick": "0.100000",
        "fstop": "1.4",
        "image_size_x": "960",
        "image_size_y": "540",
        "fov": "70.00",
        "lens_circle_falloff": "5.0",
        "lens_circle_multiplier": "0.0",
        "exposure_compensation": "0.0",
        "lens_y_size": "0.08",
        "lens_k": "-1.0",
        "exposure_mode": "histogram",
        "lens_kcube": "0.0",
        "lens_x_size": "0.08",
        "exposure_max_bright": "12.0",
        "shutter_speed": "200.0",
        "bloom_intensity": "0.675",
        "iso": "100.0",
        "enable_postprocess_effects": "false",
        "gamma": "2.2",
        "motion_blur_intensity": "0.0",
        "motion_blur_max_distortion": "0.35",
        "lens_flare_intensity": "0.1",
        "motion_blur_min_object_screen_size": "0.1",
        "exposure_min_bright": "10.0",
        "exposure_speed_up": "3.0",
        "exposure_speed_down": "1.0",
        "tint": "0.0",
        "calibration_constant": "16.0",
        "focal_distance": "1000.0",
        "min_fstop": "1.2",
        "blade_count": "5",
        "blur_amount": "0.0",
        "blur_radius": "0.0",
        "slope": "0.88",
        "toe": "0.55",
        "white_clip": "0.04",
        "shoulder": "0.26",
        "black_clip": "0.0",
        "temp": "6500.0",
        "chromatic_aberration_intensity": "0.0"
      },
      "transform_carla": {
        "location": {
          "x": 75.81539916992188,
          "y": -62.76606750488281,
          "z": 1.6951287984848022
        },
        "rotation": {
          "roll": -0.0014953614445403218,
          "pitch": -0.01589384861290455,
          "yaw": -161.72349548339844
        }
      },
      "matrix_world_from_sensor_carla": [
        [
          -0.9495540857315063,
          0.3136030435562134,
          -0.0002715910377446562,
          75.81539916992188
        ],
        [
          -0.313603013753891,
          -0.9495541453361511,
          -6.22110819676891e-05,
          -62.76606750488281
        ],
        [
          -0.0002773999876808375,
          2.609897819638718e-05,
          0.9999999403953552,
          1.6951287984848022
        ],
        [
          0.0,
          0.0,
          0.0,
          1.0
        ]
      ],
      "matrix_world_from_sensor_bevfusion": [
        [
          0.3136030435562134,
          0.0002715910377446562,
          -0.9495540857315063,
          75.81539916992188
        ],
        [
          0.9495541453361511,
          -6.22110819676891e-05,
          0.313603013753891,
          62.76606750488281
        ],
        [
          2.609897819638718e-05,
          -0.9999999403953552,
          -0.0002773999876808375,
          1.6951287984848022
        ],
        [
          0.0,
          0.0,
          0.0,
          1.0
        ]
      ],
      "matrix_ego_from_sensor_carla": [
        [
          1.0,
          1.429474494329952e-08,
          -1.2569500995596172e-11,
          1.5499992370605469
        ],
        [
          6.1914251503480955e-09,
          1.0,
          -1.5556206496569747e-12,
          7.62939453125e-06
        ],
        [
          0.0,
          -1.8189894035458565e-12,
          1.0,
          1.6999996900558472
        ],
        [
          0.0,
          0.0,
          0.0,
          1.0
        ]
      ],
      "matrix_ego_from_sensor_bevfusion": [
        [
          1.429474494329952e-08,
          1.2569500995596172e-11,
          1.0,
          1.5499992370605469
        ],
        [
          -1.0,
          -1.5556206496569747e-12,
          -6.1914251503480955e-09,
          -7.62939453125e-06
        ],
        [
          -1.8189894035458565e-12,
          -1.0,
          0.0,
          1.6999996900558472
        ],
        [
          0.0,
          0.0,
          0.0,
          1.0
        ]
      ],
      "camera_intrinsics": [
        [
          685.5110473632812,
          0.0,
          480.0
        ],
        [
          0.0,
          685.5110473632812,
          270.0
        ],
        [
          0.0,
          0.0,
          1.0
        ]
      ],
      "data_path": "D:\\Agent-AI\\outputs\\s3a_ml_long_v2\\sample_000098\\images\\CAM_FRONT.png",
      "raw_layout": "bgra8"
    },
    "CAM_FRONT_RIGHT": {
      "type_id": "sensor.camera.rgb",
      "blueprint_attributes": {
        "role_name": "front",
        "ros_name": "sensor.camera.rgb",
        "chromatic_aberration_offset": "0.0",
        "sensor_tick": "0.100000",
        "fstop": "1.4",
        "image_size_x": "960",
        "image_size_y": "540",
        "fov": "70.00",
        "lens_circle_falloff": "5.0",
        "lens_circle_multiplier": "0.0",
        "exposure_compensation": "0.0",
        "lens_y_size": "0.08",
        "lens_k": "-1.0",
        "exposure_mode": "histogram",
        "lens_kcube": "0.0",
        "lens_x_size": "0.08",
        "exposure_max_bright": "12.0",
        "shutter_speed": "200.0",
        "bloom_intensity": "0.675",
        "iso": "100.0",
        "enable_postprocess_effects": "false",
        "gamma": "2.2",
        "motion_blur_intensity": "0.0",
        "motion_blur_max_distortion": "0.35",
        "lens_flare_intensity": "0.1",
        "motion_blur_min_object_screen_size": "0.1",
        "exposure_min_bright": "10.0",
        "exposure_speed_up": "3.0",
        "exposure_speed_down": "1.0",
        "tint": "0.0",
        "calibration_constant": "16.0",
        "focal_distance": "1000.0",
        "min_fstop": "1.2",
        "blade_count": "5",
        "blur_amount": "0.0",
        "blur_radius": "0.0",
        "slope": "0.88",
        "toe": "0.55",
        "white_clip": "0.04",
        "shoulder": "0.26",
        "black_clip": "0.0",
        "temp": "6500.0",
        "chromatic_aberration_intensity": "0.0"
      },
      "transform_carla": {
        "location": {
          "x": 76.22526550292969,
          "y": -63.20991897583008,
          "z": 1.695212721824646
        },
        "rotation": {
          "roll": -0.013881940394639969,
          "pitch": -0.007895697839558125,
          "yaw": -106.72351837158203
        }
      },
      "matrix_world_from_sensor_carla": [
        [
          -0.2877536118030548,
          0.957704484462738,
          -0.00027169211534783244,
          76.22526550292969
        ],
        [
          -0.957704484462738,
          -0.2877536416053772,
          -6.225881224963814e-05,
          -63.20991897583008
        ],
        [
          -0.0001378059241687879,
          0.00024228556139860302,
          1.0,
          1.695212721824646
        ],
        [
          0.0,
          0.0,
          0.0,
          1.0
        ]
      ],
      "matrix_world_from_sensor_bevfusion": [
        [
          0.957704484462738,
          0.00027169211534783244,
          -0.2877536118030548,
          76.22526550292969
        ],
        [
          0.2877536416053772,
          -6.225881224963814e-05,
          0.957704484462738,
          63.20991897583008
        ],
        [
          0.00024228556139860302,
          -1.0,
          -0.0001378059241687879,
          1.695212721824646
        ],
        [
          0.0,
          0.0,
          0.0,
          1.0
        ]
      ],
      "matrix_ego_from_sensor_carla": [
        [
          0.5735767483711243,
          -0.8191519379615784,
          1.1094380170106888e-07,
          1.3000030517578125
        ],
        [
          0.8191519379615784,
          0.5735767483711243,
          1.3629687600769103e-08,
          0.5500030517578125
        ],
        [
          -7.476774044334888e-08,
          8.304778020828962e-08,
          1.0000001192092896,
          1.6999999284744263
        ],
        [
          0.0,
          0.0,
          0.0,
          1.0
        ]
      ],
      "matrix_ego_from_sensor_bevfusion": [
        [
          -0.8191519379615784,
          -1.1094380170106888e-07,
          0.5735767483711243,
          1.3000030517578125
        ],
        [
          -0.5735767483711243,
          1.3629687600769103e-08,
          -0.8191519379615784,
          -0.5500030517578125
        ],
        [
          8.304778020828962e-08,
          -1.0000001192092896,
          -7.476774044334888e-08,
          1.6999999284744263
        ],
        [
          0.0,
          0.0,
          0.0,
          1.0
        ]
      ],
      "camera_intrinsics": [
        [
          685.5110473632812,
          0.0,
          480.0
        ],
        [
          0.0,
          685.5110473632812,
          270.0
        ],
        [
          0.0,
          0.0,
          1.0
        ]
      ],
      "data_path": "D:\\Agent-AI\\outputs\\s3a_ml_long_v2\\sample_000098\\images\\CAM_FRONT_RIGHT.png",
      "raw_layout": "bgra8"
    },
    "CAM_FRONT_LEFT": {
      "type_id": "sensor.camera.rgb",
      "blueprint_attributes": {
        "role_name": "front",
        "ros_name": "sensor.camera.rgb",
        "chromatic_aberration_offset": "0.0",
        "sensor_tick": "0.100000",
        "fstop": "1.4",
        "image_size_x": "960",
        "image_size_y": "540",
        "fov": "70.00",
        "lens_circle_falloff": "5.0",
        "lens_circle_multiplier": "0.0",
        "exposure_compensation": "0.0",
        "lens_y_size": "0.08",
        "lens_k": "-1.0",
        "exposure_mode": "histogram",
        "lens_kcube": "0.0",
        "lens_x_size": "0.08",
        "exposure_max_bright": "12.0",
        "shutter_speed": "200.0",
        "bloom_intensity": "0.675",
        "iso": "100.0",
        "enable_postprocess_effects": "false",
        "gamma": "2.2",
        "motion_blur_intensity": "0.0",
        "motion_blur_max_distortion": "0.35",
        "lens_flare_intensity": "0.1",
        "motion_blur_min_object_screen_size": "0.1",
        "exposure_min_bright": "10.0",
        "exposure_speed_up": "3.0",
        "exposure_speed_down": "1.0",
        "tint": "0.0",
        "calibration_constant": "16.0",
        "focal_distance": "1000.0",
        "min_fstop": "1.2",
        "blade_count": "5",
        "blur_amount": "0.0",
        "blur_radius": "0.0",
        "slope": "0.88",
        "toe": "0.55",
        "white_clip": "0.04",
        "shoulder": "0.26",
        "black_clip": "0.0",
        "temp": "6500.0",
        "chromatic_aberration_intensity": "0.0"
      },
      "transform_carla": {
        "location": {
          "x": 75.88030242919922,
          "y": -62.16541290283203,
          "z": 1.6951839923858643
        },
        "rotation": {
          "roll": 0.012166532687842846,
          "pitch": -0.010347736068069935,
          "yaw": 143.27650451660156
        }
      },
      "matrix_world_from_sensor_carla": [
        [
          -0.8015305399894714,
          -0.597953736782074,
          -0.00027173120179213583,
          75.88030242919922
        ],
        [
          0.5979537963867188,
          -0.8015305399894714,
          -6.221016519702971e-05,
          -62.16541290283203
        ],
        [
          -0.00018060205911751837,
          -0.0002123460581060499,
          1.0,
          1.6951839923858643
        ],
        [
          0.0,
          0.0,
          0.0,
          1.0
        ]
      ],
      "matrix_world_from_sensor_bevfusion": [
        [
          -0.597953736782074,
          0.00027173120179213583,
          -0.8015305399894714,
          75.88030242919922
        ],
        [
          0.8015305399894714,
          -6.221016519702971e-05,
          -0.5979537963867188,
          62.16541290283203
        ],
        [
          -0.0002123460581060499,
          -1.0,
          -0.00018060205911751837,
          1.6951839923858643
        ],
        [
          0.0,
          0.0,
          0.0,
          1.0
        ]
      ],
      "matrix_ego_from_sensor_carla": [
        [
          0.5735766291618347,
          0.8191519975662231,
          1.3277167454361916e-07,
          1.3000030517578125
        ],
        [
          -0.8191519379615784,
          0.5735765695571899,
          -4.4823536882176995e-08,
          -0.5499954223632812
        ],
        [
          -1.1289375834167004e-07,
          -8.307688403874636e-08,
          1.0000001192092896,
          1.6999999284744263
        ],
        [
          0.0,
          0.0,
          0.0,
          1.0
        ]
      ],
      "matrix_ego_from_sensor_bevfusion": [
        [
          0.8191519975662231,
          -1.3277167454361916e-07,
          0.5735766291618347,
          1.3000030517578125
        ],
        [
          -0.5735765695571899,
          -4.4823536882176995e-08,
          0.8191519379615784,
          0.5499954223632812
        ],
        [
          -8.307688403874636e-08,
          -1.0000001192092896,
          -1.1289375834167004e-07,
          1.6999999284744263
        ],
        [
          0.0,
          0.0,
          0.0,
          1.0
        ]
      ],
      "camera_intrinsics": [
        [
          685.5110473632812,
          0.0,
          480.0
        ],
        [
          0.0,
          685.5110473632812,
          270.0
        ],
        [
          0.0,
          0.0,
          1.0
        ]
      ],
      "data_path": "D:\\Agent-AI\\outputs\\s3a_ml_long_v2\\sample_000098\\images\\CAM_FRONT_LEFT.png",
      "raw_layout": "bgra8"
    },
    "CAM_BACK": {
      "type_id": "sensor.camera.rgb",
      "blueprint_attributes": {
        "role_name": "front",
        "ros_name": "sensor.camera.rgb",
        "chromatic_aberration_offset": "0.0",
        "sensor_tick": "0.100000",
        "fstop": "1.4",
        "image_size_x": "960",
        "image_size_y": "540",
        "fov": "70.00",
        "lens_circle_falloff": "5.0",
        "lens_circle_multiplier": "0.0",
        "exposure_compensation": "0.0",
        "lens_y_size": "0.08",
        "lens_k": "-1.0",
        "exposure_mode": "histogram",
        "lens_kcube": "0.0",
        "lens_x_size": "0.08",
        "exposure_max_bright": "12.0",
        "shutter_speed": "200.0",
        "bloom_intensity": "0.675",
        "iso": "100.0",
        "enable_postprocess_effects": "false",
        "gamma": "2.2",
        "motion_blur_intensity": "0.0",
        "motion_blur_max_distortion": "0.35",
        "lens_flare_intensity": "0.1",
        "motion_blur_min_object_screen_size": "0.1",
        "exposure_min_bright": "10.0",
        "exposure_speed_up": "3.0",
        "exposure_speed_down": "1.0",
        "tint": "0.0",
        "calibration_constant": "16.0",
        "focal_distance": "1000.0",
        "min_fstop": "1.2",
        "blade_count": "5",
        "blur_amount": "0.0",
        "blur_radius": "0.0",
        "slope": "0.88",
        "toe": "0.55",
        "white_clip": "0.04",
        "shoulder": "0.26",
        "black_clip": "0.0",
        "temp": "6500.0",
        "chromatic_aberration_intensity": "0.0"
      },
      "transform_carla": {
        "location": {
          "x": 78.75901794433594,
          "y": -61.79389953613281,
          "z": 1.6959893703460693
        },
        "rotation": {
          "roll": 0.001495366683229804,
          "pitch": 0.01589384861290455,
          "yaw": 18.27652931213379
        }
      },
      "matrix_world_from_sensor_carla": [
        [
          0.9495539665222168,
          -0.3136034905910492,
          -0.0002715910377446562,
          78.75901794433594
        ],
        [
          0.3136034607887268,
          0.9495540261268616,
          -6.221112562343478e-05,
          -61.79389953613281
        ],
        [
          0.0002773999876808375,
          -2.609907096484676e-05,
          0.9999999403953552,
          1.6959893703460693
        ],
        [
          0.0,
          0.0,
          0.0,
          1.0
        ]
      ],
      "matrix_world_from_sensor_bevfusion": [
        [
          -0.3136034905910492,
          0.0002715910377446562,
          0.9495539665222168,
          78.75901794433594
        ],
        [
          -0.9495540261268616,
          -6.221112562343478e-05,
          -0.3136034607887268,
          61.79389953613281
        ],
        [
          -2.609907096484676e-05,
          -0.9999999403953552,
          0.0002773999876808375,
          1.6959893703460693
        ],
        [
          0.0,
          0.0,
          0.0,
          1.0
        ]
      ],
      "matrix_ego_from_sensor_carla": [
        [
          -1.0,
          4.701245188698522e-07,
          1.653432946113753e-11,
          -1.5500030517578125
        ],
        [
          -4.604775654115656e-07,
          -1.0,
          4.0281136065578593e-11,
          7.62939453125e-06
        ],
        [
          0.0,
          4.001776687800884e-11,
          1.0,
          1.7000004053115845
        ],
        [
          0.0,
          0.0,
          0.0,
          1.0
        ]
      ],
      "matrix_ego_from_sensor_bevfusion": [
        [
          4.701245188698522e-07,
          -1.653432946113753e-11,
          -1.0,
          -1.5500030517578125
        ],
        [
          1.0,
          4.0281136065578593e-11,
          4.604775654115656e-07,
          -7.62939453125e-06
        ],
        [
          4.001776687800884e-11,
          -1.0,
          0.0,
          1.7000004053115845
        ],
        [
          0.0,
          0.0,
          0.0,
          1.0
        ]
      ],
      "camera_intrinsics": [
        [
          685.5110473632812,
          0.0,
          480.0
        ],
        [
          0.0,
          685.5110473632812,
          270.0
        ],
        [
          0.0,
          0.0,
          1.0
        ]
      ],
      "data_path": "D:\\Agent-AI\\outputs\\s3a_ml_long_v2\\sample_000098\\images\\CAM_BACK.png",
      "raw_layout": "bgra8"
    },
    "CAM_BACK_LEFT": {
      "type_id": "sensor.camera.rgb",
      "blueprint_attributes": {
        "role_name": "front",
        "ros_name": "sensor.camera.rgb",
        "chromatic_aberration_offset": "0.0",
        "sensor_tick": "0.100000",
        "fstop": "1.4",
        "image_size_x": "960",
        "image_size_y": "540",
        "fov": "70.00",
        "lens_circle_falloff": "5.0",
        "lens_circle_multiplier": "0.0",
        "exposure_compensation": "0.0",
        "lens_y_size": "0.08",
        "lens_k": "-1.0",
        "exposure_mode": "histogram",
        "lens_kcube": "0.0",
        "lens_x_size": "0.08",
        "exposure_max_bright": "12.0",
        "shutter_speed": "200.0",
        "bloom_intensity": "0.675",
        "iso": "100.0",
        "enable_postprocess_effects": "false",
        "gamma": "2.2",
        "motion_blur_intensity": "0.0",
        "motion_blur_max_distortion": "0.35",
        "lens_flare_intensity": "0.1",
        "motion_blur_min_object_screen_size": "0.1",
        "exposure_min_bright": "10.0",
        "exposure_speed_up": "3.0",
        "exposure_speed_down": "1.0",
        "tint": "0.0",
        "calibration_constant": "16.0",
        "focal_distance": "1000.0",
        "min_fstop": "1.2",
        "blade_count": "5",
        "blur_amount": "0.0",
        "blur_radius": "0.0",
        "slope": "0.88",
        "toe": "0.55",
        "white_clip": "0.04",
        "shoulder": "0.26",
        "black_clip": "0.0",
        "temp": "6500.0",
        "chromatic_aberration_intensity": "0.0"
      },
      "transform_carla": {
        "location": {
          "x": 78.3491439819336,
          "y": -61.35004425048828,
          "z": 1.6959054470062256
        },
        "rotation": {
          "roll": 0.013881942257285118,
          "pitch": 0.007895697839558125,
          "yaw": 73.27648162841797
        }
      },
      "matrix_world_from_sensor_carla": [
        [
          0.2877536416053772,
          -0.957704484462738,
          -0.00027169217355549335,
          78.3491439819336
        ],
        [
          0.957704484462738,
          0.2877536714076996,
          -6.225879769772291e-05,
          -61.35004425048828
        ],
        [
          0.0001378059241687879,
          -0.00024228559050243348,
          1.0,
          1.6959054470062256
        ],
        [
          0.0,
          0.0,
          0.0,
          1.0
        ]
      ],
      "matrix_world_from_sensor_bevfusion": [
        [
          -0.957704484462738,
          0.00027169217355549335,
          0.2877536416053772,
          78.3491439819336
        ],
        [
          -0.2877536714076996,
          -6.225879769772291e-05,
          -0.957704484462738,
          61.35004425048828
        ],
        [
          -0.00024228559050243348,
          -1.0,
          0.0001378059241687879,
          1.6959054470062256
        ],
        [
          0.0,
          0.0,
          0.0,
          1.0
        ]
      ],
      "matrix_ego_from_sensor_carla": [
        [
          -0.573576807975769,
          0.8191519379615784,
          1.1097290553152561e-07,
          -1.2999992370605469
        ],
        [
          -0.8191518783569336,
          -0.5735767483711243,
          1.3593307812698185e-08,
          -0.5499954223632812
        ],
        [
          7.476774044334888e-08,
          -8.307688403874636e-08,
          1.0000001192092896,
          1.7000001668930054
        ],
        [
          0.0,
          0.0,
          0.0,
          1.0
        ]
      ],
      "matrix_ego_from_sensor_bevfusion": [
        [
          0.8191519379615784,
          -1.1097290553152561e-07,
          -0.573576807975769,
          -1.2999992370605469
        ],
        [
          0.5735767483711243,
          1.3593307812698185e-08,
          0.8191518783569336,
          0.5499954223632812
        ],
        [
          -8.307688403874636e-08,
          -1.0000001192092896,
          7.476774044334888e-08,
          1.7000001668930054
        ],
        [
          0.0,
          0.0,
          0.0,
          1.0
        ]
      ],
      "camera_intrinsics": [
        [
          685.5110473632812,
          0.0,
          480.0
        ],
        [
          0.0,
          685.5110473632812,
          270.0
        ],
        [
          0.0,
          0.0,
          1.0
        ]
      ],
      "data_path": "D:\\Agent-AI\\outputs\\s3a_ml_long_v2\\sample_000098\\images\\CAM_BACK_LEFT.png",
      "raw_layout": "bgra8"
    },
    "CAM_BACK_RIGHT": {
      "type_id": "sensor.camera.rgb",
      "blueprint_attributes": {
        "role_name": "front",
        "ros_name": "sensor.camera.rgb",
        "chromatic_aberration_offset": "0.0",
        "sensor_tick": "0.100000",
        "fstop": "1.4",
        "image_size_x": "960",
        "image_size_y": "540",
        "fov": "70.00",
        "lens_circle_falloff": "5.0",
        "lens_circle_multiplier": "0.0",
        "exposure_compensation": "0.0",
        "lens_y_size": "0.08",
        "lens_k": "-1.0",
        "exposure_mode": "histogram",
        "lens_kcube": "0.0",
        "lens_x_size": "0.08",
        "exposure_max_bright": "12.0",
        "shutter_speed": "200.0",
        "bloom_intensity": "0.675",
        "iso": "100.0",
        "enable_postprocess_effects": "false",
        "gamma": "2.2",
        "motion_blur_intensity": "0.0",
        "motion_blur_max_distortion": "0.35",
        "lens_flare_intensity": "0.1",
        "motion_blur_min_object_screen_size": "0.1",
        "exposure_min_bright": "10.0",
        "exposure_speed_up": "3.0",
        "exposure_speed_down": "1.0",
        "tint": "0.0",
        "calibration_constant": "16.0",
        "focal_distance": "1000.0",
        "min_fstop": "1.2",
        "blade_count": "5",
        "blur_amount": "0.0",
        "blur_radius": "0.0",
        "slope": "0.88",
        "toe": "0.55",
        "white_clip": "0.04",
        "shoulder": "0.26",
        "black_clip": "0.0",
        "temp": "6500.0",
        "chromatic_aberration_intensity": "0.0"
      },
      "transform_carla": {
        "location": {
          "x": 78.69410705566406,
          "y": -62.394554138183594,
          "z": 1.6959340572357178
        },
        "rotation": {
          "roll": -0.012166534550487995,
          "pitch": 0.010347736068069935,
          "yaw": -36.72349548339844
        }
      },
      "matrix_world_from_sensor_carla": [
        [
          0.8015304803848267,
          0.5979538559913635,
          -0.0002717312308959663,
          78.69410705566406
        ],
        [
          -0.5979539155960083,
          0.8015304803848267,
          -6.22101579210721e-05,
          -62.394554138183594
        ],
        [
          0.00018060205911751837,
          0.00021234608720988035,
          1.0,
          1.6959340572357178
        ],
        [
          0.0,
          0.0,
          0.0,
          1.0
        ]
      ],
      "matrix_world_from_sensor_bevfusion": [
        [
          0.5979538559913635,
          0.0002717312308959663,
          0.8015304803848267,
          78.69410705566406
        ],
        [
          -0.8015304803848267,
          -6.22101579210721e-05,
          0.5979539155960083,
          62.394554138183594
        ],
        [
          0.00021234608720988035,
          -1.0,
          0.00018060205911751837,
          1.6959340572357178
        ],
        [
          0.0,
          0.0,
          0.0,
          1.0
        ]
      ],
      "matrix_ego_from_sensor_carla": [
        [
          -0.5735765099525452,
          -0.8191521167755127,
          1.328007783740759e-07,
          -1.2999992370605469
        ],
        [
          0.8191520571708679,
          -0.5735765099525452,
          -4.483808879740536e-08,
          0.5500030517578125
        ],
        [
          1.129083102568984e-07,
          8.307688403874636e-08,
          1.0000001192092896,
          1.7000000476837158
        ],
        [
          0.0,
          0.0,
          0.0,
          1.0
        ]
      ],
      "matrix_ego_from_sensor_bevfusion": [
        [
          -0.8191521167755127,
          -1.328007783740759e-07,
          -0.5735765099525452,
          -1.2999992370605469
        ],
        [
          0.5735765099525452,
          -4.483808879740536e-08,
          -0.8191520571708679,
          -0.5500030517578125
        ],
        [
          8.307688403874636e-08,
          -1.0000001192092896,
          1.129083102568984e-07,
          1.7000000476837158
        ],
        [
          0.0,
          0.0,
          0.0,
          1.0
        ]
      ],
      "camera_intrinsics": [
        [
          685.5110473632812,
          0.0,
          480.0
        ],
        [
          0.0,
          685.5110473632812,
          270.0
        ],
        [
          0.0,
          0.0,
          1.0
        ]
      ],
      "data_path": "D:\\Agent-AI\\outputs\\s3a_ml_long_v2\\sample_000098\\images\\CAM_BACK_RIGHT.png",
      "raw_layout": "bgra8"
    },
    "LIDAR_TOP": {
      "type_id": "sensor.lidar.ray_cast",
      "blueprint_attributes": {
        "atmosphere_attenuation_rate": "0.004",
        "role_name": "front",
        "noise_seed": "0",
        "upper_fov": "10.0",
        "ros_name": "sensor.lidar.ray_cast",
        "sensor_tick": "0.100000",
        "channels": "32",
        "range": "120.0",
        "points_per_second": "360000",
        "lower_fov": "-30.0",
        "rotation_frequency": "10.000000",
        "horizontal_fov": "360.0",
        "dropoff_general_rate": "0.0",
        "dropoff_intensity_limit": "1.0",
        "noise_stddev": "0.0",
        "dropoff_zero_intensity": "0.0"
      },
      "transform_carla": {
        "location": {
          "x": 77.28707122802734,
          "y": -62.28001403808594,
          "z": 2.195559024810791
        },
        "rotation": {
          "roll": -0.0014953614445403218,
          "pitch": -0.01589384861290455,
          "yaw": -161.72349548339844
        }
      },
      "matrix_world_from_sensor_carla": [
        [
          -0.9495540857315063,
          0.3136030435562134,
          -0.0002715910377446562,
          77.28707122802734
        ],
        [
          -0.313603013753891,
          -0.9495541453361511,
          -6.22110819676891e-05,
          -62.28001403808594
        ],
        [
          -0.0002773999876808375,
          2.609897819638718e-05,
          0.9999999403953552,
          2.195559024810791
        ],
        [
          0.0,
          0.0,
          0.0,
          1.0
        ]
      ],
      "matrix_world_from_sensor_bevfusion": [
        [
          -0.9495540857315063,
          -0.3136030435562134,
          -0.0002715910377446562,
          77.28707122802734
        ],
        [
          0.313603013753891,
          -0.9495541453361511,
          6.22110819676891e-05,
          62.28001403808594
        ],
        [
          -0.0002773999876808375,
          -2.609897819638718e-05,
          0.9999999403953552,
          2.195559024810791
        ],
        [
          0.0,
          0.0,
          0.0,
          1.0
        ]
      ],
      "matrix_ego_from_sensor_carla": [
        [
          1.0,
          1.429474494329952e-08,
          -1.2569500995596172e-11,
          0.0
        ],
        [
          6.1914251503480955e-09,
          1.0,
          -1.5556206496569747e-12,
          7.62939453125e-06
        ],
        [
          0.0,
          -1.8189894035458565e-12,
          1.0,
          2.200000047683716
        ],
        [
          0.0,
          0.0,
          0.0,
          1.0
        ]
      ],
      "matrix_ego_from_sensor_bevfusion": [
        [
          1.0,
          -1.429474494329952e-08,
          -1.2569500995596172e-11,
          0.0
        ],
        [
          -6.1914251503480955e-09,
          1.0,
          1.5556206496569747e-12,
          -7.62939453125e-06
        ],
        [
          0.0,
          1.8189894035458565e-12,
          1.0,
          2.200000047683716
        ],
        [
          0.0,
          0.0,
          0.0,
          1.0
        ]
      ],
      "data_path": "D:\\Agent-AI\\outputs\\s3a_ml_long_v2\\sample_000098\\lidar\\LIDAR_TOP.npy",
      "raw_layout": [
        "x",
        "y",
        "z",
        "intensity"
      ]
    },
    "RADAR_FRONT": {
      "type_id": "sensor.other.radar",
      "blueprint_attributes": {
        "sensor_tick": "0.100000",
        "role_name": "default",
        "noise_seed": "0",
        "ros_name": "sensor.other.radar",
        "horizontal_fov": "35.0",
        "points_per_second": "1500",
        "vertical_fov": "20.0",
        "range": "120.0"
      },
      "transform_carla": {
        "location": {
          "x": 75.38831329345703,
          "y": -62.90713882446289,
          "z": 0.8950040936470032
        },
        "rotation": {
          "roll": -0.0014953614445403218,
          "pitch": -0.01589384861290455,
          "yaw": -161.72349548339844
        }
      },
      "matrix_world_from_sensor_carla": [
        [
          -0.9495540857315063,
          0.3136030435562134,
          -0.0002715910377446562,
          75.38831329345703
        ],
        [
          -0.313603013753891,
          -0.9495541453361511,
          -6.22110819676891e-05,
          -62.90713882446289
        ],
        [
          -0.0002773999876808375,
          2.609897819638718e-05,
          0.9999999403953552,
          0.8950040936470032
        ],
        [
          0.0,
          0.0,
          0.0,
          1.0
        ]
      ],
      "matrix_world_from_sensor_bevfusion": [
        [
          -0.9495540857315063,
          -0.3136030435562134,
          -0.0002715910377446562,
          75.38831329345703
        ],
        [
          0.313603013753891,
          -0.9495541453361511,
          6.22110819676891e-05,
          62.90713882446289
        ],
        [
          -0.0002773999876808375,
          -2.609897819638718e-05,
          0.9999999403953552,
          0.8950040936470032
        ],
        [
          0.0,
          0.0,
          0.0,
          1.0
        ]
      ],
      "matrix_ego_from_sensor_carla": [
        [
          1.0,
          1.429474494329952e-08,
          -1.2569500995596172e-11,
          2.0
        ],
        [
          6.1914251503480955e-09,
          1.0,
          -1.5556206496569747e-12,
          0.0
        ],
        [
          0.0,
          -1.8189894035458565e-12,
          1.0,
          0.8999997973442078
        ],
        [
          0.0,
          0.0,
          0.0,
          1.0
        ]
      ],
      "matrix_ego_from_sensor_bevfusion": [
        [
          1.0,
          -1.429474494329952e-08,
          -1.2569500995596172e-11,
          2.0
        ],
        [
          -6.1914251503480955e-09,
          1.0,
          1.5556206496569747e-12,
          0.0
        ],
        [
          0.0,
          1.8189894035458565e-12,
          1.0,
          0.8999997973442078
        ],
        [
          0.0,
          0.0,
          0.0,
          1.0
        ]
      ],
      "data_path": "D:\\Agent-AI\\outputs\\s3a_ml_long_v2\\sample_000098\\radar\\RADAR_FRONT.npy",
      "raw_layout": [
        "velocity",
        "altitude",
        "azimuth",
        "depth"
      ]
    },
    "RADAR_FRONT_LEFT": {
      "type_id": "sensor.other.radar",
      "blueprint_attributes": {
        "sensor_tick": "0.100000",
        "role_name": "default",
        "noise_seed": "0",
        "ros_name": "sensor.other.radar",
        "horizontal_fov": "35.0",
        "points_per_second": "1500",
        "vertical_fov": "20.0",
        "range": "120.0"
      },
      "transform_carla": {
        "location": {
          "x": 75.48545837402344,
          "y": -62.08521270751953,
          "z": 0.8950816988945007
        },
        "rotation": {
          "roll": 0.01018537674099207,
          "pitch": -0.012294339947402477,
          "yaw": 153.27651977539062
        }
      },
      "matrix_world_from_sensor_carla": [
        [
          -0.8931871652603149,
          -0.4496850073337555,
          -0.0002715969458222389,
          75.48545837402344
        ],
        [
          0.4496850371360779,
          -0.8931871652603149,
          -6.228848360478878e-05,
          -62.08521270751953
        ],
        [
          -0.00021457670663949102,
          -0.0001777683646650985,
          1.0,
          0.8950816988945007
        ],
        [
          0.0,
          0.0,
          0.0,
          1.0
        ]
      ],
      "matrix_world_from_sensor_bevfusion": [
        [
          -0.8931871652603149,
          0.4496850073337555,
          -0.0002715969458222389,
          75.48545837402344
        ],
        [
          -0.4496850371360779,
          -0.8931871652603149,
          6.228848360478878e-05,
          62.08521270751953
        ],
        [
          -0.00021457670663949102,
          0.0001777683646650985,
          1.0,
          0.8950816988945007
        ],
        [
          0.0,
          0.0,
          0.0,
          1.0
        ]
      ],
      "matrix_ego_from_sensor_carla": [
        [
          0.7071070671081543,
          0.7071065902709961,
          2.986053004860878e-08,
          1.649993896484375
        ],
        [
          -0.7071065306663513,
          0.7071070075035095,
          7.164999260567129e-08,
          -0.7499923706054688
        ],
        [
          2.954038791358471e-08,
          -7.178459782153368e-08,
          1.0000001192092896,
          0.8999998569488525
        ],
        [
          0.0,
          0.0,
          0.0,
          1.0
        ]
      ],
      "matrix_ego_from_sensor_bevfusion": [
        [
          0.7071070671081543,
          -0.7071065902709961,
          2.986053004860878e-08,
          1.649993896484375
        ],
        [
          0.7071065306663513,
          0.7071070075035095,
          -7.164999260567129e-08,
          0.7499923706054688
        ],
        [
          2.954038791358471e-08,
          7.178459782153368e-08,
          1.0000001192092896,
          0.8999998569488525
        ],
        [
          0.0,
          0.0,
          0.0,
          1.0
        ]
      ],
      "data_path": "D:\\Agent-AI\\outputs\\s3a_ml_long_v2\\sample_000098\\radar\\RADAR_FRONT_LEFT.npy",
      "raw_layout": [
        "velocity",
        "altitude",
        "azimuth",
        "depth"
      ]
    },
    "RADAR_FRONT_RIGHT": {
      "type_id": "sensor.other.radar",
      "blueprint_attributes": {
        "sensor_tick": "0.100000",
        "role_name": "default",
        "noise_seed": "0",
        "ros_name": "sensor.other.radar",
        "horizontal_fov": "35.0",
        "points_per_second": "1500",
        "vertical_fov": "20.0",
        "range": "120.0"
      },
      "transform_carla": {
