{
  "schema_version": "stage1.v1",
  "sample_name": "sample_000077",
  "sequence_index": 77,
  "previous_sample_name": "sample_000076",
  "frame_id": 60078,
  "timestamp": 442.7197008654475,
  "platform_timestamp": 16814597.0109539,
  "delta_seconds": 0.10000000149011612,
  "town": "Carla/Maps/Town10HD_Opt",
  "weather": {
    "cloudiness": 20.0,
    "dust_storm": 0.0,
    "fog_density": 2.0,
    "fog_distance": 0.75,
    "fog_falloff": 0.10000000149011612,
    "mie_scattering_scale": 0.029999999329447746,
    "precipitation": 0.0,
    "precipitation_deposits": 0.0,
    "rayleigh_scattering_scale": 0.03310000151395798,
    "scattering_intensity": 1.0,
    "sun_altitude_angle": 45.0,
    "sun_azimuth_angle": 300.0,
    "wetness": 0.0,
    "wind_intensity": 10.0
  },
  "sensor_names": [
    "CAM_FRONT",
    "CAM_FRONT_RIGHT",
    "CAM_FRONT_LEFT",
    "CAM_BACK",
    "CAM_BACK_LEFT",
    "CAM_BACK_RIGHT",
    "LIDAR_TOP",
    "RADAR_FRONT",
    "RADAR_FRONT_LEFT",
    "RADAR_FRONT_RIGHT",
    "RADAR_BACK_LEFT",
    "RADAR_BACK_RIGHT"
  ],
  "camera_order_for_model": [
    "CAM_FRONT",
    "CAM_FRONT_RIGHT",
    "CAM_FRONT_LEFT",
    "CAM_BACK",
    "CAM_BACK_LEFT",
    "CAM_BACK_RIGHT"
  ],
  "radar_order_for_model": [
    "RADAR_FRONT",
    "RADAR_FRONT_LEFT",
    "RADAR_FRONT_RIGHT",
    "RADAR_BACK_LEFT",
    "RADAR_BACK_RIGHT"
  ],
  "coordinate_notes": {
    "carla_world": "left-handed x-forward y-right z-up",
    "bevfusion_lidar": "x-forward y-left z-up",
    "camera_frame_for_model": "OpenCV style x-right y-down z-forward"
  },
  "ego": {
    "actor_id": 28,
    "transform_carla": {
      "location": {
        "x": 80.00101470947266,
        "y": -61.3712272644043,
        "z": -0.004014243837445974
      },
      "rotation": {
        "roll": 0.1573687046766281,
        "pitch": -0.13027901947498322,
        "yaw": -157.68789672851562
      }
    },
    "velocity_carla": [
      -2.6995368003845215,
      -0.9104495644569397,
      -2.326965295651462e-05
    ],
    "angular_velocity_carla": [
      0.8416517376899719,
      0.7583111524581909,
      -7.575676441192627
    ],
    "matrix_world_from_ego_carla": [
      [
        -0.9251271486282349,
        0.37965598702430725,
        -0.0010607971344143152,
        80.00101470947266
      ],
      [
        -0.37965065240859985,
        -0.9251236915588379,
        -0.003404206596314907,
        -61.3712272644043
      ],
      [
        -0.0022737958934158087,
        -0.00274659157730639,
        0.9999936819076538,
        -0.004014243837445974
      ],
      [
        0.0,
        0.0,
        0.0,
        1.0
      ]
    ],
    "matrix_world_from_ego_bevfusion": [
      [
        -0.9251271486282349,
        -0.37965598702430725,
        -0.0010607971344143152,
        80.00101470947266
      ],
      [
        0.37965065240859985,
        -0.9251236915588379,
        0.003404206596314907,
        61.3712272644043
      ],
      [
        -0.0022737958934158087,
        0.00274659157730639,
        0.9999936819076538,
        -0.004014243837445974
      ],
      [
        0.0,
        0.0,
        0.0,
        1.0
      ]
    ]
  },
  "sensors": {
    "CAM_FRONT": {
      "type_id": "sensor.camera.rgb",
      "blueprint_attributes": {
        "role_name": "front",
        "ros_name": "sensor.camera.rgb",
        "chromatic_aberration_offset": "0.0",
        "sensor_tick": "0.100000",
        "fstop": "1.4",
        "image_size_x": "960",
        "image_size_y": "540",
        "fov": "70.00",
        "lens_circle_falloff": "5.0",
        "lens_circle_multiplier": "0.0",
        "exposure_compensation": "0.0",
        "lens_y_size": "0.08",
        "lens_k": "-1.0",
        "exposure_mode": "histogram",
        "lens_kcube": "0.0",
        "lens_x_size": "0.08",
        "exposure_max_bright": "12.0",
        "shutter_speed": "200.0",
        "bloom_intensity": "0.675",
        "iso": "100.0",
        "enable_postprocess_effects": "false",
        "gamma": "2.2",
        "motion_blur_intensity": "0.0",
        "motion_blur_max_distortion": "0.35",
        "lens_flare_intensity": "0.1",
        "motion_blur_min_object_screen_size": "0.1",
        "exposure_min_bright": "10.0",
        "exposure_speed_up": "3.0",
        "exposure_speed_down": "1.0",
        "tint": "0.0",
        "calibration_constant": "16.0",
        "focal_distance": "1000.0",
        "min_fstop": "1.2",
        "blade_count": "5",
        "blur_amount": "0.0",
        "blur_radius": "0.0",
        "slope": "0.88",
        "toe": "0.55",
        "white_clip": "0.04",
        "shoulder": "0.26",
        "black_clip": "0.0",
        "temp": "6500.0",
        "chromatic_aberration_intensity": "0.0"
      },
      "transform_carla": {
        "location": {
          "x": 78.56526184082031,
          "y": -61.96547317504883,
          "z": 1.6924505233764648
        },
        "rotation": {
          "roll": 0.1573687046766281,
          "pitch": -0.13027901947498322,
          "yaw": -157.68789672851562
        }
      },
      "matrix_world_from_sensor_carla": [
        [
          -0.9251271486282349,
          0.37965598702430725,
          -0.0010607971344143152,
          78.56526184082031
        ],
        [
          -0.37965065240859985,
          -0.9251236915588379,
          -0.003404206596314907,
          -61.96547317504883
        ],
        [
          -0.0022737958934158087,
          -0.00274659157730639,
          0.9999936819076538,
          1.6924505233764648
        ],
        [
          0.0,
          0.0,
          0.0,
          1.0
        ]
      ],
      "matrix_world_from_sensor_bevfusion": [
        [
          0.37965598702430725,
          0.0010607971344143152,
          -0.9251271486282349,
          78.56526184082031
        ],
        [
          0.9251236915588379,
          -0.003404206596314907,
          0.37965065240859985,
          61.96547317504883
        ],
        [
          -0.00274659157730639,
          -0.9999936819076538,
          -0.0022737958934158087,
          1.6924505233764648
        ],
        [
          0.0,
          0.0,
          0.0,
          1.0
        ]
      ],
      "matrix_ego_from_sensor_carla": [
        [
          1.0,
          3.153707073266787e-09,
          -6.944747554804565e-11,
          1.5500030517578125
        ],
        [
          1.0326816735073407e-08,
          1.0,
          1.2375012126142337e-10,
          0.0
        ],
        [
          6.60813209707456e-11,
          -1.7820007969238105e-10,
          1.0,
          1.6999999284744263
        ],
        [
          0.0,
          0.0,
          0.0,
          1.0
        ]
      ],
      "matrix_ego_from_sensor_bevfusion": [
        [
          3.153707073266787e-09,
          6.944747554804565e-11,
          1.0,
          1.5500030517578125
        ],
        [
          -1.0,
          1.2375012126142337e-10,
          -1.0326816735073407e-08,
          0.0
        ],
        [
          -1.7820007969238105e-10,
          -1.0,
          6.60813209707456e-11,
          1.6999999284744263
        ],
        [
          0.0,
          0.0,
          0.0,
          1.0
        ]
      ],
      "camera_intrinsics": [
        [
          685.5110473632812,
          0.0,
          480.0
        ],
        [
          0.0,
          685.5110473632812,
          270.0
        ],
        [
          0.0,
          0.0,
          1.0
        ]
      ],
      "data_path": "D:\\Agent-AI\\outputs\\s3a_ml_long_v2\\sample_000077\\images\\CAM_FRONT.png",
      "raw_layout": "bgra8"
    },
    "CAM_FRONT_RIGHT": {
      "type_id": "sensor.camera.rgb",
      "blueprint_attributes": {
        "role_name": "front",
        "ros_name": "sensor.camera.rgb",
        "chromatic_aberration_offset": "0.0",
        "sensor_tick": "0.100000",
        "fstop": "1.4",
        "image_size_x": "960",
        "image_size_y": "540",
        "fov": "70.00",
        "lens_circle_falloff": "5.0",
        "lens_circle_multiplier": "0.0",
        "exposure_compensation": "0.0",
        "lens_y_size": "0.08",
        "lens_k": "-1.0",
        "exposure_mode": "histogram",
        "lens_kcube": "0.0",
        "lens_x_size": "0.08",
        "exposure_max_bright": "12.0",
        "shutter_speed": "200.0",
        "bloom_intensity": "0.675",
        "iso": "100.0",
        "enable_postprocess_effects": "false",
        "gamma": "2.2",
        "motion_blur_intensity": "0.0",
        "motion_blur_max_distortion": "0.35",
        "lens_flare_intensity": "0.1",
        "motion_blur_min_object_screen_size": "0.1",
        "exposure_min_bright": "10.0",
        "exposure_speed_up": "3.0",
        "exposure_speed_down": "1.0",
        "tint": "0.0",
        "calibration_constant": "16.0",
        "focal_distance": "1000.0",
        "min_fstop": "1.2",
        "blade_count": "5",
        "blur_amount": "0.0",
        "blur_radius": "0.0",
        "slope": "0.88",
        "toe": "0.55",
        "white_clip": "0.04",
        "shoulder": "0.26",
        "black_clip": "0.0",
        "temp": "6500.0",
        "chromatic_aberration_intensity": "0.0"
      },
      "transform_carla": {
        "location": {
          "x": 79.00535583496094,
          "y": -62.37937927246094,
          "z": 1.6915082931518555
        },
        "rotation": {
          "roll": -0.016456063836812973,
          "pitch": -0.2036420851945877,
          "yaw": -102.68769836425781
        }
      },
      "matrix_world_from_sensor_carla": [
        [
          -0.21963539719581604,
          0.9755814075469971,
          -0.0010608361335471272,
          79.00535583496094
        ],
        [
          -0.9755755662918091,
          -0.21963776648044586,
          -0.0034043469931930304,
          -62.37937927246094
        ],
        [
          -0.003554217517375946,
          0.00028721068520098925,
          0.999993622303009,
          1.6915082931518555
        ],
        [
          0.0,
          0.0,
          0.0,
          1.0
        ]
      ],
      "matrix_world_from_sensor_bevfusion": [
        [
          0.9755814075469971,
          0.0010608361335471272,
          -0.21963539719581604,
          79.00535583496094
        ],
        [
          0.21963776648044586,
          -0.0034043469931930304,
          0.9755755662918091,
          62.37937927246094
        ],
        [
          0.00028721068520098925,
          -0.999993622303009,
          -0.003554217517375946,
          1.6915082931518555
        ],
        [
          0.0,
          0.0,
          0.0,
          1.0
        ]
      ],
      "matrix_ego_from_sensor_carla": [
        [
          0.5735766887664795,
          -0.8191518783569336,
          8.947304763751163e-08,
          1.3000030517578125
        ],
        [
          0.8191518783569336,
          0.5735766291618347,
          1.153057951341907e-07,
          0.5499954223632812
        ],
        [
          -1.4566883521638374e-07,
          7.219548514569851e-09,
          0.9999999403953552,
          1.6999999284744263
        ],
        [
          0.0,
          0.0,
          0.0,
          1.0
        ]
      ],
      "matrix_ego_from_sensor_bevfusion": [
        [
          -0.8191518783569336,
          -8.947304763751163e-08,
          0.5735766887664795,
          1.3000030517578125
        ],
        [
          -0.5735766291618347,
          1.153057951341907e-07,
          -0.8191518783569336,
          -0.5499954223632812
        ],
        [
          7.219548514569851e-09,
          -0.9999999403953552,
          -1.4566883521638374e-07,
          1.6999999284744263
        ],
        [
          0.0,
          0.0,
          0.0,
          1.0
        ]
      ],
      "camera_intrinsics": [
        [
          685.5110473632812,
          0.0,
          480.0
        ],
        [
          0.0,
          685.5110473632812,
          270.0
        ],
        [
          0.0,
          0.0,
          1.0
        ]
      ],
      "data_path": "D:\\Agent-AI\\outputs\\s3a_ml_long_v2\\sample_000077\\images\\CAM_FRONT_RIGHT.png",
      "raw_layout": "bgra8"
    },
    "CAM_FRONT_LEFT": {
      "type_id": "sensor.camera.rgb",
      "blueprint_attributes": {
        "role_name": "front",
        "ros_name": "sensor.camera.rgb",
        "chromatic_aberration_offset": "0.0",
        "sensor_tick": "0.100000",
        "fstop": "1.4",
        "image_size_x": "960",
        "image_size_y": "540",
        "fov": "70.00",
        "lens_circle_falloff": "5.0",
        "lens_circle_multiplier": "0.0",
        "exposure_compensation": "0.0",
        "lens_y_size": "0.08",
        "lens_k": "-1.0",
        "exposure_mode": "histogram",
        "lens_kcube": "0.0",
        "lens_x_size": "0.08",
        "exposure_max_bright": "12.0",
        "shutter_speed": "200.0",
        "bloom_intensity": "0.675",
        "iso": "100.0",
        "enable_postprocess_effects": "false",
        "gamma": "2.2",
        "motion_blur_intensity": "0.0",
        "motion_blur_max_distortion": "0.35",
        "lens_flare_intensity": "0.1",
        "motion_blur_min_object_screen_size": "0.1",
        "exposure_min_bright": "10.0",
        "exposure_speed_up": "3.0",
        "exposure_speed_down": "1.0",
        "tint": "0.0",
        "calibration_constant": "16.0",
        "focal_distance": "1000.0",
        "min_fstop": "1.2",
        "blade_count": "5",
        "blur_amount": "0.0",
        "blur_radius": "0.0",
        "slope": "0.88",
        "toe": "0.55",
        "white_clip": "0.04",
        "shoulder": "0.26",
        "black_clip": "0.0",
        "temp": "6500.0",
        "chromatic_aberration_intensity": "0.0"
      },
      "transform_carla": {
        "location": {
          "x": 78.58773040771484,
          "y": -61.36174774169922,
          "z": 1.6945295333862305
        },
        "rotation": {
          "roll": 0.1969817578792572,
          "pitch": 0.05418388918042183,
          "yaw": 147.3123321533203
        }
      },
      "matrix_world_from_sensor_carla": [
        [
          -0.8416266441345215,
          -0.5400587916374207,
          -0.0010607980657368898,
          78.58773040771484
        ],
        [
          0.540058970451355,
          -0.8416203856468201,
          -0.0034042156767100096,
          -61.36174774169922
        ],
        [
          0.0009456871193833649,
          -0.003437971929088235,
          0.999993622303009,
          1.6945295333862305
        ],
        [
          0.0,
          0.0,
          0.0,
          1.0
        ]
      ],
      "matrix_world_from_sensor_bevfusion": [
        [
          -0.5400587916374207,
          0.0010607980657368898,
          -0.8416266441345215,
          78.58773040771484
        ],
        [
          0.8416203856468201,
          -0.0034042156767100096,
          -0.540058970451355,
          61.36174774169922
        ],
        [
          -0.003437971929088235,
          -0.999993622303009,
          0.0009456871193833649,
          1.6945295333862305
        ],
        [
          0.0,
          0.0,
          0.0,
          1.0
        ]
      ],
      "matrix_ego_from_sensor_carla": [
        [
          0.5735757946968079,
          0.8191525936126709,
          4.489863592027632e-09,
          1.3000030517578125
        ],
        [
          -0.8191525340080261,
          0.5735757946968079,
          8.203701717945933e-09,
          -0.5500030517578125
        ],
        [
          4.038619660917675e-09,
          -7.643148336455852e-09,
          0.9999999403953552,
          1.6999999284744263
        ],
        [
          0.0,
          0.0,
          0.0,
          1.0
        ]
      ],
      "matrix_ego_from_sensor_bevfusion": [
        [
          0.8191525936126709,
          -4.489863592027632e-09,
          0.5735757946968079,
          1.3000030517578125
        ],
        [
          -0.5735757946968079,
          8.203701717945933e-09,
          0.8191525340080261,
          0.5500030517578125
        ],
        [
          -7.643148336455852e-09,
          -0.9999999403953552,
          4.038619660917675e-09,
          1.6999999284744263
        ],
        [
          0.0,
          0.0,
          0.0,
          1.0
        ]
      ],
      "camera_intrinsics": [
        [
          685.5110473632812,
          0.0,
          480.0
        ],
        [
          0.0,
          685.5110473632812,
          270.0
        ],
        [
          0.0,
          0.0,
          1.0
        ]
      ],
      "data_path": "D:\\Agent-AI\\outputs\\s3a_ml_long_v2\\sample_000077\\images\\CAM_FRONT_LEFT.png",
      "raw_layout": "bgra8"
    },
    "CAM_BACK": {
      "type_id": "sensor.camera.rgb",
      "blueprint_attributes": {
        "role_name": "front",
        "ros_name": "sensor.camera.rgb",
        "chromatic_aberration_offset": "0.0",
        "sensor_tick": "0.100000",
        "fstop": "1.4",
        "image_size_x": "960",
        "image_size_y": "540",
        "fov": "70.00",
        "lens_circle_falloff": "5.0",
        "lens_circle_multiplier": "0.0",
        "exposure_compensation": "0.0",
        "lens_y_size": "0.08",
        "lens_k": "-1.0",
        "exposure_mode": "histogram",
        "lens_kcube": "0.0",
        "lens_x_size": "0.08",
        "exposure_max_bright": "12.0",
        "shutter_speed": "200.0",
        "bloom_intensity": "0.675",
        "iso": "100.0",
        "enable_postprocess_effects": "false",
        "gamma": "2.2",
        "motion_blur_intensity": "0.0",
        "motion_blur_max_distortion": "0.35",
        "lens_flare_intensity": "0.1",
        "motion_blur_min_object_screen_size": "0.1",
        "exposure_min_bright": "10.0",
        "exposure_speed_up": "3.0",
        "exposure_speed_down": "1.0",
        "tint": "0.0",
        "calibration_constant": "16.0",
        "focal_distance": "1000.0",
        "min_fstop": "1.2",
        "blade_count": "5",
        "blur_amount": "0.0",
        "blur_radius": "0.0",
        "slope": "0.88",
        "toe": "0.55",
        "white_clip": "0.04",
        "shoulder": "0.26",
        "black_clip": "0.0",
        "temp": "6500.0",
        "chromatic_aberration_intensity": "0.0"
      },
      "transform_carla": {
        "location": {
          "x": 81.43315887451172,
          "y": -60.78855895996094,
          "z": 1.6994993686676025
        },
        "rotation": {
          "roll": -0.15736864507198334,
          "pitch": 0.13027901947498322,
          "yaw": 22.312103271484375
        }
      },
      "matrix_world_from_sensor_carla": [
        [
          0.9251271486282349,
          -0.37965595722198486,
          -0.0010607977164909244,
          81.43315887451172
        ],
        [
          0.37965062260627747,
          0.9251236915588379,
          -0.003404205432161689,
          -60.78855895996094
        ],
        [
          0.0022737958934158087,
          0.0027465904131531715,
          0.9999936819076538,
          1.6994993686676025
        ],
        [
          0.0,
          0.0,
          0.0,
          1.0
        ]
      ],
      "matrix_world_from_sensor_bevfusion": [
        [
          -0.37965595722198486,
          0.0010607977164909244,
          0.9251271486282349,
          81.43315887451172
        ],
        [
          -0.9251236915588379,
          -0.003404205432161689,
          -0.37965062260627747,
          60.78855895996094
        ],
        [
          0.0027465904131531715,
          -0.9999936819076538,
          0.0022737958934158087,
          1.6994993686676025
        ],
        [
          0.0,
          0.0,
          0.0,
          1.0
        ]
      ],
      "matrix_ego_from_sensor_carla": [
        [
          -1.0,
          -3.295338402153902e-08,
          1.6338316810582398e-10,
          -1.5500068664550781
        ],
        [
          1.7244060401822026e-08,
          -1.0,
          -1.2732337406617944e-09,
          0.0
        ],
        [
          1.6674932268312403e-10,
          -9.859457694716411e-10,
          1.0,
          1.7000000476837158
        ],
        [
          0.0,
          0.0,
          0.0,
          1.0
        ]
      ],
      "matrix_ego_from_sensor_bevfusion": [
        [
          -3.295338402153902e-08,
          -1.6338316810582398e-10,
          -1.0,
          -1.5500068664550781
        ],
        [
          1.0,
          -1.2732337406617944e-09,
          -1.7244060401822026e-08,
          0.0
        ],
        [
          -9.859457694716411e-10,
          -1.0,
          1.6674932268312403e-10,
          1.7000000476837158
        ],
        [
          0.0,
          0.0,
          0.0,
          1.0
        ]
      ],
      "camera_intrinsics": [
        [
          685.5110473632812,
          0.0,
          480.0
        ],
        [
          0.0,
          685.5110473632812,
          270.0
        ],
        [
          0.0,
          0.0,
          1.0
        ]
      ],
      "data_path": "D:\\Agent-AI\\outputs\\s3a_ml_long_v2\\sample_000077\\images\\CAM_BACK.png",
      "raw_layout": "bgra8"
    },
    "CAM_BACK_LEFT": {
      "type_id": "sensor.camera.rgb",
      "blueprint_attributes": {
        "role_name": "front",
        "ros_name": "sensor.camera.rgb",
        "chromatic_aberration_offset": "0.0",
        "sensor_tick": "0.100000",
        "fstop": "1.4",
        "image_size_x": "960",
        "image_size_y": "540",
        "fov": "70.00",
        "lens_circle_falloff": "5.0",
        "lens_circle_multiplier": "0.0",
        "exposure_compensation": "0.0",
        "lens_y_size": "0.08",
        "lens_k": "-1.0",
        "exposure_mode": "histogram",
        "lens_kcube": "0.0",
        "lens_x_size": "0.08",
        "exposure_max_bright": "12.0",
        "shutter_speed": "200.0",
        "bloom_intensity": "0.675",
        "iso": "100.0",
        "enable_postprocess_effects": "false",
        "gamma": "2.2",
        "motion_blur_intensity": "0.0",
        "motion_blur_max_distortion": "0.35",
        "lens_flare_intensity": "0.1",
        "motion_blur_min_object_screen_size": "0.1",
        "exposure_min_bright": "10.0",
        "exposure_speed_up": "3.0",
        "exposure_speed_down": "1.0",
        "tint": "0.0",
        "calibration_constant": "16.0",
        "focal_distance": "1000.0",
        "min_fstop": "1.2",
        "blade_count": "5",
        "blur_amount": "0.0",
        "blur_radius": "0.0",
        "slope": "0.88",
        "toe": "0.55",
        "white_clip": "0.04",
        "shoulder": "0.26",
        "black_clip": "0.0",
        "temp": "6500.0",
        "chromatic_aberration_intensity": "0.0"
      },
      "transform_carla": {
        "location": {
          "x": 80.9930648803711,
          "y": -60.37465286254883,
          "z": 1.7004413604736328
        },
        "rotation": {
          "roll": 0.016456110402941704,
          "pitch": 0.2036420851945877,
          "yaw": 77.3122787475586
        }
      },
      "matrix_world_from_sensor_carla": [
        [
          0.21963578462600708,
          -0.9755813479423523,
          -0.001060838345438242,
          80.9930648803711
        ],
        [
          0.9755755066871643,
          0.2196381539106369,
          -0.003404346527531743,
          -60.37465286254883
        ],
        [
          0.003554217517375946,
          -0.00028721150010824203,
          0.999993622303009,
          1.7004413604736328
        ],
        [
          0.0,
          0.0,
          0.0,
          1.0
        ]
      ],
      "matrix_world_from_sensor_bevfusion": [
        [
          -0.9755813479423523,
          0.001060838345438242,
          0.21963578462600708,
          80.9930648803711
        ],
        [
          -0.2196381539106369,
          -0.003404346527531743,
          -0.9755755066871643,
          60.37465286254883
        ],
        [
          -0.00028721150010824203,
          -0.999993622303009,
          0.003554217517375946,
          1.7004413604736328
        ],
        [
          0.0,
          0.0,
          0.0,
          1.0
        ]
      ],
      "matrix_ego_from_sensor_carla": [
        [
          -0.5735769867897034,
          0.8191516995429993,
          9.133569278674258e-08,
          -1.3000068664550781
        ],
        [
          -0.8191516995429993,
          -0.5735769271850586,
          1.1390881127226749e-07,
          -0.5500030517578125
        ],
        [
          1.4543600457272987e-07,
          -9.373226639297627e-09,
          0.9999999403953552,
          1.6999998092651367
        ],
        [
          0.0,
          0.0,
          0.0,
          1.0
        ]
      ],
      "matrix_ego_from_sensor_bevfusion": [
        [
          0.8191516995429993,
          -9.133569278674258e-08,
          -0.5735769867897034,
          -1.3000068664550781
        ],
        [
          0.5735769271850586,
          1.1390881127226749e-07,
          0.8191516995429993,
          0.5500030517578125
        ],
        [
          -9.373226639297627e-09,
          -0.9999999403953552,
          1.4543600457272987e-07,
          1.6999998092651367
        ],
        [
          0.0,
          0.0,
          0.0,
          1.0
        ]
      ],
      "camera_intrinsics": [
        [
          685.5110473632812,
          0.0,
          480.0
        ],
        [
          0.0,
          685.5110473632812,
          270.0
        ],
        [
          0.0,
          0.0,
          1.0
        ]
      ],
      "data_path": "D:\\Agent-AI\\outputs\\s3a_ml_long_v2\\sample_000077\\images\\CAM_BACK_LEFT.png",
      "raw_layout": "bgra8"
    },
    "CAM_BACK_RIGHT": {
      "type_id": "sensor.camera.rgb",
      "blueprint_attributes": {
        "role_name": "front",
        "ros_name": "sensor.camera.rgb",
        "chromatic_aberration_offset": "0.0",
        "sensor_tick": "0.100000",
        "fstop": "1.4",
        "image_size_x": "960",
        "image_size_y": "540",
        "fov": "70.00",
        "lens_circle_falloff": "5.0",
        "lens_circle_multiplier": "0.0",
        "exposure_compensation": "0.0",
        "lens_y_size": "0.08",
        "lens_k": "-1.0",
        "exposure_mode": "histogram",
        "lens_kcube": "0.0",
        "lens_x_size": "0.08",
        "exposure_max_bright": "12.0",
        "shutter_speed": "200.0",
        "bloom_intensity": "0.675",
        "iso": "100.0",
        "enable_postprocess_effects": "false",
        "gamma": "2.2",
        "motion_blur_intensity": "0.0",
        "motion_blur_max_distortion": "0.35",
        "lens_flare_intensity": "0.1",
        "motion_blur_min_object_screen_size": "0.1",
        "exposure_min_bright": "10.0",
        "exposure_speed_up": "3.0",
        "exposure_speed_down": "1.0",
        "tint": "0.0",
        "calibration_constant": "16.0",
        "focal_distance": "1000.0",
        "min_fstop": "1.2",
        "blade_count": "5",
        "blur_amount": "0.0",
        "blur_radius": "0.0",
        "slope": "0.88",
        "toe": "0.55",
        "white_clip": "0.04",
        "shoulder": "0.26",
        "black_clip": "0.0",
        "temp": "6500.0",
        "chromatic_aberration_intensity": "0.0"
      },
      "transform_carla": {
        "location": {
          "x": 81.41069030761719,
          "y": -61.39228820800781,
          "z": 1.6974201202392578
        },
        "rotation": {
          "roll": -0.19698172807693481,
          "pitch": -0.05418388918042183,
          "yaw": -32.68764114379883
        }
      },
      "matrix_world_from_sensor_carla": [
        [
          0.8416268825531006,
          0.5400583744049072,
          -0.0010607962030917406,
          81.41069030761719
        ],
        [
          -0.5400585532188416,
          0.8416206240653992,
          -0.003404215443879366,
          -61.39228820800781
        ],
        [
          -0.0009456871193833649,
          0.003437971230596304,
          0.999993622303009,
          1.6974201202392578
        ],
        [
          0.0,
          0.0,
          0.0,
          1.0
        ]
      ],
      "matrix_world_from_sensor_bevfusion": [
        [
          0.5400583744049072,
          0.0010607962030917406,
          0.8416268825531006,
          81.41069030761719
        ],
        [
          -0.8416206240653992,
          -0.003404215443879366,
          0.5400585532188416,
          61.39228820800781
        ],
        [
          0.003437971230596304,
          -0.999993622303009,
          -0.0009456871193833649,
          1.6974201202392578
        ],
        [
          0.0,
          0.0,
          0.0,
          1.0
        ]
      ],
      "matrix_ego_from_sensor_carla": [
        [
          -0.5735761523246765,
          -0.819152295589447,
          2.627218442796675e-09,
          -1.3000068664550781
        ],
        [
          0.8191522359848022,
          -0.5735761523246765,
          8.669363005253672e-09,
          0.5500030517578125
        ],
        [
          -5.72664182740823e-09,
          6.711830202732472e-09,
          0.9999999403953552,
          1.6999998092651367
        ],
        [
          0.0,
          0.0,
          0.0,
          1.0
        ]
      ],
      "matrix_ego_from_sensor_bevfusion": [
        [
          -0.819152295589447,
          -2.627218442796675e-09,
          -0.5735761523246765,
          -1.3000068664550781
        ],
        [
          0.5735761523246765,
          8.669363005253672e-09,
          -0.8191522359848022,
          -0.5500030517578125
        ],
        [
          6.711830202732472e-09,
          -0.9999999403953552,
          -5.72664182740823e-09,
          1.6999998092651367
        ],
        [
          0.0,
          0.0,
          0.0,
          1.0
        ]
      ],
      "camera_intrinsics": [
        [
          685.5110473632812,
          0.0,
          480.0
        ],
        [
          0.0,
          685.5110473632812,
          270.0
        ],
        [
          0.0,
          0.0,
          1.0
        ]
      ],
      "data_path": "D:\\Agent-AI\\outputs\\s3a_ml_long_v2\\sample_000077\\images\\CAM_BACK_RIGHT.png",
      "raw_layout": "bgra8"
    },
    "LIDAR_TOP": {
      "type_id": "sensor.lidar.ray_cast",
      "blueprint_attributes": {
        "atmosphere_attenuation_rate": "0.004",
        "role_name": "front",
        "noise_seed": "0",
        "upper_fov": "10.0",
        "ros_name": "sensor.lidar.ray_cast",
        "sensor_tick": "0.100000",
        "channels": "32",
        "range": "120.0",
        "points_per_second": "360000",
        "lower_fov": "-30.0",
        "rotation_frequency": "10.000000",
        "horizontal_fov": "360.0",
        "dropoff_general_rate": "0.0",
        "dropoff_intensity_limit": "1.0",
        "noise_stddev": "0.0",
        "dropoff_zero_intensity": "0.0"
      },
      "transform_carla": {
        "location": {
          "x": 79.9986801147461,
          "y": -61.378719329833984,
          "z": 2.195971727371216
        },
        "rotation": {
          "roll": 0.1573687046766281,
          "pitch": -0.13027901947498322,
          "yaw": -157.68789672851562
        }
      },
      "matrix_world_from_sensor_carla": [
        [
          -0.9251271486282349,
          0.37965598702430725,
          -0.0010607971344143152,
          79.9986801147461
        ],
        [
          -0.37965065240859985,
          -0.9251236915588379,
          -0.003404206596314907,
          -61.378719329833984
        ],
        [
          -0.0022737958934158087,
          -0.00274659157730639,
          0.9999936819076538,
          2.195971727371216
        ],
        [
          0.0,
          0.0,
          0.0,
          1.0
        ]
      ],
      "matrix_world_from_sensor_bevfusion": [
        [
          -0.9251271486282349,
          -0.37965598702430725,
          -0.0010607971344143152,
          79.9986801147461
        ],
        [
          0.37965065240859985,
          -0.9251236915588379,
          0.003404206596314907,
          61.378719329833984
        ],
        [
          -0.0022737958934158087,
          0.00274659157730639,
          0.9999936819076538,
          2.195971727371216
        ],
        [
          0.0,
          0.0,
          0.0,
          1.0
        ]
      ],
      "matrix_ego_from_sensor_carla": [
        [
          1.0,
          3.153707073266787e-09,
          -6.944747554804565e-11,
          0.0
        ],
        [
          1.0326816735073407e-08,
          1.0,
          1.2375012126142337e-10,
          -7.62939453125e-06
        ],
        [
          6.60813209707456e-11,
          -1.7820007969238105e-10,
          1.0,
          2.1999998092651367
        ],
        [
          0.0,
          0.0,
          0.0,
          1.0
        ]
      ],
      "matrix_ego_from_sensor_bevfusion": [
        [
          1.0,
          -3.153707073266787e-09,
          -6.944747554804565e-11,
          0.0
        ],
        [
          -1.0326816735073407e-08,
          1.0,
          -1.2375012126142337e-10,
          7.62939453125e-06
        ],
        [
          6.60813209707456e-11,
          1.7820007969238105e-10,
          1.0,
          2.1999998092651367
        ],
        [
          0.0,
          0.0,
          0.0,
          1.0
        ]
      ],
      "data_path": "D:\\Agent-AI\\outputs\\s3a_ml_long_v2\\sample_000077\\lidar\\LIDAR_TOP.npy",
      "raw_layout": [
        "x",
        "y",
        "z",
        "intensity"
      ]
    },
    "RADAR_FRONT": {
      "type_id": "sensor.other.radar",
      "blueprint_attributes": {
        "sensor_tick": "0.100000",
        "role_name": "default",
        "noise_seed": "0",
        "ros_name": "sensor.other.radar",
        "horizontal_fov": "35.0",
        "points_per_second": "1500",
        "vertical_fov": "20.0",
        "range": "120.0"
      },
      "transform_carla": {
        "location": {
          "x": 78.14981079101562,
          "y": -62.13359069824219,
          "z": 0.8914324641227722
        },
        "rotation": {
          "roll": 0.1573687046766281,
          "pitch": -0.13027901947498322,
          "yaw": -157.68789672851562
        }
      },
      "matrix_world_from_sensor_carla": [
        [
          -0.9251271486282349,
          0.37965598702430725,
          -0.0010607971344143152,
          78.14981079101562
        ],
        [
          -0.37965065240859985,
          -0.9251236915588379,
          -0.003404206596314907,
          -62.13359069824219
        ],
        [
          -0.0022737958934158087,
          -0.00274659157730639,
          0.9999936819076538,
          0.8914324641227722
        ],
        [
          0.0,
          0.0,
          0.0,
          1.0
        ]
      ],
      "matrix_world_from_sensor_bevfusion": [
        [
          -0.9251271486282349,
          -0.37965598702430725,
          -0.0010607971344143152,
          78.14981079101562
        ],
        [
          0.37965065240859985,
          -0.9251236915588379,
          0.003404206596314907,
          62.13359069824219
        ],
        [
          -0.0022737958934158087,
          0.00274659157730639,
          0.9999936819076538,
          0.8914324641227722
        ],
        [
          0.0,
          0.0,
          0.0,
          1.0
        ]
      ],
      "matrix_ego_from_sensor_carla": [
        [
          1.0,
          3.153707073266787e-09,
          -6.944747554804565e-11,
          1.9999885559082031
        ],
        [
          1.0326816735073407e-08,
          1.0,
          1.2375012126142337e-10,
          0.0
        ],
        [
          6.60813209707456e-11,
          -1.7820007969238105e-10,
          1.0,
          0.8999999761581421
        ],
        [
          0.0,
          0.0,
          0.0,
          1.0
        ]
      ],
      "matrix_ego_from_sensor_bevfusion": [
        [
          1.0,
          -3.153707073266787e-09,
          -6.944747554804565e-11,
          1.9999885559082031
        ],
        [
          -1.0326816735073407e-08,
          1.0,
          -1.2375012126142337e-10,
          0.0
        ],
        [
          6.60813209707456e-11,
          1.7820007969238105e-10,
          1.0,
          0.8999999761581421
        ],
        [
          0.0,
          0.0,
          0.0,
          1.0
        ]
      ],
      "data_path": "D:\\Agent-AI\\outputs\\s3a_ml_long_v2\\sample_000077\\radar\\RADAR_FRONT.npy",
      "raw_layout": [
        "velocity",
        "altitude",
        "azimuth",
        "depth"
      ]
    },
    "RADAR_FRONT_LEFT": {
      "type_id": "sensor.other.radar",
      "blueprint_attributes": {
        "sensor_tick": "0.100000",
        "role_name": "default",
        "noise_seed": "0",
        "ros_name": "sensor.other.radar",
        "horizontal_fov": "35.0",
        "points_per_second": "1500",
        "vertical_fov": "20.0",
        "range": "120.0"
      },
      "transform_carla": {
        "location": {
          "x": 78.18885803222656,
          "y": -61.3068733215332,
          "z": 0.894288182258606
        },
        "rotation": {
          "roll": 0.20339791476726532,
          "pitch": 0.019158679991960526,
          "yaw": 157.31231689453125
        }
      },
      "matrix_world_from_sensor_carla": [
        [
          -0.922620952129364,
          -0.3857063949108124,
          -0.0010607395088300109,
          78.18885803222656
        ],
        [
          0.38570770621299744,
          -0.9226146936416626,
          -0.003404236864298582,
          -61.3068733215332
        ],
        [
          0.0003343820571899414,
          -0.003549955552443862,
          0.999993622303009,
          0.894288182258606
        ],
        [
          0.0,
          0.0,
          0.0,
          1.0
        ]
      ],
      "matrix_world_from_sensor_bevfusion": [
        [
          -0.922620952129364,
          0.3857063949108124,
          -0.0010607395088300109,
          78.18885803222656
        ],
        [
          -0.38570770621299744,
          -0.9226146936416626,
          0.003404236864298582,
          61.3068733215332
        ],
        [
          0.0003343820571899414,
          0.003549955552443862,
          0.999993622303009,
          0.894288182258606
        ],
        [
          0.0,
          0.0,
          0.0,
          1.0
        ]
      ],
      "matrix_ego_from_sensor_carla": [
        [
          0.7071067094802856,
          0.7071067690849304,
          -4.1843435383270844e-08,
          1.6500015258789062
        ],
        [
          -0.7071067094802856,
          0.7071067094802856,
          5.0113218463820886e-08,
          -0.75
        ],
        [
          6.492263793234088e-08,
          -5.764797528229337e-09,
          0.9999999403953552,
          0.8999999761581421
        ],
        [
          0.0,
          0.0,
          0.0,
          1.0
        ]
      ],
      "matrix_ego_from_sensor_bevfusion": [
        [
          0.7071067094802856,
          -0.7071067690849304,
          -4.1843435383270844e-08,
          1.6500015258789062
        ],
        [
          0.7071067094802856,
          0.7071067094802856,
          -5.0113218463820886e-08,
          0.75
        ],
        [
          6.492263793234088e-08,
          5.764797528229337e-09,
          0.9999999403953552,
          0.8999999761581421
        ],
        [
          0.0,
          0.0,
          0.0,
          1.0
        ]
      ],
      "data_path": "D:\\Agent-AI\\outputs\\s3a_ml_long_v2\\sample_000077\\radar\\RADAR_FRONT_LEFT.npy",
      "raw_layout": [
        "velocity",
        "altitude",
        "azimuth",
        "depth"
      ]
    },
    "RADAR_FRONT_RIGHT": {
      "type_id": "sensor.other.radar",
      "blueprint_attributes": {
        "sensor_tick": "0.100000",
        "role_name": "default",
        "noise_seed": "0",
        "ros_name": "sensor.other.radar",
