{
  "schema_version": "stage1.v1",
  "sample_name": "sample_000027",
  "sequence_index": 27,
  "previous_sample_name": "sample_000026",
  "frame_id": 60028,
  "timestamp": 437.7197007909417,
  "platform_timestamp": 16814573.2158651,
  "delta_seconds": 0.10000000149011612,
  "town": "Carla/Maps/Town10HD_Opt",
  "weather": {
    "cloudiness": 20.0,
    "dust_storm": 0.0,
    "fog_density": 2.0,
    "fog_distance": 0.75,
    "fog_falloff": 0.10000000149011612,
    "mie_scattering_scale": 0.029999999329447746,
    "precipitation": 0.0,
    "precipitation_deposits": 0.0,
    "rayleigh_scattering_scale": 0.03310000151395798,
    "scattering_intensity": 1.0,
    "sun_altitude_angle": 45.0,
    "sun_azimuth_angle": 300.0,
    "wetness": 0.0,
    "wind_intensity": 10.0
  },
  "sensor_names": [
    "CAM_FRONT",
    "CAM_FRONT_RIGHT",
    "CAM_FRONT_LEFT",
    "CAM_BACK",
    "CAM_BACK_LEFT",
    "CAM_BACK_RIGHT",
    "LIDAR_TOP",
    "RADAR_FRONT",
    "RADAR_FRONT_LEFT",
    "RADAR_FRONT_RIGHT",
    "RADAR_BACK_LEFT",
    "RADAR_BACK_RIGHT"
  ],
  "camera_order_for_model": [
    "CAM_FRONT",
    "CAM_FRONT_RIGHT",
    "CAM_FRONT_LEFT",
    "CAM_BACK",
    "CAM_BACK_LEFT",
    "CAM_BACK_RIGHT"
  ],
  "radar_order_for_model": [
    "RADAR_FRONT",
    "RADAR_FRONT_LEFT",
    "RADAR_FRONT_RIGHT",
    "RADAR_BACK_LEFT",
    "RADAR_BACK_RIGHT"
  ],
  "coordinate_notes": {
    "carla_world": "left-handed x-forward y-right z-up",
    "bevfusion_lidar": "x-forward y-left z-up",
    "camera_frame_for_model": "OpenCV style x-right y-down z-forward"
  },
  "ego": {
    "actor_id": 28,
    "transform_carla": {
      "location": {
        "x": 102.744140625,
        "y": -39.706058502197266,
        "z": -0.0038774870336055756
      },
      "rotation": {
        "roll": 0.6159241199493408,
        "pitch": -0.12466460466384888,
        "yaw": -112.82200622558594
      }
    },
    "velocity_carla": [
      -3.144340991973877,
      -7.02276086807251,
      -9.431838407181203e-06
    ],
    "angular_velocity_carla": [
      0.37332579493522644,
      -0.8801794052124023,
      -11.638068199157715
    ],
    "matrix_world_from_ego_carla": [
      [
        -0.387868732213974,
        0.9216700792312622,
        0.009064268320798874,
        102.744140625
      ],
      [
        -0.9217120409011841,
        -0.38782569766044617,
        -0.006174837239086628,
        -39.706058502197266
      ],
      [
        -0.00217580609023571,
        -0.010749670676887035,
        0.9999398589134216,
        -0.0038774870336055756
      ],
      [
        0.0,
        0.0,
        0.0,
        1.0
      ]
    ],
    "matrix_world_from_ego_bevfusion": [
      [
        -0.387868732213974,
        -0.9216700792312622,
        0.009064268320798874,
        102.744140625
      ],
      [
        0.9217120409011841,
        -0.38782569766044617,
        0.006174837239086628,
        39.706058502197266
      ],
      [
        -0.00217580609023571,
        0.010749670676887035,
        0.9999398589134216,
        -0.0038774870336055756
      ],
      [
        0.0,
        0.0,
        0.0,
        1.0
      ]
    ]
  },
  "sensors": {
    "CAM_FRONT": {
      "type_id": "sensor.camera.rgb",
      "blueprint_attributes": {
        "role_name": "front",
        "ros_name": "sensor.camera.rgb",
        "chromatic_aberration_offset": "0.0",
        "sensor_tick": "0.100000",
        "fstop": "1.4",
        "image_size_x": "960",
        "image_size_y": "540",
        "fov": "70.00",
        "lens_circle_falloff": "5.0",
        "lens_circle_multiplier": "0.0",
        "exposure_compensation": "0.0",
        "lens_y_size": "0.08",
        "lens_k": "-1.0",
        "exposure_mode": "histogram",
        "lens_kcube": "0.0",
        "lens_x_size": "0.08",
        "exposure_max_bright": "12.0",
        "shutter_speed": "200.0",
        "bloom_intensity": "0.675",
        "iso": "100.0",
        "enable_postprocess_effects": "false",
        "gamma": "2.2",
        "motion_blur_intensity": "0.0",
        "motion_blur_max_distortion": "0.35",
        "lens_flare_intensity": "0.1",
        "motion_blur_min_object_screen_size": "0.1",
        "exposure_min_bright": "10.0",
        "exposure_speed_up": "3.0",
        "exposure_speed_down": "1.0",
        "tint": "0.0",
        "calibration_constant": "16.0",
        "focal_distance": "1000.0",
        "min_fstop": "1.2",
        "blade_count": "5",
        "blur_amount": "0.0",
        "blur_radius": "0.0",
        "slope": "0.88",
        "toe": "0.55",
        "white_clip": "0.04",
        "shoulder": "0.26",
        "black_clip": "0.0",
        "temp": "6500.0",
        "chromatic_aberration_intensity": "0.0"
      },
      "transform_carla": {
        "location": {
          "x": 102.1583480834961,
          "y": -41.14521026611328,
          "z": 1.6926476955413818
        },
        "rotation": {
          "roll": 0.6159241199493408,
          "pitch": -0.12466460466384888,
          "yaw": -112.82200622558594
        }
      },
      "matrix_world_from_sensor_carla": [
        [
          -0.387868732213974,
          0.9216700792312622,
          0.009064268320798874,
          102.1583480834961
        ],
        [
          -0.9217120409011841,
          -0.38782569766044617,
          -0.006174837239086628,
          -41.14521026611328
        ],
        [
          -0.00217580609023571,
          -0.010749670676887035,
          0.9999398589134216,
          1.6926476955413818
        ],
        [
          0.0,
          0.0,
          0.0,
          1.0
        ]
      ],
      "matrix_world_from_sensor_bevfusion": [
        [
          0.9216700792312622,
          -0.009064268320798874,
          -0.387868732213974,
          102.1583480834961
        ],
        [
          0.38782569766044617,
          -0.006174837239086628,
          0.9217120409011841,
          41.14521026611328
        ],
        [
          -0.010749670676887035,
          -0.9999398589134216,
          -0.00217580609023571,
          1.6926476955413818
        ],
        [
          0.0,
          0.0,
          0.0,
          1.0
        ]
      ],
      "matrix_ego_from_sensor_carla": [
        [
          0.9999999403953552,
          1.143388406177337e-08,
          4.5487225097673445e-12,
          1.5500046014785767
        ],
        [
          -1.6037654759770703e-08,
          1.0,
          -7.722584793867782e-10,
          -7.62939453125e-06
        ],
        [
          -2.2830992651989845e-10,
          1.5900808447710801e-10,
          1.0,
          1.7000000476837158
        ],
        [
          0.0,
          0.0,
          0.0,
          1.0
        ]
      ],
      "matrix_ego_from_sensor_bevfusion": [
        [
          1.143388406177337e-08,
          -4.5487225097673445e-12,
          0.9999999403953552,
          1.5500046014785767
        ],
        [
          -1.0,
          -7.722584793867782e-10,
          1.6037654759770703e-08,
          7.62939453125e-06
        ],
        [
          1.5900808447710801e-10,
          -1.0,
          -2.2830992651989845e-10,
          1.7000000476837158
        ],
        [
          0.0,
          0.0,
          0.0,
          1.0
        ]
      ],
      "camera_intrinsics": [
        [
          685.5110473632812,
          0.0,
          480.0
        ],
        [
          0.0,
          685.5110473632812,
          270.0
        ],
        [
          0.0,
          0.0,
          1.0
        ]
      ],
      "data_path": "D:\\Agent-AI\\outputs\\s3a_ml_long_v2\\sample_000027\\images\\CAM_FRONT.png",
      "raw_layout": "bgra8"
    },
    "CAM_FRONT_RIGHT": {
      "type_id": "sensor.camera.rgb",
      "blueprint_attributes": {
        "role_name": "front",
        "ros_name": "sensor.camera.rgb",
        "chromatic_aberration_offset": "0.0",
        "sensor_tick": "0.100000",
        "fstop": "1.4",
        "image_size_x": "960",
        "image_size_y": "540",
        "fov": "70.00",
        "lens_circle_falloff": "5.0",
        "lens_circle_multiplier": "0.0",
        "exposure_compensation": "0.0",
        "lens_y_size": "0.08",
        "lens_k": "-1.0",
        "exposure_mode": "histogram",
        "lens_kcube": "0.0",
        "lens_x_size": "0.08",
        "exposure_max_bright": "12.0",
        "shutter_speed": "200.0",
        "bloom_intensity": "0.675",
        "iso": "100.0",
        "enable_postprocess_effects": "false",
        "gamma": "2.2",
        "motion_blur_intensity": "0.0",
        "motion_blur_max_distortion": "0.35",
        "lens_flare_intensity": "0.1",
        "motion_blur_min_object_screen_size": "0.1",
        "exposure_min_bright": "10.0",
        "exposure_speed_up": "3.0",
        "exposure_speed_down": "1.0",
        "tint": "0.0",
        "calibration_constant": "16.0",
        "focal_distance": "1000.0",
        "min_fstop": "1.2",
        "blade_count": "5",
        "blur_amount": "0.0",
        "blur_radius": "0.0",
        "slope": "0.88",
        "toe": "0.55",
        "white_clip": "0.04",
        "shoulder": "0.26",
        "black_clip": "0.0",
        "temp": "6500.0",
        "chromatic_aberration_intensity": "0.0"
      },
      "transform_carla": {
        "location": {
          "x": 102.76223754882812,
          "y": -41.12808609008789,
          "z": 1.6872793436050415
        },
        "rotation": {
          "roll": 0.25116655230522156,
          "pitch": -0.5760376453399658,
          "yaw": -57.822608947753906
        }
      },
      "matrix_world_from_sensor_carla": [
        [
          0.5325154066085815,
          0.8463717699050903,
          0.009064260870218277,
          102.76223754882812
        ],
        [
          -0.8463605642318726,
          0.5325745344161987,
          -0.006174815818667412,
          -41.12808609008789
        ],
        [
          -0.010053584352135658,
          -0.004383447580039501,
          0.9999398589134216,
          1.6872793436050415
        ],
        [
          0.0,
          0.0,
          0.0,
          1.0
        ]
      ],
      "matrix_world_from_sensor_bevfusion": [
        [
          0.8463717699050903,
          -0.009064260870218277,
          0.5325154066085815,
          102.76223754882812
        ],
        [
          -0.5325745344161987,
          -0.006174815818667412,
          0.8463605642318726,
          41.12808609008789
        ],
        [
          -0.004383447580039501,
          -0.9999398589134216,
          -0.010053584352135658,
          1.6872793436050415
        ],
        [
          0.0,
          0.0,
          0.0,
          1.0
        ]
      ],
      "matrix_ego_from_sensor_carla": [
        [
          0.5735765099525452,
          -0.8191519379615784,
          -1.699208773686678e-08,
          1.3000026941299438
        ],
        [
          0.8191518783569336,
          0.5735765695571899,
          -1.567341989527904e-08,
          0.5500030517578125
        ],
        [
          1.976290953109583e-08,
          -4.595601232892932e-09,
          1.0,
          1.7000000476837158
        ],
        [
          0.0,
          0.0,
          0.0,
          1.0
        ]
      ],
      "matrix_ego_from_sensor_bevfusion": [
        [
          -0.8191519379615784,
          1.699208773686678e-08,
          0.5735765099525452,
          1.3000026941299438
        ],
        [
          -0.5735765695571899,
          -1.567341989527904e-08,
          -0.8191518783569336,
          -0.5500030517578125
        ],
        [
          -4.595601232892932e-09,
          -1.0,
          1.976290953109583e-08,
          1.7000000476837158
        ],
        [
          0.0,
          0.0,
          0.0,
          1.0
        ]
      ],
      "camera_intrinsics": [
        [
          685.5110473632812,
          0.0,
          480.0
        ],
        [
          0.0,
          685.5110473632812,
          270.0
        ],
        [
          0.0,
          0.0,
          1.0
        ]
      ],
      "data_path": "D:\\Agent-AI\\outputs\\s3a_ml_long_v2\\sample_000027\\images\\CAM_FRONT_RIGHT.png",
      "raw_layout": "bgra8"
    },
    "CAM_FRONT_LEFT": {
      "type_id": "sensor.camera.rgb",
      "blueprint_attributes": {
        "role_name": "front",
        "ros_name": "sensor.camera.rgb",
        "chromatic_aberration_offset": "0.0",
        "sensor_tick": "0.100000",
        "fstop": "1.4",
        "image_size_x": "960",
        "image_size_y": "540",
        "fov": "70.00",
        "lens_circle_falloff": "5.0",
        "lens_circle_multiplier": "0.0",
        "exposure_compensation": "0.0",
        "lens_y_size": "0.08",
        "lens_k": "-1.0",
        "exposure_mode": "histogram",
        "lens_kcube": "0.0",
        "lens_x_size": "0.08",
        "exposure_max_bright": "12.0",
        "shutter_speed": "200.0",
        "bloom_intensity": "0.675",
        "iso": "100.0",
        "enable_postprocess_effects": "false",
        "gamma": "2.2",
        "motion_blur_intensity": "0.0",
        "motion_blur_max_distortion": "0.35",
        "lens_flare_intensity": "0.1",
        "motion_blur_min_object_screen_size": "0.1",
        "exposure_min_bright": "10.0",
        "exposure_speed_up": "3.0",
        "exposure_speed_down": "1.0",
        "tint": "0.0",
        "calibration_constant": "16.0",
        "focal_distance": "1000.0",
        "min_fstop": "1.2",
        "blade_count": "5",
        "blur_amount": "0.0",
        "blur_radius": "0.0",
        "slope": "0.88",
        "toe": "0.55",
        "white_clip": "0.04",
        "shoulder": "0.26",
        "black_clip": "0.0",
        "temp": "6500.0",
        "chromatic_aberration_intensity": "0.0"
      },
      "transform_carla": {
        "location": {
          "x": 101.74839782714844,
          "y": -40.70147705078125,
          "z": 1.6991039514541626
        },
        "rotation": {
          "roll": 0.45540860295295715,
          "pitch": 0.43302714824676514,
          "yaw": -167.81961059570312
        }
      },
      "matrix_world_from_sensor_carla": [
        [
          -0.9774602651596069,
          0.2109249383211136,
          0.009064320474863052,
          101.74839782714844
        ],
        [
          -0.21098430454730988,
          -0.9774699807167053,
          -0.006174819078296423,
          -40.70147705078125
        ],
        [
          0.0075576771050691605,
          -0.007948068901896477,
          0.9999398589134216,
          1.6991039514541626
        ],
        [
          0.0,
          0.0,
          0.0,
          1.0
        ]
      ],
      "matrix_world_from_sensor_bevfusion": [
        [
          0.2109249383211136,
          -0.009064320474863052,
          -0.9774602651596069,
          101.74839782714844
        ],
        [
          0.9774699807167053,
          -0.006174819078296423,
          0.21098430454730988,
          40.70147705078125
        ],
        [
          -0.007948068901896477,
          -0.9999398589134216,
          0.0075576771050691605,
          1.6991039514541626
        ],
        [
          0.0,
          0.0,
          0.0,
          1.0
        ]
      ],
      "matrix_ego_from_sensor_carla": [
        [
          0.5735766291618347,
          0.8191519379615784,
          -3.7015524867456406e-08,
          1.300000548362732
        ],
        [
          -0.8191519379615784,
          0.5735765695571899,
          4.113725893262199e-08,
          -0.5500030517578125
        ],
        [
          5.490653620654484e-08,
          5.8249547407740465e-09,
          1.0,
          1.7000000476837158
        ],
        [
          0.0,
          0.0,
          0.0,
          1.0
        ]
      ],
      "matrix_ego_from_sensor_bevfusion": [
        [
          0.8191519379615784,
          3.7015524867456406e-08,
          0.5735766291618347,
          1.300000548362732
        ],
        [
          -0.5735765695571899,
          4.113725893262199e-08,
          0.8191519379615784,
          0.5500030517578125
        ],
        [
          5.8249547407740465e-09,
          -1.0,
          5.490653620654484e-08,
          1.7000000476837158
        ],
        [
          0.0,
          0.0,
          0.0,
          1.0
        ]
      ],
      "camera_intrinsics": [
        [
          685.5110473632812,
          0.0,
          480.0
        ],
        [
          0.0,
          685.5110473632812,
          270.0
        ],
        [
          0.0,
          0.0,
          1.0
        ]
      ],
      "data_path": "D:\\Agent-AI\\outputs\\s3a_ml_long_v2\\sample_000027\\images\\CAM_FRONT_LEFT.png",
      "raw_layout": "bgra8"
    },
    "CAM_BACK": {
      "type_id": "sensor.camera.rgb",
      "blueprint_attributes": {
        "role_name": "front",
        "ros_name": "sensor.camera.rgb",
        "chromatic_aberration_offset": "0.0",
        "sensor_tick": "0.100000",
        "fstop": "1.4",
        "image_size_x": "960",
        "image_size_y": "540",
        "fov": "70.00",
        "lens_circle_falloff": "5.0",
        "lens_circle_multiplier": "0.0",
        "exposure_compensation": "0.0",
        "lens_y_size": "0.08",
        "lens_k": "-1.0",
        "exposure_mode": "histogram",
        "lens_kcube": "0.0",
        "lens_x_size": "0.08",
        "exposure_max_bright": "12.0",
        "shutter_speed": "200.0",
        "bloom_intensity": "0.675",
        "iso": "100.0",
        "enable_postprocess_effects": "false",
        "gamma": "2.2",
        "motion_blur_intensity": "0.0",
        "motion_blur_max_distortion": "0.35",
        "lens_flare_intensity": "0.1",
        "motion_blur_min_object_screen_size": "0.1",
        "exposure_min_bright": "10.0",
        "exposure_speed_up": "3.0",
        "exposure_speed_down": "1.0",
        "tint": "0.0",
        "calibration_constant": "16.0",
        "focal_distance": "1000.0",
        "min_fstop": "1.2",
        "blade_count": "5",
        "blur_amount": "0.0",
        "blur_radius": "0.0",
        "slope": "0.88",
        "toe": "0.55",
        "white_clip": "0.04",
        "shoulder": "0.26",
        "black_clip": "0.0",
        "temp": "6500.0",
        "chromatic_aberration_intensity": "0.0"
      },
      "transform_carla": {
        "location": {
          "x": 103.3607406616211,
          "y": -38.28790283203125,
          "z": 1.6993926763534546
        },
        "rotation": {
          "roll": -0.6159238815307617,
          "pitch": 0.12466460466384888,
          "yaw": 67.17799377441406
        }
      },
      "matrix_world_from_sensor_carla": [
        [
          0.3878687620162964,
          -0.9216700792312622,
          0.009064264595508575,
          103.3607406616211
        ],
        [
          0.9217120409011841,
          0.38782572746276855,
          -0.006174835376441479,
          -38.28790283203125
        ],
        [
          0.00217580609023571,
          0.010749666951596737,
          0.9999398589134216,
          1.6993926763534546
        ],
        [
          0.0,
          0.0,
          0.0,
          1.0
        ]
      ],
      "matrix_world_from_sensor_bevfusion": [
        [
          -0.9216700792312622,
          -0.009064264595508575,
          0.3878687620162964,
          103.3607406616211
        ],
        [
          -0.38782572746276855,
          -0.006174835376441479,
          -0.9217120409011841,
          38.28790283203125
        ],
        [
          0.010749666951596737,
          -0.9999398589134216,
          0.00217580609023571,
          1.6993926763534546
        ],
        [
          0.0,
          0.0,
          0.0,
          1.0
        ]
      ],
      "matrix_ego_from_sensor_carla": [
        [
          -0.9999999403953552,
          -3.8894338416639584e-08,
          -4.611125647979719e-10,
          -1.5499980449676514
        ],
        [
          4.5839975371109176e-08,
          -1.0,
          -4.497548999893297e-09,
          -7.62939453125e-06
        ],
        [
          4.611405701737681e-10,
          -3.884074395443804e-09,
          1.0,
          1.7000000476837158
        ],
        [
          0.0,
          0.0,
          0.0,
          1.0
        ]
      ],
      "matrix_ego_from_sensor_bevfusion": [
        [
          -3.8894338416639584e-08,
          4.611125647979719e-10,
          -0.9999999403953552,
          -1.5499980449676514
        ],
        [
          1.0,
          -4.497548999893297e-09,
          -4.5839975371109176e-08,
          7.62939453125e-06
        ],
        [
          -3.884074395443804e-09,
          -1.0,
          4.611405701737681e-10,
          1.7000000476837158
        ],
        [
          0.0,
          0.0,
          0.0,
          1.0
        ]
      ],
      "camera_intrinsics": [
        [
          685.5110473632812,
          0.0,
          480.0
        ],
        [
          0.0,
          685.5110473632812,
          270.0
        ],
        [
          0.0,
          0.0,
          1.0
        ]
      ],
      "data_path": "D:\\Agent-AI\\outputs\\s3a_ml_long_v2\\sample_000027\\images\\CAM_BACK.png",
      "raw_layout": "bgra8"
    },
    "CAM_BACK_LEFT": {
      "type_id": "sensor.camera.rgb",
      "blueprint_attributes": {
        "role_name": "front",
        "ros_name": "sensor.camera.rgb",
        "chromatic_aberration_offset": "0.0",
        "sensor_tick": "0.100000",
        "fstop": "1.4",
        "image_size_x": "960",
        "image_size_y": "540",
        "fov": "70.00",
        "lens_circle_falloff": "5.0",
        "lens_circle_multiplier": "0.0",
        "exposure_compensation": "0.0",
        "lens_y_size": "0.08",
        "lens_k": "-1.0",
        "exposure_mode": "histogram",
        "lens_kcube": "0.0",
        "lens_x_size": "0.08",
        "exposure_max_bright": "12.0",
        "shutter_speed": "200.0",
        "bloom_intensity": "0.675",
        "iso": "100.0",
        "enable_postprocess_effects": "false",
        "gamma": "2.2",
        "motion_blur_intensity": "0.0",
        "motion_blur_max_distortion": "0.35",
        "lens_flare_intensity": "0.1",
        "motion_blur_min_object_screen_size": "0.1",
        "exposure_min_bright": "10.0",
        "exposure_speed_up": "3.0",
        "exposure_speed_down": "1.0",
        "tint": "0.0",
        "calibration_constant": "16.0",
        "focal_distance": "1000.0",
        "min_fstop": "1.2",
        "blade_count": "5",
        "blur_amount": "0.0",
        "blur_radius": "0.0",
        "slope": "0.88",
        "toe": "0.55",
        "white_clip": "0.04",
        "shoulder": "0.26",
        "black_clip": "0.0",
        "temp": "6500.0",
        "chromatic_aberration_intensity": "0.0"
      },
      "transform_carla": {
        "location": {
          "x": 102.75686645507812,
          "y": -38.30502700805664,
          "z": 1.704761028289795
        },
        "rotation": {
          "roll": -0.251166433095932,
          "pitch": 0.5760376453399658,
          "yaw": 122.17740631103516
        }
      },
      "matrix_world_from_sensor_carla": [
        [
          -0.5325155258178711,
          -0.8463717103004456,
          0.009064259938895702,
          102.75686645507812
        ],
        [
          0.8463605046272278,
          -0.5325746536254883,
          -0.006174816284328699,
          -38.30502700805664
        ],
        [
          0.010053584352135658,
          0.004383445717394352,
          0.9999398589134216,
          1.704761028289795
        ],
        [
          0.0,
          0.0,
          0.0,
          1.0
        ]
      ],
      "matrix_world_from_sensor_bevfusion": [
        [
          -0.8463717103004456,
          -0.009064259938895702,
          -0.5325155258178711,
          102.75686645507812
        ],
        [
          0.5325746536254883,
          -0.006174816284328699,
          -0.8463605046272278,
          38.30502700805664
        ],
        [
          0.004383445717394352,
          -0.9999398589134216,
          0.010053584352135658,
          1.704761028289795
        ],
        [
          0.0,
          0.0,
          0.0,
          1.0
        ]
      ],
      "matrix_ego_from_sensor_carla": [
        [
          -0.5735763907432556,
          0.8191520571708679,
          -1.60607651622513e-08,
          -1.2999999523162842
        ],
        [
          -0.8191519975662231,
          -0.5735764503479004,
          -1.567341989527904e-08,
          -0.5499954223632812
        ],
        [
          -2.0694232105711308e-08,
          4.130051856066075e-09,
          1.0,
          1.7000000476837158
        ],
        [
          0.0,
          0.0,
          0.0,
          1.0
        ]
      ],
      "matrix_ego_from_sensor_bevfusion": [
        [
          0.8191520571708679,
          1.60607651622513e-08,
          -0.5735763907432556,
          -1.2999999523162842
        ],
        [
          0.5735764503479004,
          -1.567341989527904e-08,
          0.8191519975662231,
          0.5499954223632812
        ],
        [
          4.130051856066075e-09,
          -1.0,
          -2.0694232105711308e-08,
          1.7000000476837158
        ],
        [
          0.0,
          0.0,
          0.0,
          1.0
        ]
      ],
      "camera_intrinsics": [
        [
          685.5110473632812,
          0.0,
          480.0
        ],
        [
          0.0,
          685.5110473632812,
          270.0
        ],
        [
          0.0,
          0.0,
          1.0
        ]
      ],
      "data_path": "D:\\Agent-AI\\outputs\\s3a_ml_long_v2\\sample_000027\\images\\CAM_BACK_LEFT.png",
      "raw_layout": "bgra8"
    },
    "CAM_BACK_RIGHT": {
      "type_id": "sensor.camera.rgb",
      "blueprint_attributes": {
        "role_name": "front",
        "ros_name": "sensor.camera.rgb",
        "chromatic_aberration_offset": "0.0",
        "sensor_tick": "0.100000",
        "fstop": "1.4",
        "image_size_x": "960",
        "image_size_y": "540",
        "fov": "70.00",
        "lens_circle_falloff": "5.0",
        "lens_circle_multiplier": "0.0",
        "exposure_compensation": "0.0",
        "lens_y_size": "0.08",
        "lens_k": "-1.0",
        "exposure_mode": "histogram",
        "lens_kcube": "0.0",
        "lens_x_size": "0.08",
        "exposure_max_bright": "12.0",
        "shutter_speed": "200.0",
        "bloom_intensity": "0.675",
        "iso": "100.0",
        "enable_postprocess_effects": "false",
        "gamma": "2.2",
        "motion_blur_intensity": "0.0",
        "motion_blur_max_distortion": "0.35",
        "lens_flare_intensity": "0.1",
        "motion_blur_min_object_screen_size": "0.1",
        "exposure_min_bright": "10.0",
        "exposure_speed_up": "3.0",
        "exposure_speed_down": "1.0",
        "tint": "0.0",
        "calibration_constant": "16.0",
        "focal_distance": "1000.0",
        "min_fstop": "1.2",
        "blade_count": "5",
        "blur_amount": "0.0",
        "blur_radius": "0.0",
        "slope": "0.88",
        "toe": "0.55",
        "white_clip": "0.04",
        "shoulder": "0.26",
        "black_clip": "0.0",
        "temp": "6500.0",
        "chromatic_aberration_intensity": "0.0"
      },
      "transform_carla": {
        "location": {
          "x": 103.77069854736328,
          "y": -38.73163604736328,
          "z": 1.6929364204406738
        },
        "rotation": {
          "roll": -0.4554085433483124,
          "pitch": -0.43302714824676514,
          "yaw": 12.180374145507812
        }
      },
      "matrix_world_from_sensor_carla": [
        [
          0.9774603247642517,
          -0.21092459559440613,
          0.009064317680895329,
          103.77069854736328
        ],
        [
          0.21098396182060242,
          0.9774700403213501,
          -0.006174820475280285,
          -38.73163604736328
        ],
        [
          -0.0075576771050691605,
          0.007948067039251328,
          0.9999398589134216,
          1.6929364204406738
        ],
        [
          0.0,
          0.0,
          0.0,
          1.0
        ]
      ],
      "matrix_world_from_sensor_bevfusion": [
        [
          -0.21092459559440613,
          -0.009064317680895329,
          0.9774603247642517,
          103.77069854736328
        ],
        [
          -0.9774700403213501,
          -0.006174820475280285,
          -0.21098396182060242,
          38.73163604736328
        ],
        [
          0.007948067039251328,
          -0.9999398589134216,
          -0.0075576771050691605,
          1.6929364204406738
        ],
        [
          0.0,
          0.0,
          0.0,
          1.0
        ]
      ],
      "matrix_ego_from_sensor_carla": [
        [
          -0.5735763311386108,
          -0.8191521167755127,
          -3.468721843091771e-08,
          -1.2999980449676514
        ],
        [
          0.8191521167755127,
          -0.5735762715339661,
          3.8343291208775554e-08,
          0.5500030517578125
        ],
        [
          -5.2578229770006146e-08,
          -5.824842830293164e-09,
          1.0,
          1.7000000476837158
        ],
        [
          0.0,
          0.0,
          0.0,
          1.0
        ]
      ],
      "matrix_ego_from_sensor_bevfusion": [
        [
          -0.8191521167755127,
          3.468721843091771e-08,
          -0.5735763311386108,
          -1.2999980449676514
        ],
        [
          0.5735762715339661,
          3.8343291208775554e-08,
          -0.8191521167755127,
          -0.5500030517578125
        ],
        [
          -5.824842830293164e-09,
          -1.0,
          -5.2578229770006146e-08,
          1.7000000476837158
        ],
        [
          0.0,
          0.0,
          0.0,
          1.0
        ]
      ],
      "camera_intrinsics": [
        [
          685.5110473632812,
          0.0,
          480.0
        ],
        [
          0.0,
          685.5110473632812,
          270.0
        ],
        [
          0.0,
          0.0,
          1.0
        ]
      ],
      "data_path": "D:\\Agent-AI\\outputs\\s3a_ml_long_v2\\sample_000027\\images\\CAM_BACK_RIGHT.png",
      "raw_layout": "bgra8"
    },
    "LIDAR_TOP": {
      "type_id": "sensor.lidar.ray_cast",
      "blueprint_attributes": {
        "atmosphere_attenuation_rate": "0.004",
        "role_name": "front",
        "noise_seed": "0",
        "upper_fov": "10.0",
        "ros_name": "sensor.lidar.ray_cast",
        "sensor_tick": "0.100000",
        "channels": "32",
        "range": "120.0",
        "points_per_second": "360000",
        "lower_fov": "-30.0",
        "rotation_frequency": "10.000000",
        "horizontal_fov": "360.0",
        "dropoff_general_rate": "0.0",
        "dropoff_intensity_limit": "1.0",
        "noise_stddev": "0.0",
        "dropoff_zero_intensity": "0.0"
      },
      "transform_carla": {
        "location": {
          "x": 102.76407623291016,
          "y": -39.719642639160156,
          "z": 2.1959903240203857
        },
        "rotation": {
          "roll": 0.6159241199493408,
          "pitch": -0.12466460466384888,
          "yaw": -112.82200622558594
        }
      },
      "matrix_world_from_sensor_carla": [
        [
          -0.387868732213974,
          0.9216700792312622,
          0.009064268320798874,
          102.76407623291016
        ],
        [
          -0.9217120409011841,
          -0.38782569766044617,
          -0.006174837239086628,
          -39.719642639160156
        ],
        [
          -0.00217580609023571,
          -0.010749670676887035,
          0.9999398589134216,
          2.1959903240203857
        ],
        [
          0.0,
          0.0,
          0.0,
          1.0
        ]
      ],
      "matrix_world_from_sensor_bevfusion": [
        [
          -0.387868732213974,
          -0.9216700792312622,
          0.009064268320798874,
          102.76407623291016
        ],
        [
          0.9217120409011841,
          -0.38782569766044617,
          0.006174837239086628,
          39.719642639160156
        ],
        [
          -0.00217580609023571,
          0.010749670676887035,
          0.9999398589134216,
          2.1959903240203857
        ],
        [
          0.0,
          0.0,
          0.0,
          1.0
        ]
      ],
      "matrix_ego_from_sensor_carla": [
        [
          0.9999999403953552,
          1.143388406177337e-08,
          4.5487225097673445e-12,
          3.0994415283203125e-06
        ],
        [
          -1.6037654759770703e-08,
          1.0,
          -7.722584793867782e-10,
          -7.62939453125e-06
        ],
        [
          -2.2830992651989845e-10,
          1.5900808447710801e-10,
          1.0,
          2.200000286102295
        ],
        [
          0.0,
          0.0,
          0.0,
          1.0
        ]
      ],
      "matrix_ego_from_sensor_bevfusion": [
        [
          0.9999999403953552,
          -1.143388406177337e-08,
          4.5487225097673445e-12,
          3.0994415283203125e-06
        ],
        [
          1.6037654759770703e-08,
          1.0,
          7.722584793867782e-10,
          7.62939453125e-06
        ],
        [
          -2.2830992651989845e-10,
          -1.5900808447710801e-10,
          1.0,
          2.200000286102295
        ],
        [
          0.0,
          0.0,
          0.0,
          1.0
        ]
      ],
      "data_path": "D:\\Agent-AI\\outputs\\s3a_ml_long_v2\\sample_000027\\lidar\\LIDAR_TOP.npy",
      "raw_layout": [
        "x",
        "y",
        "z",
        "intensity"
      ]
    },
    "RADAR_FRONT": {
      "type_id": "sensor.other.radar",
      "blueprint_attributes": {
        "sensor_tick": "0.100000",
        "role_name": "default",
        "noise_seed": "0",
        "ros_name": "sensor.other.radar",
        "horizontal_fov": "35.0",
        "points_per_second": "1500",
        "vertical_fov": "20.0",
        "range": "120.0"
      },
      "transform_carla": {
        "location": {
          "x": 101.9765625,
          "y": -41.55503845214844,
          "z": 0.891716718673706
        },
        "rotation": {
          "roll": 0.6159241199493408,
          "pitch": -0.12466460466384888,
          "yaw": -112.82200622558594
        }
      },
      "matrix_world_from_sensor_carla": [
        [
          -0.387868732213974,
          0.9216700792312622,
          0.009064268320798874,
          101.9765625
        ],
        [
          -0.9217120409011841,
          -0.38782569766044617,
          -0.006174837239086628,
          -41.55503845214844
        ],
        [
          -0.00217580609023571,
          -0.010749670676887035,
          0.9999398589134216,
          0.891716718673706
        ],
        [
          0.0,
          0.0,
          0.0,
          1.0
        ]
      ],
      "matrix_world_from_sensor_bevfusion": [
        [
          -0.387868732213974,
          -0.9216700792312622,
          0.009064268320798874,
          101.9765625
        ],
        [
          0.9217120409011841,
          -0.38782569766044617,
          0.006174837239086628,
          41.55503845214844
        ],
        [
          -0.00217580609023571,
          0.010749670676887035,
          0.9999398589134216,
          0.891716718673706
        ],
        [
          0.0,
          0.0,
          0.0,
          1.0
        ]
      ],
      "matrix_ego_from_sensor_carla": [
        [
          0.9999999403953552,
          1.143388406177337e-08,
          4.5487225097673445e-12,
          1.999997854232788
        ],
        [
          -1.6037654759770703e-08,
          1.0,
          -7.722584793867782e-10,
          0.0
        ],
        [
          -2.2830992651989845e-10,
          1.5900808447710801e-10,
          1.0,
          0.9000000953674316
        ],
        [
          0.0,
          0.0,
          0.0,
          1.0
        ]
      ],
      "matrix_ego_from_sensor_bevfusion": [
        [
          0.9999999403953552,
          -1.143388406177337e-08,
          4.5487225097673445e-12,
          1.999997854232788
        ],
        [
          1.6037654759770703e-08,
          1.0,
          7.722584793867782e-10,
          0.0
        ],
        [
          -2.2830992651989845e-10,
          -1.5900808447710801e-10,
          1.0,
          0.9000000953674316
        ],
        [
          0.0,
          0.0,
          0.0,
          1.0
        ]
      ],
      "data_path": "D:\\Agent-AI\\outputs\\s3a_ml_long_v2\\sample_000027\\radar\\RADAR_FRONT.npy",
      "raw_layout": [
        "velocity",
        "altitude",
        "azimuth",
        "depth"
      ]
    },
    "RADAR_FRONT_LEFT": {
      "type_id": "sensor.other.radar",
      "blueprint_attributes": {
        "sensor_tick": "0.100000",
        "role_name": "default",
        "noise_seed": "0",
        "ros_name": "sensor.other.radar",
        "horizontal_fov": "35.0",
        "points_per_second": "1500",
        "vertical_fov": "20.0",
        "range": "120.0"
      },
      "transform_carla": {
        "location": {
          "x": 101.42105865478516,
          "y": -40.94157028198242,
          "z": 0.9005405306816101
        },
        "rotation": {
          "roll": 0.5236825346946716,
          "pitch": 0.3473629057407379,
          "yaw": -157.8197784423828
        }
      },
      "matrix_world_from_sensor_carla": [
        [
          -0.9259839057922363,
          0.3774541914463043,
          0.00906421896070242,
          101.42105865478516
        ],
        [
          -0.3775143325328827,
          -0.9259831309318542,
          -0.006174854934215546,
          -40.94157028198242
        ],
        [
          0.00606258912011981,
          -0.00913968961685896,
          0.9999398589134216,
          0.9005405306816101
        ],
        [
          0.0,
          0.0,
          0.0,
          1.0
        ]
      ],
      "matrix_world_from_sensor_bevfusion": [
        [
          -0.9259839057922363,
          -0.3774541914463043,
          0.00906421896070242,
          101.42105865478516
        ],
        [
          0.3775143325328827,
          -0.9259831309318542,
          0.006174854934215546,
          40.94157028198242
        ],
        [
          0.00606258912011981,
          0.00913968961685896,
          0.9999398589134216,
          0.9005405306816101
        ],
        [
          0.0,
          0.0,
          0.0,
          1.0
        ]
      ],
      "matrix_ego_from_sensor_carla": [
        [
          0.7071065306663513,
          0.7071070671081543,
          3.539480530889705e-08,
          1.6499993801116943
        ],
        [
          -0.7071070075035095,
          0.7071064710617065,
          -3.895648248430916e-08,
          -0.7500152587890625
        ],
        [
          -5.2151971630109983e-08,
          1.9054552380382006e-10,
          1.0,
          0.9000000953674316
        ],
        [
          0.0,
          0.0,
          0.0,
          1.0
        ]
      ],
      "matrix_ego_from_sensor_bevfusion": [
        [
          0.7071065306663513,
          -0.7071070671081543,
          3.539480530889705e-08,
          1.6499993801116943
        ],
        [
          0.7071070075035095,
          0.7071064710617065,
          3.895648248430916e-08,
          0.7500152587890625
        ],
        [
          -5.2151971630109983e-08,
          -1.9054552380382006e-10,
          1.0,
          0.9000000953674316
        ],
        [
          0.0,
          0.0,
          0.0,
          1.0
        ]
      ],
      "data_path": "D:\\Agent-AI\\outputs\\s3a_ml_long_v2\\sample_000027\\radar\\RADAR_FRONT_LEFT.npy",
      "raw_layout": [
        "velocity",
        "altitude",
        "azimuth",
        "depth"
      ]
    },
    "RADAR_FRONT_RIGHT": {
      "type_id": "sensor.other.radar",
      "blueprint_attributes": {
        "sensor_tick": "0.100000",
        "role_name": "default",
        "noise_seed": "0",
