{
  "schema_version": "stage1.v1",
  "sample_name": "sample_000017",
  "sequence_index": 17,
  "previous_sample_name": "sample_000016",
  "frame_id": 60018,
  "timestamp": 436.71970077604055,
  "platform_timestamp": 16814568.5861703,
  "delta_seconds": 0.10000000149011612,
  "town": "Carla/Maps/Town10HD_Opt",
  "weather": {
    "cloudiness": 20.0,
    "dust_storm": 0.0,
    "fog_density": 2.0,
    "fog_distance": 0.75,
    "fog_falloff": 0.10000000149011612,
    "mie_scattering_scale": 0.029999999329447746,
    "precipitation": 0.0,
    "precipitation_deposits": 0.0,
    "rayleigh_scattering_scale": 0.03310000151395798,
    "scattering_intensity": 1.0,
    "sun_altitude_angle": 45.0,
    "sun_azimuth_angle": 300.0,
    "wetness": 0.0,
    "wind_intensity": 10.0
  },
  "sensor_names": [
    "CAM_FRONT",
    "CAM_FRONT_RIGHT",
    "CAM_FRONT_LEFT",
    "CAM_BACK",
    "CAM_BACK_LEFT",
    "CAM_BACK_RIGHT",
    "LIDAR_TOP",
    "RADAR_FRONT",
    "RADAR_FRONT_LEFT",
    "RADAR_FRONT_RIGHT",
    "RADAR_BACK_LEFT",
    "RADAR_BACK_RIGHT"
  ],
  "camera_order_for_model": [
    "CAM_FRONT",
    "CAM_FRONT_RIGHT",
    "CAM_FRONT_LEFT",
    "CAM_BACK",
    "CAM_BACK_LEFT",
    "CAM_BACK_RIGHT"
  ],
  "radar_order_for_model": [
    "RADAR_FRONT",
    "RADAR_FRONT_LEFT",
    "RADAR_FRONT_RIGHT",
    "RADAR_BACK_LEFT",
    "RADAR_BACK_RIGHT"
  ],
  "coordinate_notes": {
    "carla_world": "left-handed x-forward y-right z-up",
    "bevfusion_lidar": "x-forward y-left z-up",
    "camera_frame_for_model": "OpenCV style x-right y-down z-forward"
  },
  "ego": {
    "actor_id": 28,
    "transform_carla": {
      "location": {
        "x": 105.20468139648438,
        "y": -32.31193161010742,
        "z": -0.003603172255679965
      },
      "rotation": {
        "roll": 0.6125542521476746,
        "pitch": -0.19821207225322723,
        "yaw": -102.23139953613281
      }
    },
    "velocity_carla": [
      -1.7545437812805176,
      -7.298548221588135,
      -2.3250579033629037e-05
    ],
    "angular_velocity_carla": [
      1.4601575136184692,
      -1.1809378862380981,
      -10.530014991760254
    ],
    "matrix_world_from_ego_carla": [
      [
        -0.2118590921163559,
        0.9772518873214722,
        0.009715323336422443,
        105.20468139648438
      ],
      [
        -0.9772940874099731,
        -0.2118120938539505,
        -0.005645697936415672,
        -32.31193161010742
      ],
      [
        -0.0034594463650137186,
        -0.010690821334719658,
        0.9999368786811829,
        -0.003603172255679965
      ],
      [
        0.0,
        0.0,
        0.0,
        1.0
      ]
    ],
    "matrix_world_from_ego_bevfusion": [
      [
        -0.2118590921163559,
        -0.9772518873214722,
        0.009715323336422443,
        105.20468139648438
      ],
      [
        0.9772940874099731,
        -0.2118120938539505,
        0.005645697936415672,
        32.31193161010742
      ],
      [
        -0.0034594463650137186,
        0.010690821334719658,
        0.9999368786811829,
        -0.003603172255679965
      ],
      [
        0.0,
        0.0,
        0.0,
        1.0
      ]
    ]
  },
  "sensors": {
    "CAM_FRONT": {
      "type_id": "sensor.camera.rgb",
      "blueprint_attributes": {
        "role_name": "front",
        "ros_name": "sensor.camera.rgb",
        "chromatic_aberration_offset": "0.0",
        "sensor_tick": "0.100000",
        "fstop": "1.4",
        "image_size_x": "960",
        "image_size_y": "540",
        "fov": "70.00",
        "lens_circle_falloff": "5.0",
        "lens_circle_multiplier": "0.0",
        "exposure_compensation": "0.0",
        "lens_y_size": "0.08",
        "lens_k": "-1.0",
        "exposure_mode": "histogram",
        "lens_kcube": "0.0",
        "lens_x_size": "0.08",
        "exposure_max_bright": "12.0",
        "shutter_speed": "200.0",
        "bloom_intensity": "0.675",
        "iso": "100.0",
        "enable_postprocess_effects": "false",
        "gamma": "2.2",
        "motion_blur_intensity": "0.0",
        "motion_blur_max_distortion": "0.35",
        "lens_flare_intensity": "0.1",
        "motion_blur_min_object_screen_size": "0.1",
        "exposure_min_bright": "10.0",
        "exposure_speed_up": "3.0",
        "exposure_speed_down": "1.0",
        "tint": "0.0",
        "calibration_constant": "16.0",
        "focal_distance": "1000.0",
        "min_fstop": "1.2",
        "blade_count": "5",
        "blur_amount": "0.0",
        "blur_radius": "0.0",
        "slope": "0.88",
        "toe": "0.55",
        "white_clip": "0.04",
        "shoulder": "0.26",
        "black_clip": "0.0",
        "temp": "6500.0",
        "chromatic_aberration_intensity": "0.0"
      },
      "transform_carla": {
        "location": {
          "x": 104.892822265625,
          "y": -33.83633804321289,
          "z": 1.6909273862838745
        },
        "rotation": {
          "roll": 0.6125542521476746,
          "pitch": -0.19821207225322723,
          "yaw": -102.23139953613281
        }
      },
      "matrix_world_from_sensor_carla": [
        [
          -0.2118590921163559,
          0.9772518873214722,
          0.009715323336422443,
          104.892822265625
        ],
        [
          -0.9772940874099731,
          -0.2118120938539505,
          -0.005645697936415672,
          -33.83633804321289
        ],
        [
          -0.0034594463650137186,
          -0.010690821334719658,
          0.9999368786811829,
          1.6909273862838745
        ],
        [
          0.0,
          0.0,
          0.0,
          1.0
        ]
      ],
      "matrix_world_from_sensor_bevfusion": [
        [
          0.9772518873214722,
          -0.009715323336422443,
          -0.2118590921163559,
          104.892822265625
        ],
        [
          0.2118120938539505,
          -0.005645697936415672,
          0.9772940874099731,
          33.83633804321289
        ],
        [
          -0.010690821334719658,
          -0.9999368786811829,
          -0.0034594463650137186,
          1.6909273862838745
        ],
        [
          0.0,
          0.0,
          0.0,
          1.0
        ]
      ],
      "matrix_ego_from_sensor_carla": [
        [
          1.0,
          -7.673904178773228e-09,
          -3.034150708458583e-11,
          1.5500001907348633
        ],
        [
          6.55308207697658e-09,
          1.0,
          -3.901247103144101e-10,
          7.62939453125e-06
        ],
        [
          -3.032681050729735e-11,
          -3.901247103144101e-10,
          1.0,
          1.7000001668930054
        ],
        [
          0.0,
          0.0,
          0.0,
          1.0
        ]
      ],
      "matrix_ego_from_sensor_bevfusion": [
        [
          -7.673904178773228e-09,
          3.034150708458583e-11,
          1.0,
          1.5500001907348633
        ],
        [
          -1.0,
          -3.901247103144101e-10,
          -6.55308207697658e-09,
          -7.62939453125e-06
        ],
        [
          -3.901247103144101e-10,
          -1.0,
          -3.032681050729735e-11,
          1.7000001668930054
        ],
        [
          0.0,
          0.0,
          0.0,
          1.0
        ]
      ],
      "camera_intrinsics": [
        [
          685.5110473632812,
          0.0,
          480.0
        ],
        [
          0.0,
          685.5110473632812,
          270.0
        ],
        [
          0.0,
          0.0,
          1.0
        ]
      ],
      "data_path": "D:\\Agent-AI\\outputs\\s3a_ml_long_v2\\sample_000017\\images\\CAM_FRONT.png",
      "raw_layout": "bgra8"
    },
    "CAM_FRONT_RIGHT": {
      "type_id": "sensor.camera.rgb",
      "blueprint_attributes": {
        "role_name": "front",
        "ros_name": "sensor.camera.rgb",
        "chromatic_aberration_offset": "0.0",
        "sensor_tick": "0.100000",
        "fstop": "1.4",
        "image_size_x": "960",
        "image_size_y": "540",
        "fov": "70.00",
        "lens_circle_falloff": "5.0",
        "lens_circle_multiplier": "0.0",
        "exposure_compensation": "0.0",
        "lens_y_size": "0.08",
        "lens_k": "-1.0",
        "exposure_mode": "histogram",
        "lens_kcube": "0.0",
        "lens_x_size": "0.08",
        "exposure_max_bright": "12.0",
        "shutter_speed": "200.0",
        "bloom_intensity": "0.675",
        "iso": "100.0",
        "enable_postprocess_effects": "false",
        "gamma": "2.2",
        "motion_blur_intensity": "0.0",
        "motion_blur_max_distortion": "0.35",
        "lens_flare_intensity": "0.1",
        "motion_blur_min_object_screen_size": "0.1",
        "exposure_min_bright": "10.0",
        "exposure_speed_up": "3.0",
        "exposure_speed_down": "1.0",
        "tint": "0.0",
        "calibration_constant": "16.0",
        "focal_distance": "1000.0",
        "min_fstop": "1.2",
        "blade_count": "5",
        "blur_amount": "0.0",
        "blur_radius": "0.0",
        "slope": "0.88",
        "toe": "0.55",
        "white_clip": "0.04",
        "shoulder": "0.26",
        "black_clip": "0.0",
        "temp": "6500.0",
        "chromatic_aberration_intensity": "0.0"
      },
      "transform_carla": {
        "location": {
          "x": 105.48326873779297,
          "y": -33.70851135253906,
          "z": 1.6859121322631836
        },
        "rotation": {
          "roll": 0.18898406624794006,
          "pitch": -0.6154614686965942,
          "yaw": -47.23133087158203
        }
      },
      "matrix_world_from_sensor_carla": [
        [
          0.6790007948875427,
          0.7340732216835022,
          0.009715301916003227,
          105.48326873779297
        ],
        [
          -0.7340589165687561,
          0.6790622472763062,
          -0.005645658355206251,
          -33.70851135253906
        ],
        [
          -0.010741622187197208,
          -0.0032981978729367256,
          0.9999368786811829,
          1.6859121322631836
        ],
        [
          0.0,
          0.0,
          0.0,
          1.0
        ]
      ],
      "matrix_world_from_sensor_bevfusion": [
        [
          0.7340732216835022,
          -0.009715301916003227,
          0.6790007948875427,
          105.48326873779297
        ],
        [
          -0.6790622472763062,
          -0.005645658355206251,
          0.7340589165687561,
          33.70851135253906
        ],
        [
          -0.0032981978729367256,
          -0.9999368786811829,
          -0.010741622187197208,
          1.6859121322631836
        ],
        [
          0.0,
          0.0,
          0.0,
          1.0
        ]
      ],
      "matrix_ego_from_sensor_carla": [
        [
          0.5735760927200317,
          -0.8191522359848022,
          -3.425644479193579e-08,
          1.3000011444091797
        ],
        [
          0.819152295589447,
          0.5735761523246765,
          -2.9261125078505756e-08,
          0.5500030517578125
        ],
        [
          4.3794685211651085e-08,
          -1.0674205519478619e-08,
          1.0,
          1.6999999284744263
        ],
        [
          0.0,
          0.0,
          0.0,
          1.0
        ]
      ],
      "matrix_ego_from_sensor_bevfusion": [
        [
          -0.8191522359848022,
          3.425644479193579e-08,
          0.5735760927200317,
          1.3000011444091797
        ],
        [
          -0.5735761523246765,
          -2.9261125078505756e-08,
          -0.819152295589447,
          -0.5500030517578125
        ],
        [
          -1.0674205519478619e-08,
          -1.0,
          4.3794685211651085e-08,
          1.6999999284744263
        ],
        [
          0.0,
          0.0,
          0.0,
          1.0
        ]
      ],
      "camera_intrinsics": [
        [
          685.5110473632812,
          0.0,
          480.0
        ],
        [
          0.0,
          685.5110473632812,
          270.0
        ],
        [
          0.0,
          0.0,
          1.0
        ]
      ],
      "data_path": "D:\\Agent-AI\\outputs\\s3a_ml_long_v2\\sample_000017\\images\\CAM_FRONT_RIGHT.png",
      "raw_layout": "bgra8"
    },
    "CAM_FRONT_LEFT": {
      "type_id": "sensor.camera.rgb",
      "blueprint_attributes": {
        "role_name": "front",
        "ros_name": "sensor.camera.rgb",
        "chromatic_aberration_offset": "0.0",
        "sensor_tick": "0.100000",
        "fstop": "1.4",
        "image_size_x": "960",
        "image_size_y": "540",
        "fov": "70.00",
        "lens_circle_falloff": "5.0",
        "lens_circle_multiplier": "0.0",
        "exposure_compensation": "0.0",
        "lens_y_size": "0.08",
        "lens_k": "-1.0",
        "exposure_mode": "histogram",
        "lens_kcube": "0.0",
        "lens_x_size": "0.08",
        "exposure_max_bright": "12.0",
        "shutter_speed": "200.0",
        "bloom_intensity": "0.675",
        "iso": "100.0",
        "enable_postprocess_effects": "false",
        "gamma": "2.2",
        "motion_blur_intensity": "0.0",
        "motion_blur_max_distortion": "0.35",
        "lens_flare_intensity": "0.1",
        "motion_blur_min_object_screen_size": "0.1",
        "exposure_min_bright": "10.0",
        "exposure_speed_up": "3.0",
        "exposure_speed_down": "1.0",
        "tint": "0.0",
        "calibration_constant": "16.0",
        "focal_distance": "1000.0",
        "min_fstop": "1.2",
        "blade_count": "5",
        "blur_amount": "0.0",
        "blur_radius": "0.0",
        "slope": "0.88",
        "toe": "0.55",
        "white_clip": "0.04",
        "shoulder": "0.26",
        "black_clip": "0.0",
        "temp": "6500.0",
        "chromatic_aberration_intensity": "0.0"
      },
      "transform_carla": {
        "location": {
          "x": 104.40829467773438,
          "y": -33.47551727294922,
          "z": 1.6976721286773682
        },
        "rotation": {
          "roll": 0.5137216448783875,
          "pitch": 0.38807767629623413,
          "yaw": -157.2285919189453
        }
      },
      "matrix_world_from_sensor_carla": [
        [
          -0.922035276889801,
          0.3869839608669281,
          0.009715349413454533,
          104.40829467773438
        ],
        [
          -0.3870466351509094,
          -0.9220429062843323,
          -0.005645678844302893,
          -33.47551727294922
        ],
        [
          0.006773181259632111,
          -0.008965807966887951,
          0.9999368786811829,
          1.6976721286773682
        ],
        [
          0.0,
          0.0,
          0.0,
          1.0
        ]
      ],
      "matrix_world_from_sensor_bevfusion": [
        [
          0.3869839608669281,
          -0.009715349413454533,
          -0.922035276889801,
          104.40829467773438
        ],
        [
          0.9220429062843323,
          -0.005645678844302893,
          0.3870466351509094,
          33.47551727294922
        ],
        [
          -0.008965807966887951,
          -0.9999368786811829,
          0.006773181259632111,
          1.6976721286773682
        ],
        [
          0.0,
          0.0,
          0.0,
          1.0
        ]
      ],
      "matrix_ego_from_sensor_carla": [
        [
          0.5735765099525452,
          0.8191519975662231,
          -2.4244728891176237e-08,
          1.3000011444091797
        ],
        [
          -0.8191519975662231,
          0.5735765695571899,
          2.0098971376114605e-08,
          -0.5499954223632812
        ],
        [
          3.1144235634883444e-08,
          9.00272389969814e-09,
          1.0,
          1.6999999284744263
        ],
        [
          0.0,
          0.0,
          0.0,
          1.0
        ]
      ],
      "matrix_ego_from_sensor_bevfusion": [
        [
          0.8191519975662231,
          2.4244728891176237e-08,
          0.5735765099525452,
          1.3000011444091797
        ],
        [
          -0.5735765695571899,
          2.0098971376114605e-08,
          0.8191519975662231,
          0.5499954223632812
        ],
        [
          9.00272389969814e-09,
          -1.0,
          3.1144235634883444e-08,
          1.6999999284744263
        ],
        [
          0.0,
          0.0,
          0.0,
          1.0
        ]
      ],
      "camera_intrinsics": [
        [
          685.5110473632812,
          0.0,
          480.0
        ],
        [
          0.0,
          685.5110473632812,
          270.0
        ],
        [
          0.0,
          0.0,
          1.0
        ]
      ],
      "data_path": "D:\\Agent-AI\\outputs\\s3a_ml_long_v2\\sample_000017\\images\\CAM_FRONT_LEFT.png",
      "raw_layout": "bgra8"
    },
    "CAM_BACK": {
      "type_id": "sensor.camera.rgb",
      "blueprint_attributes": {
        "role_name": "front",
        "ros_name": "sensor.camera.rgb",
        "chromatic_aberration_offset": "0.0",
        "sensor_tick": "0.100000",
        "fstop": "1.4",
        "image_size_x": "960",
        "image_size_y": "540",
        "fov": "70.00",
        "lens_circle_falloff": "5.0",
        "lens_circle_multiplier": "0.0",
        "exposure_compensation": "0.0",
        "lens_y_size": "0.08",
        "lens_k": "-1.0",
        "exposure_mode": "histogram",
        "lens_kcube": "0.0",
        "lens_x_size": "0.08",
        "exposure_max_bright": "12.0",
        "shutter_speed": "200.0",
        "bloom_intensity": "0.675",
        "iso": "100.0",
        "enable_postprocess_effects": "false",
        "gamma": "2.2",
        "motion_blur_intensity": "0.0",
        "motion_blur_max_distortion": "0.35",
        "lens_flare_intensity": "0.1",
        "motion_blur_min_object_screen_size": "0.1",
        "exposure_min_bright": "10.0",
        "exposure_speed_up": "3.0",
        "exposure_speed_down": "1.0",
        "tint": "0.0",
        "calibration_constant": "16.0",
        "focal_distance": "1000.0",
        "min_fstop": "1.2",
        "blade_count": "5",
        "blur_amount": "0.0",
        "blur_radius": "0.0",
        "slope": "0.88",
        "toe": "0.55",
        "white_clip": "0.04",
        "shoulder": "0.26",
        "black_clip": "0.0",
        "temp": "6500.0",
        "chromatic_aberration_intensity": "0.0"
      },
      "transform_carla": {
        "location": {
          "x": 105.54957580566406,
          "y": -30.806724548339844,
          "z": 1.7016515731811523
        },
        "rotation": {
          "roll": -0.6125540733337402,
          "pitch": 0.19821207225322723,
          "yaw": 77.76860046386719
        }
      },
      "matrix_world_from_sensor_carla": [
        [
          0.21185912191867828,
          -0.9772518873214722,
          0.00971531867980957,
          105.54957580566406
        ],
        [
          0.9772940874099731,
          0.2118121236562729,
          -0.005645697936415672,
          -30.806724548339844
        ],
        [
          0.0034594463650137186,
          0.01069081760942936,
          0.9999368786811829,
          1.7016515731811523
        ],
        [
          0.0,
          0.0,
          0.0,
          1.0
        ]
      ],
      "matrix_world_from_sensor_bevfusion": [
        [
          -0.9772518873214722,
          -0.00971531867980957,
          0.21185912191867828,
          105.54957580566406
        ],
        [
          -0.2118121236562729,
          -0.005645697936415672,
          -0.9772940874099731,
          30.806724548339844
        ],
        [
          0.01069081760942936,
          -0.9999368786811829,
          0.0034594463650137186,
          1.7016515731811523
        ],
        [
          0.0,
          0.0,
          0.0,
          1.0
        ]
      ],
      "matrix_ego_from_sensor_carla": [
        [
          -1.0,
          -2.1438866681933177e-08,
          9.009810675308927e-10,
          -1.5499992370605469
        ],
        [
          2.3249240754807943e-08,
          -1.0,
          -5.046737694414105e-09,
          0.0
        ],
        [
          4.959880839372488e-10,
          -3.334930553933191e-09,
          1.0,
          1.6999999284744263
        ],
        [
          0.0,
          0.0,
          0.0,
          1.0
        ]
      ],
      "matrix_ego_from_sensor_bevfusion": [
        [
          -2.1438866681933177e-08,
          -9.009810675308927e-10,
          -1.0,
          -1.5499992370605469
        ],
        [
          1.0,
          -5.046737694414105e-09,
          -2.3249240754807943e-08,
          0.0
        ],
        [
          -3.334930553933191e-09,
          -1.0,
          4.959880839372488e-10,
          1.6999999284744263
        ],
        [
          0.0,
          0.0,
          0.0,
          1.0
        ]
      ],
      "camera_intrinsics": [
        [
          685.5110473632812,
          0.0,
          480.0
        ],
        [
          0.0,
          685.5110473632812,
          270.0
        ],
        [
          0.0,
          0.0,
          1.0
        ]
      ],
      "data_path": "D:\\Agent-AI\\outputs\\s3a_ml_long_v2\\sample_000017\\images\\CAM_BACK.png",
      "raw_layout": "bgra8"
    },
    "CAM_BACK_LEFT": {
      "type_id": "sensor.camera.rgb",
      "blueprint_attributes": {
        "role_name": "front",
        "ros_name": "sensor.camera.rgb",
        "chromatic_aberration_offset": "0.0",
        "sensor_tick": "0.100000",
        "fstop": "1.4",
        "image_size_x": "960",
        "image_size_y": "540",
        "fov": "70.00",
        "lens_circle_falloff": "5.0",
        "lens_circle_multiplier": "0.0",
        "exposure_compensation": "0.0",
        "lens_y_size": "0.08",
        "lens_k": "-1.0",
        "exposure_mode": "histogram",
        "lens_kcube": "0.0",
        "lens_x_size": "0.08",
        "exposure_max_bright": "12.0",
        "shutter_speed": "200.0",
        "bloom_intensity": "0.675",
        "iso": "100.0",
        "enable_postprocess_effects": "false",
        "gamma": "2.2",
        "motion_blur_intensity": "0.0",
        "motion_blur_max_distortion": "0.35",
        "lens_flare_intensity": "0.1",
        "motion_blur_min_object_screen_size": "0.1",
        "exposure_min_bright": "10.0",
        "exposure_speed_up": "3.0",
        "exposure_speed_down": "1.0",
        "tint": "0.0",
        "calibration_constant": "16.0",
        "focal_distance": "1000.0",
        "min_fstop": "1.2",
        "blade_count": "5",
        "blur_amount": "0.0",
        "blur_radius": "0.0",
        "slope": "0.88",
        "toe": "0.55",
        "white_clip": "0.04",
        "shoulder": "0.26",
        "black_clip": "0.0",
        "temp": "6500.0",
        "chromatic_aberration_intensity": "0.0"
      },
      "transform_carla": {
        "location": {
          "x": 104.9591293334961,
          "y": -30.934553146362305,
          "z": 1.7066667079925537
        },
        "rotation": {
          "roll": -0.1889839619398117,
          "pitch": 0.6154614686965942,
          "yaw": 132.76866149902344
        }
      },
      "matrix_world_from_sensor_carla": [
        [
          -0.6790006756782532,
          -0.7340733408927917,
          0.009715300053358078,
          104.9591293334961
        ],
        [
          0.7340590357780457,
          -0.6790621280670166,
          -0.005645661614835262,
          -30.934553146362305
        ],
        [
          0.010741622187197208,
          0.0032981960102915764,
          0.9999368786811829,
          1.7066667079925537
        ],
        [
          0.0,
          0.0,
          0.0,
          1.0
        ]
      ],
      "matrix_world_from_sensor_bevfusion": [
        [
          -0.7340733408927917,
          -0.009715300053358078,
          -0.6790006756782532,
          104.9591293334961
        ],
        [
          0.6790621280670166,
          -0.005645661614835262,
          -0.7340590357780457,
          30.934553146362305
        ],
        [
          0.0032981960102915764,
          -0.9999368786811829,
          0.010741622187197208,
          1.7066667079925537
        ],
        [
          0.0,
          0.0,
          0.0,
          1.0
        ]
      ],
      "matrix_ego_from_sensor_carla": [
        [
          -0.5735762119293213,
          0.8191521167755127,
          -3.053115449347388e-08,
          -1.2999992370605469
        ],
        [
          -0.8191521763801575,
          -0.5735763311386108,
          -3.1123768451379874e-08,
          -0.5499954223632812
        ],
        [
          -4.3794685211651085e-08,
          7.4146941919650544e-09,
          1.0,
          1.7000001668930054
        ],
        [
          0.0,
          0.0,
          0.0,
          1.0
        ]
      ],
      "matrix_ego_from_sensor_bevfusion": [
        [
          0.8191521167755127,
          3.053115449347388e-08,
          -0.5735762119293213,
          -1.2999992370605469
        ],
        [
          0.5735763311386108,
          -3.1123768451379874e-08,
          0.8191521763801575,
          0.5499954223632812
        ],
        [
          7.4146941919650544e-09,
          -1.0,
          -4.3794685211651085e-08,
          1.7000001668930054
        ],
        [
          0.0,
          0.0,
          0.0,
          1.0
        ]
      ],
      "camera_intrinsics": [
        [
          685.5110473632812,
          0.0,
          480.0
        ],
        [
          0.0,
          685.5110473632812,
          270.0
        ],
        [
          0.0,
          0.0,
          1.0
        ]
      ],
      "data_path": "D:\\Agent-AI\\outputs\\s3a_ml_long_v2\\sample_000017\\images\\CAM_BACK_LEFT.png",
      "raw_layout": "bgra8"
    },
    "CAM_BACK_RIGHT": {
      "type_id": "sensor.camera.rgb",
      "blueprint_attributes": {
        "role_name": "front",
        "ros_name": "sensor.camera.rgb",
        "chromatic_aberration_offset": "0.0",
        "sensor_tick": "0.100000",
        "fstop": "1.4",
        "image_size_x": "960",
        "image_size_y": "540",
        "fov": "70.00",
        "lens_circle_falloff": "5.0",
        "lens_circle_multiplier": "0.0",
        "exposure_compensation": "0.0",
        "lens_y_size": "0.08",
        "lens_k": "-1.0",
        "exposure_mode": "histogram",
        "lens_kcube": "0.0",
        "lens_x_size": "0.08",
        "exposure_max_bright": "12.0",
        "shutter_speed": "200.0",
        "bloom_intensity": "0.675",
        "iso": "100.0",
        "enable_postprocess_effects": "false",
        "gamma": "2.2",
        "motion_blur_intensity": "0.0",
        "motion_blur_max_distortion": "0.35",
        "lens_flare_intensity": "0.1",
        "motion_blur_min_object_screen_size": "0.1",
        "exposure_min_bright": "10.0",
        "exposure_speed_up": "3.0",
        "exposure_speed_down": "1.0",
        "tint": "0.0",
        "calibration_constant": "16.0",
        "focal_distance": "1000.0",
        "min_fstop": "1.2",
        "blade_count": "5",
        "blur_amount": "0.0",
        "blur_radius": "0.0",
        "slope": "0.88",
        "toe": "0.55",
        "white_clip": "0.04",
        "shoulder": "0.26",
        "black_clip": "0.0",
        "temp": "6500.0",
        "chromatic_aberration_intensity": "0.0"
      },
      "transform_carla": {
        "location": {
          "x": 106.03411102294922,
          "y": -31.167545318603516,
          "z": 1.6949067115783691
        },
        "rotation": {
          "roll": -0.5137215256690979,
          "pitch": -0.38807767629623413,
          "yaw": 22.77138328552246
        }
      },
      "matrix_world_from_sensor_carla": [
        [
          0.9220354557037354,
          -0.3869835436344147,
          0.009715346619486809,
          106.03411102294922
        ],
        [
          0.387046217918396,
          0.9220430850982666,
          -0.0056456816382706165,
          -31.167545318603516
        ],
        [
          -0.006773181259632111,
          0.008965806104242802,
          0.9999368786811829,
          1.6949067115783691
        ],
        [
          0.0,
          0.0,
          0.0,
          1.0
        ]
      ],
      "matrix_world_from_sensor_bevfusion": [
        [
          -0.3869835436344147,
          -0.009715346619486809,
          0.9220354557037354,
          106.03411102294922
        ],
        [
          -0.9220430850982666,
          -0.0056456816382706165,
          -0.387046217918396,
          31.167545318603516
        ],
        [
          0.008965806104242802,
          -0.9999368786811829,
          -0.006773181259632111,
          1.6949067115783691
        ],
        [
          0.0,
          0.0,
          0.0,
          1.0
        ]
      ],
      "matrix_ego_from_sensor_carla": [
        [
          -0.5735761523246765,
          -0.819152295589447,
          -2.0985099880022062e-08,
          -1.300001621246338
        ],
        [
          0.819152295589447,
          -0.5735761523246765,
          1.8236326226883648e-08,
          0.5500030517578125
        ],
        [
          -2.695328227275695e-08,
          -7.1399606227373624e-09,
          1.0,
          1.6999999284744263
        ],
        [
          0.0,
          0.0,
          0.0,
          1.0
        ]
      ],
      "matrix_ego_from_sensor_bevfusion": [
        [
          -0.819152295589447,
          2.0985099880022062e-08,
          -0.5735761523246765,
          -1.300001621246338
        ],
        [
          0.5735761523246765,
          1.8236326226883648e-08,
          -0.819152295589447,
          -0.5500030517578125
        ],
        [
          -7.1399606227373624e-09,
          -1.0,
          -2.695328227275695e-08,
          1.6999999284744263
        ],
        [
          0.0,
          0.0,
          0.0,
          1.0
        ]
      ],
      "camera_intrinsics": [
        [
          685.5110473632812,
          0.0,
          480.0
        ],
        [
          0.0,
          685.5110473632812,
          270.0
        ],
        [
          0.0,
          0.0,
          1.0
        ]
      ],
      "data_path": "D:\\Agent-AI\\outputs\\s3a_ml_long_v2\\sample_000017\\images\\CAM_BACK_RIGHT.png",
      "raw_layout": "bgra8"
    },
    "LIDAR_TOP": {
      "type_id": "sensor.lidar.ray_cast",
      "blueprint_attributes": {
        "atmosphere_attenuation_rate": "0.004",
        "role_name": "front",
        "noise_seed": "0",
        "upper_fov": "10.0",
        "ros_name": "sensor.lidar.ray_cast",
        "sensor_tick": "0.100000",
        "channels": "32",
        "range": "120.0",
        "points_per_second": "360000",
        "lower_fov": "-30.0",
        "rotation_frequency": "10.000000",
        "horizontal_fov": "360.0",
        "dropoff_general_rate": "0.0",
        "dropoff_intensity_limit": "1.0",
        "noise_stddev": "0.0",
        "dropoff_zero_intensity": "0.0"
      },
      "transform_carla": {
        "location": {
          "x": 105.22605895996094,
          "y": -32.3243522644043,
          "z": 2.1962578296661377
        },
        "rotation": {
          "roll": 0.6125542521476746,
          "pitch": -0.19821207225322723,
          "yaw": -102.23139953613281
        }
      },
      "matrix_world_from_sensor_carla": [
        [
          -0.2118590921163559,
          0.9772518873214722,
          0.009715323336422443,
          105.22605895996094
        ],
        [
          -0.9772940874099731,
          -0.2118120938539505,
          -0.005645697936415672,
          -32.3243522644043
        ],
        [
          -0.0034594463650137186,
          -0.010690821334719658,
          0.9999368786811829,
          2.1962578296661377
        ],
        [
          0.0,
          0.0,
          0.0,
          1.0
        ]
      ],
      "matrix_world_from_sensor_bevfusion": [
        [
          -0.2118590921163559,
          -0.9772518873214722,
          0.009715323336422443,
          105.22605895996094
        ],
        [
          0.9772940874099731,
          -0.2118120938539505,
          0.005645697936415672,
          32.3243522644043
        ],
        [
          -0.0034594463650137186,
          0.010690821334719658,
          0.9999368786811829,
          2.1962578296661377
        ],
        [
          0.0,
          0.0,
          0.0,
          1.0
        ]
      ],
      "matrix_ego_from_sensor_carla": [
        [
          1.0,
          -7.673904178773228e-09,
          -3.034150708458583e-11,
          -9.5367431640625e-07
        ],
        [
          6.55308207697658e-09,
          1.0,
          -3.901247103144101e-10,
          0.0
        ],
        [
          -3.032681050729735e-11,
          -3.901247103144101e-10,
          1.0,
          2.1999998092651367
        ],
        [
          0.0,
          0.0,
          0.0,
          1.0
        ]
      ],
      "matrix_ego_from_sensor_bevfusion": [
        [
          1.0,
          7.673904178773228e-09,
          -3.034150708458583e-11,
          -9.5367431640625e-07
        ],
        [
          -6.55308207697658e-09,
          1.0,
          3.901247103144101e-10,
          0.0
        ],
        [
          -3.032681050729735e-11,
          3.901247103144101e-10,
          1.0,
          2.1999998092651367
        ],
        [
          0.0,
          0.0,
          0.0,
          1.0
        ]
      ],
      "data_path": "D:\\Agent-AI\\outputs\\s3a_ml_long_v2\\sample_000017\\lidar\\LIDAR_TOP.npy",
      "raw_layout": [
        "x",
        "y",
        "z",
        "intensity"
      ]
    },
    "RADAR_FRONT": {
      "type_id": "sensor.other.radar",
      "blueprint_attributes": {
        "sensor_tick": "0.100000",
        "role_name": "default",
        "noise_seed": "0",
        "ros_name": "sensor.other.radar",
        "horizontal_fov": "35.0",
        "points_per_second": "1500",
        "vertical_fov": "20.0",
        "range": "120.0"
      },
      "transform_carla": {
        "location": {
          "x": 104.78971099853516,
          "y": -34.271602630615234,
          "z": 0.8894210457801819
        },
        "rotation": {
          "roll": 0.6125542521476746,
          "pitch": -0.19821207225322723,
          "yaw": -102.23139953613281
        }
      },
      "matrix_world_from_sensor_carla": [
        [
          -0.2118590921163559,
          0.9772518873214722,
          0.009715323336422443,
          104.78971099853516
        ],
        [
          -0.9772940874099731,
          -0.2118120938539505,
          -0.005645697936415672,
          -34.271602630615234
        ],
        [
          -0.0034594463650137186,
          -0.010690821334719658,
          0.9999368786811829,
          0.8894210457801819
        ],
        [
          0.0,
          0.0,
          0.0,
          1.0
        ]
      ],
      "matrix_world_from_sensor_bevfusion": [
        [
          -0.2118590921163559,
          -0.9772518873214722,
          0.009715323336422443,
          104.78971099853516
        ],
        [
          0.9772940874099731,
          -0.2118120938539505,
          0.005645697936415672,
          34.271602630615234
        ],
        [
          -0.0034594463650137186,
          0.010690821334719658,
          0.9999368786811829,
          0.8894210457801819
        ],
        [
          0.0,
          0.0,
          0.0,
          1.0
        ]
      ],
      "matrix_ego_from_sensor_carla": [
        [
          1.0,
          -7.673904178773228e-09,
          -3.034150708458583e-11,
          2.0
        ],
        [
          6.55308207697658e-09,
          1.0,
          -3.901247103144101e-10,
          7.62939453125e-06
        ],
        [
          -3.032681050729735e-11,
          -3.901247103144101e-10,
          1.0,
          0.8999999761581421
        ],
        [
          0.0,
          0.0,
          0.0,
          1.0
        ]
      ],
      "matrix_ego_from_sensor_bevfusion": [
        [
          1.0,
          7.673904178773228e-09,
          -3.034150708458583e-11,
          2.0
        ],
        [
          -6.55308207697658e-09,
          1.0,
          3.901247103144101e-10,
          -7.62939453125e-06
        ],
        [
          -3.032681050729735e-11,
          3.901247103144101e-10,
          1.0,
          0.8999999761581421
        ],
        [
          0.0,
          0.0,
          0.0,
          1.0
        ]
      ],
      "data_path": "D:\\Agent-AI\\outputs\\s3a_ml_long_v2\\sample_000017\\radar\\RADAR_FRONT.npy",
      "raw_layout": [
        "velocity",
        "altitude",
        "azimuth",
        "depth"
      ]
    },
    "RADAR_FRONT_LEFT": {
      "type_id": "sensor.other.radar",
      "blueprint_attributes": {
        "sensor_tick": "0.100000",
        "role_name": "default",
        "noise_seed": "0",
        "ros_name": "sensor.other.radar",
        "horizontal_fov": "35.0",
        "points_per_second": "1500",
        "vertical_fov": "20.0",
        "range": "120.0"
      },
      "transform_carla": {
        "location": {
          "x": 104.13092803955078,
          "y": -33.77069091796875,
          "z": 0.898650050163269
        },
        "rotation": {
          "roll": 0.5733038783073425,
          "pitch": 0.29298093914985657,
          "yaw": -147.2288360595703
        }
      },
      "matrix_world_from_sensor_carla": [
        [
          -0.8408281803131104,
          0.5412148833274841,
          0.009715411812067032,
          104.13092803955078
        ],
        [
          -0.5412779450416565,
          -0.8408247828483582,
          -0.005645629949867725,
          -33.77069091796875
        ],
        [
          0.005113459657877684,
          -0.010005743242800236,
          0.9999368786811829,
          0.898650050163269
        ],
        [
          0.0,
          0.0,
          0.0,
          1.0
        ]
      ],
      "matrix_world_from_sensor_bevfusion": [
        [
          -0.8408281803131104,
          -0.5412148833274841,
          0.009715411812067032,
          104.13092803955078
        ],
        [
          0.5412779450416565,
          -0.8408247828483582,
          0.005645629949867725,
          33.77069091796875
        ],
        [
          0.005113459657877684,
          0.010005743242800236,
          0.9999368786811829,
          0.898650050163269
        ],
        [
          0.0,
          0.0,
          0.0,
          1.0
        ]
      ],
      "matrix_ego_from_sensor_carla": [
        [
          0.7071071267127991,
          0.7071064114570618,
          -8.524635575213324e-08,
          1.6499977111816406
        ],
        [
          -0.7071064114570618,
          0.7071071863174438,
          7.132171475632276e-08,
          -0.7499923706054688
        ],
        [
          1.1076234329721046e-07,
          9.452229221551534e-09,
          1.0,
          0.9000002145767212
        ],
        [
          0.0,
          0.0,
          0.0,
          1.0
        ]
      ],
      "matrix_ego_from_sensor_bevfusion": [
        [
          0.7071071267127991,
          -0.7071064114570618,
          -8.524635575213324e-08,
          1.6499977111816406
        ],
        [
          0.7071064114570618,
          0.7071071863174438,
          -7.132171475632276e-08,
          0.7499923706054688
        ],
        [
          1.1076234329721046e-07,
          -9.452229221551534e-09,
          1.0,
          0.9000002145767212
        ],
        [
          0.0,
          0.0,
          0.0,
          1.0
        ]
      ],
      "data_path": "D:\\Agent-AI\\outputs\\s3a_ml_long_v2\\sample_000017\\radar\\RADAR_FRONT_LEFT.npy",
      "raw_layout": [
        "velocity",
        "altitude",
        "azimuth",
        "depth"
      ]
    },
    "RADAR_FRONT_RIGHT": {
      "type_id": "sensor.other.radar",
      "blueprint_attributes": {
        "sensor_tick": "0.100000",
        "role_name": "default",
        "noise_seed": "0",
        "ros_name": "sensor.other.radar",
        "horizontal_fov": "35.0",
        "points_per_second": "1500",
        "vertical_fov": "20.0",
