{
  "schema_version": "stage1.v1",
  "sample_name": "sample_000020",
  "sequence_index": 20,
  "previous_sample_name": "sample_000019",
  "frame_id": 726293,
  "timestamp": 4999.194624748081,
  "platform_timestamp": 16813374.6760273,
  "delta_seconds": 0.10000000149011612,
  "town": "Carla/Maps/Town10HD_Opt",
  "weather": {
    "cloudiness": 20.0,
    "dust_storm": 0.0,
    "fog_density": 2.0,
    "fog_distance": 0.75,
    "fog_falloff": 0.10000000149011612,
    "mie_scattering_scale": 0.029999999329447746,
    "precipitation": 0.0,
    "precipitation_deposits": 0.0,
    "rayleigh_scattering_scale": 0.03310000151395798,
    "scattering_intensity": 1.0,
    "sun_altitude_angle": 45.0,
    "sun_azimuth_angle": 300.0,
    "wetness": 0.0,
    "wind_intensity": 10.0
  },
  "sensor_names": [
    "CAM_FRONT",
    "CAM_FRONT_RIGHT",
    "CAM_FRONT_LEFT",
    "CAM_BACK",
    "CAM_BACK_LEFT",
    "CAM_BACK_RIGHT",
    "LIDAR_TOP",
    "RADAR_FRONT",
    "RADAR_FRONT_LEFT",
    "RADAR_FRONT_RIGHT",
    "RADAR_BACK_LEFT",
    "RADAR_BACK_RIGHT"
  ],
  "camera_order_for_model": [
    "CAM_FRONT",
    "CAM_FRONT_RIGHT",
    "CAM_FRONT_LEFT",
    "CAM_BACK",
    "CAM_BACK_LEFT",
    "CAM_BACK_RIGHT"
  ],
  "radar_order_for_model": [
    "RADAR_FRONT",
    "RADAR_FRONT_LEFT",
    "RADAR_FRONT_RIGHT",
    "RADAR_BACK_LEFT",
    "RADAR_BACK_RIGHT"
  ],
  "coordinate_notes": {
    "carla_world": "left-handed x-forward y-right z-up",
    "bevfusion_lidar": "x-forward y-left z-up",
    "camera_frame_for_model": "OpenCV style x-right y-down z-forward"
  },
  "ego": {
    "actor_id": 49,
    "transform_carla": {
      "location": {
        "x": 105.13700103759766,
        "y": -32.541351318359375,
        "z": 0.0011801528744399548
      },
      "rotation": {
        "roll": 0.12368172407150269,
        "pitch": -1.5713804960250854,
        "yaw": -102.52669525146484
      }
    },
    "velocity_carla": [
      -0.24132443964481354,
      -0.9478152990341187,
      9.632110504753655e-07
    ],
    "angular_velocity_carla": [
      -3.1639320850372314,
      0.11751455813646317,
      -1.6755717992782593
    ],
    "matrix_world_from_ego_carla": [
      [
        -0.2168128490447998,
        0.9762056469917297,
        -0.003840470453724265,
        105.13700103759766
      ],
      [
        -0.9758279919624329,
        -0.2168361246585846,
        -0.027237677946686745,
        -32.541351318359375
      ],
      [
        -0.027422325685620308,
        -0.002157839946448803,
        0.9996216297149658,
        0.0011801528744399548
      ],
      [
        0.0,
        0.0,
        0.0,
        1.0
      ]
    ],
    "matrix_world_from_ego_bevfusion": [
      [
        -0.2168128490447998,
        -0.9762056469917297,
        -0.003840470453724265,
        105.13700103759766
      ],
      [
        0.9758279919624329,
        -0.2168361246585846,
        0.027237677946686745,
        32.541351318359375
      ],
      [
        -0.027422325685620308,
        0.002157839946448803,
        0.9996216297149658,
        0.0011801528744399548
      ],
      [
        0.0,
        0.0,
        0.0,
        1.0
      ]
    ]
  },
  "sensors": {
    "CAM_FRONT": {
      "type_id": "sensor.camera.rgb",
      "blueprint_attributes": {
        "role_name": "front",
        "ros_name": "sensor.camera.rgb",
        "chromatic_aberration_offset": "0.0",
        "sensor_tick": "0.100000",
        "fstop": "1.4",
        "image_size_x": "960",
        "image_size_y": "540",
        "fov": "70.00",
        "lens_circle_falloff": "5.0",
        "lens_circle_multiplier": "0.0",
        "exposure_compensation": "0.0",
        "lens_y_size": "0.08",
        "lens_k": "-1.0",
        "exposure_mode": "histogram",
        "lens_kcube": "0.0",
        "lens_x_size": "0.08",
        "exposure_max_bright": "12.0",
        "shutter_speed": "200.0",
        "bloom_intensity": "0.675",
        "iso": "100.0",
        "enable_postprocess_effects": "false",
        "gamma": "2.2",
        "motion_blur_intensity": "0.0",
        "motion_blur_max_distortion": "0.35",
        "lens_flare_intensity": "0.1",
        "motion_blur_min_object_screen_size": "0.1",
        "exposure_min_bright": "10.0",
        "exposure_speed_up": "3.0",
        "exposure_speed_down": "1.0",
        "tint": "0.0",
        "calibration_constant": "16.0",
        "focal_distance": "1000.0",
        "min_fstop": "1.2",
        "blade_count": "5",
        "blur_amount": "0.0",
        "blur_radius": "0.0",
        "slope": "0.88",
        "toe": "0.55",
        "white_clip": "0.04",
        "shoulder": "0.26",
        "black_clip": "0.0",
        "temp": "6500.0",
        "chromatic_aberration_intensity": "0.0"
      },
      "transform_carla": {
        "location": {
          "x": 104.7944107055664,
          "y": -34.100189208984375,
          "z": 1.6580321788787842
        },
        "rotation": {
          "roll": 0.12368172407150269,
          "pitch": -1.5713804960250854,
          "yaw": -102.52669525146484
        }
      },
      "matrix_world_from_sensor_carla": [
        [
          -0.2168128490447998,
          0.9762056469917297,
          -0.003840470453724265,
          104.7944107055664
        ],
        [
          -0.9758279919624329,
          -0.2168361246585846,
          -0.027237677946686745,
          -34.100189208984375
        ],
        [
          -0.027422325685620308,
          -0.002157839946448803,
          0.9996216297149658,
          1.6580321788787842
        ],
        [
          0.0,
          0.0,
          0.0,
          1.0
        ]
      ],
      "matrix_world_from_sensor_bevfusion": [
        [
          0.9762056469917297,
          0.003840470453724265,
          -0.2168128490447998,
          104.7944107055664
        ],
        [
          0.2168361246585846,
          -0.027237677946686745,
          0.9758279919624329,
          34.100189208984375
        ],
        [
          -0.002157839946448803,
          -0.9996216297149658,
          -0.027422325685620308,
          1.6580321788787842
        ],
        [
          0.0,
          0.0,
          0.0,
          1.0
        ]
      ],
      "matrix_ego_from_sensor_carla": [
        [
          1.0,
          2.1485204726445772e-09,
          8.597047518321688e-10,
          1.5500011444091797
        ],
        [
          -1.43679033115518e-08,
          1.0,
          -3.073823418020538e-10,
          0.0
        ],
        [
          6.315575840076804e-10,
          5.406558534204464e-11,
          1.0,
          1.6999996900558472
        ],
        [
          0.0,
          0.0,
          0.0,
          1.0
        ]
      ],
      "matrix_ego_from_sensor_bevfusion": [
        [
          2.1485204726445772e-09,
          -8.597047518321688e-10,
          1.0,
          1.5500011444091797
        ],
        [
          -1.0,
          -3.073823418020538e-10,
          1.43679033115518e-08,
          0.0
        ],
        [
          5.406558534204464e-11,
          -1.0,
          6.315575840076804e-10,
          1.6999996900558472
        ],
        [
          0.0,
          0.0,
          0.0,
          1.0
        ]
      ],
      "camera_intrinsics": [
        [
          685.5110473632812,
          0.0,
          480.0
        ],
        [
          0.0,
          685.5110473632812,
          270.0
        ],
        [
          0.0,
          0.0,
          1.0
        ]
      ],
      "data_path": "D:\\Agent-AI\\outputs\\s3a_ml_long_v1\\sample_000020\\images\\CAM_FRONT.png",
      "raw_layout": "bgra8"
    },
    "CAM_FRONT_RIGHT": {
      "type_id": "sensor.camera.rgb",
      "blueprint_attributes": {
        "role_name": "front",
        "ros_name": "sensor.camera.rgb",
        "chromatic_aberration_offset": "0.0",
        "sensor_tick": "0.100000",
        "fstop": "1.4",
        "image_size_x": "960",
        "image_size_y": "540",
        "fov": "70.00",
        "lens_circle_falloff": "5.0",
        "lens_circle_multiplier": "0.0",
        "exposure_compensation": "0.0",
        "lens_y_size": "0.08",
        "lens_k": "-1.0",
        "exposure_mode": "histogram",
        "lens_kcube": "0.0",
        "lens_x_size": "0.08",
        "exposure_max_bright": "12.0",
        "shutter_speed": "200.0",
        "bloom_intensity": "0.675",
        "iso": "100.0",
        "enable_postprocess_effects": "false",
        "gamma": "2.2",
        "motion_blur_intensity": "0.0",
        "motion_blur_max_distortion": "0.35",
        "lens_flare_intensity": "0.1",
        "motion_blur_min_object_screen_size": "0.1",
        "exposure_min_bright": "10.0",
        "exposure_speed_up": "3.0",
        "exposure_speed_down": "1.0",
        "tint": "0.0",
        "calibration_constant": "16.0",
        "focal_distance": "1000.0",
        "min_fstop": "1.2",
        "blade_count": "5",
        "blur_amount": "0.0",
        "blur_radius": "0.0",
        "slope": "0.88",
        "toe": "0.55",
        "white_clip": "0.04",
        "shoulder": "0.26",
        "black_clip": "0.0",
        "temp": "6500.0",
        "chromatic_aberration_intensity": "0.0"
      },
      "transform_carla": {
        "location": {
          "x": 105.38552856445312,
          "y": -33.97549057006836,
          "z": 1.6637009382247925
        },
        "rotation": {
          "roll": -1.2164016962051392,
          "pitch": -1.0025213956832886,
          "yaw": -47.51433181762695
        }
      },
      "matrix_world_from_sensor_carla": [
        [
          0.6753024458885193,
          0.7375310063362122,
          -0.0038404567167162895,
          105.38552856445312
        ],
        [
          -0.7373334169387817,
          0.6749796867370605,
          -0.02723768725991249,
          -33.97549057006836
        ],
        [
          -0.01749640703201294,
          0.021225372329354286,
          0.9996216297149658,
          1.6637009382247925
        ],
        [
          0.0,
          0.0,
          0.0,
          1.0
        ]
      ],
      "matrix_world_from_sensor_bevfusion": [
        [
          0.7375310063362122,
          0.0038404567167162895,
          0.6753024458885193,
          105.38552856445312
        ],
        [
          -0.6749796867370605,
          -0.02723768725991249,
          0.7373334169387817,
          33.97549057006836
        ],
        [
          0.021225372329354286,
          -0.9996216297149658,
          -0.01749640703201294,
          1.6637009382247925
        ],
        [
          0.0,
          0.0,
          0.0,
          1.0
        ]
      ],
      "matrix_ego_from_sensor_carla": [
        [
          0.5735761523246765,
          -0.8191522359848022,
          6.44764019952504e-09,
          1.3000011444091797
        ],
        [
          0.819152295589447,
          0.5735761523246765,
          1.5059439917308737e-08,
          0.5499954223632812
        ],
        [
          -1.7303928956380332e-08,
          -2.45207054661023e-09,
          1.0,
          1.6999996900558472
        ],
        [
          0.0,
          0.0,
          0.0,
          1.0
        ]
      ],
      "matrix_ego_from_sensor_bevfusion": [
        [
          -0.8191522359848022,
          -6.44764019952504e-09,
          0.5735761523246765,
          1.3000011444091797
        ],
        [
          -0.5735761523246765,
          1.5059439917308737e-08,
          -0.819152295589447,
          -0.5499954223632812
        ],
        [
          -2.45207054661023e-09,
          -1.0,
          -1.7303928956380332e-08,
          1.6999996900558472
        ],
        [
          0.0,
          0.0,
          0.0,
          1.0
        ]
      ],
      "camera_intrinsics": [
        [
          685.5110473632812,
          0.0,
          480.0
        ],
        [
          0.0,
          685.5110473632812,
          270.0
        ],
        [
          0.0,
          0.0,
          1.0
        ]
      ],
      "data_path": "D:\\Agent-AI\\outputs\\s3a_ml_long_v1\\sample_000020\\images\\CAM_FRONT_RIGHT.png",
      "raw_layout": "bgra8"
    },
    "CAM_FRONT_LEFT": {
      "type_id": "sensor.camera.rgb",
      "blueprint_attributes": {
        "role_name": "front",
        "ros_name": "sensor.camera.rgb",
        "chromatic_aberration_offset": "0.0",
        "sensor_tick": "0.100000",
        "fstop": "1.4",
        "image_size_x": "960",
        "image_size_y": "540",
        "fov": "70.00",
        "lens_circle_falloff": "5.0",
        "lens_circle_multiplier": "0.0",
        "exposure_compensation": "0.0",
        "lens_y_size": "0.08",
        "lens_k": "-1.0",
        "exposure_mode": "histogram",
        "lens_kcube": "0.0",
        "lens_x_size": "0.08",
        "exposure_max_bright": "12.0",
        "shutter_speed": "200.0",
        "bloom_intensity": "0.675",
        "iso": "100.0",
        "enable_postprocess_effects": "false",
        "gamma": "2.2",
        "motion_blur_intensity": "0.0",
        "motion_blur_max_distortion": "0.35",
        "lens_flare_intensity": "0.1",
        "motion_blur_min_object_screen_size": "0.1",
        "exposure_min_bright": "10.0",
        "exposure_speed_up": "3.0",
        "exposure_speed_down": "1.0",
        "tint": "0.0",
        "calibration_constant": "16.0",
        "focal_distance": "1000.0",
        "min_fstop": "1.2",
        "blade_count": "5",
        "blur_amount": "0.0",
        "blur_radius": "0.0",
        "slope": "0.88",
        "toe": "0.55",
        "white_clip": "0.04",
        "shoulder": "0.26",
        "black_clip": "0.0",
        "temp": "6500.0",
        "chromatic_aberration_intensity": "0.0"
      },
      "transform_carla": {
        "location": {
          "x": 104.31169891357422,
          "y": -33.73697280883789,
          "z": 1.6660746335983276
        },
        "rotation": {
          "roll": 1.3582121133804321,
          "pitch": -0.7999380230903625,
          "yaw": -157.53448486328125
        }
      },
      "matrix_world_from_sensor_carla": [
        [
          -0.9240196347236633,
          0.382325679063797,
          -0.003840380348265171,
          104.31169891357422
        ],
        [
          -0.3820900022983551,
          -0.923723578453064,
          -0.02723763883113861,
          -33.73697280883789
        ],
        [
          -0.013961099088191986,
          -0.023700743913650513,
          0.999621570110321,
          1.6660746335983276
        ],
        [
          0.0,
          0.0,
          0.0,
          1.0
        ]
      ],
      "matrix_world_from_sensor_bevfusion": [
        [
          0.382325679063797,
          0.003840380348265171,
          -0.9240196347236633,
          104.31169891357422
        ],
        [
          0.923723578453064,
          -0.02723763883113861,
          0.3820900022983551,
          33.73697280883789
        ],
        [
          -0.023700743913650513,
          -0.999621570110321,
          -0.013961099088191986,
          1.6660746335983276
        ],
        [
          0.0,
          0.0,
          0.0,
          1.0
        ]
      ],
      "matrix_ego_from_sensor_carla": [
        [
          0.5735762715339661,
          0.8191521167755127,
          -5.5247795671675703e-08,
          1.300002098083496
        ],
        [
          -0.8191521763801575,
          0.5735762715339661,
          7.921648403907966e-08,
          -0.5500030517578125
        ],
        [
          9.67617665992293e-08,
          -3.29177929359048e-09,
          0.9999999403953552,
          1.6999999284744263
        ],
        [
          0.0,
          0.0,
          0.0,
          1.0
        ]
      ],
      "matrix_ego_from_sensor_bevfusion": [
        [
          0.8191521167755127,
          5.5247795671675703e-08,
          0.5735762715339661,
          1.300002098083496
        ],
        [
          -0.5735762715339661,
          7.921648403907966e-08,
          0.8191521763801575,
          0.5500030517578125
        ],
        [
          -3.29177929359048e-09,
          -0.9999999403953552,
          9.67617665992293e-08,
          1.6999999284744263
        ],
        [
          0.0,
          0.0,
          0.0,
          1.0
        ]
      ],
      "camera_intrinsics": [
        [
          685.5110473632812,
          0.0,
          480.0
        ],
        [
          0.0,
          685.5110473632812,
          270.0
        ],
        [
          0.0,
          0.0,
          1.0
        ]
      ],
      "data_path": "D:\\Agent-AI\\outputs\\s3a_ml_long_v1\\sample_000020\\images\\CAM_FRONT_LEFT.png",
      "raw_layout": "bgra8"
    },
    "CAM_BACK": {
      "type_id": "sensor.camera.rgb",
      "blueprint_attributes": {
        "role_name": "front",
        "ros_name": "sensor.camera.rgb",
        "chromatic_aberration_offset": "0.0",
        "sensor_tick": "0.100000",
        "fstop": "1.4",
        "image_size_x": "960",
        "image_size_y": "540",
        "fov": "70.00",
        "lens_circle_falloff": "5.0",
        "lens_circle_multiplier": "0.0",
        "exposure_compensation": "0.0",
        "lens_y_size": "0.08",
        "lens_k": "-1.0",
        "exposure_mode": "histogram",
        "lens_kcube": "0.0",
        "lens_x_size": "0.08",
        "exposure_max_bright": "12.0",
        "shutter_speed": "200.0",
        "bloom_intensity": "0.675",
        "iso": "100.0",
        "enable_postprocess_effects": "false",
        "gamma": "2.2",
        "motion_blur_intensity": "0.0",
        "motion_blur_max_distortion": "0.35",
        "lens_flare_intensity": "0.1",
        "motion_blur_min_object_screen_size": "0.1",
        "exposure_min_bright": "10.0",
        "exposure_speed_up": "3.0",
        "exposure_speed_down": "1.0",
        "tint": "0.0",
        "calibration_constant": "16.0",
        "focal_distance": "1000.0",
        "min_fstop": "1.2",
        "blade_count": "5",
        "blur_amount": "0.0",
        "blur_radius": "0.0",
        "slope": "0.88",
        "toe": "0.55",
        "white_clip": "0.04",
        "shoulder": "0.26",
        "black_clip": "0.0",
        "temp": "6500.0",
        "chromatic_aberration_intensity": "0.0"
      },
      "transform_carla": {
        "location": {
          "x": 105.4665298461914,
          "y": -31.07512092590332,
          "z": 1.7430413961410522
        },
        "rotation": {
          "roll": -0.12368108332157135,
          "pitch": 1.5713804960250854,
          "yaw": 77.47332000732422
        }
      },
      "matrix_world_from_sensor_carla": [
        [
          0.2168126404285431,
          -0.9762056469917297,
          -0.003840475343167782,
          105.4665298461914
        ],
        [
          0.9758279919624329,
          0.21683591604232788,
          -0.027237674221396446,
          -31.07512092590332
        ],
        [
          0.027422325685620308,
          0.0021578287705779076,
          0.9996216297149658,
          1.7430413961410522
        ],
        [
          0.0,
          0.0,
          0.0,
          1.0
        ]
      ],
      "matrix_world_from_sensor_bevfusion": [
        [
          -0.9762056469917297,
          0.003840475343167782,
          0.2168126404285431,
          105.4665298461914
        ],
        [
          -0.21683591604232788,
          -0.027237674221396446,
          -0.9758279919624329,
          31.07512092590332
        ],
        [
          0.0021578287705779076,
          -0.9996216297149658,
          0.027422325685620308,
          1.7430413961410522
        ],
        [
          0.0,
          0.0,
          0.0,
          1.0
        ]
      ],
      "matrix_ego_from_sensor_carla": [
        [
          -0.9999999403953552,
          2.0173196446648944e-07,
          -2.8655855466297453e-09,
          -1.5499992370605469
        ],
        [
          -1.9424835784320749e-07,
          -1.0,
          -5.89531801153953e-09,
          0.0
        ],
        [
          1.2310875652232767e-09,
          -5.404940939257585e-09,
          1.0,
          1.6999996900558472
        ],
        [
          0.0,
          0.0,
          0.0,
          1.0
        ]
      ],
      "matrix_ego_from_sensor_bevfusion": [
        [
          2.0173196446648944e-07,
          2.8655855466297453e-09,
          -0.9999999403953552,
          -1.5499992370605469
        ],
        [
          1.0,
          -5.89531801153953e-09,
          1.9424835784320749e-07,
          0.0
        ],
        [
          -5.404940939257585e-09,
          -1.0,
          1.2310875652232767e-09,
          1.6999996900558472
        ],
        [
          0.0,
          0.0,
          0.0,
          1.0
        ]
      ],
      "camera_intrinsics": [
        [
          685.5110473632812,
          0.0,
          480.0
        ],
        [
          0.0,
          685.5110473632812,
          270.0
        ],
        [
          0.0,
          0.0,
          1.0
        ]
      ],
      "data_path": "D:\\Agent-AI\\outputs\\s3a_ml_long_v1\\sample_000020\\images\\CAM_BACK.png",
      "raw_layout": "bgra8"
    },
    "CAM_BACK_LEFT": {
      "type_id": "sensor.camera.rgb",
      "blueprint_attributes": {
        "role_name": "front",
        "ros_name": "sensor.camera.rgb",
        "chromatic_aberration_offset": "0.0",
        "sensor_tick": "0.100000",
        "fstop": "1.4",
        "image_size_x": "960",
        "image_size_y": "540",
        "fov": "70.00",
        "lens_circle_falloff": "5.0",
        "lens_circle_multiplier": "0.0",
        "exposure_compensation": "0.0",
        "lens_y_size": "0.08",
        "lens_k": "-1.0",
        "exposure_mode": "histogram",
        "lens_kcube": "0.0",
        "lens_x_size": "0.08",
        "exposure_max_bright": "12.0",
        "shutter_speed": "200.0",
        "bloom_intensity": "0.675",
        "iso": "100.0",
        "enable_postprocess_effects": "false",
        "gamma": "2.2",
        "motion_blur_intensity": "0.0",
        "motion_blur_max_distortion": "0.35",
        "lens_flare_intensity": "0.1",
        "motion_blur_min_object_screen_size": "0.1",
        "exposure_min_bright": "10.0",
        "exposure_speed_up": "3.0",
        "exposure_speed_down": "1.0",
        "tint": "0.0",
        "calibration_constant": "16.0",
        "focal_distance": "1000.0",
        "min_fstop": "1.2",
        "blade_count": "5",
        "blur_amount": "0.0",
        "blur_radius": "0.0",
        "slope": "0.88",
        "toe": "0.55",
        "white_clip": "0.04",
        "shoulder": "0.26",
        "black_clip": "0.0",
        "temp": "6500.0",
        "chromatic_aberration_intensity": "0.0"
      },
      "transform_carla": {
        "location": {
          "x": 104.87541961669922,
          "y": -31.199819564819336,
          "z": 1.7373727560043335
        },
        "rotation": {
          "roll": 1.2164016962051392,
          "pitch": 1.0025213956832886,
          "yaw": 132.48568725585938
        }
      },
      "matrix_world_from_sensor_carla": [
        [
          -0.6753026247024536,
          -0.7375308275222778,
          -0.003840450197458267,
          104.87541961669922
        ],
        [
          0.7373332381248474,
          -0.6749798655509949,
          -0.02723768725991249,
          -31.199819564819336
        ],
        [
          0.01749640703201294,
          -0.021225372329354286,
          0.9996216297149658,
          1.7373727560043335
        ],
        [
          0.0,
          0.0,
          0.0,
          1.0
        ]
      ],
      "matrix_world_from_sensor_bevfusion": [
        [
          -0.7375308275222778,
          0.003840450197458267,
          -0.6753026247024536,
          104.87541961669922
        ],
        [
          0.6749798655509949,
          -0.02723768725991249,
          -0.7373332381248474,
          31.199819564819336
        ],
        [
          -0.021225372329354286,
          -0.9996216297149658,
          0.01749640703201294,
          1.7373727560043335
        ],
        [
          0.0,
          0.0,
          0.0,
          1.0
        ]
      ],
      "matrix_ego_from_sensor_carla": [
        [
          -0.5735759139060974,
          0.8191524147987366,
          4.584995050294083e-09,
          -1.2999987602233887
        ],
        [
          -0.8191524147987366,
          -0.5735759735107422,
          2.1578697939617086e-08,
          -0.54998779296875
        ],
        [
          2.2891864404073203e-08,
          6.177360845072144e-09,
          1.0,
          1.6999999284744263
        ],
        [
          0.0,
          0.0,
          0.0,
          1.0
        ]
      ],
      "matrix_ego_from_sensor_bevfusion": [
        [
          0.8191524147987366,
          -4.584995050294083e-09,
          -0.5735759139060974,
          -1.2999987602233887
        ],
        [
          0.5735759735107422,
          2.1578697939617086e-08,
          0.8191524147987366,
          0.54998779296875
        ],
        [
          6.177360845072144e-09,
          -1.0,
          2.2891864404073203e-08,
          1.6999999284744263
        ],
        [
          0.0,
          0.0,
          0.0,
          1.0
        ]
      ],
      "camera_intrinsics": [
        [
          685.5110473632812,
          0.0,
          480.0
        ],
        [
          0.0,
          685.5110473632812,
          270.0
        ],
        [
          0.0,
          0.0,
          1.0
        ]
      ],
      "data_path": "D:\\Agent-AI\\outputs\\s3a_ml_long_v1\\sample_000020\\images\\CAM_BACK_LEFT.png",
      "raw_layout": "bgra8"
    },
    "CAM_BACK_RIGHT": {
      "type_id": "sensor.camera.rgb",
      "blueprint_attributes": {
        "role_name": "front",
        "ros_name": "sensor.camera.rgb",
        "chromatic_aberration_offset": "0.0",
        "sensor_tick": "0.100000",
        "fstop": "1.4",
        "image_size_x": "960",
        "image_size_y": "540",
        "fov": "70.00",
        "lens_circle_falloff": "5.0",
        "lens_circle_multiplier": "0.0",
        "exposure_compensation": "0.0",
        "lens_y_size": "0.08",
        "lens_k": "-1.0",
        "exposure_mode": "histogram",
        "lens_kcube": "0.0",
        "lens_x_size": "0.08",
        "exposure_max_bright": "12.0",
        "shutter_speed": "200.0",
        "bloom_intensity": "0.675",
        "iso": "100.0",
        "enable_postprocess_effects": "false",
        "gamma": "2.2",
        "motion_blur_intensity": "0.0",
        "motion_blur_max_distortion": "0.35",
        "lens_flare_intensity": "0.1",
        "motion_blur_min_object_screen_size": "0.1",
        "exposure_min_bright": "10.0",
        "exposure_speed_up": "3.0",
        "exposure_speed_down": "1.0",
        "tint": "0.0",
        "calibration_constant": "16.0",
        "focal_distance": "1000.0",
        "min_fstop": "1.2",
        "blade_count": "5",
        "blur_amount": "0.0",
        "blur_radius": "0.0",
        "slope": "0.88",
        "toe": "0.55",
        "white_clip": "0.04",
        "shoulder": "0.26",
        "black_clip": "0.0",
        "temp": "6500.0",
        "chromatic_aberration_intensity": "0.0"
      },
      "transform_carla": {
        "location": {
          "x": 105.94923400878906,
          "y": -31.438339233398438,
          "z": 1.7349990606307983
        },
        "rotation": {
          "roll": -1.3582121133804321,
          "pitch": 0.7999380230903625,
          "yaw": 22.465524673461914
        }
      },
      "matrix_world_from_sensor_carla": [
        [
          0.9240195751190186,
          -0.3823258876800537,
          -0.0038403738290071487,
          105.94923400878906
        ],
        [
          0.3820902109146118,
          0.9237235188484192,
          -0.02723764069378376,
          -31.438339233398438
        ],
        [
          0.013961099088191986,
          0.023700743913650513,
          0.999621570110321,
          1.7349990606307983
        ],
        [
          0.0,
          0.0,
          0.0,
          1.0
        ]
      ],
      "matrix_world_from_sensor_bevfusion": [
        [
          -0.3823258876800537,
          0.0038403738290071487,
          0.9240195751190186,
          105.94923400878906
        ],
        [
          -0.9237235188484192,
          -0.02723764069378376,
          -0.3820902109146118,
          31.438339233398438
        ],
        [
          0.023700743913650513,
          -0.999621570110321,
          0.013961099088191986,
          1.7349990606307983
        ],
        [
          0.0,
          0.0,
          0.0,
          1.0
        ]
      ],
      "matrix_ego_from_sensor_carla": [
        [
          -0.5735764503479004,
          -0.8191519975662231,
          -5.5247795671675703e-08,
          -1.2999963760375977
        ],
        [
          0.8191521167755127,
          -0.5735764503479004,
          8.620140334869575e-08,
          0.5499954223632812
        ],
        [
          -1.0234970204692218e-07,
          5.154424442821437e-09,
          0.9999999403953552,
          1.6999999284744263
        ],
        [
          0.0,
          0.0,
          0.0,
          1.0
        ]
      ],
      "matrix_ego_from_sensor_bevfusion": [
        [
          -0.8191519975662231,
          5.5247795671675703e-08,
          -0.5735764503479004,
          -1.2999963760375977
        ],
        [
          0.5735764503479004,
          8.620140334869575e-08,
          -0.8191521167755127,
          -0.5499954223632812
        ],
        [
          5.154424442821437e-09,
          -0.9999999403953552,
          -1.0234970204692218e-07,
          1.6999999284744263
        ],
        [
          0.0,
          0.0,
          0.0,
          1.0
        ]
      ],
      "camera_intrinsics": [
        [
          685.5110473632812,
          0.0,
          480.0
        ],
        [
          0.0,
          685.5110473632812,
          270.0
        ],
        [
          0.0,
          0.0,
          1.0
        ]
      ],
      "data_path": "D:\\Agent-AI\\outputs\\s3a_ml_long_v1\\sample_000020\\images\\CAM_BACK_RIGHT.png",
      "raw_layout": "bgra8"
    },
    "LIDAR_TOP": {
      "type_id": "sensor.lidar.ray_cast",
      "blueprint_attributes": {
        "atmosphere_attenuation_rate": "0.004",
        "role_name": "front",
        "noise_seed": "0",
        "upper_fov": "10.0",
        "ros_name": "sensor.lidar.ray_cast",
        "sensor_tick": "0.100000",
        "channels": "32",
        "range": "120.0",
        "points_per_second": "360000",
        "lower_fov": "-30.0",
        "rotation_frequency": "10.000000",
        "horizontal_fov": "360.0",
        "dropoff_general_rate": "0.0",
        "dropoff_intensity_limit": "1.0",
        "noise_stddev": "0.0",
        "dropoff_zero_intensity": "0.0"
      },
      "transform_carla": {
        "location": {
          "x": 105.12855529785156,
          "y": -32.60127258300781,
          "z": 2.200347661972046
        },
        "rotation": {
          "roll": 0.12368172407150269,
          "pitch": -1.5713804960250854,
          "yaw": -102.52669525146484
        }
      },
      "matrix_world_from_sensor_carla": [
        [
          -0.2168128490447998,
          0.9762056469917297,
          -0.003840470453724265,
          105.12855529785156
        ],
        [
          -0.9758279919624329,
          -0.2168361246585846,
          -0.027237677946686745,
          -32.60127258300781
        ],
        [
          -0.027422325685620308,
          -0.002157839946448803,
          0.9996216297149658,
          2.200347661972046
        ],
        [
          0.0,
          0.0,
          0.0,
          1.0
        ]
      ],
      "matrix_world_from_sensor_bevfusion": [
        [
          -0.2168128490447998,
          -0.9762056469917297,
          -0.003840470453724265,
          105.12855529785156
        ],
        [
          0.9758279919624329,
          -0.2168361246585846,
          0.027237677946686745,
          32.60127258300781
        ],
        [
          -0.027422325685620308,
          0.002157839946448803,
          0.9996216297149658,
          2.200347661972046
        ],
        [
          0.0,
          0.0,
          0.0,
          1.0
        ]
      ],
      "matrix_ego_from_sensor_carla": [
        [
          1.0,
          2.1485204726445772e-09,
          8.597047518321688e-10,
          -1.9073486328125e-06
        ],
        [
          -1.43679033115518e-08,
          1.0,
          -3.073823418020538e-10,
          7.62939453125e-06
        ],
        [
          6.315575840076804e-10,
          5.406558534204464e-11,
          1.0,
          2.1999998092651367
        ],
        [
          0.0,
          0.0,
          0.0,
          1.0
        ]
      ],
      "matrix_ego_from_sensor_bevfusion": [
        [
          1.0,
          -2.1485204726445772e-09,
          8.597047518321688e-10,
          -1.9073486328125e-06
        ],
        [
          1.43679033115518e-08,
          1.0,
          3.073823418020538e-10,
          -7.62939453125e-06
        ],
        [
          6.315575840076804e-10,
          -5.406558534204464e-11,
          1.0,
          2.1999998092651367
        ],
        [
          0.0,
          0.0,
          0.0,
          1.0
        ]
      ],
      "data_path": "D:\\Agent-AI\\outputs\\s3a_ml_long_v1\\sample_000020\\lidar\\LIDAR_TOP.npy",
      "raw_layout": [
        "x",
        "y",
        "z",
        "intensity"
      ]
    },
    "RADAR_FRONT": {
      "type_id": "sensor.other.radar",
      "blueprint_attributes": {
        "sensor_tick": "0.100000",
        "role_name": "default",
        "noise_seed": "0",
        "ros_name": "sensor.other.radar",
        "horizontal_fov": "35.0",
        "points_per_second": "1500",
        "vertical_fov": "20.0",
        "range": "120.0"
      },
      "transform_carla": {
        "location": {
          "x": 104.69992065429688,
          "y": -34.517520904541016,
          "z": 0.8459950089454651
        },
        "rotation": {
          "roll": 0.12368172407150269,
          "pitch": -1.5713804960250854,
          "yaw": -102.52669525146484
        }
      },
      "matrix_world_from_sensor_carla": [
        [
          -0.2168128490447998,
          0.9762056469917297,
          -0.003840470453724265,
          104.69992065429688
        ],
        [
          -0.9758279919624329,
          -0.2168361246585846,
          -0.027237677946686745,
          -34.517520904541016
        ],
        [
          -0.027422325685620308,
          -0.002157839946448803,
          0.9996216297149658,
          0.8459950089454651
        ],
        [
          0.0,
          0.0,
          0.0,
          1.0
        ]
      ],
      "matrix_world_from_sensor_bevfusion": [
        [
          -0.2168128490447998,
          -0.9762056469917297,
          -0.003840470453724265,
          104.69992065429688
        ],
        [
          0.9758279919624329,
          -0.2168361246585846,
          0.027237677946686745,
          34.517520904541016
        ],
        [
          -0.027422325685620308,
          0.002157839946448803,
          0.9996216297149658,
          0.8459950089454651
        ],
        [
          0.0,
          0.0,
          0.0,
          1.0
        ]
      ],
      "matrix_ego_from_sensor_carla": [
        [
          1.0,
          2.1485204726445772e-09,
          8.597047518321688e-10,
          2.0
        ],
        [
          -1.43679033115518e-08,
          1.0,
          -3.073823418020538e-10,
          7.62939453125e-06
        ],
        [
          6.315575840076804e-10,
          5.406558534204464e-11,
          1.0,
          0.8999999761581421
        ],
        [
          0.0,
          0.0,
          0.0,
          1.0
        ]
      ],
      "matrix_ego_from_sensor_bevfusion": [
        [
          1.0,
          -2.1485204726445772e-09,
          8.597047518321688e-10,
          2.0
        ],
        [
          1.43679033115518e-08,
          1.0,
          3.073823418020538e-10,
          -7.62939453125e-06
        ],
        [
          6.315575840076804e-10,
          -5.406558534204464e-11,
          1.0,
          0.8999999761581421
        ],
        [
          0.0,
          0.0,
          0.0,
          1.0
        ]
      ],
      "data_path": "D:\\Agent-AI\\outputs\\s3a_ml_long_v1\\sample_000020\\radar\\RADAR_FRONT.npy",
      "raw_layout": [
        "velocity",
        "altitude",
        "azimuth",
        "depth"
      ]
    },
    "RADAR_FRONT_LEFT": {
      "type_id": "sensor.other.radar",
      "blueprint_attributes": {
        "sensor_tick": "0.100000",
        "role_name": "default",
        "noise_seed": "0",
        "ros_name": "sensor.other.radar",
        "horizontal_fov": "35.0",
        "points_per_second": "1500",
        "vertical_fov": "20.0",
        "range": "120.0"
      },
      "transform_carla": {
        "location": {
          "x": 104.04364776611328,
          "y": -34.01335525512695,
          "z": 0.8572111129760742
        },
        "rotation": {
          "roll": 1.1986966133117676,
          "pitch": -1.0236198902130127,
          "yaw": -147.53567504882812
        }
      },
      "matrix_world_from_sensor_carla": [
        [
          -0.8435912132263184,
          0.536972165107727,
          -0.0038403701037168503,
          104.04364776611328
        ],
        [
          -0.5366886854171753,
          -0.8433405756950378,
          -0.027237623929977417,
          -34.01335525512695
        ],
        [
          -0.017864586785435677,
          -0.02091633901000023,
          0.9996216297149658,
          0.8572111129760742
        ],
        [
          0.0,
          0.0,
          0.0,
          1.0
        ]
      ],
      "matrix_world_from_sensor_bevfusion": [
        [
          -0.8435912132263184,
          -0.536972165107727,
          -0.0038403701037168503,
          104.04364776611328
        ],
        [
          0.5366886854171753,
          -0.8433405756950378,
          0.027237623929977417,
          34.01335525512695
        ],
        [
          -0.017864586785435677,
          0.02091633901000023,
          0.9996216297149658,
          0.8572111129760742
        ],
        [
          0.0,
          0.0,
          0.0,
          1.0
        ]
      ],
      "matrix_ego_from_sensor_carla": [
        [
          0.7071071267127991,
          0.7071064114570618,
          -7.364609899696006e-08,
          1.6500015258789062
        ],
        [
          -0.7071064710617065,
          0.7071070671081543,
          8.583995736444194e-08,
          -0.75
        ],
        [
          1.1271306732396624e-07,
          -1.3912536012128385e-08,
          1.0,
          0.8999998569488525
        ],
        [
          0.0,
          0.0,
          0.0,
          1.0
        ]
      ],
      "matrix_ego_from_sensor_bevfusion": [
        [
          0.7071071267127991,
          -0.7071064114570618,
          -7.364609899696006e-08,
          1.6500015258789062
        ],
        [
          0.7071064710617065,
          0.7071070671081543,
          -8.583995736444194e-08,
          0.75
        ],
        [
          1.1271306732396624e-07,
          1.3912536012128385e-08,
          1.0,
          0.8999998569488525
        ],
        [
          0.0,
          0.0,
          0.0,
          1.0
        ]
      ],
      "data_path": "D:\\Agent-AI\\outputs\\s3a_ml_long_v1\\sample_000020\\radar\\RADAR_FRONT_LEFT.npy",
      "raw_layout": [
        "velocity",
        "altitude",
        "azimuth",
        "depth"
      ]
    },
    "RADAR_FRONT_RIGHT": {
      "type_id": "sensor.other.radar",
      "blueprint_attributes": {
        "sensor_tick": "0.100000",
        "role_name": "default",
        "noise_seed": "0",
        "ros_name": "sensor.other.radar",
        "horizontal_fov": "35.0",
        "points_per_second": "1500",
