{
  "schema_version": "stage1.v1",
  "sample_name": "sample_000025",
  "sequence_index": 25,
  "previous_sample_name": "sample_000024",
  "frame_id": 3945,
  "timestamp": 41.63108658418059,
  "platform_timestamp": 16816492.8312098,
  "delta_seconds": 0.10000000149011612,
  "town": "Carla/Maps/Town10HD_Opt",
  "weather": {
    "cloudiness": 20.0,
    "dust_storm": 0.0,
    "fog_density": 2.0,
    "fog_distance": 0.75,
    "fog_falloff": 0.10000000149011612,
    "mie_scattering_scale": 0.029999999329447746,
    "precipitation": 0.0,
    "precipitation_deposits": 0.0,
    "rayleigh_scattering_scale": 0.03310000151395798,
    "scattering_intensity": 1.0,
    "sun_altitude_angle": 45.0,
    "sun_azimuth_angle": 300.0,
    "wetness": 0.0,
    "wind_intensity": 10.0
  },
  "sensor_names": [
    "CAM_FRONT",
    "CAM_FRONT_RIGHT",
    "CAM_FRONT_LEFT",
    "CAM_BACK",
    "CAM_BACK_LEFT",
    "CAM_BACK_RIGHT",
    "LIDAR_TOP",
    "RADAR_FRONT",
    "RADAR_FRONT_LEFT",
    "RADAR_FRONT_RIGHT",
    "RADAR_BACK_LEFT",
    "RADAR_BACK_RIGHT"
  ],
  "camera_order_for_model": [
    "CAM_FRONT",
    "CAM_FRONT_RIGHT",
    "CAM_FRONT_LEFT",
    "CAM_BACK",
    "CAM_BACK_LEFT",
    "CAM_BACK_RIGHT"
  ],
  "radar_order_for_model": [
    "RADAR_FRONT",
    "RADAR_FRONT_LEFT",
    "RADAR_FRONT_RIGHT",
    "RADAR_BACK_LEFT",
    "RADAR_BACK_RIGHT"
  ],
  "coordinate_notes": {
    "carla_world": "left-handed x-forward y-right z-up",
    "bevfusion_lidar": "x-forward y-left z-up",
    "camera_frame_for_model": "OpenCV style x-right y-down z-forward"
  },
  "ego": {
    "actor_id": 24,
    "transform_carla": {
      "location": {
        "x": 108.449462890625,
        "y": -33.72718048095703,
        "z": -0.0016546630067750812
      },
      "rotation": {
        "roll": 0.08649507910013199,
        "pitch": -0.8093568682670593,
        "yaw": -103.4521713256836
      }
    },
    "velocity_carla": [
      -0.21395839750766754,
      -0.824993371963501,
      0.0015452861553058028
    ],
    "angular_velocity_carla": [
      -4.825791358947754,
      0.9058207273483276,
      0.04601295292377472
    ],
    "matrix_world_from_ego_carla": [
      [
        -0.2326103299856186,
        0.9725683331489563,
        -0.0018178489990532398,
        108.449462890625
      ],
      [
        -0.9724674224853516,
        -0.23261253535747528,
        -0.014089105650782585,
        -33.72718048095703
      ],
      [
        -0.014125472865998745,
        -0.0015094727277755737,
        0.9998990893363953,
        -0.0016546630067750812
      ],
      [
        0.0,
        0.0,
        0.0,
        1.0
      ]
    ],
    "matrix_world_from_ego_bevfusion": [
      [
        -0.2326103299856186,
        -0.9725683331489563,
        -0.0018178489990532398,
        108.449462890625
      ],
      [
        0.9724674224853516,
        -0.23261253535747528,
        0.014089105650782585,
        33.72718048095703
      ],
      [
        -0.014125472865998745,
        0.0015094727277755737,
        0.9998990893363953,
        -0.0016546630067750812
      ],
      [
        0.0,
        0.0,
        0.0,
        1.0
      ]
    ]
  },
  "sensors": {
    "CAM_FRONT": {
      "type_id": "sensor.camera.rgb",
      "blueprint_attributes": {
        "role_name": "front",
        "ros_name": "sensor.camera.rgb",
        "chromatic_aberration_offset": "0.0",
        "sensor_tick": "0.100000",
        "fstop": "1.4",
        "image_size_x": "960",
        "image_size_y": "540",
        "fov": "70.00",
        "lens_circle_falloff": "5.0",
        "lens_circle_multiplier": "0.0",
        "exposure_compensation": "0.0",
        "lens_y_size": "0.08",
        "lens_k": "-1.0",
        "exposure_mode": "histogram",
        "lens_kcube": "0.0",
        "lens_x_size": "0.08",
        "exposure_max_bright": "12.0",
        "shutter_speed": "200.0",
        "bloom_intensity": "0.675",
        "iso": "100.0",
        "enable_postprocess_effects": "false",
        "gamma": "2.2",
        "motion_blur_intensity": "0.0",
        "motion_blur_max_distortion": "0.35",
        "lens_flare_intensity": "0.1",
        "motion_blur_min_object_screen_size": "0.1",
        "exposure_min_bright": "10.0",
        "exposure_speed_up": "3.0",
        "exposure_speed_down": "1.0",
        "tint": "0.0",
        "calibration_constant": "16.0",
        "focal_distance": "1000.0",
        "min_fstop": "1.2",
        "blade_count": "5",
        "blur_amount": "0.0",
        "blur_radius": "0.0",
        "slope": "0.88",
        "toe": "0.55",
        "white_clip": "0.04",
        "shoulder": "0.26",
        "black_clip": "0.0",
        "temp": "6500.0",
        "chromatic_aberration_intensity": "0.0"
      },
      "transform_carla": {
        "location": {
          "x": 108.08583068847656,
          "y": -35.25845718383789,
          "z": 1.6762793064117432
        },
        "rotation": {
          "roll": 0.08649507910013199,
          "pitch": -0.8093568682670593,
          "yaw": -103.4521713256836
        }
      },
      "matrix_world_from_sensor_carla": [
        [
          -0.2326103299856186,
          0.9725683331489563,
          -0.0018178489990532398,
          108.08583068847656
        ],
        [
          -0.9724674224853516,
          -0.23261253535747528,
          -0.014089105650782585,
          -35.25845718383789
        ],
        [
          -0.014125472865998745,
          -0.0015094727277755737,
          0.9998990893363953,
          1.6762793064117432
        ],
        [
          0.0,
          0.0,
          0.0,
          1.0
        ]
      ],
      "matrix_world_from_sensor_bevfusion": [
        [
          0.9725683331489563,
          0.0018178489990532398,
          -0.2326103299856186,
          108.08583068847656
        ],
        [
          0.23261253535747528,
          -0.014089105650782585,
          0.9724674224853516,
          35.25845718383789
        ],
        [
          -0.0015094727277755737,
          -0.9998990893363953,
          -0.014125472865998745,
          1.6762793064117432
        ],
        [
          0.0,
          0.0,
          0.0,
          1.0
        ]
      ],
      "matrix_ego_from_sensor_carla": [
        [
          1.0,
          -9.434153902532216e-09,
          4.872074965689421e-10,
          1.549999713897705
        ],
        [
          5.466768371320541e-09,
          1.0,
          5.064195590653853e-11,
          0.0
        ],
        [
          4.873014769479767e-10,
          5.065370345391784e-11,
          1.0,
          1.7000000476837158
        ],
        [
          0.0,
          0.0,
          0.0,
          1.0
        ]
      ],
      "matrix_ego_from_sensor_bevfusion": [
        [
          -9.434153902532216e-09,
          -4.872074965689421e-10,
          1.0,
          1.549999713897705
        ],
        [
          -1.0,
          5.064195590653853e-11,
          -5.466768371320541e-09,
          0.0
        ],
        [
          5.065370345391784e-11,
          -1.0,
          4.873014769479767e-10,
          1.7000000476837158
        ],
        [
          0.0,
          0.0,
          0.0,
          1.0
        ]
      ],
      "camera_intrinsics": [
        [
          685.5110473632812,
          0.0,
          480.0
        ],
        [
          0.0,
          685.5110473632812,
          270.0
        ],
        [
          0.0,
          0.0,
          1.0
        ]
      ],
      "data_path": "D:\\Agent-AI\\outputs\\s3a_left_v3\\sample_000025\\images\\CAM_FRONT.png",
      "raw_layout": "bgra8"
    },
    "CAM_FRONT_RIGHT": {
      "type_id": "sensor.camera.rgb",
      "blueprint_attributes": {
        "role_name": "front",
        "ros_name": "sensor.camera.rgb",
        "chromatic_aberration_offset": "0.0",
        "sensor_tick": "0.100000",
        "fstop": "1.4",
        "image_size_x": "960",
        "image_size_y": "540",
        "fov": "70.00",
        "lens_circle_falloff": "5.0",
        "lens_circle_multiplier": "0.0",
        "exposure_compensation": "0.0",
        "lens_y_size": "0.08",
        "lens_k": "-1.0",
        "exposure_mode": "histogram",
        "lens_kcube": "0.0",
        "lens_x_size": "0.08",
        "exposure_max_bright": "12.0",
        "shutter_speed": "200.0",
        "bloom_intensity": "0.675",
        "iso": "100.0",
        "enable_postprocess_effects": "false",
        "gamma": "2.2",
        "motion_blur_intensity": "0.0",
        "motion_blur_max_distortion": "0.35",
        "lens_flare_intensity": "0.1",
        "motion_blur_min_object_screen_size": "0.1",
        "exposure_min_bright": "10.0",
        "exposure_speed_up": "3.0",
        "exposure_speed_down": "1.0",
        "tint": "0.0",
        "calibration_constant": "16.0",
        "focal_distance": "1000.0",
        "min_fstop": "1.2",
        "blade_count": "5",
        "blur_amount": "0.0",
        "blur_radius": "0.0",
        "slope": "0.88",
        "toe": "0.55",
        "white_clip": "0.04",
        "shoulder": "0.26",
        "black_clip": "0.0",
        "temp": "6500.0",
        "chromatic_aberration_intensity": "0.0"
      },
      "transform_carla": {
        "location": {
          "x": 108.67889404296875,
          "y": -35.14327621459961,
          "z": 1.6789803504943848
        },
        "rotation": {
          "roll": -0.6133958697319031,
          "pitch": -0.5350633263587952,
          "yaw": -48.448665618896484
        }
      },
      "matrix_world_from_sensor_carla": [
        [
          0.6632618308067322,
          0.7483852505683899,
          -0.0018178676255047321,
          108.67889404296875
        ],
        [
          -0.7483291029930115,
          0.663178026676178,
          -0.0140890683978796,
          -35.14327621459961
        ],
        [
          -0.009338480420410633,
          0.010705105029046535,
          0.9998990893363953,
          1.6789803504943848
        ],
        [
          0.0,
          0.0,
          0.0,
          1.0
        ]
      ],
      "matrix_world_from_sensor_bevfusion": [
        [
          0.7483852505683899,
          0.0018178676255047321,
          0.6632618308067322,
          108.67889404296875
        ],
        [
          -0.663178026676178,
          -0.0140890683978796,
          0.7483291029930115,
          35.14327621459961
        ],
        [
          0.010705105029046535,
          -0.9998990893363953,
          -0.009338480420410633,
          1.6789803504943848
        ],
        [
          0.0,
          0.0,
          0.0,
          1.0
        ]
      ],
      "matrix_ego_from_sensor_carla": [
        [
          0.573576033115387,
          -0.8191524147987366,
          -3.2109081615772084e-08,
          1.299999713897705
        ],
        [
          0.8191521763801575,
          0.5735760927200317,
          -2.684129718488748e-08,
          0.5500030517578125
        ],
        [
          4.083200266791209e-08,
          -1.203225963308796e-08,
          1.0,
          1.6999998092651367
        ],
        [
          0.0,
          0.0,
          0.0,
          1.0
        ]
      ],
      "matrix_ego_from_sensor_bevfusion": [
        [
          -0.8191524147987366,
          3.2109081615772084e-08,
          0.573576033115387,
          1.299999713897705
        ],
        [
          -0.5735760927200317,
          -2.684129718488748e-08,
          -0.8191521763801575,
          -0.5500030517578125
        ],
        [
          -1.203225963308796e-08,
          -1.0,
          4.083200266791209e-08,
          1.6999998092651367
        ],
        [
          0.0,
          0.0,
          0.0,
          1.0
        ]
      ],
      "camera_intrinsics": [
        [
          685.5110473632812,
          0.0,
          480.0
        ],
        [
          0.0,
          685.5110473632812,
          270.0
        ],
        [
          0.0,
          0.0,
          1.0
        ]
      ],
      "data_path": "D:\\Agent-AI\\outputs\\s3a_left_v3\\sample_000025\\images\\CAM_FRONT_RIGHT.png",
      "raw_layout": "bgra8"
    },
    "CAM_FRONT_LEFT": {
      "type_id": "sensor.camera.rgb",
      "blueprint_attributes": {
        "role_name": "front",
        "ros_name": "sensor.camera.rgb",
        "chromatic_aberration_offset": "0.0",
        "sensor_tick": "0.100000",
        "fstop": "1.4",
        "image_size_x": "960",
        "image_size_y": "540",
        "fov": "70.00",
        "lens_circle_falloff": "5.0",
        "lens_circle_multiplier": "0.0",
        "exposure_compensation": "0.0",
        "lens_y_size": "0.08",
        "lens_k": "-1.0",
        "exposure_mode": "histogram",
        "lens_kcube": "0.0",
        "lens_x_size": "0.08",
        "exposure_max_bright": "12.0",
        "shutter_speed": "200.0",
        "bloom_intensity": "0.675",
        "iso": "100.0",
        "enable_postprocess_effects": "false",
        "gamma": "2.2",
        "motion_blur_intensity": "0.0",
        "motion_blur_max_distortion": "0.35",
        "lens_flare_intensity": "0.1",
        "motion_blur_min_object_screen_size": "0.1",
        "exposure_min_bright": "10.0",
        "exposure_speed_up": "3.0",
        "exposure_speed_down": "1.0",
        "tint": "0.0",
        "calibration_constant": "16.0",
        "focal_distance": "1000.0",
        "min_fstop": "1.2",
        "blade_count": "5",
        "blur_amount": "0.0",
        "blur_radius": "0.0",
        "slope": "0.88",
        "toe": "0.55",
        "white_clip": "0.04",
        "shoulder": "0.26",
        "black_clip": "0.0",
        "temp": "6500.0",
        "chromatic_aberration_intensity": "0.0"
      },
      "transform_carla": {
        "location": {
          "x": 107.60906219482422,
          "y": -34.88740539550781,
          "z": 1.6806408166885376
        },
        "rotation": {
          "roll": 0.7126058340072632,
          "pitch": -0.3933710753917694,
          "yaw": -158.4539794921875
        }
      },
      "matrix_world_from_sensor_carla": [
        [
          -0.9301010370254517,
          0.3672994077205658,
          -0.001817859709262848,
          107.60906219482422
        ],
        [
          -0.36723974347114563,
          -0.9300196170806885,
          -0.014089109376072884,
          -34.88740539550781
        ],
        [
          -0.006865566596388817,
          -0.012436704710125923,
          0.9998990893363953,
          1.6806408166885376
        ],
        [
          0.0,
          0.0,
          0.0,
          1.0
        ]
      ],
      "matrix_world_from_sensor_bevfusion": [
        [
          0.3672994077205658,
          0.001817859709262848,
          -0.9301010370254517,
          107.60906219482422
        ],
        [
          0.9300196170806885,
          -0.014089109376072884,
          0.36723974347114563,
          34.88740539550781
        ],
        [
          -0.012436704710125923,
          -0.9998990893363953,
          -0.006865566596388817,
          1.6806408166885376
        ],
        [
          0.0,
          0.0,
          0.0,
          1.0
        ]
      ],
      "matrix_ego_from_sensor_carla": [
        [
          0.5735767483711243,
          0.8191518187522888,
          6.075143055284116e-09,
          1.3000035285949707
        ],
        [
          -0.8191518187522888,
          0.5735767483711243,
          -9.495414232674193e-09,
          -0.5500106811523438
        ],
        [
          -1.080532374686527e-08,
          5.046173479072991e-10,
          1.0,
          1.6999999284744263
        ],
        [
          0.0,
          0.0,
          0.0,
          1.0
        ]
      ],
      "matrix_ego_from_sensor_bevfusion": [
        [
          0.8191518187522888,
          -6.075143055284116e-09,
          0.5735767483711243,
          1.3000035285949707
        ],
        [
          -0.5735767483711243,
          -9.495414232674193e-09,
          0.8191518187522888,
          0.5500106811523438
        ],
        [
          5.046173479072991e-10,
          -1.0,
          -1.080532374686527e-08,
          1.6999999284744263
        ],
        [
          0.0,
          0.0,
          0.0,
          1.0
        ]
      ],
      "camera_intrinsics": [
        [
          685.5110473632812,
          0.0,
          480.0
        ],
        [
          0.0,
          685.5110473632812,
          270.0
        ],
        [
          0.0,
          0.0,
          1.0
        ]
      ],
      "data_path": "D:\\Agent-AI\\outputs\\s3a_left_v3\\sample_000025\\images\\CAM_FRONT_LEFT.png",
      "raw_layout": "bgra8"
    },
    "CAM_BACK": {
      "type_id": "sensor.camera.rgb",
      "blueprint_attributes": {
        "role_name": "front",
        "ros_name": "sensor.camera.rgb",
        "chromatic_aberration_offset": "0.0",
        "sensor_tick": "0.100000",
        "fstop": "1.4",
        "image_size_x": "960",
        "image_size_y": "540",
        "fov": "70.00",
        "lens_circle_falloff": "5.0",
        "lens_circle_multiplier": "0.0",
        "exposure_compensation": "0.0",
        "lens_y_size": "0.08",
        "lens_k": "-1.0",
        "exposure_mode": "histogram",
        "lens_kcube": "0.0",
        "lens_x_size": "0.08",
        "exposure_max_bright": "12.0",
        "shutter_speed": "200.0",
        "bloom_intensity": "0.675",
        "iso": "100.0",
        "enable_postprocess_effects": "false",
        "gamma": "2.2",
        "motion_blur_intensity": "0.0",
        "motion_blur_max_distortion": "0.35",
        "lens_flare_intensity": "0.1",
        "motion_blur_min_object_screen_size": "0.1",
        "exposure_min_bright": "10.0",
        "exposure_speed_up": "3.0",
        "exposure_speed_down": "1.0",
        "tint": "0.0",
        "calibration_constant": "16.0",
        "focal_distance": "1000.0",
        "min_fstop": "1.2",
        "blade_count": "5",
        "blur_amount": "0.0",
        "blur_radius": "0.0",
        "slope": "0.88",
        "toe": "0.55",
        "white_clip": "0.04",
        "shoulder": "0.26",
        "black_clip": "0.0",
        "temp": "6500.0",
        "chromatic_aberration_intensity": "0.0"
      },
      "transform_carla": {
        "location": {
          "x": 108.80691528320312,
          "y": -32.24380874633789,
          "z": 1.7200682163238525
        },
        "rotation": {
          "roll": -0.08649475872516632,
          "pitch": 0.8093568682670593,
          "yaw": 76.54783630371094
        }
      },
      "matrix_world_from_sensor_carla": [
        [
          0.23261024057865143,
          -0.9725683331489563,
          -0.0018178533064201474,
          108.80691528320312
        ],
        [
          0.9724674224853516,
          0.23261244595050812,
          -0.01408910471946001,
          -32.24380874633789
        ],
        [
          0.014125472865998745,
          0.001509467139840126,
          0.9998990893363953,
          1.7200682163238525
        ],
        [
          0.0,
          0.0,
          0.0,
          1.0
        ]
      ],
      "matrix_world_from_sensor_bevfusion": [
        [
          -0.9725683331489563,
          0.0018178533064201474,
          0.23261024057865143,
          108.80691528320312
        ],
        [
          -0.23261244595050812,
          -0.01408910471946001,
          -0.9724674224853516,
          32.24380874633789
        ],
        [
          0.001509467139840126,
          -0.9998990893363953,
          0.014125472865998745,
          1.7200682163238525
        ],
        [
          0.0,
          0.0,
          0.0,
          1.0
        ]
      ],
      "matrix_ego_from_sensor_carla": [
        [
          -1.0,
          9.645896170695778e-08,
          4.872074965689421e-10,
          -1.5499987602233887
        ],
        [
          -9.487373375804964e-08,
          -0.9999999403953552,
          -4.373140072289061e-09,
          -7.62939453125e-06
        ],
        [
          4.4402109766750186e-10,
          -4.357456617753996e-09,
          1.0,
          1.6999999284744263
        ],
        [
          0.0,
          0.0,
          0.0,
          1.0
        ]
      ],
      "matrix_ego_from_sensor_bevfusion": [
        [
          9.645896170695778e-08,
          -4.872074965689421e-10,
          -1.0,
          -1.5499987602233887
        ],
        [
          0.9999999403953552,
          -4.373140072289061e-09,
          9.487373375804964e-08,
          7.62939453125e-06
        ],
        [
          -4.357456617753996e-09,
          -1.0,
          4.4402109766750186e-10,
          1.6999999284744263
        ],
        [
          0.0,
          0.0,
          0.0,
          1.0
        ]
      ],
      "camera_intrinsics": [
        [
          685.5110473632812,
          0.0,
          480.0
        ],
        [
          0.0,
          685.5110473632812,
          270.0
        ],
        [
          0.0,
          0.0,
          1.0
        ]
      ],
      "data_path": "D:\\Agent-AI\\outputs\\s3a_left_v3\\sample_000025\\images\\CAM_BACK.png",
      "raw_layout": "bgra8"
    },
    "CAM_BACK_LEFT": {
      "type_id": "sensor.camera.rgb",
      "blueprint_attributes": {
        "role_name": "front",
        "ros_name": "sensor.camera.rgb",
        "chromatic_aberration_offset": "0.0",
        "sensor_tick": "0.100000",
        "fstop": "1.4",
        "image_size_x": "960",
        "image_size_y": "540",
        "fov": "70.00",
        "lens_circle_falloff": "5.0",
        "lens_circle_multiplier": "0.0",
        "exposure_compensation": "0.0",
        "lens_y_size": "0.08",
        "lens_k": "-1.0",
        "exposure_mode": "histogram",
        "lens_kcube": "0.0",
        "lens_x_size": "0.08",
        "exposure_max_bright": "12.0",
        "shutter_speed": "200.0",
        "bloom_intensity": "0.675",
        "iso": "100.0",
        "enable_postprocess_effects": "false",
        "gamma": "2.2",
        "motion_blur_intensity": "0.0",
        "motion_blur_max_distortion": "0.35",
        "lens_flare_intensity": "0.1",
        "motion_blur_min_object_screen_size": "0.1",
        "exposure_min_bright": "10.0",
        "exposure_speed_up": "3.0",
        "exposure_speed_down": "1.0",
        "tint": "0.0",
        "calibration_constant": "16.0",
        "focal_distance": "1000.0",
        "min_fstop": "1.2",
        "blade_count": "5",
        "blur_amount": "0.0",
        "blur_radius": "0.0",
        "slope": "0.88",
        "toe": "0.55",
        "white_clip": "0.04",
        "shoulder": "0.26",
        "black_clip": "0.0",
        "temp": "6500.0",
        "chromatic_aberration_intensity": "0.0"
      },
      "transform_carla": {
        "location": {
          "x": 108.21385192871094,
          "y": -32.35898971557617,
          "z": 1.7173670530319214
        },
        "rotation": {
          "roll": 0.6133958697319031,
          "pitch": 0.5350633263587952,
          "yaw": 131.5513153076172
        }
      },
      "matrix_world_from_sensor_carla": [
        [
          -0.6632615923881531,
          -0.7483854293823242,
          -0.001817871816456318,
          108.21385192871094
        ],
        [
          0.7483292818069458,
          -0.6631777882575989,
          -0.0140890683978796,
          -32.35898971557617
        ],
        [
          0.009338480420410633,
          -0.010705105029046535,
          0.9998990893363953,
          1.7173670530319214
        ],
        [
          0.0,
          0.0,
          0.0,
          1.0
        ]
      ],
      "matrix_world_from_sensor_bevfusion": [
        [
          -0.7483854293823242,
          0.001817871816456318,
          -0.6632615923881531,
          108.21385192871094
        ],
        [
          0.6631777882575989,
          -0.0140890683978796,
          -0.7483292818069458,
          32.35898971557617
        ],
        [
          -0.010705105029046535,
          -0.9998990893363953,
          0.009338480420410633,
          1.7173670530319214
        ],
        [
          0.0,
          0.0,
          0.0,
          1.0
        ]
      ],
      "matrix_ego_from_sensor_carla": [
        [
          -0.5735762715339661,
          0.8191521763801575,
          -3.1177759041156605e-08,
          -1.2999978065490723
        ],
        [
          -0.8191519975662231,
          -0.5735762715339661,
          -3.091583522518704e-08,
          -0.5500030517578125
        ],
        [
          -4.362597039175853e-08,
          9.238291909241525e-09,
          1.0,
          1.6999999284744263
        ],
        [
          0.0,
          0.0,
          0.0,
          1.0
        ]
      ],
      "matrix_ego_from_sensor_bevfusion": [
        [
          0.8191521763801575,
          3.1177759041156605e-08,
          -0.5735762715339661,
          -1.2999978065490723
        ],
        [
          0.5735762715339661,
          -3.091583522518704e-08,
          0.8191519975662231,
          0.5500030517578125
        ],
        [
          9.238291909241525e-09,
          -1.0,
          -4.362597039175853e-08,
          1.6999999284744263
        ],
        [
          0.0,
          0.0,
          0.0,
          1.0
        ]
      ],
      "camera_intrinsics": [
        [
          685.5110473632812,
          0.0,
          480.0
        ],
        [
          0.0,
          685.5110473632812,
          270.0
        ],
        [
          0.0,
          0.0,
          1.0
        ]
      ],
      "data_path": "D:\\Agent-AI\\outputs\\s3a_left_v3\\sample_000025\\images\\CAM_BACK_LEFT.png",
      "raw_layout": "bgra8"
    },
    "CAM_BACK_RIGHT": {
      "type_id": "sensor.camera.rgb",
      "blueprint_attributes": {
        "role_name": "front",
        "ros_name": "sensor.camera.rgb",
        "chromatic_aberration_offset": "0.0",
        "sensor_tick": "0.100000",
        "fstop": "1.4",
        "image_size_x": "960",
        "image_size_y": "540",
        "fov": "70.00",
        "lens_circle_falloff": "5.0",
        "lens_circle_multiplier": "0.0",
        "exposure_compensation": "0.0",
        "lens_y_size": "0.08",
        "lens_k": "-1.0",
        "exposure_mode": "histogram",
        "lens_kcube": "0.0",
        "lens_x_size": "0.08",
        "exposure_max_bright": "12.0",
        "shutter_speed": "200.0",
        "bloom_intensity": "0.675",
        "iso": "100.0",
        "enable_postprocess_effects": "false",
        "gamma": "2.2",
        "motion_blur_intensity": "0.0",
        "motion_blur_max_distortion": "0.35",
        "lens_flare_intensity": "0.1",
        "motion_blur_min_object_screen_size": "0.1",
        "exposure_min_bright": "10.0",
        "exposure_speed_up": "3.0",
        "exposure_speed_down": "1.0",
        "tint": "0.0",
        "calibration_constant": "16.0",
        "focal_distance": "1000.0",
        "min_fstop": "1.2",
        "blade_count": "5",
        "blur_amount": "0.0",
        "blur_radius": "0.0",
        "slope": "0.88",
        "toe": "0.55",
        "white_clip": "0.04",
        "shoulder": "0.26",
        "black_clip": "0.0",
        "temp": "6500.0",
        "chromatic_aberration_intensity": "0.0"
      },
      "transform_carla": {
        "location": {
          "x": 109.28367614746094,
          "y": -32.614864349365234,
          "z": 1.7157065868377686
        },
        "rotation": {
          "roll": -0.7126057744026184,
          "pitch": 0.3933710753917694,
          "yaw": 21.545995712280273
        }
      },
      "matrix_world_from_sensor_carla": [
        [
          0.9301011562347412,
          -0.36729905009269714,
          -0.0018178648315370083,
          109.28367614746094
        ],
        [
          0.367239385843277,
          0.930019736289978,
          -0.014089107513427734,
          -32.614864349365234
        ],
        [
          0.006865566596388817,
          0.012436703778803349,
          0.9998990893363953,
          1.7157065868377686
        ],
        [
          0.0,
          0.0,
          0.0,
          1.0
        ]
      ],
      "matrix_world_from_sensor_bevfusion": [
        [
          -0.36729905009269714,
          0.0018178648315370083,
          0.9301011562347412,
          109.28367614746094
        ],
        [
          -0.930019736289978,
          -0.014089107513427734,
          -0.367239385843277,
          32.614864349365234
        ],
        [
          0.012436703778803349,
          -0.9998990893363953,
          0.006865566596388817,
          1.7157065868377686
        ],
        [
          0.0,
          0.0,
          0.0,
          1.0
        ]
      ],
      "matrix_ego_from_sensor_carla": [
        [
          -0.5735764503479004,
          -0.8191519975662231,
          6.075143055284116e-09,
          -1.2999963760375977
        ],
        [
          0.8191519975662231,
          -0.5735763907432556,
          -1.4850519036713195e-08,
          0.5499954223632812
        ],
        [
          1.5461937508121082e-08,
          -4.229813832523632e-09,
          1.0,
          1.6999999284744263
        ],
        [
          0.0,
          0.0,
          0.0,
          1.0
        ]
      ],
      "matrix_ego_from_sensor_bevfusion": [
        [
          -0.8191519975662231,
          -6.075143055284116e-09,
          -0.5735764503479004,
          -1.2999963760375977
        ],
        [
          0.5735763907432556,
          -1.4850519036713195e-08,
          -0.8191519975662231,
          -0.5499954223632812
        ],
        [
          -4.229813832523632e-09,
          -1.0,
          1.5461937508121082e-08,
          1.6999999284744263
        ],
        [
          0.0,
          0.0,
          0.0,
          1.0
        ]
      ],
      "camera_intrinsics": [
        [
          685.5110473632812,
          0.0,
          480.0
        ],
        [
          0.0,
          685.5110473632812,
          270.0
        ],
        [
          0.0,
          0.0,
          1.0
        ]
      ],
      "data_path": "D:\\Agent-AI\\outputs\\s3a_left_v3\\sample_000025\\images\\CAM_BACK_RIGHT.png",
      "raw_layout": "bgra8"
    },
    "LIDAR_TOP": {
      "type_id": "sensor.lidar.ray_cast",
      "blueprint_attributes": {
        "atmosphere_attenuation_rate": "0.004",
        "role_name": "front",
        "noise_seed": "0",
        "upper_fov": "10.0",
        "ros_name": "sensor.lidar.ray_cast",
        "sensor_tick": "0.100000",
        "channels": "32",
        "range": "120.0",
        "points_per_second": "360000",
        "lower_fov": "-30.0",
        "rotation_frequency": "10.000000",
        "horizontal_fov": "360.0",
        "dropoff_general_rate": "0.0",
        "dropoff_intensity_limit": "1.0",
        "noise_stddev": "0.0",
        "dropoff_zero_intensity": "0.0"
      },
      "transform_carla": {
        "location": {
          "x": 108.4454574584961,
          "y": -33.7581787109375,
          "z": 2.1981232166290283
        },
        "rotation": {
          "roll": 0.08649507910013199,
          "pitch": -0.8093568682670593,
          "yaw": -103.4521713256836
        }
      },
      "matrix_world_from_sensor_carla": [
        [
          -0.2326103299856186,
          0.9725683331489563,
          -0.0018178489990532398,
          108.4454574584961
        ],
        [
          -0.9724674224853516,
          -0.23261253535747528,
          -0.014089105650782585,
          -33.7581787109375
        ],
        [
          -0.014125472865998745,
          -0.0015094727277755737,
          0.9998990893363953,
          2.1981232166290283
        ],
        [
          0.0,
          0.0,
          0.0,
          1.0
        ]
      ],
      "matrix_world_from_sensor_bevfusion": [
        [
          -0.2326103299856186,
          -0.9725683331489563,
          -0.0018178489990532398,
          108.4454574584961
        ],
        [
          0.9724674224853516,
          -0.23261253535747528,
          0.014089105650782585,
          33.7581787109375
        ],
        [
          -0.014125472865998745,
          0.0015094727277755737,
          0.9998990893363953,
          2.1981232166290283
        ],
        [
          0.0,
          0.0,
          0.0,
          1.0
        ]
      ],
      "matrix_ego_from_sensor_carla": [
        [
          1.0,
          -9.434153902532216e-09,
          4.872074965689421e-10,
          1.9073486328125e-06
        ],
        [
          5.466768371320541e-09,
          1.0,
          5.064195590653853e-11,
          -7.62939453125e-06
        ],
        [
          4.873014769479767e-10,
          5.065370345391784e-11,
          1.0,
          2.200000047683716
        ],
        [
          0.0,
          0.0,
          0.0,
          1.0
        ]
      ],
      "matrix_ego_from_sensor_bevfusion": [
        [
          1.0,
          9.434153902532216e-09,
          4.872074965689421e-10,
          1.9073486328125e-06
        ],
        [
          -5.466768371320541e-09,
          1.0,
          -5.064195590653853e-11,
          7.62939453125e-06
        ],
        [
          4.873014769479767e-10,
          -5.065370345391784e-11,
          1.0,
          2.200000047683716
        ],
        [
          0.0,
          0.0,
          0.0,
          1.0
        ]
      ],
      "data_path": "D:\\Agent-AI\\outputs\\s3a_left_v3\\sample_000025\\lidar\\LIDAR_TOP.npy",
      "raw_layout": [
        "x",
        "y",
        "z",
        "intensity"
      ]
    },
    "RADAR_FRONT": {
      "type_id": "sensor.other.radar",
      "blueprint_attributes": {
        "sensor_tick": "0.100000",
        "role_name": "default",
        "noise_seed": "0",
        "ros_name": "sensor.other.radar",
        "horizontal_fov": "35.0",
        "points_per_second": "1500",
        "vertical_fov": "20.0",
        "range": "120.0"
      },
      "transform_carla": {
        "location": {
          "x": 107.98260498046875,
          "y": -35.68479537963867,
          "z": 0.8700035810470581
        },
        "rotation": {
          "roll": 0.08649507910013199,
          "pitch": -0.8093568682670593,
          "yaw": -103.4521713256836
        }
      },
      "matrix_world_from_sensor_carla": [
        [
          -0.2326103299856186,
          0.9725683331489563,
          -0.0018178489990532398,
          107.98260498046875
        ],
        [
          -0.9724674224853516,
          -0.23261253535747528,
          -0.014089105650782585,
          -35.68479537963867
        ],
        [
          -0.014125472865998745,
          -0.0015094727277755737,
          0.9998990893363953,
          0.8700035810470581
        ],
        [
          0.0,
          0.0,
          0.0,
          1.0
        ]
      ],
      "matrix_world_from_sensor_bevfusion": [
        [
          -0.2326103299856186,
          -0.9725683331489563,
          -0.0018178489990532398,
          107.98260498046875
        ],
        [
          0.9724674224853516,
          -0.23261253535747528,
          0.014089105650782585,
          35.68479537963867
        ],
        [
          -0.014125472865998745,
          0.0015094727277755737,
          0.9998990893363953,
          0.8700035810470581
        ],
        [
          0.0,
          0.0,
          0.0,
          1.0
        ]
      ],
      "matrix_ego_from_sensor_carla": [
        [
          1.0,
          -9.434153902532216e-09,
          4.872074965689421e-10,
          1.9999985694885254
        ],
        [
          5.466768371320541e-09,
          1.0,
          5.064195590653853e-11,
          -7.62939453125e-06
        ],
        [
          4.873014769479767e-10,
          5.065370345391784e-11,
          1.0,
          0.8999999761581421
        ],
        [
          0.0,
          0.0,
          0.0,
          1.0
        ]
      ],
      "matrix_ego_from_sensor_bevfusion": [
        [
          1.0,
          9.434153902532216e-09,
          4.872074965689421e-10,
          1.9999985694885254
        ],
        [
          -5.466768371320541e-09,
          1.0,
          -5.064195590653853e-11,
          7.62939453125e-06
        ],
        [
          4.873014769479767e-10,
          -5.065370345391784e-11,
          1.0,
          0.8999999761581421
        ],
        [
          0.0,
          0.0,
          0.0,
          1.0
        ]
      ],
      "data_path": "D:\\Agent-AI\\outputs\\s3a_left_v3\\sample_000025\\radar\\RADAR_FRONT.npy",
      "raw_layout": [
        "velocity",
        "altitude",
        "azimuth",
        "depth"
      ]
    },
    "RADAR_FRONT_LEFT": {
      "type_id": "sensor.other.radar",
      "blueprint_attributes": {
        "sensor_tick": "0.100000",
        "role_name": "default",
        "noise_seed": "0",
        "ros_name": "sensor.other.radar",
        "horizontal_fov": "35.0",
        "points_per_second": "1500",
        "vertical_fov": "20.0",
        "range": "120.0"
      },
      "transform_carla": {
        "location": {
          "x": 107.33458709716797,
          "y": -35.16997528076172,
          "z": 0.8760796189308167
        },
        "rotation": {
          "roll": 0.6334756016731262,
          "pitch": -0.5111303329467773,
          "yaw": -148.454345703125
        }
      },
      "matrix_world_from_sensor_carla": [
        [
          -0.8521896004676819,
          0.5232300162315369,
          -0.0018177814781665802,
          107.33458709716797
        ],
        [
          -0.5231571197509766,
          -0.8521198034286499,
          -0.014089066535234451,
          -35.16997528076172
        ],
        [
          -0.008920788764953613,
          -0.011055569164454937,
          0.9998990893363953,
          0.8760796189308167
        ],
        [
          0.0,
          0.0,
          0.0,
          1.0
        ]
      ],
      "matrix_world_from_sensor_bevfusion": [
        [
          -0.8521896004676819,
          -0.5232300162315369,
          -0.0018177814781665802,
          107.33458709716797
        ],
        [
          0.5231571197509766,
          -0.8521198034286499,
          0.014089066535234451,
          35.16997528076172
        ],
        [
          -0.008920788764953613,
          0.011055569164454937,
          0.9998990893363953,
          0.8760796189308167
        ],
        [
          0.0,
          0.0,
          0.0,
          1.0
        ]
      ],
      "matrix_ego_from_sensor_carla": [
        [
          0.7071073651313782,
          0.7071062326431274,
          -5.352950083192809e-08,
          1.6500029563903809
        ],
        [
          -0.7071061730384827,
          0.7071073651313782,
          5.662848678866794e-08,
          -0.7500076293945312
        ],
        [
          7.970752591290875e-08,
          -9.962347613523548e-11,
          1.0,
          0.9000000953674316
        ],
        [
          0.0,
          0.0,
          0.0,
          1.0
        ]
      ],
      "matrix_ego_from_sensor_bevfusion": [
        [
          0.7071073651313782,
          -0.7071062326431274,
          -5.352950083192809e-08,
          1.6500029563903809
        ],
        [
          0.7071061730384827,
          0.7071073651313782,
          -5.662848678866794e-08,
          0.7500076293945312
        ],
        [
          7.970752591290875e-08,
          9.962347613523548e-11,
          1.0,
          0.9000000953674316
        ],
        [
          0.0,
          0.0,
          0.0,
          1.0
        ]
      ],
      "data_path": "D:\\Agent-AI\\outputs\\s3a_left_v3\\sample_000025\\radar\\RADAR_FRONT_LEFT.npy",
      "raw_layout": [
        "velocity",
        "altitude",
        "azimuth",
        "depth"
      ]
    },
    "RADAR_FRONT_RIGHT": {
      "type_id": "sensor.other.radar",
      "blueprint_attributes": {
        "sensor_tick": "0.100000",
        "role_name": "default",
        "noise_seed": "0",
        "ros_name": "sensor.other.radar",
        "horizontal_fov": "35.0",
        "points_per_second": "1500",
