{
  "schema_version": "stage1.v1",
  "sample_name": "sample_000010",
  "sequence_index": 10,
  "previous_sample_name": "sample_000009",
  "frame_id": 60011,
  "timestamp": 436.01970076560974,
  "platform_timestamp": 16814565.2543378,
  "delta_seconds": 0.10000000149011612,
  "town": "Carla/Maps/Town10HD_Opt",
  "weather": {
    "cloudiness": 20.0,
    "dust_storm": 0.0,
    "fog_density": 2.0,
    "fog_distance": 0.75,
    "fog_falloff": 0.10000000149011612,
    "mie_scattering_scale": 0.029999999329447746,
    "precipitation": 0.0,
    "precipitation_deposits": 0.0,
    "rayleigh_scattering_scale": 0.03310000151395798,
    "scattering_intensity": 1.0,
    "sun_altitude_angle": 45.0,
    "sun_azimuth_angle": 300.0,
    "wetness": 0.0,
    "wind_intensity": 10.0
  },
  "sensor_names": [
    "CAM_FRONT",
    "CAM_FRONT_RIGHT",
    "CAM_FRONT_LEFT",
    "CAM_BACK",
    "CAM_BACK_LEFT",
    "CAM_BACK_RIGHT",
    "LIDAR_TOP",
    "RADAR_FRONT",
    "RADAR_FRONT_LEFT",
    "RADAR_FRONT_RIGHT",
    "RADAR_BACK_LEFT",
    "RADAR_BACK_RIGHT"
  ],
  "camera_order_for_model": [
    "CAM_FRONT",
    "CAM_FRONT_RIGHT",
    "CAM_FRONT_LEFT",
    "CAM_BACK",
    "CAM_BACK_LEFT",
    "CAM_BACK_RIGHT"
  ],
  "radar_order_for_model": [
    "RADAR_FRONT",
    "RADAR_FRONT_LEFT",
    "RADAR_FRONT_RIGHT",
    "RADAR_BACK_LEFT",
    "RADAR_BACK_RIGHT"
  ],
  "coordinate_notes": {
    "carla_world": "left-handed x-forward y-right z-up",
    "bevfusion_lidar": "x-forward y-left z-up",
    "camera_frame_for_model": "OpenCV style x-right y-down z-forward"
  },
  "ego": {
    "actor_id": 28,
    "transform_carla": {
      "location": {
        "x": 106.13206481933594,
        "y": -26.537479400634766,
        "z": -0.006594390608370304
      },
      "rotation": {
        "roll": 0.3963381052017212,
        "pitch": 0.6135558485984802,
        "yaw": -94.46967315673828
      }
    },
    "velocity_carla": [
      -0.8760395646095276,
      -8.081315994262695,
      -0.00021916389232501388
    ],
    "angular_velocity_carla": [
      0.8907420039176941,
      1.9903526306152344,
      -13.436278343200684
    ],
    "matrix_world_from_ego_carla": [
      [
        -0.07792691141366959,
        0.9969291090965271,
        0.007730809971690178,
        106.13206481933594
      ],
      [
        -0.9969015717506409,
        -0.07800336927175522,
        0.010136463679373264,
        -26.537479400634766
      ],
      [
        0.01070836465805769,
        -0.0069169532507658005,
        0.9999187588691711,
        -0.006594390608370304
      ],
      [
        0.0,
        0.0,
        0.0,
        1.0
      ]
    ],
    "matrix_world_from_ego_bevfusion": [
      [
        -0.07792691141366959,
        -0.9969291090965271,
        0.007730809971690178,
        106.13206481933594
      ],
      [
        0.9969015717506409,
        -0.07800336927175522,
        -0.010136463679373264,
        26.537479400634766
      ],
      [
        0.01070836465805769,
        0.0069169532507658005,
        0.9999187588691711,
        -0.006594390608370304
      ],
      [
        0.0,
        0.0,
        0.0,
        1.0
      ]
    ]
  },
  "sensors": {
    "CAM_FRONT": {
      "type_id": "sensor.camera.rgb",
      "blueprint_attributes": {
        "role_name": "front",
        "ros_name": "sensor.camera.rgb",
        "chromatic_aberration_offset": "0.0",
        "sensor_tick": "0.100000",
        "fstop": "1.4",
        "image_size_x": "960",
        "image_size_y": "540",
        "fov": "70.00",
        "lens_circle_falloff": "5.0",
        "lens_circle_multiplier": "0.0",
        "exposure_compensation": "0.0",
        "lens_y_size": "0.08",
        "lens_k": "-1.0",
        "exposure_mode": "histogram",
        "lens_kcube": "0.0",
        "lens_x_size": "0.08",
        "exposure_max_bright": "12.0",
        "shutter_speed": "200.0",
        "bloom_intensity": "0.675",
        "iso": "100.0",
        "enable_postprocess_effects": "false",
        "gamma": "2.2",
        "motion_blur_intensity": "0.0",
        "motion_blur_max_distortion": "0.35",
        "lens_flare_intensity": "0.1",
        "motion_blur_min_object_screen_size": "0.1",
        "exposure_min_bright": "10.0",
        "exposure_speed_up": "3.0",
        "exposure_speed_down": "1.0",
        "tint": "0.0",
        "calibration_constant": "16.0",
        "focal_distance": "1000.0",
        "min_fstop": "1.2",
        "blade_count": "5",
        "blur_amount": "0.0",
        "blur_radius": "0.0",
        "slope": "0.88",
        "toe": "0.55",
        "white_clip": "0.04",
        "shoulder": "0.26",
        "black_clip": "0.0",
        "temp": "6500.0",
        "chromatic_aberration_intensity": "0.0"
      },
      "transform_carla": {
        "location": {
          "x": 106.02442169189453,
          "y": -28.065446853637695,
          "z": 1.7098653316497803
        },
        "rotation": {
          "roll": 0.3963381052017212,
          "pitch": 0.6135558485984802,
          "yaw": -94.46967315673828
        }
      },
      "matrix_world_from_sensor_carla": [
        [
          -0.07792691141366959,
          0.9969291090965271,
          0.007730809971690178,
          106.02442169189453
        ],
        [
          -0.9969015717506409,
          -0.07800336927175522,
          0.010136463679373264,
          -28.065446853637695
        ],
        [
          0.01070836465805769,
          -0.0069169532507658005,
          0.9999187588691711,
          1.7098653316497803
        ],
        [
          0.0,
          0.0,
          0.0,
          1.0
        ]
      ],
      "matrix_world_from_sensor_bevfusion": [
        [
          0.9969291090965271,
          -0.007730809971690178,
          -0.07792691141366959,
          106.02442169189453
        ],
        [
          0.07800336927175522,
          0.010136463679373264,
          0.9969015717506409,
          28.065446853637695
        ],
        [
          -0.0069169532507658005,
          -0.9999187588691711,
          0.01070836465805769,
          1.7098653316497803
        ],
        [
          0.0,
          0.0,
          0.0,
          1.0
        ]
      ],
      "matrix_ego_from_sensor_carla": [
        [
          1.0,
          -1.4935148673345111e-09,
          -1.043694575209031e-10,
          1.5500030517578125
        ],
        [
          -1.4716869944919608e-09,
          1.0,
          -1.1206979788624949e-10,
          7.62939453125e-06
        ],
        [
          -7.42637729089779e-10,
          3.002127435536295e-10,
          1.0,
          1.6999998092651367
        ],
        [
          0.0,
          0.0,
          0.0,
          1.0
        ]
      ],
      "matrix_ego_from_sensor_bevfusion": [
        [
          -1.4935148673345111e-09,
          1.043694575209031e-10,
          1.0,
          1.5500030517578125
        ],
        [
          -1.0,
          -1.1206979788624949e-10,
          1.4716869944919608e-09,
          -7.62939453125e-06
        ],
        [
          3.002127435536295e-10,
          -1.0,
          -7.42637729089779e-10,
          1.6999998092651367
        ],
        [
          0.0,
          0.0,
          0.0,
          1.0
        ]
      ],
      "camera_intrinsics": [
        [
          685.5110473632812,
          0.0,
          480.0
        ],
        [
          0.0,
          685.5110473632812,
          270.0
        ],
        [
          0.0,
          0.0,
          1.0
        ]
      ],
      "data_path": "D:\\Agent-AI\\outputs\\s3a_ml_long_v2\\sample_000010\\images\\CAM_FRONT.png",
      "raw_layout": "bgra8"
    },
    "CAM_FRONT_RIGHT": {
      "type_id": "sensor.camera.rgb",
      "blueprint_attributes": {
        "role_name": "front",
        "ros_name": "sensor.camera.rgb",
        "chromatic_aberration_offset": "0.0",
        "sensor_tick": "0.100000",
        "fstop": "1.4",
        "image_size_x": "960",
        "image_size_y": "540",
        "fov": "70.00",
        "lens_circle_falloff": "5.0",
        "lens_circle_multiplier": "0.0",
        "exposure_compensation": "0.0",
        "lens_y_size": "0.08",
        "lens_k": "-1.0",
        "exposure_mode": "histogram",
        "lens_kcube": "0.0",
        "lens_x_size": "0.08",
        "exposure_max_bright": "12.0",
        "shutter_speed": "200.0",
        "bloom_intensity": "0.675",
        "iso": "100.0",
        "enable_postprocess_effects": "false",
        "gamma": "2.2",
        "motion_blur_intensity": "0.0",
        "motion_blur_max_distortion": "0.35",
        "lens_flare_intensity": "0.1",
        "motion_blur_min_object_screen_size": "0.1",
        "exposure_min_bright": "10.0",
        "exposure_speed_up": "3.0",
        "exposure_speed_down": "1.0",
        "tint": "0.0",
        "calibration_constant": "16.0",
        "focal_distance": "1000.0",
        "min_fstop": "1.2",
        "blade_count": "5",
        "blur_amount": "0.0",
        "blur_radius": "0.0",
        "slope": "0.88",
        "toe": "0.55",
        "white_clip": "0.04",
        "shoulder": "0.26",
        "black_clip": "0.0",
        "temp": "6500.0",
        "chromatic_aberration_intensity": "0.0"
      },
      "transform_carla": {
        "location": {
          "x": 106.59221649169922,
          "y": -27.85912322998047,
          "z": 1.7033840417861938
        },
        "rotation": {
          "roll": 0.7299211025238037,
          "pitch": 0.027272943407297134,
          "yaw": -39.471614837646484
        }
      },
      "matrix_world_from_sensor_carla": [
        [
          0.7719394564628601,
          0.6356490254402161,
          0.007730829995125532,
          106.59221649169922
        ],
        [
          -0.6356958150863647,
          0.7718730568885803,
          0.010136446915566921,
          -27.85912322998047
        ],
        [
          0.0004760026349686086,
          -0.012739179655909538,
          0.9999187588691711,
          1.7033840417861938
        ],
        [
          0.0,
          0.0,
          0.0,
          1.0
        ]
      ],
      "matrix_world_from_sensor_bevfusion": [
        [
          0.6356490254402161,
          -0.007730829995125532,
          0.7719394564628601,
          106.59221649169922
        ],
        [
          -0.7718730568885803,
          0.010136446915566921,
          0.6356958150863647,
          27.85912322998047
        ],
        [
          -0.012739179655909538,
          -0.9999187588691711,
          0.0004760026349686086,
          1.7033840417861938
        ],
        [
          0.0,
          0.0,
          0.0,
          1.0
        ]
      ],
      "matrix_ego_from_sensor_carla": [
        [
          0.5735763907432556,
          -0.8191520571708679,
          1.4796791347748695e-08,
          1.3000011444091797
        ],
        [
          0.8191520571708679,
          0.5735764503479004,
          2.1308348863158244e-08,
          0.5500106811523438
        ],
        [
          -2.6446651091305284e-08,
          1.0052949583894133e-09,
          1.0,
          1.6999998092651367
        ],
        [
          0.0,
          0.0,
          0.0,
          1.0
        ]
      ],
      "matrix_ego_from_sensor_bevfusion": [
        [
          -0.8191520571708679,
          -1.4796791347748695e-08,
          0.5735763907432556,
          1.3000011444091797
        ],
        [
          -0.5735764503479004,
          2.1308348863158244e-08,
          -0.8191520571708679,
          -0.5500106811523438
        ],
        [
          1.0052949583894133e-09,
          -1.0,
          -2.6446651091305284e-08,
          1.6999998092651367
        ],
        [
          0.0,
          0.0,
          0.0,
          1.0
        ]
      ],
      "camera_intrinsics": [
        [
          685.5110473632812,
          0.0,
          480.0
        ],
        [
          0.0,
          685.5110473632812,
          270.0
        ],
        [
          0.0,
          0.0,
          1.0
        ]
      ],
      "data_path": "D:\\Agent-AI\\outputs\\s3a_ml_long_v2\\sample_000010\\images\\CAM_FRONT_RIGHT.png",
      "raw_layout": "bgra8"
    },
    "CAM_FRONT_LEFT": {
      "type_id": "sensor.camera.rgb",
      "blueprint_attributes": {
        "role_name": "front",
        "ros_name": "sensor.camera.rgb",
        "chromatic_aberration_offset": "0.0",
        "sensor_tick": "0.100000",
        "fstop": "1.4",
        "image_size_x": "960",
        "image_size_y": "540",
        "fov": "70.00",
        "lens_circle_falloff": "5.0",
        "lens_circle_multiplier": "0.0",
        "exposure_compensation": "0.0",
        "lens_y_size": "0.08",
        "lens_k": "-1.0",
        "exposure_mode": "histogram",
        "lens_kcube": "0.0",
        "lens_x_size": "0.08",
        "exposure_max_bright": "12.0",
        "shutter_speed": "200.0",
        "bloom_intensity": "0.675",
        "iso": "100.0",
        "enable_postprocess_effects": "false",
        "gamma": "2.2",
        "motion_blur_intensity": "0.0",
        "motion_blur_max_distortion": "0.35",
        "lens_flare_intensity": "0.1",
        "motion_blur_min_object_screen_size": "0.1",
        "exposure_min_bright": "10.0",
        "exposure_speed_up": "3.0",
        "exposure_speed_down": "1.0",
        "tint": "0.0",
        "calibration_constant": "16.0",
        "focal_distance": "1000.0",
        "min_fstop": "1.2",
        "blade_count": "5",
        "blur_amount": "0.0",
        "blur_radius": "0.0",
        "slope": "0.88",
        "toe": "0.55",
        "white_clip": "0.04",
        "shoulder": "0.26",
        "black_clip": "0.0",
        "temp": "6500.0",
        "chromatic_aberration_intensity": "0.0"
      },
      "transform_carla": {
        "location": {
          "x": 105.49559020996094,
          "y": -27.773317337036133,
          "z": 1.7109925746917725
        },
        "rotation": {
          "roll": -0.275290846824646,
          "pitch": 0.6765643358230591,
          "yaw": -149.473388671875
        }
      },
      "matrix_world_from_sensor_carla": [
        [
          -0.8613332509994507,
          0.5079814791679382,
          0.007730716839432716,
          105.49559020996094
        ],
        [
          -0.5079030990600586,
          -0.8613545894622803,
          0.010136416181921959,
          -27.773317337036133
        ],
        [
          0.01180800050497055,
          0.004804377909749746,
          0.9999186992645264,
          1.7109925746917725
        ],
        [
          0.0,
          0.0,
          0.0,
          1.0
        ]
      ],
      "matrix_world_from_sensor_bevfusion": [
        [
          0.5079814791679382,
          -0.007730716839432716,
          -0.8613332509994507,
          105.49559020996094
        ],
        [
          0.8613545894622803,
          0.010136416181921959,
          0.5079030990600586,
          27.773317337036133
        ],
        [
          0.004804377909749746,
          -0.9999186992645264,
          0.01180800050497055,
          1.7109925746917725
        ],
        [
          0.0,
          0.0,
          0.0,
          1.0
        ]
      ],
      "matrix_ego_from_sensor_carla": [
        [
          0.5735768675804138,
          0.819151759147644,
          5.420539395117885e-08,
          1.3000011444091797
        ],
        [
          -0.8191516995429993,
          0.573576807975769,
          -8.910675575179994e-08,
          -0.5499954223632812
        ],
        [
          -1.0411368123186548e-07,
          6.143959119242481e-09,
          0.9999999403953552,
          1.6999998092651367
        ],
        [
          0.0,
          0.0,
          0.0,
          1.0
        ]
      ],
      "matrix_ego_from_sensor_bevfusion": [
        [
          0.819151759147644,
          -5.420539395117885e-08,
          0.5735768675804138,
          1.3000011444091797
        ],
        [
          -0.573576807975769,
          -8.910675575179994e-08,
          0.8191516995429993,
          0.5499954223632812
        ],
        [
          6.143959119242481e-09,
          -0.9999999403953552,
          -1.0411368123186548e-07,
          1.6999998092651367
        ],
        [
          0.0,
          0.0,
          0.0,
          1.0
        ]
      ],
      "camera_intrinsics": [
        [
          685.5110473632812,
          0.0,
          480.0
        ],
        [
          0.0,
          685.5110473632812,
          270.0
        ],
        [
          0.0,
          0.0,
          1.0
        ]
      ],
      "data_path": "D:\\Agent-AI\\outputs\\s3a_ml_long_v2\\sample_000010\\images\\CAM_FRONT_LEFT.png",
      "raw_layout": "bgra8"
    },
    "CAM_BACK": {
      "type_id": "sensor.camera.rgb",
      "blueprint_attributes": {
        "role_name": "front",
        "ros_name": "sensor.camera.rgb",
        "chromatic_aberration_offset": "0.0",
        "sensor_tick": "0.100000",
        "fstop": "1.4",
        "image_size_x": "960",
        "image_size_y": "540",
        "fov": "70.00",
        "lens_circle_falloff": "5.0",
        "lens_circle_multiplier": "0.0",
        "exposure_compensation": "0.0",
        "lens_y_size": "0.08",
        "lens_k": "-1.0",
        "exposure_mode": "histogram",
        "lens_kcube": "0.0",
        "lens_x_size": "0.08",
        "exposure_max_bright": "12.0",
        "shutter_speed": "200.0",
        "bloom_intensity": "0.675",
        "iso": "100.0",
        "enable_postprocess_effects": "false",
        "gamma": "2.2",
        "motion_blur_intensity": "0.0",
        "motion_blur_max_distortion": "0.35",
        "lens_flare_intensity": "0.1",
        "motion_blur_min_object_screen_size": "0.1",
        "exposure_min_bright": "10.0",
        "exposure_speed_up": "3.0",
        "exposure_speed_down": "1.0",
        "tint": "0.0",
        "calibration_constant": "16.0",
        "focal_distance": "1000.0",
        "min_fstop": "1.2",
        "blade_count": "5",
        "blur_amount": "0.0",
        "blur_radius": "0.0",
        "slope": "0.88",
        "toe": "0.55",
        "white_clip": "0.04",
        "shoulder": "0.26",
        "black_clip": "0.0",
        "temp": "6500.0",
        "chromatic_aberration_intensity": "0.0"
      },
      "transform_carla": {
        "location": {
          "x": 106.2659912109375,
          "y": -24.97504997253418,
          "z": 1.6766694784164429
        },
        "rotation": {
          "roll": -0.39633825421333313,
          "pitch": -0.6135558485984802,
          "yaw": 85.53034973144531
        }
      },
      "matrix_world_from_sensor_carla": [
        [
          0.07792659103870392,
          -0.9969291090965271,
          0.007730809040367603,
          106.2659912109375
        ],
        [
          0.9969015717506409,
          0.07800304889678955,
          0.010136465542018414,
          -24.97504997253418
        ],
        [
          -0.01070836465805769,
          0.006916955579072237,
          0.9999187588691711,
          1.6766694784164429
        ],
        [
          0.0,
          0.0,
          0.0,
          1.0
        ]
      ],
      "matrix_world_from_sensor_bevfusion": [
        [
          -0.9969291090965271,
          -0.007730809040367603,
          0.07792659103870392,
          106.2659912109375
        ],
        [
          -0.07800304889678955,
          0.010136465542018414,
          -0.9969015717506409,
          24.97504997253418
        ],
        [
          0.006916955579072237,
          -0.9999187588691711,
          -0.01070836465805769,
          1.6766694784164429
        ],
        [
          0.0,
          0.0,
          0.0,
          1.0
        ]
      ],
      "matrix_ego_from_sensor_carla": [
        [
          -1.0,
          3.2090389368022443e-07,
          -1.967014551240709e-09,
          -1.5499992370605469
        ],
        [
          -3.189032895534183e-07,
          -1.0,
          -1.043392372501728e-09,
          0.0
        ],
        [
          -2.0513299947566566e-09,
          -1.2317246111948066e-09,
          1.0,
          1.6999998092651367
        ],
        [
          0.0,
          0.0,
          0.0,
          1.0
        ]
      ],
      "matrix_ego_from_sensor_bevfusion": [
        [
          3.2090389368022443e-07,
          1.967014551240709e-09,
          -1.0,
          -1.5499992370605469
        ],
        [
          1.0,
          -1.043392372501728e-09,
          3.189032895534183e-07,
          0.0
        ],
        [
          -1.2317246111948066e-09,
          -1.0,
          -2.0513299947566566e-09,
          1.6999998092651367
        ],
        [
          0.0,
          0.0,
          0.0,
          1.0
        ]
      ],
      "camera_intrinsics": [
        [
          685.5110473632812,
          0.0,
          480.0
        ],
        [
          0.0,
          685.5110473632812,
          270.0
        ],
        [
          0.0,
          0.0,
          1.0
        ]
      ],
      "data_path": "D:\\Agent-AI\\outputs\\s3a_ml_long_v2\\sample_000010\\images\\CAM_BACK.png",
      "raw_layout": "bgra8"
    },
    "CAM_BACK_LEFT": {
      "type_id": "sensor.camera.rgb",
      "blueprint_attributes": {
        "role_name": "front",
        "ros_name": "sensor.camera.rgb",
        "chromatic_aberration_offset": "0.0",
        "sensor_tick": "0.100000",
        "fstop": "1.4",
        "image_size_x": "960",
        "image_size_y": "540",
        "fov": "70.00",
        "lens_circle_falloff": "5.0",
        "lens_circle_multiplier": "0.0",
        "exposure_compensation": "0.0",
        "lens_y_size": "0.08",
        "lens_k": "-1.0",
        "exposure_mode": "histogram",
        "lens_kcube": "0.0",
        "lens_x_size": "0.08",
        "exposure_max_bright": "12.0",
        "shutter_speed": "200.0",
        "bloom_intensity": "0.675",
        "iso": "100.0",
        "enable_postprocess_effects": "false",
        "gamma": "2.2",
        "motion_blur_intensity": "0.0",
        "motion_blur_max_distortion": "0.35",
        "lens_flare_intensity": "0.1",
        "motion_blur_min_object_screen_size": "0.1",
        "exposure_min_bright": "10.0",
        "exposure_speed_up": "3.0",
        "exposure_speed_down": "1.0",
        "tint": "0.0",
        "calibration_constant": "16.0",
        "focal_distance": "1000.0",
        "min_fstop": "1.2",
        "blade_count": "5",
        "blur_amount": "0.0",
        "blur_radius": "0.0",
        "slope": "0.88",
        "toe": "0.55",
        "white_clip": "0.04",
        "shoulder": "0.26",
        "black_clip": "0.0",
        "temp": "6500.0",
        "chromatic_aberration_intensity": "0.0"
      },
      "transform_carla": {
        "location": {
          "x": 105.69820404052734,
          "y": -25.181373596191406,
          "z": 1.6831507682800293
        },
        "rotation": {
          "roll": -0.7299211025238037,
          "pitch": -0.027272943407297134,
          "yaw": 140.5283966064453
        }
      },
      "matrix_world_from_sensor_carla": [
        [
          -0.7719396352767944,
          -0.6356488466262817,
          0.007730827201157808,
          105.69820404052734
        ],
        [
          0.6356956362724304,
          -0.7718732357025146,
          0.01013644877821207,
          -25.181373596191406
        ],
        [
          -0.0004760026349686086,
          0.012739179655909538,
          0.9999187588691711,
          1.6831507682800293
        ],
        [
          0.0,
          0.0,
          0.0,
          1.0
        ]
      ],
      "matrix_world_from_sensor_bevfusion": [
        [
          -0.6356488466262817,
          -0.007730827201157808,
          -0.7719396352767944,
          105.69820404052734
        ],
        [
          0.7718732357025146,
          0.01013644877821207,
          -0.6356956362724304,
          25.181373596191406
        ],
        [
          0.012739179655909538,
          -0.9999187588691711,
          -0.0004760026349686086,
          1.6831507682800293
        ],
        [
          0.0,
          0.0,
          0.0,
          1.0
        ]
      ],
      "matrix_ego_from_sensor_carla": [
        [
          -0.5735762119293213,
          0.8191522359848022,
          1.3865468773133216e-08,
          -1.2999992370605469
        ],
        [
          -0.8191522359848022,
          -0.5735762715339661,
          1.851438113931181e-08,
          -0.54998779296875
        ],
        [
          2.3245229741064577e-08,
          -1.0052949583894133e-09,
          1.0,
          1.6999998092651367
        ],
        [
          0.0,
          0.0,
          0.0,
          1.0
        ]
      ],
      "matrix_ego_from_sensor_bevfusion": [
        [
          0.8191522359848022,
          -1.3865468773133216e-08,
          -0.5735762119293213,
          -1.2999992370605469
        ],
        [
          0.5735762715339661,
          1.851438113931181e-08,
          0.8191522359848022,
          0.54998779296875
        ],
        [
          -1.0052949583894133e-09,
          -1.0,
          2.3245229741064577e-08,
          1.6999998092651367
        ],
        [
          0.0,
          0.0,
          0.0,
          1.0
        ]
      ],
      "camera_intrinsics": [
        [
          685.5110473632812,
          0.0,
          480.0
        ],
        [
          0.0,
          685.5110473632812,
          270.0
        ],
        [
          0.0,
          0.0,
          1.0
        ]
      ],
      "data_path": "D:\\Agent-AI\\outputs\\s3a_ml_long_v2\\sample_000010\\images\\CAM_BACK_LEFT.png",
      "raw_layout": "bgra8"
    },
    "CAM_BACK_RIGHT": {
      "type_id": "sensor.camera.rgb",
      "blueprint_attributes": {
        "role_name": "front",
        "ros_name": "sensor.camera.rgb",
        "chromatic_aberration_offset": "0.0",
        "sensor_tick": "0.100000",
        "fstop": "1.4",
        "image_size_x": "960",
        "image_size_y": "540",
        "fov": "70.00",
        "lens_circle_falloff": "5.0",
        "lens_circle_multiplier": "0.0",
        "exposure_compensation": "0.0",
        "lens_y_size": "0.08",
        "lens_k": "-1.0",
        "exposure_mode": "histogram",
        "lens_kcube": "0.0",
        "lens_x_size": "0.08",
        "exposure_max_bright": "12.0",
        "shutter_speed": "200.0",
        "bloom_intensity": "0.675",
        "iso": "100.0",
        "enable_postprocess_effects": "false",
        "gamma": "2.2",
        "motion_blur_intensity": "0.0",
        "motion_blur_max_distortion": "0.35",
        "lens_flare_intensity": "0.1",
        "motion_blur_min_object_screen_size": "0.1",
        "exposure_min_bright": "10.0",
        "exposure_speed_up": "3.0",
        "exposure_speed_down": "1.0",
        "tint": "0.0",
        "calibration_constant": "16.0",
        "focal_distance": "1000.0",
        "min_fstop": "1.2",
        "blade_count": "5",
        "blur_amount": "0.0",
        "blur_radius": "0.0",
        "slope": "0.88",
        "toe": "0.55",
        "white_clip": "0.04",
        "shoulder": "0.26",
        "black_clip": "0.0",
        "temp": "6500.0",
        "chromatic_aberration_intensity": "0.0"
      },
      "transform_carla": {
        "location": {
          "x": 106.7948226928711,
          "y": -25.26717758178711,
          "z": 1.6755422353744507
        },
        "rotation": {
          "roll": 0.27529093623161316,
          "pitch": -0.6765643358230591,
          "yaw": 30.526586532592773
        }
      },
      "matrix_world_from_sensor_carla": [
        [
          0.8613334894180298,
          -0.5079811215400696,
          0.007730721030384302,
          106.7948226928711
        ],
        [
          0.5079027414321899,
          0.8613548278808594,
          0.01013641431927681,
          -25.26717758178711
        ],
        [
          -0.01180800050497055,
          -0.004804379306733608,
          0.9999186992645264,
          1.6755422353744507
        ],
        [
          0.0,
          0.0,
          0.0,
          1.0
        ]
      ],
      "matrix_world_from_sensor_bevfusion": [
        [
          -0.5079811215400696,
          -0.007730721030384302,
          0.8613334894180298,
          106.7948226928711
        ],
        [
          -0.8613548278808594,
          0.01013641431927681,
          -0.5079027414321899,
          25.26717758178711
        ],
        [
          -0.004804379306733608,
          -0.9999186992645264,
          -0.01180800050497055,
          1.6755422353744507
        ],
        [
          0.0,
          0.0,
          0.0,
          1.0
        ]
      ],
      "matrix_ego_from_sensor_carla": [
        [
          -0.5735765099525452,
          -0.8191519975662231,
          5.513671652579433e-08,
          -1.2999992370605469
        ],
        [
          0.8191519379615784,
          -0.5735764503479004,
          -8.445014287872254e-08,
          0.5500030517578125
        ],
        [
          1.0318235865725e-07,
          -2.4185553559874506e-09,
          0.9999999403953552,
          1.6999998092651367
        ],
        [
          0.0,
          0.0,
          0.0,
          1.0
        ]
      ],
      "matrix_ego_from_sensor_bevfusion": [
        [
          -0.8191519975662231,
          -5.513671652579433e-08,
          -0.5735765099525452,
          -1.2999992370605469
        ],
        [
          0.5735764503479004,
          -8.445014287872254e-08,
          -0.8191519379615784,
          -0.5500030517578125
        ],
        [
          -2.4185553559874506e-09,
          -0.9999999403953552,
          1.0318235865725e-07,
          1.6999998092651367
        ],
        [
          0.0,
          0.0,
          0.0,
          1.0
        ]
      ],
      "camera_intrinsics": [
        [
          685.5110473632812,
          0.0,
          480.0
        ],
        [
          0.0,
          685.5110473632812,
          270.0
        ],
        [
          0.0,
          0.0,
          1.0
        ]
      ],
      "data_path": "D:\\Agent-AI\\outputs\\s3a_ml_long_v2\\sample_000010\\images\\CAM_BACK_RIGHT.png",
      "raw_layout": "bgra8"
    },
    "LIDAR_TOP": {
      "type_id": "sensor.lidar.ray_cast",
      "blueprint_attributes": {
        "atmosphere_attenuation_rate": "0.004",
        "role_name": "front",
        "noise_seed": "0",
        "upper_fov": "10.0",
        "ros_name": "sensor.lidar.ray_cast",
        "sensor_tick": "0.100000",
        "channels": "32",
        "range": "120.0",
        "points_per_second": "360000",
        "lower_fov": "-30.0",
        "rotation_frequency": "10.000000",
        "horizontal_fov": "360.0",
        "dropoff_general_rate": "0.0",
        "dropoff_intensity_limit": "1.0",
        "noise_stddev": "0.0",
        "dropoff_zero_intensity": "0.0"
      },
      "transform_carla": {
        "location": {
          "x": 106.14907836914062,
          "y": -26.515180587768555,
          "z": 2.1932268142700195
        },
        "rotation": {
          "roll": 0.3963381052017212,
          "pitch": 0.6135558485984802,
          "yaw": -94.46967315673828
        }
      },
      "matrix_world_from_sensor_carla": [
        [
          -0.07792691141366959,
          0.9969291090965271,
          0.007730809971690178,
          106.14907836914062
        ],
        [
          -0.9969015717506409,
          -0.07800336927175522,
          0.010136463679373264,
          -26.515180587768555
        ],
        [
          0.01070836465805769,
          -0.0069169532507658005,
          0.9999187588691711,
          2.1932268142700195
        ],
        [
          0.0,
          0.0,
          0.0,
          1.0
        ]
      ],
      "matrix_world_from_sensor_bevfusion": [
        [
          -0.07792691141366959,
          -0.9969291090965271,
          0.007730809971690178,
          106.14907836914062
        ],
        [
          0.9969015717506409,
          -0.07800336927175522,
          -0.010136463679373264,
          26.515180587768555
        ],
        [
          0.01070836465805769,
          0.0069169532507658005,
          0.9999187588691711,
          2.1932268142700195
        ],
        [
          0.0,
          0.0,
          0.0,
          1.0
        ]
      ],
      "matrix_ego_from_sensor_carla": [
        [
          1.0,
          -1.4935148673345111e-09,
          -1.043694575209031e-10,
          0.0
        ],
        [
          -1.4716869944919608e-09,
          1.0,
          -1.1206979788624949e-10,
          1.52587890625e-05
        ],
        [
          -7.42637729089779e-10,
          3.002127435536295e-10,
          1.0,
          2.1999998092651367
        ],
        [
          0.0,
          0.0,
          0.0,
          1.0
        ]
      ],
      "matrix_ego_from_sensor_bevfusion": [
        [
          1.0,
          1.4935148673345111e-09,
          -1.043694575209031e-10,
          0.0
        ],
        [
          1.4716869944919608e-09,
          1.0,
          1.1206979788624949e-10,
          -1.52587890625e-05
        ],
        [
          -7.42637729089779e-10,
          -3.002127435536295e-10,
          1.0,
          2.1999998092651367
        ],
        [
          0.0,
          0.0,
          0.0,
          1.0
        ]
      ],
      "data_path": "D:\\Agent-AI\\outputs\\s3a_ml_long_v2\\sample_000010\\lidar\\LIDAR_TOP.npy",
      "raw_layout": [
        "x",
        "y",
        "z",
        "intensity"
      ]
    },
    "RADAR_FRONT": {
      "type_id": "sensor.other.radar",
      "blueprint_attributes": {
        "sensor_tick": "0.100000",
        "role_name": "default",
        "noise_seed": "0",
        "ros_name": "sensor.other.radar",
        "horizontal_fov": "35.0",
        "points_per_second": "1500",
        "vertical_fov": "20.0",
        "range": "120.0"
      },
      "transform_carla": {
        "location": {
          "x": 105.98316955566406,
          "y": -28.522159576416016,
          "z": 0.9147491455078125
        },
        "rotation": {
          "roll": 0.3963381052017212,
          "pitch": 0.6135558485984802,
          "yaw": -94.46967315673828
        }
      },
      "matrix_world_from_sensor_carla": [
        [
          -0.07792691141366959,
          0.9969291090965271,
          0.007730809971690178,
          105.98316955566406
        ],
        [
          -0.9969015717506409,
          -0.07800336927175522,
          0.010136463679373264,
          -28.522159576416016
        ],
        [
          0.01070836465805769,
          -0.0069169532507658005,
          0.9999187588691711,
          0.9147491455078125
        ],
        [
          0.0,
          0.0,
          0.0,
          1.0
        ]
      ],
      "matrix_world_from_sensor_bevfusion": [
        [
          -0.07792691141366959,
          -0.9969291090965271,
          0.007730809971690178,
          105.98316955566406
        ],
        [
          0.9969015717506409,
          -0.07800336927175522,
          -0.010136463679373264,
          28.522159576416016
        ],
        [
          0.01070836465805769,
          0.0069169532507658005,
          0.9999187588691711,
          0.9147491455078125
        ],
        [
          0.0,
          0.0,
          0.0,
          1.0
        ]
      ],
      "matrix_ego_from_sensor_carla": [
        [
          1.0,
          -1.4935148673345111e-09,
          -1.043694575209031e-10,
          2.000001907348633
        ],
        [
          -1.4716869944919608e-09,
          1.0,
          -1.1206979788624949e-10,
          7.62939453125e-06
        ],
        [
          -7.42637729089779e-10,
          3.002127435536295e-10,
          1.0,
          0.8999999165534973
        ],
        [
          0.0,
          0.0,
          0.0,
          1.0
        ]
      ],
      "matrix_ego_from_sensor_bevfusion": [
        [
          1.0,
          1.4935148673345111e-09,
          -1.043694575209031e-10,
          2.000001907348633
        ],
        [
          1.4716869944919608e-09,
          1.0,
          1.1206979788624949e-10,
          -7.62939453125e-06
        ],
        [
          -7.42637729089779e-10,
          -3.002127435536295e-10,
          1.0,
          0.8999999165534973
        ],
        [
          0.0,
          0.0,
          0.0,
          1.0
        ]
      ],
      "data_path": "D:\\Agent-AI\\outputs\\s3a_ml_long_v2\\sample_000010\\radar\\RADAR_FRONT.npy",
      "raw_layout": [
        "velocity",
        "altitude",
        "azimuth",
        "depth"
      ]
    },
    "RADAR_FRONT_LEFT": {
      "type_id": "sensor.other.radar",
      "blueprint_attributes": {
        "sensor_tick": "0.100000",
        "role_name": "default",
        "noise_seed": "0",
        "ros_name": "sensor.other.radar",
        "horizontal_fov": "35.0",
        "points_per_second": "1500",
        "vertical_fov": "20.0",
        "range": "120.0"
      },
      "transform_carla": {
        "location": {
          "x": 105.26274871826172,
          "y": -28.114742279052734,
          "z": 0.9161890149116516
        },
        "rotation": {
          "roll": -0.15361827611923218,
          "pitch": 0.7140962481498718,
          "yaw": -139.47276306152344
        }
      },
      "matrix_world_from_sensor_carla": [
        [
          -0.7600381374359131,
          0.6498324871063232,
          0.007730832323431969,
          105.26274871826172
        ],
        [
          -0.6497589349746704,
          -0.7600727081298828,
          0.010136479511857033,
          -28.114742279052734
        ],
        [
          0.012463008053600788,
          0.0026809333357959986,
          0.9999187588691711,
          0.9161890149116516
        ],
        [
          0.0,
          0.0,
          0.0,
          1.0
        ]
      ],
      "matrix_world_from_sensor_bevfusion": [
        [
          -0.7600381374359131,
          -0.6498324871063232,
          0.007730832323431969,
          105.26274871826172
        ],
        [
          0.6497589349746704,
          -0.7600727081298828,
          -0.010136479511857033,
          28.114742279052734
        ],
        [
          0.012463008053600788,
          -0.0026809333357959986,
          0.9999187588691711,
          0.9161890149116516
        ],
        [
          0.0,
          0.0,
          0.0,
          1.0
        ]
      ],
      "matrix_ego_from_sensor_carla": [
        [
          0.7071065902709961,
          0.7071069478988647,
          -1.7799498763793054e-08,
          1.6500015258789062
        ],
        [
          -0.7071069478988647,
          0.7071065902709961,
          2.1308348863158244e-08,
          -0.7499923706054688
        ],
        [
          2.61042725213656e-08,
          -2.593506520653932e-09,
          1.0,
          0.9000000357627869
        ],
        [
          0.0,
          0.0,
          0.0,
          1.0
        ]
      ],
      "matrix_ego_from_sensor_bevfusion": [
        [
          0.7071065902709961,
          -0.7071069478988647,
          -1.7799498763793054e-08,
          1.6500015258789062
        ],
        [
          0.7071069478988647,
          0.7071065902709961,
          -2.1308348863158244e-08,
          0.7499923706054688
        ],
        [
          2.61042725213656e-08,
          2.593506520653932e-09,
          1.0,
          0.9000000357627869
        ],
        [
          0.0,
          0.0,
          0.0,
          1.0
        ]
      ],
      "data_path": "D:\\Agent-AI\\outputs\\s3a_ml_long_v2\\sample_000010\\radar\\RADAR_FRONT_LEFT.npy",
      "raw_layout": [
        "velocity",
        "altitude",
        "azimuth",
        "depth"
      ]
    },
    "RADAR_FRONT_RIGHT": {
      "type_id": "sensor.other.radar",
      "blueprint_attributes": {
        "sensor_tick": "0.100000",
        "role_name": "default",
        "noise_seed": "0",
        "ros_name": "sensor.other.radar",
