{
  "schema_version": "stage1.v1",
  "sample_name": "sample_000007",
  "sequence_index": 7,
  "previous_sample_name": "sample_000006",
  "frame_id": 726280,
  "timestamp": 4997.8946247287095,
  "platform_timestamp": 16813368.1645513,
  "delta_seconds": 0.10000000149011612,
  "town": "Carla/Maps/Town10HD_Opt",
  "weather": {
    "cloudiness": 20.0,
    "dust_storm": 0.0,
    "fog_density": 2.0,
    "fog_distance": 0.75,
    "fog_falloff": 0.10000000149011612,
    "mie_scattering_scale": 0.029999999329447746,
    "precipitation": 0.0,
    "precipitation_deposits": 0.0,
    "rayleigh_scattering_scale": 0.03310000151395798,
    "scattering_intensity": 1.0,
    "sun_altitude_angle": 45.0,
    "sun_azimuth_angle": 300.0,
    "wetness": 0.0,
    "wind_intensity": 10.0
  },
  "sensor_names": [
    "CAM_FRONT",
    "CAM_FRONT_RIGHT",
    "CAM_FRONT_LEFT",
    "CAM_BACK",
    "CAM_BACK_LEFT",
    "CAM_BACK_RIGHT",
    "LIDAR_TOP",
    "RADAR_FRONT",
    "RADAR_FRONT_LEFT",
    "RADAR_FRONT_RIGHT",
    "RADAR_BACK_LEFT",
    "RADAR_BACK_RIGHT"
  ],
  "camera_order_for_model": [
    "CAM_FRONT",
    "CAM_FRONT_RIGHT",
    "CAM_FRONT_LEFT",
    "CAM_BACK",
    "CAM_BACK_LEFT",
    "CAM_BACK_RIGHT"
  ],
  "radar_order_for_model": [
    "RADAR_FRONT",
    "RADAR_FRONT_LEFT",
    "RADAR_FRONT_RIGHT",
    "RADAR_BACK_LEFT",
    "RADAR_BACK_RIGHT"
  ],
  "coordinate_notes": {
    "carla_world": "left-handed x-forward y-right z-up",
    "bevfusion_lidar": "x-forward y-left z-up",
    "camera_frame_for_model": "OpenCV style x-right y-down z-forward"
  },
  "ego": {
    "actor_id": 49,
    "transform_carla": {
      "location": {
        "x": 106.29698944091797,
        "y": -24.320743560791016,
        "z": -0.005889015272259712
      },
      "rotation": {
        "roll": 0.21823455393314362,
        "pitch": 0.4386347234249115,
        "yaw": -92.55304718017578
      }
    },
    "velocity_carla": [
      -0.4231177568435669,
      -6.43754768371582,
      -0.0004007530224043876
    ],
    "angular_velocity_carla": [
      -1.2339121103286743,
      0.04863988235592842,
      -6.421862602233887
    ],
    "matrix_world_from_ego_carla": [
      [
        -0.04454299435019493,
        0.9989988207817078,
        0.004146129824221134,
        106.29698944091797
      ],
      [
        -0.9989780783653259,
        -0.0445731095969677,
        0.007478225976228714,
        -24.320743560791016
      ],
      [
        0.007655545137822628,
        -0.0038087903521955013,
        0.9999634027481079,
        -0.005889015272259712
      ],
      [
        0.0,
        0.0,
        0.0,
        1.0
      ]
    ],
    "matrix_world_from_ego_bevfusion": [
      [
        -0.04454299435019493,
        -0.9989988207817078,
        0.004146129824221134,
        106.29698944091797
      ],
      [
        0.9989780783653259,
        -0.0445731095969677,
        -0.007478225976228714,
        24.320743560791016
      ],
      [
        0.007655545137822628,
        0.0038087903521955013,
        0.9999634027481079,
        -0.005889015272259712
      ],
      [
        0.0,
        0.0,
        0.0,
        1.0
      ]
    ]
  },
  "sensors": {
    "CAM_FRONT": {
      "type_id": "sensor.camera.rgb",
      "blueprint_attributes": {
        "role_name": "front",
        "ros_name": "sensor.camera.rgb",
        "chromatic_aberration_offset": "0.0",
        "sensor_tick": "0.100000",
        "fstop": "1.4",
        "image_size_x": "960",
        "image_size_y": "540",
        "fov": "70.00",
        "lens_circle_falloff": "5.0",
        "lens_circle_multiplier": "0.0",
        "exposure_compensation": "0.0",
        "lens_y_size": "0.08",
        "lens_k": "-1.0",
        "exposure_mode": "histogram",
        "lens_kcube": "0.0",
        "lens_x_size": "0.08",
        "exposure_max_bright": "12.0",
        "shutter_speed": "200.0",
        "bloom_intensity": "0.675",
        "iso": "100.0",
        "enable_postprocess_effects": "false",
        "gamma": "2.2",
        "motion_blur_intensity": "0.0",
        "motion_blur_max_distortion": "0.35",
        "lens_flare_intensity": "0.1",
        "motion_blur_min_object_screen_size": "0.1",
        "exposure_min_bright": "10.0",
        "exposure_speed_up": "3.0",
        "exposure_speed_down": "1.0",
        "tint": "0.0",
        "calibration_constant": "16.0",
        "focal_distance": "1000.0",
        "min_fstop": "1.2",
        "blade_count": "5",
        "blur_amount": "0.0",
        "blur_radius": "0.0",
        "slope": "0.88",
        "toe": "0.55",
        "white_clip": "0.04",
        "shoulder": "0.26",
        "black_clip": "0.0",
        "temp": "6500.0",
        "chromatic_aberration_intensity": "0.0"
      },
      "transform_carla": {
        "location": {
          "x": 106.23500061035156,
          "y": -25.856447219848633,
          "z": 1.705914855003357
        },
        "rotation": {
          "roll": 0.21823455393314362,
          "pitch": 0.4386347234249115,
          "yaw": -92.55304718017578
        }
      },
      "matrix_world_from_sensor_carla": [
        [
          -0.04454299435019493,
          0.9989988207817078,
          0.004146129824221134,
          106.23500061035156
        ],
        [
          -0.9989780783653259,
          -0.0445731095969677,
          0.007478225976228714,
          -25.856447219848633
        ],
        [
          0.007655545137822628,
          -0.0038087903521955013,
          0.9999634027481079,
          1.705914855003357
        ],
        [
          0.0,
          0.0,
          0.0,
          1.0
        ]
      ],
      "matrix_world_from_sensor_bevfusion": [
        [
          0.9989988207817078,
          -0.004146129824221134,
          -0.04454299435019493,
          106.23500061035156
        ],
        [
          0.0445731095969677,
          0.007478225976228714,
          0.9989780783653259,
          25.856447219848633
        ],
        [
          -0.0038087903521955013,
          -0.9999634027481079,
          0.007655545137822628,
          1.705914855003357
        ],
        [
          0.0,
          0.0,
          0.0,
          1.0
        ]
      ],
      "matrix_ego_from_sensor_carla": [
        [
          1.0,
          -3.5353726890452464e-11,
          1.5614709525380022e-10,
          1.5500011444091797
        ],
        [
          -1.6233491217931828e-09,
          0.9999999403953552,
          -3.0710922693799603e-10,
          0.0
        ],
        [
          -3.188353470129357e-10,
          3.971747097875067e-10,
          1.0,
          1.7000000476837158
        ],
        [
          0.0,
          0.0,
          0.0,
          1.0
        ]
      ],
      "matrix_ego_from_sensor_bevfusion": [
        [
          -3.5353726890452464e-11,
          -1.5614709525380022e-10,
          1.0,
          1.5500011444091797
        ],
        [
          -0.9999999403953552,
          -3.0710922693799603e-10,
          1.6233491217931828e-09,
          0.0
        ],
        [
          3.971747097875067e-10,
          -1.0,
          -3.188353470129357e-10,
          1.7000000476837158
        ],
        [
          0.0,
          0.0,
          0.0,
          1.0
        ]
      ],
      "camera_intrinsics": [
        [
          685.5110473632812,
          0.0,
          480.0
        ],
        [
          0.0,
          685.5110473632812,
          270.0
        ],
        [
          0.0,
          0.0,
          1.0
        ]
      ],
      "data_path": "D:\\Agent-AI\\outputs\\s3a_ml_long_v1\\sample_000007\\images\\CAM_FRONT.png",
      "raw_layout": "bgra8"
    },
    "CAM_FRONT_RIGHT": {
      "type_id": "sensor.camera.rgb",
      "blueprint_attributes": {
        "role_name": "front",
        "ros_name": "sensor.camera.rgb",
        "chromatic_aberration_offset": "0.0",
        "sensor_tick": "0.100000",
        "fstop": "1.4",
        "image_size_x": "960",
        "image_size_y": "540",
        "fov": "70.00",
        "lens_circle_falloff": "5.0",
        "lens_circle_multiplier": "0.0",
        "exposure_compensation": "0.0",
        "lens_y_size": "0.08",
        "lens_k": "-1.0",
        "exposure_mode": "histogram",
        "lens_kcube": "0.0",
        "lens_x_size": "0.08",
        "exposure_max_bright": "12.0",
        "shutter_speed": "200.0",
        "bloom_intensity": "0.675",
        "iso": "100.0",
        "enable_postprocess_effects": "false",
        "gamma": "2.2",
        "motion_blur_intensity": "0.0",
        "motion_blur_max_distortion": "0.35",
        "lens_flare_intensity": "0.1",
        "motion_blur_min_object_screen_size": "0.1",
        "exposure_min_bright": "10.0",
        "exposure_speed_up": "3.0",
        "exposure_speed_down": "1.0",
        "tint": "0.0",
        "calibration_constant": "16.0",
        "focal_distance": "1000.0",
        "min_fstop": "1.2",
        "blade_count": "5",
        "blur_amount": "0.0",
        "blur_radius": "0.0",
        "slope": "0.88",
        "toe": "0.55",
        "white_clip": "0.04",
        "shoulder": "0.26",
        "black_clip": "0.0",
        "temp": "6500.0",
        "chromatic_aberration_intensity": "0.0"
      },
      "transform_carla": {
        "location": {
          "x": 106.79558563232422,
          "y": -25.63121795654297,
          "z": 1.7019062042236328
        },
        "rotation": {
          "roll": 0.48448145389556885,
          "pitch": 0.07283030450344086,
          "yaw": -37.553558349609375
        }
      },
      "matrix_world_from_sensor_carla": [
        [
          0.792783260345459,
          0.6094895005226135,
          0.004146076273173094,
          106.79558563232422
        ],
        [
          -0.6095022559165955,
          0.7927489876747131,
          0.007478267885744572,
          -25.63121795654297
        ],
        [
          0.001271128305234015,
          -0.008455688133835793,
          0.9999634027481079,
          1.7019062042236328
        ],
        [
          0.0,
          0.0,
          0.0,
          1.0
        ]
      ],
      "matrix_world_from_sensor_bevfusion": [
        [
          0.6094895005226135,
          -0.004146076273173094,
          0.792783260345459,
          106.79558563232422
        ],
        [
          -0.7927489876747131,
          0.007478267885744572,
          0.6095022559165955,
          25.63121795654297
        ],
        [
          -0.008455688133835793,
          -0.9999634027481079,
          0.001271128305234015,
          1.7019062042236328
        ],
        [
          0.0,
          0.0,
          0.0,
          1.0
        ]
      ],
      "matrix_ego_from_sensor_carla": [
        [
          0.5735762119293213,
          -0.8191521763801575,
          -3.94250605495472e-08,
          1.3000011444091797
        ],
        [
          0.8191521763801575,
          0.5735762119293213,
          -5.57208039708712e-08,
          0.5499954223632812
        ],
        [
          6.834147114886946e-08,
          6.831780696714418e-10,
          1.0,
          1.7000001668930054
        ],
        [
          0.0,
          0.0,
          0.0,
          1.0
        ]
      ],
      "matrix_ego_from_sensor_bevfusion": [
        [
          -0.8191521763801575,
          3.94250605495472e-08,
          0.5735762119293213,
          1.3000011444091797
        ],
        [
          -0.5735762119293213,
          -5.57208039708712e-08,
          -0.8191521763801575,
          -0.5499954223632812
        ],
        [
          6.831780696714418e-10,
          -1.0,
          6.834147114886946e-08,
          1.7000001668930054
        ],
        [
          0.0,
          0.0,
          0.0,
          1.0
        ]
      ],
      "camera_intrinsics": [
        [
          685.5110473632812,
          0.0,
          480.0
        ],
        [
          0.0,
          685.5110473632812,
          270.0
        ],
        [
          0.0,
          0.0,
          1.0
        ]
      ],
      "data_path": "D:\\Agent-AI\\outputs\\s3a_ml_long_v1\\sample_000007\\images\\CAM_FRONT_RIGHT.png",
      "raw_layout": "bgra8"
    },
    "CAM_FRONT_LEFT": {
      "type_id": "sensor.camera.rgb",
      "blueprint_attributes": {
        "role_name": "front",
        "ros_name": "sensor.camera.rgb",
        "chromatic_aberration_offset": "0.0",
        "sensor_tick": "0.100000",
        "fstop": "1.4",
        "image_size_x": "960",
        "image_size_y": "540",
        "fov": "70.00",
        "lens_circle_falloff": "5.0",
        "lens_circle_multiplier": "0.0",
        "exposure_compensation": "0.0",
        "lens_y_size": "0.08",
        "lens_k": "-1.0",
        "exposure_mode": "histogram",
        "lens_kcube": "0.0",
        "lens_x_size": "0.08",
        "exposure_max_bright": "12.0",
        "shutter_speed": "200.0",
        "bloom_intensity": "0.675",
        "iso": "100.0",
        "enable_postprocess_effects": "false",
        "gamma": "2.2",
        "motion_blur_intensity": "0.0",
        "motion_blur_max_distortion": "0.35",
        "lens_flare_intensity": "0.1",
        "motion_blur_min_object_screen_size": "0.1",
        "exposure_min_bright": "10.0",
        "exposure_speed_up": "3.0",
        "exposure_speed_down": "1.0",
        "tint": "0.0",
        "calibration_constant": "16.0",
        "focal_distance": "1000.0",
        "min_fstop": "1.2",
        "blade_count": "5",
        "blur_amount": "0.0",
        "blur_radius": "0.0",
        "slope": "0.88",
        "toe": "0.55",
        "white_clip": "0.04",
        "shoulder": "0.26",
        "black_clip": "0.0",
        "temp": "6500.0",
        "chromatic_aberration_intensity": "0.0"
      },
      "transform_carla": {
        "location": {
          "x": 105.69668579101562,
          "y": -25.58218765258789,
          "z": 1.706095814704895
        },
        "rotation": {
          "roll": -0.23414207994937897,
          "pitch": 0.4303497076034546,
          "yaw": -147.5547332763672
        }
      },
      "matrix_world_from_sensor_carla": [
        [
          -0.8438805341720581,
          0.5365151166915894,
          0.00414606649428606,
          105.69668579101562
        ],
        [
          -0.5364785194396973,
          -0.843880832195282,
          0.007478190585970879,
          -25.58218765258789
        ],
        [
          0.007510948460549116,
          0.004086424130946398,
          0.9999634623527527,
          1.706095814704895
        ],
        [
          0.0,
          0.0,
          0.0,
          1.0
        ]
      ],
      "matrix_world_from_sensor_bevfusion": [
        [
          0.5365151166915894,
          -0.00414606649428606,
          -0.8438805341720581,
          105.69668579101562
        ],
        [
          0.843880832195282,
          0.007478190585970879,
          0.5364785194396973,
          25.58218765258789
        ],
        [
          0.004086424130946398,
          -0.9999634623527527,
          0.007510948460549116,
          1.706095814704895
        ],
        [
          0.0,
          0.0,
          0.0,
          1.0
        ]
      ],
      "matrix_ego_from_sensor_carla": [
        [
          0.573576807975769,
          0.8191518783569336,
          3.879667787032304e-08,
          1.3000011444091797
        ],
        [
          -0.8191518187522888,
          0.5735768675804138,
          -6.223424975360103e-08,
          -0.5500030517578125
        ],
        [
          -7.280105052132058e-08,
          3.894240041546482e-09,
          1.0,
          1.7000000476837158
        ],
        [
          0.0,
          0.0,
          0.0,
          1.0
        ]
      ],
      "matrix_ego_from_sensor_bevfusion": [
        [
          0.8191518783569336,
          -3.879667787032304e-08,
          0.573576807975769,
          1.3000011444091797
        ],
        [
          -0.5735768675804138,
          -6.223424975360103e-08,
          0.8191518187522888,
          0.5500030517578125
        ],
        [
          3.894240041546482e-09,
          -1.0,
          -7.280105052132058e-08,
          1.7000000476837158
        ],
        [
          0.0,
          0.0,
          0.0,
          1.0
        ]
      ],
      "camera_intrinsics": [
        [
          685.5110473632812,
          0.0,
          480.0
        ],
        [
          0.0,
          685.5110473632812,
          270.0
        ],
        [
          0.0,
          0.0,
          1.0
        ]
      ],
      "data_path": "D:\\Agent-AI\\outputs\\s3a_ml_long_v1\\sample_000007\\images\\CAM_FRONT_LEFT.png",
      "raw_layout": "bgra8"
    },
    "CAM_BACK": {
      "type_id": "sensor.camera.rgb",
      "blueprint_attributes": {
        "role_name": "front",
        "ros_name": "sensor.camera.rgb",
        "chromatic_aberration_offset": "0.0",
        "sensor_tick": "0.100000",
        "fstop": "1.4",
        "image_size_x": "960",
        "image_size_y": "540",
        "fov": "70.00",
        "lens_circle_falloff": "5.0",
        "lens_circle_multiplier": "0.0",
        "exposure_compensation": "0.0",
        "lens_y_size": "0.08",
        "lens_k": "-1.0",
        "exposure_mode": "histogram",
        "lens_kcube": "0.0",
        "lens_x_size": "0.08",
        "exposure_max_bright": "12.0",
        "shutter_speed": "200.0",
        "bloom_intensity": "0.675",
        "iso": "100.0",
        "enable_postprocess_effects": "false",
        "gamma": "2.2",
        "motion_blur_intensity": "0.0",
        "motion_blur_max_distortion": "0.35",
        "lens_flare_intensity": "0.1",
        "motion_blur_min_object_screen_size": "0.1",
        "exposure_min_bright": "10.0",
        "exposure_speed_up": "3.0",
        "exposure_speed_down": "1.0",
        "tint": "0.0",
        "calibration_constant": "16.0",
        "focal_distance": "1000.0",
        "min_fstop": "1.2",
        "blade_count": "5",
        "blur_amount": "0.0",
        "blur_radius": "0.0",
        "slope": "0.88",
        "toe": "0.55",
        "white_clip": "0.04",
        "shoulder": "0.26",
        "black_clip": "0.0",
        "temp": "6500.0",
        "chromatic_aberration_intensity": "0.0"
      },
      "transform_carla": {
        "location": {
          "x": 106.37308502197266,
          "y": -22.759613037109375,
          "z": 1.6821829080581665
        },
        "rotation": {
          "roll": -0.21823462843894958,
          "pitch": -0.4386347234249115,
          "yaw": 87.44696807861328
        }
      },
      "matrix_world_from_sensor_carla": [
        [
          0.044542789459228516,
          -0.9989988207817078,
          0.004146129824221134,
          106.37308502197266
        ],
        [
          0.9989780783653259,
          0.04457290470600128,
          0.007478226907551289,
          -22.759613037109375
        ],
        [
          -0.007655545137822628,
          0.0038087917491793633,
          0.9999634027481079,
          1.6821829080581665
        ],
        [
          0.0,
          0.0,
          0.0,
          1.0
        ]
      ],
      "matrix_world_from_sensor_bevfusion": [
        [
          -0.9989988207817078,
          -0.004146129824221134,
          0.044542789459228516,
          106.37308502197266
        ],
        [
          -0.04457290470600128,
          0.007478226907551289,
          -0.9989780783653259,
          22.759613037109375
        ],
        [
          0.0038087917491793633,
          -0.9999634027481079,
          -0.007655545137822628,
          1.6821829080581665
        ],
        [
          0.0,
          0.0,
          0.0,
          1.0
        ]
      ],
      "matrix_ego_from_sensor_carla": [
        [
          -1.0,
          2.0472782580327475e-07,
          -7.751754793616783e-10,
          -1.5500011444091797
        ],
        [
          -2.032676178487236e-07,
          -0.9999999403953552,
          -3.0710922693799603e-10,
          0.0
        ],
        [
          -6.124872276025428e-10,
          -3.9722575229106383e-10,
          1.0,
          1.700000286102295
        ],
        [
          0.0,
          0.0,
          0.0,
          1.0
        ]
      ],
      "matrix_ego_from_sensor_bevfusion": [
        [
          2.0472782580327475e-07,
          7.751754793616783e-10,
          -1.0,
          -1.5500011444091797
        ],
        [
          0.9999999403953552,
          -3.0710922693799603e-10,
          2.032676178487236e-07,
          0.0
        ],
        [
          -3.9722575229106383e-10,
          -1.0,
          -6.124872276025428e-10,
          1.700000286102295
        ],
        [
          0.0,
          0.0,
          0.0,
          1.0
        ]
      ],
      "camera_intrinsics": [
        [
          685.5110473632812,
          0.0,
          480.0
        ],
        [
          0.0,
          685.5110473632812,
          270.0
        ],
        [
          0.0,
          0.0,
          1.0
        ]
      ],
      "data_path": "D:\\Agent-AI\\outputs\\s3a_ml_long_v1\\sample_000007\\images\\CAM_BACK.png",
      "raw_layout": "bgra8"
    },
    "CAM_BACK_LEFT": {
      "type_id": "sensor.camera.rgb",
      "blueprint_attributes": {
        "role_name": "front",
        "ros_name": "sensor.camera.rgb",
        "chromatic_aberration_offset": "0.0",
        "sensor_tick": "0.100000",
        "fstop": "1.4",
        "image_size_x": "960",
        "image_size_y": "540",
        "fov": "70.00",
        "lens_circle_falloff": "5.0",
        "lens_circle_multiplier": "0.0",
        "exposure_compensation": "0.0",
        "lens_y_size": "0.08",
        "lens_k": "-1.0",
        "exposure_mode": "histogram",
        "lens_kcube": "0.0",
        "lens_x_size": "0.08",
        "exposure_max_bright": "12.0",
        "shutter_speed": "200.0",
        "bloom_intensity": "0.675",
        "iso": "100.0",
        "enable_postprocess_effects": "false",
        "gamma": "2.2",
        "motion_blur_intensity": "0.0",
        "motion_blur_max_distortion": "0.35",
        "lens_flare_intensity": "0.1",
        "motion_blur_min_object_screen_size": "0.1",
        "exposure_min_bright": "10.0",
        "exposure_speed_up": "3.0",
        "exposure_speed_down": "1.0",
        "tint": "0.0",
        "calibration_constant": "16.0",
        "focal_distance": "1000.0",
        "min_fstop": "1.2",
        "blade_count": "5",
        "blur_amount": "0.0",
        "blur_radius": "0.0",
        "slope": "0.88",
        "toe": "0.55",
        "white_clip": "0.04",
        "shoulder": "0.26",
        "black_clip": "0.0",
        "temp": "6500.0",
        "chromatic_aberration_intensity": "0.0"
      },
      "transform_carla": {
        "location": {
          "x": 105.8125,
          "y": -22.98484230041504,
          "z": 1.6861913204193115
        },
        "rotation": {
          "roll": -0.4844813942909241,
          "pitch": -0.07283030450344086,
          "yaw": 142.44644165039062
        }
      },
      "matrix_world_from_sensor_carla": [
        [
          -0.792783260345459,
          -0.6094895601272583,
          0.004146076273173094,
          105.8125
        ],
        [
          0.6095023155212402,
          -0.7927489876747131,
          0.007478267420083284,
          -22.98484230041504
        ],
        [
          -0.001271128305234015,
          0.008455687202513218,
          0.9999634027481079,
          1.6861913204193115
        ],
        [
          0.0,
          0.0,
          0.0,
          1.0
        ]
      ],
      "matrix_world_from_sensor_bevfusion": [
        [
          -0.6094895601272583,
          -0.004146076273173094,
          -0.792783260345459,
          105.8125
        ],
        [
          0.7927489876747131,
          0.007478267420083284,
          -0.6095023155212402,
          22.98484230041504
        ],
        [
          0.008455687202513218,
          -0.9999634027481079,
          -0.001271128305234015,
          1.6861913204193115
        ],
        [
          0.0,
          0.0,
          0.0,
          1.0
        ]
      ],
      "matrix_ego_from_sensor_carla": [
        [
          -0.5735762715339661,
          0.8191521763801575,
          -3.895939926223946e-08,
          -1.3000011444091797
        ],
        [
          -0.8191521763801575,
          -0.5735762715339661,
          -5.57208039708712e-08,
          -0.5500030517578125
        ],
        [
          -6.787580986156172e-08,
          -1.6144665604400643e-09,
          1.0,
          1.6999999284744263
        ],
        [
          0.0,
          0.0,
          0.0,
          1.0
        ]
      ],
      "matrix_ego_from_sensor_bevfusion": [
        [
          0.8191521763801575,
          3.895939926223946e-08,
          -0.5735762715339661,
          -1.3000011444091797
        ],
        [
          0.5735762715339661,
          -5.57208039708712e-08,
          0.8191521763801575,
          0.5500030517578125
        ],
        [
          -1.6144665604400643e-09,
          -1.0,
          -6.787580986156172e-08,
          1.6999999284744263
        ],
        [
          0.0,
          0.0,
          0.0,
          1.0
        ]
      ],
      "camera_intrinsics": [
        [
          685.5110473632812,
          0.0,
          480.0
        ],
        [
          0.0,
          685.5110473632812,
          270.0
        ],
        [
          0.0,
          0.0,
          1.0
        ]
      ],
      "data_path": "D:\\Agent-AI\\outputs\\s3a_ml_long_v1\\sample_000007\\images\\CAM_BACK_LEFT.png",
      "raw_layout": "bgra8"
    },
    "CAM_BACK_RIGHT": {
      "type_id": "sensor.camera.rgb",
      "blueprint_attributes": {
        "role_name": "front",
        "ros_name": "sensor.camera.rgb",
        "chromatic_aberration_offset": "0.0",
        "sensor_tick": "0.100000",
        "fstop": "1.4",
        "image_size_x": "960",
        "image_size_y": "540",
        "fov": "70.00",
        "lens_circle_falloff": "5.0",
        "lens_circle_multiplier": "0.0",
        "exposure_compensation": "0.0",
        "lens_y_size": "0.08",
        "lens_k": "-1.0",
        "exposure_mode": "histogram",
        "lens_kcube": "0.0",
        "lens_x_size": "0.08",
        "exposure_max_bright": "12.0",
        "shutter_speed": "200.0",
        "bloom_intensity": "0.675",
        "iso": "100.0",
        "enable_postprocess_effects": "false",
        "gamma": "2.2",
        "motion_blur_intensity": "0.0",
        "motion_blur_max_distortion": "0.35",
        "lens_flare_intensity": "0.1",
        "motion_blur_min_object_screen_size": "0.1",
        "exposure_min_bright": "10.0",
        "exposure_speed_up": "3.0",
        "exposure_speed_down": "1.0",
        "tint": "0.0",
        "calibration_constant": "16.0",
        "focal_distance": "1000.0",
        "min_fstop": "1.2",
        "blade_count": "5",
        "blur_amount": "0.0",
        "blur_radius": "0.0",
        "slope": "0.88",
        "toe": "0.55",
        "white_clip": "0.04",
        "shoulder": "0.26",
        "black_clip": "0.0",
        "temp": "6500.0",
        "chromatic_aberration_intensity": "0.0"
      },
      "transform_carla": {
        "location": {
          "x": 106.91139221191406,
          "y": -23.03387451171875,
          "z": 1.6820019483566284
        },
        "rotation": {
          "roll": 0.23414209485054016,
          "pitch": -0.4303497076034546,
          "yaw": 32.445255279541016
        }
      },
      "matrix_world_from_sensor_carla": [
        [
          0.8438806533813477,
          -0.5365149974822998,
          0.004146067891269922,
          106.91139221191406
        ],
        [
          0.5364784002304077,
          0.8438809514045715,
          0.007478190585970879,
          -23.03387451171875
        ],
        [
          -0.007510948460549116,
          -0.004086424130946398,
          0.9999634623527527,
          1.6820019483566284
        ],
        [
          0.0,
          0.0,
          0.0,
          1.0
        ]
      ],
      "matrix_world_from_sensor_bevfusion": [
        [
          -0.5365149974822998,
          -0.004146067891269922,
          0.8438806533813477,
          106.91139221191406
        ],
        [
          -0.8438809514045715,
          0.007478190585970879,
          -0.5364784002304077,
          23.03387451171875
        ],
        [
          -0.004086424130946398,
          -0.9999634623527527,
          -0.007510948460549116,
          1.6820019483566284
        ],
        [
          0.0,
          0.0,
          0.0,
          1.0
        ]
      ],
      "matrix_ego_from_sensor_carla": [
        [
          -0.5735767483711243,
          -0.8191519975662231,
          3.879667787032304e-08,
          -1.2999992370605469
        ],
        [
          0.8191519379615784,
          -0.5735767483711243,
          -6.083726589167782e-08,
          0.54998779296875
        ],
        [
          7.233538923401284e-08,
          -2.9629174669310032e-09,
          1.0,
          1.700000286102295
        ],
        [
          0.0,
          0.0,
          0.0,
          1.0
        ]
      ],
      "matrix_ego_from_sensor_bevfusion": [
        [
          -0.8191519975662231,
          -3.879667787032304e-08,
          -0.5735767483711243,
          -1.2999992370605469
        ],
        [
          0.5735767483711243,
          -6.083726589167782e-08,
          -0.8191519379615784,
          -0.54998779296875
        ],
        [
          -2.9629174669310032e-09,
          -1.0,
          7.233538923401284e-08,
          1.700000286102295
        ],
        [
          0.0,
          0.0,
          0.0,
          1.0
        ]
      ],
      "camera_intrinsics": [
        [
          685.5110473632812,
          0.0,
          480.0
        ],
        [
          0.0,
          685.5110473632812,
          270.0
        ],
        [
          0.0,
          0.0,
          1.0
        ]
      ],
      "data_path": "D:\\Agent-AI\\outputs\\s3a_ml_long_v1\\sample_000007\\images\\CAM_BACK_RIGHT.png",
      "raw_layout": "bgra8"
    },
    "LIDAR_TOP": {
      "type_id": "sensor.lidar.ray_cast",
      "blueprint_attributes": {
        "atmosphere_attenuation_rate": "0.004",
        "role_name": "front",
        "noise_seed": "0",
        "upper_fov": "10.0",
        "ros_name": "sensor.lidar.ray_cast",
        "sensor_tick": "0.100000",
        "channels": "32",
        "range": "120.0",
        "points_per_second": "360000",
        "lower_fov": "-30.0",
        "rotation_frequency": "10.000000",
        "horizontal_fov": "360.0",
        "dropoff_general_rate": "0.0",
        "dropoff_intensity_limit": "1.0",
        "noise_stddev": "0.0",
        "dropoff_zero_intensity": "0.0"
      },
      "transform_carla": {
        "location": {
          "x": 106.30611419677734,
          "y": -24.304290771484375,
          "z": 2.194030523300171
        },
        "rotation": {
          "roll": 0.21823455393314362,
          "pitch": 0.4386347234249115,
          "yaw": -92.55304718017578
        }
      },
      "matrix_world_from_sensor_carla": [
        [
          -0.04454299435019493,
          0.9989988207817078,
          0.004146129824221134,
          106.30611419677734
        ],
        [
          -0.9989780783653259,
          -0.0445731095969677,
          0.007478225976228714,
          -24.304290771484375
        ],
        [
          0.007655545137822628,
          -0.0038087903521955013,
          0.9999634027481079,
          2.194030523300171
        ],
        [
          0.0,
          0.0,
          0.0,
          1.0
        ]
      ],
      "matrix_world_from_sensor_bevfusion": [
        [
          -0.04454299435019493,
          -0.9989988207817078,
          0.004146129824221134,
          106.30611419677734
        ],
        [
          0.9989780783653259,
          -0.0445731095969677,
          -0.007478225976228714,
          24.304290771484375
        ],
        [
          0.007655545137822628,
          0.0038087903521955013,
          0.9999634027481079,
          2.194030523300171
        ],
        [
          0.0,
          0.0,
          0.0,
          1.0
        ]
      ],
      "matrix_ego_from_sensor_carla": [
        [
          1.0,
          -3.5353726890452464e-11,
          1.5614709525380022e-10,
          0.0
        ],
        [
          -1.6233491217931828e-09,
          0.9999999403953552,
          -3.0710922693799603e-10,
          7.62939453125e-06
        ],
        [
          -3.188353470129357e-10,
          3.971747097875067e-10,
          1.0,
          2.200000047683716
        ],
        [
          0.0,
          0.0,
          0.0,
          1.0
        ]
      ],
      "matrix_ego_from_sensor_bevfusion": [
        [
          1.0,
          3.5353726890452464e-11,
          1.5614709525380022e-10,
          0.0
        ],
        [
          1.6233491217931828e-09,
          0.9999999403953552,
          3.0710922693799603e-10,
          -7.62939453125e-06
        ],
        [
          -3.188353470129357e-10,
          -3.971747097875067e-10,
          1.0,
          2.200000047683716
        ],
        [
          0.0,
          0.0,
          0.0,
          1.0
        ]
      ],
      "data_path": "D:\\Agent-AI\\outputs\\s3a_ml_long_v1\\sample_000007\\lidar\\LIDAR_TOP.npy",
      "raw_layout": [
        "x",
        "y",
        "z",
        "intensity"
      ]
    },
    "RADAR_FRONT": {
      "type_id": "sensor.other.radar",
      "blueprint_attributes": {
        "sensor_tick": "0.100000",
        "role_name": "default",
        "noise_seed": "0",
        "ros_name": "sensor.other.radar",
        "horizontal_fov": "35.0",
        "points_per_second": "1500",
        "vertical_fov": "20.0",
        "range": "120.0"
      },
      "transform_carla": {
        "location": {
          "x": 106.21163940429688,
          "y": -26.311969757080078,
          "z": 0.9093891978263855
        },
        "rotation": {
          "roll": 0.21823455393314362,
          "pitch": 0.4386347234249115,
          "yaw": -92.55304718017578
        }
      },
      "matrix_world_from_sensor_carla": [
        [
          -0.04454299435019493,
          0.9989988207817078,
          0.004146129824221134,
          106.21163940429688
        ],
        [
          -0.9989780783653259,
          -0.0445731095969677,
          0.007478225976228714,
          -26.311969757080078
        ],
        [
          0.007655545137822628,
          -0.0038087903521955013,
          0.9999634027481079,
          0.9093891978263855
        ],
        [
          0.0,
          0.0,
          0.0,
          1.0
        ]
      ],
      "matrix_world_from_sensor_bevfusion": [
        [
          -0.04454299435019493,
          -0.9989988207817078,
          0.004146129824221134,
          106.21163940429688
        ],
        [
          0.9989780783653259,
          -0.0445731095969677,
          -0.007478225976228714,
          26.311969757080078
        ],
        [
          0.007655545137822628,
          0.0038087903521955013,
          0.9999634027481079,
          0.9093891978263855
        ],
        [
          0.0,
          0.0,
          0.0,
          1.0
        ]
      ],
      "matrix_ego_from_sensor_carla": [
        [
          1.0,
          -3.5353726890452464e-11,
          1.5614709525380022e-10,
          2.0
        ],
        [
          -1.6233491217931828e-09,
          0.9999999403953552,
          -3.0710922693799603e-10,
          0.0
        ],
        [
          -3.188353470129357e-10,
          3.971747097875067e-10,
          1.0,
          0.9000000953674316
        ],
        [
          0.0,
          0.0,
          0.0,
          1.0
        ]
      ],
      "matrix_ego_from_sensor_bevfusion": [
        [
          1.0,
          3.5353726890452464e-11,
          1.5614709525380022e-10,
          2.0
        ],
        [
          1.6233491217931828e-09,
          0.9999999403953552,
          3.0710922693799603e-10,
          0.0
        ],
        [
          -3.188353470129357e-10,
          -3.971747097875067e-10,
          1.0,
          0.9000000953674316
        ],
        [
          0.0,
          0.0,
          0.0,
          1.0
        ]
      ],
      "data_path": "D:\\Agent-AI\\outputs\\s3a_ml_long_v1\\sample_000007\\radar\\RADAR_FRONT.npy",
      "raw_layout": [
        "velocity",
        "altitude",
        "azimuth",
        "depth"
      ]
    },
    "RADAR_FRONT_LEFT": {
      "type_id": "sensor.other.radar",
      "blueprint_attributes": {
        "sensor_tick": "0.100000",
        "role_name": "default",
        "noise_seed": "0",
        "ros_name": "sensor.other.radar",
        "horizontal_fov": "35.0",
        "points_per_second": "1500",
        "vertical_fov": "20.0",
        "range": "120.0"
      },
      "transform_carla": {
        "location": {
          "x": 105.47797393798828,
          "y": -25.928897857666016,
          "z": 0.909566342830658
        },
        "rotation": {
          "roll": -0.15585365891456604,
          "pitch": 0.46447333693504333,
          "yaw": -137.55450439453125
        }
      },
      "matrix_world_from_sensor_carla": [
        [
          -0.7378954291343689,
          0.6749023199081421,
          0.004146122373640537,
          105.47797393798828
        ],
        [
          -0.6748663783073425,
          -0.737902045249939,
          0.007478221319615841,
          -25.928897857666016
        ],
        [
          0.008106500841677189,
          0.00272006681188941,
          0.9999634623527527,
          0.909566342830658
        ],
        [
          0.0,
          0.0,
          0.0,
          1.0
        ]
      ],
      "matrix_world_from_sensor_bevfusion": [
        [
          -0.7378954291343689,
          -0.6749023199081421,
          0.004146122373640537,
          105.47797393798828
        ],
        [
          0.6748663783073425,
          -0.737902045249939,
          -0.007478221319615841,
          25.928897857666016
        ],
        [
          0.008106500841677189,
          -0.00272006681188941,
          0.9999634623527527,
          0.909566342830658
        ],
        [
          0.0,
          0.0,
          0.0,
          1.0
        ]
      ],
      "matrix_ego_from_sensor_carla": [
        [
          0.7071069478988647,
          0.7071067094802856,
          5.73472735965197e-09,
          1.6500015258789062
        ],
        [
          -0.7071066498756409,
          0.70710688829422,
          -7.75188091495238e-09,
          -0.7500076293945312
        ],
        [
          -9.345114904135698e-09,
          1.4308270124274713e-09,
          1.0,
          0.9000000953674316
        ],
        [
          0.0,
          0.0,
          0.0,
          1.0
        ]
      ],
      "matrix_ego_from_sensor_bevfusion": [
        [
          0.7071069478988647,
          -0.7071067094802856,
          5.73472735965197e-09,
          1.6500015258789062
        ],
        [
          0.7071066498756409,
          0.70710688829422,
          7.75188091495238e-09,
          0.7500076293945312
        ],
        [
          -9.345114904135698e-09,
          -1.4308270124274713e-09,
          1.0,
          0.9000000953674316
        ],
        [
          0.0,
          0.0,
          0.0,
          1.0
        ]
      ],
      "data_path": "D:\\Agent-AI\\outputs\\s3a_ml_long_v1\\sample_000007\\radar\\RADAR_FRONT_LEFT.npy",
      "raw_layout": [
        "velocity",
        "altitude",
        "azimuth",
        "depth"
      ]
    },
    "RADAR_FRONT_RIGHT": {
      "type_id": "sensor.other.radar",
      "blueprint_attributes": {
        "sensor_tick": "0.100000",
        "role_name": "default",
        "noise_seed": "0",
        "ros_name": "sensor.other.radar",
        "horizontal_fov": "35.0",
        "points_per_second": "1500",
        "vertical_fov": "20.0",
