{
  "schema_version": "stage1.v1",
  "sample_name": "sample_000028",
  "sequence_index": 28,
  "previous_sample_name": "sample_000027",
  "frame_id": 2205,
  "timestamp": 34.29063231498003,
  "platform_timestamp": 16781891.0629391,
  "delta_seconds": 0.05000000074505806,
  "town": "Carla/Maps/Town10HD_Opt",
  "weather": {
    "cloudiness": 20.0,
    "dust_storm": 0.0,
    "fog_density": 2.0,
    "fog_distance": 0.75,
    "fog_falloff": 0.10000000149011612,
    "mie_scattering_scale": 0.029999999329447746,
    "precipitation": 0.0,
    "precipitation_deposits": 0.0,
    "rayleigh_scattering_scale": 0.03310000151395798,
    "scattering_intensity": 1.0,
    "sun_altitude_angle": 45.0,
    "sun_azimuth_angle": 300.0,
    "wetness": 0.0,
    "wind_intensity": 10.0
  },
  "sensor_names": [
    "CAM_FRONT",
    "CAM_FRONT_RIGHT",
    "CAM_FRONT_LEFT",
    "CAM_BACK",
    "CAM_BACK_LEFT",
    "CAM_BACK_RIGHT",
    "LIDAR_TOP",
    "RADAR_FRONT",
    "RADAR_FRONT_LEFT",
    "RADAR_FRONT_RIGHT",
    "RADAR_BACK_LEFT",
    "RADAR_BACK_RIGHT"
  ],
  "camera_order_for_model": [
    "CAM_FRONT",
    "CAM_FRONT_RIGHT",
    "CAM_FRONT_LEFT",
    "CAM_BACK",
    "CAM_BACK_LEFT",
    "CAM_BACK_RIGHT"
  ],
  "radar_order_for_model": [
    "RADAR_FRONT",
    "RADAR_FRONT_LEFT",
    "RADAR_FRONT_RIGHT",
    "RADAR_BACK_LEFT",
    "RADAR_BACK_RIGHT"
  ],
  "coordinate_notes": {
    "carla_world": "left-handed x-forward y-right z-up",
    "bevfusion_lidar": "x-forward y-left z-up",
    "camera_frame_for_model": "OpenCV style x-right y-down z-forward"
  },
  "ego": {
    "actor_id": 24,
    "transform_carla": {
      "location": {
        "x": -53.52241516113281,
        "y": 20.844179153442383,
        "z": -0.004255218431353569
      },
      "rotation": {
        "roll": 1.2440519332885742,
        "pitch": -0.027252452448010445,
        "yaw": -32.98833084106445
      }
    },
    "velocity_carla": [
      6.4478654861450195,
      -4.5759429931640625,
      0.00022089004050940275
    ],
    "angular_velocity_carla": [
      0.7591280341148376,
      -1.1776922941207886,
      -23.81531524658203
    ],
    "matrix_world_from_ego_carla": [
      [
        0.8387813568115234,
        0.5443312525749207,
        0.012219869531691074,
        -53.52241516113281
      ],
      [
        -0.5444681644439697,
        0.8385893702507019,
        0.017951952293515205,
        20.844179153442383
      ],
      [
        -0.0004756449779961258,
        -0.021711094304919243,
        0.9997641444206238,
        -0.004255218431353569
      ],
      [
        0.0,
        0.0,
        0.0,
        1.0
      ]
    ],
    "matrix_world_from_ego_bevfusion": [
      [
        0.8387813568115234,
        -0.5443312525749207,
        0.012219869531691074,
        -53.52241516113281
      ],
      [
        0.5444681644439697,
        0.8385893702507019,
        -0.017951952293515205,
        -20.844179153442383
      ],
      [
        -0.0004756449779961258,
        0.021711094304919243,
        0.9997641444206238,
        -0.004255218431353569
      ],
      [
        0.0,
        0.0,
        0.0,
        1.0
      ]
    ]
  },
  "sensors": {
    "CAM_FRONT": {
      "type_id": "sensor.camera.rgb",
      "blueprint_attributes": {
        "role_name": "front",
        "ros_name": "sensor.camera.rgb",
        "chromatic_aberration_offset": "0.0",
        "sensor_tick": "0.050000",
        "fstop": "1.4",
        "image_size_x": "1600",
        "image_size_y": "900",
        "fov": "70.00",
        "lens_circle_falloff": "5.0",
        "lens_circle_multiplier": "0.0",
        "exposure_compensation": "0.0",
        "lens_y_size": "0.08",
        "lens_k": "-1.0",
        "exposure_mode": "histogram",
        "lens_kcube": "0.0",
        "lens_x_size": "0.08",
        "exposure_max_bright": "12.0",
        "shutter_speed": "200.0",
        "bloom_intensity": "0.675",
        "iso": "100.0",
        "enable_postprocess_effects": "false",
        "gamma": "2.2",
        "motion_blur_intensity": "0.0",
        "motion_blur_max_distortion": "0.35",
        "lens_flare_intensity": "0.1",
        "motion_blur_min_object_screen_size": "0.1",
        "exposure_min_bright": "10.0",
        "exposure_speed_up": "3.0",
        "exposure_speed_down": "1.0",
        "tint": "0.0",
        "calibration_constant": "16.0",
        "focal_distance": "1000.0",
        "min_fstop": "1.2",
        "blade_count": "5",
        "blur_amount": "0.0",
        "blur_radius": "0.0",
        "slope": "0.88",
        "toe": "0.55",
        "white_clip": "0.04",
        "shoulder": "0.26",
        "black_clip": "0.0",
        "temp": "6500.0",
        "chromatic_aberration_intensity": "0.0"
      },
      "transform_carla": {
        "location": {
          "x": -52.20153045654297,
          "y": 20.030773162841797,
          "z": 1.6946065425872803
        },
        "rotation": {
          "roll": 1.2440519332885742,
          "pitch": -0.027252452448010445,
          "yaw": -32.98833084106445
        }
      },
      "matrix_world_from_sensor_carla": [
        [
          0.8387813568115234,
          0.5443312525749207,
          0.012219869531691074,
          -52.20153045654297
        ],
        [
          -0.5444681644439697,
          0.8385893702507019,
          0.017951952293515205,
          20.030773162841797
        ],
        [
          -0.0004756449779961258,
          -0.021711094304919243,
          0.9997641444206238,
          1.6946065425872803
        ],
        [
          0.0,
          0.0,
          0.0,
          1.0
        ]
      ],
      "matrix_world_from_sensor_bevfusion": [
        [
          0.5443312525749207,
          -0.012219869531691074,
          0.8387813568115234,
          -52.20153045654297
        ],
        [
          -0.8385893702507019,
          0.017951952293515205,
          0.5444681644439697,
          -20.030773162841797
        ],
        [
          -0.021711094304919243,
          -0.9997641444206238,
          -0.0004756449779961258,
          1.6946065425872803
        ],
        [
          0.0,
          0.0,
          0.0,
          1.0
        ]
      ],
      "matrix_ego_from_sensor_carla": [
        [
          1.0,
          -2.15343529674783e-08,
          -3.321063424266413e-10,
          1.5499992370605469
        ],
        [
          2.8469877122461185e-08,
          1.0,
          2.7121094259285883e-10,
          -9.5367431640625e-07
        ],
        [
          -1.233352198148907e-09,
          8.39774028094098e-10,
          1.0,
          1.7000000476837158
        ],
        [
          0.0,
          0.0,
          0.0,
          1.0
        ]
      ],
      "matrix_ego_from_sensor_bevfusion": [
        [
          -2.15343529674783e-08,
          3.321063424266413e-10,
          1.0,
          1.5499992370605469
        ],
        [
          -1.0,
          2.7121094259285883e-10,
          -2.8469877122461185e-08,
          9.5367431640625e-07
        ],
        [
          8.39774028094098e-10,
          -1.0,
          -1.233352198148907e-09,
          1.7000000476837158
        ],
        [
          0.0,
          0.0,
          0.0,
          1.0
        ]
      ],
      "camera_intrinsics": [
        [
          1142.5184326171875,
          0.0,
          800.0
        ],
        [
          0.0,
          1142.5184326171875,
          450.0
        ],
        [
          0.0,
          0.0,
          1.0
        ]
      ],
      "data_path": "D:\\Agent-AI\\outputs\\samples\\sample_000028\\images\\CAM_FRONT.png",
      "raw_layout": "bgra8"
    },
    "CAM_FRONT_RIGHT": {
      "type_id": "sensor.camera.rgb",
      "blueprint_attributes": {
        "role_name": "front",
        "ros_name": "sensor.camera.rgb",
        "chromatic_aberration_offset": "0.0",
        "sensor_tick": "0.050000",
        "fstop": "1.4",
        "image_size_x": "1600",
        "image_size_y": "900",
        "fov": "70.00",
        "lens_circle_falloff": "5.0",
        "lens_circle_multiplier": "0.0",
        "exposure_compensation": "0.0",
        "lens_y_size": "0.08",
        "lens_k": "-1.0",
        "exposure_mode": "histogram",
        "lens_kcube": "0.0",
        "lens_x_size": "0.08",
        "exposure_max_bright": "12.0",
        "shutter_speed": "200.0",
        "bloom_intensity": "0.675",
        "iso": "100.0",
        "enable_postprocess_effects": "false",
        "gamma": "2.2",
        "motion_blur_intensity": "0.0",
        "motion_blur_max_distortion": "0.35",
        "lens_flare_intensity": "0.1",
        "motion_blur_min_object_screen_size": "0.1",
        "exposure_min_bright": "10.0",
        "exposure_speed_up": "3.0",
        "exposure_speed_down": "1.0",
        "tint": "0.0",
        "calibration_constant": "16.0",
        "focal_distance": "1000.0",
        "min_fstop": "1.2",
        "blade_count": "5",
        "blur_amount": "0.0",
        "blur_radius": "0.0",
        "slope": "0.88",
        "toe": "0.55",
        "white_clip": "0.04",
        "shoulder": "0.26",
        "black_clip": "0.0",
        "temp": "6500.0",
        "chromatic_aberration_intensity": "0.0"
      },
      "transform_carla": {
        "location": {
          "x": -52.11184310913086,
          "y": 20.628114700317383,
          "z": 1.6827844381332397
        },
        "rotation": {
          "roll": 0.6913086771965027,
          "pitch": -1.0346779823303223,
          "yaw": 22.00572395324707
        }
      },
      "matrix_world_from_sensor_carla": [
        [
          0.9269952178001404,
          -0.37487393617630005,
          0.012219914235174656,
          -52.11184310913086
        ],
        [
          0.3746381103992462,
          0.9269973039627075,
          0.017951978370547295,
          20.628114700317383
        ],
        [
          -0.018057554960250854,
          -0.012063352391123772,
          0.9997641444206238,
          1.6827844381332397
        ],
        [
          0.0,
          0.0,
          0.0,
          1.0
        ]
      ],
      "matrix_world_from_sensor_bevfusion": [
        [
          -0.37487393617630005,
          -0.012219914235174656,
          0.9269952178001404,
          -52.11184310913086
        ],
        [
          -0.9269973039627075,
          0.017951978370547295,
          -0.3746381103992462,
          -20.628114700317383
        ],
        [
          -0.012063352391123772,
          -0.9997641444206238,
          -0.018057554960250854,
          1.6827844381332397
        ],
        [
          0.0,
          0.0,
          0.0,
          1.0
        ]
      ],
      "matrix_ego_from_sensor_carla": [
        [
          0.5735763311386108,
          -0.8191521167755127,
          2.2718127823395662e-08,
          1.2999992370605469
        ],
        [
          0.8191520571708679,
          0.5735763907432556,
          4.683733934029988e-08,
          0.5500011444091797
        ],
        [
          -5.039945705220816e-08,
          -5.357142729423003e-09,
          1.0,
          1.7000000476837158
        ],
        [
          0.0,
          0.0,
          0.0,
          1.0
        ]
      ],
      "matrix_ego_from_sensor_bevfusion": [
        [
          -0.8191521167755127,
          -2.2718127823395662e-08,
          0.5735763311386108,
          1.2999992370605469
        ],
        [
          -0.5735763907432556,
          4.683733934029988e-08,
          -0.8191520571708679,
          -0.5500011444091797
        ],
        [
          -5.357142729423003e-09,
          -1.0,
          -5.039945705220816e-08,
          1.7000000476837158
        ],
        [
          0.0,
          0.0,
          0.0,
          1.0
        ]
      ],
      "camera_intrinsics": [
        [
          1142.5184326171875,
          0.0,
          800.0
        ],
        [
          0.0,
          1142.5184326171875,
          450.0
        ],
        [
          0.0,
          0.0,
          1.0
        ]
      ],
      "data_path": "D:\\Agent-AI\\outputs\\samples\\sample_000028\\images\\CAM_FRONT_RIGHT.png",
      "raw_layout": "bgra8"
    },
    "CAM_FRONT_LEFT": {
      "type_id": "sensor.camera.rgb",
      "blueprint_attributes": {
        "role_name": "front",
        "ros_name": "sensor.camera.rgb",
        "chromatic_aberration_offset": "0.0",
        "sensor_tick": "0.050000",
        "fstop": "1.4",
        "image_size_x": "1600",
        "image_size_y": "900",
        "fov": "70.00",
        "lens_circle_falloff": "5.0",
        "lens_circle_multiplier": "0.0",
        "exposure_compensation": "0.0",
        "lens_y_size": "0.08",
        "lens_k": "-1.0",
        "exposure_mode": "histogram",
        "lens_kcube": "0.0",
        "lens_x_size": "0.08",
        "exposure_max_bright": "12.0",
        "shutter_speed": "200.0",
        "bloom_intensity": "0.675",
        "iso": "100.0",
        "enable_postprocess_effects": "false",
        "gamma": "2.2",
        "motion_blur_intensity": "0.0",
        "motion_blur_max_distortion": "0.35",
        "lens_flare_intensity": "0.1",
        "motion_blur_min_object_screen_size": "0.1",
        "exposure_min_bright": "10.0",
        "exposure_speed_up": "3.0",
        "exposure_speed_down": "1.0",
        "tint": "0.0",
        "calibration_constant": "16.0",
        "focal_distance": "1000.0",
        "min_fstop": "1.2",
        "blade_count": "5",
        "blur_amount": "0.0",
        "blur_radius": "0.0",
        "slope": "0.88",
        "toe": "0.55",
        "white_clip": "0.04",
        "shoulder": "0.26",
        "black_clip": "0.0",
        "temp": "6500.0",
        "chromatic_aberration_intensity": "0.0"
      },
      "transform_carla": {
        "location": {
          "x": -52.710609436035156,
          "y": 19.705665588378906,
          "z": 1.7066667079925537
        },
        "rotation": {
          "roll": 0.7359594106674194,
          "pitch": 1.003402590751648,
          "yaw": -87.9815673828125
        }
      },
      "matrix_world_from_sensor_carla": [
        [
          0.03521563857793808,
          0.9993050694465637,
          0.012219860218465328,
          -52.710609436035156
        ],
        [
          -0.9992263317108154,
          0.03499334305524826,
          0.017951874062418938,
          19.705665588378906
        ],
        [
          0.01751178316771984,
          -0.012842591851949692,
          0.9997641444206238,
          1.7066667079925537
        ],
        [
          0.0,
          0.0,
          0.0,
          1.0
        ]
      ],
      "matrix_world_from_sensor_bevfusion": [
        [
          0.9993050694465637,
          -0.012219860218465328,
          0.03521563857793808,
          -52.710609436035156
        ],
        [
          -0.03499334305524826,
          0.017951874062418938,
          0.9992263317108154,
          -19.705665588378906
        ],
        [
          -0.012842591851949692,
          -0.9997641444206238,
          0.01751178316771984,
          1.7066667079925537
        ],
        [
          0.0,
          0.0,
          0.0,
          1.0
        ]
      ],
      "matrix_ego_from_sensor_carla": [
        [
          0.5735768675804138,
          0.8191518187522888,
          3.3893996942424565e-08,
          1.2999992370605469
        ],
        [
          -0.8191518187522888,
          0.5735768675804138,
          -7.050930150853674e-08,
          -0.5500020980834961
        ],
        [
          -8.168007070707972e-08,
          1.3540289778291026e-08,
          1.0,
          1.7000000476837158
        ],
        [
          0.0,
          0.0,
          0.0,
          1.0
        ]
      ],
      "matrix_ego_from_sensor_bevfusion": [
        [
          0.8191518187522888,
          -3.3893996942424565e-08,
          0.5735768675804138,
          1.2999992370605469
        ],
        [
          -0.5735768675804138,
          -7.050930150853674e-08,
          0.8191518187522888,
          0.5500020980834961
        ],
        [
          1.3540289778291026e-08,
          -1.0,
          -8.168007070707972e-08,
          1.7000000476837158
        ],
        [
          0.0,
          0.0,
          0.0,
          1.0
        ]
      ],
      "camera_intrinsics": [
        [
          1142.5184326171875,
          0.0,
          800.0
        ],
        [
          0.0,
          1142.5184326171875,
          450.0
        ],
        [
          0.0,
          0.0,
          1.0
        ]
      ],
      "data_path": "D:\\Agent-AI\\outputs\\samples\\sample_000028\\images\\CAM_FRONT_LEFT.png",
      "raw_layout": "bgra8"
    },
    "CAM_BACK": {
      "type_id": "sensor.camera.rgb",
      "blueprint_attributes": {
        "role_name": "front",
        "ros_name": "sensor.camera.rgb",
        "chromatic_aberration_offset": "0.0",
        "sensor_tick": "0.050000",
        "fstop": "1.4",
        "image_size_x": "1600",
        "image_size_y": "900",
        "fov": "70.00",
        "lens_circle_falloff": "5.0",
        "lens_circle_multiplier": "0.0",
        "exposure_compensation": "0.0",
        "lens_y_size": "0.08",
        "lens_k": "-1.0",
        "exposure_mode": "histogram",
        "lens_kcube": "0.0",
        "lens_x_size": "0.08",
        "exposure_max_bright": "12.0",
        "shutter_speed": "200.0",
        "bloom_intensity": "0.675",
        "iso": "100.0",
        "enable_postprocess_effects": "false",
        "gamma": "2.2",
        "motion_blur_intensity": "0.0",
        "motion_blur_max_distortion": "0.35",
        "lens_flare_intensity": "0.1",
        "motion_blur_min_object_screen_size": "0.1",
        "exposure_min_bright": "10.0",
        "exposure_speed_up": "3.0",
        "exposure_speed_down": "1.0",
        "tint": "0.0",
        "calibration_constant": "16.0",
        "focal_distance": "1000.0",
        "min_fstop": "1.2",
        "blade_count": "5",
        "blur_amount": "0.0",
        "blur_radius": "0.0",
        "slope": "0.88",
        "toe": "0.55",
        "white_clip": "0.04",
        "shoulder": "0.26",
        "black_clip": "0.0",
        "temp": "6500.0",
        "chromatic_aberration_intensity": "0.0"
      },
      "transform_carla": {
        "location": {
          "x": -54.80175018310547,
          "y": 21.7186222076416,
          "z": 1.6960810422897339
        },
        "rotation": {
          "roll": -1.2440518140792847,
          "pitch": 0.027252452448010445,
          "yaw": 147.01168823242188
        }
      },
      "matrix_world_from_sensor_carla": [
        [
          -0.838781476020813,
          -0.5443310737609863,
          0.012219864875078201,
          -54.80175018310547
        ],
        [
          0.5444679856300354,
          -0.8385894894599915,
          0.017951952293515205,
          21.7186222076416
        ],
        [
          0.0004756449779961258,
          0.021711092442274094,
          0.9997641444206238,
          1.6960810422897339
        ],
        [
          0.0,
          0.0,
          0.0,
          1.0
        ]
      ],
      "matrix_world_from_sensor_bevfusion": [
        [
          -0.5443310737609863,
          -0.012219864875078201,
          -0.838781476020813,
          -54.80175018310547
        ],
        [
          0.8385894894599915,
          0.017951952293515205,
          -0.5444679856300354,
          -21.7186222076416
        ],
        [
          0.021711092442274094,
          -0.9997641444206238,
          0.0004756449779961258,
          1.6960810422897339
        ],
        [
          0.0,
          0.0,
          0.0,
          1.0
        ]
      ],
      "matrix_ego_from_sensor_carla": [
        [
          -1.0,
          2.3545203475805465e-07,
          -4.988719215504034e-09,
          -1.5499954223632812
        ],
        [
          -2.3802564896868716e-07,
          -1.0,
          -3.4540792448467528e-09,
          -9.5367431640625e-07
        ],
        [
          -3.83071441234506e-09,
          -2.7019799730965133e-09,
          1.0,
          1.7000000476837158
        ],
        [
          0.0,
          0.0,
          0.0,
          1.0
        ]
      ],
      "matrix_ego_from_sensor_bevfusion": [
        [
          2.3545203475805465e-07,
          4.988719215504034e-09,
          -1.0,
          -1.5499954223632812
        ],
        [
          1.0,
          -3.4540792448467528e-09,
          2.3802564896868716e-07,
          9.5367431640625e-07
        ],
        [
          -2.7019799730965133e-09,
          -1.0,
          -3.83071441234506e-09,
          1.7000000476837158
        ],
        [
          0.0,
          0.0,
          0.0,
          1.0
        ]
      ],
      "camera_intrinsics": [
        [
          1142.5184326171875,
          0.0,
          800.0
        ],
        [
          0.0,
          1142.5184326171875,
          450.0
        ],
        [
          0.0,
          0.0,
          1.0
        ]
      ],
      "data_path": "D:\\Agent-AI\\outputs\\samples\\sample_000028\\images\\CAM_BACK.png",
      "raw_layout": "bgra8"
    },
    "CAM_BACK_LEFT": {
      "type_id": "sensor.camera.rgb",
      "blueprint_attributes": {
        "role_name": "front",
        "ros_name": "sensor.camera.rgb",
        "chromatic_aberration_offset": "0.0",
        "sensor_tick": "0.050000",
        "fstop": "1.4",
        "image_size_x": "1600",
        "image_size_y": "900",
        "fov": "70.00",
        "lens_circle_falloff": "5.0",
        "lens_circle_multiplier": "0.0",
        "exposure_compensation": "0.0",
        "lens_y_size": "0.08",
        "lens_k": "-1.0",
        "exposure_mode": "histogram",
        "lens_kcube": "0.0",
        "lens_x_size": "0.08",
        "exposure_max_bright": "12.0",
        "shutter_speed": "200.0",
        "bloom_intensity": "0.675",
        "iso": "100.0",
        "enable_postprocess_effects": "false",
        "gamma": "2.2",
        "motion_blur_intensity": "0.0",
        "motion_blur_max_distortion": "0.35",
        "lens_flare_intensity": "0.1",
        "motion_blur_min_object_screen_size": "0.1",
        "exposure_min_bright": "10.0",
        "exposure_speed_up": "3.0",
        "exposure_speed_down": "1.0",
        "tint": "0.0",
        "calibration_constant": "16.0",
        "focal_distance": "1000.0",
        "min_fstop": "1.2",
        "blade_count": "5",
        "blur_amount": "0.0",
        "blur_radius": "0.0",
        "slope": "0.88",
        "toe": "0.55",
        "white_clip": "0.04",
        "shoulder": "0.26",
        "black_clip": "0.0",
        "temp": "6500.0",
        "chromatic_aberration_intensity": "0.0"
      },
      "transform_carla": {
        "location": {
          "x": -54.89143753051758,
          "y": 21.121280670166016,
          "z": 1.707903265953064
        },
        "rotation": {
          "roll": -0.6913084983825684,
          "pitch": 1.0346779823303223,
          "yaw": -157.99427795410156
        }
      },
      "matrix_world_from_sensor_carla": [
        [
          -0.9269952774047852,
          0.3748738467693329,
          0.01221991702914238,
          -54.89143753051758
        ],
        [
          -0.37463802099227905,
          -0.9269973635673523,
          0.017951972782611847,
          21.121280670166016
        ],
        [
          0.018057554960250854,
          0.012063348665833473,
          0.9997641444206238,
          1.707903265953064
        ],
        [
          0.0,
          0.0,
          0.0,
          1.0
        ]
      ],
      "matrix_world_from_sensor_bevfusion": [
        [
          0.3748738467693329,
          -0.01221991702914238,
          -0.9269952774047852,
          -54.89143753051758
        ],
        [
          0.9269973635673523,
          0.017951972782611847,
          0.37463802099227905,
          -21.121280670166016
        ],
        [
          0.012063348665833473,
          -0.9997641444206238,
          0.018057554960250854,
          1.707903265953064
        ],
        [
          0.0,
          0.0,
          0.0,
          1.0
        ]
      ],
      "matrix_ego_from_sensor_carla": [
        [
          -0.5735764503479004,
          0.8191520571708679,
          2.7636675170583658e-08,
          -1.2999992370605469
        ],
        [
          -0.8191519379615784,
          -0.5735765099525452,
          4.311204904183796e-08,
          -0.5500020980834961
        ],
        [
          5.039945705220816e-08,
          -2.2991430981278427e-10,
          1.0,
          1.7000000476837158
        ],
        [
          0.0,
          0.0,
          0.0,
          1.0
        ]
      ],
      "matrix_ego_from_sensor_bevfusion": [
        [
          0.8191520571708679,
          -2.7636675170583658e-08,
          -0.5735764503479004,
          -1.2999992370605469
        ],
        [
          0.5735765099525452,
          4.311204904183796e-08,
          0.8191519379615784,
          0.5500020980834961
        ],
        [
          -2.2991430981278427e-10,
          -1.0,
          5.039945705220816e-08,
          1.7000000476837158
        ],
        [
          0.0,
          0.0,
          0.0,
          1.0
        ]
      ],
      "camera_intrinsics": [
        [
          1142.5184326171875,
          0.0,
          800.0
        ],
        [
          0.0,
          1142.5184326171875,
          450.0
        ],
        [
          0.0,
          0.0,
          1.0
        ]
      ],
      "data_path": "D:\\Agent-AI\\outputs\\samples\\sample_000028\\images\\CAM_BACK_LEFT.png",
      "raw_layout": "bgra8"
    },
    "CAM_BACK_RIGHT": {
      "type_id": "sensor.camera.rgb",
      "blueprint_attributes": {
        "role_name": "front",
        "ros_name": "sensor.camera.rgb",
        "chromatic_aberration_offset": "0.0",
        "sensor_tick": "0.050000",
        "fstop": "1.4",
        "image_size_x": "1600",
        "image_size_y": "900",
        "fov": "70.00",
        "lens_circle_falloff": "5.0",
        "lens_circle_multiplier": "0.0",
        "exposure_compensation": "0.0",
        "lens_y_size": "0.08",
        "lens_k": "-1.0",
        "exposure_mode": "histogram",
        "lens_kcube": "0.0",
        "lens_x_size": "0.08",
        "exposure_max_bright": "12.0",
        "shutter_speed": "200.0",
        "bloom_intensity": "0.675",
        "iso": "100.0",
        "enable_postprocess_effects": "false",
        "gamma": "2.2",
        "motion_blur_intensity": "0.0",
        "motion_blur_max_distortion": "0.35",
        "lens_flare_intensity": "0.1",
        "motion_blur_min_object_screen_size": "0.1",
        "exposure_min_bright": "10.0",
        "exposure_speed_up": "3.0",
        "exposure_speed_down": "1.0",
        "tint": "0.0",
        "calibration_constant": "16.0",
        "focal_distance": "1000.0",
        "min_fstop": "1.2",
        "blade_count": "5",
        "blur_amount": "0.0",
        "blur_radius": "0.0",
        "slope": "0.88",
        "toe": "0.55",
        "white_clip": "0.04",
        "shoulder": "0.26",
        "black_clip": "0.0",
        "temp": "6500.0",
        "chromatic_aberration_intensity": "0.0"
      },
      "transform_carla": {
        "location": {
          "x": -54.29267501831055,
          "y": 22.043729782104492,
          "z": 1.68402099609375
        },
        "rotation": {
          "roll": -0.7359592914581299,
          "pitch": -1.003402590751648,
          "yaw": 92.01841735839844
        }
      },
      "matrix_world_from_sensor_carla": [
        [
          -0.03521537035703659,
          -0.9993050694465637,
          0.012219863012433052,
          -54.29267501831055
        ],
        [
          0.9992263317108154,
          -0.03499307483434677,
          0.01795187033712864,
          22.043729782104492
        ],
        [
          -0.01751178316771984,
          0.012842589989304543,
          0.9997641444206238,
          1.68402099609375
        ],
        [
          0.0,
          0.0,
          0.0,
          1.0
        ]
      ],
      "matrix_world_from_sensor_bevfusion": [
        [
          -0.9993050694465637,
          -0.012219863012433052,
          -0.03521537035703659,
          -54.29267501831055
        ],
        [
          0.03499307483434677,
          0.01795187033712864,
          -0.9992263317108154,
          -22.043729782104492
        ],
        [
          0.012842589989304543,
          -0.9997641444206238,
          -0.01751178316771984,
          1.68402099609375
        ],
        [
          0.0,
          0.0,
          0.0,
          1.0
        ]
      ],
      "matrix_ego_from_sensor_carla": [
        [
          -0.5735766291618347,
          -0.8191519379615784,
          3.8696128967785626e-08,
          -1.2999992370605469
        ],
        [
          0.8191519975662231,
          -0.5735766291618347,
          -7.23719466577677e-08,
          0.5499982833862305
        ],
        [
          8.354271585631068e-08,
          -1.0745882406126839e-08,
          1.0,
          1.7000000476837158
        ],
        [
          0.0,
          0.0,
          0.0,
          1.0
        ]
      ],
      "matrix_ego_from_sensor_bevfusion": [
        [
          -0.8191519379615784,
          -3.8696128967785626e-08,
          -0.5735766291618347,
          -1.2999992370605469
        ],
        [
          0.5735766291618347,
          -7.23719466577677e-08,
          -0.8191519975662231,
          -0.5499982833862305
        ],
        [
          -1.0745882406126839e-08,
          -1.0,
          8.354271585631068e-08,
          1.7000000476837158
        ],
        [
          0.0,
          0.0,
          0.0,
          1.0
        ]
      ],
      "camera_intrinsics": [
        [
          1142.5184326171875,
          0.0,
          800.0
        ],
        [
          0.0,
          1142.5184326171875,
          450.0
        ],
        [
          0.0,
          0.0,
          1.0
        ]
      ],
      "data_path": "D:\\Agent-AI\\outputs\\samples\\sample_000028\\images\\CAM_BACK_RIGHT.png",
      "raw_layout": "bgra8"
    },
    "LIDAR_TOP": {
      "type_id": "sensor.lidar.ray_cast",
      "blueprint_attributes": {
        "atmosphere_attenuation_rate": "0.004",
        "role_name": "front",
        "noise_seed": "0",
        "upper_fov": "10.0",
        "ros_name": "sensor.lidar.ray_cast",
        "sensor_tick": "0.050000",
        "channels": "32",
        "range": "120.0",
        "points_per_second": "360000",
        "lower_fov": "-30.0",
        "rotation_frequency": "20.000000",
        "horizontal_fov": "360.0",
        "dropoff_general_rate": "0.0",
        "dropoff_intensity_limit": "1.0",
        "noise_stddev": "0.0",
        "dropoff_zero_intensity": "0.0"
      },
      "transform_carla": {
        "location": {
          "x": -53.49552917480469,
          "y": 20.88367462158203,
          "z": 2.195225954055786
        },
        "rotation": {
          "roll": 1.2440519332885742,
          "pitch": -0.027252452448010445,
          "yaw": -32.98833084106445
        }
      },
      "matrix_world_from_sensor_carla": [
        [
          0.8387813568115234,
          0.5443312525749207,
          0.012219869531691074,
          -53.49552917480469
        ],
        [
          -0.5444681644439697,
          0.8385893702507019,
          0.017951952293515205,
          20.88367462158203
        ],
        [
          -0.0004756449779961258,
          -0.021711094304919243,
          0.9997641444206238,
          2.195225954055786
        ],
        [
          0.0,
          0.0,
          0.0,
          1.0
        ]
      ],
      "matrix_world_from_sensor_bevfusion": [
        [
          0.8387813568115234,
          -0.5443312525749207,
          0.012219869531691074,
          -53.49552917480469
        ],
        [
          0.5444681644439697,
          0.8385893702507019,
          -0.017951952293515205,
          -20.88367462158203
        ],
        [
          -0.0004756449779961258,
          0.021711094304919243,
          0.9997641444206238,
          2.195225954055786
        ],
        [
          0.0,
          0.0,
          0.0,
          1.0
        ]
      ],
      "matrix_ego_from_sensor_carla": [
        [
          1.0,
          -2.15343529674783e-08,
          -3.321063424266413e-10,
          0.0
        ],
        [
          2.8469877122461185e-08,
          1.0,
          2.7121094259285883e-10,
          1.9073486328125e-06
        ],
        [
          -1.233352198148907e-09,
          8.39774028094098e-10,
          1.0,
          2.200000047683716
        ],
        [
          0.0,
          0.0,
          0.0,
          1.0
        ]
      ],
      "matrix_ego_from_sensor_bevfusion": [
        [
          1.0,
          2.15343529674783e-08,
          -3.321063424266413e-10,
          0.0
        ],
        [
          -2.8469877122461185e-08,
          1.0,
          -2.7121094259285883e-10,
          -1.9073486328125e-06
        ],
        [
          -1.233352198148907e-09,
          -8.39774028094098e-10,
          1.0,
          2.200000047683716
        ],
        [
          0.0,
          0.0,
          0.0,
          1.0
        ]
      ],
      "data_path": "D:\\Agent-AI\\outputs\\samples\\sample_000028\\lidar\\LIDAR_TOP.npy",
      "raw_layout": [
        "x",
        "y",
        "z",
        "intensity"
      ]
    },
    "RADAR_FRONT": {
      "type_id": "sensor.other.radar",
      "blueprint_attributes": {
        "sensor_tick": "0.050000",
        "role_name": "default",
        "noise_seed": "0",
        "ros_name": "sensor.other.radar",
        "horizontal_fov": "35.0",
        "points_per_second": "1500",
        "vertical_fov": "20.0",
        "range": "120.0"
      },
      "transform_carla": {
        "location": {
          "x": -51.83385467529297,
          "y": 19.771400451660156,
          "z": 0.8945812582969666
        },
        "rotation": {
          "roll": 1.2440519332885742,
          "pitch": -0.027252452448010445,
          "yaw": -32.98833084106445
        }
      },
      "matrix_world_from_sensor_carla": [
        [
          0.8387813568115234,
          0.5443312525749207,
          0.012219869531691074,
          -51.83385467529297
        ],
        [
          -0.5444681644439697,
          0.8385893702507019,
          0.017951952293515205,
          19.771400451660156
        ],
        [
          -0.0004756449779961258,
          -0.021711094304919243,
          0.9997641444206238,
          0.8945812582969666
        ],
        [
          0.0,
          0.0,
          0.0,
          1.0
        ]
      ],
      "matrix_world_from_sensor_bevfusion": [
        [
          0.8387813568115234,
          -0.5443312525749207,
          0.012219869531691074,
          -51.83385467529297
        ],
        [
          0.5444681644439697,
          0.8385893702507019,
          -0.017951952293515205,
          -19.771400451660156
        ],
        [
          -0.0004756449779961258,
          0.021711094304919243,
          0.9997641444206238,
          0.8945812582969666
        ],
        [
          0.0,
          0.0,
          0.0,
          1.0
        ]
      ],
      "matrix_ego_from_sensor_carla": [
        [
          1.0,
          -2.15343529674783e-08,
          -3.321063424266413e-10,
          1.9999961853027344
        ],
        [
          2.8469877122461185e-08,
          1.0,
          2.7121094259285883e-10,
          0.0
        ],
        [
          -1.233352198148907e-09,
          8.39774028094098e-10,
          1.0,
          0.9000000953674316
        ],
        [
          0.0,
          0.0,
          0.0,
          1.0
        ]
      ],
      "matrix_ego_from_sensor_bevfusion": [
        [
          1.0,
          2.15343529674783e-08,
          -3.321063424266413e-10,
          1.9999961853027344
        ],
        [
          -2.8469877122461185e-08,
          1.0,
          -2.7121094259285883e-10,
          0.0
        ],
        [
          -1.233352198148907e-09,
          -8.39774028094098e-10,
          1.0,
          0.9000000953674316
        ],
        [
          0.0,
          0.0,
          0.0,
          1.0
        ]
      ],
      "data_path": "D:\\Agent-AI\\outputs\\samples\\sample_000028\\radar\\RADAR_FRONT.npy",
      "raw_layout": [
        "velocity",
        "altitude",
        "azimuth",
        "depth"
      ]
    },
    "RADAR_FRONT_LEFT": {
      "type_id": "sensor.other.radar",
      "blueprint_attributes": {
        "sensor_tick": "0.050000",
        "role_name": "default",
        "noise_seed": "0",
        "ros_name": "sensor.other.radar",
        "horizontal_fov": "35.0",
        "points_per_second": "1500",
        "vertical_fov": "20.0",
        "range": "120.0"
      },
      "transform_carla": {
        "location": {
          "x": -52.53567886352539,
          "y": 19.33302116394043,
          "z": 0.9110310077667236
        },
        "rotation": {
          "roll": 0.8990168571472168,
          "pitch": 0.8603647351264954,
          "yaw": -77.98123931884766
        }
      },
      "matrix_world_from_sensor_carla": [
        [
          0.20820848643779755,
          0.9780081510543823,
          0.012219872325658798,
          -52.53567886352539
        ],
        [
          -0.977969229221344,
          0.20797589421272278,
          0.01795186847448349,
          19.33302116394043
        ],
        [
          0.015015632845461369,
          -0.015688391402363777,
          0.9997642040252686,
          0.9110310077667236
        ],
        [
          0.0,
          0.0,
          0.0,
          1.0
        ]
      ],
      "matrix_world_from_sensor_bevfusion": [
        [
          0.20820848643779755,
          -0.9780081510543823,
          0.012219872325658798,
          -52.53567886352539
        ],
        [
          0.977969229221344,
          0.20797589421272278,
          -0.01795186847448349,
          -19.33302116394043
        ],
        [
          0.015015632845461369,
          0.015688391402363777,
          0.9997642040252686,
          0.9110310077667236
        ],
        [
          0.0,
          0.0,
          0.0,
          1.0
        ]
      ],
      "matrix_ego_from_sensor_carla": [
        [
          0.707107424736023,
          0.7071062326431274,
          4.7136992975538305e-08,
          1.6499977111816406
        ],
        [
          -0.7071061730384827,
          0.7071073651313782,
          -6.994073942223622e-08,
          -0.7500019073486328
        ],
        [
          -8.541903184777766e-08,
          1.4947437065870872e-08,
          1.0000001192092896,
          0.8999999761581421
        ],
        [
          0.0,
          0.0,
          0.0,
          1.0
        ]
      ],
      "matrix_ego_from_sensor_bevfusion": [
        [
          0.707107424736023,
          -0.7071062326431274,
          4.7136992975538305e-08,
          1.6499977111816406
        ],
        [
          0.7071061730384827,
          0.7071073651313782,
          6.994073942223622e-08,
          0.7500019073486328
        ],
        [
          -8.541903184777766e-08,
          -1.4947437065870872e-08,
          1.0000001192092896,
          0.8999999761581421
        ],
        [
          0.0,
          0.0,
          0.0,
          1.0
        ]
      ],
      "data_path": "D:\\Agent-AI\\outputs\\samples\\sample_000028\\radar\\RADAR_FRONT_LEFT.npy",
      "raw_layout": [
        "velocity",
        "altitude",
        "azimuth",
        "depth"
      ]
    },
    "RADAR_FRONT_RIGHT": {
      "type_id": "sensor.other.radar",
      "blueprint_attributes": {
        "sensor_tick": "0.050000",
        "role_name": "default",
        "noise_seed": "0",
        "ros_name": "sensor.other.radar",
        "horizontal_fov": "35.0",
        "points_per_second": "1500",
        "vertical_fov": "20.0",
        "range": "120.0"
