{
  "schema_version": "stage1.v1",
  "sample_name": "sample_000031",
  "sequence_index": 31,
  "previous_sample_name": "sample_000030",
  "frame_id": 726304,
  "timestamp": 5000.294624764472,
  "platform_timestamp": 16813379.9407812,
  "delta_seconds": 0.10000000149011612,
  "town": "Carla/Maps/Town10HD_Opt",
  "weather": {
    "cloudiness": 20.0,
    "dust_storm": 0.0,
    "fog_density": 2.0,
    "fog_distance": 0.75,
    "fog_falloff": 0.10000000149011612,
    "mie_scattering_scale": 0.029999999329447746,
    "precipitation": 0.0,
    "precipitation_deposits": 0.0,
    "rayleigh_scattering_scale": 0.03310000151395798,
    "scattering_intensity": 1.0,
    "sun_altitude_angle": 45.0,
    "sun_azimuth_angle": 300.0,
    "wetness": 0.0,
    "wind_intensity": 10.0
  },
  "sensor_names": [
    "CAM_FRONT",
    "CAM_FRONT_RIGHT",
    "CAM_FRONT_LEFT",
    "CAM_BACK",
    "CAM_BACK_LEFT",
    "CAM_BACK_RIGHT",
    "LIDAR_TOP",
    "RADAR_FRONT",
    "RADAR_FRONT_LEFT",
    "RADAR_FRONT_RIGHT",
    "RADAR_BACK_LEFT",
    "RADAR_BACK_RIGHT"
  ],
  "camera_order_for_model": [
    "CAM_FRONT",
    "CAM_FRONT_RIGHT",
    "CAM_FRONT_LEFT",
    "CAM_BACK",
    "CAM_BACK_LEFT",
    "CAM_BACK_RIGHT"
  ],
  "radar_order_for_model": [
    "RADAR_FRONT",
    "RADAR_FRONT_LEFT",
    "RADAR_FRONT_RIGHT",
    "RADAR_BACK_LEFT",
    "RADAR_BACK_RIGHT"
  ],
  "coordinate_notes": {
    "carla_world": "left-handed x-forward y-right z-up",
    "bevfusion_lidar": "x-forward y-left z-up",
    "camera_frame_for_model": "OpenCV style x-right y-down z-forward"
  },
  "ego": {
    "actor_id": 49,
    "transform_carla": {
      "location": {
        "x": 104.44953155517578,
        "y": -34.95071029663086,
        "z": -0.00481071462854743
      },
      "rotation": {
        "roll": 0.04921206086874008,
        "pitch": 0.08261113613843918,
        "yaw": -105.76590728759766
      }
    },
    "velocity_carla": [
      -0.9099628329277039,
      -2.9595532417297363,
      7.706641918048263e-05
    ],
    "angular_velocity_carla": [
      1.8643115758895874,
      -0.6926343441009521,
      -3.4545094966888428
    ],
    "matrix_world_from_ego_carla": [
      [
        -0.2717074155807495,
        0.9623790979385376,
        0.001218357589095831,
        104.44953155517578
      ],
      [
        -0.9623788595199585,
        -0.27170878648757935,
        0.0011542201973497868,
        -34.95071029663086
      ],
      [
        0.001441835891455412,
        -0.0008589114877395332,
        0.9999986290931702,
        -0.00481071462854743
      ],
      [
        0.0,
        0.0,
        0.0,
        1.0
      ]
    ],
    "matrix_world_from_ego_bevfusion": [
      [
        -0.2717074155807495,
        -0.9623790979385376,
        0.001218357589095831,
        104.44953155517578
      ],
      [
        0.9623788595199585,
        -0.27170878648757935,
        -0.0011542201973497868,
        34.95071029663086
      ],
      [
        0.001441835891455412,
        0.0008589114877395332,
        0.9999986290931702,
        -0.00481071462854743
      ],
      [
        0.0,
        0.0,
        0.0,
        1.0
      ]
    ]
  },
  "sensors": {
    "CAM_FRONT": {
      "type_id": "sensor.camera.rgb",
      "blueprint_attributes": {
        "role_name": "front",
        "ros_name": "sensor.camera.rgb",
        "chromatic_aberration_offset": "0.0",
        "sensor_tick": "0.100000",
        "fstop": "1.4",
        "image_size_x": "960",
        "image_size_y": "540",
        "fov": "70.00",
        "lens_circle_falloff": "5.0",
        "lens_circle_multiplier": "0.0",
        "exposure_compensation": "0.0",
        "lens_y_size": "0.08",
        "lens_k": "-1.0",
        "exposure_mode": "histogram",
        "lens_kcube": "0.0",
        "lens_x_size": "0.08",
        "exposure_max_bright": "12.0",
        "shutter_speed": "200.0",
        "bloom_intensity": "0.675",
        "iso": "100.0",
        "enable_postprocess_effects": "false",
        "gamma": "2.2",
        "motion_blur_intensity": "0.0",
        "motion_blur_max_distortion": "0.35",
        "lens_flare_intensity": "0.1",
        "motion_blur_min_object_screen_size": "0.1",
        "exposure_min_bright": "10.0",
        "exposure_speed_up": "3.0",
        "exposure_speed_down": "1.0",
        "tint": "0.0",
        "calibration_constant": "16.0",
        "focal_distance": "1000.0",
        "min_fstop": "1.2",
        "blade_count": "5",
        "blur_amount": "0.0",
        "blur_radius": "0.0",
        "slope": "0.88",
        "toe": "0.55",
        "white_clip": "0.04",
        "shoulder": "0.26",
        "black_clip": "0.0",
        "temp": "6500.0",
        "chromatic_aberration_intensity": "0.0"
      },
      "transform_carla": {
        "location": {
          "x": 104.03045654296875,
          "y": -36.44043731689453,
          "z": 1.6974217891693115
        },
        "rotation": {
          "roll": 0.04921206086874008,
          "pitch": 0.08261113613843918,
          "yaw": -105.76590728759766
        }
      },
      "matrix_world_from_sensor_carla": [
        [
          -0.2717074155807495,
          0.9623790979385376,
          0.001218357589095831,
          104.03045654296875
        ],
        [
          -0.9623788595199585,
          -0.27170878648757935,
          0.0011542201973497868,
          -36.44043731689453
        ],
        [
          0.001441835891455412,
          -0.0008589114877395332,
          0.9999986290931702,
          1.6974217891693115
        ],
        [
          0.0,
          0.0,
          0.0,
          1.0
        ]
      ],
      "matrix_world_from_sensor_bevfusion": [
        [
          0.9623790979385376,
          -0.001218357589095831,
          -0.2717074155807495,
          104.03045654296875
        ],
        [
          0.27170878648757935,
          0.0011542201973497868,
          0.9623788595199585,
          36.44043731689453
        ],
        [
          -0.0008589114877395332,
          -0.9999986290931702,
          0.001441835891455412,
          1.6974217891693115
        ],
        [
          0.0,
          0.0,
          0.0,
          1.0
        ]
      ],
      "matrix_ego_from_sensor_carla": [
        [
          1.0,
          -9.370238807093756e-09,
          2.437959556456093e-12,
          1.550002098083496
        ],
        [
          6.82485978842351e-09,
          0.9999999403953552,
          1.3334246901086644e-11,
          0.0
        ],
        [
          3.2913005654222616e-11,
          -5.1885801211071225e-11,
          1.0,
          1.7000000476837158
        ],
        [
          0.0,
          0.0,
          0.0,
          1.0
        ]
      ],
      "matrix_ego_from_sensor_bevfusion": [
        [
          -9.370238807093756e-09,
          -2.437959556456093e-12,
          1.0,
          1.550002098083496
        ],
        [
          -0.9999999403953552,
          1.3334246901086644e-11,
          -6.82485978842351e-09,
          0.0
        ],
        [
          -5.1885801211071225e-11,
          -1.0,
          3.2913005654222616e-11,
          1.7000000476837158
        ],
        [
          0.0,
          0.0,
          0.0,
          1.0
        ]
      ],
      "camera_intrinsics": [
        [
          685.5110473632812,
          0.0,
          480.0
        ],
        [
          0.0,
          685.5110473632812,
          270.0
        ],
        [
          0.0,
          0.0,
          1.0
        ]
      ],
      "data_path": "D:\\Agent-AI\\outputs\\s3a_ml_long_v1\\sample_000031\\images\\CAM_FRONT.png",
      "raw_layout": "bgra8"
    },
    "CAM_FRONT_RIGHT": {
      "type_id": "sensor.camera.rgb",
      "blueprint_attributes": {
        "role_name": "front",
        "ros_name": "sensor.camera.rgb",
        "chromatic_aberration_offset": "0.0",
        "sensor_tick": "0.100000",
        "fstop": "1.4",
        "image_size_x": "960",
        "image_size_y": "540",
        "fov": "70.00",
        "lens_circle_falloff": "5.0",
        "lens_circle_multiplier": "0.0",
        "exposure_compensation": "0.0",
        "lens_y_size": "0.08",
        "lens_k": "-1.0",
        "exposure_mode": "histogram",
        "lens_kcube": "0.0",
        "lens_x_size": "0.08",
        "exposure_max_bright": "12.0",
        "shutter_speed": "200.0",
        "bloom_intensity": "0.675",
        "iso": "100.0",
        "enable_postprocess_effects": "false",
        "gamma": "2.2",
        "motion_blur_intensity": "0.0",
        "motion_blur_max_distortion": "0.35",
        "lens_flare_intensity": "0.1",
        "motion_blur_min_object_screen_size": "0.1",
        "exposure_min_bright": "10.0",
        "exposure_speed_up": "3.0",
        "exposure_speed_down": "1.0",
        "tint": "0.0",
        "calibration_constant": "16.0",
        "focal_distance": "1000.0",
        "min_fstop": "1.2",
        "blade_count": "5",
        "blur_amount": "0.0",
        "blur_radius": "0.0",
        "slope": "0.88",
        "toe": "0.55",
        "white_clip": "0.04",
        "shoulder": "0.26",
        "black_clip": "0.0",
        "temp": "6500.0",
        "chromatic_aberration_intensity": "0.0"
      },
      "transform_carla": {
        "location": {
          "x": 104.62769317626953,
          "y": -36.349281311035156,
          "z": 1.6965889930725098
        },
        "rotation": {
          "roll": 0.09589793533086777,
          "pitch": 0.00707607576623559,
          "yaw": -50.76594161987305
        }
      },
      "matrix_world_from_sensor_carla": [
        [
          0.6324898600578308,
          0.774567723274231,
          0.0012183089274913073,
          104.62769317626953
        ],
        [
          -0.7745686769485474,
          0.6324887871742249,
          0.0011542794527485967,
          -36.349281311035156
        ],
        [
          0.00012350082397460938,
          -0.001673733931966126,
          0.9999986290931702,
          1.6965889930725098
        ],
        [
          0.0,
          0.0,
          0.0,
          1.0
        ]
      ],
      "matrix_world_from_sensor_bevfusion": [
        [
          0.774567723274231,
          -0.0012183089274913073,
          0.6324898600578308,
          104.62769317626953
        ],
        [
          -0.6324887871742249,
          0.0011542794527485967,
          0.7745686769485474,
          36.349281311035156
        ],
        [
          -0.001673733931966126,
          -0.9999986290931702,
          0.00012350082397460938,
          1.6965889930725098
        ],
        [
          0.0,
          0.0,
          0.0,
          1.0
        ]
      ],
      "matrix_ego_from_sensor_carla": [
        [
          0.5735764503479004,
          -0.8191519975662231,
          -4.388613916717077e-08,
          1.3000006675720215
        ],
        [
          0.8191519975662231,
          0.5735765099525452,
          -6.290914456030805e-08,
          0.5500030517578125
        ],
        [
          7.680296221224125e-08,
          2.9881980223578353e-10,
          1.0,
          1.7000000476837158
        ],
        [
          0.0,
          0.0,
          0.0,
          1.0
        ]
      ],
      "matrix_ego_from_sensor_bevfusion": [
        [
          -0.8191519975662231,
          4.388613916717077e-08,
          0.5735764503479004,
          1.3000006675720215
        ],
        [
          -0.5735765099525452,
          -6.290914456030805e-08,
          -0.8191519975662231,
          -0.5500030517578125
        ],
        [
          2.9881980223578353e-10,
          -1.0,
          7.680296221224125e-08,
          1.7000000476837158
        ],
        [
          0.0,
          0.0,
          0.0,
          1.0
        ]
      ],
      "camera_intrinsics": [
        [
          685.5110473632812,
          0.0,
          480.0
        ],
        [
          0.0,
          685.5110473632812,
          270.0
        ],
        [
          0.0,
          0.0,
          1.0
        ]
      ],
      "data_path": "D:\\Agent-AI\\outputs\\s3a_ml_long_v1\\sample_000031\\images\\CAM_FRONT_RIGHT.png",
      "raw_layout": "bgra8"
    },
    "CAM_FRONT_LEFT": {
      "type_id": "sensor.camera.rgb",
      "blueprint_attributes": {
        "role_name": "front",
        "ros_name": "sensor.camera.rgb",
        "chromatic_aberration_offset": "0.0",
        "sensor_tick": "0.100000",
        "fstop": "1.4",
        "image_size_x": "960",
        "image_size_y": "540",
        "fov": "70.00",
        "lens_circle_falloff": "5.0",
        "lens_circle_multiplier": "0.0",
        "exposure_compensation": "0.0",
        "lens_y_size": "0.08",
        "lens_k": "-1.0",
        "exposure_mode": "histogram",
        "lens_kcube": "0.0",
        "lens_x_size": "0.08",
        "exposure_max_bright": "12.0",
        "shutter_speed": "200.0",
        "bloom_intensity": "0.675",
        "iso": "100.0",
        "enable_postprocess_effects": "false",
        "gamma": "2.2",
        "motion_blur_intensity": "0.0",
        "motion_blur_max_distortion": "0.35",
        "lens_flare_intensity": "0.1",
        "motion_blur_min_object_screen_size": "0.1",
        "exposure_min_bright": "10.0",
        "exposure_speed_up": "3.0",
        "exposure_speed_down": "1.0",
        "tint": "0.0",
        "calibration_constant": "16.0",
        "focal_distance": "1000.0",
        "min_fstop": "1.2",
        "blade_count": "5",
        "blur_amount": "0.0",
        "blur_radius": "0.0",
        "slope": "0.88",
        "toe": "0.55",
        "white_clip": "0.04",
        "shoulder": "0.26",
        "black_clip": "0.0",
        "temp": "6500.0",
        "chromatic_aberration_intensity": "0.0"
      },
      "transform_carla": {
        "location": {
          "x": 103.5690689086914,
          "y": -36.0504035949707,
          "z": 1.6975334882736206
        },
        "rotation": {
          "roll": -0.039444249123334885,
          "pitch": 0.08769962191581726,
          "yaw": -160.7659454345703
        }
      },
      "matrix_world_from_sensor_carla": [
        [
          -0.9441795945167542,
          0.3294287621974945,
          0.001218418008647859,
          103.5690689086914
        ],
        [
          -0.32942748069763184,
          -0.9441801309585571,
          0.0011542417341843247,
          -36.0504035949707
        ],
        [
          0.0015306465793401003,
          0.0006884311442263424,
          0.9999985694885254,
          1.6975334882736206
        ],
        [
          0.0,
          0.0,
          0.0,
          1.0
        ]
      ],
      "matrix_world_from_sensor_bevfusion": [
        [
          0.3294287621974945,
          -0.001218418008647859,
          -0.9441795945167542,
          103.5690689086914
        ],
        [
          0.9441801309585571,
          0.0011542417341843247,
          0.32942748069763184,
          36.0504035949707
        ],
        [
          0.0006884311442263424,
          -0.9999985694885254,
          0.0015306465793401003,
          1.6975334882736206
        ],
        [
          0.0,
          0.0,
          0.0,
          1.0
        ]
      ],
      "matrix_ego_from_sensor_carla": [
        [
          0.573576807975769,
          0.8191516995429993,
          -3.733640596692567e-08,
          1.300004482269287
        ],
        [
          -0.8191516995429993,
          0.573576807975769,
          5.227679977792832e-08,
          -0.5500030517578125
        ],
        [
          6.416712494683452e-08,
          5.867981656137999e-10,
          0.9999999403953552,
          1.6999996900558472
        ],
        [
          0.0,
          0.0,
          0.0,
          1.0
        ]
      ],
      "matrix_ego_from_sensor_bevfusion": [
        [
          0.8191516995429993,
          3.733640596692567e-08,
          0.573576807975769,
          1.300004482269287
        ],
        [
          -0.573576807975769,
          5.227679977792832e-08,
          0.8191516995429993,
          0.5500030517578125
        ],
        [
          5.867981656137999e-10,
          -0.9999999403953552,
          6.416712494683452e-08,
          1.6999996900558472
        ],
        [
          0.0,
          0.0,
          0.0,
          1.0
        ]
      ],
      "camera_intrinsics": [
        [
          685.5110473632812,
          0.0,
          480.0
        ],
        [
          0.0,
          685.5110473632812,
          270.0
        ],
        [
          0.0,
          0.0,
          1.0
        ]
      ],
      "data_path": "D:\\Agent-AI\\outputs\\s3a_ml_long_v1\\sample_000031\\images\\CAM_FRONT_LEFT.png",
      "raw_layout": "bgra8"
    },
    "CAM_BACK": {
      "type_id": "sensor.camera.rgb",
      "blueprint_attributes": {
        "role_name": "front",
        "ros_name": "sensor.camera.rgb",
        "chromatic_aberration_offset": "0.0",
        "sensor_tick": "0.100000",
        "fstop": "1.4",
        "image_size_x": "960",
        "image_size_y": "540",
        "fov": "70.00",
        "lens_circle_falloff": "5.0",
        "lens_circle_multiplier": "0.0",
        "exposure_compensation": "0.0",
        "lens_y_size": "0.08",
        "lens_k": "-1.0",
        "exposure_mode": "histogram",
        "lens_kcube": "0.0",
        "lens_x_size": "0.08",
        "exposure_max_bright": "12.0",
        "shutter_speed": "200.0",
        "bloom_intensity": "0.675",
        "iso": "100.0",
        "enable_postprocess_effects": "false",
        "gamma": "2.2",
        "motion_blur_intensity": "0.0",
        "motion_blur_max_distortion": "0.35",
        "lens_flare_intensity": "0.1",
        "motion_blur_min_object_screen_size": "0.1",
        "exposure_min_bright": "10.0",
        "exposure_speed_up": "3.0",
        "exposure_speed_down": "1.0",
        "tint": "0.0",
        "calibration_constant": "16.0",
        "focal_distance": "1000.0",
        "min_fstop": "1.2",
        "blade_count": "5",
        "blur_amount": "0.0",
        "blur_radius": "0.0",
        "slope": "0.88",
        "toe": "0.55",
        "white_clip": "0.04",
        "shoulder": "0.26",
        "black_clip": "0.0",
        "temp": "6500.0",
        "chromatic_aberration_intensity": "0.0"
      },
      "transform_carla": {
        "location": {
          "x": 104.87274169921875,
          "y": -33.457061767578125,
          "z": 1.6929519176483154
        },
        "rotation": {
          "roll": -0.049212075769901276,
          "pitch": -0.08261113613843918,
          "yaw": 74.23408508300781
        }
      },
      "matrix_world_from_sensor_carla": [
        [
          0.27170756459236145,
          -0.9623790979385376,
          0.00121835817117244,
          104.87274169921875
        ],
        [
          0.9623788595199585,
          0.2717089354991913,
          0.001154220080934465,
          -33.457061767578125
        ],
        [
          -0.001441835891455412,
          0.0008589117787778378,
          0.9999986290931702,
          1.6929519176483154
        ],
        [
          0.0,
          0.0,
          0.0,
          1.0
        ]
      ],
      "matrix_world_from_sensor_bevfusion": [
        [
          -0.9623790979385376,
          -0.00121835817117244,
          0.27170756459236145,
          104.87274169921875
        ],
        [
          -0.2717089354991913,
          0.001154220080934465,
          -0.9623788595199585,
          33.457061767578125
        ],
        [
          0.0008589117787778378,
          -0.9999986290931702,
          -0.001441835891455412,
          1.6929519176483154
        ],
        [
          0.0,
          0.0,
          0.0,
          1.0
        ]
      ],
      "matrix_ego_from_sensor_carla": [
        [
          -1.0,
          -1.3403494847352704e-07,
          -1.1397736227047872e-10,
          -1.549997091293335
        ],
        [
          1.421867494855178e-07,
          -1.0,
          5.954108317496321e-10,
          -1.52587890625e-05
        ],
        [
          1.9991763799964701e-10,
          5.175466721851762e-10,
          1.0,
          1.6999998092651367
        ],
        [
          0.0,
          0.0,
          0.0,
          1.0
        ]
      ],
      "matrix_ego_from_sensor_bevfusion": [
        [
          -1.3403494847352704e-07,
          1.1397736227047872e-10,
          -1.0,
          -1.549997091293335
        ],
        [
          1.0,
          5.954108317496321e-10,
          -1.421867494855178e-07,
          1.52587890625e-05
        ],
        [
          5.175466721851762e-10,
          -1.0,
          1.9991763799964701e-10,
          1.6999998092651367
        ],
        [
          0.0,
          0.0,
          0.0,
          1.0
        ]
      ],
      "camera_intrinsics": [
        [
          685.5110473632812,
          0.0,
          480.0
        ],
        [
          0.0,
          685.5110473632812,
          270.0
        ],
        [
          0.0,
          0.0,
          1.0
        ]
      ],
      "data_path": "D:\\Agent-AI\\outputs\\s3a_ml_long_v1\\sample_000031\\images\\CAM_BACK.png",
      "raw_layout": "bgra8"
    },
    "CAM_BACK_LEFT": {
      "type_id": "sensor.camera.rgb",
      "blueprint_attributes": {
        "role_name": "front",
        "ros_name": "sensor.camera.rgb",
        "chromatic_aberration_offset": "0.0",
        "sensor_tick": "0.100000",
        "fstop": "1.4",
        "image_size_x": "960",
        "image_size_y": "540",
        "fov": "70.00",
        "lens_circle_falloff": "5.0",
        "lens_circle_multiplier": "0.0",
        "exposure_compensation": "0.0",
        "lens_y_size": "0.08",
        "lens_k": "-1.0",
        "exposure_mode": "histogram",
        "lens_kcube": "0.0",
        "lens_x_size": "0.08",
        "exposure_max_bright": "12.0",
        "shutter_speed": "200.0",
        "bloom_intensity": "0.675",
        "iso": "100.0",
        "enable_postprocess_effects": "false",
        "gamma": "2.2",
        "motion_blur_intensity": "0.0",
        "motion_blur_max_distortion": "0.35",
        "lens_flare_intensity": "0.1",
        "motion_blur_min_object_screen_size": "0.1",
        "exposure_min_bright": "10.0",
        "exposure_speed_up": "3.0",
        "exposure_speed_down": "1.0",
        "tint": "0.0",
        "calibration_constant": "16.0",
        "focal_distance": "1000.0",
        "min_fstop": "1.2",
        "blade_count": "5",
        "blur_amount": "0.0",
        "blur_radius": "0.0",
        "slope": "0.88",
        "toe": "0.55",
        "white_clip": "0.04",
        "shoulder": "0.26",
        "black_clip": "0.0",
        "temp": "6500.0",
        "chromatic_aberration_intensity": "0.0"
      },
      "transform_carla": {
        "location": {
          "x": 104.2755126953125,
          "y": -33.5482177734375,
          "z": 1.6937847137451172
        },
        "rotation": {
          "roll": -0.09589793533086777,
          "pitch": -0.00707607576623559,
          "yaw": 129.23403930664062
        }
      },
      "matrix_world_from_sensor_carla": [
        [
          -0.6324895620346069,
          -0.7745679616928101,
          0.0012183093931525946,
          104.2755126953125
        ],
        [
          0.7745689153671265,
          -0.632488489151001,
          0.0011542789870873094,
          -33.5482177734375
        ],
        [
          -0.00012350082397460938,
          0.001673733931966126,
          0.9999986290931702,
          1.6937847137451172
        ],
        [
          0.0,
          0.0,
          0.0,
          1.0
        ]
      ],
      "matrix_world_from_sensor_bevfusion": [
        [
          -0.7745679616928101,
          -0.0012183093931525946,
          -0.6324895620346069,
          104.2755126953125
        ],
        [
          0.632488489151001,
          0.0011542789870873094,
          -0.7745689153671265,
          33.5482177734375
        ],
        [
          0.001673733931966126,
          -0.9999986290931702,
          -0.00012350082397460938,
          1.6937847137451172
        ],
        [
          0.0,
          0.0,
          0.0,
          1.0
        ]
      ],
      "matrix_ego_from_sensor_carla": [
        [
          -0.573576807975769,
          0.819151759147644,
          -4.3536893201689963e-08,
          -1.2999978065490723
        ],
        [
          -0.8191518783569336,
          -0.573576807975769,
          -6.244348327300031e-08,
          -0.5500030517578125
        ],
        [
          -7.619178177264985e-08,
          -1.824044804088487e-10,
          1.0,
          1.6999996900558472
        ],
        [
          0.0,
          0.0,
          0.0,
          1.0
        ]
      ],
      "matrix_ego_from_sensor_bevfusion": [
        [
          0.819151759147644,
          4.3536893201689963e-08,
          -0.573576807975769,
          -1.2999978065490723
        ],
        [
          0.573576807975769,
          -6.244348327300031e-08,
          0.8191518783569336,
          0.5500030517578125
        ],
        [
          -1.824044804088487e-10,
          -1.0,
          -7.619178177264985e-08,
          1.6999996900558472
        ],
        [
          0.0,
          0.0,
          0.0,
          1.0
        ]
      ],
      "camera_intrinsics": [
        [
          685.5110473632812,
          0.0,
          480.0
        ],
        [
          0.0,
          685.5110473632812,
          270.0
        ],
        [
          0.0,
          0.0,
          1.0
        ]
      ],
      "data_path": "D:\\Agent-AI\\outputs\\s3a_ml_long_v1\\sample_000031\\images\\CAM_BACK_LEFT.png",
      "raw_layout": "bgra8"
    },
    "CAM_BACK_RIGHT": {
      "type_id": "sensor.camera.rgb",
      "blueprint_attributes": {
        "role_name": "front",
        "ros_name": "sensor.camera.rgb",
        "chromatic_aberration_offset": "0.0",
        "sensor_tick": "0.100000",
        "fstop": "1.4",
        "image_size_x": "960",
        "image_size_y": "540",
        "fov": "70.00",
        "lens_circle_falloff": "5.0",
        "lens_circle_multiplier": "0.0",
        "exposure_compensation": "0.0",
        "lens_y_size": "0.08",
        "lens_k": "-1.0",
        "exposure_mode": "histogram",
        "lens_kcube": "0.0",
        "lens_x_size": "0.08",
        "exposure_max_bright": "12.0",
        "shutter_speed": "200.0",
        "bloom_intensity": "0.675",
        "iso": "100.0",
        "enable_postprocess_effects": "false",
        "gamma": "2.2",
        "motion_blur_intensity": "0.0",
        "motion_blur_max_distortion": "0.35",
        "lens_flare_intensity": "0.1",
        "motion_blur_min_object_screen_size": "0.1",
        "exposure_min_bright": "10.0",
        "exposure_speed_up": "3.0",
        "exposure_speed_down": "1.0",
        "tint": "0.0",
        "calibration_constant": "16.0",
        "focal_distance": "1000.0",
        "min_fstop": "1.2",
        "blade_count": "5",
        "blur_amount": "0.0",
        "blur_radius": "0.0",
        "slope": "0.88",
        "toe": "0.55",
        "white_clip": "0.04",
        "shoulder": "0.26",
        "black_clip": "0.0",
        "temp": "6500.0",
        "chromatic_aberration_intensity": "0.0"
      },
      "transform_carla": {
        "location": {
          "x": 105.3341293334961,
          "y": -33.84709548950195,
          "z": 1.6928402185440063
        },
        "rotation": {
          "roll": 0.03944426402449608,
          "pitch": -0.08769962191581726,
          "yaw": 19.234033584594727
        }
      },
      "matrix_world_from_sensor_carla": [
        [
          0.9441797137260437,
          -0.32942843437194824,
          0.0012184182414785028,
          105.3341293334961
        ],
        [
          0.32942715287208557,
          0.9441802501678467,
          0.001154241501353681,
          -33.84709548950195
        ],
        [
          -0.0015306465793401003,
          -0.0006884313770569861,
          0.9999985694885254,
          1.6928402185440063
        ],
        [
          0.0,
          0.0,
          0.0,
          1.0
        ]
      ],
      "matrix_world_from_sensor_bevfusion": [
        [
          -0.32942843437194824,
          -0.0012184182414785028,
          0.9441797137260437,
          105.3341293334961
        ],
        [
          -0.9441802501678467,
          0.001154241501353681,
          -0.32942715287208557,
          33.84709548950195
        ],
        [
          -0.0006884313770569861,
          -0.9999985694885254,
          -0.0015306465793401003,
          1.6928402185440063
        ],
        [
          0.0,
          0.0,
          0.0,
          1.0
        ]
      ],
      "matrix_ego_from_sensor_carla": [
        [
          -0.5735765099525452,
          -0.8191519379615784,
          -3.71035753232718e-08,
          -1.299999475479126
        ],
        [
          0.8191519379615784,
          -0.5735765099525452,
          5.2567838082495655e-08,
          0.5499954223632812
        ],
        [
          -6.439995559048839e-08,
          -2.375518948216637e-10,
          0.9999999403953552,
          1.7000000476837158
        ],
        [
          0.0,
          0.0,
          0.0,
          1.0
        ]
      ],
      "matrix_ego_from_sensor_bevfusion": [
        [
          -0.8191519379615784,
          3.71035753232718e-08,
          -0.5735765099525452,
          -1.299999475479126
        ],
        [
          0.5735765099525452,
          5.2567838082495655e-08,
          -0.8191519379615784,
          -0.5499954223632812
        ],
        [
          -2.375518948216637e-10,
          -0.9999999403953552,
          -6.439995559048839e-08,
          1.7000000476837158
        ],
        [
          0.0,
          0.0,
          0.0,
          1.0
        ]
      ],
      "camera_intrinsics": [
        [
          685.5110473632812,
          0.0,
          480.0
        ],
        [
          0.0,
          685.5110473632812,
          270.0
        ],
        [
          0.0,
          0.0,
          1.0
        ]
      ],
      "data_path": "D:\\Agent-AI\\outputs\\s3a_ml_long_v1\\sample_000031\\images\\CAM_BACK_RIGHT.png",
      "raw_layout": "bgra8"
    },
    "LIDAR_TOP": {
      "type_id": "sensor.lidar.ray_cast",
      "blueprint_attributes": {
        "atmosphere_attenuation_rate": "0.004",
        "role_name": "front",
        "noise_seed": "0",
        "upper_fov": "10.0",
        "ros_name": "sensor.lidar.ray_cast",
        "sensor_tick": "0.100000",
        "channels": "32",
        "range": "120.0",
        "points_per_second": "360000",
        "lower_fov": "-30.0",
        "rotation_frequency": "10.000000",
        "horizontal_fov": "360.0",
        "dropoff_general_rate": "0.0",
        "dropoff_intensity_limit": "1.0",
        "noise_stddev": "0.0",
        "dropoff_zero_intensity": "0.0"
      },
      "transform_carla": {
        "location": {
          "x": 104.45220184326172,
          "y": -34.94817352294922,
          "z": 2.195186138153076
        },
        "rotation": {
          "roll": 0.04921206086874008,
          "pitch": 0.08261113613843918,
          "yaw": -105.76590728759766
        }
      },
      "matrix_world_from_sensor_carla": [
        [
          -0.2717074155807495,
          0.9623790979385376,
          0.001218357589095831,
          104.45220184326172
        ],
        [
          -0.9623788595199585,
          -0.27170878648757935,
          0.0011542201973497868,
          -34.94817352294922
        ],
        [
          0.001441835891455412,
          -0.0008589114877395332,
          0.9999986290931702,
          2.195186138153076
        ],
        [
          0.0,
          0.0,
          0.0,
          1.0
        ]
      ],
      "matrix_world_from_sensor_bevfusion": [
        [
          -0.2717074155807495,
          -0.9623790979385376,
          0.001218357589095831,
          104.45220184326172
        ],
        [
          0.9623788595199585,
          -0.27170878648757935,
          -0.0011542201973497868,
          34.94817352294922
        ],
        [
          0.001441835891455412,
          0.0008589114877395332,
          0.9999986290931702,
          2.195186138153076
        ],
        [
          0.0,
          0.0,
          0.0,
          1.0
        ]
      ],
      "matrix_ego_from_sensor_carla": [
        [
          1.0,
          -9.370238807093756e-09,
          2.437959556456093e-12,
          5.245208740234375e-06
        ],
        [
          6.82485978842351e-09,
          0.9999999403953552,
          1.3334246901086644e-11,
          -7.62939453125e-06
        ],
        [
          3.2913005654222616e-11,
          -5.1885801211071225e-11,
          1.0,
          2.1999998092651367
        ],
        [
          0.0,
          0.0,
          0.0,
          1.0
        ]
      ],
      "matrix_ego_from_sensor_bevfusion": [
        [
          1.0,
          9.370238807093756e-09,
          2.437959556456093e-12,
          5.245208740234375e-06
        ],
        [
          -6.82485978842351e-09,
          0.9999999403953552,
          -1.3334246901086644e-11,
          7.62939453125e-06
        ],
        [
          3.2913005654222616e-11,
          5.1885801211071225e-11,
          1.0,
          2.1999998092651367
        ],
        [
          0.0,
          0.0,
          0.0,
          1.0
        ]
      ],
      "data_path": "D:\\Agent-AI\\outputs\\s3a_ml_long_v1\\sample_000031\\lidar\\LIDAR_TOP.npy",
      "raw_layout": [
        "x",
        "y",
        "z",
        "intensity"
      ]
    },
    "RADAR_FRONT": {
      "type_id": "sensor.other.radar",
      "blueprint_attributes": {
        "sensor_tick": "0.100000",
        "role_name": "default",
        "noise_seed": "0",
        "ros_name": "sensor.other.radar",
        "horizontal_fov": "35.0",
        "points_per_second": "1500",
        "vertical_fov": "20.0",
        "range": "120.0"
      },
      "transform_carla": {
        "location": {
          "x": 103.90721130371094,
          "y": -36.87443161010742,
          "z": 0.8980716466903687
        },
        "rotation": {
          "roll": 0.04921206086874008,
          "pitch": 0.08261113613843918,
          "yaw": -105.76590728759766
        }
      },
      "matrix_world_from_sensor_carla": [
        [
          -0.2717074155807495,
          0.9623790979385376,
          0.001218357589095831,
          103.90721130371094
        ],
        [
          -0.9623788595199585,
          -0.27170878648757935,
          0.0011542201973497868,
          -36.87443161010742
        ],
        [
          0.001441835891455412,
          -0.0008589114877395332,
          0.9999986290931702,
          0.8980716466903687
        ],
        [
          0.0,
          0.0,
          0.0,
          1.0
        ]
      ],
      "matrix_world_from_sensor_bevfusion": [
        [
          -0.2717074155807495,
          -0.9623790979385376,
          0.001218357589095831,
          103.90721130371094
        ],
        [
          0.9623788595199585,
          -0.27170878648757935,
          -0.0011542201973497868,
          36.87443161010742
        ],
        [
          0.001441835891455412,
          0.0008589114877395332,
          0.9999986290931702,
          0.8980716466903687
        ],
        [
          0.0,
          0.0,
          0.0,
          1.0
        ]
      ],
      "matrix_ego_from_sensor_carla": [
        [
          1.0,
          -9.370238807093756e-09,
          2.437959556456093e-12,
          2.0000038146972656
        ],
        [
          6.82485978842351e-09,
          0.9999999403953552,
          1.3334246901086644e-11,
          -7.62939453125e-06
        ],
        [
          3.2913005654222616e-11,
          -5.1885801211071225e-11,
          1.0,
          0.8999999761581421
        ],
        [
          0.0,
          0.0,
          0.0,
          1.0
        ]
      ],
      "matrix_ego_from_sensor_bevfusion": [
        [
          1.0,
          9.370238807093756e-09,
          2.437959556456093e-12,
          2.0000038146972656
        ],
        [
          -6.82485978842351e-09,
          0.9999999403953552,
          -1.3334246901086644e-11,
          7.62939453125e-06
        ],
        [
          3.2913005654222616e-11,
          5.1885801211071225e-11,
          1.0,
          0.8999999761581421
        ],
        [
          0.0,
          0.0,
          0.0,
          1.0
        ]
      ],
      "data_path": "D:\\Agent-AI\\outputs\\s3a_ml_long_v1\\sample_000031\\radar\\RADAR_FRONT.npy",
      "raw_layout": [
        "velocity",
        "altitude",
        "azimuth",
        "depth"
      ]
    },
    "RADAR_FRONT_LEFT": {
      "type_id": "sensor.other.radar",
      "blueprint_attributes": {
        "sensor_tick": "0.100000",
        "role_name": "default",
        "noise_seed": "0",
        "ros_name": "sensor.other.radar",
        "horizontal_fov": "35.0",
        "points_per_second": "1500",
        "vertical_fov": "20.0",
        "range": "120.0"
      },
      "transform_carla": {
        "location": {
          "x": 103.28052520751953,
          "y": -36.33381652832031,
          "z": 0.8982112407684326
        },
        "rotation": {
          "roll": -0.02361675538122654,
          "pitch": 0.09321841597557068,
          "yaw": -150.7659454345703
        }
      },
      "matrix_world_from_sensor_carla": [
        [
          -0.8726308345794678,
          0.48837894201278687,
          0.001218438963405788,
          103.28052520751953
        ],
        [
          -0.48837774991989136,
          -0.8726316094398499,
          0.0011542660649865866,
          -36.33381652832031
        ],
        [
          0.0016269675688818097,
          0.0004121895763091743,
          0.9999986290931702,
          0.8982112407684326
        ],
        [
          0.0,
          0.0,
          0.0,
          1.0
        ]
      ],
      "matrix_world_from_sensor_bevfusion": [
        [
          -0.8726308345794678,
          -0.48837894201278687,
          0.001218438963405788,
          103.28052520751953
        ],
        [
          0.48837774991989136,
          -0.8726316094398499,
          -0.0011542660649865866,
          36.33381652832031
        ],
        [
          0.0016269675688818097,
          -0.0004121895763091743,
          0.9999986290931702,
          0.8982112407684326
        ],
        [
          0.0,
          0.0,
          0.0,
          1.0
        ]
      ],
      "matrix_ego_from_sensor_carla": [
        [
          0.7071070075035095,
          0.7071065902709961,
          -6.623788095794225e-08,
          1.6500020027160645
        ],
        [
          -0.7071065902709961,
          0.7071070671081543,
          6.590440904119532e-08,
          -0.75
        ],
        [
          9.324958227807656e-08,
          3.125768255340944e-10,
          1.0,
          0.8999999761581421
        ],
        [
          0.0,
          0.0,
          0.0,
          1.0
        ]
      ],
      "matrix_ego_from_sensor_bevfusion": [
        [
          0.7071070075035095,
          -0.7071065902709961,
          -6.623788095794225e-08,
          1.6500020027160645
        ],
        [
          0.7071065902709961,
          0.7071070671081543,
          -6.590440904119532e-08,
          0.75
        ],
        [
          9.324958227807656e-08,
          -3.125768255340944e-10,
          1.0,
          0.8999999761581421
        ],
        [
          0.0,
          0.0,
          0.0,
          1.0
        ]
      ],
      "data_path": "D:\\Agent-AI\\outputs\\s3a_ml_long_v1\\sample_000031\\radar\\RADAR_FRONT_LEFT.npy",
      "raw_layout": [
        "velocity",
        "altitude",
        "azimuth",
        "depth"
      ]
    },
    "RADAR_FRONT_RIGHT": {
      "type_id": "sensor.other.radar",
      "blueprint_attributes": {
        "sensor_tick": "0.100000",
