{
  "schema_version": "stage1.v1",
  "sample_name": "sample_000058",
  "sequence_index": 58,
  "previous_sample_name": "sample_000057",
  "frame_id": 726331,
  "timestamp": 5002.994624804705,
  "platform_timestamp": 16813392.8661322,
  "delta_seconds": 0.10000000149011612,
  "town": "Carla/Maps/Town10HD_Opt",
  "weather": {
    "cloudiness": 20.0,
    "dust_storm": 0.0,
    "fog_density": 2.0,
    "fog_distance": 0.75,
    "fog_falloff": 0.10000000149011612,
    "mie_scattering_scale": 0.029999999329447746,
    "precipitation": 0.0,
    "precipitation_deposits": 0.0,
    "rayleigh_scattering_scale": 0.03310000151395798,
    "scattering_intensity": 1.0,
    "sun_altitude_angle": 45.0,
    "sun_azimuth_angle": 300.0,
    "wetness": 0.0,
    "wind_intensity": 10.0
  },
  "sensor_names": [
    "CAM_FRONT",
    "CAM_FRONT_RIGHT",
    "CAM_FRONT_LEFT",
    "CAM_BACK",
    "CAM_BACK_LEFT",
    "CAM_BACK_RIGHT",
    "LIDAR_TOP",
    "RADAR_FRONT",
    "RADAR_FRONT_LEFT",
    "RADAR_FRONT_RIGHT",
    "RADAR_BACK_LEFT",
    "RADAR_BACK_RIGHT"
  ],
  "camera_order_for_model": [
    "CAM_FRONT",
    "CAM_FRONT_RIGHT",
    "CAM_FRONT_LEFT",
    "CAM_BACK",
    "CAM_BACK_LEFT",
    "CAM_BACK_RIGHT"
  ],
  "radar_order_for_model": [
    "RADAR_FRONT",
    "RADAR_FRONT_LEFT",
    "RADAR_FRONT_RIGHT",
    "RADAR_BACK_LEFT",
    "RADAR_BACK_RIGHT"
  ],
  "coordinate_notes": {
    "carla_world": "left-handed x-forward y-right z-up",
    "bevfusion_lidar": "x-forward y-left z-up",
    "camera_frame_for_model": "OpenCV style x-right y-down z-forward"
  },
  "ego": {
    "actor_id": 49,
    "transform_carla": {
      "location": {
        "x": 103.61872100830078,
        "y": -37.35603332519531,
        "z": -0.0044970703311264515
      },
      "rotation": {
        "roll": -9.155275620287284e-05,
        "pitch": -0.0010108679998666048,
        "yaw": -109.1600341796875
      }
    },
    "velocity_carla": [
      5.721895377064357e-06,
      1.3926553037890699e-05,
      -1.3542174883696134e-06
    ],
    "angular_velocity_carla": [
      -0.004263721872121096,
      0.0017981176497414708,
      2.1715238744945964e-06
    ],
    "matrix_world_from_ego_carla": [
      [
        -0.3282078504562378,
        0.9446055293083191,
        -7.299945082195336e-06,
        103.61872100830078
      ],
      [
        -0.9446055293083191,
        -0.3282078504562378,
        -1.6141209925990552e-05,
        -37.35603332519531
      ],
      [
        -1.7642974853515625e-05,
        1.5978970395735814e-06,
        1.0,
        -0.0044970703311264515
      ],
      [
        0.0,
        0.0,
        0.0,
        1.0
      ]
    ],
    "matrix_world_from_ego_bevfusion": [
      [
        -0.3282078504562378,
        -0.9446055293083191,
        -7.299945082195336e-06,
        103.61872100830078
      ],
      [
        0.9446055293083191,
        -0.3282078504562378,
        1.6141209925990552e-05,
        37.35603332519531
      ],
      [
        -1.7642974853515625e-05,
        -1.5978970395735814e-06,
        1.0,
        -0.0044970703311264515
      ],
      [
        0.0,
        0.0,
        0.0,
        1.0
      ]
    ]
  },
  "sensors": {
    "CAM_FRONT": {
      "type_id": "sensor.camera.rgb",
      "blueprint_attributes": {
        "role_name": "front",
        "ros_name": "sensor.camera.rgb",
        "chromatic_aberration_offset": "0.0",
        "sensor_tick": "0.100000",
        "fstop": "1.4",
        "image_size_x": "960",
        "image_size_y": "540",
        "fov": "70.00",
        "lens_circle_falloff": "5.0",
        "lens_circle_multiplier": "0.0",
        "exposure_compensation": "0.0",
        "lens_y_size": "0.08",
        "lens_k": "-1.0",
        "exposure_mode": "histogram",
        "lens_kcube": "0.0",
        "lens_x_size": "0.08",
        "exposure_max_bright": "12.0",
        "shutter_speed": "200.0",
        "bloom_intensity": "0.675",
        "iso": "100.0",
        "enable_postprocess_effects": "false",
        "gamma": "2.2",
        "motion_blur_intensity": "0.0",
        "motion_blur_max_distortion": "0.35",
        "lens_flare_intensity": "0.1",
        "motion_blur_min_object_screen_size": "0.1",
        "exposure_min_bright": "10.0",
        "exposure_speed_up": "3.0",
        "exposure_speed_down": "1.0",
        "tint": "0.0",
        "calibration_constant": "16.0",
        "focal_distance": "1000.0",
        "min_fstop": "1.2",
        "blade_count": "5",
        "blur_amount": "0.0",
        "blur_radius": "0.0",
        "slope": "0.88",
        "toe": "0.55",
        "white_clip": "0.04",
        "shoulder": "0.26",
        "black_clip": "0.0",
        "temp": "6500.0",
        "chromatic_aberration_intensity": "0.0"
      },
      "transform_carla": {
        "location": {
          "x": 103.1099853515625,
          "y": -38.82019805908203,
          "z": 1.695475697517395
        },
        "rotation": {
          "roll": -9.155275620287284e-05,
          "pitch": -0.0010108679998666048,
          "yaw": -109.1600341796875
        }
      },
      "matrix_world_from_sensor_carla": [
        [
          -0.3282078504562378,
          0.9446055293083191,
          -7.299945082195336e-06,
          103.1099853515625
        ],
        [
          -0.9446055293083191,
          -0.3282078504562378,
          -1.6141209925990552e-05,
          -38.82019805908203
        ],
        [
          -1.7642974853515625e-05,
          1.5978970395735814e-06,
          1.0,
          1.695475697517395
        ],
        [
          0.0,
          0.0,
          0.0,
          1.0
        ]
      ],
      "matrix_world_from_sensor_bevfusion": [
        [
          0.9446055293083191,
          7.299945082195336e-06,
          -0.3282078504562378,
          103.1099853515625
        ],
        [
          0.3282078504562378,
          -1.6141209925990552e-05,
          0.9446055293083191,
          38.82019805908203
        ],
        [
          1.5978970395735814e-06,
          -1.0,
          -1.7642974853515625e-05,
          1.695475697517395
        ],
        [
          0.0,
          0.0,
          0.0,
          1.0
        ]
      ],
      "matrix_ego_from_sensor_carla": [
        [
          1.0,
          6.591544199352484e-09,
          0.0,
          1.5499989986419678
        ],
        [
          6.591544199352484e-09,
          1.0,
          2.2737367544323206e-13,
          0.0
        ],
        [
          0.0,
          5.684341886080801e-13,
          1.0,
          1.7000000476837158
        ],
        [
          0.0,
          0.0,
          0.0,
          1.0
        ]
      ],
      "matrix_ego_from_sensor_bevfusion": [
        [
          6.591544199352484e-09,
          0.0,
          1.0,
          1.5499989986419678
        ],
        [
          -1.0,
          2.2737367544323206e-13,
          -6.591544199352484e-09,
          0.0
        ],
        [
          5.684341886080801e-13,
          -1.0,
          0.0,
          1.7000000476837158
        ],
        [
          0.0,
          0.0,
          0.0,
          1.0
        ]
      ],
      "camera_intrinsics": [
        [
          685.5110473632812,
          0.0,
          480.0
        ],
        [
          0.0,
          685.5110473632812,
          270.0
        ],
        [
          0.0,
          0.0,
          1.0
        ]
      ],
      "data_path": "D:\\Agent-AI\\outputs\\s3a_ml_long_v1\\sample_000058\\images\\CAM_FRONT.png",
      "raw_layout": "bgra8"
    },
    "CAM_FRONT_RIGHT": {
      "type_id": "sensor.camera.rgb",
      "blueprint_attributes": {
        "role_name": "front",
        "ros_name": "sensor.camera.rgb",
        "chromatic_aberration_offset": "0.0",
        "sensor_tick": "0.100000",
        "fstop": "1.4",
        "image_size_x": "960",
        "image_size_y": "540",
        "fov": "70.00",
        "lens_circle_falloff": "5.0",
        "lens_circle_multiplier": "0.0",
        "exposure_compensation": "0.0",
        "lens_y_size": "0.08",
        "lens_k": "-1.0",
        "exposure_mode": "histogram",
        "lens_kcube": "0.0",
        "lens_x_size": "0.08",
        "exposure_max_bright": "12.0",
        "shutter_speed": "200.0",
        "bloom_intensity": "0.675",
        "iso": "100.0",
        "enable_postprocess_effects": "false",
        "gamma": "2.2",
        "motion_blur_intensity": "0.0",
        "motion_blur_max_distortion": "0.35",
        "lens_flare_intensity": "0.1",
        "motion_blur_min_object_screen_size": "0.1",
        "exposure_min_bright": "10.0",
        "exposure_speed_up": "3.0",
        "exposure_speed_down": "1.0",
        "tint": "0.0",
        "calibration_constant": "16.0",
        "focal_distance": "1000.0",
        "min_fstop": "1.2",
        "blade_count": "5",
        "blur_amount": "0.0",
        "blur_radius": "0.0",
        "slope": "0.88",
        "toe": "0.55",
        "white_clip": "0.04",
        "shoulder": "0.26",
        "black_clip": "0.0",
        "temp": "6500.0",
        "chromatic_aberration_intensity": "0.0"
      },
      "transform_carla": {
        "location": {
          "x": 103.7115707397461,
          "y": -38.76456069946289,
          "z": 1.6954809427261353
        },
        "rotation": {
          "roll": -0.0008774640737101436,
          "pitch": -0.0005054339999333024,
          "yaw": -54.16004943847656
        }
      },
      "matrix_world_from_sensor_carla": [
        [
          0.5855230689048767,
          0.8106557726860046,
          -7.249714599311119e-06,
          103.7115707397461
        ],
        [
          -0.8106557726860046,
          0.5855230689048767,
          -1.611826337466482e-05,
          -38.76456069946289
        ],
        [
          -8.821487426757812e-06,
          1.531463749415707e-05,
          1.0,
          1.6954809427261353
        ],
        [
          0.0,
          0.0,
          0.0,
          1.0
        ]
      ],
      "matrix_world_from_sensor_bevfusion": [
        [
          0.8106557726860046,
          7.249714599311119e-06,
          0.5855230689048767,
          103.7115707397461
        ],
        [
          -0.5855230689048767,
          -1.611826337466482e-05,
          0.8106557726860046,
          38.76456069946289
        ],
        [
          1.531463749415707e-05,
          -1.0,
          -8.821487426757812e-06,
          1.6954809427261353
        ],
        [
          0.0,
          0.0,
          0.0,
          1.0
        ]
      ],
      "matrix_ego_from_sensor_carla": [
        [
          0.5735766291618347,
          -0.8191519379615784,
          -3.816057869698852e-08,
          1.2999987602233887
        ],
        [
          0.8191518783569336,
          0.5735766887664795,
          3.991692665294977e-08,
          0.5499954223632812
        ],
        [
          -1.080843503586948e-08,
          -5.4156771511770785e-08,
          1.0,
          1.7000000476837158
        ],
        [
          0.0,
          0.0,
          0.0,
          1.0
        ]
      ],
      "matrix_ego_from_sensor_bevfusion": [
        [
          -0.8191519379615784,
          3.816057869698852e-08,
          0.5735766291618347,
          1.2999987602233887
        ],
        [
          -0.5735766887664795,
          3.991692665294977e-08,
          -0.8191518783569336,
          -0.5499954223632812
        ],
        [
          -5.4156771511770785e-08,
          -1.0,
          -1.080843503586948e-08,
          1.7000000476837158
        ],
        [
          0.0,
          0.0,
          0.0,
          1.0
        ]
      ],
      "camera_intrinsics": [
        [
          685.5110473632812,
          0.0,
          480.0
        ],
        [
          0.0,
          685.5110473632812,
          270.0
        ],
        [
          0.0,
          0.0,
          1.0
        ]
      ],
      "data_path": "D:\\Agent-AI\\outputs\\s3a_ml_long_v1\\sample_000058\\images\\CAM_FRONT_RIGHT.png",
      "raw_layout": "bgra8"
    },
    "CAM_FRONT_LEFT": {
      "type_id": "sensor.camera.rgb",
      "blueprint_attributes": {
        "role_name": "front",
        "ros_name": "sensor.camera.rgb",
        "chromatic_aberration_offset": "0.0",
        "sensor_tick": "0.100000",
        "fstop": "1.4",
        "image_size_x": "960",
        "image_size_y": "540",
        "fov": "70.00",
        "lens_circle_falloff": "5.0",
        "lens_circle_multiplier": "0.0",
        "exposure_compensation": "0.0",
        "lens_y_size": "0.08",
        "lens_k": "-1.0",
        "exposure_mode": "histogram",
        "lens_kcube": "0.0",
        "lens_x_size": "0.08",
        "exposure_max_bright": "12.0",
        "shutter_speed": "200.0",
        "bloom_intensity": "0.675",
        "iso": "100.0",
        "enable_postprocess_effects": "false",
        "gamma": "2.2",
        "motion_blur_intensity": "0.0",
        "motion_blur_max_distortion": "0.35",
        "lens_flare_intensity": "0.1",
        "motion_blur_min_object_screen_size": "0.1",
        "exposure_min_bright": "10.0",
        "exposure_speed_up": "3.0",
        "exposure_speed_down": "1.0",
        "tint": "0.0",
        "calibration_constant": "16.0",
        "focal_distance": "1000.0",
        "min_fstop": "1.2",
        "blade_count": "5",
        "blur_amount": "0.0",
        "blur_radius": "0.0",
        "slope": "0.88",
        "toe": "0.55",
        "white_clip": "0.04",
        "shoulder": "0.26",
        "black_clip": "0.0",
        "temp": "6500.0",
        "chromatic_aberration_intensity": "0.0"
      },
      "transform_carla": {
        "location": {
          "x": 102.6725082397461,
          "y": -38.403533935546875,
          "z": 1.6954790353775024
        },
        "rotation": {
          "roll": 0.0007724391762167215,
          "pitch": -0.000655698124319315,
          "yaw": -164.16001892089844
        }
      },
      "matrix_world_from_sensor_carla": [
        [
          -0.9620277285575867,
          0.2729516327381134,
          -7.329706022574101e-06,
          102.6725082397461
        ],
        [
          -0.2729516327381134,
          -0.9620277285575867,
          -1.609336322871968e-05,
          -38.403533935546875
        ],
        [
          -1.1444090887380298e-05,
          -1.348160640191054e-05,
          1.0,
          1.6954790353775024
        ],
        [
          0.0,
          0.0,
          0.0,
          1.0
        ]
      ],
      "matrix_world_from_sensor_bevfusion": [
        [
          0.2729516327381134,
          7.329706022574101e-06,
          -0.9620277285575867,
          102.6725082397461
        ],
        [
          0.9620277285575867,
          -1.609336322871968e-05,
          0.2729516327381134,
          38.403533935546875
        ],
        [
          -1.348160640191054e-05,
          -1.0,
          -1.1444090887380298e-05,
          1.6954790353775024
        ],
        [
          0.0,
          0.0,
          0.0,
          1.0
        ]
      ],
      "matrix_ego_from_sensor_carla": [
        [
          0.5735766887664795,
          0.8191518187522888,
          -3.5428456612862647e-08,
          1.3000009059906006
        ],
        [
          -0.8191518187522888,
          0.5735766887664795,
          -4.381593043945031e-08,
          -0.5500030517578125
        ],
        [
          -1.5571458789054304e-08,
          5.415313353296369e-08,
          1.0,
          1.6999999284744263
        ],
        [
          0.0,
          0.0,
          0.0,
          1.0
        ]
      ],
      "matrix_ego_from_sensor_bevfusion": [
        [
          0.8191518187522888,
          3.5428456612862647e-08,
          0.5735766887664795,
          1.3000009059906006
        ],
        [
          -0.5735766887664795,
          -4.381593043945031e-08,
          0.8191518187522888,
          0.5500030517578125
        ],
        [
          5.415313353296369e-08,
          -1.0,
          -1.5571458789054304e-08,
          1.6999999284744263
        ],
        [
          0.0,
          0.0,
          0.0,
          1.0
        ]
      ],
      "camera_intrinsics": [
        [
          685.5110473632812,
          0.0,
          480.0
        ],
        [
          0.0,
          685.5110473632812,
          270.0
        ],
        [
          0.0,
          0.0,
          1.0
        ]
      ],
      "data_path": "D:\\Agent-AI\\outputs\\s3a_ml_long_v1\\sample_000058\\images\\CAM_FRONT_LEFT.png",
      "raw_layout": "bgra8"
    },
    "CAM_BACK": {
      "type_id": "sensor.camera.rgb",
      "blueprint_attributes": {
        "role_name": "front",
        "ros_name": "sensor.camera.rgb",
        "chromatic_aberration_offset": "0.0",
        "sensor_tick": "0.100000",
        "fstop": "1.4",
        "image_size_x": "960",
        "image_size_y": "540",
        "fov": "70.00",
        "lens_circle_falloff": "5.0",
        "lens_circle_multiplier": "0.0",
        "exposure_compensation": "0.0",
        "lens_y_size": "0.08",
        "lens_k": "-1.0",
        "exposure_mode": "histogram",
        "lens_kcube": "0.0",
        "lens_x_size": "0.08",
        "exposure_max_bright": "12.0",
        "shutter_speed": "200.0",
        "bloom_intensity": "0.675",
        "iso": "100.0",
        "enable_postprocess_effects": "false",
        "gamma": "2.2",
        "motion_blur_intensity": "0.0",
        "motion_blur_max_distortion": "0.35",
        "lens_flare_intensity": "0.1",
        "motion_blur_min_object_screen_size": "0.1",
        "exposure_min_bright": "10.0",
        "exposure_speed_up": "3.0",
        "exposure_speed_down": "1.0",
        "tint": "0.0",
        "calibration_constant": "16.0",
        "focal_distance": "1000.0",
        "min_fstop": "1.2",
        "blade_count": "5",
        "blur_amount": "0.0",
        "blur_radius": "0.0",
        "slope": "0.88",
        "toe": "0.55",
        "white_clip": "0.04",
        "shoulder": "0.26",
        "black_clip": "0.0",
        "temp": "6500.0",
        "chromatic_aberration_intensity": "0.0"
      },
      "transform_carla": {
        "location": {
          "x": 104.12742614746094,
          "y": -35.89192199707031,
          "z": 1.6955300569534302
        },
        "rotation": {
          "roll": 9.155312000075355e-05,
          "pitch": 0.0010108679998666048,
          "yaw": 70.8399658203125
        }
      },
      "matrix_world_from_sensor_carla": [
        [
          0.3282078802585602,
          -0.9446055293083191,
          -7.299951903405599e-06,
          104.12742614746094
        ],
        [
          0.9446055293083191,
          0.3282078802585602,
          -1.6141208107001148e-05,
          -35.89192199707031
        ],
        [
          1.7642974853515625e-05,
          -1.5979034060364938e-06,
          1.0,
          1.6955300569534302
        ],
        [
          0.0,
          0.0,
          0.0,
          1.0
        ]
      ],
      "matrix_world_from_sensor_bevfusion": [
        [
          -0.9446055293083191,
          7.299951903405599e-06,
          0.3282078802585602,
          104.12742614746094
        ],
        [
          -0.3282078802585602,
          -1.6141208107001148e-05,
          -0.9446055293083191,
          35.89192199707031
        ],
        [
          -1.5979034060364938e-06,
          -1.0,
          1.7642974853515625e-05,
          1.6955300569534302
        ],
        [
          0.0,
          0.0,
          0.0,
          1.0
        ]
      ],
      "matrix_ego_from_sensor_carla": [
        [
          -1.0,
          -3.474298537753384e-08,
          1.8189894035458565e-12,
          -1.5499979257583618
        ],
        [
          2.321077730016441e-08,
          -1.0,
          -7.16227077646181e-12,
          0.0
        ],
        [
          0.0,
          -7.389644451905042e-12,
          1.0,
          1.6999996900558472
        ],
        [
          0.0,
          0.0,
          0.0,
          1.0
        ]
      ],
      "matrix_ego_from_sensor_bevfusion": [
        [
          -3.474298537753384e-08,
          -1.8189894035458565e-12,
          -1.0,
          -1.5499979257583618
        ],
        [
          1.0,
          -7.16227077646181e-12,
          -2.321077730016441e-08,
          0.0
        ],
        [
          -7.389644451905042e-12,
          -1.0,
          0.0,
          1.6999996900558472
        ],
        [
          0.0,
          0.0,
          0.0,
          1.0
        ]
      ],
      "camera_intrinsics": [
        [
          685.5110473632812,
          0.0,
          480.0
        ],
        [
          0.0,
          685.5110473632812,
          270.0
        ],
        [
          0.0,
          0.0,
          1.0
        ]
      ],
      "data_path": "D:\\Agent-AI\\outputs\\s3a_ml_long_v1\\sample_000058\\images\\CAM_BACK.png",
      "raw_layout": "bgra8"
    },
    "CAM_BACK_LEFT": {
      "type_id": "sensor.camera.rgb",
      "blueprint_attributes": {
        "role_name": "front",
        "ros_name": "sensor.camera.rgb",
        "chromatic_aberration_offset": "0.0",
        "sensor_tick": "0.100000",
        "fstop": "1.4",
        "image_size_x": "960",
        "image_size_y": "540",
        "fov": "70.00",
        "lens_circle_falloff": "5.0",
        "lens_circle_multiplier": "0.0",
        "exposure_compensation": "0.0",
        "lens_y_size": "0.08",
        "lens_k": "-1.0",
        "exposure_mode": "histogram",
        "lens_kcube": "0.0",
        "lens_x_size": "0.08",
        "exposure_max_bright": "12.0",
        "shutter_speed": "200.0",
        "bloom_intensity": "0.675",
        "iso": "100.0",
        "enable_postprocess_effects": "false",
        "gamma": "2.2",
        "motion_blur_intensity": "0.0",
        "motion_blur_max_distortion": "0.35",
        "lens_flare_intensity": "0.1",
        "motion_blur_min_object_screen_size": "0.1",
        "exposure_min_bright": "10.0",
        "exposure_speed_up": "3.0",
        "exposure_speed_down": "1.0",
        "tint": "0.0",
        "calibration_constant": "16.0",
        "focal_distance": "1000.0",
        "min_fstop": "1.2",
        "blade_count": "5",
        "blur_amount": "0.0",
        "blur_radius": "0.0",
        "slope": "0.88",
        "toe": "0.55",
        "white_clip": "0.04",
        "shoulder": "0.26",
        "black_clip": "0.0",
        "temp": "6500.0",
        "chromatic_aberration_intensity": "0.0"
      },
      "transform_carla": {
        "location": {
          "x": 103.52584838867188,
          "y": -35.94755935668945,
          "z": 1.69552481174469
        },
        "rotation": {
          "roll": 0.0008774640737101436,
          "pitch": 0.0005054339999333024,
          "yaw": 125.8399429321289
        }
      },
      "matrix_world_from_sensor_carla": [
        [
          -0.5855228900909424,
          -0.8106558918952942,
          -7.249718237289926e-06,
          103.52584838867188
        ],
        [
          0.8106558918952942,
          -0.5855228900909424,
          -1.6118261555675417e-05,
          -35.94755935668945
        ],
        [
          8.821487426757812e-06,
          -1.531463749415707e-05,
          1.0,
          1.69552481174469
        ],
        [
          0.0,
          0.0,
          0.0,
          1.0
        ]
      ],
      "matrix_world_from_sensor_bevfusion": [
        [
          -0.8106558918952942,
          7.249718237289926e-06,
          -0.5855228900909424,
          103.52584838867188
        ],
        [
          0.5855228900909424,
          -1.6118261555675417e-05,
          -0.8106558918952942,
          35.94755935668945
        ],
        [
          -1.531463749415707e-05,
          -1.0,
          8.821487426757812e-06,
          1.69552481174469
        ],
        [
          0.0,
          0.0,
          0.0,
          1.0
        ]
      ],
      "matrix_ego_from_sensor_carla": [
        [
          -0.573576807975769,
          0.8191518187522888,
          -3.816239768639207e-08,
          -1.3000015020370483
        ],
        [
          -0.8191518187522888,
          -0.5735768675804138,
          3.991260655311635e-08,
          -0.5499954223632812
        ],
        [
          1.080570655176416e-08,
          5.415495252236724e-08,
          1.0,
          1.6999998092651367
        ],
        [
          0.0,
          0.0,
          0.0,
          1.0
        ]
      ],
      "matrix_ego_from_sensor_bevfusion": [
        [
          0.8191518187522888,
          3.816239768639207e-08,
          -0.573576807975769,
          -1.3000015020370483
        ],
        [
          0.5735768675804138,
          3.991260655311635e-08,
          0.8191518187522888,
          0.5499954223632812
        ],
        [
          5.415495252236724e-08,
          -1.0,
          1.080570655176416e-08,
          1.6999998092651367
        ],
        [
          0.0,
          0.0,
          0.0,
          1.0
        ]
      ],
      "camera_intrinsics": [
        [
          685.5110473632812,
          0.0,
          480.0
        ],
        [
          0.0,
          685.5110473632812,
          270.0
        ],
        [
          0.0,
          0.0,
          1.0
        ]
      ],
      "data_path": "D:\\Agent-AI\\outputs\\s3a_ml_long_v1\\sample_000058\\images\\CAM_BACK_LEFT.png",
      "raw_layout": "bgra8"
    },
    "CAM_BACK_RIGHT": {
      "type_id": "sensor.camera.rgb",
      "blueprint_attributes": {
        "role_name": "front",
        "ros_name": "sensor.camera.rgb",
        "chromatic_aberration_offset": "0.0",
        "sensor_tick": "0.100000",
        "fstop": "1.4",
        "image_size_x": "960",
        "image_size_y": "540",
        "fov": "70.00",
        "lens_circle_falloff": "5.0",
        "lens_circle_multiplier": "0.0",
        "exposure_compensation": "0.0",
        "lens_y_size": "0.08",
        "lens_k": "-1.0",
        "exposure_mode": "histogram",
        "lens_kcube": "0.0",
        "lens_x_size": "0.08",
        "exposure_max_bright": "12.0",
        "shutter_speed": "200.0",
        "bloom_intensity": "0.675",
        "iso": "100.0",
        "enable_postprocess_effects": "false",
        "gamma": "2.2",
        "motion_blur_intensity": "0.0",
        "motion_blur_max_distortion": "0.35",
        "lens_flare_intensity": "0.1",
        "motion_blur_min_object_screen_size": "0.1",
        "exposure_min_bright": "10.0",
        "exposure_speed_up": "3.0",
        "exposure_speed_down": "1.0",
        "tint": "0.0",
        "calibration_constant": "16.0",
        "focal_distance": "1000.0",
        "min_fstop": "1.2",
        "blade_count": "5",
        "blur_amount": "0.0",
        "blur_radius": "0.0",
        "slope": "0.88",
        "toe": "0.55",
        "white_clip": "0.04",
        "shoulder": "0.26",
        "black_clip": "0.0",
        "temp": "6500.0",
        "chromatic_aberration_intensity": "0.0"
      },
      "transform_carla": {
        "location": {
          "x": 104.56491088867188,
          "y": -36.308589935302734,
          "z": 1.6955267190933228
        },
        "rotation": {
          "roll": -0.0007724392344243824,
          "pitch": 0.000655698124319315,
          "yaw": 15.839972496032715
        }
      },
      "matrix_world_from_sensor_carla": [
        [
          0.9620277881622314,
          -0.2729514539241791,
          -7.329708751058206e-06,
          104.56491088867188
        ],
        [
          0.2729514539241791,
          0.9620277881622314,
          -1.609336322871968e-05,
          -36.308589935302734
        ],
        [
          1.1444090887380298e-05,
          1.3481608220899943e-05,
          1.0,
          1.6955267190933228
        ],
        [
          0.0,
          0.0,
          0.0,
          1.0
        ]
      ],
      "matrix_world_from_sensor_bevfusion": [
        [
          -0.2729514539241791,
          7.329708751058206e-06,
          0.9620277881622314,
          104.56491088867188
        ],
        [
          -0.9620277881622314,
          -1.609336322871968e-05,
          -0.2729514539241791,
          36.308589935302734
        ],
        [
          1.3481608220899943e-05,
          -1.0,
          1.1444090887380298e-05,
          1.6955267190933228
        ],
        [
          0.0,
          0.0,
          0.0,
          1.0
        ]
      ],
      "matrix_ego_from_sensor_carla": [
        [
          -0.5735765099525452,
          -0.8191519379615784,
          -3.54266376234591e-08,
          -1.299996256828308
        ],
        [
          0.8191519379615784,
          -0.5735765099525452,
          -4.381865892355563e-08,
          0.5499954223632812
        ],
        [
          1.5574187273159623e-08,
          -5.4154043027665466e-08,
          1.0,
          1.6999999284744263
        ],
        [
          0.0,
          0.0,
          0.0,
          1.0
        ]
      ],
      "matrix_ego_from_sensor_bevfusion": [
        [
          -0.8191519379615784,
          3.54266376234591e-08,
          -0.5735765099525452,
          -1.299996256828308
        ],
        [
          0.5735765099525452,
          -4.381865892355563e-08,
          -0.8191519379615784,
          -0.5499954223632812
        ],
        [
          -5.4154043027665466e-08,
          -1.0,
          1.5574187273159623e-08,
          1.6999999284744263
        ],
        [
          0.0,
          0.0,
          0.0,
          1.0
        ]
      ],
      "camera_intrinsics": [
        [
          685.5110473632812,
          0.0,
          480.0
        ],
        [
          0.0,
          685.5110473632812,
          270.0
        ],
        [
          0.0,
          0.0,
          1.0
        ]
      ],
      "data_path": "D:\\Agent-AI\\outputs\\s3a_ml_long_v1\\sample_000058\\images\\CAM_BACK_RIGHT.png",
      "raw_layout": "bgra8"
    },
    "LIDAR_TOP": {
      "type_id": "sensor.lidar.ray_cast",
      "blueprint_attributes": {
        "atmosphere_attenuation_rate": "0.004",
        "role_name": "front",
        "noise_seed": "0",
        "upper_fov": "10.0",
        "ros_name": "sensor.lidar.ray_cast",
        "sensor_tick": "0.100000",
        "channels": "32",
        "range": "120.0",
        "points_per_second": "360000",
        "lower_fov": "-30.0",
        "rotation_frequency": "10.000000",
        "horizontal_fov": "360.0",
        "dropoff_general_rate": "0.0",
        "dropoff_intensity_limit": "1.0",
        "noise_stddev": "0.0",
        "dropoff_zero_intensity": "0.0"
      },
      "transform_carla": {
        "location": {
          "x": 103.61869812011719,
          "y": -37.3560676574707,
          "z": 2.195502996444702
        },
        "rotation": {
          "roll": -9.155275620287284e-05,
          "pitch": -0.0010108679998666048,
          "yaw": -109.1600341796875
        }
      },
      "matrix_world_from_sensor_carla": [
        [
          -0.3282078504562378,
          0.9446055293083191,
          -7.299945082195336e-06,
          103.61869812011719
        ],
        [
          -0.9446055293083191,
          -0.3282078504562378,
          -1.6141209925990552e-05,
          -37.3560676574707
        ],
        [
          -1.7642974853515625e-05,
          1.5978970395735814e-06,
          1.0,
          2.195502996444702
        ],
        [
          0.0,
          0.0,
          0.0,
          1.0
        ]
      ],
      "matrix_world_from_sensor_bevfusion": [
        [
          -0.3282078504562378,
          -0.9446055293083191,
          -7.299945082195336e-06,
          103.61869812011719
        ],
        [
          0.9446055293083191,
          -0.3282078504562378,
          1.6141209925990552e-05,
          37.3560676574707
        ],
        [
          -1.7642974853515625e-05,
          -1.5978970395735814e-06,
          1.0,
          2.195502996444702
        ],
        [
          0.0,
          0.0,
          0.0,
          1.0
        ]
      ],
      "matrix_ego_from_sensor_carla": [
        [
          1.0,
          6.591544199352484e-09,
          0.0,
          2.6226043701171875e-06
        ],
        [
          6.591544199352484e-09,
          1.0,
          2.2737367544323206e-13,
          -1.52587890625e-05
        ],
        [
          0.0,
          5.684341886080801e-13,
          1.0,
          2.200000047683716
        ],
        [
          0.0,
          0.0,
          0.0,
          1.0
        ]
      ],
      "matrix_ego_from_sensor_bevfusion": [
        [
          1.0,
          -6.591544199352484e-09,
          0.0,
          2.6226043701171875e-06
        ],
        [
          -6.591544199352484e-09,
          1.0,
          -2.2737367544323206e-13,
          1.52587890625e-05
        ],
        [
          0.0,
          -5.684341886080801e-13,
          1.0,
          2.200000047683716
        ],
        [
          0.0,
          0.0,
          0.0,
          1.0
        ]
      ],
      "data_path": "D:\\Agent-AI\\outputs\\s3a_ml_long_v1\\sample_000058\\lidar\\LIDAR_TOP.npy",
      "raw_layout": [
        "x",
        "y",
        "z",
        "intensity"
      ]
    },
    "RADAR_FRONT": {
      "type_id": "sensor.other.radar",
      "blueprint_attributes": {
        "sensor_tick": "0.100000",
        "role_name": "default",
        "noise_seed": "0",
        "ros_name": "sensor.other.radar",
        "horizontal_fov": "35.0",
        "points_per_second": "1500",
        "vertical_fov": "20.0",
        "range": "120.0"
      },
      "transform_carla": {
        "location": {
          "x": 102.96229553222656,
          "y": -39.245262145996094,
          "z": 0.8954677581787109
        },
        "rotation": {
          "roll": -9.155275620287284e-05,
          "pitch": -0.0010108679998666048,
          "yaw": -109.1600341796875
        }
      },
      "matrix_world_from_sensor_carla": [
        [
          -0.3282078504562378,
          0.9446055293083191,
          -7.299945082195336e-06,
          102.96229553222656
        ],
        [
          -0.9446055293083191,
          -0.3282078504562378,
          -1.6141209925990552e-05,
          -39.245262145996094
        ],
        [
          -1.7642974853515625e-05,
          1.5978970395735814e-06,
          1.0,
          0.8954677581787109
        ],
        [
          0.0,
          0.0,
          0.0,
          1.0
        ]
      ],
      "matrix_world_from_sensor_bevfusion": [
        [
          -0.3282078504562378,
          -0.9446055293083191,
          -7.299945082195336e-06,
          102.96229553222656
        ],
        [
          0.9446055293083191,
          -0.3282078504562378,
          1.6141209925990552e-05,
          39.245262145996094
        ],
        [
          -1.7642974853515625e-05,
          -1.5978970395735814e-06,
          1.0,
          0.8954677581787109
        ],
        [
          0.0,
          0.0,
          0.0,
          1.0
        ]
      ],
      "matrix_ego_from_sensor_carla": [
        [
          1.0,
          6.591544199352484e-09,
          0.0,
          2.000004291534424
        ],
        [
          6.591544199352484e-09,
          1.0,
          2.2737367544323206e-13,
          -7.62939453125e-06
        ],
        [
          0.0,
          5.684341886080801e-13,
          1.0,
          0.9000001549720764
        ],
        [
          0.0,
          0.0,
          0.0,
          1.0
        ]
      ],
      "matrix_ego_from_sensor_bevfusion": [
        [
          1.0,
          -6.591544199352484e-09,
          0.0,
          2.000004291534424
        ],
        [
          -6.591544199352484e-09,
          1.0,
          -2.2737367544323206e-13,
          7.62939453125e-06
        ],
        [
          0.0,
          -5.684341886080801e-13,
          1.0,
          0.9000001549720764
        ],
        [
          0.0,
          0.0,
          0.0,
          1.0
        ]
      ],
      "data_path": "D:\\Agent-AI\\outputs\\s3a_ml_long_v1\\sample_000058\\radar\\RADAR_FRONT.npy",
      "raw_layout": [
        "velocity",
        "altitude",
        "azimuth",
        "depth"
      ]
    },
    "RADAR_FRONT_LEFT": {
      "type_id": "sensor.other.radar",
      "blueprint_attributes": {
        "sensor_tick": "0.100000",
        "role_name": "default",
        "noise_seed": "0",
        "ros_name": "sensor.other.radar",
        "horizontal_fov": "35.0",
        "points_per_second": "1500",
        "vertical_fov": "20.0",
        "range": "120.0"
      },
      "transform_carla": {
        "location": {
          "x": 102.36872100830078,
          "y": -38.66849136352539,
          "z": 0.8954727053642273
        },
        "rotation": {
          "roll": 0.0006473754183389246,
          "pitch": -0.000778641551733017,
          "yaw": -154.16004943847656
        }
      },
      "matrix_world_from_sensor_carla": [
        [
          -0.9000150561332703,
          0.4358587861061096,
          -7.306382030947134e-06,
          102.36872100830078
        ],
        [
          -0.4358587861061096,
          -0.9000150561332703,
          -1.6092379155452363e-05,
          -38.66849136352539
        ],
        [
          -1.3589859008789062e-05,
          -1.1298832760076039e-05,
          1.0,
          0.8954727053642273
        ],
        [
          0.0,
          0.0,
          0.0,
          1.0
        ]
      ],
      "matrix_world_from_sensor_bevfusion": [
        [
          -0.9000150561332703,
          -0.4358587861061096,
          -7.306382030947134e-06,
          102.36872100830078
        ],
        [
          0.4358587861061096,
          -0.9000150561332703,
          1.6092379155452363e-05,
          38.66849136352539
        ],
        [
          -1.3589859008789062e-05,
          1.1298832760076039e-05,
          1.0,
          0.8954727053642273
        ],
        [
          0.0,
          0.0,
          0.0,
          1.0
        ]
      ],
      "matrix_ego_from_sensor_carla": [
        [
          0.7071066498756409,
          0.7071069478988647,
          -4.401226760819554e-08,
          1.6499998569488525
        ],
        [
          -0.7071069478988647,
          0.7071066498756409,
          -2.2106860342319123e-08,
          -0.75
        ],
        [
          1.548960426589474e-08,
          4.675439413404092e-08,
          1.0,
          0.9000000953674316
        ],
        [
          0.0,
          0.0,
          0.0,
          1.0
        ]
      ],
      "matrix_ego_from_sensor_bevfusion": [
        [
          0.7071066498756409,
          -0.7071069478988647,
          -4.401226760819554e-08,
          1.6499998569488525
        ],
        [
          0.7071069478988647,
          0.7071066498756409,
          2.2106860342319123e-08,
          0.75
        ],
        [
          1.548960426589474e-08,
          -4.675439413404092e-08,
          1.0,
          0.9000000953674316
        ],
        [
          0.0,
          0.0,
          0.0,
          1.0
        ]
      ],
      "data_path": "D:\\Agent-AI\\outputs\\s3a_ml_long_v1\\sample_000058\\radar\\RADAR_FRONT_LEFT.npy",
      "raw_layout": [
        "velocity",
        "altitude",
        "azimuth",
        "depth"
      ]
    },
    "RADAR_FRONT_RIGHT": {
      "type_id": "sensor.other.radar",
      "blueprint_attributes": {
        "sensor_tick": "0.100000",
        "role_name": "default",
        "noise_seed": "0",
        "ros_name": "sensor.other.radar",
        "horizontal_fov": "35.0",
        "points_per_second": "1500",
        "vertical_fov": "20.0",
        "range": "120.0"
      },
      "transform_carla": {
        "location": {
          "x": 103.7856216430664,
          "y": -39.160804748535156,
          "z": 0.8954751491546631
        },
        "rotation": {
          "roll": -0.0007768506184220314,
          "pitch": -0.0006488679209724069,
          "yaw": -64.1600570678711
        }
      },
      "matrix_world_from_sensor_carla": [
