{
  "schema_version": "stage1.v1",
  "sample_name": "sample_000059",
  "sequence_index": 59,
  "previous_sample_name": "sample_000058",
  "frame_id": 726332,
  "timestamp": 5003.0946248061955,
  "platform_timestamp": 16813393.3100031,
  "delta_seconds": 0.10000000149011612,
  "town": "Carla/Maps/Town10HD_Opt",
  "weather": {
    "cloudiness": 20.0,
    "dust_storm": 0.0,
    "fog_density": 2.0,
    "fog_distance": 0.75,
    "fog_falloff": 0.10000000149011612,
    "mie_scattering_scale": 0.029999999329447746,
    "precipitation": 0.0,
    "precipitation_deposits": 0.0,
    "rayleigh_scattering_scale": 0.03310000151395798,
    "scattering_intensity": 1.0,
    "sun_altitude_angle": 45.0,
    "sun_azimuth_angle": 300.0,
    "wetness": 0.0,
    "wind_intensity": 10.0
  },
  "sensor_names": [
    "CAM_FRONT",
    "CAM_FRONT_RIGHT",
    "CAM_FRONT_LEFT",
    "CAM_BACK",
    "CAM_BACK_LEFT",
    "CAM_BACK_RIGHT",
    "LIDAR_TOP",
    "RADAR_FRONT",
    "RADAR_FRONT_LEFT",
    "RADAR_FRONT_RIGHT",
    "RADAR_BACK_LEFT",
    "RADAR_BACK_RIGHT"
  ],
  "camera_order_for_model": [
    "CAM_FRONT",
    "CAM_FRONT_RIGHT",
    "CAM_FRONT_LEFT",
    "CAM_BACK",
    "CAM_BACK_LEFT",
    "CAM_BACK_RIGHT"
  ],
  "radar_order_for_model": [
    "RADAR_FRONT",
    "RADAR_FRONT_LEFT",
    "RADAR_FRONT_RIGHT",
    "RADAR_BACK_LEFT",
    "RADAR_BACK_RIGHT"
  ],
  "coordinate_notes": {
    "carla_world": "left-handed x-forward y-right z-up",
    "bevfusion_lidar": "x-forward y-left z-up",
    "camera_frame_for_model": "OpenCV style x-right y-down z-forward"
  },
  "ego": {
    "actor_id": 49,
    "transform_carla": {
      "location": {
        "x": 103.61872100830078,
        "y": -37.35603713989258,
        "z": -0.004497947636991739
      },
      "rotation": {
        "roll": -6.103514533606358e-05,
        "pitch": -0.0007649811450392008,
        "yaw": -109.1600341796875
      }
    },
    "velocity_carla": [
      2.5247741177736316e-06,
      5.3043850130052306e-06,
      -4.577636616431846e-07
    ],
    "angular_velocity_carla": [
      -0.001623448682948947,
      0.0007922281511127949,
      6.201868814059708e-07
    ],
    "matrix_world_from_ego_carla": [
      [
        -0.3282078504562378,
        0.9446055293083191,
        -5.388301815401064e-06,
        103.61872100830078
      ],
      [
        -0.9446055293083191,
        -0.3282078504562378,
        -1.2262215932423715e-05,
        -37.35603713989258
      ],
      [
        -1.3351439520192798e-05,
        1.0652642004060908e-06,
        1.0,
        -0.004497947636991739
      ],
      [
        0.0,
        0.0,
        0.0,
        1.0
      ]
    ],
    "matrix_world_from_ego_bevfusion": [
      [
        -0.3282078504562378,
        -0.9446055293083191,
        -5.388301815401064e-06,
        103.61872100830078
      ],
      [
        0.9446055293083191,
        -0.3282078504562378,
        1.2262215932423715e-05,
        37.35603713989258
      ],
      [
        -1.3351439520192798e-05,
        -1.0652642004060908e-06,
        1.0,
        -0.004497947636991739
      ],
      [
        0.0,
        0.0,
        0.0,
        1.0
      ]
    ]
  },
  "sensors": {
    "CAM_FRONT": {
      "type_id": "sensor.camera.rgb",
      "blueprint_attributes": {
        "role_name": "front",
        "ros_name": "sensor.camera.rgb",
        "chromatic_aberration_offset": "0.0",
        "sensor_tick": "0.100000",
        "fstop": "1.4",
        "image_size_x": "960",
        "image_size_y": "540",
        "fov": "70.00",
        "lens_circle_falloff": "5.0",
        "lens_circle_multiplier": "0.0",
        "exposure_compensation": "0.0",
        "lens_y_size": "0.08",
        "lens_k": "-1.0",
        "exposure_mode": "histogram",
        "lens_kcube": "0.0",
        "lens_x_size": "0.08",
        "exposure_max_bright": "12.0",
        "shutter_speed": "200.0",
        "bloom_intensity": "0.675",
        "iso": "100.0",
        "enable_postprocess_effects": "false",
        "gamma": "2.2",
        "motion_blur_intensity": "0.0",
        "motion_blur_max_distortion": "0.35",
        "lens_flare_intensity": "0.1",
        "motion_blur_min_object_screen_size": "0.1",
        "exposure_min_bright": "10.0",
        "exposure_speed_up": "3.0",
        "exposure_speed_down": "1.0",
        "tint": "0.0",
        "calibration_constant": "16.0",
        "focal_distance": "1000.0",
        "min_fstop": "1.2",
        "blade_count": "5",
        "blur_amount": "0.0",
        "blur_radius": "0.0",
        "slope": "0.88",
        "toe": "0.55",
        "white_clip": "0.04",
        "shoulder": "0.26",
        "black_clip": "0.0",
        "temp": "6500.0",
        "chromatic_aberration_intensity": "0.0"
      },
      "transform_carla": {
        "location": {
          "x": 103.1099853515625,
          "y": -38.82019805908203,
          "z": 1.6954814195632935
        },
        "rotation": {
          "roll": -6.103514533606358e-05,
          "pitch": -0.0007649811450392008,
          "yaw": -109.1600341796875
        }
      },
      "matrix_world_from_sensor_carla": [
        [
          -0.3282078504562378,
          0.9446055293083191,
          -5.388301815401064e-06,
          103.1099853515625
        ],
        [
          -0.9446055293083191,
          -0.3282078504562378,
          -1.2262215932423715e-05,
          -38.82019805908203
        ],
        [
          -1.3351439520192798e-05,
          1.0652642004060908e-06,
          1.0,
          1.6954814195632935
        ],
        [
          0.0,
          0.0,
          0.0,
          1.0
        ]
      ],
      "matrix_world_from_sensor_bevfusion": [
        [
          0.9446055293083191,
          5.388301815401064e-06,
          -0.3282078504562378,
          103.1099853515625
        ],
        [
          0.3282078504562378,
          -1.2262215932423715e-05,
          0.9446055293083191,
          38.82019805908203
        ],
        [
          1.0652642004060908e-06,
          -1.0,
          -1.3351439520192798e-05,
          1.6954814195632935
        ],
        [
          0.0,
          0.0,
          0.0,
          1.0
        ]
      ],
      "matrix_ego_from_sensor_carla": [
        [
          1.0,
          6.6055130254483174e-09,
          0.0,
          1.5500025749206543
        ],
        [
          6.6055130254483174e-09,
          1.0,
          0.0,
          0.0
        ],
        [
          0.0,
          0.0,
          1.0,
          1.7000001668930054
        ],
        [
          0.0,
          0.0,
          0.0,
          1.0
        ]
      ],
      "matrix_ego_from_sensor_bevfusion": [
        [
          6.6055130254483174e-09,
          0.0,
          1.0,
          1.5500025749206543
        ],
        [
          -1.0,
          0.0,
          -6.6055130254483174e-09,
          0.0
        ],
        [
          0.0,
          -1.0,
          0.0,
          1.7000001668930054
        ],
        [
          0.0,
          0.0,
          0.0,
          1.0
        ]
      ],
      "camera_intrinsics": [
        [
          685.5110473632812,
          0.0,
          480.0
        ],
        [
          0.0,
          685.5110473632812,
          270.0
        ],
        [
          0.0,
          0.0,
          1.0
        ]
      ],
      "data_path": "D:\\Agent-AI\\outputs\\s3a_ml_long_v1\\sample_000059\\images\\CAM_FRONT.png",
      "raw_layout": "bgra8"
    },
    "CAM_FRONT_RIGHT": {
      "type_id": "sensor.camera.rgb",
      "blueprint_attributes": {
        "role_name": "front",
        "ros_name": "sensor.camera.rgb",
        "chromatic_aberration_offset": "0.0",
        "sensor_tick": "0.100000",
        "fstop": "1.4",
        "image_size_x": "960",
        "image_size_y": "540",
        "fov": "70.00",
        "lens_circle_falloff": "5.0",
        "lens_circle_multiplier": "0.0",
        "exposure_compensation": "0.0",
        "lens_y_size": "0.08",
        "lens_k": "-1.0",
        "exposure_mode": "histogram",
        "lens_kcube": "0.0",
        "lens_x_size": "0.08",
        "exposure_max_bright": "12.0",
        "shutter_speed": "200.0",
        "bloom_intensity": "0.675",
        "iso": "100.0",
        "enable_postprocess_effects": "false",
        "gamma": "2.2",
        "motion_blur_intensity": "0.0",
        "motion_blur_max_distortion": "0.35",
        "lens_flare_intensity": "0.1",
        "motion_blur_min_object_screen_size": "0.1",
        "exposure_min_bright": "10.0",
        "exposure_speed_up": "3.0",
        "exposure_speed_down": "1.0",
        "tint": "0.0",
        "calibration_constant": "16.0",
        "focal_distance": "1000.0",
        "min_fstop": "1.2",
        "blade_count": "5",
        "blur_amount": "0.0",
        "blur_radius": "0.0",
        "slope": "0.88",
        "toe": "0.55",
        "white_clip": "0.04",
        "shoulder": "0.26",
        "black_clip": "0.0",
        "temp": "6500.0",
        "chromatic_aberration_intensity": "0.0"
      },
      "transform_carla": {
        "location": {
          "x": 103.7115707397461,
          "y": -38.76456069946289,
          "z": 1.695485234260559
        },
        "rotation": {
          "roll": -0.000659971556160599,
          "pitch": -0.0003893207758665085,
          "yaw": -54.16004943847656
        }
      },
      "matrix_world_from_sensor_carla": [
        [
          0.5855230689048767,
          0.8106557726860046,
          -5.359094302548328e-06,
          103.7115707397461
        ],
        [
          -0.8106557726860046,
          0.5855230689048767,
          -1.225279993377626e-05,
          -38.76456069946289
        ],
        [
          -6.794929504394531e-06,
          1.1518676728883293e-05,
          1.0,
          1.695485234260559
        ],
        [
          0.0,
          0.0,
          0.0,
          1.0
        ]
      ],
      "matrix_world_from_sensor_bevfusion": [
        [
          0.8106557726860046,
          5.359094302548328e-06,
          0.5855230689048767,
          103.7115707397461
        ],
        [
          -0.5855230689048767,
          -1.225279993377626e-05,
          0.8106557726860046,
          38.76456069946289
        ],
        [
          1.1518676728883293e-05,
          -1.0,
          -6.794929504394531e-06,
          1.695485234260559
        ],
        [
          0.0,
          0.0,
          0.0,
          1.0
        ]
      ],
      "matrix_ego_from_sensor_carla": [
        [
          0.5735766291618347,
          -0.8191519379615784,
          -1.848002284532413e-08,
          1.3000023365020752
        ],
        [
          0.8191518783569336,
          0.5735766887664795,
          2.4499058781657368e-08,
          0.5499954223632812
        ],
        [
          -9.46829459280707e-09,
          -2.9191141948103905e-08,
          1.0,
          1.7000000476837158
        ],
        [
          0.0,
          0.0,
          0.0,
          1.0
        ]
      ],
      "matrix_ego_from_sensor_bevfusion": [
        [
          -0.8191519379615784,
          1.848002284532413e-08,
          0.5735766291618347,
          1.3000023365020752
        ],
        [
          -0.5735766887664795,
          2.4499058781657368e-08,
          -0.8191518783569336,
          -0.5499954223632812
        ],
        [
          -2.9191141948103905e-08,
          -1.0,
          -9.46829459280707e-09,
          1.7000000476837158
        ],
        [
          0.0,
          0.0,
          0.0,
          1.0
        ]
      ],
      "camera_intrinsics": [
        [
          685.5110473632812,
          0.0,
          480.0
        ],
        [
          0.0,
          685.5110473632812,
          270.0
        ],
        [
          0.0,
          0.0,
          1.0
        ]
      ],
      "data_path": "D:\\Agent-AI\\outputs\\s3a_ml_long_v1\\sample_000059\\images\\CAM_FRONT_RIGHT.png",
      "raw_layout": "bgra8"
    },
    "CAM_FRONT_LEFT": {
      "type_id": "sensor.camera.rgb",
      "blueprint_attributes": {
        "role_name": "front",
        "ros_name": "sensor.camera.rgb",
        "chromatic_aberration_offset": "0.0",
        "sensor_tick": "0.100000",
        "fstop": "1.4",
        "image_size_x": "960",
        "image_size_y": "540",
        "fov": "70.00",
        "lens_circle_falloff": "5.0",
        "lens_circle_multiplier": "0.0",
        "exposure_compensation": "0.0",
        "lens_y_size": "0.08",
        "lens_k": "-1.0",
        "exposure_mode": "histogram",
        "lens_kcube": "0.0",
        "lens_x_size": "0.08",
        "exposure_max_bright": "12.0",
        "shutter_speed": "200.0",
        "bloom_intensity": "0.675",
        "iso": "100.0",
        "enable_postprocess_effects": "false",
        "gamma": "2.2",
        "motion_blur_intensity": "0.0",
        "motion_blur_max_distortion": "0.35",
        "lens_flare_intensity": "0.1",
        "motion_blur_min_object_screen_size": "0.1",
        "exposure_min_bright": "10.0",
        "exposure_speed_up": "3.0",
        "exposure_speed_down": "1.0",
        "tint": "0.0",
        "calibration_constant": "16.0",
        "focal_distance": "1000.0",
        "min_fstop": "1.2",
        "blade_count": "5",
        "blur_amount": "0.0",
        "blur_radius": "0.0",
        "slope": "0.88",
        "toe": "0.55",
        "white_clip": "0.04",
        "shoulder": "0.26",
        "black_clip": "0.0",
        "temp": "6500.0",
        "chromatic_aberration_intensity": "0.0"
      },
      "transform_carla": {
        "location": {
          "x": 102.6725082397461,
          "y": -38.40353012084961,
          "z": 1.695483922958374
        },
        "rotation": {
          "roll": 0.0005899550742469728,
          "pitch": -0.0004917735932394862,
          "yaw": -164.16001892089844
        }
      },
      "matrix_world_from_sensor_carla": [
        [
          -0.9620277285575867,
          0.2729516327381134,
          -5.446659997687675e-06,
          102.6725082397461
        ],
        [
          -0.2729516327381134,
          -0.9620277285575867,
          -1.224843435920775e-05,
          -38.40353012084961
        ],
        [
          -8.583067938161548e-06,
          -1.0296658729203045e-05,
          1.0,
          1.695483922958374
        ],
        [
          0.0,
          0.0,
          0.0,
          1.0
        ]
      ],
      "matrix_world_from_sensor_bevfusion": [
        [
          0.2729516327381134,
          5.446659997687675e-06,
          -0.9620277285575867,
          102.6725082397461
        ],
        [
          0.9620277285575867,
          -1.224843435920775e-05,
          0.2729516327381134,
          38.40353012084961
        ],
        [
          -1.0296658729203045e-05,
          -1.0,
          -8.583067938161548e-06,
          1.695483922958374
        ],
        [
          0.0,
          0.0,
          0.0,
          1.0
        ]
      ],
      "matrix_ego_from_sensor_carla": [
        [
          0.5735766887664795,
          0.8191518187522888,
          6.136360752861947e-09,
          1.3000009059906006
        ],
        [
          -0.8191518187522888,
          0.5735766887664795,
          -5.964864158158889e-08,
          -0.5500030517578125
        ],
        [
          -5.2380528359208256e-08,
          2.9187503969296813e-08,
          1.0,
          1.6999998092651367
        ],
        [
          0.0,
          0.0,
          0.0,
          1.0
        ]
      ],
      "matrix_ego_from_sensor_bevfusion": [
        [
          0.8191518187522888,
          -6.136360752861947e-09,
          0.5735766887664795,
          1.3000009059906006
        ],
        [
          -0.5735766887664795,
          -5.964864158158889e-08,
          0.8191518187522888,
          0.5500030517578125
        ],
        [
          2.9187503969296813e-08,
          -1.0,
          -5.2380528359208256e-08,
          1.6999998092651367
        ],
        [
          0.0,
          0.0,
          0.0,
          1.0
        ]
      ],
      "camera_intrinsics": [
        [
          685.5110473632812,
          0.0,
          480.0
        ],
        [
          0.0,
          685.5110473632812,
          270.0
        ],
        [
          0.0,
          0.0,
          1.0
        ]
      ],
      "data_path": "D:\\Agent-AI\\outputs\\s3a_ml_long_v1\\sample_000059\\images\\CAM_FRONT_LEFT.png",
      "raw_layout": "bgra8"
    },
    "CAM_BACK": {
      "type_id": "sensor.camera.rgb",
      "blueprint_attributes": {
        "role_name": "front",
        "ros_name": "sensor.camera.rgb",
        "chromatic_aberration_offset": "0.0",
        "sensor_tick": "0.100000",
        "fstop": "1.4",
        "image_size_x": "960",
        "image_size_y": "540",
        "fov": "70.00",
        "lens_circle_falloff": "5.0",
        "lens_circle_multiplier": "0.0",
        "exposure_compensation": "0.0",
        "lens_y_size": "0.08",
        "lens_k": "-1.0",
        "exposure_mode": "histogram",
        "lens_kcube": "0.0",
        "lens_x_size": "0.08",
        "exposure_max_bright": "12.0",
        "shutter_speed": "200.0",
        "bloom_intensity": "0.675",
        "iso": "100.0",
        "enable_postprocess_effects": "false",
        "gamma": "2.2",
        "motion_blur_intensity": "0.0",
        "motion_blur_max_distortion": "0.35",
        "lens_flare_intensity": "0.1",
        "motion_blur_min_object_screen_size": "0.1",
        "exposure_min_bright": "10.0",
        "exposure_speed_up": "3.0",
        "exposure_speed_down": "1.0",
        "tint": "0.0",
        "calibration_constant": "16.0",
        "focal_distance": "1000.0",
        "min_fstop": "1.2",
        "blade_count": "5",
        "blur_amount": "0.0",
        "blur_radius": "0.0",
        "slope": "0.88",
        "toe": "0.55",
        "white_clip": "0.04",
        "shoulder": "0.26",
        "black_clip": "0.0",
        "temp": "6500.0",
        "chromatic_aberration_intensity": "0.0"
      },
      "transform_carla": {
        "location": {
          "x": 104.12742614746094,
          "y": -35.89191818237305,
          "z": 1.6955225467681885
        },
        "rotation": {
          "roll": 6.103540363255888e-05,
          "pitch": 0.0007649811450392008,
          "yaw": 70.8399658203125
        }
      },
      "matrix_world_from_sensor_carla": [
        [
          0.3282078802585602,
          -0.9446055293083191,
          -5.388306817621924e-06,
          104.12742614746094
        ],
        [
          0.9446055293083191,
          0.3282078802585602,
          -1.2262214113434311e-05,
          -35.89191818237305
        ],
        [
          1.3351439520192798e-05,
          -1.0652687478795997e-06,
          1.0,
          1.6955225467681885
        ],
        [
          0.0,
          0.0,
          0.0,
          1.0
        ]
      ],
      "matrix_world_from_sensor_bevfusion": [
        [
          -0.9446055293083191,
          5.388306817621924e-06,
          0.3282078802585602,
          104.12742614746094
        ],
        [
          -0.3282078802585602,
          -1.2262214113434311e-05,
          -0.9446055293083191,
          35.89191818237305
        ],
        [
          -1.0652687478795997e-06,
          -1.0,
          1.3351439520192798e-05,
          1.6955225467681885
        ],
        [
          0.0,
          0.0,
          0.0,
          1.0
        ]
      ],
      "matrix_ego_from_sensor_carla": [
        [
          -1.0,
          -3.4756954647718885e-08,
          0.0,
          -1.5499978065490723
        ],
        [
          2.3196809806336205e-08,
          -1.0,
          -5.115907697472721e-12,
          -7.62939453125e-06
        ],
        [
          -9.094947017729282e-13,
          -4.888534022029489e-12,
          1.0,
          1.6999998092651367
        ],
        [
          0.0,
          0.0,
          0.0,
          1.0
        ]
      ],
      "matrix_ego_from_sensor_bevfusion": [
        [
          -3.4756954647718885e-08,
          0.0,
          -1.0,
          -1.5499978065490723
        ],
        [
          1.0,
          -5.115907697472721e-12,
          -2.3196809806336205e-08,
          7.62939453125e-06
        ],
        [
          -4.888534022029489e-12,
          -1.0,
          -9.094947017729282e-13,
          1.6999998092651367
        ],
        [
          0.0,
          0.0,
          0.0,
          1.0
        ]
      ],
      "camera_intrinsics": [
        [
          685.5110473632812,
          0.0,
          480.0
        ],
        [
          0.0,
          685.5110473632812,
          270.0
        ],
        [
          0.0,
          0.0,
          1.0
        ]
      ],
      "data_path": "D:\\Agent-AI\\outputs\\s3a_ml_long_v1\\sample_000059\\images\\CAM_BACK.png",
      "raw_layout": "bgra8"
    },
    "CAM_BACK_LEFT": {
      "type_id": "sensor.camera.rgb",
      "blueprint_attributes": {
        "role_name": "front",
        "ros_name": "sensor.camera.rgb",
        "chromatic_aberration_offset": "0.0",
        "sensor_tick": "0.100000",
        "fstop": "1.4",
        "image_size_x": "960",
        "image_size_y": "540",
        "fov": "70.00",
        "lens_circle_falloff": "5.0",
        "lens_circle_multiplier": "0.0",
        "exposure_compensation": "0.0",
        "lens_y_size": "0.08",
        "lens_k": "-1.0",
        "exposure_mode": "histogram",
        "lens_kcube": "0.0",
        "lens_x_size": "0.08",
        "exposure_max_bright": "12.0",
        "shutter_speed": "200.0",
        "bloom_intensity": "0.675",
        "iso": "100.0",
        "enable_postprocess_effects": "false",
        "gamma": "2.2",
        "motion_blur_intensity": "0.0",
        "motion_blur_max_distortion": "0.35",
        "lens_flare_intensity": "0.1",
        "motion_blur_min_object_screen_size": "0.1",
        "exposure_min_bright": "10.0",
        "exposure_speed_up": "3.0",
        "exposure_speed_down": "1.0",
        "tint": "0.0",
        "calibration_constant": "16.0",
        "focal_distance": "1000.0",
        "min_fstop": "1.2",
        "blade_count": "5",
        "blur_amount": "0.0",
        "blur_radius": "0.0",
        "slope": "0.88",
        "toe": "0.55",
        "white_clip": "0.04",
        "shoulder": "0.26",
        "black_clip": "0.0",
        "temp": "6500.0",
        "chromatic_aberration_intensity": "0.0"
      },
      "transform_carla": {
        "location": {
          "x": 103.52584838867188,
          "y": -35.94755554199219,
          "z": 1.6955187320709229
        },
        "rotation": {
          "roll": 0.0006599716725759208,
          "pitch": 0.0003893207758665085,
          "yaw": 125.8399429321289
        }
      },
      "matrix_world_from_sensor_carla": [
        [
          -0.5855228900909424,
          -0.8106558918952942,
          -5.3590979405271355e-06,
          103.52584838867188
        ],
        [
          0.8106558918952942,
          -0.5855228900909424,
          -1.225279993377626e-05,
          -35.94755554199219
        ],
        [
          6.794929504394531e-06,
          -1.1518678547872696e-05,
          1.0,
          1.6955187320709229
        ],
        [
          0.0,
          0.0,
          0.0,
          1.0
        ]
      ],
      "matrix_world_from_sensor_bevfusion": [
        [
          -0.8106558918952942,
          5.3590979405271355e-06,
          -0.5855228900909424,
          103.52584838867188
        ],
        [
          0.5855228900909424,
          -1.225279993377626e-05,
          -0.8106558918952942,
          35.94755554199219
        ],
        [
          -1.1518678547872696e-05,
          -1.0,
          6.794929504394531e-06,
          1.6955187320709229
        ],
        [
          0.0,
          0.0,
          0.0,
          1.0
        ]
      ],
      "matrix_ego_from_sensor_carla": [
        [
          -0.573576807975769,
          0.8191518187522888,
          -1.8479113350622356e-08,
          -1.3000013828277588
        ],
        [
          -0.8191518187522888,
          -0.5735768675804138,
          2.4495875550201163e-08,
          -0.5499954223632812
        ],
        [
          9.466020856052637e-09,
          2.9188413463998586e-08,
          1.0,
          1.6999999284744263
        ],
        [
          0.0,
          0.0,
          0.0,
          1.0
        ]
      ],
      "matrix_ego_from_sensor_bevfusion": [
        [
          0.8191518187522888,
          1.8479113350622356e-08,
          -0.573576807975769,
          -1.3000013828277588
        ],
        [
          0.5735768675804138,
          2.4495875550201163e-08,
          0.8191518187522888,
          0.5499954223632812
        ],
        [
          2.9188413463998586e-08,
          -1.0,
          9.466020856052637e-09,
          1.6999999284744263
        ],
        [
          0.0,
          0.0,
          0.0,
          1.0
        ]
      ],
      "camera_intrinsics": [
        [
          685.5110473632812,
          0.0,
          480.0
        ],
        [
          0.0,
          685.5110473632812,
          270.0
        ],
        [
          0.0,
          0.0,
          1.0
        ]
      ],
      "data_path": "D:\\Agent-AI\\outputs\\s3a_ml_long_v1\\sample_000059\\images\\CAM_BACK_LEFT.png",
      "raw_layout": "bgra8"
    },
    "CAM_BACK_RIGHT": {
      "type_id": "sensor.camera.rgb",
      "blueprint_attributes": {
        "role_name": "front",
        "ros_name": "sensor.camera.rgb",
        "chromatic_aberration_offset": "0.0",
        "sensor_tick": "0.100000",
        "fstop": "1.4",
        "image_size_x": "960",
        "image_size_y": "540",
        "fov": "70.00",
        "lens_circle_falloff": "5.0",
        "lens_circle_multiplier": "0.0",
        "exposure_compensation": "0.0",
        "lens_y_size": "0.08",
        "lens_k": "-1.0",
        "exposure_mode": "histogram",
        "lens_kcube": "0.0",
        "lens_x_size": "0.08",
        "exposure_max_bright": "12.0",
        "shutter_speed": "200.0",
        "bloom_intensity": "0.675",
        "iso": "100.0",
        "enable_postprocess_effects": "false",
        "gamma": "2.2",
        "motion_blur_intensity": "0.0",
        "motion_blur_max_distortion": "0.35",
        "lens_flare_intensity": "0.1",
        "motion_blur_min_object_screen_size": "0.1",
        "exposure_min_bright": "10.0",
        "exposure_speed_up": "3.0",
        "exposure_speed_down": "1.0",
        "tint": "0.0",
        "calibration_constant": "16.0",
        "focal_distance": "1000.0",
        "min_fstop": "1.2",
        "blade_count": "5",
        "blur_amount": "0.0",
        "blur_radius": "0.0",
        "slope": "0.88",
        "toe": "0.55",
        "white_clip": "0.04",
        "shoulder": "0.26",
        "black_clip": "0.0",
        "temp": "6500.0",
        "chromatic_aberration_intensity": "0.0"
      },
      "transform_carla": {
        "location": {
          "x": 104.56491088867188,
          "y": -36.30858612060547,
          "z": 1.6955199241638184
        },
        "rotation": {
          "roll": -0.0005899550742469728,
          "pitch": 0.0004917735932394862,
          "yaw": 15.839972496032715
        }
      },
      "matrix_world_from_sensor_carla": [
        [
          0.9620277881622314,
          -0.2729514539241791,
          -5.446661816677079e-06,
          104.56491088867188
        ],
        [
          0.2729514539241791,
          0.9620277881622314,
          -1.2248432540218346e-05,
          -36.30858612060547
        ],
        [
          8.583067938161548e-06,
          1.0296658729203045e-05,
          1.0,
          1.6955199241638184
        ],
        [
          0.0,
          0.0,
          0.0,
          1.0
        ]
      ],
      "matrix_world_from_sensor_bevfusion": [
        [
          -0.2729514539241791,
          5.446661816677079e-06,
          0.9620277881622314,
          104.56491088867188
        ],
        [
          -0.9620277881622314,
          -1.2248432540218346e-05,
          -0.2729514539241791,
          36.30858612060547
        ],
        [
          1.0296658729203045e-05,
          -1.0,
          8.583067938161548e-06,
          1.6955199241638184
        ],
        [
          0.0,
          0.0,
          0.0,
          1.0
        ]
      ],
      "matrix_ego_from_sensor_carla": [
        [
          -0.5735765099525452,
          -0.8191519379615784,
          6.134541763458401e-09,
          -1.2999961376190186
        ],
        [
          0.8191519379615784,
          -0.5735765099525452,
          -5.965102900518104e-08,
          0.5499954223632812
        ],
        [
          5.23823473486118e-08,
          -2.918932295870036e-08,
          1.0,
          1.6999999284744263
        ],
        [
          0.0,
          0.0,
          0.0,
          1.0
        ]
      ],
      "matrix_ego_from_sensor_bevfusion": [
        [
          -0.8191519379615784,
          -6.134541763458401e-09,
          -0.5735765099525452,
          -1.2999961376190186
        ],
        [
          0.5735765099525452,
          -5.965102900518104e-08,
          -0.8191519379615784,
          -0.5499954223632812
        ],
        [
          -2.918932295870036e-08,
          -1.0,
          5.23823473486118e-08,
          1.6999999284744263
        ],
        [
          0.0,
          0.0,
          0.0,
          1.0
        ]
      ],
      "camera_intrinsics": [
        [
          685.5110473632812,
          0.0,
          480.0
        ],
        [
          0.0,
          685.5110473632812,
          270.0
        ],
        [
          0.0,
          0.0,
          1.0
        ]
      ],
      "data_path": "D:\\Agent-AI\\outputs\\s3a_ml_long_v1\\sample_000059\\images\\CAM_BACK_RIGHT.png",
      "raw_layout": "bgra8"
    },
    "LIDAR_TOP": {
      "type_id": "sensor.lidar.ray_cast",
      "blueprint_attributes": {
        "atmosphere_attenuation_rate": "0.004",
        "role_name": "front",
        "noise_seed": "0",
        "upper_fov": "10.0",
        "ros_name": "sensor.lidar.ray_cast",
        "sensor_tick": "0.100000",
        "channels": "32",
        "range": "120.0",
        "points_per_second": "360000",
        "lower_fov": "-30.0",
        "rotation_frequency": "10.000000",
        "horizontal_fov": "360.0",
        "dropoff_general_rate": "0.0",
        "dropoff_intensity_limit": "1.0",
        "noise_stddev": "0.0",
        "dropoff_zero_intensity": "0.0"
      },
      "transform_carla": {
        "location": {
          "x": 103.61870574951172,
          "y": -37.35606384277344,
          "z": 2.1955020427703857
        },
        "rotation": {
          "roll": -6.103514533606358e-05,
          "pitch": -0.0007649811450392008,
          "yaw": -109.1600341796875
        }
      },
      "matrix_world_from_sensor_carla": [
        [
          -0.3282078504562378,
          0.9446055293083191,
          -5.388301815401064e-06,
          103.61870574951172
        ],
        [
          -0.9446055293083191,
          -0.3282078504562378,
          -1.2262215932423715e-05,
          -37.35606384277344
        ],
        [
          -1.3351439520192798e-05,
          1.0652642004060908e-06,
          1.0,
          2.1955020427703857
        ],
        [
          0.0,
          0.0,
          0.0,
          1.0
        ]
      ],
      "matrix_world_from_sensor_bevfusion": [
        [
          -0.3282078504562378,
          -0.9446055293083191,
          -5.388301815401064e-06,
          103.61870574951172
        ],
        [
          0.9446055293083191,
          -0.3282078504562378,
          1.2262215932423715e-05,
          37.35606384277344
        ],
        [
          -1.3351439520192798e-05,
          -1.0652642004060908e-06,
          1.0,
          2.1955020427703857
        ],
        [
          0.0,
          0.0,
          0.0,
          1.0
        ]
      ],
      "matrix_ego_from_sensor_carla": [
        [
          1.0,
          6.6055130254483174e-09,
          0.0,
          1.0728836059570312e-06
        ],
        [
          6.6055130254483174e-09,
          1.0,
          0.0,
          -7.62939453125e-06
        ],
        [
          0.0,
          0.0,
          1.0,
          2.1999998092651367
        ],
        [
          0.0,
          0.0,
          0.0,
          1.0
        ]
      ],
      "matrix_ego_from_sensor_bevfusion": [
        [
          1.0,
          -6.6055130254483174e-09,
          0.0,
          1.0728836059570312e-06
        ],
        [
          -6.6055130254483174e-09,
          1.0,
          0.0,
          7.62939453125e-06
        ],
        [
          0.0,
          0.0,
          1.0,
          2.1999998092651367
        ],
        [
          0.0,
          0.0,
          0.0,
          1.0
        ]
      ],
      "data_path": "D:\\Agent-AI\\outputs\\s3a_ml_long_v1\\sample_000059\\lidar\\LIDAR_TOP.npy",
      "raw_layout": [
        "x",
        "y",
        "z",
        "intensity"
      ]
    },
    "RADAR_FRONT": {
      "type_id": "sensor.other.radar",
      "blueprint_attributes": {
        "sensor_tick": "0.100000",
        "role_name": "default",
        "noise_seed": "0",
        "ros_name": "sensor.other.radar",
        "horizontal_fov": "35.0",
        "points_per_second": "1500",
        "vertical_fov": "20.0",
        "range": "120.0"
      },
      "transform_carla": {
        "location": {
          "x": 102.9623031616211,
          "y": -39.24525833129883,
          "z": 0.895475447177887
        },
        "rotation": {
          "roll": -6.103514533606358e-05,
          "pitch": -0.0007649811450392008,
          "yaw": -109.1600341796875
        }
      },
      "matrix_world_from_sensor_carla": [
        [
          -0.3282078504562378,
          0.9446055293083191,
          -5.388301815401064e-06,
          102.9623031616211
        ],
        [
          -0.9446055293083191,
          -0.3282078504562378,
          -1.2262215932423715e-05,
          -39.24525833129883
        ],
        [
          -1.3351439520192798e-05,
          1.0652642004060908e-06,
          1.0,
          0.895475447177887
        ],
        [
          0.0,
          0.0,
          0.0,
          1.0
        ]
      ],
      "matrix_world_from_sensor_bevfusion": [
        [
          -0.3282078504562378,
          -0.9446055293083191,
          -5.388301815401064e-06,
          102.9623031616211
        ],
        [
          0.9446055293083191,
          -0.3282078504562378,
          1.2262215932423715e-05,
          39.24525833129883
        ],
        [
          -1.3351439520192798e-05,
          -1.0652642004060908e-06,
          1.0,
          0.895475447177887
        ],
        [
          0.0,
          0.0,
          0.0,
          1.0
        ]
      ],
      "matrix_ego_from_sensor_carla": [
        [
          1.0,
          6.6055130254483174e-09,
          0.0,
          1.9999971389770508
        ],
        [
          6.6055130254483174e-09,
          1.0,
          0.0,
          0.0
        ],
        [
          0.0,
          0.0,
          1.0,
          0.9000000953674316
        ],
        [
          0.0,
          0.0,
          0.0,
          1.0
        ]
      ],
      "matrix_ego_from_sensor_bevfusion": [
        [
          1.0,
          -6.6055130254483174e-09,
          0.0,
          1.9999971389770508
        ],
        [
          -6.6055130254483174e-09,
          1.0,
          0.0,
          0.0
        ],
        [
          0.0,
          0.0,
          1.0,
          0.9000000953674316
        ],
        [
          0.0,
          0.0,
          0.0,
          1.0
        ]
      ],
      "data_path": "D:\\Agent-AI\\outputs\\s3a_ml_long_v1\\sample_000059\\radar\\RADAR_FRONT.npy",
      "raw_layout": [
        "velocity",
        "altitude",
        "azimuth",
        "depth"
      ]
    },
    "RADAR_FRONT_LEFT": {
      "type_id": "sensor.other.radar",
      "blueprint_attributes": {
        "sensor_tick": "0.100000",
        "role_name": "default",
        "noise_seed": "0",
        "ros_name": "sensor.other.radar",
        "horizontal_fov": "35.0",
        "points_per_second": "1500",
        "vertical_fov": "20.0",
        "range": "120.0"
      },
      "transform_carla": {
        "location": {
          "x": 102.36872100830078,
          "y": -38.66849136352539,
          "z": 0.8954792618751526
        },
        "rotation": {
          "roll": 0.0004963212413713336,
          "pitch": -0.0005873962072655559,
          "yaw": -154.16004943847656
        }
      },
      "matrix_world_from_sensor_carla": [
        [
          -0.9000150561332703,
          0.4358587861061096,
          -5.4513525356014725e-06,
          102.36872100830078
        ],
        [
          -0.4358587861061096,
          -0.9000150561332703,
          -1.2264748875168152e-05,
          -38.66849136352539
        ],
        [
          -1.0251997991872486e-05,
          -8.662439540785272e-06,
          1.0,
          0.8954792618751526
        ],
        [
          0.0,
          0.0,
          0.0,
          1.0
        ]
      ],
      "matrix_world_from_sensor_bevfusion": [
        [
          -0.9000150561332703,
          -0.4358587861061096,
          -5.4513525356014725e-06,
          102.36872100830078
        ],
        [
          0.4358587861061096,
          -0.9000150561332703,
          1.2264748875168152e-05,
          38.66849136352539
        ],
        [
          -1.0251997991872486e-05,
          8.662439540785272e-06,
          1.0,
          0.8954792618751526
        ],
        [
          0.0,
          0.0,
          0.0,
          1.0
        ]
      ],
      "matrix_ego_from_sensor_carla": [
        [
          0.7071066498756409,
          0.7071069478988647,
          2.308661350980401e-08,
          1.6500000953674316
        ],
        [
          -0.7071069478988647,
          0.7071066498756409,
          -5.872652764082886e-08,
          -0.75
        ],
        [
          -5.785113899037242e-08,
          2.520118869142607e-08,
          1.0,
          0.9000000357627869
        ],
        [
          0.0,
          0.0,
          0.0,
          1.0
        ]
      ],
      "matrix_ego_from_sensor_bevfusion": [
        [
          0.7071066498756409,
          -0.7071069478988647,
          2.308661350980401e-08,
          1.6500000953674316
        ],
        [
          0.7071069478988647,
          0.7071066498756409,
          5.872652764082886e-08,
          0.75
        ],
        [
          -5.785113899037242e-08,
          -2.520118869142607e-08,
          1.0,
          0.9000000357627869
        ],
        [
          0.0,
          0.0,
          0.0,
          1.0
        ]
      ],
      "data_path": "D:\\Agent-AI\\outputs\\s3a_ml_long_v1\\sample_000059\\radar\\RADAR_FRONT_LEFT.npy",
      "raw_layout": [
        "velocity",
        "altitude",
        "azimuth",
        "depth"
      ]
    },
    "RADAR_FRONT_RIGHT": {
      "type_id": "sensor.other.radar",
      "blueprint_attributes": {
        "sensor_tick": "0.100000",
        "role_name": "default",
        "noise_seed": "0",
        "ros_name": "sensor.other.radar",
        "horizontal_fov": "35.0",
        "points_per_second": "1500",
        "vertical_fov": "20.0",
        "range": "120.0"
      },
      "transform_carla": {
        "location": {
          "x": 103.7856216430664,
          "y": -39.16080093383789,
          "z": 0.8954808115959167
        },
        "rotation": {
          "roll": -0.0005826379638165236,
          "pitch": -0.0004986037965863943,
          "yaw": -64.1600570678711
        }
      },
      "matrix_world_from_sensor_carla": [
        [
          0.4358586072921753,
          0.9000151753425598,
          -5.359247552405577e-06,
          103.7856216430664
        ],
        [
          -0.9000151753425598,
          0.4358586072921753,
