{
  "schema_version": "stage1.v1",
  "sample_name": "sample_000025",
  "sequence_index": 25,
  "previous_sample_name": "sample_000024",
  "frame_id": 2202,
  "timestamp": 34.140632312744856,
  "platform_timestamp": 16781887.309641,
  "delta_seconds": 0.05000000074505806,
  "town": "Carla/Maps/Town10HD_Opt",
  "weather": {
    "cloudiness": 20.0,
    "dust_storm": 0.0,
    "fog_density": 2.0,
    "fog_distance": 0.75,
    "fog_falloff": 0.10000000149011612,
    "mie_scattering_scale": 0.029999999329447746,
    "precipitation": 0.0,
    "precipitation_deposits": 0.0,
    "rayleigh_scattering_scale": 0.03310000151395798,
    "scattering_intensity": 1.0,
    "sun_altitude_angle": 45.0,
    "sun_azimuth_angle": 300.0,
    "wetness": 0.0,
    "wind_intensity": 10.0
  },
  "sensor_names": [
    "CAM_FRONT",
    "CAM_FRONT_RIGHT",
    "CAM_FRONT_LEFT",
    "CAM_BACK",
    "CAM_BACK_LEFT",
    "CAM_BACK_RIGHT",
    "LIDAR_TOP",
    "RADAR_FRONT",
    "RADAR_FRONT_LEFT",
    "RADAR_FRONT_RIGHT",
    "RADAR_BACK_LEFT",
    "RADAR_BACK_RIGHT"
  ],
  "camera_order_for_model": [
    "CAM_FRONT",
    "CAM_FRONT_RIGHT",
    "CAM_FRONT_LEFT",
    "CAM_BACK",
    "CAM_BACK_LEFT",
    "CAM_BACK_RIGHT"
  ],
  "radar_order_for_model": [
    "RADAR_FRONT",
    "RADAR_FRONT_LEFT",
    "RADAR_FRONT_RIGHT",
    "RADAR_BACK_LEFT",
    "RADAR_BACK_RIGHT"
  ],
  "coordinate_notes": {
    "carla_world": "left-handed x-forward y-right z-up",
    "bevfusion_lidar": "x-forward y-left z-up",
    "camera_frame_for_model": "OpenCV style x-right y-down z-forward"
  },
  "ego": {
    "actor_id": 24,
    "transform_carla": {
      "location": {
        "x": -54.50008010864258,
        "y": 21.488611221313477,
        "z": -0.00426342012360692
      },
      "rotation": {
        "roll": 1.371131420135498,
        "pitch": -0.016877396032214165,
        "yaw": -29.158170700073242
      }
    },
    "velocity_carla": [
      6.569108963012695,
      -4.193087100982666,
      -0.00026908874860964715
    ],
    "angular_velocity_carla": [
      -0.13540121912956238,
      1.1961385011672974,
      -27.261070251464844
    ],
    "matrix_world_from_ego_carla": [
      [
        0.8732779622077942,
        0.4870765507221222,
        0.01191564928740263,
        -54.50008010864258
      ],
      [
        -0.48722219467163086,
        0.8730314373970032,
        0.020752733573317528,
        21.488611221313477
      ],
      [
        -0.00029456612537615,
        -0.02392847277224064,
        0.9997135996818542,
        -0.00426342012360692
      ],
      [
        0.0,
        0.0,
        0.0,
        1.0
      ]
    ],
    "matrix_world_from_ego_bevfusion": [
      [
        0.8732779622077942,
        -0.4870765507221222,
        0.01191564928740263,
        -54.50008010864258
      ],
      [
        0.48722219467163086,
        0.8730314373970032,
        -0.020752733573317528,
        -21.488611221313477
      ],
      [
        -0.00029456612537615,
        0.02392847277224064,
        0.9997135996818542,
        -0.00426342012360692
      ],
      [
        0.0,
        0.0,
        0.0,
        1.0
      ]
    ]
  },
  "sensors": {
    "CAM_FRONT": {
      "type_id": "sensor.camera.rgb",
      "blueprint_attributes": {
        "role_name": "front",
        "ros_name": "sensor.camera.rgb",
        "chromatic_aberration_offset": "0.0",
        "sensor_tick": "0.050000",
        "fstop": "1.4",
        "image_size_x": "1600",
        "image_size_y": "900",
        "fov": "70.00",
        "lens_circle_falloff": "5.0",
        "lens_circle_multiplier": "0.0",
        "exposure_compensation": "0.0",
        "lens_y_size": "0.08",
        "lens_k": "-1.0",
        "exposure_mode": "histogram",
        "lens_kcube": "0.0",
        "lens_x_size": "0.08",
        "exposure_max_bright": "12.0",
        "shutter_speed": "200.0",
        "bloom_intensity": "0.675",
        "iso": "100.0",
        "enable_postprocess_effects": "false",
        "gamma": "2.2",
        "motion_blur_intensity": "0.0",
        "motion_blur_max_distortion": "0.35",
        "lens_flare_intensity": "0.1",
        "motion_blur_min_object_screen_size": "0.1",
        "exposure_min_bright": "10.0",
        "exposure_speed_up": "3.0",
        "exposure_speed_down": "1.0",
        "tint": "0.0",
        "calibration_constant": "16.0",
        "focal_distance": "1000.0",
        "min_fstop": "1.2",
        "blade_count": "5",
        "blur_amount": "0.0",
        "blur_radius": "0.0",
        "slope": "0.88",
        "toe": "0.55",
        "white_clip": "0.04",
        "shoulder": "0.26",
        "black_clip": "0.0",
        "temp": "6500.0",
        "chromatic_aberration_intensity": "0.0"
      },
      "transform_carla": {
        "location": {
          "x": -53.126243591308594,
          "y": 20.768695831298828,
          "z": 1.6947931051254272
        },
        "rotation": {
          "roll": 1.371131420135498,
          "pitch": -0.016877396032214165,
          "yaw": -29.158170700073242
        }
      },
      "matrix_world_from_sensor_carla": [
        [
          0.8732779622077942,
          0.4870765507221222,
          0.01191564928740263,
          -53.126243591308594
        ],
        [
          -0.48722219467163086,
          0.8730314373970032,
          0.020752733573317528,
          20.768695831298828
        ],
        [
          -0.00029456612537615,
          -0.02392847277224064,
          0.9997135996818542,
          1.6947931051254272
        ],
        [
          0.0,
          0.0,
          0.0,
          1.0
        ]
      ],
      "matrix_world_from_sensor_bevfusion": [
        [
          0.4870765507221222,
          -0.01191564928740263,
          0.8732779622077942,
          -53.126243591308594
        ],
        [
          -0.8730314373970032,
          0.020752733573317528,
          0.48722219467163086,
          -20.768695831298828
        ],
        [
          -0.02392847277224064,
          -0.9997135996818542,
          -0.00029456612537615,
          1.6947931051254272
        ],
        [
          0.0,
          0.0,
          0.0,
          1.0
        ]
      ],
      "matrix_ego_from_sensor_carla": [
        [
          0.9999999403953552,
          1.4430449724045502e-08,
          -8.047441185654591e-12,
          1.5499992370605469
        ],
        [
          1.3658850051001536e-08,
          0.9999999403953552,
          -1.4114009960763951e-09,
          -9.5367431640625e-07
        ],
        [
          3.8172365268707154e-10,
          -9.755374286157803e-10,
          1.0,
          1.6999999284744263
        ],
        [
          0.0,
          0.0,
          0.0,
          1.0
        ]
      ],
      "matrix_ego_from_sensor_bevfusion": [
        [
          1.4430449724045502e-08,
          8.047441185654591e-12,
          0.9999999403953552,
          1.5499992370605469
        ],
        [
          -0.9999999403953552,
          -1.4114009960763951e-09,
          -1.3658850051001536e-08,
          9.5367431640625e-07
        ],
        [
          -9.755374286157803e-10,
          -1.0,
          3.8172365268707154e-10,
          1.6999999284744263
        ],
        [
          0.0,
          0.0,
          0.0,
          1.0
        ]
      ],
      "camera_intrinsics": [
        [
          1142.5184326171875,
          0.0,
          800.0
        ],
        [
          0.0,
          1142.5184326171875,
          450.0
        ],
        [
          0.0,
          0.0,
          1.0
        ]
      ],
      "data_path": "D:\\Agent-AI\\outputs\\samples\\sample_000025\\images\\CAM_FRONT.png",
      "raw_layout": "bgra8"
    },
    "CAM_FRONT_RIGHT": {
      "type_id": "sensor.camera.rgb",
      "blueprint_attributes": {
        "role_name": "front",
        "ros_name": "sensor.camera.rgb",
        "chromatic_aberration_offset": "0.0",
        "sensor_tick": "0.050000",
        "fstop": "1.4",
        "image_size_x": "1600",
        "image_size_y": "900",
        "fov": "70.00",
        "lens_circle_falloff": "5.0",
        "lens_circle_multiplier": "0.0",
        "exposure_compensation": "0.0",
        "lens_y_size": "0.08",
        "lens_k": "-1.0",
        "exposure_mode": "histogram",
        "lens_kcube": "0.0",
        "lens_x_size": "0.08",
        "exposure_max_bright": "12.0",
        "shutter_speed": "200.0",
        "bloom_intensity": "0.675",
        "iso": "100.0",
        "enable_postprocess_effects": "false",
        "gamma": "2.2",
        "motion_blur_intensity": "0.0",
        "motion_blur_max_distortion": "0.35",
        "lens_flare_intensity": "0.1",
        "motion_blur_min_object_screen_size": "0.1",
        "exposure_min_bright": "10.0",
        "exposure_speed_up": "3.0",
        "exposure_speed_down": "1.0",
        "tint": "0.0",
        "calibration_constant": "16.0",
        "focal_distance": "1000.0",
        "min_fstop": "1.2",
        "blade_count": "5",
        "blur_amount": "0.0",
        "blur_radius": "0.0",
        "slope": "0.88",
        "toe": "0.55",
        "white_clip": "0.04",
        "shoulder": "0.26",
        "black_clip": "0.0",
        "temp": "6500.0",
        "chromatic_aberration_intensity": "0.0"
      },
      "transform_carla": {
        "location": {
          "x": -53.07667541503906,
          "y": 21.370668411254883,
          "z": 1.6817060708999634
        },
        "rotation": {
          "roll": 0.7727239727973938,
          "pitch": -1.1328072547912598,
          "yaw": 25.834360122680664
        }
      },
      "matrix_world_from_sensor_carla": [
        [
          0.8998817205429077,
          -0.43597128987312317,
          0.011915575712919235,
          -53.07667541503906
        ],
        [
          0.43568578362464905,
          0.899859607219696,
          0.02075270563364029,
          21.370668411254883
        ],
        [
          -0.019769927486777306,
          -0.013483532704412937,
          0.9997135996818542,
          1.6817060708999634
        ],
        [
          0.0,
          0.0,
          0.0,
          1.0
        ]
      ],
      "matrix_world_from_sensor_bevfusion": [
        [
          -0.43597128987312317,
          -0.011915575712919235,
          0.8998817205429077,
          -53.07667541503906
        ],
        [
          -0.899859607219696,
          0.02075270563364029,
          -0.43568578362464905,
          -21.370668411254883
        ],
        [
          -0.013483532704412937,
          -0.9997135996818542,
          -0.019769927486777306,
          1.6817060708999634
        ],
        [
          0.0,
          0.0,
          0.0,
          1.0
        ]
      ],
      "matrix_ego_from_sensor_carla": [
        [
          0.5735769867897034,
          -0.8191516995429993,
          -5.067781572165586e-08,
          1.2999954223632812
        ],
        [
          0.8191516995429993,
          0.5735769271850586,
          -6.101604554942242e-08,
          0.5499968528747559
        ],
        [
          7.85876324016499e-08,
          -7.82960007938982e-09,
          1.0,
          1.6999998092651367
        ],
        [
          0.0,
          0.0,
          0.0,
          1.0
        ]
      ],
      "matrix_ego_from_sensor_bevfusion": [
        [
          -0.8191516995429993,
          5.067781572165586e-08,
          0.5735769867897034,
          1.2999954223632812
        ],
        [
          -0.5735769271850586,
          -6.101604554942242e-08,
          -0.8191516995429993,
          -0.5499968528747559
        ],
        [
          -7.82960007938982e-09,
          -1.0,
          7.85876324016499e-08,
          1.6999998092651367
        ],
        [
          0.0,
          0.0,
          0.0,
          1.0
        ]
      ],
      "camera_intrinsics": [
        [
          1142.5184326171875,
          0.0,
          800.0
        ],
        [
          0.0,
          1142.5184326171875,
          450.0
        ],
        [
          0.0,
          0.0,
          1.0
        ]
      ],
      "data_path": "D:\\Agent-AI\\outputs\\samples\\sample_000025\\images\\CAM_FRONT_RIGHT.png",
      "raw_layout": "bgra8"
    },
    "CAM_FRONT_LEFT": {
      "type_id": "sensor.camera.rgb",
      "blueprint_attributes": {
        "role_name": "front",
        "ros_name": "sensor.camera.rgb",
        "chromatic_aberration_offset": "0.0",
        "sensor_tick": "0.050000",
        "fstop": "1.4",
        "image_size_x": "1600",
        "image_size_y": "900",
        "fov": "70.00",
        "lens_circle_falloff": "5.0",
        "lens_circle_multiplier": "0.0",
        "exposure_compensation": "0.0",
        "lens_y_size": "0.08",
        "lens_k": "-1.0",
        "exposure_mode": "histogram",
        "lens_kcube": "0.0",
        "lens_x_size": "0.08",
        "exposure_max_bright": "12.0",
        "shutter_speed": "200.0",
        "bloom_intensity": "0.675",
        "iso": "100.0",
        "enable_postprocess_effects": "false",
        "gamma": "2.2",
        "motion_blur_intensity": "0.0",
        "motion_blur_max_distortion": "0.35",
        "lens_flare_intensity": "0.1",
        "motion_blur_min_object_screen_size": "0.1",
        "exposure_min_bright": "10.0",
        "exposure_speed_up": "3.0",
        "exposure_speed_down": "1.0",
        "tint": "0.0",
        "calibration_constant": "16.0",
        "focal_distance": "1000.0",
        "min_fstop": "1.2",
        "blade_count": "5",
        "blur_amount": "0.0",
        "blur_radius": "0.0",
        "slope": "0.88",
        "toe": "0.55",
        "white_clip": "0.04",
        "shoulder": "0.26",
        "black_clip": "0.0",
        "temp": "6500.0",
        "chromatic_aberration_intensity": "0.0"
      },
      "transform_carla": {
        "location": {
          "x": -53.61245346069336,
          "y": 20.41033363342285,
          "z": 1.7080274820327759
        },
        "rotation": {
          "roll": 0.8003748655319214,
          "pitch": 1.113450527191162,
          "yaw": -84.15017700195312
        }
      },
      "matrix_world_from_sensor_carla": [
        [
          0.10190212726593018,
          0.9947230815887451,
          0.011915620416402817,
          -53.61245346069336
        ],
        [
          -0.9946045875549316,
          0.10164139419794083,
          0.020752783864736557,
          20.41033363342285
        ],
        [
          0.019432153552770615,
          -0.013966084457933903,
          0.9997135996818542,
          1.7080274820327759
        ],
        [
          0.0,
          0.0,
          0.0,
          1.0
        ]
      ],
      "matrix_world_from_sensor_bevfusion": [
        [
          0.9947230815887451,
          -0.011915620416402817,
          0.10190212726593018,
          -53.61245346069336
        ],
        [
          -0.10164139419794083,
          0.020752783864736557,
          0.9946045875549316,
          -20.41033363342285
        ],
        [
          -0.013966084457933903,
          -0.9997135996818542,
          0.019432153552770615,
          1.7080274820327759
        ],
        [
          0.0,
          0.0,
          0.0,
          1.0
        ]
      ],
      "matrix_ego_from_sensor_carla": [
        [
          0.5735765695571899,
          0.8191519975662231,
          -4.965918165567018e-08,
          1.3000030517578125
        ],
        [
          -0.8191518783569336,
          0.5735766291618347,
          2.8390921613663522e-08,
          -0.5500006675720215
        ],
        [
          5.7246346329975495e-08,
          2.2311194669555334e-08,
          1.0,
          1.6999999284744263
        ],
        [
          0.0,
          0.0,
          0.0,
          1.0
        ]
      ],
      "matrix_ego_from_sensor_bevfusion": [
        [
          0.8191519975662231,
          4.965918165567018e-08,
          0.5735765695571899,
          1.3000030517578125
        ],
        [
          -0.5735766291618347,
          2.8390921613663522e-08,
          0.8191518783569336,
          0.5500006675720215
        ],
        [
          2.2311194669555334e-08,
          -1.0,
          5.7246346329975495e-08,
          1.6999999284744263
        ],
        [
          0.0,
          0.0,
          0.0,
          1.0
        ]
      ],
      "camera_intrinsics": [
        [
          1142.5184326171875,
          0.0,
          800.0
        ],
        [
          0.0,
          1142.5184326171875,
          450.0
        ],
        [
          0.0,
          0.0,
          1.0
        ]
      ],
      "data_path": "D:\\Agent-AI\\outputs\\samples\\sample_000025\\images\\CAM_FRONT_LEFT.png",
      "raw_layout": "bgra8"
    },
    "CAM_BACK": {
      "type_id": "sensor.camera.rgb",
      "blueprint_attributes": {
        "role_name": "front",
        "ros_name": "sensor.camera.rgb",
        "chromatic_aberration_offset": "0.0",
        "sensor_tick": "0.050000",
        "fstop": "1.4",
        "image_size_x": "1600",
        "image_size_y": "900",
        "fov": "70.00",
        "lens_circle_falloff": "5.0",
        "lens_circle_multiplier": "0.0",
        "exposure_compensation": "0.0",
        "lens_y_size": "0.08",
        "lens_k": "-1.0",
        "exposure_mode": "histogram",
        "lens_kcube": "0.0",
        "lens_x_size": "0.08",
        "exposure_max_bright": "12.0",
        "shutter_speed": "200.0",
        "bloom_intensity": "0.675",
        "iso": "100.0",
        "enable_postprocess_effects": "false",
        "gamma": "2.2",
        "motion_blur_intensity": "0.0",
        "motion_blur_max_distortion": "0.35",
        "lens_flare_intensity": "0.1",
        "motion_blur_min_object_screen_size": "0.1",
        "exposure_min_bright": "10.0",
        "exposure_speed_up": "3.0",
        "exposure_speed_down": "1.0",
        "tint": "0.0",
        "calibration_constant": "16.0",
        "focal_distance": "1000.0",
        "min_fstop": "1.2",
        "blade_count": "5",
        "blur_amount": "0.0",
        "blur_radius": "0.0",
        "slope": "0.88",
        "toe": "0.55",
        "white_clip": "0.04",
        "shoulder": "0.26",
        "black_clip": "0.0",
        "temp": "6500.0",
        "chromatic_aberration_intensity": "0.0"
      },
      "transform_carla": {
        "location": {
          "x": -55.83340835571289,
          "y": 22.279083251953125,
          "z": 1.6957062482833862
        },
        "rotation": {
          "roll": -1.371131181716919,
          "pitch": 0.016877396032214165,
          "yaw": 150.84185791015625
        }
      },
      "matrix_world_from_sensor_carla": [
        [
          -0.8732782006263733,
          -0.4870761036872864,
          0.01191563531756401,
          -55.83340835571289
        ],
        [
          0.48722174763679504,
          -0.8730316758155823,
          0.020752733573317528,
          22.279083251953125
        ],
        [
          0.00029456612537615,
          0.02392846718430519,
          0.9997135996818542,
          1.6957062482833862
        ],
        [
          0.0,
          0.0,
          0.0,
          1.0
        ]
      ],
      "matrix_world_from_sensor_bevfusion": [
        [
          -0.4870761036872864,
          -0.01191563531756401,
          -0.8732782006263733,
          -55.83340835571289
        ],
        [
          0.8730316758155823,
          0.020752733573317528,
          -0.48722174763679504,
          -22.279083251953125
        ],
        [
          0.02392846718430519,
          -0.9997135996818542,
          0.00029456612537615,
          1.6957062482833862
        ],
        [
          0.0,
          0.0,
          0.0,
          1.0
        ]
      ],
      "matrix_ego_from_sensor_carla": [
        [
          -1.0,
          5.189666580918129e-07,
          -1.2115241254662124e-08,
          -1.5499992370605469
        ],
        [
          -5.231436830399616e-07,
          -0.9999999403953552,
          -6.999336221724661e-09,
          -4.291534423828125e-06
        ],
        [
          -1.2459813625298466e-08,
          -4.610797965654001e-09,
          1.0,
          1.6999998092651367
        ],
        [
          0.0,
          0.0,
          0.0,
          1.0
        ]
      ],
      "matrix_ego_from_sensor_bevfusion": [
        [
          5.189666580918129e-07,
          1.2115241254662124e-08,
          -1.0,
          -1.5499992370605469
        ],
        [
          0.9999999403953552,
          -6.999336221724661e-09,
          5.231436830399616e-07,
          4.291534423828125e-06
        ],
        [
          -4.610797965654001e-09,
          -1.0,
          -1.2459813625298466e-08,
          1.6999998092651367
        ],
        [
          0.0,
          0.0,
          0.0,
          1.0
        ]
      ],
      "camera_intrinsics": [
        [
          1142.5184326171875,
          0.0,
          800.0
        ],
        [
          0.0,
          1142.5184326171875,
          450.0
        ],
        [
          0.0,
          0.0,
          1.0
        ]
      ],
      "data_path": "D:\\Agent-AI\\outputs\\samples\\sample_000025\\images\\CAM_BACK.png",
      "raw_layout": "bgra8"
    },
    "CAM_BACK_LEFT": {
      "type_id": "sensor.camera.rgb",
      "blueprint_attributes": {
        "role_name": "front",
        "ros_name": "sensor.camera.rgb",
        "chromatic_aberration_offset": "0.0",
        "sensor_tick": "0.050000",
        "fstop": "1.4",
        "image_size_x": "1600",
        "image_size_y": "900",
        "fov": "70.00",
        "lens_circle_falloff": "5.0",
        "lens_circle_multiplier": "0.0",
        "exposure_compensation": "0.0",
        "lens_y_size": "0.08",
        "lens_k": "-1.0",
        "exposure_mode": "histogram",
        "lens_kcube": "0.0",
        "lens_x_size": "0.08",
        "exposure_max_bright": "12.0",
        "shutter_speed": "200.0",
        "bloom_intensity": "0.675",
        "iso": "100.0",
        "enable_postprocess_effects": "false",
        "gamma": "2.2",
        "motion_blur_intensity": "0.0",
        "motion_blur_max_distortion": "0.35",
        "lens_flare_intensity": "0.1",
        "motion_blur_min_object_screen_size": "0.1",
        "exposure_min_bright": "10.0",
        "exposure_speed_up": "3.0",
        "exposure_speed_down": "1.0",
        "tint": "0.0",
        "calibration_constant": "16.0",
        "focal_distance": "1000.0",
        "min_fstop": "1.2",
        "blade_count": "5",
        "blur_amount": "0.0",
        "blur_radius": "0.0",
        "slope": "0.88",
        "toe": "0.55",
        "white_clip": "0.04",
        "shoulder": "0.26",
        "black_clip": "0.0",
        "temp": "6500.0",
        "chromatic_aberration_intensity": "0.0"
      },
      "transform_carla": {
        "location": {
          "x": -55.88297653198242,
          "y": 21.67711067199707,
          "z": 1.70879328250885
        },
        "rotation": {
          "roll": -0.7727237343788147,
          "pitch": 1.1328072547912598,
          "yaw": -154.16561889648438
        }
      },
      "matrix_world_from_sensor_carla": [
        [
          -0.8998815417289734,
          0.43597158789634705,
          0.011915569193661213,
          -55.88297653198242
        ],
        [
          -0.4356860816478729,
          -0.8998594284057617,
          0.02075270563364029,
          21.67711067199707
        ],
        [
          0.019769927486777306,
          0.013483528979122639,
          0.9997135996818542,
          1.70879328250885
        ],
        [
          0.0,
          0.0,
          0.0,
          1.0
        ]
      ],
      "matrix_world_from_sensor_bevfusion": [
        [
          0.43597158789634705,
          -0.011915569193661213,
          -0.8998815417289734,
          -55.88297653198242
        ],
        [
          0.8998594284057617,
          0.02075270563364029,
          0.4356860816478729,
          -21.67711067199707
        ],
        [
          0.013483528979122639,
          -0.9997135996818542,
          0.019769927486777306,
          1.70879328250885
        ],
        [
          0.0,
          0.0,
          0.0,
          1.0
        ]
      ],
      "matrix_ego_from_sensor_carla": [
        [
          -0.5735766887664795,
          0.8191518783569336,
          -5.626575116934873e-08,
          -1.2999992370605469
        ],
        [
          -0.8191518783569336,
          -0.5735766291618347,
          -6.474133584788433e-08,
          -0.5500016212463379
        ],
        [
          -8.231292270011181e-08,
          1.1555957080133794e-08,
          1.0,
          1.6999999284744263
        ],
        [
          0.0,
          0.0,
          0.0,
          1.0
        ]
      ],
      "matrix_ego_from_sensor_bevfusion": [
        [
          0.8191518783569336,
          5.626575116934873e-08,
          -0.5735766887664795,
          -1.2999992370605469
        ],
        [
          0.5735766291618347,
          -6.474133584788433e-08,
          0.8191518783569336,
          0.5500016212463379
        ],
        [
          1.1555957080133794e-08,
          -1.0,
          -8.231292270011181e-08,
          1.6999999284744263
        ],
        [
          0.0,
          0.0,
          0.0,
          1.0
        ]
      ],
      "camera_intrinsics": [
        [
          1142.5184326171875,
          0.0,
          800.0
        ],
        [
          0.0,
          1142.5184326171875,
          450.0
        ],
        [
          0.0,
          0.0,
          1.0
        ]
      ],
      "data_path": "D:\\Agent-AI\\outputs\\samples\\sample_000025\\images\\CAM_BACK_LEFT.png",
      "raw_layout": "bgra8"
    },
    "CAM_BACK_RIGHT": {
      "type_id": "sensor.camera.rgb",
      "blueprint_attributes": {
        "role_name": "front",
        "ros_name": "sensor.camera.rgb",
        "chromatic_aberration_offset": "0.0",
        "sensor_tick": "0.050000",
        "fstop": "1.4",
        "image_size_x": "1600",
        "image_size_y": "900",
        "fov": "70.00",
        "lens_circle_falloff": "5.0",
        "lens_circle_multiplier": "0.0",
        "exposure_compensation": "0.0",
        "lens_y_size": "0.08",
        "lens_k": "-1.0",
        "exposure_mode": "histogram",
        "lens_kcube": "0.0",
        "lens_x_size": "0.08",
        "exposure_max_bright": "12.0",
        "shutter_speed": "200.0",
        "bloom_intensity": "0.675",
        "iso": "100.0",
        "enable_postprocess_effects": "false",
        "gamma": "2.2",
        "motion_blur_intensity": "0.0",
        "motion_blur_max_distortion": "0.35",
        "lens_flare_intensity": "0.1",
        "motion_blur_min_object_screen_size": "0.1",
        "exposure_min_bright": "10.0",
        "exposure_speed_up": "3.0",
        "exposure_speed_down": "1.0",
        "tint": "0.0",
        "calibration_constant": "16.0",
        "focal_distance": "1000.0",
        "min_fstop": "1.2",
        "blade_count": "5",
        "blur_amount": "0.0",
        "blur_radius": "0.0",
        "slope": "0.88",
        "toe": "0.55",
        "white_clip": "0.04",
        "shoulder": "0.26",
        "black_clip": "0.0",
        "temp": "6500.0",
        "chromatic_aberration_intensity": "0.0"
      },
      "transform_carla": {
        "location": {
          "x": -55.34719467163086,
          "y": 22.6374454498291,
          "z": 1.6824718713760376
        },
        "rotation": {
          "roll": -0.8003745675086975,
          "pitch": -1.113450527191162,
          "yaw": 95.84978485107422
        }
      },
      "matrix_world_from_sensor_carla": [
        [
          -0.10190150141716003,
          -0.9947231411933899,
          0.011915628798305988,
          -55.34719467163086
        ],
        [
          0.9946046471595764,
          -0.10164076834917068,
          0.02075277641415596,
          22.6374454498291
        ],
        [
          -0.019432153552770615,
          0.01396607980132103,
          0.9997135996818542,
          1.6824718713760376
        ],
        [
          0.0,
          0.0,
          0.0,
          1.0
        ]
      ],
      "matrix_world_from_sensor_bevfusion": [
        [
          -0.9947231411933899,
          -0.011915628798305988,
          -0.10190150141716003,
          -55.34719467163086
        ],
        [
          0.10164076834917068,
          0.02075277641415596,
          -0.9946046471595764,
          -22.6374454498291
        ],
        [
          0.01396607980132103,
          -0.9997135996818542,
          -0.019432153552770615,
          1.6824718713760376
        ],
        [
          0.0,
          0.0,
          0.0,
          1.0
        ]
      ],
      "matrix_ego_from_sensor_carla": [
        [
          -0.5735760927200317,
          -0.8191523551940918,
          -3.8599726082111374e-08,
          -1.2999992370605469
        ],
        [
          0.8191522359848022,
          -0.5735760927200317,
          2.6528276464432565e-08,
          0.5499978065490723
        ],
        [
          -4.793312058382071e-08,
          -1.4859280916823536e-08,
          1.0,
          1.6999998092651367
        ],
        [
          0.0,
          0.0,
          0.0,
          1.0
        ]
      ],
      "matrix_ego_from_sensor_bevfusion": [
        [
          -0.8191523551940918,
          3.8599726082111374e-08,
          -0.5735760927200317,
          -1.2999992370605469
        ],
        [
          0.5735760927200317,
          2.6528276464432565e-08,
          -0.8191522359848022,
          -0.5499978065490723
        ],
        [
          -1.4859280916823536e-08,
          -1.0,
          -4.793312058382071e-08,
          1.6999998092651367
        ],
        [
          0.0,
          0.0,
          0.0,
          1.0
        ]
      ],
      "camera_intrinsics": [
        [
          1142.5184326171875,
          0.0,
          800.0
        ],
        [
          0.0,
          1142.5184326171875,
          450.0
        ],
        [
          0.0,
          0.0,
          1.0
        ]
      ],
      "data_path": "D:\\Agent-AI\\outputs\\samples\\sample_000025\\images\\CAM_BACK_RIGHT.png",
      "raw_layout": "bgra8"
    },
    "LIDAR_TOP": {
      "type_id": "sensor.lidar.ray_cast",
      "blueprint_attributes": {
        "atmosphere_attenuation_rate": "0.004",
        "role_name": "front",
        "noise_seed": "0",
        "upper_fov": "10.0",
        "ros_name": "sensor.lidar.ray_cast",
        "sensor_tick": "0.050000",
        "channels": "32",
        "range": "120.0",
        "points_per_second": "360000",
        "lower_fov": "-30.0",
        "rotation_frequency": "20.000000",
        "horizontal_fov": "360.0",
        "dropoff_general_rate": "0.0",
        "dropoff_intensity_limit": "1.0",
        "noise_stddev": "0.0",
        "dropoff_zero_intensity": "0.0"
      },
      "transform_carla": {
        "location": {
          "x": -54.4738655090332,
          "y": 21.53426742553711,
          "z": 2.1951065063476562
        },
        "rotation": {
          "roll": 1.371131420135498,
          "pitch": -0.016877396032214165,
          "yaw": -29.158170700073242
        }
      },
      "matrix_world_from_sensor_carla": [
        [
          0.8732779622077942,
          0.4870765507221222,
          0.01191564928740263,
          -54.4738655090332
        ],
        [
          -0.48722219467163086,
          0.8730314373970032,
          0.020752733573317528,
          21.53426742553711
        ],
        [
          -0.00029456612537615,
          -0.02392847277224064,
          0.9997135996818542,
          2.1951065063476562
        ],
        [
          0.0,
          0.0,
          0.0,
          1.0
        ]
      ],
      "matrix_world_from_sensor_bevfusion": [
        [
          0.8732779622077942,
          -0.4870765507221222,
          0.01191564928740263,
          -54.4738655090332
        ],
        [
          0.48722219467163086,
          0.8730314373970032,
          -0.020752733573317528,
          -21.53426742553711
        ],
        [
          -0.00029456612537615,
          0.02392847277224064,
          0.9997135996818542,
          2.1951065063476562
        ],
        [
          0.0,
          0.0,
          0.0,
          1.0
        ]
      ],
      "matrix_ego_from_sensor_carla": [
        [
          0.9999999403953552,
          1.4430449724045502e-08,
          -8.047441185654591e-12,
          -3.814697265625e-06
        ],
        [
          1.3658850051001536e-08,
          0.9999999403953552,
          -1.4114009960763951e-09,
          9.5367431640625e-07
        ],
        [
          3.8172365268707154e-10,
          -9.755374286157803e-10,
          1.0,
          2.200000047683716
        ],
        [
          0.0,
          0.0,
          0.0,
          1.0
        ]
      ],
      "matrix_ego_from_sensor_bevfusion": [
        [
          0.9999999403953552,
          -1.4430449724045502e-08,
          -8.047441185654591e-12,
          -3.814697265625e-06
        ],
        [
          -1.3658850051001536e-08,
          0.9999999403953552,
          1.4114009960763951e-09,
          -9.5367431640625e-07
        ],
        [
          3.8172365268707154e-10,
          9.755374286157803e-10,
          1.0,
          2.200000047683716
        ],
        [
          0.0,
          0.0,
          0.0,
          1.0
        ]
      ],
      "data_path": "D:\\Agent-AI\\outputs\\samples\\sample_000025\\lidar\\LIDAR_TOP.npy",
      "raw_layout": [
        "x",
        "y",
        "z",
        "intensity"
      ]
    },
    "RADAR_FRONT": {
      "type_id": "sensor.other.radar",
      "blueprint_attributes": {
        "sensor_tick": "0.050000",
        "role_name": "default",
        "noise_seed": "0",
        "ros_name": "sensor.other.radar",
        "horizontal_fov": "35.0",
        "points_per_second": "1500",
        "vertical_fov": "20.0",
        "range": "120.0"
      },
      "transform_carla": {
        "location": {
          "x": -52.742801666259766,
          "y": 20.53284454345703,
          "z": 0.8948898315429688
        },
        "rotation": {
          "roll": 1.371131420135498,
          "pitch": -0.016877396032214165,
          "yaw": -29.158170700073242
        }
      },
      "matrix_world_from_sensor_carla": [
        [
          0.8732779622077942,
          0.4870765507221222,
          0.01191564928740263,
          -52.742801666259766
        ],
        [
          -0.48722219467163086,
          0.8730314373970032,
          0.020752733573317528,
          20.53284454345703
        ],
        [
          -0.00029456612537615,
          -0.02392847277224064,
          0.9997135996818542,
          0.8948898315429688
        ],
        [
          0.0,
          0.0,
          0.0,
          1.0
        ]
      ],
      "matrix_world_from_sensor_bevfusion": [
        [
          0.8732779622077942,
          -0.4870765507221222,
          0.01191564928740263,
          -52.742801666259766
        ],
        [
          0.48722219467163086,
          0.8730314373970032,
          -0.020752733573317528,
          -20.53284454345703
        ],
        [
          -0.00029456612537615,
          0.02392847277224064,
          0.9997135996818542,
          0.8948898315429688
        ],
        [
          0.0,
          0.0,
          0.0,
          1.0
        ]
      ],
      "matrix_ego_from_sensor_carla": [
        [
          0.9999999403953552,
          1.4430449724045502e-08,
          -8.047441185654591e-12,
          2.0
        ],
        [
          1.3658850051001536e-08,
          0.9999999403953552,
          -1.4114009960763951e-09,
          0.0
        ],
        [
          3.8172365268707154e-10,
          -9.755374286157803e-10,
          1.0,
          0.9000000953674316
        ],
        [
          0.0,
          0.0,
          0.0,
          1.0
        ]
      ],
      "matrix_ego_from_sensor_bevfusion": [
        [
          0.9999999403953552,
          -1.4430449724045502e-08,
          -8.047441185654591e-12,
          2.0
        ],
        [
          -1.3658850051001536e-08,
          0.9999999403953552,
          1.4114009960763951e-09,
          0.0
        ],
        [
          3.8172365268707154e-10,
          9.755374286157803e-10,
          1.0,
          0.9000000953674316
        ],
        [
          0.0,
          0.0,
          0.0,
          1.0
        ]
      ],
      "data_path": "D:\\Agent-AI\\outputs\\samples\\sample_000025\\radar\\RADAR_FRONT.npy",
      "raw_layout": [
        "velocity",
        "altitude",
        "azimuth",
        "depth"
      ]
    },
    "RADAR_FRONT_LEFT": {
      "type_id": "sensor.other.radar",
      "blueprint_attributes": {
        "sensor_tick": "0.050000",
        "role_name": "default",
        "noise_seed": "0",
        "ros_name": "sensor.other.radar",
        "horizontal_fov": "35.0",
        "points_per_second": "1500",
        "vertical_fov": "20.0",
        "range": "120.0"
      },
      "transform_carla": {
        "location": {
          "x": -53.41375732421875,
          "y": 20.04859733581543,
          "z": 0.9129391312599182
        },
        "rotation": {
          "roll": 0.981562077999115,
          "pitch": 0.9575583338737488,
          "yaw": -74.14974212646484
        }
      },
      "matrix_world_from_sensor_carla": [
        [
          0.2730860114097595,
          0.9619158506393433,
          0.011915606446564198,
          -53.41375732421875
        ],
        [
          -0.9618444442749023,
          0.27280867099761963,
          0.0207528006285429,
          20.04859733581543
        ],
        [
          0.0167117677628994,
          -0.01712826080620289,
          0.9997135996818542,
          0.9129391312599182
        ],
        [
          0.0,
          0.0,
          0.0,
          1.0
        ]
      ],
      "matrix_world_from_sensor_bevfusion": [
        [
          0.2730860114097595,
          -0.9619158506393433,
          0.011915606446564198,
          -53.41375732421875
        ],
        [
          0.9618444442749023,
          0.27280867099761963,
          -0.0207528006285429,
          -20.04859733581543
        ],
        [
          0.0167117677628994,
          0.01712826080620289,
          0.9997135996818542,
          0.9129391312599182
        ],
        [
          0.0,
          0.0,
          0.0,
          1.0
        ]
      ],
      "matrix_ego_from_sensor_carla": [
        [
          0.7071070075035095,
          0.7071066498756409,
          -6.994455503672725e-08,
          1.6500015258789062
        ],
        [
          -0.7071064710617065,
          0.7071070075035095,
          3.770414735981831e-08,
          -0.7500014305114746
        ],
        [
          7.996962381184858e-08,
          2.0662838551288587e-08,
          1.0,
          0.8999999165534973
        ],
        [
          0.0,
          0.0,
          0.0,
          1.0
        ]
      ],
      "matrix_ego_from_sensor_bevfusion": [
        [
          0.7071070075035095,
          -0.7071066498756409,
          -6.994455503672725e-08,
          1.6500015258789062
        ],
        [
          0.7071064710617065,
          0.7071070075035095,
          -3.770414735981831e-08,
          0.7500014305114746
        ],
        [
          7.996962381184858e-08,
          -2.0662838551288587e-08,
          1.0,
          0.8999999165534973
        ],
        [
          0.0,
          0.0,
          0.0,
          1.0
        ]
      ],
      "data_path": "D:\\Agent-AI\\outputs\\samples\\sample_000025\\radar\\RADAR_FRONT_LEFT.npy",
      "raw_layout": [
        "velocity",
        "altitude",
        "azimuth",
        "depth"
      ]
    },
    "RADAR_FRONT_RIGHT": {
      "type_id": "sensor.other.radar",
      "blueprint_attributes": {
        "sensor_tick": "0.050000",
        "role_name": "default",
        "noise_seed": "0",
