{
  "schema_version": "stage1.v1",
  "sample_name": "sample_000001",
  "sequence_index": 1,
  "previous_sample_name": "sample_000000",
  "frame_id": 726274,
  "timestamp": 4997.294624719769,
  "platform_timestamp": 16813365.379616,
  "delta_seconds": 0.10000000149011612,
  "town": "Carla/Maps/Town10HD_Opt",
  "weather": {
    "cloudiness": 20.0,
    "dust_storm": 0.0,
    "fog_density": 2.0,
    "fog_distance": 0.75,
    "fog_falloff": 0.10000000149011612,
    "mie_scattering_scale": 0.029999999329447746,
    "precipitation": 0.0,
    "precipitation_deposits": 0.0,
    "rayleigh_scattering_scale": 0.03310000151395798,
    "scattering_intensity": 1.0,
    "sun_altitude_angle": 45.0,
    "sun_azimuth_angle": 300.0,
    "wetness": 0.0,
    "wind_intensity": 10.0
  },
  "sensor_names": [
    "CAM_FRONT",
    "CAM_FRONT_RIGHT",
    "CAM_FRONT_LEFT",
    "CAM_BACK",
    "CAM_BACK_LEFT",
    "CAM_BACK_RIGHT",
    "LIDAR_TOP",
    "RADAR_FRONT",
    "RADAR_FRONT_LEFT",
    "RADAR_FRONT_RIGHT",
    "RADAR_BACK_LEFT",
    "RADAR_BACK_RIGHT"
  ],
  "camera_order_for_model": [
    "CAM_FRONT",
    "CAM_FRONT_RIGHT",
    "CAM_FRONT_LEFT",
    "CAM_BACK",
    "CAM_BACK_LEFT",
    "CAM_BACK_RIGHT"
  ],
  "radar_order_for_model": [
    "RADAR_FRONT",
    "RADAR_FRONT_LEFT",
    "RADAR_FRONT_RIGHT",
    "RADAR_BACK_LEFT",
    "RADAR_BACK_RIGHT"
  ],
  "coordinate_notes": {
    "carla_world": "left-handed x-forward y-right z-up",
    "bevfusion_lidar": "x-forward y-left z-up",
    "camera_frame_for_model": "OpenCV style x-right y-down z-forward"
  },
  "ego": {
    "actor_id": 49,
    "transform_carla": {
      "location": {
        "x": 106.40874481201172,
        "y": -21.151235580444336,
        "z": -0.006569290068000555
      },
      "rotation": {
        "roll": 0.03485661745071411,
        "pitch": 0.5580469369888306,
        "yaw": -90.80057525634766
      }
    },
    "velocity_carla": [
      -0.10296875983476639,
      -4.1382575035095215,
      -4.250526399118826e-05
    ],
    "angular_velocity_carla": [
      -0.35709136724472046,
      0.051342546939849854,
      -1.7779847383499146
    ],
    "matrix_world_from_ego_carla": [
      [
        -0.01397156622260809,
        0.9999021291732788,
        0.0007443872164003551,
        106.40874481201172
      ],
      [
        -0.9998549222946167,
        -0.013978151604533195,
        0.009730149991810322,
        -21.151235580444336
      ],
      [
        0.009739602915942669,
        -0.0006083337939344347,
        0.9999523758888245,
        -0.006569290068000555
      ],
      [
        0.0,
        0.0,
        0.0,
        1.0
      ]
    ],
    "matrix_world_from_ego_bevfusion": [
      [
        -0.01397156622260809,
        -0.9999021291732788,
        0.0007443872164003551,
        106.40874481201172
      ],
      [
        0.9998549222946167,
        -0.013978151604533195,
        -0.009730149991810322,
        21.151235580444336
      ],
      [
        0.009739602915942669,
        0.0006083337939344347,
        0.9999523758888245,
        -0.006569290068000555
      ],
      [
        0.0,
        0.0,
        0.0,
        1.0
      ]
    ]
  },
  "sensors": {
    "CAM_FRONT": {
      "type_id": "sensor.camera.rgb",
      "blueprint_attributes": {
        "role_name": "front",
        "ros_name": "sensor.camera.rgb",
        "chromatic_aberration_offset": "0.0",
        "sensor_tick": "0.100000",
        "fstop": "1.4",
        "image_size_x": "960",
        "image_size_y": "540",
        "fov": "70.00",
        "lens_circle_falloff": "5.0",
        "lens_circle_multiplier": "0.0",
        "exposure_compensation": "0.0",
        "lens_y_size": "0.08",
        "lens_k": "-1.0",
        "exposure_mode": "histogram",
        "lens_kcube": "0.0",
        "lens_x_size": "0.08",
        "exposure_max_bright": "12.0",
        "shutter_speed": "200.0",
        "bloom_intensity": "0.675",
        "iso": "100.0",
        "enable_postprocess_effects": "false",
        "gamma": "2.2",
        "motion_blur_intensity": "0.0",
        "motion_blur_max_distortion": "0.35",
        "lens_flare_intensity": "0.1",
        "motion_blur_min_object_screen_size": "0.1",
        "exposure_min_bright": "10.0",
        "exposure_speed_up": "3.0",
        "exposure_speed_down": "1.0",
        "tint": "0.0",
        "calibration_constant": "16.0",
        "focal_distance": "1000.0",
        "min_fstop": "1.2",
        "blade_count": "5",
        "blur_amount": "0.0",
        "blur_radius": "0.0",
        "slope": "0.88",
        "toe": "0.55",
        "white_clip": "0.04",
        "shoulder": "0.26",
        "black_clip": "0.0",
        "temp": "6500.0",
        "chromatic_aberration_intensity": "0.0"
      },
      "transform_carla": {
        "location": {
          "x": 106.38835906982422,
          "y": -22.68446922302246,
          "z": 1.7084460258483887
        },
        "rotation": {
          "roll": 0.03485661745071411,
          "pitch": 0.5580469369888306,
          "yaw": -90.80057525634766
        }
      },
      "matrix_world_from_sensor_carla": [
        [
          -0.01397156622260809,
          0.9999021291732788,
          0.0007443872164003551,
          106.38835906982422
        ],
        [
          -0.9998549222946167,
          -0.013978151604533195,
          0.009730149991810322,
          -22.68446922302246
        ],
        [
          0.009739602915942669,
          -0.0006083337939344347,
          0.9999523758888245,
          1.7084460258483887
        ],
        [
          0.0,
          0.0,
          0.0,
          1.0
        ]
      ],
      "matrix_world_from_sensor_bevfusion": [
        [
          0.9999021291732788,
          -0.0007443872164003551,
          -0.01397156622260809,
          106.38835906982422
        ],
        [
          0.013978151604533195,
          0.009730149991810322,
          0.9998549222946167,
          22.68446922302246
        ],
        [
          -0.0006083337939344347,
          -0.9999523758888245,
          0.009739602915942669,
          1.7084460258483887
        ],
        [
          0.0,
          0.0,
          0.0,
          1.0
        ]
      ],
      "matrix_ego_from_sensor_carla": [
        [
          0.9999999403953552,
          -3.824257577278445e-10,
          -4.128991593077558e-11,
          1.5499992370605469
        ],
        [
          -2.8420032993636823e-10,
          1.0,
          -1.6058900736970472e-11,
          7.62939453125e-06
        ],
        [
          -4.128991593077558e-11,
          -1.6058900736970472e-11,
          1.0,
          1.6999999284744263
        ],
        [
          0.0,
          0.0,
          0.0,
          1.0
        ]
      ],
      "matrix_ego_from_sensor_bevfusion": [
        [
          -3.824257577278445e-10,
          4.128991593077558e-11,
          0.9999999403953552,
          1.5499992370605469
        ],
        [
          -1.0,
          -1.6058900736970472e-11,
          2.8420032993636823e-10,
          -7.62939453125e-06
        ],
        [
          -1.6058900736970472e-11,
          -1.0,
          -4.128991593077558e-11,
          1.6999999284744263
        ],
        [
          0.0,
          0.0,
          0.0,
          1.0
        ]
      ],
      "camera_intrinsics": [
        [
          685.5110473632812,
          0.0,
          480.0
        ],
        [
          0.0,
          685.5110473632812,
          270.0
        ],
        [
          0.0,
          0.0,
          1.0
        ]
      ],
      "data_path": "D:\\Agent-AI\\outputs\\s3a_ml_long_v1\\sample_000001\\images\\CAM_FRONT.png",
      "raw_layout": "bgra8"
    },
    "CAM_FRONT_RIGHT": {
      "type_id": "sensor.camera.rgb",
      "blueprint_attributes": {
        "role_name": "front",
        "ros_name": "sensor.camera.rgb",
        "chromatic_aberration_offset": "0.0",
        "sensor_tick": "0.100000",
        "fstop": "1.4",
        "image_size_x": "960",
        "image_size_y": "540",
        "fov": "70.00",
        "lens_circle_falloff": "5.0",
        "lens_circle_multiplier": "0.0",
        "exposure_compensation": "0.0",
        "lens_y_size": "0.08",
        "lens_k": "-1.0",
        "exposure_mode": "histogram",
        "lens_kcube": "0.0",
        "lens_x_size": "0.08",
        "exposure_max_bright": "12.0",
        "shutter_speed": "200.0",
        "bloom_intensity": "0.675",
        "iso": "100.0",
        "enable_postprocess_effects": "false",
        "gamma": "2.2",
        "motion_blur_intensity": "0.0",
        "motion_blur_max_distortion": "0.35",
        "lens_flare_intensity": "0.1",
        "motion_blur_min_object_screen_size": "0.1",
        "exposure_min_bright": "10.0",
        "exposure_speed_up": "3.0",
        "exposure_speed_down": "1.0",
        "tint": "0.0",
        "calibration_constant": "16.0",
        "focal_distance": "1000.0",
        "min_fstop": "1.2",
        "blade_count": "5",
        "blur_amount": "0.0",
        "blur_radius": "0.0",
        "slope": "0.88",
        "toe": "0.55",
        "white_clip": "0.04",
        "shoulder": "0.26",
        "black_clip": "0.0",
        "temp": "6500.0",
        "chromatic_aberration_intensity": "0.0"
      },
      "transform_carla": {
        "location": {
          "x": 106.9417953491211,
          "y": -22.44219207763672,
          "z": 1.705676555633545
        },
        "rotation": {
          "roll": 0.47712162137031555,
          "pitch": 0.29151928424835205,
          "yaw": -35.7995491027832
        }
      },
      "matrix_world_from_sensor_carla": [
        [
          0.8110579252243042,
          0.5849654078483582,
          0.0007445020601153374,
          106.9417953491211
        ],
        [
          -0.5849437117576599,
          0.8110154867172241,
          0.009730067104101181,
          -22.44219207763672
        ],
        [
          0.005087949335575104,
          -0.008327139541506767,
          0.9999523758888245,
          1.705676555633545
        ],
        [
          0.0,
          0.0,
          0.0,
          1.0
        ]
      ],
      "matrix_world_from_sensor_bevfusion": [
        [
          0.5849654078483582,
          -0.0007445020601153374,
          0.8110579252243042,
          106.9417953491211
        ],
        [
          -0.8110154867172241,
          0.009730067104101181,
          0.5849437117576599,
          22.44219207763672
        ],
        [
          -0.008327139541506767,
          -0.9999523758888245,
          0.005087949335575104,
          1.705676555633545
        ],
        [
          0.0,
          0.0,
          0.0,
          1.0
        ]
      ],
      "matrix_ego_from_sensor_carla": [
        [
          0.5735766887664795,
          -0.8191518783569336,
          8.098377435317161e-08,
          1.2999992370605469
        ],
        [
          0.8191518783569336,
          0.5735766887664795,
          1.1599180993471236e-07,
          0.5500030517578125
        ],
        [
          -1.421918938149247e-07,
          7.605250873510272e-10,
          1.0,
          1.6999999284744263
        ],
        [
          0.0,
          0.0,
          0.0,
          1.0
        ]
      ],
      "matrix_ego_from_sensor_bevfusion": [
        [
          -0.8191518783569336,
          -8.098377435317161e-08,
          0.5735766887664795,
          1.2999992370605469
        ],
        [
          -0.5735766887664795,
          1.1599180993471236e-07,
          -0.8191518783569336,
          -0.5500030517578125
        ],
        [
          7.605250873510272e-10,
          -1.0,
          -1.421918938149247e-07,
          1.6999999284744263
        ],
        [
          0.0,
          0.0,
          0.0,
          1.0
        ]
      ],
      "camera_intrinsics": [
        [
          685.5110473632812,
          0.0,
          480.0
        ],
        [
          0.0,
          685.5110473632812,
          270.0
        ],
        [
          0.0,
          0.0,
          1.0
        ]
      ],
      "data_path": "D:\\Agent-AI\\outputs\\s3a_ml_long_v1\\sample_000001\\images\\CAM_FRONT_RIGHT.png",
      "raw_layout": "bgra8"
    },
    "CAM_FRONT_LEFT": {
      "type_id": "sensor.camera.rgb",
      "blueprint_attributes": {
        "role_name": "front",
        "ros_name": "sensor.camera.rgb",
        "chromatic_aberration_offset": "0.0",
        "sensor_tick": "0.100000",
        "fstop": "1.4",
        "image_size_x": "960",
        "image_size_y": "540",
        "fov": "70.00",
        "lens_circle_falloff": "5.0",
        "lens_circle_multiplier": "0.0",
        "exposure_compensation": "0.0",
        "lens_y_size": "0.08",
        "lens_k": "-1.0",
        "exposure_mode": "histogram",
        "lens_kcube": "0.0",
        "lens_x_size": "0.08",
        "exposure_max_bright": "12.0",
        "shutter_speed": "200.0",
        "bloom_intensity": "0.675",
        "iso": "100.0",
        "enable_postprocess_effects": "false",
        "gamma": "2.2",
        "motion_blur_intensity": "0.0",
        "motion_blur_max_distortion": "0.35",
        "lens_flare_intensity": "0.1",
        "motion_blur_min_object_screen_size": "0.1",
        "exposure_min_bright": "10.0",
        "exposure_speed_up": "3.0",
        "exposure_speed_down": "1.0",
        "tint": "0.0",
        "calibration_constant": "16.0",
        "focal_distance": "1000.0",
        "min_fstop": "1.2",
        "blade_count": "5",
        "blur_amount": "0.0",
        "blur_radius": "0.0",
        "slope": "0.88",
        "toe": "0.55",
        "white_clip": "0.04",
        "shoulder": "0.26",
        "black_clip": "0.0",
        "temp": "6500.0",
        "chromatic_aberration_intensity": "0.0"
      },
      "transform_carla": {
        "location": {
          "x": 105.84190368652344,
          "y": -22.426815032958984,
          "z": 1.706345796585083
        },
        "rotation": {
          "roll": -0.4371384382247925,
          "pitch": 0.3486264944076538,
          "yaw": -145.8020782470703
        }
      },
      "matrix_world_from_sensor_carla": [
        [
          -0.8270856738090515,
          0.5620753765106201,
          0.0007443209178745747,
          105.84190368652344
        ],
        [
          -0.5620428919792175,
          -0.8270508050918579,
          0.009730104357004166,
          -22.426815032958984
        ],
        [
          0.006084642373025417,
          0.0076292892917990685,
          0.9999523758888245,
          1.706345796585083
        ],
        [
          0.0,
          0.0,
          0.0,
          1.0
        ]
      ],
      "matrix_world_from_sensor_bevfusion": [
        [
          0.5620753765106201,
          -0.0007443209178745747,
          -0.8270856738090515,
          105.84190368652344
        ],
        [
          0.8270508050918579,
          0.009730104357004166,
          0.5620428919792175,
          22.426815032958984
        ],
        [
          0.0076292892917990685,
          -0.9999523758888245,
          0.006084642373025417,
          1.706345796585083
        ],
        [
          0.0,
          0.0,
          0.0,
          1.0
        ]
      ],
      "matrix_ego_from_sensor_carla": [
        [
          0.5735763311386108,
          0.8191521167755127,
          4.6524839092398906e-08,
          1.299997329711914
        ],
        [
          -0.8191521167755127,
          0.5735763311386108,
          -6.567429977621941e-08,
          -0.5499954223632812
        ],
        [
          -8.16250889101866e-08,
          -1.51930112934906e-09,
          1.0,
          1.7000000476837158
        ],
        [
          0.0,
          0.0,
          0.0,
          1.0
        ]
      ],
      "matrix_ego_from_sensor_bevfusion": [
        [
          0.8191521167755127,
          -4.6524839092398906e-08,
          0.5735763311386108,
          1.299997329711914
        ],
        [
          -0.5735763311386108,
          -6.567429977621941e-08,
          0.8191521167755127,
          0.5499954223632812
        ],
        [
          -1.51930112934906e-09,
          -1.0,
          -8.16250889101866e-08,
          1.7000000476837158
        ],
        [
          0.0,
          0.0,
          0.0,
          1.0
        ]
      ],
      "camera_intrinsics": [
        [
          685.5110473632812,
          0.0,
          480.0
        ],
        [
          0.0,
          685.5110473632812,
          270.0
        ],
        [
          0.0,
          0.0,
          1.0
        ]
      ],
      "data_path": "D:\\Agent-AI\\outputs\\s3a_ml_long_v1\\sample_000001\\images\\CAM_FRONT_LEFT.png",
      "raw_layout": "bgra8"
    },
    "CAM_BACK": {
      "type_id": "sensor.camera.rgb",
      "blueprint_attributes": {
        "role_name": "front",
        "ros_name": "sensor.camera.rgb",
        "chromatic_aberration_offset": "0.0",
        "sensor_tick": "0.100000",
        "fstop": "1.4",
        "image_size_x": "960",
        "image_size_y": "540",
        "fov": "70.00",
        "lens_circle_falloff": "5.0",
        "lens_circle_multiplier": "0.0",
        "exposure_compensation": "0.0",
        "lens_y_size": "0.08",
        "lens_k": "-1.0",
        "exposure_mode": "histogram",
        "lens_kcube": "0.0",
        "lens_x_size": "0.08",
        "exposure_max_bright": "12.0",
        "shutter_speed": "200.0",
        "bloom_intensity": "0.675",
        "iso": "100.0",
        "enable_postprocess_effects": "false",
        "gamma": "2.2",
        "motion_blur_intensity": "0.0",
        "motion_blur_max_distortion": "0.35",
        "lens_flare_intensity": "0.1",
        "motion_blur_min_object_screen_size": "0.1",
        "exposure_min_bright": "10.0",
        "exposure_speed_up": "3.0",
        "exposure_speed_down": "1.0",
        "tint": "0.0",
        "calibration_constant": "16.0",
        "focal_distance": "1000.0",
        "min_fstop": "1.2",
        "blade_count": "5",
        "blur_amount": "0.0",
        "blur_radius": "0.0",
        "slope": "0.88",
        "toe": "0.55",
        "white_clip": "0.04",
        "shoulder": "0.26",
        "black_clip": "0.0",
        "temp": "6500.0",
        "chromatic_aberration_intensity": "0.0"
      },
      "transform_carla": {
        "location": {
          "x": 106.43167114257812,
          "y": -19.584918975830078,
          "z": 1.678253412246704
        },
        "rotation": {
          "roll": -0.034856777638196945,
          "pitch": -0.5580469369888306,
          "yaw": 89.19940948486328
        }
      },
      "matrix_world_from_sensor_carla": [
        [
          0.013971836306154728,
          -0.9999021291732788,
          0.00074439262971282,
          106.43167114257812
        ],
        [
          0.9998549222946167,
          0.013978421688079834,
          0.009730149991810322,
          -19.584918975830078
        ],
        [
          -0.009739602915942669,
          0.0006083365879021585,
          0.9999523758888245,
          1.678253412246704
        ],
        [
          0.0,
          0.0,
          0.0,
          1.0
        ]
      ],
      "matrix_world_from_sensor_bevfusion": [
        [
          -0.9999021291732788,
          -0.00074439262971282,
          0.013971836306154728,
          106.43167114257812
        ],
        [
          -0.013978421688079834,
          0.009730149991810322,
          -0.9998549222946167,
          19.584918975830078
        ],
        [
          0.0006083365879021585,
          -0.9999523758888245,
          -0.009739602915942669,
          1.678253412246704
        ],
        [
          0.0,
          0.0,
          0.0,
          1.0
        ]
      ],
      "matrix_ego_from_sensor_carla": [
        [
          -0.9999999403953552,
          -2.696347962682921e-07,
          -4.128991593077558e-11,
          -1.5499992370605469
        ],
        [
          2.703677353110834e-07,
          -1.0,
          5.397253755035081e-09,
          7.62939453125e-06
        ],
        [
          9.726124350351029e-10,
          5.429238392196112e-09,
          1.0,
          1.7000000476837158
        ],
        [
          0.0,
          0.0,
          0.0,
          1.0
        ]
      ],
      "matrix_ego_from_sensor_bevfusion": [
        [
          -2.696347962682921e-07,
          4.128991593077558e-11,
          -0.9999999403953552,
          -1.5499992370605469
        ],
        [
          1.0,
          5.397253755035081e-09,
          -2.703677353110834e-07,
          -7.62939453125e-06
        ],
        [
          5.429238392196112e-09,
          -1.0,
          9.726124350351029e-10,
          1.7000000476837158
        ],
        [
          0.0,
          0.0,
          0.0,
          1.0
        ]
      ],
      "camera_intrinsics": [
        [
          685.5110473632812,
          0.0,
          480.0
        ],
        [
          0.0,
          685.5110473632812,
          270.0
        ],
        [
          0.0,
          0.0,
          1.0
        ]
      ],
      "data_path": "D:\\Agent-AI\\outputs\\s3a_ml_long_v1\\sample_000001\\images\\CAM_BACK.png",
      "raw_layout": "bgra8"
    },
    "CAM_BACK_LEFT": {
      "type_id": "sensor.camera.rgb",
      "blueprint_attributes": {
        "role_name": "front",
        "ros_name": "sensor.camera.rgb",
        "chromatic_aberration_offset": "0.0",
        "sensor_tick": "0.100000",
        "fstop": "1.4",
        "image_size_x": "960",
        "image_size_y": "540",
        "fov": "70.00",
        "lens_circle_falloff": "5.0",
        "lens_circle_multiplier": "0.0",
        "exposure_compensation": "0.0",
        "lens_y_size": "0.08",
        "lens_k": "-1.0",
        "exposure_mode": "histogram",
        "lens_kcube": "0.0",
        "lens_x_size": "0.08",
        "exposure_max_bright": "12.0",
        "shutter_speed": "200.0",
        "bloom_intensity": "0.675",
        "iso": "100.0",
        "enable_postprocess_effects": "false",
        "gamma": "2.2",
        "motion_blur_intensity": "0.0",
        "motion_blur_max_distortion": "0.35",
        "lens_flare_intensity": "0.1",
        "motion_blur_min_object_screen_size": "0.1",
        "exposure_min_bright": "10.0",
        "exposure_speed_up": "3.0",
        "exposure_speed_down": "1.0",
        "tint": "0.0",
        "calibration_constant": "16.0",
        "focal_distance": "1000.0",
        "min_fstop": "1.2",
        "blade_count": "5",
        "blur_amount": "0.0",
        "blur_radius": "0.0",
        "slope": "0.88",
        "toe": "0.55",
        "white_clip": "0.04",
        "shoulder": "0.26",
        "black_clip": "0.0",
        "temp": "6500.0",
        "chromatic_aberration_intensity": "0.0"
      },
      "transform_carla": {
        "location": {
          "x": 105.87822723388672,
          "y": -19.827194213867188,
          "z": 1.6810228824615479
        },
        "rotation": {
          "roll": -0.4771217107772827,
          "pitch": -0.29151928424835205,
          "yaw": 144.20045471191406
        }
      },
      "matrix_world_from_sensor_carla": [
        [
          -0.811057984828949,
          -0.5849653482437134,
          0.0007445015944540501,
          105.87822723388672
        ],
        [
          0.5849436521530151,
          -0.8110155463218689,
          0.009730067104101181,
          -19.827194213867188
        ],
        [
          -0.005087949335575104,
          0.008327140472829342,
          0.9999523758888245,
          1.6810228824615479
        ],
        [
          0.0,
          0.0,
          0.0,
          1.0
        ]
      ],
      "matrix_world_from_sensor_bevfusion": [
        [
          -0.5849653482437134,
          -0.0007445015944540501,
          -0.811057984828949,
          105.87822723388672
        ],
        [
          0.8110155463218689,
          0.009730067104101181,
          -0.5849436521530151,
          19.827194213867188
        ],
        [
          0.008327140472829342,
          -0.9999523758888245,
          -0.005087949335575104,
          1.6810228824615479
        ],
        [
          0.0,
          0.0,
          0.0,
          1.0
        ]
      ],
      "matrix_ego_from_sensor_carla": [
        [
          -0.5735766291618347,
          0.8191519379615784,
          8.098377435317161e-08,
          -1.3000011444091797
        ],
        [
          -0.8191519379615784,
          -0.5735766291618347,
          1.1552614864740463e-07,
          -0.5499954223632812
        ],
        [
          1.4172623252761696e-07,
          -7.60569440760861e-10,
          1.0,
          1.7000000476837158
        ],
        [
          0.0,
          0.0,
          0.0,
          1.0
        ]
      ],
      "matrix_ego_from_sensor_bevfusion": [
        [
          0.8191519379615784,
          -8.098377435317161e-08,
          -0.5735766291618347,
          -1.3000011444091797
        ],
        [
          0.5735766291618347,
          1.1552614864740463e-07,
          0.8191519379615784,
          0.5499954223632812
        ],
        [
          -7.60569440760861e-10,
          -1.0,
          1.4172623252761696e-07,
          1.7000000476837158
        ],
        [
          0.0,
          0.0,
          0.0,
          1.0
        ]
      ],
      "camera_intrinsics": [
        [
          685.5110473632812,
          0.0,
          480.0
        ],
        [
          0.0,
          685.5110473632812,
          270.0
        ],
        [
          0.0,
          0.0,
          1.0
        ]
      ],
      "data_path": "D:\\Agent-AI\\outputs\\s3a_ml_long_v1\\sample_000001\\images\\CAM_BACK_LEFT.png",
      "raw_layout": "bgra8"
    },
    "CAM_BACK_RIGHT": {
      "type_id": "sensor.camera.rgb",
      "blueprint_attributes": {
        "role_name": "front",
        "ros_name": "sensor.camera.rgb",
        "chromatic_aberration_offset": "0.0",
        "sensor_tick": "0.100000",
        "fstop": "1.4",
        "image_size_x": "960",
        "image_size_y": "540",
        "fov": "70.00",
        "lens_circle_falloff": "5.0",
        "lens_circle_multiplier": "0.0",
        "exposure_compensation": "0.0",
        "lens_y_size": "0.08",
        "lens_k": "-1.0",
        "exposure_mode": "histogram",
        "lens_kcube": "0.0",
        "lens_x_size": "0.08",
        "exposure_max_bright": "12.0",
        "shutter_speed": "200.0",
        "bloom_intensity": "0.675",
        "iso": "100.0",
        "enable_postprocess_effects": "false",
        "gamma": "2.2",
        "motion_blur_intensity": "0.0",
        "motion_blur_max_distortion": "0.35",
        "lens_flare_intensity": "0.1",
        "motion_blur_min_object_screen_size": "0.1",
        "exposure_min_bright": "10.0",
        "exposure_speed_up": "3.0",
        "exposure_speed_down": "1.0",
        "tint": "0.0",
        "calibration_constant": "16.0",
        "focal_distance": "1000.0",
        "min_fstop": "1.2",
        "blade_count": "5",
        "blur_amount": "0.0",
        "blur_radius": "0.0",
        "slope": "0.88",
        "toe": "0.55",
        "white_clip": "0.04",
        "shoulder": "0.26",
        "black_clip": "0.0",
        "temp": "6500.0",
        "chromatic_aberration_intensity": "0.0"
      },
      "transform_carla": {
        "location": {
          "x": 106.97811889648438,
          "y": -19.842571258544922,
          "z": 1.6803536415100098
        },
        "rotation": {
          "roll": 0.4371384084224701,
          "pitch": -0.3486264944076538,
          "yaw": 34.197906494140625
        }
      },
      "matrix_world_from_sensor_carla": [
        [
          0.8270857930183411,
          -0.5620751976966858,
          0.0007443227805197239,
          106.97811889648438
        ],
        [
          0.5620427131652832,
          0.8270509243011475,
          0.009730103425681591,
          -19.842571258544922
        ],
        [
          -0.006084642373025417,
          -0.007629288826137781,
          0.9999523758888245,
          1.6803536415100098
        ],
        [
          0.0,
          0.0,
          0.0,
          1.0
        ]
      ],
      "matrix_world_from_sensor_bevfusion": [
        [
          -0.5620751976966858,
          -0.0007443227805197239,
          0.8270857930183411,
          106.97811889648438
        ],
        [
          -0.8270509243011475,
          0.009730103425681591,
          -0.5620427131652832,
          19.842571258544922
        ],
        [
          -0.007629288826137781,
          -0.9999523758888245,
          -0.006084642373025417,
          1.6803536415100098
        ],
        [
          0.0,
          0.0,
          0.0,
          1.0
        ]
      ],
      "matrix_ego_from_sensor_carla": [
        [
          -0.5735761523246765,
          -0.8191522359848022,
          4.7456161667014385e-08,
          -1.3000011444091797
        ],
        [
          0.8191522359848022,
          -0.5735761523246765,
          -6.375344696607499e-08,
          0.5500030517578125
        ],
        [
          7.976244376095565e-08,
          3.3819240741195244e-09,
          1.0,
          1.6999999284744263
        ],
        [
          0.0,
          0.0,
          0.0,
          1.0
        ]
      ],
      "matrix_ego_from_sensor_bevfusion": [
        [
          -0.8191522359848022,
          -4.7456161667014385e-08,
          -0.5735761523246765,
          -1.3000011444091797
        ],
        [
          0.5735761523246765,
          -6.375344696607499e-08,
          -0.8191522359848022,
          -0.5500030517578125
        ],
        [
          3.3819240741195244e-09,
          -1.0,
          7.976244376095565e-08,
          1.6999999284744263
        ],
        [
          0.0,
          0.0,
          0.0,
          1.0
        ]
      ],
      "camera_intrinsics": [
        [
          685.5110473632812,
          0.0,
          480.0
        ],
        [
          0.0,
          685.5110473632812,
          270.0
        ],
        [
          0.0,
          0.0,
          1.0
        ]
      ],
      "data_path": "D:\\Agent-AI\\outputs\\s3a_ml_long_v1\\sample_000001\\images\\CAM_BACK_RIGHT.png",
      "raw_layout": "bgra8"
    },
    "LIDAR_TOP": {
      "type_id": "sensor.lidar.ray_cast",
      "blueprint_attributes": {
        "atmosphere_attenuation_rate": "0.004",
        "role_name": "front",
        "noise_seed": "0",
        "upper_fov": "10.0",
        "ros_name": "sensor.lidar.ray_cast",
        "sensor_tick": "0.100000",
        "channels": "32",
        "range": "120.0",
        "points_per_second": "360000",
        "lower_fov": "-30.0",
        "rotation_frequency": "10.000000",
        "horizontal_fov": "360.0",
        "dropoff_general_rate": "0.0",
        "dropoff_intensity_limit": "1.0",
        "noise_stddev": "0.0",
        "dropoff_zero_intensity": "0.0"
      },
      "transform_carla": {
        "location": {
          "x": 106.41038513183594,
          "y": -21.12982940673828,
          "z": 2.1933257579803467
        },
        "rotation": {
          "roll": 0.03485661745071411,
          "pitch": 0.5580469369888306,
          "yaw": -90.80057525634766
        }
      },
      "matrix_world_from_sensor_carla": [
        [
          -0.01397156622260809,
          0.9999021291732788,
          0.0007443872164003551,
          106.41038513183594
        ],
        [
          -0.9998549222946167,
          -0.013978151604533195,
          0.009730149991810322,
          -21.12982940673828
        ],
        [
          0.009739602915942669,
          -0.0006083337939344347,
          0.9999523758888245,
          2.1933257579803467
        ],
        [
          0.0,
          0.0,
          0.0,
          1.0
        ]
      ],
      "matrix_world_from_sensor_bevfusion": [
        [
          -0.01397156622260809,
          -0.9999021291732788,
          0.0007443872164003551,
          106.41038513183594
        ],
        [
          0.9998549222946167,
          -0.013978151604533195,
          -0.009730149991810322,
          21.12982940673828
        ],
        [
          0.009739602915942669,
          0.0006083337939344347,
          0.9999523758888245,
          2.1933257579803467
        ],
        [
          0.0,
          0.0,
          0.0,
          1.0
        ]
      ],
      "matrix_ego_from_sensor_carla": [
        [
          0.9999999403953552,
          -3.824257577278445e-10,
          -4.128991593077558e-11,
          0.0
        ],
        [
          -2.8420032993636823e-10,
          1.0,
          -1.6058900736970472e-11,
          7.62939453125e-06
        ],
        [
          -4.128991593077558e-11,
          -1.6058900736970472e-11,
          1.0,
          2.1999998092651367
        ],
        [
          0.0,
          0.0,
          0.0,
          1.0
        ]
      ],
      "matrix_ego_from_sensor_bevfusion": [
        [
          0.9999999403953552,
          3.824257577278445e-10,
          -4.128991593077558e-11,
          0.0
        ],
        [
          2.8420032993636823e-10,
          1.0,
          1.6058900736970472e-11,
          -7.62939453125e-06
        ],
        [
          -4.128991593077558e-11,
          1.6058900736970472e-11,
          1.0,
          2.1999998092651367
        ],
        [
          0.0,
          0.0,
          0.0,
          1.0
        ]
      ],
      "data_path": "D:\\Agent-AI\\outputs\\s3a_ml_long_v1\\sample_000001\\lidar\\LIDAR_TOP.npy",
      "raw_layout": [
        "x",
        "y",
        "z",
        "intensity"
      ]
    },
    "RADAR_FRONT": {
      "type_id": "sensor.other.radar",
      "blueprint_attributes": {
        "sensor_tick": "0.100000",
        "role_name": "default",
        "noise_seed": "0",
        "ros_name": "sensor.other.radar",
        "horizontal_fov": "35.0",
        "points_per_second": "1500",
        "vertical_fov": "20.0",
        "range": "120.0"
      },
      "transform_carla": {
        "location": {
          "x": 106.3814697265625,
          "y": -23.142187118530273,
          "z": 0.91286700963974
        },
        "rotation": {
          "roll": 0.03485661745071411,
          "pitch": 0.5580469369888306,
          "yaw": -90.80057525634766
        }
      },
      "matrix_world_from_sensor_carla": [
        [
          -0.01397156622260809,
          0.9999021291732788,
          0.0007443872164003551,
          106.3814697265625
        ],
        [
          -0.9998549222946167,
          -0.013978151604533195,
          0.009730149991810322,
          -23.142187118530273
        ],
        [
          0.009739602915942669,
          -0.0006083337939344347,
          0.9999523758888245,
          0.91286700963974
        ],
        [
          0.0,
          0.0,
          0.0,
          1.0
        ]
      ],
      "matrix_world_from_sensor_bevfusion": [
        [
          -0.01397156622260809,
          -0.9999021291732788,
          0.0007443872164003551,
          106.3814697265625
        ],
        [
          0.9998549222946167,
          -0.013978151604533195,
          -0.009730149991810322,
          23.142187118530273
        ],
        [
          0.009739602915942669,
          0.0006083337939344347,
          0.9999523758888245,
          0.91286700963974
        ],
        [
          0.0,
          0.0,
          0.0,
          1.0
        ]
      ],
      "matrix_ego_from_sensor_carla": [
        [
          0.9999999403953552,
          -3.824257577278445e-10,
          -4.128991593077558e-11,
          1.9999980926513672
        ],
        [
          -2.8420032993636823e-10,
          1.0,
          -1.6058900736970472e-11,
          0.0
        ],
        [
          -4.128991593077558e-11,
          -1.6058900736970472e-11,
          1.0,
          0.8999999761581421
        ],
        [
          0.0,
          0.0,
          0.0,
          1.0
        ]
      ],
      "matrix_ego_from_sensor_bevfusion": [
        [
          0.9999999403953552,
          3.824257577278445e-10,
          -4.128991593077558e-11,
          1.9999980926513672
        ],
        [
          2.8420032993636823e-10,
          1.0,
          1.6058900736970472e-11,
          0.0
        ],
        [
          -4.128991593077558e-11,
          1.6058900736970472e-11,
          1.0,
          0.8999999761581421
        ],
        [
          0.0,
          0.0,
          0.0,
          1.0
        ]
      ],
      "data_path": "D:\\Agent-AI\\outputs\\s3a_ml_long_v1\\sample_000001\\radar\\RADAR_FRONT.npy",
      "raw_layout": [
        "velocity",
        "altitude",
        "azimuth",
        "depth"
      ]
    },
    "RADAR_FRONT_LEFT": {
      "type_id": "sensor.other.radar",
      "blueprint_attributes": {
        "sensor_tick": "0.100000",
        "role_name": "default",
        "noise_seed": "0",
        "ros_name": "sensor.other.radar",
        "horizontal_fov": "35.0",
        "points_per_second": "1500",
        "vertical_fov": "20.0",
        "range": "120.0"
      },
      "transform_carla": {
        "location": {
          "x": 105.63643646240234,
          "y": -22.781755447387695,
          "z": 0.9099144339561462
        },
        "rotation": {
          "roll": -0.3699588179588318,
          "pitch": 0.4192369878292084,
          "yaw": -135.8021240234375
        }
      },
      "matrix_world_from_sensor_carla": [
        [
          -0.7169172763824463,
          0.6971578598022461,
          0.0007443227805197239,
          105.63643646240234
        ],
        [
          -0.6971198916435242,
          -0.7168885469436646,
          0.00973008293658495,
          -22.781755447387695
        ],
        [
          0.007317000534385443,
          0.0064567821100354195,
          0.9999523758888245,
          0.9099144339561462
        ],
        [
          0.0,
          0.0,
          0.0,
          1.0
        ]
      ],
      "matrix_world_from_sensor_bevfusion": [
        [
          -0.7169172763824463,
          -0.6971578598022461,
          0.0007443227805197239,
          105.63643646240234
        ],
        [
          0.6971198916435242,
          -0.7168885469436646,
          -0.00973008293658495,
          22.781755447387695
        ],
        [
          0.007317000534385443,
          -0.0064567821100354195,
          0.9999523758888245,
          0.9099144339561462
        ],
        [
          0.0,
          0.0,
          0.0,
          1.0
        ]
      ],
      "matrix_ego_from_sensor_carla": [
        [
          0.7071065306663513,
          0.7071070671081543,
          6.794525830855491e-08,
          1.6499996185302734
        ],
        [
          -0.7071071267127991,
          0.7071064710617065,
          -6.352061632242112e-08,
          -0.75
        ],
        [
          -9.374892329105933e-08,
          -3.887349553366448e-09,
          1.0,
          0.8999999761581421
        ],
        [
          0.0,
          0.0,
          0.0,
          1.0
        ]
      ],
      "matrix_ego_from_sensor_bevfusion": [
        [
          0.7071065306663513,
          -0.7071070671081543,
          6.794525830855491e-08,
          1.6499996185302734
        ],
        [
          0.7071071267127991,
          0.7071064710617065,
          6.352061632242112e-08,
          0.75
        ],
        [
          -9.374892329105933e-08,
          3.887349553366448e-09,
          1.0,
          0.8999999761581421
        ],
        [
          0.0,
          0.0,
          0.0,
          1.0
        ]
      ],
      "data_path": "D:\\Agent-AI\\outputs\\s3a_ml_long_v1\\sample_000001\\radar\\RADAR_FRONT_LEFT.npy",
      "raw_layout": [
        "velocity",
        "altitude",
        "azimuth",
        "depth"
      ]
    },
    "RADAR_FRONT_RIGHT": {
      "type_id": "sensor.other.radar",
      "blueprint_attributes": {
        "sensor_tick": "0.100000",
        "role_name": "default",
        "noise_seed": "0",
