{
  "schema_version": "stage1.v1",
  "sample_name": "sample_000049",
  "sequence_index": 49,
  "previous_sample_name": "sample_000048",
  "frame_id": 3969,
  "timestamp": 44.03108661994338,
  "platform_timestamp": 16816504.5462586,
  "delta_seconds": 0.10000000149011612,
  "town": "Carla/Maps/Town10HD_Opt",
  "weather": {
    "cloudiness": 20.0,
    "dust_storm": 0.0,
    "fog_density": 2.0,
    "fog_distance": 0.75,
    "fog_falloff": 0.10000000149011612,
    "mie_scattering_scale": 0.029999999329447746,
    "precipitation": 0.0,
    "precipitation_deposits": 0.0,
    "rayleigh_scattering_scale": 0.03310000151395798,
    "scattering_intensity": 1.0,
    "sun_altitude_angle": 45.0,
    "sun_azimuth_angle": 300.0,
    "wetness": 0.0,
    "wind_intensity": 10.0
  },
  "sensor_names": [
    "CAM_FRONT",
    "CAM_FRONT_RIGHT",
    "CAM_FRONT_LEFT",
    "CAM_BACK",
    "CAM_BACK_LEFT",
    "CAM_BACK_RIGHT",
    "LIDAR_TOP",
    "RADAR_FRONT",
    "RADAR_FRONT_LEFT",
    "RADAR_FRONT_RIGHT",
    "RADAR_BACK_LEFT",
    "RADAR_BACK_RIGHT"
  ],
  "camera_order_for_model": [
    "CAM_FRONT",
    "CAM_FRONT_RIGHT",
    "CAM_FRONT_LEFT",
    "CAM_BACK",
    "CAM_BACK_LEFT",
    "CAM_BACK_RIGHT"
  ],
  "radar_order_for_model": [
    "RADAR_FRONT",
    "RADAR_FRONT_LEFT",
    "RADAR_FRONT_RIGHT",
    "RADAR_BACK_LEFT",
    "RADAR_BACK_RIGHT"
  ],
  "coordinate_notes": {
    "carla_world": "left-handed x-forward y-right z-up",
    "bevfusion_lidar": "x-forward y-left z-up",
    "camera_frame_for_model": "OpenCV style x-right y-down z-forward"
  },
  "ego": {
    "actor_id": 24,
    "transform_carla": {
      "location": {
        "x": 106.42098999023438,
        "y": -39.73572540283203,
        "z": -0.0015016937395557761
      },
      "rotation": {
        "roll": -0.0465393103659153,
        "pitch": -0.8090153932571411,
        "yaw": -110.90447235107422
      }
    },
    "velocity_carla": [
      0.0013731723884120584,
      0.003920567687600851,
      -0.00015361786063294858
    ],
    "angular_velocity_carla": [
      -1.2582132816314697,
      0.4585282504558563,
      -0.0019708755426108837
    ],
    "matrix_world_from_ego_carla": [
      [
        -0.3567753732204437,
        0.9341721534729004,
        -0.005796792916953564,
        106.42098999023438
      ],
      [
        -0.9340835213661194,
        -0.3568215072154999,
        -0.01290028914809227,
        -39.73572540283203
      ],
      [
        -0.014119512401521206,
        0.0008121831342577934,
        0.9998999834060669,
        -0.0015016937395557761
      ],
      [
        0.0,
        0.0,
        0.0,
        1.0
      ]
    ],
    "matrix_world_from_ego_bevfusion": [
      [
        -0.3567753732204437,
        -0.9341721534729004,
        -0.005796792916953564,
        106.42098999023438
      ],
      [
        0.9340835213661194,
        -0.3568215072154999,
        0.01290028914809227,
        39.73572540283203
      ],
      [
        -0.014119512401521206,
        -0.0008121831342577934,
        0.9998999834060669,
        -0.0015016937395557761
      ],
      [
        0.0,
        0.0,
        0.0,
        1.0
      ]
    ]
  },
  "sensors": {
    "CAM_FRONT": {
      "type_id": "sensor.camera.rgb",
      "blueprint_attributes": {
        "role_name": "front",
        "ros_name": "sensor.camera.rgb",
        "chromatic_aberration_offset": "0.0",
        "sensor_tick": "0.100000",
        "fstop": "1.4",
        "image_size_x": "960",
        "image_size_y": "540",
        "fov": "70.00",
        "lens_circle_falloff": "5.0",
        "lens_circle_multiplier": "0.0",
        "exposure_compensation": "0.0",
        "lens_y_size": "0.08",
        "lens_k": "-1.0",
        "exposure_mode": "histogram",
        "lens_kcube": "0.0",
        "lens_x_size": "0.08",
        "exposure_max_bright": "12.0",
        "shutter_speed": "200.0",
        "bloom_intensity": "0.675",
        "iso": "100.0",
        "enable_postprocess_effects": "false",
        "gamma": "2.2",
        "motion_blur_intensity": "0.0",
        "motion_blur_max_distortion": "0.35",
        "lens_flare_intensity": "0.1",
        "motion_blur_min_object_screen_size": "0.1",
        "exposure_min_bright": "10.0",
        "exposure_speed_up": "3.0",
        "exposure_speed_down": "1.0",
        "tint": "0.0",
        "calibration_constant": "16.0",
        "focal_distance": "1000.0",
        "min_fstop": "1.2",
        "blade_count": "5",
        "blur_amount": "0.0",
        "blur_radius": "0.0",
        "slope": "0.88",
        "toe": "0.55",
        "white_clip": "0.04",
        "shoulder": "0.26",
        "black_clip": "0.0",
        "temp": "6500.0",
        "chromatic_aberration_intensity": "0.0"
      },
      "transform_carla": {
        "location": {
          "x": 105.85813903808594,
          "y": -41.20548629760742,
          "z": 1.6764428615570068
        },
        "rotation": {
          "roll": -0.0465393103659153,
          "pitch": -0.8090153932571411,
          "yaw": -110.90447235107422
        }
      },
      "matrix_world_from_sensor_carla": [
        [
          -0.3567753732204437,
          0.9341721534729004,
          -0.005796792916953564,
          105.85813903808594
        ],
        [
          -0.9340835213661194,
          -0.3568215072154999,
          -0.01290028914809227,
          -41.20548629760742
        ],
        [
          -0.014119512401521206,
          0.0008121831342577934,
          0.9998999834060669,
          1.6764428615570068
        ],
        [
          0.0,
          0.0,
          0.0,
          1.0
        ]
      ],
      "matrix_world_from_sensor_bevfusion": [
        [
          0.9341721534729004,
          0.005796792916953564,
          -0.3567753732204437,
          105.85813903808594
        ],
        [
          0.3568215072154999,
          -0.01290028914809227,
          0.9340835213661194,
          41.20548629760742
        ],
        [
          0.0008121831342577934,
          -0.9998999834060669,
          -0.014119512401521206,
          1.6764428615570068
        ],
        [
          0.0,
          0.0,
          0.0,
          1.0
        ]
      ],
      "matrix_ego_from_sensor_carla": [
        [
          1.0,
          7.603815355139432e-09,
          3.004221316160738e-10,
          1.549999713897705
        ],
        [
          2.4939200926610283e-08,
          1.0,
          4.335400649591037e-10,
          0.0
        ],
        [
          3.0051527932783983e-10,
          -9.031142500504075e-11,
          1.0,
          1.6999998092651367
        ],
        [
          0.0,
          0.0,
          0.0,
          1.0
        ]
      ],
      "matrix_ego_from_sensor_bevfusion": [
        [
          7.603815355139432e-09,
          -3.004221316160738e-10,
          1.0,
          1.549999713897705
        ],
        [
          -1.0,
          4.335400649591037e-10,
          -2.4939200926610283e-08,
          0.0
        ],
        [
          -9.031142500504075e-11,
          -1.0,
          3.0051527932783983e-10,
          1.6999998092651367
        ],
        [
          0.0,
          0.0,
          0.0,
          1.0
        ]
      ],
      "camera_intrinsics": [
        [
          685.5110473632812,
          0.0,
          480.0
        ],
        [
          0.0,
          685.5110473632812,
          270.0
        ],
        [
          0.0,
          0.0,
          1.0
        ]
      ],
      "data_path": "D:\\Agent-AI\\outputs\\s3a_left_v3\\sample_000049\\images\\CAM_FRONT.png",
      "raw_layout": "bgra8"
    },
    "CAM_FRONT_RIGHT": {
      "type_id": "sensor.camera.rgb",
      "blueprint_attributes": {
        "role_name": "front",
        "ros_name": "sensor.camera.rgb",
        "chromatic_aberration_offset": "0.0",
        "sensor_tick": "0.100000",
        "fstop": "1.4",
        "image_size_x": "960",
        "image_size_y": "540",
        "fov": "70.00",
        "lens_circle_falloff": "5.0",
        "lens_circle_multiplier": "0.0",
        "exposure_compensation": "0.0",
        "lens_y_size": "0.08",
        "lens_k": "-1.0",
        "exposure_mode": "histogram",
        "lens_kcube": "0.0",
        "lens_x_size": "0.08",
        "exposure_max_bright": "12.0",
        "shutter_speed": "200.0",
        "bloom_intensity": "0.675",
        "iso": "100.0",
        "enable_postprocess_effects": "false",
        "gamma": "2.2",
        "motion_blur_intensity": "0.0",
        "motion_blur_max_distortion": "0.35",
        "lens_flare_intensity": "0.1",
        "motion_blur_min_object_screen_size": "0.1",
        "exposure_min_bright": "10.0",
        "exposure_speed_up": "3.0",
        "exposure_speed_down": "1.0",
        "tint": "0.0",
        "calibration_constant": "16.0",
        "focal_distance": "1000.0",
        "min_fstop": "1.2",
        "blade_count": "5",
        "blur_amount": "0.0",
        "blur_radius": "0.0",
        "slope": "0.88",
        "toe": "0.55",
        "white_clip": "0.04",
        "shoulder": "0.26",
        "black_clip": "0.0",
        "temp": "6500.0",
        "chromatic_aberration_intensity": "0.0"
      },
      "transform_carla": {
        "location": {
          "x": 106.46112823486328,
          "y": -41.168216705322266,
          "z": 1.6804195642471313
        },
        "rotation": {
          "roll": -0.6894159317016602,
          "pitch": -0.4259032607078552,
          "yaw": -55.90223693847656
        }
      },
      "matrix_world_from_sensor_carla": [
        [
          0.5605911612510681,
          0.8280723690986633,
          -0.005796841811388731,
          106.46112823486328
        ],
        [
          -0.8280593156814575,
          0.5604919791221619,
          -0.012900356203317642,
          -41.168216705322266
        ],
        [
          -0.007433345541357994,
          0.01203195471316576,
          0.9998999238014221,
          1.6804195642471313
        ],
        [
          0.0,
          0.0,
          0.0,
          1.0
        ]
      ],
      "matrix_world_from_sensor_bevfusion": [
        [
          0.8280723690986633,
          0.005796841811388731,
          0.5605911612510681,
          106.46112823486328
        ],
        [
          -0.5604919791221619,
          -0.012900356203317642,
          0.8280593156814575,
          41.168216705322266
        ],
        [
          0.01203195471316576,
          -0.9998999238014221,
          -0.007433345541357994,
          1.6804195642471313
        ],
        [
          0.0,
          0.0,
          0.0,
          1.0
        ]
      ],
      "matrix_ego_from_sensor_carla": [
        [
          0.5735763907432556,
          -0.8191519975662231,
          8.123575412355422e-08,
          1.300000786781311
        ],
        [
          0.8191521167755127,
          0.5735763907432556,
          -2.1326327370729814e-08,
          0.5500030517578125
        ],
        [
          -2.81428498283276e-08,
          7.90360559221881e-08,
          0.9999999403953552,
          1.6999999284744263
        ],
        [
          0.0,
          0.0,
          0.0,
          1.0
        ]
      ],
      "matrix_ego_from_sensor_bevfusion": [
        [
          -0.8191519975662231,
          -8.123575412355422e-08,
          0.5735763907432556,
          1.300000786781311
        ],
        [
          -0.5735763907432556,
          -2.1326327370729814e-08,
          -0.8191521167755127,
          -0.5500030517578125
        ],
        [
          7.90360559221881e-08,
          -0.9999999403953552,
          -2.81428498283276e-08,
          1.6999999284744263
        ],
        [
          0.0,
          0.0,
          0.0,
          1.0
        ]
      ],
      "camera_intrinsics": [
        [
          685.5110473632812,
          0.0,
          480.0
        ],
        [
          0.0,
          685.5110473632812,
          270.0
        ],
        [
          0.0,
          0.0,
          1.0
        ]
      ],
      "data_path": "D:\\Agent-AI\\outputs\\s3a_left_v3\\sample_000049\\images\\CAM_FRONT_RIGHT.png",
      "raw_layout": "bgra8"
    },
    "CAM_FRONT_LEFT": {
      "type_id": "sensor.camera.rgb",
      "blueprint_attributes": {
        "role_name": "front",
        "ros_name": "sensor.camera.rgb",
        "chromatic_aberration_offset": "0.0",
        "sensor_tick": "0.100000",
        "fstop": "1.4",
        "image_size_x": "960",
        "image_size_y": "540",
        "fov": "70.00",
        "lens_circle_falloff": "5.0",
        "lens_circle_multiplier": "0.0",
        "exposure_compensation": "0.0",
        "lens_y_size": "0.08",
        "lens_k": "-1.0",
        "exposure_mode": "histogram",
        "lens_kcube": "0.0",
        "lens_x_size": "0.08",
        "exposure_max_bright": "12.0",
        "shutter_speed": "200.0",
        "bloom_intensity": "0.675",
        "iso": "100.0",
        "enable_postprocess_effects": "false",
        "gamma": "2.2",
        "motion_blur_intensity": "0.0",
        "motion_blur_max_distortion": "0.35",
        "lens_flare_intensity": "0.1",
        "motion_blur_min_object_screen_size": "0.1",
        "exposure_min_bright": "10.0",
        "exposure_speed_up": "3.0",
        "exposure_speed_down": "1.0",
        "tint": "0.0",
        "calibration_constant": "16.0",
        "focal_distance": "1000.0",
        "min_fstop": "1.2",
        "blade_count": "5",
        "blur_amount": "0.0",
        "blur_radius": "0.0",
        "slope": "0.88",
        "toe": "0.55",
        "white_clip": "0.04",
        "shoulder": "0.26",
        "black_clip": "0.0",
        "temp": "6500.0",
        "chromatic_aberration_intensity": "0.0"
      },
      "transform_carla": {
        "location": {
          "x": 105.43353271484375,
          "y": -40.77571487426758,
          "z": 1.6795259714126587
        },
        "rotation": {
          "roll": 0.6360353231430054,
          "pitch": -0.5021418333053589,
          "yaw": -165.90756225585938
        }
      },
      "matrix_world_from_sensor_carla": [
        [
          -0.969866931438446,
          0.2435663491487503,
          -0.005796763580292463,
          105.43353271484375
        ],
        [
          -0.24347765743732452,
          -0.9698207378387451,
          -0.012900366447865963,
          -40.77571487426758
        ],
        [
          -0.008763916790485382,
          -0.011100255884230137,
          0.9998999834060669,
          1.6795259714126587
        ],
        [
          0.0,
          0.0,
          0.0,
          1.0
        ]
      ],
      "matrix_world_from_sensor_bevfusion": [
        [
          0.2435663491487503,
          0.005796763580292463,
          -0.969866931438446,
          105.43353271484375
        ],
        [
          0.9698207378387451,
          -0.012900366447865963,
          0.24347765743732452,
          40.77571487426758
        ],
        [
          -0.011100255884230137,
          -0.9998999834060669,
          -0.008763916790485382,
          1.6795259714126587
        ],
        [
          0.0,
          0.0,
          0.0,
          1.0
        ]
      ],
      "matrix_ego_from_sensor_carla": [
        [
          0.573576807975769,
          0.819151759147644,
          6.176771449872831e-08,
          1.3000030517578125
        ],
        [
          -0.8191518187522888,
          0.5735768675804138,
          5.549798842707787e-08,
          -0.5500030517578125
        ],
        [
          9.475789930490919e-09,
          -8.095178571920769e-08,
          1.0,
          1.6999998092651367
        ],
        [
          0.0,
          0.0,
          0.0,
          1.0
        ]
      ],
      "matrix_ego_from_sensor_bevfusion": [
        [
          0.819151759147644,
          -6.176771449872831e-08,
          0.573576807975769,
          1.3000030517578125
        ],
        [
          -0.5735768675804138,
          5.549798842707787e-08,
          0.8191518187522888,
          0.5500030517578125
        ],
        [
          -8.095178571920769e-08,
          -1.0,
          9.475789930490919e-09,
          1.6999998092651367
        ],
        [
          0.0,
          0.0,
          0.0,
          1.0
        ]
      ],
      "camera_intrinsics": [
        [
          685.5110473632812,
          0.0,
          480.0
        ],
        [
          0.0,
          685.5110473632812,
          270.0
        ],
        [
          0.0,
          0.0,
          1.0
        ]
      ],
      "data_path": "D:\\Agent-AI\\outputs\\s3a_left_v3\\sample_000049\\images\\CAM_FRONT_LEFT.png",
      "raw_layout": "bgra8"
    },
    "CAM_BACK": {
      "type_id": "sensor.camera.rgb",
      "blueprint_attributes": {
        "role_name": "front",
        "ros_name": "sensor.camera.rgb",
        "chromatic_aberration_offset": "0.0",
        "sensor_tick": "0.100000",
        "fstop": "1.4",
        "image_size_x": "960",
        "image_size_y": "540",
        "fov": "70.00",
        "lens_circle_falloff": "5.0",
        "lens_circle_multiplier": "0.0",
        "exposure_compensation": "0.0",
        "lens_y_size": "0.08",
        "lens_k": "-1.0",
        "exposure_mode": "histogram",
        "lens_kcube": "0.0",
        "lens_x_size": "0.08",
        "exposure_max_bright": "12.0",
        "shutter_speed": "200.0",
        "bloom_intensity": "0.675",
        "iso": "100.0",
        "enable_postprocess_effects": "false",
        "gamma": "2.2",
        "motion_blur_intensity": "0.0",
        "motion_blur_max_distortion": "0.35",
        "lens_flare_intensity": "0.1",
        "motion_blur_min_object_screen_size": "0.1",
        "exposure_min_bright": "10.0",
        "exposure_speed_up": "3.0",
        "exposure_speed_down": "1.0",
        "tint": "0.0",
        "calibration_constant": "16.0",
        "focal_distance": "1000.0",
        "min_fstop": "1.2",
        "blade_count": "5",
        "blur_amount": "0.0",
        "blur_radius": "0.0",
        "slope": "0.88",
        "toe": "0.55",
        "white_clip": "0.04",
        "shoulder": "0.26",
        "black_clip": "0.0",
        "temp": "6500.0",
        "chromatic_aberration_intensity": "0.0"
      },
      "transform_carla": {
        "location": {
          "x": 106.96414184570312,
          "y": -38.30982971191406,
          "z": 1.720213532447815
        },
        "rotation": {
          "roll": 0.0465395487844944,
          "pitch": 0.8090153932571411,
          "yaw": 69.09552764892578
        }
      },
      "matrix_world_from_sensor_carla": [
        [
          0.3567754030227661,
          -0.9341721534729004,
          -0.0057967971079051495,
          106.96414184570312
        ],
        [
          0.9340835213661194,
          0.35682153701782227,
          -0.01290028728544712,
          -38.30982971191406
        ],
        [
          0.014119512401521206,
          -0.0008121872670017183,
          0.9998999834060669,
          1.720213532447815
        ],
        [
          0.0,
          0.0,
          0.0,
          1.0
        ]
      ],
      "matrix_world_from_sensor_bevfusion": [
        [
          -0.9341721534729004,
          0.0057967971079051495,
          0.3567754030227661,
          106.96414184570312
        ],
        [
          -0.35682153701782227,
          -0.01290028728544712,
          -0.9340835213661194,
          38.30982971191406
        ],
        [
          -0.0008121872670017183,
          -0.9998999834060669,
          0.014119512401521206,
          1.720213532447815
        ],
        [
          0.0,
          0.0,
          0.0,
          1.0
        ]
      ],
      "matrix_ego_from_sensor_carla": [
        [
          -1.0,
          -3.538327675300934e-08,
          3.004221316160738e-10,
          -1.5499956607818604
        ],
        [
          4.863121905174239e-09,
          -1.0,
          -4.455903646061188e-09,
          7.62939453125e-06
        ],
        [
          -3.0051527932783983e-10,
          -4.449472790213349e-09,
          1.0,
          1.7000000476837158
        ],
        [
          0.0,
          0.0,
          0.0,
          1.0
        ]
      ],
      "matrix_ego_from_sensor_bevfusion": [
        [
          -3.538327675300934e-08,
          -3.004221316160738e-10,
          -1.0,
          -1.5499956607818604
        ],
        [
          1.0,
          -4.455903646061188e-09,
          -4.863121905174239e-09,
          -7.62939453125e-06
        ],
        [
          -4.449472790213349e-09,
          -1.0,
          -3.0051527932783983e-10,
          1.7000000476837158
        ],
        [
          0.0,
          0.0,
          0.0,
          1.0
        ]
      ],
      "camera_intrinsics": [
        [
          685.5110473632812,
          0.0,
          480.0
        ],
        [
          0.0,
          685.5110473632812,
          270.0
        ],
        [
          0.0,
          0.0,
          1.0
        ]
      ],
      "data_path": "D:\\Agent-AI\\outputs\\s3a_left_v3\\sample_000049\\images\\CAM_BACK.png",
      "raw_layout": "bgra8"
    },
    "CAM_BACK_LEFT": {
      "type_id": "sensor.camera.rgb",
      "blueprint_attributes": {
        "role_name": "front",
        "ros_name": "sensor.camera.rgb",
        "chromatic_aberration_offset": "0.0",
        "sensor_tick": "0.100000",
        "fstop": "1.4",
        "image_size_x": "960",
        "image_size_y": "540",
        "fov": "70.00",
        "lens_circle_falloff": "5.0",
        "lens_circle_multiplier": "0.0",
        "exposure_compensation": "0.0",
        "lens_y_size": "0.08",
        "lens_k": "-1.0",
        "exposure_mode": "histogram",
        "lens_kcube": "0.0",
        "lens_x_size": "0.08",
        "exposure_max_bright": "12.0",
        "shutter_speed": "200.0",
        "bloom_intensity": "0.675",
        "iso": "100.0",
        "enable_postprocess_effects": "false",
        "gamma": "2.2",
        "motion_blur_intensity": "0.0",
        "motion_blur_max_distortion": "0.35",
        "lens_flare_intensity": "0.1",
        "motion_blur_min_object_screen_size": "0.1",
        "exposure_min_bright": "10.0",
        "exposure_speed_up": "3.0",
        "exposure_speed_down": "1.0",
        "tint": "0.0",
        "calibration_constant": "16.0",
        "focal_distance": "1000.0",
        "min_fstop": "1.2",
        "blade_count": "5",
        "blur_amount": "0.0",
        "blur_radius": "0.0",
        "slope": "0.88",
        "toe": "0.55",
        "white_clip": "0.04",
        "shoulder": "0.26",
        "black_clip": "0.0",
        "temp": "6500.0",
        "chromatic_aberration_intensity": "0.0"
      },
      "transform_carla": {
        "location": {
          "x": 106.36115264892578,
          "y": -38.34709548950195,
          "z": 1.7162368297576904
        },
        "rotation": {
          "roll": 0.6894159913063049,
          "pitch": 0.4259032607078552,
          "yaw": 124.0977554321289
        }
      },
      "matrix_world_from_sensor_carla": [
        [
          -0.560590922832489,
          -0.8280725479125977,
          -0.005796846002340317,
          106.36115264892578
        ],
        [
          0.8280594944953918,
          -0.5604917407035828,
          -0.012900354340672493,
          -38.34709548950195
        ],
        [
          0.007433345541357994,
          -0.012031955644488335,
          0.9998999238014221,
          1.7162368297576904
        ],
        [
          0.0,
          0.0,
          0.0,
          1.0
        ]
      ],
      "matrix_world_from_sensor_bevfusion": [
        [
          -0.8280725479125977,
          0.005796846002340317,
          -0.560590922832489,
          106.36115264892578
        ],
        [
          0.5604917407035828,
          -0.012900354340672493,
          -0.8280594944953918,
          38.34709548950195
        ],
        [
          -0.012031955644488335,
          -0.9998999238014221,
          0.007433345541357994,
          1.7162368297576904
        ],
        [
          0.0,
          0.0,
          0.0,
          1.0
        ]
      ],
      "matrix_ego_from_sensor_carla": [
        [
          -0.5735766291618347,
          0.8191518187522888,
          8.123575412355422e-08,
          -1.3000001907348633
        ],
        [
          -0.8191519379615784,
          -0.5735766887664795,
          -2.6215770887461076e-08,
          -0.5499954223632812
        ],
        [
          2.4417559529865684e-08,
          -8.182993127547888e-08,
          0.9999999403953552,
          1.6999999284744263
        ],
        [
          0.0,
          0.0,
          0.0,
          1.0
        ]
      ],
      "matrix_ego_from_sensor_bevfusion": [
        [
          0.8191518187522888,
          -8.123575412355422e-08,
          -0.5735766291618347,
          -1.3000001907348633
        ],
        [
          0.5735766887664795,
          -2.6215770887461076e-08,
          0.8191519379615784,
          0.5499954223632812
        ],
        [
          -8.182993127547888e-08,
          -0.9999999403953552,
          2.4417559529865684e-08,
          1.6999999284744263
        ],
        [
          0.0,
          0.0,
          0.0,
          1.0
        ]
      ],
      "camera_intrinsics": [
        [
          685.5110473632812,
          0.0,
          480.0
        ],
        [
          0.0,
          685.5110473632812,
          270.0
        ],
        [
          0.0,
          0.0,
          1.0
        ]
      ],
      "data_path": "D:\\Agent-AI\\outputs\\s3a_left_v3\\sample_000049\\images\\CAM_BACK_LEFT.png",
      "raw_layout": "bgra8"
    },
    "CAM_BACK_RIGHT": {
      "type_id": "sensor.camera.rgb",
      "blueprint_attributes": {
        "role_name": "front",
        "ros_name": "sensor.camera.rgb",
        "chromatic_aberration_offset": "0.0",
        "sensor_tick": "0.100000",
        "fstop": "1.4",
        "image_size_x": "960",
        "image_size_y": "540",
        "fov": "70.00",
        "lens_circle_falloff": "5.0",
        "lens_circle_multiplier": "0.0",
        "exposure_compensation": "0.0",
        "lens_y_size": "0.08",
        "lens_k": "-1.0",
        "exposure_mode": "histogram",
        "lens_kcube": "0.0",
        "lens_x_size": "0.08",
        "exposure_max_bright": "12.0",
        "shutter_speed": "200.0",
        "bloom_intensity": "0.675",
        "iso": "100.0",
        "enable_postprocess_effects": "false",
        "gamma": "2.2",
        "motion_blur_intensity": "0.0",
        "motion_blur_max_distortion": "0.35",
        "lens_flare_intensity": "0.1",
        "motion_blur_min_object_screen_size": "0.1",
        "exposure_min_bright": "10.0",
        "exposure_speed_up": "3.0",
        "exposure_speed_down": "1.0",
        "tint": "0.0",
        "calibration_constant": "16.0",
        "focal_distance": "1000.0",
        "min_fstop": "1.2",
        "blade_count": "5",
        "blur_amount": "0.0",
        "blur_radius": "0.0",
        "slope": "0.88",
        "toe": "0.55",
        "white_clip": "0.04",
        "shoulder": "0.26",
        "black_clip": "0.0",
        "temp": "6500.0",
        "chromatic_aberration_intensity": "0.0"
      },
      "transform_carla": {
        "location": {
          "x": 107.38874053955078,
          "y": -38.739601135253906,
          "z": 1.717130422592163
        },
        "rotation": {
          "roll": -0.6360353827476501,
          "pitch": 0.5021418333053589,
          "yaw": 14.0924072265625
        }
      },
      "matrix_world_from_sensor_carla": [
        [
          0.9698670506477356,
          -0.24356584250926971,
          -0.005796769633889198,
          107.38874053955078
        ],
        [
          0.24347715079784393,
          0.9698208570480347,
          -0.01290036365389824,
          -38.739601135253906
        ],
        [
          0.008763916790485382,
          0.011100256815552711,
          0.9998999834060669,
          1.717130422592163
        ],
        [
          0.0,
          0.0,
          0.0,
          1.0
        ]
      ],
      "matrix_world_from_sensor_bevfusion": [
        [
          -0.24356584250926971,
          0.005796769633889198,
          0.9698670506477356,
          107.38874053955078
        ],
        [
          -0.9698208570480347,
          -0.01290036365389824,
          -0.24347715079784393,
          38.739601135253906
        ],
        [
          0.011100256815552711,
          -0.9998999834060669,
          0.008763916790485382,
          1.717130422592163
        ],
        [
          0.0,
          0.0,
          0.0,
          1.0
        ]
      ],
      "matrix_ego_from_sensor_carla": [
        [
          -0.5735763907432556,
          -0.8191520571708679,
          6.176771449872831e-08,
          -1.2999987602233887
        ],
        [
          0.8191521167755127,
          -0.5735764503479004,
          4.839665379563485e-08,
          0.5500030517578125
        ],
        [
          -3.887854482798048e-09,
          7.815772562480561e-08,
          1.0,
          1.7000000476837158
        ],
        [
          0.0,
          0.0,
          0.0,
          1.0
        ]
      ],
      "matrix_ego_from_sensor_bevfusion": [
        [
          -0.8191520571708679,
          -6.176771449872831e-08,
          -0.5735763907432556,
          -1.2999987602233887
        ],
        [
          0.5735764503479004,
          4.839665379563485e-08,
          -0.8191521167755127,
          -0.5500030517578125
        ],
        [
          7.815772562480561e-08,
          -1.0,
          -3.887854482798048e-09,
          1.7000000476837158
        ],
        [
          0.0,
          0.0,
          0.0,
          1.0
        ]
      ],
      "camera_intrinsics": [
        [
          685.5110473632812,
          0.0,
          480.0
        ],
        [
          0.0,
          685.5110473632812,
          270.0
        ],
        [
          0.0,
          0.0,
          1.0
        ]
      ],
      "data_path": "D:\\Agent-AI\\outputs\\s3a_left_v3\\sample_000049\\images\\CAM_BACK_RIGHT.png",
      "raw_layout": "bgra8"
    },
    "LIDAR_TOP": {
      "type_id": "sensor.lidar.ray_cast",
      "blueprint_attributes": {
        "atmosphere_attenuation_rate": "0.004",
        "role_name": "front",
        "noise_seed": "0",
        "upper_fov": "10.0",
        "ros_name": "sensor.lidar.ray_cast",
        "sensor_tick": "0.100000",
        "channels": "32",
        "range": "120.0",
        "points_per_second": "360000",
        "lower_fov": "-30.0",
        "rotation_frequency": "10.000000",
        "horizontal_fov": "360.0",
        "dropoff_general_rate": "0.0",
        "dropoff_intensity_limit": "1.0",
        "noise_stddev": "0.0",
        "dropoff_zero_intensity": "0.0"
      },
      "transform_carla": {
        "location": {
          "x": 106.40824127197266,
          "y": -39.76410675048828,
          "z": 2.1982781887054443
        },
        "rotation": {
          "roll": -0.0465393103659153,
          "pitch": -0.8090153932571411,
          "yaw": -110.90447235107422
        }
      },
      "matrix_world_from_sensor_carla": [
        [
          -0.3567753732204437,
          0.9341721534729004,
          -0.005796792916953564,
          106.40824127197266
        ],
        [
          -0.9340835213661194,
          -0.3568215072154999,
          -0.01290028914809227,
          -39.76410675048828
        ],
        [
          -0.014119512401521206,
          0.0008121831342577934,
          0.9998999834060669,
          2.1982781887054443
        ],
        [
          0.0,
          0.0,
          0.0,
          1.0
        ]
      ],
      "matrix_world_from_sensor_bevfusion": [
        [
          -0.3567753732204437,
          -0.9341721534729004,
          -0.005796792916953564,
          106.40824127197266
        ],
        [
          0.9340835213661194,
          -0.3568215072154999,
          0.01290028914809227,
          39.76410675048828
        ],
        [
          -0.014119512401521206,
          -0.0008121831342577934,
          0.9998999834060669,
          2.1982781887054443
        ],
        [
          0.0,
          0.0,
          0.0,
          1.0
        ]
      ],
      "matrix_ego_from_sensor_carla": [
        [
          1.0,
          7.603815355139432e-09,
          3.004221316160738e-10,
          4.172325134277344e-07
        ],
        [
          2.4939200926610283e-08,
          1.0,
          4.335400649591037e-10,
          0.0
        ],
        [
          3.0051527932783983e-10,
          -9.031142500504075e-11,
          1.0,
          2.200000047683716
        ],
        [
          0.0,
          0.0,
          0.0,
          1.0
        ]
      ],
      "matrix_ego_from_sensor_bevfusion": [
        [
          1.0,
          -7.603815355139432e-09,
          3.004221316160738e-10,
          4.172325134277344e-07
        ],
        [
          -2.4939200926610283e-08,
          1.0,
          -4.335400649591037e-10,
          0.0
        ],
        [
          3.0051527932783983e-10,
          9.031142500504075e-11,
          1.0,
          2.200000047683716
        ],
        [
          0.0,
          0.0,
          0.0,
          1.0
        ]
      ],
      "data_path": "D:\\Agent-AI\\outputs\\s3a_left_v3\\sample_000049\\lidar\\LIDAR_TOP.npy",
      "raw_layout": [
        "x",
        "y",
        "z",
        "intensity"
      ]
    },
    "RADAR_FRONT": {
      "type_id": "sensor.other.radar",
      "blueprint_attributes": {
        "sensor_tick": "0.100000",
        "role_name": "default",
        "noise_seed": "0",
        "ros_name": "sensor.other.radar",
        "horizontal_fov": "35.0",
        "points_per_second": "1500",
        "vertical_fov": "20.0",
        "range": "120.0"
      },
      "transform_carla": {
        "location": {
          "x": 105.70222473144531,
          "y": -41.615501403808594,
          "z": 0.8701690435409546
        },
        "rotation": {
          "roll": -0.0465393103659153,
          "pitch": -0.8090153932571411,
          "yaw": -110.90447235107422
        }
      },
      "matrix_world_from_sensor_carla": [
        [
          -0.3567753732204437,
          0.9341721534729004,
          -0.005796792916953564,
          105.70222473144531
        ],
        [
          -0.9340835213661194,
          -0.3568215072154999,
          -0.01290028914809227,
          -41.615501403808594
        ],
        [
          -0.014119512401521206,
          0.0008121831342577934,
          0.9998999834060669,
          0.8701690435409546
        ],
        [
          0.0,
          0.0,
          0.0,
          1.0
        ]
      ],
      "matrix_world_from_sensor_bevfusion": [
        [
          -0.3567753732204437,
          -0.9341721534729004,
          -0.005796792916953564,
          105.70222473144531
        ],
        [
          0.9340835213661194,
          -0.3568215072154999,
          0.01290028914809227,
          41.615501403808594
        ],
        [
          -0.014119512401521206,
          -0.0008121831342577934,
          0.9998999834060669,
          0.8701690435409546
        ],
        [
          0.0,
          0.0,
          0.0,
          1.0
        ]
      ],
      "matrix_ego_from_sensor_carla": [
        [
          1.0,
          7.603815355139432e-09,
          3.004221316160738e-10,
          1.9999982118606567
        ],
        [
          2.4939200926610283e-08,
          1.0,
          4.335400649591037e-10,
          7.62939453125e-06
        ],
        [
          3.0051527932783983e-10,
          -9.031142500504075e-11,
          1.0,
          0.899999737739563
        ],
        [
          0.0,
          0.0,
          0.0,
          1.0
        ]
      ],
      "matrix_ego_from_sensor_bevfusion": [
        [
          1.0,
          -7.603815355139432e-09,
          3.004221316160738e-10,
          1.9999982118606567
        ],
        [
          -2.4939200926610283e-08,
          1.0,
          -4.335400649591037e-10,
          -7.62939453125e-06
        ],
        [
          3.0051527932783983e-10,
          9.031142500504075e-11,
          1.0,
          0.899999737739563
        ],
        [
          0.0,
          0.0,
          0.0,
          1.0
        ]
      ],
      "data_path": "D:\\Agent-AI\\outputs\\s3a_left_v3\\sample_000049\\radar\\RADAR_FRONT.npy",
      "raw_layout": [
        "velocity",
        "altitude",
        "azimuth",
        "depth"
      ]
    },
    "RADAR_FRONT_LEFT": {
      "type_id": "sensor.other.radar",
      "blueprint_attributes": {
        "sensor_tick": "0.100000",
        "role_name": "default",
        "noise_seed": "0",
        "ros_name": "sensor.other.radar",
        "horizontal_fov": "35.0",
        "points_per_second": "1500",
        "vertical_fov": "20.0",
        "range": "120.0"
      },
      "transform_carla": {
        "location": {
          "x": 105.12647247314453,
          "y": -41.020957946777344,
          "z": 0.8745017647743225
        },
        "rotation": {
          "roll": 0.5391781330108643,
          "pitch": -0.6049566268920898,
          "yaw": -155.9076690673828
        }
      },
      "matrix_world_from_sensor_carla": [
        [
          -0.9128379821777344,
          0.40828078985214233,
          -0.005796758458018303,
          105.12647247314453
        ],
        [
          -0.4081854522228241,
          -0.9128079414367676,
          -0.012900343164801598,
          -41.020957946777344
        ],
        [
          -0.010558288544416428,
          -0.009409770369529724,
          0.9998999834060669,
          0.8745017647743225
        ],
        [
          0.0,
          0.0,
          0.0,
          1.0
        ]
      ],
      "matrix_world_from_sensor_bevfusion": [
        [
          -0.9128379821777344,
          -0.40828078985214233,
          -0.005796758458018303,
          105.12647247314453
        ],
        [
          0.4081854522228241,
          -0.9128079414367676,
          0.012900343164801598,
          41.020957946777344
        ],
        [
          -0.010558288544416428,
          0.009409770369529724,
          0.9998999834060669,
          0.8745017647743225
        ],
        [
          0.0,
          0.0,
          0.0,
          1.0
        ]
      ],
      "matrix_ego_from_sensor_carla": [
        [
          0.7071064114570618,
          0.7071071267127991,
          3.848464658062767e-08,
          1.649997591972351
        ],
        [
          -0.7071071267127991,
          0.7071065306663513,
          5.1830905789529425e-08,
          -0.7499923706054688
        ],
        [
          1.0128806238185462e-08,
          -6.190123258420499e-08,
          1.0,
          0.899999737739563
        ],
        [
          0.0,
          0.0,
          0.0,
          1.0
        ]
      ],
      "matrix_ego_from_sensor_bevfusion": [
        [
          0.7071064114570618,
          -0.7071071267127991,
          3.848464658062767e-08,
          1.649997591972351
        ],
        [
          0.7071071267127991,
          0.7071065306663513,
          -5.1830905789529425e-08,
          0.7499923706054688
        ],
        [
          1.0128806238185462e-08,
          6.190123258420499e-08,
          1.0,
          0.899999737739563
        ],
        [
          0.0,
          0.0,
          0.0,
          1.0
        ]
      ],
      "data_path": "D:\\Agent-AI\\outputs\\s3a_left_v3\\sample_000049\\radar\\RADAR_FRONT_LEFT.npy",
      "raw_layout": [
        "velocity",
        "altitude",
        "azimuth",
        "depth"
      ]
    },
    "RADAR_FRONT_RIGHT": {
      "type_id": "sensor.other.radar",
      "blueprint_attributes": {
        "sensor_tick": "0.100000",
        "role_name": "default",
        "noise_seed": "0",
        "ros_name": "sensor.other.radar",
        "horizontal_fov": "35.0",
