{
  "schema_version": "stage1.v1",
  "sample_name": "sample_000017",
  "sequence_index": 17,
  "previous_sample_name": "sample_000016",
  "frame_id": 726290,
  "timestamp": 4998.894624743611,
  "platform_timestamp": 16813373.1489314,
  "delta_seconds": 0.10000000149011612,
  "town": "Carla/Maps/Town10HD_Opt",
  "weather": {
    "cloudiness": 20.0,
    "dust_storm": 0.0,
    "fog_density": 2.0,
    "fog_distance": 0.75,
    "fog_falloff": 0.10000000149011612,
    "mie_scattering_scale": 0.029999999329447746,
    "precipitation": 0.0,
    "precipitation_deposits": 0.0,
    "rayleigh_scattering_scale": 0.03310000151395798,
    "scattering_intensity": 1.0,
    "sun_altitude_angle": 45.0,
    "sun_azimuth_angle": 300.0,
    "wetness": 0.0,
    "wind_intensity": 10.0
  },
  "sensor_names": [
    "CAM_FRONT",
    "CAM_FRONT_RIGHT",
    "CAM_FRONT_LEFT",
    "CAM_BACK",
    "CAM_BACK_LEFT",
    "CAM_BACK_RIGHT",
    "LIDAR_TOP",
    "RADAR_FRONT",
    "RADAR_FRONT_LEFT",
    "RADAR_FRONT_RIGHT",
    "RADAR_BACK_LEFT",
    "RADAR_BACK_RIGHT"
  ],
  "camera_order_for_model": [
    "CAM_FRONT",
    "CAM_FRONT_RIGHT",
    "CAM_FRONT_LEFT",
    "CAM_BACK",
    "CAM_BACK_LEFT",
    "CAM_BACK_RIGHT"
  ],
  "radar_order_for_model": [
    "RADAR_FRONT",
    "RADAR_FRONT_LEFT",
    "RADAR_FRONT_RIGHT",
    "RADAR_BACK_LEFT",
    "RADAR_BACK_RIGHT"
  ],
  "coordinate_notes": {
    "carla_world": "left-handed x-forward y-right z-up",
    "bevfusion_lidar": "x-forward y-left z-up",
    "camera_frame_for_model": "OpenCV style x-right y-down z-forward"
  },
  "ego": {
    "actor_id": 49,
    "transform_carla": {
      "location": {
        "x": 105.31021118164062,
        "y": -31.79530143737793,
        "z": -0.002550926059484482
      },
      "rotation": {
        "roll": 0.48496320843696594,
        "pitch": -0.4804423153400421,
        "yaw": -101.77452087402344
      }
    },
    "velocity_carla": [
      -1.267815113067627,
      -5.408944129943848,
      -9.34600830078125e-05
    ],
    "angular_velocity_carla": [
      4.32364559173584,
      -2.3572959899902344,
      -9.705103874206543
    ],
    "matrix_world_from_ego_carla": [
      [
        -0.20405350625514984,
        0.9789376854896545,
        0.006574975326657295,
        105.31021118164062
      ],
      [
        -0.9789237976074219,
        -0.20398388803005219,
        -0.009935659356415272,
        -31.79530143737793
      ],
      [
        -0.008385201916098595,
        -0.008463805541396141,
        0.9999290108680725,
        -0.002550926059484482
      ],
      [
        0.0,
        0.0,
        0.0,
        1.0
      ]
    ],
    "matrix_world_from_ego_bevfusion": [
      [
        -0.20405350625514984,
        -0.9789376854896545,
        0.006574975326657295,
        105.31021118164062
      ],
      [
        0.9789237976074219,
        -0.20398388803005219,
        0.009935659356415272,
        31.79530143737793
      ],
      [
        -0.008385201916098595,
        0.008463805541396141,
        0.9999290108680725,
        -0.002550926059484482
      ],
      [
        0.0,
        0.0,
        0.0,
        1.0
      ]
    ]
  },
  "sensors": {
    "CAM_FRONT": {
      "type_id": "sensor.camera.rgb",
      "blueprint_attributes": {
        "role_name": "front",
        "ros_name": "sensor.camera.rgb",
        "chromatic_aberration_offset": "0.0",
        "sensor_tick": "0.100000",
        "fstop": "1.4",
        "image_size_x": "960",
        "image_size_y": "540",
        "fov": "70.00",
        "lens_circle_falloff": "5.0",
        "lens_circle_multiplier": "0.0",
        "exposure_compensation": "0.0",
        "lens_y_size": "0.08",
        "lens_k": "-1.0",
        "exposure_mode": "histogram",
        "lens_kcube": "0.0",
        "lens_x_size": "0.08",
        "exposure_max_bright": "12.0",
        "shutter_speed": "200.0",
        "bloom_intensity": "0.675",
        "iso": "100.0",
        "enable_postprocess_effects": "false",
        "gamma": "2.2",
        "motion_blur_intensity": "0.0",
        "motion_blur_max_distortion": "0.35",
        "lens_flare_intensity": "0.1",
        "motion_blur_min_object_screen_size": "0.1",
        "exposure_min_bright": "10.0",
        "exposure_speed_up": "3.0",
        "exposure_speed_down": "1.0",
        "tint": "0.0",
        "calibration_constant": "16.0",
        "focal_distance": "1000.0",
        "min_fstop": "1.2",
        "blade_count": "5",
        "blur_amount": "0.0",
        "blur_radius": "0.0",
        "slope": "0.88",
        "toe": "0.55",
        "white_clip": "0.04",
        "shoulder": "0.26",
        "black_clip": "0.0",
        "temp": "6500.0",
        "chromatic_aberration_intensity": "0.0"
      },
      "transform_carla": {
        "location": {
          "x": 105.0051040649414,
          "y": -33.329524993896484,
          "z": 1.6843312978744507
        },
        "rotation": {
          "roll": 0.48496320843696594,
          "pitch": -0.4804423153400421,
          "yaw": -101.77452087402344
        }
      },
      "matrix_world_from_sensor_carla": [
        [
          -0.20405350625514984,
          0.9789376854896545,
          0.006574975326657295,
          105.0051040649414
        ],
        [
          -0.9789237976074219,
          -0.20398388803005219,
          -0.009935659356415272,
          -33.329524993896484
        ],
        [
          -0.008385201916098595,
          -0.008463805541396141,
          0.9999290108680725,
          1.6843312978744507
        ],
        [
          0.0,
          0.0,
          0.0,
          1.0
        ]
      ],
      "matrix_world_from_sensor_bevfusion": [
        [
          0.9789376854896545,
          -0.006574975326657295,
          -0.20405350625514984,
          105.0051040649414
        ],
        [
          0.20398388803005219,
          -0.009935659356415272,
          0.9789237976074219,
          33.329524993896484
        ],
        [
          -0.008463805541396141,
          -0.9999290108680725,
          -0.008385201916098595,
          1.6843312978744507
        ],
        [
          0.0,
          0.0,
          0.0,
          1.0
        ]
      ],
      "matrix_ego_from_sensor_carla": [
        [
          1.0,
          -3.43168093941415e-09,
          -7.881765795580975e-10,
          1.5500001907348633
        ],
        [
          -6.887181935866238e-10,
          1.0,
          1.352136735910392e-10,
          -7.62939453125e-06
        ],
        [
          1.4307988127626459e-10,
          1.3514755980992277e-10,
          1.0,
          1.6999998092651367
        ],
        [
          0.0,
          0.0,
          0.0,
          1.0
        ]
      ],
      "matrix_ego_from_sensor_bevfusion": [
        [
          -3.43168093941415e-09,
          7.881765795580975e-10,
          1.0,
          1.5500001907348633
        ],
        [
          -1.0,
          1.352136735910392e-10,
          6.887181935866238e-10,
          7.62939453125e-06
        ],
        [
          1.3514755980992277e-10,
          -1.0,
          1.4307988127626459e-10,
          1.6999998092651367
        ],
        [
          0.0,
          0.0,
          0.0,
          1.0
        ]
      ],
      "camera_intrinsics": [
        [
          685.5110473632812,
          0.0,
          480.0
        ],
        [
          0.0,
          685.5110473632812,
          270.0
        ],
        [
          0.0,
          0.0,
          1.0
        ]
      ],
      "data_path": "D:\\Agent-AI\\outputs\\s3a_ml_long_v1\\sample_000017\\images\\CAM_FRONT.png",
      "raw_layout": "bgra8"
    },
    "CAM_FRONT_RIGHT": {
      "type_id": "sensor.camera.rgb",
      "blueprint_attributes": {
        "role_name": "front",
        "ros_name": "sensor.camera.rgb",
        "chromatic_aberration_offset": "0.0",
        "sensor_tick": "0.100000",
        "fstop": "1.4",
        "image_size_x": "960",
        "image_size_y": "540",
        "fov": "70.00",
        "lens_circle_falloff": "5.0",
        "lens_circle_multiplier": "0.0",
        "exposure_compensation": "0.0",
        "lens_y_size": "0.08",
        "lens_k": "-1.0",
        "exposure_mode": "histogram",
        "lens_kcube": "0.0",
        "lens_x_size": "0.08",
        "exposure_max_bright": "12.0",
        "shutter_speed": "200.0",
        "bloom_intensity": "0.675",
        "iso": "100.0",
        "enable_postprocess_effects": "false",
        "gamma": "2.2",
        "motion_blur_intensity": "0.0",
        "motion_blur_max_distortion": "0.35",
        "lens_flare_intensity": "0.1",
        "motion_blur_min_object_screen_size": "0.1",
        "exposure_min_bright": "10.0",
        "exposure_speed_up": "3.0",
        "exposure_speed_down": "1.0",
        "tint": "0.0",
        "calibration_constant": "16.0",
        "focal_distance": "1000.0",
        "min_fstop": "1.2",
        "blade_count": "5",
        "blur_amount": "0.0",
        "blur_radius": "0.0",
        "slope": "0.88",
        "toe": "0.55",
        "white_clip": "0.04",
        "shoulder": "0.26",
        "black_clip": "0.0",
        "temp": "6500.0",
        "chromatic_aberration_intensity": "0.0"
      },
      "transform_carla": {
        "location": {
          "x": 105.59453582763672,
          "y": -33.196983337402344,
          "z": 1.6817725896835327
        },
        "rotation": {
          "roll": -0.1154048964381218,
          "pitch": -0.6728214025497437,
          "yaw": -46.77178955078125
        }
      },
      "matrix_world_from_sensor_carla": [
        [
          0.6848587393760681,
          0.7286462187767029,
          0.006575008854269981,
          105.59453582763672
        ],
        [
          -0.7285812497138977,
          0.6848873496055603,
          -0.009935601614415646,
          -33.196983337402344
        ],
        [
          -0.011742678470909595,
          0.0020140549167990685,
          0.9999290108680725,
          1.6817725896835327
        ],
        [
          0.0,
          0.0,
          0.0,
          1.0
        ]
      ],
      "matrix_world_from_sensor_bevfusion": [
        [
          0.7286462187767029,
          -0.006575008854269981,
          0.6848587393760681,
          105.59453582763672
        ],
        [
          -0.6848873496055603,
          -0.009935601614415646,
          0.7285812497138977,
          33.196983337402344
        ],
        [
          0.0020140549167990685,
          -0.9999290108680725,
          -0.011742678470909595,
          1.6817725896835327
        ],
        [
          0.0,
          0.0,
          0.0,
          1.0
        ]
      ],
      "matrix_ego_from_sensor_carla": [
        [
          0.5735762119293213,
          -0.8191522359848022,
          -6.411811170892179e-08,
          1.2999982833862305
        ],
        [
          0.8191521763801575,
          0.5735762119293213,
          2.0624311147798835e-08,
          0.5499954223632812
        ],
        [
          1.8695297754334206e-08,
          -6.497774762692643e-08,
          1.0,
          1.7000000476837158
        ],
        [
          0.0,
          0.0,
          0.0,
          1.0
        ]
      ],
      "matrix_ego_from_sensor_bevfusion": [
        [
          -0.8191522359848022,
          6.411811170892179e-08,
          0.5735762119293213,
          1.2999982833862305
        ],
        [
          -0.5735762119293213,
          2.0624311147798835e-08,
          -0.8191521763801575,
          -0.5499954223632812
        ],
        [
          -6.497774762692643e-08,
          -1.0,
          1.8695297754334206e-08,
          1.7000000476837158
        ],
        [
          0.0,
          0.0,
          0.0,
          1.0
        ]
      ],
      "camera_intrinsics": [
        [
          685.5110473632812,
          0.0,
          480.0
        ],
        [
          0.0,
          685.5110473632812,
          270.0
        ],
        [
          0.0,
          0.0,
          1.0
        ]
      ],
      "data_path": "D:\\Agent-AI\\outputs\\s3a_ml_long_v1\\sample_000017\\images\\CAM_FRONT_RIGHT.png",
      "raw_layout": "bgra8"
    },
    "CAM_FRONT_LEFT": {
      "type_id": "sensor.camera.rgb",
      "blueprint_attributes": {
        "role_name": "front",
        "ros_name": "sensor.camera.rgb",
        "chromatic_aberration_offset": "0.0",
        "sensor_tick": "0.100000",
        "fstop": "1.4",
        "image_size_x": "960",
        "image_size_y": "540",
        "fov": "70.00",
        "lens_circle_falloff": "5.0",
        "lens_circle_multiplier": "0.0",
        "exposure_compensation": "0.0",
        "lens_y_size": "0.08",
        "lens_k": "-1.0",
        "exposure_mode": "histogram",
        "lens_kcube": "0.0",
        "lens_x_size": "0.08",
        "exposure_max_bright": "12.0",
        "shutter_speed": "200.0",
        "bloom_intensity": "0.675",
        "iso": "100.0",
        "enable_postprocess_effects": "false",
        "gamma": "2.2",
        "motion_blur_intensity": "0.0",
        "motion_blur_max_distortion": "0.35",
        "lens_flare_intensity": "0.1",
        "motion_blur_min_object_screen_size": "0.1",
        "exposure_min_bright": "10.0",
        "exposure_speed_up": "3.0",
        "exposure_speed_down": "1.0",
        "tint": "0.0",
        "calibration_constant": "16.0",
        "focal_distance": "1000.0",
        "min_fstop": "1.2",
        "blade_count": "5",
        "blur_amount": "0.0",
        "blur_radius": "0.0",
        "slope": "0.88",
        "toe": "0.55",
        "white_clip": "0.04",
        "shoulder": "0.26",
        "black_clip": "0.0",
        "temp": "6500.0",
        "chromatic_aberration_intensity": "0.0"
      },
      "transform_carla": {
        "location": {
          "x": 104.5177001953125,
          "y": -32.97260284423828,
          "z": 1.6910827159881592
        },
        "rotation": {
          "roll": 0.6717146635055542,
          "pitch": 0.12167981266975403,
          "yaw": -156.77175903320312
        }
      },
      "matrix_world_from_sensor_carla": [
        [
          -0.9189389944076538,
          0.39434489607810974,
          0.0065750665962696075,
          104.5177001953125
        ],
        [
          -0.3943939805030823,
          -0.918887734413147,
          -0.009935556910932064,
          -32.97260284423828
        ],
        [
          0.0021237116307020187,
          -0.011723336763679981,
          0.9999290108680725,
          1.6910827159881592
        ],
        [
          0.0,
          0.0,
          0.0,
          1.0
        ]
      ],
      "matrix_world_from_sensor_bevfusion": [
        [
          0.39434489607810974,
          -0.0065750665962696075,
          -0.9189389944076538,
          104.5177001953125
        ],
        [
          0.918887734413147,
          -0.009935556910932064,
          0.3943939805030823,
          32.97260284423828
        ],
        [
          -0.011723336763679981,
          -0.9999290108680725,
          0.0021237116307020187,
          1.6910827159881592
        ],
        [
          0.0,
          0.0,
          0.0,
          1.0
        ]
      ],
      "matrix_ego_from_sensor_carla": [
        [
          0.5735765695571899,
          0.8191519379615784,
          -1.1906614361123502e-07,
          1.3000011444091797
        ],
        [
          -0.8191519379615784,
          0.5735765695571899,
          6.812176422954508e-08,
          -0.5500030517578125
        ],
        [
          1.2421254780292657e-07,
          5.923176260580476e-08,
          1.0,
          1.6999998092651367
        ],
        [
          0.0,
          0.0,
          0.0,
          1.0
        ]
      ],
      "matrix_ego_from_sensor_bevfusion": [
        [
          0.8191519379615784,
          1.1906614361123502e-07,
          0.5735765695571899,
          1.3000011444091797
        ],
        [
          -0.5735765695571899,
          6.812176422954508e-08,
          0.8191519379615784,
          0.5500030517578125
        ],
        [
          5.923176260580476e-08,
          -1.0,
          1.2421254780292657e-07,
          1.6999998092651367
        ],
        [
          0.0,
          0.0,
          0.0,
          1.0
        ]
      ],
      "camera_intrinsics": [
        [
          685.5110473632812,
          0.0,
          480.0
        ],
        [
          0.0,
          685.5110473632812,
          270.0
        ],
        [
          0.0,
          0.0,
          1.0
        ]
      ],
      "data_path": "D:\\Agent-AI\\outputs\\s3a_ml_long_v1\\sample_000017\\images\\CAM_FRONT_LEFT.png",
      "raw_layout": "bgra8"
    },
    "CAM_BACK": {
      "type_id": "sensor.camera.rgb",
      "blueprint_attributes": {
        "role_name": "front",
        "ros_name": "sensor.camera.rgb",
        "chromatic_aberration_offset": "0.0",
        "sensor_tick": "0.100000",
        "fstop": "1.4",
        "image_size_x": "960",
        "image_size_y": "540",
        "fov": "70.00",
        "lens_circle_falloff": "5.0",
        "lens_circle_multiplier": "0.0",
        "exposure_compensation": "0.0",
        "lens_y_size": "0.08",
        "lens_k": "-1.0",
        "exposure_mode": "histogram",
        "lens_kcube": "0.0",
        "lens_x_size": "0.08",
        "exposure_max_bright": "12.0",
        "shutter_speed": "200.0",
        "bloom_intensity": "0.675",
        "iso": "100.0",
        "enable_postprocess_effects": "false",
        "gamma": "2.2",
        "motion_blur_intensity": "0.0",
        "motion_blur_max_distortion": "0.35",
        "lens_flare_intensity": "0.1",
        "motion_blur_min_object_screen_size": "0.1",
        "exposure_min_bright": "10.0",
        "exposure_speed_up": "3.0",
        "exposure_speed_down": "1.0",
        "tint": "0.0",
        "calibration_constant": "16.0",
        "focal_distance": "1000.0",
        "min_fstop": "1.2",
        "blade_count": "5",
        "blur_amount": "0.0",
        "blur_radius": "0.0",
        "slope": "0.88",
        "toe": "0.55",
        "white_clip": "0.04",
        "shoulder": "0.26",
        "black_clip": "0.0",
        "temp": "6500.0",
        "chromatic_aberration_intensity": "0.0"
      },
      "transform_carla": {
        "location": {
          "x": 105.6376724243164,
          "y": -30.29486083984375,
          "z": 1.7103252410888672
        },
        "rotation": {
          "roll": -0.48496299982070923,
          "pitch": 0.4804423153400421,
          "yaw": 78.22547149658203
        }
      },
      "matrix_world_from_sensor_carla": [
        [
          0.20405364036560059,
          -0.9789376258850098,
          0.006574970204383135,
          105.6376724243164
        ],
        [
          0.9789237380027771,
          0.20398402214050293,
          -0.009935658425092697,
          -30.29486083984375
        ],
        [
          0.008385201916098595,
          0.008463801816105843,
          0.9999290108680725,
          1.7103252410888672
        ],
        [
          0.0,
          0.0,
          0.0,
          1.0
        ]
      ],
      "matrix_world_from_sensor_bevfusion": [
        [
          -0.9789376258850098,
          -0.006574970204383135,
          0.20405364036560059,
          105.6376724243164
        ],
        [
          -0.20398402214050293,
          -0.009935658425092697,
          -0.9789237380027771,
          30.29486083984375
        ],
        [
          0.008463801816105843,
          -0.9999290108680725,
          0.008385201916098595,
          1.7103252410888672
        ],
        [
          0.0,
          0.0,
          0.0,
          1.0
        ]
      ],
      "matrix_ego_from_sensor_carla": [
        [
          -1.0,
          -1.4271834913870407e-07,
          1.4314599505738101e-10,
          -1.5499992370605469
        ],
        [
          1.4695729078084696e-07,
          -1.0,
          -5.452721829612983e-09,
          0.0
        ],
        [
          1.7195652679546924e-09,
          -4.791496088785152e-09,
          1.0,
          1.6999998092651367
        ],
        [
          0.0,
          0.0,
          0.0,
          1.0
        ]
      ],
      "matrix_ego_from_sensor_bevfusion": [
        [
          -1.4271834913870407e-07,
          -1.4314599505738101e-10,
          -1.0,
          -1.5499992370605469
        ],
        [
          1.0,
          -5.452721829612983e-09,
          -1.4695729078084696e-07,
          0.0
        ],
        [
          -4.791496088785152e-09,
          -1.0,
          1.7195652679546924e-09,
          1.6999998092651367
        ],
        [
          0.0,
          0.0,
          0.0,
          1.0
        ]
      ],
      "camera_intrinsics": [
        [
          685.5110473632812,
          0.0,
          480.0
        ],
        [
          0.0,
          685.5110473632812,
          270.0
        ],
        [
          0.0,
          0.0,
          1.0
        ]
      ],
      "data_path": "D:\\Agent-AI\\outputs\\s3a_ml_long_v1\\sample_000017\\images\\CAM_BACK.png",
      "raw_layout": "bgra8"
    },
    "CAM_BACK_LEFT": {
      "type_id": "sensor.camera.rgb",
      "blueprint_attributes": {
        "role_name": "front",
        "ros_name": "sensor.camera.rgb",
        "chromatic_aberration_offset": "0.0",
        "sensor_tick": "0.100000",
        "fstop": "1.4",
        "image_size_x": "960",
        "image_size_y": "540",
        "fov": "70.00",
        "lens_circle_falloff": "5.0",
        "lens_circle_multiplier": "0.0",
        "exposure_compensation": "0.0",
        "lens_y_size": "0.08",
        "lens_k": "-1.0",
        "exposure_mode": "histogram",
        "lens_kcube": "0.0",
        "lens_x_size": "0.08",
        "exposure_max_bright": "12.0",
        "shutter_speed": "200.0",
        "bloom_intensity": "0.675",
        "iso": "100.0",
        "enable_postprocess_effects": "false",
        "gamma": "2.2",
        "motion_blur_intensity": "0.0",
        "motion_blur_max_distortion": "0.35",
        "lens_flare_intensity": "0.1",
        "motion_blur_min_object_screen_size": "0.1",
        "exposure_min_bright": "10.0",
        "exposure_speed_up": "3.0",
        "exposure_speed_down": "1.0",
        "tint": "0.0",
        "calibration_constant": "16.0",
        "focal_distance": "1000.0",
        "min_fstop": "1.2",
        "blade_count": "5",
        "blur_amount": "0.0",
        "blur_radius": "0.0",
        "slope": "0.88",
        "toe": "0.55",
        "white_clip": "0.04",
        "shoulder": "0.26",
        "black_clip": "0.0",
        "temp": "6500.0",
        "chromatic_aberration_intensity": "0.0"
      },
      "transform_carla": {
        "location": {
          "x": 105.0482406616211,
          "y": -30.42740249633789,
          "z": 1.7128840684890747
        },
        "rotation": {
          "roll": 0.11540492624044418,
          "pitch": 0.6728214025497437,
          "yaw": 133.22817993164062
        }
      },
      "matrix_world_from_sensor_carla": [
        [
          -0.6848583817481995,
          -0.7286465764045715,
          0.006575002800673246,
          105.0482406616211
        ],
        [
          0.7285816073417664,
          -0.6848869919776917,
          -0.00993560440838337,
          -30.42740249633789
        ],
        [
          0.011742678470909595,
          -0.0020140556152909994,
          0.9999290108680725,
          1.7128840684890747
        ],
        [
          0.0,
          0.0,
          0.0,
          1.0
        ]
      ],
      "matrix_world_from_sensor_bevfusion": [
        [
          -0.7286465764045715,
          -0.006575002800673246,
          -0.6848583817481995,
          105.0482406616211
        ],
        [
          0.6848869919776917,
          -0.00993560440838337,
          -0.7285816073417664,
          30.42740249633789
        ],
        [
          -0.0020140556152909994,
          -0.9999290108680725,
          0.011742678470909595,
          1.7128840684890747
        ],
        [
          0.0,
          0.0,
          0.0,
          1.0
        ]
      ],
      "matrix_ego_from_sensor_carla": [
        [
          -0.5735766291618347,
          0.8191519975662231,
          -5.9461498835844395e-08,
          -1.299997329711914
        ],
        [
          -0.8191519379615784,
          -0.5735766291618347,
          1.5036375700105964e-08,
          -0.5499954223632812
        ],
        [
          -2.0557942903565163e-08,
          5.8458535789895905e-08,
          1.0,
          1.6999998092651367
        ],
        [
          0.0,
          0.0,
          0.0,
          1.0
        ]
      ],
      "matrix_ego_from_sensor_bevfusion": [
        [
          0.8191519975662231,
          5.9461498835844395e-08,
          -0.5735766291618347,
          -1.299997329711914
        ],
        [
          0.5735766291618347,
          1.5036375700105964e-08,
          0.8191519379615784,
          0.5499954223632812
        ],
        [
          5.8458535789895905e-08,
          -1.0,
          -2.0557942903565163e-08,
          1.6999998092651367
        ],
        [
          0.0,
          0.0,
          0.0,
          1.0
        ]
      ],
      "camera_intrinsics": [
        [
          685.5110473632812,
          0.0,
          480.0
        ],
        [
          0.0,
          685.5110473632812,
          270.0
        ],
        [
          0.0,
          0.0,
          1.0
        ]
      ],
      "data_path": "D:\\Agent-AI\\outputs\\s3a_ml_long_v1\\sample_000017\\images\\CAM_BACK_LEFT.png",
      "raw_layout": "bgra8"
    },
    "CAM_BACK_RIGHT": {
      "type_id": "sensor.camera.rgb",
      "blueprint_attributes": {
        "role_name": "front",
        "ros_name": "sensor.camera.rgb",
        "chromatic_aberration_offset": "0.0",
        "sensor_tick": "0.100000",
        "fstop": "1.4",
        "image_size_x": "960",
        "image_size_y": "540",
        "fov": "70.00",
        "lens_circle_falloff": "5.0",
        "lens_circle_multiplier": "0.0",
        "exposure_compensation": "0.0",
        "lens_y_size": "0.08",
        "lens_k": "-1.0",
        "exposure_mode": "histogram",
        "lens_kcube": "0.0",
        "lens_x_size": "0.08",
        "exposure_max_bright": "12.0",
        "shutter_speed": "200.0",
        "bloom_intensity": "0.675",
        "iso": "100.0",
        "enable_postprocess_effects": "false",
        "gamma": "2.2",
        "motion_blur_intensity": "0.0",
        "motion_blur_max_distortion": "0.35",
        "lens_flare_intensity": "0.1",
        "motion_blur_min_object_screen_size": "0.1",
        "exposure_min_bright": "10.0",
        "exposure_speed_up": "3.0",
        "exposure_speed_down": "1.0",
        "tint": "0.0",
        "calibration_constant": "16.0",
        "focal_distance": "1000.0",
        "min_fstop": "1.2",
        "blade_count": "5",
        "blur_amount": "0.0",
        "blur_radius": "0.0",
        "slope": "0.88",
        "toe": "0.55",
        "white_clip": "0.04",
        "shoulder": "0.26",
        "black_clip": "0.0",
        "temp": "6500.0",
        "chromatic_aberration_intensity": "0.0"
      },
      "transform_carla": {
        "location": {
          "x": 106.12507629394531,
          "y": -30.65178108215332,
          "z": 1.7035738229751587
        },
        "rotation": {
          "roll": -0.6717146039009094,
          "pitch": -0.12167981266975403,
          "yaw": 23.228208541870117
        }
      },
      "matrix_world_from_sensor_carla": [
        [
          0.9189391732215881,
          -0.39434438943862915,
          0.006575060077011585,
          106.12507629394531
        ],
        [
          0.3943934738636017,
          0.9188879132270813,
          -0.009935559704899788,
          -30.65178108215332
        ],
        [
          -0.0021237116307020187,
          0.011723335832357407,
          0.9999290108680725,
          1.7035738229751587
        ],
        [
          0.0,
          0.0,
          0.0,
          1.0
        ]
      ],
      "matrix_world_from_sensor_bevfusion": [
        [
          -0.39434438943862915,
          -0.006575060077011585,
          0.9189391732215881,
          106.12507629394531
        ],
        [
          -0.9188879132270813,
          -0.009935559704899788,
          -0.3943934738636017,
          30.65178108215332
        ],
        [
          0.011723335832357407,
          -0.9999290108680725,
          -0.0021237116307020187,
          1.7035738229751587
        ],
        [
          0.0,
          0.0,
          0.0,
          1.0
        ]
      ],
      "matrix_ego_from_sensor_carla": [
        [
          -0.5735760927200317,
          -0.8191522359848022,
          -1.153408533127731e-07,
          -1.3000011444091797
        ],
        [
          0.8191521763801575,
          -0.5735761523246765,
          6.253382878185221e-08,
          0.5500030517578125
        ],
        [
          -1.1839178171157982e-07,
          -5.8300376082343064e-08,
          1.0,
          1.6999998092651367
        ],
        [
          0.0,
          0.0,
          0.0,
          1.0
        ]
      ],
      "matrix_ego_from_sensor_bevfusion": [
        [
          -0.8191522359848022,
          1.153408533127731e-07,
          -0.5735760927200317,
          -1.3000011444091797
        ],
        [
          0.5735761523246765,
          6.253382878185221e-08,
          -0.8191521763801575,
          -0.5500030517578125
        ],
        [
          -5.8300376082343064e-08,
          -1.0,
          -1.1839178171157982e-07,
          1.6999998092651367
        ],
        [
          0.0,
          0.0,
          0.0,
          1.0
        ]
      ],
      "camera_intrinsics": [
        [
          685.5110473632812,
          0.0,
          480.0
        ],
        [
          0.0,
          685.5110473632812,
          270.0
        ],
        [
          0.0,
          0.0,
          1.0
        ]
      ],
      "data_path": "D:\\Agent-AI\\outputs\\s3a_ml_long_v1\\sample_000017\\images\\CAM_BACK_RIGHT.png",
      "raw_layout": "bgra8"
    },
    "LIDAR_TOP": {
      "type_id": "sensor.lidar.ray_cast",
      "blueprint_attributes": {
        "atmosphere_attenuation_rate": "0.004",
        "role_name": "front",
        "noise_seed": "0",
        "upper_fov": "10.0",
        "ros_name": "sensor.lidar.ray_cast",
        "sensor_tick": "0.100000",
        "channels": "32",
        "range": "120.0",
        "points_per_second": "360000",
        "lower_fov": "-30.0",
        "rotation_frequency": "10.000000",
        "horizontal_fov": "360.0",
        "dropoff_general_rate": "0.0",
        "dropoff_intensity_limit": "1.0",
        "noise_stddev": "0.0",
        "dropoff_zero_intensity": "0.0"
      },
      "transform_carla": {
        "location": {
          "x": 105.32467651367188,
          "y": -31.81715965270996,
          "z": 2.1972928047180176
        },
        "rotation": {
          "roll": 0.48496320843696594,
          "pitch": -0.4804423153400421,
          "yaw": -101.77452087402344
        }
      },
      "matrix_world_from_sensor_carla": [
        [
          -0.20405350625514984,
          0.9789376854896545,
          0.006574975326657295,
          105.32467651367188
        ],
        [
          -0.9789237976074219,
          -0.20398388803005219,
          -0.009935659356415272,
          -31.81715965270996
        ],
        [
          -0.008385201916098595,
          -0.008463805541396141,
          0.9999290108680725,
          2.1972928047180176
        ],
        [
          0.0,
          0.0,
          0.0,
          1.0
        ]
      ],
      "matrix_world_from_sensor_bevfusion": [
        [
          -0.20405350625514984,
          -0.9789376854896545,
          0.006574975326657295,
          105.32467651367188
        ],
        [
          0.9789237976074219,
          -0.20398388803005219,
          0.009935659356415272,
          31.81715965270996
        ],
        [
          -0.008385201916098595,
          0.008463805541396141,
          0.9999290108680725,
          2.1972928047180176
        ],
        [
          0.0,
          0.0,
          0.0,
          1.0
        ]
      ],
      "matrix_ego_from_sensor_carla": [
        [
          1.0,
          -3.43168093941415e-09,
          -7.881765795580975e-10,
          0.0
        ],
        [
          -6.887181935866238e-10,
          1.0,
          1.352136735910392e-10,
          -7.62939453125e-06
        ],
        [
          1.4307988127626459e-10,
          1.3514755980992277e-10,
          1.0,
          2.1999998092651367
        ],
        [
          0.0,
          0.0,
          0.0,
          1.0
        ]
      ],
      "matrix_ego_from_sensor_bevfusion": [
        [
          1.0,
          3.43168093941415e-09,
          -7.881765795580975e-10,
          0.0
        ],
        [
          6.887181935866238e-10,
          1.0,
          -1.352136735910392e-10,
          7.62939453125e-06
        ],
        [
          1.4307988127626459e-10,
          -1.3514755980992277e-10,
          1.0,
          2.1999998092651367
        ],
        [
          0.0,
          0.0,
          0.0,
          1.0
        ]
      ],
      "data_path": "D:\\Agent-AI\\outputs\\s3a_ml_long_v1\\sample_000017\\lidar\\LIDAR_TOP.npy",
      "raw_layout": [
        "x",
        "y",
        "z",
        "intensity"
      ]
    },
    "RADAR_FRONT": {
      "type_id": "sensor.other.radar",
      "blueprint_attributes": {
        "sensor_tick": "0.100000",
        "role_name": "default",
        "noise_seed": "0",
        "ros_name": "sensor.other.radar",
        "horizontal_fov": "35.0",
        "points_per_second": "1500",
        "vertical_fov": "20.0",
        "range": "120.0"
      },
      "transform_carla": {
        "location": {
          "x": 104.90802764892578,
          "y": -33.76209259033203,
          "z": 0.8806149363517761
        },
        "rotation": {
          "roll": 0.48496320843696594,
          "pitch": -0.4804423153400421,
          "yaw": -101.77452087402344
        }
      },
      "matrix_world_from_sensor_carla": [
        [
          -0.20405350625514984,
          0.9789376854896545,
          0.006574975326657295,
          104.90802764892578
        ],
        [
          -0.9789237976074219,
          -0.20398388803005219,
          -0.009935659356415272,
          -33.76209259033203
        ],
        [
          -0.008385201916098595,
          -0.008463805541396141,
          0.9999290108680725,
          0.8806149363517761
        ],
        [
          0.0,
          0.0,
          0.0,
          1.0
        ]
      ],
      "matrix_world_from_sensor_bevfusion": [
        [
          -0.20405350625514984,
          -0.9789376854896545,
          0.006574975326657295,
          104.90802764892578
        ],
        [
          0.9789237976074219,
          -0.20398388803005219,
          0.009935659356415272,
          33.76209259033203
        ],
        [
          -0.008385201916098595,
          0.008463805541396141,
          0.9999290108680725,
          0.8806149363517761
        ],
        [
          0.0,
          0.0,
          0.0,
          1.0
        ]
      ],
      "matrix_ego_from_sensor_carla": [
        [
          1.0,
          -3.43168093941415e-09,
          -7.881765795580975e-10,
          2.0
        ],
        [
          -6.887181935866238e-10,
          1.0,
          1.352136735910392e-10,
          7.62939453125e-06
        ],
        [
          1.4307988127626459e-10,
          1.3514755980992277e-10,
          1.0,
          0.9000002145767212
        ],
        [
          0.0,
          0.0,
          0.0,
          1.0
        ]
      ],
      "matrix_ego_from_sensor_bevfusion": [
        [
          1.0,
          3.43168093941415e-09,
          -7.881765795580975e-10,
          2.0
        ],
        [
          6.887181935866238e-10,
          1.0,
          -1.352136735910392e-10,
          -7.62939453125e-06
        ],
        [
          1.4307988127626459e-10,
          -1.3514755980992277e-10,
          1.0,
          0.9000002145767212
        ],
        [
          0.0,
          0.0,
          0.0,
          1.0
        ]
      ],
      "data_path": "D:\\Agent-AI\\outputs\\s3a_ml_long_v1\\sample_000017\\radar\\RADAR_FRONT.npy",
      "raw_layout": [
        "velocity",
        "altitude",
        "azimuth",
        "depth"
      ]
    },
    "RADAR_FRONT_LEFT": {
      "type_id": "sensor.other.radar",
      "blueprint_attributes": {
        "sensor_tick": "0.100000",
        "role_name": "default",
        "noise_seed": "0",
        "ros_name": "sensor.other.radar",
        "horizontal_fov": "35.0",
        "points_per_second": "1500",
        "vertical_fov": "20.0",
        "range": "120.0"
      },
      "transform_carla": {
        "location": {
          "x": 104.2452392578125,
          "y": -33.2664794921875,
          "z": 0.8898975849151611
        },
        "rotation": {
          "roll": 0.6826379299163818,
          "pitch": 0.0031896980945020914,
          "yaw": -146.77243041992188
        }
      },
      "matrix_world_from_sensor_carla": [
        [
          -0.8365007638931274,
          0.5479263067245483,
          0.006575027946382761,
          104.2452392578125
        ],
        [
          -0.5479657649993896,
          -0.8364417552947998,
          -0.009935564361512661,
          -33.2664794921875
        ],
        [
          5.567073458223604e-05,
          -0.011913997121155262,
          0.9999290108680725,
          0.8898975849151611
        ],
        [
          0.0,
          0.0,
          0.0,
          1.0
        ]
      ],
      "matrix_world_from_sensor_bevfusion": [
        [
          -0.8365007638931274,
          -0.5479263067245483,
          0.006575027946382761,
          104.2452392578125
        ],
        [
          0.5479657649993896,
          -0.8364417552947998,
          0.009935564361512661,
          33.2664794921875
        ],
        [
          5.567073458223604e-05,
          0.011913997121155262,
          0.9999290108680725,
          0.8898975849151611
        ],
        [
          0.0,
          0.0,
          0.0,
          1.0
        ]
      ],
      "matrix_ego_from_sensor_carla": [
        [
          0.7071071863174438,
          0.7071064114570618,
          -1.0416498241738736e-07,
          1.6499996185302734
        ],
        [
          -0.707106351852417,
          0.7071071267127991,
          3.180018026682774e-08,
          -0.75
        ],
        [
          9.63979900348022e-08,
          5.041483319701001e-08,
          1.0,
          0.9000000953674316
        ],
        [
          0.0,
          0.0,
          0.0,
          1.0
        ]
      ],
      "matrix_ego_from_sensor_bevfusion": [
        [
          0.7071071863174438,
          -0.7071064114570618,
          -1.0416498241738736e-07,
          1.6499996185302734
        ],
        [
          0.707106351852417,
          0.7071071267127991,
          -3.180018026682774e-08,
          0.75
        ],
        [
          9.63979900348022e-08,
          -5.041483319701001e-08,
          1.0,
          0.9000000953674316
        ],
        [
          0.0,
          0.0,
          0.0,
          1.0
        ]
      ],
      "data_path": "D:\\Agent-AI\\outputs\\s3a_ml_long_v1\\sample_000017\\radar\\RADAR_FRONT_LEFT.npy",
      "raw_layout": [
        "velocity",
        "altitude",
        "azimuth",
        "depth"
      ]
    },
    "RADAR_FRONT_RIGHT": {
      "type_id": "sensor.other.radar",
      "blueprint_attributes": {
        "sensor_tick": "0.100000",
        "role_name": "default",
        "noise_seed": "0",
        "ros_name": "sensor.other.radar",
        "horizontal_fov": "35.0",
        "points_per_second": "1500",
        "vertical_fov": "20.0",
        "range": "120.0"
      },
