{
  "schema_version": "stage1.v1",
  "sample_name": "sample_000069",
  "sequence_index": 69,
  "previous_sample_name": "sample_000068",
  "frame_id": 60070,
  "timestamp": 441.9197008535266,
  "platform_timestamp": 16814593.1392411,
  "delta_seconds": 0.10000000149011612,
  "town": "Carla/Maps/Town10HD_Opt",
  "weather": {
    "cloudiness": 20.0,
    "dust_storm": 0.0,
    "fog_density": 2.0,
    "fog_distance": 0.75,
    "fog_falloff": 0.10000000149011612,
    "mie_scattering_scale": 0.029999999329447746,
    "precipitation": 0.0,
    "precipitation_deposits": 0.0,
    "rayleigh_scattering_scale": 0.03310000151395798,
    "scattering_intensity": 1.0,
    "sun_altitude_angle": 45.0,
    "sun_azimuth_angle": 300.0,
    "wetness": 0.0,
    "wind_intensity": 10.0
  },
  "sensor_names": [
    "CAM_FRONT",
    "CAM_FRONT_RIGHT",
    "CAM_FRONT_LEFT",
    "CAM_BACK",
    "CAM_BACK_LEFT",
    "CAM_BACK_RIGHT",
    "LIDAR_TOP",
    "RADAR_FRONT",
    "RADAR_FRONT_LEFT",
    "RADAR_FRONT_RIGHT",
    "RADAR_BACK_LEFT",
    "RADAR_BACK_RIGHT"
  ],
  "camera_order_for_model": [
    "CAM_FRONT",
    "CAM_FRONT_RIGHT",
    "CAM_FRONT_LEFT",
    "CAM_BACK",
    "CAM_BACK_LEFT",
    "CAM_BACK_RIGHT"
  ],
  "radar_order_for_model": [
    "RADAR_FRONT",
    "RADAR_FRONT_LEFT",
    "RADAR_FRONT_RIGHT",
    "RADAR_BACK_LEFT",
    "RADAR_BACK_RIGHT"
  ],
  "coordinate_notes": {
    "carla_world": "left-handed x-forward y-right z-up",
    "bevfusion_lidar": "x-forward y-left z-up",
    "camera_frame_for_model": "OpenCV style x-right y-down z-forward"
  },
  "ego": {
    "actor_id": 28,
    "transform_carla": {
      "location": {
        "x": 82.29862213134766,
        "y": -60.43582534790039,
        "z": -0.003552741836756468
      },
      "rotation": {
        "roll": 0.11542531102895737,
        "pitch": -0.27136340737342834,
        "yaw": -154.5645294189453
      }
    },
    "velocity_carla": [
      -1.8404382467269897,
      -0.758813202381134,
      0.0007548332214355469
    ],
    "angular_velocity_carla": [
      -1.448599100112915,
      2.702054262161255,
      -3.8472557067871094
    ],
    "matrix_world_from_ego_carla": [
      [
        -0.9030594825744629,
        0.429502010345459,
        -0.003411842044442892,
        82.29862213134766
      ],
      [
        -0.42948946356773376,
        -0.9030636548995972,
        -0.0038534319028258324,
        -60.43582534790039
      ],
      [
        -0.004736167378723621,
        -0.0020145277958363295,
        0.9999867677688599,
        -0.003552741836756468
      ],
      [
        0.0,
        0.0,
        0.0,
        1.0
      ]
    ],
    "matrix_world_from_ego_bevfusion": [
      [
        -0.9030594825744629,
        -0.429502010345459,
        -0.003411842044442892,
        82.29862213134766
      ],
      [
        0.42948946356773376,
        -0.9030636548995972,
        0.0038534319028258324,
        60.43582534790039
      ],
      [
        -0.004736167378723621,
        0.0020145277958363295,
        0.9999867677688599,
        -0.003552741836756468
      ],
      [
        0.0,
        0.0,
        0.0,
        1.0
      ]
    ]
  },
  "sensors": {
    "CAM_FRONT": {
      "type_id": "sensor.camera.rgb",
      "blueprint_attributes": {
        "role_name": "front",
        "ros_name": "sensor.camera.rgb",
        "chromatic_aberration_offset": "0.0",
        "sensor_tick": "0.100000",
        "fstop": "1.4",
        "image_size_x": "960",
        "image_size_y": "540",
        "fov": "70.00",
        "lens_circle_falloff": "5.0",
        "lens_circle_multiplier": "0.0",
        "exposure_compensation": "0.0",
        "lens_y_size": "0.08",
        "lens_k": "-1.0",
        "exposure_mode": "histogram",
        "lens_kcube": "0.0",
        "lens_x_size": "0.08",
        "exposure_max_bright": "12.0",
        "shutter_speed": "200.0",
        "bloom_intensity": "0.675",
        "iso": "100.0",
        "enable_postprocess_effects": "false",
        "gamma": "2.2",
        "motion_blur_intensity": "0.0",
        "motion_blur_max_distortion": "0.35",
        "lens_flare_intensity": "0.1",
        "motion_blur_min_object_screen_size": "0.1",
        "exposure_min_bright": "10.0",
        "exposure_speed_up": "3.0",
        "exposure_speed_down": "1.0",
        "tint": "0.0",
        "calibration_constant": "16.0",
        "focal_distance": "1000.0",
        "min_fstop": "1.2",
        "blade_count": "5",
        "blur_amount": "0.0",
        "blur_radius": "0.0",
        "slope": "0.88",
        "toe": "0.55",
        "white_clip": "0.04",
        "shoulder": "0.26",
        "black_clip": "0.0",
        "temp": "6500.0",
        "chromatic_aberration_intensity": "0.0"
      },
      "transform_carla": {
        "location": {
          "x": 80.89308166503906,
          "y": -61.10808563232422,
          "z": 1.6890838146209717
        },
        "rotation": {
          "roll": 0.11542531102895737,
          "pitch": -0.27136340737342834,
          "yaw": -154.5645294189453
        }
      },
      "matrix_world_from_sensor_carla": [
        [
          -0.9030594825744629,
          0.429502010345459,
          -0.003411842044442892,
          80.89308166503906
        ],
        [
          -0.42948946356773376,
          -0.9030636548995972,
          -0.0038534319028258324,
          -61.10808563232422
        ],
        [
          -0.004736167378723621,
          -0.0020145277958363295,
          0.9999867677688599,
          1.6890838146209717
        ],
        [
          0.0,
          0.0,
          0.0,
          1.0
        ]
      ],
      "matrix_world_from_sensor_bevfusion": [
        [
          0.429502010345459,
          0.003411842044442892,
          -0.9030594825744629,
          80.89308166503906
        ],
        [
          0.9030636548995972,
          -0.0038534319028258324,
          0.42948946356773376,
          61.10808563232422
        ],
        [
          -0.0020145277958363295,
          -0.9999867677688599,
          -0.004736167378723621,
          1.6890838146209717
        ],
        [
          0.0,
          0.0,
          0.0,
          1.0
        ]
      ],
      "matrix_ego_from_sensor_carla": [
        [
          0.9999999403953552,
          -2.4517670116352974e-09,
          2.714428126715518e-10,
          1.5499992370605469
        ],
        [
          -5.3391908672040245e-09,
          1.0,
          -1.1882350658964924e-10,
          0.0
        ],
        [
          -1.942123128984008e-10,
          -1.1882658745854258e-10,
          1.0,
          1.7000001668930054
        ],
        [
          0.0,
          0.0,
          0.0,
          1.0
        ]
      ],
      "matrix_ego_from_sensor_bevfusion": [
        [
          -2.4517670116352974e-09,
          -2.714428126715518e-10,
          0.9999999403953552,
          1.5499992370605469
        ],
        [
          -1.0,
          -1.1882350658964924e-10,
          5.3391908672040245e-09,
          0.0
        ],
        [
          -1.1882658745854258e-10,
          -1.0,
          -1.942123128984008e-10,
          1.7000001668930054
        ],
        [
          0.0,
          0.0,
          0.0,
          1.0
        ]
      ],
      "camera_intrinsics": [
        [
          685.5110473632812,
          0.0,
          480.0
        ],
        [
          0.0,
          685.5110473632812,
          270.0
        ],
        [
          0.0,
          0.0,
          1.0
        ]
      ],
      "data_path": "D:\\Agent-AI\\outputs\\s3a_ml_long_v2\\sample_000069\\images\\CAM_FRONT.png",
      "raw_layout": "bgra8"
    },
    "CAM_FRONT_RIGHT": {
      "type_id": "sensor.camera.rgb",
      "blueprint_attributes": {
        "role_name": "front",
        "ros_name": "sensor.camera.rgb",
        "chromatic_aberration_offset": "0.0",
        "sensor_tick": "0.100000",
        "fstop": "1.4",
        "image_size_x": "960",
        "image_size_y": "540",
        "fov": "70.00",
        "lens_circle_falloff": "5.0",
        "lens_circle_multiplier": "0.0",
        "exposure_compensation": "0.0",
        "lens_y_size": "0.08",
        "lens_k": "-1.0",
        "exposure_mode": "histogram",
        "lens_kcube": "0.0",
        "lens_x_size": "0.08",
        "exposure_max_bright": "12.0",
        "shutter_speed": "200.0",
        "bloom_intensity": "0.675",
        "iso": "100.0",
        "enable_postprocess_effects": "false",
        "gamma": "2.2",
        "motion_blur_intensity": "0.0",
        "motion_blur_max_distortion": "0.35",
        "lens_flare_intensity": "0.1",
        "motion_blur_min_object_screen_size": "0.1",
        "exposure_min_bright": "10.0",
        "exposure_speed_up": "3.0",
        "exposure_speed_down": "1.0",
        "tint": "0.0",
        "calibration_constant": "16.0",
        "focal_distance": "1000.0",
        "min_fstop": "1.2",
        "blade_count": "5",
        "blur_amount": "0.0",
        "blur_radius": "0.0",
        "slope": "0.88",
        "toe": "0.55",
        "white_clip": "0.04",
        "shoulder": "0.26",
        "black_clip": "0.0",
        "temp": "6500.0",
        "chromatic_aberration_intensity": "0.0"
      },
      "transform_carla": {
        "location": {
          "x": 81.35507202148438,
          "y": -61.49739456176758,
          "z": 1.689159870147705
        },
        "rotation": {
          "roll": -0.15608328580856323,
          "pitch": -0.250196635723114,
          "yaw": -99.56391143798828
        }
      },
      "matrix_world_from_sensor_carla": [
        [
          -0.16614612936973572,
          0.9860952496528625,
          -0.0034118215553462505,
          81.35507202148438
        ],
        [
          -0.9860914349555969,
          -0.16615882515907288,
          -0.0038534177001565695,
          -61.49739456176758
        ],
        [
          -0.004366741050034761,
          0.002724137855693698,
          0.9999867677688599,
          1.689159870147705
        ],
        [
          0.0,
          0.0,
          0.0,
          1.0
        ]
      ],
      "matrix_world_from_sensor_bevfusion": [
        [
          0.9860952496528625,
          0.0034118215553462505,
          -0.16614612936973572,
          81.35507202148438
        ],
        [
          0.16615882515907288,
          -0.0038534177001565695,
          0.9860914349555969,
          61.49739456176758
        ],
        [
          0.002724137855693698,
          -0.9999867677688599,
          -0.004366741050034761,
          1.689159870147705
        ],
        [
          0.0,
          0.0,
          0.0,
          1.0
        ]
      ],
      "matrix_ego_from_sensor_carla": [
        [
          0.5735763311386108,
          -0.8191520571708679,
          -2.4408604915038268e-08,
          1.2999954223632812
        ],
        [
          0.8191520571708679,
          0.5735763907432556,
          -4.076944559727735e-09,
          0.5499954223632812
        ],
        [
          1.680353278743496e-08,
          -1.7652800110568023e-08,
          1.0,
          1.7000001668930054
        ],
        [
          0.0,
          0.0,
          0.0,
          1.0
        ]
      ],
      "matrix_ego_from_sensor_bevfusion": [
        [
          -0.8191520571708679,
          2.4408604915038268e-08,
          0.5735763311386108,
          1.2999954223632812
        ],
        [
          -0.5735763907432556,
          -4.076944559727735e-09,
          -0.8191520571708679,
          -0.5499954223632812
        ],
        [
          -1.7652800110568023e-08,
          -1.0,
          1.680353278743496e-08,
          1.7000001668930054
        ],
        [
          0.0,
          0.0,
          0.0,
          1.0
        ]
      ],
      "camera_intrinsics": [
        [
          685.5110473632812,
          0.0,
          480.0
        ],
        [
          0.0,
          685.5110473632812,
          270.0
        ],
        [
          0.0,
          0.0,
          1.0
        ]
      ],
      "data_path": "D:\\Agent-AI\\outputs\\s3a_ml_long_v2\\sample_000069\\images\\CAM_FRONT_RIGHT.png",
      "raw_layout": "bgra8"
    },
    "CAM_FRONT_LEFT": {
      "type_id": "sensor.camera.rgb",
      "blueprint_attributes": {
        "role_name": "front",
        "ros_name": "sensor.camera.rgb",
        "chromatic_aberration_offset": "0.0",
        "sensor_tick": "0.100000",
        "fstop": "1.4",
        "image_size_x": "960",
        "image_size_y": "540",
        "fov": "70.00",
        "lens_circle_falloff": "5.0",
        "lens_circle_multiplier": "0.0",
        "exposure_compensation": "0.0",
        "lens_y_size": "0.08",
        "lens_k": "-1.0",
        "exposure_mode": "histogram",
        "lens_kcube": "0.0",
        "lens_x_size": "0.08",
        "exposure_max_bright": "12.0",
        "shutter_speed": "200.0",
        "bloom_intensity": "0.675",
        "iso": "100.0",
        "enable_postprocess_effects": "false",
        "gamma": "2.2",
        "motion_blur_intensity": "0.0",
        "motion_blur_max_distortion": "0.35",
        "lens_flare_intensity": "0.1",
        "motion_blur_min_object_screen_size": "0.1",
        "exposure_min_bright": "10.0",
        "exposure_speed_up": "3.0",
        "exposure_speed_down": "1.0",
        "tint": "0.0",
        "calibration_constant": "16.0",
        "focal_distance": "1000.0",
        "min_fstop": "1.2",
        "blade_count": "5",
        "blur_amount": "0.0",
        "blur_radius": "0.0",
        "slope": "0.88",
        "toe": "0.55",
        "white_clip": "0.04",
        "shoulder": "0.26",
        "black_clip": "0.0",
        "temp": "6500.0",
        "chromatic_aberration_intensity": "0.0"
      },
      "transform_carla": {
        "location": {
          "x": 80.88262176513672,
          "y": -60.5040283203125,
          "z": 1.691375732421875
        },
        "rotation": {
          "roll": 0.2884918749332428,
          "pitch": -0.06109603866934776,
          "yaw": 150.43557739257812
        }
      },
      "matrix_world_from_sensor_carla": [
        [
          -0.869800865650177,
          -0.4933910071849823,
          -0.003411814570426941,
          80.88262176513672
        ],
        [
          0.4934016466140747,
          -0.8697929978370667,
          -0.0038534263148903847,
          -60.5040283203125
        ],
        [
          -0.0010663267457857728,
          -0.005035108886659145,
          0.9999867081642151,
          1.691375732421875
        ],
        [
          0.0,
          0.0,
          0.0,
          1.0
        ]
      ],
      "matrix_world_from_sensor_bevfusion": [
        [
          -0.4933910071849823,
          0.003411814570426941,
          -0.869800865650177,
          80.88262176513672
        ],
        [
          0.8697929978370667,
          -0.0038534263148903847,
          -0.4934016466140747,
          60.5040283203125
        ],
        [
          -0.005035108886659145,
          -0.9999867081642151,
          -0.0010663267457857728,
          1.691375732421875
        ],
        [
          0.0,
          0.0,
          0.0,
          1.0
        ]
      ],
      "matrix_ego_from_sensor_carla": [
        [
          0.5735761523246765,
          0.8191521763801575,
          -2.6920275786324055e-08,
          1.2999954223632812
        ],
        [
          -0.8191521763801575,
          0.5735761523246765,
          6.7533405534447866e-09,
          -0.5499954223632812
        ],
        [
          2.0861969929342195e-08,
          1.7731290213873763e-08,
          0.9999999403953552,
          1.7000000476837158
        ],
        [
          0.0,
          0.0,
          0.0,
          1.0
        ]
      ],
      "matrix_ego_from_sensor_bevfusion": [
        [
          0.8191521763801575,
          2.6920275786324055e-08,
          0.5735761523246765,
          1.2999954223632812
        ],
        [
          -0.5735761523246765,
          6.7533405534447866e-09,
          0.8191521763801575,
          0.5499954223632812
        ],
        [
          1.7731290213873763e-08,
          -0.9999999403953552,
          2.0861969929342195e-08,
          1.7000000476837158
        ],
        [
          0.0,
          0.0,
          0.0,
          1.0
        ]
      ],
      "camera_intrinsics": [
        [
          685.5110473632812,
          0.0,
          480.0
        ],
        [
          0.0,
          685.5110473632812,
          270.0
        ],
        [
          0.0,
          0.0,
          1.0
        ]
      ],
      "data_path": "D:\\Agent-AI\\outputs\\s3a_ml_long_v2\\sample_000069\\images\\CAM_FRONT_LEFT.png",
      "raw_layout": "bgra8"
    },
    "CAM_BACK": {
      "type_id": "sensor.camera.rgb",
      "blueprint_attributes": {
        "role_name": "front",
        "ros_name": "sensor.camera.rgb",
        "chromatic_aberration_offset": "0.0",
        "sensor_tick": "0.100000",
        "fstop": "1.4",
        "image_size_x": "960",
        "image_size_y": "540",
        "fov": "70.00",
        "lens_circle_falloff": "5.0",
        "lens_circle_multiplier": "0.0",
        "exposure_compensation": "0.0",
        "lens_y_size": "0.08",
        "lens_k": "-1.0",
        "exposure_mode": "histogram",
        "lens_kcube": "0.0",
        "lens_x_size": "0.08",
        "exposure_max_bright": "12.0",
        "shutter_speed": "200.0",
        "bloom_intensity": "0.675",
        "iso": "100.0",
        "enable_postprocess_effects": "false",
        "gamma": "2.2",
        "motion_blur_intensity": "0.0",
        "motion_blur_max_distortion": "0.35",
        "lens_flare_intensity": "0.1",
        "motion_blur_min_object_screen_size": "0.1",
        "exposure_min_bright": "10.0",
        "exposure_speed_up": "3.0",
        "exposure_speed_down": "1.0",
        "tint": "0.0",
        "calibration_constant": "16.0",
        "focal_distance": "1000.0",
        "min_fstop": "1.2",
        "blade_count": "5",
        "blur_amount": "0.0",
        "blur_radius": "0.0",
        "slope": "0.88",
        "toe": "0.55",
        "white_clip": "0.04",
        "shoulder": "0.26",
        "black_clip": "0.0",
        "temp": "6500.0",
        "chromatic_aberration_intensity": "0.0"
      },
      "transform_carla": {
        "location": {
          "x": 83.69256591796875,
          "y": -59.77666473388672,
          "z": 1.703765630722046
        },
        "rotation": {
          "roll": -0.11542519927024841,
          "pitch": 0.27136340737342834,
          "yaw": 25.435462951660156
        }
      },
      "matrix_world_from_sensor_carla": [
        [
          0.9030594825744629,
          -0.42950189113616943,
          -0.0034118432085961103,
          83.69256591796875
        ],
        [
          0.4294893443584442,
          0.9030636548995972,
          -0.0038534291088581085,
          -59.77666473388672
        ],
        [
          0.004736167378723621,
          0.0020145257003605366,
          0.9999867677688599,
          1.703765630722046
        ],
        [
          0.0,
          0.0,
          0.0,
          1.0
        ]
      ],
      "matrix_world_from_sensor_bevfusion": [
        [
          -0.42950189113616943,
          0.0034118432085961103,
          0.9030594825744629,
          83.69256591796875
        ],
        [
          -0.9030636548995972,
          -0.0038534291088581085,
          -0.4294893443584442,
          59.77666473388672
        ],
        [
          0.0020145257003605366,
          -0.9999867677688599,
          0.004736167378723621,
          1.703765630722046
        ],
        [
          0.0,
          0.0,
          0.0,
          1.0
        ]
      ],
      "matrix_ego_from_sensor_carla": [
        [
          -0.9999998807907104,
          -1.1674760003188567e-07,
          2.714428126715518e-10,
          -1.5499992370605469
        ],
        [
          1.129924385168124e-07,
          -0.9999999403953552,
          -3.145621985112257e-09,
          0.0
        ],
        [
          6.598736002061401e-10,
          -2.4422828204251346e-09,
          1.0,
          1.6999998092651367
        ],
        [
          0.0,
          0.0,
          0.0,
          1.0
        ]
      ],
      "matrix_ego_from_sensor_bevfusion": [
        [
          -1.1674760003188567e-07,
          -2.714428126715518e-10,
          -0.9999998807907104,
          -1.5499992370605469
        ],
        [
          0.9999999403953552,
          -3.145621985112257e-09,
          -1.129924385168124e-07,
          0.0
        ],
        [
          -2.4422828204251346e-09,
          -1.0,
          6.598736002061401e-10,
          1.6999998092651367
        ],
        [
          0.0,
          0.0,
          0.0,
          1.0
        ]
      ],
      "camera_intrinsics": [
        [
          685.5110473632812,
          0.0,
          480.0
        ],
        [
          0.0,
          685.5110473632812,
          270.0
        ],
        [
          0.0,
          0.0,
          1.0
        ]
      ],
      "data_path": "D:\\Agent-AI\\outputs\\s3a_ml_long_v2\\sample_000069\\images\\CAM_BACK.png",
      "raw_layout": "bgra8"
    },
    "CAM_BACK_LEFT": {
      "type_id": "sensor.camera.rgb",
      "blueprint_attributes": {
        "role_name": "front",
        "ros_name": "sensor.camera.rgb",
        "chromatic_aberration_offset": "0.0",
        "sensor_tick": "0.100000",
        "fstop": "1.4",
        "image_size_x": "960",
        "image_size_y": "540",
        "fov": "70.00",
        "lens_circle_falloff": "5.0",
        "lens_circle_multiplier": "0.0",
        "exposure_compensation": "0.0",
        "lens_y_size": "0.08",
        "lens_k": "-1.0",
        "exposure_mode": "histogram",
        "lens_kcube": "0.0",
        "lens_x_size": "0.08",
        "exposure_max_bright": "12.0",
        "shutter_speed": "200.0",
        "bloom_intensity": "0.675",
        "iso": "100.0",
        "enable_postprocess_effects": "false",
        "gamma": "2.2",
        "motion_blur_intensity": "0.0",
        "motion_blur_max_distortion": "0.35",
        "lens_flare_intensity": "0.1",
        "motion_blur_min_object_screen_size": "0.1",
        "exposure_min_bright": "10.0",
        "exposure_speed_up": "3.0",
        "exposure_speed_down": "1.0",
        "tint": "0.0",
        "calibration_constant": "16.0",
        "focal_distance": "1000.0",
        "min_fstop": "1.2",
        "blade_count": "5",
        "blur_amount": "0.0",
        "blur_radius": "0.0",
        "slope": "0.88",
        "toe": "0.55",
        "white_clip": "0.04",
        "shoulder": "0.26",
        "black_clip": "0.0",
        "temp": "6500.0",
        "chromatic_aberration_intensity": "0.0"
      },
      "transform_carla": {
        "location": {
          "x": 83.23057556152344,
          "y": -59.387351989746094,
          "z": 1.703689694404602
        },
        "rotation": {
          "roll": 0.15608331561088562,
          "pitch": 0.250196635723114,
          "yaw": 80.43605041503906
        }
      },
      "matrix_world_from_sensor_carla": [
        [
          0.16614674031734467,
          -0.9860951900482178,
          -0.0034118248149752617,
          83.23057556152344
        ],
        [
          0.9860913753509521,
          0.16615943610668182,
          -0.0038534156046807766,
          -59.387351989746094
        ],
        [
          0.004366741050034761,
          -0.0027241383213549852,
          0.9999867677688599,
          1.703689694404602
        ],
        [
          0.0,
          0.0,
          0.0,
          1.0
        ]
      ],
      "matrix_world_from_sensor_bevfusion": [
        [
          -0.9860951900482178,
          0.0034118248149752617,
          0.16614674031734467,
          83.23057556152344
        ],
        [
          -0.16615943610668182,
          -0.0038534156046807766,
          -0.9860913753509521,
          59.387351989746094
        ],
        [
          -0.0027241383213549852,
          -0.9999867677688599,
          0.004366741050034761,
          1.703689694404602
        ],
        [
          0.0,
          0.0,
          0.0,
          1.0
        ]
      ],
      "matrix_ego_from_sensor_carla": [
        [
          -0.5735768675804138,
          0.8191516995429993,
          -2.254595976580731e-08,
          -1.2999992370605469
        ],
        [
          -0.819151759147644,
          -0.5735769271850586,
          -7.56940377044657e-09,
          -0.5500030517578125
        ],
        [
          -1.8666177936665918e-08,
          1.4626008848495076e-08,
          1.0,
          1.6999999284744263
        ],
        [
          0.0,
          0.0,
          0.0,
          1.0
        ]
      ],
      "matrix_ego_from_sensor_bevfusion": [
        [
          0.8191516995429993,
          2.254595976580731e-08,
          -0.5735768675804138,
          -1.2999992370605469
        ],
        [
          0.5735769271850586,
          -7.56940377044657e-09,
          0.819151759147644,
          0.5500030517578125
        ],
        [
          1.4626008848495076e-08,
          -1.0,
          -1.8666177936665918e-08,
          1.6999999284744263
        ],
        [
          0.0,
          0.0,
          0.0,
          1.0
        ]
      ],
      "camera_intrinsics": [
        [
          685.5110473632812,
          0.0,
          480.0
        ],
        [
          0.0,
          685.5110473632812,
          270.0
        ],
        [
          0.0,
          0.0,
          1.0
        ]
      ],
      "data_path": "D:\\Agent-AI\\outputs\\s3a_ml_long_v2\\sample_000069\\images\\CAM_BACK_LEFT.png",
      "raw_layout": "bgra8"
    },
    "CAM_BACK_RIGHT": {
      "type_id": "sensor.camera.rgb",
      "blueprint_attributes": {
        "role_name": "front",
        "ros_name": "sensor.camera.rgb",
        "chromatic_aberration_offset": "0.0",
        "sensor_tick": "0.100000",
        "fstop": "1.4",
        "image_size_x": "960",
        "image_size_y": "540",
        "fov": "70.00",
        "lens_circle_falloff": "5.0",
        "lens_circle_multiplier": "0.0",
        "exposure_compensation": "0.0",
        "lens_y_size": "0.08",
        "lens_k": "-1.0",
        "exposure_mode": "histogram",
        "lens_kcube": "0.0",
        "lens_x_size": "0.08",
        "exposure_max_bright": "12.0",
        "shutter_speed": "200.0",
        "bloom_intensity": "0.675",
        "iso": "100.0",
        "enable_postprocess_effects": "false",
        "gamma": "2.2",
        "motion_blur_intensity": "0.0",
        "motion_blur_max_distortion": "0.35",
        "lens_flare_intensity": "0.1",
        "motion_blur_min_object_screen_size": "0.1",
        "exposure_min_bright": "10.0",
        "exposure_speed_up": "3.0",
        "exposure_speed_down": "1.0",
        "tint": "0.0",
        "calibration_constant": "16.0",
        "focal_distance": "1000.0",
        "min_fstop": "1.2",
        "blade_count": "5",
        "blur_amount": "0.0",
        "blur_radius": "0.0",
        "slope": "0.88",
        "toe": "0.55",
        "white_clip": "0.04",
        "shoulder": "0.26",
        "black_clip": "0.0",
        "temp": "6500.0",
        "chromatic_aberration_intensity": "0.0"
      },
      "transform_carla": {
        "location": {
          "x": 83.7030258178711,
          "y": -60.38072204589844,
          "z": 1.7014738321304321
        },
        "rotation": {
          "roll": -0.2884919047355652,
          "pitch": 0.06109603866934776,
          "yaw": -29.564411163330078
        }
      },
      "matrix_world_from_sensor_carla": [
        [
          0.8698010444641113,
          0.4933907687664032,
          -0.00341181387193501,
          83.7030258178711
        ],
        [
          -0.4934014081954956,
          0.869793176651001,
          -0.0038534277118742466,
          -60.38072204589844
        ],
        [
          0.0010663267457857728,
          0.005035109352320433,
          0.9999867081642151,
          1.7014738321304321
        ],
        [
          0.0,
          0.0,
          0.0,
          1.0
        ]
      ],
      "matrix_world_from_sensor_bevfusion": [
        [
          0.4933907687664032,
          0.00341181387193501,
          0.8698010444641113,
          83.7030258178711
        ],
        [
          -0.869793176651001,
          -0.0038534277118742466,
          0.4934014081954956,
          60.38072204589844
        ],
        [
          0.005035109352320433,
          -0.9999867081642151,
          0.0010663267457857728,
          1.7014738321304321
        ],
        [
          0.0,
          0.0,
          0.0,
          1.0
        ]
      ],
      "matrix_ego_from_sensor_carla": [
        [
          -0.5735764503479004,
          -0.8191519975662231,
          -2.6920275786324055e-08,
          -1.2999992370605469
        ],
        [
          0.8191519975662231,
          -0.5735763907432556,
          8.383154614932664e-09,
          0.5500030517578125
        ],
        [
          -2.2491784434919282e-08,
          -1.726563425563654e-08,
          0.9999999403953552,
          1.7000000476837158
        ],
        [
          0.0,
          0.0,
          0.0,
          1.0
        ]
      ],
      "matrix_ego_from_sensor_bevfusion": [
        [
          -0.8191519975662231,
          2.6920275786324055e-08,
          -0.5735764503479004,
          -1.2999992370605469
        ],
        [
          0.5735763907432556,
          8.383154614932664e-09,
          -0.8191519975662231,
          -0.5500030517578125
        ],
        [
          -1.726563425563654e-08,
          -0.9999999403953552,
          -2.2491784434919282e-08,
          1.7000000476837158
        ],
        [
          0.0,
          0.0,
          0.0,
          1.0
        ]
      ],
      "camera_intrinsics": [
        [
          685.5110473632812,
          0.0,
          480.0
        ],
        [
          0.0,
          685.5110473632812,
          270.0
        ],
        [
          0.0,
          0.0,
          1.0
        ]
      ],
      "data_path": "D:\\Agent-AI\\outputs\\s3a_ml_long_v2\\sample_000069\\images\\CAM_BACK_RIGHT.png",
      "raw_layout": "bgra8"
    },
    "LIDAR_TOP": {
      "type_id": "sensor.lidar.ray_cast",
      "blueprint_attributes": {
        "atmosphere_attenuation_rate": "0.004",
        "role_name": "front",
        "noise_seed": "0",
        "upper_fov": "10.0",
        "ros_name": "sensor.lidar.ray_cast",
        "sensor_tick": "0.100000",
        "channels": "32",
        "range": "120.0",
        "points_per_second": "360000",
        "lower_fov": "-30.0",
        "rotation_frequency": "10.000000",
        "horizontal_fov": "360.0",
        "dropoff_general_rate": "0.0",
        "dropoff_intensity_limit": "1.0",
        "noise_stddev": "0.0",
        "dropoff_zero_intensity": "0.0"
      },
      "transform_carla": {
        "location": {
          "x": 82.2911148071289,
          "y": -60.44430160522461,
          "z": 2.196418046951294
        },
        "rotation": {
          "roll": 0.11542531102895737,
          "pitch": -0.27136340737342834,
          "yaw": -154.5645294189453
        }
      },
      "matrix_world_from_sensor_carla": [
        [
          -0.9030594825744629,
          0.429502010345459,
          -0.003411842044442892,
          82.2911148071289
        ],
        [
          -0.42948946356773376,
          -0.9030636548995972,
          -0.0038534319028258324,
          -60.44430160522461
        ],
        [
          -0.004736167378723621,
          -0.0020145277958363295,
          0.9999867677688599,
          2.196418046951294
        ],
        [
          0.0,
          0.0,
          0.0,
          1.0
        ]
      ],
      "matrix_world_from_sensor_bevfusion": [
        [
          -0.9030594825744629,
          -0.429502010345459,
          -0.003411842044442892,
          82.2911148071289
        ],
        [
          0.42948946356773376,
          -0.9030636548995972,
          0.0038534319028258324,
          60.44430160522461
        ],
        [
          -0.004736167378723621,
          0.0020145277958363295,
          0.9999867677688599,
          2.196418046951294
        ],
        [
          0.0,
          0.0,
          0.0,
          1.0
        ]
      ],
      "matrix_ego_from_sensor_carla": [
        [
          0.9999999403953552,
          -2.4517670116352974e-09,
          2.714428126715518e-10,
          3.814697265625e-06
        ],
        [
          -5.3391908672040245e-09,
          1.0,
          -1.1882350658964924e-10,
          0.0
        ],
        [
          -1.942123128984008e-10,
          -1.1882658745854258e-10,
          1.0,
          2.1999998092651367
        ],
        [
          0.0,
          0.0,
          0.0,
          1.0
        ]
      ],
      "matrix_ego_from_sensor_bevfusion": [
        [
          0.9999999403953552,
          2.4517670116352974e-09,
          2.714428126715518e-10,
          3.814697265625e-06
        ],
        [
          5.3391908672040245e-09,
          1.0,
          1.1882350658964924e-10,
          0.0
        ],
        [
          -1.942123128984008e-10,
          1.1882658745854258e-10,
          1.0,
          2.1999998092651367
        ],
        [
          0.0,
          0.0,
          0.0,
          1.0
        ]
      ],
      "data_path": "D:\\Agent-AI\\outputs\\s3a_ml_long_v2\\sample_000069\\lidar\\LIDAR_TOP.npy",
      "raw_layout": [
        "x",
        "y",
        "z",
        "intensity"
      ]
    },
    "RADAR_FRONT": {
      "type_id": "sensor.other.radar",
      "blueprint_attributes": {
        "sensor_tick": "0.100000",
        "role_name": "default",
        "noise_seed": "0",
        "ros_name": "sensor.other.radar",
        "horizontal_fov": "35.0",
        "points_per_second": "1500",
        "vertical_fov": "20.0",
        "range": "120.0"
      },
      "transform_carla": {
        "location": {
          "x": 80.48943328857422,
          "y": -61.29827117919922,
          "z": 0.8869630098342896
        },
        "rotation": {
          "roll": 0.11542531102895737,
          "pitch": -0.27136340737342834,
          "yaw": -154.5645294189453
        }
      },
      "matrix_world_from_sensor_carla": [
        [
          -0.9030594825744629,
          0.429502010345459,
          -0.003411842044442892,
          80.48943328857422
        ],
        [
          -0.42948946356773376,
          -0.9030636548995972,
          -0.0038534319028258324,
          -61.29827117919922
        ],
        [
          -0.004736167378723621,
          -0.0020145277958363295,
          0.9999867677688599,
          0.8869630098342896
        ],
        [
          0.0,
          0.0,
          0.0,
          1.0
        ]
      ],
      "matrix_world_from_sensor_bevfusion": [
        [
          -0.9030594825744629,
          -0.429502010345459,
          -0.003411842044442892,
          80.48943328857422
        ],
        [
          0.42948946356773376,
          -0.9030636548995972,
          0.0038534319028258324,
          61.29827117919922
        ],
        [
          -0.004736167378723621,
          0.0020145277958363295,
          0.9999867677688599,
          0.8869630098342896
        ],
        [
          0.0,
          0.0,
          0.0,
          1.0
        ]
      ],
      "matrix_ego_from_sensor_carla": [
        [
          0.9999999403953552,
          -2.4517670116352974e-09,
          2.714428126715518e-10,
          2.0
        ],
        [
          -5.3391908672040245e-09,
          1.0,
          -1.1882350658964924e-10,
          0.0
        ],
        [
          -1.942123128984008e-10,
          -1.1882658745854258e-10,
          1.0,
          0.9000000357627869
        ],
        [
          0.0,
          0.0,
          0.0,
          1.0
        ]
      ],
      "matrix_ego_from_sensor_bevfusion": [
        [
          0.9999999403953552,
          2.4517670116352974e-09,
          2.714428126715518e-10,
          2.0
        ],
        [
          5.3391908672040245e-09,
          1.0,
          1.1882350658964924e-10,
          0.0
        ],
        [
          -1.942123128984008e-10,
          1.1882658745854258e-10,
          1.0,
          0.9000000357627869
        ],
        [
          0.0,
          0.0,
          0.0,
          1.0
        ]
      ],
      "data_path": "D:\\Agent-AI\\outputs\\s3a_ml_long_v2\\sample_000069\\radar\\RADAR_FRONT.npy",
      "raw_layout": [
        "velocity",
        "altitude",
        "azimuth",
        "depth"
      ]
    },
    "RADAR_FRONT_LEFT": {
      "type_id": "sensor.other.radar",
      "blueprint_attributes": {
        "sensor_tick": "0.100000",
        "role_name": "default",
        "noise_seed": "0",
        "ros_name": "sensor.other.radar",
        "horizontal_fov": "35.0",
        "points_per_second": "1500",
        "vertical_fov": "20.0",
        "range": "120.0"
      },
      "transform_carla": {
        "location": {
          "x": 80.4833755493164,
          "y": -60.47065353393555,
          "z": 0.8901315331459045
        },
        "rotation": {
          "roll": 0.2734999656677246,
          "pitch": -0.11026656627655029,
          "yaw": 160.43548583984375
        }
      },
      "matrix_world_from_sensor_carla": [
        [
          -0.9422633051872253,
          -0.3348555564880371,
          -0.0034118592739105225,
          80.4833755493164
        ],
        [
          0.334867388010025,
          -0.9422574043273926,
          -0.003853410482406616,
          -60.47065353393555
        ],
        [
          -0.0019245134899392724,
          -0.004773447755724192,
          0.9999867677688599,
          0.8901315331459045
        ],
        [
          0.0,
          0.0,
          0.0,
          1.0
        ]
      ],
      "matrix_world_from_sensor_bevfusion": [
        [
          -0.9422633051872253,
          0.3348555564880371,
          -0.0034118592739105225,
          80.4833755493164
        ],
        [
          -0.334867388010025,
          -0.9422574043273926,
          0.003853410482406616,
          60.47065353393555
        ],
        [
          -0.0019245134899392724,
          0.004773447755724192,
          0.9999867677688599,
          0.8901315331459045
        ],
        [
          0.0,
          0.0,
          0.0,
          1.0
        ]
      ],
      "matrix_ego_from_sensor_carla": [
        [
          0.70710688829422,
          0.7071066498756409,
          6.325039603183313e-09,
          1.6500015258789062
        ],
        [
          -0.7071066498756409,
          0.70710688829422,
          -2.689434808189617e-08,
          -0.75
        ],
        [
          -2.3079582689433664e-08,
          1.4268929149352516e-08,
          1.0,
          0.8999999761581421
        ],
        [
          0.0,
          0.0,
          0.0,
          1.0
        ]
      ],
      "matrix_ego_from_sensor_bevfusion": [
        [
          0.70710688829422,
          -0.7071066498756409,
          6.325039603183313e-09,
          1.6500015258789062
        ],
        [
          0.7071066498756409,
          0.70710688829422,
          2.689434808189617e-08,
          0.75
        ],
        [
          -2.3079582689433664e-08,
          -1.4268929149352516e-08,
          1.0,
          0.8999999761581421
        ],
        [
          0.0,
          0.0,
          0.0,
          1.0
        ]
      ],
      "data_path": "D:\\Agent-AI\\outputs\\s3a_ml_long_v2\\sample_000069\\radar\\RADAR_FRONT_LEFT.npy",
      "raw_layout": [
        "velocity",
        "altitude",
        "azimuth",
        "depth"
      ]
    },
    "RADAR_FRONT_RIGHT": {
      "type_id": "sensor.other.radar",
      "blueprint_attributes": {
        "sensor_tick": "0.100000",
        "role_name": "default",
        "noise_seed": "0",
