{
  "schema_version": "stage1.v1",
  "sample_name": "sample_000081",
  "sequence_index": 81,
  "previous_sample_name": "sample_000080",
  "frame_id": 60082,
  "timestamp": 443.119700871408,
  "platform_timestamp": 16814598.9760743,
  "delta_seconds": 0.10000000149011612,
  "town": "Carla/Maps/Town10HD_Opt",
  "weather": {
    "cloudiness": 20.0,
    "dust_storm": 0.0,
    "fog_density": 2.0,
    "fog_distance": 0.75,
    "fog_falloff": 0.10000000149011612,
    "mie_scattering_scale": 0.029999999329447746,
    "precipitation": 0.0,
    "precipitation_deposits": 0.0,
    "rayleigh_scattering_scale": 0.03310000151395798,
    "scattering_intensity": 1.0,
    "sun_altitude_angle": 45.0,
    "sun_azimuth_angle": 300.0,
    "wetness": 0.0,
    "wind_intensity": 10.0
  },
  "sensor_names": [
    "CAM_FRONT",
    "CAM_FRONT_RIGHT",
    "CAM_FRONT_LEFT",
    "CAM_BACK",
    "CAM_BACK_LEFT",
    "CAM_BACK_RIGHT",
    "LIDAR_TOP",
    "RADAR_FRONT",
    "RADAR_FRONT_LEFT",
    "RADAR_FRONT_RIGHT",
    "RADAR_BACK_LEFT",
    "RADAR_BACK_RIGHT"
  ],
  "camera_order_for_model": [
    "CAM_FRONT",
    "CAM_FRONT_RIGHT",
    "CAM_FRONT_LEFT",
    "CAM_BACK",
    "CAM_BACK_LEFT",
    "CAM_BACK_RIGHT"
  ],
  "radar_order_for_model": [
    "RADAR_FRONT",
    "RADAR_FRONT_LEFT",
    "RADAR_FRONT_RIGHT",
    "RADAR_BACK_LEFT",
    "RADAR_BACK_RIGHT"
  ],
  "coordinate_notes": {
    "carla_world": "left-handed x-forward y-right z-up",
    "bevfusion_lidar": "x-forward y-left z-up",
    "camera_frame_for_model": "OpenCV style x-right y-down z-forward"
  },
  "ego": {
    "actor_id": 28,
    "transform_carla": {
      "location": {
        "x": 78.73614501953125,
        "y": -61.81365966796875,
        "z": -0.004681205842643976
      },
      "rotation": {
        "roll": 0.07181715965270996,
        "pitch": 0.04852166026830673,
        "yaw": -159.66827392578125
      }
    },
    "velocity_carla": [
      -3.0687801837921143,
      -1.0361970663070679,
      1.799583333195187e-05
    ],
    "angular_velocity_carla": [
      0.3080316483974457,
      -1.4913426637649536,
      -3.6541950702667236
    ],
    "matrix_world_from_ego_carla": [
      [
        -0.9376962780952454,
        0.3474538028240204,
        0.0012296155327931046,
        78.73614501953125
      ],
      [
        -0.3474549353122711,
        -0.9376962780952454,
        -0.0008811051957309246,
        -61.81365966796875
      ],
      [
        0.0008468626183457673,
        -0.0012534450506791472,
        0.9999988675117493,
        -0.004681205842643976
      ],
      [
        0.0,
        0.0,
        0.0,
        1.0
      ]
    ],
    "matrix_world_from_ego_bevfusion": [
      [
        -0.9376962780952454,
        -0.3474538028240204,
        0.0012296155327931046,
        78.73614501953125
      ],
      [
        0.3474549353122711,
        -0.9376962780952454,
        0.0008811051957309246,
        61.81365966796875
      ],
      [
        0.0008468626183457673,
        0.0012534450506791472,
        0.9999988675117493,
        -0.004681205842643976
      ],
      [
        0.0,
        0.0,
        0.0,
        1.0
      ]
    ]
  },
  "sensors": {
    "CAM_FRONT": {
      "type_id": "sensor.camera.rgb",
      "blueprint_attributes": {
        "role_name": "front",
        "ros_name": "sensor.camera.rgb",
        "chromatic_aberration_offset": "0.0",
        "sensor_tick": "0.100000",
        "fstop": "1.4",
        "image_size_x": "960",
        "image_size_y": "540",
        "fov": "70.00",
        "lens_circle_falloff": "5.0",
        "lens_circle_multiplier": "0.0",
        "exposure_compensation": "0.0",
        "lens_y_size": "0.08",
        "lens_k": "-1.0",
        "exposure_mode": "histogram",
        "lens_kcube": "0.0",
        "lens_x_size": "0.08",
        "exposure_max_bright": "12.0",
        "shutter_speed": "200.0",
        "bloom_intensity": "0.675",
        "iso": "100.0",
        "enable_postprocess_effects": "false",
        "gamma": "2.2",
        "motion_blur_intensity": "0.0",
        "motion_blur_max_distortion": "0.35",
        "lens_flare_intensity": "0.1",
        "motion_blur_min_object_screen_size": "0.1",
        "exposure_min_bright": "10.0",
        "exposure_speed_up": "3.0",
        "exposure_speed_down": "1.0",
        "tint": "0.0",
        "calibration_constant": "16.0",
        "focal_distance": "1000.0",
        "min_fstop": "1.2",
        "blade_count": "5",
        "blur_amount": "0.0",
        "blur_radius": "0.0",
        "slope": "0.88",
        "toe": "0.55",
        "white_clip": "0.04",
        "shoulder": "0.26",
        "black_clip": "0.0",
        "temp": "6500.0",
        "chromatic_aberration_intensity": "0.0"
      },
      "transform_carla": {
        "location": {
          "x": 77.28480529785156,
          "y": -62.35371398925781,
          "z": 1.6966294050216675
        },
        "rotation": {
          "roll": 0.07181715965270996,
          "pitch": 0.04852166026830673,
          "yaw": -159.66827392578125
        }
      },
      "matrix_world_from_sensor_carla": [
        [
          -0.9376962780952454,
          0.3474538028240204,
          0.0012296155327931046,
          77.28480529785156
        ],
        [
          -0.3474549353122711,
          -0.9376962780952454,
          -0.0008811051957309246,
          -62.35371398925781
        ],
        [
          0.0008468626183457673,
          -0.0012534450506791472,
          0.9999988675117493,
          1.6966294050216675
        ],
        [
          0.0,
          0.0,
          0.0,
          1.0
        ]
      ],
      "matrix_world_from_sensor_bevfusion": [
        [
          0.3474538028240204,
          -0.0012296155327931046,
          -0.9376962780952454,
          77.28480529785156
        ],
        [
          0.9376962780952454,
          -0.0008811051957309246,
          0.3474549353122711,
          62.35371398925781
        ],
        [
          -0.0012534450506791472,
          -0.9999988675117493,
          0.0008468626183457673,
          1.6966294050216675
        ],
        [
          0.0,
          0.0,
          0.0,
          1.0
        ]
      ],
      "matrix_ego_from_sensor_carla": [
        [
          1.0,
          -3.254953995224241e-08,
          -2.7739324726105963e-11,
          1.5499954223632812
        ],
        [
          -2.747290839266725e-09,
          1.0,
          2.2527930909621574e-11,
          0.0
        ],
        [
          1.4688358862535722e-10,
          2.2527930909621574e-11,
          1.0,
          1.6999999284744263
        ],
        [
          0.0,
          0.0,
          0.0,
          1.0
        ]
      ],
      "matrix_ego_from_sensor_bevfusion": [
        [
          -3.254953995224241e-08,
          2.7739324726105963e-11,
          1.0,
          1.5499954223632812
        ],
        [
          -1.0,
          2.2527930909621574e-11,
          2.747290839266725e-09,
          0.0
        ],
        [
          2.2527930909621574e-11,
          -1.0,
          1.4688358862535722e-10,
          1.6999999284744263
        ],
        [
          0.0,
          0.0,
          0.0,
          1.0
        ]
      ],
      "camera_intrinsics": [
        [
          685.5110473632812,
          0.0,
          480.0
        ],
        [
          0.0,
          685.5110473632812,
          270.0
        ],
        [
          0.0,
          0.0,
          1.0
        ]
      ],
      "data_path": "D:\\Agent-AI\\outputs\\s3a_ml_long_v2\\sample_000081\\images\\CAM_FRONT.png",
      "raw_layout": "bgra8"
    },
    "CAM_FRONT_RIGHT": {
      "type_id": "sensor.camera.rgb",
      "blueprint_attributes": {
        "role_name": "front",
        "ros_name": "sensor.camera.rgb",
        "chromatic_aberration_offset": "0.0",
        "sensor_tick": "0.100000",
        "fstop": "1.4",
        "image_size_x": "960",
        "image_size_y": "540",
        "fov": "70.00",
        "lens_circle_falloff": "5.0",
        "lens_circle_multiplier": "0.0",
        "exposure_compensation": "0.0",
        "lens_y_size": "0.08",
        "lens_k": "-1.0",
        "exposure_mode": "histogram",
        "lens_kcube": "0.0",
        "lens_x_size": "0.08",
        "exposure_max_bright": "12.0",
        "shutter_speed": "200.0",
        "bloom_intensity": "0.675",
        "iso": "100.0",
        "enable_postprocess_effects": "false",
        "gamma": "2.2",
        "motion_blur_intensity": "0.0",
        "motion_blur_max_distortion": "0.35",
        "lens_flare_intensity": "0.1",
        "motion_blur_min_object_screen_size": "0.1",
        "exposure_min_bright": "10.0",
        "exposure_speed_up": "3.0",
        "exposure_speed_down": "1.0",
        "tint": "0.0",
        "calibration_constant": "16.0",
        "focal_distance": "1000.0",
        "min_fstop": "1.2",
        "blade_count": "5",
        "blur_amount": "0.0",
        "blur_radius": "0.0",
        "slope": "0.88",
        "toe": "0.55",
        "white_clip": "0.04",
        "shoulder": "0.26",
        "black_clip": "0.0",
        "temp": "6500.0",
        "chromatic_aberration_intensity": "0.0"
      },
      "transform_carla": {
        "location": {
          "x": 77.7103271484375,
          "y": -62.7825813293457,
          "z": 1.6957283020019531
        },
        "rotation": {
          "roll": 0.08093925565481186,
          "pitch": -0.031002227216959,
          "yaw": -104.66835021972656
        }
      },
      "matrix_world_from_sensor_carla": [
        [
          -0.2532234787940979,
          0.9674070477485657,
          0.0012295977212488651,
          77.7103271484375
        ],
        [
          -0.9674077033996582,
          -0.2532224953174591,
          -0.0008811728330329061,
          -62.7825813293457
        ],
        [
          -0.0005410909652709961,
          -0.0014126559253782034,
          0.9999988675117493,
          1.6957283020019531
        ],
        [
          0.0,
          0.0,
          0.0,
          1.0
        ]
      ],
      "matrix_world_from_sensor_bevfusion": [
        [
          0.9674070477485657,
          -0.0012295977212488651,
          -0.2532234787940979,
          77.7103271484375
        ],
        [
          0.2532224953174591,
          -0.0008811728330329061,
          0.9674077033996582,
          62.7825813293457
        ],
        [
          -0.0014126559253782034,
          -0.9999988675117493,
          -0.0005410909652709961,
          1.6957283020019531
        ],
        [
          0.0,
          0.0,
          0.0,
          1.0
        ]
      ],
      "matrix_ego_from_sensor_carla": [
        [
          0.573576807975769,
          -0.8191518187522888,
          4.0135546441888437e-08,
          1.2999954223632812
        ],
        [
          0.8191518187522888,
          0.573576807975769,
          5.72988660962892e-08,
          0.5499954223632812
        ],
        [
          -6.99931135272891e-08,
          8.641705406819966e-11,
          1.0,
          1.6999999284744263
        ],
        [
          0.0,
          0.0,
          0.0,
          1.0
        ]
      ],
      "matrix_ego_from_sensor_bevfusion": [
        [
          -0.8191518187522888,
          -4.0135546441888437e-08,
          0.573576807975769,
          1.2999954223632812
        ],
        [
          -0.573576807975769,
          5.72988660962892e-08,
          -0.8191518187522888,
          -0.5499954223632812
        ],
        [
          8.641705406819966e-11,
          -1.0,
          -6.99931135272891e-08,
          1.6999999284744263
        ],
        [
          0.0,
          0.0,
          0.0,
          1.0
        ]
      ],
      "camera_intrinsics": [
        [
          685.5110473632812,
          0.0,
          480.0
        ],
        [
          0.0,
          685.5110473632812,
          270.0
        ],
        [
          0.0,
          0.0,
          1.0
        ]
      ],
      "data_path": "D:\\Agent-AI\\outputs\\s3a_ml_long_v2\\sample_000081\\images\\CAM_FRONT_RIGHT.png",
      "raw_layout": "bgra8"
    },
    "CAM_FRONT_LEFT": {
      "type_id": "sensor.camera.rgb",
      "blueprint_attributes": {
        "role_name": "front",
        "ros_name": "sensor.camera.rgb",
        "chromatic_aberration_offset": "0.0",
        "sensor_tick": "0.100000",
        "fstop": "1.4",
        "image_size_x": "960",
        "image_size_y": "540",
        "fov": "70.00",
        "lens_circle_falloff": "5.0",
        "lens_circle_multiplier": "0.0",
        "exposure_compensation": "0.0",
        "lens_y_size": "0.08",
        "lens_k": "-1.0",
        "exposure_mode": "histogram",
        "lens_kcube": "0.0",
        "lens_x_size": "0.08",
        "exposure_max_bright": "12.0",
        "shutter_speed": "200.0",
        "bloom_intensity": "0.675",
        "iso": "100.0",
        "enable_postprocess_effects": "false",
        "gamma": "2.2",
        "motion_blur_intensity": "0.0",
        "motion_blur_max_distortion": "0.35",
        "lens_flare_intensity": "0.1",
        "motion_blur_min_object_screen_size": "0.1",
        "exposure_min_bright": "10.0",
        "exposure_speed_up": "3.0",
        "exposure_speed_down": "1.0",
        "tint": "0.0",
        "calibration_constant": "16.0",
        "focal_distance": "1000.0",
        "min_fstop": "1.2",
        "blade_count": "5",
        "blur_amount": "0.0",
        "blur_radius": "0.0",
        "slope": "0.88",
        "toe": "0.55",
        "white_clip": "0.04",
        "shoulder": "0.26",
        "black_clip": "0.0",
        "temp": "6500.0",
        "chromatic_aberration_intensity": "0.0"
      },
      "transform_carla": {
        "location": {
          "x": 77.32813262939453,
          "y": -61.75111770629883,
          "z": 1.697107195854187
        },
        "rotation": {
          "roll": 0.0014459972735494375,
          "pitch": 0.0866614356637001,
          "yaw": 145.33168029785156
        }
      },
      "matrix_world_from_sensor_carla": [
        [
          -0.8224577903747559,
          -0.568824827671051,
          0.0012296352069824934,
          77.32813262939453
        ],
        [
          0.5688241124153137,
          -0.8224587440490723,
          -0.0008811193984001875,
          -61.75111770629883
        ],
        [
          0.0015125267673283815,
          -2.5237384761567228e-05,
          0.9999988675117493,
          1.697107195854187
        ],
        [
          0.0,
          0.0,
          0.0,
          1.0
        ]
      ],
      "matrix_world_from_sensor_bevfusion": [
        [
          -0.568824827671051,
          -0.0012296352069824934,
          -0.8224577903747559,
          77.32813262939453
        ],
        [
          0.8224587440490723,
          -0.0008811193984001875,
          -0.5688241124153137,
          61.75111770629883
        ],
        [
          -2.5237384761567228e-05,
          -0.9999988675117493,
          0.0015125267673283815,
          1.697107195854187
        ],
        [
          0.0,
          0.0,
          0.0,
          1.0
        ]
      ],
      "matrix_ego_from_sensor_carla": [
        [
          0.5735762119293213,
          0.8191523551940918,
          -1.3473709259415045e-08,
          1.2999954223632812
        ],
        [
          -0.8191522359848022,
          0.5735762119293213,
          2.0162378433496997e-08,
          -0.5500030517578125
        ],
        [
          2.436411250528181e-08,
          -5.571335615073281e-10,
          1.0,
          1.7000000476837158
        ],
        [
          0.0,
          0.0,
          0.0,
          1.0
        ]
      ],
      "matrix_ego_from_sensor_bevfusion": [
        [
          0.8191523551940918,
          1.3473709259415045e-08,
          0.5735762119293213,
          1.2999954223632812
        ],
        [
          -0.5735762119293213,
          2.0162378433496997e-08,
          0.8191522359848022,
          0.5500030517578125
        ],
        [
          -5.571335615073281e-10,
          -1.0,
          2.436411250528181e-08,
          1.7000000476837158
        ],
        [
          0.0,
          0.0,
          0.0,
          1.0
        ]
      ],
      "camera_intrinsics": [
        [
          685.5110473632812,
          0.0,
          480.0
        ],
        [
          0.0,
          685.5110473632812,
          270.0
        ],
        [
          0.0,
          0.0,
          1.0
        ]
      ],
      "data_path": "D:\\Agent-AI\\outputs\\s3a_ml_long_v2\\sample_000081\\images\\CAM_FRONT_LEFT.png",
      "raw_layout": "bgra8"
    },
    "CAM_BACK": {
      "type_id": "sensor.camera.rgb",
      "blueprint_attributes": {
        "role_name": "front",
        "ros_name": "sensor.camera.rgb",
        "chromatic_aberration_offset": "0.0",
        "sensor_tick": "0.100000",
        "fstop": "1.4",
        "image_size_x": "960",
        "image_size_y": "540",
        "fov": "70.00",
        "lens_circle_falloff": "5.0",
        "lens_circle_multiplier": "0.0",
        "exposure_compensation": "0.0",
        "lens_y_size": "0.08",
        "lens_k": "-1.0",
        "exposure_mode": "histogram",
        "lens_kcube": "0.0",
        "lens_x_size": "0.08",
        "exposure_max_bright": "12.0",
        "shutter_speed": "200.0",
        "bloom_intensity": "0.675",
        "iso": "100.0",
        "enable_postprocess_effects": "false",
        "gamma": "2.2",
        "motion_blur_intensity": "0.0",
        "motion_blur_max_distortion": "0.35",
        "lens_flare_intensity": "0.1",
        "motion_blur_min_object_screen_size": "0.1",
        "exposure_min_bright": "10.0",
        "exposure_speed_up": "3.0",
        "exposure_speed_down": "1.0",
        "tint": "0.0",
        "calibration_constant": "16.0",
        "focal_distance": "1000.0",
        "min_fstop": "1.2",
        "blade_count": "5",
        "blur_amount": "0.0",
        "blur_radius": "0.0",
        "slope": "0.88",
        "toe": "0.55",
        "white_clip": "0.04",
        "shoulder": "0.26",
        "black_clip": "0.0",
        "temp": "6500.0",
        "chromatic_aberration_intensity": "0.0"
      },
      "transform_carla": {
        "location": {
          "x": 80.19166564941406,
          "y": -61.27660369873047,
          "z": 1.6940041780471802
        },
        "rotation": {
          "roll": -0.07181716710329056,
          "pitch": -0.04852166026830673,
          "yaw": 20.331743240356445
        }
      },
      "matrix_world_from_sensor_carla": [
        [
          0.9376962184906006,
          -0.3474539518356323,
          0.0012296157656237483,
          80.19166564941406
        ],
        [
          0.34745508432388306,
          0.9376962184906006,
          -0.0008811050793156028,
          -61.27660369873047
        ],
        [
          -0.0008468626183457673,
          0.001253445167094469,
          0.9999988675117493,
          1.6940041780471802
        ],
        [
          0.0,
          0.0,
          0.0,
          1.0
        ]
      ],
      "matrix_world_from_sensor_bevfusion": [
        [
          -0.3474539518356323,
          -0.0012296157656237483,
          0.9376962184906006,
          80.19166564941406
        ],
        [
          -0.9376962184906006,
          -0.0008811050793156028,
          -0.34745508432388306,
          61.27660369873047
        ],
        [
          0.001253445167094469,
          -0.9999988675117493,
          -0.0008468626183457673,
          1.6940041780471802
        ],
        [
          0.0,
          0.0,
          0.0,
          1.0
        ]
      ],
      "matrix_ego_from_sensor_carla": [
        [
          -1.0,
          1.7246885875010776e-07,
          -3.187776154156552e-10,
          -1.5500068664550781
        ],
        [
          -1.6678264103120455e-07,
          -1.0,
          2.2527930909621574e-11,
          0.0
        ],
        [
          -2.6329891045229203e-10,
          -2.2528062748605748e-11,
          1.0,
          1.6999999284744263
        ],
        [
          0.0,
          0.0,
          0.0,
          1.0
        ]
      ],
      "matrix_ego_from_sensor_bevfusion": [
        [
          1.7246885875010776e-07,
          3.187776154156552e-10,
          -1.0,
          -1.5500068664550781
        ],
        [
          1.0,
          2.2527930909621574e-11,
          1.6678264103120455e-07,
          0.0
        ],
        [
          -2.2528062748605748e-11,
          -1.0,
          -2.6329891045229203e-10,
          1.6999999284744263
        ],
        [
          0.0,
          0.0,
          0.0,
          1.0
        ]
      ],
      "camera_intrinsics": [
        [
          685.5110473632812,
          0.0,
          480.0
        ],
        [
          0.0,
          685.5110473632812,
          270.0
        ],
        [
          0.0,
          0.0,
          1.0
        ]
      ],
      "data_path": "D:\\Agent-AI\\outputs\\s3a_ml_long_v2\\sample_000081\\images\\CAM_BACK.png",
      "raw_layout": "bgra8"
    },
    "CAM_BACK_LEFT": {
      "type_id": "sensor.camera.rgb",
      "blueprint_attributes": {
        "role_name": "front",
        "ros_name": "sensor.camera.rgb",
        "chromatic_aberration_offset": "0.0",
        "sensor_tick": "0.100000",
        "fstop": "1.4",
        "image_size_x": "960",
        "image_size_y": "540",
        "fov": "70.00",
        "lens_circle_falloff": "5.0",
        "lens_circle_multiplier": "0.0",
        "exposure_compensation": "0.0",
        "lens_y_size": "0.08",
        "lens_k": "-1.0",
        "exposure_mode": "histogram",
        "lens_kcube": "0.0",
        "lens_x_size": "0.08",
        "exposure_max_bright": "12.0",
        "shutter_speed": "200.0",
        "bloom_intensity": "0.675",
        "iso": "100.0",
        "enable_postprocess_effects": "false",
        "gamma": "2.2",
        "motion_blur_intensity": "0.0",
        "motion_blur_max_distortion": "0.35",
        "lens_flare_intensity": "0.1",
        "motion_blur_min_object_screen_size": "0.1",
        "exposure_min_bright": "10.0",
        "exposure_speed_up": "3.0",
        "exposure_speed_down": "1.0",
        "tint": "0.0",
        "calibration_constant": "16.0",
        "focal_distance": "1000.0",
        "min_fstop": "1.2",
        "blade_count": "5",
        "blur_amount": "0.0",
        "blur_radius": "0.0",
        "slope": "0.88",
        "toe": "0.55",
        "white_clip": "0.04",
        "shoulder": "0.26",
        "black_clip": "0.0",
        "temp": "6500.0",
        "chromatic_aberration_intensity": "0.0"
      },
      "transform_carla": {
        "location": {
          "x": 79.76614379882812,
          "y": -60.84773254394531,
          "z": 1.694905400276184
        },
        "rotation": {
          "roll": -0.08093925565481186,
          "pitch": 0.031002227216959,
          "yaw": 75.33165740966797
        }
      },
      "matrix_world_from_sensor_carla": [
        [
          0.2532234191894531,
          -0.9674070477485657,
          0.0012295977212488651,
          79.76614379882812
        ],
        [
          0.9674077033996582,
          0.25322243571281433,
          -0.0008811727166175842,
          -60.84773254394531
        ],
        [
          0.0005410909652709961,
          0.0014126559253782034,
          0.9999988675117493,
          1.694905400276184
        ],
        [
          0.0,
          0.0,
          0.0,
          1.0
        ]
      ],
      "matrix_world_from_sensor_bevfusion": [
        [
          -0.9674070477485657,
          -0.0012295977212488651,
          0.2532234191894531,
          79.76614379882812
        ],
        [
          -0.25322243571281433,
          -0.0008811727166175842,
          -0.9674077033996582,
          60.84773254394531
        ],
        [
          0.0014126559253782034,
          -0.9999988675117493,
          0.0005410909652709961,
          1.694905400276184
        ],
        [
          0.0,
          0.0,
          0.0,
          1.0
        ]
      ],
      "matrix_ego_from_sensor_carla": [
        [
          -0.5735767483711243,
          0.8191518783569336,
          4.007733878097497e-08,
          -1.3000030517578125
        ],
        [
          -0.8191518187522888,
          -0.5735767483711243,
          5.718245077446227e-08,
          -0.5499954223632812
        ],
        [
          6.987669820546216e-08,
          2.999826775873515e-11,
          1.0,
          1.7000000476837158
        ],
        [
          0.0,
          0.0,
          0.0,
          1.0
        ]
      ],
      "matrix_ego_from_sensor_bevfusion": [
        [
          0.8191518783569336,
          -4.007733878097497e-08,
          -0.5735767483711243,
          -1.3000030517578125
        ],
        [
          0.5735767483711243,
          5.718245077446227e-08,
          0.8191518187522888,
          0.5499954223632812
        ],
        [
          2.999826775873515e-11,
          -1.0,
          6.987669820546216e-08,
          1.7000000476837158
        ],
        [
          0.0,
          0.0,
          0.0,
          1.0
        ]
      ],
      "camera_intrinsics": [
        [
          685.5110473632812,
          0.0,
          480.0
        ],
        [
          0.0,
          685.5110473632812,
          270.0
        ],
        [
          0.0,
          0.0,
          1.0
        ]
      ],
      "data_path": "D:\\Agent-AI\\outputs\\s3a_ml_long_v2\\sample_000081\\images\\CAM_BACK_LEFT.png",
      "raw_layout": "bgra8"
    },
    "CAM_BACK_RIGHT": {
      "type_id": "sensor.camera.rgb",
      "blueprint_attributes": {
        "role_name": "front",
        "ros_name": "sensor.camera.rgb",
        "chromatic_aberration_offset": "0.0",
        "sensor_tick": "0.100000",
        "fstop": "1.4",
        "image_size_x": "960",
        "image_size_y": "540",
        "fov": "70.00",
        "lens_circle_falloff": "5.0",
        "lens_circle_multiplier": "0.0",
        "exposure_compensation": "0.0",
        "lens_y_size": "0.08",
        "lens_k": "-1.0",
        "exposure_mode": "histogram",
        "lens_kcube": "0.0",
        "lens_x_size": "0.08",
        "exposure_max_bright": "12.0",
        "shutter_speed": "200.0",
        "bloom_intensity": "0.675",
        "iso": "100.0",
        "enable_postprocess_effects": "false",
        "gamma": "2.2",
        "motion_blur_intensity": "0.0",
        "motion_blur_max_distortion": "0.35",
        "lens_flare_intensity": "0.1",
        "motion_blur_min_object_screen_size": "0.1",
        "exposure_min_bright": "10.0",
        "exposure_speed_up": "3.0",
        "exposure_speed_down": "1.0",
        "tint": "0.0",
        "calibration_constant": "16.0",
        "focal_distance": "1000.0",
        "min_fstop": "1.2",
        "blade_count": "5",
        "blur_amount": "0.0",
        "blur_radius": "0.0",
        "slope": "0.88",
        "toe": "0.55",
        "white_clip": "0.04",
        "shoulder": "0.26",
        "black_clip": "0.0",
        "temp": "6500.0",
        "chromatic_aberration_intensity": "0.0"
      },
      "transform_carla": {
        "location": {
          "x": 80.14834594726562,
          "y": -61.87919616699219,
          "z": 1.6935263872146606
        },
        "rotation": {
          "roll": -0.0014459840022027493,
          "pitch": -0.0866614356637001,
          "yaw": -34.66831588745117
        }
      },
      "matrix_world_from_sensor_carla": [
        [
          0.8224577903747559,
          0.568824827671051,
          0.0012296353233978152,
          80.14834594726562
        ],
        [
          -0.5688241124153137,
          0.8224587440490723,
          -0.0008811192237772048,
          -61.87919616699219
        ],
        [
          -0.0015125267673283815,
          2.5237151930923574e-05,
          0.9999988675117493,
          1.6935263872146606
        ],
        [
          0.0,
          0.0,
          0.0,
          1.0
        ]
      ],
      "matrix_world_from_sensor_bevfusion": [
        [
          0.568824827671051,
          -0.0012296353233978152,
          0.8224577903747559,
          80.14834594726562
        ],
        [
          -0.8224587440490723,
          -0.0008811192237772048,
          0.5688241124153137,
          61.87919616699219
        ],
        [
          2.5237151930923574e-05,
          -0.9999988675117493,
          -0.0015125267673283815,
          1.6935263872146606
        ],
        [
          0.0,
          0.0,
          0.0,
          1.0
        ]
      ],
      "matrix_ego_from_sensor_carla": [
        [
          -0.5735762119293213,
          -0.8191523551940918,
          -1.3648332242155448e-08,
          -1.3000068664550781
        ],
        [
          0.8191522359848022,
          -0.5735762119293213,
          2.0045963111670062e-08,
          0.5500030517578125
        ],
        [
          -2.436411250528181e-08,
          3.24303167653639e-10,
          1.0,
          1.6999998092651367
        ],
        [
          0.0,
          0.0,
          0.0,
          1.0
        ]
      ],
      "matrix_ego_from_sensor_bevfusion": [
        [
          -0.8191523551940918,
          1.3648332242155448e-08,
          -0.5735762119293213,
          -1.3000068664550781
        ],
        [
          0.5735762119293213,
          2.0045963111670062e-08,
          -0.8191522359848022,
          -0.5500030517578125
        ],
        [
          3.24303167653639e-10,
          -1.0,
          -2.436411250528181e-08,
          1.6999998092651367
        ],
        [
          0.0,
          0.0,
          0.0,
          1.0
        ]
      ],
      "camera_intrinsics": [
        [
          685.5110473632812,
          0.0,
          480.0
        ],
        [
          0.0,
          685.5110473632812,
          270.0
        ],
        [
          0.0,
          0.0,
          1.0
        ]
      ],
      "data_path": "D:\\Agent-AI\\outputs\\s3a_ml_long_v2\\sample_000081\\images\\CAM_BACK_RIGHT.png",
      "raw_layout": "bgra8"
    },
    "LIDAR_TOP": {
      "type_id": "sensor.lidar.ray_cast",
      "blueprint_attributes": {
        "atmosphere_attenuation_rate": "0.004",
        "role_name": "front",
        "noise_seed": "0",
        "upper_fov": "10.0",
        "ros_name": "sensor.lidar.ray_cast",
        "sensor_tick": "0.100000",
        "channels": "32",
        "range": "120.0",
        "points_per_second": "360000",
        "lower_fov": "-30.0",
        "rotation_frequency": "10.000000",
        "horizontal_fov": "360.0",
        "dropoff_general_rate": "0.0",
        "dropoff_intensity_limit": "1.0",
        "noise_stddev": "0.0",
        "dropoff_zero_intensity": "0.0"
      },
      "transform_carla": {
        "location": {
          "x": 78.73885345458984,
          "y": -61.81559753417969,
          "z": 2.1953163146972656
        },
        "rotation": {
          "roll": 0.07181715965270996,
          "pitch": 0.04852166026830673,
          "yaw": -159.66827392578125
        }
      },
      "matrix_world_from_sensor_carla": [
        [
          -0.9376962780952454,
          0.3474538028240204,
          0.0012296155327931046,
          78.73885345458984
        ],
        [
          -0.3474549353122711,
          -0.9376962780952454,
          -0.0008811051957309246,
          -61.81559753417969
        ],
        [
          0.0008468626183457673,
          -0.0012534450506791472,
          0.9999988675117493,
          2.1953163146972656
        ],
        [
          0.0,
          0.0,
          0.0,
          1.0
        ]
      ],
      "matrix_world_from_sensor_bevfusion": [
        [
          -0.9376962780952454,
          -0.3474538028240204,
          0.0012296155327931046,
          78.73885345458984
        ],
        [
          0.3474549353122711,
          -0.9376962780952454,
          0.0008811051957309246,
          61.81559753417969
        ],
        [
          0.0008468626183457673,
          0.0012534450506791472,
          0.9999988675117493,
          2.1953163146972656
        ],
        [
          0.0,
          0.0,
          0.0,
          1.0
        ]
      ],
      "matrix_ego_from_sensor_carla": [
        [
          1.0,
          -3.254953995224241e-08,
          -2.7739324726105963e-11,
          -1.1444091796875e-05
        ],
        [
          -2.747290839266725e-09,
          1.0,
          2.2527930909621574e-11,
          0.0
        ],
        [
          1.4688358862535722e-10,
          2.2527930909621574e-11,
          1.0,
          2.200000047683716
        ],
        [
          0.0,
          0.0,
          0.0,
          1.0
        ]
      ],
      "matrix_ego_from_sensor_bevfusion": [
        [
          1.0,
          3.254953995224241e-08,
          -2.7739324726105963e-11,
          -1.1444091796875e-05
        ],
        [
          2.747290839266725e-09,
          1.0,
          -2.2527930909621574e-11,
          0.0
        ],
        [
          1.4688358862535722e-10,
          -2.2527930909621574e-11,
          1.0,
          2.200000047683716
        ],
        [
          0.0,
          0.0,
          0.0,
          1.0
        ]
      ],
      "data_path": "D:\\Agent-AI\\outputs\\s3a_ml_long_v2\\sample_000081\\lidar\\LIDAR_TOP.npy",
      "raw_layout": [
        "x",
        "y",
        "z",
        "intensity"
      ]
    },
    "RADAR_FRONT": {
      "type_id": "sensor.other.radar",
      "blueprint_attributes": {
        "sensor_tick": "0.100000",
        "role_name": "default",
        "noise_seed": "0",
        "ros_name": "sensor.other.radar",
        "horizontal_fov": "35.0",
        "points_per_second": "1500",
        "vertical_fov": "20.0",
        "range": "120.0"
      },
      "transform_carla": {
        "location": {
          "x": 76.86186218261719,
          "y": -62.50936508178711,
          "z": 0.897011399269104
        },
        "rotation": {
          "roll": 0.07181715965270996,
          "pitch": 0.04852166026830673,
          "yaw": -159.66827392578125
        }
      },
      "matrix_world_from_sensor_carla": [
        [
          -0.9376962780952454,
          0.3474538028240204,
          0.0012296155327931046,
          76.86186218261719
        ],
        [
          -0.3474549353122711,
          -0.9376962780952454,
          -0.0008811051957309246,
          -62.50936508178711
        ],
        [
          0.0008468626183457673,
          -0.0012534450506791472,
          0.9999988675117493,
          0.897011399269104
        ],
        [
          0.0,
          0.0,
          0.0,
          1.0
        ]
      ],
      "matrix_world_from_sensor_bevfusion": [
        [
          -0.9376962780952454,
          -0.3474538028240204,
          0.0012296155327931046,
          76.86186218261719
        ],
        [
          0.3474549353122711,
          -0.9376962780952454,
          0.0008811051957309246,
          62.50936508178711
        ],
        [
          0.0008468626183457673,
          0.0012534450506791472,
          0.9999988675117493,
          0.897011399269104
        ],
        [
          0.0,
          0.0,
          0.0,
          1.0
        ]
      ],
      "matrix_ego_from_sensor_carla": [
        [
          1.0,
          -3.254953995224241e-08,
          -2.7739324726105963e-11,
          1.9999923706054688
        ],
        [
          -2.747290839266725e-09,
          1.0,
          2.2527930909621574e-11,
          7.62939453125e-06
        ],
        [
          1.4688358862535722e-10,
          2.2527930909621574e-11,
          1.0,
          0.8999998569488525
        ],
        [
          0.0,
          0.0,
          0.0,
          1.0
        ]
      ],
      "matrix_ego_from_sensor_bevfusion": [
        [
          1.0,
          3.254953995224241e-08,
          -2.7739324726105963e-11,
          1.9999923706054688
        ],
        [
          2.747290839266725e-09,
          1.0,
          -2.2527930909621574e-11,
          -7.62939453125e-06
        ],
        [
          1.4688358862535722e-10,
          -2.2527930909621574e-11,
          1.0,
          0.8999998569488525
        ],
        [
          0.0,
          0.0,
          0.0,
          1.0
        ]
      ],
      "data_path": "D:\\Agent-AI\\outputs\\s3a_ml_long_v2\\sample_000081\\radar\\RADAR_FRONT.npy",
      "raw_layout": [
        "velocity",
        "altitude",
        "azimuth",
        "depth"
      ]
    },
    "RADAR_FRONT_LEFT": {
      "type_id": "sensor.other.radar",
      "blueprint_attributes": {
        "sensor_tick": "0.100000",
        "role_name": "default",
        "noise_seed": "0",
        "ros_name": "sensor.other.radar",
        "horizontal_fov": "35.0",
        "points_per_second": "1500",
        "vertical_fov": "20.0",
        "range": "120.0"
      },
      "transform_carla": {
        "location": {
          "x": 76.92945861816406,
          "y": -61.68448257446289,
          "z": 0.897655189037323
        },
        "rotation": {
          "roll": 0.016472402960062027,
          "pitch": 0.08509049564599991,
          "yaw": 155.33172607421875
        }
      },
      "matrix_world_from_sensor_carla": [
        [
          -0.908738374710083,
          -0.41736432909965515,
          0.0012295856140553951,
          76.92945861816406
        ],
        [
          0.4173634946346283,
          -0.9087391495704651,
          -0.0008810913423076272,
          -61.68448257446289
        ],
        [
          0.0014851087471470237,
          -0.0002874973579309881,
          0.9999988079071045,
          0.897655189037323
        ],
        [
          0.0,
          0.0,
          0.0,
          1.0
        ]
      ],
      "matrix_world_from_sensor_bevfusion": [
        [
          -0.908738374710083,
          0.41736432909965515,
          0.0012295856140553951,
          76.92945861816406
        ],
        [
          -0.4173634946346283,
          -0.9087391495704651,
          0.0008810913423076272,
          61.68448257446289
        ],
        [
          0.0014851087471470237,
          0.0002874973579309881,
          0.9999988079071045,
          0.897655189037323
        ],
        [
          0.0,
          0.0,
          0.0,
          1.0
        ]
      ],
      "matrix_ego_from_sensor_carla": [
        [
          0.70710688829422,
          0.7071066498756409,
          2.3146640160121024e-08,
          1.6499977111816406
        ],
        [
          -0.7071066498756409,
          0.7071068286895752,
          -2.330224013746829e-08,
          -0.75
        ],
        [
          -3.28811751160174e-08,
          3.454907540612062e-11,
          0.9999999403953552,
          0.8999999761581421
        ],
        [
          0.0,
          0.0,
          0.0,
          1.0
        ]
      ],
      "matrix_ego_from_sensor_bevfusion": [
        [
          0.70710688829422,
          -0.7071066498756409,
          2.3146640160121024e-08,
          1.6499977111816406
        ],
        [
          0.7071066498756409,
          0.7071068286895752,
          2.330224013746829e-08,
          0.75
        ],
        [
          -3.28811751160174e-08,
          -3.454907540612062e-11,
          0.9999999403953552,
          0.8999999761581421
        ],
        [
          0.0,
          0.0,
          0.0,
          1.0
        ]
      ],
      "data_path": "D:\\Agent-AI\\outputs\\s3a_ml_long_v2\\sample_000081\\radar\\RADAR_FRONT_LEFT.npy",
      "raw_layout": [
        "velocity",
        "altitude",
        "azimuth",
        "depth"
      ]
    },
    "RADAR_FRONT_RIGHT": {
      "type_id": "sensor.other.radar",
      "blueprint_attributes": {
        "sensor_tick": "0.100000",
        "role_name": "default",
        "noise_seed": "0",
        "ros_name": "sensor.other.radar",
        "horizontal_fov": "35.0",
        "points_per_second": "1500",
