{
  "schema_version": "stage1.v1",
  "sample_name": "sample_000035",
  "sequence_index": 35,
  "previous_sample_name": "sample_000034",
  "frame_id": 726308,
  "timestamp": 5000.694624770433,
  "platform_timestamp": 16813381.9419395,
  "delta_seconds": 0.10000000149011612,
  "town": "Carla/Maps/Town10HD_Opt",
  "weather": {
    "cloudiness": 20.0,
    "dust_storm": 0.0,
    "fog_density": 2.0,
    "fog_distance": 0.75,
    "fog_falloff": 0.10000000149011612,
    "mie_scattering_scale": 0.029999999329447746,
    "precipitation": 0.0,
    "precipitation_deposits": 0.0,
    "rayleigh_scattering_scale": 0.03310000151395798,
    "scattering_intensity": 1.0,
    "sun_altitude_angle": 45.0,
    "sun_azimuth_angle": 300.0,
    "wetness": 0.0,
    "wind_intensity": 10.0
  },
  "sensor_names": [
    "CAM_FRONT",
    "CAM_FRONT_RIGHT",
    "CAM_FRONT_LEFT",
    "CAM_BACK",
    "CAM_BACK_LEFT",
    "CAM_BACK_RIGHT",
    "LIDAR_TOP",
    "RADAR_FRONT",
    "RADAR_FRONT_LEFT",
    "RADAR_FRONT_RIGHT",
    "RADAR_BACK_LEFT",
    "RADAR_BACK_RIGHT"
  ],
  "camera_order_for_model": [
    "CAM_FRONT",
    "CAM_FRONT_RIGHT",
    "CAM_FRONT_LEFT",
    "CAM_BACK",
    "CAM_BACK_LEFT",
    "CAM_BACK_RIGHT"
  ],
  "radar_order_for_model": [
    "RADAR_FRONT",
    "RADAR_FRONT_LEFT",
    "RADAR_FRONT_RIGHT",
    "RADAR_BACK_LEFT",
    "RADAR_BACK_RIGHT"
  ],
  "coordinate_notes": {
    "carla_world": "left-handed x-forward y-right z-up",
    "bevfusion_lidar": "x-forward y-left z-up",
    "camera_frame_for_model": "OpenCV style x-right y-down z-forward"
  },
  "ego": {
    "actor_id": 49,
    "transform_carla": {
      "location": {
        "x": 104.06798553466797,
        "y": -36.11140060424805,
        "z": -0.004939689300954342
      },
      "rotation": {
        "roll": 0.16303570568561554,
        "pitch": 0.11900921165943146,
        "yaw": -107.43988037109375
      }
    },
    "velocity_carla": [
      -1.2114803791046143,
      -3.318002223968506,
      -1.912116931634955e-05
    ],
    "angular_velocity_carla": [
      -1.0181796550750732,
      0.17388096451759338,
      -6.578433990478516
    ],
    "matrix_world_from_ego_carla": [
      [
        -0.29970425367355347,
        0.9540262818336487,
        0.0033372186589986086,
        104.06798553466797
      ],
      [
        -0.95402991771698,
        -0.2997093200683594,
        0.0011288007954135537,
        -36.11140060424805
      ],
      [
        0.0020771012641489506,
        -0.0028455001302063465,
        0.9999938011169434,
        -0.004939689300954342
      ],
      [
        0.0,
        0.0,
        0.0,
        1.0
      ]
    ],
    "matrix_world_from_ego_bevfusion": [
      [
        -0.29970425367355347,
        -0.9540262818336487,
        0.0033372186589986086,
        104.06798553466797
      ],
      [
        0.95402991771698,
        -0.2997093200683594,
        -0.0011288007954135537,
        36.11140060424805
      ],
      [
        0.0020771012641489506,
        0.0028455001302063465,
        0.9999938011169434,
        -0.004939689300954342
      ],
      [
        0.0,
        0.0,
        0.0,
        1.0
      ]
    ]
  },
  "sensors": {
    "CAM_FRONT": {
      "type_id": "sensor.camera.rgb",
      "blueprint_attributes": {
        "role_name": "front",
        "ros_name": "sensor.camera.rgb",
        "chromatic_aberration_offset": "0.0",
        "sensor_tick": "0.100000",
        "fstop": "1.4",
        "image_size_x": "960",
        "image_size_y": "540",
        "fov": "70.00",
        "lens_circle_falloff": "5.0",
        "lens_circle_multiplier": "0.0",
        "exposure_compensation": "0.0",
        "lens_y_size": "0.08",
        "lens_k": "-1.0",
        "exposure_mode": "histogram",
        "lens_kcube": "0.0",
        "lens_x_size": "0.08",
        "exposure_max_bright": "12.0",
        "shutter_speed": "200.0",
        "bloom_intensity": "0.675",
        "iso": "100.0",
        "enable_postprocess_effects": "false",
        "gamma": "2.2",
        "motion_blur_intensity": "0.0",
        "motion_blur_max_distortion": "0.35",
        "lens_flare_intensity": "0.1",
        "motion_blur_min_object_screen_size": "0.1",
        "exposure_min_bright": "10.0",
        "exposure_speed_up": "3.0",
        "exposure_speed_down": "1.0",
        "tint": "0.0",
        "calibration_constant": "16.0",
        "focal_distance": "1000.0",
        "min_fstop": "1.2",
        "blade_count": "5",
        "blur_amount": "0.0",
        "blur_radius": "0.0",
        "slope": "0.88",
        "toe": "0.55",
        "white_clip": "0.04",
        "shoulder": "0.26",
        "black_clip": "0.0",
        "temp": "6500.0",
        "chromatic_aberration_intensity": "0.0"
      },
      "transform_carla": {
        "location": {
          "x": 103.60911560058594,
          "y": -37.588226318359375,
          "z": 1.6982691287994385
        },
        "rotation": {
          "roll": 0.16303570568561554,
          "pitch": 0.11900921165943146,
          "yaw": -107.43988037109375
        }
      },
      "matrix_world_from_sensor_carla": [
        [
          -0.29970425367355347,
          0.9540262818336487,
          0.0033372186589986086,
          103.60911560058594
        ],
        [
          -0.95402991771698,
          -0.2997093200683594,
          0.0011288007954135537,
          -37.588226318359375
        ],
        [
          0.0020771012641489506,
          -0.0028455001302063465,
          0.9999938011169434,
          1.6982691287994385
        ],
        [
          0.0,
          0.0,
          0.0,
          1.0
        ]
      ],
      "matrix_world_from_sensor_bevfusion": [
        [
          0.9540262818336487,
          -0.0033372186589986086,
          -0.29970425367355347,
          103.60911560058594
        ],
        [
          0.2997093200683594,
          0.0011288007954135537,
          0.95402991771698,
          37.588226318359375
        ],
        [
          -0.0028455001302063465,
          -0.9999938011169434,
          0.0020771012641489506,
          1.6982691287994385
        ],
        [
          0.0,
          0.0,
          0.0,
          1.0
        ]
      ],
      "matrix_ego_from_sensor_carla": [
        [
          0.9999999403953552,
          -1.625597967347403e-08,
          1.6280821135694623e-10,
          1.549997329711914
        ],
        [
          1.607861066510452e-09,
          1.0,
          -5.62063728892781e-11,
          0.0
        ],
        [
          -7.00224322969234e-11,
          -5.62063728892781e-11,
          1.0,
          1.6999998092651367
        ],
        [
          0.0,
          0.0,
          0.0,
          1.0
        ]
      ],
      "matrix_ego_from_sensor_bevfusion": [
        [
          -1.625597967347403e-08,
          -1.6280821135694623e-10,
          0.9999999403953552,
          1.549997329711914
        ],
        [
          -1.0,
          -5.62063728892781e-11,
          -1.607861066510452e-09,
          0.0
        ],
        [
          -5.62063728892781e-11,
          -1.0,
          -7.00224322969234e-11,
          1.6999998092651367
        ],
        [
          0.0,
          0.0,
          0.0,
          1.0
        ]
      ],
      "camera_intrinsics": [
        [
          685.5110473632812,
          0.0,
          480.0
        ],
        [
          0.0,
          685.5110473632812,
          270.0
        ],
        [
          0.0,
          0.0,
          1.0
        ]
      ],
      "data_path": "D:\\Agent-AI\\outputs\\s3a_ml_long_v1\\sample_000035\\images\\CAM_FRONT.png",
      "raw_layout": "bgra8"
    },
    "CAM_FRONT_RIGHT": {
      "type_id": "sensor.camera.rgb",
      "blueprint_attributes": {
        "role_name": "front",
        "ros_name": "sensor.camera.rgb",
        "chromatic_aberration_offset": "0.0",
        "sensor_tick": "0.100000",
        "fstop": "1.4",
        "image_size_x": "960",
        "image_size_y": "540",
        "fov": "70.00",
        "lens_circle_falloff": "5.0",
        "lens_circle_multiplier": "0.0",
        "exposure_compensation": "0.0",
        "lens_y_size": "0.08",
        "lens_k": "-1.0",
        "exposure_mode": "histogram",
        "lens_kcube": "0.0",
        "lens_x_size": "0.08",
        "exposure_max_bright": "12.0",
        "shutter_speed": "200.0",
        "bloom_intensity": "0.675",
        "iso": "100.0",
        "enable_postprocess_effects": "false",
        "gamma": "2.2",
        "motion_blur_intensity": "0.0",
        "motion_blur_max_distortion": "0.35",
        "lens_flare_intensity": "0.1",
        "motion_blur_min_object_screen_size": "0.1",
        "exposure_min_bright": "10.0",
        "exposure_speed_up": "3.0",
        "exposure_speed_down": "1.0",
        "tint": "0.0",
        "calibration_constant": "16.0",
        "focal_distance": "1000.0",
        "min_fstop": "1.2",
        "blade_count": "5",
        "blur_amount": "0.0",
        "blur_radius": "0.0",
        "slope": "0.88",
        "toe": "0.55",
        "white_clip": "0.04",
        "shoulder": "0.26",
        "black_clip": "0.0",
        "temp": "6500.0",
        "chromatic_aberration_intensity": "0.0"
      },
      "transform_carla": {
        "location": {
          "x": 104.20875549316406,
          "y": -37.51456069946289,
          "z": 1.696184754371643
        },
        "rotation": {
          "roll": 0.19100014865398407,
          "pitch": -0.06528977304697037,
          "yaw": -52.44016647338867
        }
      },
      "matrix_world_from_sensor_carla": [
        [
          0.609589159488678,
          0.7927104830741882,
          0.0033372188918292522,
          104.20875549316406
        ],
        [
          -0.7927166819572449,
          0.6095892190933228,
          0.0011287995148450136,
          -37.51456069946289
        ],
        [
          -0.0011395212495699525,
          -0.0033335729967802763,
          0.9999938011169434,
          1.696184754371643
        ],
        [
          0.0,
          0.0,
          0.0,
          1.0
        ]
      ],
      "matrix_world_from_sensor_bevfusion": [
        [
          0.7927104830741882,
          -0.0033372188918292522,
          0.609589159488678,
          104.20875549316406
        ],
        [
          -0.6095892190933228,
          0.0011287995148450136,
          0.7927166819572449,
          37.51456069946289
        ],
        [
          -0.0033335729967802763,
          -0.9999938011169434,
          -0.0011395212495699525,
          1.696184754371643
        ],
        [
          0.0,
          0.0,
          0.0,
          1.0
        ]
      ],
      "matrix_ego_from_sensor_carla": [
        [
          0.5735765099525452,
          -0.8191519379615784,
          1.0941307859724247e-09,
          1.299999713897705
        ],
        [
          0.8191519379615784,
          0.5735765695571899,
          4.0945491441846116e-10,
          0.5499954223632812
        ],
        [
          -9.688982949285219e-10,
          6.409938135831794e-10,
          1.0,
          1.6999998092651367
        ],
        [
          0.0,
          0.0,
          0.0,
          1.0
        ]
      ],
      "matrix_ego_from_sensor_bevfusion": [
        [
          -0.8191519379615784,
          -1.0941307859724247e-09,
          0.5735765099525452,
          1.299999713897705
        ],
        [
          -0.5735765695571899,
          4.0945491441846116e-10,
          -0.8191519379615784,
          -0.5499954223632812
        ],
        [
          6.409938135831794e-10,
          -1.0,
          -9.688982949285219e-10,
          1.6999998092651367
        ],
        [
          0.0,
          0.0,
          0.0,
          1.0
        ]
      ],
      "camera_intrinsics": [
        [
          685.5110473632812,
          0.0,
          480.0
        ],
        [
          0.0,
          685.5110473632812,
          270.0
        ],
        [
          0.0,
          0.0,
          1.0
        ]
      ],
      "data_path": "D:\\Agent-AI\\outputs\\s3a_ml_long_v1\\sample_000035\\images\\CAM_FRONT_RIGHT.png",
      "raw_layout": "bgra8"
    },
    "CAM_FRONT_LEFT": {
      "type_id": "sensor.camera.rgb",
      "blueprint_attributes": {
        "role_name": "front",
        "ros_name": "sensor.camera.rgb",
        "chromatic_aberration_offset": "0.0",
        "sensor_tick": "0.100000",
        "fstop": "1.4",
        "image_size_x": "960",
        "image_size_y": "540",
        "fov": "70.00",
        "lens_circle_falloff": "5.0",
        "lens_circle_multiplier": "0.0",
        "exposure_compensation": "0.0",
        "lens_y_size": "0.08",
        "lens_k": "-1.0",
        "exposure_mode": "histogram",
        "lens_kcube": "0.0",
        "lens_x_size": "0.08",
        "exposure_max_bright": "12.0",
        "shutter_speed": "200.0",
        "bloom_intensity": "0.675",
        "iso": "100.0",
        "enable_postprocess_effects": "false",
        "gamma": "2.2",
        "motion_blur_intensity": "0.0",
        "motion_blur_max_distortion": "0.35",
        "lens_flare_intensity": "0.1",
        "motion_blur_min_object_screen_size": "0.1",
        "exposure_min_bright": "10.0",
        "exposure_speed_up": "3.0",
        "exposure_speed_down": "1.0",
        "tint": "0.0",
        "calibration_constant": "16.0",
        "focal_distance": "1000.0",
        "min_fstop": "1.2",
        "blade_count": "5",
        "blur_amount": "0.0",
        "blur_radius": "0.0",
        "slope": "0.88",
        "toe": "0.55",
        "white_clip": "0.04",
        "shoulder": "0.26",
        "black_clip": "0.0",
        "temp": "6500.0",
        "chromatic_aberration_intensity": "0.0"
      },
      "transform_carla": {
        "location": {
          "x": 103.15933227539062,
          "y": -37.184879302978516,
          "z": 1.6993149518966675
        },
        "rotation": {
          "roll": -0.003973470069468021,
          "pitch": 0.20181158185005188,
          "yaw": -162.44003295898438
        }
      },
      "matrix_world_from_sensor_carla": [
        [
          -0.9533957839012146,
          0.30170416831970215,
          0.003337214468047023,
          103.15933227539062
        ],
        [
          -0.3017020523548126,
          -0.9534016251564026,
          0.0011288010282441974,
          -37.184879302978516
        ],
        [
          0.0035222694277763367,
          6.934970588190481e-05,
          0.9999938011169434,
          1.6993149518966675
        ],
        [
          0.0,
          0.0,
          0.0,
          1.0
        ]
      ],
      "matrix_world_from_sensor_bevfusion": [
        [
          0.30170416831970215,
          -0.003337214468047023,
          -0.9533957839012146,
          103.15933227539062
        ],
        [
          0.9534016251564026,
          0.0011288010282441974,
          0.3017020523548126,
          37.184879302978516
        ],
        [
          6.934970588190481e-05,
          -0.9999938011169434,
          0.0035222694277763367,
          1.6993149518966675
        ],
        [
          0.0,
          0.0,
          0.0,
          1.0
        ]
      ],
      "matrix_ego_from_sensor_carla": [
        [
          0.5735768675804138,
          0.8191516995429993,
          1.0941307859724247e-09,
          1.2999963760375977
        ],
        [
          -0.819151759147644,
          0.5735768675804138,
          -4.247158180703536e-09,
          -0.5500030517578125
        ],
        [
          -4.139007359071911e-09,
          1.7092408599594933e-09,
          1.0,
          1.7000000476837158
        ],
        [
          0.0,
          0.0,
          0.0,
          1.0
        ]
      ],
      "matrix_ego_from_sensor_bevfusion": [
        [
          0.8191516995429993,
          -1.0941307859724247e-09,
          0.5735768675804138,
          1.2999963760375977
        ],
        [
          -0.5735768675804138,
          -4.247158180703536e-09,
          0.819151759147644,
          0.5500030517578125
        ],
        [
          1.7092408599594933e-09,
          -1.0,
          -4.139007359071911e-09,
          1.7000000476837158
        ],
        [
          0.0,
          0.0,
          0.0,
          1.0
        ]
      ],
      "camera_intrinsics": [
        [
          685.5110473632812,
          0.0,
          480.0
        ],
        [
          0.0,
          685.5110473632812,
          270.0
        ],
        [
          0.0,
          0.0,
          1.0
        ]
      ],
      "data_path": "D:\\Agent-AI\\outputs\\s3a_ml_long_v1\\sample_000035\\images\\CAM_FRONT_LEFT.png",
      "raw_layout": "bgra8"
    },
    "CAM_BACK": {
      "type_id": "sensor.camera.rgb",
      "blueprint_attributes": {
        "role_name": "front",
        "ros_name": "sensor.camera.rgb",
        "chromatic_aberration_offset": "0.0",
        "sensor_tick": "0.100000",
        "fstop": "1.4",
        "image_size_x": "960",
        "image_size_y": "540",
        "fov": "70.00",
        "lens_circle_falloff": "5.0",
        "lens_circle_multiplier": "0.0",
        "exposure_compensation": "0.0",
        "lens_y_size": "0.08",
        "lens_k": "-1.0",
        "exposure_mode": "histogram",
        "lens_kcube": "0.0",
        "lens_x_size": "0.08",
        "exposure_max_bright": "12.0",
        "shutter_speed": "200.0",
        "bloom_intensity": "0.675",
        "iso": "100.0",
        "enable_postprocess_effects": "false",
        "gamma": "2.2",
        "motion_blur_intensity": "0.0",
        "motion_blur_max_distortion": "0.35",
        "lens_flare_intensity": "0.1",
        "motion_blur_min_object_screen_size": "0.1",
        "exposure_min_bright": "10.0",
        "exposure_speed_up": "3.0",
        "exposure_speed_down": "1.0",
        "tint": "0.0",
        "calibration_constant": "16.0",
        "focal_distance": "1000.0",
        "min_fstop": "1.2",
        "blade_count": "5",
        "blur_amount": "0.0",
        "blur_radius": "0.0",
        "slope": "0.88",
        "toe": "0.55",
        "white_clip": "0.04",
        "shoulder": "0.26",
        "black_clip": "0.0",
        "temp": "6500.0",
        "chromatic_aberration_intensity": "0.0"
      },
      "transform_carla": {
        "location": {
          "x": 104.53820037841797,
          "y": -34.6307373046875,
          "z": 1.6918301582336426
        },
        "rotation": {
          "roll": -0.16303570568561554,
          "pitch": -0.11900921165943146,
          "yaw": 72.56012725830078
        }
      },
      "matrix_world_from_sensor_carla": [
        [
          0.2997041642665863,
          -0.9540263414382935,
          0.0033372188918292522,
          104.53820037841797
        ],
        [
          0.9540299773216248,
          0.2997092306613922,
          0.0011288013774901628,
          -34.6307373046875
        ],
        [
          -0.0020771012641489506,
          0.0028455001302063465,
          0.9999938011169434,
          1.6918301582336426
        ],
        [
          0.0,
          0.0,
          0.0,
          1.0
        ]
      ],
      "matrix_world_from_sensor_bevfusion": [
        [
          -0.9540263414382935,
          -0.0033372188918292522,
          0.2997041642665863,
          104.53820037841797
        ],
        [
          -0.2997092306613922,
          0.0011288013774901628,
          -0.9540299773216248,
          34.6307373046875
        ],
        [
          0.0028455001302063465,
          -0.9999938011169434,
          -0.0020771012641489506,
          1.6918301582336426
        ],
        [
          0.0,
          0.0,
          0.0,
          1.0
        ]
      ],
      "matrix_ego_from_sensor_carla": [
        [
          -1.0,
          1.0155294205560494e-07,
          -5.356837196046627e-10,
          -1.5499988794326782
        ],
        [
          -1.0887866608300101e-07,
          -1.0,
          -5.62063728892781e-11,
          7.62939453125e-06
        ],
        [
          -3.9563885501081586e-10,
          -1.7662427076459153e-10,
          1.0,
          1.6999998092651367
        ],
        [
          0.0,
          0.0,
          0.0,
          1.0
        ]
      ],
      "matrix_ego_from_sensor_bevfusion": [
        [
          1.0155294205560494e-07,
          5.356837196046627e-10,
          -1.0,
          -1.5499988794326782
        ],
        [
          1.0,
          -5.62063728892781e-11,
          1.0887866608300101e-07,
          -7.62939453125e-06
        ],
        [
          -1.7662427076459153e-10,
          -1.0,
          -3.9563885501081586e-10,
          1.6999998092651367
        ],
        [
          0.0,
          0.0,
          0.0,
          1.0
        ]
      ],
      "camera_intrinsics": [
        [
          685.5110473632812,
          0.0,
          480.0
        ],
        [
          0.0,
          685.5110473632812,
          270.0
        ],
        [
          0.0,
          0.0,
          1.0
        ]
      ],
      "data_path": "D:\\Agent-AI\\outputs\\s3a_ml_long_v1\\sample_000035\\images\\CAM_BACK.png",
      "raw_layout": "bgra8"
    },
    "CAM_BACK_LEFT": {
      "type_id": "sensor.camera.rgb",
      "blueprint_attributes": {
        "role_name": "front",
        "ros_name": "sensor.camera.rgb",
        "chromatic_aberration_offset": "0.0",
        "sensor_tick": "0.100000",
        "fstop": "1.4",
        "image_size_x": "960",
        "image_size_y": "540",
        "fov": "70.00",
        "lens_circle_falloff": "5.0",
        "lens_circle_multiplier": "0.0",
        "exposure_compensation": "0.0",
        "lens_y_size": "0.08",
        "lens_k": "-1.0",
        "exposure_mode": "histogram",
        "lens_kcube": "0.0",
        "lens_x_size": "0.08",
        "exposure_max_bright": "12.0",
        "shutter_speed": "200.0",
        "bloom_intensity": "0.675",
        "iso": "100.0",
        "enable_postprocess_effects": "false",
        "gamma": "2.2",
        "motion_blur_intensity": "0.0",
        "motion_blur_max_distortion": "0.35",
        "lens_flare_intensity": "0.1",
        "motion_blur_min_object_screen_size": "0.1",
        "exposure_min_bright": "10.0",
        "exposure_speed_up": "3.0",
        "exposure_speed_down": "1.0",
        "tint": "0.0",
        "calibration_constant": "16.0",
        "focal_distance": "1000.0",
        "min_fstop": "1.2",
        "blade_count": "5",
        "blur_amount": "0.0",
        "blur_radius": "0.0",
        "slope": "0.88",
        "toe": "0.55",
        "white_clip": "0.04",
        "shoulder": "0.26",
        "black_clip": "0.0",
        "temp": "6500.0",
        "chromatic_aberration_intensity": "0.0"
      },
      "transform_carla": {
        "location": {
          "x": 103.93856048583984,
          "y": -34.704402923583984,
          "z": 1.6939146518707275
        },
        "rotation": {
          "roll": -0.19100011885166168,
          "pitch": 0.06528977304697037,
          "yaw": 127.55982971191406
        }
      },
      "matrix_world_from_sensor_carla": [
        [
          -0.609589159488678,
          -0.7927104234695435,
          0.0033372181933373213,
          103.93856048583984
        ],
        [
          0.7927166223526001,
          -0.6095892190933228,
          0.00112879928201437,
          -34.704402923583984
        ],
        [
          0.0011395212495699525,
          0.003333572531118989,
          0.9999938011169434,
          1.6939146518707275
        ],
        [
          0.0,
          0.0,
          0.0,
          1.0
        ]
      ],
      "matrix_world_from_sensor_bevfusion": [
        [
          -0.7927104234695435,
          -0.0033372181933373213,
          -0.609589159488678,
          103.93856048583984
        ],
        [
          0.6095892190933228,
          0.00112879928201437,
          -0.7927166223526001,
          34.704402923583984
        ],
        [
          0.003333572531118989,
          -0.9999938011169434,
          0.0011395212495699525,
          1.6939146518707275
        ],
        [
          0.0,
          0.0,
          0.0,
          1.0
        ]
      ],
      "matrix_ego_from_sensor_carla": [
        [
          -0.5735765099525452,
          0.8191519379615784,
          1.559792073280164e-09,
          -1.3000011444091797
        ],
        [
          -0.8191518783569336,
          -0.5735765695571899,
          -2.8903701654314773e-10,
          -0.5500030517578125
        ],
        [
          8.524829175904358e-10,
          -1.1066522143110546e-09,
          1.0,
          1.7000000476837158
        ],
        [
          0.0,
          0.0,
          0.0,
          1.0
        ]
      ],
      "matrix_ego_from_sensor_bevfusion": [
        [
          0.8191519379615784,
          -1.559792073280164e-09,
          -0.5735765099525452,
          -1.3000011444091797
        ],
        [
          0.5735765695571899,
          -2.8903701654314773e-10,
          0.8191518783569336,
          0.5500030517578125
        ],
        [
          -1.1066522143110546e-09,
          -1.0,
          8.524829175904358e-10,
          1.7000000476837158
        ],
        [
          0.0,
          0.0,
          0.0,
          1.0
        ]
      ],
      "camera_intrinsics": [
        [
          685.5110473632812,
          0.0,
          480.0
        ],
        [
          0.0,
          685.5110473632812,
          270.0
        ],
        [
          0.0,
          0.0,
          1.0
        ]
      ],
      "data_path": "D:\\Agent-AI\\outputs\\s3a_ml_long_v1\\sample_000035\\images\\CAM_BACK_LEFT.png",
      "raw_layout": "bgra8"
    },
    "CAM_BACK_RIGHT": {
      "type_id": "sensor.camera.rgb",
      "blueprint_attributes": {
        "role_name": "front",
        "ros_name": "sensor.camera.rgb",
        "chromatic_aberration_offset": "0.0",
        "sensor_tick": "0.100000",
        "fstop": "1.4",
        "image_size_x": "960",
        "image_size_y": "540",
        "fov": "70.00",
        "lens_circle_falloff": "5.0",
        "lens_circle_multiplier": "0.0",
        "exposure_compensation": "0.0",
        "lens_y_size": "0.08",
        "lens_k": "-1.0",
        "exposure_mode": "histogram",
        "lens_kcube": "0.0",
        "lens_x_size": "0.08",
        "exposure_max_bright": "12.0",
        "shutter_speed": "200.0",
        "bloom_intensity": "0.675",
        "iso": "100.0",
        "enable_postprocess_effects": "false",
        "gamma": "2.2",
        "motion_blur_intensity": "0.0",
        "motion_blur_max_distortion": "0.35",
        "lens_flare_intensity": "0.1",
        "motion_blur_min_object_screen_size": "0.1",
        "exposure_min_bright": "10.0",
        "exposure_speed_up": "3.0",
        "exposure_speed_down": "1.0",
        "tint": "0.0",
        "calibration_constant": "16.0",
        "focal_distance": "1000.0",
        "min_fstop": "1.2",
        "blade_count": "5",
        "blur_amount": "0.0",
        "blur_radius": "0.0",
        "slope": "0.88",
        "toe": "0.55",
        "white_clip": "0.04",
        "shoulder": "0.26",
        "black_clip": "0.0",
        "temp": "6500.0",
        "chromatic_aberration_intensity": "0.0"
      },
      "transform_carla": {
        "location": {
          "x": 104.98798370361328,
          "y": -35.03408432006836,
          "z": 1.6907844543457031
        },
        "rotation": {
          "roll": 0.003973500337451696,
          "pitch": -0.20181158185005188,
          "yaw": 17.55995750427246
        }
      },
      "matrix_world_from_sensor_carla": [
        [
          0.9533958435058594,
          -0.30170390009880066,
          0.003337214468047023,
          104.98798370361328
        ],
        [
          0.30170178413391113,
          0.9534016847610474,
          0.00112880056258291,
          -35.03408432006836
        ],
        [
          -0.0035222694277763367,
          -6.935023702681065e-05,
          0.9999938011169434,
          1.6907844543457031
        ],
        [
          0.0,
          0.0,
          0.0,
          1.0
        ]
      ],
      "matrix_world_from_sensor_bevfusion": [
        [
          -0.30170390009880066,
          -0.003337214468047023,
          0.9533958435058594,
          104.98798370361328
        ],
        [
          -0.9534016847610474,
          0.00112880056258291,
          -0.30170178413391113,
          35.03408432006836
        ],
        [
          -6.935023702681065e-05,
          -0.9999938011169434,
          -0.0035222694277763367,
          1.6907844543457031
        ],
        [
          0.0,
          0.0,
          0.0,
          1.0
        ]
      ],
      "matrix_ego_from_sensor_carla": [
        [
          -0.5735766291618347,
          -0.8191518187522888,
          1.559792073280164e-09,
          -1.2999978065490723
        ],
        [
          0.8191519379615784,
          -0.5735766887664795,
          -4.014327537049667e-09,
          0.54998779296875
        ],
        [
          4.139007359071911e-09,
          -1.2435762419826801e-09,
          1.0,
          1.6999998092651367
        ],
        [
          0.0,
          0.0,
          0.0,
          1.0
        ]
      ],
      "matrix_ego_from_sensor_bevfusion": [
        [
          -0.8191518187522888,
          -1.559792073280164e-09,
          -0.5735766291618347,
          -1.2999978065490723
        ],
        [
          0.5735766887664795,
          -4.014327537049667e-09,
          -0.8191519379615784,
          -0.54998779296875
        ],
        [
          -1.2435762419826801e-09,
          -1.0,
          4.139007359071911e-09,
          1.6999998092651367
        ],
        [
          0.0,
          0.0,
          0.0,
          1.0
        ]
      ],
      "camera_intrinsics": [
        [
          685.5110473632812,
          0.0,
          480.0
        ],
        [
          0.0,
          685.5110473632812,
          270.0
        ],
        [
          0.0,
          0.0,
          1.0
        ]
      ],
      "data_path": "D:\\Agent-AI\\outputs\\s3a_ml_long_v1\\sample_000035\\images\\CAM_BACK_RIGHT.png",
      "raw_layout": "bgra8"
    },
    "LIDAR_TOP": {
      "type_id": "sensor.lidar.ray_cast",
      "blueprint_attributes": {
        "atmosphere_attenuation_rate": "0.004",
        "role_name": "front",
        "noise_seed": "0",
        "upper_fov": "10.0",
        "ros_name": "sensor.lidar.ray_cast",
        "sensor_tick": "0.100000",
        "channels": "32",
        "range": "120.0",
        "points_per_second": "360000",
        "lower_fov": "-30.0",
        "rotation_frequency": "10.000000",
        "horizontal_fov": "360.0",
        "dropoff_general_rate": "0.0",
        "dropoff_intensity_limit": "1.0",
        "noise_stddev": "0.0",
        "dropoff_zero_intensity": "0.0"
      },
      "transform_carla": {
        "location": {
          "x": 104.07533264160156,
          "y": -36.108917236328125,
          "z": 2.1950466632843018
        },
        "rotation": {
          "roll": 0.16303570568561554,
          "pitch": 0.11900921165943146,
          "yaw": -107.43988037109375
        }
      },
      "matrix_world_from_sensor_carla": [
        [
          -0.29970425367355347,
          0.9540262818336487,
          0.0033372186589986086,
          104.07533264160156
        ],
        [
          -0.95402991771698,
          -0.2997093200683594,
          0.0011288007954135537,
          -36.108917236328125
        ],
        [
          0.0020771012641489506,
          -0.0028455001302063465,
          0.9999938011169434,
          2.1950466632843018
        ],
        [
          0.0,
          0.0,
          0.0,
          1.0
        ]
      ],
      "matrix_world_from_sensor_bevfusion": [
        [
          -0.29970425367355347,
          -0.9540262818336487,
          0.0033372186589986086,
          104.07533264160156
        ],
        [
          0.95402991771698,
          -0.2997093200683594,
          -0.0011288007954135537,
          36.108917236328125
        ],
        [
          0.0020771012641489506,
          0.0028455001302063465,
          0.9999938011169434,
          2.1950466632843018
        ],
        [
          0.0,
          0.0,
          0.0,
          1.0
        ]
      ],
      "matrix_ego_from_sensor_carla": [
        [
          0.9999999403953552,
          -1.625597967347403e-08,
          1.6280821135694623e-10,
          -2.6226043701171875e-06
        ],
        [
          1.607861066510452e-09,
          1.0,
          -5.62063728892781e-11,
          7.62939453125e-06
        ],
        [
          -7.00224322969234e-11,
          -5.62063728892781e-11,
          1.0,
          2.200000047683716
        ],
        [
          0.0,
          0.0,
          0.0,
          1.0
        ]
      ],
      "matrix_ego_from_sensor_bevfusion": [
        [
          0.9999999403953552,
          1.625597967347403e-08,
          1.6280821135694623e-10,
          -2.6226043701171875e-06
        ],
        [
          -1.607861066510452e-09,
          1.0,
          5.62063728892781e-11,
          -7.62939453125e-06
        ],
        [
          -7.00224322969234e-11,
          5.62063728892781e-11,
          1.0,
          2.200000047683716
        ],
        [
          0.0,
          0.0,
          0.0,
          1.0
        ]
      ],
      "data_path": "D:\\Agent-AI\\outputs\\s3a_ml_long_v1\\sample_000035\\lidar\\LIDAR_TOP.npy",
      "raw_layout": [
        "x",
        "y",
        "z",
        "intensity"
      ]
    },
    "RADAR_FRONT": {
      "type_id": "sensor.other.radar",
      "blueprint_attributes": {
        "sensor_tick": "0.100000",
        "role_name": "default",
        "noise_seed": "0",
        "ros_name": "sensor.other.radar",
        "horizontal_fov": "35.0",
        "points_per_second": "1500",
        "vertical_fov": "20.0",
        "range": "120.0"
      },
      "transform_carla": {
        "location": {
          "x": 103.4715805053711,
          "y": -38.0184440612793,
          "z": 0.8992087841033936
        },
        "rotation": {
          "roll": 0.16303570568561554,
          "pitch": 0.11900921165943146,
          "yaw": -107.43988037109375
        }
      },
      "matrix_world_from_sensor_carla": [
        [
          -0.29970425367355347,
          0.9540262818336487,
          0.0033372186589986086,
          103.4715805053711
        ],
        [
          -0.95402991771698,
          -0.2997093200683594,
          0.0011288007954135537,
          -38.0184440612793
        ],
        [
          0.0020771012641489506,
          -0.0028455001302063465,
          0.9999938011169434,
          0.8992087841033936
        ],
        [
          0.0,
          0.0,
          0.0,
          1.0
        ]
      ],
      "matrix_world_from_sensor_bevfusion": [
        [
          -0.29970425367355347,
          -0.9540262818336487,
          0.0033372186589986086,
          103.4715805053711
        ],
        [
          0.95402991771698,
          -0.2997093200683594,
          -0.0011288007954135537,
          38.0184440612793
        ],
        [
          0.0020771012641489506,
          0.0028455001302063465,
          0.9999938011169434,
          0.8992087841033936
        ],
        [
          0.0,
          0.0,
          0.0,
          1.0
        ]
      ],
      "matrix_ego_from_sensor_carla": [
        [
          0.9999999403953552,
          -1.625597967347403e-08,
          1.6280821135694623e-10,
          2.0
        ],
        [
          1.607861066510452e-09,
          1.0,
          -5.62063728892781e-11,
          7.62939453125e-06
        ],
        [
          -7.00224322969234e-11,
          -5.62063728892781e-11,
          1.0,
          0.8999998569488525
        ],
        [
          0.0,
          0.0,
          0.0,
          1.0
        ]
      ],
      "matrix_ego_from_sensor_bevfusion": [
        [
          0.9999999403953552,
          1.625597967347403e-08,
          1.6280821135694623e-10,
          2.0
        ],
        [
          -1.607861066510452e-09,
          1.0,
          5.62063728892781e-11,
          -7.62939453125e-06
        ],
        [
          -7.00224322969234e-11,
          5.62063728892781e-11,
          1.0,
          0.8999998569488525
        ],
        [
          0.0,
          0.0,
          0.0,
          1.0
        ]
      ],
      "data_path": "D:\\Agent-AI\\outputs\\s3a_ml_long_v1\\sample_000035\\radar\\RADAR_FRONT.npy",
      "raw_layout": [
        "velocity",
        "altitude",
        "azimuth",
        "depth"
      ]
    },
    "RADAR_FRONT_LEFT": {
      "type_id": "sensor.other.radar",
      "blueprint_attributes": {
        "sensor_tick": "0.100000",
        "role_name": "default",
        "noise_seed": "0",
        "ros_name": "sensor.other.radar",
        "horizontal_fov": "35.0",
        "points_per_second": "1500",
        "vertical_fov": "20.0",
        "range": "120.0"
      },
      "transform_carla": {
        "location": {
          "x": 102.86095428466797,
          "y": -37.45975112915039,
          "z": 0.9006159901618958
        },
        "rotation": {
          "roll": 0.031131280586123466,
          "pitch": 0.19943468272686005,
          "yaw": -152.43997192382812
        }
      },
      "matrix_world_from_sensor_carla": [
        [
          -0.8865212202072144,
          0.46267592906951904,
          0.0033372007310390472,
          102.86095428466797
        ],
        [
          -0.4626748561859131,
          -0.8865273594856262,
          0.0011287928791716695,
          -37.45975112915039
        ],
        [
          0.0034807848278433084,
          -0.0005433400510810316,
          0.9999938011169434,
          0.9006159901618958
        ],
        [
          0.0,
          0.0,
          0.0,
          1.0
        ]
      ],
      "matrix_world_from_sensor_bevfusion": [
        [
          -0.8865212202072144,
          -0.46267592906951904,
          0.0033372007310390472,
          102.86095428466797
        ],
        [
          0.4626748561859131,
          -0.8865273594856262,
          -0.0011287928791716695,
          37.45975112915039
        ],
        [
          0.0034807848278433084,
          0.0005433400510810316,
          0.9999938011169434,
          0.9006159901618958
        ],
        [
          0.0,
          0.0,
          0.0,
          1.0
        ]
      ],
      "matrix_ego_from_sensor_carla": [
        [
          0.7071070075035095,
          0.7071064710617065,
          1.296849383436438e-08,
          1.6499991416931152
        ],
        [
          -0.7071065306663513,
          0.7071070671081543,
          -1.472453714512767e-08,
          -0.7500076293945312
        ],
        [
          -1.994716392061946e-08,
          1.5054563151650768e-09,
          1.0,
          0.8999998569488525
        ],
        [
          0.0,
          0.0,
          0.0,
          1.0
        ]
      ],
      "matrix_ego_from_sensor_bevfusion": [
        [
          0.7071070075035095,
          -0.7071064710617065,
          1.296849383436438e-08,
          1.6499991416931152
        ],
        [
          0.7071065306663513,
          0.7071070671081543,
          1.472453714512767e-08,
          0.7500076293945312
        ],
        [
          -1.994716392061946e-08,
          -1.5054563151650768e-09,
          1.0,
          0.8999998569488525
        ],
        [
          0.0,
          0.0,
          0.0,
          1.0
        ]
      ],
      "data_path": "D:\\Agent-AI\\outputs\\s3a_ml_long_v1\\sample_000035\\radar\\RADAR_FRONT_LEFT.npy",
      "raw_layout": [
        "velocity",
        "altitude",
        "azimuth",
        "depth"
      ]
    },
    "RADAR_FRONT_RIGHT": {
      "type_id": "sensor.other.radar",
      "blueprint_attributes": {
        "sensor_tick": "0.100000",
        "role_name": "default",
        "noise_seed": "0",
