{
  "schema_version": "stage1.v1",
  "sample_name": "sample_000012",
  "sequence_index": 12,
  "previous_sample_name": "sample_000011",
  "frame_id": 726285,
  "timestamp": 4998.39462473616,
  "platform_timestamp": 16813370.7602855,
  "delta_seconds": 0.10000000149011612,
  "town": "Carla/Maps/Town10HD_Opt",
  "weather": {
    "cloudiness": 20.0,
    "dust_storm": 0.0,
    "fog_density": 2.0,
    "fog_distance": 0.75,
    "fog_falloff": 0.10000000149011612,
    "mie_scattering_scale": 0.029999999329447746,
    "precipitation": 0.0,
    "precipitation_deposits": 0.0,
    "rayleigh_scattering_scale": 0.03310000151395798,
    "scattering_intensity": 1.0,
    "sun_altitude_angle": 45.0,
    "sun_azimuth_angle": 300.0,
    "wetness": 0.0,
    "wind_intensity": 10.0
  },
  "sensor_names": [
    "CAM_FRONT",
    "CAM_FRONT_RIGHT",
    "CAM_FRONT_LEFT",
    "CAM_BACK",
    "CAM_BACK_LEFT",
    "CAM_BACK_RIGHT",
    "LIDAR_TOP",
    "RADAR_FRONT",
    "RADAR_FRONT_LEFT",
    "RADAR_FRONT_RIGHT",
    "RADAR_BACK_LEFT",
    "RADAR_BACK_RIGHT"
  ],
  "camera_order_for_model": [
    "CAM_FRONT",
    "CAM_FRONT_RIGHT",
    "CAM_FRONT_LEFT",
    "CAM_BACK",
    "CAM_BACK_LEFT",
    "CAM_BACK_RIGHT"
  ],
  "radar_order_for_model": [
    "RADAR_FRONT",
    "RADAR_FRONT_LEFT",
    "RADAR_FRONT_RIGHT",
    "RADAR_BACK_LEFT",
    "RADAR_BACK_RIGHT"
  ],
  "coordinate_notes": {
    "carla_world": "left-handed x-forward y-right z-up",
    "bevfusion_lidar": "x-forward y-left z-up",
    "camera_frame_for_model": "OpenCV style x-right y-down z-forward"
  },
  "ego": {
    "actor_id": 49,
    "transform_carla": {
      "location": {
        "x": 105.95050811767578,
        "y": -28.16753578186035,
        "z": -0.005703735165297985
      },
      "rotation": {
        "roll": 0.3476305603981018,
        "pitch": 0.36679479479789734,
        "yaw": -96.37039184570312
      }
    },
    "velocity_carla": [
      -1.00889253616333,
      -8.240443229675293,
      8.398055797442794e-05
    ],
    "angular_velocity_carla": [
      1.0191230773925781,
      -0.6466152667999268,
      -6.328041076660156
    ],
    "matrix_world_from_ego_carla": [
      [
        -0.11095307767391205,
        0.9938027858734131,
        0.006740091368556023,
        105.95050811767578
      ],
      [
        -0.9938049912452698,
        -0.11099191009998322,
        0.005688892677426338,
        -28.16753578186035
      ],
      [
        0.0064017330296337605,
        -0.00606713630259037,
        0.9999610781669617,
        -0.005703735165297985
      ],
      [
        0.0,
        0.0,
        0.0,
        1.0
      ]
    ],
    "matrix_world_from_ego_bevfusion": [
      [
        -0.11095307767391205,
        -0.9938027858734131,
        0.006740091368556023,
        105.95050811767578
      ],
      [
        0.9938049912452698,
        -0.11099191009998322,
        -0.005688892677426338,
        28.16753578186035
      ],
      [
        0.0064017330296337605,
        0.00606713630259037,
        0.9999610781669617,
        -0.005703735165297985
      ],
      [
        0.0,
        0.0,
        0.0,
        1.0
      ]
    ]
  },
  "sensors": {
    "CAM_FRONT": {
      "type_id": "sensor.camera.rgb",
      "blueprint_attributes": {
        "role_name": "front",
        "ros_name": "sensor.camera.rgb",
        "chromatic_aberration_offset": "0.0",
        "sensor_tick": "0.100000",
        "fstop": "1.4",
        "image_size_x": "960",
        "image_size_y": "540",
        "fov": "70.00",
        "lens_circle_falloff": "5.0",
        "lens_circle_multiplier": "0.0",
        "exposure_compensation": "0.0",
        "lens_y_size": "0.08",
        "lens_k": "-1.0",
        "exposure_mode": "histogram",
        "lens_kcube": "0.0",
        "lens_x_size": "0.08",
        "exposure_max_bright": "12.0",
        "shutter_speed": "200.0",
        "bloom_intensity": "0.675",
        "iso": "100.0",
        "enable_postprocess_effects": "false",
        "gamma": "2.2",
        "motion_blur_intensity": "0.0",
        "motion_blur_max_distortion": "0.35",
        "lens_flare_intensity": "0.1",
        "motion_blur_min_object_screen_size": "0.1",
        "exposure_min_bright": "10.0",
        "exposure_speed_up": "3.0",
        "exposure_speed_down": "1.0",
        "tint": "0.0",
        "calibration_constant": "16.0",
        "focal_distance": "1000.0",
        "min_fstop": "1.2",
        "blade_count": "5",
        "blur_amount": "0.0",
        "blur_radius": "0.0",
        "slope": "0.88",
        "toe": "0.55",
        "white_clip": "0.04",
        "shoulder": "0.26",
        "black_clip": "0.0",
        "temp": "6500.0",
        "chromatic_aberration_intensity": "0.0"
      },
      "transform_carla": {
        "location": {
          "x": 105.78998565673828,
          "y": -29.69826316833496,
          "z": 1.7041525840759277
        },
        "rotation": {
          "roll": 0.3476305603981018,
          "pitch": 0.36679479479789734,
          "yaw": -96.37039184570312
        }
      },
      "matrix_world_from_sensor_carla": [
        [
          -0.11095307767391205,
          0.9938027858734131,
          0.006740091368556023,
          105.78998565673828
        ],
        [
          -0.9938049912452698,
          -0.11099191009998322,
          0.005688892677426338,
          -29.69826316833496
        ],
        [
          0.0064017330296337605,
          -0.00606713630259037,
          0.9999610781669617,
          1.7041525840759277
        ],
        [
          0.0,
          0.0,
          0.0,
          1.0
        ]
      ],
      "matrix_world_from_sensor_bevfusion": [
        [
          0.9938027858734131,
          -0.006740091368556023,
          -0.11095307767391205,
          105.78998565673828
        ],
        [
          0.11099191009998322,
          0.005688892677426338,
          0.9938049912452698,
          29.69826316833496
        ],
        [
          -0.00606713630259037,
          -0.9999610781669617,
          0.0064017330296337605,
          1.7041525840759277
        ],
        [
          0.0,
          0.0,
          0.0,
          1.0
        ]
      ],
      "matrix_ego_from_sensor_carla": [
        [
          1.0,
          -5.271602265821684e-09,
          -3.841355011857672e-11,
          1.5500011444091797
        ],
        [
          2.968264078972993e-09,
          1.0,
          -4.11849637727002e-10,
          0.0
        ],
        [
          -1.2248368985723346e-10,
          -3.0783597892991565e-10,
          1.0,
          1.6999995708465576
        ],
        [
          0.0,
          0.0,
          0.0,
          1.0
        ]
      ],
      "matrix_ego_from_sensor_bevfusion": [
        [
          -5.271602265821684e-09,
          3.841355011857672e-11,
          1.0,
          1.5500011444091797
        ],
        [
          -1.0,
          -4.11849637727002e-10,
          -2.968264078972993e-09,
          0.0
        ],
        [
          -3.0783597892991565e-10,
          -1.0,
          -1.2248368985723346e-10,
          1.6999995708465576
        ],
        [
          0.0,
          0.0,
          0.0,
          1.0
        ]
      ],
      "camera_intrinsics": [
        [
          685.5110473632812,
          0.0,
          480.0
        ],
        [
          0.0,
          685.5110473632812,
          270.0
        ],
        [
          0.0,
          0.0,
          1.0
        ]
      ],
      "data_path": "D:\\Agent-AI\\outputs\\s3a_ml_long_v1\\sample_000012\\images\\CAM_FRONT.png",
      "raw_layout": "bgra8"
    },
    "CAM_FRONT_RIGHT": {
      "type_id": "sensor.camera.rgb",
      "blueprint_attributes": {
        "role_name": "front",
        "ros_name": "sensor.camera.rgb",
        "chromatic_aberration_offset": "0.0",
        "sensor_tick": "0.100000",
        "fstop": "1.4",
        "image_size_x": "960",
        "image_size_y": "540",
        "fov": "70.00",
        "lens_circle_falloff": "5.0",
        "lens_circle_multiplier": "0.0",
        "exposure_compensation": "0.0",
        "lens_y_size": "0.08",
        "lens_k": "-1.0",
        "exposure_mode": "histogram",
        "lens_kcube": "0.0",
        "lens_x_size": "0.08",
        "exposure_max_bright": "12.0",
        "shutter_speed": "200.0",
        "bloom_intensity": "0.675",
        "iso": "100.0",
        "enable_postprocess_effects": "false",
        "gamma": "2.2",
        "motion_blur_intensity": "0.0",
        "motion_blur_max_distortion": "0.35",
        "lens_flare_intensity": "0.1",
        "motion_blur_min_object_screen_size": "0.1",
        "exposure_min_bright": "10.0",
        "exposure_speed_up": "3.0",
        "exposure_speed_down": "1.0",
        "tint": "0.0",
        "calibration_constant": "16.0",
        "focal_distance": "1000.0",
        "min_fstop": "1.2",
        "blade_count": "5",
        "blur_amount": "0.0",
        "blur_radius": "0.0",
        "slope": "0.88",
        "toe": "0.55",
        "white_clip": "0.04",
        "shoulder": "0.26",
        "black_clip": "0.0",
        "temp": "6500.0",
        "chromatic_aberration_intensity": "0.0"
      },
      "transform_carla": {
        "location": {
          "x": 106.36431121826172,
          "y": -29.51085662841797,
          "z": 1.6992154121398926
        },
        "rotation": {
          "roll": 0.4998528063297272,
          "pitch": -0.07436709851026535,
          "yaw": -41.37184524536133
        }
      },
      "matrix_world_from_sensor_carla": [
        [
          0.7504352927207947,
          0.6609095335006714,
          0.0067400382831692696,
          106.36431121826172
        ],
        [
          -0.6609426736831665,
          0.7504149079322815,
          0.005688939243555069,
          -29.51085662841797
        ],
        [
          -0.0012979503953829408,
          -0.00872395932674408,
          0.9999611377716064,
          1.6992154121398926
        ],
        [
          0.0,
          0.0,
          0.0,
          1.0
        ]
      ],
      "matrix_world_from_sensor_bevfusion": [
        [
          0.6609095335006714,
          -0.0067400382831692696,
          0.7504352927207947,
          106.36431121826172
        ],
        [
          -0.7504149079322815,
          0.005688939243555069,
          0.6609426736831665,
          29.51085662841797
        ],
        [
          -0.00872395932674408,
          -0.9999611377716064,
          -0.0012979503953829408,
          1.6992154121398926
        ],
        [
          0.0,
          0.0,
          0.0,
          1.0
        ]
      ],
      "matrix_ego_from_sensor_carla": [
        [
          0.5735767483711243,
          -0.8191519379615784,
          -3.970371054151656e-08,
          1.3000011444091797
        ],
        [
          0.8191518783569336,
          0.5735766887664795,
          -5.851547868473972e-08,
          0.5499954223632812
        ],
        [
          7.0464679424731e-08,
          9.62405266591304e-10,
          1.0000001192092896,
          1.6999998092651367
        ],
        [
          0.0,
          0.0,
          0.0,
          1.0
        ]
      ],
      "matrix_ego_from_sensor_bevfusion": [
        [
          -0.8191519379615784,
          3.970371054151656e-08,
          0.5735767483711243,
          1.3000011444091797
        ],
        [
          -0.5735766887664795,
          -5.851547868473972e-08,
          -0.8191518783569336,
          -0.5499954223632812
        ],
        [
          9.62405266591304e-10,
          -1.0000001192092896,
          7.0464679424731e-08,
          1.6999998092651367
        ],
        [
          0.0,
          0.0,
          0.0,
          1.0
        ]
      ],
      "camera_intrinsics": [
        [
          685.5110473632812,
          0.0,
          480.0
        ],
        [
          0.0,
          685.5110473632812,
          270.0
        ],
        [
          0.0,
          0.0,
          1.0
        ]
      ],
      "data_path": "D:\\Agent-AI\\outputs\\s3a_ml_long_v1\\sample_000012\\images\\CAM_FRONT_RIGHT.png",
      "raw_layout": "bgra8"
    },
    "CAM_FRONT_LEFT": {
      "type_id": "sensor.camera.rgb",
      "blueprint_attributes": {
        "role_name": "front",
        "ros_name": "sensor.camera.rgb",
        "chromatic_aberration_offset": "0.0",
        "sensor_tick": "0.100000",
        "fstop": "1.4",
        "image_size_x": "960",
        "image_size_y": "540",
        "fov": "70.00",
        "lens_circle_falloff": "5.0",
        "lens_circle_multiplier": "0.0",
        "exposure_compensation": "0.0",
        "lens_y_size": "0.08",
        "lens_k": "-1.0",
        "exposure_mode": "histogram",
        "lens_kcube": "0.0",
        "lens_x_size": "0.08",
        "exposure_max_bright": "12.0",
        "shutter_speed": "200.0",
        "bloom_intensity": "0.675",
        "iso": "100.0",
        "enable_postprocess_effects": "false",
        "gamma": "2.2",
        "motion_blur_intensity": "0.0",
        "motion_blur_max_distortion": "0.35",
        "lens_flare_intensity": "0.1",
        "motion_blur_min_object_screen_size": "0.1",
        "exposure_min_bright": "10.0",
        "exposure_speed_up": "3.0",
        "exposure_speed_down": "1.0",
        "tint": "0.0",
        "calibration_constant": "16.0",
        "focal_distance": "1000.0",
        "min_fstop": "1.2",
        "blade_count": "5",
        "blur_amount": "0.0",
        "blur_radius": "0.0",
        "slope": "0.88",
        "toe": "0.55",
        "white_clip": "0.04",
        "shoulder": "0.26",
        "black_clip": "0.0",
        "temp": "6500.0",
        "chromatic_aberration_intensity": "0.0"
      },
      "transform_carla": {
        "location": {
          "x": 105.27113342285156,
          "y": -29.38876724243164,
          "z": 1.7058892250061035
        },
        "rotation": {
          "roll": -0.10107500851154327,
          "pitch": 0.4951408803462982,
          "yaw": -151.37193298339844
        }
      },
      "matrix_world_from_sensor_carla": [
        [
          -0.8777157068252563,
          0.4791344702243805,
          0.0067400396801531315,
          105.27113342285156
        ],
        [
          -0.4791039526462555,
          -0.8777397274971008,
          0.0056888628751039505,
          -29.38876724243164
        ],
        [
          0.00864173099398613,
          0.0017640249570831656,
          0.9999611377716064,
          1.7058892250061035
        ],
        [
          0.0,
          0.0,
          0.0,
          1.0
        ]
      ],
      "matrix_world_from_sensor_bevfusion": [
        [
          0.4791344702243805,
          -0.0067400396801531315,
          -0.8777157068252563,
          105.27113342285156
        ],
        [
          0.8777397274971008,
          0.0056888628751039505,
          0.4791039526462555,
          29.38876724243164
        ],
        [
          0.0017640249570831656,
          -0.9999611377716064,
          0.00864173099398613,
          1.7058892250061035
        ],
        [
          0.0,
          0.0,
          0.0,
          1.0
        ]
      ],
      "matrix_ego_from_sensor_carla": [
        [
          0.5735765099525452,
          0.8191519975662231,
          3.57334180023372e-08,
          1.3000030517578125
        ],
        [
          -0.8191521167755127,
          0.5735764503479004,
          -4.8270930363969455e-08,
          -0.5500030517578125
        ],
        [
          -6.016544062958928e-08,
          -9.166387648917862e-10,
          1.0000001192092896,
          1.6999998092651367
        ],
        [
          0.0,
          0.0,
          0.0,
          1.0
        ]
      ],
      "matrix_ego_from_sensor_bevfusion": [
        [
          0.8191519975662231,
          -3.57334180023372e-08,
          0.5735765099525452,
          1.3000030517578125
        ],
        [
          -0.5735764503479004,
          -4.8270930363969455e-08,
          0.8191521167755127,
          0.5500030517578125
        ],
        [
          -9.166387648917862e-10,
          -1.0000001192092896,
          -6.016544062958928e-08,
          1.6999998092651367
        ],
        [
          0.0,
          0.0,
          0.0,
          1.0
        ]
      ],
      "camera_intrinsics": [
        [
          685.5110473632812,
          0.0,
          480.0
        ],
        [
          0.0,
          685.5110473632812,
          270.0
        ],
        [
          0.0,
          0.0,
          1.0
        ]
      ],
      "data_path": "D:\\Agent-AI\\outputs\\s3a_ml_long_v1\\sample_000012\\images\\CAM_FRONT_LEFT.png",
      "raw_layout": "bgra8"
    },
    "CAM_BACK": {
      "type_id": "sensor.camera.rgb",
      "blueprint_attributes": {
        "role_name": "front",
        "ros_name": "sensor.camera.rgb",
        "chromatic_aberration_offset": "0.0",
        "sensor_tick": "0.100000",
        "fstop": "1.4",
        "image_size_x": "960",
        "image_size_y": "540",
        "fov": "70.00",
        "lens_circle_falloff": "5.0",
        "lens_circle_multiplier": "0.0",
        "exposure_compensation": "0.0",
        "lens_y_size": "0.08",
        "lens_k": "-1.0",
        "exposure_mode": "histogram",
        "lens_kcube": "0.0",
        "lens_x_size": "0.08",
        "exposure_max_bright": "12.0",
        "shutter_speed": "200.0",
        "bloom_intensity": "0.675",
        "iso": "100.0",
        "enable_postprocess_effects": "false",
        "gamma": "2.2",
        "motion_blur_intensity": "0.0",
        "motion_blur_max_distortion": "0.35",
        "lens_flare_intensity": "0.1",
        "motion_blur_min_object_screen_size": "0.1",
        "exposure_min_bright": "10.0",
        "exposure_speed_up": "3.0",
        "exposure_speed_down": "1.0",
        "tint": "0.0",
        "calibration_constant": "16.0",
        "focal_distance": "1000.0",
        "min_fstop": "1.2",
        "blade_count": "5",
        "blur_amount": "0.0",
        "blur_radius": "0.0",
        "slope": "0.88",
        "toe": "0.55",
        "white_clip": "0.04",
        "shoulder": "0.26",
        "black_clip": "0.0",
        "temp": "6500.0",
        "chromatic_aberration_intensity": "0.0"
      },
      "transform_carla": {
        "location": {
          "x": 106.13394165039062,
          "y": -26.617467880249023,
          "z": 1.68430757522583
        },
        "rotation": {
          "roll": -0.34763064980506897,
          "pitch": -0.36679479479789734,
          "yaw": 83.6296157836914
        }
      },
      "matrix_world_from_sensor_carla": [
        [
          0.11095298826694489,
          -0.9938027858734131,
          0.00674009183421731,
          106.13394165039062
        ],
        [
          0.9938049912452698,
          0.11099182069301605,
          0.005688892677426338,
          -26.617467880249023
        ],
        [
          -0.0064017330296337605,
          0.006067137699574232,
          0.9999610781669617,
          1.68430757522583
        ],
        [
          0.0,
          0.0,
          0.0,
          1.0
        ]
      ],
      "matrix_world_from_sensor_bevfusion": [
        [
          -0.9938027858734131,
          -0.00674009183421731,
          0.11095298826694489,
          106.13394165039062
        ],
        [
          -0.11099182069301605,
          0.005688892677426338,
          -0.9938049912452698,
          26.617467880249023
        ],
        [
          0.006067137699574232,
          -0.9999610781669617,
          -0.0064017330296337605,
          1.68430757522583
        ],
        [
          0.0,
          0.0,
          0.0,
          1.0
        ]
      ],
      "matrix_ego_from_sensor_carla": [
        [
          -1.0,
          9.413454193918369e-08,
          -3.841355011857672e-11,
          -1.5499992370605469
        ],
        [
          -9.237523102001433e-08,
          -1.0,
          5.381164958073725e-11,
          0.0
        ],
        [
          -3.431775974505058e-10,
          7.734429763317507e-10,
          1.0,
          1.7000000476837158
        ],
        [
          0.0,
          0.0,
          0.0,
          1.0
        ]
      ],
      "matrix_ego_from_sensor_bevfusion": [
        [
          9.413454193918369e-08,
          3.841355011857672e-11,
          -1.0,
          -1.5499992370605469
        ],
        [
          1.0,
          5.381164958073725e-11,
          9.237523102001433e-08,
          0.0
        ],
        [
          7.734429763317507e-10,
          -1.0,
          -3.431775974505058e-10,
          1.7000000476837158
        ],
        [
          0.0,
          0.0,
          0.0,
          1.0
        ]
      ],
      "camera_intrinsics": [
        [
          685.5110473632812,
          0.0,
          480.0
        ],
        [
          0.0,
          685.5110473632812,
          270.0
        ],
        [
          0.0,
          0.0,
          1.0
        ]
      ],
      "data_path": "D:\\Agent-AI\\outputs\\s3a_ml_long_v1\\sample_000012\\images\\CAM_BACK.png",
      "raw_layout": "bgra8"
    },
    "CAM_BACK_LEFT": {
      "type_id": "sensor.camera.rgb",
      "blueprint_attributes": {
        "role_name": "front",
        "ros_name": "sensor.camera.rgb",
        "chromatic_aberration_offset": "0.0",
        "sensor_tick": "0.100000",
        "fstop": "1.4",
        "image_size_x": "960",
        "image_size_y": "540",
        "fov": "70.00",
        "lens_circle_falloff": "5.0",
        "lens_circle_multiplier": "0.0",
        "exposure_compensation": "0.0",
        "lens_y_size": "0.08",
        "lens_k": "-1.0",
        "exposure_mode": "histogram",
        "lens_kcube": "0.0",
        "lens_x_size": "0.08",
        "exposure_max_bright": "12.0",
        "shutter_speed": "200.0",
        "bloom_intensity": "0.675",
        "iso": "100.0",
        "enable_postprocess_effects": "false",
        "gamma": "2.2",
        "motion_blur_intensity": "0.0",
        "motion_blur_max_distortion": "0.35",
        "lens_flare_intensity": "0.1",
        "motion_blur_min_object_screen_size": "0.1",
        "exposure_min_bright": "10.0",
        "exposure_speed_up": "3.0",
        "exposure_speed_down": "1.0",
        "tint": "0.0",
        "calibration_constant": "16.0",
        "focal_distance": "1000.0",
        "min_fstop": "1.2",
        "blade_count": "5",
        "blur_amount": "0.0",
        "blur_radius": "0.0",
        "slope": "0.88",
        "toe": "0.55",
        "white_clip": "0.04",
        "shoulder": "0.26",
        "black_clip": "0.0",
        "temp": "6500.0",
        "chromatic_aberration_intensity": "0.0"
      },
      "transform_carla": {
        "location": {
          "x": 105.55960845947266,
          "y": -26.804872512817383,
          "z": 1.6892447471618652
        },
        "rotation": {
          "roll": -0.4998528063297272,
          "pitch": 0.07436709851026535,
          "yaw": 138.62815856933594
        }
      },
      "matrix_world_from_sensor_carla": [
        [
          -0.7504352927207947,
          -0.6609094738960266,
          0.006740037817507982,
          105.55960845947266
        ],
        [
          0.6609426140785217,
          -0.7504149079322815,
          0.005688939243555069,
          -26.804872512817383
        ],
        [
          0.0012979503953829408,
          0.00872395932674408,
          0.9999611377716064,
          1.6892447471618652
        ],
        [
          0.0,
          0.0,
          0.0,
          1.0
        ]
      ],
      "matrix_world_from_sensor_bevfusion": [
        [
          -0.6609094738960266,
          -0.006740037817507982,
          -0.7504352927207947,
          105.55960845947266
        ],
        [
          0.7504149079322815,
          0.005688939243555069,
          -0.6609426140785217,
          26.804872512817383
        ],
        [
          0.00872395932674408,
          -0.9999611377716064,
          0.0012979503953829408,
          1.6892447471618652
        ],
        [
          0.0,
          0.0,
          0.0,
          1.0
        ]
      ],
      "matrix_ego_from_sensor_carla": [
        [
          -0.5735766887664795,
          0.8191519379615784,
          -3.970371054151656e-08,
          -1.2999992370605469
        ],
        [
          -0.8191518783569336,
          -0.5735766291618347,
          -5.898113997204746e-08,
          -0.5500030517578125
        ],
        [
          -7.081392539021181e-08,
          -3.108269197582558e-11,
          1.0000001192092896,
          1.6999998092651367
        ],
        [
          0.0,
          0.0,
          0.0,
          1.0
        ]
      ],
      "matrix_ego_from_sensor_bevfusion": [
        [
          0.8191519379615784,
          3.970371054151656e-08,
          -0.5735766887664795,
          -1.2999992370605469
        ],
        [
          0.5735766291618347,
          -5.898113997204746e-08,
          0.8191518783569336,
          0.5500030517578125
        ],
        [
          -3.108269197582558e-11,
          -1.0000001192092896,
          -7.081392539021181e-08,
          1.6999998092651367
        ],
        [
          0.0,
          0.0,
          0.0,
          1.0
        ]
      ],
      "camera_intrinsics": [
        [
          685.5110473632812,
          0.0,
          480.0
        ],
        [
          0.0,
          685.5110473632812,
          270.0
        ],
        [
          0.0,
          0.0,
          1.0
        ]
      ],
      "data_path": "D:\\Agent-AI\\outputs\\s3a_ml_long_v1\\sample_000012\\images\\CAM_BACK_LEFT.png",
      "raw_layout": "bgra8"
    },
    "CAM_BACK_RIGHT": {
      "type_id": "sensor.camera.rgb",
      "blueprint_attributes": {
        "role_name": "front",
        "ros_name": "sensor.camera.rgb",
        "chromatic_aberration_offset": "0.0",
        "sensor_tick": "0.100000",
        "fstop": "1.4",
        "image_size_x": "960",
        "image_size_y": "540",
        "fov": "70.00",
        "lens_circle_falloff": "5.0",
        "lens_circle_multiplier": "0.0",
        "exposure_compensation": "0.0",
        "lens_y_size": "0.08",
        "lens_k": "-1.0",
        "exposure_mode": "histogram",
        "lens_kcube": "0.0",
        "lens_x_size": "0.08",
        "exposure_max_bright": "12.0",
        "shutter_speed": "200.0",
        "bloom_intensity": "0.675",
        "iso": "100.0",
        "enable_postprocess_effects": "false",
        "gamma": "2.2",
        "motion_blur_intensity": "0.0",
        "motion_blur_max_distortion": "0.35",
        "lens_flare_intensity": "0.1",
        "motion_blur_min_object_screen_size": "0.1",
        "exposure_min_bright": "10.0",
        "exposure_speed_up": "3.0",
        "exposure_speed_down": "1.0",
        "tint": "0.0",
        "calibration_constant": "16.0",
        "focal_distance": "1000.0",
        "min_fstop": "1.2",
        "blade_count": "5",
        "blur_amount": "0.0",
        "blur_radius": "0.0",
        "slope": "0.88",
        "toe": "0.55",
        "white_clip": "0.04",
        "shoulder": "0.26",
        "black_clip": "0.0",
        "temp": "6500.0",
        "chromatic_aberration_intensity": "0.0"
      },
      "transform_carla": {
        "location": {
          "x": 106.65279388427734,
          "y": -26.926963806152344,
          "z": 1.6825709342956543
        },
        "rotation": {
          "roll": 0.10107509046792984,
          "pitch": -0.4951408803462982,
          "yaw": 28.628049850463867
        }
      },
      "matrix_world_from_sensor_carla": [
        [
          0.8777158260345459,
          -0.4791342616081238,
          0.006740040611475706,
          106.65279388427734
        ],
        [
          0.4791037440299988,
          0.8777398467063904,
          0.0056888628751039505,
          -26.926963806152344
        ],
        [
          -0.00864173099398613,
          -0.0017640263540670276,
          0.9999611377716064,
          1.6825709342956543
        ],
        [
          0.0,
          0.0,
          0.0,
          1.0
        ]
      ],
      "matrix_world_from_sensor_bevfusion": [
        [
          -0.4791342616081238,
          -0.006740040611475706,
          0.8777158260345459,
          106.65279388427734
        ],
        [
          -0.8777398467063904,
          0.0056888628751039505,
          -0.4791037440299988,
          26.926963806152344
        ],
        [
          -0.0017640263540670276,
          -0.9999611377716064,
          -0.00864173099398613,
          1.6825709342956543
        ],
        [
          0.0,
          0.0,
          0.0,
          1.0
        ]
      ],
      "matrix_ego_from_sensor_carla": [
        [
          -0.5735763311386108,
          -0.8191521167755127,
          3.57334180023372e-08,
          -1.2999992370605469
        ],
        [
          0.8191522359848022,
          -0.5735762715339661,
          -4.733960778935398e-08,
          0.5500030517578125
        ],
        [
          6.016544062958928e-08,
          1.6151849857592993e-09,
          1.0000001192092896,
          1.7000000476837158
        ],
        [
          0.0,
          0.0,
          0.0,
          1.0
        ]
      ],
      "matrix_ego_from_sensor_bevfusion": [
        [
          -0.8191521167755127,
          -3.57334180023372e-08,
          -0.5735763311386108,
          -1.2999992370605469
        ],
        [
          0.5735762715339661,
          -4.733960778935398e-08,
          -0.8191522359848022,
          -0.5500030517578125
        ],
        [
          1.6151849857592993e-09,
          -1.0000001192092896,
          6.016544062958928e-08,
          1.7000000476837158
        ],
        [
          0.0,
          0.0,
          0.0,
          1.0
        ]
      ],
      "camera_intrinsics": [
        [
          685.5110473632812,
          0.0,
          480.0
        ],
        [
          0.0,
          685.5110473632812,
          270.0
        ],
        [
          0.0,
          0.0,
          1.0
        ]
      ],
      "data_path": "D:\\Agent-AI\\outputs\\s3a_ml_long_v1\\sample_000012\\images\\CAM_BACK_RIGHT.png",
      "raw_layout": "bgra8"
    },
    "LIDAR_TOP": {
      "type_id": "sensor.lidar.ray_cast",
      "blueprint_attributes": {
        "atmosphere_attenuation_rate": "0.004",
        "role_name": "front",
        "noise_seed": "0",
        "upper_fov": "10.0",
        "ros_name": "sensor.lidar.ray_cast",
        "sensor_tick": "0.100000",
        "channels": "32",
        "range": "120.0",
        "points_per_second": "360000",
        "lower_fov": "-30.0",
        "rotation_frequency": "10.000000",
        "horizontal_fov": "360.0",
        "dropoff_general_rate": "0.0",
        "dropoff_intensity_limit": "1.0",
        "noise_stddev": "0.0",
        "dropoff_zero_intensity": "0.0"
      },
      "transform_carla": {
        "location": {
          "x": 105.96533203125,
          "y": -28.15502166748047,
          "z": 2.1942105293273926
        },
        "rotation": {
          "roll": 0.3476305603981018,
          "pitch": 0.36679479479789734,
          "yaw": -96.37039184570312
        }
      },
      "matrix_world_from_sensor_carla": [
        [
          -0.11095307767391205,
          0.9938027858734131,
          0.006740091368556023,
          105.96533203125
        ],
        [
          -0.9938049912452698,
          -0.11099191009998322,
          0.005688892677426338,
          -28.15502166748047
        ],
        [
          0.0064017330296337605,
          -0.00606713630259037,
          0.9999610781669617,
          2.1942105293273926
        ],
        [
          0.0,
          0.0,
          0.0,
          1.0
        ]
      ],
      "matrix_world_from_sensor_bevfusion": [
        [
          -0.11095307767391205,
          -0.9938027858734131,
          0.006740091368556023,
          105.96533203125
        ],
        [
          0.9938049912452698,
          -0.11099191009998322,
          -0.005688892677426338,
          28.15502166748047
        ],
        [
          0.0064017330296337605,
          0.00606713630259037,
          0.9999610781669617,
          2.1942105293273926
        ],
        [
          0.0,
          0.0,
          0.0,
          1.0
        ]
      ],
      "matrix_ego_from_sensor_carla": [
        [
          1.0,
          -5.271602265821684e-09,
          -3.841355011857672e-11,
          3.814697265625e-06
        ],
        [
          2.968264078972993e-09,
          1.0,
          -4.11849637727002e-10,
          -7.62939453125e-06
        ],
        [
          -1.2248368985723346e-10,
          -3.0783597892991565e-10,
          1.0,
          2.1999998092651367
        ],
        [
          0.0,
          0.0,
          0.0,
          1.0
        ]
      ],
      "matrix_ego_from_sensor_bevfusion": [
        [
          1.0,
          5.271602265821684e-09,
          -3.841355011857672e-11,
          3.814697265625e-06
        ],
        [
          -2.968264078972993e-09,
          1.0,
          4.11849637727002e-10,
          7.62939453125e-06
        ],
        [
          -1.2248368985723346e-10,
          3.0783597892991565e-10,
          1.0,
          2.1999998092651367
        ],
        [
          0.0,
          0.0,
          0.0,
          1.0
        ]
      ],
      "data_path": "D:\\Agent-AI\\outputs\\s3a_ml_long_v1\\sample_000012\\lidar\\LIDAR_TOP.npy",
      "raw_layout": [
        "x",
        "y",
        "z",
        "intensity"
      ]
    },
    "RADAR_FRONT": {
      "type_id": "sensor.other.radar",
      "blueprint_attributes": {
        "sensor_tick": "0.100000",
        "role_name": "default",
        "noise_seed": "0",
        "ros_name": "sensor.other.radar",
        "horizontal_fov": "35.0",
        "points_per_second": "1500",
        "vertical_fov": "20.0",
        "range": "120.0"
      },
      "transform_carla": {
        "location": {
          "x": 105.73466491699219,
          "y": -30.150026321411133,
          "z": 0.9070647358894348
        },
        "rotation": {
          "roll": 0.3476305603981018,
          "pitch": 0.36679479479789734,
          "yaw": -96.37039184570312
        }
      },
      "matrix_world_from_sensor_carla": [
        [
          -0.11095307767391205,
          0.9938027858734131,
          0.006740091368556023,
          105.73466491699219
        ],
        [
          -0.9938049912452698,
          -0.11099191009998322,
          0.005688892677426338,
          -30.150026321411133
        ],
        [
          0.0064017330296337605,
          -0.00606713630259037,
          0.9999610781669617,
          0.9070647358894348
        ],
        [
          0.0,
          0.0,
          0.0,
          1.0
        ]
      ],
      "matrix_world_from_sensor_bevfusion": [
        [
          -0.11095307767391205,
          -0.9938027858734131,
          0.006740091368556023,
          105.73466491699219
        ],
        [
          0.9938049912452698,
          -0.11099191009998322,
          -0.005688892677426338,
          30.150026321411133
        ],
        [
          0.0064017330296337605,
          0.00606713630259037,
          0.9999610781669617,
          0.9070647358894348
        ],
        [
          0.0,
          0.0,
          0.0,
          1.0
        ]
      ],
      "matrix_ego_from_sensor_carla": [
        [
          1.0,
          -5.271602265821684e-09,
          -3.841355011857672e-11,
          2.0
        ],
        [
          2.968264078972993e-09,
          1.0,
          -4.11849637727002e-10,
          7.62939453125e-06
        ],
        [
          -1.2248368985723346e-10,
          -3.0783597892991565e-10,
          1.0,
          0.9000000357627869
        ],
        [
          0.0,
          0.0,
          0.0,
          1.0
        ]
      ],
      "matrix_ego_from_sensor_bevfusion": [
        [
          1.0,
          5.271602265821684e-09,
          -3.841355011857672e-11,
          2.0
        ],
        [
          -2.968264078972993e-09,
          1.0,
          4.11849637727002e-10,
          -7.62939453125e-06
        ],
        [
          -1.2248368985723346e-10,
          3.0783597892991565e-10,
          1.0,
          0.9000000357627869
        ],
        [
          0.0,
          0.0,
          0.0,
          1.0
        ]
      ],
      "data_path": "D:\\Agent-AI\\outputs\\s3a_ml_long_v1\\sample_000012\\radar\\RADAR_FRONT.npy",
      "raw_layout": [
        "velocity",
        "altitude",
        "azimuth",
        "depth"
      ]
    },
    "RADAR_FRONT_LEFT": {
      "type_id": "sensor.other.radar",
      "blueprint_attributes": {
        "sensor_tick": "0.100000",
        "role_name": "default",
        "noise_seed": "0",
        "ros_name": "sensor.other.radar",
        "horizontal_fov": "35.0",
        "points_per_second": "1500",
        "vertical_fov": "20.0",
        "range": "120.0"
      },
      "transform_carla": {
        "location": {
          "x": 105.02814483642578,
          "y": -29.718950271606445,
          "z": 0.9093744158744812
        },
        "rotation": {
          "roll": -0.013556398451328278,
          "pitch": 0.5051743984222412,
          "yaw": -141.37158203125
        }
      },
      "matrix_world_from_sensor_carla": [
        [
          -0.7811806201934814,
          0.6242687106132507,
          0.006740109529346228,
          105.02814483642578
        ],
        [
          -0.6242428421974182,
          -0.7812096476554871,
          0.005688901524990797,
          -29.718950271606445
        ],
        [
          0.00881684198975563,
          0.00023659458383917809,
          0.9999611377716064,
          0.9093744158744812
        ],
        [
          0.0,
          0.0,
          0.0,
          1.0
        ]
      ],
      "matrix_world_from_sensor_bevfusion": [
        [
          -0.7811806201934814,
          -0.6242687106132507,
          0.006740109529346228,
          105.02814483642578
        ],
        [
          0.6242428421974182,
          -0.7812096476554871,
          -0.005688901524990797,
          29.718950271606445
        ],
        [
          0.00881684198975563,
          -0.00023659458383917809,
          0.9999611377716064,
          0.9093744158744812
        ],
        [
          0.0,
          0.0,
          0.0,
          1.0
        ]
      ],
      "matrix_ego_from_sensor_carla": [
        [
          0.7071065306663513,
          0.7071070671081543,
          -1.0367050329307403e-08,
          1.6500015258789062
        ],
        [
          -0.7071070075035095,
          0.7071065306663513,
          1.64559885718063e-08,
          -0.75
        ],
        [
          1.9642353521476252e-08,
          -4.508875939279733e-09,
          1.0000001192092896,
          0.8999999165534973
        ],
        [
          0.0,
          0.0,
          0.0,
          1.0
        ]
      ],
      "matrix_ego_from_sensor_bevfusion": [
        [
          0.7071065306663513,
          -0.7071070671081543,
          -1.0367050329307403e-08,
          1.6500015258789062
        ],
        [
          0.7071070075035095,
          0.7071065306663513,
          -1.64559885718063e-08,
          0.75
        ],
        [
          1.9642353521476252e-08,
          4.508875939279733e-09,
          1.0000001192092896,
          0.8999999165534973
        ],
        [
          0.0,
          0.0,
          0.0,
          1.0
        ]
      ],
      "data_path": "D:\\Agent-AI\\outputs\\s3a_ml_long_v1\\sample_000012\\radar\\RADAR_FRONT_LEFT.npy",
      "raw_layout": [
        "velocity",
        "altitude",
        "azimuth",
        "depth"
      ]
    },
    "RADAR_FRONT_RIGHT": {
      "type_id": "sensor.other.radar",
      "blueprint_attributes": {
        "sensor_tick": "0.100000",
        "role_name": "default",
        "noise_seed": "0",
        "ros_name": "sensor.other.radar",
