{
  "schema_version": "stage1.v1",
  "sample_name": "sample_000008",
  "sequence_index": 8,
  "previous_sample_name": "sample_000007",
  "frame_id": 2185,
  "timestamp": 33.29063230007887,
  "platform_timestamp": 16781865.7033176,
  "delta_seconds": 0.05000000074505806,
  "town": "Carla/Maps/Town10HD_Opt",
  "weather": {
    "cloudiness": 20.0,
    "dust_storm": 0.0,
    "fog_density": 2.0,
    "fog_distance": 0.75,
    "fog_falloff": 0.10000000149011612,
    "mie_scattering_scale": 0.029999999329447746,
    "precipitation": 0.0,
    "precipitation_deposits": 0.0,
    "rayleigh_scattering_scale": 0.03310000151395798,
    "scattering_intensity": 1.0,
    "sun_altitude_angle": 45.0,
    "sun_azimuth_angle": 300.0,
    "wetness": 0.0,
    "wind_intensity": 10.0
  },
  "sensor_names": [
    "CAM_FRONT",
    "CAM_FRONT_RIGHT",
    "CAM_FRONT_LEFT",
    "CAM_BACK",
    "CAM_BACK_LEFT",
    "CAM_BACK_RIGHT",
    "LIDAR_TOP",
    "RADAR_FRONT",
    "RADAR_FRONT_LEFT",
    "RADAR_FRONT_RIGHT",
    "RADAR_BACK_LEFT",
    "RADAR_BACK_RIGHT"
  ],
  "camera_order_for_model": [
    "CAM_FRONT",
    "CAM_FRONT_RIGHT",
    "CAM_FRONT_LEFT",
    "CAM_BACK",
    "CAM_BACK_LEFT",
    "CAM_BACK_RIGHT"
  ],
  "radar_order_for_model": [
    "RADAR_FRONT",
    "RADAR_FRONT_LEFT",
    "RADAR_FRONT_RIGHT",
    "RADAR_BACK_LEFT",
    "RADAR_BACK_RIGHT"
  ],
  "coordinate_notes": {
    "carla_world": "left-handed x-forward y-right z-up",
    "bevfusion_lidar": "x-forward y-left z-up",
    "camera_frame_for_model": "OpenCV style x-right y-down z-forward"
  },
  "ego": {
    "actor_id": 24,
    "transform_carla": {
      "location": {
        "x": -60.48772430419922,
        "y": 23.83319854736328,
        "z": -0.005246505606919527
      },
      "rotation": {
        "roll": 0.3256438076496124,
        "pitch": 0.26652762293815613,
        "yaw": -10.190141677856445
      }
    },
    "velocity_carla": [
      5.221989631652832,
      -1.1743654012680054,
      -0.00011202811583643779
    ],
    "angular_velocity_carla": [
      0.08616410940885544,
      0.991553008556366,
      -14.648111343383789
    ],
    "matrix_world_from_ego_carla": [
      [
        0.9842153787612915,
        0.17693856358528137,
        -0.0035728137008845806,
        -60.48772430419922
      ],
      [
        -0.17691348493099213,
        0.9842054843902588,
        0.006416830699890852,
        23.83319854736328
      ],
      [
        0.0046517676673829556,
        -0.005683464463800192,
        0.9999729990959167,
        -0.005246505606919527
      ],
      [
        0.0,
        0.0,
        0.0,
        1.0
      ]
    ],
    "matrix_world_from_ego_bevfusion": [
      [
        0.9842153787612915,
        -0.17693856358528137,
        -0.0035728137008845806,
        -60.48772430419922
      ],
      [
        0.17691348493099213,
        0.9842054843902588,
        -0.006416830699890852,
        -23.83319854736328
      ],
      [
        0.0046517676673829556,
        0.005683464463800192,
        0.9999729990959167,
        -0.005246505606919527
      ],
      [
        0.0,
        0.0,
        0.0,
        1.0
      ]
    ]
  },
  "sensors": {
    "CAM_FRONT": {
      "type_id": "sensor.camera.rgb",
      "blueprint_attributes": {
        "role_name": "front",
        "ros_name": "sensor.camera.rgb",
        "chromatic_aberration_offset": "0.0",
        "sensor_tick": "0.050000",
        "fstop": "1.4",
        "image_size_x": "1600",
        "image_size_y": "900",
        "fov": "70.00",
        "lens_circle_falloff": "5.0",
        "lens_circle_multiplier": "0.0",
        "exposure_compensation": "0.0",
        "lens_y_size": "0.08",
        "lens_k": "-1.0",
        "exposure_mode": "histogram",
        "lens_kcube": "0.0",
        "lens_x_size": "0.08",
        "exposure_max_bright": "12.0",
        "shutter_speed": "200.0",
        "bloom_intensity": "0.675",
        "iso": "100.0",
        "enable_postprocess_effects": "false",
        "gamma": "2.2",
        "motion_blur_intensity": "0.0",
        "motion_blur_max_distortion": "0.35",
        "lens_flare_intensity": "0.1",
        "motion_blur_min_object_screen_size": "0.1",
        "exposure_min_bright": "10.0",
        "exposure_speed_up": "3.0",
        "exposure_speed_down": "1.0",
        "tint": "0.0",
        "calibration_constant": "16.0",
        "focal_distance": "1000.0",
        "min_fstop": "1.2",
        "blade_count": "5",
        "blur_amount": "0.0",
        "blur_radius": "0.0",
        "slope": "0.88",
        "toe": "0.55",
        "white_clip": "0.04",
        "shoulder": "0.26",
        "black_clip": "0.0",
        "temp": "6500.0",
        "chromatic_aberration_intensity": "0.0"
      },
      "transform_carla": {
        "location": {
          "x": -58.968265533447266,
          "y": 23.56989288330078,
          "z": 1.7019180059432983
        },
        "rotation": {
          "roll": 0.3256438076496124,
          "pitch": 0.26652762293815613,
          "yaw": -10.190141677856445
        }
      },
      "matrix_world_from_sensor_carla": [
        [
          0.9842153787612915,
          0.17693856358528137,
          -0.0035728137008845806,
          -58.968265533447266
        ],
        [
          -0.17691348493099213,
          0.9842054843902588,
          0.006416830699890852,
          23.56989288330078
        ],
        [
          0.0046517676673829556,
          -0.005683464463800192,
          0.9999729990959167,
          1.7019180059432983
        ],
        [
          0.0,
          0.0,
          0.0,
          1.0
        ]
      ],
      "matrix_world_from_sensor_bevfusion": [
        [
          0.17693856358528137,
          0.0035728137008845806,
          0.9842153787612915,
          -58.968265533447266
        ],
        [
          -0.9842054843902588,
          0.006416830699890852,
          0.17691348493099213,
          -23.56989288330078
        ],
        [
          -0.005683464463800192,
          -0.9999729990959167,
          0.0046517676673829556,
          1.7019180059432983
        ],
        [
          0.0,
          0.0,
          0.0,
          1.0
        ]
      ],
      "matrix_ego_from_sensor_carla": [
        [
          1.0,
          8.45365910606688e-09,
          1.2660239523398786e-10,
          1.5499992370605469
        ],
        [
          -6.447021583255719e-09,
          1.0,
          -2.0953339063822796e-10,
          9.5367431640625e-07
        ],
        [
          -6.1779359405989e-11,
          -8.264555706460897e-11,
          1.0,
          1.700000286102295
        ],
        [
          0.0,
          0.0,
          0.0,
          1.0
        ]
      ],
      "matrix_ego_from_sensor_bevfusion": [
        [
          8.45365910606688e-09,
          -1.2660239523398786e-10,
          1.0,
          1.5499992370605469
        ],
        [
          -1.0,
          -2.0953339063822796e-10,
          6.447021583255719e-09,
          -9.5367431640625e-07
        ],
        [
          -8.264555706460897e-11,
          -1.0,
          -6.1779359405989e-11,
          1.700000286102295
        ],
        [
          0.0,
          0.0,
          0.0,
          1.0
        ]
      ],
      "camera_intrinsics": [
        [
          1142.5184326171875,
          0.0,
          800.0
        ],
        [
          0.0,
          1142.5184326171875,
          450.0
        ],
        [
          0.0,
          0.0,
          1.0
        ]
      ],
      "data_path": "D:\\Agent-AI\\outputs\\samples\\sample_000008\\images\\CAM_FRONT.png",
      "raw_layout": "bgra8"
    },
    "CAM_FRONT_RIGHT": {
      "type_id": "sensor.camera.rgb",
      "blueprint_attributes": {
        "role_name": "front",
        "ros_name": "sensor.camera.rgb",
        "chromatic_aberration_offset": "0.0",
        "sensor_tick": "0.050000",
        "fstop": "1.4",
        "image_size_x": "1600",
        "image_size_y": "900",
        "fov": "70.00",
        "lens_circle_falloff": "5.0",
        "lens_circle_multiplier": "0.0",
        "exposure_compensation": "0.0",
        "lens_y_size": "0.08",
        "lens_k": "-1.0",
        "exposure_mode": "histogram",
        "lens_kcube": "0.0",
        "lens_x_size": "0.08",
        "exposure_max_bright": "12.0",
        "shutter_speed": "200.0",
        "bloom_intensity": "0.675",
        "iso": "100.0",
        "enable_postprocess_effects": "false",
        "gamma": "2.2",
        "motion_blur_intensity": "0.0",
        "motion_blur_max_distortion": "0.35",
        "lens_flare_intensity": "0.1",
        "motion_blur_min_object_screen_size": "0.1",
        "exposure_min_bright": "10.0",
        "exposure_speed_up": "3.0",
        "exposure_speed_down": "1.0",
        "tint": "0.0",
        "calibration_constant": "16.0",
        "focal_distance": "1000.0",
        "min_fstop": "1.2",
        "blade_count": "5",
        "blur_amount": "0.0",
        "blur_radius": "0.0",
        "slope": "0.88",
        "toe": "0.55",
        "white_clip": "0.04",
        "shoulder": "0.26",
        "black_clip": "0.0",
        "temp": "6500.0",
        "chromatic_aberration_intensity": "0.0"
      },
      "transform_carla": {
        "location": {
          "x": -59.117000579833984,
          "y": 24.155431747436523,
          "z": 1.6976290941238403
        },
        "rotation": {
          "roll": 0.40510866045951843,
          "pitch": -0.11387290805578232,
          "yaw": 44.80868911743164
        }
      },
      "matrix_world_from_sensor_carla": [
        [
          0.7094625234603882,
          -0.7047341465950012,
          -0.0035728276707232,
          -59.117000579833984
        ],
        [
          0.7047404050827026,
          0.709436297416687,
          0.0064168162643909454,
          24.155431747436523
        ],
        [
          -0.001987455878406763,
          -0.0070704068057239056,
          0.9999730587005615,
          1.6976290941238403
        ],
        [
          0.0,
          0.0,
          0.0,
          1.0
        ]
      ],
      "matrix_world_from_sensor_bevfusion": [
        [
          -0.7047341465950012,
          0.0035728276707232,
          0.7094625234603882,
          -59.117000579833984
        ],
        [
          -0.709436297416687,
          0.0064168162643909454,
          -0.7047404050827026,
          -24.155431747436523
        ],
        [
          -0.0070704068057239056,
          -0.9999730587005615,
          -0.001987455878406763,
          1.6976290941238403
        ],
        [
          0.0,
          0.0,
          0.0,
          1.0
        ]
      ],
      "matrix_ego_from_sensor_carla": [
        [
          0.5735766291618347,
          -0.8191519975662231,
          -1.077200195709338e-08,
          1.2999992370605469
        ],
        [
          0.8191519975662231,
          0.5735766291618347,
          -1.6846438910533834e-08,
          0.5500001907348633
        ],
        [
          2.001703158782675e-08,
          3.0480395984966435e-11,
          1.0,
          1.7000000476837158
        ],
        [
          0.0,
          0.0,
          0.0,
          1.0
        ]
      ],
      "matrix_ego_from_sensor_bevfusion": [
        [
          -0.8191519975662231,
          1.077200195709338e-08,
          0.5735766291618347,
          1.2999992370605469
        ],
        [
          -0.5735766291618347,
          -1.6846438910533834e-08,
          -0.8191519975662231,
          -0.5500001907348633
        ],
        [
          3.0480395984966435e-11,
          -1.0,
          2.001703158782675e-08,
          1.7000000476837158
        ],
        [
          0.0,
          0.0,
          0.0,
          1.0
        ]
      ],
      "camera_intrinsics": [
        [
          1142.5184326171875,
          0.0,
          800.0
        ],
        [
          0.0,
          1142.5184326171875,
          450.0
        ],
        [
          0.0,
          0.0,
          1.0
        ]
      ],
      "data_path": "D:\\Agent-AI\\outputs\\samples\\sample_000008\\images\\CAM_FRONT_RIGHT.png",
      "raw_layout": "bgra8"
    },
    "CAM_FRONT_LEFT": {
      "type_id": "sensor.camera.rgb",
      "blueprint_attributes": {
        "role_name": "front",
        "ros_name": "sensor.camera.rgb",
        "chromatic_aberration_offset": "0.0",
        "sensor_tick": "0.050000",
        "fstop": "1.4",
        "image_size_x": "1600",
        "image_size_y": "900",
        "fov": "70.00",
        "lens_circle_falloff": "5.0",
        "lens_circle_multiplier": "0.0",
        "exposure_compensation": "0.0",
        "lens_y_size": "0.08",
        "lens_k": "-1.0",
        "exposure_mode": "histogram",
        "lens_kcube": "0.0",
        "lens_x_size": "0.08",
        "exposure_max_bright": "12.0",
        "shutter_speed": "200.0",
        "bloom_intensity": "0.675",
        "iso": "100.0",
        "enable_postprocess_effects": "false",
        "gamma": "2.2",
        "motion_blur_intensity": "0.0",
        "motion_blur_max_distortion": "0.35",
        "lens_flare_intensity": "0.1",
        "motion_blur_min_object_screen_size": "0.1",
        "exposure_min_bright": "10.0",
        "exposure_speed_up": "3.0",
        "exposure_speed_down": "1.0",
        "tint": "0.0",
        "calibration_constant": "16.0",
        "focal_distance": "1000.0",
        "min_fstop": "1.2",
        "blade_count": "5",
        "blur_amount": "0.0",
        "blur_radius": "0.0",
        "slope": "0.88",
        "toe": "0.55",
        "white_clip": "0.04",
        "shoulder": "0.26",
        "black_clip": "0.0",
        "temp": "6500.0",
        "chromatic_aberration_intensity": "0.0"
      },
      "transform_carla": {
        "location": {
          "x": -59.3116340637207,
          "y": 23.07280731201172,
          "z": 1.7038809061050415
        },
        "rotation": {
          "roll": -0.03154806047677994,
          "pitch": 0.41961947083473206,
          "yaw": -65.19100952148438
        }
      },
      "matrix_world_from_sensor_carla": [
        [
          0.4195832908153534,
          0.9077097773551941,
          -0.0035727759823203087,
          -59.3116340637207
        ],
        [
          -0.9076873064041138,
          0.41959813237190247,
          0.0064167482778429985,
          23.07280731201172
        ],
        [
          0.007323675788938999,
          0.0005506027373485267,
          0.9999729990959167,
          1.7038809061050415
        ],
        [
          0.0,
          0.0,
          0.0,
          1.0
        ]
      ],
      "matrix_world_from_sensor_bevfusion": [
        [
          0.9077097773551941,
          0.0035727759823203087,
          0.4195832908153534,
          -59.3116340637207
        ],
        [
          -0.41959813237190247,
          0.0064167482778429985,
          0.9076873064041138,
          -23.07280731201172
        ],
        [
          0.0005506027373485267,
          -0.9999729990959167,
          0.007323675788938999,
          1.7038809061050415
        ],
        [
          0.0,
          0.0,
          0.0,
          1.0
        ]
      ],
      "matrix_ego_from_sensor_carla": [
        [
          0.5735765695571899,
          0.8191519379615784,
          5.1815003843103113e-08,
          1.2999992370605469
        ],
        [
          -0.8191519379615784,
          0.5735765099525452,
          -7.424967662927884e-08,
          -0.5499982833862305
        ],
        [
          -9.020724434094518e-08,
          -1.6562266835773443e-10,
          1.0,
          1.7000000476837158
        ],
        [
          0.0,
          0.0,
          0.0,
          1.0
        ]
      ],
      "matrix_ego_from_sensor_bevfusion": [
        [
          0.8191519379615784,
          -5.1815003843103113e-08,
          0.5735765695571899,
          1.2999992370605469
        ],
        [
          -0.5735765099525452,
          -7.424967662927884e-08,
          0.8191519379615784,
          0.5499982833862305
        ],
        [
          -1.6562266835773443e-10,
          -1.0,
          -9.020724434094518e-08,
          1.7000000476837158
        ],
        [
          0.0,
          0.0,
          0.0,
          1.0
        ]
      ],
      "camera_intrinsics": [
        [
          1142.5184326171875,
          0.0,
          800.0
        ],
        [
          0.0,
          1142.5184326171875,
          450.0
        ],
        [
          0.0,
          0.0,
          1.0
        ]
      ],
      "data_path": "D:\\Agent-AI\\outputs\\samples\\sample_000008\\images\\CAM_FRONT_LEFT.png",
      "raw_layout": "bgra8"
    },
    "CAM_BACK": {
      "type_id": "sensor.camera.rgb",
      "blueprint_attributes": {
        "role_name": "front",
        "ros_name": "sensor.camera.rgb",
        "chromatic_aberration_offset": "0.0",
        "sensor_tick": "0.050000",
        "fstop": "1.4",
        "image_size_x": "1600",
        "image_size_y": "900",
        "fov": "70.00",
        "lens_circle_falloff": "5.0",
        "lens_circle_multiplier": "0.0",
        "exposure_compensation": "0.0",
        "lens_y_size": "0.08",
        "lens_k": "-1.0",
        "exposure_mode": "histogram",
        "lens_kcube": "0.0",
        "lens_x_size": "0.08",
        "exposure_max_bright": "12.0",
        "shutter_speed": "200.0",
        "bloom_intensity": "0.675",
        "iso": "100.0",
        "enable_postprocess_effects": "false",
        "gamma": "2.2",
        "motion_blur_intensity": "0.0",
        "motion_blur_max_distortion": "0.35",
        "lens_flare_intensity": "0.1",
        "motion_blur_min_object_screen_size": "0.1",
        "exposure_min_bright": "10.0",
        "exposure_speed_up": "3.0",
        "exposure_speed_down": "1.0",
        "tint": "0.0",
        "calibration_constant": "16.0",
        "focal_distance": "1000.0",
        "min_fstop": "1.2",
        "blade_count": "5",
        "blur_amount": "0.0",
        "blur_radius": "0.0",
        "slope": "0.88",
        "toe": "0.55",
        "white_clip": "0.04",
        "shoulder": "0.26",
        "black_clip": "0.0",
        "temp": "6500.0",
        "chromatic_aberration_intensity": "0.0"
      },
      "transform_carla": {
        "location": {
          "x": -62.01932907104492,
          "y": 24.118322372436523,
          "z": 1.6874972581863403
        },
        "rotation": {
          "roll": -0.3256438970565796,
          "pitch": -0.26652762293815613,
          "yaw": 169.80987548828125
        }
      },
      "matrix_world_from_sensor_carla": [
        [
          -0.9842154383659363,
          -0.17693838477134705,
          -0.0035728146322071552,
          -62.01932907104492
        ],
        [
          0.1769133061170578,
          -0.9842055439949036,
          0.006416831165552139,
          24.118322372436523
        ],
        [
          -0.0046517676673829556,
          0.005683465860784054,
          0.9999729990959167,
          1.6874972581863403
        ],
        [
          0.0,
          0.0,
          0.0,
          1.0
        ]
      ],
      "matrix_world_from_sensor_bevfusion": [
        [
          -0.17693838477134705,
          0.0035728146322071552,
          -0.9842154383659363,
          -62.01932907104492
        ],
        [
          0.9842055439949036,
          0.006416831165552139,
          -0.1769133061170578,
          -24.118322372436523
        ],
        [
          0.005683465860784054,
          -0.9999729990959167,
          -0.0046517676673829556,
          1.6874972581863403
        ],
        [
          0.0,
          0.0,
          0.0,
          1.0
        ]
      ],
      "matrix_ego_from_sensor_carla": [
        [
          -1.0,
          1.809114564821357e-07,
          -8.047201793814907e-10,
          -1.5499954223632812
        ],
        [
          -1.8444499971792538e-07,
          -1.0,
          2.561278966695113e-10,
          0.0
        ],
        [
          -8.695432152094895e-10,
          8.260792050407417e-11,
          1.0,
          1.6999998092651367
        ],
        [
          0.0,
          0.0,
          0.0,
          1.0
        ]
      ],
      "matrix_ego_from_sensor_bevfusion": [
        [
          1.809114564821357e-07,
          8.047201793814907e-10,
          -1.0,
          -1.5499954223632812
        ],
        [
          1.0,
          2.561278966695113e-10,
          1.8444499971792538e-07,
          0.0
        ],
        [
          8.260792050407417e-11,
          -1.0,
          -8.695432152094895e-10,
          1.6999998092651367
        ],
        [
          0.0,
          0.0,
          0.0,
          1.0
        ]
      ],
      "camera_intrinsics": [
        [
          1142.5184326171875,
          0.0,
          800.0
        ],
        [
          0.0,
          1142.5184326171875,
          450.0
        ],
        [
          0.0,
          0.0,
          1.0
        ]
      ],
      "data_path": "D:\\Agent-AI\\outputs\\samples\\sample_000008\\images\\CAM_BACK.png",
      "raw_layout": "bgra8"
    },
    "CAM_BACK_LEFT": {
      "type_id": "sensor.camera.rgb",
      "blueprint_attributes": {
        "role_name": "front",
        "ros_name": "sensor.camera.rgb",
        "chromatic_aberration_offset": "0.0",
        "sensor_tick": "0.050000",
        "fstop": "1.4",
        "image_size_x": "1600",
        "image_size_y": "900",
        "fov": "70.00",
        "lens_circle_falloff": "5.0",
        "lens_circle_multiplier": "0.0",
        "exposure_compensation": "0.0",
        "lens_y_size": "0.08",
        "lens_k": "-1.0",
        "exposure_mode": "histogram",
        "lens_kcube": "0.0",
        "lens_x_size": "0.08",
        "exposure_max_bright": "12.0",
        "shutter_speed": "200.0",
        "bloom_intensity": "0.675",
        "iso": "100.0",
        "enable_postprocess_effects": "false",
        "gamma": "2.2",
        "motion_blur_intensity": "0.0",
        "motion_blur_max_distortion": "0.35",
        "lens_flare_intensity": "0.1",
        "motion_blur_min_object_screen_size": "0.1",
        "exposure_min_bright": "10.0",
        "exposure_speed_up": "3.0",
        "exposure_speed_down": "1.0",
        "tint": "0.0",
        "calibration_constant": "16.0",
        "focal_distance": "1000.0",
        "min_fstop": "1.2",
        "blade_count": "5",
        "blur_amount": "0.0",
        "blur_radius": "0.0",
        "slope": "0.88",
        "toe": "0.55",
        "white_clip": "0.04",
        "shoulder": "0.26",
        "black_clip": "0.0",
        "temp": "6500.0",
        "chromatic_aberration_intensity": "0.0"
      },
      "transform_carla": {
        "location": {
          "x": -61.8705940246582,
          "y": 23.532779693603516,
          "z": 1.6917861700057983
        },
        "rotation": {
          "roll": -0.40510857105255127,
          "pitch": 0.11387290805578232,
          "yaw": -135.19129943847656
        }
      },
      "matrix_world_from_sensor_carla": [
        [
          -0.7094623446464539,
          0.7047343254089355,
          -0.0035728286020457745,
          -61.8705940246582
        ],
        [
          -0.704740583896637,
          -0.7094361186027527,
          0.006416814401745796,
          23.532779693603516
        ],
        [
          0.001987455878406763,
          0.007070405408740044,
          0.9999730587005615,
          1.6917861700057983
        ],
        [
          0.0,
          0.0,
          0.0,
          1.0
        ]
      ],
      "matrix_world_from_sensor_bevfusion": [
        [
          0.7047343254089355,
          0.0035728286020457745,
          -0.7094623446464539,
          -61.8705940246582
        ],
        [
          0.7094361186027527,
          0.006416814401745796,
          0.704740583896637,
          -23.532779693603516
        ],
        [
          0.007070405408740044,
          -0.9999730587005615,
          0.001987455878406763,
          1.6917861700057983
        ],
        [
          0.0,
          0.0,
          0.0,
          1.0
        ]
      ],
      "matrix_ego_from_sensor_carla": [
        [
          -0.5735763907432556,
          0.8191521763801575,
          -1.123766324440112e-08,
          -1.2999954223632812
        ],
        [
          -0.8191521167755127,
          -0.5735763907432556,
          -1.917474534707253e-08,
          -0.5500011444091797
        ],
        [
          -2.1646846093403838e-08,
          -9.617653340399102e-10,
          1.0,
          1.7000000476837158
        ],
        [
          0.0,
          0.0,
          0.0,
          1.0
        ]
      ],
      "matrix_ego_from_sensor_bevfusion": [
        [
          0.8191521763801575,
          1.123766324440112e-08,
          -0.5735763907432556,
          -1.2999954223632812
        ],
        [
          0.5735763907432556,
          -1.917474534707253e-08,
          0.8191521167755127,
          0.5500011444091797
        ],
        [
          -9.617653340399102e-10,
          -1.0,
          -2.1646846093403838e-08,
          1.7000000476837158
        ],
        [
          0.0,
          0.0,
          0.0,
          1.0
        ]
      ],
      "camera_intrinsics": [
        [
          1142.5184326171875,
          0.0,
          800.0
        ],
        [
          0.0,
          1142.5184326171875,
          450.0
        ],
        [
          0.0,
          0.0,
          1.0
        ]
      ],
      "data_path": "D:\\Agent-AI\\outputs\\samples\\sample_000008\\images\\CAM_BACK_LEFT.png",
      "raw_layout": "bgra8"
    },
    "CAM_BACK_RIGHT": {
      "type_id": "sensor.camera.rgb",
      "blueprint_attributes": {
        "role_name": "front",
        "ros_name": "sensor.camera.rgb",
        "chromatic_aberration_offset": "0.0",
        "sensor_tick": "0.050000",
        "fstop": "1.4",
        "image_size_x": "1600",
        "image_size_y": "900",
        "fov": "70.00",
        "lens_circle_falloff": "5.0",
        "lens_circle_multiplier": "0.0",
        "exposure_compensation": "0.0",
        "lens_y_size": "0.08",
        "lens_k": "-1.0",
        "exposure_mode": "histogram",
        "lens_kcube": "0.0",
        "lens_x_size": "0.08",
        "exposure_max_bright": "12.0",
        "shutter_speed": "200.0",
        "bloom_intensity": "0.675",
        "iso": "100.0",
        "enable_postprocess_effects": "false",
        "gamma": "2.2",
        "motion_blur_intensity": "0.0",
        "motion_blur_max_distortion": "0.35",
        "lens_flare_intensity": "0.1",
        "motion_blur_min_object_screen_size": "0.1",
        "exposure_min_bright": "10.0",
        "exposure_speed_up": "3.0",
        "exposure_speed_down": "1.0",
        "tint": "0.0",
        "calibration_constant": "16.0",
        "focal_distance": "1000.0",
        "min_fstop": "1.2",
        "blade_count": "5",
        "blur_amount": "0.0",
        "blur_radius": "0.0",
        "slope": "0.88",
        "toe": "0.55",
        "white_clip": "0.04",
        "shoulder": "0.26",
        "black_clip": "0.0",
        "temp": "6500.0",
        "chromatic_aberration_intensity": "0.0"
      },
      "transform_carla": {
        "location": {
          "x": -61.675960540771484,
          "y": 24.615407943725586,
          "z": 1.6855343580245972
        },
        "rotation": {
          "roll": 0.031548142433166504,
          "pitch": -0.41961947083473206,
          "yaw": 114.8089599609375
        }
      },
      "matrix_world_from_sensor_carla": [
        [
          -0.4195828437805176,
          -0.9077100157737732,
          -0.0035727741196751595,
          -61.675960540771484
        ],
        [
          0.9076875448226929,
          -0.41959768533706665,
          0.00641674967482686,
          24.615407943725586
        ],
        [
          -0.007323675788938999,
          -0.0005506041925400496,
          0.9999729990959167,
          1.6855343580245972
        ],
        [
          0.0,
          0.0,
          0.0,
          1.0
        ]
      ],
      "matrix_world_from_sensor_bevfusion": [
        [
          -0.9077100157737732,
          0.0035727741196751595,
          -0.4195828437805176,
          -61.675960540771484
        ],
        [
          0.41959768533706665,
          0.00641674967482686,
          -0.9076875448226929,
          -24.615407943725586
        ],
        [
          -0.0005506041925400496,
          -0.9999729990959167,
          -0.007323675788938999,
          1.6855343580245972
        ],
        [
          0.0,
          0.0,
          0.0,
          1.0
        ]
      ],
      "matrix_ego_from_sensor_carla": [
        [
          -0.5735761523246765,
          -0.819152295589447,
          5.367764899233407e-08,
          -1.2999954223632812
        ],
        [
          0.819152295589447,
          -0.5735760927200317,
          -7.285269276735562e-08,
          0.5500011444091797
        ],
        [
          9.020724434094518e-08,
          2.2611377215042694e-09,
          1.0,
          1.7000000476837158
        ],
        [
          0.0,
          0.0,
          0.0,
          1.0
        ]
      ],
      "matrix_ego_from_sensor_bevfusion": [
        [
          -0.819152295589447,
          -5.367764899233407e-08,
          -0.5735761523246765,
          -1.2999954223632812
        ],
        [
          0.5735760927200317,
          -7.285269276735562e-08,
          -0.819152295589447,
          -0.5500011444091797
        ],
        [
          2.2611377215042694e-09,
          -1.0,
          9.020724434094518e-08,
          1.7000000476837158
        ],
        [
          0.0,
          0.0,
          0.0,
          1.0
        ]
      ],
      "camera_intrinsics": [
        [
          1142.5184326171875,
          0.0,
          800.0
        ],
        [
          0.0,
          1142.5184326171875,
          450.0
        ],
        [
          0.0,
          0.0,
          1.0
        ]
      ],
      "data_path": "D:\\Agent-AI\\outputs\\samples\\sample_000008\\images\\CAM_BACK_RIGHT.png",
      "raw_layout": "bgra8"
    },
    "LIDAR_TOP": {
      "type_id": "sensor.lidar.ray_cast",
      "blueprint_attributes": {
        "atmosphere_attenuation_rate": "0.004",
        "role_name": "front",
        "noise_seed": "0",
        "upper_fov": "10.0",
        "ros_name": "sensor.lidar.ray_cast",
        "sensor_tick": "0.050000",
        "channels": "32",
        "range": "120.0",
        "points_per_second": "360000",
        "lower_fov": "-30.0",
        "rotation_frequency": "20.000000",
        "horizontal_fov": "360.0",
        "dropoff_general_rate": "0.0",
        "dropoff_intensity_limit": "1.0",
        "noise_stddev": "0.0",
        "dropoff_zero_intensity": "0.0"
      },
      "transform_carla": {
        "location": {
          "x": -60.49558639526367,
          "y": 23.847314834594727,
          "z": 2.1946942806243896
        },
        "rotation": {
          "roll": 0.3256438076496124,
          "pitch": 0.26652762293815613,
          "yaw": -10.190141677856445
        }
      },
      "matrix_world_from_sensor_carla": [
        [
          0.9842153787612915,
          0.17693856358528137,
          -0.0035728137008845806,
          -60.49558639526367
        ],
        [
          -0.17691348493099213,
          0.9842054843902588,
          0.006416830699890852,
          23.847314834594727
        ],
        [
          0.0046517676673829556,
          -0.005683464463800192,
          0.9999729990959167,
          2.1946942806243896
        ],
        [
          0.0,
          0.0,
          0.0,
          1.0
        ]
      ],
      "matrix_world_from_sensor_bevfusion": [
        [
          0.9842153787612915,
          -0.17693856358528137,
          -0.0035728137008845806,
          -60.49558639526367
        ],
        [
          0.17691348493099213,
          0.9842054843902588,
          -0.006416830699890852,
          -23.847314834594727
        ],
        [
          0.0046517676673829556,
          0.005683464463800192,
          0.9999729990959167,
          2.1946942806243896
        ],
        [
          0.0,
          0.0,
          0.0,
          1.0
        ]
      ],
      "matrix_ego_from_sensor_carla": [
        [
          1.0,
          8.45365910606688e-09,
          1.2660239523398786e-10,
          -3.814697265625e-06
        ],
        [
          -6.447021583255719e-09,
          1.0,
          -2.0953339063822796e-10,
          0.0
        ],
        [
          -6.1779359405989e-11,
          -8.264555706460897e-11,
          1.0,
          2.200000286102295
        ],
        [
          0.0,
          0.0,
          0.0,
          1.0
        ]
      ],
      "matrix_ego_from_sensor_bevfusion": [
        [
          1.0,
          -8.45365910606688e-09,
          1.2660239523398786e-10,
          -3.814697265625e-06
        ],
        [
          6.447021583255719e-09,
          1.0,
          2.0953339063822796e-10,
          0.0
        ],
        [
          -6.1779359405989e-11,
          8.264555706460897e-11,
          1.0,
          2.200000286102295
        ],
        [
          0.0,
          0.0,
          0.0,
          1.0
        ]
      ],
      "data_path": "D:\\Agent-AI\\outputs\\samples\\sample_000008\\lidar\\LIDAR_TOP.npy",
      "raw_layout": [
        "x",
        "y",
        "z",
        "intensity"
      ]
    },
    "RADAR_FRONT": {
      "type_id": "sensor.other.radar",
      "blueprint_attributes": {
        "sensor_tick": "0.050000",
        "role_name": "default",
        "noise_seed": "0",
        "ros_name": "sensor.other.radar",
        "horizontal_fov": "35.0",
        "points_per_second": "1500",
        "vertical_fov": "20.0",
        "range": "120.0"
      },
      "transform_carla": {
        "location": {
          "x": -58.52250671386719,
          "y": 23.485145568847656,
          "z": 0.9040327072143555
        },
        "rotation": {
          "roll": 0.3256438076496124,
          "pitch": 0.26652762293815613,
          "yaw": -10.190141677856445
        }
      },
      "matrix_world_from_sensor_carla": [
        [
          0.9842153787612915,
          0.17693856358528137,
          -0.0035728137008845806,
          -58.52250671386719
        ],
        [
          -0.17691348493099213,
          0.9842054843902588,
          0.006416830699890852,
          23.485145568847656
        ],
        [
          0.0046517676673829556,
          -0.005683464463800192,
          0.9999729990959167,
          0.9040327072143555
        ],
        [
          0.0,
          0.0,
          0.0,
          1.0
        ]
      ],
      "matrix_world_from_sensor_bevfusion": [
        [
          0.9842153787612915,
          -0.17693856358528137,
          -0.0035728137008845806,
          -58.52250671386719
        ],
        [
          0.17691348493099213,
          0.9842054843902588,
          -0.006416830699890852,
          -23.485145568847656
        ],
        [
          0.0046517676673829556,
          0.005683464463800192,
          0.9999729990959167,
          0.9040327072143555
        ],
        [
          0.0,
          0.0,
          0.0,
          1.0
        ]
      ],
      "matrix_ego_from_sensor_carla": [
        [
          1.0,
          8.45365910606688e-09,
          1.2660239523398786e-10,
          2.0
        ],
        [
          -6.447021583255719e-09,
          1.0,
          -2.0953339063822796e-10,
          0.0
        ],
        [
          -6.1779359405989e-11,
          -8.264555706460897e-11,
          1.0,
          0.8999999761581421
        ],
        [
          0.0,
          0.0,
          0.0,
          1.0
        ]
      ],
      "matrix_ego_from_sensor_bevfusion": [
        [
          1.0,
          -8.45365910606688e-09,
          1.2660239523398786e-10,
          2.0
        ],
        [
          6.447021583255719e-09,
          1.0,
          2.0953339063822796e-10,
          0.0
        ],
        [
          -6.1779359405989e-11,
          8.264555706460897e-11,
          1.0,
          0.8999999761581421
        ],
        [
          0.0,
          0.0,
          0.0,
          1.0
        ]
      ],
      "data_path": "D:\\Agent-AI\\outputs\\samples\\sample_000008\\radar\\RADAR_FRONT.npy",
      "raw_layout": [
        "velocity",
        "altitude",
        "azimuth",
        "depth"
      ]
    },
    "RADAR_FRONT_LEFT": {
      "type_id": "sensor.other.radar",
      "blueprint_attributes": {
        "sensor_tick": "0.050000",
        "role_name": "default",
        "noise_seed": "0",
        "ros_name": "sensor.other.radar",
        "horizontal_fov": "35.0",
        "points_per_second": "1500",
        "vertical_fov": "20.0",
        "range": "120.0"
      },
      "transform_carla": {
        "location": {
          "x": -58.99968719482422,
          "y": 22.80891227722168,
          "z": 0.906667172908783
        },
        "rotation": {
          "roll": 0.04179958254098892,
          "pitch": 0.4187247157096863,
          "yaw": -55.19071578979492
        }
      },
      "matrix_world_from_sensor_carla": [
        [
          0.5708313584327698,
          0.8210595846176147,
          -0.0035727862268686295,
          -58.99968719482422
        ],
        [
          -0.8210347890853882,
          0.5708421468734741,
          0.00641678599640727,
          22.80891227722168
        ],
        [
          0.007308059837669134,
          -0.0007295208051800728,
          0.9999730587005615,
          0.906667172908783
        ],
        [
          0.0,
          0.0,
          0.0,
          1.0
        ]
      ],
      "matrix_world_from_sensor_bevfusion": [
        [
          0.5708313584327698,
          -0.8210595846176147,
          -0.0035727862268686295,
          -58.99968719482422
        ],
        [
          0.8210347890853882,
          0.5708421468734741,
          -0.00641678599640727,
          -22.80891227722168
        ],
        [
          0.007308059837669134,
          0.0007295208051800728,
          0.9999730587005615,
          0.906667172908783
        ],
        [
          0.0,
          0.0,
          0.0,
          1.0
        ]
      ],
      "matrix_ego_from_sensor_carla": [
        [
          0.7071071267127991,
          0.7071064114570618,
          3.5328465486372806e-08,
          1.6500015258789062
        ],
        [
          -0.7071064114570618,
          0.7071072459220886,
          -3.966384198861306e-08,
          -0.7499990463256836
        ],
        [
          -5.2533629002482485e-08,
          3.123262759530121e-09,
          1.0,
          0.8999999761581421
        ],
        [
          0.0,
          0.0,
          0.0,
          1.0
        ]
      ],
      "matrix_ego_from_sensor_bevfusion": [
        [
          0.7071071267127991,
          -0.7071064114570618,
          3.5328465486372806e-08,
          1.6500015258789062
        ],
        [
          0.7071064114570618,
          0.7071072459220886,
          3.966384198861306e-08,
          0.7499990463256836
        ],
        [
          -5.2533629002482485e-08,
          -3.123262759530121e-09,
          1.0,
          0.8999999761581421
        ],
        [
          0.0,
          0.0,
          0.0,
          1.0
        ]
      ],
      "data_path": "D:\\Agent-AI\\outputs\\samples\\sample_000008\\radar\\RADAR_FRONT_LEFT.npy",
      "raw_layout": [
        "velocity",
        "altitude",
        "azimuth",
        "depth"
      ]
    },
    "RADAR_FRONT_RIGHT": {
      "type_id": "sensor.other.radar",
      "blueprint_attributes": {
        "sensor_tick": "0.050000",
        "role_name": "default",
        "noise_seed": "0",
        "ros_name": "sensor.other.radar",
        "horizontal_fov": "35.0",
        "points_per_second": "1500",
        "vertical_fov": "20.0",
        "range": "120.0"
      },
      "transform_carla": {
