{
  "schema_version": "stage1.v1",
  "sample_name": "sample_000014",
  "sequence_index": 14,
  "previous_sample_name": "sample_000013",
  "frame_id": 726287,
  "timestamp": 4998.59462473914,
  "platform_timestamp": 16813371.7119513,
  "delta_seconds": 0.10000000149011612,
  "town": "Carla/Maps/Town10HD_Opt",
  "weather": {
    "cloudiness": 20.0,
    "dust_storm": 0.0,
    "fog_density": 2.0,
    "fog_distance": 0.75,
    "fog_falloff": 0.10000000149011612,
    "mie_scattering_scale": 0.029999999329447746,
    "precipitation": 0.0,
    "precipitation_deposits": 0.0,
    "rayleigh_scattering_scale": 0.03310000151395798,
    "scattering_intensity": 1.0,
    "sun_altitude_angle": 45.0,
    "sun_azimuth_angle": 300.0,
    "wetness": 0.0,
    "wind_intensity": 10.0
  },
  "sensor_names": [
    "CAM_FRONT",
    "CAM_FRONT_RIGHT",
    "CAM_FRONT_LEFT",
    "CAM_BACK",
    "CAM_BACK_LEFT",
    "CAM_BACK_RIGHT",
    "LIDAR_TOP",
    "RADAR_FRONT",
    "RADAR_FRONT_LEFT",
    "RADAR_FRONT_RIGHT",
    "RADAR_BACK_LEFT",
    "RADAR_BACK_RIGHT"
  ],
  "camera_order_for_model": [
    "CAM_FRONT",
    "CAM_FRONT_RIGHT",
    "CAM_FRONT_LEFT",
    "CAM_BACK",
    "CAM_BACK_LEFT",
    "CAM_BACK_RIGHT"
  ],
  "radar_order_for_model": [
    "RADAR_FRONT",
    "RADAR_FRONT_LEFT",
    "RADAR_FRONT_RIGHT",
    "RADAR_BACK_LEFT",
    "RADAR_BACK_RIGHT"
  ],
  "coordinate_notes": {
    "carla_world": "left-handed x-forward y-right z-up",
    "bevfusion_lidar": "x-forward y-left z-up",
    "camera_frame_for_model": "OpenCV style x-right y-down z-forward"
  },
  "ego": {
    "actor_id": 49,
    "transform_carla": {
      "location": {
        "x": 105.71076965332031,
        "y": -29.75396728515625,
        "z": -0.004421348683536053
      },
      "rotation": {
        "roll": 0.5169071555137634,
        "pitch": 0.021938566118478775,
        "yaw": -98.72186279296875
      }
    },
    "velocity_carla": [
      -1.316313624382019,
      -7.578474044799805,
      2.4728775315452367e-05
    ],
    "angular_velocity_carla": [
      1.8490469455718994,
      -0.7262535095214844,
      -10.816497802734375
    ],
    "matrix_world_from_ego_carla": [
      [
        -0.1516379415988922,
        0.9883953332901001,
        0.008975344710052013,
        105.71076965332031
      ],
      [
        -0.9884360432624817,
        -0.15163519978523254,
        -0.0009895615512505174,
        -29.75396728515625
      ],
      [
        0.0003829002089332789,
        -0.009021609090268612,
        0.9999592304229736,
        -0.004421348683536053
      ],
      [
        0.0,
        0.0,
        0.0,
        1.0
      ]
    ],
    "matrix_world_from_ego_bevfusion": [
      [
        -0.1516379415988922,
        -0.9883953332901001,
        0.008975344710052013,
        105.71076965332031
      ],
      [
        0.9884360432624817,
        -0.15163519978523254,
        0.0009895615512505174,
        29.75396728515625
      ],
      [
        0.0003829002089332789,
        0.009021609090268612,
        0.9999592304229736,
        -0.004421348683536053
      ],
      [
        0.0,
        0.0,
        0.0,
        1.0
      ]
    ]
  },
  "sensors": {
    "CAM_FRONT": {
      "type_id": "sensor.camera.rgb",
      "blueprint_attributes": {
        "role_name": "front",
        "ros_name": "sensor.camera.rgb",
        "chromatic_aberration_offset": "0.0",
        "sensor_tick": "0.100000",
        "fstop": "1.4",
        "image_size_x": "960",
        "image_size_y": "540",
        "fov": "70.00",
        "lens_circle_falloff": "5.0",
        "lens_circle_multiplier": "0.0",
        "exposure_compensation": "0.0",
        "lens_y_size": "0.08",
        "lens_k": "-1.0",
        "exposure_mode": "histogram",
        "lens_kcube": "0.0",
        "lens_x_size": "0.08",
        "exposure_max_bright": "12.0",
        "shutter_speed": "200.0",
        "bloom_intensity": "0.675",
        "iso": "100.0",
        "enable_postprocess_effects": "false",
        "gamma": "2.2",
        "motion_blur_intensity": "0.0",
        "motion_blur_max_distortion": "0.35",
        "lens_flare_intensity": "0.1",
        "motion_blur_min_object_screen_size": "0.1",
        "exposure_min_bright": "10.0",
        "exposure_speed_up": "3.0",
        "exposure_speed_down": "1.0",
        "tint": "0.0",
        "calibration_constant": "16.0",
        "focal_distance": "1000.0",
        "min_fstop": "1.2",
        "blade_count": "5",
        "blur_amount": "0.0",
        "blur_radius": "0.0",
        "slope": "0.88",
        "toe": "0.55",
        "white_clip": "0.04",
        "shoulder": "0.26",
        "black_clip": "0.0",
        "temp": "6500.0",
        "chromatic_aberration_intensity": "0.0"
      },
      "transform_carla": {
        "location": {
          "x": 105.49099731445312,
          "y": -31.287723541259766,
          "z": 1.6961028575897217
        },
        "rotation": {
          "roll": 0.5169071555137634,
          "pitch": 0.021938566118478775,
          "yaw": -98.72186279296875
        }
      },
      "matrix_world_from_sensor_carla": [
        [
          -0.1516379415988922,
          0.9883953332901001,
          0.008975344710052013,
          105.49099731445312
        ],
        [
          -0.9884360432624817,
          -0.15163519978523254,
          -0.0009895615512505174,
          -31.287723541259766
        ],
        [
          0.0003829002089332789,
          -0.009021609090268612,
          0.9999592304229736,
          1.6961028575897217
        ],
        [
          0.0,
          0.0,
          0.0,
          1.0
        ]
      ],
      "matrix_world_from_sensor_bevfusion": [
        [
          0.9883953332901001,
          -0.008975344710052013,
          -0.1516379415988922,
          105.49099731445312
        ],
        [
          0.15163519978523254,
          -0.0009895615512505174,
          0.9884360432624817,
          31.287723541259766
        ],
        [
          -0.009021609090268612,
          -0.9999592304229736,
          0.0003829002089332789,
          1.6961028575897217
        ],
        [
          0.0,
          0.0,
          0.0,
          1.0
        ]
      ],
      "matrix_ego_from_sensor_carla": [
        [
          1.0,
          8.84820483548765e-09,
          7.628624121291949e-11,
          1.5499982833862305
        ],
        [
          -6.053219259172238e-09,
          0.9999999403953552,
          -6.523026563343137e-11,
          7.62939453125e-06
        ],
        [
          -1.1026436708139187e-11,
          -9.965528402489099e-10,
          1.0,
          1.7000000476837158
        ],
        [
          0.0,
          0.0,
          0.0,
          1.0
        ]
      ],
      "matrix_ego_from_sensor_bevfusion": [
        [
          8.84820483548765e-09,
          -7.628624121291949e-11,
          1.0,
          1.5499982833862305
        ],
        [
          -0.9999999403953552,
          -6.523026563343137e-11,
          6.053219259172238e-09,
          -7.62939453125e-06
        ],
        [
          -9.965528402489099e-10,
          -1.0,
          -1.1026436708139187e-11,
          1.7000000476837158
        ],
        [
          0.0,
          0.0,
          0.0,
          1.0
        ]
      ],
      "camera_intrinsics": [
        [
          685.5110473632812,
          0.0,
          480.0
        ],
        [
          0.0,
          685.5110473632812,
          270.0
        ],
        [
          0.0,
          0.0,
          1.0
        ]
      ],
      "data_path": "D:\\Agent-AI\\outputs\\s3a_ml_long_v1\\sample_000014\\images\\CAM_FRONT.png",
      "raw_layout": "bgra8"
    },
    "CAM_FRONT_RIGHT": {
      "type_id": "sensor.camera.rgb",
      "blueprint_attributes": {
        "role_name": "front",
        "ros_name": "sensor.camera.rgb",
        "chromatic_aberration_offset": "0.0",
        "sensor_tick": "0.100000",
        "fstop": "1.4",
        "image_size_x": "960",
        "image_size_y": "540",
        "fov": "70.00",
        "lens_circle_falloff": "5.0",
        "lens_circle_multiplier": "0.0",
        "exposure_compensation": "0.0",
        "lens_y_size": "0.08",
        "lens_k": "-1.0",
        "exposure_mode": "histogram",
        "lens_kcube": "0.0",
        "lens_x_size": "0.08",
        "exposure_max_bright": "12.0",
        "shutter_speed": "200.0",
        "bloom_intensity": "0.675",
        "iso": "100.0",
        "enable_postprocess_effects": "false",
        "gamma": "2.2",
        "motion_blur_intensity": "0.0",
        "motion_blur_max_distortion": "0.35",
        "lens_flare_intensity": "0.1",
        "motion_blur_min_object_screen_size": "0.1",
        "exposure_min_bright": "10.0",
        "exposure_speed_up": "3.0",
        "exposure_speed_down": "1.0",
        "tint": "0.0",
        "calibration_constant": "16.0",
        "focal_distance": "1000.0",
        "min_fstop": "1.2",
        "blade_count": "5",
        "blur_amount": "0.0",
        "blur_radius": "0.0",
        "slope": "0.88",
        "toe": "0.55",
        "white_clip": "0.04",
        "shoulder": "0.26",
        "black_clip": "0.0",
        "temp": "6500.0",
        "chromatic_aberration_intensity": "0.0"
      },
      "transform_carla": {
        "location": {
          "x": 106.07251739501953,
          "y": -31.12401580810547,
          "z": 1.6910451650619507
        },
        "rotation": {
          "roll": 0.31446248292922974,
          "pitch": -0.410835862159729,
          "yaw": -43.723079681396484
        }
      },
      "matrix_world_from_sensor_carla": [
        [
          0.7226702570915222,
          0.6911347508430481,
          0.008975295349955559,
          106.07251739501953
        ],
        [
          -0.6911558508872986,
          0.722705066204071,
          -0.0009895116090774536,
          -31.12401580810547
        ],
        [
          -0.00717037683352828,
          -0.005488236900418997,
          0.9999592304229736,
          1.6910451650619507
        ],
        [
          0.0,
          0.0,
          0.0,
          1.0
        ]
      ],
      "matrix_world_from_sensor_bevfusion": [
        [
          0.6911347508430481,
          -0.008975295349955559,
          0.7226702570915222,
          106.07251739501953
        ],
        [
          -0.722705066204071,
          -0.0009895116090774536,
          0.6911558508872986,
          31.12401580810547
        ],
        [
          -0.005488236900418997,
          -0.9999592304229736,
          -0.00717037683352828,
          1.6910451650619507
        ],
        [
          0.0,
          0.0,
          0.0,
          1.0
        ]
      ],
      "matrix_ego_from_sensor_carla": [
        [
          0.5735763907432556,
          -0.8191520571708679,
          -4.183322843687165e-08,
          1.300002098083496
        ],
        [
          0.8191521763801575,
          0.5735763907432556,
          -5.594458585278517e-08,
          0.5500030517578125
        ],
        [
          7.114412170494688e-08,
          -1.6269660063628066e-09,
          1.0,
          1.7000000476837158
        ],
        [
          0.0,
          0.0,
          0.0,
          1.0
        ]
      ],
      "matrix_ego_from_sensor_bevfusion": [
        [
          -0.8191520571708679,
          4.183322843687165e-08,
          0.5735763907432556,
          1.300002098083496
        ],
        [
          -0.5735763907432556,
          -5.594458585278517e-08,
          -0.8191521763801575,
          -0.5500030517578125
        ],
        [
          -1.6269660063628066e-09,
          -1.0,
          7.114412170494688e-08,
          1.7000000476837158
        ],
        [
          0.0,
          0.0,
          0.0,
          1.0
        ]
      ],
      "camera_intrinsics": [
        [
          685.5110473632812,
          0.0,
          480.0
        ],
        [
          0.0,
          685.5110473632812,
          270.0
        ],
        [
          0.0,
          0.0,
          1.0
        ]
      ],
      "data_path": "D:\\Agent-AI\\outputs\\s3a_ml_long_v1\\sample_000014\\images\\CAM_FRONT_RIGHT.png",
      "raw_layout": "bgra8"
    },
    "CAM_FRONT_LEFT": {
      "type_id": "sensor.camera.rgb",
      "blueprint_attributes": {
        "role_name": "front",
        "ros_name": "sensor.camera.rgb",
        "chromatic_aberration_offset": "0.0",
        "sensor_tick": "0.100000",
        "fstop": "1.4",
        "image_size_x": "960",
        "image_size_y": "540",
        "fov": "70.00",
        "lens_circle_falloff": "5.0",
        "lens_circle_multiplier": "0.0",
        "exposure_compensation": "0.0",
        "lens_y_size": "0.08",
        "lens_k": "-1.0",
        "exposure_mode": "histogram",
        "lens_kcube": "0.0",
        "lens_x_size": "0.08",
        "exposure_max_bright": "12.0",
        "shutter_speed": "200.0",
        "bloom_intensity": "0.675",
        "iso": "100.0",
        "enable_postprocess_effects": "false",
        "gamma": "2.2",
        "motion_blur_intensity": "0.0",
        "motion_blur_max_distortion": "0.35",
        "lens_flare_intensity": "0.1",
        "motion_blur_min_object_screen_size": "0.1",
        "exposure_min_bright": "10.0",
        "exposure_speed_up": "3.0",
        "exposure_speed_down": "1.0",
        "tint": "0.0",
        "calibration_constant": "16.0",
        "focal_distance": "1000.0",
        "min_fstop": "1.2",
        "blade_count": "5",
        "blur_amount": "0.0",
        "blur_radius": "0.0",
        "slope": "0.88",
        "toe": "0.55",
        "white_clip": "0.04",
        "shoulder": "0.26",
        "black_clip": "0.0",
        "temp": "6500.0",
        "chromatic_aberration_intensity": "0.0"
      },
      "transform_carla": {
        "location": {
          "x": 104.98528289794922,
          "y": -30.957216262817383,
          "z": 1.700968861579895
        },
        "rotation": {
          "roll": 0.2785198986530304,
          "pitch": 0.4360051155090332,
          "yaw": -153.72091674804688
        }
      },
      "matrix_world_from_sensor_carla": [
        [
          -0.8966221809387207,
          0.4427054524421692,
          0.008975308388471603,
          104.98528289794922
        ],
        [
          -0.44273102283477783,
          -0.896653950214386,
          -0.0009895835537463427,
          -30.957216262817383
        ],
        [
          0.007609650958329439,
          -0.004860929679125547,
          0.9999592304229736,
          1.700968861579895
        ],
        [
          0.0,
          0.0,
          0.0,
          1.0
        ]
      ],
      "matrix_world_from_sensor_bevfusion": [
        [
          0.4427054524421692,
          -0.008975308388471603,
          -0.8966221809387207,
          104.98528289794922
        ],
        [
          0.896653950214386,
          -0.0009895835537463427,
          0.44273102283477783,
          30.957216262817383
        ],
        [
          -0.004860929679125547,
          -0.9999592304229736,
          0.007609650958329439,
          1.700968861579895
        ],
        [
          0.0,
          0.0,
          0.0,
          1.0
        ]
      ],
      "matrix_ego_from_sensor_carla": [
        [
          0.5735761523246765,
          0.819152295589447,
          2.7288367121514057e-08,
          1.3000001907348633
        ],
        [
          -0.819152295589447,
          0.5735762119293213,
          -3.2661521487398204e-08,
          -0.5499954223632812
        ],
        [
          -4.2952670753493294e-08,
          -2.98762925510232e-09,
          1.0,
          1.6999998092651367
        ],
        [
          0.0,
          0.0,
          0.0,
          1.0
        ]
      ],
      "matrix_ego_from_sensor_bevfusion": [
        [
          0.819152295589447,
          -2.7288367121514057e-08,
          0.5735761523246765,
          1.3000001907348633
        ],
        [
          -0.5735762119293213,
          -3.2661521487398204e-08,
          0.819152295589447,
          0.5499954223632812
        ],
        [
          -2.98762925510232e-09,
          -1.0,
          -4.2952670753493294e-08,
          1.6999998092651367
        ],
        [
          0.0,
          0.0,
          0.0,
          1.0
        ]
      ],
      "camera_intrinsics": [
        [
          685.5110473632812,
          0.0,
          480.0
        ],
        [
          0.0,
          685.5110473632812,
          270.0
        ],
        [
          0.0,
          0.0,
          1.0
        ]
      ],
      "data_path": "D:\\Agent-AI\\outputs\\s3a_ml_long_v1\\sample_000014\\images\\CAM_FRONT_LEFT.png",
      "raw_layout": "bgra8"
    },
    "CAM_BACK": {
      "type_id": "sensor.camera.rgb",
      "blueprint_attributes": {
        "role_name": "front",
        "ros_name": "sensor.camera.rgb",
        "chromatic_aberration_offset": "0.0",
        "sensor_tick": "0.100000",
        "fstop": "1.4",
        "image_size_x": "960",
        "image_size_y": "540",
        "fov": "70.00",
        "lens_circle_falloff": "5.0",
        "lens_circle_multiplier": "0.0",
        "exposure_compensation": "0.0",
        "lens_y_size": "0.08",
        "lens_k": "-1.0",
        "exposure_mode": "histogram",
        "lens_kcube": "0.0",
        "lens_x_size": "0.08",
        "exposure_max_bright": "12.0",
        "shutter_speed": "200.0",
        "bloom_intensity": "0.675",
        "iso": "100.0",
        "enable_postprocess_effects": "false",
        "gamma": "2.2",
        "motion_blur_intensity": "0.0",
        "motion_blur_max_distortion": "0.35",
        "lens_flare_intensity": "0.1",
        "motion_blur_min_object_screen_size": "0.1",
        "exposure_min_bright": "10.0",
        "exposure_speed_up": "3.0",
        "exposure_speed_down": "1.0",
        "tint": "0.0",
        "calibration_constant": "16.0",
        "focal_distance": "1000.0",
        "min_fstop": "1.2",
        "blade_count": "5",
        "blur_amount": "0.0",
        "blur_radius": "0.0",
        "slope": "0.88",
        "toe": "0.55",
        "white_clip": "0.04",
        "shoulder": "0.26",
        "black_clip": "0.0",
        "temp": "6500.0",
        "chromatic_aberration_intensity": "0.0"
      },
      "transform_carla": {
        "location": {
          "x": 105.9610595703125,
          "y": -28.223573684692383,
          "z": 1.694915771484375
        },
        "rotation": {
          "roll": -0.5169070959091187,
          "pitch": -0.021938566118478775,
          "yaw": 81.27812957763672
        }
      },
      "matrix_world_from_sensor_carla": [
        [
          0.15163809061050415,
          -0.9883953332901001,
          0.008975343778729439,
          105.9610595703125
        ],
        [
          0.9884360432624817,
          0.15163534879684448,
          -0.0009895627154037356,
          -28.223573684692383
        ],
        [
          -0.0003829002089332789,
          0.009021608158946037,
          0.9999592304229736,
          1.694915771484375
        ],
        [
          0.0,
          0.0,
          0.0,
          1.0
        ]
      ],
      "matrix_world_from_sensor_bevfusion": [
        [
          -0.9883953332901001,
          -0.008975343778729439,
          0.15163809061050415,
          105.9610595703125
        ],
        [
          -0.15163534879684448,
          -0.0009895627154037356,
          -0.9884360432624817,
          28.223573684692383
        ],
        [
          0.009021608158946037,
          -0.9999592304229736,
          -0.0003829002089332789,
          1.694915771484375
        ],
        [
          0.0,
          0.0,
          0.0,
          1.0
        ]
      ],
      "matrix_ego_from_sensor_carla": [
        [
          -1.0,
          -1.5613690607096942e-07,
          1.356854739675839e-09,
          -1.5499963760375977
        ],
        [
          1.5506482498039986e-07,
          -1.0,
          -6.523026563343137e-11,
          -7.62939453125e-06
        ],
        [
          1.2915949421099526e-09,
          -8.66054339354605e-10,
          1.0,
          1.6999998092651367
        ],
        [
          0.0,
          0.0,
          0.0,
          1.0
        ]
      ],
      "matrix_ego_from_sensor_bevfusion": [
        [
          -1.5613690607096942e-07,
          -1.356854739675839e-09,
          -1.0,
          -1.5499963760375977
        ],
        [
          1.0,
          -6.523026563343137e-11,
          -1.5506482498039986e-07,
          7.62939453125e-06
        ],
        [
          -8.66054339354605e-10,
          -1.0,
          1.2915949421099526e-09,
          1.6999998092651367
        ],
        [
          0.0,
          0.0,
          0.0,
          1.0
        ]
      ],
      "camera_intrinsics": [
        [
          685.5110473632812,
          0.0,
          480.0
        ],
        [
          0.0,
          685.5110473632812,
          270.0
        ],
        [
          0.0,
          0.0,
          1.0
        ]
      ],
      "data_path": "D:\\Agent-AI\\outputs\\s3a_ml_long_v1\\sample_000014\\images\\CAM_BACK.png",
      "raw_layout": "bgra8"
    },
    "CAM_BACK_LEFT": {
      "type_id": "sensor.camera.rgb",
      "blueprint_attributes": {
        "role_name": "front",
        "ros_name": "sensor.camera.rgb",
        "chromatic_aberration_offset": "0.0",
        "sensor_tick": "0.100000",
        "fstop": "1.4",
        "image_size_x": "960",
        "image_size_y": "540",
        "fov": "70.00",
        "lens_circle_falloff": "5.0",
        "lens_circle_multiplier": "0.0",
        "exposure_compensation": "0.0",
        "lens_y_size": "0.08",
        "lens_k": "-1.0",
        "exposure_mode": "histogram",
        "lens_kcube": "0.0",
        "lens_x_size": "0.08",
        "exposure_max_bright": "12.0",
        "shutter_speed": "200.0",
        "bloom_intensity": "0.675",
        "iso": "100.0",
        "enable_postprocess_effects": "false",
        "gamma": "2.2",
        "motion_blur_intensity": "0.0",
        "motion_blur_max_distortion": "0.35",
        "lens_flare_intensity": "0.1",
        "motion_blur_min_object_screen_size": "0.1",
        "exposure_min_bright": "10.0",
        "exposure_speed_up": "3.0",
        "exposure_speed_down": "1.0",
        "tint": "0.0",
        "calibration_constant": "16.0",
        "focal_distance": "1000.0",
        "min_fstop": "1.2",
        "blade_count": "5",
        "blur_amount": "0.0",
        "blur_radius": "0.0",
        "slope": "0.88",
        "toe": "0.55",
        "white_clip": "0.04",
        "shoulder": "0.26",
        "black_clip": "0.0",
        "temp": "6500.0",
        "chromatic_aberration_intensity": "0.0"
      },
      "transform_carla": {
        "location": {
          "x": 105.3795394897461,
          "y": -28.38728141784668,
          "z": 1.699973464012146
        },
        "rotation": {
          "roll": -0.3144623339176178,
          "pitch": 0.410835862159729,
          "yaw": 136.27691650390625
        }
      },
      "matrix_world_from_sensor_carla": [
        [
          -0.7226701974868774,
          -0.6911347508430481,
          0.008975292555987835,
          105.3795394897461
        ],
        [
          0.6911558508872986,
          -0.7227050065994263,
          -0.0009895134717226028,
          -28.38728141784668
        ],
        [
          0.00717037683352828,
          0.00548823457211256,
          0.9999592304229736,
          1.699973464012146
        ],
        [
          0.0,
          0.0,
          0.0,
          1.0
        ]
      ],
      "matrix_world_from_sensor_bevfusion": [
        [
          -0.6911347508430481,
          -0.008975292555987835,
          -0.7226701974868774,
          105.3795394897461
        ],
        [
          0.7227050065994263,
          -0.0009895134717226028,
          -0.6911558508872986,
          28.38728141784668
        ],
        [
          0.00548823457211256,
          -0.9999592304229736,
          0.00717037683352828,
          1.699973464012146
        ],
        [
          0.0,
          0.0,
          0.0,
          1.0
        ]
      ],
      "matrix_ego_from_sensor_carla": [
        [
          -0.5735763907432556,
          0.8191519975662231,
          -3.953402583078969e-08,
          -1.2999992370605469
        ],
        [
          -0.8191521167755127,
          -0.5735764503479004,
          -5.7807231002016124e-08,
          -0.5499954223632812
        ],
        [
          -7.067846041763914e-08,
          -7.012455061072842e-10,
          1.0,
          1.7000000476837158
        ],
        [
          0.0,
          0.0,
          0.0,
          1.0
        ]
      ],
      "matrix_ego_from_sensor_bevfusion": [
        [
          0.8191519975662231,
          3.953402583078969e-08,
          -0.5735763907432556,
          -1.2999992370605469
        ],
        [
          0.5735764503479004,
          -5.7807231002016124e-08,
          0.8191521167755127,
          0.5499954223632812
        ],
        [
          -7.012455061072842e-10,
          -1.0,
          -7.067846041763914e-08,
          1.7000000476837158
        ],
        [
          0.0,
          0.0,
          0.0,
          1.0
        ]
      ],
      "camera_intrinsics": [
        [
          685.5110473632812,
          0.0,
          480.0
        ],
        [
          0.0,
          685.5110473632812,
          270.0
        ],
        [
          0.0,
          0.0,
          1.0
        ]
      ],
      "data_path": "D:\\Agent-AI\\outputs\\s3a_ml_long_v1\\sample_000014\\images\\CAM_BACK_LEFT.png",
      "raw_layout": "bgra8"
    },
    "CAM_BACK_RIGHT": {
      "type_id": "sensor.camera.rgb",
      "blueprint_attributes": {
        "role_name": "front",
        "ros_name": "sensor.camera.rgb",
        "chromatic_aberration_offset": "0.0",
        "sensor_tick": "0.100000",
        "fstop": "1.4",
        "image_size_x": "960",
        "image_size_y": "540",
        "fov": "70.00",
        "lens_circle_falloff": "5.0",
        "lens_circle_multiplier": "0.0",
        "exposure_compensation": "0.0",
        "lens_y_size": "0.08",
        "lens_k": "-1.0",
        "exposure_mode": "histogram",
        "lens_kcube": "0.0",
        "lens_x_size": "0.08",
        "exposure_max_bright": "12.0",
        "shutter_speed": "200.0",
        "bloom_intensity": "0.675",
        "iso": "100.0",
        "enable_postprocess_effects": "false",
        "gamma": "2.2",
        "motion_blur_intensity": "0.0",
        "motion_blur_max_distortion": "0.35",
        "lens_flare_intensity": "0.1",
        "motion_blur_min_object_screen_size": "0.1",
        "exposure_min_bright": "10.0",
        "exposure_speed_up": "3.0",
        "exposure_speed_down": "1.0",
        "tint": "0.0",
        "calibration_constant": "16.0",
        "focal_distance": "1000.0",
        "min_fstop": "1.2",
        "blade_count": "5",
        "blur_amount": "0.0",
        "blur_radius": "0.0",
        "slope": "0.88",
        "toe": "0.55",
        "white_clip": "0.04",
        "shoulder": "0.26",
        "black_clip": "0.0",
        "temp": "6500.0",
        "chromatic_aberration_intensity": "0.0"
      },
      "transform_carla": {
        "location": {
          "x": 106.4667739868164,
          "y": -28.554080963134766,
          "z": 1.690049648284912
        },
        "rotation": {
          "roll": -0.27851977944374084,
          "pitch": -0.4360051155090332,
          "yaw": 26.27907371520996
        }
      },
      "matrix_world_from_sensor_carla": [
        [
          0.8966221809387207,
          -0.442705363035202,
          0.008975306525826454,
          106.4667739868164
        ],
        [
          0.44273093342781067,
          0.896653950214386,
          -0.0009895823895931244,
          -28.554080963134766
        ],
        [
          -0.007609650958329439,
          0.004860927350819111,
          0.9999592304229736,
          1.690049648284912
        ],
        [
          0.0,
          0.0,
          0.0,
          1.0
        ]
      ],
      "matrix_world_from_sensor_bevfusion": [
        [
          -0.442705363035202,
          -0.008975306525826454,
          0.8966221809387207,
          106.4667739868164
        ],
        [
          -0.896653950214386,
          -0.0009895823895931244,
          -0.44273093342781067,
          28.554080963134766
        ],
        [
          0.004860927350819111,
          -0.9999592304229736,
          -0.007609650958329439,
          1.690049648284912
        ],
        [
          0.0,
          0.0,
          0.0,
          1.0
        ]
      ],
      "matrix_ego_from_sensor_carla": [
        [
          -0.5735760927200317,
          -0.819152295589447,
          2.6502563699182247e-08,
          -1.2999982833862305
        ],
        [
          0.819152295589447,
          -0.5735760927200317,
          -3.359284406201368e-08,
          0.5500030517578125
        ],
        [
          4.2952670753493294e-08,
          1.590740206225405e-09,
          1.0,
          1.7000000476837158
        ],
        [
          0.0,
          0.0,
          0.0,
          1.0
        ]
      ],
      "matrix_ego_from_sensor_bevfusion": [
        [
          -0.819152295589447,
          -2.6502563699182247e-08,
          -0.5735760927200317,
          -1.2999982833862305
        ],
        [
          0.5735760927200317,
          -3.359284406201368e-08,
          -0.819152295589447,
          -0.5500030517578125
        ],
        [
          1.590740206225405e-09,
          -1.0,
          4.2952670753493294e-08,
          1.7000000476837158
        ],
        [
          0.0,
          0.0,
          0.0,
          1.0
        ]
      ],
      "camera_intrinsics": [
        [
          685.5110473632812,
          0.0,
          480.0
        ],
        [
          0.0,
          685.5110473632812,
          270.0
        ],
        [
          0.0,
          0.0,
          1.0
        ]
      ],
      "data_path": "D:\\Agent-AI\\outputs\\s3a_ml_long_v1\\sample_000014\\images\\CAM_BACK_RIGHT.png",
      "raw_layout": "bgra8"
    },
    "LIDAR_TOP": {
      "type_id": "sensor.lidar.ray_cast",
      "blueprint_attributes": {
        "atmosphere_attenuation_rate": "0.004",
        "role_name": "front",
        "noise_seed": "0",
        "upper_fov": "10.0",
        "ros_name": "sensor.lidar.ray_cast",
        "sensor_tick": "0.100000",
        "channels": "32",
        "range": "120.0",
        "points_per_second": "360000",
        "lower_fov": "-30.0",
        "rotation_frequency": "10.000000",
        "horizontal_fov": "360.0",
        "dropoff_general_rate": "0.0",
        "dropoff_intensity_limit": "1.0",
        "noise_stddev": "0.0",
        "dropoff_zero_intensity": "0.0"
      },
      "transform_carla": {
        "location": {
          "x": 105.73051452636719,
          "y": -29.75614356994629,
          "z": 2.195488929748535
        },
        "rotation": {
          "roll": 0.5169071555137634,
          "pitch": 0.021938566118478775,
          "yaw": -98.72186279296875
        }
      },
      "matrix_world_from_sensor_carla": [
        [
          -0.1516379415988922,
          0.9883953332901001,
          0.008975344710052013,
          105.73051452636719
        ],
        [
          -0.9884360432624817,
          -0.15163519978523254,
          -0.0009895615512505174,
          -29.75614356994629
        ],
        [
          0.0003829002089332789,
          -0.009021609090268612,
          0.9999592304229736,
          2.195488929748535
        ],
        [
          0.0,
          0.0,
          0.0,
          1.0
        ]
      ],
      "matrix_world_from_sensor_bevfusion": [
        [
          -0.1516379415988922,
          -0.9883953332901001,
          0.008975344710052013,
          105.73051452636719
        ],
        [
          0.9884360432624817,
          -0.15163519978523254,
          0.0009895615512505174,
          29.75614356994629
        ],
        [
          0.0003829002089332789,
          0.009021609090268612,
          0.9999592304229736,
          2.195488929748535
        ],
        [
          0.0,
          0.0,
          0.0,
          1.0
        ]
      ],
      "matrix_ego_from_sensor_carla": [
        [
          1.0,
          8.84820483548765e-09,
          7.628624121291949e-11,
          9.5367431640625e-07
        ],
        [
          -6.053219259172238e-09,
          0.9999999403953552,
          -6.523026563343137e-11,
          0.0
        ],
        [
          -1.1026436708139187e-11,
          -9.965528402489099e-10,
          1.0,
          2.200000047683716
        ],
        [
          0.0,
          0.0,
          0.0,
          1.0
        ]
      ],
      "matrix_ego_from_sensor_bevfusion": [
        [
          1.0,
          -8.84820483548765e-09,
          7.628624121291949e-11,
          9.5367431640625e-07
        ],
        [
          6.053219259172238e-09,
          0.9999999403953552,
          6.523026563343137e-11,
          0.0
        ],
        [
          -1.1026436708139187e-11,
          9.965528402489099e-10,
          1.0,
          2.200000047683716
        ],
        [
          0.0,
          0.0,
          0.0,
          1.0
        ]
      ],
      "data_path": "D:\\Agent-AI\\outputs\\s3a_ml_long_v1\\sample_000014\\lidar\\LIDAR_TOP.npy",
      "raw_layout": [
        "x",
        "y",
        "z",
        "intensity"
      ]
    },
    "RADAR_FRONT": {
      "type_id": "sensor.other.radar",
      "blueprint_attributes": {
        "sensor_tick": "0.100000",
        "role_name": "default",
        "noise_seed": "0",
        "ros_name": "sensor.other.radar",
        "horizontal_fov": "35.0",
        "points_per_second": "1500",
        "vertical_fov": "20.0",
        "range": "120.0"
      },
      "transform_carla": {
        "location": {
          "x": 105.41557312011719,
          "y": -31.731727600097656,
          "z": 0.896307647228241
        },
        "rotation": {
          "roll": 0.5169071555137634,
          "pitch": 0.021938566118478775,
          "yaw": -98.72186279296875
        }
      },
      "matrix_world_from_sensor_carla": [
        [
          -0.1516379415988922,
          0.9883953332901001,
          0.008975344710052013,
          105.41557312011719
        ],
        [
          -0.9884360432624817,
          -0.15163519978523254,
          -0.0009895615512505174,
          -31.731727600097656
        ],
        [
          0.0003829002089332789,
          -0.009021609090268612,
          0.9999592304229736,
          0.896307647228241
        ],
        [
          0.0,
          0.0,
          0.0,
          1.0
        ]
      ],
      "matrix_world_from_sensor_bevfusion": [
        [
          -0.1516379415988922,
          -0.9883953332901001,
          0.008975344710052013,
          105.41557312011719
        ],
        [
          0.9884360432624817,
          -0.15163519978523254,
          0.0009895615512505174,
          31.731727600097656
        ],
        [
          0.0003829002089332789,
          0.009021609090268612,
          0.9999592304229736,
          0.896307647228241
        ],
        [
          0.0,
          0.0,
          0.0,
          1.0
        ]
      ],
      "matrix_ego_from_sensor_carla": [
        [
          1.0,
          8.84820483548765e-09,
          7.628624121291949e-11,
          1.9999990463256836
        ],
        [
          -6.053219259172238e-09,
          0.9999999403953552,
          -6.523026563343137e-11,
          0.0
        ],
        [
          -1.1026436708139187e-11,
          -9.965528402489099e-10,
          1.0,
          0.8999998569488525
        ],
        [
          0.0,
          0.0,
          0.0,
          1.0
        ]
      ],
      "matrix_ego_from_sensor_bevfusion": [
        [
          1.0,
          -8.84820483548765e-09,
          7.628624121291949e-11,
          1.9999990463256836
        ],
        [
          6.053219259172238e-09,
          0.9999999403953552,
          6.523026563343137e-11,
          0.0
        ],
        [
          -1.1026436708139187e-11,
          9.965528402489099e-10,
          1.0,
          0.8999998569488525
        ],
        [
          0.0,
          0.0,
          0.0,
          1.0
        ]
      ],
      "data_path": "D:\\Agent-AI\\outputs\\s3a_ml_long_v1\\sample_000014\\radar\\RADAR_FRONT.npy",
      "raw_layout": [
        "velocity",
        "altitude",
        "azimuth",
        "depth"
      ]
    },
    "RADAR_FRONT_LEFT": {
      "type_id": "sensor.other.radar",
      "blueprint_attributes": {
        "sensor_tick": "0.100000",
        "role_name": "default",
        "noise_seed": "0",
        "ros_name": "sensor.other.radar",
        "horizontal_fov": "35.0",
        "points_per_second": "1500",
        "vertical_fov": "20.0",
        "range": "120.0"
      },
      "transform_carla": {
        "location": {
          "x": 104.72734832763672,
          "y": -31.272050857543945,
          "z": 0.9029399156570435
        },
        "rotation": {
          "roll": 0.3500005900859833,
          "pitch": 0.38101524114608765,
          "yaw": -143.72079467773438
        }
      },
      "matrix_world_from_sensor_carla": [
        [
          -0.8061253428459167,
          0.5916768312454224,
          0.008975287899374962,
          104.72734832763672
        ],
        [
          -0.5917074680328369,
          -0.8061521649360657,
          -0.0009896038100123405,
          -31.272050857543945
        ],
        [
          0.006649921648204327,
          -0.006108489353209734,
          0.9999592304229736,
          0.9029399156570435
        ],
        [
          0.0,
          0.0,
          0.0,
          1.0
        ]
      ],
      "matrix_world_from_sensor_bevfusion": [
        [
          -0.8061253428459167,
          -0.5916768312454224,
          0.008975287899374962,
          104.72734832763672
        ],
        [
          0.5917074680328369,
          -0.8061521649360657,
          0.0009896038100123405,
          31.272050857543945
        ],
        [
          0.006649921648204327,
          0.006108489353209734,
          0.9999592304229736,
          0.9029399156570435
        ],
        [
          0.0,
          0.0,
          0.0,
          1.0
        ]
      ],
      "matrix_ego_from_sensor_carla": [
        [
          0.7071067094802856,
          0.70710688829422,
          5.0455017941430924e-08,
          1.6500024795532227
        ],
        [
          -0.70710688829422,
          0.7071068286895752,
          -4.942532783047682e-08,
          -0.75
        ],
        [
          -7.134580215506503e-08,
          -8.826150921237286e-11,
          1.0,
          0.8999999761581421
        ],
        [
          0.0,
          0.0,
          0.0,
          1.0
        ]
      ],
      "matrix_ego_from_sensor_bevfusion": [
        [
          0.7071067094802856,
          -0.70710688829422,
          5.0455017941430924e-08,
          1.6500024795532227
        ],
        [
          0.70710688829422,
          0.7071068286895752,
          4.942532783047682e-08,
          0.75
        ],
        [
          -7.134580215506503e-08,
          8.826150921237286e-11,
          1.0,
          0.8999999761581421
        ],
        [
          0.0,
          0.0,
          0.0,
          1.0
        ]
      ],
      "data_path": "D:\\Agent-AI\\outputs\\s3a_ml_long_v1\\sample_000014\\radar\\RADAR_FRONT_LEFT.npy",
      "raw_layout": [
        "velocity",
        "altitude",
        "azimuth",
        "depth"
      ]
    },
    "RADAR_FRONT_RIGHT": {
      "type_id": "sensor.other.radar",
      "blueprint_attributes": {
        "sensor_tick": "0.100000",
        "role_name": "default",
        "noise_seed": "0",
        "ros_name": "sensor.other.radar",
        "horizontal_fov": "35.0",
