{
  "schema_version": "stage1.v1",
  "sample_name": "sample_000001",
  "sequence_index": 1,
  "previous_sample_name": "sample_000000",
  "frame_id": 2178,
  "timestamp": 32.94063229486346,
  "platform_timestamp": 16781857.4380575,
  "delta_seconds": 0.05000000074505806,
  "town": "Carla/Maps/Town10HD_Opt",
  "weather": {
    "cloudiness": 20.0,
    "dust_storm": 0.0,
    "fog_density": 2.0,
    "fog_distance": 0.75,
    "fog_falloff": 0.10000000149011612,
    "mie_scattering_scale": 0.029999999329447746,
    "precipitation": 0.0,
    "precipitation_deposits": 0.0,
    "rayleigh_scattering_scale": 0.03310000151395798,
    "scattering_intensity": 1.0,
    "sun_altitude_angle": 45.0,
    "sun_azimuth_angle": 300.0,
    "wetness": 0.0,
    "wind_intensity": 10.0
  },
  "sensor_names": [
    "CAM_FRONT",
    "CAM_FRONT_RIGHT",
    "CAM_FRONT_LEFT",
    "CAM_BACK",
    "CAM_BACK_LEFT",
    "CAM_BACK_RIGHT",
    "LIDAR_TOP",
    "RADAR_FRONT",
    "RADAR_FRONT_LEFT",
    "RADAR_FRONT_RIGHT",
    "RADAR_BACK_LEFT",
    "RADAR_BACK_RIGHT"
  ],
  "camera_order_for_model": [
    "CAM_FRONT",
    "CAM_FRONT_RIGHT",
    "CAM_FRONT_LEFT",
    "CAM_BACK",
    "CAM_BACK_LEFT",
    "CAM_BACK_RIGHT"
  ],
  "radar_order_for_model": [
    "RADAR_FRONT",
    "RADAR_FRONT_LEFT",
    "RADAR_FRONT_RIGHT",
    "RADAR_BACK_LEFT",
    "RADAR_BACK_RIGHT"
  ],
  "coordinate_notes": {
    "carla_world": "left-handed x-forward y-right z-up",
    "bevfusion_lidar": "x-forward y-left z-up",
    "camera_frame_for_model": "OpenCV style x-right y-down z-forward"
  },
  "ego": {
    "actor_id": 24,
    "transform_carla": {
      "location": {
        "x": -62.29629135131836,
        "y": 24.164236068725586,
        "z": -0.006937713362276554
      },
      "rotation": {
        "roll": 0.17342185974121094,
        "pitch": 0.5730733275413513,
        "yaw": -6.78095006942749
      }
    },
    "velocity_carla": [
      4.719940185546875,
      -0.7724114656448364,
      0.0019634056370705366
    ],
    "angular_velocity_carla": [
      -0.023474019020795822,
      -0.12374018132686615,
      -8.392345428466797
    ],
    "matrix_world_from_ego_carla": [
      [
        0.9929551482200623,
        0.11810333281755447,
        -0.00957445614039898,
        -62.29629135131836
      ],
      [
        -0.1180679053068161,
        0.9929966926574707,
        0.004186555743217468,
        24.164236068725586
      ],
      [
        0.010001849383115768,
        -0.0030266265384852886,
        0.9999454021453857,
        -0.006937713362276554
      ],
      [
        0.0,
        0.0,
        0.0,
        1.0
      ]
    ],
    "matrix_world_from_ego_bevfusion": [
      [
        0.9929551482200623,
        -0.11810333281755447,
        -0.00957445614039898,
        -62.29629135131836
      ],
      [
        0.1180679053068161,
        0.9929966926574707,
        -0.004186555743217468,
        -24.164236068725586
      ],
      [
        0.010001849383115768,
        0.0030266265384852886,
        0.9999454021453857,
        -0.006937713362276554
      ],
      [
        0.0,
        0.0,
        0.0,
        1.0
      ]
    ]
  },
  "sensors": {
    "CAM_FRONT": {
      "type_id": "sensor.camera.rgb",
      "blueprint_attributes": {
        "role_name": "front",
        "ros_name": "sensor.camera.rgb",
        "chromatic_aberration_offset": "0.0",
        "sensor_tick": "0.050000",
        "fstop": "1.4",
        "image_size_x": "1600",
        "image_size_y": "900",
        "fov": "70.00",
        "lens_circle_falloff": "5.0",
        "lens_circle_multiplier": "0.0",
        "exposure_compensation": "0.0",
        "lens_y_size": "0.08",
        "lens_k": "-1.0",
        "exposure_mode": "histogram",
        "lens_kcube": "0.0",
        "lens_x_size": "0.08",
        "exposure_max_bright": "12.0",
        "shutter_speed": "200.0",
        "bloom_intensity": "0.675",
        "iso": "100.0",
        "enable_postprocess_effects": "false",
        "gamma": "2.2",
        "motion_blur_intensity": "0.0",
        "motion_blur_max_distortion": "0.35",
        "lens_flare_intensity": "0.1",
        "motion_blur_min_object_screen_size": "0.1",
        "exposure_min_bright": "10.0",
        "exposure_speed_up": "3.0",
        "exposure_speed_down": "1.0",
        "tint": "0.0",
        "calibration_constant": "16.0",
        "focal_distance": "1000.0",
        "min_fstop": "1.2",
        "blade_count": "5",
        "blur_amount": "0.0",
        "blur_radius": "0.0",
        "slope": "0.88",
        "toe": "0.55",
        "white_clip": "0.04",
        "shoulder": "0.26",
        "black_clip": "0.0",
        "temp": "6500.0",
        "chromatic_aberration_intensity": "0.0"
      },
      "transform_carla": {
        "location": {
          "x": -60.77349090576172,
          "y": 23.988346099853516,
          "z": 1.7084722518920898
        },
        "rotation": {
          "roll": 0.17342185974121094,
          "pitch": 0.5730733275413513,
          "yaw": -6.78095006942749
        }
      },
      "matrix_world_from_sensor_carla": [
        [
          0.9929551482200623,
          0.11810333281755447,
          -0.00957445614039898,
          -60.77349090576172
        ],
        [
          -0.1180679053068161,
          0.9929966926574707,
          0.004186555743217468,
          23.988346099853516
        ],
        [
          0.010001849383115768,
          -0.0030266265384852886,
          0.9999454021453857,
          1.7084722518920898
        ],
        [
          0.0,
          0.0,
          0.0,
          1.0
        ]
      ],
      "matrix_world_from_sensor_bevfusion": [
        [
          0.11810333281755447,
          0.00957445614039898,
          0.9929551482200623,
          -60.77349090576172
        ],
        [
          -0.9929966926574707,
          0.004186555743217468,
          0.1180679053068161,
          -23.988346099853516
        ],
        [
          -0.0030266265384852886,
          -0.9999454021453857,
          0.010001849383115768,
          1.7084722518920898
        ],
        [
          0.0,
          0.0,
          0.0,
          1.0
        ]
      ],
      "matrix_ego_from_sensor_carla": [
        [
          1.0,
          2.390901365778575e-10,
          6.068328062269757e-10,
          1.5499916076660156
        ],
        [
          2.4374760543288687e-10,
          1.0,
          -6.246669848053443e-11,
          -1.9073486328125e-06
        ],
        [
          6.068328062269757e-10,
          -6.244127437327052e-11,
          1.0,
          1.7000000476837158
        ],
        [
          0.0,
          0.0,
          0.0,
          1.0
        ]
      ],
      "matrix_ego_from_sensor_bevfusion": [
        [
          2.390901365778575e-10,
          -6.068328062269757e-10,
          1.0,
          1.5499916076660156
        ],
        [
          -1.0,
          -6.246669848053443e-11,
          -2.4374760543288687e-10,
          1.9073486328125e-06
        ],
        [
          -6.244127437327052e-11,
          -1.0,
          6.068328062269757e-10,
          1.7000000476837158
        ],
        [
          0.0,
          0.0,
          0.0,
          1.0
        ]
      ],
      "camera_intrinsics": [
        [
          1142.5184326171875,
          0.0,
          800.0
        ],
        [
          0.0,
          1142.5184326171875,
          450.0
        ],
        [
          0.0,
          0.0,
          1.0
        ]
      ],
      "data_path": "D:\\Agent-AI\\outputs\\samples\\sample_000001\\images\\CAM_FRONT.png",
      "raw_layout": "bgra8"
    },
    "CAM_FRONT_RIGHT": {
      "type_id": "sensor.camera.rgb",
      "blueprint_attributes": {
        "role_name": "front",
        "ros_name": "sensor.camera.rgb",
        "chromatic_aberration_offset": "0.0",
        "sensor_tick": "0.050000",
        "fstop": "1.4",
        "image_size_x": "1600",
        "image_size_y": "900",
        "fov": "70.00",
        "lens_circle_falloff": "5.0",
        "lens_circle_multiplier": "0.0",
        "exposure_compensation": "0.0",
        "lens_y_size": "0.08",
        "lens_k": "-1.0",
        "exposure_mode": "histogram",
        "lens_kcube": "0.0",
        "lens_x_size": "0.08",
        "exposure_max_bright": "12.0",
        "shutter_speed": "200.0",
        "bloom_intensity": "0.675",
        "iso": "100.0",
        "enable_postprocess_effects": "false",
        "gamma": "2.2",
        "motion_blur_intensity": "0.0",
        "motion_blur_max_distortion": "0.35",
        "lens_flare_intensity": "0.1",
        "motion_blur_min_object_screen_size": "0.1",
        "exposure_min_bright": "10.0",
        "exposure_speed_up": "3.0",
        "exposure_speed_down": "1.0",
        "tint": "0.0",
        "calibration_constant": "16.0",
        "focal_distance": "1000.0",
        "min_fstop": "1.2",
        "blade_count": "5",
        "blur_amount": "0.0",
        "blur_radius": "0.0",
        "slope": "0.88",
        "toe": "0.55",
        "white_clip": "0.04",
        "shoulder": "0.26",
        "black_clip": "0.0",
        "temp": "6500.0",
        "chromatic_aberration_intensity": "0.0"
      },
      "transform_carla": {
        "location": {
          "x": -60.95677185058594,
          "y": 24.56401252746582,
          "z": 1.704307198524475
        },
        "rotation": {
          "roll": 0.5689041614532471,
          "pitch": 0.18664173781871796,
          "yaw": 48.219085693359375
        }
      },
      "matrix_world_from_sensor_carla": [
        [
          0.6662805676460266,
          -0.7456396222114563,
          -0.009574418887495995,
          -60.95677185058594
        ],
        [
          0.7456940412521362,
          0.6662753820419312,
          0.004186596721410751,
          24.56401252746582
        ],
        [
          0.0032575069926679134,
          -0.009929034858942032,
          0.9999454021453857,
          1.704307198524475
        ],
        [
          0.0,
          0.0,
          0.0,
          1.0
        ]
      ],
      "matrix_world_from_sensor_bevfusion": [
        [
          -0.7456396222114563,
          0.009574418887495995,
          0.6662805676460266,
          -60.95677185058594
        ],
        [
          -0.6662753820419312,
          0.004186596721410751,
          -0.7456940412521362,
          -24.56401252746582
        ],
        [
          -0.009929034858942032,
          -0.9999454021453857,
          0.0032575069926679134,
          1.704307198524475
        ],
        [
          0.0,
          0.0,
          0.0,
          1.0
        ]
      ],
      "matrix_ego_from_sensor_carla": [
        [
          0.5735767483711243,
          -0.819151759147644,
          3.2271799454974825e-08,
          1.2999954223632812
        ],
        [
          0.8191518187522888,
          0.5735767483711243,
          4.510667750423636e-08,
          0.5499992370605469
        ],
        [
          -5.4918313452390066e-08,
          7.426326220638657e-11,
          1.0,
          1.7000000476837158
        ],
        [
          0.0,
          0.0,
          0.0,
          1.0
        ]
      ],
      "matrix_ego_from_sensor_bevfusion": [
        [
          -0.819151759147644,
          -3.2271799454974825e-08,
          0.5735767483711243,
          1.2999954223632812
        ],
        [
          -0.5735767483711243,
          4.510667750423636e-08,
          -0.8191518187522888,
          -0.5499992370605469
        ],
        [
          7.426326220638657e-11,
          -1.0,
          -5.4918313452390066e-08,
          1.7000000476837158
        ],
        [
          0.0,
          0.0,
          0.0,
          1.0
        ]
      ],
      "camera_intrinsics": [
        [
          1142.5184326171875,
          0.0,
          800.0
        ],
        [
          0.0,
          1142.5184326171875,
          450.0
        ],
        [
          0.0,
          0.0,
          1.0
        ]
      ],
      "data_path": "D:\\Agent-AI\\outputs\\samples\\sample_000001\\images\\CAM_FRONT_RIGHT.png",
      "raw_layout": "bgra8"
    },
    "CAM_FRONT_LEFT": {
      "type_id": "sensor.camera.rgb",
      "blueprint_attributes": {
        "role_name": "front",
        "ros_name": "sensor.camera.rgb",
        "chromatic_aberration_offset": "0.0",
        "sensor_tick": "0.050000",
        "fstop": "1.4",
        "image_size_x": "1600",
        "image_size_y": "900",
        "fov": "70.00",
        "lens_circle_falloff": "5.0",
        "lens_circle_multiplier": "0.0",
        "exposure_compensation": "0.0",
        "lens_y_size": "0.08",
        "lens_k": "-1.0",
        "exposure_mode": "histogram",
        "lens_kcube": "0.0",
        "lens_x_size": "0.08",
        "exposure_max_bright": "12.0",
        "shutter_speed": "200.0",
        "bloom_intensity": "0.675",
        "iso": "100.0",
        "enable_postprocess_effects": "false",
        "gamma": "2.2",
        "motion_blur_intensity": "0.0",
        "motion_blur_max_distortion": "0.35",
        "lens_flare_intensity": "0.1",
        "motion_blur_min_object_screen_size": "0.1",
        "exposure_min_bright": "10.0",
        "exposure_speed_up": "3.0",
        "exposure_speed_down": "1.0",
        "tint": "0.0",
        "calibration_constant": "16.0",
        "focal_distance": "1000.0",
        "min_fstop": "1.2",
        "blade_count": "5",
        "blur_amount": "0.0",
        "blur_radius": "0.0",
        "slope": "0.88",
        "toe": "0.55",
        "white_clip": "0.04",
        "shoulder": "0.26",
        "black_clip": "0.0",
        "temp": "6500.0",
        "chromatic_aberration_intensity": "0.0"
      },
      "transform_carla": {
        "location": {
          "x": -61.0866813659668,
          "y": 23.471715927124023,
          "z": 1.7076364755630493
        },
        "rotation": {
          "roll": -0.369975745677948,
          "pitch": 0.47075027227401733,
          "yaw": -61.7833251953125
        }
      },
      "matrix_world_from_sensor_carla": [
        [
          0.47279131412506104,
          0.8811224102973938,
          -0.009574435651302338,
          -61.0866813659668
        ],
        [
          -0.8811361193656921,
          0.4728441536426544,
          0.004186516627669334,
          23.471715927124023
        ],
        [
          0.008216049522161484,
          0.006457032170146704,
          0.9999454021453857,
          1.7076364755630493
        ],
        [
          0.0,
          0.0,
          0.0,
          1.0
        ]
      ],
      "matrix_world_from_sensor_bevfusion": [
        [
          0.8811224102973938,
          0.009574435651302338,
          0.47279131412506104,
          -61.0866813659668
        ],
        [
          -0.4728441536426544,
          0.004186516627669334,
          0.8811361193656921,
          -23.471715927124023
        ],
        [
          0.006457032170146704,
          -0.9999454021453857,
          0.008216049522161484,
          1.7076364755630493
        ],
        [
          0.0,
          0.0,
          0.0,
          1.0
        ]
      ],
      "matrix_ego_from_sensor_carla": [
        [
          0.5735766887664795,
          0.8191518783569336,
          2.4821218858050997e-08,
          1.2999992370605469
        ],
        [
          -0.8191518783569336,
          0.5735766291618347,
          -3.638404777461801e-08,
          -0.5500011444091797
        ],
        [
          -4.5316003394191284e-08,
          -3.4509173296726203e-11,
          1.0,
          1.6999998092651367
        ],
        [
          0.0,
          0.0,
          0.0,
          1.0
        ]
      ],
      "matrix_ego_from_sensor_bevfusion": [
        [
          0.8191518783569336,
          -2.4821218858050997e-08,
          0.5735766887664795,
          1.2999992370605469
        ],
        [
          -0.5735766291618347,
          -3.638404777461801e-08,
          0.8191518783569336,
          0.5500011444091797
        ],
        [
          -3.4509173296726203e-11,
          -1.0,
          -4.5316003394191284e-08,
          1.6999998092651367
        ],
        [
          0.0,
          0.0,
          0.0,
          1.0
        ]
      ],
      "camera_intrinsics": [
        [
          1142.5184326171875,
          0.0,
          800.0
        ],
        [
          0.0,
          1142.5184326171875,
          450.0
        ],
        [
          0.0,
          0.0,
          1.0
        ]
      ],
      "data_path": "D:\\Agent-AI\\outputs\\samples\\sample_000001\\images\\CAM_FRONT_LEFT.png",
      "raw_layout": "bgra8"
    },
    "CAM_BACK": {
      "type_id": "sensor.camera.rgb",
      "blueprint_attributes": {
        "role_name": "front",
        "ros_name": "sensor.camera.rgb",
        "chromatic_aberration_offset": "0.0",
        "sensor_tick": "0.050000",
        "fstop": "1.4",
        "image_size_x": "1600",
        "image_size_y": "900",
        "fov": "70.00",
        "lens_circle_falloff": "5.0",
        "lens_circle_multiplier": "0.0",
        "exposure_compensation": "0.0",
        "lens_y_size": "0.08",
        "lens_k": "-1.0",
        "exposure_mode": "histogram",
        "lens_kcube": "0.0",
        "lens_x_size": "0.08",
        "exposure_max_bright": "12.0",
        "shutter_speed": "200.0",
        "bloom_intensity": "0.675",
        "iso": "100.0",
        "enable_postprocess_effects": "false",
        "gamma": "2.2",
        "motion_blur_intensity": "0.0",
        "motion_blur_max_distortion": "0.35",
        "lens_flare_intensity": "0.1",
        "motion_blur_min_object_screen_size": "0.1",
        "exposure_min_bright": "10.0",
        "exposure_speed_up": "3.0",
        "exposure_speed_down": "1.0",
        "tint": "0.0",
        "calibration_constant": "16.0",
        "focal_distance": "1000.0",
        "min_fstop": "1.2",
        "blade_count": "5",
        "blur_amount": "0.0",
        "blur_radius": "0.0",
        "slope": "0.88",
        "toe": "0.55",
        "white_clip": "0.04",
        "shoulder": "0.26",
        "black_clip": "0.0",
        "temp": "6500.0",
        "chromatic_aberration_intensity": "0.0"
      },
      "transform_carla": {
        "location": {
          "x": -63.85165023803711,
          "y": 24.35435676574707,
          "z": 1.6774665117263794
        },
        "rotation": {
          "roll": -0.17342203855514526,
          "pitch": -0.5730733275413513,
          "yaw": 173.2190704345703
        }
      },
      "matrix_world_from_sensor_carla": [
        [
          -0.992955207824707,
          -0.11810290068387985,
          -0.009574457071721554,
          -63.85165023803711
        ],
        [
          0.11806747317314148,
          -0.9929967522621155,
          0.004186554811894894,
          24.35435676574707
        ],
        [
          -0.010001849383115768,
          0.003026629565283656,
          0.9999454021453857,
          1.6774665117263794
        ],
        [
          0.0,
          0.0,
          0.0,
          1.0
        ]
      ],
      "matrix_world_from_sensor_bevfusion": [
        [
          -0.11810290068387985,
          0.009574457071721554,
          -0.992955207824707,
          -63.85165023803711
        ],
        [
          0.9929967522621155,
          0.004186554811894894,
          -0.11806747317314148,
          -24.35435676574707
        ],
        [
          0.003026629565283656,
          -0.9999454021453857,
          -0.010001849383115768,
          1.6774665117263794
        ],
        [
          0.0,
          0.0,
          0.0,
          1.0
        ]
      ],
      "matrix_ego_from_sensor_carla": [
        [
          -1.0,
          4.3151194972779194e-07,
          -3.2448976838850285e-10,
          -1.5500030517578125
        ],
        [
          -4.368012014310807e-07,
          -1.0,
          -9.93789273096013e-10,
          -3.814697265625e-06
        ],
        [
          -1.5381553808424542e-09,
          -1.334707899758314e-09,
          1.0,
          1.6999998092651367
        ],
        [
          0.0,
          0.0,
          0.0,
          1.0
        ]
      ],
      "matrix_ego_from_sensor_bevfusion": [
        [
          4.3151194972779194e-07,
          3.2448976838850285e-10,
          -1.0,
          -1.5500030517578125
        ],
        [
          1.0,
          -9.93789273096013e-10,
          4.368012014310807e-07,
          3.814697265625e-06
        ],
        [
          -1.334707899758314e-09,
          -1.0,
          -1.5381553808424542e-09,
          1.6999998092651367
        ],
        [
          0.0,
          0.0,
          0.0,
          1.0
        ]
      ],
      "camera_intrinsics": [
        [
          1142.5184326171875,
          0.0,
          800.0
        ],
        [
          0.0,
          1142.5184326171875,
          450.0
        ],
        [
          0.0,
          0.0,
          1.0
        ]
      ],
      "data_path": "D:\\Agent-AI\\outputs\\samples\\sample_000001\\images\\CAM_BACK.png",
      "raw_layout": "bgra8"
    },
    "CAM_BACK_LEFT": {
      "type_id": "sensor.camera.rgb",
      "blueprint_attributes": {
        "role_name": "front",
        "ros_name": "sensor.camera.rgb",
        "chromatic_aberration_offset": "0.0",
        "sensor_tick": "0.050000",
        "fstop": "1.4",
        "image_size_x": "1600",
        "image_size_y": "900",
        "fov": "70.00",
        "lens_circle_falloff": "5.0",
        "lens_circle_multiplier": "0.0",
        "exposure_compensation": "0.0",
        "lens_y_size": "0.08",
        "lens_k": "-1.0",
        "exposure_mode": "histogram",
        "lens_kcube": "0.0",
        "lens_x_size": "0.08",
        "exposure_max_bright": "12.0",
        "shutter_speed": "200.0",
        "bloom_intensity": "0.675",
        "iso": "100.0",
        "enable_postprocess_effects": "false",
        "gamma": "2.2",
        "motion_blur_intensity": "0.0",
        "motion_blur_max_distortion": "0.35",
        "lens_flare_intensity": "0.1",
        "motion_blur_min_object_screen_size": "0.1",
        "exposure_min_bright": "10.0",
        "exposure_speed_up": "3.0",
        "exposure_speed_down": "1.0",
        "tint": "0.0",
        "calibration_constant": "16.0",
        "focal_distance": "1000.0",
        "min_fstop": "1.2",
        "blade_count": "5",
        "blur_amount": "0.0",
        "blur_radius": "0.0",
        "slope": "0.88",
        "toe": "0.55",
        "white_clip": "0.04",
        "shoulder": "0.26",
        "black_clip": "0.0",
        "temp": "6500.0",
        "chromatic_aberration_intensity": "0.0"
      },
      "transform_carla": {
        "location": {
          "x": -63.66836929321289,
          "y": 23.77869415283203,
          "z": 1.6816316843032837
        },
        "rotation": {
          "roll": -0.5689041614532471,
          "pitch": -0.18664173781871796,
          "yaw": -131.78089904785156
        }
      },
      "matrix_world_from_sensor_carla": [
        [
          -0.6662802696228027,
          0.7456399202346802,
          -0.009574420750141144,
          -63.66836929321289
        ],
        [
          -0.7456943392753601,
          -0.6662750840187073,
          0.004186592530459166,
          23.77869415283203
        ],
        [
          -0.0032575069926679134,
          0.009929034858942032,
          0.9999454021453857,
          1.6816316843032837
        ],
        [
          0.0,
          0.0,
          0.0,
          1.0
        ]
      ],
      "matrix_world_from_sensor_bevfusion": [
        [
          0.7456399202346802,
          0.009574420750141144,
          -0.6662802696228027,
          -63.66836929321289
        ],
        [
          0.6662750840187073,
          0.004186592530459166,
          0.7456943392753601,
          -23.77869415283203
        ],
        [
          0.009929034858942032,
          -0.9999454021453857,
          -0.0032575069926679134,
          1.6816316843032837
        ],
        [
          0.0,
          0.0,
          0.0,
          1.0
        ]
      ],
      "matrix_ego_from_sensor_carla": [
        [
          -0.5735764503479004,
          0.8191519975662231,
          3.040915430574387e-08,
          -1.3000030517578125
        ],
        [
          -0.8191521167755127,
          -0.5735764503479004,
          4.0682895274812836e-08,
          -0.5499992370605469
        ],
        [
          5.096019251027428e-08,
          -1.9369084114373436e-09,
          1.0,
          1.7000000476837158
        ],
        [
          0.0,
          0.0,
          0.0,
          1.0
        ]
      ],
      "matrix_ego_from_sensor_bevfusion": [
        [
          0.8191519975662231,
          -3.040915430574387e-08,
          -0.5735764503479004,
          -1.3000030517578125
        ],
        [
          0.5735764503479004,
          4.0682895274812836e-08,
          0.8191521167755127,
          0.5499992370605469
        ],
        [
          -1.9369084114373436e-09,
          -1.0,
          5.096019251027428e-08,
          1.7000000476837158
        ],
        [
          0.0,
          0.0,
          0.0,
          1.0
        ]
      ],
      "camera_intrinsics": [
        [
          1142.5184326171875,
          0.0,
          800.0
        ],
        [
          0.0,
          1142.5184326171875,
          450.0
        ],
        [
          0.0,
          0.0,
          1.0
        ]
      ],
      "data_path": "D:\\Agent-AI\\outputs\\samples\\sample_000001\\images\\CAM_BACK_LEFT.png",
      "raw_layout": "bgra8"
    },
    "CAM_BACK_RIGHT": {
      "type_id": "sensor.camera.rgb",
      "blueprint_attributes": {
        "role_name": "front",
        "ros_name": "sensor.camera.rgb",
        "chromatic_aberration_offset": "0.0",
        "sensor_tick": "0.050000",
        "fstop": "1.4",
        "image_size_x": "1600",
        "image_size_y": "900",
        "fov": "70.00",
        "lens_circle_falloff": "5.0",
        "lens_circle_multiplier": "0.0",
        "exposure_compensation": "0.0",
        "lens_y_size": "0.08",
        "lens_k": "-1.0",
        "exposure_mode": "histogram",
        "lens_kcube": "0.0",
        "lens_x_size": "0.08",
        "exposure_max_bright": "12.0",
        "shutter_speed": "200.0",
        "bloom_intensity": "0.675",
        "iso": "100.0",
        "enable_postprocess_effects": "false",
        "gamma": "2.2",
        "motion_blur_intensity": "0.0",
        "motion_blur_max_distortion": "0.35",
        "lens_flare_intensity": "0.1",
        "motion_blur_min_object_screen_size": "0.1",
        "exposure_min_bright": "10.0",
        "exposure_speed_up": "3.0",
        "exposure_speed_down": "1.0",
        "tint": "0.0",
        "calibration_constant": "16.0",
        "focal_distance": "1000.0",
        "min_fstop": "1.2",
        "blade_count": "5",
        "blur_amount": "0.0",
        "blur_radius": "0.0",
        "slope": "0.88",
        "toe": "0.55",
        "white_clip": "0.04",
        "shoulder": "0.26",
        "black_clip": "0.0",
        "temp": "6500.0",
        "chromatic_aberration_intensity": "0.0"
      },
      "transform_carla": {
        "location": {
          "x": -63.538455963134766,
          "y": 24.870988845825195,
          "z": 1.6783024072647095
        },
        "rotation": {
          "roll": 0.3699758052825928,
          "pitch": -0.47075027227401733,
          "yaw": 118.21663665771484
        }
      },
      "matrix_world_from_sensor_carla": [
        [
          -0.47279077768325806,
          -0.8811227083206177,
          -0.009574433788657188,
          -63.538455963134766
        ],
        [
          0.881136417388916,
          -0.47284361720085144,
          0.004186522215604782,
          24.870988845825195
        ],
        [
          -0.008216049522161484,
          -0.006457033101469278,
          0.9999454021453857,
          1.6783024072647095
        ],
        [
          0.0,
          0.0,
          0.0,
          1.0
        ]
      ],
      "matrix_world_from_sensor_bevfusion": [
        [
          -0.8811227083206177,
          0.009574433788657188,
          -0.47279077768325806,
          -63.538455963134766
        ],
        [
          0.47284361720085144,
          0.004186522215604782,
          -0.881136417388916,
          -24.870988845825195
        ],
        [
          -0.006457033101469278,
          -0.9999454021453857,
          -0.008216049522161484,
          1.6783024072647095
        ],
        [
          0.0,
          0.0,
          0.0,
          1.0
        ]
      ],
      "matrix_ego_from_sensor_carla": [
        [
          -0.5735761523246765,
          -0.8191522359848022,
          2.5752541432666476e-08,
          -1.3000030517578125
        ],
        [
          0.8191522359848022,
          -0.5735761523246765,
          -3.056328168327127e-08,
          0.5499992370605469
        ],
        [
          4.065939052111389e-08,
          4.225511496258605e-09,
          1.0,
          1.7000000476837158
        ],
        [
          0.0,
          0.0,
          0.0,
          1.0
        ]
      ],
      "matrix_ego_from_sensor_bevfusion": [
        [
          -0.8191522359848022,
          -2.5752541432666476e-08,
          -0.5735761523246765,
          -1.3000030517578125
        ],
        [
          0.5735761523246765,
          -3.056328168327127e-08,
          -0.8191522359848022,
          -0.5499992370605469
        ],
        [
          4.225511496258605e-09,
          -1.0,
          4.065939052111389e-08,
          1.7000000476837158
        ],
        [
          0.0,
          0.0,
          0.0,
          1.0
        ]
      ],
      "camera_intrinsics": [
        [
          1142.5184326171875,
          0.0,
          800.0
        ],
        [
          0.0,
          1142.5184326171875,
          450.0
        ],
        [
          0.0,
          0.0,
          1.0
        ]
      ],
      "data_path": "D:\\Agent-AI\\outputs\\samples\\sample_000001\\images\\CAM_BACK_RIGHT.png",
      "raw_layout": "bgra8"
    },
    "LIDAR_TOP": {
      "type_id": "sensor.lidar.ray_cast",
      "blueprint_attributes": {
        "atmosphere_attenuation_rate": "0.004",
        "role_name": "front",
        "noise_seed": "0",
        "upper_fov": "10.0",
        "ros_name": "sensor.lidar.ray_cast",
        "sensor_tick": "0.050000",
        "channels": "32",
        "range": "120.0",
        "points_per_second": "360000",
        "lower_fov": "-30.0",
        "rotation_frequency": "20.000000",
        "horizontal_fov": "360.0",
        "dropoff_general_rate": "0.0",
        "dropoff_intensity_limit": "1.0",
        "noise_stddev": "0.0",
        "dropoff_zero_intensity": "0.0"
      },
      "transform_carla": {
        "location": {
          "x": -62.31735610961914,
          "y": 24.173446655273438,
          "z": 2.1929421424865723
        },
        "rotation": {
          "roll": 0.17342185974121094,
          "pitch": 0.5730733275413513,
          "yaw": -6.78095006942749
        }
      },
      "matrix_world_from_sensor_carla": [
        [
          0.9929551482200623,
          0.11810333281755447,
          -0.00957445614039898,
          -62.31735610961914
        ],
        [
          -0.1180679053068161,
          0.9929966926574707,
          0.004186555743217468,
          24.173446655273438
        ],
        [
          0.010001849383115768,
          -0.0030266265384852886,
          0.9999454021453857,
          2.1929421424865723
        ],
        [
          0.0,
          0.0,
          0.0,
          1.0
        ]
      ],
      "matrix_world_from_sensor_bevfusion": [
        [
          0.9929551482200623,
          -0.11810333281755447,
          -0.00957445614039898,
          -62.31735610961914
        ],
        [
          0.1180679053068161,
          0.9929966926574707,
          -0.004186555743217468,
          -24.173446655273438
        ],
        [
          0.010001849383115768,
          0.0030266265384852886,
          0.9999454021453857,
          2.1929421424865723
        ],
        [
          0.0,
          0.0,
          0.0,
          1.0
        ]
      ],
      "matrix_ego_from_sensor_carla": [
        [
          1.0,
          2.390901365778575e-10,
          6.068328062269757e-10,
          0.0
        ],
        [
          2.4374760543288687e-10,
          1.0,
          -6.246669848053443e-11,
          -1.9073486328125e-06
        ],
        [
          6.068328062269757e-10,
          -6.244127437327052e-11,
          1.0,
          2.200000047683716
        ],
        [
          0.0,
          0.0,
          0.0,
          1.0
        ]
      ],
      "matrix_ego_from_sensor_bevfusion": [
        [
          1.0,
          -2.390901365778575e-10,
          6.068328062269757e-10,
          0.0
        ],
        [
          -2.4374760543288687e-10,
          1.0,
          6.246669848053443e-11,
          1.9073486328125e-06
        ],
        [
          6.068328062269757e-10,
          6.244127437327052e-11,
          1.0,
          2.200000047683716
        ],
        [
          0.0,
          0.0,
          0.0,
          1.0
        ]
      ],
      "data_path": "D:\\Agent-AI\\outputs\\samples\\sample_000001\\lidar\\LIDAR_TOP.npy",
      "raw_layout": [
        "x",
        "y",
        "z",
        "intensity"
      ]
    },
    "RADAR_FRONT": {
      "type_id": "sensor.other.radar",
      "blueprint_attributes": {
        "sensor_tick": "0.050000",
        "role_name": "default",
        "noise_seed": "0",
        "ros_name": "sensor.other.radar",
        "horizontal_fov": "35.0",
        "points_per_second": "1500",
        "vertical_fov": "20.0",
        "range": "120.0"
      },
      "transform_carla": {
        "location": {
          "x": -60.31899642944336,
          "y": 23.931867599487305,
          "z": 0.9130168557167053
        },
        "rotation": {
          "roll": 0.17342185974121094,
          "pitch": 0.5730733275413513,
          "yaw": -6.78095006942749
        }
      },
      "matrix_world_from_sensor_carla": [
        [
          0.9929551482200623,
          0.11810333281755447,
          -0.00957445614039898,
          -60.31899642944336
        ],
        [
          -0.1180679053068161,
          0.9929966926574707,
          0.004186555743217468,
          23.931867599487305
        ],
        [
          0.010001849383115768,
          -0.0030266265384852886,
          0.9999454021453857,
          0.9130168557167053
        ],
        [
          0.0,
          0.0,
          0.0,
          1.0
        ]
      ],
      "matrix_world_from_sensor_bevfusion": [
        [
          0.9929551482200623,
          -0.11810333281755447,
          -0.00957445614039898,
          -60.31899642944336
        ],
        [
          0.1180679053068161,
          0.9929966926574707,
          -0.004186555743217468,
          -23.931867599487305
        ],
        [
          0.010001849383115768,
          0.0030266265384852886,
          0.9999454021453857,
          0.9130168557167053
        ],
        [
          0.0,
          0.0,
          0.0,
          1.0
        ]
      ],
      "matrix_ego_from_sensor_carla": [
        [
          1.0,
          2.390901365778575e-10,
          6.068328062269757e-10,
          2.0
        ],
        [
          2.4374760543288687e-10,
          1.0,
          -6.246669848053443e-11,
          -1.9073486328125e-06
        ],
        [
          6.068328062269757e-10,
          -6.244127437327052e-11,
          1.0,
          0.9000000357627869
        ],
        [
          0.0,
          0.0,
          0.0,
          1.0
        ]
      ],
      "matrix_ego_from_sensor_bevfusion": [
        [
          1.0,
          -2.390901365778575e-10,
          6.068328062269757e-10,
          2.0
        ],
        [
          -2.4374760543288687e-10,
          1.0,
          6.246669848053443e-11,
          1.9073486328125e-06
        ],
        [
          6.068328062269757e-10,
          6.244127437327052e-11,
          1.0,
          0.9000000357627869
        ],
        [
          0.0,
          0.0,
          0.0,
          1.0
        ]
      ],
      "data_path": "D:\\Agent-AI\\outputs\\samples\\sample_000001\\radar\\RADAR_FRONT.npy",
      "raw_layout": [
        "velocity",
        "altitude",
        "azimuth",
        "depth"
      ]
    },
    "RADAR_FRONT_LEFT": {
      "type_id": "sensor.other.radar",
      "blueprint_attributes": {
        "sensor_tick": "0.050000",
        "role_name": "default",
        "noise_seed": "0",
        "ros_name": "sensor.other.radar",
        "horizontal_fov": "35.0",
        "points_per_second": "1500",
        "vertical_fov": "20.0",
        "range": "120.0"
      },
      "transform_carla": {
        "location": {
          "x": -60.75511169433594,
          "y": 23.228445053100586,
          "z": 0.9117860794067383
        },
        "rotation": {
          "roll": -0.28260883688926697,
          "pitch": 0.5278438329696655,
          "yaw": -51.78312301635742
        }
      },
      "matrix_world_from_sensor_carla": [
        [
          0.618613600730896,
          0.7856370210647583,
          -0.00957442820072174,
          -60.75511169433594
        ],
        [
          -0.7856413722038269,
          0.6186680197715759,
          0.004186525940895081,
          23.228445053100586
        ],
        [
          0.00921248272061348,
          0.004932225216180086,
          0.9999454021453857,
          0.9117860794067383
        ],
        [
          0.0,
          0.0,
          0.0,
          1.0
        ]
      ],
      "matrix_world_from_sensor_bevfusion": [
        [
          0.618613600730896,
          -0.7856370210647583,
          -0.00957442820072174,
          -60.75511169433594
        ],
        [
          0.7856413722038269,
          0.6186680197715759,
          -0.004186525940895081,
          -23.228445053100586
        ],
        [
          0.00921248272061348,
          -0.004932225216180086,
          0.9999454021453857,
          0.9117860794067383
        ],
        [
          0.0,
          0.0,
          0.0,
          1.0
        ]
      ],
      "matrix_ego_from_sensor_carla": [
        [
          0.7071067094802856,
          0.7071068286895752,
          3.040915430574387e-08,
          1.649993896484375
        ],
        [
          -0.7071068286895752,
          0.7071067690849304,
          -2.6139499453847748e-08,
          -0.7500009536743164
        ],
        [
          -4.104579431896127e-08,
          -2.4649975394197554e-09,
          1.0,
          0.8999999165534973
        ],
        [
          0.0,
          0.0,
          0.0,
          1.0
        ]
      ],
      "matrix_ego_from_sensor_bevfusion": [
        [
          0.7071067094802856,
          -0.7071068286895752,
          3.040915430574387e-08,
          1.649993896484375
        ],
        [
          0.7071068286895752,
          0.7071067690849304,
          2.6139499453847748e-08,
          0.7500009536743164
        ],
        [
          -4.104579431896127e-08,
          2.4649975394197554e-09,
          1.0,
          0.8999999165534973
        ],
        [
          0.0,
          0.0,
          0.0,
          1.0
        ]
      ],
      "data_path": "D:\\Agent-AI\\outputs\\samples\\sample_000001\\radar\\RADAR_FRONT_LEFT.npy",
      "raw_layout": [
        "velocity",
        "altitude",
        "azimuth",
        "depth"
      ]
    },
    "RADAR_FRONT_RIGHT": {
      "type_id": "sensor.other.radar",
      "blueprint_attributes": {
        "sensor_tick": "0.050000",
        "role_name": "default",
        "noise_seed": "0",
        "ros_name": "sensor.other.radar",
        "horizontal_fov": "35.0",
        "points_per_second": "1500",
        "vertical_fov": "20.0",
        "range": "120.0"
      },
