{
  "schema_version": "stage1.v1",
  "sample_name": "sample_000057",
  "sequence_index": 57,
  "previous_sample_name": "sample_000056",
  "frame_id": 726330,
  "timestamp": 5002.894624803215,
  "platform_timestamp": 16813392.4201696,
  "delta_seconds": 0.10000000149011612,
  "town": "Carla/Maps/Town10HD_Opt",
  "weather": {
    "cloudiness": 20.0,
    "dust_storm": 0.0,
    "fog_density": 2.0,
    "fog_distance": 0.75,
    "fog_falloff": 0.10000000149011612,
    "mie_scattering_scale": 0.029999999329447746,
    "precipitation": 0.0,
    "precipitation_deposits": 0.0,
    "rayleigh_scattering_scale": 0.03310000151395798,
    "scattering_intensity": 1.0,
    "sun_altitude_angle": 45.0,
    "sun_azimuth_angle": 300.0,
    "wetness": 0.0,
    "wind_intensity": 10.0
  },
  "sensor_names": [
    "CAM_FRONT",
    "CAM_FRONT_RIGHT",
    "CAM_FRONT_LEFT",
    "CAM_BACK",
    "CAM_BACK_LEFT",
    "CAM_BACK_RIGHT",
    "LIDAR_TOP",
    "RADAR_FRONT",
    "RADAR_FRONT_LEFT",
    "RADAR_FRONT_RIGHT",
    "RADAR_BACK_LEFT",
    "RADAR_BACK_RIGHT"
  ],
  "camera_order_for_model": [
    "CAM_FRONT",
    "CAM_FRONT_RIGHT",
    "CAM_FRONT_LEFT",
    "CAM_BACK",
    "CAM_BACK_LEFT",
    "CAM_BACK_RIGHT"
  ],
  "radar_order_for_model": [
    "RADAR_FRONT",
    "RADAR_FRONT_LEFT",
    "RADAR_FRONT_RIGHT",
    "RADAR_BACK_LEFT",
    "RADAR_BACK_RIGHT"
  ],
  "coordinate_notes": {
    "carla_world": "left-handed x-forward y-right z-up",
    "bevfusion_lidar": "x-forward y-left z-up",
    "camera_frame_for_model": "OpenCV style x-right y-down z-forward"
  },
  "ego": {
    "actor_id": 49,
    "transform_carla": {
      "location": {
        "x": 103.61872863769531,
        "y": -37.35602951049805,
        "z": -0.004494857508689165
      },
      "rotation": {
        "roll": -0.00012207029067212716,
        "pitch": -0.001557283103466034,
        "yaw": -109.1600341796875
      }
    },
    "velocity_carla": [
      8.560521564504597e-06,
      2.073745235975366e-05,
      -1.9359588350198464e-06
    ],
    "angular_velocity_carla": [
      -0.006345896050333977,
      0.0026990773621946573,
      3.230280981370015e-06
    ],
    "matrix_world_from_ego_carla": [
      [
        -0.3282078504562378,
        0.9446055293083191,
        -1.0933105841104407e-05,
        103.61872863769531
      ],
      [
        -0.9446055293083191,
        -0.3282078504562378,
        -2.4974855477921665e-05,
        -37.35602951049805
      ],
      [
        -2.7179718017578125e-05,
        2.1305284008121816e-06,
        1.0,
        -0.004494857508689165
      ],
      [
        0.0,
        0.0,
        0.0,
        1.0
      ]
    ],
    "matrix_world_from_ego_bevfusion": [
      [
        -0.3282078504562378,
        -0.9446055293083191,
        -1.0933105841104407e-05,
        103.61872863769531
      ],
      [
        0.9446055293083191,
        -0.3282078504562378,
        2.4974855477921665e-05,
        37.35602951049805
      ],
      [
        -2.7179718017578125e-05,
        -2.1305284008121816e-06,
        1.0,
        -0.004494857508689165
      ],
      [
        0.0,
        0.0,
        0.0,
        1.0
      ]
    ]
  },
  "sensors": {
    "CAM_FRONT": {
      "type_id": "sensor.camera.rgb",
      "blueprint_attributes": {
        "role_name": "front",
        "ros_name": "sensor.camera.rgb",
        "chromatic_aberration_offset": "0.0",
        "sensor_tick": "0.100000",
        "fstop": "1.4",
        "image_size_x": "960",
        "image_size_y": "540",
        "fov": "70.00",
        "lens_circle_falloff": "5.0",
        "lens_circle_multiplier": "0.0",
        "exposure_compensation": "0.0",
        "lens_y_size": "0.08",
        "lens_k": "-1.0",
        "exposure_mode": "histogram",
        "lens_kcube": "0.0",
        "lens_x_size": "0.08",
        "exposure_max_bright": "12.0",
        "shutter_speed": "200.0",
        "bloom_intensity": "0.675",
        "iso": "100.0",
        "enable_postprocess_effects": "false",
        "gamma": "2.2",
        "motion_blur_intensity": "0.0",
        "motion_blur_max_distortion": "0.35",
        "lens_flare_intensity": "0.1",
        "motion_blur_min_object_screen_size": "0.1",
        "exposure_min_bright": "10.0",
        "exposure_speed_up": "3.0",
        "exposure_speed_down": "1.0",
        "tint": "0.0",
        "calibration_constant": "16.0",
        "focal_distance": "1000.0",
        "min_fstop": "1.2",
        "blade_count": "5",
        "blur_amount": "0.0",
        "blur_radius": "0.0",
        "slope": "0.88",
        "toe": "0.55",
        "white_clip": "0.04",
        "shoulder": "0.26",
        "black_clip": "0.0",
        "temp": "6500.0",
        "chromatic_aberration_intensity": "0.0"
      },
      "transform_carla": {
        "location": {
          "x": 103.1099853515625,
          "y": -38.82020950317383,
          "z": 1.6954631805419922
        },
        "rotation": {
          "roll": -0.00012207029067212716,
          "pitch": -0.001557283103466034,
          "yaw": -109.1600341796875
        }
      },
      "matrix_world_from_sensor_carla": [
        [
          -0.3282078504562378,
          0.9446055293083191,
          -1.0933105841104407e-05,
          103.1099853515625
        ],
        [
          -0.9446055293083191,
          -0.3282078504562378,
          -2.4974855477921665e-05,
          -38.82020950317383
        ],
        [
          -2.7179718017578125e-05,
          2.1305284008121816e-06,
          1.0,
          1.6954631805419922
        ],
        [
          0.0,
          0.0,
          0.0,
          1.0
        ]
      ],
      "matrix_world_from_sensor_bevfusion": [
        [
          0.9446055293083191,
          1.0933105841104407e-05,
          -0.3282078504562378,
          103.1099853515625
        ],
        [
          0.3282078504562378,
          -2.4974855477921665e-05,
          0.9446055293083191,
          38.82020950317383
        ],
        [
          2.1305284008121816e-06,
          -1.0,
          -2.7179718017578125e-05,
          1.6954631805419922
        ],
        [
          0.0,
          0.0,
          0.0,
          1.0
        ]
      ],
      "matrix_ego_from_sensor_carla": [
        [
          1.0,
          6.5618288580537865e-09,
          0.0,
          1.5499995946884155
        ],
        [
          6.5618288580537865e-09,
          1.0,
          -2.2737367544323206e-13,
          -7.62939453125e-06
        ],
        [
          0.0,
          -4.547473508864641e-13,
          1.0,
          1.7000001668930054
        ],
        [
          0.0,
          0.0,
          0.0,
          1.0
        ]
      ],
      "matrix_ego_from_sensor_bevfusion": [
        [
          6.5618288580537865e-09,
          0.0,
          1.0,
          1.5499995946884155
        ],
        [
          -1.0,
          -2.2737367544323206e-13,
          -6.5618288580537865e-09,
          7.62939453125e-06
        ],
        [
          -4.547473508864641e-13,
          -1.0,
          0.0,
          1.7000001668930054
        ],
        [
          0.0,
          0.0,
          0.0,
          1.0
        ]
      ],
      "camera_intrinsics": [
        [
          685.5110473632812,
          0.0,
          480.0
        ],
        [
          0.0,
          685.5110473632812,
          270.0
        ],
        [
          0.0,
          0.0,
          1.0
        ]
      ],
      "data_path": "D:\\Agent-AI\\outputs\\s3a_ml_long_v1\\sample_000057\\images\\CAM_FRONT.png",
      "raw_layout": "bgra8"
    },
    "CAM_FRONT_RIGHT": {
      "type_id": "sensor.camera.rgb",
      "blueprint_attributes": {
        "role_name": "front",
        "ros_name": "sensor.camera.rgb",
        "chromatic_aberration_offset": "0.0",
        "sensor_tick": "0.100000",
        "fstop": "1.4",
        "image_size_x": "960",
        "image_size_y": "540",
        "fov": "70.00",
        "lens_circle_falloff": "5.0",
        "lens_circle_multiplier": "0.0",
        "exposure_compensation": "0.0",
        "lens_y_size": "0.08",
        "lens_k": "-1.0",
        "exposure_mode": "histogram",
        "lens_kcube": "0.0",
        "lens_x_size": "0.08",
        "exposure_max_bright": "12.0",
        "shutter_speed": "200.0",
        "bloom_intensity": "0.675",
        "iso": "100.0",
        "enable_postprocess_effects": "false",
        "gamma": "2.2",
        "motion_blur_intensity": "0.0",
        "motion_blur_max_distortion": "0.35",
        "lens_flare_intensity": "0.1",
        "motion_blur_min_object_screen_size": "0.1",
        "exposure_min_bright": "10.0",
        "exposure_speed_up": "3.0",
        "exposure_speed_down": "1.0",
        "tint": "0.0",
        "calibration_constant": "16.0",
        "focal_distance": "1000.0",
        "min_fstop": "1.2",
        "blade_count": "5",
        "blur_amount": "0.0",
        "blur_radius": "0.0",
        "slope": "0.88",
        "toe": "0.55",
        "white_clip": "0.04",
        "shoulder": "0.26",
        "black_clip": "0.0",
        "temp": "6500.0",
        "chromatic_aberration_intensity": "0.0"
      },
      "transform_carla": {
        "location": {
          "x": 103.7115707397461,
          "y": -38.76457595825195,
          "z": 1.695471167564392
        },
        "rotation": {
          "roll": -0.0013449416728690267,
          "pitch": -0.0007923019002191722,
          "yaw": -54.16004943847656
        }
      },
      "matrix_world_from_sensor_carla": [
        [
          0.5855230689048767,
          0.8106557726860046,
          -1.0932282748399302e-05,
          103.7115707397461
        ],
        [
          -0.8106557726860046,
          0.5855230689048767,
          -2.4954340915428475e-05,
          -38.76457595825195
        ],
        [
          -1.3828276678395923e-05,
          2.34736598940799e-05,
          1.0,
          1.695471167564392
        ],
        [
          0.0,
          0.0,
          0.0,
          1.0
        ]
      ],
      "matrix_world_from_sensor_bevfusion": [
        [
          0.8106557726860046,
          1.0932282748399302e-05,
          0.5855230689048767,
          103.7115707397461
        ],
        [
          -0.5855230689048767,
          -2.4954340915428475e-05,
          0.8106557726860046,
          38.76457595825195
        ],
        [
          2.34736598940799e-05,
          -1.0,
          -1.3828276678395923e-05,
          1.695471167564392
        ],
        [
          0.0,
          0.0,
          0.0,
          1.0
        ]
      ],
      "matrix_ego_from_sensor_carla": [
        [
          0.5735766291618347,
          -0.8191519379615784,
          -1.964872353710234e-08,
          1.300002932548523
        ],
        [
          0.8191518783569336,
          0.5735766887664795,
          -5.955598680884577e-09,
          0.5499954223632812
        ],
        [
          1.614807842997834e-08,
          -1.267835614271462e-08,
          1.0,
          1.700000286102295
        ],
        [
          0.0,
          0.0,
          0.0,
          1.0
        ]
      ],
      "matrix_ego_from_sensor_bevfusion": [
        [
          -0.8191519379615784,
          1.964872353710234e-08,
          0.5735766291618347,
          1.300002932548523
        ],
        [
          -0.5735766887664795,
          -5.955598680884577e-09,
          -0.8191518783569336,
          -0.5499954223632812
        ],
        [
          -1.267835614271462e-08,
          -1.0,
          1.614807842997834e-08,
          1.700000286102295
        ],
        [
          0.0,
          0.0,
          0.0,
          1.0
        ]
      ],
      "camera_intrinsics": [
        [
          685.5110473632812,
          0.0,
          480.0
        ],
        [
          0.0,
          685.5110473632812,
          270.0
        ],
        [
          0.0,
          0.0,
          1.0
        ]
      ],
      "data_path": "D:\\Agent-AI\\outputs\\s3a_ml_long_v1\\sample_000057\\images\\CAM_FRONT_RIGHT.png",
      "raw_layout": "bgra8"
    },
    "CAM_FRONT_LEFT": {
      "type_id": "sensor.camera.rgb",
      "blueprint_attributes": {
        "role_name": "front",
        "ros_name": "sensor.camera.rgb",
        "chromatic_aberration_offset": "0.0",
        "sensor_tick": "0.100000",
        "fstop": "1.4",
        "image_size_x": "960",
        "image_size_y": "540",
        "fov": "70.00",
        "lens_circle_falloff": "5.0",
        "lens_circle_multiplier": "0.0",
        "exposure_compensation": "0.0",
        "lens_y_size": "0.08",
        "lens_k": "-1.0",
        "exposure_mode": "histogram",
        "lens_kcube": "0.0",
        "lens_x_size": "0.08",
        "exposure_max_bright": "12.0",
        "shutter_speed": "200.0",
        "bloom_intensity": "0.675",
        "iso": "100.0",
        "enable_postprocess_effects": "false",
        "gamma": "2.2",
        "motion_blur_intensity": "0.0",
        "motion_blur_max_distortion": "0.35",
        "lens_flare_intensity": "0.1",
        "motion_blur_min_object_screen_size": "0.1",
        "exposure_min_bright": "10.0",
        "exposure_speed_up": "3.0",
        "exposure_speed_down": "1.0",
        "tint": "0.0",
        "calibration_constant": "16.0",
        "focal_distance": "1000.0",
        "min_fstop": "1.2",
        "blade_count": "5",
        "blur_amount": "0.0",
        "blur_radius": "0.0",
        "slope": "0.88",
        "toe": "0.55",
        "white_clip": "0.04",
        "shoulder": "0.26",
        "black_clip": "0.0",
        "temp": "6500.0",
        "chromatic_aberration_intensity": "0.0"
      },
      "transform_carla": {
        "location": {
          "x": 102.6725082397461,
          "y": -38.40354537963867,
          "z": 1.6954686641693115
        },
        "rotation": {
          "roll": 0.0012049085926264524,
          "pitch": -0.0009972075931727886,
          "yaw": -164.16001892089844
        }
      },
      "matrix_world_from_sensor_carla": [
        [
          -0.9620277285575867,
          0.2729516327381134,
          -1.1003596227965318e-05,
          102.6725082397461
        ],
        [
          -0.2729516327381134,
          -0.9620277285575867,
          -2.4981682145153172e-05,
          -38.40354537963867
        ],
        [
          -1.7404556274414062e-05,
          -2.1029622075730003e-05,
          1.0,
          1.6954686641693115
        ],
        [
          0.0,
          0.0,
          0.0,
          1.0
        ]
      ],
      "matrix_world_from_sensor_bevfusion": [
        [
          0.2729516327381134,
          1.1003596227965318e-05,
          -0.9620277285575867,
          102.6725082397461
        ],
        [
          0.9620277285575867,
          -2.4981682145153172e-05,
          0.2729516327381134,
          38.40354537963867
        ],
        [
          -2.1029622075730003e-05,
          -1.0,
          -1.7404556274414062e-05,
          1.6954686641693115
        ],
        [
          0.0,
          0.0,
          0.0,
          1.0
        ]
      ],
      "matrix_ego_from_sensor_carla": [
        [
          0.5735766887664795,
          0.8191518187522888,
          2.958404365926981e-08,
          1.3000015020370483
        ],
        [
          -0.8191518187522888,
          0.5735766887664795,
          -6.434470378735568e-08,
          -0.5500030517578125
        ],
        [
          -6.967820809222758e-08,
          1.2672899174503982e-08,
          1.0,
          1.7000000476837158
        ],
        [
          0.0,
          0.0,
          0.0,
          1.0
        ]
      ],
      "matrix_ego_from_sensor_bevfusion": [
        [
          0.8191518187522888,
          -2.958404365926981e-08,
          0.5735766887664795,
          1.3000015020370483
        ],
        [
          -0.5735766887664795,
          -6.434470378735568e-08,
          0.8191518187522888,
          0.5500030517578125
        ],
        [
          1.2672899174503982e-08,
          -1.0,
          -6.967820809222758e-08,
          1.7000000476837158
        ],
        [
          0.0,
          0.0,
          0.0,
          1.0
        ]
      ],
      "camera_intrinsics": [
        [
          685.5110473632812,
          0.0,
          480.0
        ],
        [
          0.0,
          685.5110473632812,
          270.0
        ],
        [
          0.0,
          0.0,
          1.0
        ]
      ],
      "data_path": "D:\\Agent-AI\\outputs\\s3a_ml_long_v1\\sample_000057\\images\\CAM_FRONT_LEFT.png",
      "raw_layout": "bgra8"
    },
    "CAM_BACK": {
      "type_id": "sensor.camera.rgb",
      "blueprint_attributes": {
        "role_name": "front",
        "ros_name": "sensor.camera.rgb",
        "chromatic_aberration_offset": "0.0",
        "sensor_tick": "0.100000",
        "fstop": "1.4",
        "image_size_x": "960",
        "image_size_y": "540",
        "fov": "70.00",
        "lens_circle_falloff": "5.0",
        "lens_circle_multiplier": "0.0",
        "exposure_compensation": "0.0",
        "lens_y_size": "0.08",
        "lens_k": "-1.0",
        "exposure_mode": "histogram",
        "lens_kcube": "0.0",
        "lens_x_size": "0.08",
        "exposure_max_bright": "12.0",
        "shutter_speed": "200.0",
        "bloom_intensity": "0.675",
        "iso": "100.0",
        "enable_postprocess_effects": "false",
        "gamma": "2.2",
        "motion_blur_intensity": "0.0",
        "motion_blur_max_distortion": "0.35",
        "lens_flare_intensity": "0.1",
        "motion_blur_min_object_screen_size": "0.1",
        "exposure_min_bright": "10.0",
        "exposure_speed_up": "3.0",
        "exposure_speed_down": "1.0",
        "tint": "0.0",
        "calibration_constant": "16.0",
        "focal_distance": "1000.0",
        "min_fstop": "1.2",
        "blade_count": "5",
        "blur_amount": "0.0",
        "blur_radius": "0.0",
        "slope": "0.88",
        "toe": "0.55",
        "white_clip": "0.04",
        "shoulder": "0.26",
        "black_clip": "0.0",
        "temp": "6500.0",
        "chromatic_aberration_intensity": "0.0"
      },
      "transform_carla": {
        "location": {
          "x": 104.12742614746094,
          "y": -35.89193344116211,
          "z": 1.695547103881836
        },
        "rotation": {
          "roll": 0.00012207076360937208,
          "pitch": 0.001557283103466034,
          "yaw": 70.8399658203125
        }
      },
      "matrix_world_from_sensor_carla": [
        [
          0.3282078802585602,
          -0.9446055293083191,
          -1.0933114936051425e-05,
          104.12742614746094
        ],
        [
          0.9446055293083191,
          0.3282078802585602,
          -2.4974851839942858e-05,
          -35.89193344116211
        ],
        [
          2.7179718017578125e-05,
          -2.130536813638173e-06,
          1.0,
          1.695547103881836
        ],
        [
          0.0,
          0.0,
          0.0,
          1.0
        ]
      ],
      "matrix_world_from_sensor_bevfusion": [
        [
          -0.9446055293083191,
          1.0933114936051425e-05,
          0.3282078802585602,
          104.12742614746094
        ],
        [
          -0.3282078802585602,
          -2.4974851839942858e-05,
          -0.9446055293083191,
          35.89193344116211
        ],
        [
          -2.130536813638173e-06,
          -1.0,
          2.7179718017578125e-05,
          1.695547103881836
        ],
        [
          0.0,
          0.0,
          0.0,
          1.0
        ]
      ],
      "matrix_ego_from_sensor_carla": [
        [
          -1.0,
          -3.4713270480324354e-08,
          0.0,
          -1.5499972105026245
        ],
        [
          2.3240493973730736e-08,
          -1.0,
          -9.549694368615746e-12,
          -7.62939453125e-06
        ],
        [
          0.0,
          -8.86757334228605e-12,
          1.0,
          1.6999999284744263
        ],
        [
          0.0,
          0.0,
          0.0,
          1.0
        ]
      ],
      "matrix_ego_from_sensor_bevfusion": [
        [
          -3.4713270480324354e-08,
          0.0,
          -1.0,
          -1.5499972105026245
        ],
        [
          1.0,
          -9.549694368615746e-12,
          -2.3240493973730736e-08,
          7.62939453125e-06
        ],
        [
          -8.86757334228605e-12,
          -1.0,
          0.0,
          1.6999999284744263
        ],
        [
          0.0,
          0.0,
          0.0,
          1.0
        ]
      ],
      "camera_intrinsics": [
        [
          685.5110473632812,
          0.0,
          480.0
        ],
        [
          0.0,
          685.5110473632812,
          270.0
        ],
        [
          0.0,
          0.0,
          1.0
        ]
      ],
      "data_path": "D:\\Agent-AI\\outputs\\s3a_ml_long_v1\\sample_000057\\images\\CAM_BACK.png",
      "raw_layout": "bgra8"
    },
    "CAM_BACK_LEFT": {
      "type_id": "sensor.camera.rgb",
      "blueprint_attributes": {
        "role_name": "front",
        "ros_name": "sensor.camera.rgb",
        "chromatic_aberration_offset": "0.0",
        "sensor_tick": "0.100000",
        "fstop": "1.4",
        "image_size_x": "960",
        "image_size_y": "540",
        "fov": "70.00",
        "lens_circle_falloff": "5.0",
        "lens_circle_multiplier": "0.0",
        "exposure_compensation": "0.0",
        "lens_y_size": "0.08",
        "lens_k": "-1.0",
        "exposure_mode": "histogram",
        "lens_kcube": "0.0",
        "lens_x_size": "0.08",
        "exposure_max_bright": "12.0",
        "shutter_speed": "200.0",
        "bloom_intensity": "0.675",
        "iso": "100.0",
        "enable_postprocess_effects": "false",
        "gamma": "2.2",
        "motion_blur_intensity": "0.0",
        "motion_blur_max_distortion": "0.35",
        "lens_flare_intensity": "0.1",
        "motion_blur_min_object_screen_size": "0.1",
        "exposure_min_bright": "10.0",
        "exposure_speed_up": "3.0",
        "exposure_speed_down": "1.0",
        "tint": "0.0",
        "calibration_constant": "16.0",
        "focal_distance": "1000.0",
        "min_fstop": "1.2",
        "blade_count": "5",
        "blur_amount": "0.0",
        "blur_radius": "0.0",
        "slope": "0.88",
        "toe": "0.55",
        "white_clip": "0.04",
        "shoulder": "0.26",
        "black_clip": "0.0",
        "temp": "6500.0",
        "chromatic_aberration_intensity": "0.0"
      },
      "transform_carla": {
        "location": {
          "x": 103.52584838867188,
          "y": -35.94757080078125,
          "z": 1.6955392360687256
        },
        "rotation": {
          "roll": 0.0013449417892843485,
          "pitch": 0.0007923019002191722,
          "yaw": 125.8399429321289
        }
      },
      "matrix_world_from_sensor_carla": [
        [
          -0.5855228900909424,
          -0.8106558918952942,
          -1.0932290024356917e-05,
          103.52584838867188
        ],
        [
          0.8106558918952942,
          -0.5855228900909424,
          -2.4954340915428475e-05,
          -35.94757080078125
        ],
        [
          1.3828276678395923e-05,
          -2.3473661713069305e-05,
          1.0,
          1.6955392360687256
        ],
        [
          0.0,
          0.0,
          0.0,
          1.0
        ]
      ],
      "matrix_world_from_sensor_bevfusion": [
        [
          -0.8106558918952942,
          1.0932290024356917e-05,
          -0.5855228900909424,
          103.52584838867188
        ],
        [
          0.5855228900909424,
          -2.4954340915428475e-05,
          -0.8106558918952942,
          35.94757080078125
        ],
        [
          -2.3473661713069305e-05,
          -1.0,
          1.3828276678395923e-05,
          1.6955392360687256
        ],
        [
          0.0,
          0.0,
          0.0,
          1.0
        ]
      ],
      "matrix_ego_from_sensor_carla": [
        [
          -0.573576807975769,
          0.8191518187522888,
          -1.9646904547698796e-08,
          -1.300000786781311
        ],
        [
          -0.8191518187522888,
          -0.5735768675804138,
          -5.961965143796988e-09,
          -0.5500030517578125
        ],
        [
          -1.615353539818898e-08,
          1.2674718163907528e-08,
          1.0,
          1.6999999284744263
        ],
        [
          0.0,
          0.0,
          0.0,
          1.0
        ]
      ],
      "matrix_ego_from_sensor_bevfusion": [
        [
          0.8191518187522888,
          1.9646904547698796e-08,
          -0.573576807975769,
          -1.300000786781311
        ],
        [
          0.5735768675804138,
          -5.961965143796988e-09,
          0.8191518187522888,
          0.5500030517578125
        ],
        [
          1.2674718163907528e-08,
          -1.0,
          -1.615353539818898e-08,
          1.6999999284744263
        ],
        [
          0.0,
          0.0,
          0.0,
          1.0
        ]
      ],
      "camera_intrinsics": [
        [
          685.5110473632812,
          0.0,
          480.0
        ],
        [
          0.0,
          685.5110473632812,
          270.0
        ],
        [
          0.0,
          0.0,
          1.0
        ]
      ],
      "data_path": "D:\\Agent-AI\\outputs\\s3a_ml_long_v1\\sample_000057\\images\\CAM_BACK_LEFT.png",
      "raw_layout": "bgra8"
    },
    "CAM_BACK_RIGHT": {
      "type_id": "sensor.camera.rgb",
      "blueprint_attributes": {
        "role_name": "front",
        "ros_name": "sensor.camera.rgb",
        "chromatic_aberration_offset": "0.0",
        "sensor_tick": "0.100000",
        "fstop": "1.4",
        "image_size_x": "960",
        "image_size_y": "540",
        "fov": "70.00",
        "lens_circle_falloff": "5.0",
        "lens_circle_multiplier": "0.0",
        "exposure_compensation": "0.0",
        "lens_y_size": "0.08",
        "lens_k": "-1.0",
        "exposure_mode": "histogram",
        "lens_kcube": "0.0",
        "lens_x_size": "0.08",
        "exposure_max_bright": "12.0",
        "shutter_speed": "200.0",
        "bloom_intensity": "0.675",
        "iso": "100.0",
        "enable_postprocess_effects": "false",
        "gamma": "2.2",
        "motion_blur_intensity": "0.0",
        "motion_blur_max_distortion": "0.35",
        "lens_flare_intensity": "0.1",
        "motion_blur_min_object_screen_size": "0.1",
        "exposure_min_bright": "10.0",
        "exposure_speed_up": "3.0",
        "exposure_speed_down": "1.0",
        "tint": "0.0",
        "calibration_constant": "16.0",
        "focal_distance": "1000.0",
        "min_fstop": "1.2",
        "blade_count": "5",
        "blur_amount": "0.0",
        "blur_radius": "0.0",
        "slope": "0.88",
        "toe": "0.55",
        "white_clip": "0.04",
        "shoulder": "0.26",
        "black_clip": "0.0",
        "temp": "6500.0",
        "chromatic_aberration_intensity": "0.0"
      },
      "transform_carla": {
        "location": {
          "x": 104.56491088867188,
          "y": -36.308597564697266,
          "z": 1.6955416202545166
        },
        "rotation": {
          "roll": -0.0012049085926264524,
          "pitch": 0.0009972075931727886,
          "yaw": 15.839972496032715
        }
      },
      "matrix_world_from_sensor_carla": [
        [
          0.9620277881622314,
          -0.2729514539241791,
          -1.1003600775438827e-05,
          104.56491088867188
        ],
        [
          0.2729514539241791,
          0.9620277881622314,
          -2.498168032616377e-05,
          -36.308597564697266
        ],
        [
          1.7404556274414062e-05,
          2.1029622075730003e-05,
          1.0,
          1.6955416202545166
        ],
        [
          0.0,
          0.0,
          0.0,
          1.0
        ]
      ],
      "matrix_world_from_sensor_bevfusion": [
        [
          -0.2729514539241791,
          1.1003600775438827e-05,
          0.9620277881622314,
          104.56491088867188
        ],
        [
          -0.9620277881622314,
          -2.498168032616377e-05,
          -0.2729514539241791,
          36.308597564697266
        ],
        [
          2.1029622075730003e-05,
          -1.0,
          1.7404556274414062e-05,
          1.6955416202545166
        ],
        [
          0.0,
          0.0,
          0.0,
          1.0
        ]
      ],
      "matrix_ego_from_sensor_carla": [
        [
          -0.5735765099525452,
          -0.8191519379615784,
          2.958404365926981e-08,
          -1.2999991178512573
        ],
        [
          0.8191519379615784,
          -0.5735765099525452,
          -6.434970600821543e-08,
          0.54998779296875
        ],
        [
          6.968184607103467e-08,
          -1.2676537153311074e-08,
          1.0,
          1.7000000476837158
        ],
        [
          0.0,
          0.0,
          0.0,
          1.0
        ]
      ],
      "matrix_ego_from_sensor_bevfusion": [
        [
          -0.8191519379615784,
          -2.958404365926981e-08,
          -0.5735765099525452,
          -1.2999991178512573
        ],
        [
          0.5735765099525452,
          -6.434970600821543e-08,
          -0.8191519379615784,
          -0.54998779296875
        ],
        [
          -1.2676537153311074e-08,
          -1.0,
          6.968184607103467e-08,
          1.7000000476837158
        ],
        [
          0.0,
          0.0,
          0.0,
          1.0
        ]
      ],
      "camera_intrinsics": [
        [
          685.5110473632812,
          0.0,
          480.0
        ],
        [
          0.0,
          685.5110473632812,
          270.0
        ],
        [
          0.0,
          0.0,
          1.0
        ]
      ],
      "data_path": "D:\\Agent-AI\\outputs\\s3a_ml_long_v1\\sample_000057\\images\\CAM_BACK_RIGHT.png",
      "raw_layout": "bgra8"
    },
    "LIDAR_TOP": {
      "type_id": "sensor.lidar.ray_cast",
      "blueprint_attributes": {
        "atmosphere_attenuation_rate": "0.004",
        "role_name": "front",
        "noise_seed": "0",
        "upper_fov": "10.0",
        "ros_name": "sensor.lidar.ray_cast",
        "sensor_tick": "0.100000",
        "channels": "32",
        "range": "120.0",
        "points_per_second": "360000",
        "lower_fov": "-30.0",
        "rotation_frequency": "10.000000",
        "horizontal_fov": "360.0",
        "dropoff_general_rate": "0.0",
        "dropoff_intensity_limit": "1.0",
        "noise_stddev": "0.0",
        "dropoff_zero_intensity": "0.0"
      },
      "transform_carla": {
        "location": {
          "x": 103.61870574951172,
          "y": -37.356082916259766,
          "z": 2.195504903793335
        },
        "rotation": {
          "roll": -0.00012207029067212716,
          "pitch": -0.001557283103466034,
          "yaw": -109.1600341796875
        }
      },
      "matrix_world_from_sensor_carla": [
        [
          -0.3282078504562378,
          0.9446055293083191,
          -1.0933105841104407e-05,
          103.61870574951172
        ],
        [
          -0.9446055293083191,
          -0.3282078504562378,
          -2.4974855477921665e-05,
          -37.356082916259766
        ],
        [
          -2.7179718017578125e-05,
          2.1305284008121816e-06,
          1.0,
          2.195504903793335
        ],
        [
          0.0,
          0.0,
          0.0,
          1.0
        ]
      ],
      "matrix_world_from_sensor_bevfusion": [
        [
          -0.3282078504562378,
          -0.9446055293083191,
          -1.0933105841104407e-05,
          103.61870574951172
        ],
        [
          0.9446055293083191,
          -0.3282078504562378,
          2.4974855477921665e-05,
          37.356082916259766
        ],
        [
          -2.7179718017578125e-05,
          -2.1305284008121816e-06,
          1.0,
          2.195504903793335
        ],
        [
          0.0,
          0.0,
          0.0,
          1.0
        ]
      ],
      "matrix_ego_from_sensor_carla": [
        [
          1.0,
          6.5618288580537865e-09,
          0.0,
          -1.6689300537109375e-06
        ],
        [
          6.5618288580537865e-09,
          1.0,
          -2.2737367544323206e-13,
          0.0
        ],
        [
          0.0,
          -4.547473508864641e-13,
          1.0,
          2.1999998092651367
        ],
        [
          0.0,
          0.0,
          0.0,
          1.0
        ]
      ],
      "matrix_ego_from_sensor_bevfusion": [
        [
          1.0,
          -6.5618288580537865e-09,
          0.0,
          -1.6689300537109375e-06
        ],
        [
          -6.5618288580537865e-09,
          1.0,
          2.2737367544323206e-13,
          0.0
        ],
        [
          0.0,
          4.547473508864641e-13,
          1.0,
          2.1999998092651367
        ],
        [
          0.0,
          0.0,
          0.0,
          1.0
        ]
      ],
      "data_path": "D:\\Agent-AI\\outputs\\s3a_ml_long_v1\\sample_000057\\lidar\\LIDAR_TOP.npy",
      "raw_layout": [
        "x",
        "y",
        "z",
        "intensity"
      ]
    },
    "RADAR_FRONT": {
      "type_id": "sensor.other.radar",
      "blueprint_attributes": {
        "sensor_tick": "0.100000",
        "role_name": "default",
        "noise_seed": "0",
        "ros_name": "sensor.other.radar",
        "horizontal_fov": "35.0",
        "points_per_second": "1500",
        "vertical_fov": "20.0",
        "range": "120.0"
      },
      "transform_carla": {
        "location": {
          "x": 102.9623031616211,
          "y": -39.245262145996094,
          "z": 0.8954508304595947
        },
        "rotation": {
          "roll": -0.00012207029067212716,
          "pitch": -0.001557283103466034,
          "yaw": -109.1600341796875
        }
      },
      "matrix_world_from_sensor_carla": [
        [
          -0.3282078504562378,
          0.9446055293083191,
          -1.0933105841104407e-05,
          102.9623031616211
        ],
        [
          -0.9446055293083191,
          -0.3282078504562378,
          -2.4974855477921665e-05,
          -39.245262145996094
        ],
        [
          -2.7179718017578125e-05,
          2.1305284008121816e-06,
          1.0,
          0.8954508304595947
        ],
        [
          0.0,
          0.0,
          0.0,
          1.0
        ]
      ],
      "matrix_world_from_sensor_bevfusion": [
        [
          -0.3282078504562378,
          -0.9446055293083191,
          -1.0933105841104407e-05,
          102.9623031616211
        ],
        [
          0.9446055293083191,
          -0.3282078504562378,
          2.4974855477921665e-05,
          39.245262145996094
        ],
        [
          -2.7179718017578125e-05,
          -2.1305284008121816e-06,
          1.0,
          0.8954508304595947
        ],
        [
          0.0,
          0.0,
          0.0,
          1.0
        ]
      ],
      "matrix_ego_from_sensor_carla": [
        [
          1.0,
          6.5618288580537865e-09,
          0.0,
          1.9999979734420776
        ],
        [
          6.5618288580537865e-09,
          1.0,
          -2.2737367544323206e-13,
          -7.62939453125e-06
        ],
        [
          0.0,
          -4.547473508864641e-13,
          1.0,
          0.9000000357627869
        ],
        [
          0.0,
          0.0,
          0.0,
          1.0
        ]
      ],
      "matrix_ego_from_sensor_bevfusion": [
        [
          1.0,
          -6.5618288580537865e-09,
          0.0,
          1.9999979734420776
        ],
        [
          -6.5618288580537865e-09,
          1.0,
          2.2737367544323206e-13,
          7.62939453125e-06
        ],
        [
          0.0,
          4.547473508864641e-13,
          1.0,
          0.9000000357627869
        ],
        [
          0.0,
          0.0,
          0.0,
          1.0
        ]
      ],
      "data_path": "D:\\Agent-AI\\outputs\\s3a_ml_long_v1\\sample_000057\\radar\\RADAR_FRONT.npy",
      "raw_layout": [
        "velocity",
        "altitude",
        "azimuth",
        "depth"
      ]
    },
    "RADAR_FRONT_LEFT": {
      "type_id": "sensor.other.radar",
      "blueprint_attributes": {
        "sensor_tick": "0.100000",
        "role_name": "default",
        "noise_seed": "0",
        "ros_name": "sensor.other.radar",
        "horizontal_fov": "35.0",
        "points_per_second": "1500",
        "vertical_fov": "20.0",
        "range": "120.0"
      },
      "transform_carla": {
        "location": {
          "x": 102.36872100830078,
          "y": -38.668495178222656,
          "z": 0.8954586386680603
        },
        "rotation": {
          "roll": 0.0010142216924577951,
          "pitch": -0.001188452821224928,
          "yaw": -154.16004943847656
        }
      },
      "matrix_world_from_sensor_carla": [
        [
          -0.9000150561332703,
          0.4358587861061096,
          -1.0953126547974534e-05,
          102.36872100830078
        ],
        [
          -0.4358587861061096,
          -0.9000150561332703,
          -2.4972388928290457e-05,
          -38.668495178222656
        ],
        [
          -2.0742414562846534e-05,
          -1.7701508113532327e-05,
          1.0,
          0.8954586386680603
        ],
        [
          0.0,
          0.0,
          0.0,
          1.0
        ]
      ],
      "matrix_world_from_sensor_bevfusion": [
        [
          -0.9000150561332703,
          -0.4358587861061096,
          -1.0953126547974534e-05,
          102.36872100830078
        ],
        [
          0.4358587861061096,
          -0.9000150561332703,
          2.4972388928290457e-05,
          38.668495178222656
        ],
        [
          -2.0742414562846534e-05,
          1.7701508113532327e-05,
          1.0,
          0.8954586386680603
        ],
        [
          0.0,
          0.0,
          0.0,
          1.0
        ]
      ],
      "matrix_ego_from_sensor_carla": [
        [
          0.7071066498756409,
          0.7071069478988647,
          4.2400642996653914e-09,
          1.6500009298324585
        ],
        [
          -0.7071069478988647,
          0.7071066498756409,
          -1.9720800992217846e-08,
          -0.75
        ],
        [
          -1.6943886294029653e-08,
          1.094849721994251e-08,
          1.0,
          0.8999999165534973
        ],
        [
          0.0,
          0.0,
          0.0,
          1.0
        ]
      ],
      "matrix_ego_from_sensor_bevfusion": [
        [
          0.7071066498756409,
          -0.7071069478988647,
          4.2400642996653914e-09,
          1.6500009298324585
        ],
        [
          0.7071069478988647,
          0.7071066498756409,
          1.9720800992217846e-08,
          0.75
        ],
        [
          -1.6943886294029653e-08,
          -1.094849721994251e-08,
          1.0,
          0.8999999165534973
        ],
        [
          0.0,
          0.0,
          0.0,
          1.0
        ]
      ],
      "data_path": "D:\\Agent-AI\\outputs\\s3a_ml_long_v1\\sample_000057\\radar\\RADAR_FRONT_LEFT.npy",
      "raw_layout": [
        "velocity",
        "altitude",
        "azimuth",
        "depth"
      ]
    },
    "RADAR_FRONT_RIGHT": {
      "type_id": "sensor.other.radar",
      "blueprint_attributes": {
        "sensor_tick": "0.100000",
        "role_name": "default",
        "noise_seed": "0",
        "ros_name": "sensor.other.radar",
        "horizontal_fov": "35.0",
        "points_per_second": "1500",
        "vertical_fov": "20.0",
        "range": "120.0"
      },
      "transform_carla": {
        "location": {
          "x": 103.78562927246094,
          "y": -39.16080856323242,
          "z": 0.895461916923523
        },
        "rotation": {
          "roll": -0.0011868550209328532,
          "pitch": -0.001017698086798191,
          "yaw": -64.1600570678711
        }
      },
