{
  "schema_version": "stage1.v1",
  "sample_name": "sample_000031",
  "sequence_index": 31,
  "previous_sample_name": "sample_000030",
  "frame_id": 60032,
  "timestamp": 438.1197007969022,
  "platform_timestamp": 16814575.1469439,
  "delta_seconds": 0.10000000149011612,
  "town": "Carla/Maps/Town10HD_Opt",
  "weather": {
    "cloudiness": 20.0,
    "dust_storm": 0.0,
    "fog_density": 2.0,
    "fog_distance": 0.75,
    "fog_falloff": 0.10000000149011612,
    "mie_scattering_scale": 0.029999999329447746,
    "precipitation": 0.0,
    "precipitation_deposits": 0.0,
    "rayleigh_scattering_scale": 0.03310000151395798,
    "scattering_intensity": 1.0,
    "sun_altitude_angle": 45.0,
    "sun_azimuth_angle": 300.0,
    "wetness": 0.0,
    "wind_intensity": 10.0
  },
  "sensor_names": [
    "CAM_FRONT",
    "CAM_FRONT_RIGHT",
    "CAM_FRONT_LEFT",
    "CAM_BACK",
    "CAM_BACK_LEFT",
    "CAM_BACK_RIGHT",
    "LIDAR_TOP",
    "RADAR_FRONT",
    "RADAR_FRONT_LEFT",
    "RADAR_FRONT_RIGHT",
    "RADAR_BACK_LEFT",
    "RADAR_BACK_RIGHT"
  ],
  "camera_order_for_model": [
    "CAM_FRONT",
    "CAM_FRONT_RIGHT",
    "CAM_FRONT_LEFT",
    "CAM_BACK",
    "CAM_BACK_LEFT",
    "CAM_BACK_RIGHT"
  ],
  "radar_order_for_model": [
    "RADAR_FRONT",
    "RADAR_FRONT_LEFT",
    "RADAR_FRONT_RIGHT",
    "RADAR_BACK_LEFT",
    "RADAR_BACK_RIGHT"
  ],
  "coordinate_notes": {
    "carla_world": "left-handed x-forward y-right z-up",
    "bevfusion_lidar": "x-forward y-left z-up",
    "camera_frame_for_model": "OpenCV style x-right y-down z-forward"
  },
  "ego": {
    "actor_id": 28,
    "transform_carla": {
      "location": {
        "x": 101.34529113769531,
        "y": -42.56004333496094,
        "z": -0.004873084835708141
      },
      "rotation": {
        "roll": 0.5254723429679871,
        "pitch": 0.14283974468708038,
        "yaw": -117.24761199951172
      }
    },
    "velocity_carla": [
      -3.9477388858795166,
      -7.401453018188477,
      8.26168034109287e-05
    ],
    "angular_velocity_carla": [
      -0.7744699716567993,
      -0.7174313068389893,
      -7.755692005157471
    ],
    "matrix_world_from_ego_carla": [
      [
        -0.45783546566963196,
        0.8889882564544678,
        0.009294782765209675,
        101.34529113769531
      ],
      [
        -0.8890334367752075,
        -0.4578379690647125,
        -0.001982572255656123,
        -42.56004333496094
      ],
      [
        0.002493021311238408,
        -0.00917106494307518,
        0.9999548196792603,
        -0.004873084835708141
      ],
      [
        0.0,
        0.0,
        0.0,
        1.0
      ]
    ],
    "matrix_world_from_ego_bevfusion": [
      [
        -0.45783546566963196,
        -0.8889882564544678,
        0.009294782765209675,
        101.34529113769531
      ],
      [
        0.8890334367752075,
        -0.4578379690647125,
        0.001982572255656123,
        42.56004333496094
      ],
      [
        0.002493021311238408,
        0.00917106494307518,
        0.9999548196792603,
        -0.004873084835708141
      ],
      [
        0.0,
        0.0,
        0.0,
        1.0
      ]
    ]
  },
  "sensors": {
    "CAM_FRONT": {
      "type_id": "sensor.camera.rgb",
      "blueprint_attributes": {
        "role_name": "front",
        "ros_name": "sensor.camera.rgb",
        "chromatic_aberration_offset": "0.0",
        "sensor_tick": "0.100000",
        "fstop": "1.4",
        "image_size_x": "960",
        "image_size_y": "540",
        "fov": "70.00",
        "lens_circle_falloff": "5.0",
        "lens_circle_multiplier": "0.0",
        "exposure_compensation": "0.0",
        "lens_y_size": "0.08",
        "lens_k": "-1.0",
        "exposure_mode": "histogram",
        "lens_kcube": "0.0",
        "lens_x_size": "0.08",
        "exposure_max_bright": "12.0",
        "shutter_speed": "200.0",
        "bloom_intensity": "0.675",
        "iso": "100.0",
        "enable_postprocess_effects": "false",
        "gamma": "2.2",
        "motion_blur_intensity": "0.0",
        "motion_blur_max_distortion": "0.35",
        "lens_flare_intensity": "0.1",
        "motion_blur_min_object_screen_size": "0.1",
        "exposure_min_bright": "10.0",
        "exposure_speed_up": "3.0",
        "exposure_speed_down": "1.0",
        "tint": "0.0",
        "calibration_constant": "16.0",
        "focal_distance": "1000.0",
        "min_fstop": "1.2",
        "blade_count": "5",
        "blur_amount": "0.0",
        "blur_radius": "0.0",
        "slope": "0.88",
        "toe": "0.55",
        "white_clip": "0.04",
        "shoulder": "0.26",
        "black_clip": "0.0",
        "temp": "6500.0",
        "chromatic_aberration_intensity": "0.0"
      },
      "transform_carla": {
        "location": {
          "x": 100.65144348144531,
          "y": -43.94141387939453,
          "z": 1.6989144086837769
        },
        "rotation": {
          "roll": 0.5254723429679871,
          "pitch": 0.14283974468708038,
          "yaw": -117.24761199951172
        }
      },
      "matrix_world_from_sensor_carla": [
        [
          -0.45783546566963196,
          0.8889882564544678,
          0.009294782765209675,
          100.65144348144531
        ],
        [
          -0.8890334367752075,
          -0.4578379690647125,
          -0.001982572255656123,
          -43.94141387939453
        ],
        [
          0.002493021311238408,
          -0.00917106494307518,
          0.9999548196792603,
          1.6989144086837769
        ],
        [
          0.0,
          0.0,
          0.0,
          1.0
        ]
      ],
      "matrix_world_from_sensor_bevfusion": [
        [
          0.8889882564544678,
          -0.009294782765209675,
          -0.45783546566963196,
          100.65144348144531
        ],
        [
          0.4578379690647125,
          -0.001982572255656123,
          0.8890334367752075,
          43.94141387939453
        ],
        [
          -0.00917106494307518,
          -0.9999548196792603,
          0.002493021311238408,
          1.6989144086837769
        ],
        [
          0.0,
          0.0,
          0.0,
          1.0
        ]
      ],
      "matrix_ego_from_sensor_carla": [
        [
          1.0,
          -6.792477691419663e-09,
          2.8735971935311966e-10,
          1.549999713897705
        ],
        [
          -1.0101722125455126e-08,
          1.0,
          -8.684797325742011e-11,
          -7.62939453125e-06
        ],
        [
          -2.9705918280775734e-11,
          2.9779445576139096e-10,
          1.0,
          1.7000001668930054
        ],
        [
          0.0,
          0.0,
          0.0,
          1.0
        ]
      ],
      "matrix_ego_from_sensor_bevfusion": [
        [
          -6.792477691419663e-09,
          -2.8735971935311966e-10,
          1.0,
          1.549999713897705
        ],
        [
          -1.0,
          -8.684797325742011e-11,
          1.0101722125455126e-08,
          7.62939453125e-06
        ],
        [
          2.9779445576139096e-10,
          -1.0,
          -2.9705918280775734e-11,
          1.7000001668930054
        ],
        [
          0.0,
          0.0,
          0.0,
          1.0
        ]
      ],
      "camera_intrinsics": [
        [
          685.5110473632812,
          0.0,
          480.0
        ],
        [
          0.0,
          685.5110473632812,
          270.0
        ],
        [
          0.0,
          0.0,
          1.0
        ]
      ],
      "data_path": "D:\\Agent-AI\\outputs\\s3a_ml_long_v2\\sample_000031\\images\\CAM_FRONT.png",
      "raw_layout": "bgra8"
    },
    "CAM_FRONT_RIGHT": {
      "type_id": "sensor.camera.rgb",
      "blueprint_attributes": {
        "role_name": "front",
        "ros_name": "sensor.camera.rgb",
        "chromatic_aberration_offset": "0.0",
        "sensor_tick": "0.100000",
        "fstop": "1.4",
        "image_size_x": "960",
        "image_size_y": "540",
        "fov": "70.00",
        "lens_circle_falloff": "5.0",
        "lens_circle_multiplier": "0.0",
        "exposure_compensation": "0.0",
        "lens_y_size": "0.08",
        "lens_k": "-1.0",
        "exposure_mode": "histogram",
        "lens_kcube": "0.0",
        "lens_x_size": "0.08",
        "exposure_max_bright": "12.0",
        "shutter_speed": "200.0",
        "bloom_intensity": "0.675",
        "iso": "100.0",
        "enable_postprocess_effects": "false",
        "gamma": "2.2",
        "motion_blur_intensity": "0.0",
        "motion_blur_max_distortion": "0.35",
        "lens_flare_intensity": "0.1",
        "motion_blur_min_object_screen_size": "0.1",
        "exposure_min_bright": "10.0",
        "exposure_speed_up": "3.0",
        "exposure_speed_down": "1.0",
        "tint": "0.0",
        "calibration_constant": "16.0",
        "focal_distance": "1000.0",
        "min_fstop": "1.2",
        "blade_count": "5",
        "blur_amount": "0.0",
        "blur_radius": "0.0",
        "slope": "0.88",
        "toe": "0.55",
        "white_clip": "0.04",
        "shoulder": "0.26",
        "black_clip": "0.0",
        "temp": "6500.0",
        "chromatic_aberration_intensity": "0.0"
      },
      "transform_carla": {
        "location": {
          "x": 101.25485229492188,
          "y": -43.97096633911133,
          "z": 1.693246841430664
        },
        "rotation": {
          "roll": 0.41841229796409607,
          "pitch": -0.34850355982780457,
          "yaw": -62.249568939208984
        }
      },
      "matrix_world_from_sensor_carla": [
        [
          0.46561262011528015,
          0.8849398493766785,
          0.009294755756855011,
          101.25485229492188
        ],
        [
          -0.8849678039550781,
          0.4656481444835663,
          -0.001982520567253232,
          -43.97096633911133
        ],
        [
          -0.006082496605813503,
          -0.007302472367882729,
          0.999954879283905,
          1.693246841430664
        ],
        [
          0.0,
          0.0,
          0.0,
          1.0
        ]
      ],
      "matrix_world_from_sensor_bevfusion": [
        [
          0.8849398493766785,
          -0.009294755756855011,
          0.46561262011528015,
          101.25485229492188
        ],
        [
          -0.4656481444835663,
          -0.001982520567253232,
          0.8849678039550781,
          43.97096633911133
        ],
        [
          -0.007302472367882729,
          -0.999954879283905,
          -0.006082496605813503,
          1.693246841430664
        ],
        [
          0.0,
          0.0,
          0.0,
          1.0
        ]
      ],
      "matrix_ego_from_sensor_carla": [
        [
          0.573576807975769,
          -0.8191518783569336,
          -3.355731692522568e-08,
          1.299994945526123
        ],
        [
          0.8191519379615784,
          0.5735769271850586,
          -4.813093568145632e-08,
          0.5499954223632812
        ],
        [
          5.931108759682502e-08,
          1.6672362379566152e-09,
          1.0000001192092896,
          1.7000001668930054
        ],
        [
          0.0,
          0.0,
          0.0,
          1.0
        ]
      ],
      "matrix_ego_from_sensor_bevfusion": [
        [
          -0.8191518783569336,
          3.355731692522568e-08,
          0.573576807975769,
          1.299994945526123
        ],
        [
          -0.5735769271850586,
          -4.813093568145632e-08,
          -0.8191519379615784,
          -0.5499954223632812
        ],
        [
          1.6672362379566152e-09,
          -1.0000001192092896,
          5.931108759682502e-08,
          1.7000001668930054
        ],
        [
          0.0,
          0.0,
          0.0,
          1.0
        ]
      ],
      "camera_intrinsics": [
        [
          685.5110473632812,
          0.0,
          480.0
        ],
        [
          0.0,
          685.5110473632812,
          270.0
        ],
        [
          0.0,
          0.0,
          1.0
        ]
      ],
      "data_path": "D:\\Agent-AI\\outputs\\s3a_ml_long_v2\\sample_000031\\images\\CAM_FRONT_RIGHT.png",
      "raw_layout": "bgra8"
    },
    "CAM_FRONT_LEFT": {
      "type_id": "sensor.camera.rgb",
      "blueprint_attributes": {
        "role_name": "front",
        "ros_name": "sensor.camera.rgb",
        "chromatic_aberration_offset": "0.0",
        "sensor_tick": "0.100000",
        "fstop": "1.4",
        "image_size_x": "960",
        "image_size_y": "540",
        "fov": "70.00",
        "lens_circle_falloff": "5.0",
        "lens_circle_multiplier": "0.0",
        "exposure_compensation": "0.0",
        "lens_y_size": "0.08",
        "lens_k": "-1.0",
        "exposure_mode": "histogram",
        "lens_kcube": "0.0",
        "lens_x_size": "0.08",
        "exposure_max_bright": "12.0",
        "shutter_speed": "200.0",
        "bloom_intensity": "0.675",
        "iso": "100.0",
        "enable_postprocess_effects": "false",
        "gamma": "2.2",
        "motion_blur_intensity": "0.0",
        "motion_blur_max_distortion": "0.35",
        "lens_flare_intensity": "0.1",
        "motion_blur_min_object_screen_size": "0.1",
        "exposure_min_bright": "10.0",
        "exposure_speed_up": "3.0",
        "exposure_speed_down": "1.0",
        "tint": "0.0",
        "calibration_constant": "16.0",
        "focal_distance": "1000.0",
        "min_fstop": "1.2",
        "blade_count": "5",
        "blur_amount": "0.0",
        "blur_radius": "0.0",
        "slope": "0.88",
        "toe": "0.55",
        "white_clip": "0.04",
        "shoulder": "0.26",
        "black_clip": "0.0",
        "temp": "6500.0",
        "chromatic_aberration_intensity": "0.0"
      },
      "transform_carla": {
        "location": {
          "x": 100.27696228027344,
          "y": -43.46734619140625,
          "z": 1.7033352851867676
        },
        "rotation": {
          "roll": 0.1843937188386917,
          "pitch": 0.5123734474182129,
          "yaw": -172.2474365234375
        }
      },
      "matrix_world_from_sensor_carla": [
        [
          -0.9908202290534973,
          0.13486598432064056,
          0.00929483212530613,
          100.27696228027344
        ],
        [
          -0.13488981127738953,
          -0.9908586144447327,
          -0.0019825645722448826,
          -43.46734619140625
        ],
        [
          0.00894248392432928,
          -0.0032181432470679283,
          0.9999548196792603,
          1.7033352851867676
        ],
        [
          0.0,
          0.0,
          0.0,
          1.0
        ]
      ],
      "matrix_world_from_sensor_bevfusion": [
        [
          0.13486598432064056,
          -0.00929483212530613,
          -0.9908202290534973,
          100.27696228027344
        ],
        [
          0.9908586144447327,
          -0.0019825645722448826,
          0.13488981127738953,
          43.46734619140625
        ],
        [
          -0.0032181432470679283,
          -0.9999548196792603,
          0.00894248392432928,
          1.7033352851867676
        ],
        [
          0.0,
          0.0,
          0.0,
          1.0
        ]
      ],
      "matrix_ego_from_sensor_carla": [
        [
          0.5735765695571899,
          0.8191519379615784,
          -2.9514962918142373e-08,
          1.3000001907348633
        ],
        [
          -0.8191520571708679,
          0.5735765099525452,
          3.996002106987362e-08,
          -0.5500106811523438
        ],
        [
          4.8200170965628786e-08,
          1.082759437665004e-09,
          1.0,
          1.7000004053115845
        ],
        [
          0.0,
          0.0,
          0.0,
          1.0
        ]
      ],
      "matrix_ego_from_sensor_bevfusion": [
        [
          0.8191519379615784,
          2.9514962918142373e-08,
          0.5735765695571899,
          1.3000001907348633
        ],
        [
          -0.5735765099525452,
          3.996002106987362e-08,
          0.8191520571708679,
          0.5500106811523438
        ],
        [
          1.082759437665004e-09,
          -1.0,
          4.8200170965628786e-08,
          1.7000004053115845
        ],
        [
          0.0,
          0.0,
          0.0,
          1.0
        ]
      ],
      "camera_intrinsics": [
        [
          685.5110473632812,
          0.0,
          480.0
        ],
        [
          0.0,
          685.5110473632812,
          270.0
        ],
        [
          0.0,
          0.0,
          1.0
        ]
      ],
      "data_path": "D:\\Agent-AI\\outputs\\s3a_ml_long_v2\\sample_000031\\images\\CAM_FRONT_LEFT.png",
      "raw_layout": "bgra8"
    },
    "CAM_BACK": {
      "type_id": "sensor.camera.rgb",
      "blueprint_attributes": {
        "role_name": "front",
        "ros_name": "sensor.camera.rgb",
        "chromatic_aberration_offset": "0.0",
        "sensor_tick": "0.100000",
        "fstop": "1.4",
        "image_size_x": "960",
        "image_size_y": "540",
        "fov": "70.00",
        "lens_circle_falloff": "5.0",
        "lens_circle_multiplier": "0.0",
        "exposure_compensation": "0.0",
        "lens_y_size": "0.08",
        "lens_k": "-1.0",
        "exposure_mode": "histogram",
        "lens_kcube": "0.0",
        "lens_x_size": "0.08",
        "exposure_max_bright": "12.0",
        "shutter_speed": "200.0",
        "bloom_intensity": "0.675",
        "iso": "100.0",
        "enable_postprocess_effects": "false",
        "gamma": "2.2",
        "motion_blur_intensity": "0.0",
        "motion_blur_max_distortion": "0.35",
        "lens_flare_intensity": "0.1",
        "motion_blur_min_object_screen_size": "0.1",
        "exposure_min_bright": "10.0",
        "exposure_speed_up": "3.0",
        "exposure_speed_down": "1.0",
        "tint": "0.0",
        "calibration_constant": "16.0",
        "focal_distance": "1000.0",
        "min_fstop": "1.2",
        "blade_count": "5",
        "blur_amount": "0.0",
        "blur_radius": "0.0",
        "slope": "0.88",
        "toe": "0.55",
        "white_clip": "0.04",
        "shoulder": "0.26",
        "black_clip": "0.0",
        "temp": "6500.0",
        "chromatic_aberration_intensity": "0.0"
      },
      "transform_carla": {
        "location": {
          "x": 102.07073974609375,
          "y": -41.18540954589844,
          "z": 1.6911858320236206
        },
        "rotation": {
          "roll": -0.5254723429679871,
          "pitch": -0.14283974468708038,
          "yaw": 62.75240707397461
        }
      },
      "matrix_world_from_sensor_carla": [
        [
          0.45783519744873047,
          -0.8889884352684021,
          0.00929478369653225,
          102.07073974609375
        ],
        [
          0.8890336155891418,
          0.45783770084381104,
          -0.0019825694616883993,
          -41.18540954589844
        ],
        [
          -0.002493021311238408,
          0.00917106494307518,
          0.9999548196792603,
          1.6911858320236206
        ],
        [
          0.0,
          0.0,
          0.0,
          1.0
        ]
      ],
      "matrix_world_from_sensor_bevfusion": [
        [
          -0.8889884352684021,
          -0.00929478369653225,
          0.45783519744873047,
          102.07073974609375
        ],
        [
          -0.45783770084381104,
          -0.0019825694616883993,
          -0.8890336155891418,
          41.18540954589844
        ],
        [
          0.00917106494307518,
          -0.9999548196792603,
          -0.002493021311238408,
          1.6911858320236206
        ],
        [
          0.0,
          0.0,
          0.0,
          1.0
        ]
      ],
      "matrix_ego_from_sensor_carla": [
        [
          -1.0,
          3.346562209571857e-07,
          -2.739438675902761e-09,
          -1.5500030517578125
        ],
        [
          -3.101841059560684e-07,
          -1.0,
          -8.684797325742011e-11,
          0.0
        ],
        [
          -2.5314310647672755e-09,
          -1.2291170303768695e-09,
          1.0,
          1.6999999284744263
        ],
        [
          0.0,
          0.0,
          0.0,
          1.0
        ]
      ],
      "matrix_ego_from_sensor_bevfusion": [
        [
          3.346562209571857e-07,
          2.739438675902761e-09,
          -1.0,
          -1.5500030517578125
        ],
        [
          1.0,
          -8.684797325742011e-11,
          3.101841059560684e-07,
          0.0
        ],
        [
          -1.2291170303768695e-09,
          -1.0,
          -2.5314310647672755e-09,
          1.6999999284744263
        ],
        [
          0.0,
          0.0,
          0.0,
          1.0
        ]
      ],
      "camera_intrinsics": [
        [
          685.5110473632812,
          0.0,
          480.0
        ],
        [
          0.0,
          685.5110473632812,
          270.0
        ],
        [
          0.0,
          0.0,
          1.0
        ]
      ],
      "data_path": "D:\\Agent-AI\\outputs\\s3a_ml_long_v2\\sample_000031\\images\\CAM_BACK.png",
      "raw_layout": "bgra8"
    },
    "CAM_BACK_LEFT": {
      "type_id": "sensor.camera.rgb",
      "blueprint_attributes": {
        "role_name": "front",
        "ros_name": "sensor.camera.rgb",
        "chromatic_aberration_offset": "0.0",
        "sensor_tick": "0.100000",
        "fstop": "1.4",
        "image_size_x": "960",
        "image_size_y": "540",
        "fov": "70.00",
        "lens_circle_falloff": "5.0",
        "lens_circle_multiplier": "0.0",
        "exposure_compensation": "0.0",
        "lens_y_size": "0.08",
        "lens_k": "-1.0",
        "exposure_mode": "histogram",
        "lens_kcube": "0.0",
        "lens_x_size": "0.08",
        "exposure_max_bright": "12.0",
        "shutter_speed": "200.0",
        "bloom_intensity": "0.675",
        "iso": "100.0",
        "enable_postprocess_effects": "false",
        "gamma": "2.2",
        "motion_blur_intensity": "0.0",
        "motion_blur_max_distortion": "0.35",
        "lens_flare_intensity": "0.1",
        "motion_blur_min_object_screen_size": "0.1",
        "exposure_min_bright": "10.0",
        "exposure_speed_up": "3.0",
        "exposure_speed_down": "1.0",
        "tint": "0.0",
        "calibration_constant": "16.0",
        "focal_distance": "1000.0",
        "min_fstop": "1.2",
        "blade_count": "5",
        "blur_amount": "0.0",
        "blur_radius": "0.0",
        "slope": "0.88",
        "toe": "0.55",
        "white_clip": "0.04",
        "shoulder": "0.26",
        "black_clip": "0.0",
        "temp": "6500.0",
        "chromatic_aberration_intensity": "0.0"
      },
      "transform_carla": {
        "location": {
          "x": 101.46733093261719,
          "y": -41.15585708618164,
          "z": 1.6968532800674438
        },
        "rotation": {
          "roll": -0.4184122383594513,
          "pitch": 0.34850355982780457,
          "yaw": 117.75043487548828
        }
      },
      "matrix_world_from_sensor_carla": [
        [
          -0.4656127095222473,
          -0.8849397897720337,
          0.009294754825532436,
          101.46733093261719
        ],
        [
          0.8849677443504333,
          -0.46564823389053345,
          -0.0019825201015919447,
          -41.15585708618164
        ],
        [
          0.006082496605813503,
          0.007302471436560154,
          0.999954879283905,
          1.6968532800674438
        ],
        [
          0.0,
          0.0,
          0.0,
          1.0
        ]
      ],
      "matrix_world_from_sensor_bevfusion": [
        [
          -0.8849397897720337,
          -0.009294754825532436,
          -0.4656127095222473,
          101.46733093261719
        ],
        [
          0.46564823389053345,
          -0.0019825201015919447,
          -0.8849677443504333,
          41.15585708618164
        ],
        [
          0.007302471436560154,
          -0.999954879283905,
          0.006082496605813503,
          1.6968532800674438
        ],
        [
          0.0,
          0.0,
          0.0,
          1.0
        ]
      ],
      "matrix_ego_from_sensor_carla": [
        [
          -0.5735767483711243,
          0.8191519379615784,
          -3.355731692522568e-08,
          -1.3000011444091797
        ],
        [
          -0.8191519379615784,
          -0.573576807975769,
          -4.90622582560718e-08,
          -0.5500106811523438
        ],
        [
          -6.024241372415418e-08,
          -1.2015328731962427e-09,
          1.0000001192092896,
          1.6999999284744263
        ],
        [
          0.0,
          0.0,
          0.0,
          1.0
        ]
      ],
      "matrix_ego_from_sensor_bevfusion": [
        [
          0.8191519379615784,
          3.355731692522568e-08,
          -0.5735767483711243,
          -1.3000011444091797
        ],
        [
          0.573576807975769,
          -4.90622582560718e-08,
          0.8191519379615784,
          0.5500106811523438
        ],
        [
          -1.2015328731962427e-09,
          -1.0000001192092896,
          -6.024241372415418e-08,
          1.6999999284744263
        ],
        [
          0.0,
          0.0,
          0.0,
          1.0
        ]
      ],
      "camera_intrinsics": [
        [
          685.5110473632812,
          0.0,
          480.0
        ],
        [
          0.0,
          685.5110473632812,
          270.0
        ],
        [
          0.0,
          0.0,
          1.0
        ]
      ],
      "data_path": "D:\\Agent-AI\\outputs\\s3a_ml_long_v2\\sample_000031\\images\\CAM_BACK_LEFT.png",
      "raw_layout": "bgra8"
    },
    "CAM_BACK_RIGHT": {
      "type_id": "sensor.camera.rgb",
      "blueprint_attributes": {
        "role_name": "front",
        "ros_name": "sensor.camera.rgb",
        "chromatic_aberration_offset": "0.0",
        "sensor_tick": "0.100000",
        "fstop": "1.4",
        "image_size_x": "960",
        "image_size_y": "540",
        "fov": "70.00",
        "lens_circle_falloff": "5.0",
        "lens_circle_multiplier": "0.0",
        "exposure_compensation": "0.0",
        "lens_y_size": "0.08",
        "lens_k": "-1.0",
        "exposure_mode": "histogram",
        "lens_kcube": "0.0",
        "lens_x_size": "0.08",
        "exposure_max_bright": "12.0",
        "shutter_speed": "200.0",
        "bloom_intensity": "0.675",
        "iso": "100.0",
        "enable_postprocess_effects": "false",
        "gamma": "2.2",
        "motion_blur_intensity": "0.0",
        "motion_blur_max_distortion": "0.35",
        "lens_flare_intensity": "0.1",
        "motion_blur_min_object_screen_size": "0.1",
        "exposure_min_bright": "10.0",
        "exposure_speed_up": "3.0",
        "exposure_speed_down": "1.0",
        "tint": "0.0",
        "calibration_constant": "16.0",
        "focal_distance": "1000.0",
        "min_fstop": "1.2",
        "blade_count": "5",
        "blur_amount": "0.0",
        "blur_radius": "0.0",
        "slope": "0.88",
        "toe": "0.55",
        "white_clip": "0.04",
        "shoulder": "0.26",
        "black_clip": "0.0",
        "temp": "6500.0",
        "chromatic_aberration_intensity": "0.0"
      },
      "transform_carla": {
        "location": {
          "x": 102.44522094726562,
          "y": -41.659481048583984,
          "z": 1.6867650747299194
        },
        "rotation": {
          "roll": -0.18439361453056335,
          "pitch": -0.5123734474182129,
          "yaw": 7.752544403076172
        }
      },
      "matrix_world_from_sensor_carla": [
        [
          0.9908202886581421,
          -0.13486571609973907,
          0.00929483212530613,
          102.44522094726562
        ],
        [
          0.13488954305648804,
          0.9908586740493774,
          -0.001982565503567457,
          -41.659481048583984
        ],
        [
          -0.00894248392432928,
          0.003218141384422779,
          0.9999548196792603,
          1.6867650747299194
        ],
        [
          0.0,
          0.0,
          0.0,
          1.0
        ]
      ],
      "matrix_world_from_sensor_bevfusion": [
        [
          -0.13486571609973907,
          -0.00929483212530613,
          0.9908202886581421,
          102.44522094726562
        ],
        [
          -0.9908586740493774,
          -0.001982565503567457,
          -0.13488954305648804,
          41.659481048583984
        ],
        [
          0.003218141384422779,
          -0.9999548196792603,
          -0.00894248392432928,
          1.6867650747299194
        ],
        [
          0.0,
          0.0,
          0.0,
          1.0
        ]
      ],
      "matrix_ego_from_sensor_carla": [
        [
          -0.5735763311386108,
          -0.8191521167755127,
          -2.8583640343526895e-08,
          -1.3000001907348633
        ],
        [
          0.8191522359848022,
          -0.5735763311386108,
          4.08913436444891e-08,
          0.5499954223632812
        ],
        [
          -4.726884839101331e-08,
          -3.841834073092798e-10,
          1.0,
          1.7000001668930054
        ],
        [
          0.0,
          0.0,
          0.0,
          1.0
        ]
      ],
      "matrix_ego_from_sensor_bevfusion": [
        [
          -0.8191521167755127,
          2.8583640343526895e-08,
          -0.5735763311386108,
          -1.3000001907348633
        ],
        [
          0.5735763311386108,
          4.08913436444891e-08,
          -0.8191522359848022,
          -0.5499954223632812
        ],
        [
          -3.841834073092798e-10,
          -1.0,
          -4.726884839101331e-08,
          1.7000001668930054
        ],
        [
          0.0,
          0.0,
          0.0,
          1.0
        ]
      ],
      "camera_intrinsics": [
        [
          685.5110473632812,
          0.0,
          480.0
        ],
        [
          0.0,
          685.5110473632812,
          270.0
        ],
        [
          0.0,
          0.0,
          1.0
        ]
      ],
      "data_path": "D:\\Agent-AI\\outputs\\s3a_ml_long_v2\\sample_000031\\images\\CAM_BACK_RIGHT.png",
      "raw_layout": "bgra8"
    },
    "LIDAR_TOP": {
      "type_id": "sensor.lidar.ray_cast",
      "blueprint_attributes": {
        "atmosphere_attenuation_rate": "0.004",
        "role_name": "front",
        "noise_seed": "0",
        "upper_fov": "10.0",
        "ros_name": "sensor.lidar.ray_cast",
        "sensor_tick": "0.100000",
        "channels": "32",
        "range": "120.0",
        "points_per_second": "360000",
        "lower_fov": "-30.0",
        "rotation_frequency": "10.000000",
        "horizontal_fov": "360.0",
        "dropoff_general_rate": "0.0",
        "dropoff_intensity_limit": "1.0",
        "noise_stddev": "0.0",
        "dropoff_zero_intensity": "0.0"
      },
      "transform_carla": {
        "location": {
          "x": 101.36573791503906,
          "y": -42.56440353393555,
          "z": 2.1950275897979736
        },
        "rotation": {
          "roll": 0.5254723429679871,
          "pitch": 0.14283974468708038,
          "yaw": -117.24761199951172
        }
      },
      "matrix_world_from_sensor_carla": [
        [
          -0.45783546566963196,
          0.8889882564544678,
          0.009294782765209675,
          101.36573791503906
        ],
        [
          -0.8890334367752075,
          -0.4578379690647125,
          -0.001982572255656123,
          -42.56440353393555
        ],
        [
          0.002493021311238408,
          -0.00917106494307518,
          0.9999548196792603,
          2.1950275897979736
        ],
        [
          0.0,
          0.0,
          0.0,
          1.0
        ]
      ],
      "matrix_world_from_sensor_bevfusion": [
        [
          -0.45783546566963196,
          -0.8889882564544678,
          0.009294782765209675,
          101.36573791503906
        ],
        [
          0.8890334367752075,
          -0.4578379690647125,
          0.001982572255656123,
          42.56440353393555
        ],
        [
          0.002493021311238408,
          0.00917106494307518,
          0.9999548196792603,
          2.1950275897979736
        ],
        [
          0.0,
          0.0,
          0.0,
          1.0
        ]
      ],
      "matrix_ego_from_sensor_carla": [
        [
          1.0,
          -6.792477691419663e-09,
          2.8735971935311966e-10,
          -1.9073486328125e-06
        ],
        [
          -1.0101722125455126e-08,
          1.0,
          -8.684797325742011e-11,
          -7.62939453125e-06
        ],
        [
          -2.9705918280775734e-11,
          2.9779445576139096e-10,
          1.0,
          2.200000286102295
        ],
        [
          0.0,
          0.0,
          0.0,
          1.0
        ]
      ],
      "matrix_ego_from_sensor_bevfusion": [
        [
          1.0,
          6.792477691419663e-09,
          2.8735971935311966e-10,
          -1.9073486328125e-06
        ],
        [
          1.0101722125455126e-08,
          1.0,
          8.684797325742011e-11,
          7.62939453125e-06
        ],
        [
          -2.9705918280775734e-11,
          -2.9779445576139096e-10,
          1.0,
          2.200000286102295
        ],
        [
          0.0,
          0.0,
          0.0,
          1.0
        ]
      ],
      "data_path": "D:\\Agent-AI\\outputs\\s3a_ml_long_v2\\sample_000031\\lidar\\LIDAR_TOP.npy",
      "raw_layout": [
        "x",
        "y",
        "z",
        "intensity"
      ]
    },
    "RADAR_FRONT": {
      "type_id": "sensor.other.radar",
      "blueprint_attributes": {
        "sensor_tick": "0.100000",
        "role_name": "default",
        "noise_seed": "0",
        "ros_name": "sensor.other.radar",
        "horizontal_fov": "35.0",
        "points_per_second": "1500",
        "vertical_fov": "20.0",
        "range": "120.0"
      },
      "transform_carla": {
        "location": {
          "x": 100.43798828125,
          "y": -44.33989715576172,
          "z": 0.9000723361968994
        },
        "rotation": {
          "roll": 0.5254723429679871,
          "pitch": 0.14283974468708038,
          "yaw": -117.24761199951172
        }
      },
      "matrix_world_from_sensor_carla": [
        [
          -0.45783546566963196,
          0.8889882564544678,
          0.009294782765209675,
          100.43798828125
        ],
        [
          -0.8890334367752075,
          -0.4578379690647125,
          -0.001982572255656123,
          -44.33989715576172
        ],
        [
          0.002493021311238408,
          -0.00917106494307518,
          0.9999548196792603,
          0.9000723361968994
        ],
        [
          0.0,
          0.0,
          0.0,
          1.0
        ]
      ],
      "matrix_world_from_sensor_bevfusion": [
        [
          -0.45783546566963196,
          -0.8889882564544678,
          0.009294782765209675,
          100.43798828125
        ],
        [
          0.8890334367752075,
          -0.4578379690647125,
          0.001982572255656123,
          44.33989715576172
        ],
        [
          0.002493021311238408,
          0.00917106494307518,
          0.9999548196792603,
          0.9000723361968994
        ],
        [
          0.0,
          0.0,
          0.0,
          1.0
        ]
      ],
      "matrix_ego_from_sensor_carla": [
        [
          1.0,
          -6.792477691419663e-09,
          2.8735971935311966e-10,
          2.000001907348633
        ],
        [
          -1.0101722125455126e-08,
          1.0,
          -8.684797325742011e-11,
          0.0
        ],
        [
          -2.9705918280775734e-11,
          2.9779445576139096e-10,
          1.0,
          0.9000000953674316
        ],
        [
          0.0,
          0.0,
          0.0,
          1.0
        ]
      ],
      "matrix_ego_from_sensor_bevfusion": [
        [
          1.0,
          6.792477691419663e-09,
          2.8735971935311966e-10,
          2.000001907348633
        ],
        [
          1.0101722125455126e-08,
          1.0,
          8.684797325742011e-11,
          0.0
        ],
        [
          -2.9705918280775734e-11,
          -2.9779445576139096e-10,
          1.0,
          0.9000000953674316
        ],
        [
          0.0,
          0.0,
          0.0,
          1.0
        ]
      ],
      "data_path": "D:\\Agent-AI\\outputs\\s3a_ml_long_v2\\sample_000031\\radar\\RADAR_FRONT.npy",
      "raw_layout": [
        "velocity",
        "altitude",
        "azimuth",
        "depth"
      ]
    },
    "RADAR_FRONT_LEFT": {
      "type_id": "sensor.other.radar",
      "blueprint_attributes": {
        "sensor_tick": "0.100000",
        "role_name": "default",
        "noise_seed": "0",
        "ros_name": "sensor.other.radar",
        "horizontal_fov": "35.0",
        "points_per_second": "1500",
        "vertical_fov": "20.0",
        "range": "120.0"
      },
      "transform_carla": {
        "location": {
          "x": 99.93148040771484,
          "y": -43.68535614013672,
          "z": 0.906078040599823
        },
        "rotation": {
          "roll": 0.27056601643562317,
          "pitch": 0.4725671112537384,
          "yaw": -162.2471466064453
        }
      },
      "matrix_world_from_sensor_carla": [
        [
          -0.9523481726646423,
          0.3048713207244873,
          0.009294787421822548,
          99.93148040771484
        ],
        [
          -0.30490145087242126,
          -0.9523818492889404,
          -0.001982568297535181,
          -43.68535614013672
        ],
        [
          0.008247759193181992,
          -0.004722089506685734,
          0.9999548196792603,
          0.906078040599823
        ],
        [
          0.0,
          0.0,
          0.0,
          1.0
        ]
      ],
      "matrix_world_from_sensor_bevfusion": [
        [
          -0.9523481726646423,
          -0.3048713207244873,
          0.009294787421822548,
          99.93148040771484
        ],
        [
          0.30490145087242126,
          -0.9523818492889404,
          0.001982568297535181,
          43.68535614013672
        ],
        [
          0.008247759193181992,
          0.004722089506685734,
          0.9999548196792603,
          0.906078040599823
        ],
        [
          0.0,
          0.0,
          0.0,
          1.0
        ]
      ],
      "matrix_ego_from_sensor_carla": [
        [
          0.7071069478988647,
          0.7071065902709961,
          -5.766236821358461e-09,
          1.650003433227539
        ],
        [
          -0.7071067094802856,
          0.7071070075035095,
          1.775797175973537e-09,
          -0.7500076293945312
        ],
        [
          5.040841521974926e-09,
          2.5851580875979607e-09,
          1.0,
          0.9000000953674316
        ],
        [
          0.0,
          0.0,
          0.0,
          1.0
        ]
      ],
      "matrix_ego_from_sensor_bevfusion": [
        [
          0.7071069478988647,
          -0.7071065902709961,
          -5.766236821358461e-09,
          1.650003433227539
        ],
        [
          0.7071067094802856,
          0.7071070075035095,
          -1.775797175973537e-09,
          0.7500076293945312
        ],
        [
          5.040841521974926e-09,
          -2.5851580875979607e-09,
          1.0,
          0.9000000953674316
        ],
        [
          0.0,
          0.0,
          0.0,
          1.0
        ]
      ],
      "data_path": "D:\\Agent-AI\\outputs\\s3a_ml_long_v2\\sample_000031\\radar\\RADAR_FRONT_LEFT.npy",
      "raw_layout": [
        "velocity",
        "altitude",
        "azimuth",
        "depth"
      ]
    },
    "RADAR_FRONT_RIGHT": {
      "type_id": "sensor.other.radar",
      "blueprint_attributes": {
        "sensor_tick": "0.100000",
        "role_name": "default",
        "noise_seed": "0",
        "ros_name": "sensor.other.radar",
        "horizontal_fov": "35.0",
