{
  "schema_version": "stage1.v1",
  "sample_name": "sample_000067",
  "sequence_index": 67,
  "previous_sample_name": "sample_000066",
  "frame_id": 60068,
  "timestamp": 441.71970085054636,
  "platform_timestamp": 16814592.2069092,
  "delta_seconds": 0.10000000149011612,
  "town": "Carla/Maps/Town10HD_Opt",
  "weather": {
    "cloudiness": 20.0,
    "dust_storm": 0.0,
    "fog_density": 2.0,
    "fog_distance": 0.75,
    "fog_falloff": 0.10000000149011612,
    "mie_scattering_scale": 0.029999999329447746,
    "precipitation": 0.0,
    "precipitation_deposits": 0.0,
    "rayleigh_scattering_scale": 0.03310000151395798,
    "scattering_intensity": 1.0,
    "sun_altitude_angle": 45.0,
    "sun_azimuth_angle": 300.0,
    "wetness": 0.0,
    "wind_intensity": 10.0
  },
  "sensor_names": [
    "CAM_FRONT",
    "CAM_FRONT_RIGHT",
    "CAM_FRONT_LEFT",
    "CAM_BACK",
    "CAM_BACK_LEFT",
    "CAM_BACK_RIGHT",
    "LIDAR_TOP",
    "RADAR_FRONT",
    "RADAR_FRONT_LEFT",
    "RADAR_FRONT_RIGHT",
    "RADAR_BACK_LEFT",
    "RADAR_BACK_RIGHT"
  ],
  "camera_order_for_model": [
    "CAM_FRONT",
    "CAM_FRONT_RIGHT",
    "CAM_FRONT_LEFT",
    "CAM_BACK",
    "CAM_BACK_LEFT",
    "CAM_BACK_RIGHT"
  ],
  "radar_order_for_model": [
    "RADAR_FRONT",
    "RADAR_FRONT_LEFT",
    "RADAR_FRONT_RIGHT",
    "RADAR_BACK_LEFT",
    "RADAR_BACK_RIGHT"
  ],
  "coordinate_notes": {
    "carla_world": "left-handed x-forward y-right z-up",
    "bevfusion_lidar": "x-forward y-left z-up",
    "camera_frame_for_model": "OpenCV style x-right y-down z-forward"
  },
  "ego": {
    "actor_id": 28,
    "transform_carla": {
      "location": {
        "x": 82.61087036132812,
        "y": -60.30316162109375,
        "z": -0.0002479934773873538
      },
      "rotation": {
        "roll": 0.13347987830638885,
        "pitch": -1.1976872682571411,
        "yaw": -153.90553283691406
      }
    },
    "velocity_carla": [
      -1.1157152652740479,
      -0.46180978417396545,
      0.0012678909115493298
    ],
    "angular_velocity_carla": [
      -2.740844488143921,
      5.497037410736084,
      -2.8439202308654785
    ],
    "matrix_world_from_ego_carla": [
      [
        -0.8978738784790039,
        0.43989506363868713,
        -0.017746757715940475,
        82.61087036132812
      ],
      [
        -0.43975645303726196,
        -0.8980461955070496,
        -0.011285999789834023,
        -60.30316162109375
      ],
      [
        -0.020902063697576523,
        -0.002329152310267091,
        0.9997788071632385,
        -0.0002479934773873538
      ],
      [
        0.0,
        0.0,
        0.0,
        1.0
      ]
    ],
    "matrix_world_from_ego_bevfusion": [
      [
        -0.8978738784790039,
        -0.43989506363868713,
        -0.017746757715940475,
        82.61087036132812
      ],
      [
        0.43975645303726196,
        -0.8980461955070496,
        0.011285999789834023,
        60.30316162109375
      ],
      [
        -0.020902063697576523,
        0.002329152310267091,
        0.9997788071632385,
        -0.0002479934773873538
      ],
      [
        0.0,
        0.0,
        0.0,
        1.0
      ]
    ]
  },
  "sensors": {
    "CAM_FRONT": {
      "type_id": "sensor.camera.rgb",
      "blueprint_attributes": {
        "role_name": "front",
        "ros_name": "sensor.camera.rgb",
        "chromatic_aberration_offset": "0.0",
        "sensor_tick": "0.100000",
        "fstop": "1.4",
        "image_size_x": "960",
        "image_size_y": "540",
        "fov": "70.00",
        "lens_circle_falloff": "5.0",
        "lens_circle_multiplier": "0.0",
        "exposure_compensation": "0.0",
        "lens_y_size": "0.08",
        "lens_k": "-1.0",
        "exposure_mode": "histogram",
        "lens_kcube": "0.0",
        "lens_x_size": "0.08",
        "exposure_max_bright": "12.0",
        "shutter_speed": "200.0",
        "bloom_intensity": "0.675",
        "iso": "100.0",
        "enable_postprocess_effects": "false",
        "gamma": "2.2",
        "motion_blur_intensity": "0.0",
        "motion_blur_max_distortion": "0.35",
        "lens_flare_intensity": "0.1",
        "motion_blur_min_object_screen_size": "0.1",
        "exposure_min_bright": "10.0",
        "exposure_speed_up": "3.0",
        "exposure_speed_down": "1.0",
        "tint": "0.0",
        "calibration_constant": "16.0",
        "focal_distance": "1000.0",
        "min_fstop": "1.2",
        "blade_count": "5",
        "blur_amount": "0.0",
        "blur_radius": "0.0",
        "slope": "0.88",
        "toe": "0.55",
        "white_clip": "0.04",
        "shoulder": "0.26",
        "black_clip": "0.0",
        "temp": "6500.0",
        "chromatic_aberration_intensity": "0.0"
      },
      "transform_carla": {
        "location": {
          "x": 81.18899536132812,
          "y": -61.00397491455078,
          "z": 1.6669776439666748
        },
        "rotation": {
          "roll": 0.13347987830638885,
          "pitch": -1.1976872682571411,
          "yaw": -153.90553283691406
        }
      },
      "matrix_world_from_sensor_carla": [
        [
          -0.8978738784790039,
          0.43989506363868713,
          -0.017746757715940475,
          81.18899536132812
        ],
        [
          -0.43975645303726196,
          -0.8980461955070496,
          -0.011285999789834023,
          -61.00397491455078
        ],
        [
          -0.020902063697576523,
          -0.002329152310267091,
          0.9997788071632385,
          1.6669776439666748
        ],
        [
          0.0,
          0.0,
          0.0,
          1.0
        ]
      ],
      "matrix_world_from_sensor_bevfusion": [
        [
          0.43989506363868713,
          0.017746757715940475,
          -0.8978738784790039,
          81.18899536132812
        ],
        [
          0.8980461955070496,
          -0.011285999789834023,
          0.43975645303726196,
          61.00397491455078
        ],
        [
          -0.002329152310267091,
          -0.9997788071632385,
          -0.020902063697576523,
          1.6669776439666748
        ],
        [
          0.0,
          0.0,
          0.0,
          1.0
        ]
      ],
      "matrix_ego_from_sensor_carla": [
        [
          1.0,
          1.9483361590744153e-09,
          3.0109104098841044e-10,
          1.5500030517578125
        ],
        [
          -5.174650707928663e-10,
          1.0,
          1.7057749657212185e-10,
          7.62939453125e-06
        ],
        [
          3.0150304475284884e-10,
          4.032536526921149e-10,
          1.0,
          1.6999999284744263
        ],
        [
          0.0,
          0.0,
          0.0,
          1.0
        ]
      ],
      "matrix_ego_from_sensor_bevfusion": [
        [
          1.9483361590744153e-09,
          -3.0109104098841044e-10,
          1.0,
          1.5500030517578125
        ],
        [
          -1.0,
          1.7057749657212185e-10,
          5.174650707928663e-10,
          -7.62939453125e-06
        ],
        [
          4.032536526921149e-10,
          -1.0,
          3.0150304475284884e-10,
          1.6999999284744263
        ],
        [
          0.0,
          0.0,
          0.0,
          1.0
        ]
      ],
      "camera_intrinsics": [
        [
          685.5110473632812,
          0.0,
          480.0
        ],
        [
          0.0,
          685.5110473632812,
          270.0
        ],
        [
          0.0,
          0.0,
          1.0
        ]
      ],
      "data_path": "D:\\Agent-AI\\outputs\\s3a_ml_long_v2\\sample_000067\\images\\CAM_FRONT.png",
      "raw_layout": "bgra8"
    },
    "CAM_FRONT_RIGHT": {
      "type_id": "sensor.camera.rgb",
      "blueprint_attributes": {
        "role_name": "front",
        "ros_name": "sensor.camera.rgb",
        "chromatic_aberration_offset": "0.0",
        "sensor_tick": "0.100000",
        "fstop": "1.4",
        "image_size_x": "960",
        "image_size_y": "540",
        "fov": "70.00",
        "lens_circle_falloff": "5.0",
        "lens_circle_multiplier": "0.0",
        "exposure_compensation": "0.0",
        "lens_y_size": "0.08",
        "lens_k": "-1.0",
        "exposure_mode": "histogram",
        "lens_kcube": "0.0",
        "lens_x_size": "0.08",
        "exposure_max_bright": "12.0",
        "shutter_speed": "200.0",
        "bloom_intensity": "0.675",
        "iso": "100.0",
        "enable_postprocess_effects": "false",
        "gamma": "2.2",
        "motion_blur_intensity": "0.0",
        "motion_blur_max_distortion": "0.35",
        "lens_flare_intensity": "0.1",
        "motion_blur_min_object_screen_size": "0.1",
        "exposure_min_bright": "10.0",
        "exposure_speed_up": "3.0",
        "exposure_speed_down": "1.0",
        "tint": "0.0",
        "calibration_constant": "16.0",
        "focal_distance": "1000.0",
        "min_fstop": "1.2",
        "blade_count": "5",
        "blur_amount": "0.0",
        "blur_radius": "0.0",
        "slope": "0.88",
        "toe": "0.55",
        "white_clip": "0.04",
        "shoulder": "0.26",
        "black_clip": "0.0",
        "temp": "6500.0",
        "chromatic_aberration_intensity": "0.0"
      },
      "transform_carla": {
        "location": {
          "x": 81.65540313720703,
          "y": -61.38795852661133,
          "z": 1.670922040939331
        },
        "rotation": {
          "roll": -0.9046018123626709,
          "pitch": -0.7962633967399597,
          "yaw": -98.89786529541016
        }
      },
      "matrix_world_from_sensor_carla": [
        [
          -0.15465869009494781,
          0.9878085851669312,
          -0.017746856436133385,
          81.65540313720703
        ],
        [
          -0.9878702163696289,
          -0.1548711061477661,
          -0.01128609012812376,
          -61.38795852661133
        ],
        [
          -0.013896971009671688,
          0.015786100178956985,
          0.9997788071632385,
          1.670922040939331
        ],
        [
          0.0,
          0.0,
          0.0,
          1.0
        ]
      ],
      "matrix_world_from_sensor_bevfusion": [
        [
          0.9878085851669312,
          0.017746856436133385,
          -0.15465869009494781,
          81.65540313720703
        ],
        [
          0.1548711061477661,
          -0.01128609012812376,
          0.9878702163696289,
          61.38795852661133
        ],
        [
          0.015786100178956985,
          -0.9997788071632385,
          -0.013896971009671688,
          1.670922040939331
        ],
        [
          0.0,
          0.0,
          0.0,
          1.0
        ]
      ],
      "matrix_ego_from_sensor_carla": [
        [
          0.5735766887664795,
          -0.8191518187522888,
          1.2882360067578702e-07,
          1.2999992370605469
        ],
        [
          0.8191518187522888,
          0.5735766887664795,
          3.765631007013326e-08,
          0.5500030517578125
        ],
        [
          -1.046935054205278e-07,
          8.264375850330907e-08,
          1.0,
          1.6999998092651367
        ],
        [
          0.0,
          0.0,
          0.0,
          1.0
        ]
      ],
      "matrix_ego_from_sensor_bevfusion": [
        [
          -0.8191518187522888,
          -1.2882360067578702e-07,
          0.5735766887664795,
          1.2999992370605469
        ],
        [
          -0.5735766887664795,
          3.765631007013326e-08,
          -0.8191518187522888,
          -0.5500030517578125
        ],
        [
          8.264375850330907e-08,
          -1.0,
          -1.046935054205278e-07,
          1.6999998092651367
        ],
        [
          0.0,
          0.0,
          0.0,
          1.0
        ]
      ],
      "camera_intrinsics": [
        [
          685.5110473632812,
          0.0,
          480.0
        ],
        [
          0.0,
          685.5110473632812,
          270.0
        ],
        [
          0.0,
          0.0,
          1.0
        ]
      ],
      "data_path": "D:\\Agent-AI\\outputs\\s3a_ml_long_v2\\sample_000067\\images\\CAM_FRONT_RIGHT.png",
      "raw_layout": "bgra8"
    },
    "CAM_FRONT_LEFT": {
      "type_id": "sensor.camera.rgb",
      "blueprint_attributes": {
        "role_name": "front",
        "ros_name": "sensor.camera.rgb",
        "chromatic_aberration_offset": "0.0",
        "sensor_tick": "0.100000",
        "fstop": "1.4",
        "image_size_x": "960",
        "image_size_y": "540",
        "fov": "70.00",
        "lens_circle_falloff": "5.0",
        "lens_circle_multiplier": "0.0",
        "exposure_compensation": "0.0",
        "lens_y_size": "0.08",
        "lens_k": "-1.0",
        "exposure_mode": "histogram",
        "lens_kcube": "0.0",
        "lens_x_size": "0.08",
        "exposure_max_bright": "12.0",
        "shutter_speed": "200.0",
        "bloom_intensity": "0.675",
        "iso": "100.0",
        "enable_postprocess_effects": "false",
        "gamma": "2.2",
        "motion_blur_intensity": "0.0",
        "motion_blur_max_distortion": "0.35",
        "lens_flare_intensity": "0.1",
        "motion_blur_min_object_screen_size": "0.1",
        "exposure_min_bright": "10.0",
        "exposure_speed_up": "3.0",
        "exposure_speed_down": "1.0",
        "tint": "0.0",
        "calibration_constant": "16.0",
        "focal_distance": "1000.0",
        "min_fstop": "1.2",
        "blade_count": "5",
        "blur_amount": "0.0",
        "blur_radius": "0.0",
        "slope": "0.88",
        "toe": "0.55",
        "white_clip": "0.04",
        "shoulder": "0.26",
        "black_clip": "0.0",
        "temp": "6500.0",
        "chromatic_aberration_intensity": "0.0"
      },
      "transform_carla": {
        "location": {
          "x": 81.17151641845703,
          "y": -60.40010452270508,
          "z": 1.673484206199646
        },
        "rotation": {
          "roll": 1.0576791763305664,
          "pitch": -0.577608585357666,
          "yaw": 151.09054565429688
        }
      },
      "matrix_world_from_sensor_carla": [
        [
          -0.8753402233123779,
          -0.48318156599998474,
          -0.01774679496884346,
          81.17151641845703
        ],
        [
          0.4834022521972656,
          -0.8753255009651184,
          -0.011286074295639992,
          -60.40010452270508
        ],
        [
          -0.010081001557409763,
          -0.018457995727658272,
          0.9997787475585938,
          1.673484206199646
        ],
        [
          0.0,
          0.0,
          0.0,
          1.0
        ]
      ],
      "matrix_world_from_sensor_bevfusion": [
        [
          -0.48318156599998474,
          0.01774679496884346,
          -0.8753402233123779,
          81.17151641845703
        ],
        [
          0.8753255009651184,
          -0.011286074295639992,
          -0.4834022521972656,
          60.40010452270508
        ],
        [
          -0.018457995727658272,
          -0.9997787475585938,
          -0.010081001557409763,
          1.673484206199646
        ],
        [
          0.0,
          0.0,
          0.0,
          1.0
        ]
      ],
      "matrix_ego_from_sensor_carla": [
        [
          0.5735764503479004,
          0.8191518783569336,
          6.86021763840472e-08,
          1.3000030517578125
        ],
        [
          -0.8191518187522888,
          0.5735765099525452,
          5.0600824863522575e-08,
          -0.5500030517578125
        ],
        [
          2.1217334555956313e-09,
          -8.396076367489513e-08,
          0.9999999403953552,
          1.6999999284744263
        ],
        [
          0.0,
          0.0,
          0.0,
          1.0
        ]
      ],
      "matrix_ego_from_sensor_bevfusion": [
        [
          0.8191518783569336,
          -6.86021763840472e-08,
          0.5735764503479004,
          1.3000030517578125
        ],
        [
          -0.5735765099525452,
          5.0600824863522575e-08,
          0.8191518187522888,
          0.5500030517578125
        ],
        [
          -8.396076367489513e-08,
          -0.9999999403953552,
          2.1217334555956313e-09,
          1.6999999284744263
        ],
        [
          0.0,
          0.0,
          0.0,
          1.0
        ]
      ],
      "camera_intrinsics": [
        [
          685.5110473632812,
          0.0,
          480.0
        ],
        [
          0.0,
          685.5110473632812,
          270.0
        ],
        [
          0.0,
          0.0,
          1.0
        ]
      ],
      "data_path": "D:\\Agent-AI\\outputs\\s3a_ml_long_v2\\sample_000067\\images\\CAM_FRONT_LEFT.png",
      "raw_layout": "bgra8"
    },
    "CAM_BACK": {
      "type_id": "sensor.camera.rgb",
      "blueprint_attributes": {
        "role_name": "front",
        "ros_name": "sensor.camera.rgb",
        "chromatic_aberration_offset": "0.0",
        "sensor_tick": "0.100000",
        "fstop": "1.4",
        "image_size_x": "960",
        "image_size_y": "540",
        "fov": "70.00",
        "lens_circle_falloff": "5.0",
        "lens_circle_multiplier": "0.0",
        "exposure_compensation": "0.0",
        "lens_y_size": "0.08",
        "lens_k": "-1.0",
        "exposure_mode": "histogram",
        "lens_kcube": "0.0",
        "lens_x_size": "0.08",
        "exposure_max_bright": "12.0",
        "shutter_speed": "200.0",
        "bloom_intensity": "0.675",
        "iso": "100.0",
        "enable_postprocess_effects": "false",
        "gamma": "2.2",
        "motion_blur_intensity": "0.0",
        "motion_blur_max_distortion": "0.35",
        "lens_flare_intensity": "0.1",
        "motion_blur_min_object_screen_size": "0.1",
        "exposure_min_bright": "10.0",
        "exposure_speed_up": "3.0",
        "exposure_speed_down": "1.0",
        "tint": "0.0",
        "calibration_constant": "16.0",
        "focal_distance": "1000.0",
        "min_fstop": "1.2",
        "blade_count": "5",
        "blur_amount": "0.0",
        "blur_radius": "0.0",
        "slope": "0.88",
        "toe": "0.55",
        "white_clip": "0.04",
        "shoulder": "0.26",
        "black_clip": "0.0",
        "temp": "6500.0",
        "chromatic_aberration_intensity": "0.0"
      },
      "transform_carla": {
        "location": {
          "x": 83.97239685058594,
          "y": -59.64072799682617,
          "z": 1.7317744493484497
        },
        "rotation": {
          "roll": -0.13347940146923065,
          "pitch": 1.1976872682571411,
          "yaw": 26.094486236572266
        }
      },
      "matrix_world_from_sensor_carla": [
        [
          0.8978737592697144,
          -0.43989527225494385,
          -0.017746757715940475,
          83.97239685058594
        ],
        [
          0.4397566616535187,
          0.89804607629776,
          -0.011285996064543724,
          -59.64072799682617
        ],
        [
          0.020902063697576523,
          0.0023291439283639193,
          0.9997788071632385,
          1.7317744493484497
        ],
        [
          0.0,
          0.0,
          0.0,
          1.0
        ]
      ],
      "matrix_world_from_sensor_bevfusion": [
        [
          -0.43989527225494385,
          0.017746757715940475,
          0.8978737592697144,
          83.97239685058594
        ],
        [
          -0.89804607629776,
          -0.011285996064543724,
          -0.4397566616535187,
          59.64072799682617
        ],
        [
          0.0023291439283639193,
          -0.9997788071632385,
          0.020902063697576523,
          1.7317744493484497
        ],
        [
          0.0,
          0.0,
          0.0,
          1.0
        ]
      ],
      "matrix_ego_from_sensor_carla": [
        [
          -0.9999999403953552,
          2.2946407796098356e-07,
          -1.5615541082425466e-09,
          -1.5499954223632812
        ],
        [
          -2.464321653405932e-07,
          -1.0,
          -3.0890514590709017e-09,
          0.0
        ],
        [
          -3.0150304475284884e-10,
          -3.6610285913951657e-09,
          1.0,
          1.700000286102295
        ],
        [
          0.0,
          0.0,
          0.0,
          1.0
        ]
      ],
      "matrix_ego_from_sensor_bevfusion": [
        [
          2.2946407796098356e-07,
          1.5615541082425466e-09,
          -0.9999999403953552,
          -1.5499954223632812
        ],
        [
          1.0,
          -3.0890514590709017e-09,
          2.464321653405932e-07,
          0.0
        ],
        [
          -3.6610285913951657e-09,
          -1.0,
          -3.0150304475284884e-10,
          1.700000286102295
        ],
        [
          0.0,
          0.0,
          0.0,
          1.0
        ]
      ],
      "camera_intrinsics": [
        [
          685.5110473632812,
          0.0,
          480.0
        ],
        [
          0.0,
          685.5110473632812,
          270.0
        ],
        [
          0.0,
          0.0,
          1.0
        ]
      ],
      "data_path": "D:\\Agent-AI\\outputs\\s3a_ml_long_v2\\sample_000067\\images\\CAM_BACK.png",
      "raw_layout": "bgra8"
    },
    "CAM_BACK_LEFT": {
      "type_id": "sensor.camera.rgb",
      "blueprint_attributes": {
        "role_name": "front",
        "ros_name": "sensor.camera.rgb",
        "chromatic_aberration_offset": "0.0",
        "sensor_tick": "0.100000",
        "fstop": "1.4",
        "image_size_x": "960",
        "image_size_y": "540",
        "fov": "70.00",
        "lens_circle_falloff": "5.0",
        "lens_circle_multiplier": "0.0",
        "exposure_compensation": "0.0",
        "lens_y_size": "0.08",
        "lens_k": "-1.0",
        "exposure_mode": "histogram",
        "lens_kcube": "0.0",
        "lens_x_size": "0.08",
        "exposure_max_bright": "12.0",
        "shutter_speed": "200.0",
        "bloom_intensity": "0.675",
        "iso": "100.0",
        "enable_postprocess_effects": "false",
        "gamma": "2.2",
        "motion_blur_intensity": "0.0",
        "motion_blur_max_distortion": "0.35",
        "lens_flare_intensity": "0.1",
        "motion_blur_min_object_screen_size": "0.1",
        "exposure_min_bright": "10.0",
        "exposure_speed_up": "3.0",
        "exposure_speed_down": "1.0",
        "tint": "0.0",
        "calibration_constant": "16.0",
        "focal_distance": "1000.0",
        "min_fstop": "1.2",
        "blade_count": "5",
        "blur_amount": "0.0",
        "blur_radius": "0.0",
        "slope": "0.88",
        "toe": "0.55",
        "white_clip": "0.04",
        "shoulder": "0.26",
        "black_clip": "0.0",
        "temp": "6500.0",
        "chromatic_aberration_intensity": "0.0"
      },
      "transform_carla": {
        "location": {
          "x": 83.50599670410156,
          "y": -59.25674057006836,
          "z": 1.7278298139572144
        },
        "rotation": {
          "roll": 0.90460205078125,
          "pitch": 0.7962633967399597,
          "yaw": 81.1021499633789
        }
      },
      "matrix_world_from_sensor_carla": [
        [
          0.15465836226940155,
          -0.9878086447715759,
          -0.017746856436133385,
          83.50599670410156
        ],
        [
          0.9878702759742737,
          0.15487077832221985,
          -0.011286095716059208,
          -59.25674057006836
        ],
        [
          0.013896971009671688,
          -0.015786103904247284,
          0.9997788071632385,
          1.7278298139572144
        ],
        [
          0.0,
          0.0,
          0.0,
          1.0
        ]
      ],
      "matrix_world_from_sensor_bevfusion": [
        [
          -0.9878086447715759,
          0.017746856436133385,
          0.15465836226940155,
          83.50599670410156
        ],
        [
          -0.15487077832221985,
          -0.011286095716059208,
          -0.9878702759742737,
          59.25674057006836
        ],
        [
          -0.015786103904247284,
          -0.9997788071632385,
          0.013896971009671688,
          1.7278298139572144
        ],
        [
          0.0,
          0.0,
          0.0,
          1.0
        ]
      ],
      "matrix_ego_from_sensor_carla": [
        [
          -0.5735763907432556,
          0.8191520571708679,
          1.3254889097424893e-07,
          -1.3000030517578125
        ],
        [
          -0.8191519975662231,
          -0.5735764503479004,
          4.254575358686452e-08,
          -0.5499954223632812
        ],
        [
          1.1028144086822067e-07,
          -8.264293427373559e-08,
          1.0,
          1.7000000476837158
        ],
        [
          0.0,
          0.0,
          0.0,
          1.0
        ]
      ],
      "matrix_ego_from_sensor_bevfusion": [
        [
          0.8191520571708679,
          -1.3254889097424893e-07,
          -0.5735763907432556,
          -1.3000030517578125
        ],
        [
          0.5735764503479004,
          4.254575358686452e-08,
          0.8191519975662231,
          0.5499954223632812
        ],
        [
          -8.264293427373559e-08,
          -1.0,
          1.1028144086822067e-07,
          1.7000000476837158
        ],
        [
          0.0,
          0.0,
          0.0,
          1.0
        ]
      ],
      "camera_intrinsics": [
        [
          685.5110473632812,
          0.0,
          480.0
        ],
        [
          0.0,
          685.5110473632812,
          270.0
        ],
        [
          0.0,
          0.0,
          1.0
        ]
      ],
      "data_path": "D:\\Agent-AI\\outputs\\s3a_ml_long_v2\\sample_000067\\images\\CAM_BACK_LEFT.png",
      "raw_layout": "bgra8"
    },
    "CAM_BACK_RIGHT": {
      "type_id": "sensor.camera.rgb",
      "blueprint_attributes": {
        "role_name": "front",
        "ros_name": "sensor.camera.rgb",
        "chromatic_aberration_offset": "0.0",
        "sensor_tick": "0.100000",
        "fstop": "1.4",
        "image_size_x": "960",
        "image_size_y": "540",
        "fov": "70.00",
        "lens_circle_falloff": "5.0",
        "lens_circle_multiplier": "0.0",
        "exposure_compensation": "0.0",
        "lens_y_size": "0.08",
        "lens_k": "-1.0",
        "exposure_mode": "histogram",
        "lens_kcube": "0.0",
        "lens_x_size": "0.08",
        "exposure_max_bright": "12.0",
        "shutter_speed": "200.0",
        "bloom_intensity": "0.675",
        "iso": "100.0",
        "enable_postprocess_effects": "false",
        "gamma": "2.2",
        "motion_blur_intensity": "0.0",
        "motion_blur_max_distortion": "0.35",
        "lens_flare_intensity": "0.1",
        "motion_blur_min_object_screen_size": "0.1",
        "exposure_min_bright": "10.0",
        "exposure_speed_up": "3.0",
        "exposure_speed_down": "1.0",
        "tint": "0.0",
        "calibration_constant": "16.0",
        "focal_distance": "1000.0",
        "min_fstop": "1.2",
        "blade_count": "5",
        "blur_amount": "0.0",
        "blur_radius": "0.0",
        "slope": "0.88",
        "toe": "0.55",
        "white_clip": "0.04",
        "shoulder": "0.26",
        "black_clip": "0.0",
        "temp": "6500.0",
        "chromatic_aberration_intensity": "0.0"
      },
      "transform_carla": {
        "location": {
          "x": 83.98988342285156,
          "y": -60.24458694458008,
          "z": 1.725267767906189
        },
        "rotation": {
          "roll": -1.0576791763305664,
          "pitch": 0.577608585357666,
          "yaw": -28.909460067749023
        }
      },
      "matrix_world_from_sensor_carla": [
        [
          0.8753402233123779,
          0.4831816256046295,
          -0.01774679683148861,
          83.98988342285156
        ],
        [
          -0.4834023118019104,
          0.8753255009651184,
          -0.011286073364317417,
          -60.24458694458008
        ],
        [
          0.010081001557409763,
          0.018457995727658272,
          0.9997787475585938,
          1.725267767906189
        ],
        [
          0.0,
          0.0,
          0.0,
          1.0
        ]
      ],
      "matrix_world_from_sensor_bevfusion": [
        [
          0.4831816256046295,
          0.01774679683148861,
          0.8753402233123779,
          83.98988342285156
        ],
        [
          -0.8753255009651184,
          -0.011286073364317417,
          0.4834023118019104,
          60.24458694458008
        ],
        [
          0.018457995727658272,
          -0.9997787475585938,
          0.010081001557409763,
          1.725267767906189
        ],
        [
          0.0,
          0.0,
          0.0,
          1.0
        ]
      ],
      "matrix_ego_from_sensor_carla": [
        [
          -0.5735764503479004,
          -0.8191519379615784,
          6.86021763840472e-08,
          -1.3000068664550781
        ],
        [
          0.8191518783569336,
          -0.5735764503479004,
          4.920384100159936e-08,
          0.5499954223632812
        ],
        [
          -1.1904108809801528e-09,
          8.209811852566418e-08,
          0.9999999403953552,
          1.7000000476837158
        ],
        [
          0.0,
          0.0,
          0.0,
          1.0
        ]
      ],
      "matrix_ego_from_sensor_bevfusion": [
        [
          -0.8191519379615784,
          -6.86021763840472e-08,
          -0.5735764503479004,
          -1.3000068664550781
        ],
        [
          0.5735764503479004,
          4.920384100159936e-08,
          -0.8191518783569336,
          -0.5499954223632812
        ],
        [
          8.209811852566418e-08,
          -0.9999999403953552,
          -1.1904108809801528e-09,
          1.7000000476837158
        ],
        [
          0.0,
          0.0,
          0.0,
          1.0
        ]
      ],
      "camera_intrinsics": [
        [
          685.5110473632812,
          0.0,
          480.0
        ],
        [
          0.0,
          685.5110473632812,
          270.0
        ],
        [
          0.0,
          0.0,
          1.0
        ]
      ],
      "data_path": "D:\\Agent-AI\\outputs\\s3a_ml_long_v2\\sample_000067\\images\\CAM_BACK_RIGHT.png",
      "raw_layout": "bgra8"
    },
    "LIDAR_TOP": {
      "type_id": "sensor.lidar.ray_cast",
      "blueprint_attributes": {
        "atmosphere_attenuation_rate": "0.004",
        "role_name": "front",
        "noise_seed": "0",
        "upper_fov": "10.0",
        "ros_name": "sensor.lidar.ray_cast",
        "sensor_tick": "0.100000",
        "channels": "32",
        "range": "120.0",
        "points_per_second": "360000",
        "lower_fov": "-30.0",
        "rotation_frequency": "10.000000",
        "horizontal_fov": "360.0",
        "dropoff_general_rate": "0.0",
        "dropoff_intensity_limit": "1.0",
        "noise_stddev": "0.0",
        "dropoff_zero_intensity": "0.0"
      },
      "transform_carla": {
        "location": {
          "x": 82.57182312011719,
          "y": -60.3279914855957,
          "z": 2.199265480041504
        },
        "rotation": {
          "roll": 0.13347987830638885,
          "pitch": -1.1976872682571411,
          "yaw": -153.90553283691406
        }
      },
      "matrix_world_from_sensor_carla": [
        [
          -0.8978738784790039,
          0.43989506363868713,
          -0.017746757715940475,
          82.57182312011719
        ],
        [
          -0.43975645303726196,
          -0.8980461955070496,
          -0.011285999789834023,
          -60.3279914855957
        ],
        [
          -0.020902063697576523,
          -0.002329152310267091,
          0.9997788071632385,
          2.199265480041504
        ],
        [
          0.0,
          0.0,
          0.0,
          1.0
        ]
      ],
      "matrix_world_from_sensor_bevfusion": [
        [
          -0.8978738784790039,
          -0.43989506363868713,
          -0.017746757715940475,
          82.57182312011719
        ],
        [
          0.43975645303726196,
          -0.8980461955070496,
          0.011285999789834023,
          60.3279914855957
        ],
        [
          -0.020902063697576523,
          0.002329152310267091,
          0.9997788071632385,
          2.199265480041504
        ],
        [
          0.0,
          0.0,
          0.0,
          1.0
        ]
      ],
      "matrix_ego_from_sensor_carla": [
        [
          1.0,
          1.9483361590744153e-09,
          3.0109104098841044e-10,
          0.0
        ],
        [
          -5.174650707928663e-10,
          1.0,
          1.7057749657212185e-10,
          0.0
        ],
        [
          3.0150304475284884e-10,
          4.032536526921149e-10,
          1.0,
          2.200000286102295
        ],
        [
          0.0,
          0.0,
          0.0,
          1.0
        ]
      ],
      "matrix_ego_from_sensor_bevfusion": [
        [
          1.0,
          -1.9483361590744153e-09,
          3.0109104098841044e-10,
          0.0
        ],
        [
          5.174650707928663e-10,
          1.0,
          -1.7057749657212185e-10,
          0.0
        ],
        [
          3.0150304475284884e-10,
          -4.032536526921149e-10,
          1.0,
          2.200000286102295
        ],
        [
          0.0,
          0.0,
          0.0,
          1.0
        ]
      ],
      "data_path": "D:\\Agent-AI\\outputs\\s3a_ml_long_v2\\sample_000067\\lidar\\LIDAR_TOP.npy",
      "raw_layout": [
        "x",
        "y",
        "z",
        "intensity"
      ]
    },
    "RADAR_FRONT": {
      "type_id": "sensor.other.radar",
      "blueprint_attributes": {
        "sensor_tick": "0.100000",
        "role_name": "default",
        "noise_seed": "0",
        "ros_name": "sensor.other.radar",
        "horizontal_fov": "35.0",
        "points_per_second": "1500",
        "vertical_fov": "20.0",
        "range": "120.0"
      },
      "transform_carla": {
        "location": {
          "x": 80.79914855957031,
          "y": -61.19283676147461,
          "z": 0.8577485680580139
        },
        "rotation": {
          "roll": 0.13347987830638885,
          "pitch": -1.1976872682571411,
          "yaw": -153.90553283691406
        }
      },
      "matrix_world_from_sensor_carla": [
        [
          -0.8978738784790039,
          0.43989506363868713,
          -0.017746757715940475,
          80.79914855957031
        ],
        [
          -0.43975645303726196,
          -0.8980461955070496,
          -0.011285999789834023,
          -61.19283676147461
        ],
        [
          -0.020902063697576523,
          -0.002329152310267091,
          0.9997788071632385,
          0.8577485680580139
        ],
        [
          0.0,
          0.0,
          0.0,
          1.0
        ]
      ],
      "matrix_world_from_sensor_bevfusion": [
        [
          -0.8978738784790039,
          -0.43989506363868713,
          -0.017746757715940475,
          80.79914855957031
        ],
        [
          0.43975645303726196,
          -0.8980461955070496,
          0.011285999789834023,
          61.19283676147461
        ],
        [
          -0.020902063697576523,
          0.002329152310267091,
          0.9997788071632385,
          0.8577485680580139
        ],
        [
          0.0,
          0.0,
          0.0,
          1.0
        ]
      ],
      "matrix_ego_from_sensor_carla": [
        [
          1.0,
          1.9483361590744153e-09,
          3.0109104098841044e-10,
          2.0000076293945312
        ],
        [
          -5.174650707928663e-10,
          1.0,
          1.7057749657212185e-10,
          0.0
        ],
        [
          3.0150304475284884e-10,
          4.032536526921149e-10,
          1.0,
          0.8999998569488525
        ],
        [
          0.0,
          0.0,
          0.0,
          1.0
        ]
      ],
      "matrix_ego_from_sensor_bevfusion": [
        [
          1.0,
          -1.9483361590744153e-09,
          3.0109104098841044e-10,
          2.0000076293945312
        ],
        [
          5.174650707928663e-10,
          1.0,
          -1.7057749657212185e-10,
          0.0
        ],
        [
          3.0150304475284884e-10,
          -4.032536526921149e-10,
          1.0,
          0.8999998569488525
        ],
        [
          0.0,
          0.0,
          0.0,
          1.0
        ]
      ],
      "data_path": "D:\\Agent-AI\\outputs\\s3a_ml_long_v2\\sample_000067\\radar\\RADAR_FRONT.npy",
      "raw_layout": [
        "velocity",
        "altitude",
        "azimuth",
        "depth"
      ]
    },
    "RADAR_FRONT_LEFT": {
      "type_id": "sensor.other.radar",
      "blueprint_attributes": {
        "sensor_tick": "0.100000",
        "role_name": "default",
        "noise_seed": "0",
        "ros_name": "sensor.other.radar",
        "horizontal_fov": "35.0",
        "points_per_second": "1500",
        "vertical_fov": "20.0",
        "range": "120.0"
      },
      "transform_carla": {
        "location": {
          "x": 80.78347778320312,
          "y": -60.36538314819336,
          "z": 0.866811215877533
        },
        "rotation": {
          "roll": 0.9413225054740906,
          "pitch": -0.7524887323379517,
          "yaw": 161.08969116210938
        }
      },
      "matrix_world_from_sensor_carla": [
        [
          -0.9459454417228699,
          -0.32383993268013,
          -0.017746780067682266,
          80.78347778320312
        ],
        [
          0.3240598142147064,
          -0.94596928358078,
          -0.011286064982414246,
          -60.36538314819336
        ],
        [
          -0.013133028522133827,
          -0.016427019611001015,
          0.9997788071632385,
          0.866811215877533
        ],
        [
          0.0,
          0.0,
          0.0,
          1.0
        ]
      ],
      "matrix_world_from_sensor_bevfusion": [
        [
          -0.9459454417228699,
          0.32383993268013,
          -0.017746780067682266,
          80.78347778320312
        ],
        [
          -0.3240598142147064,
          -0.94596928358078,
          0.011286064982414246,
          60.36538314819336
        ],
        [
          -0.013133028522133827,
          0.016427019611001015,
          0.9997788071632385,
          0.866811215877533
        ],
        [
          0.0,
          0.0,
          0.0,
          1.0
        ]
      ],
      "matrix_ego_from_sensor_carla": [
        [
          0.7071067094802856,
          0.7071067690849304,
          4.8729866364283225e-08,
          1.6500053405761719
        ],
        [
          -0.7071068286895752,
          0.7071067690849304,
          4.906501160917287e-08,
          -0.7500076293945312
        ],
        [
          1.068046429075764e-09,
          -6.939949059869832e-08,
          1.0,
          0.8999999761581421
        ],
        [
          0.0,
          0.0,
          0.0,
          1.0
        ]
      ],
      "matrix_ego_from_sensor_bevfusion": [
        [
          0.7071067094802856,
          -0.7071067690849304,
          4.8729866364283225e-08,
          1.6500053405761719
        ],
        [
          0.7071068286895752,
          0.7071067690849304,
          -4.906501160917287e-08,
          0.7500076293945312
        ],
        [
          1.068046429075764e-09,
          6.939949059869832e-08,
          1.0,
          0.8999999761581421
        ],
        [
          0.0,
          0.0,
          0.0,
          1.0
        ]
      ],
      "data_path": "D:\\Agent-AI\\outputs\\s3a_ml_long_v2\\sample_000067\\radar\\RADAR_FRONT_LEFT.npy",
      "raw_layout": [
        "velocity",
        "altitude",
        "azimuth",
        "depth"
      ]
    },
    "RADAR_FRONT_RIGHT": {
      "type_id": "sensor.other.radar",
      "blueprint_attributes": {
        "sensor_tick": "0.100000",
        "role_name": "default",
        "noise_seed": "0",
        "ros_name": "sensor.other.radar",
        "horizontal_fov": "35.0",
        "points_per_second": "1500",
