{
  "schema_version": "stage1.v1",
  "sample_name": "sample_000088",
  "sequence_index": 88,
  "previous_sample_name": "sample_000087",
  "frame_id": 60089,
  "timestamp": 443.8197008818388,
  "platform_timestamp": 16814602.3629759,
  "delta_seconds": 0.10000000149011612,
  "town": "Carla/Maps/Town10HD_Opt",
  "weather": {
    "cloudiness": 20.0,
    "dust_storm": 0.0,
    "fog_density": 2.0,
    "fog_distance": 0.75,
    "fog_falloff": 0.10000000149011612,
    "mie_scattering_scale": 0.029999999329447746,
    "precipitation": 0.0,
    "precipitation_deposits": 0.0,
    "rayleigh_scattering_scale": 0.03310000151395798,
    "scattering_intensity": 1.0,
    "sun_altitude_angle": 45.0,
    "sun_azimuth_angle": 300.0,
    "wetness": 0.0,
    "wind_intensity": 10.0
  },
  "sensor_names": [
    "CAM_FRONT",
    "CAM_FRONT_RIGHT",
    "CAM_FRONT_LEFT",
    "CAM_BACK",
    "CAM_BACK_LEFT",
    "CAM_BACK_RIGHT",
    "LIDAR_TOP",
    "RADAR_FRONT",
    "RADAR_FRONT_LEFT",
    "RADAR_FRONT_RIGHT",
    "RADAR_BACK_LEFT",
    "RADAR_BACK_RIGHT"
  ],
  "camera_order_for_model": [
    "CAM_FRONT",
    "CAM_FRONT_RIGHT",
    "CAM_FRONT_LEFT",
    "CAM_BACK",
    "CAM_BACK_LEFT",
    "CAM_BACK_RIGHT"
  ],
  "radar_order_for_model": [
    "RADAR_FRONT",
    "RADAR_FRONT_LEFT",
    "RADAR_FRONT_RIGHT",
    "RADAR_BACK_LEFT",
    "RADAR_BACK_RIGHT"
  ],
  "coordinate_notes": {
    "carla_world": "left-handed x-forward y-right z-up",
    "bevfusion_lidar": "x-forward y-left z-up",
    "camera_frame_for_model": "OpenCV style x-right y-down z-forward"
  },
  "ego": {
    "actor_id": 28,
    "transform_carla": {
      "location": {
        "x": 77.29234313964844,
        "y": -62.27842712402344,
        "z": -0.0015938186552375555
      },
      "rotation": {
        "roll": -0.0506591796875,
        "pitch": -0.7836002111434937,
        "yaw": -161.72244262695312
      }
    },
    "velocity_carla": [
      0.003306243335828185,
      0.0012346761068329215,
      -0.00017168998601846397
    ],
    "angular_velocity_carla": [
      -0.3719489872455597,
      1.0722427368164062,
      -0.0017321965424343944
    ],
    "matrix_world_from_ego_carla": [
      [
        -0.9494596123695374,
        0.31360888481140137,
        -0.013263290748000145,
        77.29234313964844
      ],
      [
        -0.3135911524295807,
        -0.9495518207550049,
        -0.003449502866715193,
        -62.27842712402344
      ],
      [
        -0.013675977475941181,
        0.0008840866503305733,
        0.999906063079834,
        -0.0015938186552375555
      ],
      [
        0.0,
        0.0,
        0.0,
        1.0
      ]
    ],
    "matrix_world_from_ego_bevfusion": [
      [
        -0.9494596123695374,
        -0.31360888481140137,
        -0.013263290748000145,
        77.29234313964844
      ],
      [
        0.3135911524295807,
        -0.9495518207550049,
        0.003449502866715193,
        62.27842712402344
      ],
      [
        -0.013675977475941181,
        -0.0008840866503305733,
        0.999906063079834,
        -0.0015938186552375555
      ],
      [
        0.0,
        0.0,
        0.0,
        1.0
      ]
    ]
  },
  "sensors": {
    "CAM_FRONT": {
      "type_id": "sensor.camera.rgb",
      "blueprint_attributes": {
        "role_name": "front",
        "ros_name": "sensor.camera.rgb",
        "chromatic_aberration_offset": "0.0",
        "sensor_tick": "0.100000",
        "fstop": "1.4",
        "image_size_x": "960",
        "image_size_y": "540",
        "fov": "70.00",
        "lens_circle_falloff": "5.0",
        "lens_circle_multiplier": "0.0",
        "exposure_compensation": "0.0",
        "lens_y_size": "0.08",
        "lens_k": "-1.0",
        "exposure_mode": "histogram",
        "lens_kcube": "0.0",
        "lens_x_size": "0.08",
        "exposure_max_bright": "12.0",
        "shutter_speed": "200.0",
        "bloom_intensity": "0.675",
        "iso": "100.0",
        "enable_postprocess_effects": "false",
        "gamma": "2.2",
        "motion_blur_intensity": "0.0",
        "motion_blur_max_distortion": "0.35",
        "lens_flare_intensity": "0.1",
        "motion_blur_min_object_screen_size": "0.1",
        "exposure_min_bright": "10.0",
        "exposure_speed_up": "3.0",
        "exposure_speed_down": "1.0",
        "tint": "0.0",
        "calibration_constant": "16.0",
        "focal_distance": "1000.0",
        "min_fstop": "1.2",
        "blade_count": "5",
        "blur_amount": "0.0",
        "blur_radius": "0.0",
        "slope": "0.88",
        "toe": "0.55",
        "white_clip": "0.04",
        "shoulder": "0.26",
        "black_clip": "0.0",
        "temp": "6500.0",
        "chromatic_aberration_intensity": "0.0"
      },
      "transform_carla": {
        "location": {
          "x": 75.79814147949219,
          "y": -62.770355224609375,
          "z": 1.6770488023757935
        },
        "rotation": {
          "roll": -0.0506591796875,
          "pitch": -0.7836002111434937,
          "yaw": -161.72244262695312
        }
      },
      "matrix_world_from_sensor_carla": [
        [
          -0.9494596123695374,
          0.31360888481140137,
          -0.013263290748000145,
          75.79814147949219
        ],
        [
          -0.3135911524295807,
          -0.9495518207550049,
          -0.003449502866715193,
          -62.770355224609375
        ],
        [
          -0.013675977475941181,
          0.0008840866503305733,
          0.999906063079834,
          1.6770488023757935
        ],
        [
          0.0,
          0.0,
          0.0,
          1.0
        ]
      ],
      "matrix_world_from_sensor_bevfusion": [
        [
          0.31360888481140137,
          0.013263290748000145,
          -0.9494596123695374,
          75.79814147949219
        ],
        [
          0.9495518207550049,
          -0.003449502866715193,
          0.3135911524295807,
          62.770355224609375
        ],
        [
          0.0008840866503305733,
          -0.999906063079834,
          -0.013675977475941181,
          1.6770488023757935
        ],
        [
          0.0,
          0.0,
          0.0,
          1.0
        ]
      ],
      "matrix_ego_from_sensor_carla": [
        [
          1.0,
          -7.670898583000962e-09,
          3.853739549697366e-10,
          1.54998779296875
        ],
        [
          -7.67567520654211e-09,
          0.9999999403953552,
          -2.1890841916949455e-10,
          0.0
        ],
        [
          5.015447501754977e-10,
          1.24858359762392e-10,
          1.0,
          1.7000000476837158
        ],
        [
          0.0,
          0.0,
          0.0,
          1.0
        ]
      ],
      "matrix_ego_from_sensor_bevfusion": [
        [
          -7.670898583000962e-09,
          -3.853739549697366e-10,
          1.0,
          1.54998779296875
        ],
        [
          -0.9999999403953552,
          -2.1890841916949455e-10,
          7.67567520654211e-09,
          0.0
        ],
        [
          1.24858359762392e-10,
          -1.0,
          5.015447501754977e-10,
          1.7000000476837158
        ],
        [
          0.0,
          0.0,
          0.0,
          1.0
        ]
      ],
      "camera_intrinsics": [
        [
          685.5110473632812,
          0.0,
          480.0
        ],
        [
          0.0,
          685.5110473632812,
          270.0
        ],
        [
          0.0,
          0.0,
          1.0
        ]
      ],
      "data_path": "D:\\Agent-AI\\outputs\\s3a_ml_long_v2\\sample_000088\\images\\CAM_FRONT.png",
      "raw_layout": "bgra8"
    },
    "CAM_FRONT_RIGHT": {
      "type_id": "sensor.camera.rgb",
      "blueprint_attributes": {
        "role_name": "front",
        "ros_name": "sensor.camera.rgb",
        "chromatic_aberration_offset": "0.0",
        "sensor_tick": "0.100000",
        "fstop": "1.4",
        "image_size_x": "960",
        "image_size_y": "540",
        "fov": "70.00",
        "lens_circle_falloff": "5.0",
        "lens_circle_multiplier": "0.0",
        "exposure_compensation": "0.0",
        "lens_y_size": "0.08",
        "lens_k": "-1.0",
        "exposure_mode": "histogram",
        "lens_kcube": "0.0",
        "lens_x_size": "0.08",
        "exposure_max_bright": "12.0",
        "shutter_speed": "200.0",
        "bloom_intensity": "0.675",
        "iso": "100.0",
        "enable_postprocess_effects": "false",
        "gamma": "2.2",
        "motion_blur_intensity": "0.0",
        "motion_blur_max_distortion": "0.35",
        "lens_flare_intensity": "0.1",
        "motion_blur_min_object_screen_size": "0.1",
        "exposure_min_bright": "10.0",
        "exposure_speed_up": "3.0",
        "exposure_speed_down": "1.0",
        "tint": "0.0",
        "calibration_constant": "16.0",
        "focal_distance": "1000.0",
        "min_fstop": "1.2",
        "blade_count": "5",
        "blur_amount": "0.0",
        "blur_radius": "0.0",
        "slope": "0.88",
        "toe": "0.55",
        "white_clip": "0.04",
        "shoulder": "0.26",
        "black_clip": "0.0",
        "temp": "6500.0",
        "chromatic_aberration_intensity": "0.0"
      },
      "transform_carla": {
        "location": {
          "x": 76.2079849243164,
          "y": -63.21421432495117,
          "z": 1.6809539794921875
        },
        "rotation": {
          "roll": -0.670953631401062,
          "pitch": -0.40795353055000305,
          "yaw": -106.72041320800781
        }
      },
      "matrix_world_from_sensor_carla": [
        [
          -0.2876944839954376,
          0.957630455493927,
          -0.013263297267258167,
          76.2079849243164
        ],
        [
          -0.9576957821846008,
          -0.2877618968486786,
          -0.0034495568834245205,
          -63.21421432495117
        ],
        [
          -0.007120072375983,
          0.011709785088896751,
          0.9999061226844788,
          1.6809539794921875
        ],
        [
          0.0,
          0.0,
          0.0,
          1.0
        ]
      ],
      "matrix_world_from_sensor_bevfusion": [
        [
          0.957630455493927,
          0.013263297267258167,
          -0.2876944839954376,
          76.2079849243164
        ],
        [
          0.2877618968486786,
          -0.0034495568834245205,
          0.9576957821846008,
          63.21421432495117
        ],
        [
          0.011709785088896751,
          -0.9999061226844788,
          -0.007120072375983,
          1.6809539794921875
        ],
        [
          0.0,
          0.0,
          0.0,
          1.0
        ]
      ],
      "matrix_ego_from_sensor_carla": [
        [
          0.5735766291618347,
          -0.8191519975662231,
          2.192196468797647e-08,
          1.2999954223632812
        ],
        [
          0.8191519379615784,
          0.5735766291618347,
          4.925209040607115e-08,
          0.5500030517578125
        ],
        [
          -5.289605198299796e-08,
          -1.0567100083846981e-08,
          1.0000001192092896,
          1.6999999284744263
        ],
        [
          0.0,
          0.0,
          0.0,
          1.0
        ]
      ],
      "matrix_ego_from_sensor_bevfusion": [
        [
          -0.8191519975662231,
          -2.192196468797647e-08,
          0.5735766291618347,
          1.2999954223632812
        ],
        [
          -0.5735766291618347,
          4.925209040607115e-08,
          -0.8191519379615784,
          -0.5500030517578125
        ],
        [
          -1.0567100083846981e-08,
          -1.0000001192092896,
          -5.289605198299796e-08,
          1.6999999284744263
        ],
        [
          0.0,
          0.0,
          0.0,
          1.0
        ]
      ],
      "camera_intrinsics": [
        [
          685.5110473632812,
          0.0,
          480.0
        ],
        [
          0.0,
          685.5110473632812,
          270.0
        ],
        [
          0.0,
          0.0,
          1.0
        ]
      ],
      "data_path": "D:\\Agent-AI\\outputs\\s3a_ml_long_v2\\sample_000088\\images\\CAM_FRONT_RIGHT.png",
      "raw_layout": "bgra8"
    },
    "CAM_FRONT_LEFT": {
      "type_id": "sensor.camera.rgb",
      "blueprint_attributes": {
        "role_name": "front",
        "ros_name": "sensor.camera.rgb",
        "chromatic_aberration_offset": "0.0",
        "sensor_tick": "0.100000",
        "fstop": "1.4",
        "image_size_x": "960",
        "image_size_y": "540",
        "fov": "70.00",
        "lens_circle_falloff": "5.0",
        "lens_circle_multiplier": "0.0",
        "exposure_compensation": "0.0",
        "lens_y_size": "0.08",
        "lens_k": "-1.0",
        "exposure_mode": "histogram",
        "lens_kcube": "0.0",
        "lens_x_size": "0.08",
        "exposure_max_bright": "12.0",
        "shutter_speed": "200.0",
        "bloom_intensity": "0.675",
        "iso": "100.0",
        "enable_postprocess_effects": "false",
        "gamma": "2.2",
        "motion_blur_intensity": "0.0",
        "motion_blur_max_distortion": "0.35",
        "lens_flare_intensity": "0.1",
        "motion_blur_min_object_screen_size": "0.1",
        "exposure_min_bright": "10.0",
        "exposure_speed_up": "3.0",
        "exposure_speed_down": "1.0",
        "tint": "0.0",
        "calibration_constant": "16.0",
        "focal_distance": "1000.0",
        "min_fstop": "1.2",
        "blade_count": "5",
        "blur_amount": "0.0",
        "blur_radius": "0.0",
        "slope": "0.88",
        "toe": "0.55",
        "white_clip": "0.04",
        "shoulder": "0.26",
        "black_clip": "0.0",
        "temp": "6500.0",
        "chromatic_aberration_intensity": "0.0"
      },
      "transform_carla": {
        "location": {
          "x": 75.8630142211914,
          "y": -62.16970443725586,
          "z": 1.6799814701080322
        },
        "rotation": {
          "roll": 0.6128472089767456,
          "pitch": -0.49094030261039734,
          "yaw": 143.2745819091797
        }
      },
      "matrix_world_from_sensor_carla": [
        [
          -0.8014810085296631,
          -0.5978730916976929,
          -0.013263285160064697,
          75.8630142211914
        ],
        [
          0.5979588031768799,
          -0.8015193939208984,
          -0.0034494977444410324,
          -62.16970443725586
        ],
        [
          -0.008568419143557549,
          -0.010695604607462883,
          0.999906063079834,
          1.6799814701080322
        ],
        [
          0.0,
          0.0,
          0.0,
          1.0
        ]
      ],
      "matrix_world_from_sensor_bevfusion": [
        [
          -0.5978730916976929,
          0.013263285160064697,
          -0.8014810085296631,
          75.8630142211914
        ],
        [
          0.8015193939208984,
          -0.0034494977444410324,
          -0.5979588031768799,
          62.16970443725586
        ],
        [
          -0.010695604607462883,
          -0.999906063079834,
          -0.008568419143557549,
          1.6799814701080322
        ],
        [
          0.0,
          0.0,
          0.0,
          1.0
        ]
      ],
      "matrix_ego_from_sensor_carla": [
        [
          0.5735764503479004,
          0.8191519975662231,
          -7.0652066419540915e-09,
          1.2999954223632812
        ],
        [
          -0.8191519975662231,
          0.5735763907432556,
          -3.2457068144253753e-09,
          -0.5500030517578125
        ],
        [
          6.488055648290469e-10,
          9.422138624870513e-09,
          1.0,
          1.7000000476837158
        ],
        [
          0.0,
          0.0,
          0.0,
          1.0
        ]
      ],
      "matrix_ego_from_sensor_bevfusion": [
        [
          0.8191519975662231,
          7.0652066419540915e-09,
          0.5735764503479004,
          1.2999954223632812
        ],
        [
          -0.5735763907432556,
          -3.2457068144253753e-09,
          0.8191519975662231,
          0.5500030517578125
        ],
        [
          9.422138624870513e-09,
          -1.0,
          6.488055648290469e-10,
          1.7000000476837158
        ],
        [
          0.0,
          0.0,
          0.0,
          1.0
        ]
      ],
      "camera_intrinsics": [
        [
          685.5110473632812,
          0.0,
          480.0
        ],
        [
          0.0,
          685.5110473632812,
          270.0
        ],
        [
          0.0,
          0.0,
          1.0
        ]
      ],
      "data_path": "D:\\Agent-AI\\outputs\\s3a_ml_long_v2\\sample_000088\\images\\CAM_FRONT_LEFT.png",
      "raw_layout": "bgra8"
    },
    "CAM_BACK": {
      "type_id": "sensor.camera.rgb",
      "blueprint_attributes": {
        "role_name": "front",
        "ros_name": "sensor.camera.rgb",
        "chromatic_aberration_offset": "0.0",
        "sensor_tick": "0.100000",
        "fstop": "1.4",
        "image_size_x": "960",
        "image_size_y": "540",
        "fov": "70.00",
        "lens_circle_falloff": "5.0",
        "lens_circle_multiplier": "0.0",
        "exposure_compensation": "0.0",
        "lens_y_size": "0.08",
        "lens_k": "-1.0",
        "exposure_mode": "histogram",
        "lens_kcube": "0.0",
        "lens_x_size": "0.08",
        "exposure_max_bright": "12.0",
        "shutter_speed": "200.0",
        "bloom_intensity": "0.675",
        "iso": "100.0",
        "enable_postprocess_effects": "false",
        "gamma": "2.2",
        "motion_blur_intensity": "0.0",
        "motion_blur_max_distortion": "0.35",
        "lens_flare_intensity": "0.1",
        "motion_blur_min_object_screen_size": "0.1",
        "exposure_min_bright": "10.0",
        "exposure_speed_up": "3.0",
        "exposure_speed_down": "1.0",
        "tint": "0.0",
        "calibration_constant": "16.0",
        "focal_distance": "1000.0",
        "min_fstop": "1.2",
        "blade_count": "5",
        "blur_amount": "0.0",
        "blur_radius": "0.0",
        "slope": "0.88",
        "toe": "0.55",
        "white_clip": "0.04",
        "shoulder": "0.26",
        "black_clip": "0.0",
        "temp": "6500.0",
        "chromatic_aberration_intensity": "0.0"
      },
      "transform_carla": {
        "location": {
          "x": 78.74146270751953,
          "y": -61.79822540283203,
          "z": 1.7194442749023438
        },
        "rotation": {
          "roll": 0.05065944790840149,
          "pitch": 0.7836002111434937,
          "yaw": 18.277570724487305
        }
      },
      "matrix_world_from_sensor_carla": [
        [
          0.9494594931602478,
          -0.31360918283462524,
          -0.01326329167932272,
          78.74146270751953
        ],
        [
          0.31359145045280457,
          0.9495517015457153,
          -0.003449502866715193,
          -61.79822540283203
        ],
        [
          0.013675977475941181,
          -0.0008840913069434464,
          0.999906063079834,
          1.7194442749023438
        ],
        [
          0.0,
          0.0,
          0.0,
          1.0
        ]
      ],
      "matrix_world_from_sensor_bevfusion": [
        [
          -0.31360918283462524,
          0.01326329167932272,
          0.9494594931602478,
          78.74146270751953
        ],
        [
          -0.9495517015457153,
          -0.003449502866715193,
          -0.31359145045280457,
          61.79822540283203
        ],
        [
          -0.0008840913069434464,
          -0.999906063079834,
          0.013675977475941181,
          1.7194442749023438
        ],
        [
          0.0,
          0.0,
          0.0,
          1.0
        ]
      ],
      "matrix_ego_from_sensor_carla": [
        [
          -1.0,
          3.431407549214782e-07,
          1.316696529585215e-09,
          -1.5500068664550781
        ],
        [
          -3.0511500881402753e-07,
          -0.9999999403953552,
          -2.1890841916949455e-10,
          0.0
        ],
        [
          4.297778244399808e-10,
          -1.8262887035991326e-10,
          1.0,
          1.7000000476837158
        ],
        [
          0.0,
          0.0,
          0.0,
          1.0
        ]
      ],
      "matrix_ego_from_sensor_bevfusion": [
        [
          3.431407549214782e-07,
          -1.316696529585215e-09,
          -1.0,
          -1.5500068664550781
        ],
        [
          0.9999999403953552,
          -2.1890841916949455e-10,
          3.0511500881402753e-07,
          0.0
        ],
        [
          -1.8262887035991326e-10,
          -1.0,
          4.297778244399808e-10,
          1.7000000476837158
        ],
        [
          0.0,
          0.0,
          0.0,
          1.0
        ]
      ],
      "camera_intrinsics": [
        [
          685.5110473632812,
          0.0,
          480.0
        ],
        [
          0.0,
          685.5110473632812,
          270.0
        ],
        [
          0.0,
          0.0,
          1.0
        ]
      ],
      "data_path": "D:\\Agent-AI\\outputs\\s3a_ml_long_v2\\sample_000088\\images\\CAM_BACK.png",
      "raw_layout": "bgra8"
    },
    "CAM_BACK_LEFT": {
      "type_id": "sensor.camera.rgb",
      "blueprint_attributes": {
        "role_name": "front",
        "ros_name": "sensor.camera.rgb",
        "chromatic_aberration_offset": "0.0",
        "sensor_tick": "0.100000",
        "fstop": "1.4",
        "image_size_x": "960",
        "image_size_y": "540",
        "fov": "70.00",
        "lens_circle_falloff": "5.0",
        "lens_circle_multiplier": "0.0",
        "exposure_compensation": "0.0",
        "lens_y_size": "0.08",
        "lens_k": "-1.0",
        "exposure_mode": "histogram",
        "lens_kcube": "0.0",
        "lens_x_size": "0.08",
        "exposure_max_bright": "12.0",
        "shutter_speed": "200.0",
        "bloom_intensity": "0.675",
        "iso": "100.0",
        "enable_postprocess_effects": "false",
        "gamma": "2.2",
        "motion_blur_intensity": "0.0",
        "motion_blur_max_distortion": "0.35",
        "lens_flare_intensity": "0.1",
        "motion_blur_min_object_screen_size": "0.1",
        "exposure_min_bright": "10.0",
        "exposure_speed_up": "3.0",
        "exposure_speed_down": "1.0",
        "tint": "0.0",
        "calibration_constant": "16.0",
        "focal_distance": "1000.0",
        "min_fstop": "1.2",
        "blade_count": "5",
        "blur_amount": "0.0",
        "blur_radius": "0.0",
        "slope": "0.88",
        "toe": "0.55",
        "white_clip": "0.04",
        "shoulder": "0.26",
        "black_clip": "0.0",
        "temp": "6500.0",
        "chromatic_aberration_intensity": "0.0"
      },
      "transform_carla": {
        "location": {
          "x": 78.33161163330078,
          "y": -61.3543701171875,
          "z": 1.7155390977859497
        },
        "rotation": {
          "roll": 0.6709536910057068,
          "pitch": 0.40795353055000305,
          "yaw": 73.27955627441406
        }
      },
      "matrix_world_from_sensor_carla": [
        [
          0.2876949608325958,
          -0.9576303362846375,
          -0.01326330192387104,
          78.33161163330078
        ],
        [
          0.9576956629753113,
          0.2877623736858368,
          -0.0034495501313358545,
          -61.3543701171875
        ],
        [
          0.007120072375983,
          -0.0117097869515419,
          0.9999061226844788,
          1.7155390977859497
        ],
        [
          0.0,
          0.0,
          0.0,
          1.0
        ]
      ],
      "matrix_world_from_sensor_bevfusion": [
        [
          -0.9576303362846375,
          0.01326330192387104,
          0.2876949608325958,
          78.33161163330078
        ],
        [
          -0.2877623736858368,
          -0.0034495501313358545,
          -0.9576956629753113,
          61.3543701171875
        ],
        [
          -0.0117097869515419,
          -0.9999061226844788,
          0.007120072375983,
          1.7155390977859497
        ],
        [
          0.0,
          0.0,
          0.0,
          1.0
        ]
      ],
      "matrix_ego_from_sensor_carla": [
        [
          -0.5735769867897034,
          0.8191516995429993,
          2.4715932411822905e-08,
          -1.3000030517578125
        ],
        [
          -0.8191516399383545,
          -0.5735770463943481,
          4.1452263843666515e-08,
          -0.5499954223632812
        ],
        [
          4.730811653530509e-08,
          5.910661737829059e-09,
          1.0000001192092896,
          1.7000000476837158
        ],
        [
          0.0,
          0.0,
          0.0,
          1.0
        ]
      ],
      "matrix_ego_from_sensor_bevfusion": [
        [
          0.8191516995429993,
          -2.4715932411822905e-08,
          -0.5735769867897034,
          -1.3000030517578125
        ],
        [
          0.5735770463943481,
          4.1452263843666515e-08,
          0.8191516399383545,
          0.5499954223632812
        ],
        [
          5.910661737829059e-09,
          -1.0000001192092896,
          4.730811653530509e-08,
          1.7000000476837158
        ],
        [
          0.0,
          0.0,
          0.0,
          1.0
        ]
      ],
      "camera_intrinsics": [
        [
          685.5110473632812,
          0.0,
          480.0
        ],
        [
          0.0,
          685.5110473632812,
          270.0
        ],
        [
          0.0,
          0.0,
          1.0
        ]
      ],
      "data_path": "D:\\Agent-AI\\outputs\\s3a_ml_long_v2\\sample_000088\\images\\CAM_BACK_LEFT.png",
      "raw_layout": "bgra8"
    },
    "CAM_BACK_RIGHT": {
      "type_id": "sensor.camera.rgb",
      "blueprint_attributes": {
        "role_name": "front",
        "ros_name": "sensor.camera.rgb",
        "chromatic_aberration_offset": "0.0",
        "sensor_tick": "0.100000",
        "fstop": "1.4",
        "image_size_x": "960",
        "image_size_y": "540",
        "fov": "70.00",
        "lens_circle_falloff": "5.0",
        "lens_circle_multiplier": "0.0",
        "exposure_compensation": "0.0",
        "lens_y_size": "0.08",
        "lens_k": "-1.0",
        "exposure_mode": "histogram",
        "lens_kcube": "0.0",
        "lens_x_size": "0.08",
        "exposure_max_bright": "12.0",
        "shutter_speed": "200.0",
        "bloom_intensity": "0.675",
        "iso": "100.0",
        "enable_postprocess_effects": "false",
        "gamma": "2.2",
        "motion_blur_intensity": "0.0",
        "motion_blur_max_distortion": "0.35",
        "lens_flare_intensity": "0.1",
        "motion_blur_min_object_screen_size": "0.1",
        "exposure_min_bright": "10.0",
        "exposure_speed_up": "3.0",
        "exposure_speed_down": "1.0",
        "tint": "0.0",
        "calibration_constant": "16.0",
        "focal_distance": "1000.0",
        "min_fstop": "1.2",
        "blade_count": "5",
        "blur_amount": "0.0",
        "blur_radius": "0.0",
        "slope": "0.88",
        "toe": "0.55",
        "white_clip": "0.04",
        "shoulder": "0.26",
        "black_clip": "0.0",
        "temp": "6500.0",
        "chromatic_aberration_intensity": "0.0"
      },
      "transform_carla": {
        "location": {
          "x": 78.67658233642578,
          "y": -62.39887619018555,
          "z": 1.7165114879608154
        },
        "rotation": {
          "roll": -0.6128472089767456,
          "pitch": 0.49094030261039734,
          "yaw": -36.72541046142578
        }
      },
      "matrix_world_from_sensor_carla": [
        [
          0.8014810681343079,
          0.5978730320930481,
          -0.013263285160064697,
          78.67658233642578
        ],
        [
          -0.5979587435722351,
          0.8015194535255432,
          -0.0034494991414248943,
          -62.39887619018555
        ],
        [
          0.008568419143557549,
          0.010695604607462883,
          0.999906063079834,
          1.7165114879608154
        ],
        [
          0.0,
          0.0,
          0.0,
          1.0
        ]
      ],
      "matrix_world_from_sensor_bevfusion": [
        [
          0.5978730320930481,
          0.013263285160064697,
          0.8014810681343079,
          78.67658233642578
        ],
        [
          -0.8015194535255432,
          -0.0034494991414248943,
          0.5979587435722351,
          62.39887619018555
        ],
        [
          0.010695604607462883,
          -0.999906063079834,
          0.008568419143557549,
          1.7165114879608154
        ],
        [
          0.0,
          0.0,
          0.0,
          1.0
        ]
      ],
      "matrix_ego_from_sensor_carla": [
        [
          -0.5735765695571899,
          -0.8191519379615784,
          -7.0652066419540915e-09,
          -1.3000106811523438
        ],
        [
          0.8191519975662231,
          -0.5735764503479004,
          -1.906930613415625e-09,
          0.5500030517578125
        ],
        [
          -1.5801281394445255e-09,
          -8.490816050255034e-09,
          1.0,
          1.6999999284744263
        ],
        [
          0.0,
          0.0,
          0.0,
          1.0
        ]
      ],
      "matrix_ego_from_sensor_bevfusion": [
        [
          -0.8191519379615784,
          7.0652066419540915e-09,
          -0.5735765695571899,
          -1.3000106811523438
        ],
        [
          0.5735764503479004,
          -1.906930613415625e-09,
          -0.8191519975662231,
          -0.5500030517578125
        ],
        [
          -8.490816050255034e-09,
          -1.0,
          -1.5801281394445255e-09,
          1.6999999284744263
        ],
        [
          0.0,
          0.0,
          0.0,
          1.0
        ]
      ],
      "camera_intrinsics": [
        [
          685.5110473632812,
          0.0,
          480.0
        ],
        [
          0.0,
          685.5110473632812,
          270.0
        ],
        [
          0.0,
          0.0,
          1.0
        ]
      ],
      "data_path": "D:\\Agent-AI\\outputs\\s3a_ml_long_v2\\sample_000088\\images\\CAM_BACK_RIGHT.png",
      "raw_layout": "bgra8"
    },
    "LIDAR_TOP": {
      "type_id": "sensor.lidar.ray_cast",
      "blueprint_attributes": {
        "atmosphere_attenuation_rate": "0.004",
        "role_name": "front",
        "noise_seed": "0",
        "upper_fov": "10.0",
        "ros_name": "sensor.lidar.ray_cast",
        "sensor_tick": "0.100000",
        "channels": "32",
        "range": "120.0",
        "points_per_second": "360000",
        "lower_fov": "-30.0",
        "rotation_frequency": "10.000000",
        "horizontal_fov": "360.0",
        "dropoff_general_rate": "0.0",
        "dropoff_intensity_limit": "1.0",
        "noise_stddev": "0.0",
        "dropoff_zero_intensity": "0.0"
      },
      "transform_carla": {
        "location": {
          "x": 77.26316833496094,
          "y": -62.286014556884766,
          "z": 2.198199510574341
        },
        "rotation": {
          "roll": -0.0506591796875,
          "pitch": -0.7836002111434937,
          "yaw": -161.72244262695312
        }
      },
      "matrix_world_from_sensor_carla": [
        [
          -0.9494596123695374,
          0.31360888481140137,
          -0.013263290748000145,
          77.26316833496094
        ],
        [
          -0.3135911524295807,
          -0.9495518207550049,
          -0.003449502866715193,
          -62.286014556884766
        ],
        [
          -0.013675977475941181,
          0.0008840866503305733,
          0.999906063079834,
          2.198199510574341
        ],
        [
          0.0,
          0.0,
          0.0,
          1.0
        ]
      ],
      "matrix_world_from_sensor_bevfusion": [
        [
          -0.9494596123695374,
          -0.31360888481140137,
          -0.013263290748000145,
          77.26316833496094
        ],
        [
          0.3135911524295807,
          -0.9495518207550049,
          0.003449502866715193,
          62.286014556884766
        ],
        [
          -0.013675977475941181,
          -0.0008840866503305733,
          0.999906063079834,
          2.198199510574341
        ],
        [
          0.0,
          0.0,
          0.0,
          1.0
        ]
      ],
      "matrix_ego_from_sensor_carla": [
        [
          1.0,
          -7.670898583000962e-09,
          3.853739549697366e-10,
          -7.62939453125e-06
        ],
        [
          -7.67567520654211e-09,
          0.9999999403953552,
          -2.1890841916949455e-10,
          0.0
        ],
        [
          5.015447501754977e-10,
          1.24858359762392e-10,
          1.0,
          2.1999998092651367
        ],
        [
          0.0,
          0.0,
          0.0,
          1.0
        ]
      ],
      "matrix_ego_from_sensor_bevfusion": [
        [
          1.0,
          7.670898583000962e-09,
          3.853739549697366e-10,
          -7.62939453125e-06
        ],
        [
          7.67567520654211e-09,
          0.9999999403953552,
          2.1890841916949455e-10,
          0.0
        ],
        [
          5.015447501754977e-10,
          -1.24858359762392e-10,
          1.0,
          2.1999998092651367
        ],
        [
          0.0,
          0.0,
          0.0,
          1.0
        ]
      ],
      "data_path": "D:\\Agent-AI\\outputs\\s3a_ml_long_v2\\sample_000088\\lidar\\LIDAR_TOP.npy",
      "raw_layout": [
        "x",
        "y",
        "z",
        "intensity"
      ]
    },
    "RADAR_FRONT": {
      "type_id": "sensor.other.radar",
      "blueprint_attributes": {
        "sensor_tick": "0.100000",
        "role_name": "default",
        "noise_seed": "0",
        "ros_name": "sensor.other.radar",
        "horizontal_fov": "35.0",
        "points_per_second": "1500",
        "vertical_fov": "20.0",
        "range": "120.0"
      },
      "transform_carla": {
        "location": {
          "x": 75.3814926147461,
          "y": -62.908714294433594,
          "z": 0.8709696531295776
        },
        "rotation": {
          "roll": -0.0506591796875,
          "pitch": -0.7836002111434937,
          "yaw": -161.72244262695312
        }
      },
      "matrix_world_from_sensor_carla": [
        [
          -0.9494596123695374,
          0.31360888481140137,
          -0.013263290748000145,
          75.3814926147461
        ],
        [
          -0.3135911524295807,
          -0.9495518207550049,
          -0.003449502866715193,
          -62.908714294433594
        ],
        [
          -0.013675977475941181,
          0.0008840866503305733,
          0.999906063079834,
          0.8709696531295776
        ],
        [
          0.0,
          0.0,
          0.0,
          1.0
        ]
      ],
      "matrix_world_from_sensor_bevfusion": [
        [
          -0.9494596123695374,
          -0.31360888481140137,
          -0.013263290748000145,
          75.3814926147461
        ],
        [
          0.3135911524295807,
          -0.9495518207550049,
          0.003449502866715193,
          62.908714294433594
        ],
        [
          -0.013675977475941181,
          -0.0008840866503305733,
          0.999906063079834,
          0.8709696531295776
        ],
        [
          0.0,
          0.0,
          0.0,
          1.0
        ]
      ],
      "matrix_ego_from_sensor_carla": [
        [
          1.0,
          -7.670898583000962e-09,
          3.853739549697366e-10,
          1.9999923706054688
        ],
        [
          -7.67567520654211e-09,
          0.9999999403953552,
          -2.1890841916949455e-10,
          0.0
        ],
        [
          5.015447501754977e-10,
          1.24858359762392e-10,
          1.0,
          0.8999999165534973
        ],
        [
          0.0,
          0.0,
          0.0,
          1.0
        ]
      ],
      "matrix_ego_from_sensor_bevfusion": [
        [
          1.0,
          7.670898583000962e-09,
          3.853739549697366e-10,
          1.9999923706054688
        ],
        [
          7.67567520654211e-09,
          0.9999999403953552,
          2.1890841916949455e-10,
          0.0
        ],
        [
          5.015447501754977e-10,
          -1.24858359762392e-10,
          1.0,
          0.8999999165534973
        ],
        [
          0.0,
          0.0,
          0.0,
          1.0
        ]
      ],
      "data_path": "D:\\Agent-AI\\outputs\\s3a_ml_long_v2\\sample_000088\\radar\\RADAR_FRONT.npy",
      "raw_layout": [
        "velocity",
        "altitude",
        "azimuth",
        "depth"
      ]
    },
    "RADAR_FRONT_LEFT": {
      "type_id": "sensor.other.radar",
      "blueprint_attributes": {
        "sensor_tick": "0.100000",
        "role_name": "default",
        "noise_seed": "0",
        "ros_name": "sensor.other.radar",
        "horizontal_fov": "35.0",
        "points_per_second": "1500",
        "vertical_fov": "20.0",
        "range": "120.0"
      },
      "transform_carla": {
        "location": {
          "x": 75.47859954833984,
          "y": -62.0867919921875,
          "z": 0.8750932216644287
        },
        "rotation": {
          "roll": 0.518287718296051,
          "pitch": -0.5898960828781128,
          "yaw": 153.27455139160156
        }
      },
      "matrix_world_from_sensor_carla": [
        [
          -0.8931244015693665,
          -0.44961413741111755,
          -0.013263221830129623,
          75.47859954833984
        ],
        [
          0.44969186186790466,
          -0.8931770920753479,
          -0.003449533134698868,
          -62.0867919921875
        ],
        [
          -0.010295446962118149,
          -0.009045224636793137,
          0.9999061226844788,
          0.8750932216644287
        ],
        [
          0.0,
          0.0,
          0.0,
          1.0
        ]
      ],
      "matrix_world_from_sensor_bevfusion": [
        [
          -0.8931244015693665,
          0.44961413741111755,
          -0.013263221830129623,
          75.47859954833984
        ],
        [
          -0.44969186186790466,
          -0.8931770920753479,
          0.003449533134698868,
          62.0867919921875
        ],
        [
          -0.010295446962118149,
          0.009045224636793137,
          0.9999061226844788,
          0.8750932216644287
        ],
        [
          0.0,
          0.0,
          0.0,
          1.0
        ]
      ],
      "matrix_ego_from_sensor_carla": [
        [
          0.7071069478988647,
          0.7071065902709961,
          -5.7240455930696044e-08,
          1.649993896484375
        ],
        [
          -0.7071065902709961,
          0.7071069478988647,
          5.0416243624340495e-08,
          -0.75
        ],
        [
          7.523321698954533e-08,
          5.363154365056744e-09,
          1.0000001192092896,
          0.8999999165534973
        ],
        [
          0.0,
          0.0,
          0.0,
          1.0
        ]
      ],
      "matrix_ego_from_sensor_bevfusion": [
        [
          0.7071069478988647,
          -0.7071065902709961,
          -5.7240455930696044e-08,
          1.649993896484375
        ],
        [
          0.7071065902709961,
          0.7071069478988647,
          -5.0416243624340495e-08,
          0.75
        ],
        [
          7.523321698954533e-08,
          -5.363154365056744e-09,
          1.0000001192092896,
          0.8999999165534973
        ],
        [
          0.0,
          0.0,
          0.0,
          1.0
        ]
      ],
      "data_path": "D:\\Agent-AI\\outputs\\s3a_ml_long_v2\\sample_000088\\radar\\RADAR_FRONT_LEFT.npy",
      "raw_layout": [
        "velocity",
        "altitude",
        "azimuth",
        "depth"
      ]
    },
    "RADAR_FRONT_RIGHT": {
      "type_id": "sensor.other.radar",
      "blueprint_attributes": {
        "sensor_tick": "0.100000",
        "role_name": "default",
        "noise_seed": "0",
        "ros_name": "sensor.other.radar",
