{
  "schema_version": "stage1.v1",
  "sample_name": "sample_000044",
  "sequence_index": 44,
  "previous_sample_name": "sample_000043",
  "frame_id": 3964,
  "timestamp": 43.5310866124928,
  "platform_timestamp": 16816502.1806337,
  "delta_seconds": 0.10000000149011612,
  "town": "Carla/Maps/Town10HD_Opt",
  "weather": {
    "cloudiness": 20.0,
    "dust_storm": 0.0,
    "fog_density": 2.0,
    "fog_distance": 0.75,
    "fog_falloff": 0.10000000149011612,
    "mie_scattering_scale": 0.029999999329447746,
    "precipitation": 0.0,
    "precipitation_deposits": 0.0,
    "rayleigh_scattering_scale": 0.03310000151395798,
    "scattering_intensity": 1.0,
    "sun_altitude_angle": 45.0,
    "sun_azimuth_angle": 300.0,
    "wetness": 0.0,
    "wind_intensity": 10.0
  },
  "sensor_names": [
    "CAM_FRONT",
    "CAM_FRONT_RIGHT",
    "CAM_FRONT_LEFT",
    "CAM_BACK",
    "CAM_BACK_LEFT",
    "CAM_BACK_RIGHT",
    "LIDAR_TOP",
    "RADAR_FRONT",
    "RADAR_FRONT_LEFT",
    "RADAR_FRONT_RIGHT",
    "RADAR_BACK_LEFT",
    "RADAR_BACK_RIGHT"
  ],
  "camera_order_for_model": [
    "CAM_FRONT",
    "CAM_FRONT_RIGHT",
    "CAM_FRONT_LEFT",
    "CAM_BACK",
    "CAM_BACK_LEFT",
    "CAM_BACK_RIGHT"
  ],
  "radar_order_for_model": [
    "RADAR_FRONT",
    "RADAR_FRONT_LEFT",
    "RADAR_FRONT_RIGHT",
    "RADAR_BACK_LEFT",
    "RADAR_BACK_RIGHT"
  ],
  "coordinate_notes": {
    "carla_world": "left-handed x-forward y-right z-up",
    "bevfusion_lidar": "x-forward y-left z-up",
    "camera_frame_for_model": "OpenCV style x-right y-down z-forward"
  },
  "ego": {
    "actor_id": 24,
    "transform_carla": {
      "location": {
        "x": 106.7739028930664,
        "y": -38.85771560668945,
        "z": -0.004872970283031464
      },
      "rotation": {
        "roll": 0.04138294234871864,
        "pitch": 0.10058136284351349,
        "yaw": -109.5143051147461
      }
    },
    "velocity_carla": [
      -1.2210921049118042,
      -3.248199462890625,
      -4.291534423828125e-06
    ],
    "angular_velocity_carla": [
      -0.37920263409614563,
      0.14512060582637787,
      -2.5407321453094482
    ],
    "matrix_world_from_ego_carla": [
      [
        -0.33404168486595154,
        0.9425574541091919,
        0.0012671826407313347,
        106.7739028930664
      ],
      [
        -0.942556619644165,
        -0.3340432941913605,
        0.0014133686199784279,
        -38.85771560668945
      ],
      [
        0.0017554749501869082,
        -0.0007222674321383238,
        0.9999982118606567,
        -0.004872970283031464
      ],
      [
        0.0,
        0.0,
        0.0,
        1.0
      ]
    ],
    "matrix_world_from_ego_bevfusion": [
      [
        -0.33404168486595154,
        -0.9425574541091919,
        0.0012671826407313347,
        106.7739028930664
      ],
      [
        0.942556619644165,
        -0.3340432941913605,
        -0.0014133686199784279,
        38.85771560668945
      ],
      [
        0.0017554749501869082,
        0.0007222674321383238,
        0.9999982118606567,
        -0.004872970283031464
      ],
      [
        0.0,
        0.0,
        0.0,
        1.0
      ]
    ]
  },
  "sensors": {
    "CAM_FRONT": {
      "type_id": "sensor.camera.rgb",
      "blueprint_attributes": {
        "role_name": "front",
        "ros_name": "sensor.camera.rgb",
        "chromatic_aberration_offset": "0.0",
        "sensor_tick": "0.100000",
        "fstop": "1.4",
        "image_size_x": "960",
        "image_size_y": "540",
        "fov": "70.00",
        "lens_circle_falloff": "5.0",
        "lens_circle_multiplier": "0.0",
        "exposure_compensation": "0.0",
        "lens_y_size": "0.08",
        "lens_k": "-1.0",
        "exposure_mode": "histogram",
        "lens_kcube": "0.0",
        "lens_x_size": "0.08",
        "exposure_max_bright": "12.0",
        "shutter_speed": "200.0",
        "bloom_intensity": "0.675",
        "iso": "100.0",
        "enable_postprocess_effects": "false",
        "gamma": "2.2",
        "motion_blur_intensity": "0.0",
        "motion_blur_max_distortion": "0.35",
        "lens_flare_intensity": "0.1",
        "motion_blur_min_object_screen_size": "0.1",
        "exposure_min_bright": "10.0",
        "exposure_speed_up": "3.0",
        "exposure_speed_down": "1.0",
        "tint": "0.0",
        "calibration_constant": "16.0",
        "focal_distance": "1000.0",
        "min_fstop": "1.2",
        "blade_count": "5",
        "blur_amount": "0.0",
        "blur_radius": "0.0",
        "slope": "0.88",
        "toe": "0.55",
        "white_clip": "0.04",
        "shoulder": "0.26",
        "black_clip": "0.0",
        "temp": "6500.0",
        "chromatic_aberration_intensity": "0.0"
      },
      "transform_carla": {
        "location": {
          "x": 106.25830078125,
          "y": -40.31627655029297,
          "z": 1.6978448629379272
        },
        "rotation": {
          "roll": 0.04138294234871864,
          "pitch": 0.10058136284351349,
          "yaw": -109.5143051147461
        }
      },
      "matrix_world_from_sensor_carla": [
        [
          -0.33404168486595154,
          0.9425574541091919,
          0.0012671826407313347,
          106.25830078125
        ],
        [
          -0.942556619644165,
          -0.3340432941913605,
          0.0014133686199784279,
          -40.31627655029297
        ],
        [
          0.0017554749501869082,
          -0.0007222674321383238,
          0.9999982118606567,
          1.6978448629379272
        ],
        [
          0.0,
          0.0,
          0.0,
          1.0
        ]
      ],
      "matrix_world_from_sensor_bevfusion": [
        [
          0.9425574541091919,
          -0.0012671826407313347,
          -0.33404168486595154,
          106.25830078125
        ],
        [
          0.3340432941913605,
          0.0014133686199784279,
          0.942556619644165,
          40.31627655029297
        ],
        [
          -0.0007222674321383238,
          -0.9999982118606567,
          0.0017554749501869082,
          1.6978448629379272
        ],
        [
          0.0,
          0.0,
          0.0,
          1.0
        ]
      ],
      "matrix_ego_from_sensor_carla": [
        [
          1.0,
          6.874668057044175e-10,
          4.179656620806327e-12,
          1.549999713897705
        ],
        [
          -1.104300917376122e-08,
          1.0,
          1.0946167583458788e-11,
          7.62939453125e-06
        ],
        [
          4.179864787623444e-12,
          1.0946271666867347e-11,
          1.0,
          1.6999999284744263
        ],
        [
          0.0,
          0.0,
          0.0,
          1.0
        ]
      ],
      "matrix_ego_from_sensor_bevfusion": [
        [
          6.874668057044175e-10,
          -4.179656620806327e-12,
          1.0,
          1.549999713897705
        ],
        [
          -1.0,
          1.0946167583458788e-11,
          1.104300917376122e-08,
          -7.62939453125e-06
        ],
        [
          1.0946271666867347e-11,
          -1.0,
          4.179864787623444e-12,
          1.6999999284744263
        ],
        [
          0.0,
          0.0,
          0.0,
          1.0
        ]
      ],
      "camera_intrinsics": [
        [
          685.5110473632812,
          0.0,
          480.0
        ],
        [
          0.0,
          685.5110473632812,
          270.0
        ],
        [
          0.0,
          0.0,
          1.0
        ]
      ],
      "data_path": "D:\\Agent-AI\\outputs\\s3a_left_v3\\sample_000044\\images\\CAM_FRONT.png",
      "raw_layout": "bgra8"
    },
    "CAM_FRONT_RIGHT": {
      "type_id": "sensor.camera.rgb",
      "blueprint_attributes": {
        "role_name": "front",
        "ros_name": "sensor.camera.rgb",
        "chromatic_aberration_offset": "0.0",
        "sensor_tick": "0.100000",
        "fstop": "1.4",
        "image_size_x": "960",
        "image_size_y": "540",
        "fov": "70.00",
        "lens_circle_falloff": "5.0",
        "lens_circle_multiplier": "0.0",
        "exposure_compensation": "0.0",
        "lens_y_size": "0.08",
        "lens_k": "-1.0",
        "exposure_mode": "histogram",
        "lens_kcube": "0.0",
        "lens_x_size": "0.08",
        "exposure_max_bright": "12.0",
        "shutter_speed": "200.0",
        "bloom_intensity": "0.675",
        "iso": "100.0",
        "enable_postprocess_effects": "false",
        "gamma": "2.2",
        "motion_blur_intensity": "0.0",
        "motion_blur_max_distortion": "0.35",
        "lens_flare_intensity": "0.1",
        "motion_blur_min_object_screen_size": "0.1",
        "exposure_min_bright": "10.0",
        "exposure_speed_up": "3.0",
        "exposure_speed_down": "1.0",
        "tint": "0.0",
        "calibration_constant": "16.0",
        "focal_distance": "1000.0",
        "min_fstop": "1.2",
        "blade_count": "5",
        "blur_amount": "0.0",
        "blur_radius": "0.0",
        "slope": "0.88",
        "toe": "0.55",
        "white_clip": "0.04",
        "shoulder": "0.26",
        "black_clip": "0.0",
        "temp": "6500.0",
        "chromatic_aberration_intensity": "0.0"
      },
      "transform_carla": {
        "location": {
          "x": 106.86021423339844,
          "y": -40.26436233520508,
          "z": 1.6970086097717285
        },
        "rotation": {
          "roll": 0.10612767189741135,
          "pitch": 0.023789547383785248,
          "yaw": -54.51432418823242
        }
      },
      "matrix_world_from_sensor_carla": [
        [
          0.5804993510246277,
          0.8142596483230591,
          0.001267209299840033,
          106.86021423339844
        ],
        [
          -0.8142606019973755,
          0.5804977416992188,
          0.0014133305521681905,
          -40.26436233520508
        ],
        [
          0.00041520592640154064,
          -0.0018522761529311538,
          0.9999982118606567,
          1.6970086097717285
        ],
        [
          0.0,
          0.0,
          0.0,
          1.0
        ]
      ],
      "matrix_world_from_sensor_bevfusion": [
        [
          0.8142596483230591,
          -0.001267209299840033,
          0.5804993510246277,
          106.86021423339844
        ],
        [
          -0.5804977416992188,
          0.0014133305521681905,
          0.8142606019973755,
          40.26436233520508
        ],
        [
          -0.0018522761529311538,
          -0.9999982118606567,
          0.00041520592640154064,
          1.6970086097717285
        ],
        [
          0.0,
          0.0,
          0.0,
          1.0
        ]
      ],
      "matrix_ego_from_sensor_carla": [
        [
          0.5735765695571899,
          -0.8191519975662231,
          2.7012534431491986e-08,
          1.3000011444091797
        ],
        [
          0.8191520571708679,
          0.5735764503479004,
          3.7904133165511666e-08,
          0.5500030517578125
        ],
        [
          -4.6522771413037844e-08,
          5.249885248748143e-11,
          1.0,
          1.6999998092651367
        ],
        [
          0.0,
          0.0,
          0.0,
          1.0
        ]
      ],
      "matrix_ego_from_sensor_bevfusion": [
        [
          -0.8191519975662231,
          -2.7012534431491986e-08,
          0.5735765695571899,
          1.3000011444091797
        ],
        [
          -0.5735764503479004,
          3.7904133165511666e-08,
          -0.8191520571708679,
          -0.5500030517578125
        ],
        [
          5.249885248748143e-11,
          -1.0,
          -4.6522771413037844e-08,
          1.6999998092651367
        ],
        [
          0.0,
          0.0,
          0.0,
          1.0
        ]
      ],
      "camera_intrinsics": [
        [
          685.5110473632812,
          0.0,
          480.0
        ],
        [
          0.0,
          685.5110473632812,
          270.0
        ],
        [
          0.0,
          0.0,
          1.0
        ]
      ],
      "data_path": "D:\\Agent-AI\\outputs\\s3a_left_v3\\sample_000044\\images\\CAM_FRONT_RIGHT.png",
      "raw_layout": "bgra8"
    },
    "CAM_FRONT_LEFT": {
      "type_id": "sensor.camera.rgb",
      "blueprint_attributes": {
        "role_name": "front",
        "ros_name": "sensor.camera.rgb",
        "chromatic_aberration_offset": "0.0",
        "sensor_tick": "0.100000",
        "fstop": "1.4",
        "image_size_x": "960",
        "image_size_y": "540",
        "fov": "70.00",
        "lens_circle_falloff": "5.0",
        "lens_circle_multiplier": "0.0",
        "exposure_compensation": "0.0",
        "lens_y_size": "0.08",
        "lens_k": "-1.0",
        "exposure_mode": "histogram",
        "lens_kcube": "0.0",
        "lens_x_size": "0.08",
        "exposure_max_bright": "12.0",
        "shutter_speed": "200.0",
        "bloom_intensity": "0.675",
        "iso": "100.0",
        "enable_postprocess_effects": "false",
        "gamma": "2.2",
        "motion_blur_intensity": "0.0",
        "motion_blur_max_distortion": "0.35",
        "lens_flare_intensity": "0.1",
        "motion_blur_min_object_screen_size": "0.1",
        "exposure_min_bright": "10.0",
        "exposure_speed_up": "3.0",
        "exposure_speed_down": "1.0",
        "tint": "0.0",
        "calibration_constant": "16.0",
        "focal_distance": "1000.0",
        "min_fstop": "1.2",
        "blade_count": "5",
        "blur_amount": "0.0",
        "blur_radius": "0.0",
        "slope": "0.88",
        "toe": "0.55",
        "white_clip": "0.04",
        "shoulder": "0.26",
        "black_clip": "0.0",
        "temp": "6500.0",
        "chromatic_aberration_intensity": "0.0"
      },
      "transform_carla": {
        "location": {
          "x": 105.82339477539062,
          "y": -39.89691162109375,
          "z": 1.697803258895874
        },
        "rotation": {
          "roll": -0.05865521356463432,
          "pitch": 0.09159283339977264,
          "yaw": -164.51437377929688
        }
      },
      "matrix_world_from_sensor_carla": [
        [
          -0.9636962413787842,
          0.26699814200401306,
          0.001267230254597962,
          105.82339477539062
        ],
        [
          -0.2669963836669922,
          -0.9636964797973633,
          0.001413382007740438,
          -39.89691162109375
        ],
        [
          0.0015985957579687238,
          0.0010237250244244933,
          0.9999982118606567,
          1.697803258895874
        ],
        [
          0.0,
          0.0,
          0.0,
          1.0
        ]
      ],
      "matrix_world_from_sensor_bevfusion": [
        [
          0.26699814200401306,
          -0.001267230254597962,
          -0.9636962413787842,
          105.82339477539062
        ],
        [
          0.9636964797973633,
          0.001413382007740438,
          0.2669963836669922,
          39.89691162109375
        ],
        [
          0.0010237250244244933,
          -0.9999982118606567,
          0.0015985957579687238,
          1.697803258895874
        ],
        [
          0.0,
          0.0,
          0.0,
          1.0
        ]
      ],
      "matrix_ego_from_sensor_carla": [
        [
          0.5735767483711243,
          0.8191518783569336,
          -2.851757407995592e-08,
          1.299999713897705
        ],
        [
          -0.8191518783569336,
          0.5735767483711243,
          4.03488549238773e-08,
          -0.5500106811523438
        ],
        [
          4.941196607433085e-08,
          2.64912813907614e-10,
          1.0,
          1.6999999284744263
        ],
        [
          0.0,
          0.0,
          0.0,
          1.0
        ]
      ],
      "matrix_ego_from_sensor_bevfusion": [
        [
          0.8191518783569336,
          2.851757407995592e-08,
          0.5735767483711243,
          1.299999713897705
        ],
        [
          -0.5735767483711243,
          4.03488549238773e-08,
          0.8191518783569336,
          0.5500106811523438
        ],
        [
          2.64912813907614e-10,
          -1.0,
          4.941196607433085e-08,
          1.6999999284744263
        ],
        [
          0.0,
          0.0,
          0.0,
          1.0
        ]
      ],
      "camera_intrinsics": [
        [
          685.5110473632812,
          0.0,
          480.0
        ],
        [
          0.0,
          685.5110473632812,
          270.0
        ],
        [
          0.0,
          0.0,
          1.0
        ]
      ],
      "data_path": "D:\\Agent-AI\\outputs\\s3a_left_v3\\sample_000044\\images\\CAM_FRONT_LEFT.png",
      "raw_layout": "bgra8"
    },
    "CAM_BACK": {
      "type_id": "sensor.camera.rgb",
      "blueprint_attributes": {
        "role_name": "front",
        "ros_name": "sensor.camera.rgb",
        "chromatic_aberration_offset": "0.0",
        "sensor_tick": "0.100000",
        "fstop": "1.4",
        "image_size_x": "960",
        "image_size_y": "540",
        "fov": "70.00",
        "lens_circle_falloff": "5.0",
        "lens_circle_multiplier": "0.0",
        "exposure_compensation": "0.0",
        "lens_y_size": "0.08",
        "lens_k": "-1.0",
        "exposure_mode": "histogram",
        "lens_kcube": "0.0",
        "lens_x_size": "0.08",
        "exposure_max_bright": "12.0",
        "shutter_speed": "200.0",
        "bloom_intensity": "0.675",
        "iso": "100.0",
        "enable_postprocess_effects": "false",
        "gamma": "2.2",
        "motion_blur_intensity": "0.0",
        "motion_blur_max_distortion": "0.35",
        "lens_flare_intensity": "0.1",
        "motion_blur_min_object_screen_size": "0.1",
        "exposure_min_bright": "10.0",
        "exposure_speed_up": "3.0",
        "exposure_speed_down": "1.0",
        "tint": "0.0",
        "calibration_constant": "16.0",
        "focal_distance": "1000.0",
        "min_fstop": "1.2",
        "blade_count": "5",
        "blur_amount": "0.0",
        "blur_radius": "0.0",
        "slope": "0.88",
        "toe": "0.55",
        "white_clip": "0.04",
        "shoulder": "0.26",
        "black_clip": "0.0",
        "temp": "6500.0",
        "chromatic_aberration_intensity": "0.0"
      },
      "transform_carla": {
        "location": {
          "x": 107.2938232421875,
          "y": -37.39434814453125,
          "z": 1.692402958869934
        },
        "rotation": {
          "roll": -0.04138297215104103,
          "pitch": -0.10058136284351349,
          "yaw": 70.48568725585938
        }
      },
      "matrix_world_from_sensor_carla": [
        [
          0.3340418040752411,
          -0.9425573945045471,
          0.0012671833392232656,
          107.2938232421875
        ],
        [
          0.9425565600395203,
          0.33404341340065,
          0.0014133682707324624,
          -37.39434814453125
        ],
        [
          -0.0017554749501869082,
          0.000722267956007272,
          0.9999982118606567,
          1.692402958869934
        ],
        [
          0.0,
          0.0,
          0.0,
          1.0
        ]
      ],
      "matrix_world_from_sensor_bevfusion": [
        [
          -0.9425573945045471,
          -0.0012671833392232656,
          0.3340418040752411,
          107.2938232421875
        ],
        [
          -0.33404341340065,
          0.0014133682707324624,
          -0.9425565600395203,
          37.39434814453125
        ],
        [
          0.000722267956007272,
          -0.9999982118606567,
          -0.0017554749501869082,
          1.692402958869934
        ],
        [
          0.0,
          0.0,
          0.0,
          1.0
        ]
      ],
      "matrix_ego_from_sensor_carla": [
        [
          -1.0,
          -1.4285033955729887e-07,
          1.2059497844774114e-10,
          -1.5500022172927856
        ],
        [
          1.2036052510211448e-07,
          -1.0,
          8.258534411886842e-10,
          0.0
        ],
        [
          -4.179864787623444e-12,
          8.03960065187681e-10,
          1.0,
          1.6999999284744263
        ],
        [
          0.0,
          0.0,
          0.0,
          1.0
        ]
      ],
      "matrix_ego_from_sensor_bevfusion": [
        [
          -1.4285033955729887e-07,
          -1.2059497844774114e-10,
          -1.0,
          -1.5500022172927856
        ],
        [
          1.0,
          8.258534411886842e-10,
          -1.2036052510211448e-07,
          0.0
        ],
        [
          8.03960065187681e-10,
          -1.0,
          -4.179864787623444e-12,
          1.6999999284744263
        ],
        [
          0.0,
          0.0,
          0.0,
          1.0
        ]
      ],
      "camera_intrinsics": [
        [
          685.5110473632812,
          0.0,
          480.0
        ],
        [
          0.0,
          685.5110473632812,
          270.0
        ],
        [
          0.0,
          0.0,
          1.0
        ]
      ],
      "data_path": "D:\\Agent-AI\\outputs\\s3a_left_v3\\sample_000044\\images\\CAM_BACK.png",
      "raw_layout": "bgra8"
    },
    "CAM_BACK_LEFT": {
      "type_id": "sensor.camera.rgb",
      "blueprint_attributes": {
        "role_name": "front",
        "ros_name": "sensor.camera.rgb",
        "chromatic_aberration_offset": "0.0",
        "sensor_tick": "0.100000",
        "fstop": "1.4",
        "image_size_x": "960",
        "image_size_y": "540",
        "fov": "70.00",
        "lens_circle_falloff": "5.0",
        "lens_circle_multiplier": "0.0",
        "exposure_compensation": "0.0",
        "lens_y_size": "0.08",
        "lens_k": "-1.0",
        "exposure_mode": "histogram",
        "lens_kcube": "0.0",
        "lens_x_size": "0.08",
        "exposure_max_bright": "12.0",
        "shutter_speed": "200.0",
        "bloom_intensity": "0.675",
        "iso": "100.0",
        "enable_postprocess_effects": "false",
        "gamma": "2.2",
        "motion_blur_intensity": "0.0",
        "motion_blur_max_distortion": "0.35",
        "lens_flare_intensity": "0.1",
        "motion_blur_min_object_screen_size": "0.1",
        "exposure_min_bright": "10.0",
        "exposure_speed_up": "3.0",
        "exposure_speed_down": "1.0",
        "tint": "0.0",
        "calibration_constant": "16.0",
        "focal_distance": "1000.0",
        "min_fstop": "1.2",
        "blade_count": "5",
        "blur_amount": "0.0",
        "blur_radius": "0.0",
        "slope": "0.88",
        "toe": "0.55",
        "white_clip": "0.04",
        "shoulder": "0.26",
        "black_clip": "0.0",
        "temp": "6500.0",
        "chromatic_aberration_intensity": "0.0"
      },
      "transform_carla": {
        "location": {
          "x": 106.69190216064453,
          "y": -37.446266174316406,
          "z": 1.6932390928268433
        },
        "rotation": {
          "roll": -0.10612767189741135,
          "pitch": -0.023789547383785248,
          "yaw": 125.48567962646484
        }
      },
      "matrix_world_from_sensor_carla": [
        [
          -0.5804994702339172,
          -0.8142595887184143,
          0.0012672091834247112,
          106.69190216064453
        ],
        [
          0.8142605423927307,
          -0.5804978609085083,
          0.0014133307849988341,
          -37.446266174316406
        ],
        [
          -0.00041520592640154064,
          0.0018522761529311538,
          0.9999982118606567,
          1.6932390928268433
        ],
        [
          0.0,
          0.0,
          0.0,
          1.0
        ]
      ],
      "matrix_world_from_sensor_bevfusion": [
        [
          -0.8142595887184143,
          -0.0012672091834247112,
          -0.5804994702339172,
          106.69190216064453
        ],
        [
          0.5804978609085083,
          0.0014133307849988341,
          -0.8142605423927307,
          37.446266174316406
        ],
        [
          0.0018522761529311538,
          -0.9999982118606567,
          -0.00041520592640154064,
          1.6932390928268433
        ],
        [
          0.0,
          0.0,
          0.0,
          1.0
        ]
      ],
      "matrix_ego_from_sensor_carla": [
        [
          -0.5735764503479004,
          0.8191521167755127,
          2.6779703787838116e-08,
          -1.2999961376190186
        ],
        [
          -0.8191521167755127,
          -0.5735763311386108,
          3.76713025218578e-08,
          -0.5500030517578125
        ],
        [
          4.626083693892724e-08,
          -2.8532948226356325e-10,
          1.0,
          1.6999999284744263
        ],
        [
          0.0,
          0.0,
          0.0,
          1.0
        ]
      ],
      "matrix_ego_from_sensor_bevfusion": [
        [
          0.8191521167755127,
          -2.6779703787838116e-08,
          -0.5735764503479004,
          -1.2999961376190186
        ],
        [
          0.5735763311386108,
          3.76713025218578e-08,
          0.8191521167755127,
          0.5500030517578125
        ],
        [
          -2.8532948226356325e-10,
          -1.0,
          4.626083693892724e-08,
          1.6999999284744263
        ],
        [
          0.0,
          0.0,
          0.0,
          1.0
        ]
      ],
      "camera_intrinsics": [
        [
          685.5110473632812,
          0.0,
          480.0
        ],
        [
          0.0,
          685.5110473632812,
          270.0
        ],
        [
          0.0,
          0.0,
          1.0
        ]
      ],
      "data_path": "D:\\Agent-AI\\outputs\\s3a_left_v3\\sample_000044\\images\\CAM_BACK_LEFT.png",
      "raw_layout": "bgra8"
    },
    "CAM_BACK_RIGHT": {
      "type_id": "sensor.camera.rgb",
      "blueprint_attributes": {
        "role_name": "front",
        "ros_name": "sensor.camera.rgb",
        "chromatic_aberration_offset": "0.0",
        "sensor_tick": "0.100000",
        "fstop": "1.4",
        "image_size_x": "960",
        "image_size_y": "540",
        "fov": "70.00",
        "lens_circle_falloff": "5.0",
        "lens_circle_multiplier": "0.0",
        "exposure_compensation": "0.0",
        "lens_y_size": "0.08",
        "lens_k": "-1.0",
        "exposure_mode": "histogram",
        "lens_kcube": "0.0",
        "lens_x_size": "0.08",
        "exposure_max_bright": "12.0",
        "shutter_speed": "200.0",
        "bloom_intensity": "0.675",
        "iso": "100.0",
        "enable_postprocess_effects": "false",
        "gamma": "2.2",
        "motion_blur_intensity": "0.0",
        "motion_blur_max_distortion": "0.35",
        "lens_flare_intensity": "0.1",
        "motion_blur_min_object_screen_size": "0.1",
        "exposure_min_bright": "10.0",
        "exposure_speed_up": "3.0",
        "exposure_speed_down": "1.0",
        "tint": "0.0",
        "calibration_constant": "16.0",
        "focal_distance": "1000.0",
        "min_fstop": "1.2",
        "blade_count": "5",
        "blur_amount": "0.0",
        "blur_radius": "0.0",
        "slope": "0.88",
        "toe": "0.55",
        "white_clip": "0.04",
        "shoulder": "0.26",
        "black_clip": "0.0",
        "temp": "6500.0",
        "chromatic_aberration_intensity": "0.0"
      },
      "transform_carla": {
        "location": {
          "x": 107.72872161865234,
          "y": -37.81371307373047,
          "z": 1.6924444437026978
        },
        "rotation": {
          "roll": 0.05865521356463432,
          "pitch": -0.09159283339977264,
          "yaw": 15.485617637634277
        }
      },
      "matrix_world_from_sensor_carla": [
        [
          0.963696300983429,
          -0.26699793338775635,
          0.0012672306038439274,
          107.72872161865234
        ],
        [
          0.2669961750507355,
          0.9636965394020081,
          0.0014133816584944725,
          -37.81371307373047
        ],
        [
          -0.0015985957579687238,
          -0.0010237250244244933,
          0.9999982118606567,
          1.6924444437026978
        ],
        [
          0.0,
          0.0,
          0.0,
          1.0
        ]
      ],
      "matrix_world_from_sensor_bevfusion": [
        [
          -0.26699793338775635,
          -0.0012672306038439274,
          0.963696300983429,
          107.72872161865234
        ],
        [
          -0.9636965394020081,
          0.0014133816584944725,
          -0.2669961750507355,
          37.81371307373047
        ],
        [
          -0.0010237250244244933,
          -0.9999982118606567,
          -0.0015985957579687238,
          1.6924444437026978
        ],
        [
          0.0,
          0.0,
          0.0,
          1.0
        ]
      ],
      "matrix_ego_from_sensor_carla": [
        [
          -0.5735765695571899,
          -0.8191519975662231,
          -2.828474343630205e-08,
          -1.2999982833862305
        ],
        [
          0.8191519975662231,
          -0.5735765695571899,
          4.081451621118504e-08,
          0.5500030517578125
        ],
        [
          -4.964479671798472e-08,
          8.433316545097824e-11,
          1.0,
          1.6999998092651367
        ],
        [
          0.0,
          0.0,
          0.0,
          1.0
        ]
      ],
      "matrix_ego_from_sensor_bevfusion": [
        [
          -0.8191519975662231,
          2.828474343630205e-08,
          -0.5735765695571899,
          -1.2999982833862305
        ],
        [
          0.5735765695571899,
          4.081451621118504e-08,
          -0.8191519975662231,
          -0.5500030517578125
        ],
        [
          8.433316545097824e-11,
          -1.0,
          -4.964479671798472e-08,
          1.6999998092651367
        ],
        [
          0.0,
          0.0,
          0.0,
          1.0
        ]
      ],
      "camera_intrinsics": [
        [
          685.5110473632812,
          0.0,
          480.0
        ],
        [
          0.0,
          685.5110473632812,
          270.0
        ],
        [
          0.0,
          0.0,
          1.0
        ]
      ],
      "data_path": "D:\\Agent-AI\\outputs\\s3a_left_v3\\sample_000044\\images\\CAM_BACK_RIGHT.png",
      "raw_layout": "bgra8"
    },
    "LIDAR_TOP": {
      "type_id": "sensor.lidar.ray_cast",
      "blueprint_attributes": {
        "atmosphere_attenuation_rate": "0.004",
        "role_name": "front",
        "noise_seed": "0",
        "upper_fov": "10.0",
        "ros_name": "sensor.lidar.ray_cast",
        "sensor_tick": "0.100000",
        "channels": "32",
        "range": "120.0",
        "points_per_second": "360000",
        "lower_fov": "-30.0",
        "rotation_frequency": "10.000000",
        "horizontal_fov": "360.0",
        "dropoff_general_rate": "0.0",
        "dropoff_intensity_limit": "1.0",
        "noise_stddev": "0.0",
        "dropoff_zero_intensity": "0.0"
      },
      "transform_carla": {
        "location": {
          "x": 106.77668762207031,
          "y": -38.85460662841797,
          "z": 2.1951229572296143
        },
        "rotation": {
          "roll": 0.04138294234871864,
          "pitch": 0.10058136284351349,
          "yaw": -109.5143051147461
        }
      },
      "matrix_world_from_sensor_carla": [
        [
          -0.33404168486595154,
          0.9425574541091919,
          0.0012671826407313347,
          106.77668762207031
        ],
        [
          -0.942556619644165,
          -0.3340432941913605,
          0.0014133686199784279,
          -38.85460662841797
        ],
        [
          0.0017554749501869082,
          -0.0007222674321383238,
          0.9999982118606567,
          2.1951229572296143
        ],
        [
          0.0,
          0.0,
          0.0,
          1.0
        ]
      ],
      "matrix_world_from_sensor_bevfusion": [
        [
          -0.33404168486595154,
          -0.9425574541091919,
          0.0012671826407313347,
          106.77668762207031
        ],
        [
          0.942556619644165,
          -0.3340432941913605,
          -0.0014133686199784279,
          38.85460662841797
        ],
        [
          0.0017554749501869082,
          0.0007222674321383238,
          0.9999982118606567,
          2.1951229572296143
        ],
        [
          0.0,
          0.0,
          0.0,
          1.0
        ]
      ],
      "matrix_ego_from_sensor_carla": [
        [
          1.0,
          6.874668057044175e-10,
          4.179656620806327e-12,
          1.4901161193847656e-06
        ],
        [
          -1.104300917376122e-08,
          1.0,
          1.0946167583458788e-11,
          -7.62939453125e-06
        ],
        [
          4.179864787623444e-12,
          1.0946271666867347e-11,
          1.0,
          2.1999998092651367
        ],
        [
          0.0,
          0.0,
          0.0,
          1.0
        ]
      ],
      "matrix_ego_from_sensor_bevfusion": [
        [
          1.0,
          -6.874668057044175e-10,
          4.179656620806327e-12,
          1.4901161193847656e-06
        ],
        [
          1.104300917376122e-08,
          1.0,
          -1.0946167583458788e-11,
          7.62939453125e-06
        ],
        [
          4.179864787623444e-12,
          -1.0946271666867347e-11,
          1.0,
          2.1999998092651367
        ],
        [
          0.0,
          0.0,
          0.0,
          1.0
        ]
      ],
      "data_path": "D:\\Agent-AI\\outputs\\s3a_left_v3\\sample_000044\\lidar\\LIDAR_TOP.npy",
      "raw_layout": [
        "x",
        "y",
        "z",
        "intensity"
      ]
    },
    "RADAR_FRONT": {
      "type_id": "sensor.other.radar",
      "blueprint_attributes": {
        "sensor_tick": "0.100000",
        "role_name": "default",
        "noise_seed": "0",
        "ros_name": "sensor.other.radar",
        "horizontal_fov": "35.0",
        "points_per_second": "1500",
        "vertical_fov": "20.0",
        "range": "120.0"
      },
      "transform_carla": {
        "location": {
          "x": 106.10696411132812,
          "y": -40.74155807495117,
          "z": 0.8986362814903259
        },
        "rotation": {
          "roll": 0.04138294234871864,
          "pitch": 0.10058136284351349,
          "yaw": -109.5143051147461
        }
      },
      "matrix_world_from_sensor_carla": [
        [
          -0.33404168486595154,
          0.9425574541091919,
          0.0012671826407313347,
          106.10696411132812
        ],
        [
          -0.942556619644165,
          -0.3340432941913605,
          0.0014133686199784279,
          -40.74155807495117
        ],
        [
          0.0017554749501869082,
          -0.0007222674321383238,
          0.9999982118606567,
          0.8986362814903259
        ],
        [
          0.0,
          0.0,
          0.0,
          1.0
        ]
      ],
      "matrix_world_from_sensor_bevfusion": [
        [
          -0.33404168486595154,
          -0.9425574541091919,
          0.0012671826407313347,
          106.10696411132812
        ],
        [
          0.942556619644165,
          -0.3340432941913605,
          -0.0014133686199784279,
          40.74155807495117
        ],
        [
          0.0017554749501869082,
          0.0007222674321383238,
          0.9999982118606567,
          0.8986362814903259
        ],
        [
          0.0,
          0.0,
          0.0,
          1.0
        ]
      ],
      "matrix_ego_from_sensor_carla": [
        [
          1.0,
          6.874668057044175e-10,
          4.179656620806327e-12,
          2.0000011920928955
        ],
        [
          -1.104300917376122e-08,
          1.0,
          1.0946167583458788e-11,
          0.0
        ],
        [
          4.179864787623444e-12,
          1.0946271666867347e-11,
          1.0,
          0.8999999761581421
        ],
        [
          0.0,
          0.0,
          0.0,
          1.0
        ]
      ],
      "matrix_ego_from_sensor_bevfusion": [
        [
          1.0,
          -6.874668057044175e-10,
          4.179656620806327e-12,
          2.0000011920928955
        ],
        [
          1.104300917376122e-08,
          1.0,
          -1.0946167583458788e-11,
          0.0
        ],
        [
          4.179864787623444e-12,
          -1.0946271666867347e-11,
          1.0,
          0.8999999761581421
        ],
        [
          0.0,
          0.0,
          0.0,
          1.0
        ]
      ],
      "data_path": "D:\\Agent-AI\\outputs\\s3a_left_v3\\sample_000044\\radar\\RADAR_FRONT.npy",
      "raw_layout": [
        "velocity",
        "altitude",
        "azimuth",
        "depth"
      ]
    },
    "RADAR_FRONT_LEFT": {
      "type_id": "sensor.other.radar",
      "blueprint_attributes": {
        "sensor_tick": "0.100000",
        "role_name": "default",
        "noise_seed": "0",
        "ros_name": "sensor.other.radar",
        "horizontal_fov": "35.0",
        "points_per_second": "1500",
        "vertical_fov": "20.0",
        "range": "120.0"
      },
      "transform_carla": {
        "location": {
          "x": 105.51696014404297,
          "y": -40.161128997802734,
          "z": 0.8985636234283447
        },
        "rotation": {
          "roll": -0.04185966029763222,
          "pitch": 0.10038328170776367,
          "yaw": -154.51438903808594
        }
      },
      "matrix_world_from_sensor_carla": [
        [
          -0.9026919603347778,
          0.43028557300567627,
          0.0012671734439209104,
          105.51696014404297
        ],
        [
          -0.4302838444709778,
          -0.9026925563812256,
          0.0014133637305349112,
          -40.161128997802734
        ],
        [
          0.0017520178807899356,
          0.0007305877516046166,
          0.9999982118606567,
          0.8985636234283447
        ],
        [
          0.0,
          0.0,
          0.0,
          1.0
        ]
      ],
      "matrix_world_from_sensor_bevfusion": [
        [
          -0.9026919603347778,
          -0.43028557300567627,
          0.0012671734439209104,
          105.51696014404297
        ],
        [
          0.4302838444709778,
          -0.9026925563812256,
          -0.0014133637305349112,
          40.161128997802734
        ],
        [
          0.0017520178807899356,
          -0.0007305877516046166,
          0.9999982118606567,
          0.8985636234283447
        ],
        [
          0.0,
          0.0,
          0.0,
          1.0
        ]
      ],
      "matrix_ego_from_sensor_carla": [
        [
          0.7071067690849304,
          0.7071069478988647,
          7.687591008220807e-09,
          1.6499998569488525
        ],
        [
          -0.7071068286895752,
          0.7071067690849304,
          -6.973972954682495e-09,
          -0.75
        ],
        [
          -1.0467017474979912e-08,
          -4.332778025251116e-10,
          1.0,
          0.9000000357627869
        ],
        [
          0.0,
          0.0,
          0.0,
          1.0
        ]
      ],
      "matrix_ego_from_sensor_bevfusion": [
        [
          0.7071067690849304,
          -0.7071069478988647,
          7.687591008220807e-09,
          1.6499998569488525
        ],
        [
          0.7071068286895752,
          0.7071067690849304,
          6.973972954682495e-09,
          0.75
        ],
        [
          -1.0467017474979912e-08,
          4.332778025251116e-10,
          1.0,
          0.9000000357627869
        ],
        [
          0.0,
          0.0,
          0.0,
          1.0
        ]
      ],
      "data_path": "D:\\Agent-AI\\outputs\\s3a_left_v3\\sample_000044\\radar\\RADAR_FRONT_LEFT.npy",
      "raw_layout": [
        "velocity",
        "altitude",
        "azimuth",
        "depth"
      ]
    },
    "RADAR_FRONT_RIGHT": {
      "type_id": "sensor.other.radar",
      "blueprint_attributes": {
        "sensor_tick": "0.100000",
        "role_name": "default",
        "noise_seed": "0",
        "ros_name": "sensor.other.radar",
        "horizontal_fov": "35.0",
        "points_per_second": "1500",
        "vertical_fov": "20.0",
