{
  "schema_version": "stage1.v1",
  "sample_name": "sample_000004",
  "sequence_index": 4,
  "previous_sample_name": "sample_000003",
  "frame_id": 726277,
  "timestamp": 4997.594624724239,
  "platform_timestamp": 16813366.7620477,
  "delta_seconds": 0.10000000149011612,
  "town": "Carla/Maps/Town10HD_Opt",
  "weather": {
    "cloudiness": 20.0,
    "dust_storm": 0.0,
    "fog_density": 2.0,
    "fog_distance": 0.75,
    "fog_falloff": 0.10000000149011612,
    "mie_scattering_scale": 0.029999999329447746,
    "precipitation": 0.0,
    "precipitation_deposits": 0.0,
    "rayleigh_scattering_scale": 0.03310000151395798,
    "scattering_intensity": 1.0,
    "sun_altitude_angle": 45.0,
    "sun_azimuth_angle": 300.0,
    "wetness": 0.0,
    "wind_intensity": 10.0
  },
  "sensor_names": [
    "CAM_FRONT",
    "CAM_FRONT_RIGHT",
    "CAM_FRONT_LEFT",
    "CAM_BACK",
    "CAM_BACK_LEFT",
    "CAM_BACK_RIGHT",
    "LIDAR_TOP",
    "RADAR_FRONT",
    "RADAR_FRONT_LEFT",
    "RADAR_FRONT_RIGHT",
    "RADAR_BACK_LEFT",
    "RADAR_BACK_RIGHT"
  ],
  "camera_order_for_model": [
    "CAM_FRONT",
    "CAM_FRONT_RIGHT",
    "CAM_FRONT_LEFT",
    "CAM_BACK",
    "CAM_BACK_LEFT",
    "CAM_BACK_RIGHT"
  ],
  "radar_order_for_model": [
    "RADAR_FRONT",
    "RADAR_FRONT_LEFT",
    "RADAR_FRONT_RIGHT",
    "RADAR_BACK_LEFT",
    "RADAR_BACK_RIGHT"
  ],
  "coordinate_notes": {
    "carla_world": "left-handed x-forward y-right z-up",
    "bevfusion_lidar": "x-forward y-left z-up",
    "camera_frame_for_model": "OpenCV style x-right y-down z-forward"
  },
  "ego": {
    "actor_id": 49,
    "transform_carla": {
      "location": {
        "x": 106.37284851074219,
        "y": -22.624698638916016,
        "z": -0.0061884308233857155
      },
      "rotation": {
        "roll": 0.02738446556031704,
        "pitch": 0.5355960726737976,
        "yaw": -91.22921752929688
      }
    },
    "velocity_carla": [
      -0.1412162184715271,
      -5.37196159362793,
      0.0006295680650509894
    ],
    "angular_velocity_carla": [
      1.436510682106018,
      -0.08376611769199371,
      -1.1485357284545898
    ],
    "matrix_world_from_ego_carla": [
      [
        -0.021451318636536598,
        0.9997696280479431,
        0.0006783699500374496,
        106.37284851074219
      ],
      [
        -0.9997261762619019,
        -0.021456720307469368,
        0.009335373528301716,
        -22.624698638916016
      ],
      [
        0.009347778744995594,
        -0.0004779281734954566,
        0.9999561905860901,
        -0.0061884308233857155
      ],
      [
        0.0,
        0.0,
        0.0,
        1.0
      ]
    ],
    "matrix_world_from_ego_bevfusion": [
      [
        -0.021451318636536598,
        -0.9997696280479431,
        0.0006783699500374496,
        106.37284851074219
      ],
      [
        0.9997261762619019,
        -0.021456720307469368,
        -0.009335373528301716,
        22.624698638916016
      ],
      [
        0.009347778744995594,
        0.0004779281734954566,
        0.9999561905860901,
        -0.0061884308233857155
      ],
      [
        0.0,
        0.0,
        0.0,
        1.0
      ]
    ]
  },
  "sensors": {
    "CAM_FRONT": {
      "type_id": "sensor.camera.rgb",
      "blueprint_attributes": {
        "role_name": "front",
        "ros_name": "sensor.camera.rgb",
        "chromatic_aberration_offset": "0.0",
        "sensor_tick": "0.100000",
        "fstop": "1.4",
        "image_size_x": "960",
        "image_size_y": "540",
        "fov": "70.00",
        "lens_circle_falloff": "5.0",
        "lens_circle_multiplier": "0.0",
        "exposure_compensation": "0.0",
        "lens_y_size": "0.08",
        "lens_k": "-1.0",
        "exposure_mode": "histogram",
        "lens_kcube": "0.0",
        "lens_x_size": "0.08",
        "exposure_max_bright": "12.0",
        "shutter_speed": "200.0",
        "bloom_intensity": "0.675",
        "iso": "100.0",
        "enable_postprocess_effects": "false",
        "gamma": "2.2",
        "motion_blur_intensity": "0.0",
        "motion_blur_max_distortion": "0.35",
        "lens_flare_intensity": "0.1",
        "motion_blur_min_object_screen_size": "0.1",
        "exposure_min_bright": "10.0",
        "exposure_speed_up": "3.0",
        "exposure_speed_down": "1.0",
        "tint": "0.0",
        "calibration_constant": "16.0",
        "focal_distance": "1000.0",
        "min_fstop": "1.2",
        "blade_count": "5",
        "blur_amount": "0.0",
        "blur_radius": "0.0",
        "slope": "0.88",
        "toe": "0.55",
        "white_clip": "0.04",
        "shoulder": "0.26",
        "black_clip": "0.0",
        "temp": "6500.0",
        "chromatic_aberration_intensity": "0.0"
      },
      "transform_carla": {
        "location": {
          "x": 106.34075164794922,
          "y": -24.158405303955078,
          "z": 1.708225965499878
        },
        "rotation": {
          "roll": 0.02738446556031704,
          "pitch": 0.5355960726737976,
          "yaw": -91.22921752929688
        }
      },
      "matrix_world_from_sensor_carla": [
        [
          -0.021451318636536598,
          0.9997696280479431,
          0.0006783699500374496,
          106.34075164794922
        ],
        [
          -0.9997261762619019,
          -0.021456720307469368,
          0.009335373528301716,
          -24.158405303955078
        ],
        [
          0.009347778744995594,
          -0.0004779281734954566,
          0.9999561905860901,
          1.708225965499878
        ],
        [
          0.0,
          0.0,
          0.0,
          1.0
        ]
      ],
      "matrix_world_from_sensor_bevfusion": [
        [
          0.9997696280479431,
          -0.0006783699500374496,
          -0.021451318636536598,
          106.34075164794922
        ],
        [
          0.021456720307469368,
          0.009335373528301716,
          0.9997261762619019,
          24.158405303955078
        ],
        [
          -0.0004779281734954566,
          -0.9999561905860901,
          0.009347778744995594,
          1.708225965499878
        ],
        [
          0.0,
          0.0,
          0.0,
          1.0
        ]
      ],
      "matrix_ego_from_sensor_carla": [
        [
          1.0,
          -2.4116933450279987e-10,
          -6.700979215956693e-10,
          1.5500011444091797
        ],
        [
          3.420888294858315e-10,
          1.0,
          1.2097798457455511e-11,
          0.0
        ],
        [
          2.6122465301980924e-10,
          -1.700475697752335e-11,
          1.0,
          1.6999998092651367
        ],
        [
          0.0,
          0.0,
          0.0,
          1.0
        ]
      ],
      "matrix_ego_from_sensor_bevfusion": [
        [
          -2.4116933450279987e-10,
          6.700979215956693e-10,
          1.0,
          1.5500011444091797
        ],
        [
          -1.0,
          1.2097798457455511e-11,
          -3.420888294858315e-10,
          0.0
        ],
        [
          -1.700475697752335e-11,
          -1.0,
          2.6122465301980924e-10,
          1.6999998092651367
        ],
        [
          0.0,
          0.0,
          0.0,
          1.0
        ]
      ],
      "camera_intrinsics": [
        [
          685.5110473632812,
          0.0,
          480.0
        ],
        [
          0.0,
          685.5110473632812,
          270.0
        ],
        [
          0.0,
          0.0,
          1.0
        ]
      ],
      "data_path": "D:\\Agent-AI\\outputs\\s3a_ml_long_v1\\sample_000004\\images\\CAM_FRONT.png",
      "raw_layout": "bgra8"
    },
    "CAM_FRONT_RIGHT": {
      "type_id": "sensor.camera.rgb",
      "blueprint_attributes": {
        "role_name": "front",
        "ros_name": "sensor.camera.rgb",
        "chromatic_aberration_offset": "0.0",
        "sensor_tick": "0.100000",
        "fstop": "1.4",
        "image_size_x": "960",
        "image_size_y": "540",
        "fov": "70.00",
        "lens_circle_falloff": "5.0",
        "lens_circle_multiplier": "0.0",
        "exposure_compensation": "0.0",
        "lens_y_size": "0.08",
        "lens_k": "-1.0",
        "exposure_mode": "histogram",
        "lens_kcube": "0.0",
        "lens_x_size": "0.08",
        "exposure_max_bright": "12.0",
        "shutter_speed": "200.0",
        "bloom_intensity": "0.675",
        "iso": "100.0",
        "enable_postprocess_effects": "false",
        "gamma": "2.2",
        "motion_blur_intensity": "0.0",
        "motion_blur_max_distortion": "0.35",
        "lens_flare_intensity": "0.1",
        "motion_blur_min_object_screen_size": "0.1",
        "exposure_min_bright": "10.0",
        "exposure_speed_up": "3.0",
        "exposure_speed_down": "1.0",
        "tint": "0.0",
        "calibration_constant": "16.0",
        "focal_distance": "1000.0",
        "min_fstop": "1.2",
        "blade_count": "5",
        "blur_amount": "0.0",
        "blur_radius": "0.0",
        "slope": "0.88",
        "toe": "0.55",
        "white_clip": "0.04",
        "shoulder": "0.26",
        "black_clip": "0.0",
        "temp": "6500.0",
        "chromatic_aberration_intensity": "0.0"
      },
      "transform_carla": {
        "location": {
          "x": 106.89599609375,
          "y": -23.92027473449707,
          "z": 1.705626130104065
        },
        "rotation": {
          "roll": 0.45444491505622864,
          "pitch": 0.28477105498313904,
          "yaw": -36.228214263916016
        }
      },
      "matrix_world_from_sensor_carla": [
        [
          0.8066594004631042,
          0.5910162329673767,
          0.0006783674471080303,
          106.89599609375
        ],
        [
          -0.590995728969574,
          0.8066206574440002,
          0.00933537445962429,
          -23.92027473449707
        ],
        [
          0.004970171954482794,
          -0.007931379601359367,
          0.9999561905860901,
          1.705626130104065
        ],
        [
          0.0,
          0.0,
          0.0,
          1.0
        ]
      ],
      "matrix_world_from_sensor_bevfusion": [
        [
          0.5910162329673767,
          -0.0006783674471080303,
          0.8066594004631042,
          106.89599609375
        ],
        [
          -0.8066206574440002,
          0.00933537445962429,
          0.590995728969574,
          23.92027473449707
        ],
        [
          -0.007931379601359367,
          -0.9999561905860901,
          0.004970171954482794,
          1.705626130104065
        ],
        [
          0.0,
          0.0,
          0.0,
          1.0
        ]
      ],
      "matrix_ego_from_sensor_carla": [
        [
          0.5735764503479004,
          -0.8191520571708679,
          -1.601420551722299e-09,
          1.3000011444091797
        ],
        [
          0.8191520571708679,
          0.5735764503479004,
          -2.519935371481097e-09,
          0.5500030517578125
        ],
        [
          2.0518071686126405e-09,
          1.017094075628222e-09,
          1.0,
          1.6999998092651367
        ],
        [
          0.0,
          0.0,
          0.0,
          1.0
        ]
      ],
      "matrix_ego_from_sensor_bevfusion": [
        [
          -0.8191520571708679,
          1.601420551722299e-09,
          0.5735764503479004,
          1.3000011444091797
        ],
        [
          -0.5735764503479004,
          -2.519935371481097e-09,
          -0.8191520571708679,
          -0.5500030517578125
        ],
        [
          1.017094075628222e-09,
          -1.0,
          2.0518071686126405e-09,
          1.6999998092651367
        ],
        [
          0.0,
          0.0,
          0.0,
          1.0
        ]
      ],
      "camera_intrinsics": [
        [
          685.5110473632812,
          0.0,
          480.0
        ],
        [
          0.0,
          685.5110473632812,
          270.0
        ],
        [
          0.0,
          0.0,
          1.0
        ]
      ],
      "data_path": "D:\\Agent-AI\\outputs\\s3a_ml_long_v1\\sample_000004\\images\\CAM_FRONT_RIGHT.png",
      "raw_layout": "bgra8"
    },
    "CAM_FRONT_LEFT": {
      "type_id": "sensor.camera.rgb",
      "blueprint_attributes": {
        "role_name": "front",
        "ros_name": "sensor.camera.rgb",
        "chromatic_aberration_offset": "0.0",
        "sensor_tick": "0.100000",
        "fstop": "1.4",
        "image_size_x": "960",
        "image_size_y": "540",
        "fov": "70.00",
        "lens_circle_falloff": "5.0",
        "lens_circle_multiplier": "0.0",
        "exposure_compensation": "0.0",
        "lens_y_size": "0.08",
        "lens_k": "-1.0",
        "exposure_mode": "histogram",
        "lens_kcube": "0.0",
        "lens_x_size": "0.08",
        "exposure_max_bright": "12.0",
        "shutter_speed": "200.0",
        "bloom_intensity": "0.675",
        "iso": "100.0",
        "enable_postprocess_effects": "false",
        "gamma": "2.2",
        "motion_blur_intensity": "0.0",
        "motion_blur_max_distortion": "0.35",
        "lens_flare_intensity": "0.1",
        "motion_blur_min_object_screen_size": "0.1",
        "exposure_min_bright": "10.0",
        "exposure_speed_up": "3.0",
        "exposure_speed_down": "1.0",
        "tint": "0.0",
        "calibration_constant": "16.0",
        "focal_distance": "1000.0",
        "min_fstop": "1.2",
        "blade_count": "5",
        "blur_amount": "0.0",
        "blur_radius": "0.0",
        "slope": "0.88",
        "toe": "0.55",
        "white_clip": "0.04",
        "shoulder": "0.26",
        "black_clip": "0.0",
        "temp": "6500.0",
        "chromatic_aberration_intensity": "0.0"
      },
      "transform_carla": {
        "location": {
          "x": 105.79623413085938,
          "y": -23.896671295166016,
          "z": 1.7061519622802734
        },
        "rotation": {
          "roll": -0.42303267121315,
          "pitch": 0.3296317458152771,
          "yaw": -146.23052978515625
        }
      },
      "matrix_world_from_sensor_carla": [
        [
          -0.8312669396400452,
          0.5558729767799377,
          0.0006783353164792061,
          105.79623413085938
        ],
        [
          -0.5558435916900635,
          -0.8312344551086426,
          0.009335354901850224,
          -23.896671295166016
        ],
        [
          0.00575312739238143,
          0.007383123505860567,
          0.9999561905860901,
          1.7061519622802734
        ],
        [
          0.0,
          0.0,
          0.0,
          1.0
        ]
      ],
      "matrix_world_from_sensor_bevfusion": [
        [
          0.5558729767799377,
          -0.0006783353164792061,
          -0.8312669396400452,
          105.79623413085938
        ],
        [
          0.8312344551086426,
          0.009335354901850224,
          0.5558435916900635,
          23.896671295166016
        ],
        [
          0.007383123505860567,
          -0.9999561905860901,
          0.00575312739238143,
          1.7061519622802734
        ],
        [
          0.0,
          0.0,
          0.0,
          1.0
        ]
      ],
      "matrix_ego_from_sensor_carla": [
        [
          0.5735769867897034,
          0.8191516995429993,
          1.8887675423684414e-08,
          1.3000011444091797
        ],
        [
          -0.8191516399383545,
          0.5735769867897034,
          -3.4243111457499253e-08,
          -0.550018310546875
        ],
        [
          -3.876827037174735e-08,
          3.443910046030396e-09,
          1.0,
          1.6999999284744263
        ],
        [
          0.0,
          0.0,
          0.0,
          1.0
        ]
      ],
      "matrix_ego_from_sensor_bevfusion": [
        [
          0.8191516995429993,
          -1.8887675423684414e-08,
          0.5735769867897034,
          1.3000011444091797
        ],
        [
          -0.5735769867897034,
          -3.4243111457499253e-08,
          0.8191516399383545,
          0.550018310546875
        ],
        [
          3.443910046030396e-09,
          -1.0,
          -3.876827037174735e-08,
          1.6999999284744263
        ],
        [
          0.0,
          0.0,
          0.0,
          1.0
        ]
      ],
      "camera_intrinsics": [
        [
          685.5110473632812,
          0.0,
          480.0
        ],
        [
          0.0,
          685.5110473632812,
          270.0
        ],
        [
          0.0,
          0.0,
          1.0
        ]
      ],
      "data_path": "D:\\Agent-AI\\outputs\\s3a_ml_long_v1\\sample_000004\\images\\CAM_FRONT_LEFT.png",
      "raw_layout": "bgra8"
    },
    "CAM_BACK": {
      "type_id": "sensor.camera.rgb",
      "blueprint_attributes": {
        "role_name": "front",
        "ros_name": "sensor.camera.rgb",
        "chromatic_aberration_offset": "0.0",
        "sensor_tick": "0.100000",
        "fstop": "1.4",
        "image_size_x": "960",
        "image_size_y": "540",
        "fov": "70.00",
        "lens_circle_falloff": "5.0",
        "lens_circle_multiplier": "0.0",
        "exposure_compensation": "0.0",
        "lens_y_size": "0.08",
        "lens_k": "-1.0",
        "exposure_mode": "histogram",
        "lens_kcube": "0.0",
        "lens_x_size": "0.08",
        "exposure_max_bright": "12.0",
        "shutter_speed": "200.0",
        "bloom_intensity": "0.675",
        "iso": "100.0",
        "enable_postprocess_effects": "false",
        "gamma": "2.2",
        "motion_blur_intensity": "0.0",
        "motion_blur_max_distortion": "0.35",
        "lens_flare_intensity": "0.1",
        "motion_blur_min_object_screen_size": "0.1",
        "exposure_min_bright": "10.0",
        "exposure_speed_up": "3.0",
        "exposure_speed_down": "1.0",
        "tint": "0.0",
        "calibration_constant": "16.0",
        "focal_distance": "1000.0",
        "min_fstop": "1.2",
        "blade_count": "5",
        "blur_amount": "0.0",
        "blur_radius": "0.0",
        "slope": "0.88",
        "toe": "0.55",
        "white_clip": "0.04",
        "shoulder": "0.26",
        "black_clip": "0.0",
        "temp": "6500.0",
        "chromatic_aberration_intensity": "0.0"
      },
      "transform_carla": {
        "location": {
          "x": 106.40725708007812,
          "y": -21.05925178527832,
          "z": 1.6792479753494263
        },
        "rotation": {
          "roll": -0.027384651824831963,
          "pitch": -0.5355960726737976,
          "yaw": 88.77079772949219
        }
      },
      "matrix_world_from_sensor_carla": [
        [
          0.021451111882925034,
          -0.9997696280479431,
          0.0006783712888136506,
          106.40725708007812
        ],
        [
          0.9997261762619019,
          0.021456513553857803,
          0.009335373528301716,
          -21.05925178527832
        ],
        [
          -0.009347778744995594,
          0.00047793143312446773,
          0.9999561905860901,
          1.6792479753494263
        ],
        [
          0.0,
          0.0,
          0.0,
          1.0
        ]
      ],
      "matrix_world_from_sensor_bevfusion": [
        [
          -0.9997696280479431,
          -0.0006783712888136506,
          0.021451111882925034,
          106.40725708007812
        ],
        [
          -0.021456513553857803,
          0.009335373528301716,
          -0.9997261762619019,
          21.05925178527832
        ],
        [
          0.00047793143312446773,
          -0.9999561905860901,
          -0.009347778744995594,
          1.6792479753494263
        ],
        [
          0.0,
          0.0,
          0.0,
          1.0
        ]
      ],
      "matrix_ego_from_sensor_carla": [
        [
          -1.0,
          2.069688633810074e-07,
          -6.700979215956693e-10,
          -1.5500011444091797
        ],
        [
          -2.0709569525934057e-07,
          -1.0,
          1.3508739682421833e-09,
          7.62939453125e-06
        ],
        [
          -2.6122465301980924e-10,
          1.3556381572854548e-09,
          1.0,
          1.6999999284744263
        ],
        [
          0.0,
          0.0,
          0.0,
          1.0
        ]
      ],
      "matrix_ego_from_sensor_bevfusion": [
        [
          2.069688633810074e-07,
          6.700979215956693e-10,
          -1.0,
          -1.5500011444091797
        ],
        [
          1.0,
          1.3508739682421833e-09,
          2.0709569525934057e-07,
          -7.62939453125e-06
        ],
        [
          1.3556381572854548e-09,
          -1.0,
          -2.6122465301980924e-10,
          1.6999999284744263
        ],
        [
          0.0,
          0.0,
          0.0,
          1.0
        ]
      ],
      "camera_intrinsics": [
        [
          685.5110473632812,
          0.0,
          480.0
        ],
        [
          0.0,
          685.5110473632812,
          270.0
        ],
        [
          0.0,
          0.0,
          1.0
        ]
      ],
      "data_path": "D:\\Agent-AI\\outputs\\s3a_ml_long_v1\\sample_000004\\images\\CAM_BACK.png",
      "raw_layout": "bgra8"
    },
    "CAM_BACK_LEFT": {
      "type_id": "sensor.camera.rgb",
      "blueprint_attributes": {
        "role_name": "front",
        "ros_name": "sensor.camera.rgb",
        "chromatic_aberration_offset": "0.0",
        "sensor_tick": "0.100000",
        "fstop": "1.4",
        "image_size_x": "960",
        "image_size_y": "540",
        "fov": "70.00",
        "lens_circle_falloff": "5.0",
        "lens_circle_multiplier": "0.0",
        "exposure_compensation": "0.0",
        "lens_y_size": "0.08",
        "lens_k": "-1.0",
        "exposure_mode": "histogram",
        "lens_kcube": "0.0",
        "lens_x_size": "0.08",
        "exposure_max_bright": "12.0",
        "shutter_speed": "200.0",
        "bloom_intensity": "0.675",
        "iso": "100.0",
        "enable_postprocess_effects": "false",
        "gamma": "2.2",
        "motion_blur_intensity": "0.0",
        "motion_blur_max_distortion": "0.35",
        "lens_flare_intensity": "0.1",
        "motion_blur_min_object_screen_size": "0.1",
        "exposure_min_bright": "10.0",
        "exposure_speed_up": "3.0",
        "exposure_speed_down": "1.0",
        "tint": "0.0",
        "calibration_constant": "16.0",
        "focal_distance": "1000.0",
        "min_fstop": "1.2",
        "blade_count": "5",
        "blur_amount": "0.0",
        "blur_radius": "0.0",
        "slope": "0.88",
        "toe": "0.55",
        "white_clip": "0.04",
        "shoulder": "0.26",
        "black_clip": "0.0",
        "temp": "6500.0",
        "chromatic_aberration_intensity": "0.0"
      },
      "transform_carla": {
        "location": {
          "x": 105.85202026367188,
          "y": -21.29738426208496,
          "z": 1.6818478107452393
        },
        "rotation": {
          "roll": -0.45444491505622864,
          "pitch": -0.28477105498313904,
          "yaw": 143.77178955078125
        }
      },
      "matrix_world_from_sensor_carla": [
        [
          -0.8066595196723938,
          -0.5910161137580872,
          0.0006783660501241684,
          105.85202026367188
        ],
        [
          0.5909956097602844,
          -0.8066207766532898,
          0.00933537445962429,
          -21.29738426208496
        ],
        [
          -0.004970171954482794,
          0.007931379601359367,
          0.9999561905860901,
          1.6818478107452393
        ],
        [
          0.0,
          0.0,
          0.0,
          1.0
        ]
      ],
      "matrix_world_from_sensor_bevfusion": [
        [
          -0.5910161137580872,
          -0.0006783660501241684,
          -0.8066595196723938,
          105.85202026367188
        ],
        [
          0.8066207766532898,
          0.00933537445962429,
          -0.5909956097602844,
          21.29738426208496
        ],
        [
          0.007931379601359367,
          -0.9999561905860901,
          -0.004970171954482794,
          1.6818478107452393
        ],
        [
          0.0,
          0.0,
          0.0,
          1.0
        ]
      ],
      "matrix_ego_from_sensor_carla": [
        [
          -0.5735763311386108,
          0.8191521763801575,
          -1.601420551722299e-09,
          -1.2999992370605469
        ],
        [
          -0.8191521763801575,
          -0.5735763311386108,
          -3.9169192334043146e-09,
          -0.5499954223632812
        ],
        [
          -2.983129743228119e-09,
          -1.948416539221398e-09,
          1.0,
          1.6999999284744263
        ],
        [
          0.0,
          0.0,
          0.0,
          1.0
        ]
      ],
      "matrix_ego_from_sensor_bevfusion": [
        [
          0.8191521763801575,
          1.601420551722299e-09,
          -0.5735763311386108,
          -1.2999992370605469
        ],
        [
          0.5735763311386108,
          -3.9169192334043146e-09,
          0.8191521763801575,
          0.5499954223632812
        ],
        [
          -1.948416539221398e-09,
          -1.0,
          -2.983129743228119e-09,
          1.6999999284744263
        ],
        [
          0.0,
          0.0,
          0.0,
          1.0
        ]
      ],
      "camera_intrinsics": [
        [
          685.5110473632812,
          0.0,
          480.0
        ],
        [
          0.0,
          685.5110473632812,
          270.0
        ],
        [
          0.0,
          0.0,
          1.0
        ]
      ],
      "data_path": "D:\\Agent-AI\\outputs\\s3a_ml_long_v1\\sample_000004\\images\\CAM_BACK_LEFT.png",
      "raw_layout": "bgra8"
    },
    "CAM_BACK_RIGHT": {
      "type_id": "sensor.camera.rgb",
      "blueprint_attributes": {
        "role_name": "front",
        "ros_name": "sensor.camera.rgb",
        "chromatic_aberration_offset": "0.0",
        "sensor_tick": "0.100000",
        "fstop": "1.4",
        "image_size_x": "960",
        "image_size_y": "540",
        "fov": "70.00",
        "lens_circle_falloff": "5.0",
        "lens_circle_multiplier": "0.0",
        "exposure_compensation": "0.0",
        "lens_y_size": "0.08",
        "lens_k": "-1.0",
        "exposure_mode": "histogram",
        "lens_kcube": "0.0",
        "lens_x_size": "0.08",
        "exposure_max_bright": "12.0",
        "shutter_speed": "200.0",
        "bloom_intensity": "0.675",
        "iso": "100.0",
        "enable_postprocess_effects": "false",
        "gamma": "2.2",
        "motion_blur_intensity": "0.0",
        "motion_blur_max_distortion": "0.35",
        "lens_flare_intensity": "0.1",
        "motion_blur_min_object_screen_size": "0.1",
        "exposure_min_bright": "10.0",
        "exposure_speed_up": "3.0",
        "exposure_speed_down": "1.0",
        "tint": "0.0",
        "calibration_constant": "16.0",
        "focal_distance": "1000.0",
        "min_fstop": "1.2",
        "blade_count": "5",
        "blur_amount": "0.0",
        "blur_radius": "0.0",
        "slope": "0.88",
        "toe": "0.55",
        "white_clip": "0.04",
        "shoulder": "0.26",
        "black_clip": "0.0",
        "temp": "6500.0",
        "chromatic_aberration_intensity": "0.0"
      },
      "transform_carla": {
        "location": {
          "x": 106.95176696777344,
          "y": -21.320985794067383,
          "z": 1.6813219785690308
        },
        "rotation": {
          "roll": 0.4230327606201172,
          "pitch": -0.3296317458152771,
          "yaw": 33.769447326660156
        }
      },
      "matrix_world_from_sensor_carla": [
        [
          0.831267237663269,
          -0.5558725595474243,
          0.0006783395074307919,
          106.95176696777344
        ],
        [
          0.55584317445755,
          0.8312347531318665,
          0.009335355833172798,
          -21.320985794067383
        ],
        [
          -0.00575312739238143,
          -0.007383124902844429,
          0.9999561905860901,
          1.6813219785690308
        ],
        [
          0.0,
          0.0,
          0.0,
          1.0
        ]
      ],
      "matrix_world_from_sensor_bevfusion": [
        [
          -0.5558725595474243,
          -0.0006783395074307919,
          0.831267237663269,
          106.95176696777344
        ],
        [
          -0.8312347531318665,
          0.009335355833172798,
          -0.55584317445755,
          21.320985794067383
        ],
        [
          -0.007383124902844429,
          -0.9999561905860901,
          -0.00575312739238143,
          1.6813219785690308
        ],
        [
          0.0,
          0.0,
          0.0,
          1.0
        ]
      ],
      "matrix_ego_from_sensor_carla": [
        [
          -0.5735765695571899,
          -0.8191519975662231,
          1.7956352849068935e-08,
          -1.2999992370605469
        ],
        [
          0.8191519379615784,
          -0.5735765695571899,
          -3.00521598717296e-08,
          0.5500030517578125
        ],
        [
          3.5042980073285435e-08,
          -2.046864899796219e-09,
          1.0,
          1.6999998092651367
        ],
        [
          0.0,
          0.0,
          0.0,
          1.0
        ]
      ],
      "matrix_ego_from_sensor_bevfusion": [
        [
          -0.8191519975662231,
          -1.7956352849068935e-08,
          -0.5735765695571899,
          -1.2999992370605469
        ],
        [
          0.5735765695571899,
          -3.00521598717296e-08,
          -0.8191519379615784,
          -0.5500030517578125
        ],
        [
          -2.046864899796219e-09,
          -1.0,
          3.5042980073285435e-08,
          1.6999998092651367
        ],
        [
          0.0,
          0.0,
          0.0,
          1.0
        ]
      ],
      "camera_intrinsics": [
        [
          685.5110473632812,
          0.0,
          480.0
        ],
        [
          0.0,
          685.5110473632812,
          270.0
        ],
        [
          0.0,
          0.0,
          1.0
        ]
      ],
      "data_path": "D:\\Agent-AI\\outputs\\s3a_ml_long_v1\\sample_000004\\images\\CAM_BACK_RIGHT.png",
      "raw_layout": "bgra8"
    },
    "LIDAR_TOP": {
      "type_id": "sensor.lidar.ray_cast",
      "blueprint_attributes": {
        "atmosphere_attenuation_rate": "0.004",
        "role_name": "front",
        "noise_seed": "0",
        "upper_fov": "10.0",
        "ros_name": "sensor.lidar.ray_cast",
        "sensor_tick": "0.100000",
        "channels": "32",
        "range": "120.0",
        "points_per_second": "360000",
        "lower_fov": "-30.0",
        "rotation_frequency": "10.000000",
        "horizontal_fov": "360.0",
        "dropoff_general_rate": "0.0",
        "dropoff_intensity_limit": "1.0",
        "noise_stddev": "0.0",
        "dropoff_zero_intensity": "0.0"
      },
      "transform_carla": {
        "location": {
          "x": 106.37434387207031,
          "y": -22.604162216186523,
          "z": 2.1937150955200195
        },
        "rotation": {
          "roll": 0.02738446556031704,
          "pitch": 0.5355960726737976,
          "yaw": -91.22921752929688
        }
      },
      "matrix_world_from_sensor_carla": [
        [
          -0.021451318636536598,
          0.9997696280479431,
          0.0006783699500374496,
          106.37434387207031
        ],
        [
          -0.9997261762619019,
          -0.021456720307469368,
          0.009335373528301716,
          -22.604162216186523
        ],
        [
          0.009347778744995594,
          -0.0004779281734954566,
          0.9999561905860901,
          2.1937150955200195
        ],
        [
          0.0,
          0.0,
          0.0,
          1.0
        ]
      ],
      "matrix_world_from_sensor_bevfusion": [
        [
          -0.021451318636536598,
          -0.9997696280479431,
          0.0006783699500374496,
          106.37434387207031
        ],
        [
          0.9997261762619019,
          -0.021456720307469368,
          -0.009335373528301716,
          22.604162216186523
        ],
        [
          0.009347778744995594,
          0.0004779281734954566,
          0.9999561905860901,
          2.1937150955200195
        ],
        [
          0.0,
          0.0,
          0.0,
          1.0
        ]
      ],
      "matrix_ego_from_sensor_carla": [
        [
          1.0,
          -2.4116933450279987e-10,
          -6.700979215956693e-10,
          0.0
        ],
        [
          3.420888294858315e-10,
          1.0,
          1.2097798457455511e-11,
          0.0
        ],
        [
          2.6122465301980924e-10,
          -1.700475697752335e-11,
          1.0,
          2.1999998092651367
        ],
        [
          0.0,
          0.0,
          0.0,
          1.0
        ]
      ],
      "matrix_ego_from_sensor_bevfusion": [
        [
          1.0,
          2.4116933450279987e-10,
          -6.700979215956693e-10,
          0.0
        ],
        [
          -3.420888294858315e-10,
          1.0,
          -1.2097798457455511e-11,
          0.0
        ],
        [
          2.6122465301980924e-10,
          1.700475697752335e-11,
          1.0,
          2.1999998092651367
        ],
        [
          0.0,
          0.0,
          0.0,
          1.0
        ]
      ],
      "data_path": "D:\\Agent-AI\\outputs\\s3a_ml_long_v1\\sample_000004\\lidar\\LIDAR_TOP.npy",
      "raw_layout": [
        "x",
        "y",
        "z",
        "intensity"
      ]
    },
    "RADAR_FRONT": {
      "type_id": "sensor.other.radar",
      "blueprint_attributes": {
        "sensor_tick": "0.100000",
        "role_name": "default",
        "noise_seed": "0",
        "ros_name": "sensor.other.radar",
        "horizontal_fov": "35.0",
        "points_per_second": "1500",
        "vertical_fov": "20.0",
        "range": "120.0"
      },
      "transform_carla": {
        "location": {
          "x": 106.33055114746094,
          "y": -24.61574935913086,
          "z": 0.9124677181243896
        },
        "rotation": {
          "roll": 0.02738446556031704,
          "pitch": 0.5355960726737976,
          "yaw": -91.22921752929688
        }
      },
      "matrix_world_from_sensor_carla": [
        [
          -0.021451318636536598,
          0.9997696280479431,
          0.0006783699500374496,
          106.33055114746094
        ],
        [
          -0.9997261762619019,
          -0.021456720307469368,
          0.009335373528301716,
          -24.61574935913086
        ],
        [
          0.009347778744995594,
          -0.0004779281734954566,
          0.9999561905860901,
          0.9124677181243896
        ],
        [
          0.0,
          0.0,
          0.0,
          1.0
        ]
      ],
      "matrix_world_from_sensor_bevfusion": [
        [
          -0.021451318636536598,
          -0.9997696280479431,
          0.0006783699500374496,
          106.33055114746094
        ],
        [
          0.9997261762619019,
          -0.021456720307469368,
          -0.009335373528301716,
          24.61574935913086
        ],
        [
          0.009347778744995594,
          0.0004779281734954566,
          0.9999561905860901,
          0.9124677181243896
        ],
        [
          0.0,
          0.0,
          0.0,
          1.0
        ]
      ],
      "matrix_ego_from_sensor_carla": [
        [
          1.0,
          -2.4116933450279987e-10,
          -6.700979215956693e-10,
          2.0
        ],
        [
          3.420888294858315e-10,
          1.0,
          1.2097798457455511e-11,
          -7.62939453125e-06
        ],
        [
          2.6122465301980924e-10,
          -1.700475697752335e-11,
          1.0,
          0.9000000357627869
        ],
        [
          0.0,
          0.0,
          0.0,
          1.0
        ]
      ],
      "matrix_ego_from_sensor_bevfusion": [
        [
          1.0,
          2.4116933450279987e-10,
          -6.700979215956693e-10,
          2.0
        ],
        [
          -3.420888294858315e-10,
          1.0,
          -1.2097798457455511e-11,
          7.62939453125e-06
        ],
        [
          2.6122465301980924e-10,
          1.700475697752335e-11,
          1.0,
          0.9000000357627869
        ],
        [
          0.0,
          0.0,
          0.0,
          1.0
        ]
      ],
      "data_path": "D:\\Agent-AI\\outputs\\s3a_ml_long_v1\\sample_000004\\radar\\RADAR_FRONT.npy",
      "raw_layout": [
        "velocity",
        "altitude",
        "azimuth",
        "depth"
      ]
    },
    "RADAR_FRONT_LEFT": {
      "type_id": "sensor.other.radar",
      "blueprint_attributes": {
        "sensor_tick": "0.100000",
        "role_name": "default",
        "noise_seed": "0",
        "ros_name": "sensor.other.radar",
        "horizontal_fov": "35.0",
        "points_per_second": "1500",
        "vertical_fov": "20.0",
        "range": "120.0"
      },
      "transform_carla": {
        "location": {
          "x": 105.58824157714844,
          "y": -24.249752044677734,
          "z": 0.9095543622970581
        },
        "rotation": {
          "roll": -0.359366238117218,
          "pitch": 0.3980770707130432,
          "yaw": -136.23060607910156
        }
      },
      "matrix_world_from_sensor_carla": [
        [
          -0.7221124768257141,
          0.691775381565094,
          0.000678282231092453,
          105.58824157714844
        ],
        [
          -0.6917408108711243,
          -0.7220855355262756,
          0.009335286915302277,
          -24.249752044677734
        ],
        [
          0.006947699468582869,
          0.006271931808441877,
          0.9999561905860901,
          0.9095543622970581
        ],
        [
          0.0,
          0.0,
          0.0,
          1.0
        ]
      ],
      "matrix_world_from_sensor_bevfusion": [
        [
          -0.7221124768257141,
          -0.691775381565094,
          0.000678282231092453,
          105.58824157714844
        ],
        [
          0.6917408108711243,
          -0.7220855355262756,
          -0.009335286915302277,
          24.249752044677734
        ],
        [
          0.006947699468582869,
          -0.006271931808441877,
          0.9999561905860901,
          0.9095543622970581
        ],
        [
          0.0,
          0.0,
          0.0,
          1.0
        ]
      ],
      "matrix_ego_from_sensor_carla": [
        [
          0.7071066498756409,
          0.7071070075035095,
          8.780554594522982e-08,
          1.6499996185302734
        ],
        [
          -0.7071070075035095,
          0.7071066498756409,
          -8.587330313503116e-08,
          -0.75
        ],
        [
          -1.2323239673150965e-07,
          -1.4264809333752737e-09,
          1.0,
          0.8999999761581421
        ],
        [
          0.0,
          0.0,
          0.0,
          1.0
        ]
      ],
      "matrix_ego_from_sensor_bevfusion": [
        [
          0.7071066498756409,
          -0.7071070075035095,
          8.780554594522982e-08,
          1.6499996185302734
        ],
        [
          0.7071070075035095,
          0.7071066498756409,
          8.587330313503116e-08,
          0.75
        ],
        [
          -1.2323239673150965e-07,
          1.4264809333752737e-09,
          1.0,
          0.8999999761581421
        ],
        [
          0.0,
          0.0,
          0.0,
          1.0
        ]
      ],
      "data_path": "D:\\Agent-AI\\outputs\\s3a_ml_long_v1\\sample_000004\\radar\\RADAR_FRONT_LEFT.npy",
      "raw_layout": [
        "velocity",
        "altitude",
        "azimuth",
        "depth"
      ]
    },
    "RADAR_FRONT_RIGHT": {
      "type_id": "sensor.other.radar",
      "blueprint_attributes": {
        "sensor_tick": "0.100000",
        "role_name": "default",
        "noise_seed": "0",
        "ros_name": "sensor.other.radar",
        "horizontal_fov": "35.0",
        "points_per_second": "1500",
        "vertical_fov": "20.0",
        "range": "120.0"
      },
