{
  "schema_version": "stage1.v1",
  "sample_name": "sample_000048",
  "sequence_index": 48,
  "previous_sample_name": "sample_000047",
  "frame_id": 60049,
  "timestamp": 439.81970082223415,
  "platform_timestamp": 16814582.995964,
  "delta_seconds": 0.10000000149011612,
  "town": "Carla/Maps/Town10HD_Opt",
  "weather": {
    "cloudiness": 20.0,
    "dust_storm": 0.0,
    "fog_density": 2.0,
    "fog_distance": 0.75,
    "fog_falloff": 0.10000000149011612,
    "mie_scattering_scale": 0.029999999329447746,
    "precipitation": 0.0,
    "precipitation_deposits": 0.0,
    "rayleigh_scattering_scale": 0.03310000151395798,
    "scattering_intensity": 1.0,
    "sun_altitude_angle": 45.0,
    "sun_azimuth_angle": 300.0,
    "wetness": 0.0,
    "wind_intensity": 10.0
  },
  "sensor_names": [
    "CAM_FRONT",
    "CAM_FRONT_RIGHT",
    "CAM_FRONT_LEFT",
    "CAM_BACK",
    "CAM_BACK_LEFT",
    "CAM_BACK_RIGHT",
    "LIDAR_TOP",
    "RADAR_FRONT",
    "RADAR_FRONT_LEFT",
    "RADAR_FRONT_RIGHT",
    "RADAR_BACK_LEFT",
    "RADAR_BACK_RIGHT"
  ],
  "camera_order_for_model": [
    "CAM_FRONT",
    "CAM_FRONT_RIGHT",
    "CAM_FRONT_LEFT",
    "CAM_BACK",
    "CAM_BACK_LEFT",
    "CAM_BACK_RIGHT"
  ],
  "radar_order_for_model": [
    "RADAR_FRONT",
    "RADAR_FRONT_LEFT",
    "RADAR_FRONT_RIGHT",
    "RADAR_BACK_LEFT",
    "RADAR_BACK_RIGHT"
  ],
  "coordinate_notes": {
    "carla_world": "left-handed x-forward y-right z-up",
    "bevfusion_lidar": "x-forward y-left z-up",
    "camera_frame_for_model": "OpenCV style x-right y-down z-forward"
  },
  "ego": {
    "actor_id": 28,
    "transform_carla": {
      "location": {
        "x": 93.02560424804688,
        "y": -53.35886764526367,
        "z": -0.004254722502082586
      },
      "rotation": {
        "roll": 0.5004352331161499,
        "pitch": -0.024042263627052307,
        "yaw": -135.90907287597656
      }
    },
    "velocity_carla": [
      -5.800467014312744,
      -5.473267555236816,
      8.00037378212437e-05
    ],
    "angular_velocity_carla": [
      0.08623913675546646,
      -1.4023393392562866,
      -7.578487873077393
    ],
    "matrix_world_from_ego_carla": [
      [
        -0.7182363867759705,
        0.6957752108573914,
        0.005775827914476395,
        93.02560424804688
      ],
      [
        -0.6957990527153015,
        -0.7182064652442932,
        -0.00656512938439846,
        -53.35886764526367
      ],
      [
        -0.00041961667011491954,
        -0.008734130300581455,
        0.999961793422699,
        -0.004254722502082586
      ],
      [
        0.0,
        0.0,
        0.0,
        1.0
      ]
    ],
    "matrix_world_from_ego_bevfusion": [
      [
        -0.7182363867759705,
        -0.6957752108573914,
        0.005775827914476395,
        93.02560424804688
      ],
      [
        0.6957990527153015,
        -0.7182064652442932,
        0.00656512938439846,
        53.35886764526367
      ],
      [
        -0.00041961667011491954,
        0.008734130300581455,
        0.999961793422699,
        -0.004254722502082586
      ],
      [
        0.0,
        0.0,
        0.0,
        1.0
      ]
    ]
  },
  "sensors": {
    "CAM_FRONT": {
      "type_id": "sensor.camera.rgb",
      "blueprint_attributes": {
        "role_name": "front",
        "ros_name": "sensor.camera.rgb",
        "chromatic_aberration_offset": "0.0",
        "sensor_tick": "0.100000",
        "fstop": "1.4",
        "image_size_x": "960",
        "image_size_y": "540",
        "fov": "70.00",
        "lens_circle_falloff": "5.0",
        "lens_circle_multiplier": "0.0",
        "exposure_compensation": "0.0",
        "lens_y_size": "0.08",
        "lens_k": "-1.0",
        "exposure_mode": "histogram",
        "lens_kcube": "0.0",
        "lens_x_size": "0.08",
        "exposure_max_bright": "12.0",
        "shutter_speed": "200.0",
        "bloom_intensity": "0.675",
        "iso": "100.0",
        "enable_postprocess_effects": "false",
        "gamma": "2.2",
        "motion_blur_intensity": "0.0",
        "motion_blur_max_distortion": "0.35",
        "lens_flare_intensity": "0.1",
        "motion_blur_min_object_screen_size": "0.1",
        "exposure_min_bright": "10.0",
        "exposure_speed_up": "3.0",
        "exposure_speed_down": "1.0",
        "tint": "0.0",
        "calibration_constant": "16.0",
        "focal_distance": "1000.0",
        "min_fstop": "1.2",
        "blade_count": "5",
        "blur_amount": "0.0",
        "blur_radius": "0.0",
        "slope": "0.88",
        "toe": "0.55",
        "white_clip": "0.04",
        "shoulder": "0.26",
        "black_clip": "0.0",
        "temp": "6500.0",
        "chromatic_aberration_intensity": "0.0"
      },
      "transform_carla": {
        "location": {
          "x": 91.92215728759766,
          "y": -54.44851303100586,
          "z": 1.6950297355651855
        },
        "rotation": {
          "roll": 0.5004352331161499,
          "pitch": -0.024042263627052307,
          "yaw": -135.90907287597656
        }
      },
      "matrix_world_from_sensor_carla": [
        [
          -0.7182363867759705,
          0.6957752108573914,
          0.005775827914476395,
          91.92215728759766
        ],
        [
          -0.6957990527153015,
          -0.7182064652442932,
          -0.00656512938439846,
          -54.44851303100586
        ],
        [
          -0.00041961667011491954,
          -0.008734130300581455,
          0.999961793422699,
          1.6950297355651855
        ],
        [
          0.0,
          0.0,
          0.0,
          1.0
        ]
      ],
      "matrix_world_from_sensor_bevfusion": [
        [
          0.6957752108573914,
          -0.005775827914476395,
          -0.7182363867759705,
          91.92215728759766
        ],
        [
          0.7182064652442932,
          -0.00656512938439846,
          0.6957990527153015,
          54.44851303100586
        ],
        [
          -0.008734130300581455,
          -0.999961793422699,
          -0.00041961667011491954,
          1.6950297355651855
        ],
        [
          0.0,
          0.0,
          0.0,
          1.0
        ]
      ],
      "matrix_ego_from_sensor_carla": [
        [
          1.0,
          -2.0679280510194076e-08,
          -2.0779507281520893e-10,
          1.5499954223632812
        ],
        [
          2.0787831900292986e-08,
          1.0,
          2.8774277405219095e-10,
          0.0
        ],
        [
          -2.99224867106318e-10,
          -1.2298506657515418e-10,
          1.0,
          1.6999998092651367
        ],
        [
          0.0,
          0.0,
          0.0,
          1.0
        ]
      ],
      "matrix_ego_from_sensor_bevfusion": [
        [
          -2.0679280510194076e-08,
          2.0779507281520893e-10,
          1.0,
          1.5499954223632812
        ],
        [
          -1.0,
          2.8774277405219095e-10,
          -2.0787831900292986e-08,
          0.0
        ],
        [
          -1.2298506657515418e-10,
          -1.0,
          -2.99224867106318e-10,
          1.6999998092651367
        ],
        [
          0.0,
          0.0,
          0.0,
          1.0
        ]
      ],
      "camera_intrinsics": [
        [
          685.5110473632812,
          0.0,
          480.0
        ],
        [
          0.0,
          685.5110473632812,
          270.0
        ],
        [
          0.0,
          0.0,
          1.0
        ]
      ],
      "data_path": "D:\\Agent-AI\\outputs\\s3a_ml_long_v2\\sample_000048\\images\\CAM_FRONT.png",
      "raw_layout": "bgra8"
    },
    "CAM_FRONT_RIGHT": {
      "type_id": "sensor.camera.rgb",
      "blueprint_attributes": {
        "role_name": "front",
        "ros_name": "sensor.camera.rgb",
        "chromatic_aberration_offset": "0.0",
        "sensor_tick": "0.100000",
        "fstop": "1.4",
        "image_size_x": "960",
        "image_size_y": "540",
        "fov": "70.00",
        "lens_circle_falloff": "5.0",
        "lens_circle_multiplier": "0.0",
        "exposure_compensation": "0.0",
        "lens_y_size": "0.08",
        "lens_k": "-1.0",
        "exposure_mode": "histogram",
        "lens_kcube": "0.0",
        "lens_x_size": "0.08",
        "exposure_max_bright": "12.0",
        "shutter_speed": "200.0",
        "bloom_intensity": "0.675",
        "iso": "100.0",
        "enable_postprocess_effects": "false",
        "gamma": "2.2",
        "motion_blur_intensity": "0.0",
        "motion_blur_max_distortion": "0.35",
        "lens_flare_intensity": "0.1",
        "motion_blur_min_object_screen_size": "0.1",
        "exposure_min_bright": "10.0",
        "exposure_speed_up": "3.0",
        "exposure_speed_down": "1.0",
        "tint": "0.0",
        "calibration_constant": "16.0",
        "focal_distance": "1000.0",
        "min_fstop": "1.2",
        "blade_count": "5",
        "blur_amount": "0.0",
        "blur_radius": "0.0",
        "slope": "0.88",
        "toe": "0.55",
        "white_clip": "0.04",
        "shoulder": "0.26",
        "black_clip": "0.0",
        "temp": "6500.0",
        "chromatic_aberration_intensity": "0.0"
      },
      "transform_carla": {
        "location": {
          "x": 92.48439025878906,
          "y": -54.669578552246094,
          "z": 1.6903307437896729
        },
        "rotation": {
          "roll": 0.2673437297344208,
          "pitch": -0.4237244129180908,
          "yaw": -80.9099349975586
        }
      },
      "matrix_world_from_sensor_carla": [
        [
          0.15798251330852509,
          0.9874250292778015,
          0.005775762256234884,
          92.48439025878906
        ],
        [
          -0.9874142408370972,
          0.15801918506622314,
          -0.0065651945769786835,
          -54.669578552246094
        ],
        [
          -0.0073953187093138695,
          -0.004665883723646402,
          0.9999617338180542,
          1.6903307437896729
        ],
        [
          0.0,
          0.0,
          0.0,
          1.0
        ]
      ],
      "matrix_world_from_sensor_bevfusion": [
        [
          0.9874250292778015,
          -0.005775762256234884,
          0.15798251330852509,
          92.48439025878906
        ],
        [
          -0.15801918506622314,
          -0.0065651945769786835,
          0.9874142408370972,
          54.669578552246094
        ],
        [
          -0.004665883723646402,
          -0.9999617338180542,
          -0.0073953187093138695,
          1.6903307437896729
        ],
        [
          0.0,
          0.0,
          0.0,
          1.0
        ]
      ],
      "matrix_ego_from_sensor_carla": [
        [
          0.5735762119293213,
          -0.8191522359848022,
          9.222187458135522e-08,
          1.2999992370605469
        ],
        [
          0.819152295589447,
          0.5735762119293213,
          1.7396600826558029e-09,
          0.5499954223632812
        ],
        [
          -5.414815973381337e-08,
          7.563441073443755e-08,
          0.9999999403953552,
          1.6999995708465576
        ],
        [
          0.0,
          0.0,
          0.0,
          1.0
        ]
      ],
      "matrix_ego_from_sensor_bevfusion": [
        [
          -0.8191522359848022,
          -9.222187458135522e-08,
          0.5735762119293213,
          1.2999992370605469
        ],
        [
          -0.5735762119293213,
          1.7396600826558029e-09,
          -0.819152295589447,
          -0.5499954223632812
        ],
        [
          7.563441073443755e-08,
          -0.9999999403953552,
          -5.414815973381337e-08,
          1.6999995708465576
        ],
        [
          0.0,
          0.0,
          0.0,
          1.0
        ]
      ],
      "camera_intrinsics": [
        [
          685.5110473632812,
          0.0,
          480.0
        ],
        [
          0.0,
          685.5110473632812,
          270.0
        ],
        [
          0.0,
          0.0,
          1.0
        ]
      ],
      "data_path": "D:\\Agent-AI\\outputs\\s3a_ml_long_v2\\sample_000048\\images\\CAM_FRONT_RIGHT.png",
      "raw_layout": "bgra8"
    },
    "CAM_FRONT_LEFT": {
      "type_id": "sensor.camera.rgb",
      "blueprint_attributes": {
        "role_name": "front",
        "ros_name": "sensor.camera.rgb",
        "chromatic_aberration_offset": "0.0",
        "sensor_tick": "0.100000",
        "fstop": "1.4",
        "image_size_x": "960",
        "image_size_y": "540",
        "fov": "70.00",
        "lens_circle_falloff": "5.0",
        "lens_circle_multiplier": "0.0",
        "exposure_compensation": "0.0",
        "lens_y_size": "0.08",
        "lens_k": "-1.0",
        "exposure_mode": "histogram",
        "lens_kcube": "0.0",
        "lens_x_size": "0.08",
        "exposure_max_bright": "12.0",
        "shutter_speed": "200.0",
        "bloom_intensity": "0.675",
        "iso": "100.0",
        "enable_postprocess_effects": "false",
        "gamma": "2.2",
        "motion_blur_intensity": "0.0",
        "motion_blur_max_distortion": "0.35",
        "lens_flare_intensity": "0.1",
        "motion_blur_min_object_screen_size": "0.1",
        "exposure_min_bright": "10.0",
        "exposure_speed_up": "3.0",
        "exposure_speed_down": "1.0",
        "tint": "0.0",
        "calibration_constant": "16.0",
        "focal_distance": "1000.0",
        "min_fstop": "1.2",
        "blade_count": "5",
        "blur_amount": "0.0",
        "blur_radius": "0.0",
        "slope": "0.88",
        "toe": "0.55",
        "white_clip": "0.04",
        "shoulder": "0.26",
        "black_clip": "0.0",
        "temp": "6500.0",
        "chromatic_aberration_intensity": "0.0"
      },
      "transform_carla": {
        "location": {
          "x": 91.71903991699219,
          "y": -53.879554748535156,
          "z": 1.6999382972717285
        },
        "rotation": {
          "roll": 0.3067418336868286,
          "pitch": 0.3961372971534729,
          "yaw": 169.0920867919922
        }
      },
      "matrix_world_from_sensor_carla": [
        [
          -0.9819090962409973,
          -0.18926474452018738,
          0.005775758996605873,
          91.71903991699219
        ],
        [
          0.18922658264636993,
          -0.9819114804267883,
          -0.006565198767930269,
          -53.879554748535156
        ],
        [
          0.006913844961673021,
          -0.005353501066565514,
          0.999961793422699,
          1.6999382972717285
        ],
        [
          0.0,
          0.0,
          0.0,
          1.0
        ]
      ],
      "matrix_world_from_sensor_bevfusion": [
        [
          -0.18926474452018738,
          -0.005775758996605873,
          -0.9819090962409973,
          91.71903991699219
        ],
        [
          0.9819114804267883,
          -0.006565198767930269,
          -0.18922658264636993,
          53.879554748535156
        ],
        [
          -0.005353501066565514,
          -0.999961793422699,
          0.006913844961673021,
          1.6999382972717285
        ],
        [
          0.0,
          0.0,
          0.0,
          1.0
        ]
      ],
      "matrix_ego_from_sensor_carla": [
        [
          0.5735762119293213,
          0.8191521763801575,
          9.743555295926853e-08,
          1.2999954223632812
        ],
        [
          -0.8191521763801575,
          0.5735762715339661,
          2.1503878677719968e-09,
          -0.5499954223632812
        ],
        [
          -5.5018869460354836e-08,
          -8.152364472380214e-08,
          1.0,
          1.6999995708465576
        ],
        [
          0.0,
          0.0,
          0.0,
          1.0
        ]
      ],
      "matrix_ego_from_sensor_bevfusion": [
        [
          0.8191521763801575,
          -9.743555295926853e-08,
          0.5735762119293213,
          1.2999954223632812
        ],
        [
          -0.5735762715339661,
          2.1503878677719968e-09,
          0.8191521763801575,
          0.5499954223632812
        ],
        [
          -8.152364472380214e-08,
          -1.0,
          -5.5018869460354836e-08,
          1.6999995708465576
        ],
        [
          0.0,
          0.0,
          0.0,
          1.0
        ]
      ],
      "camera_intrinsics": [
        [
          685.5110473632812,
          0.0,
          480.0
        ],
        [
          0.0,
          685.5110473632812,
          270.0
        ],
        [
          0.0,
          0.0,
          1.0
        ]
      ],
      "data_path": "D:\\Agent-AI\\outputs\\s3a_ml_long_v2\\sample_000048\\images\\CAM_FRONT_LEFT.png",
      "raw_layout": "bgra8"
    },
    "CAM_BACK": {
      "type_id": "sensor.camera.rgb",
      "blueprint_attributes": {
        "role_name": "front",
        "ros_name": "sensor.camera.rgb",
        "chromatic_aberration_offset": "0.0",
        "sensor_tick": "0.100000",
        "fstop": "1.4",
        "image_size_x": "960",
        "image_size_y": "540",
        "fov": "70.00",
        "lens_circle_falloff": "5.0",
        "lens_circle_multiplier": "0.0",
        "exposure_compensation": "0.0",
        "lens_y_size": "0.08",
        "lens_k": "-1.0",
        "exposure_mode": "histogram",
        "lens_kcube": "0.0",
        "lens_x_size": "0.08",
        "exposure_max_bright": "12.0",
        "shutter_speed": "200.0",
        "bloom_intensity": "0.675",
        "iso": "100.0",
        "enable_postprocess_effects": "false",
        "gamma": "2.2",
        "motion_blur_intensity": "0.0",
        "motion_blur_max_distortion": "0.35",
        "lens_flare_intensity": "0.1",
        "motion_blur_min_object_screen_size": "0.1",
        "exposure_min_bright": "10.0",
        "exposure_speed_up": "3.0",
        "exposure_speed_down": "1.0",
        "tint": "0.0",
        "calibration_constant": "16.0",
        "focal_distance": "1000.0",
        "min_fstop": "1.2",
        "blade_count": "5",
        "blur_amount": "0.0",
        "blur_radius": "0.0",
        "slope": "0.88",
        "toe": "0.55",
        "white_clip": "0.04",
        "shoulder": "0.26",
        "black_clip": "0.0",
        "temp": "6500.0",
        "chromatic_aberration_intensity": "0.0"
      },
      "transform_carla": {
        "location": {
          "x": 94.14868927001953,
          "y": -52.29153823852539,
          "z": 1.6963306665420532
        },
        "rotation": {
          "roll": -0.5004351735115051,
          "pitch": 0.024042263627052307,
          "yaw": 44.090946197509766
        }
      },
      "matrix_world_from_sensor_carla": [
        [
          0.7182362079620361,
          -0.6957754492759705,
          0.005775829777121544,
          94.14868927001953
        ],
        [
          0.6957992911338806,
          0.7182062864303589,
          -0.006565127056092024,
          -52.29153823852539
        ],
        [
          0.00041961667011491954,
          0.00873412936925888,
          0.999961793422699,
          1.6963306665420532
        ],
        [
          0.0,
          0.0,
          0.0,
          1.0
        ]
      ],
      "matrix_world_from_sensor_bevfusion": [
        [
          -0.6957754492759705,
          -0.005775829777121544,
          0.7182362079620361,
          94.14868927001953
        ],
        [
          -0.7182062864303589,
          -0.006565127056092024,
          -0.6957992911338806,
          52.29153823852539
        ],
        [
          0.00873412936925888,
          -0.999961793422699,
          0.00041961667011491954,
          1.6963306665420532
        ],
        [
          0.0,
          0.0,
          0.0,
          1.0
        ]
      ],
      "matrix_ego_from_sensor_carla": [
        [
          -1.0,
          3.2391201898462896e-07,
          -3.205489651492144e-09,
          -1.5500068664550781
        ],
        [
          -3.1123087751439016e-07,
          -1.0,
          -6.435798005632876e-10,
          0.0
        ],
        [
          -2.2037045521727805e-09,
          -1.7396244444967124e-09,
          1.0,
          1.6999998092651367
        ],
        [
          0.0,
          0.0,
          0.0,
          1.0
        ]
      ],
      "matrix_ego_from_sensor_bevfusion": [
        [
          3.2391201898462896e-07,
          3.205489651492144e-09,
          -1.0,
          -1.5500068664550781
        ],
        [
          1.0,
          -6.435798005632876e-10,
          3.1123087751439016e-07,
          0.0
        ],
        [
          -1.7396244444967124e-09,
          -1.0,
          -2.2037045521727805e-09,
          1.6999998092651367
        ],
        [
          0.0,
          0.0,
          0.0,
          1.0
        ]
      ],
      "camera_intrinsics": [
        [
          685.5110473632812,
          0.0,
          480.0
        ],
        [
          0.0,
          685.5110473632812,
          270.0
        ],
        [
          0.0,
          0.0,
          1.0
        ]
      ],
      "data_path": "D:\\Agent-AI\\outputs\\s3a_ml_long_v2\\sample_000048\\images\\CAM_BACK.png",
      "raw_layout": "bgra8"
    },
    "CAM_BACK_LEFT": {
      "type_id": "sensor.camera.rgb",
      "blueprint_attributes": {
        "role_name": "front",
        "ros_name": "sensor.camera.rgb",
        "chromatic_aberration_offset": "0.0",
        "sensor_tick": "0.100000",
        "fstop": "1.4",
        "image_size_x": "960",
        "image_size_y": "540",
        "fov": "70.00",
        "lens_circle_falloff": "5.0",
        "lens_circle_multiplier": "0.0",
        "exposure_compensation": "0.0",
        "lens_y_size": "0.08",
        "lens_k": "-1.0",
        "exposure_mode": "histogram",
        "lens_kcube": "0.0",
        "lens_x_size": "0.08",
        "exposure_max_bright": "12.0",
        "shutter_speed": "200.0",
        "bloom_intensity": "0.675",
        "iso": "100.0",
        "enable_postprocess_effects": "false",
        "gamma": "2.2",
        "motion_blur_intensity": "0.0",
        "motion_blur_max_distortion": "0.35",
        "lens_flare_intensity": "0.1",
        "motion_blur_min_object_screen_size": "0.1",
        "exposure_min_bright": "10.0",
        "exposure_speed_up": "3.0",
        "exposure_speed_down": "1.0",
        "tint": "0.0",
        "calibration_constant": "16.0",
        "focal_distance": "1000.0",
        "min_fstop": "1.2",
        "blade_count": "5",
        "blur_amount": "0.0",
        "blur_radius": "0.0",
        "slope": "0.88",
        "toe": "0.55",
        "white_clip": "0.04",
        "shoulder": "0.26",
        "black_clip": "0.0",
        "temp": "6500.0",
        "chromatic_aberration_intensity": "0.0"
      },
      "transform_carla": {
        "location": {
          "x": 93.58645629882812,
          "y": -52.070472717285156,
          "z": 1.701029658317566
        },
        "rotation": {
          "roll": -0.2673436403274536,
          "pitch": 0.4237244129180908,
          "yaw": 99.09007263183594
        }
      },
      "matrix_world_from_sensor_carla": [
        [
          -0.15798260271549225,
          -0.9874249696731567,
          0.005775760859251022,
          93.58645629882812
        ],
        [
          0.9874141812324524,
          -0.1580192744731903,
          -0.006565194111317396,
          -52.070472717285156
        ],
        [
          0.0073953187093138695,
          0.0046658823266625404,
          0.9999617338180542,
          1.701029658317566
        ],
        [
          0.0,
          0.0,
          0.0,
          1.0
        ]
      ],
      "matrix_world_from_sensor_bevfusion": [
        [
          -0.9874249696731567,
          -0.005775760859251022,
          -0.15798260271549225,
          93.58645629882812
        ],
        [
          0.1580192744731903,
          -0.006565194111317396,
          -0.9874141812324524,
          52.070472717285156
        ],
        [
          0.0046658823266625404,
          -0.9999617338180542,
          0.0073953187093138695,
          1.701029658317566
        ],
        [
          0.0,
          0.0,
          0.0,
          1.0
        ]
      ],
      "matrix_ego_from_sensor_carla": [
        [
          -0.5735760927200317,
          0.8191522359848022,
          9.283305502094663e-08,
          -1.3000106811523438
        ],
        [
          -0.819152295589447,
          -0.5735761523246765,
          8.083375080403243e-10,
          -0.5499954223632812
        ],
        [
          5.414815973381337e-08,
          -7.656568357106153e-08,
          0.9999999403953552,
          1.7000000476837158
        ],
        [
          0.0,
          0.0,
          0.0,
          1.0
        ]
      ],
      "matrix_ego_from_sensor_bevfusion": [
        [
          0.8191522359848022,
          -9.283305502094663e-08,
          -0.5735760927200317,
          -1.3000106811523438
        ],
        [
          0.5735761523246765,
          8.083375080403243e-10,
          0.819152295589447,
          0.5499954223632812
        ],
        [
          -7.656568357106153e-08,
          -0.9999999403953552,
          5.414815973381337e-08,
          1.7000000476837158
        ],
        [
          0.0,
          0.0,
          0.0,
          1.0
        ]
      ],
      "camera_intrinsics": [
        [
          685.5110473632812,
          0.0,
          480.0
        ],
        [
          0.0,
          685.5110473632812,
          270.0
        ],
        [
          0.0,
          0.0,
          1.0
        ]
      ],
      "data_path": "D:\\Agent-AI\\outputs\\s3a_ml_long_v2\\sample_000048\\images\\CAM_BACK_LEFT.png",
      "raw_layout": "bgra8"
    },
    "CAM_BACK_RIGHT": {
      "type_id": "sensor.camera.rgb",
      "blueprint_attributes": {
        "role_name": "front",
        "ros_name": "sensor.camera.rgb",
        "chromatic_aberration_offset": "0.0",
        "sensor_tick": "0.100000",
        "fstop": "1.4",
        "image_size_x": "960",
        "image_size_y": "540",
        "fov": "70.00",
        "lens_circle_falloff": "5.0",
        "lens_circle_multiplier": "0.0",
        "exposure_compensation": "0.0",
        "lens_y_size": "0.08",
        "lens_k": "-1.0",
        "exposure_mode": "histogram",
        "lens_kcube": "0.0",
        "lens_x_size": "0.08",
        "exposure_max_bright": "12.0",
        "shutter_speed": "200.0",
        "bloom_intensity": "0.675",
        "iso": "100.0",
        "enable_postprocess_effects": "false",
        "gamma": "2.2",
        "motion_blur_intensity": "0.0",
        "motion_blur_max_distortion": "0.35",
        "lens_flare_intensity": "0.1",
        "motion_blur_min_object_screen_size": "0.1",
        "exposure_min_bright": "10.0",
        "exposure_speed_up": "3.0",
        "exposure_speed_down": "1.0",
        "tint": "0.0",
        "calibration_constant": "16.0",
        "focal_distance": "1000.0",
        "min_fstop": "1.2",
        "blade_count": "5",
        "blur_amount": "0.0",
        "blur_radius": "0.0",
        "slope": "0.88",
        "toe": "0.55",
        "white_clip": "0.04",
        "shoulder": "0.26",
        "black_clip": "0.0",
        "temp": "6500.0",
        "chromatic_aberration_intensity": "0.0"
      },
      "transform_carla": {
        "location": {
          "x": 94.351806640625,
          "y": -52.86050033569336,
          "z": 1.6914221048355103
        },
        "rotation": {
          "roll": -0.30674177408218384,
          "pitch": -0.3961372971534729,
          "yaw": -10.907913208007812
        }
      },
      "matrix_world_from_sensor_carla": [
        [
          0.9819090962409973,
          0.1892646849155426,
          0.00577575946226716,
          94.351806640625
        ],
        [
          -0.18922652304172516,
          0.9819114804267883,
          -0.006565197370946407,
          -52.86050033569336
        ],
        [
          -0.006913844961673021,
          0.005353500135242939,
          0.999961793422699,
          1.6914221048355103
        ],
        [
          0.0,
          0.0,
          0.0,
          1.0
        ]
      ],
      "matrix_world_from_sensor_bevfusion": [
        [
          0.1892646849155426,
          -0.00577575946226716,
          0.9819090962409973,
          94.351806640625
        ],
        [
          -0.9819114804267883,
          -0.006565197370946407,
          0.18922652304172516,
          52.86050033569336
        ],
        [
          0.005353500135242939,
          -0.999961793422699,
          -0.006913844961673021,
          1.6914221048355103
        ],
        [
          0.0,
          0.0,
          0.0,
          1.0
        ]
      ],
      "matrix_ego_from_sensor_carla": [
        [
          -0.5735762715339661,
          -0.8191521167755127,
          9.600946526688858e-08,
          -1.3000030517578125
        ],
        [
          0.8191521167755127,
          -0.5735762715339661,
          1.2190652931565182e-09,
          0.5500106811523438
        ],
        [
          5.4553208173047096e-08,
          8.01266963890157e-08,
          1.0,
          1.7000000476837158
        ],
        [
          0.0,
          0.0,
          0.0,
          1.0
        ]
      ],
      "matrix_ego_from_sensor_bevfusion": [
        [
          -0.8191521167755127,
          -9.600946526688858e-08,
          -0.5735762715339661,
          -1.3000030517578125
        ],
        [
          0.5735762715339661,
          1.2190652931565182e-09,
          -0.8191521167755127,
          -0.5500106811523438
        ],
        [
          8.01266963890157e-08,
          -1.0,
          5.4553208173047096e-08,
          1.7000000476837158
        ],
        [
          0.0,
          0.0,
          0.0,
          1.0
        ]
      ],
      "camera_intrinsics": [
        [
          685.5110473632812,
          0.0,
          480.0
        ],
        [
          0.0,
          685.5110473632812,
          270.0
        ],
        [
          0.0,
          0.0,
          1.0
        ]
      ],
      "data_path": "D:\\Agent-AI\\outputs\\s3a_ml_long_v2\\sample_000048\\images\\CAM_BACK_RIGHT.png",
      "raw_layout": "bgra8"
    },
    "LIDAR_TOP": {
      "type_id": "sensor.lidar.ray_cast",
      "blueprint_attributes": {
        "atmosphere_attenuation_rate": "0.004",
        "role_name": "front",
        "noise_seed": "0",
        "upper_fov": "10.0",
        "ros_name": "sensor.lidar.ray_cast",
        "sensor_tick": "0.100000",
        "channels": "32",
        "range": "120.0",
        "points_per_second": "360000",
        "lower_fov": "-30.0",
        "rotation_frequency": "10.000000",
        "horizontal_fov": "360.0",
        "dropoff_general_rate": "0.0",
        "dropoff_intensity_limit": "1.0",
        "noise_stddev": "0.0",
        "dropoff_zero_intensity": "0.0"
      },
      "transform_carla": {
        "location": {
          "x": 93.0383071899414,
          "y": -53.37331008911133,
          "z": 2.1956610679626465
        },
        "rotation": {
          "roll": 0.5004352331161499,
          "pitch": -0.024042263627052307,
          "yaw": -135.90907287597656
        }
      },
      "matrix_world_from_sensor_carla": [
        [
          -0.7182363867759705,
          0.6957752108573914,
          0.005775827914476395,
          93.0383071899414
        ],
        [
          -0.6957990527153015,
          -0.7182064652442932,
          -0.00656512938439846,
          -53.37331008911133
        ],
        [
          -0.00041961667011491954,
          -0.008734130300581455,
          0.999961793422699,
          2.1956610679626465
        ],
        [
          0.0,
          0.0,
          0.0,
          1.0
        ]
      ],
      "matrix_world_from_sensor_bevfusion": [
        [
          -0.7182363867759705,
          -0.6957752108573914,
          0.005775827914476395,
          93.0383071899414
        ],
        [
          0.6957990527153015,
          -0.7182064652442932,
          0.00656512938439846,
          53.37331008911133
        ],
        [
          -0.00041961667011491954,
          0.008734130300581455,
          0.999961793422699,
          2.1956610679626465
        ],
        [
          0.0,
          0.0,
          0.0,
          1.0
        ]
      ],
      "matrix_ego_from_sensor_carla": [
        [
          1.0,
          -2.0679280510194076e-08,
          -2.0779507281520893e-10,
          1.9073486328125e-06
        ],
        [
          2.0787831900292986e-08,
          1.0,
          2.8774277405219095e-10,
          0.0
        ],
        [
          -2.99224867106318e-10,
          -1.2298506657515418e-10,
          1.0,
          2.1999998092651367
        ],
        [
          0.0,
          0.0,
          0.0,
          1.0
        ]
      ],
      "matrix_ego_from_sensor_bevfusion": [
        [
          1.0,
          2.0679280510194076e-08,
          -2.0779507281520893e-10,
          1.9073486328125e-06
        ],
        [
          -2.0787831900292986e-08,
          1.0,
          -2.8774277405219095e-10,
          0.0
        ],
        [
          -2.99224867106318e-10,
          1.2298506657515418e-10,
          1.0,
          2.1999998092651367
        ],
        [
          0.0,
          0.0,
          0.0,
          1.0
        ]
      ],
      "data_path": "D:\\Agent-AI\\outputs\\s3a_ml_long_v2\\sample_000048\\lidar\\LIDAR_TOP.npy",
      "raw_layout": [
        "x",
        "y",
        "z",
        "intensity"
      ]
    },
    "RADAR_FRONT": {
      "type_id": "sensor.other.radar",
      "blueprint_attributes": {
        "sensor_tick": "0.100000",
        "role_name": "default",
        "noise_seed": "0",
        "ros_name": "sensor.other.radar",
        "horizontal_fov": "35.0",
        "points_per_second": "1500",
        "vertical_fov": "20.0",
        "range": "120.0"
      },
      "transform_carla": {
        "location": {
          "x": 91.5943374633789,
          "y": -54.756370544433594,
          "z": 0.8948714733123779
        },
        "rotation": {
          "roll": 0.5004352331161499,
          "pitch": -0.024042263627052307,
          "yaw": -135.90907287597656
        }
      },
      "matrix_world_from_sensor_carla": [
        [
          -0.7182363867759705,
          0.6957752108573914,
          0.005775827914476395,
          91.5943374633789
        ],
        [
          -0.6957990527153015,
          -0.7182064652442932,
          -0.00656512938439846,
          -54.756370544433594
        ],
        [
          -0.00041961667011491954,
          -0.008734130300581455,
          0.999961793422699,
          0.8948714733123779
        ],
        [
          0.0,
          0.0,
          0.0,
          1.0
        ]
      ],
      "matrix_world_from_sensor_bevfusion": [
        [
          -0.7182363867759705,
          -0.6957752108573914,
          0.005775827914476395,
          91.5943374633789
        ],
        [
          0.6957990527153015,
          -0.7182064652442932,
          0.00656512938439846,
          54.756370544433594
        ],
        [
          -0.00041961667011491954,
          0.008734130300581455,
          0.999961793422699,
          0.8948714733123779
        ],
        [
          0.0,
          0.0,
          0.0,
          1.0
        ]
      ],
      "matrix_ego_from_sensor_carla": [
        [
          1.0,
          -2.0679280510194076e-08,
          -2.0779507281520893e-10,
          1.9999885559082031
        ],
        [
          2.0787831900292986e-08,
          1.0,
          2.8774277405219095e-10,
          7.62939453125e-06
        ],
        [
          -2.99224867106318e-10,
          -1.2298506657515418e-10,
          1.0,
          0.8999999165534973
        ],
        [
          0.0,
          0.0,
          0.0,
          1.0
        ]
      ],
      "matrix_ego_from_sensor_bevfusion": [
        [
          1.0,
          2.0679280510194076e-08,
          -2.0779507281520893e-10,
          1.9999885559082031
        ],
        [
          -2.0787831900292986e-08,
          1.0,
          -2.8774277405219095e-10,
          -7.62939453125e-06
        ],
        [
          -2.99224867106318e-10,
          1.2298506657515418e-10,
          1.0,
          0.8999999165534973
        ],
        [
          0.0,
          0.0,
          0.0,
          1.0
        ]
      ],
      "data_path": "D:\\Agent-AI\\outputs\\s3a_ml_long_v2\\sample_000048\\radar\\RADAR_FRONT.npy",
      "raw_layout": [
        "velocity",
        "altitude",
        "azimuth",
        "depth"
      ]
    },
    "RADAR_FRONT_LEFT": {
      "type_id": "sensor.other.radar",
      "blueprint_attributes": {
        "sensor_tick": "0.100000",
        "role_name": "default",
        "noise_seed": "0",
        "ros_name": "sensor.other.radar",
        "horizontal_fov": "35.0",
        "points_per_second": "1500",
        "vertical_fov": "20.0",
        "range": "120.0"
      },
      "transform_carla": {
        "location": {
          "x": 91.32388305664062,
          "y": -53.97418975830078,
          "z": 0.9015688896179199
        },
        "rotation": {
          "roll": 0.37087002396583557,
          "pitch": 0.3368580937385559,
          "yaw": 179.09213256835938
        }
      },
      "matrix_world_from_sensor_carla": [
        [
          -0.9998571872711182,
          -0.01588226668536663,
          0.005775828380137682,
          91.32388305664062
        ],
        [
          0.015844274312257767,
          -0.9998529553413391,
          -0.006565197370946407,
          -53.97418975830078
        ],
        [
          0.005879248958081007,
          -0.006472745910286903,
          0.999961793422699,
          0.9015688896179199
        ],
        [
          0.0,
          0.0,
          0.0,
          1.0
        ]
      ],
      "matrix_world_from_sensor_bevfusion": [
        [
          -0.9998571872711182,
          0.01588226668536663,
          0.005775828380137682,
          91.32388305664062
        ],
        [
          -0.015844274312257767,
          -0.9998529553413391,
          0.006565197370946407,
          53.97418975830078
        ],
        [
          0.005879248958081007,
          0.006472745910286903,
          0.999961793422699,
          0.9015688896179199
        ],
        [
          0.0,
          0.0,
          0.0,
          1.0
        ]
      ],
      "matrix_ego_from_sensor_carla": [
        [
          0.7071069478988647,
          0.7071067094802856,
          4.66493723649819e-08,
          1.6499996185302734
        ],
        [
          -0.7071067094802856,
          0.7071069478988647,
          4.964783784089377e-08,
          -0.7499923706054688
        ],
        [
          4.036527223583164e-10,
          -6.803107766018002e-08,
          1.0,
          0.8999997973442078
        ],
        [
          0.0,
          0.0,
          0.0,
          1.0
        ]
      ],
      "matrix_ego_from_sensor_bevfusion": [
        [
          0.7071069478988647,
          -0.7071067094802856,
          4.66493723649819e-08,
          1.6499996185302734
        ],
        [
          0.7071067094802856,
          0.7071069478988647,
          -4.964783784089377e-08,
          0.7499923706054688
        ],
        [
          4.036527223583164e-10,
          6.803107766018002e-08,
          1.0,
          0.8999997973442078
        ],
        [
          0.0,
          0.0,
          0.0,
          1.0
        ]
      ],
      "data_path": "D:\\Agent-AI\\outputs\\s3a_ml_long_v2\\sample_000048\\radar\\RADAR_FRONT_LEFT.npy",
      "raw_layout": [
        "velocity",
        "altitude",
        "azimuth",
        "depth"
      ]
    },
    "RADAR_FRONT_RIGHT": {
      "type_id": "sensor.other.radar",
      "blueprint_attributes": {
        "sensor_tick": "0.100000",
        "role_name": "default",
        "noise_seed": "0",
        "ros_name": "sensor.other.radar",
        "horizontal_fov": "35.0",
        "points_per_second": "1500",
