{
  "schema_version": "stage1.v1",
  "sample_name": "sample_000012",
  "sequence_index": 12,
  "previous_sample_name": "sample_000011",
  "frame_id": 3932,
  "timestamp": 40.331086564809084,
  "platform_timestamp": 16816486.2977788,
  "delta_seconds": 0.10000000149011612,
  "town": "Carla/Maps/Town10HD_Opt",
  "weather": {
    "cloudiness": 20.0,
    "dust_storm": 0.0,
    "fog_density": 2.0,
    "fog_distance": 0.75,
    "fog_falloff": 0.10000000149011612,
    "mie_scattering_scale": 0.029999999329447746,
    "precipitation": 0.0,
    "precipitation_deposits": 0.0,
    "rayleigh_scattering_scale": 0.03310000151395798,
    "scattering_intensity": 1.0,
    "sun_altitude_angle": 45.0,
    "sun_azimuth_angle": 300.0,
    "wetness": 0.0,
    "wind_intensity": 10.0
  },
  "sensor_names": [
    "CAM_FRONT",
    "CAM_FRONT_RIGHT",
    "CAM_FRONT_LEFT",
    "CAM_BACK",
    "CAM_BACK_LEFT",
    "CAM_BACK_RIGHT",
    "LIDAR_TOP",
    "RADAR_FRONT",
    "RADAR_FRONT_LEFT",
    "RADAR_FRONT_RIGHT",
    "RADAR_BACK_LEFT",
    "RADAR_BACK_RIGHT"
  ],
  "camera_order_for_model": [
    "CAM_FRONT",
    "CAM_FRONT_RIGHT",
    "CAM_FRONT_LEFT",
    "CAM_BACK",
    "CAM_BACK_LEFT",
    "CAM_BACK_RIGHT"
  ],
  "radar_order_for_model": [
    "RADAR_FRONT",
    "RADAR_FRONT_LEFT",
    "RADAR_FRONT_RIGHT",
    "RADAR_BACK_LEFT",
    "RADAR_BACK_RIGHT"
  ],
  "coordinate_notes": {
    "carla_world": "left-handed x-forward y-right z-up",
    "bevfusion_lidar": "x-forward y-left z-up",
    "camera_frame_for_model": "OpenCV style x-right y-down z-forward"
  },
  "ego": {
    "actor_id": 24,
    "transform_carla": {
      "location": {
        "x": 109.61286926269531,
        "y": -26.507293701171875,
        "z": -0.006574973929673433
      },
      "rotation": {
        "roll": 0.3562757074832916,
        "pitch": 0.6082897782325745,
        "yaw": -94.4508056640625
      }
    },
    "velocity_carla": [
      -0.8548450469970703,
      -8.050235748291016,
      -0.00021568297233898193
    ],
    "angular_velocity_carla": [
      0.8040725588798523,
      2.010777711868286,
      -12.569360733032227
    ],
    "matrix_world_from_ego_carla": [
      [
        -0.07759875059127808,
        0.996959924697876,
        0.007023246493190527,
        109.61286926269531
      ],
      [
        -0.9969280958175659,
        -0.07766744494438171,
        0.010101692751049995,
        -26.507293701171875
      ],
      [
        0.010616459883749485,
        -0.006217793561518192,
        0.9999243021011353,
        -0.006574973929673433
      ],
      [
        0.0,
        0.0,
        0.0,
        1.0
      ]
    ],
    "matrix_world_from_ego_bevfusion": [
      [
        -0.07759875059127808,
        -0.996959924697876,
        0.007023246493190527,
        109.61286926269531
      ],
      [
        0.9969280958175659,
        -0.07766744494438171,
        -0.010101692751049995,
        26.507293701171875
      ],
      [
        0.010616459883749485,
        0.006217793561518192,
        0.9999243021011353,
        -0.006574973929673433
      ],
      [
        0.0,
        0.0,
        0.0,
        1.0
      ]
    ]
  },
  "sensors": {
    "CAM_FRONT": {
      "type_id": "sensor.camera.rgb",
      "blueprint_attributes": {
        "role_name": "front",
        "ros_name": "sensor.camera.rgb",
        "chromatic_aberration_offset": "0.0",
        "sensor_tick": "0.100000",
        "fstop": "1.4",
        "image_size_x": "960",
        "image_size_y": "540",
        "fov": "70.00",
        "lens_circle_falloff": "5.0",
        "lens_circle_multiplier": "0.0",
        "exposure_compensation": "0.0",
        "lens_y_size": "0.08",
        "lens_k": "-1.0",
        "exposure_mode": "histogram",
        "lens_kcube": "0.0",
        "lens_x_size": "0.08",
        "exposure_max_bright": "12.0",
        "shutter_speed": "200.0",
        "bloom_intensity": "0.675",
        "iso": "100.0",
        "enable_postprocess_effects": "false",
        "gamma": "2.2",
        "motion_blur_intensity": "0.0",
        "motion_blur_max_distortion": "0.35",
        "lens_flare_intensity": "0.1",
        "motion_blur_min_object_screen_size": "0.1",
        "exposure_min_bright": "10.0",
        "exposure_speed_up": "3.0",
        "exposure_speed_down": "1.0",
        "tint": "0.0",
        "calibration_constant": "16.0",
        "focal_distance": "1000.0",
        "min_fstop": "1.2",
        "blade_count": "5",
        "blur_amount": "0.0",
        "blur_radius": "0.0",
        "slope": "0.88",
        "toe": "0.55",
        "white_clip": "0.04",
        "shoulder": "0.26",
        "black_clip": "0.0",
        "temp": "6500.0",
        "chromatic_aberration_intensity": "0.0"
      },
      "transform_carla": {
        "location": {
          "x": 109.50453186035156,
          "y": -28.03536033630371,
          "z": 1.709751844406128
        },
        "rotation": {
          "roll": 0.3562757074832916,
          "pitch": 0.6082897782325745,
          "yaw": -94.4508056640625
        }
      },
      "matrix_world_from_sensor_carla": [
        [
          -0.07759875059127808,
          0.996959924697876,
          0.007023246493190527,
          109.50453186035156
        ],
        [
          -0.9969280958175659,
          -0.07766744494438171,
          0.010101692751049995,
          -28.03536033630371
        ],
        [
          0.010616459883749485,
          -0.006217793561518192,
          0.9999243021011353,
          1.709751844406128
        ],
        [
          0.0,
          0.0,
          0.0,
          1.0
        ]
      ],
      "matrix_world_from_sensor_bevfusion": [
        [
          0.996959924697876,
          -0.007023246493190527,
          -0.07759875059127808,
          109.50453186035156
        ],
        [
          0.07766744494438171,
          0.010101692751049995,
          0.9969280958175659,
          28.03536033630371
        ],
        [
          -0.006217793561518192,
          -0.9999243021011353,
          0.010616459883749485,
          1.709751844406128
        ],
        [
          0.0,
          0.0,
          0.0,
          1.0
        ]
      ],
      "matrix_ego_from_sensor_carla": [
        [
          1.0,
          5.984518658408433e-09,
          -8.437177623221714e-10,
          1.5500030517578125
        ],
        [
          4.178596135773205e-09,
          1.0,
          -1.0965328645085037e-10,
          7.62939453125e-06
        ],
        [
          8.767531145537077e-11,
          3.560080008568889e-10,
          1.0,
          1.6999999284744263
        ],
        [
          0.0,
          0.0,
          0.0,
          1.0
        ]
      ],
      "matrix_ego_from_sensor_bevfusion": [
        [
          5.984518658408433e-09,
          8.437177623221714e-10,
          1.0,
          1.5500030517578125
        ],
        [
          -1.0,
          -1.0965328645085037e-10,
          -4.178596135773205e-09,
          -7.62939453125e-06
        ],
        [
          3.560080008568889e-10,
          -1.0,
          8.767531145537077e-11,
          1.6999999284744263
        ],
        [
          0.0,
          0.0,
          0.0,
          1.0
        ]
      ],
      "camera_intrinsics": [
        [
          685.5110473632812,
          0.0,
          480.0
        ],
        [
          0.0,
          685.5110473632812,
          270.0
        ],
        [
          0.0,
          0.0,
          1.0
        ]
      ],
      "data_path": "D:\\Agent-AI\\outputs\\s3a_left_v3\\sample_000012\\images\\CAM_FRONT.png",
      "raw_layout": "bgra8"
    },
    "CAM_FRONT_RIGHT": {
      "type_id": "sensor.camera.rgb",
      "blueprint_attributes": {
        "role_name": "front",
        "ros_name": "sensor.camera.rgb",
        "chromatic_aberration_offset": "0.0",
        "sensor_tick": "0.100000",
        "fstop": "1.4",
        "image_size_x": "960",
        "image_size_y": "540",
        "fov": "70.00",
        "lens_circle_falloff": "5.0",
        "lens_circle_multiplier": "0.0",
        "exposure_compensation": "0.0",
        "lens_y_size": "0.08",
        "lens_k": "-1.0",
        "exposure_mode": "histogram",
        "lens_kcube": "0.0",
        "lens_x_size": "0.08",
        "exposure_max_bright": "12.0",
        "shutter_speed": "200.0",
        "bloom_intensity": "0.675",
        "iso": "100.0",
        "enable_postprocess_effects": "false",
        "gamma": "2.2",
        "motion_blur_intensity": "0.0",
        "motion_blur_max_distortion": "0.35",
        "lens_flare_intensity": "0.1",
        "motion_blur_min_object_screen_size": "0.1",
        "exposure_min_bright": "10.0",
        "exposure_speed_up": "3.0",
        "exposure_speed_down": "1.0",
        "tint": "0.0",
        "calibration_constant": "16.0",
        "focal_distance": "1000.0",
        "min_fstop": "1.2",
        "blade_count": "5",
        "blur_amount": "0.0",
        "blur_radius": "0.0",
        "slope": "0.88",
        "toe": "0.55",
        "white_clip": "0.04",
        "shoulder": "0.26",
        "black_clip": "0.0",
        "temp": "6500.0",
        "chromatic_aberration_intensity": "0.0"
      },
      "transform_carla": {
        "location": {
          "x": 110.07225036621094,
          "y": -27.82884407043457,
          "z": 1.7036778926849365
        },
        "rotation": {
          "roll": 0.7026289105415344,
          "pitch": 0.05706622824072838,
          "yaw": -39.45234298706055
        }
      },
      "matrix_world_from_sensor_carla": [
        [
          0.7721530199050903,
          0.6353977918624878,
          0.007023276295512915,
          110.07225036621094
        ],
        [
          -0.6354358792304993,
          0.772087574005127,
          0.01010166760534048,
          -27.82884407043457
        ],
        [
          0.0009959934977814555,
          -0.012262875214219093,
          0.9999243021011353,
          1.7036778926849365
        ],
        [
          0.0,
          0.0,
          0.0,
          1.0
        ]
      ],
      "matrix_world_from_sensor_bevfusion": [
        [
          0.6353977918624878,
          -0.007023276295512915,
          0.7721530199050903,
          110.07225036621094
        ],
        [
          -0.772087574005127,
          0.01010166760534048,
          0.6354358792304993,
          27.82884407043457
        ],
        [
          -0.012262875214219093,
          -0.9999243021011353,
          0.0009959934977814555,
          1.7036778926849365
        ],
        [
          0.0,
          0.0,
          0.0,
          1.0
        ]
      ],
      "matrix_ego_from_sensor_carla": [
        [
          0.5735763907432556,
          -0.8191521167755127,
          2.2439346381020187e-08,
          1.3000030517578125
        ],
        [
          0.8191521167755127,
          0.5735762715339661,
          3.108965174192235e-08,
          0.5499954223632812
        ],
        [
          -3.837454443100796e-08,
          -2.5471913467356444e-10,
          1.0,
          1.6999999284744263
        ],
        [
          0.0,
          0.0,
          0.0,
          1.0
        ]
      ],
      "matrix_ego_from_sensor_bevfusion": [
        [
          -0.8191521167755127,
          -2.2439346381020187e-08,
          0.5735763907432556,
          1.3000030517578125
        ],
        [
          -0.5735762715339661,
          3.108965174192235e-08,
          -0.8191521167755127,
          -0.5499954223632812
        ],
        [
          -2.5471913467356444e-10,
          -1.0,
          -3.837454443100796e-08,
          1.6999999284744263
        ],
        [
          0.0,
          0.0,
          0.0,
          1.0
        ]
      ],
      "camera_intrinsics": [
        [
          685.5110473632812,
          0.0,
          480.0
        ],
        [
          0.0,
          685.5110473632812,
          270.0
        ],
        [
          0.0,
          0.0,
          1.0
        ]
      ],
      "data_path": "D:\\Agent-AI\\outputs\\s3a_left_v3\\sample_000012\\images\\CAM_FRONT_RIGHT.png",
      "raw_layout": "bgra8"
    },
    "CAM_FRONT_LEFT": {
      "type_id": "sensor.camera.rgb",
      "blueprint_attributes": {
        "role_name": "front",
        "ros_name": "sensor.camera.rgb",
        "chromatic_aberration_offset": "0.0",
        "sensor_tick": "0.100000",
        "fstop": "1.4",
        "image_size_x": "960",
        "image_size_y": "540",
        "fov": "70.00",
        "lens_circle_falloff": "5.0",
        "lens_circle_multiplier": "0.0",
        "exposure_compensation": "0.0",
        "lens_y_size": "0.08",
        "lens_k": "-1.0",
        "exposure_mode": "histogram",
        "lens_kcube": "0.0",
        "lens_x_size": "0.08",
        "exposure_max_bright": "12.0",
        "shutter_speed": "200.0",
        "bloom_intensity": "0.675",
        "iso": "100.0",
        "enable_postprocess_effects": "false",
        "gamma": "2.2",
        "motion_blur_intensity": "0.0",
        "motion_blur_max_distortion": "0.35",
        "lens_flare_intensity": "0.1",
        "motion_blur_min_object_screen_size": "0.1",
        "exposure_min_bright": "10.0",
        "exposure_speed_up": "3.0",
        "exposure_speed_down": "1.0",
        "tint": "0.0",
        "calibration_constant": "16.0",
        "focal_distance": "1000.0",
        "min_fstop": "1.2",
        "blade_count": "5",
        "blur_amount": "0.0",
        "blur_radius": "0.0",
        "slope": "0.88",
        "toe": "0.55",
        "white_clip": "0.04",
        "shoulder": "0.26",
        "black_clip": "0.0",
        "temp": "6500.0",
        "chromatic_aberration_intensity": "0.0"
      },
      "transform_carla": {
        "location": {
          "x": 108.97560119628906,
          "y": -27.743410110473633,
          "z": 1.710517406463623
        },
        "rotation": {
          "roll": -0.2939535677433014,
          "pitch": 0.6407331824302673,
          "yaw": -149.45433044433594
        }
      },
      "matrix_world_from_sensor_carla": [
        [
          -0.8611705303192139,
          0.5082677006721497,
          0.00702324602752924,
          108.97560119628906
        ],
        [
          -0.5081931948661804,
          -0.8611838817596436,
          0.010101692751049995,
          -27.743410110473633
        ],
        [
          0.01118267048150301,
          0.005130114499479532,
          0.9999243021011353,
          1.710517406463623
        ],
        [
          0.0,
          0.0,
          0.0,
          1.0
        ]
      ],
      "matrix_world_from_sensor_bevfusion": [
        [
          0.5082677006721497,
          -0.00702324602752924,
          -0.8611705303192139,
          108.97560119628906
        ],
        [
          0.8611838817596436,
          0.010101692751049995,
          0.5081931948661804,
          27.743410110473633
        ],
        [
          0.005130114499479532,
          -0.9999243021011353,
          0.01118267048150301,
          1.710517406463623
        ],
        [
          0.0,
          0.0,
          0.0,
          1.0
        ]
      ],
      "matrix_ego_from_sensor_carla": [
        [
          0.5735766291618347,
          0.8191520571708679,
          -8.437177623221714e-10,
          1.3000011444091797
        ],
        [
          -0.8191519975662231,
          0.5735765695571899,
          -5.753145737585896e-10,
          -0.5499954223632812
        ],
        [
          -8.637613957418466e-10,
          9.539475875897097e-10,
          1.0,
          1.6999999284744263
        ],
        [
          0.0,
          0.0,
          0.0,
          1.0
        ]
      ],
      "matrix_ego_from_sensor_bevfusion": [
        [
          0.8191520571708679,
          8.437177623221714e-10,
          0.5735766291618347,
          1.3000011444091797
        ],
        [
          -0.5735765695571899,
          -5.753145737585896e-10,
          0.8191519975662231,
          0.5499954223632812
        ],
        [
          9.539475875897097e-10,
          -1.0,
          -8.637613957418466e-10,
          1.6999999284744263
        ],
        [
          0.0,
          0.0,
          0.0,
          1.0
        ]
      ],
      "camera_intrinsics": [
        [
          685.5110473632812,
          0.0,
          480.0
        ],
        [
          0.0,
          685.5110473632812,
          270.0
        ],
        [
          0.0,
          0.0,
          1.0
        ]
      ],
      "data_path": "D:\\Agent-AI\\outputs\\s3a_left_v3\\sample_000012\\images\\CAM_FRONT_LEFT.png",
      "raw_layout": "bgra8"
    },
    "CAM_BACK": {
      "type_id": "sensor.camera.rgb",
      "blueprint_attributes": {
        "role_name": "front",
        "ros_name": "sensor.camera.rgb",
        "chromatic_aberration_offset": "0.0",
        "sensor_tick": "0.100000",
        "fstop": "1.4",
        "image_size_x": "960",
        "image_size_y": "540",
        "fov": "70.00",
        "lens_circle_falloff": "5.0",
        "lens_circle_multiplier": "0.0",
        "exposure_compensation": "0.0",
        "lens_y_size": "0.08",
        "lens_k": "-1.0",
        "exposure_mode": "histogram",
        "lens_kcube": "0.0",
        "lens_x_size": "0.08",
        "exposure_max_bright": "12.0",
        "shutter_speed": "200.0",
        "bloom_intensity": "0.675",
        "iso": "100.0",
        "enable_postprocess_effects": "false",
        "gamma": "2.2",
        "motion_blur_intensity": "0.0",
        "motion_blur_max_distortion": "0.35",
        "lens_flare_intensity": "0.1",
        "motion_blur_min_object_screen_size": "0.1",
        "exposure_min_bright": "10.0",
        "exposure_speed_up": "3.0",
        "exposure_speed_down": "1.0",
        "tint": "0.0",
        "calibration_constant": "16.0",
        "focal_distance": "1000.0",
        "min_fstop": "1.2",
        "blade_count": "5",
        "blur_amount": "0.0",
        "blur_radius": "0.0",
        "slope": "0.88",
        "toe": "0.55",
        "white_clip": "0.04",
        "shoulder": "0.26",
        "black_clip": "0.0",
        "temp": "6500.0",
        "chromatic_aberration_intensity": "0.0"
      },
      "transform_carla": {
        "location": {
          "x": 109.74508666992188,
          "y": -24.944881439208984,
          "z": 1.6768407821655273
        },
        "rotation": {
          "roll": -0.3562757968902588,
          "pitch": -0.6082897782325745,
          "yaw": 85.54920196533203
        }
      },
      "matrix_world_from_sensor_carla": [
        [
          0.07759866118431091,
          -0.9969599843025208,
          0.007023247424513102,
          109.74508666992188
        ],
        [
          0.9969281554222107,
          0.07766735553741455,
          0.01010169368237257,
          -24.944881439208984
        ],
        [
          -0.010616459883749485,
          0.006217794958502054,
          0.9999243021011353,
          1.6768407821655273
        ],
        [
          0.0,
          0.0,
          0.0,
          1.0
        ]
      ],
      "matrix_world_from_sensor_bevfusion": [
        [
          -0.9969599843025208,
          -0.007023247424513102,
          0.07759866118431091,
          109.74508666992188
        ],
        [
          -0.07766735553741455,
          0.01010169368237257,
          -0.9969281554222107,
          24.944881439208984
        ],
        [
          0.006217794958502054,
          -0.9999243021011353,
          -0.010616459883749485,
          1.6768407821655273
        ],
        [
          0.0,
          0.0,
          0.0,
          1.0
        ]
      ],
      "matrix_ego_from_sensor_carla": [
        [
          -1.0,
          9.06113726273361e-08,
          -1.77504033693765e-09,
          -1.5500011444091797
        ],
        [
          -9.822034741091556e-08,
          -1.0,
          8.216692881646281e-10,
          0.0
        ],
        [
          -8.767531145537077e-11,
          -3.5611374959998443e-10,
          1.0,
          1.6999999284744263
        ],
        [
          0.0,
          0.0,
          0.0,
          1.0
        ]
      ],
      "matrix_ego_from_sensor_bevfusion": [
        [
          9.06113726273361e-08,
          1.77504033693765e-09,
          -1.0,
          -1.5500011444091797
        ],
        [
          1.0,
          8.216692881646281e-10,
          9.822034741091556e-08,
          0.0
        ],
        [
          -3.5611374959998443e-10,
          -1.0,
          -8.767531145537077e-11,
          1.6999999284744263
        ],
        [
          0.0,
          0.0,
          0.0,
          1.0
        ]
      ],
      "camera_intrinsics": [
        [
          685.5110473632812,
          0.0,
          480.0
        ],
        [
          0.0,
          685.5110473632812,
          270.0
        ],
        [
          0.0,
          0.0,
          1.0
        ]
      ],
      "data_path": "D:\\Agent-AI\\outputs\\s3a_left_v3\\sample_000012\\images\\CAM_BACK.png",
      "raw_layout": "bgra8"
    },
    "CAM_BACK_LEFT": {
      "type_id": "sensor.camera.rgb",
      "blueprint_attributes": {
        "role_name": "front",
        "ros_name": "sensor.camera.rgb",
        "chromatic_aberration_offset": "0.0",
        "sensor_tick": "0.100000",
        "fstop": "1.4",
        "image_size_x": "960",
        "image_size_y": "540",
        "fov": "70.00",
        "lens_circle_falloff": "5.0",
        "lens_circle_multiplier": "0.0",
        "exposure_compensation": "0.0",
        "lens_y_size": "0.08",
        "lens_k": "-1.0",
        "exposure_mode": "histogram",
        "lens_kcube": "0.0",
        "lens_x_size": "0.08",
        "exposure_max_bright": "12.0",
        "shutter_speed": "200.0",
        "bloom_intensity": "0.675",
        "iso": "100.0",
        "enable_postprocess_effects": "false",
        "gamma": "2.2",
        "motion_blur_intensity": "0.0",
        "motion_blur_max_distortion": "0.35",
        "lens_flare_intensity": "0.1",
        "motion_blur_min_object_screen_size": "0.1",
        "exposure_min_bright": "10.0",
        "exposure_speed_up": "3.0",
        "exposure_speed_down": "1.0",
        "tint": "0.0",
        "calibration_constant": "16.0",
        "focal_distance": "1000.0",
        "min_fstop": "1.2",
        "blade_count": "5",
        "blur_amount": "0.0",
        "blur_radius": "0.0",
        "slope": "0.88",
        "toe": "0.55",
        "white_clip": "0.04",
        "shoulder": "0.26",
        "black_clip": "0.0",
        "temp": "6500.0",
        "chromatic_aberration_intensity": "0.0"
      },
      "transform_carla": {
        "location": {
          "x": 109.17736053466797,
          "y": -25.151397705078125,
          "z": 1.6829147338867188
        },
        "rotation": {
          "roll": -0.7026289105415344,
          "pitch": -0.05706622824072838,
          "yaw": 140.5476837158203
        }
      },
      "matrix_world_from_sensor_carla": [
        [
          -0.7721533179283142,
          -0.6353974342346191,
          0.007023271173238754,
          109.17736053466797
        ],
        [
          0.6354355216026306,
          -0.7720878720283508,
          0.010101670399308205,
          -25.151397705078125
        ],
        [
          -0.0009959934977814555,
          0.012262875214219093,
          0.9999243021011353,
          1.6829147338867188
        ],
        [
          0.0,
          0.0,
          0.0,
          1.0
        ]
      ],
      "matrix_world_from_sensor_bevfusion": [
        [
          -0.6353974342346191,
          -0.007023271173238754,
          -0.7721533179283142,
          109.17736053466797
        ],
        [
          0.7720878720283508,
          0.010101670399308205,
          -0.6354355216026306,
          25.151397705078125
        ],
        [
          0.012262875214219093,
          -0.9999243021011353,
          -0.0009959934977814555,
          1.6829147338867188
        ],
        [
          0.0,
          0.0,
          0.0,
          1.0
        ]
      ],
      "matrix_ego_from_sensor_carla": [
        [
          -0.573576033115387,
          0.8191524147987366,
          1.964537865717375e-08,
          -1.2999992370605469
        ],
        [
          -0.8191523551940918,
          -0.5735759139060974,
          2.596737935789406e-08,
          -0.5500030517578125
        ],
        [
          3.2903024305142026e-08,
          -6.766034399419141e-10,
          1.0,
          1.6999999284744263
        ],
        [
          0.0,
          0.0,
          0.0,
          1.0
        ]
      ],
      "matrix_ego_from_sensor_bevfusion": [
        [
          0.8191524147987366,
          -1.964537865717375e-08,
          -0.573576033115387,
          -1.2999992370605469
        ],
        [
          0.5735759139060974,
          2.596737935789406e-08,
          0.8191523551940918,
          0.5500030517578125
        ],
        [
          -6.766034399419141e-10,
          -1.0,
          3.2903024305142026e-08,
          1.6999999284744263
        ],
        [
          0.0,
          0.0,
          0.0,
          1.0
        ]
      ],
      "camera_intrinsics": [
        [
          685.5110473632812,
          0.0,
          480.0
        ],
        [
          0.0,
          685.5110473632812,
          270.0
        ],
        [
          0.0,
          0.0,
          1.0
        ]
      ],
      "data_path": "D:\\Agent-AI\\outputs\\s3a_left_v3\\sample_000012\\images\\CAM_BACK_LEFT.png",
      "raw_layout": "bgra8"
    },
    "CAM_BACK_RIGHT": {
      "type_id": "sensor.camera.rgb",
      "blueprint_attributes": {
        "role_name": "front",
        "ros_name": "sensor.camera.rgb",
        "chromatic_aberration_offset": "0.0",
        "sensor_tick": "0.100000",
        "fstop": "1.4",
        "image_size_x": "960",
        "image_size_y": "540",
        "fov": "70.00",
        "lens_circle_falloff": "5.0",
        "lens_circle_multiplier": "0.0",
        "exposure_compensation": "0.0",
        "lens_y_size": "0.08",
        "lens_k": "-1.0",
        "exposure_mode": "histogram",
        "lens_kcube": "0.0",
        "lens_x_size": "0.08",
        "exposure_max_bright": "12.0",
        "shutter_speed": "200.0",
        "bloom_intensity": "0.675",
        "iso": "100.0",
        "enable_postprocess_effects": "false",
        "gamma": "2.2",
        "motion_blur_intensity": "0.0",
        "motion_blur_max_distortion": "0.35",
        "lens_flare_intensity": "0.1",
        "motion_blur_min_object_screen_size": "0.1",
        "exposure_min_bright": "10.0",
        "exposure_speed_up": "3.0",
        "exposure_speed_down": "1.0",
        "tint": "0.0",
        "calibration_constant": "16.0",
        "focal_distance": "1000.0",
        "min_fstop": "1.2",
        "blade_count": "5",
        "blur_amount": "0.0",
        "blur_radius": "0.0",
        "slope": "0.88",
        "toe": "0.55",
        "white_clip": "0.04",
        "shoulder": "0.26",
        "black_clip": "0.0",
        "temp": "6500.0",
        "chromatic_aberration_intensity": "0.0"
      },
      "transform_carla": {
        "location": {
          "x": 110.27400970458984,
          "y": -25.236833572387695,
          "z": 1.6760751008987427
        },
        "rotation": {
          "roll": 0.29395362734794617,
          "pitch": -0.6407331824302673,
          "yaw": 30.5456600189209
        }
      },
      "matrix_world_from_sensor_carla": [
        [
          0.8611705899238586,
          -0.5082675814628601,
          0.007023246958851814,
          110.27400970458984
        ],
        [
          0.5081930756568909,
          0.8611839413642883,
          0.010101692751049995,
          -25.236833572387695
        ],
        [
          -0.01118267048150301,
          -0.005130115430802107,
          0.9999243021011353,
          1.6760751008987427
        ],
        [
          0.0,
          0.0,
          0.0,
          1.0
        ]
      ],
      "matrix_world_from_sensor_bevfusion": [
        [
          -0.5082675814628601,
          -0.007023246958851814,
          0.8611705899238586,
          110.27400970458984
        ],
        [
          -0.8611839413642883,
          0.010101692751049995,
          -0.5081930756568909,
          25.236833572387695
        ],
        [
          -0.005130115430802107,
          -0.9999243021011353,
          -0.01118267048150301,
          1.6760751008987427
        ],
        [
          0.0,
          0.0,
          0.0,
          1.0
        ]
      ],
      "matrix_ego_from_sensor_carla": [
        [
          -0.5735765099525452,
          -0.8191521167755127,
          -8.437177623221714e-10,
          -1.2999954223632812
        ],
        [
          0.8191520571708679,
          -0.5735764503479004,
          3.560080008568889e-10,
          0.5499954223632812
        ],
        [
          -6.756117887363189e-11,
          -2.2554569323318674e-11,
          1.0,
          1.6999999284744263
        ],
        [
          0.0,
          0.0,
          0.0,
          1.0
        ]
      ],
      "matrix_ego_from_sensor_bevfusion": [
        [
          -0.8191521167755127,
          8.437177623221714e-10,
          -0.5735765099525452,
          -1.2999954223632812
        ],
        [
          0.5735764503479004,
          3.560080008568889e-10,
          -0.8191520571708679,
          -0.5499954223632812
        ],
        [
          -2.2554569323318674e-11,
          -1.0,
          -6.756117887363189e-11,
          1.6999999284744263
        ],
        [
          0.0,
          0.0,
          0.0,
          1.0
        ]
      ],
      "camera_intrinsics": [
        [
          685.5110473632812,
          0.0,
          480.0
        ],
        [
          0.0,
          685.5110473632812,
          270.0
        ],
        [
          0.0,
          0.0,
          1.0
        ]
      ],
      "data_path": "D:\\Agent-AI\\outputs\\s3a_left_v3\\sample_000012\\images\\CAM_BACK_RIGHT.png",
      "raw_layout": "bgra8"
    },
    "LIDAR_TOP": {
      "type_id": "sensor.lidar.ray_cast",
      "blueprint_attributes": {
        "atmosphere_attenuation_rate": "0.004",
        "role_name": "front",
        "noise_seed": "0",
        "upper_fov": "10.0",
        "ros_name": "sensor.lidar.ray_cast",
        "sensor_tick": "0.100000",
        "channels": "32",
        "range": "120.0",
        "points_per_second": "360000",
        "lower_fov": "-30.0",
        "rotation_frequency": "10.000000",
        "horizontal_fov": "360.0",
        "dropoff_general_rate": "0.0",
        "dropoff_intensity_limit": "1.0",
        "noise_stddev": "0.0",
        "dropoff_zero_intensity": "0.0"
      },
      "transform_carla": {
        "location": {
          "x": 109.6283187866211,
          "y": -26.485069274902344,
          "z": 2.19325852394104
        },
        "rotation": {
          "roll": 0.3562757074832916,
          "pitch": 0.6082897782325745,
          "yaw": -94.4508056640625
        }
      },
      "matrix_world_from_sensor_carla": [
        [
          -0.07759875059127808,
          0.996959924697876,
          0.007023246493190527,
          109.6283187866211
        ],
        [
          -0.9969280958175659,
          -0.07766744494438171,
          0.010101692751049995,
          -26.485069274902344
        ],
        [
          0.010616459883749485,
          -0.006217793561518192,
          0.9999243021011353,
          2.19325852394104
        ],
        [
          0.0,
          0.0,
          0.0,
          1.0
        ]
      ],
      "matrix_world_from_sensor_bevfusion": [
        [
          -0.07759875059127808,
          -0.996959924697876,
          0.007023246493190527,
          109.6283187866211
        ],
        [
          0.9969280958175659,
          -0.07766744494438171,
          -0.010101692751049995,
          26.485069274902344
        ],
        [
          0.010616459883749485,
          0.006217793561518192,
          0.9999243021011353,
          2.19325852394104
        ],
        [
          0.0,
          0.0,
          0.0,
          1.0
        ]
      ],
      "matrix_ego_from_sensor_carla": [
        [
          1.0,
          5.984518658408433e-09,
          -8.437177623221714e-10,
          1.9073486328125e-06
        ],
        [
          4.178596135773205e-09,
          1.0,
          -1.0965328645085037e-10,
          7.62939453125e-06
        ],
        [
          8.767531145537077e-11,
          3.560080008568889e-10,
          1.0,
          2.1999998092651367
        ],
        [
          0.0,
          0.0,
          0.0,
          1.0
        ]
      ],
      "matrix_ego_from_sensor_bevfusion": [
        [
          1.0,
          -5.984518658408433e-09,
          -8.437177623221714e-10,
          1.9073486328125e-06
        ],
        [
          -4.178596135773205e-09,
          1.0,
          1.0965328645085037e-10,
          -7.62939453125e-06
        ],
        [
          8.767531145537077e-11,
          -3.560080008568889e-10,
          1.0,
          2.1999998092651367
        ],
        [
          0.0,
          0.0,
          0.0,
          1.0
        ]
      ],
      "data_path": "D:\\Agent-AI\\outputs\\s3a_left_v3\\sample_000012\\lidar\\LIDAR_TOP.npy",
      "raw_layout": [
        "x",
        "y",
        "z",
        "intensity"
      ]
    },
    "RADAR_FRONT": {
      "type_id": "sensor.other.radar",
      "blueprint_attributes": {
        "sensor_tick": "0.100000",
        "role_name": "default",
        "noise_seed": "0",
        "ros_name": "sensor.other.radar",
        "horizontal_fov": "35.0",
        "points_per_second": "1500",
        "vertical_fov": "20.0",
        "range": "120.0"
      },
      "transform_carla": {
        "location": {
          "x": 109.4639892578125,
          "y": -28.4920597076416,
          "z": 0.9145898222923279
        },
        "rotation": {
          "roll": 0.3562757074832916,
          "pitch": 0.6082897782325745,
          "yaw": -94.4508056640625
        }
      },
      "matrix_world_from_sensor_carla": [
        [
          -0.07759875059127808,
          0.996959924697876,
          0.007023246493190527,
          109.4639892578125
        ],
        [
          -0.9969280958175659,
          -0.07766744494438171,
          0.010101692751049995,
          -28.4920597076416
        ],
        [
          0.010616459883749485,
          -0.006217793561518192,
          0.9999243021011353,
          0.9145898222923279
        ],
        [
          0.0,
          0.0,
          0.0,
          1.0
        ]
      ],
      "matrix_world_from_sensor_bevfusion": [
        [
          -0.07759875059127808,
          -0.996959924697876,
          0.007023246493190527,
          109.4639892578125
        ],
        [
          0.9969280958175659,
          -0.07766744494438171,
          -0.010101692751049995,
          28.4920597076416
        ],
        [
          0.010616459883749485,
          0.006217793561518192,
          0.9999243021011353,
          0.9145898222923279
        ],
        [
          0.0,
          0.0,
          0.0,
          1.0
        ]
      ],
      "matrix_ego_from_sensor_carla": [
        [
          1.0,
          5.984518658408433e-09,
          -8.437177623221714e-10,
          2.0000038146972656
        ],
        [
          4.178596135773205e-09,
          1.0,
          -1.0965328645085037e-10,
          0.0
        ],
        [
          8.767531145537077e-11,
          3.560080008568889e-10,
          1.0,
          0.8999999761581421
        ],
        [
          0.0,
          0.0,
          0.0,
          1.0
        ]
      ],
      "matrix_ego_from_sensor_bevfusion": [
        [
          1.0,
          -5.984518658408433e-09,
          -8.437177623221714e-10,
          2.0000038146972656
        ],
        [
          -4.178596135773205e-09,
          1.0,
          1.0965328645085037e-10,
          0.0
        ],
        [
          8.767531145537077e-11,
          -3.560080008568889e-10,
          1.0,
          0.8999999761581421
        ],
        [
          0.0,
          0.0,
          0.0,
          1.0
        ]
      ],
      "data_path": "D:\\Agent-AI\\outputs\\s3a_left_v3\\sample_000012\\radar\\RADAR_FRONT.npy",
      "raw_layout": [
        "velocity",
        "altitude",
        "azimuth",
        "depth"
      ]
    },
    "RADAR_FRONT_LEFT": {
      "type_id": "sensor.other.radar",
      "blueprint_attributes": {
        "sensor_tick": "0.100000",
        "role_name": "default",
        "noise_seed": "0",
        "ros_name": "sensor.other.radar",
        "horizontal_fov": "35.0",
        "points_per_second": "1500",
        "vertical_fov": "20.0",
        "range": "120.0"
      },
      "transform_carla": {
        "location": {
          "x": 108.74343872070312,
          "y": -28.084884643554688,
          "z": 0.915537416934967
        },
        "rotation": {
          "roll": -0.17822152376174927,
          "pitch": 0.6820421814918518,
          "yaw": -139.45376586914062
        }
      },
      "matrix_world_from_sensor_carla": [
        [
          -0.7598277926445007,
          0.6500864624977112,
          0.007023236248642206,
          108.74343872070312
        ],
        [
          -0.6500154137611389,
          -0.7598538398742676,
          0.01010168343782425,
          -28.084884643554688
        ],
        [
          0.01190360076725483,
          0.003110326826572418,
          0.9999243021011353,
          0.915537416934967
        ],
        [
          0.0,
          0.0,
          0.0,
          1.0
        ]
      ],
      "matrix_world_from_sensor_bevfusion": [
        [
          -0.7598277926445007,
          -0.6500864624977112,
          0.007023236248642206,
          108.74343872070312
        ],
        [
          0.6500154137611389,
          -0.7598538398742676,
          -0.01010168343782425,
          28.084884643554688
        ],
        [
          0.01190360076725483,
          -0.003110326826572418,
          0.9999243021011353,
          0.915537416934967
        ],
        [
          0.0,
          0.0,
          0.0,
          1.0
        ]
      ],
      "matrix_ego_from_sensor_carla": [
        [
          0.7071067690849304,
          0.7071068286895752,
          9.400830336403487e-09,
          1.650003433227539
        ],
        [
          -0.70710688829422,
          0.7071067690849304,
          -9.422879365672543e-09,
          -0.7499923706054688
        ],
        [
          -1.445847619407914e-08,
          -9.847473947388607e-10,
          1.0,
          0.9000000953674316
        ],
        [
          0.0,
          0.0,
          0.0,
          1.0
        ]
      ],
      "matrix_ego_from_sensor_bevfusion": [
        [
          0.7071067690849304,
          -0.7071068286895752,
          9.400830336403487e-09,
          1.650003433227539
        ],
        [
          0.70710688829422,
          0.7071067690849304,
          9.422879365672543e-09,
          0.7499923706054688
        ],
        [
          -1.445847619407914e-08,
          9.847473947388607e-10,
          1.0,
          0.9000000953674316
        ],
        [
          0.0,
          0.0,
          0.0,
          1.0
        ]
      ],
      "data_path": "D:\\Agent-AI\\outputs\\s3a_left_v3\\sample_000012\\radar\\RADAR_FRONT_LEFT.npy",
      "raw_layout": [
        "velocity",
        "altitude",
        "azimuth",
        "depth"
      ]
    },
    "RADAR_FRONT_RIGHT": {
      "type_id": "sensor.other.radar",
      "blueprint_attributes": {
        "sensor_tick": "0.100000",
        "role_name": "default",
        "noise_seed": "0",
        "ros_name": "sensor.other.radar",
        "horizontal_fov": "35.0",
        "points_per_second": "1500",
        "vertical_fov": "20.0",
        "range": "120.0"
      },
      "transform_carla": {
