{
  "schema_version": "stage1.v1",
  "sample_name": "sample_000037",
  "sequence_index": 37,
  "previous_sample_name": "sample_000036",
  "frame_id": 60038,
  "timestamp": 438.7197008058429,
  "platform_timestamp": 16814577.7733302,
  "delta_seconds": 0.10000000149011612,
  "town": "Carla/Maps/Town10HD_Opt",
  "weather": {
    "cloudiness": 20.0,
    "dust_storm": 0.0,
    "fog_density": 2.0,
    "fog_distance": 0.75,
    "fog_falloff": 0.10000000149011612,
    "mie_scattering_scale": 0.029999999329447746,
    "precipitation": 0.0,
    "precipitation_deposits": 0.0,
    "rayleigh_scattering_scale": 0.03310000151395798,
    "scattering_intensity": 1.0,
    "sun_altitude_angle": 45.0,
    "sun_azimuth_angle": 300.0,
    "wetness": 0.0,
    "wind_intensity": 10.0
  },
  "sensor_names": [
    "CAM_FRONT",
    "CAM_FRONT_RIGHT",
    "CAM_FRONT_LEFT",
    "CAM_BACK",
    "CAM_BACK_LEFT",
    "CAM_BACK_RIGHT",
    "LIDAR_TOP",
    "RADAR_FRONT",
    "RADAR_FRONT_LEFT",
    "RADAR_FRONT_RIGHT",
    "RADAR_BACK_LEFT",
    "RADAR_BACK_RIGHT"
  ],
  "camera_order_for_model": [
    "CAM_FRONT",
    "CAM_FRONT_RIGHT",
    "CAM_FRONT_LEFT",
    "CAM_BACK",
    "CAM_BACK_LEFT",
    "CAM_BACK_RIGHT"
  ],
  "radar_order_for_model": [
    "RADAR_FRONT",
    "RADAR_FRONT_LEFT",
    "RADAR_FRONT_RIGHT",
    "RADAR_BACK_LEFT",
    "RADAR_BACK_RIGHT"
  ],
  "coordinate_notes": {
    "carla_world": "left-handed x-forward y-right z-up",
    "bevfusion_lidar": "x-forward y-left z-up",
    "camera_frame_for_model": "OpenCV style x-right y-down z-forward"
  },
  "ego": {
    "actor_id": 28,
    "transform_carla": {
      "location": {
        "x": 98.86759185791016,
        "y": -46.648860931396484,
        "z": -0.0043788147158920765
      },
      "rotation": {
        "roll": 0.6406804323196411,
        "pitch": 0.010798528790473938,
        "yaw": -123.83733367919922
      }
    },
    "velocity_carla": [
      -4.657121658325195,
      -6.5796122550964355,
      -9.002685146697331e-06
    ],
    "angular_velocity_carla": [
      -1.261448621749878,
      0.23386073112487793,
      -12.439729690551758
    ],
    "matrix_world_from_ego_carla": [
      [
        -0.5568368434906006,
        0.830568790435791,
        0.009392746724188328,
        98.86759185791016
      ],
      [
        -0.8306218981742859,
        -0.5568037629127502,
        -0.006069872993975878,
        -46.648860931396484
      ],
      [
        0.00018846988677978516,
        -0.01118175033479929,
        0.9999374747276306,
        -0.0043788147158920765
      ],
      [
        0.0,
        0.0,
        0.0,
        1.0
      ]
    ],
    "matrix_world_from_ego_bevfusion": [
      [
        -0.5568368434906006,
        -0.830568790435791,
        0.009392746724188328,
        98.86759185791016
      ],
      [
        0.8306218981742859,
        -0.5568037629127502,
        0.006069872993975878,
        46.648860931396484
      ],
      [
        0.00018846988677978516,
        0.01118175033479929,
        0.9999374747276306,
        -0.0043788147158920765
      ],
      [
        0.0,
        0.0,
        0.0,
        1.0
      ]
    ]
  },
  "sensors": {
    "CAM_FRONT": {
      "type_id": "sensor.camera.rgb",
      "blueprint_attributes": {
        "role_name": "front",
        "ros_name": "sensor.camera.rgb",
        "chromatic_aberration_offset": "0.0",
        "sensor_tick": "0.100000",
        "fstop": "1.4",
        "image_size_x": "960",
        "image_size_y": "540",
        "fov": "70.00",
        "lens_circle_falloff": "5.0",
        "lens_circle_multiplier": "0.0",
        "exposure_compensation": "0.0",
        "lens_y_size": "0.08",
        "lens_k": "-1.0",
        "exposure_mode": "histogram",
        "lens_kcube": "0.0",
        "lens_x_size": "0.08",
        "exposure_max_bright": "12.0",
        "shutter_speed": "200.0",
        "bloom_intensity": "0.675",
        "iso": "100.0",
        "enable_postprocess_effects": "false",
        "gamma": "2.2",
        "motion_blur_intensity": "0.0",
        "motion_blur_max_distortion": "0.35",
        "lens_flare_intensity": "0.1",
        "motion_blur_min_object_screen_size": "0.1",
        "exposure_min_bright": "10.0",
        "exposure_speed_up": "3.0",
        "exposure_speed_down": "1.0",
        "tint": "0.0",
        "calibration_constant": "16.0",
        "focal_distance": "1000.0",
        "min_fstop": "1.2",
        "blade_count": "5",
        "blur_amount": "0.0",
        "blur_radius": "0.0",
        "slope": "0.88",
        "toe": "0.55",
        "white_clip": "0.04",
        "shoulder": "0.26",
        "black_clip": "0.0",
        "temp": "6500.0",
        "chromatic_aberration_intensity": "0.0"
      },
      "transform_carla": {
        "location": {
          "x": 98.02046966552734,
          "y": -47.9466438293457,
          "z": 1.6958069801330566
        },
        "rotation": {
          "roll": 0.6406804323196411,
          "pitch": 0.010798528790473938,
          "yaw": -123.83733367919922
        }
      },
      "matrix_world_from_sensor_carla": [
        [
          -0.5568368434906006,
          0.830568790435791,
          0.009392746724188328,
          98.02046966552734
        ],
        [
          -0.8306218981742859,
          -0.5568037629127502,
          -0.006069872993975878,
          -47.9466438293457
        ],
        [
          0.00018846988677978516,
          -0.01118175033479929,
          0.9999374747276306,
          1.6958069801330566
        ],
        [
          0.0,
          0.0,
          0.0,
          1.0
        ]
      ],
      "matrix_world_from_sensor_bevfusion": [
        [
          0.830568790435791,
          -0.009392746724188328,
          -0.5568368434906006,
          98.02046966552734
        ],
        [
          0.5568037629127502,
          -0.006069872993975878,
          0.8306218981742859,
          47.9466438293457
        ],
        [
          -0.01118175033479929,
          -0.9999374747276306,
          0.00018846988677978516,
          1.6958069801330566
        ],
        [
          0.0,
          0.0,
          0.0,
          1.0
        ]
      ],
      "matrix_ego_from_sensor_carla": [
        [
          1.0,
          4.696308408824734e-08,
          2.6487026461019525e-10,
          1.5500011444091797
        ],
        [
          -1.2644151503593548e-08,
          0.9999999403953552,
          -2.81326517637126e-10,
          0.0
        ],
        [
          -4.0735415041126544e-11,
          6.500542881759941e-10,
          1.0,
          1.7000000476837158
        ],
        [
          0.0,
          0.0,
          0.0,
          1.0
        ]
      ],
      "matrix_ego_from_sensor_bevfusion": [
        [
          4.696308408824734e-08,
          -2.6487026461019525e-10,
          1.0,
          1.5500011444091797
        ],
        [
          -0.9999999403953552,
          -2.81326517637126e-10,
          1.2644151503593548e-08,
          0.0
        ],
        [
          6.500542881759941e-10,
          -1.0,
          -4.0735415041126544e-11,
          1.7000000476837158
        ],
        [
          0.0,
          0.0,
          0.0,
          1.0
        ]
      ],
      "camera_intrinsics": [
        [
          685.5110473632812,
          0.0,
          480.0
        ],
        [
          0.0,
          685.5110473632812,
          270.0
        ],
        [
          0.0,
          0.0,
          1.0
        ]
      ],
      "data_path": "D:\\Agent-AI\\outputs\\s3a_ml_long_v2\\sample_000037\\images\\CAM_FRONT.png",
      "raw_layout": "bgra8"
    },
    "CAM_FRONT_RIGHT": {
      "type_id": "sensor.camera.rgb",
      "blueprint_attributes": {
        "role_name": "front",
        "ros_name": "sensor.camera.rgb",
        "chromatic_aberration_offset": "0.0",
        "sensor_tick": "0.100000",
        "fstop": "1.4",
        "image_size_x": "960",
        "image_size_y": "540",
        "fov": "70.00",
        "lens_circle_falloff": "5.0",
        "lens_circle_multiplier": "0.0",
        "exposure_compensation": "0.0",
        "lens_y_size": "0.08",
        "lens_k": "-1.0",
        "exposure_mode": "histogram",
        "lens_kcube": "0.0",
        "lens_x_size": "0.08",
        "exposure_max_bright": "12.0",
        "shutter_speed": "200.0",
        "bloom_intensity": "0.675",
        "iso": "100.0",
        "enable_postprocess_effects": "false",
        "gamma": "2.2",
        "motion_blur_intensity": "0.0",
        "motion_blur_max_distortion": "0.35",
        "lens_flare_intensity": "0.1",
        "motion_blur_min_object_screen_size": "0.1",
        "exposure_min_bright": "10.0",
        "exposure_speed_up": "3.0",
        "exposure_speed_down": "1.0",
        "tint": "0.0",
        "calibration_constant": "16.0",
        "focal_distance": "1000.0",
        "min_fstop": "1.2",
        "blade_count": "5",
        "blur_amount": "0.0",
        "blur_radius": "0.0",
        "slope": "0.88",
        "toe": "0.55",
        "white_clip": "0.04",
        "shoulder": "0.26",
        "black_clip": "0.0",
        "temp": "6500.0",
        "chromatic_aberration_intensity": "0.0"
      },
      "transform_carla": {
        "location": {
          "x": 98.61649322509766,
          "y": -48.04522705078125,
          "z": 1.6896097660064697
        },
        "rotation": {
          "roll": 0.3763353228569031,
          "pitch": -0.518616259098053,
          "yaw": -68.83909606933594
        }
      },
      "matrix_world_from_sensor_carla": [
        [
          0.3609735667705536,
          0.9325287342071533,
          0.009392742067575455,
          98.61649322509766
        ],
        [
          -0.9325321316719055,
          0.3610360026359558,
          -0.006069859955459833,
          -48.04522705078125
        ],
        [
          -0.009051437489688396,
          -0.006567974109202623,
          0.9999374747276306,
          1.6896097660064697
        ],
        [
          0.0,
          0.0,
          0.0,
          1.0
        ]
      ],
      "matrix_world_from_sensor_bevfusion": [
        [
          0.9325287342071533,
          -0.009392742067575455,
          0.3609735667705536,
          98.61649322509766
        ],
        [
          -0.3610360026359558,
          -0.006069859955459833,
          0.9325321316719055,
          48.04522705078125
        ],
        [
          -0.006567974109202623,
          -0.9999374747276306,
          -0.009051437489688396,
          1.6896097660064697
        ],
        [
          0.0,
          0.0,
          0.0,
          1.0
        ]
      ],
      "matrix_ego_from_sensor_carla": [
        [
          0.5735765099525452,
          -0.8191519975662231,
          -7.76778730227079e-09,
          1.2999954223632812
        ],
        [
          0.8191519975662231,
          0.5735765099525452,
          -1.05258752824966e-08,
          0.5500030517578125
        ],
        [
          1.3669307463715086e-08,
          4.1677597484302e-10,
          1.0,
          1.6999998092651367
        ],
        [
          0.0,
          0.0,
          0.0,
          1.0
        ]
      ],
      "matrix_ego_from_sensor_bevfusion": [
        [
          -0.8191519975662231,
          7.76778730227079e-09,
          0.5735765099525452,
          1.2999954223632812
        ],
        [
          -0.5735765099525452,
          -1.05258752824966e-08,
          -0.8191519975662231,
          -0.5500030517578125
        ],
        [
          4.1677597484302e-10,
          -1.0,
          1.3669307463715086e-08,
          1.6999998092651367
        ],
        [
          0.0,
          0.0,
          0.0,
          1.0
        ]
      ],
      "camera_intrinsics": [
        [
          685.5110473632812,
          0.0,
          480.0
        ],
        [
          0.0,
          685.5110473632812,
          270.0
        ],
        [
          0.0,
          0.0,
          1.0
        ]
      ],
      "data_path": "D:\\Agent-AI\\outputs\\s3a_ml_long_v2\\sample_000037\\images\\CAM_FRONT_RIGHT.png",
      "raw_layout": "bgra8"
    },
    "CAM_FRONT_LEFT": {
      "type_id": "sensor.camera.rgb",
      "blueprint_attributes": {
        "role_name": "front",
        "ros_name": "sensor.camera.rgb",
        "chromatic_aberration_offset": "0.0",
        "sensor_tick": "0.100000",
        "fstop": "1.4",
        "image_size_x": "960",
        "image_size_y": "540",
        "fov": "70.00",
        "lens_circle_falloff": "5.0",
        "lens_circle_multiplier": "0.0",
        "exposure_compensation": "0.0",
        "lens_y_size": "0.08",
        "lens_k": "-1.0",
        "exposure_mode": "histogram",
        "lens_kcube": "0.0",
        "lens_x_size": "0.08",
        "exposure_max_bright": "12.0",
        "shutter_speed": "200.0",
        "bloom_intensity": "0.675",
        "iso": "100.0",
        "enable_postprocess_effects": "false",
        "gamma": "2.2",
        "motion_blur_intensity": "0.0",
        "motion_blur_max_distortion": "0.35",
        "lens_flare_intensity": "0.1",
        "motion_blur_min_object_screen_size": "0.1",
        "exposure_min_bright": "10.0",
        "exposure_speed_up": "3.0",
        "exposure_speed_down": "1.0",
        "tint": "0.0",
        "calibration_constant": "16.0",
        "focal_distance": "1000.0",
        "min_fstop": "1.2",
        "blade_count": "5",
        "blur_amount": "0.0",
        "blur_radius": "0.0",
        "slope": "0.88",
        "toe": "0.55",
        "white_clip": "0.04",
        "shoulder": "0.26",
        "black_clip": "0.0",
        "temp": "6500.0",
        "chromatic_aberration_intensity": "0.0"
      },
      "transform_carla": {
        "location": {
          "x": 97.7028579711914,
          "y": -47.43274688720703,
          "z": 1.7019097805023193
        },
        "rotation": {
          "roll": 0.35864362120628357,
          "pitch": 0.5309993624687195,
          "yaw": -178.83570861816406
        }
      },
      "matrix_world_from_sensor_carla": [
        [
          -0.9997506141662598,
          0.02026101015508175,
          0.009392648003995419,
          97.7028579711914
        ],
        [
          -0.02031853422522545,
          -0.9997751116752625,
          -0.006069871596992016,
          -47.43274688720703
        ],
        [
          0.009267554618418217,
          -0.006259202491492033,
          0.9999374747276306,
          1.7019097805023193
        ],
        [
          0.0,
          0.0,
          0.0,
          1.0
        ]
      ],
      "matrix_world_from_sensor_bevfusion": [
        [
          0.02026101015508175,
          -0.009392648003995419,
          -0.9997506141662598,
          97.7028579711914
        ],
        [
          0.9997751116752625,
          -0.006069871596992016,
          0.02031853422522545,
          47.43274688720703
        ],
        [
          -0.006259202491492033,
          -0.9999374747276306,
          0.009267554618418217,
          1.7019097805023193
        ],
        [
          0.0,
          0.0,
          0.0,
          1.0
        ]
      ],
      "matrix_ego_from_sensor_carla": [
        [
          0.5735766291618347,
          0.8191518187522888,
          5.404874769965318e-08,
          1.3000049591064453
        ],
        [
          -0.8191518783569336,
          0.5735766887664795,
          -8.22377117515316e-08,
          -0.5500106811523438
        ],
        [
          -9.889392771356142e-08,
          3.928149361343003e-09,
          1.0,
          1.7000000476837158
        ],
        [
          0.0,
          0.0,
          0.0,
          1.0
        ]
      ],
      "matrix_ego_from_sensor_bevfusion": [
        [
          0.8191518187522888,
          -5.404874769965318e-08,
          0.5735766291618347,
          1.3000049591064453
        ],
        [
          -0.5735766887664795,
          -8.22377117515316e-08,
          0.8191518783569336,
          0.5500106811523438
        ],
        [
          3.928149361343003e-09,
          -1.0,
          -9.889392771356142e-08,
          1.7000000476837158
        ],
        [
          0.0,
          0.0,
          0.0,
          1.0
        ]
      ],
      "camera_intrinsics": [
        [
          685.5110473632812,
          0.0,
          480.0
        ],
        [
          0.0,
          685.5110473632812,
          270.0
        ],
        [
          0.0,
          0.0,
          1.0
        ]
      ],
      "data_path": "D:\\Agent-AI\\outputs\\s3a_ml_long_v2\\sample_000037\\images\\CAM_FRONT_LEFT.png",
      "raw_layout": "bgra8"
    },
    "CAM_BACK": {
      "type_id": "sensor.camera.rgb",
      "blueprint_attributes": {
        "role_name": "front",
        "ros_name": "sensor.camera.rgb",
        "chromatic_aberration_offset": "0.0",
        "sensor_tick": "0.100000",
        "fstop": "1.4",
        "image_size_x": "960",
        "image_size_y": "540",
        "fov": "70.00",
        "lens_circle_falloff": "5.0",
        "lens_circle_multiplier": "0.0",
        "exposure_compensation": "0.0",
        "lens_y_size": "0.08",
        "lens_k": "-1.0",
        "exposure_mode": "histogram",
        "lens_kcube": "0.0",
        "lens_x_size": "0.08",
        "exposure_max_bright": "12.0",
        "shutter_speed": "200.0",
        "bloom_intensity": "0.675",
        "iso": "100.0",
        "enable_postprocess_effects": "false",
        "gamma": "2.2",
        "motion_blur_intensity": "0.0",
        "motion_blur_max_distortion": "0.35",
        "lens_flare_intensity": "0.1",
        "motion_blur_min_object_screen_size": "0.1",
        "exposure_min_bright": "10.0",
        "exposure_speed_up": "3.0",
        "exposure_speed_down": "1.0",
        "tint": "0.0",
        "calibration_constant": "16.0",
        "focal_distance": "1000.0",
        "min_fstop": "1.2",
        "blade_count": "5",
        "blur_amount": "0.0",
        "blur_radius": "0.0",
        "slope": "0.88",
        "toe": "0.55",
        "white_clip": "0.04",
        "shoulder": "0.26",
        "black_clip": "0.0",
        "temp": "6500.0",
        "chromatic_aberration_intensity": "0.0"
      },
      "transform_carla": {
        "location": {
          "x": 99.74665832519531,
          "y": -45.37171936035156,
          "z": 1.6952227354049683
        },
        "rotation": {
          "roll": -0.6406803727149963,
          "pitch": -0.010798528790473938,
          "yaw": 56.16267395019531
        }
      },
      "matrix_world_from_sensor_carla": [
        [
          0.5568368434906006,
          -0.830568790435791,
          0.009392746724188328,
          99.74665832519531
        ],
        [
          0.8306218981742859,
          0.5568037629127502,
          -0.0060698725283145905,
          -45.37171936035156
        ],
        [
          -0.00018846988677978516,
          0.011181749403476715,
          0.9999374747276306,
          1.6952227354049683
        ],
        [
          0.0,
          0.0,
          0.0,
          1.0
        ]
      ],
      "matrix_world_from_sensor_bevfusion": [
        [
          -0.830568790435791,
          -0.009392746724188328,
          0.5568368434906006,
          99.74665832519531
        ],
        [
          -0.5568037629127502,
          -0.0060698725283145905,
          -0.8306218981742859,
          45.37171936035156
        ],
        [
          0.011181749403476715,
          -0.9999374747276306,
          -0.00018846988677978516,
          1.6952227354049683
        ],
        [
          0.0,
          0.0,
          0.0,
          1.0
        ]
      ],
      "matrix_ego_from_sensor_carla": [
        [
          -1.0,
          -4.6963258171217603e-08,
          -1.2803143267792194e-10,
          -1.5499954223632812
        ],
        [
          1.2644151503593548e-08,
          -0.9999999403953552,
          -2.81326517637126e-10,
          -7.62939453125e-06
        ],
        [
          4.0735415041126544e-11,
          -1.581318631593831e-09,
          1.0,
          1.7000000476837158
        ],
        [
          0.0,
          0.0,
          0.0,
          1.0
        ]
      ],
      "matrix_ego_from_sensor_bevfusion": [
        [
          -4.6963258171217603e-08,
          1.2803143267792194e-10,
          -1.0,
          -1.5499954223632812
        ],
        [
          0.9999999403953552,
          -2.81326517637126e-10,
          -1.2644151503593548e-08,
          7.62939453125e-06
        ],
        [
          -1.581318631593831e-09,
          -1.0,
          4.0735415041126544e-11,
          1.7000000476837158
        ],
        [
          0.0,
          0.0,
          0.0,
          1.0
        ]
      ],
      "camera_intrinsics": [
        [
          685.5110473632812,
          0.0,
          480.0
        ],
        [
          0.0,
          685.5110473632812,
          270.0
        ],
        [
          0.0,
          0.0,
          1.0
        ]
      ],
      "data_path": "D:\\Agent-AI\\outputs\\s3a_ml_long_v2\\sample_000037\\images\\CAM_BACK.png",
      "raw_layout": "bgra8"
    },
    "CAM_BACK_LEFT": {
      "type_id": "sensor.camera.rgb",
      "blueprint_attributes": {
        "role_name": "front",
        "ros_name": "sensor.camera.rgb",
        "chromatic_aberration_offset": "0.0",
        "sensor_tick": "0.100000",
        "fstop": "1.4",
        "image_size_x": "960",
        "image_size_y": "540",
        "fov": "70.00",
        "lens_circle_falloff": "5.0",
        "lens_circle_multiplier": "0.0",
        "exposure_compensation": "0.0",
        "lens_y_size": "0.08",
        "lens_k": "-1.0",
        "exposure_mode": "histogram",
        "lens_kcube": "0.0",
        "lens_x_size": "0.08",
        "exposure_max_bright": "12.0",
        "shutter_speed": "200.0",
        "bloom_intensity": "0.675",
        "iso": "100.0",
        "enable_postprocess_effects": "false",
        "gamma": "2.2",
        "motion_blur_intensity": "0.0",
        "motion_blur_max_distortion": "0.35",
        "lens_flare_intensity": "0.1",
        "motion_blur_min_object_screen_size": "0.1",
        "exposure_min_bright": "10.0",
        "exposure_speed_up": "3.0",
        "exposure_speed_down": "1.0",
        "tint": "0.0",
        "calibration_constant": "16.0",
        "focal_distance": "1000.0",
        "min_fstop": "1.2",
        "blade_count": "5",
        "blur_amount": "0.0",
        "blur_radius": "0.0",
        "slope": "0.88",
        "toe": "0.55",
        "white_clip": "0.04",
        "shoulder": "0.26",
        "black_clip": "0.0",
        "temp": "6500.0",
        "chromatic_aberration_intensity": "0.0"
      },
      "transform_carla": {
        "location": {
          "x": 99.15064239501953,
          "y": -45.273128509521484,
          "z": 1.7014198303222656
        },
        "rotation": {
          "roll": -0.3763352930545807,
          "pitch": 0.518616259098053,
          "yaw": 111.16089630126953
        }
      },
      "matrix_world_from_sensor_carla": [
        [
          -0.36097344756126404,
          -0.9325287938117981,
          0.009392740204930305,
          99.15064239501953
        ],
        [
          0.9325321912765503,
          -0.36103588342666626,
          -0.006069861818104982,
          -45.273128509521484
        ],
        [
          0.009051437489688396,
          0.006567973643541336,
          0.9999374747276306,
          1.7014198303222656
        ],
        [
          0.0,
          0.0,
          0.0,
          1.0
        ]
      ],
      "matrix_world_from_sensor_bevfusion": [
        [
          -0.9325287938117981,
          -0.009392740204930305,
          -0.36097344756126404,
          99.15064239501953
        ],
        [
          0.36103588342666626,
          -0.006069861818104982,
          -0.9325321912765503,
          45.273128509521484
        ],
        [
          0.006567973643541336,
          -0.9999374747276306,
          0.009051437489688396,
          1.7014198303222656
        ],
        [
          0.0,
          0.0,
          0.0,
          1.0
        ]
      ],
      "matrix_ego_from_sensor_carla": [
        [
          -0.5735766291618347,
          0.8191518783569336,
          -5.293961269359215e-09,
          -1.2999992370605469
        ],
        [
          -0.8191519379615784,
          -0.5735766291618347,
          -1.1457197857112078e-08,
          -0.5499954223632812
        ],
        [
          -1.3669307463715086e-08,
          -2.7450532957828955e-09,
          1.0,
          1.7000000476837158
        ],
        [
          0.0,
          0.0,
          0.0,
          1.0
        ]
      ],
      "matrix_ego_from_sensor_bevfusion": [
        [
          0.8191518783569336,
          5.293961269359215e-09,
          -0.5735766291618347,
          -1.2999992370605469
        ],
        [
          0.5735766291618347,
          -1.1457197857112078e-08,
          0.8191519379615784,
          0.5499954223632812
        ],
        [
          -2.7450532957828955e-09,
          -1.0,
          -1.3669307463715086e-08,
          1.7000000476837158
        ],
        [
          0.0,
          0.0,
          0.0,
          1.0
        ]
      ],
      "camera_intrinsics": [
        [
          685.5110473632812,
          0.0,
          480.0
        ],
        [
          0.0,
          685.5110473632812,
          270.0
        ],
        [
          0.0,
          0.0,
          1.0
        ]
      ],
      "data_path": "D:\\Agent-AI\\outputs\\s3a_ml_long_v2\\sample_000037\\images\\CAM_BACK_LEFT.png",
      "raw_layout": "bgra8"
    },
    "CAM_BACK_RIGHT": {
      "type_id": "sensor.camera.rgb",
      "blueprint_attributes": {
        "role_name": "front",
        "ros_name": "sensor.camera.rgb",
        "chromatic_aberration_offset": "0.0",
        "sensor_tick": "0.100000",
        "fstop": "1.4",
        "image_size_x": "960",
        "image_size_y": "540",
        "fov": "70.00",
        "lens_circle_falloff": "5.0",
        "lens_circle_multiplier": "0.0",
        "exposure_compensation": "0.0",
        "lens_y_size": "0.08",
        "lens_k": "-1.0",
        "exposure_mode": "histogram",
        "lens_kcube": "0.0",
        "lens_x_size": "0.08",
        "exposure_max_bright": "12.0",
        "shutter_speed": "200.0",
        "bloom_intensity": "0.675",
        "iso": "100.0",
        "enable_postprocess_effects": "false",
        "gamma": "2.2",
        "motion_blur_intensity": "0.0",
        "motion_blur_max_distortion": "0.35",
        "lens_flare_intensity": "0.1",
        "motion_blur_min_object_screen_size": "0.1",
        "exposure_min_bright": "10.0",
        "exposure_speed_up": "3.0",
        "exposure_speed_down": "1.0",
        "tint": "0.0",
        "calibration_constant": "16.0",
        "focal_distance": "1000.0",
        "min_fstop": "1.2",
        "blade_count": "5",
        "blur_amount": "0.0",
        "blur_radius": "0.0",
        "slope": "0.88",
        "toe": "0.55",
        "white_clip": "0.04",
        "shoulder": "0.26",
        "black_clip": "0.0",
        "temp": "6500.0",
        "chromatic_aberration_intensity": "0.0"
      },
      "transform_carla": {
        "location": {
          "x": 100.06426239013672,
          "y": -45.88561248779297,
          "z": 1.689119815826416
        },
        "rotation": {
          "roll": -0.3586435317993164,
          "pitch": -0.5309993624687195,
          "yaw": 1.1642732620239258
        }
      },
      "matrix_world_from_sensor_carla": [
        [
          0.9997506141662598,
          -0.020260607823729515,
          0.009392645210027695,
          100.06426239013672
        ],
        [
          0.020318131893873215,
          0.9997751116752625,
          -0.006069873459637165,
          -45.88561248779297
        ],
        [
          -0.009267554618418217,
          0.006259200628846884,
          0.9999374747276306,
          1.689119815826416
        ],
        [
          0.0,
          0.0,
          0.0,
          1.0
        ]
      ],
      "matrix_world_from_sensor_bevfusion": [
        [
          -0.020260607823729515,
          -0.009392645210027695,
          0.9997506141662598,
          100.06426239013672
        ],
        [
          -0.9997751116752625,
          -0.006069873459637165,
          -0.020318131893873215,
          45.88561248779297
        ],
        [
          0.006259200628846884,
          -0.9999374747276306,
          -0.009267554618418217,
          1.689119815826416
        ],
        [
          0.0,
          0.0,
          0.0,
          1.0
        ]
      ],
      "matrix_ego_from_sensor_carla": [
        [
          -0.5735763311386108,
          -0.8191520571708679,
          5.745389586309102e-08,
          -1.2999992370605469
        ],
        [
          0.8191521167755127,
          -0.5735763311386108,
          -8.410035690076256e-08,
          0.54998779296875
        ],
        [
          1.0168789543740786e-07,
          -2.0653878607390652e-09,
          1.0,
          1.7000000476837158
        ],
        [
          0.0,
          0.0,
          0.0,
          1.0
        ]
      ],
      "matrix_ego_from_sensor_bevfusion": [
        [
          -0.8191520571708679,
          -5.745389586309102e-08,
          -0.5735763311386108,
          -1.2999992370605469
        ],
        [
          0.5735763311386108,
          -8.410035690076256e-08,
          -0.8191521167755127,
          -0.54998779296875
        ],
        [
          -2.0653878607390652e-09,
          -1.0,
          1.0168789543740786e-07,
          1.7000000476837158
        ],
        [
          0.0,
          0.0,
          0.0,
          1.0
        ]
      ],
      "camera_intrinsics": [
        [
          685.5110473632812,
          0.0,
          480.0
        ],
        [
          0.0,
          685.5110473632812,
          270.0
        ],
        [
          0.0,
          0.0,
          1.0
        ]
      ],
      "data_path": "D:\\Agent-AI\\outputs\\s3a_ml_long_v2\\sample_000037\\images\\CAM_BACK_RIGHT.png",
      "raw_layout": "bgra8"
    },
    "LIDAR_TOP": {
      "type_id": "sensor.lidar.ray_cast",
      "blueprint_attributes": {
        "atmosphere_attenuation_rate": "0.004",
        "role_name": "front",
        "noise_seed": "0",
        "upper_fov": "10.0",
        "ros_name": "sensor.lidar.ray_cast",
        "sensor_tick": "0.100000",
        "channels": "32",
        "range": "120.0",
        "points_per_second": "360000",
        "lower_fov": "-30.0",
        "rotation_frequency": "10.000000",
        "horizontal_fov": "360.0",
        "dropoff_general_rate": "0.0",
        "dropoff_intensity_limit": "1.0",
        "noise_stddev": "0.0",
        "dropoff_zero_intensity": "0.0"
      },
      "transform_carla": {
        "location": {
          "x": 98.88825988769531,
          "y": -46.66221618652344,
          "z": 2.195483446121216
        },
        "rotation": {
          "roll": 0.6406804323196411,
          "pitch": 0.010798528790473938,
          "yaw": -123.83733367919922
        }
      },
      "matrix_world_from_sensor_carla": [
        [
          -0.5568368434906006,
          0.830568790435791,
          0.009392746724188328,
          98.88825988769531
        ],
        [
          -0.8306218981742859,
          -0.5568037629127502,
          -0.006069872993975878,
          -46.66221618652344
        ],
        [
          0.00018846988677978516,
          -0.01118175033479929,
          0.9999374747276306,
          2.195483446121216
        ],
        [
          0.0,
          0.0,
          0.0,
          1.0
        ]
      ],
      "matrix_world_from_sensor_bevfusion": [
        [
          -0.5568368434906006,
          -0.830568790435791,
          0.009392746724188328,
          98.88825988769531
        ],
        [
          0.8306218981742859,
          -0.5568037629127502,
          0.006069872993975878,
          46.66221618652344
        ],
        [
          0.00018846988677978516,
          0.01118175033479929,
          0.9999374747276306,
          2.195483446121216
        ],
        [
          0.0,
          0.0,
          0.0,
          1.0
        ]
      ],
      "matrix_ego_from_sensor_carla": [
        [
          1.0,
          4.696308408824734e-08,
          2.6487026461019525e-10,
          3.814697265625e-06
        ],
        [
          -1.2644151503593548e-08,
          0.9999999403953552,
          -2.81326517637126e-10,
          -7.62939453125e-06
        ],
        [
          -4.0735415041126544e-11,
          6.500542881759941e-10,
          1.0,
          2.1999998092651367
        ],
        [
          0.0,
          0.0,
          0.0,
          1.0
        ]
      ],
      "matrix_ego_from_sensor_bevfusion": [
        [
          1.0,
          -4.696308408824734e-08,
          2.6487026461019525e-10,
          3.814697265625e-06
        ],
        [
          1.2644151503593548e-08,
          0.9999999403953552,
          2.81326517637126e-10,
          7.62939453125e-06
        ],
        [
          -4.0735415041126544e-11,
          -6.500542881759941e-10,
          1.0,
          2.1999998092651367
        ],
        [
          0.0,
          0.0,
          0.0,
          1.0
        ]
      ],
      "data_path": "D:\\Agent-AI\\outputs\\s3a_ml_long_v2\\sample_000037\\lidar\\LIDAR_TOP.npy",
      "raw_layout": [
        "x",
        "y",
        "z",
        "intensity"
      ]
    },
    "RADAR_FRONT": {
      "type_id": "sensor.other.radar",
      "blueprint_attributes": {
        "sensor_tick": "0.100000",
        "role_name": "default",
        "noise_seed": "0",
        "ros_name": "sensor.other.radar",
        "horizontal_fov": "35.0",
        "points_per_second": "1500",
        "vertical_fov": "20.0",
        "range": "120.0"
      },
      "transform_carla": {
        "location": {
          "x": 97.76238250732422,
          "y": -48.31557083129883,
          "z": 0.8959418535232544
        },
        "rotation": {
          "roll": 0.6406804323196411,
          "pitch": 0.010798528790473938,
          "yaw": -123.83733367919922
        }
      },
      "matrix_world_from_sensor_carla": [
        [
          -0.5568368434906006,
          0.830568790435791,
          0.009392746724188328,
          97.76238250732422
        ],
        [
          -0.8306218981742859,
          -0.5568037629127502,
          -0.006069872993975878,
          -48.31557083129883
        ],
        [
          0.00018846988677978516,
          -0.01118175033479929,
          0.9999374747276306,
          0.8959418535232544
        ],
        [
          0.0,
          0.0,
          0.0,
          1.0
        ]
      ],
      "matrix_world_from_sensor_bevfusion": [
        [
          -0.5568368434906006,
          -0.830568790435791,
          0.009392746724188328,
          97.76238250732422
        ],
        [
          0.8306218981742859,
          -0.5568037629127502,
          0.006069872993975878,
          48.31557083129883
        ],
        [
          0.00018846988677978516,
          0.01118175033479929,
          0.9999374747276306,
          0.8959418535232544
        ],
        [
          0.0,
          0.0,
          0.0,
          1.0
        ]
      ],
      "matrix_ego_from_sensor_carla": [
        [
          1.0,
          4.696308408824734e-08,
          2.6487026461019525e-10,
          2.0000009536743164
        ],
        [
          -1.2644151503593548e-08,
          0.9999999403953552,
          -2.81326517637126e-10,
          7.62939453125e-06
        ],
        [
          -4.0735415041126544e-11,
          6.500542881759941e-10,
          1.0,
          0.9000003337860107
        ],
        [
          0.0,
          0.0,
          0.0,
          1.0
        ]
      ],
      "matrix_ego_from_sensor_bevfusion": [
        [
          1.0,
          -4.696308408824734e-08,
          2.6487026461019525e-10,
          2.0000009536743164
        ],
        [
          1.2644151503593548e-08,
          0.9999999403953552,
          2.81326517637126e-10,
          -7.62939453125e-06
        ],
        [
          -4.0735415041126544e-11,
          -6.500542881759941e-10,
          1.0,
          0.9000003337860107
        ],
        [
          0.0,
          0.0,
          0.0,
          1.0
        ]
      ],
      "data_path": "D:\\Agent-AI\\outputs\\s3a_ml_long_v2\\sample_000037\\radar\\RADAR_FRONT.npy",
      "raw_layout": [
        "velocity",
        "altitude",
        "azimuth",
        "depth"
      ]
    },
    "RADAR_FRONT_LEFT": {
      "type_id": "sensor.other.radar",
      "blueprint_attributes": {
        "sensor_tick": "0.100000",
        "role_name": "default",
        "noise_seed": "0",
        "ros_name": "sensor.other.radar",
        "horizontal_fov": "35.0",
        "points_per_second": "1500",
        "vertical_fov": "20.0",
        "range": "120.0"
      },
      "transform_carla": {
        "location": {
          "x": 97.33434295654297,
          "y": -47.60725021362305,
          "z": 0.904262125492096
        },
        "rotation": {
          "roll": 0.44540318846702576,
          "pitch": 0.46065524220466614,
          "yaw": -168.83555603027344
        }
      },
      "matrix_world_from_sensor_carla": [
        [
          -0.981043815612793,
          0.19355839490890503,
          0.009392657317221165,
          97.33434295654297
        ],
        [
          -0.19361931085586548,
          -0.9810580015182495,
          -0.0060698846355080605,
          -47.60725021362305
        ],
        [
          0.008039863780140877,
          -0.007773422636091709,
          0.9999374747276306,
          0.904262125492096
        ],
        [
          0.0,
          0.0,
          0.0,
          1.0
        ]
      ],
      "matrix_world_from_sensor_bevfusion": [
        [
          -0.981043815612793,
          -0.19355839490890503,
          0.009392657317221165,
          97.33434295654297
        ],
        [
          0.19361931085586548,
          -0.9810580015182495,
          0.0060698846355080605,
          47.60725021362305
        ],
        [
          0.008039863780140877,
          0.007773422636091709,
          0.9999374747276306,
          0.904262125492096
        ],
        [
          0.0,
          0.0,
          0.0,
          1.0
        ]
      ],
      "matrix_ego_from_sensor_carla": [
        [
          0.7071071863174438,
          0.707106351852417,
          5.975309846917298e-08,
          1.6500062942504883
        ],
        [
          -0.707106351852417,
          0.7071072459220886,
          -6.733655055768395e-08,
          -0.75
        ],
        [
          -9.198141981414665e-08,
          6.4042415814924425e-09,
          1.0,
          0.9000000953674316
        ],
        [
          0.0,
          0.0,
          0.0,
          1.0
        ]
      ],
      "matrix_ego_from_sensor_bevfusion": [
        [
          0.7071071863174438,
          -0.707106351852417,
          5.975309846917298e-08,
          1.6500062942504883
        ],
        [
          0.707106351852417,
          0.7071072459220886,
          6.733655055768395e-08,
          0.75
        ],
        [
          -9.198141981414665e-08,
          -6.4042415814924425e-09,
          1.0,
          0.9000000953674316
        ],
        [
          0.0,
          0.0,
          0.0,
          1.0
        ]
      ],
      "data_path": "D:\\Agent-AI\\outputs\\s3a_ml_long_v2\\sample_000037\\radar\\RADAR_FRONT_LEFT.npy",
      "raw_layout": [
        "velocity",
        "altitude",
        "azimuth",
        "depth"
      ]
    },
    "RADAR_FRONT_RIGHT": {
      "type_id": "sensor.other.radar",
      "blueprint_attributes": {
        "sensor_tick": "0.100000",
        "role_name": "default",
        "noise_seed": "0",
