{
  "schema_version": "stage1.v1",
  "sample_name": "sample_000070",
  "sequence_index": 70,
  "previous_sample_name": "sample_000069",
  "frame_id": 60071,
  "timestamp": 442.0197008550167,
  "platform_timestamp": 16814593.607372,
  "delta_seconds": 0.10000000149011612,
  "town": "Carla/Maps/Town10HD_Opt",
  "weather": {
    "cloudiness": 20.0,
    "dust_storm": 0.0,
    "fog_density": 2.0,
    "fog_distance": 0.75,
    "fog_falloff": 0.10000000149011612,
    "mie_scattering_scale": 0.029999999329447746,
    "precipitation": 0.0,
    "precipitation_deposits": 0.0,
    "rayleigh_scattering_scale": 0.03310000151395798,
    "scattering_intensity": 1.0,
    "sun_altitude_angle": 45.0,
    "sun_azimuth_angle": 300.0,
    "wetness": 0.0,
    "wind_intensity": 10.0
  },
  "sensor_names": [
    "CAM_FRONT",
    "CAM_FRONT_RIGHT",
    "CAM_FRONT_LEFT",
    "CAM_BACK",
    "CAM_BACK_LEFT",
    "CAM_BACK_RIGHT",
    "LIDAR_TOP",
    "RADAR_FRONT",
    "RADAR_FRONT_LEFT",
    "RADAR_FRONT_RIGHT",
    "RADAR_BACK_LEFT",
    "RADAR_BACK_RIGHT"
  ],
  "camera_order_for_model": [
    "CAM_FRONT",
    "CAM_FRONT_RIGHT",
    "CAM_FRONT_LEFT",
    "CAM_BACK",
    "CAM_BACK_LEFT",
    "CAM_BACK_RIGHT"
  ],
  "radar_order_for_model": [
    "RADAR_FRONT",
    "RADAR_FRONT_LEFT",
    "RADAR_FRONT_RIGHT",
    "RADAR_BACK_LEFT",
    "RADAR_BACK_RIGHT"
  ],
  "coordinate_notes": {
    "carla_world": "left-handed x-forward y-right z-up",
    "bevfusion_lidar": "x-forward y-left z-up",
    "camera_frame_for_model": "OpenCV style x-right y-down z-forward"
  },
  "ego": {
    "actor_id": 28,
    "transform_carla": {
      "location": {
        "x": 82.09078216552734,
        "y": -60.52342224121094,
        "z": -0.004479675088077784
      },
      "rotation": {
        "roll": 0.105189248919487,
        "pitch": -0.009767170064151287,
        "yaw": -154.9659423828125
      }
    },
    "velocity_carla": [
      -2.256119966506958,
      -0.9284254312515259,
      0.00031073568970896304
    ],
    "angular_velocity_carla": [
      -1.0133112668991089,
      2.0525240898132324,
      -4.244685649871826
    ],
    "matrix_world_from_ego_carla": [
      [
        -0.9060564041137695,
        0.4231565296649933,
        0.0006224183598533273,
        82.09078216552734
      ],
      [
        -0.4231569468975067,
        -0.9060547947883606,
        -0.0017355619929730892,
        -60.52342224121094
      ],
      [
        -0.00017046926950570196,
        -0.0018358976813033223,
        0.9999983310699463,
        -0.004479675088077784
      ],
      [
        0.0,
        0.0,
        0.0,
        1.0
      ]
    ],
    "matrix_world_from_ego_bevfusion": [
      [
        -0.9060564041137695,
        -0.4231565296649933,
        0.0006224183598533273,
        82.09078216552734
      ],
      [
        0.4231569468975067,
        -0.9060547947883606,
        0.0017355619929730892,
        60.52342224121094
      ],
      [
        -0.00017046926950570196,
        0.0018358976813033223,
        0.9999983310699463,
        -0.004479675088077784
      ],
      [
        0.0,
        0.0,
        0.0,
        1.0
      ]
    ]
  },
  "sensors": {
    "CAM_FRONT": {
      "type_id": "sensor.camera.rgb",
      "blueprint_attributes": {
        "role_name": "front",
        "ros_name": "sensor.camera.rgb",
        "chromatic_aberration_offset": "0.0",
        "sensor_tick": "0.100000",
        "fstop": "1.4",
        "image_size_x": "960",
        "image_size_y": "540",
        "fov": "70.00",
        "lens_circle_falloff": "5.0",
        "lens_circle_multiplier": "0.0",
        "exposure_compensation": "0.0",
        "lens_y_size": "0.08",
        "lens_k": "-1.0",
        "exposure_mode": "histogram",
        "lens_kcube": "0.0",
        "lens_x_size": "0.08",
        "exposure_max_bright": "12.0",
        "shutter_speed": "200.0",
        "bloom_intensity": "0.675",
        "iso": "100.0",
        "enable_postprocess_effects": "false",
        "gamma": "2.2",
        "motion_blur_intensity": "0.0",
        "motion_blur_max_distortion": "0.35",
        "lens_flare_intensity": "0.1",
        "motion_blur_min_object_screen_size": "0.1",
        "exposure_min_bright": "10.0",
        "exposure_speed_up": "3.0",
        "exposure_speed_down": "1.0",
        "tint": "0.0",
        "calibration_constant": "16.0",
        "focal_distance": "1000.0",
        "min_fstop": "1.2",
        "blade_count": "5",
        "blur_amount": "0.0",
        "blur_radius": "0.0",
        "slope": "0.88",
        "toe": "0.55",
        "white_clip": "0.04",
        "shoulder": "0.26",
        "black_clip": "0.0",
        "temp": "6500.0",
        "chromatic_aberration_intensity": "0.0"
      },
      "transform_carla": {
        "location": {
          "x": 80.68744659423828,
          "y": -61.1822624206543,
          "z": 1.6952532529830933
        },
        "rotation": {
          "roll": 0.105189248919487,
          "pitch": -0.009767170064151287,
          "yaw": -154.9659423828125
        }
      },
      "matrix_world_from_sensor_carla": [
        [
          -0.9060564041137695,
          0.4231565296649933,
          0.0006224183598533273,
          80.68744659423828
        ],
        [
          -0.4231569468975067,
          -0.9060547947883606,
          -0.0017355619929730892,
          -61.1822624206543
        ],
        [
          -0.00017046926950570196,
          -0.0018358976813033223,
          0.9999983310699463,
          1.6952532529830933
        ],
        [
          0.0,
          0.0,
          0.0,
          1.0
        ]
      ],
      "matrix_world_from_sensor_bevfusion": [
        [
          0.4231565296649933,
          -0.0006224183598533273,
          -0.9060564041137695,
          80.68744659423828
        ],
        [
          0.9060547947883606,
          -0.0017355619929730892,
          0.4231569468975067,
          61.1822624206543
        ],
        [
          -0.0018358976813033223,
          -0.9999983310699463,
          -0.00017046926950570196,
          1.6952532529830933
        ],
        [
          0.0,
          0.0,
          0.0,
          1.0
        ]
      ],
      "matrix_ego_from_sensor_carla": [
        [
          0.9999999403953552,
          7.77913022886878e-09,
          3.711865537159298e-11,
          1.5500030517578125
        ],
        [
          -1.5662523722426158e-08,
          1.0,
          -7.922906775092997e-11,
          -7.62939453125e-06
        ],
        [
          3.6237427988861093e-12,
          3.019915567614717e-11,
          1.0,
          1.7000000476837158
        ],
        [
          0.0,
          0.0,
          0.0,
          1.0
        ]
      ],
      "matrix_ego_from_sensor_bevfusion": [
        [
          7.77913022886878e-09,
          -3.711865537159298e-11,
          0.9999999403953552,
          1.5500030517578125
        ],
        [
          -1.0,
          -7.922906775092997e-11,
          1.5662523722426158e-08,
          7.62939453125e-06
        ],
        [
          3.019915567614717e-11,
          -1.0,
          3.6237427988861093e-12,
          1.7000000476837158
        ],
        [
          0.0,
          0.0,
          0.0,
          1.0
        ]
      ],
      "camera_intrinsics": [
        [
          685.5110473632812,
          0.0,
          480.0
        ],
        [
          0.0,
          685.5110473632812,
          270.0
        ],
        [
          0.0,
          0.0,
          1.0
        ]
      ],
      "data_path": "D:\\Agent-AI\\outputs\\s3a_ml_long_v2\\sample_000070\\images\\CAM_FRONT.png",
      "raw_layout": "bgra8"
    },
    "CAM_FRONT_RIGHT": {
      "type_id": "sensor.camera.rgb",
      "blueprint_attributes": {
        "role_name": "front",
        "ros_name": "sensor.camera.rgb",
        "chromatic_aberration_offset": "0.0",
        "sensor_tick": "0.100000",
        "fstop": "1.4",
        "image_size_x": "960",
        "image_size_y": "540",
        "fov": "70.00",
        "lens_circle_falloff": "5.0",
        "lens_circle_multiplier": "0.0",
        "exposure_compensation": "0.0",
        "lens_y_size": "0.08",
        "lens_k": "-1.0",
        "exposure_mode": "histogram",
        "lens_kcube": "0.0",
        "lens_x_size": "0.08",
        "exposure_max_bright": "12.0",
        "shutter_speed": "200.0",
        "bloom_intensity": "0.675",
        "iso": "100.0",
        "enable_postprocess_effects": "false",
        "gamma": "2.2",
        "motion_blur_intensity": "0.0",
        "motion_blur_max_distortion": "0.35",
        "lens_flare_intensity": "0.1",
        "motion_blur_min_object_screen_size": "0.1",
        "exposure_min_bright": "10.0",
        "exposure_speed_up": "3.0",
        "exposure_speed_down": "1.0",
        "tint": "0.0",
        "calibration_constant": "16.0",
        "focal_distance": "1000.0",
        "min_fstop": "1.2",
        "blade_count": "5",
        "blur_amount": "0.0",
        "blur_radius": "0.0",
        "slope": "0.88",
        "toe": "0.55",
        "white_clip": "0.04",
        "shoulder": "0.26",
        "black_clip": "0.0",
        "temp": "6500.0",
        "chromatic_aberration_intensity": "0.0"
      },
      "transform_carla": {
        "location": {
          "x": 81.1467056274414,
          "y": -61.57481002807617,
          "z": 1.6942861080169678
        },
        "rotation": {
          "roll": 0.05233459547162056,
          "pitch": -0.09176358580589294,
          "yaw": -99.96598815917969
        }
      },
      "matrix_world_from_sensor_carla": [
        [
          -0.17306329309940338,
          0.9849104881286621,
          0.0006224538665264845,
          81.1467056274414
        ],
        [
          -0.9849093556404114,
          -0.17306199669837952,
          -0.001735486788675189,
          -61.57481002807617
        ],
        [
          -0.0016015759902074933,
          -0.0009134096326306462,
          0.9999982714653015,
          1.6942861080169678
        ],
        [
          0.0,
          0.0,
          0.0,
          1.0
        ]
      ],
      "matrix_world_from_sensor_bevfusion": [
        [
          0.9849104881286621,
          -0.0006224538665264845,
          -0.17306329309940338,
          81.1467056274414
        ],
        [
          0.17306199669837952,
          -0.001735486788675189,
          0.9849093556404114,
          61.57481002807617
        ],
        [
          -0.0009134096326306462,
          -0.9999982714653015,
          -0.0016015759902074933,
          1.6942861080169678
        ],
        [
          0.0,
          0.0,
          0.0,
          1.0
        ]
      ],
      "matrix_ego_from_sensor_carla": [
        [
          0.5735766291618347,
          -0.8191518783569336,
          -6.39665955759483e-08,
          1.2999954223632812
        ],
        [
          0.819151759147644,
          0.5735765695571899,
          -5.305518868681247e-08,
          0.5500030517578125
        ],
        [
          8.018457009484337e-08,
          -2.193703529940194e-08,
          0.9999999403953552,
          1.7000000476837158
        ],
        [
          0.0,
          0.0,
          0.0,
          1.0
        ]
      ],
      "matrix_ego_from_sensor_bevfusion": [
        [
          -0.8191518783569336,
          6.39665955759483e-08,
          0.5735766291618347,
          1.2999954223632812
        ],
        [
          -0.5735765695571899,
          -5.305518868681247e-08,
          -0.819151759147644,
          -0.5500030517578125
        ],
        [
          -2.193703529940194e-08,
          -0.9999999403953552,
          8.018457009484337e-08,
          1.7000000476837158
        ],
        [
          0.0,
          0.0,
          0.0,
          1.0
        ]
      ],
      "camera_intrinsics": [
        [
          685.5110473632812,
          0.0,
          480.0
        ],
        [
          0.0,
          685.5110473632812,
          270.0
        ],
        [
          0.0,
          0.0,
          1.0
        ]
      ],
      "data_path": "D:\\Agent-AI\\outputs\\s3a_ml_long_v2\\sample_000070\\images\\CAM_FRONT_RIGHT.png",
      "raw_layout": "bgra8"
    },
    "CAM_FRONT_LEFT": {
      "type_id": "sensor.camera.rgb",
      "blueprint_attributes": {
        "role_name": "front",
        "ros_name": "sensor.camera.rgb",
        "chromatic_aberration_offset": "0.0",
        "sensor_tick": "0.100000",
        "fstop": "1.4",
        "image_size_x": "960",
        "image_size_y": "540",
        "fov": "70.00",
        "lens_circle_falloff": "5.0",
        "lens_circle_multiplier": "0.0",
        "exposure_compensation": "0.0",
        "lens_y_size": "0.08",
        "lens_k": "-1.0",
        "exposure_mode": "histogram",
        "lens_kcube": "0.0",
        "lens_x_size": "0.08",
        "exposure_max_bright": "12.0",
        "shutter_speed": "200.0",
        "bloom_intensity": "0.675",
        "iso": "100.0",
        "enable_postprocess_effects": "false",
        "gamma": "2.2",
        "motion_blur_intensity": "0.0",
        "motion_blur_max_distortion": "0.35",
        "lens_flare_intensity": "0.1",
        "motion_blur_min_object_screen_size": "0.1",
        "exposure_min_bright": "10.0",
        "exposure_speed_up": "3.0",
        "exposure_speed_down": "1.0",
        "tint": "0.0",
        "calibration_constant": "16.0",
        "focal_distance": "1000.0",
        "min_fstop": "1.2",
        "blade_count": "5",
        "blur_amount": "0.0",
        "blur_radius": "0.0",
        "slope": "0.88",
        "toe": "0.55",
        "white_clip": "0.04",
        "shoulder": "0.26",
        "black_clip": "0.0",
        "temp": "6500.0",
        "chromatic_aberration_intensity": "0.0"
      },
      "transform_carla": {
        "location": {
          "x": 80.68122863769531,
          "y": -60.578147888183594,
          "z": 1.696305513381958
        },
        "rotation": {
          "roll": 0.06833365559577942,
          "pitch": 0.08056890964508057,
          "yaw": 150.03411865234375
        }
      },
      "matrix_world_from_sensor_carla": [
        [
          -0.8663221001625061,
          -0.4994852840900421,
          0.0006225075921975076,
          80.68122863769531
        ],
        [
          0.4994836747646332,
          -0.8663215637207031,
          -0.0017355878371745348,
          -60.578147888183594
        ],
        [
          0.0014061923138797283,
          -0.0011926458682864904,
          0.9999982714653015,
          1.696305513381958
        ],
        [
          0.0,
          0.0,
          0.0,
          1.0
        ]
      ],
      "matrix_world_from_sensor_bevfusion": [
        [
          -0.4994852840900421,
          -0.0006225075921975076,
          -0.8663221001625061,
          80.68122863769531
        ],
        [
          0.8663215637207031,
          -0.0017355878371745348,
          -0.4994836747646332,
          60.578147888183594
        ],
        [
          -0.0011926458682864904,
          -0.9999982714653015,
          0.0014061923138797283,
          1.696305513381958
        ],
        [
          0.0,
          0.0,
          0.0,
          1.0
        ]
      ],
      "matrix_ego_from_sensor_carla": [
        [
          0.5735763907432556,
          0.8191519379615784,
          -6.987467315866525e-08,
          1.3000068664550781
        ],
        [
          -0.8191518783569336,
          0.5735764503479004,
          6.126465734723752e-08,
          -0.5499954223632812
        ],
        [
          9.035235848386947e-08,
          2.2084964967916676e-08,
          0.9999999403953552,
          1.6999998092651367
        ],
        [
          0.0,
          0.0,
          0.0,
          1.0
        ]
      ],
      "matrix_ego_from_sensor_bevfusion": [
        [
          0.8191519379615784,
          6.987467315866525e-08,
          0.5735763907432556,
          1.3000068664550781
        ],
        [
          -0.5735764503479004,
          6.126465734723752e-08,
          0.8191518783569336,
          0.5499954223632812
        ],
        [
          2.2084964967916676e-08,
          -0.9999999403953552,
          9.035235848386947e-08,
          1.6999998092651367
        ],
        [
          0.0,
          0.0,
          0.0,
          1.0
        ]
      ],
      "camera_intrinsics": [
        [
          685.5110473632812,
          0.0,
          480.0
        ],
        [
          0.0,
          685.5110473632812,
          270.0
        ],
        [
          0.0,
          0.0,
          1.0
        ]
      ],
      "data_path": "D:\\Agent-AI\\outputs\\s3a_ml_long_v2\\sample_000070\\images\\CAM_FRONT_LEFT.png",
      "raw_layout": "bgra8"
    },
    "CAM_BACK": {
      "type_id": "sensor.camera.rgb",
      "blueprint_attributes": {
        "role_name": "front",
        "ros_name": "sensor.camera.rgb",
        "chromatic_aberration_offset": "0.0",
        "sensor_tick": "0.100000",
        "fstop": "1.4",
        "image_size_x": "960",
        "image_size_y": "540",
        "fov": "70.00",
        "lens_circle_falloff": "5.0",
        "lens_circle_multiplier": "0.0",
        "exposure_compensation": "0.0",
        "lens_y_size": "0.08",
        "lens_k": "-1.0",
        "exposure_mode": "histogram",
        "lens_kcube": "0.0",
        "lens_x_size": "0.08",
        "exposure_max_bright": "12.0",
        "shutter_speed": "200.0",
        "bloom_intensity": "0.675",
        "iso": "100.0",
        "enable_postprocess_effects": "false",
        "gamma": "2.2",
        "motion_blur_intensity": "0.0",
        "motion_blur_max_distortion": "0.35",
        "lens_flare_intensity": "0.1",
        "motion_blur_min_object_screen_size": "0.1",
        "exposure_min_bright": "10.0",
        "exposure_speed_up": "3.0",
        "exposure_speed_down": "1.0",
        "tint": "0.0",
        "calibration_constant": "16.0",
        "focal_distance": "1000.0",
        "min_fstop": "1.2",
        "blade_count": "5",
        "blur_amount": "0.0",
        "blur_radius": "0.0",
        "slope": "0.88",
        "toe": "0.55",
        "white_clip": "0.04",
        "shoulder": "0.26",
        "black_clip": "0.0",
        "temp": "6500.0",
        "chromatic_aberration_intensity": "0.0"
      },
      "transform_carla": {
        "location": {
          "x": 83.49623107910156,
          "y": -59.87047576904297,
          "z": 1.6957814693450928
        },
        "rotation": {
          "roll": -0.10518922656774521,
          "pitch": 0.009767170064151287,
          "yaw": 25.034067153930664
        }
      },
      "matrix_world_from_sensor_carla": [
        [
          0.9060563445091248,
          -0.42315664887428284,
          0.0006224184180609882,
          83.49623107910156
        ],
        [
          0.42315706610679626,
          0.9060547351837158,
          -0.001735561527311802,
          -59.87047576904297
        ],
        [
          0.00017046926950570196,
          0.0018358973320573568,
          0.9999983310699463,
          1.6957814693450928
        ],
        [
          0.0,
          0.0,
          0.0,
          1.0
        ]
      ],
      "matrix_world_from_sensor_bevfusion": [
        [
          -0.42315664887428284,
          -0.0006224184180609882,
          0.9060563445091248,
          83.49623107910156
        ],
        [
          -0.9060547351837158,
          -0.001735561527311802,
          -0.42315706610679626,
          59.87047576904297
        ],
        [
          0.0018358973320573568,
          -0.9999983310699463,
          0.00017046926950570196,
          1.6957814693450928
        ],
        [
          0.0,
          0.0,
          0.0,
          1.0
        ]
      ],
      "matrix_ego_from_sensor_carla": [
        [
          -0.9999999403953552,
          1.3665233211668237e-07,
          -2.2481581873901035e-10,
          -1.5500030517578125
        ],
        [
          -1.22149941716998e-07,
          -1.0,
          -4.284750332317344e-10,
          0.0
        ],
        [
          -2.6555821430740423e-10,
          -3.794445313509698e-10,
          1.0,
          1.6999998092651367
        ],
        [
          0.0,
          0.0,
          0.0,
          1.0
        ]
      ],
      "matrix_ego_from_sensor_bevfusion": [
        [
          1.3665233211668237e-07,
          2.2481581873901035e-10,
          -0.9999999403953552,
          -1.5500030517578125
        ],
        [
          1.0,
          -4.284750332317344e-10,
          1.22149941716998e-07,
          0.0
        ],
        [
          -3.794445313509698e-10,
          -1.0,
          -2.6555821430740423e-10,
          1.6999998092651367
        ],
        [
          0.0,
          0.0,
          0.0,
          1.0
        ]
      ],
      "camera_intrinsics": [
        [
          685.5110473632812,
          0.0,
          480.0
        ],
        [
          0.0,
          685.5110473632812,
          270.0
        ],
        [
          0.0,
          0.0,
          1.0
        ]
      ],
      "data_path": "D:\\Agent-AI\\outputs\\s3a_ml_long_v2\\sample_000070\\images\\CAM_BACK.png",
      "raw_layout": "bgra8"
    },
    "CAM_BACK_LEFT": {
      "type_id": "sensor.camera.rgb",
      "blueprint_attributes": {
        "role_name": "front",
        "ros_name": "sensor.camera.rgb",
        "chromatic_aberration_offset": "0.0",
        "sensor_tick": "0.100000",
        "fstop": "1.4",
        "image_size_x": "960",
        "image_size_y": "540",
        "fov": "70.00",
        "lens_circle_falloff": "5.0",
        "lens_circle_multiplier": "0.0",
        "exposure_compensation": "0.0",
        "lens_y_size": "0.08",
        "lens_k": "-1.0",
        "exposure_mode": "histogram",
        "lens_kcube": "0.0",
        "lens_x_size": "0.08",
        "exposure_max_bright": "12.0",
        "shutter_speed": "200.0",
        "bloom_intensity": "0.675",
        "iso": "100.0",
        "enable_postprocess_effects": "false",
        "gamma": "2.2",
        "motion_blur_intensity": "0.0",
        "motion_blur_max_distortion": "0.35",
        "lens_flare_intensity": "0.1",
        "motion_blur_min_object_screen_size": "0.1",
        "exposure_min_bright": "10.0",
        "exposure_speed_up": "3.0",
        "exposure_speed_down": "1.0",
        "tint": "0.0",
        "calibration_constant": "16.0",
        "focal_distance": "1000.0",
        "min_fstop": "1.2",
        "blade_count": "5",
        "blur_amount": "0.0",
        "blur_radius": "0.0",
        "slope": "0.88",
        "toe": "0.55",
        "white_clip": "0.04",
        "shoulder": "0.26",
        "black_clip": "0.0",
        "temp": "6500.0",
        "chromatic_aberration_intensity": "0.0"
      },
      "transform_carla": {
        "location": {
          "x": 83.03697204589844,
          "y": -59.47793960571289,
          "z": 1.6967486143112183
        },
        "rotation": {
          "roll": -0.05233457684516907,
          "pitch": 0.09176358580589294,
          "yaw": 80.03401947021484
        }
      },
      "matrix_world_from_sensor_carla": [
        [
          0.17306320369243622,
          -0.9849104881286621,
          0.0006224536919035017,
          83.03697204589844
        ],
        [
          0.9849093556404114,
          0.17306190729141235,
          -0.0017354865558445454,
          -59.47793960571289
        ],
        [
          0.0016015759902074933,
          0.0009134093415923417,
          0.9999982714653015,
          1.6967486143112183
        ],
        [
          0.0,
          0.0,
          0.0,
          1.0
        ]
      ],
      "matrix_world_from_sensor_bevfusion": [
        [
          -0.9849104881286621,
          -0.0006224536919035017,
          0.17306320369243622,
          83.03697204589844
        ],
        [
          -0.17306190729141235,
          -0.0017354865558445454,
          -0.9849093556404114,
          59.47793960571289
        ],
        [
          0.0009134093415923417,
          -0.9999982714653015,
          0.0016015759902074933,
          1.6967486143112183
        ],
        [
          0.0,
          0.0,
          0.0,
          1.0
        ]
      ],
      "matrix_ego_from_sensor_carla": [
        [
          -0.5735765099525452,
          0.8191518783569336,
          -6.389383599980647e-08,
          -1.2999916076660156
        ],
        [
          -0.8191518187522888,
          -0.5735765099525452,
          -5.3404434652293276e-08,
          -0.5499954223632812
        ],
        [
          -8.018457009484337e-08,
          2.1820619977575006e-08,
          0.9999999403953552,
          1.6999998092651367
        ],
        [
          0.0,
          0.0,
          0.0,
          1.0
        ]
      ],
      "matrix_ego_from_sensor_bevfusion": [
        [
          0.8191518783569336,
          6.389383599980647e-08,
          -0.5735765099525452,
          -1.2999916076660156
        ],
        [
          0.5735765099525452,
          -5.3404434652293276e-08,
          0.8191518187522888,
          0.5499954223632812
        ],
        [
          2.1820619977575006e-08,
          -0.9999999403953552,
          -8.018457009484337e-08,
          1.6999998092651367
        ],
        [
          0.0,
          0.0,
          0.0,
          1.0
        ]
      ],
      "camera_intrinsics": [
        [
          685.5110473632812,
          0.0,
          480.0
        ],
        [
          0.0,
          685.5110473632812,
          270.0
        ],
        [
          0.0,
          0.0,
          1.0
        ]
      ],
      "data_path": "D:\\Agent-AI\\outputs\\s3a_ml_long_v2\\sample_000070\\images\\CAM_BACK_LEFT.png",
      "raw_layout": "bgra8"
    },
    "CAM_BACK_RIGHT": {
      "type_id": "sensor.camera.rgb",
      "blueprint_attributes": {
        "role_name": "front",
        "ros_name": "sensor.camera.rgb",
        "chromatic_aberration_offset": "0.0",
        "sensor_tick": "0.100000",
        "fstop": "1.4",
        "image_size_x": "960",
        "image_size_y": "540",
        "fov": "70.00",
        "lens_circle_falloff": "5.0",
        "lens_circle_multiplier": "0.0",
        "exposure_compensation": "0.0",
        "lens_y_size": "0.08",
        "lens_k": "-1.0",
        "exposure_mode": "histogram",
        "lens_kcube": "0.0",
        "lens_x_size": "0.08",
        "exposure_max_bright": "12.0",
        "shutter_speed": "200.0",
        "bloom_intensity": "0.675",
        "iso": "100.0",
        "enable_postprocess_effects": "false",
        "gamma": "2.2",
        "motion_blur_intensity": "0.0",
        "motion_blur_max_distortion": "0.35",
        "lens_flare_intensity": "0.1",
        "motion_blur_min_object_screen_size": "0.1",
        "exposure_min_bright": "10.0",
        "exposure_speed_up": "3.0",
        "exposure_speed_down": "1.0",
        "tint": "0.0",
        "calibration_constant": "16.0",
        "focal_distance": "1000.0",
        "min_fstop": "1.2",
        "blade_count": "5",
        "blur_amount": "0.0",
        "blur_radius": "0.0",
        "slope": "0.88",
        "toe": "0.55",
        "white_clip": "0.04",
        "shoulder": "0.26",
        "black_clip": "0.0",
        "temp": "6500.0",
        "chromatic_aberration_intensity": "0.0"
      },
      "transform_carla": {
        "location": {
          "x": 83.50244903564453,
          "y": -60.4745979309082,
          "z": 1.6947293281555176
        },
        "rotation": {
          "roll": -0.06833363324403763,
          "pitch": -0.08056890964508057,
          "yaw": -29.965885162353516
        }
      },
      "matrix_world_from_sensor_carla": [
        [
          0.8663221001625061,
          0.4994853436946869,
          0.0006225077086128294,
          83.50244903564453
        ],
        [
          -0.49948373436927795,
          0.8663215637207031,
          -0.0017355876043438911,
          -60.4745979309082
        ],
        [
          -0.0014061923138797283,
          0.001192645519040525,
          0.9999982714653015,
          1.6947293281555176
        ],
        [
          0.0,
          0.0,
          0.0,
          1.0
        ]
      ],
      "matrix_world_from_sensor_bevfusion": [
        [
          0.4994853436946869,
          -0.0006225077086128294,
          0.8663221001625061,
          83.50244903564453
        ],
        [
          -0.8663215637207031,
          -0.0017355876043438911,
          0.49948373436927795,
          60.4745979309082
        ],
        [
          0.001192645519040525,
          -0.9999982714653015,
          -0.0014061923138797283,
          1.6947293281555176
        ],
        [
          0.0,
          0.0,
          0.0,
          1.0
        ]
      ],
      "matrix_ego_from_sensor_carla": [
        [
          -0.5735763907432556,
          -0.8191519975662231,
          -7.007839997186238e-08,
          -1.2999954223632812
        ],
        [
          0.8191519379615784,
          -0.5735764503479004,
          6.103182670358365e-08,
          0.5499954223632812
        ],
        [
          -9.023594316204253e-08,
          -2.243421093339748e-08,
          0.9999999403953552,
          1.7000000476837158
        ],
        [
          0.0,
          0.0,
          0.0,
          1.0
        ]
      ],
      "matrix_ego_from_sensor_bevfusion": [
        [
          -0.8191519975662231,
          7.007839997186238e-08,
          -0.5735763907432556,
          -1.2999954223632812
        ],
        [
          0.5735764503479004,
          6.103182670358365e-08,
          -0.8191519379615784,
          -0.5499954223632812
        ],
        [
          -2.243421093339748e-08,
          -0.9999999403953552,
          -9.023594316204253e-08,
          1.7000000476837158
        ],
        [
          0.0,
          0.0,
          0.0,
          1.0
        ]
      ],
      "camera_intrinsics": [
        [
          685.5110473632812,
          0.0,
          480.0
        ],
        [
          0.0,
          685.5110473632812,
          270.0
        ],
        [
          0.0,
          0.0,
          1.0
        ]
      ],
      "data_path": "D:\\Agent-AI\\outputs\\s3a_ml_long_v2\\sample_000070\\images\\CAM_BACK_RIGHT.png",
      "raw_layout": "bgra8"
    },
    "LIDAR_TOP": {
      "type_id": "sensor.lidar.ray_cast",
      "blueprint_attributes": {
        "atmosphere_attenuation_rate": "0.004",
        "role_name": "front",
        "noise_seed": "0",
        "upper_fov": "10.0",
        "ros_name": "sensor.lidar.ray_cast",
        "sensor_tick": "0.100000",
        "channels": "32",
        "range": "120.0",
        "points_per_second": "360000",
        "lower_fov": "-30.0",
        "rotation_frequency": "10.000000",
        "horizontal_fov": "360.0",
        "dropoff_general_rate": "0.0",
        "dropoff_intensity_limit": "1.0",
        "noise_stddev": "0.0",
        "dropoff_zero_intensity": "0.0"
      },
      "transform_carla": {
        "location": {
          "x": 82.09214782714844,
          "y": -60.52724075317383,
          "z": 2.195516347885132
        },
        "rotation": {
          "roll": 0.105189248919487,
          "pitch": -0.009767170064151287,
          "yaw": -154.9659423828125
        }
      },
      "matrix_world_from_sensor_carla": [
        [
          -0.9060564041137695,
          0.4231565296649933,
          0.0006224183598533273,
          82.09214782714844
        ],
        [
          -0.4231569468975067,
          -0.9060547947883606,
          -0.0017355619929730892,
          -60.52724075317383
        ],
        [
          -0.00017046926950570196,
          -0.0018358976813033223,
          0.9999983310699463,
          2.195516347885132
        ],
        [
          0.0,
          0.0,
          0.0,
          1.0
        ]
      ],
      "matrix_world_from_sensor_bevfusion": [
        [
          -0.9060564041137695,
          -0.4231565296649933,
          0.0006224183598533273,
          82.09214782714844
        ],
        [
          0.4231569468975067,
          -0.9060547947883606,
          0.0017355619929730892,
          60.52724075317383
        ],
        [
          -0.00017046926950570196,
          0.0018358976813033223,
          0.9999983310699463,
          2.195516347885132
        ],
        [
          0.0,
          0.0,
          0.0,
          1.0
        ]
      ],
      "matrix_ego_from_sensor_carla": [
        [
          0.9999999403953552,
          7.77913022886878e-09,
          3.711865537159298e-11,
          7.62939453125e-06
        ],
        [
          -1.5662523722426158e-08,
          1.0,
          -7.922906775092997e-11,
          7.62939453125e-06
        ],
        [
          3.6237427988861093e-12,
          3.019915567614717e-11,
          1.0,
          2.1999995708465576
        ],
        [
          0.0,
          0.0,
          0.0,
          1.0
        ]
      ],
      "matrix_ego_from_sensor_bevfusion": [
        [
          0.9999999403953552,
          -7.77913022886878e-09,
          3.711865537159298e-11,
          7.62939453125e-06
        ],
        [
          1.5662523722426158e-08,
          1.0,
          7.922906775092997e-11,
          -7.62939453125e-06
        ],
        [
          3.6237427988861093e-12,
          -3.019915567614717e-11,
          1.0,
          2.1999995708465576
        ],
        [
          0.0,
          0.0,
          0.0,
          1.0
        ]
      ],
      "data_path": "D:\\Agent-AI\\outputs\\s3a_ml_long_v2\\sample_000070\\lidar\\LIDAR_TOP.npy",
      "raw_layout": [
        "x",
        "y",
        "z",
        "intensity"
      ]
    },
    "RADAR_FRONT": {
      "type_id": "sensor.other.radar",
      "blueprint_attributes": {
        "sensor_tick": "0.100000",
        "role_name": "default",
        "noise_seed": "0",
        "ros_name": "sensor.other.radar",
        "horizontal_fov": "35.0",
        "points_per_second": "1500",
        "vertical_fov": "20.0",
        "range": "120.0"
      },
      "transform_carla": {
        "location": {
          "x": 80.27922821044922,
          "y": -61.37129592895508,
          "z": 0.8951778411865234
        },
        "rotation": {
          "roll": 0.105189248919487,
          "pitch": -0.009767170064151287,
          "yaw": -154.9659423828125
        }
      },
      "matrix_world_from_sensor_carla": [
        [
          -0.9060564041137695,
          0.4231565296649933,
          0.0006224183598533273,
          80.27922821044922
        ],
        [
          -0.4231569468975067,
          -0.9060547947883606,
          -0.0017355619929730892,
          -61.37129592895508
        ],
        [
          -0.00017046926950570196,
          -0.0018358976813033223,
          0.9999983310699463,
          0.8951778411865234
        ],
        [
          0.0,
          0.0,
          0.0,
          1.0
        ]
      ],
      "matrix_world_from_sensor_bevfusion": [
        [
          -0.9060564041137695,
          -0.4231565296649933,
          0.0006224183598533273,
          80.27922821044922
        ],
        [
          0.4231569468975067,
          -0.9060547947883606,
          0.0017355619929730892,
          61.37129592895508
        ],
        [
          -0.00017046926950570196,
          0.0018358976813033223,
          0.9999983310699463,
          0.8951778411865234
        ],
        [
          0.0,
          0.0,
          0.0,
          1.0
        ]
      ],
      "matrix_ego_from_sensor_carla": [
        [
          0.9999999403953552,
          7.77913022886878e-09,
          3.711865537159298e-11,
          2.0000038146972656
        ],
        [
          -1.5662523722426158e-08,
          1.0,
          -7.922906775092997e-11,
          0.0
        ],
        [
          3.6237427988861093e-12,
          3.019915567614717e-11,
          1.0,
          0.8999999165534973
        ],
        [
          0.0,
          0.0,
          0.0,
          1.0
        ]
      ],
      "matrix_ego_from_sensor_bevfusion": [
        [
          0.9999999403953552,
          -7.77913022886878e-09,
          3.711865537159298e-11,
          2.0000038146972656
        ],
        [
          1.5662523722426158e-08,
          1.0,
          7.922906775092997e-11,
          0.0
        ],
        [
          3.6237427988861093e-12,
          -3.019915567614717e-11,
          1.0,
          0.8999999165534973
        ],
        [
          0.0,
          0.0,
          0.0,
          1.0
        ]
      ],
      "data_path": "D:\\Agent-AI\\outputs\\s3a_ml_long_v2\\sample_000070\\radar\\RADAR_FRONT.npy",
      "raw_layout": [
        "velocity",
        "altitude",
        "azimuth",
        "depth"
      ]
    },
    "RADAR_FRONT_LEFT": {
      "type_id": "sensor.other.radar",
      "blueprint_attributes": {
        "sensor_tick": "0.100000",
        "role_name": "default",
        "noise_seed": "0",
        "ros_name": "sensor.other.radar",
        "horizontal_fov": "35.0",
        "points_per_second": "1500",
        "vertical_fov": "20.0",
        "range": "120.0"
      },
      "transform_carla": {
        "location": {
          "x": 80.27897644042969,
          "y": -60.54365158081055,
          "z": 0.8966144323348999
        },
        "rotation": {
          "roll": 0.08128541707992554,
          "pitch": 0.06747543811798096,
          "yaw": 160.03411865234375
        }
      },
      "matrix_world_from_sensor_carla": [
        [
          -0.9398954510688782,
          -0.341461718082428,
          0.0006224554963409901,
          80.27897644042969
        ],
        [
          0.341460257768631,
          -0.9398945569992065,
          -0.0017355552408844233,
          -60.54365158081055
        ],
        [
          0.0011776683386415243,
          -0.0014186966000124812,
          0.9999982714653015,
          0.8966144323348999
        ],
        [
          0.0,
          0.0,
          0.0,
          1.0
        ]
      ],
      "matrix_world_from_sensor_bevfusion": [
        [
          -0.9398954510688782,
          0.341461718082428,
          0.0006224554963409901,
          80.27897644042969
        ],
        [
          -0.341460257768631,
          -0.9398945569992065,
          0.0017355552408844233,
          60.54365158081055
        ],
        [
          0.0011776683386415243,
          0.0014186966000124812,
          0.9999982714653015,
          0.8966144323348999
        ],
        [
          0.0,
          0.0,
          0.0,
          1.0
        ]
      ],
      "matrix_ego_from_sensor_carla": [
        [
          0.7071068286895752,
          0.7071066498756409,
          -3.6463475794334954e-08,
          1.6500091552734375
        ],
        [
          -0.7071066498756409,
          0.7071067094802856,
          9.692670666083814e-09,
          -0.75
        ],
        [
          3.277254023714704e-08,
          1.8983241645287308e-08,
          0.9999999403953552,
          0.8999999165534973
        ],
        [
          0.0,
          0.0,
          0.0,
          1.0
        ]
      ],
      "matrix_ego_from_sensor_bevfusion": [
        [
          0.7071068286895752,
          -0.7071066498756409,
          -3.6463475794334954e-08,
          1.6500091552734375
        ],
        [
          0.7071066498756409,
          0.7071067094802856,
          -9.692670666083814e-09,
          0.75
        ],
        [
          3.277254023714704e-08,
          -1.8983241645287308e-08,
          0.9999999403953552,
          0.8999999165534973
        ],
        [
          0.0,
          0.0,
          0.0,
          1.0
        ]
      ],
      "data_path": "D:\\Agent-AI\\outputs\\s3a_ml_long_v2\\sample_000070\\radar\\RADAR_FRONT_LEFT.npy",
      "raw_layout": [
        "velocity",
        "altitude",
        "azimuth",
        "depth"
      ]
    },
    "RADAR_FRONT_RIGHT": {
