{
  "schema_version": "stage1.v1",
  "sample_name": "sample_000031",
  "sequence_index": 31,
  "previous_sample_name": "sample_000030",
  "frame_id": 3951,
  "timestamp": 42.23108659312129,
  "platform_timestamp": 16816495.8071999,
  "delta_seconds": 0.10000000149011612,
  "town": "Carla/Maps/Town10HD_Opt",
  "weather": {
    "cloudiness": 20.0,
    "dust_storm": 0.0,
    "fog_density": 2.0,
    "fog_distance": 0.75,
    "fog_falloff": 0.10000000149011612,
    "mie_scattering_scale": 0.029999999329447746,
    "precipitation": 0.0,
    "precipitation_deposits": 0.0,
    "rayleigh_scattering_scale": 0.03310000151395798,
    "scattering_intensity": 1.0,
    "sun_altitude_angle": 45.0,
    "sun_azimuth_angle": 300.0,
    "wetness": 0.0,
    "wind_intensity": 10.0
  },
  "sensor_names": [
    "CAM_FRONT",
    "CAM_FRONT_RIGHT",
    "CAM_FRONT_LEFT",
    "CAM_BACK",
    "CAM_BACK_LEFT",
    "CAM_BACK_RIGHT",
    "LIDAR_TOP",
    "RADAR_FRONT",
    "RADAR_FRONT_LEFT",
    "RADAR_FRONT_RIGHT",
    "RADAR_BACK_LEFT",
    "RADAR_BACK_RIGHT"
  ],
  "camera_order_for_model": [
    "CAM_FRONT",
    "CAM_FRONT_RIGHT",
    "CAM_FRONT_LEFT",
    "CAM_BACK",
    "CAM_BACK_LEFT",
    "CAM_BACK_RIGHT"
  ],
  "radar_order_for_model": [
    "RADAR_FRONT",
    "RADAR_FRONT_LEFT",
    "RADAR_FRONT_RIGHT",
    "RADAR_BACK_LEFT",
    "RADAR_BACK_RIGHT"
  ],
  "coordinate_notes": {
    "carla_world": "left-handed x-forward y-right z-up",
    "bevfusion_lidar": "x-forward y-left z-up",
    "camera_frame_for_model": "OpenCV style x-right y-down z-forward"
  },
  "ego": {
    "actor_id": 24,
    "transform_carla": {
      "location": {
        "x": 108.11178588867188,
        "y": -34.883216857910156,
        "z": -0.006008453201502562
      },
      "rotation": {
        "roll": 0.08650531619787216,
        "pitch": 0.4089916944503784,
        "yaw": -105.18594360351562
      }
    },
    "velocity_carla": [
      -0.9824045300483704,
      -3.2124710083007812,
      -8.405685366597027e-05
    ],
    "angular_velocity_carla": [
      -0.9369115233421326,
      0.3606272041797638,
      -4.082784652709961
    ],
    "matrix_world_from_ego_carla": [
      [
        -0.2619457542896271,
        0.9650769233703613,
        0.0033269452396780252,
        108.11178588867188
      ],
      [
        -0.9650562405586243,
        -0.26196253299713135,
        0.006493426859378815,
        -34.883216857910156
      ],
      [
        0.007138191256672144,
        -0.0015097635332494974,
        0.9999734163284302,
        -0.006008453201502562
      ],
      [
        0.0,
        0.0,
        0.0,
        1.0
      ]
    ],
    "matrix_world_from_ego_bevfusion": [
      [
        -0.2619457542896271,
        -0.9650769233703613,
        0.0033269452396780252,
        108.11178588867188
      ],
      [
        0.9650562405586243,
        -0.26196253299713135,
        -0.006493426859378815,
        34.883216857910156
      ],
      [
        0.007138191256672144,
        0.0015097635332494974,
        0.9999734163284302,
        -0.006008453201502562
      ],
      [
        0.0,
        0.0,
        0.0,
        1.0
      ]
    ]
  },
  "sensors": {
    "CAM_FRONT": {
      "type_id": "sensor.camera.rgb",
      "blueprint_attributes": {
        "role_name": "front",
        "ros_name": "sensor.camera.rgb",
        "chromatic_aberration_offset": "0.0",
        "sensor_tick": "0.100000",
        "fstop": "1.4",
        "image_size_x": "960",
        "image_size_y": "540",
        "fov": "70.00",
        "lens_circle_falloff": "5.0",
        "lens_circle_multiplier": "0.0",
        "exposure_compensation": "0.0",
        "lens_y_size": "0.08",
        "lens_k": "-1.0",
        "exposure_mode": "histogram",
        "lens_kcube": "0.0",
        "lens_x_size": "0.08",
        "exposure_max_bright": "12.0",
        "shutter_speed": "200.0",
        "bloom_intensity": "0.675",
        "iso": "100.0",
        "enable_postprocess_effects": "false",
        "gamma": "2.2",
        "motion_blur_intensity": "0.0",
        "motion_blur_max_distortion": "0.35",
        "lens_flare_intensity": "0.1",
        "motion_blur_min_object_screen_size": "0.1",
        "exposure_min_bright": "10.0",
        "exposure_speed_up": "3.0",
        "exposure_speed_down": "1.0",
        "tint": "0.0",
        "calibration_constant": "16.0",
        "focal_distance": "1000.0",
        "min_fstop": "1.2",
        "blade_count": "5",
        "blur_amount": "0.0",
        "blur_radius": "0.0",
        "slope": "0.88",
        "toe": "0.55",
        "white_clip": "0.04",
        "shoulder": "0.26",
        "black_clip": "0.0",
        "temp": "6500.0",
        "chromatic_aberration_intensity": "0.0"
      },
      "transform_carla": {
        "location": {
          "x": 107.71142578125,
          "y": -36.36801528930664,
          "z": 1.7050102949142456
        },
        "rotation": {
          "roll": 0.08650531619787216,
          "pitch": 0.4089916944503784,
          "yaw": -105.18594360351562
        }
      },
      "matrix_world_from_sensor_carla": [
        [
          -0.2619457542896271,
          0.9650769233703613,
          0.0033269452396780252,
          107.71142578125
        ],
        [
          -0.9650562405586243,
          -0.26196253299713135,
          0.006493426859378815,
          -36.36801528930664
        ],
        [
          0.007138191256672144,
          -0.0015097635332494974,
          0.9999734163284302,
          1.7050102949142456
        ],
        [
          0.0,
          0.0,
          0.0,
          1.0
        ]
      ],
      "matrix_world_from_sensor_bevfusion": [
        [
          0.9650769233703613,
          -0.0033269452396780252,
          -0.2619457542896271,
          107.71142578125
        ],
        [
          0.26196253299713135,
          0.006493426859378815,
          0.9650562405586243,
          36.36801528930664
        ],
        [
          -0.0015097635332494974,
          -0.9999734163284302,
          0.007138191256672144,
          1.7050102949142456
        ],
        [
          0.0,
          0.0,
          0.0,
          1.0
        ]
      ],
      "matrix_ego_from_sensor_carla": [
        [
          1.0,
          2.2462574023052184e-09,
          -2.351632777397583e-10,
          1.5500006675720215
        ],
        [
          -1.0901063163260005e-08,
          1.0,
          -2.823120903716614e-11,
          0.0
        ],
        [
          -1.9499610259821054e-10,
          -5.4654517023244864e-11,
          1.0,
          1.6999996900558472
        ],
        [
          0.0,
          0.0,
          0.0,
          1.0
        ]
      ],
      "matrix_ego_from_sensor_bevfusion": [
        [
          2.2462574023052184e-09,
          2.351632777397583e-10,
          1.0,
          1.5500006675720215
        ],
        [
          -1.0,
          -2.823120903716614e-11,
          1.0901063163260005e-08,
          0.0
        ],
        [
          -5.4654517023244864e-11,
          -1.0,
          -1.9499610259821054e-10,
          1.6999996900558472
        ],
        [
          0.0,
          0.0,
          0.0,
          1.0
        ]
      ],
      "camera_intrinsics": [
        [
          685.5110473632812,
          0.0,
          480.0
        ],
        [
          0.0,
          685.5110473632812,
          270.0
        ],
        [
          0.0,
          0.0,
          1.0
        ]
      ],
      "data_path": "D:\\Agent-AI\\outputs\\s3a_left_v3\\sample_000031\\images\\CAM_FRONT.png",
      "raw_layout": "bgra8"
    },
    "CAM_FRONT_RIGHT": {
      "type_id": "sensor.camera.rgb",
      "blueprint_attributes": {
        "role_name": "front",
        "ros_name": "sensor.camera.rgb",
        "chromatic_aberration_offset": "0.0",
        "sensor_tick": "0.100000",
        "fstop": "1.4",
        "image_size_x": "960",
        "image_size_y": "540",
        "fov": "70.00",
        "lens_circle_falloff": "5.0",
        "lens_circle_multiplier": "0.0",
        "exposure_compensation": "0.0",
        "lens_y_size": "0.08",
        "lens_k": "-1.0",
        "exposure_mode": "histogram",
        "lens_kcube": "0.0",
        "lens_x_size": "0.08",
        "exposure_max_bright": "12.0",
        "shutter_speed": "200.0",
        "bloom_intensity": "0.675",
        "iso": "100.0",
        "enable_postprocess_effects": "false",
        "gamma": "2.2",
        "motion_blur_intensity": "0.0",
        "motion_blur_max_distortion": "0.35",
        "lens_flare_intensity": "0.1",
        "motion_blur_min_object_screen_size": "0.1",
        "exposure_min_bright": "10.0",
        "exposure_speed_up": "3.0",
        "exposure_speed_down": "1.0",
        "tint": "0.0",
        "calibration_constant": "16.0",
        "focal_distance": "1000.0",
        "min_fstop": "1.2",
        "blade_count": "5",
        "blur_amount": "0.0",
        "blur_radius": "0.0",
        "slope": "0.88",
        "toe": "0.55",
        "white_clip": "0.04",
        "shoulder": "0.26",
        "black_clip": "0.0",
        "temp": "6500.0",
        "chromatic_aberration_intensity": "0.0"
      },
      "transform_carla": {
        "location": {
          "x": 108.30770111083984,
          "y": -36.27082824707031,
          "z": 1.7023955583572388
        },
        "rotation": {
          "roll": 0.384644091129303,
          "pitch": 0.16372644901275635,
          "yaw": -50.18571472167969
        }
      },
      "matrix_world_from_sensor_carla": [
        [
          0.64029860496521,
          0.7681188583374023,
          0.0033269524574279785,
          108.30770111083984
        ],
        [
          -0.7681207656860352,
          0.6402720808982849,
          0.0064934175461530685,
          -36.27082824707031
        ],
        [
          0.0028575616888701916,
          -0.006713228300213814,
          0.9999734163284302,
          1.7023955583572388
        ],
        [
          0.0,
          0.0,
          0.0,
          1.0
        ]
      ],
      "matrix_world_from_sensor_bevfusion": [
        [
          0.7681188583374023,
          -0.0033269524574279785,
          0.64029860496521,
          108.30770111083984
        ],
        [
          -0.6402720808982849,
          0.0064934175461530685,
          0.7681207656860352,
          36.27082824707031
        ],
        [
          -0.006713228300213814,
          -0.9999734163284302,
          0.0028575616888701916,
          1.7023955583572388
        ],
        [
          0.0,
          0.0,
          0.0,
          1.0
        ]
      ],
      "matrix_ego_from_sensor_carla": [
        [
          0.5735766291618347,
          -0.8191518783569336,
          6.749755865342877e-09,
          1.3000001907348633
        ],
        [
          0.8191518783569336,
          0.5735765099525452,
          9.401409428733132e-09,
          0.5499954223632812
        ],
        [
          -1.2106378122211936e-08,
          -4.171997192159438e-10,
          1.0,
          1.6999999284744263
        ],
        [
          0.0,
          0.0,
          0.0,
          1.0
        ]
      ],
      "matrix_ego_from_sensor_bevfusion": [
        [
          -0.8191518783569336,
          -6.749755865342877e-09,
          0.5735766291618347,
          1.3000001907348633
        ],
        [
          -0.5735765099525452,
          9.401409428733132e-09,
          -0.8191518783569336,
          -0.5499954223632812
        ],
        [
          -4.171997192159438e-10,
          -1.0,
          -1.2106378122211936e-08,
          1.6999999284744263
        ],
        [
          0.0,
          0.0,
          0.0,
          1.0
        ]
      ],
      "camera_intrinsics": [
        [
          685.5110473632812,
          0.0,
          480.0
        ],
        [
          0.0,
          685.5110473632812,
          270.0
        ],
        [
          0.0,
          0.0,
          1.0
        ]
      ],
      "data_path": "D:\\Agent-AI\\outputs\\s3a_left_v3\\sample_000031\\images\\CAM_FRONT_RIGHT.png",
      "raw_layout": "bgra8"
    },
    "CAM_FRONT_LEFT": {
      "type_id": "sensor.camera.rgb",
      "blueprint_attributes": {
        "role_name": "front",
        "ros_name": "sensor.camera.rgb",
        "chromatic_aberration_offset": "0.0",
        "sensor_tick": "0.100000",
        "fstop": "1.4",
        "image_size_x": "960",
        "image_size_y": "540",
        "fov": "70.00",
        "lens_circle_falloff": "5.0",
        "lens_circle_multiplier": "0.0",
        "exposure_compensation": "0.0",
        "lens_y_size": "0.08",
        "lens_k": "-1.0",
        "exposure_mode": "histogram",
        "lens_kcube": "0.0",
        "lens_x_size": "0.08",
        "exposure_max_bright": "12.0",
        "shutter_speed": "200.0",
        "bloom_intensity": "0.675",
        "iso": "100.0",
        "enable_postprocess_effects": "false",
        "gamma": "2.2",
        "motion_blur_intensity": "0.0",
        "motion_blur_max_distortion": "0.35",
        "lens_flare_intensity": "0.1",
        "motion_blur_min_object_screen_size": "0.1",
        "exposure_min_bright": "10.0",
        "exposure_speed_up": "3.0",
        "exposure_speed_down": "1.0",
        "tint": "0.0",
        "calibration_constant": "16.0",
        "focal_distance": "1000.0",
        "min_fstop": "1.2",
        "blade_count": "5",
        "blur_amount": "0.0",
        "blur_radius": "0.0",
        "slope": "0.88",
        "toe": "0.55",
        "white_clip": "0.04",
        "shoulder": "0.26",
        "black_clip": "0.0",
        "temp": "6500.0",
        "chromatic_aberration_intensity": "0.0"
      },
      "transform_carla": {
        "location": {
          "x": 107.24612426757812,
          "y": -35.98267364501953,
          "z": 1.7040562629699707
        },
        "rotation": {
          "roll": -0.28541257977485657,
          "pitch": 0.3054528832435608,
          "yaw": -160.18699645996094
        }
      },
      "matrix_world_from_sensor_carla": [
        [
          -0.9407904744148254,
          0.3389723002910614,
          0.00332704558968544,
          107.24612426757812
        ],
        [
          -0.33894672989845276,
          -0.9407831430435181,
          0.006493464112281799,
          -35.98267364501953
        ],
        [
          0.005331133492290974,
          0.004981297999620438,
          0.9999734163284302,
          1.7040562629699707
        ],
        [
          0.0,
          0.0,
          0.0,
          1.0
        ]
      ],
      "matrix_world_from_sensor_bevfusion": [
        [
          0.3389723002910614,
          -0.00332704558968544,
          -0.9407904744148254,
          107.24612426757812
        ],
        [
          0.9407831430435181,
          0.006493464112281799,
          0.33894672989845276,
          35.98267364501953
        ],
        [
          0.004981297999620438,
          -0.9999734163284302,
          0.005331133492290974,
          1.7040562629699707
        ],
        [
          0.0,
          0.0,
          0.0,
          1.0
        ]
      ],
      "matrix_ego_from_sensor_carla": [
        [
          0.5735766887664795,
          0.8191518187522888,
          -6.263377372306422e-08,
          1.3000030517578125
        ],
        [
          -0.8191518187522888,
          0.5735766887664795,
          8.705043086365549e-08,
          -0.5499954223632812
        ],
        [
          1.075555857710242e-07,
          9.266909462013473e-10,
          1.0,
          1.6999998092651367
        ],
        [
          0.0,
          0.0,
          0.0,
          1.0
        ]
      ],
      "matrix_ego_from_sensor_bevfusion": [
        [
          0.8191518187522888,
          6.263377372306422e-08,
          0.5735766887664795,
          1.3000030517578125
        ],
        [
          -0.5735766887664795,
          8.705043086365549e-08,
          0.8191518187522888,
          0.5499954223632812
        ],
        [
          9.266909462013473e-10,
          -1.0,
          1.075555857710242e-07,
          1.6999998092651367
        ],
        [
          0.0,
          0.0,
          0.0,
          1.0
        ]
      ],
      "camera_intrinsics": [
        [
          685.5110473632812,
          0.0,
          480.0
        ],
        [
          0.0,
          685.5110473632812,
          270.0
        ],
        [
          0.0,
          0.0,
          1.0
        ]
      ],
      "data_path": "D:\\Agent-AI\\outputs\\s3a_left_v3\\sample_000031\\images\\CAM_FRONT_LEFT.png",
      "raw_layout": "bgra8"
    },
    "CAM_BACK": {
      "type_id": "sensor.camera.rgb",
      "blueprint_attributes": {
        "role_name": "front",
        "ros_name": "sensor.camera.rgb",
        "chromatic_aberration_offset": "0.0",
        "sensor_tick": "0.100000",
        "fstop": "1.4",
        "image_size_x": "960",
        "image_size_y": "540",
        "fov": "70.00",
        "lens_circle_falloff": "5.0",
        "lens_circle_multiplier": "0.0",
        "exposure_compensation": "0.0",
        "lens_y_size": "0.08",
        "lens_k": "-1.0",
        "exposure_mode": "histogram",
        "lens_kcube": "0.0",
        "lens_x_size": "0.08",
        "exposure_max_bright": "12.0",
        "shutter_speed": "200.0",
        "bloom_intensity": "0.675",
        "iso": "100.0",
        "enable_postprocess_effects": "false",
        "gamma": "2.2",
        "motion_blur_intensity": "0.0",
        "motion_blur_max_distortion": "0.35",
        "lens_flare_intensity": "0.1",
        "motion_blur_min_object_screen_size": "0.1",
        "exposure_min_bright": "10.0",
        "exposure_speed_up": "3.0",
        "exposure_speed_down": "1.0",
        "tint": "0.0",
        "calibration_constant": "16.0",
        "focal_distance": "1000.0",
        "min_fstop": "1.2",
        "blade_count": "5",
        "blur_amount": "0.0",
        "blur_radius": "0.0",
        "slope": "0.88",
        "toe": "0.55",
        "white_clip": "0.04",
        "shoulder": "0.26",
        "black_clip": "0.0",
        "temp": "6500.0",
        "chromatic_aberration_intensity": "0.0"
      },
      "transform_carla": {
        "location": {
          "x": 108.52345275878906,
          "y": -33.3763427734375,
          "z": 1.6828821897506714
        },
        "rotation": {
          "roll": -0.08650540560483932,
          "pitch": -0.4089916944503784,
          "yaw": 74.81404876708984
        }
      },
      "matrix_world_from_sensor_carla": [
        [
          0.261945903301239,
          -0.9650768637657166,
          0.0033269478008151054,
          108.52345275878906
        ],
        [
          0.9650561809539795,
          0.2619626820087433,
          0.00649342592805624,
          -33.3763427734375
        ],
        [
          -0.007138191256672144,
          0.001509765163064003,
          0.9999734163284302,
          1.6828821897506714
        ],
        [
          0.0,
          0.0,
          0.0,
          1.0
        ]
      ],
      "matrix_world_from_sensor_bevfusion": [
        [
          -0.9650768637657166,
          -0.0033269478008151054,
          0.261945903301239,
          108.52345275878906
        ],
        [
          -0.2619626820087433,
          0.00649342592805624,
          -0.9650561809539795,
          33.3763427734375
        ],
        [
          0.001509765163064003,
          -0.9999734163284302,
          -0.007138191256672144,
          1.6828821897506714
        ],
        [
          0.0,
          0.0,
          0.0,
          1.0
        ]
      ],
      "matrix_ego_from_sensor_carla": [
        [
          -1.0,
          -1.7584170564077795e-07,
          -2.351632777397583e-10,
          -1.5499951839447021
        ],
        [
          1.4572364648302027e-07,
          -0.9999999403953552,
          2.7657365286870572e-09,
          -7.62939453125e-06
        ],
        [
          1.9499610259821054e-10,
          2.8485787062493273e-09,
          1.0,
          1.6999999284744263
        ],
        [
          0.0,
          0.0,
          0.0,
          1.0
        ]
      ],
      "matrix_ego_from_sensor_bevfusion": [
        [
          -1.7584170564077795e-07,
          2.351632777397583e-10,
          -1.0,
          -1.5499951839447021
        ],
        [
          0.9999999403953552,
          2.7657365286870572e-09,
          -1.4572364648302027e-07,
          7.62939453125e-06
        ],
        [
          2.8485787062493273e-09,
          -1.0,
          1.9499610259821054e-10,
          1.6999999284744263
        ],
        [
          0.0,
          0.0,
          0.0,
          1.0
        ]
      ],
      "camera_intrinsics": [
        [
          685.5110473632812,
          0.0,
          480.0
        ],
        [
          0.0,
          685.5110473632812,
          270.0
        ],
        [
          0.0,
          0.0,
          1.0
        ]
      ],
      "data_path": "D:\\Agent-AI\\outputs\\s3a_left_v3\\sample_000031\\images\\CAM_BACK.png",
      "raw_layout": "bgra8"
    },
    "CAM_BACK_LEFT": {
      "type_id": "sensor.camera.rgb",
      "blueprint_attributes": {
        "role_name": "front",
        "ros_name": "sensor.camera.rgb",
        "chromatic_aberration_offset": "0.0",
        "sensor_tick": "0.100000",
        "fstop": "1.4",
        "image_size_x": "960",
        "image_size_y": "540",
        "fov": "70.00",
        "lens_circle_falloff": "5.0",
        "lens_circle_multiplier": "0.0",
        "exposure_compensation": "0.0",
        "lens_y_size": "0.08",
        "lens_k": "-1.0",
        "exposure_mode": "histogram",
        "lens_kcube": "0.0",
        "lens_x_size": "0.08",
        "exposure_max_bright": "12.0",
        "shutter_speed": "200.0",
        "bloom_intensity": "0.675",
        "iso": "100.0",
        "enable_postprocess_effects": "false",
        "gamma": "2.2",
        "motion_blur_intensity": "0.0",
        "motion_blur_max_distortion": "0.35",
        "lens_flare_intensity": "0.1",
        "motion_blur_min_object_screen_size": "0.1",
        "exposure_min_bright": "10.0",
        "exposure_speed_up": "3.0",
        "exposure_speed_down": "1.0",
        "tint": "0.0",
        "calibration_constant": "16.0",
        "focal_distance": "1000.0",
        "min_fstop": "1.2",
        "blade_count": "5",
        "blur_amount": "0.0",
        "blur_radius": "0.0",
        "slope": "0.88",
        "toe": "0.55",
        "white_clip": "0.04",
        "shoulder": "0.26",
        "black_clip": "0.0",
        "temp": "6500.0",
        "chromatic_aberration_intensity": "0.0"
      },
      "transform_carla": {
        "location": {
          "x": 107.92717742919922,
          "y": -33.47352600097656,
          "z": 1.6854969263076782
        },
        "rotation": {
          "roll": -0.3846440613269806,
          "pitch": -0.16372644901275635,
          "yaw": 129.81430053710938
        }
      },
      "matrix_world_from_sensor_carla": [
        [
          -0.6402988433837891,
          -0.768118679523468,
          0.0033269505947828293,
          107.92717742919922
        ],
        [
          0.7681205868721008,
          -0.640272319316864,
          0.006493418477475643,
          -33.47352600097656
        ],
        [
          -0.0028575616888701916,
          0.0067132278345525265,
          0.9999734163284302,
          1.6854969263076782
        ],
        [
          0.0,
          0.0,
          0.0,
          1.0
        ]
      ],
      "matrix_world_from_sensor_bevfusion": [
        [
          -0.768118679523468,
          -0.0033269505947828293,
          -0.6402988433837891,
          107.92717742919922
        ],
        [
          0.640272319316864,
          0.006493418477475643,
          -0.7681205868721008,
          33.47352600097656
        ],
        [
          0.0067132278345525265,
          -0.9999734163284302,
          -0.0028575616888701916,
          1.6854969263076782
        ],
        [
          0.0,
          0.0,
          0.0,
          1.0
        ]
      ],
      "matrix_ego_from_sensor_carla": [
        [
          -0.5735763311386108,
          0.8191520571708679,
          6.284094578035138e-09,
          -1.2999982833862305
        ],
        [
          -0.8191520571708679,
          -0.5735763311386108,
          7.305934079937515e-09,
          -0.5500106811523438
        ],
        [
          1.0243732972980979e-08,
          -9.797717082093982e-10,
          1.0,
          1.6999998092651367
        ],
        [
          0.0,
          0.0,
          0.0,
          1.0
        ]
      ],
      "matrix_ego_from_sensor_bevfusion": [
        [
          0.8191520571708679,
          -6.284094578035138e-09,
          -0.5735763311386108,
          -1.2999982833862305
        ],
        [
          0.5735763311386108,
          7.305934079937515e-09,
          0.8191520571708679,
          0.5500106811523438
        ],
        [
          -9.797717082093982e-10,
          -1.0,
          1.0243732972980979e-08,
          1.6999998092651367
        ],
        [
          0.0,
          0.0,
          0.0,
          1.0
        ]
      ],
      "camera_intrinsics": [
        [
          685.5110473632812,
          0.0,
          480.0
        ],
        [
          0.0,
          685.5110473632812,
          270.0
        ],
        [
          0.0,
          0.0,
          1.0
        ]
      ],
      "data_path": "D:\\Agent-AI\\outputs\\s3a_left_v3\\sample_000031\\images\\CAM_BACK_LEFT.png",
      "raw_layout": "bgra8"
    },
    "CAM_BACK_RIGHT": {
      "type_id": "sensor.camera.rgb",
      "blueprint_attributes": {
        "role_name": "front",
        "ros_name": "sensor.camera.rgb",
        "chromatic_aberration_offset": "0.0",
        "sensor_tick": "0.100000",
        "fstop": "1.4",
        "image_size_x": "960",
        "image_size_y": "540",
        "fov": "70.00",
        "lens_circle_falloff": "5.0",
        "lens_circle_multiplier": "0.0",
        "exposure_compensation": "0.0",
        "lens_y_size": "0.08",
        "lens_k": "-1.0",
        "exposure_mode": "histogram",
        "lens_kcube": "0.0",
        "lens_x_size": "0.08",
        "exposure_max_bright": "12.0",
        "shutter_speed": "200.0",
        "bloom_intensity": "0.675",
        "iso": "100.0",
        "enable_postprocess_effects": "false",
        "gamma": "2.2",
        "motion_blur_intensity": "0.0",
        "motion_blur_max_distortion": "0.35",
        "lens_flare_intensity": "0.1",
        "motion_blur_min_object_screen_size": "0.1",
        "exposure_min_bright": "10.0",
        "exposure_speed_up": "3.0",
        "exposure_speed_down": "1.0",
        "tint": "0.0",
        "calibration_constant": "16.0",
        "focal_distance": "1000.0",
        "min_fstop": "1.2",
        "blade_count": "5",
        "blur_amount": "0.0",
        "blur_radius": "0.0",
        "slope": "0.88",
        "toe": "0.55",
        "white_clip": "0.04",
        "shoulder": "0.26",
        "black_clip": "0.0",
        "temp": "6500.0",
        "chromatic_aberration_intensity": "0.0"
      },
      "transform_carla": {
        "location": {
          "x": 108.98875427246094,
          "y": -33.76168441772461,
          "z": 1.6838362216949463
        },
        "rotation": {
          "roll": 0.28541260957717896,
          "pitch": -0.3054528832435608,
          "yaw": 19.812984466552734
        }
      },
      "matrix_world_from_sensor_carla": [
        [
          0.9407906532287598,
          -0.338971883058548,
          0.003327048383653164,
          108.98875427246094
        ],
        [
          0.33894631266593933,
          0.9407833218574524,
          0.006493463180959225,
          -33.76168441772461
        ],
        [
          -0.005331133492290974,
          -0.004981298465281725,
          0.9999734163284302,
          1.6838362216949463
        ],
        [
          0.0,
          0.0,
          0.0,
          1.0
        ]
      ],
      "matrix_world_from_sensor_bevfusion": [
        [
          -0.338971883058548,
          -0.003327048383653164,
          0.9407906532287598,
          108.98875427246094
        ],
        [
          -0.9407833218574524,
          0.006493463180959225,
          -0.33894631266593933,
          33.76168441772461
        ],
        [
          -0.004981298465281725,
          -0.9999734163284302,
          -0.005331133492290974,
          1.6838362216949463
        ],
        [
          0.0,
          0.0,
          0.0,
          1.0
        ]
      ],
      "matrix_ego_from_sensor_carla": [
        [
          -0.5735763311386108,
          -0.8191521167755127,
          -6.216811243575648e-08,
          -1.299997329711914
        ],
        [
          0.8191520571708679,
          -0.5735763311386108,
          9.00772292311558e-08,
          0.54998779296875
        ],
        [
          -1.0941823092025516e-07,
          9.359666375274855e-10,
          1.0,
          1.6999998092651367
        ],
        [
          0.0,
          0.0,
          0.0,
          1.0
        ]
      ],
      "matrix_ego_from_sensor_bevfusion": [
        [
          -0.8191521167755127,
          6.216811243575648e-08,
          -0.5735763311386108,
          -1.299997329711914
        ],
        [
          0.5735763311386108,
          9.00772292311558e-08,
          -0.8191520571708679,
          -0.54998779296875
        ],
        [
          9.359666375274855e-10,
          -1.0,
          -1.0941823092025516e-07,
          1.6999998092651367
        ],
        [
          0.0,
          0.0,
          0.0,
          1.0
        ]
      ],
      "camera_intrinsics": [
        [
          685.5110473632812,
          0.0,
          480.0
        ],
        [
          0.0,
          685.5110473632812,
          270.0
        ],
        [
          0.0,
          0.0,
          1.0
        ]
      ],
      "data_path": "D:\\Agent-AI\\outputs\\s3a_left_v3\\sample_000031\\images\\CAM_BACK_RIGHT.png",
      "raw_layout": "bgra8"
    },
    "LIDAR_TOP": {
      "type_id": "sensor.lidar.ray_cast",
      "blueprint_attributes": {
        "atmosphere_attenuation_rate": "0.004",
        "role_name": "front",
        "noise_seed": "0",
        "upper_fov": "10.0",
        "ros_name": "sensor.lidar.ray_cast",
        "sensor_tick": "0.100000",
        "channels": "32",
        "range": "120.0",
        "points_per_second": "360000",
        "lower_fov": "-30.0",
        "rotation_frequency": "10.000000",
        "horizontal_fov": "360.0",
        "dropoff_general_rate": "0.0",
        "dropoff_intensity_limit": "1.0",
        "noise_stddev": "0.0",
        "dropoff_zero_intensity": "0.0"
      },
      "transform_carla": {
        "location": {
          "x": 108.11910247802734,
          "y": -34.86893081665039,
          "z": 2.1939330101013184
        },
        "rotation": {
          "roll": 0.08650531619787216,
          "pitch": 0.4089916944503784,
          "yaw": -105.18594360351562
        }
      },
      "matrix_world_from_sensor_carla": [
        [
          -0.2619457542896271,
          0.9650769233703613,
          0.0033269452396780252,
          108.11910247802734
        ],
        [
          -0.9650562405586243,
          -0.26196253299713135,
          0.006493426859378815,
          -34.86893081665039
        ],
        [
          0.007138191256672144,
          -0.0015097635332494974,
          0.9999734163284302,
          2.1939330101013184
        ],
        [
          0.0,
          0.0,
          0.0,
          1.0
        ]
      ],
      "matrix_world_from_sensor_bevfusion": [
        [
          -0.2619457542896271,
          -0.9650769233703613,
          0.0033269452396780252,
          108.11910247802734
        ],
        [
          0.9650562405586243,
          -0.26196253299713135,
          -0.006493426859378815,
          34.86893081665039
        ],
        [
          0.007138191256672144,
          0.0015097635332494974,
          0.9999734163284302,
          2.1939330101013184
        ],
        [
          0.0,
          0.0,
          0.0,
          1.0
        ]
      ],
      "matrix_ego_from_sensor_carla": [
        [
          1.0,
          2.2462574023052184e-09,
          -2.351632777397583e-10,
          1.430511474609375e-06
        ],
        [
          -1.0901063163260005e-08,
          1.0,
          -2.823120903716614e-11,
          0.0
        ],
        [
          -1.9499610259821054e-10,
          -5.4654517023244864e-11,
          1.0,
          2.200000047683716
        ],
        [
          0.0,
          0.0,
          0.0,
          1.0
        ]
      ],
      "matrix_ego_from_sensor_bevfusion": [
        [
          1.0,
          -2.2462574023052184e-09,
          -2.351632777397583e-10,
          1.430511474609375e-06
        ],
        [
          1.0901063163260005e-08,
          1.0,
          2.823120903716614e-11,
          0.0
        ],
        [
          -1.9499610259821054e-10,
          5.4654517023244864e-11,
          1.0,
          2.200000047683716
        ],
        [
          0.0,
          0.0,
          0.0,
          1.0
        ]
      ],
      "data_path": "D:\\Agent-AI\\outputs\\s3a_left_v3\\sample_000031\\lidar\\LIDAR_TOP.npy",
      "raw_layout": [
        "x",
        "y",
        "z",
        "intensity"
      ]
    },
    "RADAR_FRONT": {
      "type_id": "sensor.other.radar",
      "blueprint_attributes": {
        "sensor_tick": "0.100000",
        "role_name": "default",
        "noise_seed": "0",
        "ros_name": "sensor.other.radar",
        "horizontal_fov": "35.0",
        "points_per_second": "1500",
        "vertical_fov": "20.0",
        "range": "120.0"
      },
      "transform_carla": {
        "location": {
          "x": 107.59088897705078,
          "y": -36.8074836730957,
          "z": 0.9082440137863159
        },
        "rotation": {
          "roll": 0.08650531619787216,
          "pitch": 0.4089916944503784,
          "yaw": -105.18594360351562
        }
      },
      "matrix_world_from_sensor_carla": [
        [
          -0.2619457542896271,
          0.9650769233703613,
          0.0033269452396780252,
          107.59088897705078
        ],
        [
          -0.9650562405586243,
          -0.26196253299713135,
          0.006493426859378815,
          -36.8074836730957
        ],
        [
          0.007138191256672144,
          -0.0015097635332494974,
          0.9999734163284302,
          0.9082440137863159
        ],
        [
          0.0,
          0.0,
          0.0,
          1.0
        ]
      ],
      "matrix_world_from_sensor_bevfusion": [
        [
          -0.2619457542896271,
          -0.9650769233703613,
          0.0033269452396780252,
          107.59088897705078
        ],
        [
          0.9650562405586243,
          -0.26196253299713135,
          -0.006493426859378815,
          36.8074836730957
        ],
        [
          0.007138191256672144,
          0.0015097635332494974,
          0.9999734163284302,
          0.9082440137863159
        ],
        [
          0.0,
          0.0,
          0.0,
          1.0
        ]
      ],
      "matrix_ego_from_sensor_carla": [
        [
          1.0,
          2.2462574023052184e-09,
          -2.351632777397583e-10,
          1.9999990463256836
        ],
        [
          -1.0901063163260005e-08,
          1.0,
          -2.823120903716614e-11,
          0.0
        ],
        [
          -1.9499610259821054e-10,
          -5.4654517023244864e-11,
          1.0,
          0.9000000357627869
        ],
        [
          0.0,
          0.0,
          0.0,
          1.0
        ]
      ],
      "matrix_ego_from_sensor_bevfusion": [
        [
          1.0,
          -2.2462574023052184e-09,
          -2.351632777397583e-10,
          1.9999990463256836
        ],
        [
          1.0901063163260005e-08,
          1.0,
          2.823120903716614e-11,
          0.0
        ],
        [
          -1.9499610259821054e-10,
          5.4654517023244864e-11,
          1.0,
          0.9000000357627869
        ],
        [
          0.0,
          0.0,
          0.0,
          1.0
        ]
      ],
      "data_path": "D:\\Agent-AI\\outputs\\s3a_left_v3\\sample_000031\\radar\\RADAR_FRONT.npy",
      "raw_layout": [
        "velocity",
        "altitude",
        "azimuth",
        "depth"
      ]
    },
    "RADAR_FRONT_LEFT": {
      "type_id": "sensor.other.radar",
      "blueprint_attributes": {
        "sensor_tick": "0.100000",
        "role_name": "default",
        "noise_seed": "0",
        "ros_name": "sensor.other.radar",
        "horizontal_fov": "35.0",
        "points_per_second": "1500",
        "vertical_fov": "20.0",
        "range": "120.0"
      },
      "transform_carla": {
        "location": {
          "x": 106.95875549316406,
          "y": -36.27324295043945,
          "z": 0.906877875328064
        },
        "rotation": {
          "roll": -0.2280362844467163,
          "pitch": 0.3503613770008087,
          "yaw": -150.1869354248047
        }
      },
      "matrix_world_from_sensor_carla": [
        [
          -0.8676359057426453,
          0.4971889555454254,
          0.003326852573081851,
          106.95875549316406
        ],
        [
          -0.49716246128082275,
          -0.8676331639289856,
          0.006493374239653349,
          -36.27324295043945
        ],
        [
          0.006114921532571316,
          0.003979898523539305,
          0.9999733567237854,
          0.906877875328064
        ],
        [
          0.0,
          0.0,
          0.0,
          1.0
        ]
      ],
      "matrix_world_from_sensor_bevfusion": [
        [
          -0.8676359057426453,
          -0.4971889555454254,
          0.003326852573081851,
          106.95875549316406
        ],
        [
          0.49716246128082275,
          -0.8676331639289856,
          -0.006493374239653349,
          36.27324295043945
        ],
        [
          0.006114921532571316,
          -0.003979898523539305,
          0.9999733567237854,
          0.906877875328064
        ],
        [
          0.0,
          0.0,
          0.0,
          1.0
        ]
      ],
      "matrix_ego_from_sensor_carla": [
        [
          0.7071068286895752,
          0.7071066498756409,
          7.431083304254571e-08,
          1.6500015258789062
        ],
        [
          -0.7071065902709961,
          0.70710688829422,
          -7.549178349108843e-08,
          -0.7500076293945312
        ],
        [
          -1.0657652893542036e-07,
          1.3323783742968942e-10,
          0.9999999403953552,
          0.8999999165534973
        ],
        [
          0.0,
          0.0,
          0.0,
          1.0
        ]
      ],
      "matrix_ego_from_sensor_bevfusion": [
        [
          0.7071068286895752,
          -0.7071066498756409,
          7.431083304254571e-08,
          1.6500015258789062
        ],
        [
          0.7071065902709961,
          0.70710688829422,
          7.549178349108843e-08,
          0.7500076293945312
        ],
        [
          -1.0657652893542036e-07,
          -1.3323783742968942e-10,
          0.9999999403953552,
          0.8999999165534973
        ],
        [
          0.0,
          0.0,
          0.0,
          1.0
        ]
      ],
      "data_path": "D:\\Agent-AI\\outputs\\s3a_left_v3\\sample_000031\\radar\\RADAR_FRONT_LEFT.npy",
      "raw_layout": [
        "velocity",
        "altitude",
        "azimuth",
        "depth"
      ]
    },
    "RADAR_FRONT_RIGHT": {
      "type_id": "sensor.other.radar",
      "blueprint_attributes": {
        "sensor_tick": "0.100000",
        "role_name": "default",
        "noise_seed": "0",
        "ros_name": "sensor.other.radar",
        "horizontal_fov": "35.0",
        "points_per_second": "1500",
