{
  "schema_version": "stage1.v1",
  "sample_name": "sample_000016",
  "sequence_index": 16,
  "previous_sample_name": "sample_000015",
  "frame_id": 726289,
  "timestamp": 4998.7946247421205,
  "platform_timestamp": 16813372.6530553,
  "delta_seconds": 0.10000000149011612,
  "town": "Carla/Maps/Town10HD_Opt",
  "weather": {
    "cloudiness": 20.0,
    "dust_storm": 0.0,
    "fog_density": 2.0,
    "fog_distance": 0.75,
    "fog_falloff": 0.10000000149011612,
    "mie_scattering_scale": 0.029999999329447746,
    "precipitation": 0.0,
    "precipitation_deposits": 0.0,
    "rayleigh_scattering_scale": 0.03310000151395798,
    "scattering_intensity": 1.0,
    "sun_altitude_angle": 45.0,
    "sun_azimuth_angle": 300.0,
    "wetness": 0.0,
    "wind_intensity": 10.0
  },
  "sensor_names": [
    "CAM_FRONT",
    "CAM_FRONT_RIGHT",
    "CAM_FRONT_LEFT",
    "CAM_BACK",
    "CAM_BACK_LEFT",
    "CAM_BACK_RIGHT",
    "LIDAR_TOP",
    "RADAR_FRONT",
    "RADAR_FRONT_LEFT",
    "RADAR_FRONT_RIGHT",
    "RADAR_BACK_LEFT",
    "RADAR_BACK_RIGHT"
  ],
  "camera_order_for_model": [
    "CAM_FRONT",
    "CAM_FRONT_RIGHT",
    "CAM_FRONT_LEFT",
    "CAM_BACK",
    "CAM_BACK_LEFT",
    "CAM_BACK_RIGHT"
  ],
  "radar_order_for_model": [
    "RADAR_FRONT",
    "RADAR_FRONT_LEFT",
    "RADAR_FRONT_RIGHT",
    "RADAR_BACK_LEFT",
    "RADAR_BACK_RIGHT"
  ],
  "coordinate_notes": {
    "carla_world": "left-handed x-forward y-right z-up",
    "bevfusion_lidar": "x-forward y-left z-up",
    "camera_frame_for_model": "OpenCV style x-right y-down z-forward"
  },
  "ego": {
    "actor_id": 49,
    "transform_carla": {
      "location": {
        "x": 105.44607543945312,
        "y": -31.17916488647461,
        "z": -0.00338542927056551
      },
      "rotation": {
        "roll": 0.5573710203170776,
        "pitch": -0.2546704113483429,
        "yaw": -100.64872741699219
      }
    },
    "velocity_carla": [
      -1.4883354902267456,
      -6.704814910888672,
      -0.00011757850734284148
    ],
    "angular_velocity_carla": [
      1.1594468355178833,
      0.7490836977958679,
      -13.113302230834961
    ],
    "matrix_world_from_ego_carla": [
      [
        -0.18478535115718842,
        0.982740044593811,
        0.008738971315324306,
        105.44607543945312
      ],
      [
        -0.9827688336372375,
        -0.18473593890666962,
        -0.006165643222630024,
        -31.17916488647461
      ],
      [
        -0.004444822669029236,
        -0.00972770992666483,
        0.9999427795410156,
        -0.00338542927056551
      ],
      [
        0.0,
        0.0,
        0.0,
        1.0
      ]
    ],
    "matrix_world_from_ego_bevfusion": [
      [
        -0.18478535115718842,
        -0.982740044593811,
        0.008738971315324306,
        105.44607543945312
      ],
      [
        0.9827688336372375,
        -0.18473593890666962,
        0.006165643222630024,
        31.17916488647461
      ],
      [
        -0.004444822669029236,
        0.00972770992666483,
        0.9999427795410156,
        -0.00338542927056551
      ],
      [
        0.0,
        0.0,
        0.0,
        1.0
      ]
    ]
  },
  "sensors": {
    "CAM_FRONT": {
      "type_id": "sensor.camera.rgb",
      "blueprint_attributes": {
        "role_name": "front",
        "ros_name": "sensor.camera.rgb",
        "chromatic_aberration_offset": "0.0",
        "sensor_tick": "0.100000",
        "fstop": "1.4",
        "image_size_x": "960",
        "image_size_y": "540",
        "fov": "70.00",
        "lens_circle_falloff": "5.0",
        "lens_circle_multiplier": "0.0",
        "exposure_compensation": "0.0",
        "lens_y_size": "0.08",
        "lens_k": "-1.0",
        "exposure_mode": "histogram",
        "lens_kcube": "0.0",
        "lens_x_size": "0.08",
        "exposure_max_bright": "12.0",
        "shutter_speed": "200.0",
        "bloom_intensity": "0.675",
        "iso": "100.0",
        "enable_postprocess_effects": "false",
        "gamma": "2.2",
        "motion_blur_intensity": "0.0",
        "motion_blur_max_distortion": "0.35",
        "lens_flare_intensity": "0.1",
        "motion_blur_min_object_screen_size": "0.1",
        "exposure_min_bright": "10.0",
        "exposure_speed_up": "3.0",
        "exposure_speed_down": "1.0",
        "tint": "0.0",
        "calibration_constant": "16.0",
        "focal_distance": "1000.0",
        "min_fstop": "1.2",
        "blade_count": "5",
        "blur_amount": "0.0",
        "blur_radius": "0.0",
        "slope": "0.88",
        "toe": "0.55",
        "white_clip": "0.04",
        "shoulder": "0.26",
        "black_clip": "0.0",
        "temp": "6500.0",
        "chromatic_aberration_intensity": "0.0"
      },
      "transform_carla": {
        "location": {
          "x": 105.17450714111328,
          "y": -32.71294021606445,
          "z": 1.689627766609192
        },
        "rotation": {
          "roll": 0.5573710203170776,
          "pitch": -0.2546704113483429,
          "yaw": -100.64872741699219
        }
      },
      "matrix_world_from_sensor_carla": [
        [
          -0.18478535115718842,
          0.982740044593811,
          0.008738971315324306,
          105.17450714111328
        ],
        [
          -0.9827688336372375,
          -0.18473593890666962,
          -0.006165643222630024,
          -32.71294021606445
        ],
        [
          -0.004444822669029236,
          -0.00972770992666483,
          0.9999427795410156,
          1.689627766609192
        ],
        [
          0.0,
          0.0,
          0.0,
          1.0
        ]
      ],
      "matrix_world_from_sensor_bevfusion": [
        [
          0.982740044593811,
          -0.008738971315324306,
          -0.18478535115718842,
          105.17450714111328
        ],
        [
          0.18473593890666962,
          -0.006165643222630024,
          0.9827688336372375,
          32.71294021606445
        ],
        [
          -0.00972770992666483,
          -0.9999427795410156,
          -0.004444822669029236,
          1.689627766609192
        ],
        [
          0.0,
          0.0,
          0.0,
          1.0
        ]
      ],
      "matrix_ego_from_sensor_carla": [
        [
          1.0,
          5.9480482761387066e-09,
          8.37303559819702e-11,
          1.5500059127807617
        ],
        [
          -5.0641135729279085e-09,
          1.0,
          -3.0687274943375087e-10,
          0.0
        ],
        [
          -1.8120172029512105e-10,
          4.463313052482931e-11,
          1.0,
          1.6999998092651367
        ],
        [
          0.0,
          0.0,
          0.0,
          1.0
        ]
      ],
      "matrix_ego_from_sensor_bevfusion": [
        [
          5.9480482761387066e-09,
          -8.37303559819702e-11,
          1.0,
          1.5500059127807617
        ],
        [
          -1.0,
          -3.0687274943375087e-10,
          5.0641135729279085e-09,
          0.0
        ],
        [
          4.463313052482931e-11,
          -1.0,
          -1.8120172029512105e-10,
          1.6999998092651367
        ],
        [
          0.0,
          0.0,
          0.0,
          1.0
        ]
      ],
      "camera_intrinsics": [
        [
          685.5110473632812,
          0.0,
          480.0
        ],
        [
          0.0,
          685.5110473632812,
          270.0
        ],
        [
          0.0,
          0.0,
          1.0
        ]
      ],
      "data_path": "D:\\Agent-AI\\outputs\\s3a_ml_long_v1\\sample_000016\\images\\CAM_FRONT.png",
      "raw_layout": "bgra8"
    },
    "CAM_FRONT_RIGHT": {
      "type_id": "sensor.camera.rgb",
      "blueprint_attributes": {
        "role_name": "front",
        "ros_name": "sensor.camera.rgb",
        "chromatic_aberration_offset": "0.0",
        "sensor_tick": "0.100000",
        "fstop": "1.4",
        "image_size_x": "960",
        "image_size_y": "540",
        "fov": "70.00",
        "lens_circle_falloff": "5.0",
        "lens_circle_multiplier": "0.0",
        "exposure_compensation": "0.0",
        "lens_y_size": "0.08",
        "lens_k": "-1.0",
        "exposure_mode": "histogram",
        "lens_kcube": "0.0",
        "lens_x_size": "0.08",
        "exposure_max_bright": "12.0",
        "shutter_speed": "200.0",
        "bloom_intensity": "0.675",
        "iso": "100.0",
        "enable_postprocess_effects": "false",
        "gamma": "2.2",
        "motion_blur_intensity": "0.0",
        "motion_blur_max_distortion": "0.35",
        "lens_flare_intensity": "0.1",
        "motion_blur_min_object_screen_size": "0.1",
        "exposure_min_bright": "10.0",
        "exposure_speed_up": "3.0",
        "exposure_speed_down": "1.0",
        "tint": "0.0",
        "calibration_constant": "16.0",
        "focal_distance": "1000.0",
        "min_fstop": "1.2",
        "blade_count": "5",
        "blur_amount": "0.0",
        "blur_radius": "0.0",
        "slope": "0.88",
        "toe": "0.55",
        "white_clip": "0.04",
        "shoulder": "0.26",
        "black_clip": "0.0",
        "temp": "6500.0",
        "chromatic_aberration_intensity": "0.0"
      },
      "transform_carla": {
        "location": {
          "x": 105.76121520996094,
          "y": -32.56884765625,
          "z": 1.6853888034820557
        },
        "rotation": {
          "roll": 0.11108077317476273,
          "pitch": -0.602641224861145,
          "yaw": -45.64808654785156
        }
      },
      "matrix_world_from_sensor_carla": [
        [
          0.6990247964859009,
          0.7150440216064453,
          0.008738954551517963,
          105.76121520996094
        ],
        [
          -0.7150200605392456,
          0.699076771736145,
          -0.006165605038404465,
          -32.56884765625
        ],
        [
          -0.010517879389226437,
          -0.00193861685693264,
          0.9999427795410156,
          1.6853888034820557
        ],
        [
          0.0,
          0.0,
          0.0,
          1.0
        ]
      ],
      "matrix_world_from_sensor_bevfusion": [
        [
          0.7150440216064453,
          -0.008738954551517963,
          0.6990247964859009,
          105.76121520996094
        ],
        [
          -0.699076771736145,
          -0.006165605038404465,
          0.7150200605392456,
          32.56884765625
        ],
        [
          -0.00193861685693264,
          -0.9999427795410156,
          -0.010517879389226437,
          1.6853888034820557
        ],
        [
          0.0,
          0.0,
          0.0,
          1.0
        ]
      ],
      "matrix_ego_from_sensor_carla": [
        [
          0.5735766887664795,
          -0.8191519379615784,
          -3.4375204904790735e-08,
          1.2999992370605469
        ],
        [
          0.8191519379615784,
          0.5735766291618347,
          -2.4521259689436192e-08,
          0.5500030517578125
        ],
        [
          3.962345829222613e-08,
          -1.4566305495122833e-08,
          1.0,
          1.7000000476837158
        ],
        [
          0.0,
          0.0,
          0.0,
          1.0
        ]
      ],
      "matrix_ego_from_sensor_bevfusion": [
        [
          -0.8191519379615784,
          3.4375204904790735e-08,
          0.5735766887664795,
          1.2999992370605469
        ],
        [
          -0.5735766291618347,
          -2.4521259689436192e-08,
          -0.8191519379615784,
          -0.5500030517578125
        ],
        [
          -1.4566305495122833e-08,
          -1.0,
          3.962345829222613e-08,
          1.7000000476837158
        ],
        [
          0.0,
          0.0,
          0.0,
          1.0
        ]
      ],
      "camera_intrinsics": [
        [
          685.5110473632812,
          0.0,
          480.0
        ],
        [
          0.0,
          685.5110473632812,
          270.0
        ],
        [
          0.0,
          0.0,
          1.0
        ]
      ],
      "data_path": "D:\\Agent-AI\\outputs\\s3a_ml_long_v1\\sample_000016\\images\\CAM_FRONT_RIGHT.png",
      "raw_layout": "bgra8"
    },
    "CAM_FRONT_LEFT": {
      "type_id": "sensor.camera.rgb",
      "blueprint_attributes": {
        "role_name": "front",
        "ros_name": "sensor.camera.rgb",
        "chromatic_aberration_offset": "0.0",
        "sensor_tick": "0.100000",
        "fstop": "1.4",
        "image_size_x": "960",
        "image_size_y": "540",
        "fov": "70.00",
        "lens_circle_falloff": "5.0",
        "lens_circle_multiplier": "0.0",
        "exposure_compensation": "0.0",
        "lens_y_size": "0.08",
        "lens_k": "-1.0",
        "exposure_mode": "histogram",
        "lens_kcube": "0.0",
        "lens_x_size": "0.08",
        "exposure_max_bright": "12.0",
        "shutter_speed": "200.0",
        "bloom_intensity": "0.675",
        "iso": "100.0",
        "enable_postprocess_effects": "false",
        "gamma": "2.2",
        "motion_blur_intensity": "0.0",
        "motion_blur_max_distortion": "0.35",
        "lens_flare_intensity": "0.1",
        "motion_blur_min_object_screen_size": "0.1",
        "exposure_min_bright": "10.0",
        "exposure_speed_up": "3.0",
        "exposure_speed_down": "1.0",
        "tint": "0.0",
        "calibration_constant": "16.0",
        "focal_distance": "1000.0",
        "min_fstop": "1.2",
        "blade_count": "5",
        "blur_amount": "0.0",
        "blur_radius": "0.0",
        "slope": "0.88",
        "toe": "0.55",
        "white_clip": "0.04",
        "shoulder": "0.26",
        "black_clip": "0.0",
        "temp": "6500.0",
        "chromatic_aberration_intensity": "0.0"
      },
      "transform_carla": {
        "location": {
          "x": 104.68020629882812,
          "y": -32.36564254760742,
          "z": 1.696089267730713
        },
        "rotation": {
          "roll": 0.5283140540122986,
          "pitch": 0.31048673391342163,
          "yaw": -155.64605712890625
        }
      },
      "matrix_world_from_sensor_carla": [
        [
          -0.9110020399093628,
          0.41230931878089905,
          0.008738930337131023,
          104.68020629882812
        ],
        [
          -0.4123663008213043,
          -0.9109972715377808,
          -0.006165643222630024,
          -32.36564254760742
        ],
        [
          0.0054189893417060375,
          -0.009220554493367672,
          0.9999428391456604,
          1.696089267730713
        ],
        [
          0.0,
          0.0,
          0.0,
          1.0
        ]
      ],
      "matrix_world_from_sensor_bevfusion": [
        [
          0.41230931878089905,
          -0.008738930337131023,
          -0.9110020399093628,
          104.68020629882812
        ],
        [
          0.9109972715377808,
          -0.006165643222630024,
          0.4123663008213043,
          32.36564254760742
        ],
        [
          -0.009220554493367672,
          -0.9999428391456604,
          0.0054189893417060375,
          1.696089267730713
        ],
        [
          0.0,
          0.0,
          0.0,
          1.0
        ]
      ],
      "matrix_ego_from_sensor_carla": [
        [
          0.5735765099525452,
          0.8191520571708679,
          7.269378876628707e-09,
          1.3000030517578125
        ],
        [
          -0.8191519975662231,
          0.5735765099525452,
          -4.0933560541134284e-08,
          -0.5500030517578125
        ],
        [
          -3.8739191410286367e-08,
          1.6690002269115212e-08,
          1.0000001192092896,
          1.7000000476837158
        ],
        [
          0.0,
          0.0,
          0.0,
          1.0
        ]
      ],
      "matrix_ego_from_sensor_bevfusion": [
        [
          0.8191520571708679,
          -7.269378876628707e-09,
          0.5735765099525452,
          1.3000030517578125
        ],
        [
          -0.5735765099525452,
          -4.0933560541134284e-08,
          0.8191519975662231,
          0.5500030517578125
        ],
        [
          1.6690002269115212e-08,
          -1.0000001192092896,
          -3.8739191410286367e-08,
          1.7000000476837158
        ],
        [
          0.0,
          0.0,
          0.0,
          1.0
        ]
      ],
      "camera_intrinsics": [
        [
          685.5110473632812,
          0.0,
          480.0
        ],
        [
          0.0,
          685.5110473632812,
          270.0
        ],
        [
          0.0,
          0.0,
          1.0
        ]
      ],
      "data_path": "D:\\Agent-AI\\outputs\\s3a_ml_long_v1\\sample_000016\\images\\CAM_FRONT_LEFT.png",
      "raw_layout": "bgra8"
    },
    "CAM_BACK": {
      "type_id": "sensor.camera.rgb",
      "blueprint_attributes": {
        "role_name": "front",
        "ros_name": "sensor.camera.rgb",
        "chromatic_aberration_offset": "0.0",
        "sensor_tick": "0.100000",
        "fstop": "1.4",
        "image_size_x": "960",
        "image_size_y": "540",
        "fov": "70.00",
        "lens_circle_falloff": "5.0",
        "lens_circle_multiplier": "0.0",
        "exposure_compensation": "0.0",
        "lens_y_size": "0.08",
        "lens_k": "-1.0",
        "exposure_mode": "histogram",
        "lens_kcube": "0.0",
        "lens_x_size": "0.08",
        "exposure_max_bright": "12.0",
        "shutter_speed": "200.0",
        "bloom_intensity": "0.675",
        "iso": "100.0",
        "enable_postprocess_effects": "false",
        "gamma": "2.2",
        "motion_blur_intensity": "0.0",
        "motion_blur_max_distortion": "0.35",
        "lens_flare_intensity": "0.1",
        "motion_blur_min_object_screen_size": "0.1",
        "exposure_min_bright": "10.0",
        "exposure_speed_up": "3.0",
        "exposure_speed_down": "1.0",
        "tint": "0.0",
        "calibration_constant": "16.0",
        "focal_distance": "1000.0",
        "min_fstop": "1.2",
        "blade_count": "5",
        "blur_amount": "0.0",
        "blur_radius": "0.0",
        "slope": "0.88",
        "toe": "0.55",
        "white_clip": "0.04",
        "shoulder": "0.26",
        "black_clip": "0.0",
        "temp": "6500.0",
        "chromatic_aberration_intensity": "0.0"
      },
      "transform_carla": {
        "location": {
          "x": 105.74734497070312,
          "y": -29.66635513305664,
          "z": 1.703406810760498
        },
        "rotation": {
          "roll": -0.5573707818984985,
          "pitch": 0.2546704113483429,
          "yaw": 79.3512954711914
        }
      },
      "matrix_world_from_sensor_carla": [
        [
          0.18478503823280334,
          -0.9827401041984558,
          0.008738968521356583,
          105.74734497070312
        ],
        [
          0.9827688932418823,
          0.18473562598228455,
          -0.006165639963001013,
          -29.66635513305664
        ],
        [
          0.004444822669029236,
          0.009727705270051956,
          0.9999427795410156,
          1.703406810760498
        ],
        [
          0.0,
          0.0,
          0.0,
          1.0
        ]
      ],
      "matrix_world_from_sensor_bevfusion": [
        [
          -0.9827401041984558,
          -0.008738968521356583,
          0.18478503823280334,
          105.74734497070312
        ],
        [
          -0.18473562598228455,
          -0.006165639963001013,
          -0.9827688932418823,
          29.66635513305664
        ],
        [
          0.009727705270051956,
          -0.9999427795410156,
          0.004444822669029236,
          1.703406810760498
        ],
        [
          0.0,
          0.0,
          0.0,
          1.0
        ]
      ],
      "matrix_ego_from_sensor_carla": [
        [
          -1.0,
          3.1650671417082776e-07,
          -2.7102373678644653e-09,
          -1.5499963760375977
        ],
        [
          -3.1887242357697687e-07,
          -1.0,
          -4.032163047895665e-09,
          -7.62939453125e-06
        ],
        [
          -3.0784272908590538e-09,
          -2.838334678401111e-09,
          1.0,
          1.7000000476837158
        ],
        [
          0.0,
          0.0,
          0.0,
          1.0
        ]
      ],
      "matrix_ego_from_sensor_bevfusion": [
        [
          3.1650671417082776e-07,
          2.7102373678644653e-09,
          -1.0,
          -1.5499963760375977
        ],
        [
          1.0,
          -4.032163047895665e-09,
          3.1887242357697687e-07,
          7.62939453125e-06
        ],
        [
          -2.838334678401111e-09,
          -1.0,
          -3.0784272908590538e-09,
          1.7000000476837158
        ],
        [
          0.0,
          0.0,
          0.0,
          1.0
        ]
      ],
      "camera_intrinsics": [
        [
          685.5110473632812,
          0.0,
          480.0
        ],
        [
          0.0,
          685.5110473632812,
          270.0
        ],
        [
          0.0,
          0.0,
          1.0
        ]
      ],
      "data_path": "D:\\Agent-AI\\outputs\\s3a_ml_long_v1\\sample_000016\\images\\CAM_BACK.png",
      "raw_layout": "bgra8"
    },
    "CAM_BACK_LEFT": {
      "type_id": "sensor.camera.rgb",
      "blueprint_attributes": {
        "role_name": "front",
        "ros_name": "sensor.camera.rgb",
        "chromatic_aberration_offset": "0.0",
        "sensor_tick": "0.100000",
        "fstop": "1.4",
        "image_size_x": "960",
        "image_size_y": "540",
        "fov": "70.00",
        "lens_circle_falloff": "5.0",
        "lens_circle_multiplier": "0.0",
        "exposure_compensation": "0.0",
        "lens_y_size": "0.08",
        "lens_k": "-1.0",
        "exposure_mode": "histogram",
        "lens_kcube": "0.0",
        "lens_x_size": "0.08",
        "exposure_max_bright": "12.0",
        "shutter_speed": "200.0",
        "bloom_intensity": "0.675",
        "iso": "100.0",
        "enable_postprocess_effects": "false",
        "gamma": "2.2",
        "motion_blur_intensity": "0.0",
        "motion_blur_max_distortion": "0.35",
        "lens_flare_intensity": "0.1",
        "motion_blur_min_object_screen_size": "0.1",
        "exposure_min_bright": "10.0",
        "exposure_speed_up": "3.0",
        "exposure_speed_down": "1.0",
        "tint": "0.0",
        "calibration_constant": "16.0",
        "focal_distance": "1000.0",
        "min_fstop": "1.2",
        "blade_count": "5",
        "blur_amount": "0.0",
        "blur_radius": "0.0",
        "slope": "0.88",
        "toe": "0.55",
        "white_clip": "0.04",
        "shoulder": "0.26",
        "black_clip": "0.0",
        "temp": "6500.0",
        "chromatic_aberration_intensity": "0.0"
      },
      "transform_carla": {
        "location": {
          "x": 105.16064453125,
          "y": -29.810441970825195,
          "z": 1.7076458930969238
        },
        "rotation": {
          "roll": -0.11108069121837616,
          "pitch": 0.602641224861145,
          "yaw": 134.3519287109375
        }
      },
      "matrix_world_from_sensor_carla": [
        [
          -0.6990249156951904,
          -0.7150439023971558,
          0.008738954551517963,
          105.16064453125
        ],
        [
          0.715019941329956,
          -0.6990768909454346,
          -0.006165605038404465,
          -29.810441970825195
        ],
        [
          0.010517879389226437,
          0.0019386153435334563,
          0.9999427795410156,
          1.7076458930969238
        ],
        [
          0.0,
          0.0,
          0.0,
          1.0
        ]
      ],
      "matrix_world_from_sensor_bevfusion": [
        [
          -0.7150439023971558,
          -0.008738954551517963,
          -0.6990249156951904,
          105.16064453125
        ],
        [
          0.6990768909454346,
          -0.006165605038404465,
          -0.715019941329956,
          29.810441970825195
        ],
        [
          0.0019386153435334563,
          -0.9999427795410156,
          0.010517879389226437,
          1.7076458930969238
        ],
        [
          0.0,
          0.0,
          0.0,
          1.0
        ]
      ],
      "matrix_ego_from_sensor_carla": [
        [
          -0.5735765099525452,
          0.8191519975662231,
          -3.4375204904790735e-08,
          -1.2999982833862305
        ],
        [
          -0.8191519975662231,
          -0.5735765099525452,
          -2.4521259689436192e-08,
          -0.5500030517578125
        ],
        [
          -3.962345829222613e-08,
          1.4682807858434899e-08,
          1.0,
          1.700000286102295
        ],
        [
          0.0,
          0.0,
          0.0,
          1.0
        ]
      ],
      "matrix_ego_from_sensor_bevfusion": [
        [
          0.8191519975662231,
          3.4375204904790735e-08,
          -0.5735765099525452,
          -1.2999982833862305
        ],
        [
          0.5735765099525452,
          -2.4521259689436192e-08,
          0.8191519975662231,
          0.5500030517578125
        ],
        [
          1.4682807858434899e-08,
          -1.0,
          -3.962345829222613e-08,
          1.700000286102295
        ],
        [
          0.0,
          0.0,
          0.0,
          1.0
        ]
      ],
      "camera_intrinsics": [
        [
          685.5110473632812,
          0.0,
          480.0
        ],
        [
          0.0,
          685.5110473632812,
          270.0
        ],
        [
          0.0,
          0.0,
          1.0
        ]
      ],
      "data_path": "D:\\Agent-AI\\outputs\\s3a_ml_long_v1\\sample_000016\\images\\CAM_BACK_LEFT.png",
      "raw_layout": "bgra8"
    },
    "CAM_BACK_RIGHT": {
      "type_id": "sensor.camera.rgb",
      "blueprint_attributes": {
        "role_name": "front",
        "ros_name": "sensor.camera.rgb",
        "chromatic_aberration_offset": "0.0",
        "sensor_tick": "0.100000",
        "fstop": "1.4",
        "image_size_x": "960",
        "image_size_y": "540",
        "fov": "70.00",
        "lens_circle_falloff": "5.0",
        "lens_circle_multiplier": "0.0",
        "exposure_compensation": "0.0",
        "lens_y_size": "0.08",
        "lens_k": "-1.0",
        "exposure_mode": "histogram",
        "lens_kcube": "0.0",
        "lens_x_size": "0.08",
        "exposure_max_bright": "12.0",
        "shutter_speed": "200.0",
        "bloom_intensity": "0.675",
        "iso": "100.0",
        "enable_postprocess_effects": "false",
        "gamma": "2.2",
        "motion_blur_intensity": "0.0",
        "motion_blur_max_distortion": "0.35",
        "lens_flare_intensity": "0.1",
        "motion_blur_min_object_screen_size": "0.1",
        "exposure_min_bright": "10.0",
        "exposure_speed_up": "3.0",
        "exposure_speed_down": "1.0",
        "tint": "0.0",
        "calibration_constant": "16.0",
        "focal_distance": "1000.0",
        "min_fstop": "1.2",
        "blade_count": "5",
        "blur_amount": "0.0",
        "blur_radius": "0.0",
        "slope": "0.88",
        "toe": "0.55",
        "white_clip": "0.04",
        "shoulder": "0.26",
        "black_clip": "0.0",
        "temp": "6500.0",
        "chromatic_aberration_intensity": "0.0"
      },
      "transform_carla": {
        "location": {
          "x": 106.24166107177734,
          "y": -30.01365089416504,
          "z": 1.696945309638977
        },
        "rotation": {
          "roll": -0.528313934803009,
          "pitch": -0.31048673391342163,
          "yaw": 24.35393714904785
        }
      },
      "matrix_world_from_sensor_carla": [
        [
          0.9110020995140076,
          -0.4123091399669647,
          0.0087389275431633,
          106.24166107177734
        ],
        [
          0.41236612200737,
          0.9109973311424255,
          -0.006165642291307449,
          -30.01365089416504
        ],
        [
          -0.0054189893417060375,
          0.009220551699399948,
          0.9999428391456604,
          1.696945309638977
        ],
        [
          0.0,
          0.0,
          0.0,
          1.0
        ]
      ],
      "matrix_world_from_sensor_bevfusion": [
        [
          -0.4123091399669647,
          -0.0087389275431633,
          0.9110020995140076,
          106.24166107177734
        ],
        [
          -0.9109973311424255,
          -0.006165642291307449,
          -0.41236612200737,
          30.01365089416504
        ],
        [
          0.009220551699399948,
          -0.9999428391456604,
          -0.0054189893417060375,
          1.696945309638977
        ],
        [
          0.0,
          0.0,
          0.0,
          1.0
        ]
      ],
      "matrix_ego_from_sensor_carla": [
        [
          -0.5735763907432556,
          -0.8191521763801575,
          7.269378876628707e-09,
          -1.2999992370605469
        ],
        [
          0.8191520571708679,
          -0.5735763311386108,
          -4.372752826498072e-08,
          0.5500030517578125
        ],
        [
          3.9670513984901845e-08,
          -1.8552487546230623e-08,
          1.0000001192092896,
          1.7000000476837158
        ],
        [
          0.0,
          0.0,
          0.0,
          1.0
        ]
      ],
      "matrix_ego_from_sensor_bevfusion": [
        [
          -0.8191521763801575,
          -7.269378876628707e-09,
          -0.5735763907432556,
          -1.2999992370605469
        ],
        [
          0.5735763311386108,
          -4.372752826498072e-08,
          -0.8191520571708679,
          -0.5500030517578125
        ],
        [
          -1.8552487546230623e-08,
          -1.0000001192092896,
          3.9670513984901845e-08,
          1.7000000476837158
        ],
        [
          0.0,
          0.0,
          0.0,
          1.0
        ]
      ],
      "camera_intrinsics": [
        [
          685.5110473632812,
          0.0,
          480.0
        ],
        [
          0.0,
          685.5110473632812,
          270.0
        ],
        [
          0.0,
          0.0,
          1.0
        ]
      ],
      "data_path": "D:\\Agent-AI\\outputs\\s3a_ml_long_v1\\sample_000016\\images\\CAM_BACK_RIGHT.png",
      "raw_layout": "bgra8"
    },
    "LIDAR_TOP": {
      "type_id": "sensor.lidar.ray_cast",
      "blueprint_attributes": {
        "atmosphere_attenuation_rate": "0.004",
        "role_name": "front",
        "noise_seed": "0",
        "upper_fov": "10.0",
        "ros_name": "sensor.lidar.ray_cast",
        "sensor_tick": "0.100000",
        "channels": "32",
        "range": "120.0",
        "points_per_second": "360000",
        "lower_fov": "-30.0",
        "rotation_frequency": "10.000000",
        "horizontal_fov": "360.0",
        "dropoff_general_rate": "0.0",
        "dropoff_intensity_limit": "1.0",
        "noise_stddev": "0.0",
        "dropoff_zero_intensity": "0.0"
      },
      "transform_carla": {
        "location": {
          "x": 105.46530151367188,
          "y": -31.19272804260254,
          "z": 2.196488618850708
        },
        "rotation": {
          "roll": 0.5573710203170776,
          "pitch": -0.2546704113483429,
          "yaw": -100.64872741699219
        }
      },
      "matrix_world_from_sensor_carla": [
        [
          -0.18478535115718842,
          0.982740044593811,
          0.008738971315324306,
          105.46530151367188
        ],
        [
          -0.9827688336372375,
          -0.18473593890666962,
          -0.006165643222630024,
          -31.19272804260254
        ],
        [
          -0.004444822669029236,
          -0.00972770992666483,
          0.9999427795410156,
          2.196488618850708
        ],
        [
          0.0,
          0.0,
          0.0,
          1.0
        ]
      ],
      "matrix_world_from_sensor_bevfusion": [
        [
          -0.18478535115718842,
          -0.982740044593811,
          0.008738971315324306,
          105.46530151367188
        ],
        [
          0.9827688336372375,
          -0.18473593890666962,
          0.006165643222630024,
          31.19272804260254
        ],
        [
          -0.004444822669029236,
          0.00972770992666483,
          0.9999427795410156,
          2.196488618850708
        ],
        [
          0.0,
          0.0,
          0.0,
          1.0
        ]
      ],
      "matrix_ego_from_sensor_carla": [
        [
          1.0,
          5.9480482761387066e-09,
          8.37303559819702e-11,
          0.0
        ],
        [
          -5.0641135729279085e-09,
          1.0,
          -3.0687274943375087e-10,
          0.0
        ],
        [
          -1.8120172029512105e-10,
          4.463313052482931e-11,
          1.0,
          2.200000047683716
        ],
        [
          0.0,
          0.0,
          0.0,
          1.0
        ]
      ],
      "matrix_ego_from_sensor_bevfusion": [
        [
          1.0,
          -5.9480482761387066e-09,
          8.37303559819702e-11,
          0.0
        ],
        [
          5.0641135729279085e-09,
          1.0,
          3.0687274943375087e-10,
          0.0
        ],
        [
          -1.8120172029512105e-10,
          -4.463313052482931e-11,
          1.0,
          2.200000047683716
        ],
        [
          0.0,
          0.0,
          0.0,
          1.0
        ]
      ],
      "data_path": "D:\\Agent-AI\\outputs\\s3a_ml_long_v1\\sample_000016\\lidar\\LIDAR_TOP.npy",
      "raw_layout": [
        "x",
        "y",
        "z",
        "intensity"
      ]
    },
    "RADAR_FRONT": {
      "type_id": "sensor.other.radar",
      "blueprint_attributes": {
        "sensor_tick": "0.100000",
        "role_name": "default",
        "noise_seed": "0",
        "ros_name": "sensor.other.radar",
        "horizontal_fov": "35.0",
        "points_per_second": "1500",
        "vertical_fov": "20.0",
        "range": "120.0"
      },
      "transform_carla": {
        "location": {
          "x": 105.08436584472656,
          "y": -33.15024948120117,
          "z": 0.8876734972000122
        },
        "rotation": {
          "roll": 0.5573710203170776,
          "pitch": -0.2546704113483429,
          "yaw": -100.64872741699219
        }
      },
      "matrix_world_from_sensor_carla": [
        [
          -0.18478535115718842,
          0.982740044593811,
          0.008738971315324306,
          105.08436584472656
        ],
        [
          -0.9827688336372375,
          -0.18473593890666962,
          -0.006165643222630024,
          -33.15024948120117
        ],
        [
          -0.004444822669029236,
          -0.00972770992666483,
          0.9999427795410156,
          0.8876734972000122
        ],
        [
          0.0,
          0.0,
          0.0,
          1.0
        ]
      ],
      "matrix_world_from_sensor_bevfusion": [
        [
          -0.18478535115718842,
          -0.982740044593811,
          0.008738971315324306,
          105.08436584472656
        ],
        [
          0.9827688336372375,
          -0.18473593890666962,
          0.006165643222630024,
          33.15024948120117
        ],
        [
          -0.004444822669029236,
          0.00972770992666483,
          0.9999427795410156,
          0.8876734972000122
        ],
        [
          0.0,
          0.0,
          0.0,
          1.0
        ]
      ],
      "matrix_ego_from_sensor_carla": [
        [
          1.0,
          5.9480482761387066e-09,
          8.37303559819702e-11,
          2.0000009536743164
        ],
        [
          -5.0641135729279085e-09,
          1.0,
          -3.0687274943375087e-10,
          -7.62939453125e-06
        ],
        [
          -1.8120172029512105e-10,
          4.463313052482931e-11,
          1.0,
          0.9000000953674316
        ],
        [
          0.0,
          0.0,
          0.0,
          1.0
        ]
      ],
      "matrix_ego_from_sensor_bevfusion": [
        [
          1.0,
          -5.9480482761387066e-09,
          8.37303559819702e-11,
          2.0000009536743164
        ],
        [
          5.0641135729279085e-09,
          1.0,
          3.0687274943375087e-10,
          7.62939453125e-06
        ],
        [
          -1.8120172029512105e-10,
          -4.463313052482931e-11,
          1.0,
          0.9000000953674316
        ],
        [
          0.0,
          0.0,
          0.0,
          1.0
        ]
      ],
      "data_path": "D:\\Agent-AI\\outputs\\s3a_ml_long_v1\\sample_000016\\radar\\RADAR_FRONT.npy",
      "raw_layout": [
        "velocity",
        "altitude",
        "azimuth",
        "depth"
      ]
    },
    "RADAR_FRONT_LEFT": {
      "type_id": "sensor.other.radar",
      "blueprint_attributes": {
        "sensor_tick": "0.100000",
        "role_name": "default",
        "noise_seed": "0",
        "ros_name": "sensor.other.radar",
        "horizontal_fov": "35.0",
        "points_per_second": "1500",
        "vertical_fov": "20.0",
        "range": "120.0"
      },
      "transform_carla": {
        "location": {
          "x": 104.4119873046875,
          "y": -32.66773223876953,
          "z": 0.896524965763092
        },
        "rotation": {
          "roll": 0.5742019414901733,
          "pitch": 0.21403080224990845,
          "yaw": -145.64637756347656
        }
      },
      "matrix_world_from_sensor_carla": [
        [
          -0.8255648016929626,
          0.5642396211624146,
          0.00873893965035677,
          104.4119873046875
        ],
        [
          -0.5642949938774109,
          -0.8255501985549927,
          -0.006165642756968737,
          -32.66773223876953
        ],
        [
          0.0037355334497988224,
          -0.01002147700637579,
          0.9999427795410156,
          0.896524965763092
        ],
        [
          0.0,
          0.0,
          0.0,
          1.0
        ]
      ],
      "matrix_world_from_sensor_bevfusion": [
        [
          -0.8255648016929626,
          -0.5642396211624146,
          0.00873893965035677,
          104.4119873046875
        ],
        [
          0.5642949938774109,
          -0.8255501985549927,
          0.006165642756968737,
          32.66773223876953
        ],
        [
          0.0037355334497988224,
          0.01002147700637579,
          0.9999427795410156,
          0.896524965763092
        ],
        [
          0.0,
          0.0,
          0.0,
          1.0
        ]
      ],
      "matrix_ego_from_sensor_carla": [
        [
          0.7071071863174438,
          0.707106351852417,
          5.671665803674841e-09,
          1.650003433227539
        ],
        [
          -0.7071064114570618,
          0.7071071863174438,
          -3.104051771174454e-08,
          -0.75
        ],
        [
          -2.63304453795854e-08,
          1.869925547737239e-08,
          1.0,
          0.9000000953674316
        ],
        [
          0.0,
          0.0,
          0.0,
          1.0
        ]
      ],
      "matrix_ego_from_sensor_bevfusion": [
        [
          0.7071071863174438,
          -0.707106351852417,
          5.671665803674841e-09,
          1.650003433227539
        ],
        [
          0.7071064114570618,
          0.7071071863174438,
          3.104051771174454e-08,
          0.75
        ],
        [
          -2.63304453795854e-08,
          -1.869925547737239e-08,
          1.0,
          0.9000000953674316
        ],
        [
          0.0,
          0.0,
          0.0,
          1.0
        ]
      ],
      "data_path": "D:\\Agent-AI\\outputs\\s3a_ml_long_v1\\sample_000016\\radar\\RADAR_FRONT_LEFT.npy",
      "raw_layout": [
        "velocity",
        "altitude",
        "azimuth",
        "depth"
      ]
    },
    "RADAR_FRONT_RIGHT": {
      "type_id": "sensor.other.radar",
      "blueprint_attributes": {
        "sensor_tick": "0.100000",
        "role_name": "default",
        "noise_seed": "0",
        "ros_name": "sensor.other.radar",
        "horizontal_fov": "35.0",
        "points_per_second": "1500",
        "vertical_fov": "20.0",
        "range": "120.0"
