{
  "schema_version": "stage1.v1",
  "sample_name": "sample_000014",
  "sequence_index": 14,
  "previous_sample_name": "sample_000013",
  "frame_id": 2191,
  "timestamp": 33.59063230454922,
  "platform_timestamp": 16781874.3626774,
  "delta_seconds": 0.05000000074505806,
  "town": "Carla/Maps/Town10HD_Opt",
  "weather": {
    "cloudiness": 20.0,
    "dust_storm": 0.0,
    "fog_density": 2.0,
    "fog_distance": 0.75,
    "fog_falloff": 0.10000000149011612,
    "mie_scattering_scale": 0.029999999329447746,
    "precipitation": 0.0,
    "precipitation_deposits": 0.0,
    "rayleigh_scattering_scale": 0.03310000151395798,
    "scattering_intensity": 1.0,
    "sun_altitude_angle": 45.0,
    "sun_azimuth_angle": 300.0,
    "wetness": 0.0,
    "wind_intensity": 10.0
  },
  "sensor_names": [
    "CAM_FRONT",
    "CAM_FRONT_RIGHT",
    "CAM_FRONT_LEFT",
    "CAM_BACK",
    "CAM_BACK_LEFT",
    "CAM_BACK_RIGHT",
    "LIDAR_TOP",
    "RADAR_FRONT",
    "RADAR_FRONT_LEFT",
    "RADAR_FRONT_RIGHT",
    "RADAR_BACK_LEFT",
    "RADAR_BACK_RIGHT"
  ],
  "camera_order_for_model": [
    "CAM_FRONT",
    "CAM_FRONT_RIGHT",
    "CAM_FRONT_LEFT",
    "CAM_BACK",
    "CAM_BACK_LEFT",
    "CAM_BACK_RIGHT"
  ],
  "radar_order_for_model": [
    "RADAR_FRONT",
    "RADAR_FRONT_LEFT",
    "RADAR_FRONT_RIGHT",
    "RADAR_BACK_LEFT",
    "RADAR_BACK_RIGHT"
  ],
  "coordinate_notes": {
    "carla_world": "left-handed x-forward y-right z-up",
    "bevfusion_lidar": "x-forward y-left z-up",
    "camera_frame_for_model": "OpenCV style x-right y-down z-forward"
  },
  "ego": {
    "actor_id": 24,
    "transform_carla": {
      "location": {
        "x": -58.55111312866211,
        "y": 23.310062408447266,
        "z": -0.006453742738813162
      },
      "rotation": {
        "roll": 0.7081630229949951,
        "pitch": 0.5799991488456726,
        "yaw": -15.110308647155762
      }
    },
    "velocity_carla": [
      7.143049240112305,
      -2.3893027305603027,
      -0.00031876564025878906
    ],
    "angular_velocity_carla": [
      -3.502023696899414,
      0.7083663940429688,
      -24.411745071411133
    ],
    "matrix_world_from_ego_carla": [
      [
        0.9653762578964233,
        0.26077908277511597,
        -0.006550147198140621,
        -58.55111312866211
      ],
      [
        -0.26066485047340393,
        0.9653193950653076,
        0.01457071304321289,
        23.310062408447266
      ],
      [
        0.010122721083462238,
        -0.012358828447759151,
        0.9998723864555359,
        -0.006453742738813162
      ],
      [
        0.0,
        0.0,
        0.0,
        1.0
      ]
    ],
    "matrix_world_from_ego_bevfusion": [
      [
        0.9653762578964233,
        -0.26077908277511597,
        -0.006550147198140621,
        -58.55111312866211
      ],
      [
        0.26066485047340393,
        0.9653193950653076,
        -0.01457071304321289,
        -23.310062408447266
      ],
      [
        0.010122721083462238,
        0.012358828447759151,
        0.9998723864555359,
        -0.006453742738813162
      ],
      [
        0.0,
        0.0,
        0.0,
        1.0
      ]
    ]
  },
  "sensors": {
    "CAM_FRONT": {
      "type_id": "sensor.camera.rgb",
      "blueprint_attributes": {
        "role_name": "front",
        "ros_name": "sensor.camera.rgb",
        "chromatic_aberration_offset": "0.0",
        "sensor_tick": "0.050000",
        "fstop": "1.4",
        "image_size_x": "1600",
        "image_size_y": "900",
        "fov": "70.00",
        "lens_circle_falloff": "5.0",
        "lens_circle_multiplier": "0.0",
        "exposure_compensation": "0.0",
        "lens_y_size": "0.08",
        "lens_k": "-1.0",
        "exposure_mode": "histogram",
        "lens_kcube": "0.0",
        "lens_x_size": "0.08",
        "exposure_max_bright": "12.0",
        "shutter_speed": "200.0",
        "bloom_intensity": "0.675",
        "iso": "100.0",
        "enable_postprocess_effects": "false",
        "gamma": "2.2",
        "motion_blur_intensity": "0.0",
        "motion_blur_max_distortion": "0.35",
        "lens_flare_intensity": "0.1",
        "motion_blur_min_object_screen_size": "0.1",
        "exposure_min_bright": "10.0",
        "exposure_speed_up": "3.0",
        "exposure_speed_down": "1.0",
        "tint": "0.0",
        "calibration_constant": "16.0",
        "focal_distance": "1000.0",
        "min_fstop": "1.2",
        "blade_count": "5",
        "blur_amount": "0.0",
        "blur_radius": "0.0",
        "slope": "0.88",
        "toe": "0.55",
        "white_clip": "0.04",
        "shoulder": "0.26",
        "black_clip": "0.0",
        "temp": "6500.0",
        "chromatic_aberration_intensity": "0.0"
      },
      "transform_carla": {
        "location": {
          "x": -57.06591796875,
          "y": 22.930803298950195,
          "z": 1.7090195417404175
        },
        "rotation": {
          "roll": 0.7081630229949951,
          "pitch": 0.5799991488456726,
          "yaw": -15.110308647155762
        }
      },
      "matrix_world_from_sensor_carla": [
        [
          0.9653762578964233,
          0.26077908277511597,
          -0.006550147198140621,
          -57.06591796875
        ],
        [
          -0.26066485047340393,
          0.9653193950653076,
          0.01457071304321289,
          22.930803298950195
        ],
        [
          0.010122721083462238,
          -0.012358828447759151,
          0.9998723864555359,
          1.7090195417404175
        ],
        [
          0.0,
          0.0,
          0.0,
          1.0
        ]
      ],
      "matrix_world_from_sensor_bevfusion": [
        [
          0.26077908277511597,
          0.006550147198140621,
          0.9653762578964233,
          -57.06591796875
        ],
        [
          -0.9653193950653076,
          0.01457071304321289,
          0.26066485047340393,
          -22.930803298950195
        ],
        [
          -0.012358828447759151,
          -0.9998723864555359,
          0.010122721083462238,
          1.7090195417404175
        ],
        [
          0.0,
          0.0,
          0.0,
          1.0
        ]
      ],
      "matrix_ego_from_sensor_carla": [
        [
          1.0,
          2.182347991208644e-08,
          -9.832286096411735e-10,
          1.5499992370605469
        ],
        [
          -7.969415349862174e-09,
          1.0,
          4.2466596905654797e-10,
          9.5367431640625e-07
        ],
        [
          -5.190609053684625e-11,
          4.247848184313341e-10,
          1.0,
          1.6999999284744263
        ],
        [
          0.0,
          0.0,
          0.0,
          1.0
        ]
      ],
      "matrix_ego_from_sensor_bevfusion": [
        [
          2.182347991208644e-08,
          9.832286096411735e-10,
          1.0,
          1.5499992370605469
        ],
        [
          -1.0,
          4.2466596905654797e-10,
          7.969415349862174e-09,
          -9.5367431640625e-07
        ],
        [
          4.247848184313341e-10,
          -1.0,
          -5.190609053684625e-11,
          1.6999999284744263
        ],
        [
          0.0,
          0.0,
          0.0,
          1.0
        ]
      ],
      "camera_intrinsics": [
        [
          1142.5184326171875,
          0.0,
          800.0
        ],
        [
          0.0,
          1142.5184326171875,
          450.0
        ],
        [
          0.0,
          0.0,
          1.0
        ]
      ],
      "data_path": "D:\\Agent-AI\\outputs\\samples\\sample_000014\\images\\CAM_FRONT.png",
      "raw_layout": "bgra8"
    },
    "CAM_FRONT_RIGHT": {
      "type_id": "sensor.camera.rgb",
      "blueprint_attributes": {
        "role_name": "front",
        "ros_name": "sensor.camera.rgb",
        "chromatic_aberration_offset": "0.0",
        "sensor_tick": "0.050000",
        "fstop": "1.4",
        "image_size_x": "1600",
        "image_size_y": "900",
        "fov": "70.00",
        "lens_circle_falloff": "5.0",
        "lens_circle_multiplier": "0.0",
        "exposure_compensation": "0.0",
        "lens_y_size": "0.08",
        "lens_k": "-1.0",
        "exposure_mode": "histogram",
        "lens_kcube": "0.0",
        "lens_x_size": "0.08",
        "exposure_max_bright": "12.0",
        "shutter_speed": "200.0",
        "bloom_intensity": "0.675",
        "iso": "100.0",
        "enable_postprocess_effects": "false",
        "gamma": "2.2",
        "motion_blur_intensity": "0.0",
        "motion_blur_max_distortion": "0.35",
        "lens_flare_intensity": "0.1",
        "motion_blur_min_object_screen_size": "0.1",
        "exposure_min_bright": "10.0",
        "exposure_speed_up": "3.0",
        "exposure_speed_down": "1.0",
        "tint": "0.0",
        "calibration_constant": "16.0",
        "focal_distance": "1000.0",
        "min_fstop": "1.2",
        "blade_count": "5",
        "blur_amount": "0.0",
        "blur_radius": "0.0",
        "slope": "0.88",
        "toe": "0.55",
        "white_clip": "0.04",
        "shoulder": "0.26",
        "black_clip": "0.0",
        "temp": "6500.0",
        "chromatic_aberration_intensity": "0.0"
      },
      "transform_carla": {
        "location": {
          "x": -57.16383361816406,
          "y": 23.526893615722656,
          "z": 1.6996915340423584
        },
        "rotation": {
          "roll": 0.8813024163246155,
          "pitch": -0.2473689466714859,
          "yaw": 39.88419723510742
        }
      },
      "matrix_world_from_sensor_carla": [
        [
          0.7673348784446716,
          -0.6412131190299988,
          -0.006550374906510115,
          -57.16383361816406
        ],
        [
          0.6412320733070374,
          0.7672086954116821,
          0.014570651575922966,
          23.526893615722656
        ],
        [
          -0.004317388869822025,
          -0.015380878932774067,
          0.9998723864555359,
          1.6996915340423584
        ],
        [
          0.0,
          0.0,
          0.0,
          1.0
        ]
      ],
      "matrix_world_from_sensor_bevfusion": [
        [
          -0.6412131190299988,
          0.006550374906510115,
          0.7673348784446716,
          -57.16383361816406
        ],
        [
          -0.7672086954116821,
          0.014570651575922966,
          -0.6412320733070374,
          -23.526893615722656
        ],
        [
          -0.015380878932774067,
          -0.9998723864555359,
          -0.004317388869822025,
          1.6996915340423584
        ],
        [
          0.0,
          0.0,
          0.0,
          1.0
        ]
      ],
      "matrix_ego_from_sensor_carla": [
        [
          0.5735765695571899,
          -0.8191519379615784,
          -2.0401155609306443e-07,
          1.2999954223632812
        ],
        [
          0.8191519975662231,
          0.5735765099525452,
          -1.1878462657932687e-07,
          0.5499992370605469
        ],
        [
          2.152155076373674e-07,
          -9.820838187124536e-08,
          1.0,
          1.6999999284744263
        ],
        [
          0.0,
          0.0,
          0.0,
          1.0
        ]
      ],
      "matrix_ego_from_sensor_bevfusion": [
        [
          -0.8191519379615784,
          2.0401155609306443e-07,
          0.5735765695571899,
          1.2999954223632812
        ],
        [
          -0.5735765099525452,
          -1.1878462657932687e-07,
          -0.8191519975662231,
          -0.5499992370605469
        ],
        [
          -9.820838187124536e-08,
          -1.0,
          2.152155076373674e-07,
          1.6999999284744263
        ],
        [
          0.0,
          0.0,
          0.0,
          1.0
        ]
      ],
      "camera_intrinsics": [
        [
          1142.5184326171875,
          0.0,
          800.0
        ],
        [
          0.0,
          1142.5184326171875,
          450.0
        ],
        [
          0.0,
          0.0,
          1.0
        ]
      ],
      "data_path": "D:\\Agent-AI\\outputs\\samples\\sample_000014\\images\\CAM_FRONT_RIGHT.png",
      "raw_layout": "bgra8"
    },
    "CAM_FRONT_LEFT": {
      "type_id": "sensor.camera.rgb",
      "blueprint_attributes": {
        "role_name": "front",
        "ros_name": "sensor.camera.rgb",
        "chromatic_aberration_offset": "0.0",
        "sensor_tick": "0.050000",
        "fstop": "1.4",
        "image_size_x": "1600",
        "image_size_y": "900",
        "fov": "70.00",
        "lens_circle_falloff": "5.0",
        "lens_circle_multiplier": "0.0",
        "exposure_compensation": "0.0",
        "lens_y_size": "0.08",
        "lens_k": "-1.0",
        "exposure_mode": "histogram",
        "lens_kcube": "0.0",
        "lens_x_size": "0.08",
        "exposure_max_bright": "12.0",
        "shutter_speed": "200.0",
        "bloom_intensity": "0.675",
        "iso": "100.0",
        "enable_postprocess_effects": "false",
        "gamma": "2.2",
        "motion_blur_intensity": "0.0",
        "motion_blur_max_distortion": "0.35",
        "lens_flare_intensity": "0.1",
        "motion_blur_min_object_screen_size": "0.1",
        "exposure_min_bright": "10.0",
        "exposure_speed_up": "3.0",
        "exposure_speed_down": "1.0",
        "tint": "0.0",
        "calibration_constant": "16.0",
        "focal_distance": "1000.0",
        "min_fstop": "1.2",
        "blade_count": "5",
        "blur_amount": "0.0",
        "blur_radius": "0.0",
        "slope": "0.88",
        "toe": "0.55",
        "white_clip": "0.04",
        "shoulder": "0.26",
        "black_clip": "0.0",
        "temp": "6500.0",
        "chromatic_aberration_intensity": "0.0"
      },
      "transform_carla": {
        "location": {
          "x": -57.450687408447266,
          "y": 22.465044021606445,
          "z": 1.713286280632019
        },
        "rotation": {
          "roll": -0.06895914673805237,
          "pitch": 0.9127591252326965,
          "yaw": -70.11442565917969
        }
      },
      "matrix_world_from_sensor_carla": [
        [
          0.34009963274002075,
          0.9403666257858276,
          -0.006550263613462448,
          -57.450687408447266
        ],
        [
          -0.9402544498443604,
          0.3401605784893036,
          0.01457073912024498,
          22.465044021606445
        ],
        [
          0.01592997834086418,
          0.0012034111423417926,
          0.9998723864555359,
          1.713286280632019
        ],
        [
          0.0,
          0.0,
          0.0,
          1.0
        ]
      ],
      "matrix_world_from_sensor_bevfusion": [
        [
          0.9403666257858276,
          0.006550263613462448,
          0.34009963274002075,
          -57.450687408447266
        ],
        [
          -0.3401605784893036,
          0.01457073912024498,
          0.9402544498443604,
          -22.465044021606445
        ],
        [
          0.0012034111423417926,
          -0.9998723864555359,
          0.01592997834086418,
          1.713286280632019
        ],
        [
          0.0,
          0.0,
          0.0,
          1.0
        ]
      ],
      "matrix_ego_from_sensor_carla": [
        [
          0.5735766291618347,
          0.8191518783569336,
          -1.1926120180305588e-07,
          1.2999992370605469
        ],
        [
          -0.8191518783569336,
          0.5735766291618347,
          -5.163269367614021e-09,
          -0.5499982833862305
        ],
        [
          6.445743849781138e-08,
          1.0067950029224448e-07,
          1.0,
          1.7000001668930054
        ],
        [
          0.0,
          0.0,
          0.0,
          1.0
        ]
      ],
      "matrix_ego_from_sensor_bevfusion": [
        [
          0.8191518783569336,
          1.1926120180305588e-07,
          0.5735766291618347,
          1.2999992370605469
        ],
        [
          -0.5735766291618347,
          -5.163269367614021e-09,
          0.8191518783569336,
          0.5499982833862305
        ],
        [
          1.0067950029224448e-07,
          -1.0,
          6.445743849781138e-08,
          1.7000001668930054
        ],
        [
          0.0,
          0.0,
          0.0,
          1.0
        ]
      ],
      "camera_intrinsics": [
        [
          1142.5184326171875,
          0.0,
          800.0
        ],
        [
          0.0,
          1142.5184326171875,
          450.0
        ],
        [
          0.0,
          0.0,
          1.0
        ]
      ],
      "data_path": "D:\\Agent-AI\\outputs\\samples\\sample_000014\\images\\CAM_FRONT_LEFT.png",
      "raw_layout": "bgra8"
    },
    "CAM_BACK": {
      "type_id": "sensor.camera.rgb",
      "blueprint_attributes": {
        "role_name": "front",
        "ros_name": "sensor.camera.rgb",
        "chromatic_aberration_offset": "0.0",
        "sensor_tick": "0.050000",
        "fstop": "1.4",
        "image_size_x": "1600",
        "image_size_y": "900",
        "fov": "70.00",
        "lens_circle_falloff": "5.0",
        "lens_circle_multiplier": "0.0",
        "exposure_compensation": "0.0",
        "lens_y_size": "0.08",
        "lens_k": "-1.0",
        "exposure_mode": "histogram",
        "lens_kcube": "0.0",
        "lens_x_size": "0.08",
        "exposure_max_bright": "12.0",
        "shutter_speed": "200.0",
        "bloom_intensity": "0.675",
        "iso": "100.0",
        "enable_postprocess_effects": "false",
        "gamma": "2.2",
        "motion_blur_intensity": "0.0",
        "motion_blur_max_distortion": "0.35",
        "lens_flare_intensity": "0.1",
        "motion_blur_min_object_screen_size": "0.1",
        "exposure_min_bright": "10.0",
        "exposure_speed_up": "3.0",
        "exposure_speed_down": "1.0",
        "tint": "0.0",
        "calibration_constant": "16.0",
        "focal_distance": "1000.0",
        "min_fstop": "1.2",
        "blade_count": "5",
        "blur_amount": "0.0",
        "blur_radius": "0.0",
        "slope": "0.88",
        "toe": "0.55",
        "white_clip": "0.04",
        "shoulder": "0.26",
        "black_clip": "0.0",
        "temp": "6500.0",
        "chromatic_aberration_intensity": "0.0"
      },
      "transform_carla": {
        "location": {
          "x": -60.0585823059082,
          "y": 23.73886489868164,
          "z": 1.6776390075683594
        },
        "rotation": {
          "roll": -0.7081632018089294,
          "pitch": -0.5799991488456726,
          "yaw": 164.88970947265625
        }
      },
      "matrix_world_from_sensor_carla": [
        [
          -0.9653763771057129,
          -0.2607786953449249,
          -0.006550152320414782,
          -60.0585823059082
        ],
        [
          0.2606644630432129,
          -0.9653195142745972,
          0.014570713974535465,
          23.73886489868164
        ],
        [
          -0.010122721083462238,
          0.012358831241726875,
          0.9998723864555359,
          1.6776390075683594
        ],
        [
          0.0,
          0.0,
          0.0,
          1.0
        ]
      ],
      "matrix_world_from_sensor_bevfusion": [
        [
          -0.2607786953449249,
          0.006550152320414782,
          -0.9653763771057129,
          -60.0585823059082
        ],
        [
          0.9653195142745972,
          0.014570713974535465,
          -0.2606644630432129,
          -23.73886489868164
        ],
        [
          0.012358831241726875,
          -0.9998723864555359,
          -0.010122721083462238,
          1.6776390075683594
        ],
        [
          0.0,
          0.0,
          0.0,
          1.0
        ]
      ],
      "matrix_ego_from_sensor_carla": [
        [
          -1.0,
          3.9671789409112534e-07,
          -5.639841482718566e-09,
          -1.5500030517578125
        ],
        [
          -3.958316767693759e-07,
          -1.0,
          -5.066566055589306e-10,
          1.9073486328125e-06
        ],
        [
          -4.6047068380516976e-09,
          -1.356463941171171e-09,
          1.0,
          1.6999999284744263
        ],
        [
          0.0,
          0.0,
          0.0,
          1.0
        ]
      ],
      "matrix_ego_from_sensor_bevfusion": [
        [
          3.9671789409112534e-07,
          5.639841482718566e-09,
          -1.0,
          -1.5500030517578125
        ],
        [
          1.0,
          -5.066566055589306e-10,
          3.958316767693759e-07,
          -1.9073486328125e-06
        ],
        [
          -1.356463941171171e-09,
          -1.0,
          -4.6047068380516976e-09,
          1.6999999284744263
        ],
        [
          0.0,
          0.0,
          0.0,
          1.0
        ]
      ],
      "camera_intrinsics": [
        [
          1142.5184326171875,
          0.0,
          800.0
        ],
        [
          0.0,
          1142.5184326171875,
          450.0
        ],
        [
          0.0,
          0.0,
          1.0
        ]
      ],
      "data_path": "D:\\Agent-AI\\outputs\\samples\\sample_000014\\images\\CAM_BACK.png",
      "raw_layout": "bgra8"
    },
    "CAM_BACK_LEFT": {
      "type_id": "sensor.camera.rgb",
      "blueprint_attributes": {
        "role_name": "front",
        "ros_name": "sensor.camera.rgb",
        "chromatic_aberration_offset": "0.0",
        "sensor_tick": "0.050000",
        "fstop": "1.4",
        "image_size_x": "1600",
        "image_size_y": "900",
        "fov": "70.00",
        "lens_circle_falloff": "5.0",
        "lens_circle_multiplier": "0.0",
        "exposure_compensation": "0.0",
        "lens_y_size": "0.08",
        "lens_k": "-1.0",
        "exposure_mode": "histogram",
        "lens_kcube": "0.0",
        "lens_x_size": "0.08",
        "exposure_max_bright": "12.0",
        "shutter_speed": "200.0",
        "bloom_intensity": "0.675",
        "iso": "100.0",
        "enable_postprocess_effects": "false",
        "gamma": "2.2",
        "motion_blur_intensity": "0.0",
        "motion_blur_max_distortion": "0.35",
        "lens_flare_intensity": "0.1",
        "motion_blur_min_object_screen_size": "0.1",
        "exposure_min_bright": "10.0",
        "exposure_speed_up": "3.0",
        "exposure_speed_down": "1.0",
        "tint": "0.0",
        "calibration_constant": "16.0",
        "focal_distance": "1000.0",
        "min_fstop": "1.2",
        "blade_count": "5",
        "blur_amount": "0.0",
        "blur_radius": "0.0",
        "slope": "0.88",
        "toe": "0.55",
        "white_clip": "0.04",
        "shoulder": "0.26",
        "black_clip": "0.0",
        "temp": "6500.0",
        "chromatic_aberration_intensity": "0.0"
      },
      "transform_carla": {
        "location": {
          "x": -59.960662841796875,
          "y": 23.142770767211914,
          "z": 1.6869670152664185
        },
        "rotation": {
          "roll": -0.8813023567199707,
          "pitch": 0.2473689466714859,
          "yaw": -140.11578369140625
        }
      },
      "matrix_world_from_sensor_carla": [
        [
          -0.7673346996307373,
          0.6412133574485779,
          -0.006550378166139126,
          -59.960662841796875
        ],
        [
          -0.6412323117256165,
          -0.7672085165977478,
          0.014570647850632668,
          23.142770767211914
        ],
        [
          0.004317388869822025,
          0.015380878001451492,
          0.9998723864555359,
          1.6869670152664185
        ],
        [
          0.0,
          0.0,
          0.0,
          1.0
        ]
      ],
      "matrix_world_from_sensor_bevfusion": [
        [
          0.6412133574485779,
          0.006550378166139126,
          -0.7673346996307373,
          -59.960662841796875
        ],
        [
          0.7672085165977478,
          0.014570647850632668,
          0.6412323117256165,
          -23.142770767211914
        ],
        [
          0.015380878001451492,
          -0.9998723864555359,
          0.004317388869822025,
          1.6869670152664185
        ],
        [
          0.0,
          0.0,
          0.0,
          1.0
        ]
      ],
      "matrix_ego_from_sensor_carla": [
        [
          -0.5735763311386108,
          0.8191521763801575,
          -2.0680552381691086e-07,
          -1.2999954223632812
        ],
        [
          -0.8191521763801575,
          -0.5735763311386108,
          -1.2344123945240426e-07,
          -0.5499992370605469
        ],
        [
          -2.198721205104448e-07,
          9.727717298346761e-08,
          1.0,
          1.6999999284744263
        ],
        [
          0.0,
          0.0,
          0.0,
          1.0
        ]
      ],
      "matrix_ego_from_sensor_bevfusion": [
        [
          0.8191521763801575,
          2.0680552381691086e-07,
          -0.5735763311386108,
          -1.2999954223632812
        ],
        [
          0.5735763311386108,
          -1.2344123945240426e-07,
          0.8191521763801575,
          0.5499992370605469
        ],
        [
          9.727717298346761e-08,
          -1.0,
          -2.198721205104448e-07,
          1.6999999284744263
        ],
        [
          0.0,
          0.0,
          0.0,
          1.0
        ]
      ],
      "camera_intrinsics": [
        [
          1142.5184326171875,
          0.0,
          800.0
        ],
        [
          0.0,
          1142.5184326171875,
          450.0
        ],
        [
          0.0,
          0.0,
          1.0
        ]
      ],
      "data_path": "D:\\Agent-AI\\outputs\\samples\\sample_000014\\images\\CAM_BACK_LEFT.png",
      "raw_layout": "bgra8"
    },
    "CAM_BACK_RIGHT": {
      "type_id": "sensor.camera.rgb",
      "blueprint_attributes": {
        "role_name": "front",
        "ros_name": "sensor.camera.rgb",
        "chromatic_aberration_offset": "0.0",
        "sensor_tick": "0.050000",
        "fstop": "1.4",
        "image_size_x": "1600",
        "image_size_y": "900",
        "fov": "70.00",
        "lens_circle_falloff": "5.0",
        "lens_circle_multiplier": "0.0",
        "exposure_compensation": "0.0",
        "lens_y_size": "0.08",
        "lens_k": "-1.0",
        "exposure_mode": "histogram",
        "lens_kcube": "0.0",
        "lens_x_size": "0.08",
        "exposure_max_bright": "12.0",
        "shutter_speed": "200.0",
        "bloom_intensity": "0.675",
        "iso": "100.0",
        "enable_postprocess_effects": "false",
        "gamma": "2.2",
        "motion_blur_intensity": "0.0",
        "motion_blur_max_distortion": "0.35",
        "lens_flare_intensity": "0.1",
        "motion_blur_min_object_screen_size": "0.1",
        "exposure_min_bright": "10.0",
        "exposure_speed_up": "3.0",
        "exposure_speed_down": "1.0",
        "tint": "0.0",
        "calibration_constant": "16.0",
        "focal_distance": "1000.0",
        "min_fstop": "1.2",
        "blade_count": "5",
        "blur_amount": "0.0",
        "blur_radius": "0.0",
        "slope": "0.88",
        "toe": "0.55",
        "white_clip": "0.04",
        "shoulder": "0.26",
        "black_clip": "0.0",
        "temp": "6500.0",
        "chromatic_aberration_intensity": "0.0"
      },
      "transform_carla": {
        "location": {
          "x": -59.67380905151367,
          "y": 24.20462417602539,
          "z": 1.6733722686767578
        },
        "rotation": {
          "roll": 0.06895938515663147,
          "pitch": -0.9127591252326965,
          "yaw": 109.88555908203125
        }
      },
      "matrix_world_from_sensor_carla": [
        [
          -0.34009939432144165,
          -0.9403667449951172,
          -0.006550263613462448,
          -59.67380905151367
        ],
        [
          0.9402545690536499,
          -0.3401603400707245,
          0.01457073912024498,
          24.20462417602539
        ],
        [
          -0.01592997834086418,
          -0.0012034153332933784,
          0.9998723864555359,
          1.6733722686767578
        ],
        [
          0.0,
          0.0,
          0.0,
          1.0
        ]
      ],
      "matrix_world_from_sensor_bevfusion": [
        [
          -0.9403667449951172,
          0.006550263613462448,
          -0.34009939432144165,
          -59.67380905151367
        ],
        [
          0.3401603400707245,
          0.01457073912024498,
          -0.9402545690536499,
          -24.20462417602539
        ],
        [
          -0.0012034153332933784,
          -0.9998723864555359,
          -0.01592997834086418,
          1.6733722686767578
        ],
        [
          0.0,
          0.0,
          0.0,
          1.0
        ]
      ],
      "matrix_ego_from_sensor_carla": [
        [
          -0.5735764503479004,
          -0.8191520571708679,
          -1.1926120180305588e-07,
          -1.3000030517578125
        ],
        [
          0.8191520571708679,
          -0.5735764503479004,
          -5.163269367614021e-09,
          0.5500025749206543
        ],
        [
          -6.445743849781138e-08,
          -1.0056255206336573e-07,
          1.0,
          1.6999999284744263
        ],
        [
          0.0,
          0.0,
          0.0,
          1.0
        ]
      ],
      "matrix_ego_from_sensor_bevfusion": [
        [
          -0.8191520571708679,
          1.1926120180305588e-07,
          -0.5735764503479004,
          -1.3000030517578125
        ],
        [
          0.5735764503479004,
          -5.163269367614021e-09,
          -0.8191520571708679,
          -0.5500025749206543
        ],
        [
          -1.0056255206336573e-07,
          -1.0,
          -6.445743849781138e-08,
          1.6999999284744263
        ],
        [
          0.0,
          0.0,
          0.0,
          1.0
        ]
      ],
      "camera_intrinsics": [
        [
          1142.5184326171875,
          0.0,
          800.0
        ],
        [
          0.0,
          1142.5184326171875,
          450.0
        ],
        [
          0.0,
          0.0,
          1.0
        ]
      ],
      "data_path": "D:\\Agent-AI\\outputs\\samples\\sample_000014\\images\\CAM_BACK_RIGHT.png",
      "raw_layout": "bgra8"
    },
    "LIDAR_TOP": {
      "type_id": "sensor.lidar.ray_cast",
      "blueprint_attributes": {
        "atmosphere_attenuation_rate": "0.004",
        "role_name": "front",
        "noise_seed": "0",
        "upper_fov": "10.0",
        "ros_name": "sensor.lidar.ray_cast",
        "sensor_tick": "0.050000",
        "channels": "32",
        "range": "120.0",
        "points_per_second": "360000",
        "lower_fov": "-30.0",
        "rotation_frequency": "20.000000",
        "horizontal_fov": "360.0",
        "dropoff_general_rate": "0.0",
        "dropoff_intensity_limit": "1.0",
        "noise_stddev": "0.0",
        "dropoff_zero_intensity": "0.0"
      },
      "transform_carla": {
        "location": {
          "x": -58.565521240234375,
          "y": 23.342119216918945,
          "z": 2.193265438079834
        },
        "rotation": {
          "roll": 0.7081630229949951,
          "pitch": 0.5799991488456726,
          "yaw": -15.110308647155762
        }
      },
      "matrix_world_from_sensor_carla": [
        [
          0.9653762578964233,
          0.26077908277511597,
          -0.006550147198140621,
          -58.565521240234375
        ],
        [
          -0.26066485047340393,
          0.9653193950653076,
          0.01457071304321289,
          23.342119216918945
        ],
        [
          0.010122721083462238,
          -0.012358828447759151,
          0.9998723864555359,
          2.193265438079834
        ],
        [
          0.0,
          0.0,
          0.0,
          1.0
        ]
      ],
      "matrix_world_from_sensor_bevfusion": [
        [
          0.9653762578964233,
          -0.26077908277511597,
          -0.006550147198140621,
          -58.565521240234375
        ],
        [
          0.26066485047340393,
          0.9653193950653076,
          -0.01457071304321289,
          -23.342119216918945
        ],
        [
          0.010122721083462238,
          0.012358828447759151,
          0.9998723864555359,
          2.193265438079834
        ],
        [
          0.0,
          0.0,
          0.0,
          1.0
        ]
      ],
      "matrix_ego_from_sensor_carla": [
        [
          1.0,
          2.182347991208644e-08,
          -9.832286096411735e-10,
          3.814697265625e-06
        ],
        [
          -7.969415349862174e-09,
          1.0,
          4.2466596905654797e-10,
          1.9073486328125e-06
        ],
        [
          -5.190609053684625e-11,
          4.247848184313341e-10,
          1.0,
          2.1999998092651367
        ],
        [
          0.0,
          0.0,
          0.0,
          1.0
        ]
      ],
      "matrix_ego_from_sensor_bevfusion": [
        [
          1.0,
          -2.182347991208644e-08,
          -9.832286096411735e-10,
          3.814697265625e-06
        ],
        [
          7.969415349862174e-09,
          1.0,
          -4.2466596905654797e-10,
          -1.9073486328125e-06
        ],
        [
          -5.190609053684625e-11,
          -4.247848184313341e-10,
          1.0,
          2.1999998092651367
        ],
        [
          0.0,
          0.0,
          0.0,
          1.0
        ]
      ],
      "data_path": "D:\\Agent-AI\\outputs\\samples\\sample_000014\\lidar\\LIDAR_TOP.npy",
      "raw_layout": [
        "x",
        "y",
        "z",
        "intensity"
      ]
    },
    "RADAR_FRONT": {
      "type_id": "sensor.other.radar",
      "blueprint_attributes": {
        "sensor_tick": "0.050000",
        "role_name": "default",
        "noise_seed": "0",
        "ros_name": "sensor.other.radar",
        "horizontal_fov": "35.0",
        "points_per_second": "1500",
        "vertical_fov": "20.0",
        "range": "120.0"
      },
      "transform_carla": {
        "location": {
          "x": -56.62625503540039,
          "y": 22.801847457885742,
          "z": 0.9136770367622375
        },
        "rotation": {
          "roll": 0.7081630229949951,
          "pitch": 0.5799991488456726,
          "yaw": -15.110308647155762
        }
      },
      "matrix_world_from_sensor_carla": [
        [
          0.9653762578964233,
          0.26077908277511597,
          -0.006550147198140621,
          -56.62625503540039
        ],
        [
          -0.26066485047340393,
          0.9653193950653076,
          0.01457071304321289,
          22.801847457885742
        ],
        [
          0.010122721083462238,
          -0.012358828447759151,
          0.9998723864555359,
          0.9136770367622375
        ],
        [
          0.0,
          0.0,
          0.0,
          1.0
        ]
      ],
      "matrix_world_from_sensor_bevfusion": [
        [
          0.9653762578964233,
          -0.26077908277511597,
          -0.006550147198140621,
          -56.62625503540039
        ],
        [
          0.26066485047340393,
          0.9653193950653076,
          -0.01457071304321289,
          -22.801847457885742
        ],
        [
          0.010122721083462238,
          0.012358828447759151,
          0.9998723864555359,
          0.9136770367622375
        ],
        [
          0.0,
          0.0,
          0.0,
          1.0
        ]
      ],
      "matrix_ego_from_sensor_carla": [
        [
          1.0,
          2.182347991208644e-08,
          -9.832286096411735e-10,
          2.0
        ],
        [
          -7.969415349862174e-09,
          1.0,
          4.2466596905654797e-10,
          1.430511474609375e-06
        ],
        [
          -5.190609053684625e-11,
          4.247848184313341e-10,
          1.0,
          0.9000002145767212
        ],
        [
          0.0,
          0.0,
          0.0,
          1.0
        ]
      ],
      "matrix_ego_from_sensor_bevfusion": [
        [
          1.0,
          -2.182347991208644e-08,
          -9.832286096411735e-10,
          2.0
        ],
        [
          7.969415349862174e-09,
          1.0,
          -4.2466596905654797e-10,
          -1.430511474609375e-06
        ],
        [
          -5.190609053684625e-11,
          -4.247848184313341e-10,
          1.0,
          0.9000002145767212
        ],
        [
          0.0,
          0.0,
          0.0,
          1.0
        ]
      ],
      "data_path": "D:\\Agent-AI\\outputs\\samples\\sample_000014\\radar\\RADAR_FRONT.npy",
      "raw_layout": [
        "velocity",
        "altitude",
        "azimuth",
        "depth"
      ]
    },
    "RADAR_FRONT_LEFT": {
      "type_id": "sensor.other.radar",
      "blueprint_attributes": {
        "sensor_tick": "0.050000",
        "role_name": "default",
        "noise_seed": "0",
        "ros_name": "sensor.other.radar",
        "horizontal_fov": "35.0",
        "points_per_second": "1500",
        "vertical_fov": "20.0",
        "range": "120.0"
      },
      "transform_carla": {
        "location": {
          "x": -57.15972137451172,
          "y": 22.169092178344727,
          "z": 0.9194031953811646
        },
        "rotation": {
          "roll": 0.0906008929014206,
          "pitch": 0.9108603000640869,
          "yaw": -60.1131477355957
        }
      },
      "matrix_world_from_sensor_carla": [
        [
          0.49822577834129333,
          0.8670225739479065,
          -0.00655021658167243,
          -57.15972137451172
        ],
        [
          -0.8669015765190125,
          0.498266339302063,
          0.01457065436989069,
          22.169092178344727
        ],
        [
          0.015896840021014214,
          -0.001581083401106298,
          0.9998723864555359,
          0.9194031953811646
        ],
        [
          0.0,
          0.0,
          0.0,
          1.0
        ]
      ],
      "matrix_world_from_sensor_bevfusion": [
        [
          0.49822577834129333,
          -0.8670225739479065,
          -0.00655021658167243,
          -57.15972137451172
        ],
        [
          0.8669015765190125,
          0.498266339302063,
          -0.01457065436989069,
          -22.169092178344727
        ],
        [
          0.015896840021014214,
          0.001581083401106298,
          0.9998723864555359,
          0.9194031953811646
        ],
        [
          0.0,
          0.0,
          0.0,
          1.0
        ]
      ],
      "matrix_ego_from_sensor_carla": [
        [
          0.7071070671081543,
          0.7071064710617065,
          -5.220596932531407e-08,
          1.6500015258789062
        ],
        [
          -0.7071065306663513,
          0.7071070671081543,
          -7.501246557239938e-08,
          -0.7499961853027344
        ],
        [
          -1.5132695097008764e-08,
          8.965970010876845e-08,
          1.0,
          0.9000002145767212
        ],
        [
          0.0,
          0.0,
          0.0,
          1.0
        ]
      ],
      "matrix_ego_from_sensor_bevfusion": [
        [
          0.7071070671081543,
          -0.7071064710617065,
          -5.220596932531407e-08,
          1.6500015258789062
        ],
        [
          0.7071065306663513,
          0.7071070671081543,
          7.501246557239938e-08,
          0.7499961853027344
        ],
        [
          -1.5132695097008764e-08,
          -8.965970010876845e-08,
          1.0,
          0.9000002145767212
        ],
        [
          0.0,
          0.0,
          0.0,
          1.0
        ]
      ],
      "data_path": "D:\\Agent-AI\\outputs\\samples\\sample_000014\\radar\\RADAR_FRONT_LEFT.npy",
      "raw_layout": [
        "velocity",
        "altitude",
        "azimuth",
        "depth"
      ]
    },
    "RADAR_FRONT_RIGHT": {
      "type_id": "sensor.other.radar",
      "blueprint_attributes": {
        "sensor_tick": "0.050000",
        "role_name": "default",
        "noise_seed": "0",
        "ros_name": "sensor.other.radar",
        "horizontal_fov": "35.0",
        "points_per_second": "1500",
        "vertical_fov": "20.0",
