{
  "schema_version": "stage1.v1",
  "sample_name": "sample_000080",
  "sequence_index": 80,
  "previous_sample_name": "sample_000079",
  "frame_id": 60081,
  "timestamp": 443.01970086991787,
  "platform_timestamp": 16814598.5093819,
  "delta_seconds": 0.10000000149011612,
  "town": "Carla/Maps/Town10HD_Opt",
  "weather": {
    "cloudiness": 20.0,
    "dust_storm": 0.0,
    "fog_density": 2.0,
    "fog_distance": 0.75,
    "fog_falloff": 0.10000000149011612,
    "mie_scattering_scale": 0.029999999329447746,
    "precipitation": 0.0,
    "precipitation_deposits": 0.0,
    "rayleigh_scattering_scale": 0.03310000151395798,
    "scattering_intensity": 1.0,
    "sun_altitude_angle": 45.0,
    "sun_azimuth_angle": 300.0,
    "wetness": 0.0,
    "wind_intensity": 10.0
  },
  "sensor_names": [
    "CAM_FRONT",
    "CAM_FRONT_RIGHT",
    "CAM_FRONT_LEFT",
    "CAM_BACK",
    "CAM_BACK_LEFT",
    "CAM_BACK_RIGHT",
    "LIDAR_TOP",
    "RADAR_FRONT",
    "RADAR_FRONT_LEFT",
    "RADAR_FRONT_RIGHT",
    "RADAR_BACK_LEFT",
    "RADAR_BACK_RIGHT"
  ],
  "camera_order_for_model": [
    "CAM_FRONT",
    "CAM_FRONT_RIGHT",
    "CAM_FRONT_LEFT",
    "CAM_BACK",
    "CAM_BACK_LEFT",
    "CAM_BACK_RIGHT"
  ],
  "radar_order_for_model": [
    "RADAR_FRONT",
    "RADAR_FRONT_LEFT",
    "RADAR_FRONT_RIGHT",
    "RADAR_BACK_LEFT",
    "RADAR_BACK_RIGHT"
  ],
  "coordinate_notes": {
    "carla_world": "left-handed x-forward y-right z-up",
    "bevfusion_lidar": "x-forward y-left z-up",
    "camera_frame_for_model": "OpenCV style x-right y-down z-forward"
  },
  "ego": {
    "actor_id": 28,
    "transform_carla": {
      "location": {
        "x": 79.05732727050781,
        "y": -61.7027473449707,
        "z": -0.00508678425103426
      },
      "rotation": {
        "roll": 0.10256244242191315,
        "pitch": 0.1584262251853943,
        "yaw": -159.28036499023438
      }
    },
    "velocity_carla": [
      -3.39573073387146,
      -1.154352068901062,
      -6.4849850787140895e-06
    ],
    "angular_velocity_carla": [
      -0.0433257557451725,
      -0.3430326282978058,
      -4.66039514541626
    ],
    "matrix_world_from_ego_carla": [
      [
        -0.9353193044662476,
        0.35379019379615784,
        0.0032195276580750942,
        79.05732727050781
      ],
      [
        -0.35379403829574585,
        -0.9353231191635132,
        -0.0006960136815905571,
        -61.7027473449707
      ],
      [
        0.0027650557458400726,
        -0.0017900444800034165,
        0.9999945759773254,
        -0.00508678425103426
      ],
      [
        0.0,
        0.0,
        0.0,
        1.0
      ]
    ],
    "matrix_world_from_ego_bevfusion": [
      [
        -0.9353193044662476,
        -0.35379019379615784,
        0.0032195276580750942,
        79.05732727050781
      ],
      [
        0.35379403829574585,
        -0.9353231191635132,
        0.0006960136815905571,
        61.7027473449707
      ],
      [
        0.0027650557458400726,
        0.0017900444800034165,
        0.9999945759773254,
        -0.00508678425103426
      ],
      [
        0.0,
        0.0,
        0.0,
        1.0
      ]
    ]
  },
  "sensors": {
    "CAM_FRONT": {
      "type_id": "sensor.camera.rgb",
      "blueprint_attributes": {
        "role_name": "front",
        "ros_name": "sensor.camera.rgb",
        "chromatic_aberration_offset": "0.0",
        "sensor_tick": "0.100000",
        "fstop": "1.4",
        "image_size_x": "960",
        "image_size_y": "540",
        "fov": "70.00",
        "lens_circle_falloff": "5.0",
        "lens_circle_multiplier": "0.0",
        "exposure_compensation": "0.0",
        "lens_y_size": "0.08",
        "lens_k": "-1.0",
        "exposure_mode": "histogram",
        "lens_kcube": "0.0",
        "lens_x_size": "0.08",
        "exposure_max_bright": "12.0",
        "shutter_speed": "200.0",
        "bloom_intensity": "0.675",
        "iso": "100.0",
        "enable_postprocess_effects": "false",
        "gamma": "2.2",
        "motion_blur_intensity": "0.0",
        "motion_blur_max_distortion": "0.35",
        "lens_flare_intensity": "0.1",
        "motion_blur_min_object_screen_size": "0.1",
        "exposure_min_bright": "10.0",
        "exposure_speed_up": "3.0",
        "exposure_speed_down": "1.0",
        "tint": "0.0",
        "calibration_constant": "16.0",
        "focal_distance": "1000.0",
        "min_fstop": "1.2",
        "blade_count": "5",
        "blur_amount": "0.0",
        "blur_radius": "0.0",
        "slope": "0.88",
        "toe": "0.55",
        "white_clip": "0.04",
        "shoulder": "0.26",
        "black_clip": "0.0",
        "temp": "6500.0",
        "chromatic_aberration_intensity": "0.0"
      },
      "transform_carla": {
        "location": {
          "x": 77.61305236816406,
          "y": -62.25231170654297,
          "z": 1.6991896629333496
        },
        "rotation": {
          "roll": 0.10256244242191315,
          "pitch": 0.1584262251853943,
          "yaw": -159.28036499023438
        }
      },
      "matrix_world_from_sensor_carla": [
        [
          -0.9353193044662476,
          0.35379019379615784,
          0.0032195276580750942,
          77.61305236816406
        ],
        [
          -0.35379403829574585,
          -0.9353231191635132,
          -0.0006960136815905571,
          -62.25231170654297
        ],
        [
          0.0027650557458400726,
          -0.0017900444800034165,
          0.9999945759773254,
          1.6991896629333496
        ],
        [
          0.0,
          0.0,
          0.0,
          1.0
        ]
      ],
      "matrix_world_from_sensor_bevfusion": [
        [
          0.35379019379615784,
          -0.0032195276580750942,
          -0.9353193044662476,
          77.61305236816406
        ],
        [
          0.9353231191635132,
          -0.0006960136815905571,
          0.35379403829574585,
          62.25231170654297
        ],
        [
          -0.0017900444800034165,
          -0.9999945759773254,
          0.0027650557458400726,
          1.6991896629333496
        ],
        [
          0.0,
          0.0,
          0.0,
          1.0
        ]
      ],
      "matrix_ego_from_sensor_carla": [
        [
          1.0,
          -1.2581329755789739e-08,
          -9.656386801282224e-11,
          1.5500030517578125
        ],
        [
          -5.794547508486403e-09,
          1.0,
          -6.964455401270442e-11,
          -7.62939453125e-06
        ],
        [
          -9.656386801282224e-11,
          -6.964518545204967e-11,
          1.0,
          1.6999998092651367
        ],
        [
          0.0,
          0.0,
          0.0,
          1.0
        ]
      ],
      "matrix_ego_from_sensor_bevfusion": [
        [
          -1.2581329755789739e-08,
          9.656386801282224e-11,
          1.0,
          1.5500030517578125
        ],
        [
          -1.0,
          -6.964455401270442e-11,
          5.794547508486403e-09,
          7.62939453125e-06
        ],
        [
          -6.964518545204967e-11,
          -1.0,
          -9.656386801282224e-11,
          1.6999998092651367
        ],
        [
          0.0,
          0.0,
          0.0,
          1.0
        ]
      ],
      "camera_intrinsics": [
        [
          685.5110473632812,
          0.0,
          480.0
        ],
        [
          0.0,
          685.5110473632812,
          270.0
        ],
        [
          0.0,
          0.0,
          1.0
        ]
      ],
      "data_path": "D:\\Agent-AI\\outputs\\s3a_ml_long_v2\\sample_000080\\images\\CAM_FRONT.png",
      "raw_layout": "bgra8"
    },
    "CAM_FRONT_RIGHT": {
      "type_id": "sensor.camera.rgb",
      "blueprint_attributes": {
        "role_name": "front",
        "ros_name": "sensor.camera.rgb",
        "chromatic_aberration_offset": "0.0",
        "sensor_tick": "0.100000",
        "fstop": "1.4",
        "image_size_x": "960",
        "image_size_y": "540",
        "fov": "70.00",
        "lens_circle_falloff": "5.0",
        "lens_circle_multiplier": "0.0",
        "exposure_compensation": "0.0",
        "lens_y_size": "0.08",
        "lens_k": "-1.0",
        "exposure_mode": "histogram",
        "lens_kcube": "0.0",
        "lens_x_size": "0.08",
        "exposure_max_bright": "12.0",
        "shutter_speed": "200.0",
        "bloom_intensity": "0.675",
        "iso": "100.0",
        "enable_postprocess_effects": "false",
        "gamma": "2.2",
        "motion_blur_intensity": "0.0",
        "motion_blur_max_distortion": "0.35",
        "lens_flare_intensity": "0.1",
        "motion_blur_min_object_screen_size": "0.1",
        "exposure_min_bright": "10.0",
        "exposure_speed_up": "3.0",
        "exposure_speed_down": "1.0",
        "tint": "0.0",
        "calibration_constant": "16.0",
        "focal_distance": "1000.0",
        "min_fstop": "1.2",
        "blade_count": "5",
        "blur_amount": "0.0",
        "blur_radius": "0.0",
        "slope": "0.88",
        "toe": "0.55",
        "white_clip": "0.04",
        "shoulder": "0.26",
        "black_clip": "0.0",
        "temp": "6500.0",
        "chromatic_aberration_intensity": "0.0"
      },
      "transform_carla": {
        "location": {
          "x": 78.04146575927734,
          "y": -62.67829132080078,
          "z": 1.6975138187408447
        },
        "rotation": {
          "roll": 0.18860246241092682,
          "pitch": 0.006857509724795818,
          "yaw": -104.28052520751953
        }
      },
      "matrix_world_from_sensor_carla": [
        [
          -0.24666956067085266,
          0.9690942764282227,
          0.003219535108655691,
          78.04146575927734
        ],
        [
          -0.9690996408462524,
          -0.24666860699653625,
          -0.0006959819584153593,
          -62.67829132080078
        ],
        [
          0.00011968611943302676,
          -0.003291727975010872,
          0.9999945759773254,
          1.6975138187408447
        ],
        [
          0.0,
          0.0,
          0.0,
          1.0
        ]
      ],
      "matrix_world_from_sensor_bevfusion": [
        [
          0.9690942764282227,
          -0.003219535108655691,
          -0.24666956067085266,
          78.04146575927734
        ],
        [
          0.24666860699653625,
          -0.0006959819584153593,
          0.9690996408462524,
          62.67829132080078
        ],
        [
          -0.003291727975010872,
          -0.9999945759773254,
          0.00011968611943302676,
          1.6975138187408447
        ],
        [
          0.0,
          0.0,
          0.0,
          1.0
        ]
      ],
      "matrix_ego_from_sensor_carla": [
        [
          0.573576807975769,
          -0.819151759147644,
          -1.8257354739148468e-08,
          1.3000030517578125
        ],
        [
          0.819151759147644,
          0.5735767483711243,
          -2.7077998510094403e-08,
          0.5500030517578125
        ],
        [
          3.2485530709891464e-08,
          1.5927825725015055e-10,
          1.0,
          1.6999998092651367
        ],
        [
          0.0,
          0.0,
          0.0,
          1.0
        ]
      ],
      "matrix_ego_from_sensor_bevfusion": [
        [
          -0.819151759147644,
          1.8257354739148468e-08,
          0.573576807975769,
          1.3000030517578125
        ],
        [
          -0.5735767483711243,
          -2.7077998510094403e-08,
          -0.819151759147644,
          -0.5500030517578125
        ],
        [
          1.5927825725015055e-10,
          -1.0,
          3.2485530709891464e-08,
          1.6999998092651367
        ],
        [
          0.0,
          0.0,
          0.0,
          1.0
        ]
      ],
      "camera_intrinsics": [
        [
          685.5110473632812,
          0.0,
          480.0
        ],
        [
          0.0,
          685.5110473632812,
          270.0
        ],
        [
          0.0,
          0.0,
          1.0
        ]
      ],
      "data_path": "D:\\Agent-AI\\outputs\\s3a_ml_long_v2\\sample_000080\\images\\CAM_FRONT_RIGHT.png",
      "raw_layout": "bgra8"
    },
    "CAM_FRONT_LEFT": {
      "type_id": "sensor.camera.rgb",
      "blueprint_attributes": {
        "role_name": "front",
        "ros_name": "sensor.camera.rgb",
        "chromatic_aberration_offset": "0.0",
        "sensor_tick": "0.100000",
        "fstop": "1.4",
        "image_size_x": "960",
        "image_size_y": "540",
        "fov": "70.00",
        "lens_circle_falloff": "5.0",
        "lens_circle_multiplier": "0.0",
        "exposure_compensation": "0.0",
        "lens_y_size": "0.08",
        "lens_k": "-1.0",
        "exposure_mode": "histogram",
        "lens_kcube": "0.0",
        "lens_x_size": "0.08",
        "exposure_max_bright": "12.0",
        "shutter_speed": "200.0",
        "bloom_intensity": "0.675",
        "iso": "100.0",
        "enable_postprocess_effects": "false",
        "gamma": "2.2",
        "motion_blur_intensity": "0.0",
        "motion_blur_max_distortion": "0.35",
        "lens_flare_intensity": "0.1",
        "motion_blur_min_object_screen_size": "0.1",
        "exposure_min_bright": "10.0",
        "exposure_speed_up": "3.0",
        "exposure_speed_down": "1.0",
        "tint": "0.0",
        "calibration_constant": "16.0",
        "focal_distance": "1000.0",
        "min_fstop": "1.2",
        "blade_count": "5",
        "blur_amount": "0.0",
        "blur_radius": "0.0",
        "slope": "0.88",
        "toe": "0.55",
        "white_clip": "0.04",
        "shoulder": "0.26",
        "black_clip": "0.0",
        "temp": "6500.0",
        "chromatic_aberration_intensity": "0.0"
      },
      "transform_carla": {
        "location": {
          "x": 77.65230560302734,
          "y": -61.649436950683594,
          "z": 1.699483036994934
        },
        "rotation": {
          "roll": -0.07094819098711014,
          "pitch": 0.17488698661327362,
          "yaw": 145.71934509277344
        }
      },
      "matrix_world_from_sensor_carla": [
        [
          -0.826284646987915,
          -0.5632436275482178,
          0.0032195760868489742,
          77.65230560302734
        ],
        [
          0.5632445216178894,
          -0.8262899518013,
          -0.0006960497703403234,
          -61.649436950683594
        ],
        [
          0.003052348969504237,
          0.0012382734566926956,
          0.9999945759773254,
          1.699483036994934
        ],
        [
          0.0,
          0.0,
          0.0,
          1.0
        ]
      ],
      "matrix_world_from_sensor_bevfusion": [
        [
          -0.5632436275482178,
          -0.0032195760868489742,
          -0.826284646987915,
          77.65230560302734
        ],
        [
          0.8262899518013,
          -0.0006960497703403234,
          -0.5632445216178894,
          61.649436950683594
        ],
        [
          0.0012382734566926956,
          -0.9999945759773254,
          0.003052348969504237,
          1.699483036994934
        ],
        [
          0.0,
          0.0,
          0.0,
          1.0
        ]
      ],
      "matrix_ego_from_sensor_carla": [
        [
          0.5735758543014526,
          0.8191524744033813,
          -3.2460022225677676e-08,
          1.2999992370605469
        ],
        [
          -0.8191524147987366,
          0.5735757946968079,
          5.080385179212499e-08,
          -0.5499954223632812
        ],
        [
          6.051093492942528e-08,
          -2.6418871534872324e-09,
          1.0,
          1.6999999284744263
        ],
        [
          0.0,
          0.0,
          0.0,
          1.0
        ]
      ],
      "matrix_ego_from_sensor_bevfusion": [
        [
          0.8191524744033813,
          3.2460022225677676e-08,
          0.5735758543014526,
          1.2999992370605469
        ],
        [
          -0.5735757946968079,
          5.080385179212499e-08,
          0.8191524147987366,
          0.5499954223632812
        ],
        [
          -2.6418871534872324e-09,
          -1.0,
          6.051093492942528e-08,
          1.6999999284744263
        ],
        [
          0.0,
          0.0,
          0.0,
          1.0
        ]
      ],
      "camera_intrinsics": [
        [
          685.5110473632812,
          0.0,
          480.0
        ],
        [
          0.0,
          685.5110473632812,
          270.0
        ],
        [
          0.0,
          0.0,
          1.0
        ]
      ],
      "data_path": "D:\\Agent-AI\\outputs\\s3a_ml_long_v2\\sample_000080\\images\\CAM_FRONT_LEFT.png",
      "raw_layout": "bgra8"
    },
    "CAM_BACK": {
      "type_id": "sensor.camera.rgb",
      "blueprint_attributes": {
        "role_name": "front",
        "ros_name": "sensor.camera.rgb",
        "chromatic_aberration_offset": "0.0",
        "sensor_tick": "0.100000",
        "fstop": "1.4",
        "image_size_x": "960",
        "image_size_y": "540",
        "fov": "70.00",
        "lens_circle_falloff": "5.0",
        "lens_circle_multiplier": "0.0",
        "exposure_compensation": "0.0",
        "lens_y_size": "0.08",
        "lens_k": "-1.0",
        "exposure_mode": "histogram",
        "lens_kcube": "0.0",
        "lens_x_size": "0.08",
        "exposure_max_bright": "12.0",
        "shutter_speed": "200.0",
        "bloom_intensity": "0.675",
        "iso": "100.0",
        "enable_postprocess_effects": "false",
        "gamma": "2.2",
        "motion_blur_intensity": "0.0",
        "motion_blur_max_distortion": "0.35",
        "lens_flare_intensity": "0.1",
        "motion_blur_min_object_screen_size": "0.1",
        "exposure_min_bright": "10.0",
        "exposure_speed_up": "3.0",
        "exposure_speed_down": "1.0",
        "tint": "0.0",
        "calibration_constant": "16.0",
        "focal_distance": "1000.0",
        "min_fstop": "1.2",
        "blade_count": "5",
        "blur_amount": "0.0",
        "blur_radius": "0.0",
        "slope": "0.88",
        "toe": "0.55",
        "white_clip": "0.04",
        "shoulder": "0.26",
        "black_clip": "0.0",
        "temp": "6500.0",
        "chromatic_aberration_intensity": "0.0"
      },
      "transform_carla": {
        "location": {
          "x": 80.5125503540039,
          "y": -61.15555191040039,
          "z": 1.6906180381774902
        },
        "rotation": {
          "roll": -0.10256247967481613,
          "pitch": -0.1584262251853943,
          "yaw": 20.719636917114258
        }
      },
      "matrix_world_from_sensor_carla": [
        [
          0.9353192448616028,
          -0.3537902235984802,
          0.0032195276580750942,
          80.5125503540039
        ],
        [
          0.35379406809806824,
          0.9353230595588684,
          -0.0006960141472518444,
          -61.15555191040039
        ],
        [
          -0.0027650557458400726,
          0.0017900451784953475,
          0.9999945759773254,
          1.6906180381774902
        ],
        [
          0.0,
          0.0,
          0.0,
          1.0
        ]
      ],
      "matrix_world_from_sensor_bevfusion": [
        [
          -0.3537902235984802,
          -0.0032195276580750942,
          0.9353192448616028,
          80.5125503540039
        ],
        [
          -0.9353230595588684,
          -0.0006960141472518444,
          -0.35379406809806824,
          61.15555191040039
        ],
        [
          0.0017900451784953475,
          -0.9999945759773254,
          -0.0027650557458400726,
          1.6906180381774902
        ],
        [
          0.0,
          0.0,
          0.0,
          1.0
        ]
      ],
      "matrix_ego_from_sensor_carla": [
        [
          -0.9999999403953552,
          6.347313075139027e-08,
          1.362667756410474e-10,
          -1.5500106811523438
        ],
        [
          -5.188242369058571e-08,
          -0.9999999403953552,
          3.9601671941724703e-10,
          0.0
        ],
        [
          -1.362667756410474e-10,
          6.517180128895461e-10,
          1.0,
          1.6999999284744263
        ],
        [
          0.0,
          0.0,
          0.0,
          1.0
        ]
      ],
      "matrix_ego_from_sensor_bevfusion": [
        [
          6.347313075139027e-08,
          -1.362667756410474e-10,
          -0.9999999403953552,
          -1.5500106811523438
        ],
        [
          0.9999999403953552,
          3.9601671941724703e-10,
          5.188242369058571e-08,
          0.0
        ],
        [
          6.517180128895461e-10,
          -1.0,
          -1.362667756410474e-10,
          1.6999999284744263
        ],
        [
          0.0,
          0.0,
          0.0,
          1.0
        ]
      ],
      "camera_intrinsics": [
        [
          685.5110473632812,
          0.0,
          480.0
        ],
        [
          0.0,
          685.5110473632812,
          270.0
        ],
        [
          0.0,
          0.0,
          1.0
        ]
      ],
      "data_path": "D:\\Agent-AI\\outputs\\s3a_ml_long_v2\\sample_000080\\images\\CAM_BACK.png",
      "raw_layout": "bgra8"
    },
    "CAM_BACK_LEFT": {
      "type_id": "sensor.camera.rgb",
      "blueprint_attributes": {
        "role_name": "front",
        "ros_name": "sensor.camera.rgb",
        "chromatic_aberration_offset": "0.0",
        "sensor_tick": "0.100000",
        "fstop": "1.4",
        "image_size_x": "960",
        "image_size_y": "540",
        "fov": "70.00",
        "lens_circle_falloff": "5.0",
        "lens_circle_multiplier": "0.0",
        "exposure_compensation": "0.0",
        "lens_y_size": "0.08",
        "lens_k": "-1.0",
        "exposure_mode": "histogram",
        "lens_kcube": "0.0",
        "lens_x_size": "0.08",
        "exposure_max_bright": "12.0",
        "shutter_speed": "200.0",
        "bloom_intensity": "0.675",
        "iso": "100.0",
        "enable_postprocess_effects": "false",
        "gamma": "2.2",
        "motion_blur_intensity": "0.0",
        "motion_blur_max_distortion": "0.35",
        "lens_flare_intensity": "0.1",
        "motion_blur_min_object_screen_size": "0.1",
        "exposure_min_bright": "10.0",
        "exposure_speed_up": "3.0",
        "exposure_speed_down": "1.0",
        "tint": "0.0",
        "calibration_constant": "16.0",
        "focal_distance": "1000.0",
        "min_fstop": "1.2",
        "blade_count": "5",
        "blur_amount": "0.0",
        "blur_radius": "0.0",
        "slope": "0.88",
        "toe": "0.55",
        "white_clip": "0.04",
        "shoulder": "0.26",
        "black_clip": "0.0",
        "temp": "6500.0",
        "chromatic_aberration_intensity": "0.0"
      },
      "transform_carla": {
        "location": {
          "x": 80.0841293334961,
          "y": -60.72956848144531,
          "z": 1.6922940015792847
        },
        "rotation": {
          "roll": -0.18860246241092682,
          "pitch": -0.006857509724795818,
          "yaw": 75.7194595336914
        }
      },
      "matrix_world_from_sensor_carla": [
        [
          0.2466699331998825,
          -0.9690942168235779,
          0.0032195348758250475,
          80.0841293334961
        ],
        [
          0.9690995812416077,
          0.2466689795255661,
          -0.0006959831807762384,
          -60.72956848144531
        ],
        [
          -0.00011968611943302676,
          0.003291727975010872,
          0.9999945759773254,
          1.6922940015792847
        ],
        [
          0.0,
          0.0,
          0.0,
          1.0
        ]
      ],
      "matrix_world_from_sensor_bevfusion": [
        [
          -0.9690942168235779,
          -0.0032195348758250475,
          0.2466699331998825,
          80.0841293334961
        ],
        [
          -0.2466689795255661,
          -0.0006959831807762384,
          -0.9690995812416077,
          60.72956848144531
        ],
        [
          0.003291727975010872,
          -0.9999945759773254,
          -0.00011968611943302676,
          1.6922940015792847
        ],
        [
          0.0,
          0.0,
          0.0,
          1.0
        ]
      ],
      "matrix_ego_from_sensor_carla": [
        [
          -0.5735771059989929,
          0.8191515803337097,
          -1.755886280818686e-08,
          -1.3000030517578125
        ],
        [
          -0.8191515803337097,
          -0.5735770463943481,
          -2.603026061365199e-08,
          -0.5500030517578125
        ],
        [
          -3.1277721745937015e-08,
          -1.5927825725015055e-10,
          1.0,
          1.7000000476837158
        ],
        [
          0.0,
          0.0,
          0.0,
          1.0
        ]
      ],
      "matrix_ego_from_sensor_bevfusion": [
        [
          0.8191515803337097,
          1.755886280818686e-08,
          -0.5735771059989929,
          -1.3000030517578125
        ],
        [
          0.5735770463943481,
          -2.603026061365199e-08,
          0.8191515803337097,
          0.5500030517578125
        ],
        [
          -1.5927825725015055e-10,
          -1.0,
          -3.1277721745937015e-08,
          1.7000000476837158
        ],
        [
          0.0,
          0.0,
          0.0,
          1.0
        ]
      ],
      "camera_intrinsics": [
        [
          685.5110473632812,
          0.0,
          480.0
        ],
        [
          0.0,
          685.5110473632812,
          270.0
        ],
        [
          0.0,
          0.0,
          1.0
        ]
      ],
      "data_path": "D:\\Agent-AI\\outputs\\s3a_ml_long_v2\\sample_000080\\images\\CAM_BACK_LEFT.png",
      "raw_layout": "bgra8"
    },
    "CAM_BACK_RIGHT": {
      "type_id": "sensor.camera.rgb",
      "blueprint_attributes": {
        "role_name": "front",
        "ros_name": "sensor.camera.rgb",
        "chromatic_aberration_offset": "0.0",
        "sensor_tick": "0.100000",
        "fstop": "1.4",
        "image_size_x": "960",
        "image_size_y": "540",
        "fov": "70.00",
        "lens_circle_falloff": "5.0",
        "lens_circle_multiplier": "0.0",
        "exposure_compensation": "0.0",
        "lens_y_size": "0.08",
        "lens_k": "-1.0",
        "exposure_mode": "histogram",
        "lens_kcube": "0.0",
        "lens_x_size": "0.08",
        "exposure_max_bright": "12.0",
        "shutter_speed": "200.0",
        "bloom_intensity": "0.675",
        "iso": "100.0",
        "enable_postprocess_effects": "false",
        "gamma": "2.2",
        "motion_blur_intensity": "0.0",
        "motion_blur_max_distortion": "0.35",
        "lens_flare_intensity": "0.1",
        "motion_blur_min_object_screen_size": "0.1",
        "exposure_min_bright": "10.0",
        "exposure_speed_up": "3.0",
        "exposure_speed_down": "1.0",
        "tint": "0.0",
        "calibration_constant": "16.0",
        "focal_distance": "1000.0",
        "min_fstop": "1.2",
        "blade_count": "5",
        "blur_amount": "0.0",
        "blur_radius": "0.0",
        "slope": "0.88",
        "toe": "0.55",
        "white_clip": "0.04",
        "shoulder": "0.26",
        "black_clip": "0.0",
        "temp": "6500.0",
        "chromatic_aberration_intensity": "0.0"
      },
      "transform_carla": {
        "location": {
          "x": 80.47329711914062,
          "y": -61.758426666259766,
          "z": 1.6903247833251953
        },
        "rotation": {
          "roll": 0.07094819843769073,
          "pitch": -0.17488698661327362,
          "yaw": -34.2806396484375
        }
      },
      "matrix_world_from_sensor_carla": [
        [
          0.8262848258018494,
          0.5632433891296387,
          0.003219576319679618,
          80.47329711914062
        ],
        [
          -0.5632442831993103,
          0.8262901306152344,
          -0.000696048722602427,
          -61.758426666259766
        ],
        [
          -0.003052348969504237,
          -0.0012382735731080174,
          0.9999945759773254,
          1.6903247833251953
        ],
        [
          0.0,
          0.0,
          0.0,
          1.0
        ]
      ],
      "matrix_world_from_sensor_bevfusion": [
        [
          0.5632433891296387,
          -0.003219576319679618,
          0.8262848258018494,
          80.47329711914062
        ],
        [
          -0.8262901306152344,
          -0.000696048722602427,
          0.5632442831993103,
          61.758426666259766
        ],
        [
          -0.0012382735731080174,
          -0.9999945759773254,
          -0.003052348969504237,
          1.6903247833251953
        ],
        [
          0.0,
          0.0,
          0.0,
          1.0
        ]
      ],
      "matrix_ego_from_sensor_carla": [
        [
          -0.5735760927200317,
          -0.819152295589447,
          -3.3158514156639285e-08,
          -1.3000030517578125
        ],
        [
          0.819152295589447,
          -0.573576033115387,
          4.9988944539336444e-08,
          0.5499954223632812
        ],
        [
          -6.02781042857714e-08,
          1.5941498121563313e-09,
          1.0,
          1.6999999284744263
        ],
        [
          0.0,
          0.0,
          0.0,
          1.0
        ]
      ],
      "matrix_ego_from_sensor_bevfusion": [
        [
          -0.819152295589447,
          3.3158514156639285e-08,
          -0.5735760927200317,
          -1.3000030517578125
        ],
        [
          0.573576033115387,
          4.9988944539336444e-08,
          -0.819152295589447,
          -0.5499954223632812
        ],
        [
          1.5941498121563313e-09,
          -1.0,
          -6.02781042857714e-08,
          1.6999999284744263
        ],
        [
          0.0,
          0.0,
          0.0,
          1.0
        ]
      ],
      "camera_intrinsics": [
        [
          685.5110473632812,
          0.0,
          480.0
        ],
        [
          0.0,
          685.5110473632812,
          270.0
        ],
        [
          0.0,
          0.0,
          1.0
        ]
      ],
      "data_path": "D:\\Agent-AI\\outputs\\s3a_ml_long_v2\\sample_000080\\images\\CAM_BACK_RIGHT.png",
      "raw_layout": "bgra8"
    },
    "LIDAR_TOP": {
      "type_id": "sensor.lidar.ray_cast",
      "blueprint_attributes": {
        "atmosphere_attenuation_rate": "0.004",
        "role_name": "front",
        "noise_seed": "0",
        "upper_fov": "10.0",
        "ros_name": "sensor.lidar.ray_cast",
        "sensor_tick": "0.100000",
        "channels": "32",
        "range": "120.0",
        "points_per_second": "360000",
        "lower_fov": "-30.0",
        "rotation_frequency": "10.000000",
        "horizontal_fov": "360.0",
        "dropoff_general_rate": "0.0",
        "dropoff_intensity_limit": "1.0",
        "noise_stddev": "0.0",
        "dropoff_zero_intensity": "0.0"
      },
      "transform_carla": {
        "location": {
          "x": 79.06441497802734,
          "y": -61.704280853271484,
          "z": 2.19490122795105
        },
        "rotation": {
          "roll": 0.10256244242191315,
          "pitch": 0.1584262251853943,
          "yaw": -159.28036499023438
        }
      },
      "matrix_world_from_sensor_carla": [
        [
          -0.9353193044662476,
          0.35379019379615784,
          0.0032195276580750942,
          79.06441497802734
        ],
        [
          -0.35379403829574585,
          -0.9353231191635132,
          -0.0006960136815905571,
          -61.704280853271484
        ],
        [
          0.0027650557458400726,
          -0.0017900444800034165,
          0.9999945759773254,
          2.19490122795105
        ],
        [
          0.0,
          0.0,
          0.0,
          1.0
        ]
      ],
      "matrix_world_from_sensor_bevfusion": [
        [
          -0.9353193044662476,
          -0.35379019379615784,
          0.0032195276580750942,
          79.06441497802734
        ],
        [
          0.35379403829574585,
          -0.9353231191635132,
          0.0006960136815905571,
          61.704280853271484
        ],
        [
          0.0027650557458400726,
          0.0017900444800034165,
          0.9999945759773254,
          2.19490122795105
        ],
        [
          0.0,
          0.0,
          0.0,
          1.0
        ]
      ],
      "matrix_ego_from_sensor_carla": [
        [
          1.0,
          -1.2581329755789739e-08,
          -9.656386801282224e-11,
          -7.62939453125e-06
        ],
        [
          -5.794547508486403e-09,
          1.0,
          -6.964455401270442e-11,
          0.0
        ],
        [
          -9.656386801282224e-11,
          -6.964518545204967e-11,
          1.0,
          2.1999998092651367
        ],
        [
          0.0,
          0.0,
          0.0,
          1.0
        ]
      ],
      "matrix_ego_from_sensor_bevfusion": [
        [
          1.0,
          1.2581329755789739e-08,
          -9.656386801282224e-11,
          -7.62939453125e-06
        ],
        [
          5.794547508486403e-09,
          1.0,
          6.964455401270442e-11,
          0.0
        ],
        [
          -9.656386801282224e-11,
          6.964518545204967e-11,
          1.0,
          2.1999998092651367
        ],
        [
          0.0,
          0.0,
          0.0,
          1.0
        ]
      ],
      "data_path": "D:\\Agent-AI\\outputs\\s3a_ml_long_v2\\sample_000080\\lidar\\LIDAR_TOP.npy",
      "raw_layout": [
        "x",
        "y",
        "z",
        "intensity"
      ]
    },
    "RADAR_FRONT": {
      "type_id": "sensor.other.radar",
      "blueprint_attributes": {
        "sensor_tick": "0.100000",
        "role_name": "default",
        "noise_seed": "0",
        "ros_name": "sensor.other.radar",
        "horizontal_fov": "35.0",
        "points_per_second": "1500",
        "vertical_fov": "20.0",
        "range": "120.0"
      },
      "transform_carla": {
        "location": {
          "x": 77.18959045410156,
          "y": -62.41096115112305,
          "z": 0.9004383683204651
        },
        "rotation": {
          "roll": 0.10256244242191315,
          "pitch": 0.1584262251853943,
          "yaw": -159.28036499023438
        }
      },
      "matrix_world_from_sensor_carla": [
        [
          -0.9353193044662476,
          0.35379019379615784,
          0.0032195276580750942,
          77.18959045410156
        ],
        [
          -0.35379403829574585,
          -0.9353231191635132,
          -0.0006960136815905571,
          -62.41096115112305
        ],
        [
          0.0027650557458400726,
          -0.0017900444800034165,
          0.9999945759773254,
          0.9004383683204651
        ],
        [
          0.0,
          0.0,
          0.0,
          1.0
        ]
      ],
      "matrix_world_from_sensor_bevfusion": [
        [
          -0.9353193044662476,
          -0.35379019379615784,
          0.0032195276580750942,
          77.18959045410156
        ],
        [
          0.35379403829574585,
          -0.9353231191635132,
          0.0006960136815905571,
          62.41096115112305
        ],
        [
          0.0027650557458400726,
          0.0017900444800034165,
          0.9999945759773254,
          0.9004383683204651
        ],
        [
          0.0,
          0.0,
          0.0,
          1.0
        ]
      ],
      "matrix_ego_from_sensor_carla": [
        [
          1.0,
          -1.2581329755789739e-08,
          -9.656386801282224e-11,
          1.9999961853027344
        ],
        [
          -5.794547508486403e-09,
          1.0,
          -6.964455401270442e-11,
          0.0
        ],
        [
          -9.656386801282224e-11,
          -6.964518545204967e-11,
          1.0,
          0.8999999761581421
        ],
        [
          0.0,
          0.0,
          0.0,
          1.0
        ]
      ],
      "matrix_ego_from_sensor_bevfusion": [
        [
          1.0,
          1.2581329755789739e-08,
          -9.656386801282224e-11,
          1.9999961853027344
        ],
        [
          5.794547508486403e-09,
          1.0,
          6.964455401270442e-11,
          0.0
        ],
        [
          -9.656386801282224e-11,
          6.964518545204967e-11,
          1.0,
          0.8999999761581421
        ],
        [
          0.0,
          0.0,
          0.0,
          1.0
        ]
      ],
      "data_path": "D:\\Agent-AI\\outputs\\s3a_ml_long_v2\\sample_000080\\radar\\RADAR_FRONT.npy",
      "raw_layout": [
        "velocity",
        "altitude",
        "azimuth",
        "depth"
      ]
    },
    "RADAR_FRONT_LEFT": {
      "type_id": "sensor.other.radar",
      "blueprint_attributes": {
        "sensor_tick": "0.100000",
        "role_name": "default",
        "noise_seed": "0",
        "ros_name": "sensor.other.radar",
        "horizontal_fov": "35.0",
        "points_per_second": "1500",
        "vertical_fov": "20.0",
        "range": "120.0"
      },
      "transform_carla": {
        "location": {
          "x": 77.25160217285156,
          "y": -61.58564376831055,
          "z": 0.900813102722168
        },
        "rotation": {
          "roll": -0.03950202465057373,
          "pitch": 0.18455170094966888,
          "yaw": 155.71942138671875
        }
      },
      "matrix_world_from_sensor_carla": [
        [
          -0.9115380048751831,
          -0.4112032949924469,
          0.003219606587663293,
          77.25160217285156
        ],
        [
          0.4112032651901245,
          -0.9115433692932129,
          -0.0006960499449633062,
          -61.58564376831055
        ],
        [
          0.003221029182896018,
          0.0006894367979839444,
          0.9999945759773254,
          0.900813102722168
        ],
        [
          0.0,
          0.0,
          0.0,
          1.0
        ]
      ],
      "matrix_world_from_sensor_bevfusion": [
        [
          -0.9115380048751831,
          0.4112032949924469,
          0.003219606587663293,
          77.25160217285156
        ],
        [
          -0.4112032651901245,
          -0.9115433692932129,
          0.0006960499449633062,
          61.58564376831055
        ],
        [
          0.003221029182896018,
          -0.0006894367979839444,
          0.9999945759773254,
          0.900813102722168
        ],
        [
          0.0,
          0.0,
          0.0,
          1.0
        ]
      ],
      "matrix_ego_from_sensor_carla": [
        [
          0.7071067094802856,
          0.7071068286895752,
          -6.109819139510364e-08,
          1.6499977111816406
        ],
        [
          -0.7071068286895752,
          0.7071065902709961,
          6.186330381297012e-08,
          -0.75
        ],
        [
          8.70700205268804e-08,
          -7.127224366243468e-10,
          1.0,
          0.8999998569488525
        ],
        [
          0.0,
          0.0,
          0.0,
          1.0
        ]
      ],
      "matrix_ego_from_sensor_bevfusion": [
        [
          0.7071067094802856,
          -0.7071068286895752,
          -6.109819139510364e-08,
          1.6499977111816406
        ],
        [
          0.7071068286895752,
          0.7071065902709961,
          -6.186330381297012e-08,
          0.75
        ],
        [
          8.70700205268804e-08,
          7.127224366243468e-10,
          1.0,
          0.8999998569488525
        ],
        [
          0.0,
          0.0,
          0.0,
          1.0
        ]
      ],
      "data_path": "D:\\Agent-AI\\outputs\\s3a_ml_long_v2\\sample_000080\\radar\\RADAR_FRONT_LEFT.npy",
      "raw_layout": [
        "velocity",
        "altitude",
        "azimuth",
        "depth"
      ]
    },
    "RADAR_FRONT_RIGHT": {
      "type_id": "sensor.other.radar",
      "blueprint_attributes": {
        "sensor_tick": "0.100000",
        "role_name": "default",
        "noise_seed": "0",
        "ros_name": "sensor.other.radar",
        "horizontal_fov": "35.0",
