{
  "schema_version": "stage1.v1",
  "sample_name": "sample_000013",
  "sequence_index": 13,
  "previous_sample_name": "sample_000012",
  "frame_id": 726286,
  "timestamp": 4998.49462473765,
  "platform_timestamp": 16813371.242049,
  "delta_seconds": 0.10000000149011612,
  "town": "Carla/Maps/Town10HD_Opt",
  "weather": {
    "cloudiness": 20.0,
    "dust_storm": 0.0,
    "fog_density": 2.0,
    "fog_distance": 0.75,
    "fog_falloff": 0.10000000149011612,
    "mie_scattering_scale": 0.029999999329447746,
    "precipitation": 0.0,
    "precipitation_deposits": 0.0,
    "rayleigh_scattering_scale": 0.03310000151395798,
    "scattering_intensity": 1.0,
    "sun_altitude_angle": 45.0,
    "sun_azimuth_angle": 300.0,
    "wetness": 0.0,
    "wind_intensity": 10.0
  },
  "sensor_names": [
    "CAM_FRONT",
    "CAM_FRONT_RIGHT",
    "CAM_FRONT_LEFT",
    "CAM_BACK",
    "CAM_BACK_LEFT",
    "CAM_BACK_RIGHT",
    "LIDAR_TOP",
    "RADAR_FRONT",
    "RADAR_FRONT_LEFT",
    "RADAR_FRONT_RIGHT",
    "RADAR_BACK_LEFT",
    "RADAR_BACK_RIGHT"
  ],
  "camera_order_for_model": [
    "CAM_FRONT",
    "CAM_FRONT_RIGHT",
    "CAM_FRONT_LEFT",
    "CAM_BACK",
    "CAM_BACK_LEFT",
    "CAM_BACK_RIGHT"
  ],
  "radar_order_for_model": [
    "RADAR_FRONT",
    "RADAR_FRONT_LEFT",
    "RADAR_FRONT_RIGHT",
    "RADAR_BACK_LEFT",
    "RADAR_BACK_RIGHT"
  ],
  "coordinate_notes": {
    "carla_world": "left-handed x-forward y-right z-up",
    "bevfusion_lidar": "x-forward y-left z-up",
    "camera_frame_for_model": "OpenCV style x-right y-down z-forward"
  },
  "ego": {
    "actor_id": 49,
    "transform_carla": {
      "location": {
        "x": 105.83585357666016,
        "y": -28.97779083251953,
        "z": -0.005110053811222315
      },
      "rotation": {
        "roll": 0.528244137763977,
        "pitch": 0.20922234654426575,
        "yaw": -97.50009155273438
      }
    },
    "velocity_carla": [
      -1.2807084321975708,
      -7.964110374450684,
      -3.989219476352446e-05
    ],
    "angular_velocity_carla": [
      2.1002914905548096,
      1.3386086225509644,
      -14.188817024230957
    ],
    "matrix_world_from_ego_carla": [
      [
        -0.13052688539028168,
        0.9913980960845947,
        0.009617209434509277,
        105.83585357666016
      ],
      [
        -0.9914380311965942,
        -0.13055558502674103,
        0.0024168193340301514,
        -28.97779083251953
      ],
      [
        0.0036516105756163597,
        -0.009219407103955746,
        0.9999508261680603,
        -0.005110053811222315
      ],
      [
        0.0,
        0.0,
        0.0,
        1.0
      ]
    ],
    "matrix_world_from_ego_bevfusion": [
      [
        -0.13052688539028168,
        -0.9913980960845947,
        0.009617209434509277,
        105.83585357666016
      ],
      [
        0.9914380311965942,
        -0.13055558502674103,
        -0.0024168193340301514,
        28.97779083251953
      ],
      [
        0.0036516105756163597,
        0.009219407103955746,
        0.9999508261680603,
        -0.005110053811222315
      ],
      [
        0.0,
        0.0,
        0.0,
        1.0
      ]
    ]
  },
  "sensors": {
    "CAM_FRONT": {
      "type_id": "sensor.camera.rgb",
      "blueprint_attributes": {
        "role_name": "front",
        "ros_name": "sensor.camera.rgb",
        "chromatic_aberration_offset": "0.0",
        "sensor_tick": "0.100000",
        "fstop": "1.4",
        "image_size_x": "960",
        "image_size_y": "540",
        "fov": "70.00",
        "lens_circle_falloff": "5.0",
        "lens_circle_multiplier": "0.0",
        "exposure_compensation": "0.0",
        "lens_y_size": "0.08",
        "lens_k": "-1.0",
        "exposure_mode": "histogram",
        "lens_kcube": "0.0",
        "lens_x_size": "0.08",
        "exposure_max_bright": "12.0",
        "shutter_speed": "200.0",
        "bloom_intensity": "0.675",
        "iso": "100.0",
        "enable_postprocess_effects": "false",
        "gamma": "2.2",
        "motion_blur_intensity": "0.0",
        "motion_blur_max_distortion": "0.35",
        "lens_flare_intensity": "0.1",
        "motion_blur_min_object_screen_size": "0.1",
        "exposure_min_bright": "10.0",
        "exposure_speed_up": "3.0",
        "exposure_speed_down": "1.0",
        "tint": "0.0",
        "calibration_constant": "16.0",
        "focal_distance": "1000.0",
        "min_fstop": "1.2",
        "blade_count": "5",
        "blur_amount": "0.0",
        "blur_radius": "0.0",
        "slope": "0.88",
        "toe": "0.55",
        "white_clip": "0.04",
        "shoulder": "0.26",
        "black_clip": "0.0",
        "temp": "6500.0",
        "chromatic_aberration_intensity": "0.0"
      },
      "transform_carla": {
        "location": {
          "x": 105.64988708496094,
          "y": -30.51041030883789,
          "z": 1.700466275215149
        },
        "rotation": {
          "roll": 0.528244137763977,
          "pitch": 0.20922234654426575,
          "yaw": -97.50009155273438
        }
      },
      "matrix_world_from_sensor_carla": [
        [
          -0.13052688539028168,
          0.9913980960845947,
          0.009617209434509277,
          105.64988708496094
        ],
        [
          -0.9914380311965942,
          -0.13055558502674103,
          0.0024168193340301514,
          -30.51041030883789
        ],
        [
          0.0036516105756163597,
          -0.009219407103955746,
          0.9999508261680603,
          1.700466275215149
        ],
        [
          0.0,
          0.0,
          0.0,
          1.0
        ]
      ],
      "matrix_world_from_sensor_bevfusion": [
        [
          0.9913980960845947,
          -0.009617209434509277,
          -0.13052688539028168,
          105.64988708496094
        ],
        [
          0.13055558502674103,
          0.0024168193340301514,
          0.9914380311965942,
          30.51041030883789
        ],
        [
          -0.009219407103955746,
          -0.9999508261680603,
          0.0036516105756163597,
          1.700466275215149
        ],
        [
          0.0,
          0.0,
          0.0,
          1.0
        ]
      ],
      "matrix_ego_from_sensor_carla": [
        [
          1.0,
          -6.198701996140699e-09,
          -5.1258497446582396e-11,
          1.5499992370605469
        ],
        [
          -6.20210283130973e-09,
          1.0,
          -2.0047252746735467e-10,
          0.0
        ],
        [
          -5.1258497446582396e-11,
          -2.0051832416712045e-10,
          1.0,
          1.6999999284744263
        ],
        [
          0.0,
          0.0,
          0.0,
          1.0
        ]
      ],
      "matrix_ego_from_sensor_bevfusion": [
        [
          -6.198701996140699e-09,
          5.1258497446582396e-11,
          1.0,
          1.5499992370605469
        ],
        [
          -1.0,
          -2.0047252746735467e-10,
          6.20210283130973e-09,
          0.0
        ],
        [
          -2.0051832416712045e-10,
          -1.0,
          -5.1258497446582396e-11,
          1.6999999284744263
        ],
        [
          0.0,
          0.0,
          0.0,
          1.0
        ]
      ],
      "camera_intrinsics": [
        [
          685.5110473632812,
          0.0,
          480.0
        ],
        [
          0.0,
          685.5110473632812,
          270.0
        ],
        [
          0.0,
          0.0,
          1.0
        ]
      ],
      "data_path": "D:\\Agent-AI\\outputs\\s3a_ml_long_v1\\sample_000013\\images\\CAM_FRONT.png",
      "raw_layout": "bgra8"
    },
    "CAM_FRONT_RIGHT": {
      "type_id": "sensor.camera.rgb",
      "blueprint_attributes": {
        "role_name": "front",
        "ros_name": "sensor.camera.rgb",
        "chromatic_aberration_offset": "0.0",
        "sensor_tick": "0.100000",
        "fstop": "1.4",
        "image_size_x": "960",
        "image_size_y": "540",
        "fov": "70.00",
        "lens_circle_falloff": "5.0",
        "lens_circle_multiplier": "0.0",
        "exposure_compensation": "0.0",
        "lens_y_size": "0.08",
        "lens_k": "-1.0",
        "exposure_mode": "histogram",
        "lens_kcube": "0.0",
        "lens_x_size": "0.08",
        "exposure_max_bright": "12.0",
        "shutter_speed": "200.0",
        "bloom_intensity": "0.675",
        "iso": "100.0",
        "enable_postprocess_effects": "false",
        "gamma": "2.2",
        "motion_blur_intensity": "0.0",
        "motion_blur_max_distortion": "0.35",
        "lens_flare_intensity": "0.1",
        "motion_blur_min_object_screen_size": "0.1",
        "exposure_min_bright": "10.0",
        "exposure_speed_up": "3.0",
        "exposure_speed_down": "1.0",
        "tint": "0.0",
        "calibration_constant": "16.0",
        "focal_distance": "1000.0",
        "min_fstop": "1.2",
        "blade_count": "5",
        "blur_amount": "0.0",
        "blur_radius": "0.0",
        "slope": "0.88",
        "toe": "0.55",
        "white_clip": "0.04",
        "shoulder": "0.26",
        "black_clip": "0.0",
        "temp": "6500.0",
        "chromatic_aberration_intensity": "0.0"
      },
      "transform_carla": {
        "location": {
          "x": 106.22779083251953,
          "y": -30.3343563079834,
          "z": 1.694482684135437
        },
        "rotation": {
          "roll": 0.4743790328502655,
          "pitch": -0.31270653009414673,
          "yaw": -42.50236511230469
        }
      },
      "matrix_world_from_sensor_carla": [
        [
          0.7372384667396545,
          0.675564169883728,
          0.009617292322218418,
          106.22779083251953
        ],
        [
          -0.6756105422973633,
          0.7372546792030334,
          0.0024167397059500217,
          -30.3343563079834
        ],
        [
          -0.005457731429487467,
          -0.008279258385300636,
          0.9999508261680603,
          1.694482684135437
        ],
        [
          0.0,
          0.0,
          0.0,
          1.0
        ]
      ],
      "matrix_world_from_sensor_bevfusion": [
        [
          0.675564169883728,
          -0.009617292322218418,
          0.7372384667396545,
          106.22779083251953
        ],
        [
          -0.7372546792030334,
          0.0024167397059500217,
          0.6756105422973633,
          30.3343563079834
        ],
        [
          -0.008279258385300636,
          -0.9999508261680603,
          -0.005457731429487467,
          1.694482684135437
        ],
        [
          0.0,
          0.0,
          0.0,
          1.0
        ]
      ],
      "matrix_ego_from_sensor_carla": [
        [
          0.5735766291618347,
          -0.8191518187522888,
          6.816812003762607e-08,
          1.299997329711914
        ],
        [
          0.8191518783569336,
          0.5735766887664795,
          9.200046235946502e-08,
          0.5499954223632812
        ],
        [
          -1.1486167039720385e-07,
          1.9975403553473825e-09,
          1.0,
          1.6999999284744263
        ],
        [
          0.0,
          0.0,
          0.0,
          1.0
        ]
      ],
      "matrix_ego_from_sensor_bevfusion": [
        [
          -0.8191518187522888,
          -6.816812003762607e-08,
          0.5735766291618347,
          1.299997329711914
        ],
        [
          -0.5735766887664795,
          9.200046235946502e-08,
          -0.8191518783569336,
          -0.5499954223632812
        ],
        [
          1.9975403553473825e-09,
          -1.0,
          -1.1486167039720385e-07,
          1.6999999284744263
        ],
        [
          0.0,
          0.0,
          0.0,
          1.0
        ]
      ],
      "camera_intrinsics": [
        [
          685.5110473632812,
          0.0,
          480.0
        ],
        [
          0.0,
          685.5110473632812,
          270.0
        ],
        [
          0.0,
          0.0,
          1.0
        ]
      ],
      "data_path": "D:\\Agent-AI\\outputs\\s3a_ml_long_v1\\sample_000013\\images\\CAM_FRONT_RIGHT.png",
      "raw_layout": "bgra8"
    },
    "CAM_FRONT_LEFT": {
      "type_id": "sensor.camera.rgb",
      "blueprint_attributes": {
        "role_name": "front",
        "ros_name": "sensor.camera.rgb",
        "chromatic_aberration_offset": "0.0",
        "sensor_tick": "0.100000",
        "fstop": "1.4",
        "image_size_x": "960",
        "image_size_y": "540",
        "fov": "70.00",
        "lens_circle_falloff": "5.0",
        "lens_circle_multiplier": "0.0",
        "exposure_compensation": "0.0",
        "lens_y_size": "0.08",
        "lens_k": "-1.0",
        "exposure_mode": "histogram",
        "lens_kcube": "0.0",
        "lens_x_size": "0.08",
        "exposure_max_bright": "12.0",
        "shutter_speed": "200.0",
        "bloom_intensity": "0.675",
        "iso": "100.0",
        "enable_postprocess_effects": "false",
        "gamma": "2.2",
        "motion_blur_intensity": "0.0",
        "motion_blur_max_distortion": "0.35",
        "lens_flare_intensity": "0.1",
        "motion_blur_min_object_screen_size": "0.1",
        "exposure_min_bright": "10.0",
        "exposure_speed_up": "3.0",
        "exposure_speed_down": "1.0",
        "tint": "0.0",
        "calibration_constant": "16.0",
        "focal_distance": "1000.0",
        "min_fstop": "1.2",
        "blade_count": "5",
        "blur_amount": "0.0",
        "blur_radius": "0.0",
        "slope": "0.88",
        "toe": "0.55",
        "white_clip": "0.04",
        "shoulder": "0.26",
        "black_clip": "0.0",
        "temp": "6500.0",
        "chromatic_aberration_intensity": "0.0"
      },
      "transform_carla": {
        "location": {
          "x": 105.13725280761719,
          "y": -30.190746307373047,
          "z": 1.7046241760253906
        },
        "rotation": {
          "roll": 0.13160376250743866,
          "pitch": 0.5527193546295166,
          "yaw": -152.5004119873047
        }
      },
      "matrix_world_from_sensor_carla": [
        [
          -0.8869727849960327,
          0.4617214500904083,
          0.009617251344025135,
          105.13725280761719
        ],
        [
          -0.4617208242416382,
          -0.8870220184326172,
          0.002416844479739666,
          -30.190746307373047
        ],
        [
          0.009646622464060783,
          -0.0022968100383877754,
          0.9999508261680603,
          1.7046241760253906
        ],
        [
          0.0,
          0.0,
          0.0,
          1.0
        ]
      ],
      "matrix_world_from_sensor_bevfusion": [
        [
          0.4617214500904083,
          -0.009617251344025135,
          -0.8869727849960327,
          105.13725280761719
        ],
        [
          0.8870220184326172,
          0.002416844479739666,
          0.4617208242416382,
          30.190746307373047
        ],
        [
          -0.0022968100383877754,
          -0.9999508261680603,
          0.009646622464060783,
          1.7046241760253906
        ],
        [
          0.0,
          0.0,
          0.0,
          1.0
        ]
      ],
      "matrix_ego_from_sensor_carla": [
        [
          0.5735766291618347,
          0.8191518783569336,
          -3.0319242227960785e-08,
          1.2999992370605469
        ],
        [
          -0.8191519379615784,
          0.5735766291618347,
          3.891507560638274e-08,
          -0.5499954223632812
        ],
        [
          4.9041894101264916e-08,
          3.0468869649524777e-09,
          1.0,
          1.7000001668930054
        ],
        [
          0.0,
          0.0,
          0.0,
          1.0
        ]
      ],
      "matrix_ego_from_sensor_bevfusion": [
        [
          0.8191518783569336,
          3.0319242227960785e-08,
          0.5735766291618347,
          1.2999992370605469
        ],
        [
          -0.5735766291618347,
          3.891507560638274e-08,
          0.8191519379615784,
          0.5499954223632812
        ],
        [
          3.0468869649524777e-09,
          -1.0,
          4.9041894101264916e-08,
          1.7000001668930054
        ],
        [
          0.0,
          0.0,
          0.0,
          1.0
        ]
      ],
      "camera_intrinsics": [
        [
          685.5110473632812,
          0.0,
          480.0
        ],
        [
          0.0,
          685.5110473632812,
          270.0
        ],
        [
          0.0,
          0.0,
          1.0
        ]
      ],
      "data_path": "D:\\Agent-AI\\outputs\\s3a_ml_long_v1\\sample_000013\\images\\CAM_FRONT_LEFT.png",
      "raw_layout": "bgra8"
    },
    "CAM_BACK": {
      "type_id": "sensor.camera.rgb",
      "blueprint_attributes": {
        "role_name": "front",
        "ros_name": "sensor.camera.rgb",
        "chromatic_aberration_offset": "0.0",
        "sensor_tick": "0.100000",
        "fstop": "1.4",
        "image_size_x": "960",
        "image_size_y": "540",
        "fov": "70.00",
        "lens_circle_falloff": "5.0",
        "lens_circle_multiplier": "0.0",
        "exposure_compensation": "0.0",
        "lens_y_size": "0.08",
        "lens_k": "-1.0",
        "exposure_mode": "histogram",
        "lens_kcube": "0.0",
        "lens_x_size": "0.08",
        "exposure_max_bright": "12.0",
        "shutter_speed": "200.0",
        "bloom_intensity": "0.675",
        "iso": "100.0",
        "enable_postprocess_effects": "false",
        "gamma": "2.2",
        "motion_blur_intensity": "0.0",
        "motion_blur_max_distortion": "0.35",
        "lens_flare_intensity": "0.1",
        "motion_blur_min_object_screen_size": "0.1",
        "exposure_min_bright": "10.0",
        "exposure_speed_up": "3.0",
        "exposure_speed_down": "1.0",
        "tint": "0.0",
        "calibration_constant": "16.0",
        "focal_distance": "1000.0",
        "min_fstop": "1.2",
        "blade_count": "5",
        "blur_amount": "0.0",
        "blur_radius": "0.0",
        "slope": "0.88",
        "toe": "0.55",
        "white_clip": "0.04",
        "shoulder": "0.26",
        "black_clip": "0.0",
        "temp": "6500.0",
        "chromatic_aberration_intensity": "0.0"
      },
      "transform_carla": {
        "location": {
          "x": 106.05451965332031,
          "y": -27.436952590942383,
          "z": 1.6891463994979858
        },
        "rotation": {
          "roll": -0.5282440781593323,
          "pitch": -0.20922234654426575,
          "yaw": 82.49992370605469
        }
      },
      "matrix_world_from_sensor_carla": [
        [
          0.13052667677402496,
          -0.9913981556892395,
          0.009617207571864128,
          106.05451965332031
        ],
        [
          0.991438090801239,
          0.13055537641048431,
          0.002416821662336588,
          -27.436952590942383
        ],
        [
          -0.0036516105756163597,
          0.009219406172633171,
          0.9999508261680603,
          1.6891463994979858
        ],
        [
          0.0,
          0.0,
          0.0,
          1.0
        ]
      ],
      "matrix_world_from_sensor_bevfusion": [
        [
          -0.9913981556892395,
          -0.009617207571864128,
          0.13052667677402496,
          106.05451965332031
        ],
        [
          -0.13055537641048431,
          0.002416821662336588,
          -0.991438090801239,
          27.436952590942383
        ],
        [
          0.009219406172633171,
          -0.9999508261680603,
          -0.0036516105756163597,
          1.6891463994979858
        ],
        [
          0.0,
          0.0,
          0.0,
          1.0
        ]
      ],
      "matrix_ego_from_sensor_carla": [
        [
          -1.0,
          2.1302895447661285e-07,
          -2.1467343458425603e-09,
          -1.5500011444091797
        ],
        [
          -2.101957932154619e-07,
          -1.0,
          -2.0631176766983117e-09,
          0.0
        ],
        [
          -1.8113865962732234e-09,
          -2.5934037140018518e-09,
          1.0,
          1.6999999284744263
        ],
        [
          0.0,
          0.0,
          0.0,
          1.0
        ]
      ],
      "matrix_ego_from_sensor_bevfusion": [
        [
          2.1302895447661285e-07,
          2.1467343458425603e-09,
          -1.0,
          -1.5500011444091797
        ],
        [
          1.0,
          -2.0631176766983117e-09,
          2.101957932154619e-07,
          0.0
        ],
        [
          -2.5934037140018518e-09,
          -1.0,
          -1.8113865962732234e-09,
          1.6999999284744263
        ],
        [
          0.0,
          0.0,
          0.0,
          1.0
        ]
      ],
      "camera_intrinsics": [
        [
          685.5110473632812,
          0.0,
          480.0
        ],
        [
          0.0,
          685.5110473632812,
          270.0
        ],
        [
          0.0,
          0.0,
          1.0
        ]
      ],
      "data_path": "D:\\Agent-AI\\outputs\\s3a_ml_long_v1\\sample_000013\\images\\CAM_BACK.png",
      "raw_layout": "bgra8"
    },
    "CAM_BACK_LEFT": {
      "type_id": "sensor.camera.rgb",
      "blueprint_attributes": {
        "role_name": "front",
        "ros_name": "sensor.camera.rgb",
        "chromatic_aberration_offset": "0.0",
        "sensor_tick": "0.100000",
        "fstop": "1.4",
        "image_size_x": "960",
        "image_size_y": "540",
        "fov": "70.00",
        "lens_circle_falloff": "5.0",
        "lens_circle_multiplier": "0.0",
        "exposure_compensation": "0.0",
        "lens_y_size": "0.08",
        "lens_k": "-1.0",
        "exposure_mode": "histogram",
        "lens_kcube": "0.0",
        "lens_x_size": "0.08",
        "exposure_max_bright": "12.0",
        "shutter_speed": "200.0",
        "bloom_intensity": "0.675",
        "iso": "100.0",
        "enable_postprocess_effects": "false",
        "gamma": "2.2",
        "motion_blur_intensity": "0.0",
        "motion_blur_max_distortion": "0.35",
        "lens_flare_intensity": "0.1",
        "motion_blur_min_object_screen_size": "0.1",
        "exposure_min_bright": "10.0",
        "exposure_speed_up": "3.0",
        "exposure_speed_down": "1.0",
        "tint": "0.0",
        "calibration_constant": "16.0",
        "focal_distance": "1000.0",
        "min_fstop": "1.2",
        "blade_count": "5",
        "blur_amount": "0.0",
        "blur_radius": "0.0",
        "slope": "0.88",
        "toe": "0.55",
        "white_clip": "0.04",
        "shoulder": "0.26",
        "black_clip": "0.0",
        "temp": "6500.0",
        "chromatic_aberration_intensity": "0.0"
      },
      "transform_carla": {
        "location": {
          "x": 105.47661590576172,
          "y": -27.613006591796875,
          "z": 1.6951299905776978
        },
        "rotation": {
          "roll": -0.4743790328502655,
          "pitch": 0.31270653009414673,
          "yaw": 137.49765014648438
        }
      },
      "matrix_world_from_sensor_carla": [
        [
          -0.7372386455535889,
          -0.6755639910697937,
          0.009617291390895844,
          105.47661590576172
        ],
        [
          0.675610363483429,
          -0.7372548580169678,
          0.0024167420342564583,
          -27.613006591796875
        ],
        [
          0.005457731429487467,
          0.008279258385300636,
          0.9999508261680603,
          1.6951299905776978
        ],
        [
          0.0,
          0.0,
          0.0,
          1.0
        ]
      ],
      "matrix_world_from_sensor_bevfusion": [
        [
          -0.6755639910697937,
          -0.009617291390895844,
          -0.7372386455535889,
          105.47661590576172
        ],
        [
          0.7372548580169678,
          0.0024167420342564583,
          -0.675610363483429,
          27.613006591796875
        ],
        [
          0.008279258385300636,
          -0.9999508261680603,
          0.005457731429487467,
          1.6951299905776978
        ],
        [
          0.0,
          0.0,
          0.0,
          1.0
        ]
      ],
      "matrix_ego_from_sensor_carla": [
        [
          -0.5735764503479004,
          0.8191519975662231,
          6.583981360108737e-08,
          -1.3000001907348633
        ],
        [
          -0.8191519975662231,
          -0.5735765099525452,
          9.106913978484954e-08,
          -0.5500030517578125
        ],
        [
          1.129990252479729e-07,
          -1.0662178917542064e-09,
          1.0,
          1.6999999284744263
        ],
        [
          0.0,
          0.0,
          0.0,
          1.0
        ]
      ],
      "matrix_ego_from_sensor_bevfusion": [
        [
          0.8191519975662231,
          -6.583981360108737e-08,
          -0.5735764503479004,
          -1.3000001907348633
        ],
        [
          0.5735765099525452,
          9.106913978484954e-08,
          0.8191519975662231,
          0.5500030517578125
        ],
        [
          -1.0662178917542064e-09,
          -1.0,
          1.129990252479729e-07,
          1.6999999284744263
        ],
        [
          0.0,
          0.0,
          0.0,
          1.0
        ]
      ],
      "camera_intrinsics": [
        [
          685.5110473632812,
          0.0,
          480.0
        ],
        [
          0.0,
          685.5110473632812,
          270.0
        ],
        [
          0.0,
          0.0,
          1.0
        ]
      ],
      "data_path": "D:\\Agent-AI\\outputs\\s3a_ml_long_v1\\sample_000013\\images\\CAM_BACK_LEFT.png",
      "raw_layout": "bgra8"
    },
    "CAM_BACK_RIGHT": {
      "type_id": "sensor.camera.rgb",
      "blueprint_attributes": {
        "role_name": "front",
        "ros_name": "sensor.camera.rgb",
        "chromatic_aberration_offset": "0.0",
        "sensor_tick": "0.100000",
        "fstop": "1.4",
        "image_size_x": "960",
        "image_size_y": "540",
        "fov": "70.00",
        "lens_circle_falloff": "5.0",
        "lens_circle_multiplier": "0.0",
        "exposure_compensation": "0.0",
        "lens_y_size": "0.08",
        "lens_k": "-1.0",
        "exposure_mode": "histogram",
        "lens_kcube": "0.0",
        "lens_x_size": "0.08",
        "exposure_max_bright": "12.0",
        "shutter_speed": "200.0",
        "bloom_intensity": "0.675",
        "iso": "100.0",
        "enable_postprocess_effects": "false",
        "gamma": "2.2",
        "motion_blur_intensity": "0.0",
        "motion_blur_max_distortion": "0.35",
        "lens_flare_intensity": "0.1",
        "motion_blur_min_object_screen_size": "0.1",
        "exposure_min_bright": "10.0",
        "exposure_speed_up": "3.0",
        "exposure_speed_down": "1.0",
        "tint": "0.0",
        "calibration_constant": "16.0",
        "focal_distance": "1000.0",
        "min_fstop": "1.2",
        "blade_count": "5",
        "blur_amount": "0.0",
        "blur_radius": "0.0",
        "slope": "0.88",
        "toe": "0.55",
        "white_clip": "0.04",
        "shoulder": "0.26",
        "black_clip": "0.0",
        "temp": "6500.0",
        "chromatic_aberration_intensity": "0.0"
      },
      "transform_carla": {
        "location": {
          "x": 106.56715393066406,
          "y": -27.75661849975586,
          "z": 1.6849884986877441
        },
        "rotation": {
          "roll": -0.1316036581993103,
          "pitch": -0.5527193546295166,
          "yaw": 27.49957275390625
        }
      },
      "matrix_world_from_sensor_carla": [
        [
          0.886972963809967,
          -0.46172112226486206,
          0.009617251344025135,
          106.56715393066406
        ],
        [
          0.4617204964160919,
          0.8870221972465515,
          0.002416842384263873,
          -27.75661849975586
        ],
        [
          -0.009646622464060783,
          0.002296808175742626,
          0.9999508261680603,
          1.6849884986877441
        ],
        [
          0.0,
          0.0,
          0.0,
          1.0
        ]
      ],
      "matrix_world_from_sensor_bevfusion": [
        [
          -0.46172112226486206,
          -0.009617251344025135,
          0.886972963809967,
          106.56715393066406
        ],
        [
          -0.8870221972465515,
          0.002416842384263873,
          -0.4617204964160919,
          27.75661849975586
        ],
        [
          0.002296808175742626,
          -0.9999508261680603,
          -0.009646622464060783,
          1.6849884986877441
        ],
        [
          0.0,
          0.0,
          0.0,
          1.0
        ]
      ],
      "matrix_ego_from_sensor_carla": [
        [
          -0.5735763311386108,
          -0.8191521167755127,
          -2.845659707872983e-08,
          -1.2999992370605469
        ],
        [
          0.8191520571708679,
          -0.5735763311386108,
          3.891507560638274e-08,
          0.5499954223632812
        ],
        [
          -4.811057152664944e-08,
          -1.1841503333442915e-09,
          1.0,
          1.6999999284744263
        ],
        [
          0.0,
          0.0,
          0.0,
          1.0
        ]
      ],
      "matrix_ego_from_sensor_bevfusion": [
        [
          -0.8191521167755127,
          2.845659707872983e-08,
          -0.5735763311386108,
          -1.2999992370605469
        ],
        [
          0.5735763311386108,
          3.891507560638274e-08,
          -0.8191520571708679,
          -0.5499954223632812
        ],
        [
          -1.1841503333442915e-09,
          -1.0,
          -4.811057152664944e-08,
          1.6999999284744263
        ],
        [
          0.0,
          0.0,
          0.0,
          1.0
        ]
      ],
      "camera_intrinsics": [
        [
          685.5110473632812,
          0.0,
          480.0
        ],
        [
          0.0,
          685.5110473632812,
          270.0
        ],
        [
          0.0,
          0.0,
          1.0
        ]
      ],
      "data_path": "D:\\Agent-AI\\outputs\\s3a_ml_long_v1\\sample_000013\\images\\CAM_BACK_RIGHT.png",
      "raw_layout": "bgra8"
    },
    "LIDAR_TOP": {
      "type_id": "sensor.lidar.ray_cast",
      "blueprint_attributes": {
        "atmosphere_attenuation_rate": "0.004",
        "role_name": "front",
        "noise_seed": "0",
        "upper_fov": "10.0",
        "ros_name": "sensor.lidar.ray_cast",
        "sensor_tick": "0.100000",
        "channels": "32",
        "range": "120.0",
        "points_per_second": "360000",
        "lower_fov": "-30.0",
        "rotation_frequency": "10.000000",
        "horizontal_fov": "360.0",
        "dropoff_general_rate": "0.0",
        "dropoff_intensity_limit": "1.0",
        "noise_stddev": "0.0",
        "dropoff_zero_intensity": "0.0"
      },
      "transform_carla": {
        "location": {
          "x": 105.85701751708984,
          "y": -28.97247314453125,
          "z": 2.19478178024292
        },
        "rotation": {
          "roll": 0.528244137763977,
          "pitch": 0.20922234654426575,
          "yaw": -97.50009155273438
        }
      },
      "matrix_world_from_sensor_carla": [
        [
          -0.13052688539028168,
          0.9913980960845947,
          0.009617209434509277,
          105.85701751708984
        ],
        [
          -0.9914380311965942,
          -0.13055558502674103,
          0.0024168193340301514,
          -28.97247314453125
        ],
        [
          0.0036516105756163597,
          -0.009219407103955746,
          0.9999508261680603,
          2.19478178024292
        ],
        [
          0.0,
          0.0,
          0.0,
          1.0
        ]
      ],
      "matrix_world_from_sensor_bevfusion": [
        [
          -0.13052688539028168,
          -0.9913980960845947,
          0.009617209434509277,
          105.85701751708984
        ],
        [
          0.9914380311965942,
          -0.13055558502674103,
          -0.0024168193340301514,
          28.97247314453125
        ],
        [
          0.0036516105756163597,
          0.009219407103955746,
          0.9999508261680603,
          2.19478178024292
        ],
        [
          0.0,
          0.0,
          0.0,
          1.0
        ]
      ],
      "matrix_ego_from_sensor_carla": [
        [
          1.0,
          -6.198701996140699e-09,
          -5.1258497446582396e-11,
          -9.5367431640625e-07
        ],
        [
          -6.20210283130973e-09,
          1.0,
          -2.0047252746735467e-10,
          0.0
        ],
        [
          -5.1258497446582396e-11,
          -2.0051832416712045e-10,
          1.0,
          2.200000286102295
        ],
        [
          0.0,
          0.0,
          0.0,
          1.0
        ]
      ],
      "matrix_ego_from_sensor_bevfusion": [
        [
          1.0,
          6.198701996140699e-09,
          -5.1258497446582396e-11,
          -9.5367431640625e-07
        ],
        [
          6.20210283130973e-09,
          1.0,
          2.0047252746735467e-10,
          0.0
        ],
        [
          -5.1258497446582396e-11,
          2.0051832416712045e-10,
          1.0,
          2.200000286102295
        ],
        [
          0.0,
          0.0,
          0.0,
          1.0
        ]
      ],
      "data_path": "D:\\Agent-AI\\outputs\\s3a_ml_long_v1\\sample_000013\\lidar\\LIDAR_TOP.npy",
      "raw_layout": [
        "x",
        "y",
        "z",
        "intensity"
      ]
    },
    "RADAR_FRONT": {
      "type_id": "sensor.other.radar",
      "blueprint_attributes": {
        "sensor_tick": "0.100000",
        "role_name": "default",
        "noise_seed": "0",
        "ros_name": "sensor.other.radar",
        "horizontal_fov": "35.0",
        "points_per_second": "1500",
        "vertical_fov": "20.0",
        "range": "120.0"
      },
      "transform_carla": {
        "location": {
          "x": 105.58345794677734,
          "y": -30.9584903717041,
          "z": 0.9021489024162292
        },
        "rotation": {
          "roll": 0.528244137763977,
          "pitch": 0.20922234654426575,
          "yaw": -97.50009155273438
        }
      },
      "matrix_world_from_sensor_carla": [
        [
          -0.13052688539028168,
          0.9913980960845947,
          0.009617209434509277,
          105.58345794677734
        ],
        [
          -0.9914380311965942,
          -0.13055558502674103,
          0.0024168193340301514,
          -30.9584903717041
        ],
        [
          0.0036516105756163597,
          -0.009219407103955746,
          0.9999508261680603,
          0.9021489024162292
        ],
        [
          0.0,
          0.0,
          0.0,
          1.0
        ]
      ],
      "matrix_world_from_sensor_bevfusion": [
        [
          -0.13052688539028168,
          -0.9913980960845947,
          0.009617209434509277,
          105.58345794677734
        ],
        [
          0.9914380311965942,
          -0.13055558502674103,
          -0.0024168193340301514,
          30.9584903717041
        ],
        [
          0.0036516105756163597,
          0.009219407103955746,
          0.9999508261680603,
          0.9021489024162292
        ],
        [
          0.0,
          0.0,
          0.0,
          1.0
        ]
      ],
      "matrix_ego_from_sensor_carla": [
        [
          1.0,
          -6.198701996140699e-09,
          -5.1258497446582396e-11,
          1.9999980926513672
        ],
        [
          -6.20210283130973e-09,
          1.0,
          -2.0047252746735467e-10,
          0.0
        ],
        [
          -5.1258497446582396e-11,
          -2.0051832416712045e-10,
          1.0,
          0.8999999761581421
        ],
        [
          0.0,
          0.0,
          0.0,
          1.0
        ]
      ],
      "matrix_ego_from_sensor_bevfusion": [
        [
          1.0,
          6.198701996140699e-09,
          -5.1258497446582396e-11,
          1.9999980926513672
        ],
        [
          6.20210283130973e-09,
          1.0,
          2.0047252746735467e-10,
          0.0
        ],
        [
          -5.1258497446582396e-11,
          2.0051832416712045e-10,
          1.0,
          0.8999999761581421
        ],
        [
          0.0,
          0.0,
          0.0,
          1.0
        ]
      ],
      "data_path": "D:\\Agent-AI\\outputs\\s3a_ml_long_v1\\sample_000013\\radar\\RADAR_FRONT.npy",
      "raw_layout": [
        "velocity",
        "altitude",
        "azimuth",
        "depth"
      ]
    },
    "RADAR_FRONT_LEFT": {
      "type_id": "sensor.other.radar",
      "blueprint_attributes": {
        "sensor_tick": "0.100000",
        "role_name": "default",
        "noise_seed": "0",
        "ros_name": "sensor.other.radar",
        "horizontal_fov": "35.0",
        "points_per_second": "1500",
        "vertical_fov": "20.0",
        "range": "120.0"
      },
      "transform_carla": {
        "location": {
          "x": 104.88558959960938,
          "y": -30.51357078552246,
          "z": 0.9077854752540588
        },
        "rotation": {
          "roll": 0.22558489441871643,
          "pitch": 0.5214644074440002,
          "yaw": -142.50003051757812
        }
      },
      "matrix_world_from_sensor_carla": [
        [
          -0.7933207750320435,
          0.6087279319763184,
          0.00961717776954174,
          104.88558959960938
        ],
        [
          -0.6087358593940735,
          -0.7933692932128906,
          0.002416796749457717,
          -30.51357078552246
        ],
        [
          0.009101144969463348,
          -0.003937026020139456,
          0.9999508261680603,
          0.9077854752540588
        ],
        [
          0.0,
          0.0,
          0.0,
          1.0
        ]
      ],
      "matrix_world_from_sensor_bevfusion": [
        [
          -0.7933207750320435,
          -0.6087279319763184,
          0.00961717776954174,
          104.88558959960938
        ],
        [
          0.6087358593940735,
          -0.7933692932128906,
          -0.002416796749457717,
          30.51357078552246
        ],
        [
          0.009101144969463348,
          0.003937026020139456,
          0.9999508261680603,
          0.9077854752540588
        ],
        [
          0.0,
          0.0,
          0.0,
          1.0
        ]
      ],
      "matrix_ego_from_sensor_carla": [
        [
          0.7071068286895752,
          0.7071067690849304,
          2.6491434823583404e-08,
          1.6499977111816406
        ],
        [
          -0.7071068286895752,
          0.7071068286895752,
          -2.907147234054719e-08,
          -0.75
        ],
        [
          -3.868756337510604e-08,
          1.2805442262120437e-09,
          1.0,
          0.9000000953674316
        ],
        [
          0.0,
          0.0,
          0.0,
          1.0
        ]
      ],
      "matrix_ego_from_sensor_bevfusion": [
        [
          0.7071068286895752,
          -0.7071067690849304,
          2.6491434823583404e-08,
          1.6499977111816406
        ],
        [
          0.7071068286895752,
          0.7071068286895752,
          2.907147234054719e-08,
          0.75
        ],
        [
          -3.868756337510604e-08,
          -1.2805442262120437e-09,
          1.0,
          0.9000000953674316
        ],
        [
          0.0,
          0.0,
          0.0,
          1.0
        ]
      ],
      "data_path": "D:\\Agent-AI\\outputs\\s3a_ml_long_v1\\sample_000013\\radar\\RADAR_FRONT_LEFT.npy",
      "raw_layout": [
        "velocity",
        "altitude",
        "azimuth",
        "depth"
      ]
    },
    "RADAR_FRONT_RIGHT": {
      "type_id": "sensor.other.radar",
      "blueprint_attributes": {
        "sensor_tick": "0.100000",
        "role_name": "default",
        "noise_seed": "0",
        "ros_name": "sensor.other.radar",
        "horizontal_fov": "35.0",
        "points_per_second": "1500",
        "vertical_fov": "20.0",
        "range": "120.0"
      },
      "transform_carla": {
