{
  "schema_version": "stage1.v1",
  "sample_name": "sample_000018",
  "sequence_index": 18,
  "previous_sample_name": "sample_000017",
  "frame_id": 3938,
  "timestamp": 40.93108657374978,
  "platform_timestamp": 16816489.3678338,
  "delta_seconds": 0.10000000149011612,
  "town": "Carla/Maps/Town10HD_Opt",
  "weather": {
    "cloudiness": 20.0,
    "dust_storm": 0.0,
    "fog_density": 2.0,
    "fog_distance": 0.75,
    "fog_falloff": 0.10000000149011612,
    "mie_scattering_scale": 0.029999999329447746,
    "precipitation": 0.0,
    "precipitation_deposits": 0.0,
    "rayleigh_scattering_scale": 0.03310000151395798,
    "scattering_intensity": 1.0,
    "sun_altitude_angle": 45.0,
    "sun_azimuth_angle": 300.0,
    "wetness": 0.0,
    "wind_intensity": 10.0
  },
  "sensor_names": [
    "CAM_FRONT",
    "CAM_FRONT_RIGHT",
    "CAM_FRONT_LEFT",
    "CAM_BACK",
    "CAM_BACK_LEFT",
    "CAM_BACK_RIGHT",
    "LIDAR_TOP",
    "RADAR_FRONT",
    "RADAR_FRONT_LEFT",
    "RADAR_FRONT_RIGHT",
    "RADAR_BACK_LEFT",
    "RADAR_BACK_RIGHT"
  ],
  "camera_order_for_model": [
    "CAM_FRONT",
    "CAM_FRONT_RIGHT",
    "CAM_FRONT_LEFT",
    "CAM_BACK",
    "CAM_BACK_LEFT",
    "CAM_BACK_RIGHT"
  ],
  "radar_order_for_model": [
    "RADAR_FRONT",
    "RADAR_FRONT_LEFT",
    "RADAR_FRONT_RIGHT",
    "RADAR_BACK_LEFT",
    "RADAR_BACK_RIGHT"
  ],
  "coordinate_notes": {
    "carla_world": "left-handed x-forward y-right z-up",
    "bevfusion_lidar": "x-forward y-left z-up",
    "camera_frame_for_model": "OpenCV style x-right y-down z-forward"
  },
  "ego": {
    "actor_id": 24,
    "transform_carla": {
      "location": {
        "x": 108.93626403808594,
        "y": -31.50701904296875,
        "z": -0.003723487723618746
      },
      "rotation": {
        "roll": 0.4239636957645416,
        "pitch": -0.16662245988845825,
        "yaw": -99.70575714111328
      }
    },
    "velocity_carla": [
      -1.3800729513168335,
      -7.5650153160095215,
      3.797531098825857e-05
    ],
    "angular_velocity_carla": [
      1.1683645248413086,
      -0.919664204120636,
      -6.899534702301025
    ],
    "matrix_world_from_ego_carla": [
      [
        -0.16858768463134766,
        0.9856632351875305,
        0.006803322583436966,
        108.93626403808594
      ],
      [
        -0.9856823682785034,
        -0.16856257617473602,
        -0.004113872069865465,
        -31.50701904296875
      ],
      [
        -0.002908106427639723,
        -0.007399463560432196,
        0.999968409538269,
        -0.003723487723618746
      ],
      [
        0.0,
        0.0,
        0.0,
        1.0
      ]
    ],
    "matrix_world_from_ego_bevfusion": [
      [
        -0.16858768463134766,
        -0.9856632351875305,
        0.006803322583436966,
        108.93626403808594
      ],
      [
        0.9856823682785034,
        -0.16856257617473602,
        0.004113872069865465,
        31.50701904296875
      ],
      [
        -0.002908106427639723,
        0.007399463560432196,
        0.999968409538269,
        -0.003723487723618746
      ],
      [
        0.0,
        0.0,
        0.0,
        1.0
      ]
    ]
  },
  "sensors": {
    "CAM_FRONT": {
      "type_id": "sensor.camera.rgb",
      "blueprint_attributes": {
        "role_name": "front",
        "ros_name": "sensor.camera.rgb",
        "chromatic_aberration_offset": "0.0",
        "sensor_tick": "0.100000",
        "fstop": "1.4",
        "image_size_x": "960",
        "image_size_y": "540",
        "fov": "70.00",
        "lens_circle_falloff": "5.0",
        "lens_circle_multiplier": "0.0",
        "exposure_compensation": "0.0",
        "lens_y_size": "0.08",
        "lens_k": "-1.0",
        "exposure_mode": "histogram",
        "lens_kcube": "0.0",
        "lens_x_size": "0.08",
        "exposure_max_bright": "12.0",
        "shutter_speed": "200.0",
        "bloom_intensity": "0.675",
        "iso": "100.0",
        "enable_postprocess_effects": "false",
        "gamma": "2.2",
        "motion_blur_intensity": "0.0",
        "motion_blur_max_distortion": "0.35",
        "lens_flare_intensity": "0.1",
        "motion_blur_min_object_screen_size": "0.1",
        "exposure_min_bright": "10.0",
        "exposure_speed_up": "3.0",
        "exposure_speed_down": "1.0",
        "tint": "0.0",
        "calibration_constant": "16.0",
        "focal_distance": "1000.0",
        "min_fstop": "1.2",
        "blade_count": "5",
        "blur_amount": "0.0",
        "blur_radius": "0.0",
        "slope": "0.88",
        "toe": "0.55",
        "white_clip": "0.04",
        "shoulder": "0.26",
        "black_clip": "0.0",
        "temp": "6500.0",
        "chromatic_aberration_intensity": "0.0"
      },
      "transform_carla": {
        "location": {
          "x": 108.6865234375,
          "y": -33.04182052612305,
          "z": 1.6917150020599365
        },
        "rotation": {
          "roll": 0.4239636957645416,
          "pitch": -0.16662245988845825,
          "yaw": -99.70575714111328
        }
      },
      "matrix_world_from_sensor_carla": [
        [
          -0.16858768463134766,
          0.9856632351875305,
          0.006803322583436966,
          108.6865234375
        ],
        [
          -0.9856823682785034,
          -0.16856257617473602,
          -0.004113872069865465,
          -33.04182052612305
        ],
        [
          -0.002908106427639723,
          -0.007399463560432196,
          0.999968409538269,
          1.6917150020599365
        ],
        [
          0.0,
          0.0,
          0.0,
          1.0
        ]
      ],
      "matrix_world_from_sensor_bevfusion": [
        [
          0.9856632351875305,
          -0.006803322583436966,
          -0.16858768463134766,
          108.6865234375
        ],
        [
          0.16856257617473602,
          -0.004113872069865465,
          0.9856823682785034,
          33.04182052612305
        ],
        [
          -0.007399463560432196,
          -0.999968409538269,
          -0.002908106427639723,
          1.6917150020599365
        ],
        [
          0.0,
          0.0,
          0.0,
          1.0
        ]
      ],
      "matrix_ego_from_sensor_carla": [
        [
          1.0,
          -8.766448900132673e-09,
          1.3315856750573118e-10,
          1.5499982833862305
        ],
        [
          6.343102487704755e-09,
          1.0,
          -9.525213950922762e-12,
          0.0
        ],
        [
          -9.967943137567659e-11,
          -9.495793040770195e-12,
          1.0,
          1.6999999284744263
        ],
        [
          0.0,
          0.0,
          0.0,
          1.0
        ]
      ],
      "matrix_ego_from_sensor_bevfusion": [
        [
          -8.766448900132673e-09,
          -1.3315856750573118e-10,
          1.0,
          1.5499982833862305
        ],
        [
          -1.0,
          -9.525213950922762e-12,
          -6.343102487704755e-09,
          0.0
        ],
        [
          -9.495793040770195e-12,
          -1.0,
          -9.967943137567659e-11,
          1.6999999284744263
        ],
        [
          0.0,
          0.0,
          0.0,
          1.0
        ]
      ],
      "camera_intrinsics": [
        [
          685.5110473632812,
          0.0,
          480.0
        ],
        [
          0.0,
          685.5110473632812,
          270.0
        ],
        [
          0.0,
          0.0,
          1.0
        ]
      ],
      "data_path": "D:\\Agent-AI\\outputs\\s3a_left_v3\\sample_000018\\images\\CAM_FRONT.png",
      "raw_layout": "bgra8"
    },
    "CAM_FRONT_RIGHT": {
      "type_id": "sensor.camera.rgb",
      "blueprint_attributes": {
        "role_name": "front",
        "ros_name": "sensor.camera.rgb",
        "chromatic_aberration_offset": "0.0",
        "sensor_tick": "0.100000",
        "fstop": "1.4",
        "image_size_x": "960",
        "image_size_y": "540",
        "fov": "70.00",
        "lens_circle_falloff": "5.0",
        "lens_circle_multiplier": "0.0",
        "exposure_compensation": "0.0",
        "lens_y_size": "0.08",
        "lens_k": "-1.0",
        "exposure_mode": "histogram",
        "lens_kcube": "0.0",
        "lens_x_size": "0.08",
        "exposure_max_bright": "12.0",
        "shutter_speed": "200.0",
        "bloom_intensity": "0.675",
        "iso": "100.0",
        "enable_postprocess_effects": "false",
        "gamma": "2.2",
        "motion_blur_intensity": "0.0",
        "motion_blur_max_distortion": "0.35",
        "lens_flare_intensity": "0.1",
        "motion_blur_min_object_screen_size": "0.1",
        "exposure_min_bright": "10.0",
        "exposure_speed_up": "3.0",
        "exposure_speed_down": "1.0",
        "tint": "0.0",
        "calibration_constant": "16.0",
        "focal_distance": "1000.0",
        "min_fstop": "1.2",
        "blade_count": "5",
        "blur_amount": "0.0",
        "blur_radius": "0.0",
        "slope": "0.88",
        "toe": "0.55",
        "white_clip": "0.04",
        "shoulder": "0.26",
        "black_clip": "0.0",
        "temp": "6500.0",
        "chromatic_aberration_intensity": "0.0"
      },
      "transform_carla": {
        "location": {
          "x": 109.27079010009766,
          "y": -32.88810729980469,
          "z": 1.6883724927902222
        },
        "rotation": {
          "roll": 0.10668386518955231,
          "pitch": -0.4428626000881195,
          "yaw": -44.70553207397461
        }
      },
      "matrix_world_from_sensor_carla": [
        [
          0.710710346698761,
          0.7034518718719482,
          0.006803309544920921,
          109.27079010009766
        ],
        [
          -0.7034423351287842,
          0.7107404470443726,
          -0.004113922826945782,
          -32.88810729980469
        ],
        [
          -0.007729333825409412,
          -0.0018619280308485031,
          0.999968409538269,
          1.6883724927902222
        ],
        [
          0.0,
          0.0,
          0.0,
          1.0
        ]
      ],
      "matrix_world_from_sensor_bevfusion": [
        [
          0.7034518718719482,
          -0.006803309544920921,
          0.710710346698761,
          109.27079010009766
        ],
        [
          -0.7107404470443726,
          -0.004113922826945782,
          0.7034423351287842,
          32.88810729980469
        ],
        [
          -0.0018619280308485031,
          -0.999968409538269,
          -0.007729333825409412,
          1.6883724927902222
        ],
        [
          0.0,
          0.0,
          0.0,
          1.0
        ]
      ],
      "matrix_ego_from_sensor_carla": [
        [
          0.5735761523246765,
          -0.8191522359848022,
          5.205439279620805e-08,
          1.299997329711914
        ],
        [
          0.8191522359848022,
          0.5735761523246765,
          -4.200476855231727e-09,
          0.5500106811523438
        ],
        [
          -2.6375984063520264e-08,
          4.6013479249040756e-08,
          1.0,
          1.7000001668930054
        ],
        [
          0.0,
          0.0,
          0.0,
          1.0
        ]
      ],
      "matrix_ego_from_sensor_bevfusion": [
        [
          -0.8191522359848022,
          -5.205439279620805e-08,
          0.5735761523246765,
          1.299997329711914
        ],
        [
          -0.5735761523246765,
          -4.200476855231727e-09,
          -0.8191522359848022,
          -0.5500106811523438
        ],
        [
          4.6013479249040756e-08,
          -1.0,
          -2.6375984063520264e-08,
          1.7000001668930054
        ],
        [
          0.0,
          0.0,
          0.0,
          1.0
        ]
      ],
      "camera_intrinsics": [
        [
          685.5110473632812,
          0.0,
          480.0
        ],
        [
          0.0,
          685.5110473632812,
          270.0
        ],
        [
          0.0,
          0.0,
          1.0
        ]
      ],
      "data_path": "D:\\Agent-AI\\outputs\\s3a_left_v3\\sample_000018\\images\\CAM_FRONT_RIGHT.png",
      "raw_layout": "bgra8"
    },
    "CAM_FRONT_LEFT": {
      "type_id": "sensor.camera.rgb",
      "blueprint_attributes": {
        "role_name": "front",
        "ros_name": "sensor.camera.rgb",
        "chromatic_aberration_offset": "0.0",
        "sensor_tick": "0.100000",
        "fstop": "1.4",
        "image_size_x": "960",
        "image_size_y": "540",
        "fov": "70.00",
        "lens_circle_falloff": "5.0",
        "lens_circle_multiplier": "0.0",
        "exposure_compensation": "0.0",
        "lens_y_size": "0.08",
        "lens_k": "-1.0",
        "exposure_mode": "histogram",
        "lens_kcube": "0.0",
        "lens_x_size": "0.08",
        "exposure_max_bright": "12.0",
        "shutter_speed": "200.0",
        "bloom_intensity": "0.675",
        "iso": "100.0",
        "enable_postprocess_effects": "false",
        "gamma": "2.2",
        "motion_blur_intensity": "0.0",
        "motion_blur_max_distortion": "0.35",
        "lens_flare_intensity": "0.1",
        "motion_blur_min_object_screen_size": "0.1",
        "exposure_min_bright": "10.0",
        "exposure_speed_up": "3.0",
        "exposure_speed_down": "1.0",
        "tint": "0.0",
        "calibration_constant": "16.0",
        "focal_distance": "1000.0",
        "min_fstop": "1.2",
        "blade_count": "5",
        "blur_amount": "0.0",
        "blur_radius": "0.0",
        "slope": "0.88",
        "toe": "0.55",
        "white_clip": "0.04",
        "shoulder": "0.26",
        "black_clip": "0.0",
        "temp": "6500.0",
        "chromatic_aberration_intensity": "0.0"
      },
      "transform_carla": {
        "location": {
          "x": 108.18655395507812,
          "y": -32.70269012451172,
          "z": 1.6965117454528809
        },
        "rotation": {
          "roll": 0.3796705901622772,
          "pitch": 0.25171294808387756,
          "yaw": -154.70431518554688
        }
      },
      "matrix_world_from_sensor_carla": [
        [
          -0.9041060209274292,
          0.4272540509700775,
          0.006803289987146854,
          108.18655395507812
        ],
        [
          -0.4272856116294861,
          -0.9041073322296143,
          -0.004113943316042423,
          -32.70269012451172
        ],
        [
          0.004393205512315035,
          -0.00662638945505023,
          0.999968409538269,
          1.6965117454528809
        ],
        [
          0.0,
          0.0,
          0.0,
          1.0
        ]
      ],
      "matrix_world_from_sensor_bevfusion": [
        [
          0.4272540509700775,
          -0.006803289987146854,
          -0.9041060209274292,
          108.18655395507812
        ],
        [
          0.9041073322296143,
          -0.004113943316042423,
          0.4272856116294861,
          32.70269012451172
        ],
        [
          -0.00662638945505023,
          -0.999968409538269,
          0.004393205512315035,
          1.6965117454528809
        ],
        [
          0.0,
          0.0,
          0.0,
          1.0
        ]
      ],
      "matrix_ego_from_sensor_carla": [
        [
          0.5735762715339661,
          0.8191521167755127,
          7.580311489618907e-08,
          1.2999992370605469
        ],
        [
          -0.8191521167755127,
          0.5735762715339661,
          -2.0032960179605652e-08,
          -0.54998779296875
        ],
        [
          -6.008663433476613e-08,
          -5.1439617010373695e-08,
          1.0,
          1.6999999284744263
        ],
        [
          0.0,
          0.0,
          0.0,
          1.0
        ]
      ],
      "matrix_ego_from_sensor_bevfusion": [
        [
          0.8191521167755127,
          -7.580311489618907e-08,
          0.5735762715339661,
          1.2999992370605469
        ],
        [
          -0.5735762715339661,
          -2.0032960179605652e-08,
          0.8191521167755127,
          0.54998779296875
        ],
        [
          -5.1439617010373695e-08,
          -1.0,
          -6.008663433476613e-08,
          1.6999999284744263
        ],
        [
          0.0,
          0.0,
          0.0,
          1.0
        ]
      ],
      "camera_intrinsics": [
        [
          685.5110473632812,
          0.0,
          480.0
        ],
        [
          0.0,
          685.5110473632812,
          270.0
        ],
        [
          0.0,
          0.0,
          1.0
        ]
      ],
      "data_path": "D:\\Agent-AI\\outputs\\s3a_left_v3\\sample_000018\\images\\CAM_FRONT_LEFT.png",
      "raw_layout": "bgra8"
    },
    "CAM_BACK": {
      "type_id": "sensor.camera.rgb",
      "blueprint_attributes": {
        "role_name": "front",
        "ros_name": "sensor.camera.rgb",
        "chromatic_aberration_offset": "0.0",
        "sensor_tick": "0.100000",
        "fstop": "1.4",
        "image_size_x": "960",
        "image_size_y": "540",
        "fov": "70.00",
        "lens_circle_falloff": "5.0",
        "lens_circle_multiplier": "0.0",
        "exposure_compensation": "0.0",
        "lens_y_size": "0.08",
        "lens_k": "-1.0",
        "exposure_mode": "histogram",
        "lens_kcube": "0.0",
        "lens_x_size": "0.08",
        "exposure_max_bright": "12.0",
        "shutter_speed": "200.0",
        "bloom_intensity": "0.675",
        "iso": "100.0",
        "enable_postprocess_effects": "false",
        "gamma": "2.2",
        "motion_blur_intensity": "0.0",
        "motion_blur_max_distortion": "0.35",
        "lens_flare_intensity": "0.1",
        "motion_blur_min_object_screen_size": "0.1",
        "exposure_min_bright": "10.0",
        "exposure_speed_up": "3.0",
        "exposure_speed_down": "1.0",
        "tint": "0.0",
        "calibration_constant": "16.0",
        "focal_distance": "1000.0",
        "min_fstop": "1.2",
        "blade_count": "5",
        "blur_amount": "0.0",
        "blur_radius": "0.0",
        "slope": "0.88",
        "toe": "0.55",
        "white_clip": "0.04",
        "shoulder": "0.26",
        "black_clip": "0.0",
        "temp": "6500.0",
        "chromatic_aberration_intensity": "0.0"
      },
      "transform_carla": {
        "location": {
          "x": 109.20914459228516,
          "y": -29.9862060546875,
          "z": 1.7007304430007935
        },
        "rotation": {
          "roll": -0.4239635467529297,
          "pitch": 0.16662245988845825,
          "yaw": 80.29422760009766
        }
      },
      "matrix_world_from_sensor_carla": [
        [
          0.16858795285224915,
          -0.9856631755828857,
          0.006803319323807955,
          109.20914459228516
        ],
        [
          0.9856823086738586,
          0.1685628443956375,
          -0.004113873466849327,
          -29.9862060546875
        ],
        [
          0.002908106427639723,
          0.007399461232125759,
          0.999968409538269,
          1.7007304430007935
        ],
        [
          0.0,
          0.0,
          0.0,
          1.0
        ]
      ],
      "matrix_world_from_sensor_bevfusion": [
        [
          -0.9856631755828857,
          -0.006803319323807955,
          0.16858795285224915,
          109.20914459228516
        ],
        [
          -0.1685628443956375,
          -0.004113873466849327,
          -0.9856823086738586,
          29.9862060546875
        ],
        [
          0.007399461232125759,
          -0.999968409538269,
          0.002908106427639723,
          1.7007304430007935
        ],
        [
          0.0,
          0.0,
          0.0,
          1.0
        ]
      ],
      "matrix_ego_from_sensor_carla": [
        [
          -1.0,
          -2.705071437958395e-07,
          1.7629731008383942e-09,
          -1.5499992370605469
        ],
        [
          2.719258986871864e-07,
          -0.9999999403953552,
          -2.8034929933085095e-09,
          7.62939453125e-06
        ],
        [
          2.195155168749352e-09,
          -3.2500597768603257e-09,
          1.0,
          1.7000001668930054
        ],
        [
          0.0,
          0.0,
          0.0,
          1.0
        ]
      ],
      "matrix_ego_from_sensor_bevfusion": [
        [
          -2.705071437958395e-07,
          -1.7629731008383942e-09,
          -1.0,
          -1.5499992370605469
        ],
        [
          0.9999999403953552,
          -2.8034929933085095e-09,
          -2.719258986871864e-07,
          -7.62939453125e-06
        ],
        [
          -3.2500597768603257e-09,
          -1.0,
          2.195155168749352e-09,
          1.7000001668930054
        ],
        [
          0.0,
          0.0,
          0.0,
          1.0
        ]
      ],
      "camera_intrinsics": [
        [
          685.5110473632812,
          0.0,
          480.0
        ],
        [
          0.0,
          685.5110473632812,
          270.0
        ],
        [
          0.0,
          0.0,
          1.0
        ]
      ],
      "data_path": "D:\\Agent-AI\\outputs\\s3a_left_v3\\sample_000018\\images\\CAM_BACK.png",
      "raw_layout": "bgra8"
    },
    "CAM_BACK_LEFT": {
      "type_id": "sensor.camera.rgb",
      "blueprint_attributes": {
        "role_name": "front",
        "ros_name": "sensor.camera.rgb",
        "chromatic_aberration_offset": "0.0",
        "sensor_tick": "0.100000",
        "fstop": "1.4",
        "image_size_x": "960",
        "image_size_y": "540",
        "fov": "70.00",
        "lens_circle_falloff": "5.0",
        "lens_circle_multiplier": "0.0",
        "exposure_compensation": "0.0",
        "lens_y_size": "0.08",
        "lens_k": "-1.0",
        "exposure_mode": "histogram",
        "lens_kcube": "0.0",
        "lens_x_size": "0.08",
        "exposure_max_bright": "12.0",
        "shutter_speed": "200.0",
        "bloom_intensity": "0.675",
        "iso": "100.0",
        "enable_postprocess_effects": "false",
        "gamma": "2.2",
        "motion_blur_intensity": "0.0",
        "motion_blur_max_distortion": "0.35",
        "lens_flare_intensity": "0.1",
        "motion_blur_min_object_screen_size": "0.1",
        "exposure_min_bright": "10.0",
        "exposure_speed_up": "3.0",
        "exposure_speed_down": "1.0",
        "tint": "0.0",
        "calibration_constant": "16.0",
        "focal_distance": "1000.0",
        "min_fstop": "1.2",
        "blade_count": "5",
        "blur_amount": "0.0",
        "blur_radius": "0.0",
        "slope": "0.88",
        "toe": "0.55",
        "white_clip": "0.04",
        "shoulder": "0.26",
        "black_clip": "0.0",
        "temp": "6500.0",
        "chromatic_aberration_intensity": "0.0"
      },
      "transform_carla": {
        "location": {
          "x": 108.6248779296875,
          "y": -30.139915466308594,
          "z": 1.704073190689087
        },
        "rotation": {
          "roll": -0.10668379068374634,
          "pitch": 0.4428626000881195,
          "yaw": 135.29444885253906
        }
      },
      "matrix_world_from_sensor_carla": [
        [
          -0.7107101082801819,
          -0.7034521102905273,
          0.006803307216614485,
          108.6248779296875
        ],
        [
          0.7034425735473633,
          -0.7107402086257935,
          -0.004113926086574793,
          -30.139915466308594
        ],
        [
          0.007729333825409412,
          0.001861926750279963,
          0.999968409538269,
          1.704073190689087
        ],
        [
          0.0,
          0.0,
          0.0,
          1.0
        ]
      ],
      "matrix_world_from_sensor_bevfusion": [
        [
          -0.7034521102905273,
          -0.006803307216614485,
          -0.7107101082801819,
          108.6248779296875
        ],
        [
          0.7107402086257935,
          -0.004113926086574793,
          -0.7034425735473633,
          30.139915466308594
        ],
        [
          0.001861926750279963,
          -0.999968409538269,
          0.007729333825409412,
          1.704073190689087
        ],
        [
          0.0,
          0.0,
          0.0,
          1.0
        ]
      ],
      "matrix_ego_from_sensor_carla": [
        [
          -0.5735764503479004,
          0.8191520571708679,
          5.577968309466996e-08,
          -1.3000001907348633
        ],
        [
          -0.8191520571708679,
          -0.5735763907432556,
          -6.063122004462684e-09,
          -0.5500030517578125
        ],
        [
          2.6841645350828003e-08,
          -4.962231514582527e-08,
          1.0,
          1.7000001668930054
        ],
        [
          0.0,
          0.0,
          0.0,
          1.0
        ]
      ],
      "matrix_ego_from_sensor_bevfusion": [
        [
          0.8191520571708679,
          -5.577968309466996e-08,
          -0.5735764503479004,
          -1.3000001907348633
        ],
        [
          0.5735763907432556,
          -6.063122004462684e-09,
          0.8191520571708679,
          0.5500030517578125
        ],
        [
          -4.962231514582527e-08,
          -1.0,
          2.6841645350828003e-08,
          1.7000001668930054
        ],
        [
          0.0,
          0.0,
          0.0,
          1.0
        ]
      ],
      "camera_intrinsics": [
        [
          685.5110473632812,
          0.0,
          480.0
        ],
        [
          0.0,
          685.5110473632812,
          270.0
        ],
        [
          0.0,
          0.0,
          1.0
        ]
      ],
      "data_path": "D:\\Agent-AI\\outputs\\s3a_left_v3\\sample_000018\\images\\CAM_BACK_LEFT.png",
      "raw_layout": "bgra8"
    },
    "CAM_BACK_RIGHT": {
      "type_id": "sensor.camera.rgb",
      "blueprint_attributes": {
        "role_name": "front",
        "ros_name": "sensor.camera.rgb",
        "chromatic_aberration_offset": "0.0",
        "sensor_tick": "0.100000",
        "fstop": "1.4",
        "image_size_x": "960",
        "image_size_y": "540",
        "fov": "70.00",
        "lens_circle_falloff": "5.0",
        "lens_circle_multiplier": "0.0",
        "exposure_compensation": "0.0",
        "lens_y_size": "0.08",
        "lens_k": "-1.0",
        "exposure_mode": "histogram",
        "lens_kcube": "0.0",
        "lens_x_size": "0.08",
        "exposure_max_bright": "12.0",
        "shutter_speed": "200.0",
        "bloom_intensity": "0.675",
        "iso": "100.0",
        "enable_postprocess_effects": "false",
        "gamma": "2.2",
        "motion_blur_intensity": "0.0",
        "motion_blur_max_distortion": "0.35",
        "lens_flare_intensity": "0.1",
        "motion_blur_min_object_screen_size": "0.1",
        "exposure_min_bright": "10.0",
        "exposure_speed_up": "3.0",
        "exposure_speed_down": "1.0",
        "tint": "0.0",
        "calibration_constant": "16.0",
        "focal_distance": "1000.0",
        "min_fstop": "1.2",
        "blade_count": "5",
        "blur_amount": "0.0",
        "blur_radius": "0.0",
        "slope": "0.88",
        "toe": "0.55",
        "white_clip": "0.04",
        "shoulder": "0.26",
        "black_clip": "0.0",
        "temp": "6500.0",
        "chromatic_aberration_intensity": "0.0"
      },
      "transform_carla": {
        "location": {
          "x": 109.7091064453125,
          "y": -30.325334548950195,
          "z": 1.6959336996078491
        },
        "rotation": {
          "roll": -0.37967053055763245,
          "pitch": -0.25171294808387756,
          "yaw": 25.2956600189209
        }
      },
      "matrix_world_from_sensor_carla": [
        [
          0.9041061997413635,
          -0.42725372314453125,
          0.006803288124501705,
          109.7091064453125
        ],
        [
          0.4272852838039398,
          0.9041075110435486,
          -0.0041139451786875725,
          -30.325334548950195
        ],
        [
          -0.004393205512315035,
          0.006626388523727655,
          0.999968409538269,
          1.6959336996078491
        ],
        [
          0.0,
          0.0,
          0.0,
          1.0
        ]
      ],
      "matrix_world_from_sensor_bevfusion": [
        [
          -0.42725372314453125,
          -0.006803288124501705,
          0.9041061997413635,
          109.7091064453125
        ],
        [
          -0.9041075110435486,
          -0.0041139451786875725,
          -0.4272852838039398,
          30.325334548950195
        ],
        [
          0.006626388523727655,
          -0.999968409538269,
          -0.004393205512315035,
          1.6959336996078491
        ],
        [
          0.0,
          0.0,
          0.0,
          1.0
        ]
      ],
      "matrix_ego_from_sensor_carla": [
        [
          -0.5735759735107422,
          -0.8191523551940918,
          7.78985906890739e-08,
          -1.3000001907348633
        ],
        [
          0.8191523551940918,
          -0.5735759735107422,
          -2.142994404152887e-08,
          0.5500030517578125
        ],
        [
          6.241494077130483e-08,
          5.237097155941228e-08,
          1.0,
          1.7000001668930054
        ],
        [
          0.0,
          0.0,
          0.0,
          1.0
        ]
      ],
      "matrix_ego_from_sensor_bevfusion": [
        [
          -0.8191523551940918,
          -7.78985906890739e-08,
          -0.5735759735107422,
          -1.3000001907348633
        ],
        [
          0.5735759735107422,
          -2.142994404152887e-08,
          -0.8191523551940918,
          -0.5500030517578125
        ],
        [
          5.237097155941228e-08,
          -1.0,
          6.241494077130483e-08,
          1.7000001668930054
        ],
        [
          0.0,
          0.0,
          0.0,
          1.0
        ]
      ],
      "camera_intrinsics": [
        [
          685.5110473632812,
          0.0,
          480.0
        ],
        [
          0.0,
          685.5110473632812,
          270.0
        ],
        [
          0.0,
          0.0,
          1.0
        ]
      ],
      "data_path": "D:\\Agent-AI\\outputs\\s3a_left_v3\\sample_000018\\images\\CAM_BACK_RIGHT.png",
      "raw_layout": "bgra8"
    },
    "LIDAR_TOP": {
      "type_id": "sensor.lidar.ray_cast",
      "blueprint_attributes": {
        "atmosphere_attenuation_rate": "0.004",
        "role_name": "front",
        "noise_seed": "0",
        "upper_fov": "10.0",
        "ros_name": "sensor.lidar.ray_cast",
        "sensor_tick": "0.100000",
        "channels": "32",
        "range": "120.0",
        "points_per_second": "360000",
        "lower_fov": "-30.0",
        "rotation_frequency": "10.000000",
        "horizontal_fov": "360.0",
        "dropoff_general_rate": "0.0",
        "dropoff_intensity_limit": "1.0",
        "noise_stddev": "0.0",
        "dropoff_zero_intensity": "0.0"
      },
      "transform_carla": {
        "location": {
          "x": 108.95124053955078,
          "y": -31.516069412231445,
          "z": 2.19620680809021
        },
        "rotation": {
          "roll": 0.4239636957645416,
          "pitch": -0.16662245988845825,
          "yaw": -99.70575714111328
        }
      },
      "matrix_world_from_sensor_carla": [
        [
          -0.16858768463134766,
          0.9856632351875305,
          0.006803322583436966,
          108.95124053955078
        ],
        [
          -0.9856823682785034,
          -0.16856257617473602,
          -0.004113872069865465,
          -31.516069412231445
        ],
        [
          -0.002908106427639723,
          -0.007399463560432196,
          0.999968409538269,
          2.19620680809021
        ],
        [
          0.0,
          0.0,
          0.0,
          1.0
        ]
      ],
      "matrix_world_from_sensor_bevfusion": [
        [
          -0.16858768463134766,
          -0.9856632351875305,
          0.006803322583436966,
          108.95124053955078
        ],
        [
          0.9856823682785034,
          -0.16856257617473602,
          0.004113872069865465,
          31.516069412231445
        ],
        [
          -0.002908106427639723,
          0.007399463560432196,
          0.999968409538269,
          2.19620680809021
        ],
        [
          0.0,
          0.0,
          0.0,
          1.0
        ]
      ],
      "matrix_ego_from_sensor_carla": [
        [
          1.0,
          -8.766448900132673e-09,
          1.3315856750573118e-10,
          -2.86102294921875e-06
        ],
        [
          6.343102487704755e-09,
          1.0,
          -9.525213950922762e-12,
          1.52587890625e-05
        ],
        [
          -9.967943137567659e-11,
          -9.495793040770195e-12,
          1.0,
          2.1999998092651367
        ],
        [
          0.0,
          0.0,
          0.0,
          1.0
        ]
      ],
      "matrix_ego_from_sensor_bevfusion": [
        [
          1.0,
          8.766448900132673e-09,
          1.3315856750573118e-10,
          -2.86102294921875e-06
        ],
        [
          -6.343102487704755e-09,
          1.0,
          9.525213950922762e-12,
          -1.52587890625e-05
        ],
        [
          -9.967943137567659e-11,
          9.495793040770195e-12,
          1.0,
          2.1999998092651367
        ],
        [
          0.0,
          0.0,
          0.0,
          1.0
        ]
      ],
      "data_path": "D:\\Agent-AI\\outputs\\s3a_left_v3\\sample_000018\\lidar\\LIDAR_TOP.npy",
      "raw_layout": [
        "x",
        "y",
        "z",
        "intensity"
      ]
    },
    "RADAR_FRONT": {
      "type_id": "sensor.other.radar",
      "blueprint_attributes": {
        "sensor_tick": "0.100000",
        "role_name": "default",
        "noise_seed": "0",
        "ros_name": "sensor.other.radar",
        "horizontal_fov": "35.0",
        "points_per_second": "1500",
        "vertical_fov": "20.0",
        "range": "120.0"
      },
      "transform_carla": {
        "location": {
          "x": 108.60520935058594,
          "y": -33.48208236694336,
          "z": 0.890431821346283
        },
        "rotation": {
          "roll": 0.4239636957645416,
          "pitch": -0.16662245988845825,
          "yaw": -99.70575714111328
        }
      },
      "matrix_world_from_sensor_carla": [
        [
          -0.16858768463134766,
          0.9856632351875305,
          0.006803322583436966,
          108.60520935058594
        ],
        [
          -0.9856823682785034,
          -0.16856257617473602,
          -0.004113872069865465,
          -33.48208236694336
        ],
        [
          -0.002908106427639723,
          -0.007399463560432196,
          0.999968409538269,
          0.890431821346283
        ],
        [
          0.0,
          0.0,
          0.0,
          1.0
        ]
      ],
      "matrix_world_from_sensor_bevfusion": [
        [
          -0.16858768463134766,
          -0.9856632351875305,
          0.006803322583436966,
          108.60520935058594
        ],
        [
          0.9856823682785034,
          -0.16856257617473602,
          0.004113872069865465,
          33.48208236694336
        ],
        [
          -0.002908106427639723,
          0.007399463560432196,
          0.999968409538269,
          0.890431821346283
        ],
        [
          0.0,
          0.0,
          0.0,
          1.0
        ]
      ],
      "matrix_ego_from_sensor_carla": [
        [
          1.0,
          -8.766448900132673e-09,
          1.3315856750573118e-10,
          1.999995231628418
        ],
        [
          6.343102487704755e-09,
          1.0,
          -9.525213950922762e-12,
          0.0
        ],
        [
          -9.967943137567659e-11,
          -9.495793040770195e-12,
          1.0,
          0.8999999761581421
        ],
        [
          0.0,
          0.0,
          0.0,
          1.0
        ]
      ],
      "matrix_ego_from_sensor_bevfusion": [
        [
          1.0,
          8.766448900132673e-09,
          1.3315856750573118e-10,
          1.999995231628418
        ],
        [
          -6.343102487704755e-09,
          1.0,
          9.525213950922762e-12,
          0.0
        ],
        [
          -9.967943137567659e-11,
          9.495793040770195e-12,
          1.0,
          0.8999999761581421
        ],
        [
          0.0,
          0.0,
          0.0,
          1.0
        ]
      ],
      "data_path": "D:\\Agent-AI\\outputs\\s3a_left_v3\\sample_000018\\radar\\RADAR_FRONT.npy",
      "raw_layout": [
        "velocity",
        "altitude",
        "azimuth",
        "depth"
      ]
    },
    "RADAR_FRONT_LEFT": {
      "type_id": "sensor.other.radar",
      "blueprint_attributes": {
        "sensor_tick": "0.100000",
        "role_name": "default",
        "noise_seed": "0",
        "ros_name": "sensor.other.radar",
        "horizontal_fov": "35.0",
        "points_per_second": "1500",
        "vertical_fov": "20.0",
        "range": "120.0"
      },
      "transform_carla": {
        "location": {
          "x": 107.92498016357422,
          "y": -33.010677337646484,
          "z": 0.896999180316925
        },
        "rotation": {
          "roll": 0.4176115393638611,
          "pitch": 0.18196305632591248,
          "yaw": -144.7044677734375
        }
      },
      "matrix_world_from_sensor_carla": [
        [
          -0.816178560256958,
          0.5777596831321716,
          0.0068033309653401375,
          107.92498016357422
        ],
        [
          -0.5777910351753235,
          -0.816174328327179,
          -0.004113917239010334,
          -33.010677337646484
        ],
        [
          0.0031758490949869156,
          -0.007288594730198383,
          0.9999683499336243,
          0.896999180316925
        ],
        [
          0.0,
          0.0,
          0.0,
          1.0
        ]
      ],
      "matrix_world_from_sensor_bevfusion": [
        [
          -0.816178560256958,
          -0.5777596831321716,
          0.0068033309653401375,
          107.92498016357422
        ],
        [
          0.5777910351753235,
          -0.816174328327179,
          0.004113917239010334,
          33.010677337646484
        ],
        [
          0.0031758490949869156,
          0.007288594730198383,
          0.9999683499336243,
          0.896999180316925
        ],
        [
          0.0,
          0.0,
          0.0,
          1.0
        ]
      ],
      "matrix_ego_from_sensor_carla": [
        [
          0.7071068286895752,
          0.7071067094802856,
          4.314733459409581e-08,
          1.6500005722045898
        ],
        [
          -0.7071066498756409,
          0.7071068286895752,
          1.67296629882685e-08,
          -0.7499923706054688
        ],
        [
          -1.9068645329411993e-08,
          -4.262744113248118e-08,
          0.9999999403953552,
          0.8999999761581421
        ],
        [
          0.0,
          0.0,
          0.0,
          1.0
        ]
      ],
      "matrix_ego_from_sensor_bevfusion": [
        [
          0.7071068286895752,
          -0.7071067094802856,
          4.314733459409581e-08,
          1.6500005722045898
        ],
        [
          0.7071066498756409,
          0.7071068286895752,
          -1.67296629882685e-08,
          0.7499923706054688
        ],
        [
          -1.9068645329411993e-08,
          4.262744113248118e-08,
          0.9999999403953552,
          0.8999999761581421
        ],
        [
          0.0,
          0.0,
          0.0,
          1.0
        ]
      ],
      "data_path": "D:\\Agent-AI\\outputs\\s3a_left_v3\\sample_000018\\radar\\RADAR_FRONT_LEFT.npy",
      "raw_layout": [
        "velocity",
        "altitude",
        "azimuth",
        "depth"
      ]
    },
    "RADAR_FRONT_RIGHT": {
      "type_id": "sensor.other.radar",
      "blueprint_attributes": {
        "sensor_tick": "0.100000",
        "role_name": "default",
        "noise_seed": "0",
        "ros_name": "sensor.other.radar",
        "horizontal_fov": "35.0",
        "points_per_second": "1500",
