{
  "schema_version": "stage1.v1",
  "sample_name": "sample_000003",
  "sequence_index": 3,
  "previous_sample_name": "sample_000002",
  "frame_id": 3923,
  "timestamp": 39.43108655139804,
  "platform_timestamp": 16816481.7975708,
  "delta_seconds": 0.10000000149011612,
  "town": "Carla/Maps/Town10HD_Opt",
  "weather": {
    "cloudiness": 20.0,
    "dust_storm": 0.0,
    "fog_density": 2.0,
    "fog_distance": 0.75,
    "fog_falloff": 0.10000000149011612,
    "mie_scattering_scale": 0.029999999329447746,
    "precipitation": 0.0,
    "precipitation_deposits": 0.0,
    "rayleigh_scattering_scale": 0.03310000151395798,
    "scattering_intensity": 1.0,
    "sun_altitude_angle": 45.0,
    "sun_azimuth_angle": 300.0,
    "wetness": 0.0,
    "wind_intensity": 10.0
  },
  "sensor_names": [
    "CAM_FRONT",
    "CAM_FRONT_RIGHT",
    "CAM_FRONT_LEFT",
    "CAM_BACK",
    "CAM_BACK_LEFT",
    "CAM_BACK_RIGHT",
    "LIDAR_TOP",
    "RADAR_FRONT",
    "RADAR_FRONT_LEFT",
    "RADAR_FRONT_RIGHT",
    "RADAR_BACK_LEFT",
    "RADAR_BACK_RIGHT"
  ],
  "camera_order_for_model": [
    "CAM_FRONT",
    "CAM_FRONT_RIGHT",
    "CAM_FRONT_LEFT",
    "CAM_BACK",
    "CAM_BACK_LEFT",
    "CAM_BACK_RIGHT"
  ],
  "radar_order_for_model": [
    "RADAR_FRONT",
    "RADAR_FRONT_LEFT",
    "RADAR_FRONT_RIGHT",
    "RADAR_BACK_LEFT",
    "RADAR_BACK_RIGHT"
  ],
  "coordinate_notes": {
    "carla_world": "left-handed x-forward y-right z-up",
    "bevfusion_lidar": "x-forward y-left z-up",
    "camera_frame_for_model": "OpenCV style x-right y-down z-forward"
  },
  "ego": {
    "actor_id": 24,
    "transform_carla": {
      "location": {
        "x": 109.90635681152344,
        "y": -21.137441635131836,
        "z": -0.006554336287081242
      },
      "rotation": {
        "roll": 0.034749358892440796,
        "pitch": 0.5540034174919128,
        "yaw": -90.88865661621094
      }
    },
    "velocity_carla": [
      -0.10797151178121567,
      -4.1296796798706055,
      -4.4250486098462716e-05
    ],
    "angular_velocity_carla": [
      -0.3695096969604492,
      0.0452236533164978,
      -1.725748062133789
    ],
    "matrix_world_from_ego_carla": [
      [
        -0.015508660115301609,
        0.9998794198036194,
        0.0007563784020021558,
        109.90635681152344
      ],
      [
        -0.9998329877853394,
        -0.015515245497226715,
        0.009658461436629295,
        -21.137441635131836
      ],
      [
        0.009669032879173756,
        -0.0006064623012207448,
        0.9999530911445618,
        -0.006554336287081242
      ],
      [
        0.0,
        0.0,
        0.0,
        1.0
      ]
    ],
    "matrix_world_from_ego_bevfusion": [
      [
        -0.015508660115301609,
        -0.9998794198036194,
        0.0007563784020021558,
        109.90635681152344
      ],
      [
        0.9998329877853394,
        -0.015515245497226715,
        -0.009658461436629295,
        21.137441635131836
      ],
      [
        0.009669032879173756,
        0.0006064623012207448,
        0.9999530911445618,
        -0.006554336287081242
      ],
      [
        0.0,
        0.0,
        0.0,
        1.0
      ]
    ]
  },
  "sensors": {
    "CAM_FRONT": {
      "type_id": "sensor.camera.rgb",
      "blueprint_attributes": {
        "role_name": "front",
        "ros_name": "sensor.camera.rgb",
        "chromatic_aberration_offset": "0.0",
        "sensor_tick": "0.100000",
        "fstop": "1.4",
        "image_size_x": "960",
        "image_size_y": "540",
        "fov": "70.00",
        "lens_circle_falloff": "5.0",
        "lens_circle_multiplier": "0.0",
        "exposure_compensation": "0.0",
        "lens_y_size": "0.08",
        "lens_k": "-1.0",
        "exposure_mode": "histogram",
        "lens_kcube": "0.0",
        "lens_x_size": "0.08",
        "exposure_max_bright": "12.0",
        "shutter_speed": "200.0",
        "bloom_intensity": "0.675",
        "iso": "100.0",
        "enable_postprocess_effects": "false",
        "gamma": "2.2",
        "motion_blur_intensity": "0.0",
        "motion_blur_max_distortion": "0.35",
        "lens_flare_intensity": "0.1",
        "motion_blur_min_object_screen_size": "0.1",
        "exposure_min_bright": "10.0",
        "exposure_speed_up": "3.0",
        "exposure_speed_down": "1.0",
        "tint": "0.0",
        "calibration_constant": "16.0",
        "focal_distance": "1000.0",
        "min_fstop": "1.2",
        "blade_count": "5",
        "blur_amount": "0.0",
        "blur_radius": "0.0",
        "slope": "0.88",
        "toe": "0.55",
        "white_clip": "0.04",
        "shoulder": "0.26",
        "black_clip": "0.0",
        "temp": "6500.0",
        "chromatic_aberration_intensity": "0.0"
      },
      "transform_carla": {
        "location": {
          "x": 109.88359832763672,
          "y": -22.670761108398438,
          "z": 1.7083529233932495
        },
        "rotation": {
          "roll": 0.034749358892440796,
          "pitch": 0.5540034174919128,
          "yaw": -90.88865661621094
        }
      },
      "matrix_world_from_sensor_carla": [
        [
          -0.015508660115301609,
          0.9998794198036194,
          0.0007563784020021558,
          109.88359832763672
        ],
        [
          -0.9998329877853394,
          -0.015515245497226715,
          0.009658461436629295,
          -22.670761108398438
        ],
        [
          0.009669032879173756,
          -0.0006064623012207448,
          0.9999530911445618,
          1.7083529233932495
        ],
        [
          0.0,
          0.0,
          0.0,
          1.0
        ]
      ],
      "matrix_world_from_sensor_bevfusion": [
        [
          0.9998794198036194,
          -0.0007563784020021558,
          -0.015508660115301609,
          109.88359832763672
        ],
        [
          0.015515245497226715,
          0.009658461436629295,
          0.9998329877853394,
          22.670761108398438
        ],
        [
          -0.0006064623012207448,
          -0.9999530911445618,
          0.009669032879173756,
          1.7083529233932495
        ],
        [
          0.0,
          0.0,
          0.0,
          1.0
        ]
      ],
      "matrix_ego_from_sensor_carla": [
        [
          1.0,
          3.388461455866576e-10,
          -9.128031663863112e-12,
          1.549997329711914
        ],
        [
          3.3828134737845517e-10,
          1.0,
          -1.5093769983876015e-11,
          -7.62939453125e-06
        ],
        [
          3.4583158559087224e-10,
          2.105420005005243e-11,
          1.0,
          1.6999999284744263
        ],
        [
          0.0,
          0.0,
          0.0,
          1.0
        ]
      ],
      "matrix_ego_from_sensor_bevfusion": [
        [
          3.388461455866576e-10,
          9.128031663863112e-12,
          1.0,
          1.549997329711914
        ],
        [
          -1.0,
          -1.5093769983876015e-11,
          -3.3828134737845517e-10,
          7.62939453125e-06
        ],
        [
          2.105420005005243e-11,
          -1.0,
          3.4583158559087224e-10,
          1.6999999284744263
        ],
        [
          0.0,
          0.0,
          0.0,
          1.0
        ]
      ],
      "camera_intrinsics": [
        [
          685.5110473632812,
          0.0,
          480.0
        ],
        [
          0.0,
          685.5110473632812,
          270.0
        ],
        [
          0.0,
          0.0,
          1.0
        ]
      ],
      "data_path": "D:\\Agent-AI\\outputs\\s3a_left_v3\\sample_000003\\images\\CAM_FRONT.png",
      "raw_layout": "bgra8"
    },
    "CAM_FRONT_RIGHT": {
      "type_id": "sensor.camera.rgb",
      "blueprint_attributes": {
        "role_name": "front",
        "ros_name": "sensor.camera.rgb",
        "chromatic_aberration_offset": "0.0",
        "sensor_tick": "0.100000",
        "fstop": "1.4",
        "image_size_x": "960",
        "image_size_y": "540",
        "fov": "70.00",
        "lens_circle_falloff": "5.0",
        "lens_circle_multiplier": "0.0",
        "exposure_compensation": "0.0",
        "lens_y_size": "0.08",
        "lens_k": "-1.0",
        "exposure_mode": "histogram",
        "lens_kcube": "0.0",
        "lens_x_size": "0.08",
        "exposure_max_bright": "12.0",
        "shutter_speed": "200.0",
        "bloom_intensity": "0.675",
        "iso": "100.0",
        "enable_postprocess_effects": "false",
        "gamma": "2.2",
        "motion_blur_intensity": "0.0",
        "motion_blur_max_distortion": "0.35",
        "lens_flare_intensity": "0.1",
        "motion_blur_min_object_screen_size": "0.1",
        "exposure_min_bright": "10.0",
        "exposure_speed_up": "3.0",
        "exposure_speed_down": "1.0",
        "tint": "0.0",
        "calibration_constant": "16.0",
        "focal_distance": "1000.0",
        "min_fstop": "1.2",
        "blade_count": "5",
        "blur_amount": "0.0",
        "blur_radius": "0.0",
        "slope": "0.88",
        "toe": "0.55",
        "white_clip": "0.04",
        "shoulder": "0.26",
        "black_clip": "0.0",
        "temp": "6500.0",
        "chromatic_aberration_intensity": "0.0"
      },
      "transform_carla": {
        "location": {
          "x": 110.43740844726562,
          "y": -22.429338455200195,
          "z": 1.7056020498275757
        },
        "rotation": {
          "roll": 0.47374770045280457,
          "pitch": 0.2892926335334778,
          "yaw": -35.88764572143555
        }
      },
      "matrix_world_from_sensor_carla": [
        [
          0.8101577758789062,
          0.5862114429473877,
          0.0007564257830381393,
          110.43740844726562
        ],
        [
          -0.5861902236938477,
          0.8101158738136292,
          0.00965842604637146,
          -22.429338455200195
        ],
        [
          0.005049087572842836,
          -0.008268257603049278,
          0.999953031539917,
          1.7056020498275757
        ],
        [
          0.0,
          0.0,
          0.0,
          1.0
        ]
      ],
      "matrix_world_from_sensor_bevfusion": [
        [
          0.5862114429473877,
          -0.0007564257830381393,
          0.8101577758789062,
          110.43740844726562
        ],
        [
          -0.8101158738136292,
          0.00965842604637146,
          0.5861902236938477,
          22.429338455200195
        ],
        [
          -0.008268257603049278,
          -0.999953031539917,
          0.005049087572842836,
          1.7056020498275757
        ],
        [
          0.0,
          0.0,
          0.0,
          1.0
        ]
      ],
      "matrix_ego_from_sensor_carla": [
        [
          0.5735766887664795,
          -0.8191518783569336,
          3.387348712635685e-08,
          1.2999992370605469
        ],
        [
          0.8191519975662231,
          0.5735766887664795,
          4.792595831304425e-08,
          0.54998779296875
        ],
        [
          -5.926525759036849e-08,
          9.171361448068183e-10,
          0.9999999403953552,
          1.6999999284744263
        ],
        [
          0.0,
          0.0,
          0.0,
          1.0
        ]
      ],
      "matrix_ego_from_sensor_bevfusion": [
        [
          -0.8191518783569336,
          -3.387348712635685e-08,
          0.5735766887664795,
          1.2999992370605469
        ],
        [
          -0.5735766887664795,
          4.792595831304425e-08,
          -0.8191519975662231,
          -0.54998779296875
        ],
        [
          9.171361448068183e-10,
          -0.9999999403953552,
          -5.926525759036849e-08,
          1.6999999284744263
        ],
        [
          0.0,
          0.0,
          0.0,
          1.0
        ]
      ],
      "camera_intrinsics": [
        [
          685.5110473632812,
          0.0,
          480.0
        ],
        [
          0.0,
          685.5110473632812,
          270.0
        ],
        [
          0.0,
          0.0,
          1.0
        ]
      ],
      "data_path": "D:\\Agent-AI\\outputs\\s3a_left_v3\\sample_000003\\images\\CAM_FRONT_RIGHT.png",
      "raw_layout": "bgra8"
    },
    "CAM_FRONT_LEFT": {
      "type_id": "sensor.camera.rgb",
      "blueprint_attributes": {
        "role_name": "front",
        "ros_name": "sensor.camera.rgb",
        "chromatic_aberration_offset": "0.0",
        "sensor_tick": "0.100000",
        "fstop": "1.4",
        "image_size_x": "960",
        "image_size_y": "540",
        "fov": "70.00",
        "lens_circle_falloff": "5.0",
        "lens_circle_multiplier": "0.0",
        "exposure_compensation": "0.0",
        "lens_y_size": "0.08",
        "lens_k": "-1.0",
        "exposure_mode": "histogram",
        "lens_kcube": "0.0",
        "lens_x_size": "0.08",
        "exposure_max_bright": "12.0",
        "shutter_speed": "200.0",
        "bloom_intensity": "0.675",
        "iso": "100.0",
        "enable_postprocess_effects": "false",
        "gamma": "2.2",
        "motion_blur_intensity": "0.0",
        "motion_blur_max_distortion": "0.35",
        "lens_flare_intensity": "0.1",
        "motion_blur_min_object_screen_size": "0.1",
        "exposure_min_bright": "10.0",
        "exposure_speed_up": "3.0",
        "exposure_speed_down": "1.0",
        "tint": "0.0",
        "calibration_constant": "16.0",
        "focal_distance": "1000.0",
        "min_fstop": "1.2",
        "blade_count": "5",
        "blur_amount": "0.0",
        "blur_radius": "0.0",
        "slope": "0.88",
        "toe": "0.55",
        "white_clip": "0.04",
        "shoulder": "0.26",
        "black_clip": "0.0",
        "temp": "6500.0",
        "chromatic_aberration_intensity": "0.0"
      },
      "transform_carla": {
        "location": {
          "x": 109.3375473022461,
          "y": -22.412269592285156,
          "z": 1.7062691450119019
        },
        "rotation": {
          "roll": -0.4338874816894531,
          "pitch": 0.34622228145599365,
          "yaw": -145.89012145996094
        }
      },
      "matrix_world_from_sensor_carla": [
        [
          -0.8279485702514648,
          0.5608035326004028,
          0.0007563498802483082,
          109.3375473022461
        ],
        [
          -0.5607714653015137,
          -0.8279142379760742,
          0.009658442810177803,
          -22.412269592285156
        ],
        [
          0.006042682100087404,
          0.007572554517537355,
          0.9999530911445618,
          1.7062691450119019
        ],
        [
          0.0,
          0.0,
          0.0,
          1.0
        ]
      ],
      "matrix_world_from_sensor_bevfusion": [
        [
          0.5608035326004028,
          -0.0007563498802483082,
          -0.8279485702514648,
          109.3375473022461
        ],
        [
          0.8279142379760742,
          0.009658442810177803,
          0.5607714653015137,
          22.412269592285156
        ],
        [
          0.007572554517537355,
          -0.9999530911445618,
          0.006042682100087404,
          1.7062691450119019
        ],
        [
          0.0,
          0.0,
          0.0,
          1.0
        ]
      ],
      "matrix_ego_from_sensor_carla": [
        [
          0.5735765695571899,
          0.8191518783569336,
          1.8617322794511892e-08,
          1.299997329711914
        ],
        [
          -0.8191519379615784,
          0.5735766291618347,
          -2.8245809247096076e-08,
          -0.5500030517578125
        ],
        [
          -3.375536294925041e-08,
          1.0253214943745093e-09,
          1.0,
          1.6999999284744263
        ],
        [
          0.0,
          0.0,
          0.0,
          1.0
        ]
      ],
      "matrix_ego_from_sensor_bevfusion": [
        [
          0.8191518783569336,
          -1.8617322794511892e-08,
          0.5735765695571899,
          1.299997329711914
        ],
        [
          -0.5735766291618347,
          -2.8245809247096076e-08,
          0.8191519379615784,
          0.5500030517578125
        ],
        [
          1.0253214943745093e-09,
          -1.0,
          -3.375536294925041e-08,
          1.6999999284744263
        ],
        [
          0.0,
          0.0,
          0.0,
          1.0
        ]
      ],
      "camera_intrinsics": [
        [
          685.5110473632812,
          0.0,
          480.0
        ],
        [
          0.0,
          685.5110473632812,
          270.0
        ],
        [
          0.0,
          0.0,
          1.0
        ]
      ],
      "data_path": "D:\\Agent-AI\\outputs\\s3a_left_v3\\sample_000003\\images\\CAM_FRONT_LEFT.png",
      "raw_layout": "bgra8"
    },
    "CAM_BACK": {
      "type_id": "sensor.camera.rgb",
      "blueprint_attributes": {
        "role_name": "front",
        "ros_name": "sensor.camera.rgb",
        "chromatic_aberration_offset": "0.0",
        "sensor_tick": "0.100000",
        "fstop": "1.4",
        "image_size_x": "960",
        "image_size_y": "540",
        "fov": "70.00",
        "lens_circle_falloff": "5.0",
        "lens_circle_multiplier": "0.0",
        "exposure_compensation": "0.0",
        "lens_y_size": "0.08",
        "lens_k": "-1.0",
        "exposure_mode": "histogram",
        "lens_kcube": "0.0",
        "lens_x_size": "0.08",
        "exposure_max_bright": "12.0",
        "shutter_speed": "200.0",
        "bloom_intensity": "0.675",
        "iso": "100.0",
        "enable_postprocess_effects": "false",
        "gamma": "2.2",
        "motion_blur_intensity": "0.0",
        "motion_blur_max_distortion": "0.35",
        "lens_flare_intensity": "0.1",
        "motion_blur_min_object_screen_size": "0.1",
        "exposure_min_bright": "10.0",
        "exposure_speed_up": "3.0",
        "exposure_speed_down": "1.0",
        "tint": "0.0",
        "calibration_constant": "16.0",
        "focal_distance": "1000.0",
        "min_fstop": "1.2",
        "blade_count": "5",
        "blur_amount": "0.0",
        "blur_radius": "0.0",
        "slope": "0.88",
        "toe": "0.55",
        "white_clip": "0.04",
        "shoulder": "0.26",
        "black_clip": "0.0",
        "temp": "6500.0",
        "chromatic_aberration_intensity": "0.0"
      },
      "transform_carla": {
        "location": {
          "x": 109.93167877197266,
          "y": -19.57128143310547,
          "z": 1.6783788204193115
        },
        "rotation": {
          "roll": -0.03474957123398781,
          "pitch": -0.5540034174919128,
          "yaw": 89.11132049560547
        }
      },
      "matrix_world_from_sensor_carla": [
        [
          0.015509049408137798,
          -0.9998794198036194,
          0.0007563859107904136,
          109.93167877197266
        ],
        [
          0.9998329877853394,
          0.015515634790062904,
          0.009658461436629295,
          -19.57128143310547
        ],
        [
          -0.009669032879173756,
          0.0006064660265110433,
          0.9999530911445618,
          1.6783788204193115
        ],
        [
          0.0,
          0.0,
          0.0,
          1.0
        ]
      ],
      "matrix_world_from_sensor_bevfusion": [
        [
          -0.9998794198036194,
          -0.0007563859107904136,
          0.015509049408137798,
          109.93167877197266
        ],
        [
          -0.015515634790062904,
          0.009658461436629295,
          -0.9998329877853394,
          19.57128143310547
        ],
        [
          0.0006064660265110433,
          -0.9999530911445618,
          -0.009669032879173756,
          1.6783788204193115
        ],
        [
          0.0,
          0.0,
          0.0,
          1.0
        ]
      ],
      "matrix_ego_from_sensor_carla": [
        [
          -1.0,
          -3.895306406320742e-07,
          -9.404506062793416e-10,
          -1.5500011444091797
        ],
        [
          3.8895456100362935e-07,
          -1.0,
          7.493694553772912e-09,
          -7.62939453125e-06
        ],
        [
          5.854909890246063e-10,
          7.429351356336156e-09,
          1.0,
          1.6999998092651367
        ],
        [
          0.0,
          0.0,
          0.0,
          1.0
        ]
      ],
      "matrix_ego_from_sensor_bevfusion": [
        [
          -3.895306406320742e-07,
          9.404506062793416e-10,
          -1.0,
          -1.5500011444091797
        ],
        [
          1.0,
          7.493694553772912e-09,
          -3.8895456100362935e-07,
          7.62939453125e-06
        ],
        [
          7.429351356336156e-09,
          -1.0,
          5.854909890246063e-10,
          1.6999998092651367
        ],
        [
          0.0,
          0.0,
          0.0,
          1.0
        ]
      ],
      "camera_intrinsics": [
        [
          685.5110473632812,
          0.0,
          480.0
        ],
        [
          0.0,
          685.5110473632812,
          270.0
        ],
        [
          0.0,
          0.0,
          1.0
        ]
      ],
      "data_path": "D:\\Agent-AI\\outputs\\s3a_left_v3\\sample_000003\\images\\CAM_BACK.png",
      "raw_layout": "bgra8"
    },
    "CAM_BACK_LEFT": {
      "type_id": "sensor.camera.rgb",
      "blueprint_attributes": {
        "role_name": "front",
        "ros_name": "sensor.camera.rgb",
        "chromatic_aberration_offset": "0.0",
        "sensor_tick": "0.100000",
        "fstop": "1.4",
        "image_size_x": "960",
        "image_size_y": "540",
        "fov": "70.00",
        "lens_circle_falloff": "5.0",
        "lens_circle_multiplier": "0.0",
        "exposure_compensation": "0.0",
        "lens_y_size": "0.08",
        "lens_k": "-1.0",
        "exposure_mode": "histogram",
        "lens_kcube": "0.0",
        "lens_x_size": "0.08",
        "exposure_max_bright": "12.0",
        "shutter_speed": "200.0",
        "bloom_intensity": "0.675",
        "iso": "100.0",
        "enable_postprocess_effects": "false",
        "gamma": "2.2",
        "motion_blur_intensity": "0.0",
        "motion_blur_max_distortion": "0.35",
        "lens_flare_intensity": "0.1",
        "motion_blur_min_object_screen_size": "0.1",
        "exposure_min_bright": "10.0",
        "exposure_speed_up": "3.0",
        "exposure_speed_down": "1.0",
        "tint": "0.0",
        "calibration_constant": "16.0",
        "focal_distance": "1000.0",
        "min_fstop": "1.2",
        "blade_count": "5",
        "blur_amount": "0.0",
        "blur_radius": "0.0",
        "slope": "0.88",
        "toe": "0.55",
        "white_clip": "0.04",
        "shoulder": "0.26",
        "black_clip": "0.0",
        "temp": "6500.0",
        "chromatic_aberration_intensity": "0.0"
      },
      "transform_carla": {
        "location": {
          "x": 109.37786865234375,
          "y": -19.812705993652344,
          "z": 1.6811296939849854
        },
        "rotation": {
          "roll": -0.47374776005744934,
          "pitch": -0.2892926335334778,
          "yaw": 144.11231994628906
        }
      },
      "matrix_world_from_sensor_carla": [
        [
          -0.8101574182510376,
          -0.5862119197845459,
          0.0007564323022961617,
          109.37786865234375
        ],
        [
          0.5861907005310059,
          -0.8101155161857605,
          0.00965842604637146,
          -19.812705993652344
        ],
        [
          -0.005049087572842836,
          0.008268258534371853,
          0.999953031539917,
          1.6811296939849854
        ],
        [
          0.0,
          0.0,
          0.0,
          1.0
        ]
      ],
      "matrix_world_from_sensor_bevfusion": [
        [
          -0.5862119197845459,
          -0.0007564323022961617,
          -0.8101574182510376,
          109.37786865234375
        ],
        [
          0.8101155161857605,
          0.00965842604637146,
          -0.5861907005310059,
          19.812705993652344
        ],
        [
          0.008268258534371853,
          -0.999953031539917,
          -0.005049087572842836,
          1.6811296939849854
        ],
        [
          0.0,
          0.0,
          0.0,
          1.0
        ]
      ],
      "matrix_ego_from_sensor_carla": [
        [
          -0.5735771656036377,
          0.8191515207290649,
          3.387348712635685e-08,
          -1.3000011444091797
        ],
        [
          -0.8191516399383545,
          -0.5735771656036377,
          5.44452163353526e-08,
          -0.5500106811523438
        ],
        [
          6.438752819803994e-08,
          2.8081104108679256e-09,
          0.9999999403953552,
          1.6999999284744263
        ],
        [
          0.0,
          0.0,
          0.0,
          1.0
        ]
      ],
      "matrix_ego_from_sensor_bevfusion": [
        [
          0.8191515207290649,
          -3.387348712635685e-08,
          -0.5735771656036377,
          -1.3000011444091797
        ],
        [
          0.5735771656036377,
          5.44452163353526e-08,
          0.8191516399383545,
          0.5500106811523438
        ],
        [
          2.8081104108679256e-09,
          -0.9999999403953552,
          6.438752819803994e-08,
          1.6999999284744263
        ],
        [
          0.0,
          0.0,
          0.0,
          1.0
        ]
      ],
      "camera_intrinsics": [
        [
          685.5110473632812,
          0.0,
          480.0
        ],
        [
          0.0,
          685.5110473632812,
          270.0
        ],
        [
          0.0,
          0.0,
          1.0
        ]
      ],
      "data_path": "D:\\Agent-AI\\outputs\\s3a_left_v3\\sample_000003\\images\\CAM_BACK_LEFT.png",
      "raw_layout": "bgra8"
    },
    "CAM_BACK_RIGHT": {
      "type_id": "sensor.camera.rgb",
      "blueprint_attributes": {
        "role_name": "front",
        "ros_name": "sensor.camera.rgb",
        "chromatic_aberration_offset": "0.0",
        "sensor_tick": "0.100000",
        "fstop": "1.4",
        "image_size_x": "960",
        "image_size_y": "540",
        "fov": "70.00",
        "lens_circle_falloff": "5.0",
        "lens_circle_multiplier": "0.0",
        "exposure_compensation": "0.0",
        "lens_y_size": "0.08",
        "lens_k": "-1.0",
        "exposure_mode": "histogram",
        "lens_kcube": "0.0",
        "lens_x_size": "0.08",
        "exposure_max_bright": "12.0",
        "shutter_speed": "200.0",
        "bloom_intensity": "0.675",
        "iso": "100.0",
        "enable_postprocess_effects": "false",
        "gamma": "2.2",
        "motion_blur_intensity": "0.0",
        "motion_blur_max_distortion": "0.35",
        "lens_flare_intensity": "0.1",
        "motion_blur_min_object_screen_size": "0.1",
        "exposure_min_bright": "10.0",
        "exposure_speed_up": "3.0",
        "exposure_speed_down": "1.0",
        "tint": "0.0",
        "calibration_constant": "16.0",
        "focal_distance": "1000.0",
        "min_fstop": "1.2",
        "blade_count": "5",
        "blur_amount": "0.0",
        "blur_radius": "0.0",
        "slope": "0.88",
        "toe": "0.55",
        "white_clip": "0.04",
        "shoulder": "0.26",
        "black_clip": "0.0",
        "temp": "6500.0",
        "chromatic_aberration_intensity": "0.0"
      },
      "transform_carla": {
        "location": {
          "x": 110.47772979736328,
          "y": -19.82977294921875,
          "z": 1.6804625988006592
        },
        "rotation": {
          "roll": 0.4338874816894531,
          "pitch": -0.34622228145599365,
          "yaw": 34.10984420776367
        }
      },
      "matrix_world_from_sensor_carla": [
        [
          0.8279489278793335,
          -0.5608031153678894,
          0.0007563550025224686,
          110.47772979736328
        ],
        [
          0.5607710480690002,
          0.8279145956039429,
          0.009658442810177803,
          -19.82977294921875
        ],
        [
          -0.006042682100087404,
          -0.007572554517537355,
          0.9999530911445618,
          1.6804625988006592
        ],
        [
          0.0,
          0.0,
          0.0,
          1.0
        ]
      ],
      "matrix_world_from_sensor_bevfusion": [
        [
          -0.5608031153678894,
          -0.0007563550025224686,
          0.8279489278793335,
          110.47772979736328
        ],
        [
          -0.8279145956039429,
          0.009658442810177803,
          -0.5607710480690002,
          19.82977294921875
        ],
        [
          -0.007572554517537355,
          -0.9999530911445618,
          -0.006042682100087404,
          1.6804625988006592
        ],
        [
          0.0,
          0.0,
          0.0,
          1.0
        ]
      ],
      "matrix_ego_from_sensor_carla": [
        [
          -0.5735762119293213,
          -0.8191522359848022,
          1.8617322794511892e-08,
          -1.2999992370605469
        ],
        [
          0.819152295589447,
          -0.5735762119293213,
          -2.3123535086710945e-08,
          0.54998779296875
        ],
        [
          3.00300726507885e-08,
          3.1656299803728416e-09,
          1.0,
          1.6999999284744263
        ],
        [
          0.0,
          0.0,
          0.0,
          1.0
        ]
      ],
      "matrix_ego_from_sensor_bevfusion": [
        [
          -0.8191522359848022,
          -1.8617322794511892e-08,
          -0.5735762119293213,
          -1.2999992370605469
        ],
        [
          0.5735762119293213,
          -2.3123535086710945e-08,
          -0.819152295589447,
          -0.54998779296875
        ],
        [
          3.1656299803728416e-09,
          -1.0,
          3.00300726507885e-08,
          1.6999999284744263
        ],
        [
          0.0,
          0.0,
          0.0,
          1.0
        ]
      ],
      "camera_intrinsics": [
        [
          685.5110473632812,
          0.0,
          480.0
        ],
        [
          0.0,
          685.5110473632812,
          270.0
        ],
        [
          0.0,
          0.0,
          1.0
        ]
      ],
      "data_path": "D:\\Agent-AI\\outputs\\s3a_left_v3\\sample_000003\\images\\CAM_BACK_RIGHT.png",
      "raw_layout": "bgra8"
    },
    "LIDAR_TOP": {
      "type_id": "sensor.lidar.ray_cast",
      "blueprint_attributes": {
        "atmosphere_attenuation_rate": "0.004",
        "role_name": "front",
        "noise_seed": "0",
        "upper_fov": "10.0",
        "ros_name": "sensor.lidar.ray_cast",
        "sensor_tick": "0.100000",
        "channels": "32",
        "range": "120.0",
        "points_per_second": "360000",
        "lower_fov": "-30.0",
        "rotation_frequency": "10.000000",
        "horizontal_fov": "360.0",
        "dropoff_general_rate": "0.0",
        "dropoff_intensity_limit": "1.0",
        "noise_stddev": "0.0",
        "dropoff_zero_intensity": "0.0"
      },
      "transform_carla": {
        "location": {
          "x": 109.90801239013672,
          "y": -21.116193771362305,
          "z": 2.1933422088623047
        },
        "rotation": {
          "roll": 0.034749358892440796,
          "pitch": 0.5540034174919128,
          "yaw": -90.88865661621094
        }
      },
      "matrix_world_from_sensor_carla": [
        [
          -0.015508660115301609,
          0.9998794198036194,
          0.0007563784020021558,
          109.90801239013672
        ],
        [
          -0.9998329877853394,
          -0.015515245497226715,
          0.009658461436629295,
          -21.116193771362305
        ],
        [
          0.009669032879173756,
          -0.0006064623012207448,
          0.9999530911445618,
          2.1933422088623047
        ],
        [
          0.0,
          0.0,
          0.0,
          1.0
        ]
      ],
      "matrix_world_from_sensor_bevfusion": [
        [
          -0.015508660115301609,
          -0.9998794198036194,
          0.0007563784020021558,
          109.90801239013672
        ],
        [
          0.9998329877853394,
          -0.015515245497226715,
          -0.009658461436629295,
          21.116193771362305
        ],
        [
          0.009669032879173756,
          0.0006064623012207448,
          0.9999530911445618,
          2.1933422088623047
        ],
        [
          0.0,
          0.0,
          0.0,
          1.0
        ]
      ],
      "matrix_ego_from_sensor_carla": [
        [
          1.0,
          3.388461455866576e-10,
          -9.128031663863112e-12,
          0.0
        ],
        [
          3.3828134737845517e-10,
          1.0,
          -1.5093769983876015e-11,
          -7.62939453125e-06
        ],
        [
          3.4583158559087224e-10,
          2.105420005005243e-11,
          1.0,
          2.1999998092651367
        ],
        [
          0.0,
          0.0,
          0.0,
          1.0
        ]
      ],
      "matrix_ego_from_sensor_bevfusion": [
        [
          1.0,
          -3.388461455866576e-10,
          -9.128031663863112e-12,
          0.0
        ],
        [
          -3.3828134737845517e-10,
          1.0,
          1.5093769983876015e-11,
          7.62939453125e-06
        ],
        [
          3.4583158559087224e-10,
          -2.105420005005243e-11,
          1.0,
          2.1999998092651367
        ],
        [
          0.0,
          0.0,
          0.0,
          1.0
        ]
      ],
      "data_path": "D:\\Agent-AI\\outputs\\s3a_left_v3\\sample_000003\\lidar\\LIDAR_TOP.npy",
      "raw_layout": [
        "x",
        "y",
        "z",
        "intensity"
      ]
    },
    "RADAR_FRONT": {
      "type_id": "sensor.other.radar",
      "blueprint_attributes": {
        "sensor_tick": "0.100000",
        "role_name": "default",
        "noise_seed": "0",
        "ros_name": "sensor.other.radar",
        "horizontal_fov": "35.0",
        "points_per_second": "1500",
        "vertical_fov": "20.0",
        "range": "120.0"
      },
      "transform_carla": {
        "location": {
          "x": 109.87602233886719,
          "y": -23.128414154052734,
          "z": 0.9127414226531982
        },
        "rotation": {
          "roll": 0.034749358892440796,
          "pitch": 0.5540034174919128,
          "yaw": -90.88865661621094
        }
      },
      "matrix_world_from_sensor_carla": [
        [
          -0.015508660115301609,
          0.9998794198036194,
          0.0007563784020021558,
          109.87602233886719
        ],
        [
          -0.9998329877853394,
          -0.015515245497226715,
          0.009658461436629295,
          -23.128414154052734
        ],
        [
          0.009669032879173756,
          -0.0006064623012207448,
          0.9999530911445618,
          0.9127414226531982
        ],
        [
          0.0,
          0.0,
          0.0,
          1.0
        ]
      ],
      "matrix_world_from_sensor_bevfusion": [
        [
          -0.015508660115301609,
          -0.9998794198036194,
          0.0007563784020021558,
          109.87602233886719
        ],
        [
          0.9998329877853394,
          -0.015515245497226715,
          -0.009658461436629295,
          23.128414154052734
        ],
        [
          0.009669032879173756,
          0.0006064623012207448,
          0.9999530911445618,
          0.9127414226531982
        ],
        [
          0.0,
          0.0,
          0.0,
          1.0
        ]
      ],
      "matrix_ego_from_sensor_carla": [
        [
          1.0,
          3.388461455866576e-10,
          -9.128031663863112e-12,
          1.9999980926513672
        ],
        [
          3.3828134737845517e-10,
          1.0,
          -1.5093769983876015e-11,
          -7.62939453125e-06
        ],
        [
          3.4583158559087224e-10,
          2.105420005005243e-11,
          1.0,
          0.8999999165534973
        ],
        [
          0.0,
          0.0,
          0.0,
          1.0
        ]
      ],
      "matrix_ego_from_sensor_bevfusion": [
        [
          1.0,
          -3.388461455866576e-10,
          -9.128031663863112e-12,
          1.9999980926513672
        ],
        [
          -3.3828134737845517e-10,
          1.0,
          1.5093769983876015e-11,
          7.62939453125e-06
        ],
        [
          3.4583158559087224e-10,
          -2.105420005005243e-11,
          1.0,
          0.8999999165534973
        ],
        [
          0.0,
          0.0,
          0.0,
          1.0
        ]
      ],
      "data_path": "D:\\Agent-AI\\outputs\\s3a_left_v3\\sample_000003\\radar\\RADAR_FRONT.npy",
      "raw_layout": [
        "velocity",
        "altitude",
        "azimuth",
        "depth"
      ]
    },
    "RADAR_FRONT_LEFT": {
      "type_id": "sensor.other.radar",
      "blueprint_attributes": {
        "sensor_tick": "0.100000",
        "role_name": "default",
        "noise_seed": "0",
        "ros_name": "sensor.other.radar",
        "horizontal_fov": "35.0",
        "points_per_second": "1500",
        "vertical_fov": "20.0",
        "range": "120.0"
      },
      "transform_carla": {
        "location": {
          "x": 109.13153839111328,
          "y": -22.766836166381836,
          "z": 0.9098122119903564
        },
        "rotation": {
          "roll": -0.3671751916408539,
          "pitch": 0.41631367802619934,
          "yaw": -135.8901824951172
        }
      },
      "matrix_world_from_sensor_carla": [
        [
          -0.7179880738258362,
          0.696054995059967,
          0.0007564607076346874,
          109.13153839111328
        ],
        [
          -0.6960175037384033,
          -0.7179598212242126,
          0.009658535942435265,
          -22.766836166381836
        ],
        [
          0.00726598035544157,
          0.0064082033932209015,
          0.999953031539917,
          0.9098122119903564
        ],
        [
          0.0,
          0.0,
          0.0,
          1.0
        ]
      ],
      "matrix_world_from_sensor_bevfusion": [
        [
          -0.7179880738258362,
          -0.696054995059967,
          0.0007564607076346874,
          109.13153839111328
        ],
        [
          0.6960175037384033,
          -0.7179598212242126,
          -0.009658535942435265,
          22.766836166381836
        ],
        [
          0.00726598035544157,
          -0.0064082033932209015,
          0.999953031539917,
          0.9098122119903564
        ],
        [
          0.0,
          0.0,
          0.0,
          1.0
        ]
      ],
      "matrix_ego_from_sensor_carla": [
        [
          0.7071065902709961,
          0.7071070075035095,
          -7.695389570017142e-08,
          1.6499977111816406
        ],
        [
          -0.7071070671081543,
          0.7071065902709961,
          8.116253269463414e-08,
          -0.75
        ],
        [
          1.0995388066703526e-07,
          -3.891543975953482e-09,
          0.9999999403953552,
          0.8999999761581421
        ],
        [
          0.0,
          0.0,
          0.0,
          1.0
        ]
      ],
      "matrix_ego_from_sensor_bevfusion": [
        [
          0.7071065902709961,
          -0.7071070075035095,
          -7.695389570017142e-08,
          1.6499977111816406
        ],
        [
          0.7071070671081543,
          0.7071065902709961,
          -8.116253269463414e-08,
          0.75
        ],
        [
          1.0995388066703526e-07,
          3.891543975953482e-09,
          0.9999999403953552,
          0.8999999761581421
        ],
        [
          0.0,
          0.0,
          0.0,
          1.0
        ]
      ],
      "data_path": "D:\\Agent-AI\\outputs\\s3a_left_v3\\sample_000003\\radar\\RADAR_FRONT_LEFT.npy",
      "raw_layout": [
        "velocity",
        "altitude",
        "azimuth",
        "depth"
      ]
    },
    "RADAR_FRONT_RIGHT": {
      "type_id": "sensor.other.radar",
      "blueprint_attributes": {
        "sensor_tick": "0.100000",
        "role_name": "default",
        "noise_seed": "0",
