{
  "schema_version": "stage1.v1",
  "sample_name": "sample_000089",
  "sequence_index": 89,
  "previous_sample_name": "sample_000088",
  "frame_id": 60090,
  "timestamp": 443.9197008833289,
  "platform_timestamp": 16814602.8805594,
  "delta_seconds": 0.10000000149011612,
  "town": "Carla/Maps/Town10HD_Opt",
  "weather": {
    "cloudiness": 20.0,
    "dust_storm": 0.0,
    "fog_density": 2.0,
    "fog_distance": 0.75,
    "fog_falloff": 0.10000000149011612,
    "mie_scattering_scale": 0.029999999329447746,
    "precipitation": 0.0,
    "precipitation_deposits": 0.0,
    "rayleigh_scattering_scale": 0.03310000151395798,
    "scattering_intensity": 1.0,
    "sun_altitude_angle": 45.0,
    "sun_azimuth_angle": 300.0,
    "wetness": 0.0,
    "wind_intensity": 10.0
  },
  "sensor_names": [
    "CAM_FRONT",
    "CAM_FRONT_RIGHT",
    "CAM_FRONT_LEFT",
    "CAM_BACK",
    "CAM_BACK_LEFT",
    "CAM_BACK_RIGHT",
    "LIDAR_TOP",
    "RADAR_FRONT",
    "RADAR_FRONT_LEFT",
    "RADAR_FRONT_RIGHT",
    "RADAR_BACK_LEFT",
    "RADAR_BACK_RIGHT"
  ],
  "camera_order_for_model": [
    "CAM_FRONT",
    "CAM_FRONT_RIGHT",
    "CAM_FRONT_LEFT",
    "CAM_BACK",
    "CAM_BACK_LEFT",
    "CAM_BACK_RIGHT"
  ],
  "radar_order_for_model": [
    "RADAR_FRONT",
    "RADAR_FRONT_LEFT",
    "RADAR_FRONT_RIGHT",
    "RADAR_BACK_LEFT",
    "RADAR_BACK_RIGHT"
  ],
  "coordinate_notes": {
    "carla_world": "left-handed x-forward y-right z-up",
    "bevfusion_lidar": "x-forward y-left z-up",
    "camera_frame_for_model": "OpenCV style x-right y-down z-forward"
  },
  "ego": {
    "actor_id": 28,
    "transform_carla": {
      "location": {
        "x": 77.29122161865234,
        "y": -62.27880859375,
        "z": -0.0022988510318100452
      },
      "rotation": {
        "roll": -0.041778564453125,
        "pitch": -0.5984406471252441,
        "yaw": -161.7227783203125
      }
    },
    "velocity_carla": [
      0.006520496681332588,
      0.0007863074424676597,
      0.0001464557572035119
    ],
    "angular_velocity_carla": [
      -0.525216281414032,
      1.9947311878204346,
      -0.0030587257351726294
    ],
    "matrix_world_from_ego_carla": [
      [
        -0.9494984149932861,
        0.31360772252082825,
        -0.01014631986618042,
        77.29122161865234
      ],
      [
        -0.3135979473590851,
        -0.9495523571968079,
        -0.0025831866078078747,
        -62.27880859375
      ],
      [
        -0.010444569401443005,
        0.0007291336660273373,
        0.9999452233314514,
        -0.0022988510318100452
      ],
      [
        0.0,
        0.0,
        0.0,
        1.0
      ]
    ],
    "matrix_world_from_ego_bevfusion": [
      [
        -0.9494984149932861,
        -0.31360772252082825,
        -0.01014631986618042,
        77.29122161865234
      ],
      [
        0.3135979473590851,
        -0.9495523571968079,
        0.0025831866078078747,
        62.27880859375
      ],
      [
        -0.010444569401443005,
        -0.0007291336660273373,
        0.9999452233314514,
        -0.0022988510318100452
      ],
      [
        0.0,
        0.0,
        0.0,
        1.0
      ]
    ]
  },
  "sensors": {
    "CAM_FRONT": {
      "type_id": "sensor.camera.rgb",
      "blueprint_attributes": {
        "role_name": "front",
        "ros_name": "sensor.camera.rgb",
        "chromatic_aberration_offset": "0.0",
        "sensor_tick": "0.100000",
        "fstop": "1.4",
        "image_size_x": "960",
        "image_size_y": "540",
        "fov": "70.00",
        "lens_circle_falloff": "5.0",
        "lens_circle_multiplier": "0.0",
        "exposure_compensation": "0.0",
        "lens_y_size": "0.08",
        "lens_k": "-1.0",
        "exposure_mode": "histogram",
        "lens_kcube": "0.0",
        "lens_x_size": "0.08",
        "exposure_max_bright": "12.0",
        "shutter_speed": "200.0",
        "bloom_intensity": "0.675",
        "iso": "100.0",
        "enable_postprocess_effects": "false",
        "gamma": "2.2",
        "motion_blur_intensity": "0.0",
        "motion_blur_max_distortion": "0.35",
        "lens_flare_intensity": "0.1",
        "motion_blur_min_object_screen_size": "0.1",
        "exposure_min_bright": "10.0",
        "exposure_speed_up": "3.0",
        "exposure_speed_down": "1.0",
        "tint": "0.0",
        "calibration_constant": "16.0",
        "focal_distance": "1000.0",
        "min_fstop": "1.2",
        "blade_count": "5",
        "blur_amount": "0.0",
        "blur_radius": "0.0",
        "slope": "0.88",
        "toe": "0.55",
        "white_clip": "0.04",
        "shoulder": "0.26",
        "black_clip": "0.0",
        "temp": "6500.0",
        "chromatic_aberration_intensity": "0.0"
      },
      "transform_carla": {
        "location": {
          "x": 75.80224609375,
          "y": -62.7692756652832,
          "z": 1.681418538093567
        },
        "rotation": {
          "roll": -0.041778564453125,
          "pitch": -0.5984406471252441,
          "yaw": -161.7227783203125
        }
      },
      "matrix_world_from_sensor_carla": [
        [
          -0.9494984149932861,
          0.31360772252082825,
          -0.01014631986618042,
          75.80224609375
        ],
        [
          -0.3135979473590851,
          -0.9495523571968079,
          -0.0025831866078078747,
          -62.7692756652832
        ],
        [
          -0.010444569401443005,
          0.0007291336660273373,
          0.9999452233314514,
          1.681418538093567
        ],
        [
          0.0,
          0.0,
          0.0,
          1.0
        ]
      ],
      "matrix_world_from_sensor_bevfusion": [
        [
          0.31360772252082825,
          0.01014631986618042,
          -0.9494984149932861,
          75.80224609375
        ],
        [
          0.9495523571968079,
          -0.0025831866078078747,
          0.3135979473590851,
          62.7692756652832
        ],
        [
          0.0007291336660273373,
          -0.9999452233314514,
          -0.010444569401443005,
          1.681418538093567
        ],
        [
          0.0,
          0.0,
          0.0,
          1.0
        ]
      ],
      "matrix_ego_from_sensor_carla": [
        [
          1.0,
          2.995460324228816e-09,
          2.8660440687389155e-10,
          1.5500030517578125
        ],
        [
          3.12965937609988e-08,
          1.0,
          2.8199328983014027e-10,
          0.0
        ],
        [
          -2.212230398868087e-11,
          5.690142801384468e-12,
          1.0,
          1.6999996900558472
        ],
        [
          0.0,
          0.0,
          0.0,
          1.0
        ]
      ],
      "matrix_ego_from_sensor_bevfusion": [
        [
          2.995460324228816e-09,
          -2.8660440687389155e-10,
          1.0,
          1.5500030517578125
        ],
        [
          -1.0,
          2.8199328983014027e-10,
          -3.12965937609988e-08,
          0.0
        ],
        [
          5.690142801384468e-12,
          -1.0,
          -2.212230398868087e-11,
          1.6999996900558472
        ],
        [
          0.0,
          0.0,
          0.0,
          1.0
        ]
      ],
      "camera_intrinsics": [
        [
          685.5110473632812,
          0.0,
          480.0
        ],
        [
          0.0,
          685.5110473632812,
          270.0
        ],
        [
          0.0,
          0.0,
          1.0
        ]
      ],
      "data_path": "D:\\Agent-AI\\outputs\\s3a_ml_long_v2\\sample_000089\\images\\CAM_FRONT.png",
      "raw_layout": "bgra8"
    },
    "CAM_FRONT_RIGHT": {
      "type_id": "sensor.camera.rgb",
      "blueprint_attributes": {
        "role_name": "front",
        "ros_name": "sensor.camera.rgb",
        "chromatic_aberration_offset": "0.0",
        "sensor_tick": "0.100000",
        "fstop": "1.4",
        "image_size_x": "960",
        "image_size_y": "540",
        "fov": "70.00",
        "lens_circle_falloff": "5.0",
        "lens_circle_multiplier": "0.0",
        "exposure_compensation": "0.0",
        "lens_y_size": "0.08",
        "lens_k": "-1.0",
        "exposure_mode": "histogram",
        "lens_kcube": "0.0",
        "lens_x_size": "0.08",
        "exposure_max_bright": "12.0",
        "shutter_speed": "200.0",
        "bloom_intensity": "0.675",
        "iso": "100.0",
        "enable_postprocess_effects": "false",
        "gamma": "2.2",
        "motion_blur_intensity": "0.0",
        "motion_blur_max_distortion": "0.35",
        "lens_flare_intensity": "0.1",
        "motion_blur_min_object_screen_size": "0.1",
        "exposure_min_bright": "10.0",
        "exposure_speed_up": "3.0",
        "exposure_speed_down": "1.0",
        "tint": "0.0",
        "calibration_constant": "16.0",
        "focal_distance": "1000.0",
        "min_fstop": "1.2",
        "blade_count": "5",
        "blur_amount": "0.0",
        "blur_radius": "0.0",
        "slope": "0.88",
        "toe": "0.55",
        "white_clip": "0.04",
        "shoulder": "0.26",
        "black_clip": "0.0",
        "temp": "6500.0",
        "chromatic_aberration_intensity": "0.0"
      },
      "transform_carla": {
        "location": {
          "x": 76.21210479736328,
          "y": -63.21312713623047,
          "z": 1.6844308376312256
        },
        "rotation": {
          "roll": -0.5141885876655579,
          "pitch": -0.3090319037437439,
          "yaw": -106.72164154052734
        }
      },
      "matrix_world_from_sensor_carla": [
        [
          -0.2877180576324463,
          0.9576613903045654,
          -0.01014647725969553,
          76.21210479736328
        ],
        [
          -0.9576999545097351,
          -0.2877569794654846,
          -0.0025832492392510176,
          -63.21312713623047
        ],
        [
          -0.005393598228693008,
          0.008974033407866955,
          0.9999451637268066,
          1.6844308376312256
        ],
        [
          0.0,
          0.0,
          0.0,
          1.0
        ]
      ],
      "matrix_world_from_sensor_bevfusion": [
        [
          0.9576613903045654,
          0.01014647725969553,
          -0.2877180576324463,
          76.21210479736328
        ],
        [
          0.2877569794654846,
          -0.0025832492392510176,
          0.9576999545097351,
          63.21312713623047
        ],
        [
          0.008974033407866955,
          -0.9999451637268066,
          -0.005393598228693008,
          1.6844308376312256
        ],
        [
          0.0,
          0.0,
          0.0,
          1.0
        ]
      ],
      "matrix_ego_from_sensor_carla": [
        [
          0.5735768675804138,
          -0.8191516995429993,
          1.7040986222127685e-07,
          1.3000030517578125
        ],
        [
          0.8191516995429993,
          0.5735768675804138,
          1.0308458975316626e-08,
          0.5499954223632812
        ],
        [
          -1.0563520191908538e-07,
          1.3188358138904732e-07,
          0.9999999403953552,
          1.6999998092651367
        ],
        [
          0.0,
          0.0,
          0.0,
          1.0
        ]
      ],
      "matrix_ego_from_sensor_bevfusion": [
        [
          -0.8191516995429993,
          -1.7040986222127685e-07,
          0.5735768675804138,
          1.3000030517578125
        ],
        [
          -0.5735768675804138,
          1.0308458975316626e-08,
          -0.8191516995429993,
          -0.5499954223632812
        ],
        [
          1.3188358138904732e-07,
          -0.9999999403953552,
          -1.0563520191908538e-07,
          1.6999998092651367
        ],
        [
          0.0,
          0.0,
          0.0,
          1.0
        ]
      ],
      "camera_intrinsics": [
        [
          685.5110473632812,
          0.0,
          480.0
        ],
        [
          0.0,
          685.5110473632812,
          270.0
        ],
        [
          0.0,
          0.0,
          1.0
        ]
      ],
      "data_path": "D:\\Agent-AI\\outputs\\s3a_ml_long_v2\\sample_000089\\images\\CAM_FRONT_RIGHT.png",
      "raw_layout": "bgra8"
    },
    "CAM_FRONT_LEFT": {
      "type_id": "sensor.camera.rgb",
      "blueprint_attributes": {
        "role_name": "front",
        "ros_name": "sensor.camera.rgb",
        "chromatic_aberration_offset": "0.0",
        "sensor_tick": "0.100000",
        "fstop": "1.4",
        "image_size_x": "960",
        "image_size_y": "540",
        "fov": "70.00",
        "lens_circle_falloff": "5.0",
        "lens_circle_multiplier": "0.0",
        "exposure_compensation": "0.0",
        "lens_y_size": "0.08",
        "lens_k": "-1.0",
        "exposure_mode": "histogram",
        "lens_kcube": "0.0",
        "lens_x_size": "0.08",
        "exposure_max_bright": "12.0",
        "shutter_speed": "200.0",
        "bloom_intensity": "0.675",
        "iso": "100.0",
        "enable_postprocess_effects": "false",
        "gamma": "2.2",
        "motion_blur_intensity": "0.0",
        "motion_blur_max_distortion": "0.35",
        "lens_flare_intensity": "0.1",
        "motion_blur_min_object_screen_size": "0.1",
        "exposure_min_bright": "10.0",
        "exposure_speed_up": "3.0",
        "exposure_speed_down": "1.0",
        "tint": "0.0",
        "calibration_constant": "16.0",
        "focal_distance": "1000.0",
        "min_fstop": "1.2",
        "blade_count": "5",
        "blur_amount": "0.0",
        "blur_radius": "0.0",
        "slope": "0.88",
        "toe": "0.55",
        "white_clip": "0.04",
        "shoulder": "0.26",
        "black_clip": "0.0",
        "temp": "6500.0",
        "chromatic_aberration_intensity": "0.0"
      },
      "transform_carla": {
        "location": {
          "x": 75.86713409423828,
          "y": -62.16862106323242,
          "z": 1.683628797531128
        },
        "rotation": {
          "roll": 0.4662656784057617,
          "pitch": -0.37747037410736084,
          "yaw": 143.27545166015625
        }
      },
      "matrix_world_from_sensor_carla": [
        [
          -0.8015020489692688,
          -0.5979059338569641,
          -0.01014641672372818,
          75.86713409423828
        ],
        [
          0.5979557037353516,
          -0.8015249371528625,
          -0.0025832713581621647,
          -62.16862106323242
        ],
        [
          -0.006588053423911333,
          -0.008137605153024197,
          0.9999451637268066,
          1.683628797531128
        ],
        [
          0.0,
          0.0,
          0.0,
          1.0
        ]
      ],
      "matrix_world_from_sensor_bevfusion": [
        [
          -0.5979059338569641,
          0.01014641672372818,
          -0.8015020489692688,
          75.86713409423828
        ],
        [
          0.8015249371528625,
          -0.0025832713581621647,
          -0.5979557037353516,
          62.16862106323242
        ],
        [
          -0.008137605153024197,
          -0.9999451637268066,
          -0.006588053423911333,
          1.683628797531128
        ],
        [
          0.0,
          0.0,
          0.0,
          1.0
        ]
      ],
      "matrix_ego_from_sensor_carla": [
        [
          0.5735760927200317,
          0.819152295589447,
          1.1918711351199818e-07,
          1.3000068664550781
        ],
        [
          -0.819152295589447,
          0.573576033115387,
          5.018070581286338e-08,
          -0.5500030517578125
        ],
        [
          -2.6631555627432135e-08,
          -1.2559611661799863e-07,
          0.9999999403953552,
          1.6999998092651367
        ],
        [
          0.0,
          0.0,
          0.0,
          1.0
        ]
      ],
      "matrix_ego_from_sensor_bevfusion": [
        [
          0.819152295589447,
          -1.1918711351199818e-07,
          0.5735760927200317,
          1.3000068664550781
        ],
        [
          -0.573576033115387,
          5.018070581286338e-08,
          0.819152295589447,
          0.5500030517578125
        ],
        [
          -1.2559611661799863e-07,
          -0.9999999403953552,
          -2.6631555627432135e-08,
          1.6999998092651367
        ],
        [
          0.0,
          0.0,
          0.0,
          1.0
        ]
      ],
      "camera_intrinsics": [
        [
          685.5110473632812,
          0.0,
          480.0
        ],
        [
          0.0,
          685.5110473632812,
          270.0
        ],
        [
          0.0,
          0.0,
          1.0
        ]
      ],
      "data_path": "D:\\Agent-AI\\outputs\\s3a_ml_long_v2\\sample_000089\\images\\CAM_FRONT_LEFT.png",
      "raw_layout": "bgra8"
    },
    "CAM_BACK": {
      "type_id": "sensor.camera.rgb",
      "blueprint_attributes": {
        "role_name": "front",
        "ros_name": "sensor.camera.rgb",
        "chromatic_aberration_offset": "0.0",
        "sensor_tick": "0.100000",
        "fstop": "1.4",
        "image_size_x": "960",
        "image_size_y": "540",
        "fov": "70.00",
        "lens_circle_falloff": "5.0",
        "lens_circle_multiplier": "0.0",
        "exposure_compensation": "0.0",
        "lens_y_size": "0.08",
        "lens_k": "-1.0",
        "exposure_mode": "histogram",
        "lens_kcube": "0.0",
        "lens_x_size": "0.08",
        "exposure_max_bright": "12.0",
        "shutter_speed": "200.0",
        "bloom_intensity": "0.675",
        "iso": "100.0",
        "enable_postprocess_effects": "false",
        "gamma": "2.2",
        "motion_blur_intensity": "0.0",
        "motion_blur_max_distortion": "0.35",
        "lens_flare_intensity": "0.1",
        "motion_blur_min_object_screen_size": "0.1",
        "exposure_min_bright": "10.0",
        "exposure_speed_up": "3.0",
        "exposure_speed_down": "1.0",
        "tint": "0.0",
        "calibration_constant": "16.0",
        "focal_distance": "1000.0",
        "min_fstop": "1.2",
        "blade_count": "5",
        "blur_amount": "0.0",
        "blur_radius": "0.0",
        "slope": "0.88",
        "toe": "0.55",
        "white_clip": "0.04",
        "shoulder": "0.26",
        "black_clip": "0.0",
        "temp": "6500.0",
        "chromatic_aberration_intensity": "0.0"
      },
      "transform_carla": {
        "location": {
          "x": 78.74568939208984,
          "y": -61.797122955322266,
          "z": 1.7137972116470337
        },
        "rotation": {
          "roll": 0.04177876561880112,
          "pitch": 0.5984406471252441,
          "yaw": 18.277233123779297
        }
      },
      "matrix_world_from_sensor_carla": [
        [
          0.9494983553886414,
          -0.3136078417301178,
          -0.010146320797502995,
          78.74568939208984
        ],
        [
          0.31359806656837463,
          0.9495522975921631,
          -0.002583184512332082,
          -61.797122955322266
        ],
        [
          0.010444569401443005,
          -0.000729137216694653,
          0.9999452233314514,
          1.7137972116470337
        ],
        [
          0.0,
          0.0,
          0.0,
          1.0
        ]
      ],
      "matrix_world_from_sensor_bevfusion": [
        [
          -0.3136078417301178,
          0.010146320797502995,
          0.9494983553886414,
          78.74568939208984
        ],
        [
          -0.9495522975921631,
          -0.002583184512332082,
          -0.31359806656837463,
          61.797122955322266
        ],
        [
          -0.000729137216694653,
          -0.9999452233314514,
          0.010444569401443005,
          1.7137972116470337
        ],
        [
          0.0,
          0.0,
          0.0,
          1.0
        ]
      ],
      "matrix_ego_from_sensor_carla": [
        [
          -1.0,
          1.3494285155957186e-07,
          2.8660440687389155e-10,
          -1.5499916076660156
        ],
        [
          -1.4449139484895568e-07,
          -1.0,
          -2.1627284407799152e-09,
          0.0
        ],
        [
          9.534448786041594e-10,
          -2.042763513898649e-09,
          1.0,
          1.7000001668930054
        ],
        [
          0.0,
          0.0,
          0.0,
          1.0
        ]
      ],
      "matrix_ego_from_sensor_bevfusion": [
        [
          1.3494285155957186e-07,
          -2.8660440687389155e-10,
          -1.0,
          -1.5499916076660156
        ],
        [
          1.0,
          -2.1627284407799152e-09,
          1.4449139484895568e-07,
          0.0
        ],
        [
          -2.042763513898649e-09,
          -1.0,
          9.534448786041594e-10,
          1.7000001668930054
        ],
        [
          0.0,
          0.0,
          0.0,
          1.0
        ]
      ],
      "camera_intrinsics": [
        [
          685.5110473632812,
          0.0,
          480.0
        ],
        [
          0.0,
          685.5110473632812,
          270.0
        ],
        [
          0.0,
          0.0,
          1.0
        ]
      ],
      "data_path": "D:\\Agent-AI\\outputs\\s3a_ml_long_v2\\sample_000089\\images\\CAM_BACK.png",
      "raw_layout": "bgra8"
    },
    "CAM_BACK_LEFT": {
      "type_id": "sensor.camera.rgb",
      "blueprint_attributes": {
        "role_name": "front",
        "ros_name": "sensor.camera.rgb",
        "chromatic_aberration_offset": "0.0",
        "sensor_tick": "0.100000",
        "fstop": "1.4",
        "image_size_x": "960",
        "image_size_y": "540",
        "fov": "70.00",
        "lens_circle_falloff": "5.0",
        "lens_circle_multiplier": "0.0",
        "exposure_compensation": "0.0",
        "lens_y_size": "0.08",
        "lens_k": "-1.0",
        "exposure_mode": "histogram",
        "lens_kcube": "0.0",
        "lens_x_size": "0.08",
        "exposure_max_bright": "12.0",
        "shutter_speed": "200.0",
        "bloom_intensity": "0.675",
        "iso": "100.0",
        "enable_postprocess_effects": "false",
        "gamma": "2.2",
        "motion_blur_intensity": "0.0",
        "motion_blur_max_distortion": "0.35",
        "lens_flare_intensity": "0.1",
        "motion_blur_min_object_screen_size": "0.1",
        "exposure_min_bright": "10.0",
        "exposure_speed_up": "3.0",
        "exposure_speed_down": "1.0",
        "tint": "0.0",
        "calibration_constant": "16.0",
        "focal_distance": "1000.0",
        "min_fstop": "1.2",
        "blade_count": "5",
        "blur_amount": "0.0",
        "blur_radius": "0.0",
        "slope": "0.88",
        "toe": "0.55",
        "white_clip": "0.04",
        "shoulder": "0.26",
        "black_clip": "0.0",
        "temp": "6500.0",
        "chromatic_aberration_intensity": "0.0"
      },
      "transform_carla": {
        "location": {
          "x": 78.33583068847656,
          "y": -61.353271484375,
          "z": 1.7107850313186646
        },
        "rotation": {
          "roll": 0.5141885876655579,
          "pitch": 0.3090319037437439,
          "yaw": 73.27835845947266
        }
      },
      "matrix_world_from_sensor_carla": [
        [
          0.2877180874347687,
          -0.9576613903045654,
          -0.01014647725969553,
          78.33583068847656
        ],
        [
          0.9576999545097351,
          0.287757009267807,
          -0.002583249006420374,
          -61.353271484375
        ],
        [
          0.005393598228693008,
          -0.008974033407866955,
          0.9999451637268066,
          1.7107850313186646
        ],
        [
          0.0,
          0.0,
          0.0,
          1.0
        ]
      ],
      "matrix_world_from_sensor_bevfusion": [
        [
          -0.9576613903045654,
          0.01014647725969553,
          0.2877180874347687,
          78.33583068847656
        ],
        [
          -0.287757009267807,
          -0.002583249006420374,
          -0.9576999545097351,
          61.353271484375
        ],
        [
          -0.008974033407866955,
          -0.9999451637268066,
          0.005393598228693008,
          1.7107850313186646
        ],
        [
          0.0,
          0.0,
          0.0,
          1.0
        ]
      ],
      "matrix_ego_from_sensor_carla": [
        [
          -0.5735769271850586,
          0.8191516995429993,
          1.7040986222127685e-07,
          -1.2999916076660156
        ],
        [
          -0.8191516995429993,
          -0.5735769271850586,
          1.0133835992576223e-08,
          -0.5500030517578125
        ],
        [
          1.0563520191908538e-07,
          -1.3188358138904732e-07,
          0.9999999403953552,
          1.7000001668930054
        ],
        [
          0.0,
          0.0,
          0.0,
          1.0
        ]
      ],
      "matrix_ego_from_sensor_bevfusion": [
        [
          0.8191516995429993,
          -1.7040986222127685e-07,
          -0.5735769271850586,
          -1.2999916076660156
        ],
        [
          0.5735769271850586,
          1.0133835992576223e-08,
          0.8191516995429993,
          0.5500030517578125
        ],
        [
          -1.3188358138904732e-07,
          -0.9999999403953552,
          1.0563520191908538e-07,
          1.7000001668930054
        ],
        [
          0.0,
          0.0,
          0.0,
          1.0
        ]
      ],
      "camera_intrinsics": [
        [
          685.5110473632812,
          0.0,
          480.0
        ],
        [
          0.0,
          685.5110473632812,
          270.0
        ],
        [
          0.0,
          0.0,
          1.0
        ]
      ],
      "data_path": "D:\\Agent-AI\\outputs\\s3a_ml_long_v2\\sample_000089\\images\\CAM_BACK_LEFT.png",
      "raw_layout": "bgra8"
    },
    "CAM_BACK_RIGHT": {
      "type_id": "sensor.camera.rgb",
      "blueprint_attributes": {
        "role_name": "front",
        "ros_name": "sensor.camera.rgb",
        "chromatic_aberration_offset": "0.0",
        "sensor_tick": "0.100000",
        "fstop": "1.4",
        "image_size_x": "960",
        "image_size_y": "540",
        "fov": "70.00",
        "lens_circle_falloff": "5.0",
        "lens_circle_multiplier": "0.0",
        "exposure_compensation": "0.0",
        "lens_y_size": "0.08",
        "lens_k": "-1.0",
        "exposure_mode": "histogram",
        "lens_kcube": "0.0",
        "lens_x_size": "0.08",
        "exposure_max_bright": "12.0",
        "shutter_speed": "200.0",
        "bloom_intensity": "0.675",
        "iso": "100.0",
        "enable_postprocess_effects": "false",
        "gamma": "2.2",
        "motion_blur_intensity": "0.0",
        "motion_blur_max_distortion": "0.35",
        "lens_flare_intensity": "0.1",
        "motion_blur_min_object_screen_size": "0.1",
        "exposure_min_bright": "10.0",
        "exposure_speed_up": "3.0",
        "exposure_speed_down": "1.0",
        "tint": "0.0",
        "calibration_constant": "16.0",
        "focal_distance": "1000.0",
        "min_fstop": "1.2",
        "blade_count": "5",
        "blur_amount": "0.0",
        "blur_radius": "0.0",
        "slope": "0.88",
        "toe": "0.55",
        "white_clip": "0.04",
        "shoulder": "0.26",
        "black_clip": "0.0",
        "temp": "6500.0",
        "chromatic_aberration_intensity": "0.0"
      },
      "transform_carla": {
        "location": {
          "x": 78.68080139160156,
          "y": -62.39777755737305,
          "z": 1.7115870714187622
        },
        "rotation": {
          "roll": -0.4662657082080841,
          "pitch": 0.37747037410736084,
          "yaw": -36.72453689575195
        }
      },
      "matrix_world_from_sensor_carla": [
        [
          0.8015022277832031,
          0.597905695438385,
          -0.01014641672372818,
          78.68080139160156
        ],
        [
          -0.5979554653167725,
          0.8015251159667969,
          -0.002583274617791176,
          -62.39777755737305
        ],
        [
          0.006588053423911333,
          0.008137605153024197,
          0.9999451637268066,
          1.7115870714187622
        ],
        [
          0.0,
          0.0,
          0.0,
          1.0
        ]
      ],
      "matrix_world_from_sensor_bevfusion": [
        [
          0.597905695438385,
          0.01014641672372818,
          0.8015022277832031,
          78.68080139160156
        ],
        [
          -0.8015251159667969,
          -0.002583274617791176,
          0.5979554653167725,
          62.39777755737305
        ],
        [
          0.008137605153024197,
          -0.9999451637268066,
          0.006588053423911333,
          1.7115870714187622
        ],
        [
          0.0,
          0.0,
          0.0,
          1.0
        ]
      ],
      "matrix_ego_from_sensor_carla": [
        [
          -0.5735762715339661,
          -0.8191521167755127,
          1.2011844319204101e-07,
          -1.2999954223632812
        ],
        [
          0.8191521167755127,
          -0.5735762715339661,
          5.326571184127715e-08,
          0.5500030517578125
        ],
        [
          2.4768910478201178e-08,
          1.274587617672296e-07,
          0.9999999403953552,
          1.7000001668930054
        ],
        [
          0.0,
          0.0,
          0.0,
          1.0
        ]
      ],
      "matrix_ego_from_sensor_bevfusion": [
        [
          -0.8191521167755127,
          -1.2011844319204101e-07,
          -0.5735762715339661,
          -1.2999954223632812
        ],
        [
          0.5735762715339661,
          5.326571184127715e-08,
          -0.8191521167755127,
          -0.5500030517578125
        ],
        [
          1.274587617672296e-07,
          -0.9999999403953552,
          2.4768910478201178e-08,
          1.7000001668930054
        ],
        [
          0.0,
          0.0,
          0.0,
          1.0
        ]
      ],
      "camera_intrinsics": [
        [
          685.5110473632812,
          0.0,
          480.0
        ],
        [
          0.0,
          685.5110473632812,
          270.0
        ],
        [
          0.0,
          0.0,
          1.0
        ]
      ],
      "data_path": "D:\\Agent-AI\\outputs\\s3a_ml_long_v2\\sample_000089\\images\\CAM_BACK_RIGHT.png",
      "raw_layout": "bgra8"
    },
    "LIDAR_TOP": {
      "type_id": "sensor.lidar.ray_cast",
      "blueprint_attributes": {
        "atmosphere_attenuation_rate": "0.004",
        "role_name": "front",
        "noise_seed": "0",
        "upper_fov": "10.0",
        "ros_name": "sensor.lidar.ray_cast",
        "sensor_tick": "0.100000",
        "channels": "32",
        "range": "120.0",
        "points_per_second": "360000",
        "lower_fov": "-30.0",
        "rotation_frequency": "10.000000",
        "horizontal_fov": "360.0",
        "dropoff_general_rate": "0.0",
        "dropoff_intensity_limit": "1.0",
        "noise_stddev": "0.0",
        "dropoff_zero_intensity": "0.0"
      },
      "transform_carla": {
        "location": {
          "x": 77.2688980102539,
          "y": -62.28449249267578,
          "z": 2.197580575942993
        },
        "rotation": {
          "roll": -0.041778564453125,
          "pitch": -0.5984406471252441,
          "yaw": -161.7227783203125
        }
      },
      "matrix_world_from_sensor_carla": [
        [
          -0.9494984149932861,
          0.31360772252082825,
          -0.01014631986618042,
          77.2688980102539
        ],
        [
          -0.3135979473590851,
          -0.9495523571968079,
          -0.0025831866078078747,
          -62.28449249267578
        ],
        [
          -0.010444569401443005,
          0.0007291336660273373,
          0.9999452233314514,
          2.197580575942993
        ],
        [
          0.0,
          0.0,
          0.0,
          1.0
        ]
      ],
      "matrix_world_from_sensor_bevfusion": [
        [
          -0.9494984149932861,
          -0.31360772252082825,
          -0.01014631986618042,
          77.2688980102539
        ],
        [
          0.3135979473590851,
          -0.9495523571968079,
          0.0025831866078078747,
          62.28449249267578
        ],
        [
          -0.010444569401443005,
          -0.0007291336660273373,
          0.9999452233314514,
          2.197580575942993
        ],
        [
          0.0,
          0.0,
          0.0,
          1.0
        ]
      ],
      "matrix_ego_from_sensor_carla": [
        [
          1.0,
          2.995460324228816e-09,
          2.8660440687389155e-10,
          0.0
        ],
        [
          3.12965937609988e-08,
          1.0,
          2.8199328983014027e-10,
          0.0
        ],
        [
          -2.212230398868087e-11,
          5.690142801384468e-12,
          1.0,
          2.1999998092651367
        ],
        [
          0.0,
          0.0,
          0.0,
          1.0
        ]
      ],
      "matrix_ego_from_sensor_bevfusion": [
        [
          1.0,
          -2.995460324228816e-09,
          2.8660440687389155e-10,
          0.0
        ],
        [
          -3.12965937609988e-08,
          1.0,
          -2.8199328983014027e-10,
          0.0
        ],
        [
          -2.212230398868087e-11,
          -5.690142801384468e-12,
          1.0,
          2.1999998092651367
        ],
        [
          0.0,
          0.0,
          0.0,
          1.0
        ]
      ],
      "data_path": "D:\\Agent-AI\\outputs\\s3a_ml_long_v2\\sample_000089\\lidar\\LIDAR_TOP.npy",
      "raw_layout": [
        "x",
        "y",
        "z",
        "intensity"
      ]
    },
    "RADAR_FRONT": {
      "type_id": "sensor.other.radar",
      "blueprint_attributes": {
        "sensor_tick": "0.100000",
        "role_name": "default",
        "noise_seed": "0",
        "ros_name": "sensor.other.radar",
        "horizontal_fov": "35.0",
        "points_per_second": "1500",
        "vertical_fov": "20.0",
        "range": "120.0"
      },
      "transform_carla": {
        "location": {
          "x": 75.38308715820312,
          "y": -62.908329010009766,
          "z": 0.8767623901367188
        },
        "rotation": {
          "roll": -0.041778564453125,
          "pitch": -0.5984406471252441,
          "yaw": -161.7227783203125
        }
      },
      "matrix_world_from_sensor_carla": [
        [
          -0.9494984149932861,
          0.31360772252082825,
          -0.01014631986618042,
          75.38308715820312
        ],
        [
          -0.3135979473590851,
          -0.9495523571968079,
          -0.0025831866078078747,
          -62.908329010009766
        ],
        [
          -0.010444569401443005,
          0.0007291336660273373,
          0.9999452233314514,
          0.8767623901367188
        ],
        [
          0.0,
          0.0,
          0.0,
          1.0
        ]
      ],
      "matrix_world_from_sensor_bevfusion": [
        [
          -0.9494984149932861,
          -0.31360772252082825,
          -0.01014631986618042,
          75.38308715820312
        ],
        [
          0.3135979473590851,
          -0.9495523571968079,
          0.0025831866078078747,
          62.908329010009766
        ],
        [
          -0.010444569401443005,
          -0.0007291336660273373,
          0.9999452233314514,
          0.8767623901367188
        ],
        [
          0.0,
          0.0,
          0.0,
          1.0
        ]
      ],
      "matrix_ego_from_sensor_carla": [
        [
          1.0,
          2.995460324228816e-09,
          2.8660440687389155e-10,
          2.0000076293945312
        ],
        [
          3.12965937609988e-08,
          1.0,
          2.8199328983014027e-10,
          0.0
        ],
        [
          -2.212230398868087e-11,
          5.690142801384468e-12,
          1.0,
          0.899999737739563
        ],
        [
          0.0,
          0.0,
          0.0,
          1.0
        ]
      ],
      "matrix_ego_from_sensor_bevfusion": [
        [
          1.0,
          -2.995460324228816e-09,
          2.8660440687389155e-10,
          2.0000076293945312
        ],
        [
          -3.12965937609988e-08,
          1.0,
          -2.8199328983014027e-10,
          0.0
        ],
        [
          -2.212230398868087e-11,
          -5.690142801384468e-12,
          1.0,
          0.899999737739563
        ],
        [
          0.0,
          0.0,
          0.0,
          1.0
        ]
      ],
      "data_path": "D:\\Agent-AI\\outputs\\s3a_ml_long_v2\\sample_000089\\radar\\RADAR_FRONT.npy",
      "raw_layout": [
        "velocity",
        "altitude",
        "azimuth",
        "depth"
      ]
    },
    "RADAR_FRONT_LEFT": {
      "type_id": "sensor.other.radar",
      "blueprint_attributes": {
        "sensor_tick": "0.100000",
        "role_name": "default",
        "noise_seed": "0",
        "ros_name": "sensor.other.radar",
        "horizontal_fov": "35.0",
        "points_per_second": "1500",
        "vertical_fov": "20.0",
        "range": "120.0"
      },
      "transform_carla": {
        "location": {
          "x": 75.48020935058594,
          "y": -62.08640670776367,
          "z": 0.8798711895942688
        },
        "rotation": {
          "roll": 0.39363518357276917,
          "pitch": -0.45270490646362305,
          "yaw": 153.27545166015625
        }
      },
      "matrix_world_from_sensor_carla": [
        [
          -0.8931509256362915,
          -0.4496425688266754,
          -0.01014646515250206,
          75.48020935058594
        ],
        [
          0.4496876299381256,
          -0.8931821584701538,
          -0.0025832373648881912,
          -62.08640670776367
        ],
        [
          -0.00790110882371664,
          -0.00686996104195714,
          0.9999451637268066,
          0.8798711895942688
        ],
        [
          0.0,
          0.0,
          0.0,
          1.0
        ]
      ],
      "matrix_world_from_sensor_bevfusion": [
        [
          -0.8931509256362915,
          0.4496425688266754,
          -0.01014646515250206,
          75.48020935058594
        ],
        [
          -0.4496876299381256,
          -0.8931821584701538,
          0.0025832373648881912,
          62.08640670776367
        ],
        [
          -0.00790110882371664,
          0.00686996104195714,
          0.9999451637268066,
          0.8798711895942688
        ],
        [
          0.0,
          0.0,
          0.0,
          1.0
        ]
      ],
      "matrix_ego_from_sensor_carla": [
        [
          0.7071068286895752,
          0.7071067094802856,
          1.5457737845281372e-07,
          1.6500015258789062
        ],
        [
          -0.7071067690849304,
          0.7071068286895752,
          2.79967071747933e-09,
          -0.75
        ],
        [
          -1.0689973350963555e-07,
          -1.1128997101650384e-07,
          0.9999999403953552,
          0.899999737739563
        ],
        [
          0.0,
          0.0,
          0.0,
          1.0
        ]
      ],
      "matrix_ego_from_sensor_bevfusion": [
        [
          0.7071068286895752,
          -0.7071067094802856,
          1.5457737845281372e-07,
          1.6500015258789062
        ],
        [
          0.7071067690849304,
          0.7071068286895752,
          -2.79967071747933e-09,
          0.75
        ],
        [
          -1.0689973350963555e-07,
          1.1128997101650384e-07,
          0.9999999403953552,
          0.899999737739563
        ],
        [
          0.0,
          0.0,
          0.0,
          1.0
        ]
      ],
      "data_path": "D:\\Agent-AI\\outputs\\s3a_ml_long_v2\\sample_000089\\radar\\RADAR_FRONT_LEFT.npy",
      "raw_layout": [
        "velocity",
        "altitude",
        "azimuth",
        "depth"
      ]
    },
    "RADAR_FRONT_RIGHT": {
      "type_id": "sensor.other.radar",
      "blueprint_attributes": {
        "sensor_tick": "0.100000",
        "role_name": "default",
        "noise_seed": "0",
        "ros_name": "sensor.other.radar",
        "horizontal_fov": "35.0",
        "points_per_second": "1500",
        "vertical_fov": "20.0",
