{
  "schema_version": "stage1.v1",
  "sample_name": "sample_000074",
  "sequence_index": 74,
  "previous_sample_name": "sample_000073",
  "frame_id": 60075,
  "timestamp": 442.4197008609772,
  "platform_timestamp": 16814595.617495,
  "delta_seconds": 0.10000000149011612,
  "town": "Carla/Maps/Town10HD_Opt",
  "weather": {
    "cloudiness": 20.0,
    "dust_storm": 0.0,
    "fog_density": 2.0,
    "fog_distance": 0.75,
    "fog_falloff": 0.10000000149011612,
    "mie_scattering_scale": 0.029999999329447746,
    "precipitation": 0.0,
    "precipitation_deposits": 0.0,
    "rayleigh_scattering_scale": 0.03310000151395798,
    "scattering_intensity": 1.0,
    "sun_altitude_angle": 45.0,
    "sun_azimuth_angle": 300.0,
    "wetness": 0.0,
    "wind_intensity": 10.0
  },
  "sensor_names": [
    "CAM_FRONT",
    "CAM_FRONT_RIGHT",
    "CAM_FRONT_LEFT",
    "CAM_BACK",
    "CAM_BACK_LEFT",
    "CAM_BACK_RIGHT",
    "LIDAR_TOP",
    "RADAR_FRONT",
    "RADAR_FRONT_LEFT",
    "RADAR_FRONT_RIGHT",
    "RADAR_BACK_LEFT",
    "RADAR_BACK_RIGHT"
  ],
  "camera_order_for_model": [
    "CAM_FRONT",
    "CAM_FRONT_RIGHT",
    "CAM_FRONT_LEFT",
    "CAM_BACK",
    "CAM_BACK_LEFT",
    "CAM_BACK_RIGHT"
  ],
  "radar_order_for_model": [
    "RADAR_FRONT",
    "RADAR_FRONT_LEFT",
    "RADAR_FRONT_RIGHT",
    "RADAR_BACK_LEFT",
    "RADAR_BACK_RIGHT"
  ],
  "coordinate_notes": {
    "carla_world": "left-handed x-forward y-right z-up",
    "bevfusion_lidar": "x-forward y-left z-up",
    "camera_frame_for_model": "OpenCV style x-right y-down z-forward"
  },
  "ego": {
    "actor_id": 28,
    "transform_carla": {
      "location": {
        "x": 80.84051513671875,
        "y": -61.04130172729492,
        "z": -0.00549331633374095
      },
      "rotation": {
        "roll": 0.07008890062570572,
        "pitch": 0.2672243118286133,
        "yaw": -156.6353302001953
      }
    },
    "velocity_carla": [
      -3.28947114944458,
      -1.3274259567260742,
      4.893302684649825e-05
    ],
    "angular_velocity_carla": [
      0.6535770297050476,
      -1.966271996498108,
      -3.3440728187561035
    ],
    "matrix_world_from_ego_carla": [
      [
        -0.9179894328117371,
        0.39657628536224365,
        0.0047666109167039394,
        80.84051513671875
      ],
      [
        -0.39657753705978394,
        -0.9180009365081787,
        0.0007266555912792683,
        -61.04130172729492
      ],
      [
        0.0046639274805784225,
        -0.0012232684530317783,
        0.9999883770942688,
        -0.00549331633374095
      ],
      [
        0.0,
        0.0,
        0.0,
        1.0
      ]
    ],
    "matrix_world_from_ego_bevfusion": [
      [
        -0.9179894328117371,
        -0.39657628536224365,
        0.0047666109167039394,
        80.84051513671875
      ],
      [
        0.39657753705978394,
        -0.9180009365081787,
        -0.0007266555912792683,
        61.04130172729492
      ],
      [
        0.0046639274805784225,
        0.0012232684530317783,
        0.9999883770942688,
        -0.00549331633374095
      ],
      [
        0.0,
        0.0,
        0.0,
        1.0
      ]
    ]
  },
  "sensors": {
    "CAM_FRONT": {
      "type_id": "sensor.camera.rgb",
      "blueprint_attributes": {
        "role_name": "front",
        "ros_name": "sensor.camera.rgb",
        "chromatic_aberration_offset": "0.0",
        "sensor_tick": "0.100000",
        "fstop": "1.4",
        "image_size_x": "960",
        "image_size_y": "540",
        "fov": "70.00",
        "lens_circle_falloff": "5.0",
        "lens_circle_multiplier": "0.0",
        "exposure_compensation": "0.0",
        "lens_y_size": "0.08",
        "lens_k": "-1.0",
        "exposure_mode": "histogram",
        "lens_kcube": "0.0",
        "lens_x_size": "0.08",
        "exposure_max_bright": "12.0",
        "shutter_speed": "200.0",
        "bloom_intensity": "0.675",
        "iso": "100.0",
        "enable_postprocess_effects": "false",
        "gamma": "2.2",
        "motion_blur_intensity": "0.0",
        "motion_blur_max_distortion": "0.35",
        "lens_flare_intensity": "0.1",
        "motion_blur_min_object_screen_size": "0.1",
        "exposure_min_bright": "10.0",
        "exposure_speed_up": "3.0",
        "exposure_speed_down": "1.0",
        "tint": "0.0",
        "calibration_constant": "16.0",
        "focal_distance": "1000.0",
        "min_fstop": "1.2",
        "blade_count": "5",
        "blur_amount": "0.0",
        "blur_radius": "0.0",
        "slope": "0.88",
        "toe": "0.55",
        "white_clip": "0.04",
        "shoulder": "0.26",
        "black_clip": "0.0",
        "temp": "6500.0",
        "chromatic_aberration_intensity": "0.0"
      },
      "transform_carla": {
        "location": {
          "x": 79.42573547363281,
          "y": -61.65476608276367,
          "z": 1.7017159461975098
        },
        "rotation": {
          "roll": 0.07008890062570572,
          "pitch": 0.2672243118286133,
          "yaw": -156.6353302001953
        }
      },
      "matrix_world_from_sensor_carla": [
        [
          -0.9179894328117371,
          0.39657628536224365,
          0.0047666109167039394,
          79.42573547363281
        ],
        [
          -0.39657753705978394,
          -0.9180009365081787,
          0.0007266555912792683,
          -61.65476608276367
        ],
        [
          0.0046639274805784225,
          -0.0012232684530317783,
          0.9999883770942688,
          1.7017159461975098
        ],
        [
          0.0,
          0.0,
          0.0,
          1.0
        ]
      ],
      "matrix_world_from_sensor_bevfusion": [
        [
          0.39657628536224365,
          -0.0047666109167039394,
          -0.9179894328117371,
          79.42573547363281
        ],
        [
          0.9180009365081787,
          0.0007266555912792683,
          0.39657753705978394,
          61.65476608276367
        ],
        [
          -0.0012232684530317783,
          -0.9999883770942688,
          0.0046639274805784225,
          1.7017159461975098
        ],
        [
          0.0,
          0.0,
          0.0,
          1.0
        ]
      ],
      "matrix_ego_from_sensor_carla": [
        [
          1.0,
          1.5500871697327057e-08,
          -1.9168011622383574e-10,
          1.5500030517578125
        ],
        [
          -1.674580651922497e-08,
          0.9999999403953552,
          1.3168133250474057e-10,
          0.0
        ],
        [
          -1.9168011622383574e-10,
          1.5264650654600587e-11,
          1.0,
          1.7000000476837158
        ],
        [
          0.0,
          0.0,
          0.0,
          1.0
        ]
      ],
      "matrix_ego_from_sensor_bevfusion": [
        [
          1.5500871697327057e-08,
          1.9168011622383574e-10,
          1.0,
          1.5500030517578125
        ],
        [
          -0.9999999403953552,
          1.3168133250474057e-10,
          1.674580651922497e-08,
          0.0
        ],
        [
          1.5264650654600587e-11,
          -1.0,
          -1.9168011622383574e-10,
          1.7000000476837158
        ],
        [
          0.0,
          0.0,
          0.0,
          1.0
        ]
      ],
      "camera_intrinsics": [
        [
          685.5110473632812,
          0.0,
          480.0
        ],
        [
          0.0,
          685.5110473632812,
          270.0
        ],
        [
          0.0,
          0.0,
          1.0
        ]
      ],
      "data_path": "D:\\Agent-AI\\outputs\\s3a_ml_long_v2\\sample_000074\\images\\CAM_FRONT.png",
      "raw_layout": "bgra8"
    },
    "CAM_FRONT_RIGHT": {
      "type_id": "sensor.camera.rgb",
      "blueprint_attributes": {
        "role_name": "front",
        "ros_name": "sensor.camera.rgb",
        "chromatic_aberration_offset": "0.0",
        "sensor_tick": "0.100000",
        "fstop": "1.4",
        "image_size_x": "960",
        "image_size_y": "540",
        "fov": "70.00",
        "lens_circle_falloff": "5.0",
        "lens_circle_multiplier": "0.0",
        "exposure_compensation": "0.0",
        "lens_y_size": "0.08",
        "lens_k": "-1.0",
        "exposure_mode": "histogram",
        "lens_kcube": "0.0",
        "lens_x_size": "0.08",
        "exposure_max_bright": "12.0",
        "shutter_speed": "200.0",
        "bloom_intensity": "0.675",
        "iso": "100.0",
        "enable_postprocess_effects": "false",
        "gamma": "2.2",
        "motion_blur_intensity": "0.0",
        "motion_blur_max_distortion": "0.35",
        "lens_flare_intensity": "0.1",
        "motion_blur_min_object_screen_size": "0.1",
        "exposure_min_bright": "10.0",
        "exposure_speed_up": "3.0",
        "exposure_speed_down": "1.0",
        "tint": "0.0",
        "calibration_constant": "16.0",
        "focal_distance": "1000.0",
        "min_fstop": "1.2",
        "blade_count": "5",
        "blur_amount": "0.0",
        "blur_radius": "0.0",
        "slope": "0.88",
        "toe": "0.55",
        "white_clip": "0.04",
        "shoulder": "0.26",
        "black_clip": "0.0",
        "temp": "6500.0",
        "chromatic_aberration_intensity": "0.0"
      },
      "transform_carla": {
        "location": {
          "x": 79.87335205078125,
          "y": -62.06052017211914,
          "z": 1.699877142906189
        },
        "rotation": {
          "roll": 0.25909867882728577,
          "pitch": 0.09586170315742493,
          "yaw": -101.63528442382812
        }
      },
      "matrix_world_from_sensor_carla": [
        [
          -0.20168085396289825,
          0.9794396758079529,
          0.004766615107655525,
          79.87335205078125
        ],
        [
          -0.9794498682022095,
          -0.20168647170066833,
          0.0007266805041581392,
          -62.06052017211914
        ],
        [
          0.001673101563937962,
          -0.004522103350609541,
          0.9999883770942688,
          1.699877142906189
        ],
        [
          0.0,
          0.0,
          0.0,
          1.0
        ]
      ],
      "matrix_world_from_sensor_bevfusion": [
        [
          0.9794396758079529,
          -0.004766615107655525,
          -0.20168085396289825,
          79.87335205078125
        ],
        [
          0.20168647170066833,
          0.0007266805041581392,
          0.9794498682022095,
          62.06052017211914
        ],
        [
          -0.004522103350609541,
          -0.9999883770942688,
          0.001673101563937962,
          1.699877142906189
        ],
        [
          0.0,
          0.0,
          0.0,
          1.0
        ]
      ],
      "matrix_ego_from_sensor_carla": [
        [
          0.5735764503479004,
          -0.8191519975662231,
          -1.4161519068522921e-08,
          1.2999916076660156
        ],
        [
          0.8191519975662231,
          0.5735765099525452,
          -2.117232256182433e-08,
          0.5500030517578125
        ],
        [
          2.537359655718774e-08,
          -5.97445148908804e-11,
          1.0,
          1.7000000476837158
        ],
        [
          0.0,
          0.0,
          0.0,
          1.0
        ]
      ],
      "matrix_ego_from_sensor_bevfusion": [
        [
          -0.8191519975662231,
          1.4161519068522921e-08,
          0.5735764503479004,
          1.2999916076660156
        ],
        [
          -0.5735765099525452,
          -2.117232256182433e-08,
          -0.8191519975662231,
          -0.5500030517578125
        ],
        [
          -5.97445148908804e-11,
          -1.0,
          2.537359655718774e-08,
          1.7000000476837158
        ],
        [
          0.0,
          0.0,
          0.0,
          1.0
        ]
      ],
      "camera_intrinsics": [
        [
          685.5110473632812,
          0.0,
          480.0
        ],
        [
          0.0,
          685.5110473632812,
          270.0
        ],
        [
          0.0,
          0.0,
          1.0
        ]
      ],
      "data_path": "D:\\Agent-AI\\outputs\\s3a_ml_long_v2\\sample_000074\\images\\CAM_FRONT_RIGHT.png",
      "raw_layout": "bgra8"
    },
    "CAM_FRONT_LEFT": {
      "type_id": "sensor.camera.rgb",
      "blueprint_attributes": {
        "role_name": "front",
        "ros_name": "sensor.camera.rgb",
        "chromatic_aberration_offset": "0.0",
        "sensor_tick": "0.100000",
        "fstop": "1.4",
        "image_size_x": "960",
        "image_size_y": "540",
        "fov": "70.00",
        "lens_circle_falloff": "5.0",
        "lens_circle_multiplier": "0.0",
        "exposure_compensation": "0.0",
        "lens_y_size": "0.08",
        "lens_k": "-1.0",
        "exposure_mode": "histogram",
        "lens_kcube": "0.0",
        "lens_x_size": "0.08",
        "exposure_max_bright": "12.0",
        "shutter_speed": "200.0",
        "bloom_intensity": "0.675",
        "iso": "100.0",
        "enable_postprocess_effects": "false",
        "gamma": "2.2",
        "motion_blur_intensity": "0.0",
        "motion_blur_max_distortion": "0.35",
        "lens_flare_intensity": "0.1",
        "motion_blur_min_object_screen_size": "0.1",
        "exposure_min_bright": "10.0",
        "exposure_speed_up": "3.0",
        "exposure_speed_down": "1.0",
        "tint": "0.0",
        "calibration_constant": "16.0",
        "focal_distance": "1000.0",
        "min_fstop": "1.2",
        "blade_count": "5",
        "blur_amount": "0.0",
        "blur_radius": "0.0",
        "slope": "0.88",
        "toe": "0.55",
        "white_clip": "0.04",
        "shoulder": "0.26",
        "black_clip": "0.0",
        "temp": "6500.0",
        "chromatic_aberration_intensity": "0.0"
      },
      "transform_carla": {
        "location": {
          "x": 79.43711853027344,
          "y": -61.050716400146484,
          "z": 1.7012227773666382
        },
        "rotation": {
          "roll": -0.1786971390247345,
          "pitch": 0.21069084107875824,
          "yaw": 148.3641815185547
        }
      },
      "matrix_world_from_sensor_carla": [
        [
          -0.851393461227417,
          -0.5245059132575989,
          0.004766677040606737,
          79.43711853027344
        ],
        [
          0.5245147347450256,
          -0.8514010310173035,
          0.0007266144966706634,
          -61.050716400146484
        ],
        [
          0.0036772405728697777,
          0.0031188272405415773,
          0.9999883770942688,
          1.7012227773666382
        ],
        [
          0.0,
          0.0,
          0.0,
          1.0
        ]
      ],
      "matrix_world_from_sensor_bevfusion": [
        [
          -0.5245059132575989,
          -0.004766677040606737,
          -0.851393461227417,
          79.43711853027344
        ],
        [
          0.8514010310173035,
          0.0007266144966706634,
          -0.5245147347450256,
          61.050716400146484
        ],
        [
          0.0031188272405415773,
          -0.9999883770942688,
          0.0036772405728697777,
          1.7012227773666382
        ],
        [
          0.0,
          0.0,
          0.0,
          1.0
        ]
      ],
      "matrix_ego_from_sensor_carla": [
        [
          0.5735765695571899,
          0.8191518783569336,
          -4.489516314265529e-08,
          1.2999954223632812
        ],
        [
          -0.8191519975662231,
          0.5735765099525452,
          6.404368946277827e-08,
          -0.5500030517578125
        ],
        [
          7.833171622451118e-08,
          3.045760310627088e-10,
          1.0,
          1.7000000476837158
        ],
        [
          0.0,
          0.0,
          0.0,
          1.0
        ]
      ],
      "matrix_ego_from_sensor_bevfusion": [
        [
          0.8191518783569336,
          4.489516314265529e-08,
          0.5735765695571899,
          1.2999954223632812
        ],
        [
          -0.5735765099525452,
          6.404368946277827e-08,
          0.8191519975662231,
          0.5500030517578125
        ],
        [
          3.045760310627088e-10,
          -1.0,
          7.833171622451118e-08,
          1.7000000476837158
        ],
        [
          0.0,
          0.0,
          0.0,
          1.0
        ]
      ],
      "camera_intrinsics": [
        [
          685.5110473632812,
          0.0,
          480.0
        ],
        [
          0.0,
          685.5110473632812,
          270.0
        ],
        [
          0.0,
          0.0,
          1.0
        ]
      ],
      "data_path": "D:\\Agent-AI\\outputs\\s3a_ml_long_v2\\sample_000074\\images\\CAM_FRONT_LEFT.png",
      "raw_layout": "bgra8"
    },
    "CAM_BACK": {
      "type_id": "sensor.camera.rgb",
      "blueprint_attributes": {
        "role_name": "front",
        "ros_name": "sensor.camera.rgb",
        "chromatic_aberration_offset": "0.0",
        "sensor_tick": "0.100000",
        "fstop": "1.4",
        "image_size_x": "960",
        "image_size_y": "540",
        "fov": "70.00",
        "lens_circle_falloff": "5.0",
        "lens_circle_multiplier": "0.0",
        "exposure_compensation": "0.0",
        "lens_y_size": "0.08",
        "lens_k": "-1.0",
        "exposure_mode": "histogram",
        "lens_kcube": "0.0",
        "lens_x_size": "0.08",
        "exposure_max_bright": "12.0",
        "shutter_speed": "200.0",
        "bloom_intensity": "0.675",
        "iso": "100.0",
        "enable_postprocess_effects": "false",
        "gamma": "2.2",
        "motion_blur_intensity": "0.0",
        "motion_blur_max_distortion": "0.35",
        "lens_flare_intensity": "0.1",
        "motion_blur_min_object_screen_size": "0.1",
        "exposure_min_bright": "10.0",
        "exposure_speed_up": "3.0",
        "exposure_speed_down": "1.0",
        "tint": "0.0",
        "calibration_constant": "16.0",
        "focal_distance": "1000.0",
        "min_fstop": "1.2",
        "blade_count": "5",
        "blur_amount": "0.0",
        "blur_radius": "0.0",
        "slope": "0.88",
        "toe": "0.55",
        "white_clip": "0.04",
        "shoulder": "0.26",
        "black_clip": "0.0",
        "temp": "6500.0",
        "chromatic_aberration_intensity": "0.0"
      },
      "transform_carla": {
        "location": {
          "x": 82.27149963378906,
          "y": -60.42536926269531,
          "z": 1.6872577667236328
        },
        "rotation": {
          "roll": -0.07008899003267288,
          "pitch": -0.2672243118286133,
          "yaw": 23.364686965942383
        }
      },
      "matrix_world_from_sensor_carla": [
        [
          0.9179892539978027,
          -0.3965766429901123,
          0.0047666109167039394,
          82.27149963378906
        ],
        [
          0.3965778946876526,
          0.9180007576942444,
          0.0007266561733558774,
          -60.42536926269531
        ],
        [
          -0.0046639274805784225,
          0.001223269966430962,
          0.9999883770942688,
          1.6872577667236328
        ],
        [
          0.0,
          0.0,
          0.0,
          1.0
        ]
      ],
      "matrix_world_from_sensor_bevfusion": [
        [
          -0.3965766429901123,
          -0.0047666109167039394,
          0.9179892539978027,
          82.27149963378906
        ],
        [
          -0.9180007576942444,
          0.0007266561733558774,
          -0.3965778946876526,
          60.42536926269531
        ],
        [
          0.001223269966430962,
          -0.9999883770942688,
          -0.0046639274805784225,
          1.6872577667236328
        ],
        [
          0.0,
          0.0,
          0.0,
          1.0
        ]
      ],
      "matrix_ego_from_sensor_carla": [
        [
          -1.0,
          3.832454922303441e-07,
          -1.9168011622383574e-10,
          -1.5499992370605469
        ],
        [
          -3.711614056101098e-07,
          -0.9999999403953552,
          -4.503952766299335e-10,
          -7.62939453125e-06
        ],
        [
          -7.396424583916428e-10,
          -3.6452821317034534e-10,
          1.0,
          1.7000000476837158
        ],
        [
          0.0,
          0.0,
          0.0,
          1.0
        ]
      ],
      "matrix_ego_from_sensor_bevfusion": [
        [
          3.832454922303441e-07,
          1.9168011622383574e-10,
          -1.0,
          -1.5499992370605469
        ],
        [
          0.9999999403953552,
          -4.503952766299335e-10,
          3.711614056101098e-07,
          7.62939453125e-06
        ],
        [
          -3.6452821317034534e-10,
          -1.0,
          -7.396424583916428e-10,
          1.7000000476837158
        ],
        [
          0.0,
          0.0,
          0.0,
          1.0
        ]
      ],
      "camera_intrinsics": [
        [
          685.5110473632812,
          0.0,
          480.0
        ],
        [
          0.0,
          685.5110473632812,
          270.0
        ],
        [
          0.0,
          0.0,
          1.0
        ]
      ],
      "data_path": "D:\\Agent-AI\\outputs\\s3a_ml_long_v2\\sample_000074\\images\\CAM_BACK.png",
      "raw_layout": "bgra8"
    },
    "CAM_BACK_LEFT": {
      "type_id": "sensor.camera.rgb",
      "blueprint_attributes": {
        "role_name": "front",
        "ros_name": "sensor.camera.rgb",
        "chromatic_aberration_offset": "0.0",
        "sensor_tick": "0.100000",
        "fstop": "1.4",
        "image_size_x": "960",
        "image_size_y": "540",
        "fov": "70.00",
        "lens_circle_falloff": "5.0",
        "lens_circle_multiplier": "0.0",
        "exposure_compensation": "0.0",
        "lens_y_size": "0.08",
        "lens_k": "-1.0",
        "exposure_mode": "histogram",
        "lens_kcube": "0.0",
        "lens_x_size": "0.08",
        "exposure_max_bright": "12.0",
        "shutter_speed": "200.0",
        "bloom_intensity": "0.675",
        "iso": "100.0",
        "enable_postprocess_effects": "false",
        "gamma": "2.2",
        "motion_blur_intensity": "0.0",
        "motion_blur_max_distortion": "0.35",
        "lens_flare_intensity": "0.1",
        "motion_blur_min_object_screen_size": "0.1",
        "exposure_min_bright": "10.0",
        "exposure_speed_up": "3.0",
        "exposure_speed_down": "1.0",
        "tint": "0.0",
        "calibration_constant": "16.0",
        "focal_distance": "1000.0",
        "min_fstop": "1.2",
        "blade_count": "5",
        "blur_amount": "0.0",
        "blur_radius": "0.0",
        "slope": "0.88",
        "toe": "0.55",
        "white_clip": "0.04",
        "shoulder": "0.26",
        "black_clip": "0.0",
        "temp": "6500.0",
        "chromatic_aberration_intensity": "0.0"
      },
      "transform_carla": {
        "location": {
          "x": 81.82389068603516,
          "y": -60.01961898803711,
          "z": 1.6890966892242432
        },
        "rotation": {
          "roll": -0.25909867882728577,
          "pitch": -0.09586170315742493,
          "yaw": 78.3647232055664
        }
      },
      "matrix_world_from_sensor_carla": [
        [
          0.2016807645559311,
          -0.9794396758079529,
          0.004766615107655525,
          81.82389068603516
        ],
        [
          0.9794498682022095,
          0.20168638229370117,
          0.0007266809116117656,
          -60.01961898803711
        ],
        [
          -0.001673101563937962,
          0.004522103350609541,
          0.9999883770942688,
          1.6890966892242432
        ],
        [
          0.0,
          0.0,
          0.0,
          1.0
        ]
      ],
      "matrix_world_from_sensor_bevfusion": [
        [
          -0.9794396758079529,
          -0.004766615107655525,
          0.2016807645559311,
          81.82389068603516
        ],
        [
          -0.20168638229370117,
          0.0007266809116117656,
          -0.9794498682022095,
          60.01961898803711
        ],
        [
          0.004522103350609541,
          -0.9999883770942688,
          -0.001673101563937962,
          1.6890966892242432
        ],
        [
          0.0,
          0.0,
          0.0,
          1.0
        ]
      ],
      "matrix_ego_from_sensor_carla": [
        [
          -0.5735763907432556,
          0.8191519975662231,
          -1.4161519068522921e-08,
          -1.3000068664550781
        ],
        [
          -0.8191520571708679,
          -0.5735763907432556,
          -2.1521568527305135e-08,
          -0.5499954223632812
        ],
        [
          -2.5839257844495478e-08,
          5.97445148908804e-11,
          1.0,
          1.7000000476837158
        ],
        [
          0.0,
          0.0,
          0.0,
          1.0
        ]
      ],
      "matrix_ego_from_sensor_bevfusion": [
        [
          0.8191519975662231,
          1.4161519068522921e-08,
          -0.5735763907432556,
          -1.3000068664550781
        ],
        [
          0.5735763907432556,
          -2.1521568527305135e-08,
          0.8191520571708679,
          0.5499954223632812
        ],
        [
          5.97445148908804e-11,
          -1.0,
          -2.5839257844495478e-08,
          1.7000000476837158
        ],
        [
          0.0,
          0.0,
          0.0,
          1.0
        ]
      ],
      "camera_intrinsics": [
        [
          685.5110473632812,
          0.0,
          480.0
        ],
        [
          0.0,
          685.5110473632812,
          270.0
        ],
        [
          0.0,
          0.0,
          1.0
        ]
      ],
      "data_path": "D:\\Agent-AI\\outputs\\s3a_ml_long_v2\\sample_000074\\images\\CAM_BACK_LEFT.png",
      "raw_layout": "bgra8"
    },
    "CAM_BACK_RIGHT": {
      "type_id": "sensor.camera.rgb",
      "blueprint_attributes": {
        "role_name": "front",
        "ros_name": "sensor.camera.rgb",
        "chromatic_aberration_offset": "0.0",
        "sensor_tick": "0.100000",
        "fstop": "1.4",
        "image_size_x": "960",
        "image_size_y": "540",
        "fov": "70.00",
        "lens_circle_falloff": "5.0",
        "lens_circle_multiplier": "0.0",
        "exposure_compensation": "0.0",
        "lens_y_size": "0.08",
        "lens_k": "-1.0",
        "exposure_mode": "histogram",
        "lens_kcube": "0.0",
        "lens_x_size": "0.08",
        "exposure_max_bright": "12.0",
        "shutter_speed": "200.0",
        "bloom_intensity": "0.675",
        "iso": "100.0",
        "enable_postprocess_effects": "false",
        "gamma": "2.2",
        "motion_blur_intensity": "0.0",
        "motion_blur_max_distortion": "0.35",
        "lens_flare_intensity": "0.1",
        "motion_blur_min_object_screen_size": "0.1",
        "exposure_min_bright": "10.0",
        "exposure_speed_up": "3.0",
        "exposure_speed_down": "1.0",
        "tint": "0.0",
        "calibration_constant": "16.0",
        "focal_distance": "1000.0",
        "min_fstop": "1.2",
        "blade_count": "5",
        "blur_amount": "0.0",
        "blur_radius": "0.0",
        "slope": "0.88",
        "toe": "0.55",
        "white_clip": "0.04",
        "shoulder": "0.26",
        "black_clip": "0.0",
        "temp": "6500.0",
        "chromatic_aberration_intensity": "0.0"
      },
      "transform_carla": {
        "location": {
          "x": 82.26012420654297,
          "y": -61.0294189453125,
          "z": 1.6877509355545044
        },
        "rotation": {
          "roll": 0.1786971539258957,
          "pitch": -0.21068400144577026,
          "yaw": -31.635818481445312
        }
      },
      "matrix_world_from_sensor_carla": [
        [
          0.851393461227417,
          0.5245059132575989,
          0.004766575526446104,
          82.26012420654297
        ],
        [
          -0.5245147347450256,
          0.8514010310173035,
          0.0007266775937750936,
          -61.0294189453125
        ],
        [
          -0.0036771211307495832,
          -0.0031188277062028646,
          0.9999883770942688,
          1.6877509355545044
        ],
        [
          0.0,
          0.0,
          0.0,
          1.0
        ]
      ],
      "matrix_world_from_sensor_bevfusion": [
        [
          0.5245059132575989,
          -0.004766575526446104,
          0.851393461227417,
          82.26012420654297
        ],
        [
          -0.8514010310173035,
          0.0007266775937750936,
          0.5245147347450256,
          61.0294189453125
        ],
        [
          -0.0031188277062028646,
          -0.9999883770942688,
          -0.0036771211307495832,
          1.6877509355545044
        ],
        [
          0.0,
          0.0,
          0.0,
          1.0
        ]
      ],
      "matrix_ego_from_sensor_carla": [
        [
          -0.5735765695571899,
          -0.8191518783569336,
          2.4022707378890118e-08,
          -1.3000068664550781
        ],
        [
          0.8191519975662231,
          -0.5735765099525452,
          -3.421083860644103e-08,
          0.5500030517578125
        ],
        [
          4.1109018411589204e-08,
          -7.702319337887786e-10,
          1.0,
          1.7000000476837158
        ],
        [
          0.0,
          0.0,
          0.0,
          1.0
        ]
      ],
      "matrix_ego_from_sensor_bevfusion": [
        [
          -0.8191518783569336,
          -2.4022707378890118e-08,
          -0.5735765695571899,
          -1.3000068664550781
        ],
        [
          0.5735765099525452,
          -3.421083860644103e-08,
          -0.8191519975662231,
          -0.5500030517578125
        ],
        [
          -7.702319337887786e-10,
          -1.0,
          4.1109018411589204e-08,
          1.7000000476837158
        ],
        [
          0.0,
          0.0,
          0.0,
          1.0
        ]
      ],
      "camera_intrinsics": [
        [
          685.5110473632812,
          0.0,
          480.0
        ],
        [
          0.0,
          685.5110473632812,
          270.0
        ],
        [
          0.0,
          0.0,
          1.0
        ]
      ],
      "data_path": "D:\\Agent-AI\\outputs\\s3a_ml_long_v2\\sample_000074\\images\\CAM_BACK_RIGHT.png",
      "raw_layout": "bgra8"
    },
    "LIDAR_TOP": {
      "type_id": "sensor.lidar.ray_cast",
      "blueprint_attributes": {
        "atmosphere_attenuation_rate": "0.004",
        "role_name": "front",
        "noise_seed": "0",
        "upper_fov": "10.0",
        "ros_name": "sensor.lidar.ray_cast",
        "sensor_tick": "0.100000",
        "channels": "32",
        "range": "120.0",
        "points_per_second": "360000",
        "lower_fov": "-30.0",
        "rotation_frequency": "10.000000",
        "horizontal_fov": "360.0",
        "dropoff_general_rate": "0.0",
        "dropoff_intensity_limit": "1.0",
        "noise_stddev": "0.0",
        "dropoff_zero_intensity": "0.0"
      },
      "transform_carla": {
        "location": {
          "x": 80.85100555419922,
          "y": -61.03970718383789,
          "z": 2.1944808959960938
        },
        "rotation": {
          "roll": 0.07008890062570572,
          "pitch": 0.2672243118286133,
          "yaw": -156.6353302001953
        }
      },
      "matrix_world_from_sensor_carla": [
        [
          -0.9179894328117371,
          0.39657628536224365,
          0.0047666109167039394,
          80.85100555419922
        ],
        [
          -0.39657753705978394,
          -0.9180009365081787,
          0.0007266555912792683,
          -61.03970718383789
        ],
        [
          0.0046639274805784225,
          -0.0012232684530317783,
          0.9999883770942688,
          2.1944808959960938
        ],
        [
          0.0,
          0.0,
          0.0,
          1.0
        ]
      ],
      "matrix_world_from_sensor_bevfusion": [
        [
          -0.9179894328117371,
          -0.39657628536224365,
          0.0047666109167039394,
          80.85100555419922
        ],
        [
          0.39657753705978394,
          -0.9180009365081787,
          -0.0007266555912792683,
          61.03970718383789
        ],
        [
          0.0046639274805784225,
          0.0012232684530317783,
          0.9999883770942688,
          2.1944808959960938
        ],
        [
          0.0,
          0.0,
          0.0,
          1.0
        ]
      ],
      "matrix_ego_from_sensor_carla": [
        [
          1.0,
          1.5500871697327057e-08,
          -1.9168011622383574e-10,
          -7.62939453125e-06
        ],
        [
          -1.674580651922497e-08,
          0.9999999403953552,
          1.3168133250474057e-10,
          7.62939453125e-06
        ],
        [
          -1.9168011622383574e-10,
          1.5264650654600587e-11,
          1.0,
          2.1999998092651367
        ],
        [
          0.0,
          0.0,
          0.0,
          1.0
        ]
      ],
      "matrix_ego_from_sensor_bevfusion": [
        [
          1.0,
          -1.5500871697327057e-08,
          -1.9168011622383574e-10,
          -7.62939453125e-06
        ],
        [
          1.674580651922497e-08,
          0.9999999403953552,
          -1.3168133250474057e-10,
          -7.62939453125e-06
        ],
        [
          -1.9168011622383574e-10,
          -1.5264650654600587e-11,
          1.0,
          2.1999998092651367
        ],
        [
          0.0,
          0.0,
          0.0,
          1.0
        ]
      ],
      "data_path": "D:\\Agent-AI\\outputs\\s3a_ml_long_v2\\sample_000074\\lidar\\LIDAR_TOP.npy",
      "raw_layout": [
        "x",
        "y",
        "z",
        "intensity"
      ]
    },
    "RADAR_FRONT": {
      "type_id": "sensor.other.radar",
      "blueprint_attributes": {
        "sensor_tick": "0.100000",
        "role_name": "default",
        "noise_seed": "0",
        "ros_name": "sensor.other.radar",
        "horizontal_fov": "35.0",
        "points_per_second": "1500",
        "vertical_fov": "20.0",
        "range": "120.0"
      },
      "transform_carla": {
        "location": {
          "x": 79.00882720947266,
          "y": -61.83380126953125,
          "z": 0.9038240909576416
        },
        "rotation": {
          "roll": 0.07008890062570572,
          "pitch": 0.2672243118286133,
          "yaw": -156.6353302001953
        }
      },
      "matrix_world_from_sensor_carla": [
        [
          -0.9179894328117371,
          0.39657628536224365,
          0.0047666109167039394,
          79.00882720947266
        ],
        [
          -0.39657753705978394,
          -0.9180009365081787,
          0.0007266555912792683,
          -61.83380126953125
        ],
        [
          0.0046639274805784225,
          -0.0012232684530317783,
          0.9999883770942688,
          0.9038240909576416
        ],
        [
          0.0,
          0.0,
          0.0,
          1.0
        ]
      ],
      "matrix_world_from_sensor_bevfusion": [
        [
          -0.9179894328117371,
          -0.39657628536224365,
          0.0047666109167039394,
          79.00882720947266
        ],
        [
          0.39657753705978394,
          -0.9180009365081787,
          -0.0007266555912792683,
          61.83380126953125
        ],
        [
          0.0046639274805784225,
          0.0012232684530317783,
          0.9999883770942688,
          0.9038240909576416
        ],
        [
          0.0,
          0.0,
          0.0,
          1.0
        ]
      ],
      "matrix_ego_from_sensor_carla": [
        [
          1.0,
          1.5500871697327057e-08,
          -1.9168011622383574e-10,
          1.9999961853027344
        ],
        [
          -1.674580651922497e-08,
          0.9999999403953552,
          1.3168133250474057e-10,
          0.0
        ],
        [
          -1.9168011622383574e-10,
          1.5264650654600587e-11,
          1.0,
          0.9000000357627869
        ],
        [
          0.0,
          0.0,
          0.0,
          1.0
        ]
      ],
      "matrix_ego_from_sensor_bevfusion": [
        [
          1.0,
          -1.5500871697327057e-08,
          -1.9168011622383574e-10,
          1.9999961853027344
        ],
        [
          1.674580651922497e-08,
          0.9999999403953552,
          -1.3168133250474057e-10,
          0.0
        ],
        [
          -1.9168011622383574e-10,
          -1.5264650654600587e-11,
          1.0,
          0.9000000357627869
        ],
        [
          0.0,
          0.0,
          0.0,
          1.0
        ]
      ],
      "data_path": "D:\\Agent-AI\\outputs\\s3a_ml_long_v2\\sample_000074\\radar\\RADAR_FRONT.npy",
      "raw_layout": [
        "velocity",
        "altitude",
        "azimuth",
        "depth"
      ]
    },
    "RADAR_FRONT_LEFT": {
      "type_id": "sensor.other.radar",
      "blueprint_attributes": {
        "sensor_tick": "0.100000",
        "role_name": "default",
        "noise_seed": "0",
        "ros_name": "sensor.other.radar",
        "horizontal_fov": "35.0",
        "points_per_second": "1500",
        "vertical_fov": "20.0",
        "range": "120.0"
      },
      "transform_carla": {
        "location": {
          "x": 79.0326919555664,
          "y": -61.00650405883789,
          "z": 0.9031091332435608
        },
        "rotation": {
          "roll": -0.13939698040485382,
          "pitch": 0.23851701617240906,
          "yaw": 158.36424255371094
        }
      },
      "matrix_world_from_sensor_carla": [
        [
          -0.9295385479927063,
          -0.36869415640830994,
          0.004766627214848995,
          79.0326919555664
        ],
        [
          0.3687014877796173,
          -0.9295476078987122,
          0.0007266511674970388,
          -61.00650405883789
        ],
        [
          0.004162895027548075,
          0.002432913053780794,
          0.9999883770942688,
          0.9031091332435608
        ],
        [
          0.0,
          0.0,
          0.0,
          1.0
        ]
      ],
      "matrix_world_from_sensor_bevfusion": [
        [
          -0.9295385479927063,
          0.36869415640830994,
          0.004766627214848995,
          79.0326919555664
        ],
        [
          -0.3687014877796173,
          -0.9295476078987122,
          -0.0007266511674970388,
          61.00650405883789
        ],
        [
          0.004162895027548075,
          -0.002432913053780794,
          0.9999883770942688,
          0.9031091332435608
        ],
        [
          0.0,
          0.0,
          0.0,
          1.0
        ]
      ],
      "matrix_ego_from_sensor_carla": [
        [
          0.7071072459220886,
          0.7071062922477722,
          -1.3230196493907442e-08,
          1.6499977111816406
        ],
        [
          -0.707106351852417,
          0.7071072459220886,
          1.0725475618755809e-08,
          -0.75
        ],
        [
          1.773896585177681e-08,
          2.4561259692745807e-09,
          1.0,
          0.8999999165534973
        ],
        [
          0.0,
          0.0,
          0.0,
          1.0
        ]
      ],
      "matrix_ego_from_sensor_bevfusion": [
        [
          0.7071072459220886,
          -0.7071062922477722,
          -1.3230196493907442e-08,
          1.6499977111816406
        ],
        [
          0.707106351852417,
          0.7071072459220886,
          -1.0725475618755809e-08,
          0.75
        ],
        [
          1.773896585177681e-08,
          -2.4561259692745807e-09,
          1.0,
          0.8999999165534973
        ],
        [
          0.0,
          0.0,
          0.0,
          1.0
        ]
      ],
      "data_path": "D:\\Agent-AI\\outputs\\s3a_ml_long_v2\\sample_000074\\radar\\RADAR_FRONT_LEFT.npy",
      "raw_layout": [
        "velocity",
        "altitude",
        "azimuth",
        "depth"
      ]
    },
    "RADAR_FRONT_RIGHT": {
      "type_id": "sensor.other.radar",
      "blueprint_attributes": {
        "sensor_tick": "0.100000",
        "role_name": "default",
        "noise_seed": "0",
