{
  "schema_version": "stage1.v1",
  "sample_name": "sample_000040",
  "sequence_index": 40,
  "previous_sample_name": "sample_000039",
  "frame_id": 3960,
  "timestamp": 43.131086606532335,
  "platform_timestamp": 16816500.2244154,
  "delta_seconds": 0.10000000149011612,
  "town": "Carla/Maps/Town10HD_Opt",
  "weather": {
    "cloudiness": 20.0,
    "dust_storm": 0.0,
    "fog_density": 2.0,
    "fog_distance": 0.75,
    "fog_falloff": 0.10000000149011612,
    "mie_scattering_scale": 0.029999999329447746,
    "precipitation": 0.0,
    "precipitation_deposits": 0.0,
    "rayleigh_scattering_scale": 0.03310000151395798,
    "scattering_intensity": 1.0,
    "sun_altitude_angle": 45.0,
    "sun_azimuth_angle": 300.0,
    "wetness": 0.0,
    "wind_intensity": 10.0
  },
  "sensor_names": [
    "CAM_FRONT",
    "CAM_FRONT_RIGHT",
    "CAM_FRONT_LEFT",
    "CAM_BACK",
    "CAM_BACK_LEFT",
    "CAM_BACK_RIGHT",
    "LIDAR_TOP",
    "RADAR_FRONT",
    "RADAR_FRONT_LEFT",
    "RADAR_FRONT_RIGHT",
    "RADAR_BACK_LEFT",
    "RADAR_BACK_RIGHT"
  ],
  "camera_order_for_model": [
    "CAM_FRONT",
    "CAM_FRONT_RIGHT",
    "CAM_FRONT_LEFT",
    "CAM_BACK",
    "CAM_BACK_LEFT",
    "CAM_BACK_RIGHT"
  ],
  "radar_order_for_model": [
    "RADAR_FRONT",
    "RADAR_FRONT_LEFT",
    "RADAR_FRONT_RIGHT",
    "RADAR_BACK_LEFT",
    "RADAR_BACK_RIGHT"
  ],
  "coordinate_notes": {
    "carla_world": "left-handed x-forward y-right z-up",
    "bevfusion_lidar": "x-forward y-left z-up",
    "camera_frame_for_model": "OpenCV style x-right y-down z-forward"
  },
  "ego": {
    "actor_id": 24,
    "transform_carla": {
      "location": {
        "x": 107.20413970947266,
        "y": -37.689544677734375,
        "z": -0.004597206134349108
      },
      "rotation": {
        "roll": 0.10941891372203827,
        "pitch": 0.0257156603038311,
        "yaw": -108.34295654296875
      }
    },
    "velocity_carla": [
      -1.0982260704040527,
      -2.9586760997772217,
      2.2230147806112655e-05
    ],
    "angular_velocity_carla": [
      1.248663067817688,
      -0.8078849911689758,
      -4.108235836029053
    ],
    "matrix_world_from_ego_carla": [
      [
        -0.31470412015914917,
        0.9491878151893616,
        0.001953932223841548,
        107.20413970947266
      ],
      [
        -0.9491897225379944,
        -0.31470435857772827,
        -0.00017497918452136219,
        -37.689544677734375
      ],
      [
        0.0004488229169510305,
        -0.0019097188487648964,
        0.9999980330467224,
        -0.004597206134349108
      ],
      [
        0.0,
        0.0,
        0.0,
        1.0
      ]
    ],
    "matrix_world_from_ego_bevfusion": [
      [
        -0.31470412015914917,
        -0.9491878151893616,
        0.001953932223841548,
        107.20413970947266
      ],
      [
        0.9491897225379944,
        -0.31470435857772827,
        0.00017497918452136219,
        37.689544677734375
      ],
      [
        0.0004488229169510305,
        0.0019097188487648964,
        0.9999980330467224,
        -0.004597206134349108
      ],
      [
        0.0,
        0.0,
        0.0,
        1.0
      ]
    ]
  },
  "sensors": {
    "CAM_FRONT": {
      "type_id": "sensor.camera.rgb",
      "blueprint_attributes": {
        "role_name": "front",
        "ros_name": "sensor.camera.rgb",
        "chromatic_aberration_offset": "0.0",
        "sensor_tick": "0.100000",
        "fstop": "1.4",
        "image_size_x": "960",
        "image_size_y": "540",
        "fov": "70.00",
        "lens_circle_falloff": "5.0",
        "lens_circle_multiplier": "0.0",
        "exposure_compensation": "0.0",
        "lens_y_size": "0.08",
        "lens_k": "-1.0",
        "exposure_mode": "histogram",
        "lens_kcube": "0.0",
        "lens_x_size": "0.08",
        "exposure_max_bright": "12.0",
        "shutter_speed": "200.0",
        "bloom_intensity": "0.675",
        "iso": "100.0",
        "enable_postprocess_effects": "false",
        "gamma": "2.2",
        "motion_blur_intensity": "0.0",
        "motion_blur_max_distortion": "0.35",
        "lens_flare_intensity": "0.1",
        "motion_blur_min_object_screen_size": "0.1",
        "exposure_min_bright": "10.0",
        "exposure_speed_up": "3.0",
        "exposure_speed_down": "1.0",
        "tint": "0.0",
        "calibration_constant": "16.0",
        "focal_distance": "1000.0",
        "min_fstop": "1.2",
        "blade_count": "5",
        "blur_amount": "0.0",
        "blur_radius": "0.0",
        "slope": "0.88",
        "toe": "0.55",
        "white_clip": "0.04",
        "shoulder": "0.26",
        "black_clip": "0.0",
        "temp": "6500.0",
        "chromatic_aberration_intensity": "0.0"
      },
      "transform_carla": {
        "location": {
          "x": 106.71966552734375,
          "y": -39.16108703613281,
          "z": 1.6960951089859009
        },
        "rotation": {
          "roll": 0.10941891372203827,
          "pitch": 0.0257156603038311,
          "yaw": -108.34295654296875
        }
      },
      "matrix_world_from_sensor_carla": [
        [
          -0.31470412015914917,
          0.9491878151893616,
          0.001953932223841548,
          106.71966552734375
        ],
        [
          -0.9491897225379944,
          -0.31470435857772827,
          -0.00017497918452136219,
          -39.16108703613281
        ],
        [
          0.0004488229169510305,
          -0.0019097188487648964,
          0.9999980330467224,
          1.6960951089859009
        ],
        [
          0.0,
          0.0,
          0.0,
          1.0
        ]
      ],
      "matrix_world_from_sensor_bevfusion": [
        [
          0.9491878151893616,
          -0.001953932223841548,
          -0.31470412015914917,
          106.71966552734375
        ],
        [
          0.31470435857772827,
          -0.00017497918452136219,
          0.9491897225379944,
          39.16108703613281
        ],
        [
          -0.0019097188487648964,
          -0.9999980330467224,
          0.0004488229169510305,
          1.6960951089859009
        ],
        [
          0.0,
          0.0,
          0.0,
          1.0
        ]
      ],
      "matrix_ego_from_sensor_carla": [
        [
          1.0,
          -1.0977474040885227e-08,
          -9.698736605501246e-12,
          1.5500037670135498
        ],
        [
          -1.2491885748033837e-08,
          1.0,
          3.1037908354569765e-11,
          -7.62939453125e-06
        ],
        [
          -1.2050693776188837e-11,
          1.5003998043994216e-10,
          1.0,
          1.6999999284744263
        ],
        [
          0.0,
          0.0,
          0.0,
          1.0
        ]
      ],
      "matrix_ego_from_sensor_bevfusion": [
        [
          -1.0977474040885227e-08,
          9.698736605501246e-12,
          1.0,
          1.5500037670135498
        ],
        [
          -1.0,
          3.1037908354569765e-11,
          1.2491885748033837e-08,
          7.62939453125e-06
        ],
        [
          1.5003998043994216e-10,
          -1.0,
          -1.2050693776188837e-11,
          1.6999999284744263
        ],
        [
          0.0,
          0.0,
          0.0,
          1.0
        ]
      ],
      "camera_intrinsics": [
        [
          685.5110473632812,
          0.0,
          480.0
        ],
        [
          0.0,
          685.5110473632812,
          270.0
        ],
        [
          0.0,
          0.0,
          1.0
        ]
      ],
      "data_path": "D:\\Agent-AI\\outputs\\s3a_left_v3\\sample_000040\\images\\CAM_FRONT.png",
      "raw_layout": "bgra8"
    },
    "CAM_FRONT_RIGHT": {
      "type_id": "sensor.camera.rgb",
      "blueprint_attributes": {
        "role_name": "front",
        "ros_name": "sensor.camera.rgb",
        "chromatic_aberration_offset": "0.0",
        "sensor_tick": "0.100000",
        "fstop": "1.4",
        "image_size_x": "960",
        "image_size_y": "540",
        "fov": "70.00",
        "lens_circle_falloff": "5.0",
        "lens_circle_multiplier": "0.0",
        "exposure_compensation": "0.0",
        "lens_y_size": "0.08",
        "lens_k": "-1.0",
        "exposure_mode": "histogram",
        "lens_kcube": "0.0",
        "lens_x_size": "0.08",
        "exposure_max_bright": "12.0",
        "shutter_speed": "200.0",
        "bloom_intensity": "0.675",
        "iso": "100.0",
        "enable_postprocess_effects": "false",
        "gamma": "2.2",
        "motion_blur_intensity": "0.0",
        "motion_blur_max_distortion": "0.35",
        "lens_flare_intensity": "0.1",
        "motion_blur_min_object_screen_size": "0.1",
        "exposure_min_bright": "10.0",
        "exposure_speed_up": "3.0",
        "exposure_speed_down": "1.0",
        "tint": "0.0",
        "calibration_constant": "16.0",
        "focal_distance": "1000.0",
        "min_fstop": "1.2",
        "blade_count": "5",
        "blur_amount": "0.0",
        "blur_radius": "0.0",
        "slope": "0.88",
        "toe": "0.55",
        "white_clip": "0.04",
        "shoulder": "0.26",
        "black_clip": "0.0",
        "temp": "6500.0",
        "chromatic_aberration_intensity": "0.0"
      },
      "transform_carla": {
        "location": {
          "x": 107.32039642333984,
          "y": -39.09687805175781,
          "z": 1.6949326992034912
        },
        "rotation": {
          "roll": 0.08382522314786911,
          "pitch": -0.07487936317920685,
          "yaw": -53.343048095703125
        }
      },
      "matrix_world_from_sensor_carla": [
        [
          0.5970221161842346,
          0.8022224307060242,
          0.0019539175555109978,
          107.32039642333984
        ],
        [
          -0.8022237420082092,
          0.5970234870910645,
          -0.00017495942302048206,
          -39.09687805175781
        ],
        [
          -0.0013068910920992494,
          -0.0014630245277658105,
          0.9999980926513672,
          1.6949326992034912
        ],
        [
          0.0,
          0.0,
          0.0,
          1.0
        ]
      ],
      "matrix_world_from_sensor_bevfusion": [
        [
          0.8022224307060242,
          -0.0019539175555109978,
          0.5970221161842346,
          107.32039642333984
        ],
        [
          -0.5970234870910645,
          -0.00017495942302048206,
          0.8022237420082092,
          39.09687805175781
        ],
        [
          -0.0014630245277658105,
          -0.9999980926513672,
          -0.0013068910920992494,
          1.6949326992034912
        ],
        [
          0.0,
          0.0,
          0.0,
          1.0
        ]
      ],
      "matrix_ego_from_sensor_carla": [
        [
          0.5735766291618347,
          -0.8191518783569336,
          -1.4127408576314338e-08,
          1.300004243850708
        ],
        [
          0.8191519379615784,
          0.5735766291618347,
          -2.022264133927365e-08,
          0.5500030517578125
        ],
        [
          2.4611608751001768e-08,
          -1.1988521286809828e-10,
          1.0,
          1.7000001668930054
        ],
        [
          0.0,
          0.0,
          0.0,
          1.0
        ]
      ],
      "matrix_ego_from_sensor_bevfusion": [
        [
          -0.8191518783569336,
          1.4127408576314338e-08,
          0.5735766291618347,
          1.300004243850708
        ],
        [
          -0.5735766291618347,
          -2.022264133927365e-08,
          -0.8191519379615784,
          -0.5500030517578125
        ],
        [
          -1.1988521286809828e-10,
          -1.0,
          2.4611608751001768e-08,
          1.7000001668930054
        ],
        [
          0.0,
          0.0,
          0.0,
          1.0
        ]
      ],
      "camera_intrinsics": [
        [
          685.5110473632812,
          0.0,
          480.0
        ],
        [
          0.0,
          685.5110473632812,
          270.0
        ],
        [
          0.0,
          0.0,
          1.0
        ]
      ],
      "data_path": "D:\\Agent-AI\\outputs\\s3a_left_v3\\sample_000040\\images\\CAM_FRONT_RIGHT.png",
      "raw_layout": "bgra8"
    },
    "CAM_FRONT_LEFT": {
      "type_id": "sensor.camera.rgb",
      "blueprint_attributes": {
        "role_name": "front",
        "ros_name": "sensor.camera.rgb",
        "chromatic_aberration_offset": "0.0",
        "sensor_tick": "0.100000",
        "fstop": "1.4",
        "image_size_x": "960",
        "image_size_y": "540",
        "fov": "70.00",
        "lens_circle_falloff": "5.0",
        "lens_circle_multiplier": "0.0",
        "exposure_compensation": "0.0",
        "lens_y_size": "0.08",
        "lens_k": "-1.0",
        "exposure_mode": "histogram",
        "lens_kcube": "0.0",
        "lens_x_size": "0.08",
        "exposure_max_bright": "12.0",
        "shutter_speed": "200.0",
        "bloom_intensity": "0.675",
        "iso": "100.0",
        "enable_postprocess_effects": "false",
        "gamma": "2.2",
        "motion_blur_intensity": "0.0",
        "motion_blur_max_distortion": "0.35",
        "lens_flare_intensity": "0.1",
        "motion_blur_min_object_screen_size": "0.1",
        "exposure_min_bright": "10.0",
        "exposure_speed_up": "3.0",
        "exposure_speed_down": "1.0",
        "tint": "0.0",
        "calibration_constant": "16.0",
        "focal_distance": "1000.0",
        "min_fstop": "1.2",
        "blade_count": "5",
        "blur_amount": "0.0",
        "blur_radius": "0.0",
        "slope": "0.88",
        "toe": "0.55",
        "white_clip": "0.04",
        "shoulder": "0.26",
        "black_clip": "0.0",
        "temp": "6500.0",
        "chromatic_aberration_intensity": "0.0"
      },
      "transform_carla": {
        "location": {
          "x": 106.27628326416016,
          "y": -38.750701904296875,
          "z": 1.697033405303955
        },
        "rotation": {
          "roll": 0.04169509559869766,
          "pitch": 0.10437894612550735,
          "yaw": -163.34292602539062
        }
      },
      "matrix_world_from_sensor_carla": [
        [
          -0.9580358862876892,
          0.28664156794548035,
          0.001953904051333666,
          106.27628326416016
        ],
        [
          -0.2866424322128296,
          -0.9580376148223877,
          -0.0001749867806211114,
          -38.750701904296875
        ],
        [
          0.0018217551987618208,
          -0.0007277154363691807,
          0.9999980926513672,
          1.697033405303955
        ],
        [
          0.0,
          0.0,
          0.0,
          1.0
        ]
      ],
      "matrix_world_from_sensor_bevfusion": [
        [
          0.28664156794548035,
          -0.001953904051333666,
          -0.9580358862876892,
          106.27628326416016
        ],
        [
          0.9580376148223877,
          -0.0001749867806211114,
          0.2866424322128296,
          38.750701904296875
        ],
        [
          -0.0007277154363691807,
          -0.9999980926513672,
          0.0018217551987618208,
          1.697033405303955
        ],
        [
          0.0,
          0.0,
          0.0,
          1.0
        ]
      ],
      "matrix_ego_from_sensor_carla": [
        [
          0.5735766887664795,
          0.8191518783569336,
          1.6082367437775247e-08,
          1.3000049591064453
        ],
        [
          -0.8191518187522888,
          0.5735766887664795,
          -2.4413592925043304e-08,
          -0.5500106811523438
        ],
        [
          -2.8969678211865357e-08,
          7.477227725871671e-10,
          1.0,
          1.7000001668930054
        ],
        [
          0.0,
          0.0,
          0.0,
          1.0
        ]
      ],
      "matrix_ego_from_sensor_bevfusion": [
        [
          0.8191518783569336,
          -1.6082367437775247e-08,
          0.5735766887664795,
          1.3000049591064453
        ],
        [
          -0.5735766887664795,
          -2.4413592925043304e-08,
          0.8191518187522888,
          0.5500106811523438
        ],
        [
          7.477227725871671e-10,
          -1.0,
          -2.8969678211865357e-08,
          1.7000001668930054
        ],
        [
          0.0,
          0.0,
          0.0,
          1.0
        ]
      ],
      "camera_intrinsics": [
        [
          685.5110473632812,
          0.0,
          480.0
        ],
        [
          0.0,
          685.5110473632812,
          270.0
        ],
        [
          0.0,
          0.0,
          1.0
        ]
      ],
      "data_path": "D:\\Agent-AI\\outputs\\s3a_left_v3\\sample_000040\\images\\CAM_FRONT_LEFT.png",
      "raw_layout": "bgra8"
    },
    "CAM_BACK": {
      "type_id": "sensor.camera.rgb",
      "blueprint_attributes": {
        "role_name": "front",
        "ros_name": "sensor.camera.rgb",
        "chromatic_aberration_offset": "0.0",
        "sensor_tick": "0.100000",
        "fstop": "1.4",
        "image_size_x": "960",
        "image_size_y": "540",
        "fov": "70.00",
        "lens_circle_falloff": "5.0",
        "lens_circle_multiplier": "0.0",
        "exposure_compensation": "0.0",
        "lens_y_size": "0.08",
        "lens_k": "-1.0",
        "exposure_mode": "histogram",
        "lens_kcube": "0.0",
        "lens_x_size": "0.08",
        "exposure_max_bright": "12.0",
        "shutter_speed": "200.0",
        "bloom_intensity": "0.675",
        "iso": "100.0",
        "enable_postprocess_effects": "false",
        "gamma": "2.2",
        "motion_blur_intensity": "0.0",
        "motion_blur_max_distortion": "0.35",
        "lens_flare_intensity": "0.1",
        "motion_blur_min_object_screen_size": "0.1",
        "exposure_min_bright": "10.0",
        "exposure_speed_up": "3.0",
        "exposure_speed_down": "1.0",
        "tint": "0.0",
        "calibration_constant": "16.0",
        "focal_distance": "1000.0",
        "min_fstop": "1.2",
        "blade_count": "5",
        "blur_amount": "0.0",
        "blur_radius": "0.0",
        "slope": "0.88",
        "toe": "0.55",
        "white_clip": "0.04",
        "shoulder": "0.26",
        "black_clip": "0.0",
        "temp": "6500.0",
        "chromatic_aberration_intensity": "0.0"
      },
      "transform_carla": {
        "location": {
          "x": 107.69525146484375,
          "y": -36.218597412109375,
          "z": 1.6947039365768433
        },
        "rotation": {
          "roll": -0.10941889882087708,
          "pitch": -0.0257156603038311,
          "yaw": 71.65704345703125
        }
      },
      "matrix_world_from_sensor_carla": [
        [
          0.31470414996147156,
          -0.9491877555847168,
          0.0019539317581802607,
          107.69525146484375
        ],
        [
          0.9491896629333496,
          0.31470438838005066,
          -0.00017497915541753173,
          -36.218597412109375
        ],
        [
          -0.0004488229169510305,
          0.0019097186159342527,
          0.9999980330467224,
          1.6947039365768433
        ],
        [
          0.0,
          0.0,
          0.0,
          1.0
        ]
      ],
      "matrix_world_from_sensor_bevfusion": [
        [
          -0.9491877555847168,
          -0.0019539317581802607,
          0.31470414996147156,
          107.69525146484375
        ],
        [
          -0.31470438838005066,
          -0.00017497915541753173,
          -0.9491896629333496,
          36.218597412109375
        ],
        [
          0.0019097186159342527,
          -0.9999980330467224,
          -0.0004488229169510305,
          1.6947039365768433
        ],
        [
          0.0,
          0.0,
          0.0,
          1.0
        ]
      ],
      "matrix_ego_from_sensor_carla": [
        [
          -0.9999999403953552,
          -4.711302281634744e-08,
          1.0671658695615704e-10,
          -1.5499999523162842
        ],
        [
          6.105208427698017e-08,
          -0.9999999403953552,
          -4.346233928309573e-10,
          7.62939453125e-06
        ],
        [
          9.936218514638995e-11,
          -2.664548581776671e-10,
          1.0,
          1.7000001668930054
        ],
        [
          0.0,
          0.0,
          0.0,
          1.0
        ]
      ],
      "matrix_ego_from_sensor_bevfusion": [
        [
          -4.711302281634744e-08,
          -1.0671658695615704e-10,
          -0.9999999403953552,
          -1.5499999523162842
        ],
        [
          0.9999999403953552,
          -4.346233928309573e-10,
          -6.105208427698017e-08,
          -7.62939453125e-06
        ],
        [
          -2.664548581776671e-10,
          -1.0,
          9.936218514638995e-11,
          1.7000001668930054
        ],
        [
          0.0,
          0.0,
          0.0,
          1.0
        ]
      ],
      "camera_intrinsics": [
        [
          685.5110473632812,
          0.0,
          480.0
        ],
        [
          0.0,
          685.5110473632812,
          270.0
        ],
        [
          0.0,
          0.0,
          1.0
        ]
      ],
      "data_path": "D:\\Agent-AI\\outputs\\s3a_left_v3\\sample_000040\\images\\CAM_BACK.png",
      "raw_layout": "bgra8"
    },
    "CAM_BACK_LEFT": {
      "type_id": "sensor.camera.rgb",
      "blueprint_attributes": {
        "role_name": "front",
        "ros_name": "sensor.camera.rgb",
        "chromatic_aberration_offset": "0.0",
        "sensor_tick": "0.100000",
        "fstop": "1.4",
        "image_size_x": "960",
        "image_size_y": "540",
        "fov": "70.00",
        "lens_circle_falloff": "5.0",
        "lens_circle_multiplier": "0.0",
        "exposure_compensation": "0.0",
        "lens_y_size": "0.08",
        "lens_k": "-1.0",
        "exposure_mode": "histogram",
        "lens_kcube": "0.0",
        "lens_x_size": "0.08",
        "exposure_max_bright": "12.0",
        "shutter_speed": "200.0",
        "bloom_intensity": "0.675",
        "iso": "100.0",
        "enable_postprocess_effects": "false",
        "gamma": "2.2",
        "motion_blur_intensity": "0.0",
        "motion_blur_max_distortion": "0.35",
        "lens_flare_intensity": "0.1",
        "motion_blur_min_object_screen_size": "0.1",
        "exposure_min_bright": "10.0",
        "exposure_speed_up": "3.0",
        "exposure_speed_down": "1.0",
        "tint": "0.0",
        "calibration_constant": "16.0",
        "focal_distance": "1000.0",
        "min_fstop": "1.2",
        "blade_count": "5",
        "blur_amount": "0.0",
        "blur_radius": "0.0",
        "slope": "0.88",
        "toe": "0.55",
        "white_clip": "0.04",
        "shoulder": "0.26",
        "black_clip": "0.0",
        "temp": "6500.0",
        "chromatic_aberration_intensity": "0.0"
      },
      "transform_carla": {
        "location": {
          "x": 107.09452056884766,
          "y": -36.28281021118164,
          "z": 1.695866346359253
        },
        "rotation": {
          "roll": -0.08382519334554672,
          "pitch": 0.07487936317920685,
          "yaw": 126.65694427490234
        }
      },
      "matrix_world_from_sensor_carla": [
        [
          -0.5970218777656555,
          -0.8022226095199585,
          0.0019539170898497105,
          107.09452056884766
        ],
        [
          0.8022239208221436,
          -0.5970232486724854,
          -0.00017496035434305668,
          -36.28281021118164
        ],
        [
          0.0013068910920992494,
          0.0014630239456892014,
          0.9999980926513672,
          1.695866346359253
        ],
        [
          0.0,
          0.0,
          0.0,
          1.0
        ]
      ],
      "matrix_world_from_sensor_bevfusion": [
        [
          -0.8022226095199585,
          -0.0019539170898497105,
          -0.5970218777656555,
          107.09452056884766
        ],
        [
          0.5970232486724854,
          -0.00017496035434305668,
          -0.8022239208221436,
          36.28281021118164
        ],
        [
          0.0014630239456892014,
          -0.9999980926513672,
          0.0013068910920992494,
          1.695866346359253
        ],
        [
          0.0,
          0.0,
          0.0,
          1.0
        ]
      ],
      "matrix_ego_from_sensor_carla": [
        [
          -0.5735768675804138,
          0.819151759147644,
          -1.3079670679871924e-08,
          -1.2999966144561768
        ],
        [
          -0.8191518187522888,
          -0.5735769271850586,
          -2.0339056661100585e-08,
          -0.5499954223632812
        ],
        [
          -2.414594746369403e-08,
          -9.278515733512904e-10,
          1.0,
          1.7000000476837158
        ],
        [
          0.0,
          0.0,
          0.0,
          1.0
        ]
      ],
      "matrix_ego_from_sensor_bevfusion": [
        [
          0.819151759147644,
          1.3079670679871924e-08,
          -0.5735768675804138,
          -1.2999966144561768
        ],
        [
          0.5735769271850586,
          -2.0339056661100585e-08,
          0.8191518187522888,
          0.5499954223632812
        ],
        [
          -9.278515733512904e-10,
          -1.0,
          -2.414594746369403e-08,
          1.7000000476837158
        ],
        [
          0.0,
          0.0,
          0.0,
          1.0
        ]
      ],
      "camera_intrinsics": [
        [
          685.5110473632812,
          0.0,
          480.0
        ],
        [
          0.0,
          685.5110473632812,
          270.0
        ],
        [
          0.0,
          0.0,
          1.0
        ]
      ],
      "data_path": "D:\\Agent-AI\\outputs\\s3a_left_v3\\sample_000040\\images\\CAM_BACK_LEFT.png",
      "raw_layout": "bgra8"
    },
    "CAM_BACK_RIGHT": {
      "type_id": "sensor.camera.rgb",
      "blueprint_attributes": {
        "role_name": "front",
        "ros_name": "sensor.camera.rgb",
        "chromatic_aberration_offset": "0.0",
        "sensor_tick": "0.100000",
        "fstop": "1.4",
        "image_size_x": "960",
        "image_size_y": "540",
        "fov": "70.00",
        "lens_circle_falloff": "5.0",
        "lens_circle_multiplier": "0.0",
        "exposure_compensation": "0.0",
        "lens_y_size": "0.08",
        "lens_k": "-1.0",
        "exposure_mode": "histogram",
        "lens_kcube": "0.0",
        "lens_x_size": "0.08",
        "exposure_max_bright": "12.0",
        "shutter_speed": "200.0",
        "bloom_intensity": "0.675",
        "iso": "100.0",
        "enable_postprocess_effects": "false",
        "gamma": "2.2",
        "motion_blur_intensity": "0.0",
        "motion_blur_max_distortion": "0.35",
        "lens_flare_intensity": "0.1",
        "motion_blur_min_object_screen_size": "0.1",
        "exposure_min_bright": "10.0",
        "exposure_speed_up": "3.0",
        "exposure_speed_down": "1.0",
        "tint": "0.0",
        "calibration_constant": "16.0",
        "focal_distance": "1000.0",
        "min_fstop": "1.2",
        "blade_count": "5",
        "blur_amount": "0.0",
        "blur_radius": "0.0",
        "slope": "0.88",
        "toe": "0.55",
        "white_clip": "0.04",
        "shoulder": "0.26",
        "black_clip": "0.0",
        "temp": "6500.0",
        "chromatic_aberration_intensity": "0.0"
      },
      "transform_carla": {
        "location": {
          "x": 108.13863372802734,
          "y": -36.62898254394531,
          "z": 1.693765640258789
        },
        "rotation": {
          "roll": -0.041695088148117065,
          "pitch": -0.10437894612550735,
          "yaw": 16.65706443786621
        }
      },
      "matrix_world_from_sensor_carla": [
        [
          0.958035945892334,
          -0.28664132952690125,
          0.001953904051333666,
          108.13863372802734
        ],
        [
          0.2866421937942505,
          0.9580376744270325,
          -0.00017498701345175505,
          -36.62898254394531
        ],
        [
          -0.0018217551987618208,
          0.0007277152617461979,
          0.9999980926513672,
          1.693765640258789
        ],
        [
          0.0,
          0.0,
          0.0,
          1.0
        ]
      ],
      "matrix_world_from_sensor_bevfusion": [
        [
          -0.28664132952690125,
          -0.001953904051333666,
          0.958035945892334,
          108.13863372802734
        ],
        [
          -0.9580376744270325,
          -0.00017498701345175505,
          -0.2866421937942505,
          36.62898254394531
        ],
        [
          0.0007277152617461979,
          -0.9999980926513672,
          -0.0018217551987618208,
          1.693765640258789
        ],
        [
          0.0,
          0.0,
          0.0,
          1.0
        ]
      ],
      "matrix_ego_from_sensor_carla": [
        [
          -0.5735764503479004,
          -0.8191519975662231,
          1.6315198081429116e-08,
          -1.3000009059906006
        ],
        [
          0.8191519379615784,
          -0.5735765099525452,
          -2.429717760321637e-08,
          0.5500030517578125
        ],
        [
          2.9202508855519227e-08,
          -4.566841349529227e-10,
          1.0,
          1.7000000476837158
        ],
        [
          0.0,
          0.0,
          0.0,
          1.0
        ]
      ],
      "matrix_ego_from_sensor_bevfusion": [
        [
          -0.8191519975662231,
          -1.6315198081429116e-08,
          -0.5735764503479004,
          -1.3000009059906006
        ],
        [
          0.5735765099525452,
          -2.429717760321637e-08,
          -0.8191519379615784,
          -0.5500030517578125
        ],
        [
          -4.566841349529227e-10,
          -1.0,
          2.9202508855519227e-08,
          1.7000000476837158
        ],
        [
          0.0,
          0.0,
          0.0,
          1.0
        ]
      ],
      "camera_intrinsics": [
        [
          685.5110473632812,
          0.0,
          480.0
        ],
        [
          0.0,
          685.5110473632812,
          270.0
        ],
        [
          0.0,
          0.0,
          1.0
        ]
      ],
      "data_path": "D:\\Agent-AI\\outputs\\s3a_left_v3\\sample_000040\\images\\CAM_BACK_RIGHT.png",
      "raw_layout": "bgra8"
    },
    "LIDAR_TOP": {
      "type_id": "sensor.lidar.ray_cast",
      "blueprint_attributes": {
        "atmosphere_attenuation_rate": "0.004",
        "role_name": "front",
        "noise_seed": "0",
        "upper_fov": "10.0",
        "ros_name": "sensor.lidar.ray_cast",
        "sensor_tick": "0.100000",
        "channels": "32",
        "range": "120.0",
        "points_per_second": "360000",
        "lower_fov": "-30.0",
        "rotation_frequency": "10.000000",
        "horizontal_fov": "360.0",
        "dropoff_general_rate": "0.0",
        "dropoff_intensity_limit": "1.0",
        "noise_stddev": "0.0",
        "dropoff_zero_intensity": "0.0"
      },
      "transform_carla": {
        "location": {
          "x": 107.20843505859375,
          "y": -37.6899299621582,
          "z": 2.1953985691070557
        },
        "rotation": {
          "roll": 0.10941891372203827,
          "pitch": 0.0257156603038311,
          "yaw": -108.34295654296875
        }
      },
      "matrix_world_from_sensor_carla": [
        [
          -0.31470412015914917,
          0.9491878151893616,
          0.001953932223841548,
          107.20843505859375
        ],
        [
          -0.9491897225379944,
          -0.31470435857772827,
          -0.00017497918452136219,
          -37.6899299621582
        ],
        [
          0.0004488229169510305,
          -0.0019097188487648964,
          0.9999980330467224,
          2.1953985691070557
        ],
        [
          0.0,
          0.0,
          0.0,
          1.0
        ]
      ],
      "matrix_world_from_sensor_bevfusion": [
        [
          -0.31470412015914917,
          -0.9491878151893616,
          0.001953932223841548,
          107.20843505859375
        ],
        [
          0.9491897225379944,
          -0.31470435857772827,
          0.00017497918452136219,
          37.6899299621582
        ],
        [
          0.0004488229169510305,
          0.0019097188487648964,
          0.9999980330467224,
          2.1953985691070557
        ],
        [
          0.0,
          0.0,
          0.0,
          1.0
        ]
      ],
      "matrix_ego_from_sensor_carla": [
        [
          1.0,
          -1.0977474040885227e-08,
          -9.698736605501246e-12,
          7.152557373046875e-07
        ],
        [
          -1.2491885748033837e-08,
          1.0,
          3.1037908354569765e-11,
          -7.62939453125e-06
        ],
        [
          -1.2050693776188837e-11,
          1.5003998043994216e-10,
          1.0,
          2.200000047683716
        ],
        [
          0.0,
          0.0,
          0.0,
          1.0
        ]
      ],
      "matrix_ego_from_sensor_bevfusion": [
        [
          1.0,
          1.0977474040885227e-08,
          -9.698736605501246e-12,
          7.152557373046875e-07
        ],
        [
          1.2491885748033837e-08,
          1.0,
          -3.1037908354569765e-11,
          7.62939453125e-06
        ],
        [
          -1.2050693776188837e-11,
          -1.5003998043994216e-10,
          1.0,
          2.200000047683716
        ],
        [
          0.0,
          0.0,
          0.0,
          1.0
        ]
      ],
      "data_path": "D:\\Agent-AI\\outputs\\s3a_left_v3\\sample_000040\\lidar\\LIDAR_TOP.npy",
      "raw_layout": [
        "x",
        "y",
        "z",
        "intensity"
      ]
    },
    "RADAR_FRONT": {
      "type_id": "sensor.other.radar",
      "blueprint_attributes": {
        "sensor_tick": "0.100000",
        "role_name": "default",
        "noise_seed": "0",
        "ros_name": "sensor.other.radar",
        "horizontal_fov": "35.0",
        "points_per_second": "1500",
        "vertical_fov": "20.0",
        "range": "120.0"
      },
      "transform_carla": {
        "location": {
          "x": 106.57649230957031,
          "y": -39.58808135986328,
          "z": 0.8962986469268799
        },
        "rotation": {
          "roll": 0.10941891372203827,
          "pitch": 0.0257156603038311,
          "yaw": -108.34295654296875
        }
      },
      "matrix_world_from_sensor_carla": [
        [
          -0.31470412015914917,
          0.9491878151893616,
          0.001953932223841548,
          106.57649230957031
        ],
        [
          -0.9491897225379944,
          -0.31470435857772827,
          -0.00017497918452136219,
          -39.58808135986328
        ],
        [
          0.0004488229169510305,
          -0.0019097188487648964,
          0.9999980330467224,
          0.8962986469268799
        ],
        [
          0.0,
          0.0,
          0.0,
          1.0
        ]
      ],
      "matrix_world_from_sensor_bevfusion": [
        [
          -0.31470412015914917,
          -0.9491878151893616,
          0.001953932223841548,
          106.57649230957031
        ],
        [
          0.9491897225379944,
          -0.31470435857772827,
          0.00017497918452136219,
          39.58808135986328
        ],
        [
          0.0004488229169510305,
          0.0019097188487648964,
          0.9999980330467224,
          0.8962986469268799
        ],
        [
          0.0,
          0.0,
          0.0,
          1.0
        ]
      ],
      "matrix_ego_from_sensor_carla": [
        [
          1.0,
          -1.0977474040885227e-08,
          -9.698736605501246e-12,
          1.9999990463256836
        ],
        [
          -1.2491885748033837e-08,
          1.0,
          3.1037908354569765e-11,
          7.62939453125e-06
        ],
        [
          -1.2050693776188837e-11,
          1.5003998043994216e-10,
          1.0,
          0.8999999761581421
        ],
        [
          0.0,
          0.0,
          0.0,
          1.0
        ]
      ],
      "matrix_ego_from_sensor_bevfusion": [
        [
          1.0,
          1.0977474040885227e-08,
          -9.698736605501246e-12,
          1.9999990463256836
        ],
        [
          1.2491885748033837e-08,
          1.0,
          -3.1037908354569765e-11,
          -7.62939453125e-06
        ],
        [
          -1.2050693776188837e-11,
          -1.5003998043994216e-10,
          1.0,
          0.8999999761581421
        ],
        [
          0.0,
          0.0,
          0.0,
          1.0
        ]
      ],
      "data_path": "D:\\Agent-AI\\outputs\\s3a_left_v3\\sample_000040\\radar\\RADAR_FRONT.npy",
      "raw_layout": [
        "velocity",
        "altitude",
        "azimuth",
        "depth"
      ]
    },
    "RADAR_FRONT_LEFT": {
      "type_id": "sensor.other.radar",
      "blueprint_attributes": {
        "sensor_tick": "0.100000",
        "role_name": "default",
        "noise_seed": "0",
        "ros_name": "sensor.other.radar",
        "horizontal_fov": "35.0",
        "points_per_second": "1500",
        "vertical_fov": "20.0",
        "range": "120.0"
      },
      "transform_carla": {
        "location": {
          "x": 105.97474670410156,
          "y": -39.01983642578125,
          "z": 0.8975738286972046
        },
        "rotation": {
          "roll": 0.059187162667512894,
          "pitch": 0.09555434435606003,
          "yaw": -153.3429412841797
        }
      },
      "matrix_world_from_sensor_carla": [
        [
          -0.8937066197395325,
          0.4486475884914398,
          0.0019539284985512495,
          105.97474670410156
        ],
        [
          -0.44864875078201294,
          -0.8937081694602966,
          -0.00017498095985502005,
          -39.01983642578125
        ],
        [
          0.001667737145908177,
          -0.0010330092627555132,
          0.9999980926513672,
          0.8975738286972046
        ],
        [
          0.0,
          0.0,
          0.0,
          1.0
        ]
      ],
      "matrix_world_from_sensor_bevfusion": [
        [
          -0.8937066197395325,
          -0.4486475884914398,
          0.0019539284985512495,
          105.97474670410156
        ],
        [
          0.44864875078201294,
          -0.8937081694602966,
          0.00017498095985502005,
          39.01983642578125
        ],
        [
          0.001667737145908177,
          0.0010330092627555132,
          0.9999980926513672,
          0.8975738286972046
        ],
        [
          0.0,
          0.0,
          0.0,
          1.0
        ]
      ],
      "matrix_ego_from_sensor_carla": [
        [
          0.7071067094802856,
          0.70710688829422,
          2.8692286324627503e-09,
          1.6500000953674316
        ],
        [
          -0.70710688829422,
          0.7071067094802856,
          -3.109588586625023e-09,
          -0.75
        ],
        [
          -3.995863195882521e-09,
          -8.751666058515184e-12,
          1.0,
          0.8999999761581421
        ],
        [
          0.0,
          0.0,
          0.0,
          1.0
        ]
      ],
      "matrix_ego_from_sensor_bevfusion": [
        [
          0.7071067094802856,
          -0.70710688829422,
          2.8692286324627503e-09,
          1.6500000953674316
        ],
        [
          0.70710688829422,
          0.7071067094802856,
          3.109588586625023e-09,
          0.75
        ],
        [
          -3.995863195882521e-09,
          8.751666058515184e-12,
          1.0,
          0.8999999761581421
        ],
        [
          0.0,
          0.0,
          0.0,
          1.0
        ]
      ],
      "data_path": "D:\\Agent-AI\\outputs\\s3a_left_v3\\sample_000040\\radar\\RADAR_FRONT_LEFT.npy",
      "raw_layout": [
        "velocity",
        "altitude",
        "azimuth",
        "depth"
      ]
    },
    "RADAR_FRONT_RIGHT": {
      "type_id": "sensor.other.radar",
      "blueprint_attributes": {
        "sensor_tick": "0.100000",
