{
  "schema_version": "stage1.v1",
  "sample_name": "sample_000045",
  "sequence_index": 45,
  "previous_sample_name": "sample_000044",
  "frame_id": 726318,
  "timestamp": 5001.694624785334,
  "platform_timestamp": 16813386.7351118,
  "delta_seconds": 0.10000000149011612,
  "town": "Carla/Maps/Town10HD_Opt",
  "weather": {
    "cloudiness": 20.0,
    "dust_storm": 0.0,
    "fog_density": 2.0,
    "fog_distance": 0.75,
    "fog_falloff": 0.10000000149011612,
    "mie_scattering_scale": 0.029999999329447746,
    "precipitation": 0.0,
    "precipitation_deposits": 0.0,
    "rayleigh_scattering_scale": 0.03310000151395798,
    "scattering_intensity": 1.0,
    "sun_altitude_angle": 45.0,
    "sun_azimuth_angle": 300.0,
    "wetness": 0.0,
    "wind_intensity": 10.0
  },
  "sensor_names": [
    "CAM_FRONT",
    "CAM_FRONT_RIGHT",
    "CAM_FRONT_LEFT",
    "CAM_BACK",
    "CAM_BACK_LEFT",
    "CAM_BACK_RIGHT",
    "LIDAR_TOP",
    "RADAR_FRONT",
    "RADAR_FRONT_LEFT",
    "RADAR_FRONT_RIGHT",
    "RADAR_BACK_LEFT",
    "RADAR_BACK_RIGHT"
  ],
  "camera_order_for_model": [
    "CAM_FRONT",
    "CAM_FRONT_RIGHT",
    "CAM_FRONT_LEFT",
    "CAM_BACK",
    "CAM_BACK_LEFT",
    "CAM_BACK_RIGHT"
  ],
  "radar_order_for_model": [
    "RADAR_FRONT",
    "RADAR_FRONT_LEFT",
    "RADAR_FRONT_RIGHT",
    "RADAR_BACK_LEFT",
    "RADAR_BACK_RIGHT"
  ],
  "coordinate_notes": {
    "carla_world": "left-handed x-forward y-right z-up",
    "bevfusion_lidar": "x-forward y-left z-up",
    "camera_frame_for_model": "OpenCV style x-right y-down z-forward"
  },
  "ego": {
    "actor_id": 49,
    "transform_carla": {
      "location": {
        "x": 103.61921691894531,
        "y": -37.35497283935547,
        "z": -0.0038407514803111553
      },
      "rotation": {
        "roll": -0.009460444562137127,
        "pitch": -0.1781039983034134,
        "yaw": -109.16010284423828
      }
    },
    "velocity_carla": [
      0.0011531312484294176,
      0.0024049740750342607,
      6.465911428676918e-05
    ],
    "angular_velocity_carla": [
      -0.7651863694190979,
      0.3072971701622009,
      -0.0005035559297539294
    ],
    "matrix_world_from_ego_carla": [
      [
        -0.328207403421402,
        0.9446049332618713,
        -0.0011762055801227689,
        103.61921691894531
      ],
      [
        -0.944600522518158,
        -0.32820945978164673,
        -0.0028821087907999754,
        -37.35497283935547
      ],
      [
        -0.003108496079221368,
        0.0001651151105761528,
        0.9999951720237732,
        -0.0038407514803111553
      ],
      [
        0.0,
        0.0,
        0.0,
        1.0
      ]
    ],
    "matrix_world_from_ego_bevfusion": [
      [
        -0.328207403421402,
        -0.9446049332618713,
        -0.0011762055801227689,
        103.61921691894531
      ],
      [
        0.944600522518158,
        -0.32820945978164673,
        0.0028821087907999754,
        37.35497283935547
      ],
      [
        -0.003108496079221368,
        -0.0001651151105761528,
        0.9999951720237732,
        -0.0038407514803111553
      ],
      [
        0.0,
        0.0,
        0.0,
        1.0
      ]
    ]
  },
  "sensors": {
    "CAM_FRONT": {
      "type_id": "sensor.camera.rgb",
      "blueprint_attributes": {
        "role_name": "front",
        "ros_name": "sensor.camera.rgb",
        "chromatic_aberration_offset": "0.0",
        "sensor_tick": "0.100000",
        "fstop": "1.4",
        "image_size_x": "960",
        "image_size_y": "540",
        "fov": "70.00",
        "lens_circle_falloff": "5.0",
        "lens_circle_multiplier": "0.0",
        "exposure_compensation": "0.0",
        "lens_y_size": "0.08",
        "lens_k": "-1.0",
        "exposure_mode": "histogram",
        "lens_kcube": "0.0",
        "lens_x_size": "0.08",
        "exposure_max_bright": "12.0",
        "shutter_speed": "200.0",
        "bloom_intensity": "0.675",
        "iso": "100.0",
        "enable_postprocess_effects": "false",
        "gamma": "2.2",
        "motion_blur_intensity": "0.0",
        "motion_blur_max_distortion": "0.35",
        "lens_flare_intensity": "0.1",
        "motion_blur_min_object_screen_size": "0.1",
        "exposure_min_bright": "10.0",
        "exposure_speed_up": "3.0",
        "exposure_speed_down": "1.0",
        "tint": "0.0",
        "calibration_constant": "16.0",
        "focal_distance": "1000.0",
        "min_fstop": "1.2",
        "blade_count": "5",
        "blur_amount": "0.0",
        "blur_radius": "0.0",
        "slope": "0.88",
        "toe": "0.55",
        "white_clip": "0.04",
        "shoulder": "0.26",
        "black_clip": "0.0",
        "temp": "6500.0",
        "chromatic_aberration_intensity": "0.0"
      },
      "transform_carla": {
        "location": {
          "x": 103.10848999023438,
          "y": -38.82400131225586,
          "z": 1.6913328170776367
        },
        "rotation": {
          "roll": -0.009460444562137127,
          "pitch": -0.1781039983034134,
          "yaw": -109.16010284423828
        }
      },
      "matrix_world_from_sensor_carla": [
        [
          -0.328207403421402,
          0.9446049332618713,
          -0.0011762055801227689,
          103.10848999023438
        ],
        [
          -0.944600522518158,
          -0.32820945978164673,
          -0.0028821087907999754,
          -38.82400131225586
        ],
        [
          -0.003108496079221368,
          0.0001651151105761528,
          0.9999951720237732,
          1.6913328170776367
        ],
        [
          0.0,
          0.0,
          0.0,
          1.0
        ]
      ],
      "matrix_world_from_sensor_bevfusion": [
        [
          0.9446049332618713,
          0.0011762055801227689,
          -0.328207403421402,
          103.10848999023438
        ],
        [
          0.32820945978164673,
          -0.0028821087907999754,
          0.944600522518158,
          38.82400131225586
        ],
        [
          0.0001651151105761528,
          -0.9999951720237732,
          -0.003108496079221368,
          1.6913328170776367
        ],
        [
          0.0,
          0.0,
          0.0,
          1.0
        ]
      ],
      "matrix_ego_from_sensor_carla": [
        [
          1.0,
          3.523622993384379e-08,
          1.0658397775475947e-10,
          1.5500030517578125
        ],
        [
          -5.539943170873585e-09,
          1.0,
          -4.0471535844854856e-11,
          7.62939453125e-06
        ],
        [
          5.903413868857399e-11,
          7.893796727387326e-12,
          1.0,
          1.6999998092651367
        ],
        [
          0.0,
          0.0,
          0.0,
          1.0
        ]
      ],
      "matrix_ego_from_sensor_bevfusion": [
        [
          3.523622993384379e-08,
          -1.0658397775475947e-10,
          1.0,
          1.5500030517578125
        ],
        [
          -1.0,
          -4.0471535844854856e-11,
          5.539943170873585e-09,
          -7.62939453125e-06
        ],
        [
          7.893796727387326e-12,
          -1.0,
          5.903413868857399e-11,
          1.6999998092651367
        ],
        [
          0.0,
          0.0,
          0.0,
          1.0
        ]
      ],
      "camera_intrinsics": [
        [
          685.5110473632812,
          0.0,
          480.0
        ],
        [
          0.0,
          685.5110473632812,
          270.0
        ],
        [
          0.0,
          0.0,
          1.0
        ]
      ],
      "data_path": "D:\\Agent-AI\\outputs\\s3a_ml_long_v1\\sample_000045\\images\\CAM_FRONT.png",
      "raw_layout": "bgra8"
    },
    "CAM_FRONT_RIGHT": {
      "type_id": "sensor.camera.rgb",
      "blueprint_attributes": {
        "role_name": "front",
        "ros_name": "sensor.camera.rgb",
        "chromatic_aberration_offset": "0.0",
        "sensor_tick": "0.100000",
        "fstop": "1.4",
        "image_size_x": "960",
        "image_size_y": "540",
        "fov": "70.00",
        "lens_circle_falloff": "5.0",
        "lens_circle_multiplier": "0.0",
        "exposure_compensation": "0.0",
        "lens_y_size": "0.08",
        "lens_k": "-1.0",
        "exposure_mode": "histogram",
        "lens_kcube": "0.0",
        "lens_x_size": "0.08",
        "exposure_max_bright": "12.0",
        "shutter_speed": "200.0",
        "bloom_intensity": "0.675",
        "iso": "100.0",
        "enable_postprocess_effects": "false",
        "gamma": "2.2",
        "motion_blur_intensity": "0.0",
        "motion_blur_max_distortion": "0.35",
        "lens_flare_intensity": "0.1",
        "motion_blur_min_object_screen_size": "0.1",
        "exposure_min_bright": "10.0",
        "exposure_speed_up": "3.0",
        "exposure_speed_down": "1.0",
        "tint": "0.0",
        "calibration_constant": "16.0",
        "focal_distance": "1000.0",
        "min_fstop": "1.2",
        "blade_count": "5",
        "blur_amount": "0.0",
        "blur_radius": "0.0",
        "slope": "0.88",
        "toe": "0.55",
        "white_clip": "0.04",
        "shoulder": "0.26",
        "black_clip": "0.0",
        "temp": "6500.0",
        "chromatic_aberration_intensity": "0.0"
      },
      "transform_carla": {
        "location": {
          "x": 103.71007537841797,
          "y": -38.768367767333984,
          "z": 1.6922008991241455
        },
        "rotation": {
          "roll": -0.15131783485412598,
          "pitch": -0.09440004080533981,
          "yaw": -54.159996032714844
        }
      },
      "matrix_world_from_sensor_carla": [
        [
          0.5855230689048767,
          0.810654878616333,
          -0.0011762331705540419,
          103.71007537841797
        ],
        [
          -0.8106540441513062,
          0.5855182409286499,
          -0.0028819867875427008,
          -38.768367767333984
        ],
        [
          -0.0016475907759740949,
          0.0026409877464175224,
          0.9999951124191284,
          1.6922008991241455
        ],
        [
          0.0,
          0.0,
          0.0,
          1.0
        ]
      ],
      "matrix_world_from_sensor_bevfusion": [
        [
          0.810654878616333,
          0.0011762331705540419,
          0.5855230689048767,
          103.71007537841797
        ],
        [
          -0.5855182409286499,
          -0.0028819867875427008,
          0.8106540441513062,
          38.768367767333984
        ],
        [
          0.0026409877464175224,
          -0.9999951124191284,
          -0.0016475907759740949,
          1.6922008991241455
        ],
        [
          0.0,
          0.0,
          0.0,
          1.0
        ]
      ],
      "matrix_ego_from_sensor_carla": [
        [
          0.5735764503479004,
          -0.8191520571708679,
          -1.0587891097202373e-07,
          1.300004005432129
        ],
        [
          0.8191520571708679,
          0.5735763907432556,
          -6.617421632881815e-08,
          0.5500030517578125
        ],
        [
          1.1480558015364295e-07,
          -4.922962304476641e-08,
          0.9999999403953552,
          1.7000000476837158
        ],
        [
          0.0,
          0.0,
          0.0,
          1.0
        ]
      ],
      "matrix_ego_from_sensor_bevfusion": [
        [
          -0.8191520571708679,
          1.0587891097202373e-07,
          0.5735764503479004,
          1.300004005432129
        ],
        [
          -0.5735763907432556,
          -6.617421632881815e-08,
          -0.8191520571708679,
          -0.5500030517578125
        ],
        [
          -4.922962304476641e-08,
          -0.9999999403953552,
          1.1480558015364295e-07,
          1.7000000476837158
        ],
        [
          0.0,
          0.0,
          0.0,
          1.0
        ]
      ],
      "camera_intrinsics": [
        [
          685.5110473632812,
          0.0,
          480.0
        ],
        [
          0.0,
          685.5110473632812,
          270.0
        ],
        [
          0.0,
          0.0,
          1.0
        ]
      ],
      "data_path": "D:\\Agent-AI\\outputs\\s3a_ml_long_v1\\sample_000045\\images\\CAM_FRONT_RIGHT.png",
      "raw_layout": "bgra8"
    },
    "CAM_FRONT_LEFT": {
      "type_id": "sensor.camera.rgb",
      "blueprint_attributes": {
        "role_name": "front",
        "ros_name": "sensor.camera.rgb",
        "chromatic_aberration_offset": "0.0",
        "sensor_tick": "0.100000",
        "fstop": "1.4",
        "image_size_x": "960",
        "image_size_y": "540",
        "fov": "70.00",
        "lens_circle_falloff": "5.0",
        "lens_circle_multiplier": "0.0",
        "exposure_compensation": "0.0",
        "lens_y_size": "0.08",
        "lens_k": "-1.0",
        "exposure_mode": "histogram",
        "lens_kcube": "0.0",
        "lens_x_size": "0.08",
        "exposure_max_bright": "12.0",
        "shutter_speed": "200.0",
        "bloom_intensity": "0.675",
        "iso": "100.0",
        "enable_postprocess_effects": "false",
        "gamma": "2.2",
        "motion_blur_intensity": "0.0",
        "motion_blur_max_distortion": "0.35",
        "lens_flare_intensity": "0.1",
        "motion_blur_min_object_screen_size": "0.1",
        "exposure_min_bright": "10.0",
        "exposure_speed_up": "3.0",
        "exposure_speed_down": "1.0",
        "tint": "0.0",
        "calibration_constant": "16.0",
        "focal_distance": "1000.0",
        "min_fstop": "1.2",
        "blade_count": "5",
        "blur_amount": "0.0",
        "blur_radius": "0.0",
        "slope": "0.88",
        "toe": "0.55",
        "white_clip": "0.04",
        "shoulder": "0.26",
        "black_clip": "0.0",
        "temp": "6500.0",
        "chromatic_aberration_intensity": "0.0"
      },
      "transform_carla": {
        "location": {
          "x": 102.67101287841797,
          "y": -38.4073371887207,
          "z": 1.6920191049575806
        },
        "rotation": {
          "roll": 0.14046533405780792,
          "pitch": -0.10990456491708755,
          "yaw": -164.1602325439453
        }
      },
      "matrix_world_from_sensor_carla": [
        [
          -0.9620270133018494,
          0.2729516923427582,
          -0.0011761999921873212,
          102.67101287841797
        ],
        [
          -0.2729474604129791,
          -0.9620246291160583,
          -0.002882056636735797,
          -38.4073371887207
        ],
        [
          -0.001918195397593081,
          -0.00245157559402287,
          0.9999951720237732,
          1.6920191049575806
        ],
        [
          0.0,
          0.0,
          0.0,
          1.0
        ]
      ],
      "matrix_world_from_sensor_bevfusion": [
        [
          0.2729516923427582,
          0.0011761999921873212,
          -0.9620270133018494,
          102.67101287841797
        ],
        [
          0.9620246291160583,
          -0.002882056636735797,
          0.2729474604129791,
          38.4073371887207
        ],
        [
          -0.00245157559402287,
          -0.9999951720237732,
          -0.001918195397593081,
          1.6920191049575806
        ],
        [
          0.0,
          0.0,
          0.0,
          1.0
        ]
      ],
      "matrix_ego_from_sensor_carla": [
        [
          0.5735766887664795,
          0.8191519379615784,
          -5.0883325997119755e-08,
          1.3000011444091797
        ],
        [
          -0.8191518783569336,
          0.5735767483711243,
          -1.1929386367626194e-08,
          -0.5499954223632812
        ],
        [
          1.9969128572938644e-08,
          4.876951464893864e-08,
          1.0,
          1.6999998092651367
        ],
        [
          0.0,
          0.0,
          0.0,
          1.0
        ]
      ],
      "matrix_ego_from_sensor_bevfusion": [
        [
          0.8191519379615784,
          5.0883325997119755e-08,
          0.5735766887664795,
          1.3000011444091797
        ],
        [
          -0.5735767483711243,
          -1.1929386367626194e-08,
          0.8191518783569336,
          0.5499954223632812
        ],
        [
          4.876951464893864e-08,
          -1.0,
          1.9969128572938644e-08,
          1.6999998092651367
        ],
        [
          0.0,
          0.0,
          0.0,
          1.0
        ]
      ],
      "camera_intrinsics": [
        [
          685.5110473632812,
          0.0,
          480.0
        ],
        [
          0.0,
          685.5110473632812,
          270.0
        ],
        [
          0.0,
          0.0,
          1.0
        ]
      ],
      "data_path": "D:\\Agent-AI\\outputs\\s3a_ml_long_v1\\sample_000045\\images\\CAM_FRONT_LEFT.png",
      "raw_layout": "bgra8"
    },
    "CAM_BACK": {
      "type_id": "sensor.camera.rgb",
      "blueprint_attributes": {
        "role_name": "front",
        "ros_name": "sensor.camera.rgb",
        "chromatic_aberration_offset": "0.0",
        "sensor_tick": "0.100000",
        "fstop": "1.4",
        "image_size_x": "960",
        "image_size_y": "540",
        "fov": "70.00",
        "lens_circle_falloff": "5.0",
        "lens_circle_multiplier": "0.0",
        "exposure_compensation": "0.0",
        "lens_y_size": "0.08",
        "lens_k": "-1.0",
        "exposure_mode": "histogram",
        "lens_kcube": "0.0",
        "lens_x_size": "0.08",
        "exposure_max_bright": "12.0",
        "shutter_speed": "200.0",
        "bloom_intensity": "0.675",
        "iso": "100.0",
        "enable_postprocess_effects": "false",
        "gamma": "2.2",
        "motion_blur_intensity": "0.0",
        "motion_blur_max_distortion": "0.35",
        "lens_flare_intensity": "0.1",
        "motion_blur_min_object_screen_size": "0.1",
        "exposure_min_bright": "10.0",
        "exposure_speed_up": "3.0",
        "exposure_speed_down": "1.0",
        "tint": "0.0",
        "calibration_constant": "16.0",
        "focal_distance": "1000.0",
        "min_fstop": "1.2",
        "blade_count": "5",
        "blur_amount": "0.0",
        "blur_radius": "0.0",
        "slope": "0.88",
        "toe": "0.55",
        "white_clip": "0.04",
        "shoulder": "0.26",
        "black_clip": "0.0",
        "temp": "6500.0",
        "chromatic_aberration_intensity": "0.0"
      },
      "transform_carla": {
        "location": {
          "x": 104.12593841552734,
          "y": -35.8957405090332,
          "z": 1.7009690999984741
        },
        "rotation": {
          "roll": 0.009460491128265858,
          "pitch": 0.1781039983034134,
          "yaw": 70.83989715576172
        }
      },
      "matrix_world_from_sensor_carla": [
        [
          0.32820743322372437,
          -0.9446049332618713,
          -0.0011762065114453435,
          104.12593841552734
        ],
        [
          0.944600522518158,
          0.3282094895839691,
          -0.0028821085579693317,
          -35.8957405090332
        ],
        [
          0.003108496079221368,
          -0.00016511591093149036,
          0.9999951720237732,
          1.7009690999984741
        ],
        [
          0.0,
          0.0,
          0.0,
          1.0
        ]
      ],
      "matrix_world_from_sensor_bevfusion": [
        [
          -0.9446049332618713,
          0.0011762065114453435,
          0.32820743322372437,
          104.12593841552734
        ],
        [
          -0.3282094895839691,
          -0.0028821085579693317,
          -0.944600522518158,
          35.8957405090332
        ],
        [
          -0.00016511591093149036,
          -0.9999951720237732,
          0.003108496079221368,
          1.7009690999984741
        ],
        [
          0.0,
          0.0,
          0.0,
          1.0
        ]
      ],
      "matrix_ego_from_sensor_carla": [
        [
          -1.0,
          -6.338504476843809e-08,
          1.0658397775475947e-10,
          -1.5499986410140991
        ],
        [
          3.534226422630127e-08,
          -1.0,
          -9.42690259186918e-10,
          7.62939453125e-06
        ],
        [
          -5.903413868857399e-11,
          -8.955567398771791e-10,
          1.0,
          1.6999998092651367
        ],
        [
          0.0,
          0.0,
          0.0,
          1.0
        ]
      ],
      "matrix_ego_from_sensor_bevfusion": [
        [
          -6.338504476843809e-08,
          -1.0658397775475947e-10,
          -1.0,
          -1.5499986410140991
        ],
        [
          1.0,
          -9.42690259186918e-10,
          -3.534226422630127e-08,
          -7.62939453125e-06
        ],
        [
          -8.955567398771791e-10,
          -1.0,
          -5.903413868857399e-11,
          1.6999998092651367
        ],
        [
          0.0,
          0.0,
          0.0,
          1.0
        ]
      ],
      "camera_intrinsics": [
        [
          685.5110473632812,
          0.0,
          480.0
        ],
        [
          0.0,
          685.5110473632812,
          270.0
        ],
        [
          0.0,
          0.0,
          1.0
        ]
      ],
      "data_path": "D:\\Agent-AI\\outputs\\s3a_ml_long_v1\\sample_000045\\images\\CAM_BACK.png",
      "raw_layout": "bgra8"
    },
    "CAM_BACK_LEFT": {
      "type_id": "sensor.camera.rgb",
      "blueprint_attributes": {
        "role_name": "front",
        "ros_name": "sensor.camera.rgb",
        "chromatic_aberration_offset": "0.0",
        "sensor_tick": "0.100000",
        "fstop": "1.4",
        "image_size_x": "960",
        "image_size_y": "540",
        "fov": "70.00",
        "lens_circle_falloff": "5.0",
        "lens_circle_multiplier": "0.0",
        "exposure_compensation": "0.0",
        "lens_y_size": "0.08",
        "lens_k": "-1.0",
        "exposure_mode": "histogram",
        "lens_kcube": "0.0",
        "lens_x_size": "0.08",
        "exposure_max_bright": "12.0",
        "shutter_speed": "200.0",
        "bloom_intensity": "0.675",
        "iso": "100.0",
        "enable_postprocess_effects": "false",
        "gamma": "2.2",
        "motion_blur_intensity": "0.0",
        "motion_blur_max_distortion": "0.35",
        "lens_flare_intensity": "0.1",
        "motion_blur_min_object_screen_size": "0.1",
        "exposure_min_bright": "10.0",
        "exposure_speed_up": "3.0",
        "exposure_speed_down": "1.0",
        "tint": "0.0",
        "calibration_constant": "16.0",
        "focal_distance": "1000.0",
        "min_fstop": "1.2",
        "blade_count": "5",
        "blur_amount": "0.0",
        "blur_radius": "0.0",
        "slope": "0.88",
        "toe": "0.55",
        "white_clip": "0.04",
        "shoulder": "0.26",
        "black_clip": "0.0",
        "temp": "6500.0",
        "chromatic_aberration_intensity": "0.0"
      },
      "transform_carla": {
        "location": {
          "x": 103.52435302734375,
          "y": -35.951377868652344,
          "z": 1.7001010179519653
        },
        "rotation": {
          "roll": 0.15131784975528717,
          "pitch": 0.09440004080533981,
          "yaw": 125.83999633789062
        }
      },
      "matrix_world_from_sensor_carla": [
        [
          -0.5855228900909424,
          -0.8106549978256226,
          -0.0011762338690459728,
          103.52435302734375
        ],
        [
          0.8106541633605957,
          -0.5855180621147156,
          -0.002881986554712057,
          -35.951377868652344
        ],
        [
          0.0016475907759740949,
          -0.002640987979248166,
          0.9999951124191284,
          1.7001010179519653
        ],
        [
          0.0,
          0.0,
          0.0,
          1.0
        ]
      ],
      "matrix_world_from_sensor_bevfusion": [
        [
          -0.8106549978256226,
          0.0011762338690459728,
          -0.5855228900909424,
          103.52435302734375
        ],
        [
          0.5855180621147156,
          -0.002881986554712057,
          -0.8106541633605957,
          35.951377868652344
        ],
        [
          -0.002640987979248166,
          -0.9999951124191284,
          0.0016475907759740949,
          1.7001010179519653
        ],
        [
          0.0,
          0.0,
          0.0,
          1.0
        ]
      ],
      "matrix_ego_from_sensor_carla": [
        [
          -0.5735766291618347,
          0.8191519379615784,
          -1.0587891097202373e-07,
          -1.2999958992004395
        ],
        [
          -0.8191519379615784,
          -0.5735765695571899,
          -6.682905251409466e-08,
          -0.5499954223632812
        ],
        [
          -1.1538765676277762e-07,
          4.8763961757458674e-08,
          0.9999999403953552,
          1.6999996900558472
        ],
        [
          0.0,
          0.0,
          0.0,
          1.0
        ]
      ],
      "matrix_ego_from_sensor_bevfusion": [
        [
          0.8191519379615784,
          1.0587891097202373e-07,
          -0.5735766291618347,
          -1.2999958992004395
        ],
        [
          0.5735765695571899,
          -6.682905251409466e-08,
          0.8191519379615784,
          0.5499954223632812
        ],
        [
          4.8763961757458674e-08,
          -0.9999999403953552,
          -1.1538765676277762e-07,
          1.6999996900558472
        ],
        [
          0.0,
          0.0,
          0.0,
          1.0
        ]
      ],
      "camera_intrinsics": [
        [
          685.5110473632812,
          0.0,
          480.0
        ],
        [
          0.0,
          685.5110473632812,
          270.0
        ],
        [
          0.0,
          0.0,
          1.0
        ]
      ],
      "data_path": "D:\\Agent-AI\\outputs\\s3a_ml_long_v1\\sample_000045\\images\\CAM_BACK_LEFT.png",
      "raw_layout": "bgra8"
    },
    "CAM_BACK_RIGHT": {
      "type_id": "sensor.camera.rgb",
      "blueprint_attributes": {
        "role_name": "front",
        "ros_name": "sensor.camera.rgb",
        "chromatic_aberration_offset": "0.0",
        "sensor_tick": "0.100000",
        "fstop": "1.4",
        "image_size_x": "960",
        "image_size_y": "540",
        "fov": "70.00",
        "lens_circle_falloff": "5.0",
        "lens_circle_multiplier": "0.0",
        "exposure_compensation": "0.0",
        "lens_y_size": "0.08",
        "lens_k": "-1.0",
        "exposure_mode": "histogram",
        "lens_kcube": "0.0",
        "lens_x_size": "0.08",
        "exposure_max_bright": "12.0",
        "shutter_speed": "200.0",
        "bloom_intensity": "0.675",
        "iso": "100.0",
        "enable_postprocess_effects": "false",
        "gamma": "2.2",
        "motion_blur_intensity": "0.0",
        "motion_blur_max_distortion": "0.35",
        "lens_flare_intensity": "0.1",
        "motion_blur_min_object_screen_size": "0.1",
        "exposure_min_bright": "10.0",
        "exposure_speed_up": "3.0",
        "exposure_speed_down": "1.0",
        "tint": "0.0",
        "calibration_constant": "16.0",
        "focal_distance": "1000.0",
        "min_fstop": "1.2",
        "blade_count": "5",
        "blur_amount": "0.0",
        "blur_radius": "0.0",
        "slope": "0.88",
        "toe": "0.55",
        "white_clip": "0.04",
        "shoulder": "0.26",
        "black_clip": "0.0",
        "temp": "6500.0",
        "chromatic_aberration_intensity": "0.0"
      },
      "transform_carla": {
        "location": {
          "x": 104.56341552734375,
          "y": -36.31240463256836,
          "z": 1.7002826929092407
        },
        "rotation": {
          "roll": -0.14046533405780792,
          "pitch": 0.10990456491708755,
          "yaw": 15.839754104614258
        }
      },
      "matrix_world_from_sensor_carla": [
        [
          0.9620270729064941,
          -0.27295151352882385,
          -0.0011762005742639303,
          104.56341552734375
        ],
        [
          0.2729472815990448,
          0.9620246887207031,
          -0.0028820564039051533,
          -36.31240463256836
        ],
        [
          0.001918195397593081,
          0.00245157559402287,
          0.9999951720237732,
          1.7002826929092407
        ],
        [
          0.0,
          0.0,
          0.0,
          1.0
        ]
      ],
      "matrix_world_from_sensor_bevfusion": [
        [
          -0.27295151352882385,
          0.0011762005742639303,
          0.9620270729064941,
          104.56341552734375
        ],
        [
          -0.9620246887207031,
          -0.0028820564039051533,
          -0.2729472815990448,
          36.31240463256836
        ],
        [
          0.00245157559402287,
          -0.9999951720237732,
          0.001918195397593081,
          1.7002826929092407
        ],
        [
          0.0,
          0.0,
          0.0,
          1.0
        ]
      ],
      "matrix_ego_from_sensor_carla": [
        [
          -0.5735765099525452,
          -0.8191520571708679,
          -5.0883325997119755e-08,
          -1.2999966144561768
        ],
        [
          0.8191519975662231,
          -0.5735765695571899,
          -1.2467807231075767e-08,
          0.5500030517578125
        ],
        [
          -1.938705196380397e-08,
          -4.900234529259251e-08,
          1.0,
          1.6999996900558472
        ],
        [
          0.0,
          0.0,
          0.0,
          1.0
        ]
      ],
      "matrix_ego_from_sensor_bevfusion": [
        [
          -0.8191520571708679,
          5.0883325997119755e-08,
          -0.5735765099525452,
          -1.2999966144561768
        ],
        [
          0.5735765695571899,
          -1.2467807231075767e-08,
          -0.8191519975662231,
          -0.5500030517578125
        ],
        [
          -4.900234529259251e-08,
          -1.0,
          -1.938705196380397e-08,
          1.6999996900558472
        ],
        [
          0.0,
          0.0,
          0.0,
          1.0
        ]
      ],
      "camera_intrinsics": [
        [
          685.5110473632812,
          0.0,
          480.0
        ],
        [
          0.0,
          685.5110473632812,
          270.0
        ],
        [
          0.0,
          0.0,
          1.0
        ]
      ],
      "data_path": "D:\\Agent-AI\\outputs\\s3a_ml_long_v1\\sample_000045\\images\\CAM_BACK_RIGHT.png",
      "raw_layout": "bgra8"
    },
    "LIDAR_TOP": {
      "type_id": "sensor.lidar.ray_cast",
      "blueprint_attributes": {
        "atmosphere_attenuation_rate": "0.004",
        "role_name": "front",
        "noise_seed": "0",
        "upper_fov": "10.0",
        "ros_name": "sensor.lidar.ray_cast",
        "sensor_tick": "0.100000",
        "channels": "32",
        "range": "120.0",
        "points_per_second": "360000",
        "lower_fov": "-30.0",
        "rotation_frequency": "10.000000",
        "horizontal_fov": "360.0",
        "dropoff_general_rate": "0.0",
        "dropoff_intensity_limit": "1.0",
        "noise_stddev": "0.0",
        "dropoff_zero_intensity": "0.0"
      },
      "transform_carla": {
        "location": {
          "x": 103.61663055419922,
          "y": -37.36131286621094,
          "z": 2.19614839553833
        },
        "rotation": {
          "roll": -0.009460444562137127,
          "pitch": -0.1781039983034134,
          "yaw": -109.16010284423828
        }
      },
      "matrix_world_from_sensor_carla": [
        [
          -0.328207403421402,
          0.9446049332618713,
          -0.0011762055801227689,
          103.61663055419922
        ],
        [
          -0.944600522518158,
          -0.32820945978164673,
          -0.0028821087907999754,
          -37.36131286621094
        ],
        [
          -0.003108496079221368,
          0.0001651151105761528,
          0.9999951720237732,
          2.19614839553833
        ],
        [
          0.0,
          0.0,
          0.0,
          1.0
        ]
      ],
      "matrix_world_from_sensor_bevfusion": [
        [
          -0.328207403421402,
          -0.9446049332618713,
          -0.0011762055801227689,
          103.61663055419922
        ],
        [
          0.944600522518158,
          -0.32820945978164673,
          0.0028821087907999754,
          37.36131286621094
        ],
        [
          -0.003108496079221368,
          -0.0001651151105761528,
          0.9999951720237732,
          2.19614839553833
        ],
        [
          0.0,
          0.0,
          0.0,
          1.0
        ]
      ],
      "matrix_ego_from_sensor_carla": [
        [
          1.0,
          3.523622993384379e-08,
          1.0658397775475947e-10,
          2.7418136596679688e-06
        ],
        [
          -5.539943170873585e-09,
          1.0,
          -4.0471535844854856e-11,
          7.62939453125e-06
        ],
        [
          5.903413868857399e-11,
          7.893796727387326e-12,
          1.0,
          2.1999995708465576
        ],
        [
          0.0,
          0.0,
          0.0,
          1.0
        ]
      ],
      "matrix_ego_from_sensor_bevfusion": [
        [
          1.0,
          -3.523622993384379e-08,
          1.0658397775475947e-10,
          2.7418136596679688e-06
        ],
        [
          5.539943170873585e-09,
          1.0,
          4.0471535844854856e-11,
          -7.62939453125e-06
        ],
        [
          5.903413868857399e-11,
          -7.893796727387326e-12,
          1.0,
          2.1999995708465576
        ],
        [
          0.0,
          0.0,
          0.0,
          1.0
        ]
      ],
      "data_path": "D:\\Agent-AI\\outputs\\s3a_ml_long_v1\\sample_000045\\lidar\\LIDAR_TOP.npy",
      "raw_layout": [
        "x",
        "y",
        "z",
        "intensity"
      ]
    },
    "RADAR_FRONT": {
      "type_id": "sensor.other.radar",
      "blueprint_attributes": {
        "sensor_tick": "0.100000",
        "role_name": "default",
        "noise_seed": "0",
        "ros_name": "sensor.other.radar",
        "horizontal_fov": "35.0",
        "points_per_second": "1500",
        "vertical_fov": "20.0",
        "range": "120.0"
      },
      "transform_carla": {
        "location": {
          "x": 102.96174621582031,
          "y": -39.24676513671875,
          "z": 0.8899380564689636
        },
        "rotation": {
          "roll": -0.009460444562137127,
          "pitch": -0.1781039983034134,
          "yaw": -109.16010284423828
        }
      },
      "matrix_world_from_sensor_carla": [
        [
          -0.328207403421402,
          0.9446049332618713,
          -0.0011762055801227689,
          102.96174621582031
        ],
        [
          -0.944600522518158,
          -0.32820945978164673,
          -0.0028821087907999754,
          -39.24676513671875
        ],
        [
          -0.003108496079221368,
          0.0001651151105761528,
          0.9999951720237732,
          0.8899380564689636
        ],
        [
          0.0,
          0.0,
          0.0,
          1.0
        ]
      ],
      "matrix_world_from_sensor_bevfusion": [
        [
          -0.328207403421402,
          -0.9446049332618713,
          -0.0011762055801227689,
          102.96174621582031
        ],
        [
          0.944600522518158,
          -0.32820945978164673,
          0.0028821087907999754,
          39.24676513671875
        ],
        [
          -0.003108496079221368,
          -0.0001651151105761528,
          0.9999951720237732,
          0.8899380564689636
        ],
        [
          0.0,
          0.0,
          0.0,
          1.0
        ]
      ],
      "matrix_ego_from_sensor_carla": [
        [
          1.0,
          3.523622993384379e-08,
          1.0658397775475947e-10,
          1.999997854232788
        ],
        [
          -5.539943170873585e-09,
          1.0,
          -4.0471535844854856e-11,
          7.62939453125e-06
        ],
        [
          5.903413868857399e-11,
          7.893796727387326e-12,
          1.0,
          0.9000001549720764
        ],
        [
          0.0,
          0.0,
          0.0,
          1.0
        ]
      ],
      "matrix_ego_from_sensor_bevfusion": [
        [
          1.0,
          -3.523622993384379e-08,
          1.0658397775475947e-10,
          1.999997854232788
        ],
        [
          5.539943170873585e-09,
          1.0,
          4.0471535844854856e-11,
          -7.62939453125e-06
        ],
        [
          5.903413868857399e-11,
          -7.893796727387326e-12,
          1.0,
          0.9000001549720764
        ],
        [
          0.0,
          0.0,
          0.0,
          1.0
        ]
      ],
      "data_path": "D:\\Agent-AI\\outputs\\s3a_ml_long_v1\\sample_000045\\radar\\RADAR_FRONT.npy",
      "raw_layout": [
        "velocity",
        "altitude",
        "azimuth",
        "depth"
      ]
    },
    "RADAR_FRONT_LEFT": {
      "type_id": "sensor.other.radar",
      "blueprint_attributes": {
        "sensor_tick": "0.100000",
        "role_name": "default",
        "noise_seed": "0",
        "ros_name": "sensor.other.radar",
        "horizontal_fov": "35.0",
        "points_per_second": "1500",
        "vertical_fov": "20.0",
        "range": "120.0"
      },
      "transform_carla": {
        "location": {
          "x": 102.3681640625,
          "y": -38.66999816894531,
          "z": 0.8909021019935608
        },
        "rotation": {
          "roll": 0.11924679577350616,
          "pitch": -0.13262860476970673,
          "yaw": -154.1602783203125
        }
      },
      "matrix_world_from_sensor_carla": [
        [
          -0.9000144004821777,
          0.4358585476875305,
          -0.0011762352660298347,
          102.3681640625
        ],
        [
          -0.4358539879322052,
          -0.9000128507614136,
          -0.0028820750303566456,
          -38.66999816894531
        ],
        [
          -0.0023148036561906338,
          -0.0020812421571463346,
          0.9999951720237732,
          0.8909021019935608
        ],
        [
          0.0,
          0.0,
          0.0,
          1.0
        ]
      ],
      "matrix_world_from_sensor_bevfusion": [
        [
          -0.9000144004821777,
          -0.4358585476875305,
          -0.0011762352660298347,
          102.3681640625
        ],
        [
          0.4358539879322052,
          -0.9000128507614136,
          0.0028820750303566456,
          38.66999816894531
        ],
        [
          -0.0023148036561906338,
          0.0020812421571463346,
          0.9999951720237732,
          0.8909021019935608
        ],
        [
          0.0,
          0.0,
          0.0,
          1.0
        ]
      ],
      "matrix_ego_from_sensor_carla": [
        [
          0.7071065306663513,
          0.7071072459220886,
          -2.201232796039676e-08,
          1.650000810623169
        ],
        [
          -0.7071070671081543,
          0.7071065902709961,
          -3.9185124478535727e-08,
          -0.7499923706054688
        ],
        [
          -1.1736443816801057e-08,
          4.3699852625422864e-08,
          1.0,
          0.9000000357627869
        ],
        [
          0.0,
          0.0,
          0.0,
          1.0
        ]
      ],
      "matrix_ego_from_sensor_bevfusion": [
        [
          0.7071065306663513,
          -0.7071072459220886,
          -2.201232796039676e-08,
          1.650000810623169
        ],
        [
          0.7071070671081543,
          0.7071065902709961,
          3.9185124478535727e-08,
          0.7499923706054688
        ],
        [
          -1.1736443816801057e-08,
          -4.3699852625422864e-08,
          1.0,
          0.9000000357627869
        ],
        [
          0.0,
          0.0,
          0.0,
          1.0
        ]
      ],
      "data_path": "D:\\Agent-AI\\outputs\\s3a_ml_long_v1\\sample_000045\\radar\\RADAR_FRONT_LEFT.npy",
      "raw_layout": [
        "velocity",
        "altitude",
        "azimuth",
        "depth"
      ]
    },
    "RADAR_FRONT_RIGHT": {
      "type_id": "sensor.other.radar",
      "blueprint_attributes": {
        "sensor_tick": "0.100000",
