{
  "schema_version": "stage1.v1",
  "sample_name": "sample_000093",
  "sequence_index": 93,
  "previous_sample_name": "sample_000092",
  "frame_id": 60094,
  "timestamp": 444.3197008892894,
  "platform_timestamp": 16814604.7974762,
  "delta_seconds": 0.10000000149011612,
  "town": "Carla/Maps/Town10HD_Opt",
  "weather": {
    "cloudiness": 20.0,
    "dust_storm": 0.0,
    "fog_density": 2.0,
    "fog_distance": 0.75,
    "fog_falloff": 0.10000000149011612,
    "mie_scattering_scale": 0.029999999329447746,
    "precipitation": 0.0,
    "precipitation_deposits": 0.0,
    "rayleigh_scattering_scale": 0.03310000151395798,
    "scattering_intensity": 1.0,
    "sun_altitude_angle": 45.0,
    "sun_azimuth_angle": 300.0,
    "wetness": 0.0,
    "wind_intensity": 10.0
  },
  "sensor_names": [
    "CAM_FRONT",
    "CAM_FRONT_RIGHT",
    "CAM_FRONT_LEFT",
    "CAM_BACK",
    "CAM_BACK_LEFT",
    "CAM_BACK_RIGHT",
    "LIDAR_TOP",
    "RADAR_FRONT",
    "RADAR_FRONT_LEFT",
    "RADAR_FRONT_RIGHT",
    "RADAR_BACK_LEFT",
    "RADAR_BACK_RIGHT"
  ],
  "camera_order_for_model": [
    "CAM_FRONT",
    "CAM_FRONT_RIGHT",
    "CAM_FRONT_LEFT",
    "CAM_BACK",
    "CAM_BACK_LEFT",
    "CAM_BACK_RIGHT"
  ],
  "radar_order_for_model": [
    "RADAR_FRONT",
    "RADAR_FRONT_LEFT",
    "RADAR_FRONT_RIGHT",
    "RADAR_BACK_LEFT",
    "RADAR_BACK_RIGHT"
  ],
  "coordinate_notes": {
    "carla_world": "left-handed x-forward y-right z-up",
    "bevfusion_lidar": "x-forward y-left z-up",
    "camera_frame_for_model": "OpenCV style x-right y-down z-forward"
  },
  "ego": {
    "actor_id": 28,
    "transform_carla": {
      "location": {
        "x": 77.28821563720703,
        "y": -62.279720306396484,
        "z": -0.0040975953452289104
      },
      "rotation": {
        "roll": -0.008728028275072575,
        "pitch": -0.10817652940750122,
        "yaw": -161.7235565185547
      }
    },
    "velocity_carla": [
      0.001628703554160893,
      0.0003100646717939526,
      2.2964477466302924e-05
    ],
    "angular_velocity_carla": [
      -0.12563787400722504,
      0.49442070722579956,
      -0.000504721945617348
    ],
    "matrix_world_from_ego_carla": [
      [
        -0.9495527744293213,
        0.31360188126564026,
        -0.0018405644223093987,
        77.28821563720703
      ],
      [
        -0.3136015832424164,
        -0.9495545625686646,
        -0.0004474436864256859,
        -62.279720306396484
      ],
      [
        -0.0018880354473367333,
        0.00015233254816848785,
        0.9999982118606567,
        -0.0040975953452289104
      ],
      [
        0.0,
        0.0,
        0.0,
        1.0
      ]
    ],
    "matrix_world_from_ego_bevfusion": [
      [
        -0.9495527744293213,
        -0.31360188126564026,
        -0.0018405644223093987,
        77.28821563720703
      ],
      [
        0.3136015832424164,
        -0.9495545625686646,
        0.0004474436864256859,
        62.279720306396484
      ],
      [
        -0.0018880354473367333,
        -0.00015233254816848785,
        0.9999982118606567,
        -0.0040975953452289104
      ],
      [
        0.0,
        0.0,
        0.0,
        1.0
      ]
    ]
  },
  "sensors": {
    "CAM_FRONT": {
      "type_id": "sensor.camera.rgb",
      "blueprint_attributes": {
        "role_name": "front",
        "ros_name": "sensor.camera.rgb",
        "chromatic_aberration_offset": "0.0",
        "sensor_tick": "0.100000",
        "fstop": "1.4",
        "image_size_x": "960",
        "image_size_y": "540",
        "fov": "70.00",
        "lens_circle_falloff": "5.0",
        "lens_circle_multiplier": "0.0",
        "exposure_compensation": "0.0",
        "lens_y_size": "0.08",
        "lens_k": "-1.0",
        "exposure_mode": "histogram",
        "lens_kcube": "0.0",
        "lens_x_size": "0.08",
        "exposure_max_bright": "12.0",
        "shutter_speed": "200.0",
        "bloom_intensity": "0.675",
        "iso": "100.0",
        "enable_postprocess_effects": "false",
        "gamma": "2.2",
        "motion_blur_intensity": "0.0",
        "motion_blur_max_distortion": "0.35",
        "lens_flare_intensity": "0.1",
        "motion_blur_min_object_screen_size": "0.1",
        "exposure_min_bright": "10.0",
        "exposure_speed_up": "3.0",
        "exposure_speed_down": "1.0",
        "tint": "0.0",
        "calibration_constant": "16.0",
        "focal_distance": "1000.0",
        "min_fstop": "1.2",
        "blade_count": "5",
        "blur_amount": "0.0",
        "blur_radius": "0.0",
        "slope": "0.88",
        "toe": "0.55",
        "white_clip": "0.04",
        "shoulder": "0.26",
        "black_clip": "0.0",
        "temp": "6500.0",
        "chromatic_aberration_intensity": "0.0"
      },
      "transform_carla": {
        "location": {
          "x": 75.81327819824219,
          "y": -62.76655960083008,
          "z": 1.6929726600646973
        },
        "rotation": {
          "roll": -0.008728028275072575,
          "pitch": -0.10817652940750122,
          "yaw": -161.7235565185547
        }
      },
      "matrix_world_from_sensor_carla": [
        [
          -0.9495527744293213,
          0.31360188126564026,
          -0.0018405644223093987,
          75.81327819824219
        ],
        [
          -0.3136015832424164,
          -0.9495545625686646,
          -0.0004474436864256859,
          -62.76655960083008
        ],
        [
          -0.0018880354473367333,
          0.00015233254816848785,
          0.9999982118606567,
          1.6929726600646973
        ],
        [
          0.0,
          0.0,
          0.0,
          1.0
        ]
      ],
      "matrix_world_from_sensor_bevfusion": [
        [
          0.31360188126564026,
          0.0018405644223093987,
          -0.9495527744293213,
          75.81327819824219
        ],
        [
          0.9495545625686646,
          -0.0004474436864256859,
          0.3136015832424164,
          62.76655960083008
        ],
        [
          0.00015233254816848785,
          -0.9999982118606567,
          -0.0018880354473367333,
          1.6929726600646973
        ],
        [
          0.0,
          0.0,
          0.0,
          1.0
        ]
      ],
      "matrix_ego_from_sensor_carla": [
        [
          1.0,
          -4.5505696433245646e-10,
          2.6131874442114622e-14,
          1.5499992370605469
        ],
        [
          2.9347321017780814e-08,
          1.0,
          4.77503661611145e-11,
          0.0
        ],
        [
          2.6131874442114622e-14,
          -1.0457348528780663e-11,
          1.0,
          1.6999998092651367
        ],
        [
          0.0,
          0.0,
          0.0,
          1.0
        ]
      ],
      "matrix_ego_from_sensor_bevfusion": [
        [
          -4.5505696433245646e-10,
          -2.6131874442114622e-14,
          1.0,
          1.5499992370605469
        ],
        [
          -1.0,
          4.77503661611145e-11,
          -2.9347321017780814e-08,
          0.0
        ],
        [
          -1.0457348528780663e-11,
          -1.0,
          2.6131874442114622e-14,
          1.6999998092651367
        ],
        [
          0.0,
          0.0,
          0.0,
          1.0
        ]
      ],
      "camera_intrinsics": [
        [
          685.5110473632812,
          0.0,
          480.0
        ],
        [
          0.0,
          685.5110473632812,
          270.0
        ],
        [
          0.0,
          0.0,
          1.0
        ]
      ],
      "data_path": "D:\\Agent-AI\\outputs\\s3a_ml_long_v2\\sample_000093\\images\\CAM_FRONT.png",
      "raw_layout": "bgra8"
    },
    "CAM_FRONT_RIGHT": {
      "type_id": "sensor.camera.rgb",
      "blueprint_attributes": {
        "role_name": "front",
        "ros_name": "sensor.camera.rgb",
        "chromatic_aberration_offset": "0.0",
        "sensor_tick": "0.100000",
        "fstop": "1.4",
        "image_size_x": "960",
        "image_size_y": "540",
        "fov": "70.00",
        "lens_circle_falloff": "5.0",
        "lens_circle_multiplier": "0.0",
        "exposure_compensation": "0.0",
        "lens_y_size": "0.08",
        "lens_k": "-1.0",
        "exposure_mode": "histogram",
        "lens_kcube": "0.0",
        "lens_x_size": "0.08",
        "exposure_max_bright": "12.0",
        "shutter_speed": "200.0",
        "bloom_intensity": "0.675",
        "iso": "100.0",
        "enable_postprocess_effects": "false",
        "gamma": "2.2",
        "motion_blur_intensity": "0.0",
        "motion_blur_max_distortion": "0.35",
        "lens_flare_intensity": "0.1",
        "motion_blur_min_object_screen_size": "0.1",
        "exposure_min_bright": "10.0",
        "exposure_speed_up": "3.0",
        "exposure_speed_down": "1.0",
        "tint": "0.0",
        "calibration_constant": "16.0",
        "focal_distance": "1000.0",
        "min_fstop": "1.2",
        "blade_count": "5",
        "blur_amount": "0.0",
        "blur_radius": "0.0",
        "slope": "0.88",
        "toe": "0.55",
        "white_clip": "0.04",
        "shoulder": "0.26",
        "black_clip": "0.0",
        "temp": "6500.0",
        "chromatic_aberration_intensity": "0.0"
      },
      "transform_carla": {
        "location": {
          "x": 76.22314453125,
          "y": -63.210418701171875,
          "z": 1.6935285329818726
        },
        "rotation": {
          "roll": -0.09362601488828659,
          "pitch": -0.05490105599164963,
          "yaw": -106.72355651855469
        }
      },
      "matrix_world_from_sensor_carla": [
        [
          -0.2877541482448578,
          0.9577025175094604,
          -0.0018406937597319484,
          76.22314453125
        ],
        [
          -0.9577037692070007,
          -0.28775539994239807,
          -0.0004474608867894858,
          -63.210418701171875
        ],
        [
          -0.000958204036578536,
          0.0016340806614607573,
          0.9999982118606567,
          1.6935285329818726
        ],
        [
          0.0,
          0.0,
          0.0,
          1.0
        ]
      ],
      "matrix_world_from_sensor_bevfusion": [
        [
          0.9577025175094604,
          0.0018406937597319484,
          -0.2877541482448578,
          76.22314453125
        ],
        [
          0.28775539994239807,
          -0.0004474608867894858,
          0.9577037692070007,
          63.210418701171875
        ],
        [
          0.0016340806614607573,
          -0.9999982118606567,
          -0.000958204036578536,
          1.6935285329818726
        ],
        [
          0.0,
          0.0,
          0.0,
          1.0
        ]
      ],
      "matrix_ego_from_sensor_carla": [
        [
          0.5735769271850586,
          -0.8191516399383545,
          1.282897130749916e-07,
          1.3000030517578125
        ],
        [
          0.8191516399383545,
          0.5735769867897034,
          -2.4195740522259257e-08,
          0.5500030517578125
        ],
        [
          -5.3816705758436e-08,
          1.1884846173870756e-07,
          1.0,
          1.6999998092651367
        ],
        [
          0.0,
          0.0,
          0.0,
          1.0
        ]
      ],
      "matrix_ego_from_sensor_bevfusion": [
        [
          -0.8191516399383545,
          -1.282897130749916e-07,
          0.5735769271850586,
          1.3000030517578125
        ],
        [
          -0.5735769867897034,
          -2.4195740522259257e-08,
          -0.8191516399383545,
          -0.5500030517578125
        ],
        [
          1.1884846173870756e-07,
          -1.0,
          -5.3816705758436e-08,
          1.6999998092651367
        ],
        [
          0.0,
          0.0,
          0.0,
          1.0
        ]
      ],
      "camera_intrinsics": [
        [
          685.5110473632812,
          0.0,
          480.0
        ],
        [
          0.0,
          685.5110473632812,
          270.0
        ],
        [
          0.0,
          0.0,
          1.0
        ]
      ],
      "data_path": "D:\\Agent-AI\\outputs\\s3a_ml_long_v2\\sample_000093\\images\\CAM_FRONT_RIGHT.png",
      "raw_layout": "bgra8"
    },
    "CAM_FRONT_LEFT": {
      "type_id": "sensor.camera.rgb",
      "blueprint_attributes": {
        "role_name": "front",
        "ros_name": "sensor.camera.rgb",
        "chromatic_aberration_offset": "0.0",
        "sensor_tick": "0.100000",
        "fstop": "1.4",
        "image_size_x": "960",
        "image_size_y": "540",
        "fov": "70.00",
        "lens_circle_falloff": "5.0",
        "lens_circle_multiplier": "0.0",
        "exposure_compensation": "0.0",
        "lens_y_size": "0.08",
        "lens_k": "-1.0",
        "exposure_mode": "histogram",
        "lens_kcube": "0.0",
        "lens_x_size": "0.08",
        "exposure_max_bright": "12.0",
        "shutter_speed": "200.0",
        "bloom_intensity": "0.675",
        "iso": "100.0",
        "enable_postprocess_effects": "false",
        "gamma": "2.2",
        "motion_blur_intensity": "0.0",
        "motion_blur_max_distortion": "0.35",
        "lens_flare_intensity": "0.1",
        "motion_blur_min_object_screen_size": "0.1",
        "exposure_min_bright": "10.0",
        "exposure_speed_up": "3.0",
        "exposure_speed_down": "1.0",
        "tint": "0.0",
        "calibration_constant": "16.0",
        "focal_distance": "1000.0",
        "min_fstop": "1.2",
        "blade_count": "5",
        "blur_amount": "0.0",
        "blur_radius": "0.0",
        "slope": "0.88",
        "toe": "0.55",
        "white_clip": "0.04",
        "shoulder": "0.26",
        "black_clip": "0.0",
        "temp": "6500.0",
        "chromatic_aberration_intensity": "0.0"
      },
      "transform_carla": {
        "location": {
          "x": 75.87818908691406,
          "y": -62.1659049987793,
          "z": 1.6933610439300537
        },
        "rotation": {
          "roll": 0.08361366391181946,
          "pitch": -0.06920347362756729,
          "yaw": 143.27638244628906
        }
      },
      "matrix_world_from_sensor_carla": [
        [
          -0.8015286922454834,
          -0.5979534387588501,
          -0.0018407248426228762,
          75.87818908691406
        ],
        [
          0.5979551076889038,
          -0.8015295267105103,
          -0.00044747162610292435,
          -62.1659049987793
        ],
        [
          -0.0012078280560672283,
          -0.0014593321830034256,
          0.9999982118606567,
          1.6933610439300537
        ],
        [
          0.0,
          0.0,
          0.0,
          1.0
        ]
      ],
      "matrix_world_from_sensor_bevfusion": [
        [
          -0.5979534387588501,
          0.0018407248426228762,
          -0.8015286922454834,
          75.87818908691406
        ],
        [
          0.8015295267105103,
          -0.00044747162610292435,
          -0.5979551076889038,
          62.1659049987793
        ],
        [
          -0.0014593321830034256,
          -0.9999982118606567,
          -0.0012078280560672283,
          1.6933610439300537
        ],
        [
          0.0,
          0.0,
          0.0,
          1.0
        ]
      ],
      "matrix_ego_from_sensor_carla": [
        [
          0.5735763907432556,
          0.8191520571708679,
          1.6111883383018721e-07,
          1.2999954223632812
        ],
        [
          -0.8191520571708679,
          0.5735764503479004,
          -2.3773734980636618e-08,
          -0.5499954223632812
        ],
        [
          -1.1181083436895278e-07,
          -1.1846244518665117e-07,
          1.0,
          1.6999999284744263
        ],
        [
          0.0,
          0.0,
          0.0,
          1.0
        ]
      ],
      "matrix_ego_from_sensor_bevfusion": [
        [
          0.8191520571708679,
          -1.6111883383018721e-07,
          0.5735763907432556,
          1.2999954223632812
        ],
        [
          -0.5735764503479004,
          -2.3773734980636618e-08,
          0.8191520571708679,
          0.5499954223632812
        ],
        [
          -1.1846244518665117e-07,
          -1.0,
          -1.1181083436895278e-07,
          1.6999999284744263
        ],
        [
          0.0,
          0.0,
          0.0,
          1.0
        ]
      ],
      "camera_intrinsics": [
        [
          685.5110473632812,
          0.0,
          480.0
        ],
        [
          0.0,
          685.5110473632812,
          270.0
        ],
        [
          0.0,
          0.0,
          1.0
        ]
      ],
      "data_path": "D:\\Agent-AI\\outputs\\s3a_ml_long_v2\\sample_000093\\images\\CAM_FRONT_LEFT.png",
      "raw_layout": "bgra8"
    },
    "CAM_BACK": {
      "type_id": "sensor.camera.rgb",
      "blueprint_attributes": {
        "role_name": "front",
        "ros_name": "sensor.camera.rgb",
        "chromatic_aberration_offset": "0.0",
        "sensor_tick": "0.100000",
        "fstop": "1.4",
        "image_size_x": "960",
        "image_size_y": "540",
        "fov": "70.00",
        "lens_circle_falloff": "5.0",
        "lens_circle_multiplier": "0.0",
        "exposure_compensation": "0.0",
        "lens_y_size": "0.08",
        "lens_k": "-1.0",
        "exposure_mode": "histogram",
        "lens_kcube": "0.0",
        "lens_x_size": "0.08",
        "exposure_max_bright": "12.0",
        "shutter_speed": "200.0",
        "bloom_intensity": "0.675",
        "iso": "100.0",
        "enable_postprocess_effects": "false",
        "gamma": "2.2",
        "motion_blur_intensity": "0.0",
        "motion_blur_max_distortion": "0.35",
        "lens_flare_intensity": "0.1",
        "motion_blur_min_object_screen_size": "0.1",
        "exposure_min_bright": "10.0",
        "exposure_speed_up": "3.0",
        "exposure_speed_down": "1.0",
        "tint": "0.0",
        "calibration_constant": "16.0",
        "focal_distance": "1000.0",
        "min_fstop": "1.2",
        "blade_count": "5",
        "blur_amount": "0.0",
        "blur_radius": "0.0",
        "slope": "0.88",
        "toe": "0.55",
        "white_clip": "0.04",
        "shoulder": "0.26",
        "black_clip": "0.0",
        "temp": "6500.0",
        "chromatic_aberration_intensity": "0.0"
      },
      "transform_carla": {
        "location": {
          "x": 78.75688934326172,
          "y": -61.79439926147461,
          "z": 1.6988259553909302
        },
        "rotation": {
          "roll": 0.00872806552797556,
          "pitch": 0.10817652940750122,
          "yaw": 18.276460647583008
        }
      },
      "matrix_world_from_sensor_carla": [
        [
          0.9495527148246765,
          -0.31360211968421936,
          -0.0018405645387247205,
          78.75688934326172
        ],
        [
          0.3136018216609955,
          0.9495545029640198,
          -0.0004474434826988727,
          -61.79439926147461
        ],
        [
          0.0018880354473367333,
          -0.00015233320300467312,
          0.9999982118606567,
          1.6988259553909302
        ],
        [
          0.0,
          0.0,
          0.0,
          1.0
        ]
      ],
      "matrix_world_from_sensor_bevfusion": [
        [
          -0.31360211968421936,
          0.0018405645387247205,
          0.9495527148246765,
          78.75688934326172
        ],
        [
          -0.9495545029640198,
          -0.0004474434826988727,
          -0.3136018216609955,
          61.79439926147461
        ],
        [
          -0.00015233320300467312,
          -0.9999982118606567,
          0.0018880354473367333,
          1.6988259553909302
        ],
        [
          0.0,
          0.0,
          0.0,
          1.0
        ]
      ],
      "matrix_ego_from_sensor_carla": [
        [
          -1.0,
          2.57566966865852e-07,
          1.1644145370137693e-10,
          -1.5499954223632812
        ],
        [
          -2.5573879725016013e-07,
          -1.0,
          -1.9963219966001589e-10,
          0.0
        ],
        [
          -2.6131874442114622e-14,
          -1.4961254457546147e-10,
          1.0,
          1.7000001668930054
        ],
        [
          0.0,
          0.0,
          0.0,
          1.0
        ]
      ],
      "matrix_ego_from_sensor_bevfusion": [
        [
          2.57566966865852e-07,
          -1.1644145370137693e-10,
          -1.0,
          -1.5499954223632812
        ],
        [
          1.0,
          -1.9963219966001589e-10,
          2.5573879725016013e-07,
          0.0
        ],
        [
          -1.4961254457546147e-10,
          -1.0,
          -2.6131874442114622e-14,
          1.7000001668930054
        ],
        [
          0.0,
          0.0,
          0.0,
          1.0
        ]
      ],
      "camera_intrinsics": [
        [
          685.5110473632812,
          0.0,
          480.0
        ],
        [
          0.0,
          685.5110473632812,
          270.0
        ],
        [
          0.0,
          0.0,
          1.0
        ]
      ],
      "data_path": "D:\\Agent-AI\\outputs\\s3a_ml_long_v2\\sample_000093\\images\\CAM_BACK.png",
      "raw_layout": "bgra8"
    },
    "CAM_BACK_LEFT": {
      "type_id": "sensor.camera.rgb",
      "blueprint_attributes": {
        "role_name": "front",
        "ros_name": "sensor.camera.rgb",
        "chromatic_aberration_offset": "0.0",
        "sensor_tick": "0.100000",
        "fstop": "1.4",
        "image_size_x": "960",
        "image_size_y": "540",
        "fov": "70.00",
        "lens_circle_falloff": "5.0",
        "lens_circle_multiplier": "0.0",
        "exposure_compensation": "0.0",
        "lens_y_size": "0.08",
        "lens_k": "-1.0",
        "exposure_mode": "histogram",
        "lens_kcube": "0.0",
        "lens_x_size": "0.08",
        "exposure_max_bright": "12.0",
        "shutter_speed": "200.0",
        "bloom_intensity": "0.675",
        "iso": "100.0",
        "enable_postprocess_effects": "false",
        "gamma": "2.2",
        "motion_blur_intensity": "0.0",
        "motion_blur_max_distortion": "0.35",
        "lens_flare_intensity": "0.1",
        "motion_blur_min_object_screen_size": "0.1",
        "exposure_min_bright": "10.0",
        "exposure_speed_up": "3.0",
        "exposure_speed_down": "1.0",
        "tint": "0.0",
        "calibration_constant": "16.0",
        "focal_distance": "1000.0",
        "min_fstop": "1.2",
        "blade_count": "5",
        "blur_amount": "0.0",
        "blur_radius": "0.0",
        "slope": "0.88",
        "toe": "0.55",
        "white_clip": "0.04",
        "shoulder": "0.26",
        "black_clip": "0.0",
        "temp": "6500.0",
        "chromatic_aberration_intensity": "0.0"
      },
      "transform_carla": {
        "location": {
          "x": 78.3470230102539,
          "y": -61.35054397583008,
          "z": 1.6982700824737549
        },
        "rotation": {
          "roll": 0.09362601488828659,
          "pitch": 0.05490105599164963,
          "yaw": 73.27645874023438
        }
      },
      "matrix_world_from_sensor_carla": [
        [
          0.2877539396286011,
          -0.9577025771141052,
          -0.0018406936433166265,
          78.3470230102539
        ],
        [
          0.9577038288116455,
          0.28775519132614136,
          -0.0004474612942431122,
          -61.35054397583008
        ],
        [
          0.000958204036578536,
          -0.0016340806614607573,
          0.9999982118606567,
          1.6982700824737549
        ],
        [
          0.0,
          0.0,
          0.0,
          1.0
        ]
      ],
      "matrix_world_from_sensor_bevfusion": [
        [
          -0.9577025771141052,
          0.0018406936433166265,
          0.2877539396286011,
          78.3470230102539
        ],
        [
          -0.28775519132614136,
          -0.0004474612942431122,
          -0.9577038288116455,
          61.35054397583008
        ],
        [
          -0.0016340806614607573,
          -0.9999982118606567,
          0.000958204036578536,
          1.6982700824737549
        ],
        [
          0.0,
          0.0,
          0.0,
          1.0
        ]
      ],
      "matrix_ego_from_sensor_carla": [
        [
          -0.573576807975769,
          0.819151759147644,
          1.282897130749916e-07,
          -1.2999992370605469
        ],
        [
          -0.819151759147644,
          -0.573576807975769,
          -2.3744631150179885e-08,
          -0.5499954223632812
        ],
        [
          5.4165951723916805e-08,
          -1.1861563109505369e-07,
          1.0,
          1.7000000476837158
        ],
        [
          0.0,
          0.0,
          0.0,
          1.0
        ]
      ],
      "matrix_ego_from_sensor_bevfusion": [
        [
          0.819151759147644,
          -1.282897130749916e-07,
          -0.573576807975769,
          -1.2999992370605469
        ],
        [
          0.573576807975769,
          -2.3744631150179885e-08,
          0.819151759147644,
          0.5499954223632812
        ],
        [
          -1.1861563109505369e-07,
          -1.0,
          5.4165951723916805e-08,
          1.7000000476837158
        ],
        [
          0.0,
          0.0,
          0.0,
          1.0
        ]
      ],
      "camera_intrinsics": [
        [
          685.5110473632812,
          0.0,
          480.0
        ],
        [
          0.0,
          685.5110473632812,
          270.0
        ],
        [
          0.0,
          0.0,
          1.0
        ]
      ],
      "data_path": "D:\\Agent-AI\\outputs\\s3a_ml_long_v2\\sample_000093\\images\\CAM_BACK_LEFT.png",
      "raw_layout": "bgra8"
    },
    "CAM_BACK_RIGHT": {
      "type_id": "sensor.camera.rgb",
      "blueprint_attributes": {
        "role_name": "front",
        "ros_name": "sensor.camera.rgb",
        "chromatic_aberration_offset": "0.0",
        "sensor_tick": "0.100000",
        "fstop": "1.4",
        "image_size_x": "960",
        "image_size_y": "540",
        "fov": "70.00",
        "lens_circle_falloff": "5.0",
        "lens_circle_multiplier": "0.0",
        "exposure_compensation": "0.0",
        "lens_y_size": "0.08",
        "lens_k": "-1.0",
        "exposure_mode": "histogram",
        "lens_kcube": "0.0",
        "lens_x_size": "0.08",
        "exposure_max_bright": "12.0",
        "shutter_speed": "200.0",
        "bloom_intensity": "0.675",
        "iso": "100.0",
        "enable_postprocess_effects": "false",
        "gamma": "2.2",
        "motion_blur_intensity": "0.0",
        "motion_blur_max_distortion": "0.35",
        "lens_flare_intensity": "0.1",
        "motion_blur_min_object_screen_size": "0.1",
        "exposure_min_bright": "10.0",
        "exposure_speed_up": "3.0",
        "exposure_speed_down": "1.0",
        "tint": "0.0",
        "calibration_constant": "16.0",
        "focal_distance": "1000.0",
        "min_fstop": "1.2",
        "blade_count": "5",
        "blur_amount": "0.0",
        "blur_radius": "0.0",
        "slope": "0.88",
        "toe": "0.55",
        "white_clip": "0.04",
        "shoulder": "0.26",
        "black_clip": "0.0",
        "temp": "6500.0",
        "chromatic_aberration_intensity": "0.0"
      },
      "transform_carla": {
        "location": {
          "x": 78.69198608398438,
          "y": -62.39505386352539,
          "z": 1.6984378099441528
        },
        "rotation": {
          "roll": -0.08361367881298065,
          "pitch": 0.06920347362756729,
          "yaw": -36.72362518310547
        }
      },
      "matrix_world_from_sensor_carla": [
        [
          0.8015285730361938,
          0.5979536175727844,
          -0.0018407250754535198,
          78.69198608398438
        ],
        [
          -0.5979552865028381,
          0.8015294075012207,
          -0.0004474713932722807,
          -62.39505386352539
        ],
        [
          0.0012078280560672283,
          0.0014593324158340693,
          0.9999982118606567,
          1.6984378099441528
        ],
        [
          0.0,
          0.0,
          0.0,
          1.0
        ]
      ],
      "matrix_world_from_sensor_bevfusion": [
        [
          0.5979536175727844,
          0.0018407250754535198,
          0.8015285730361938,
          78.69198608398438
        ],
        [
          -0.8015294075012207,
          -0.0004474713932722807,
          0.5979552865028381,
          62.39505386352539
        ],
        [
          0.0014593324158340693,
          -0.9999982118606567,
          0.0012078280560672283,
          1.6984378099441528
        ],
        [
          0.0,
          0.0,
          0.0,
          1.0
        ]
      ],
      "matrix_ego_from_sensor_carla": [
        [
          -0.5735762119293213,
          -0.8191521763801575,
          1.6123524915201415e-07,
          -1.2999992370605469
        ],
        [
          0.8191521763801575,
          -0.5735763311386108,
          -2.405022136997559e-08,
          0.5500030517578125
        ],
        [
          1.1216008033443359e-07,
          1.1834602986482423e-07,
          1.0,
          1.700000286102295
        ],
        [
          0.0,
          0.0,
          0.0,
          1.0
        ]
      ],
      "matrix_ego_from_sensor_bevfusion": [
        [
          -0.8191521763801575,
          -1.6123524915201415e-07,
          -0.5735762119293213,
          -1.2999992370605469
        ],
        [
          0.5735763311386108,
          -2.405022136997559e-08,
          -0.8191521763801575,
          -0.5500030517578125
        ],
        [
          1.1834602986482423e-07,
          -1.0,
          1.1216008033443359e-07,
          1.700000286102295
        ],
        [
          0.0,
          0.0,
          0.0,
          1.0
        ]
      ],
      "camera_intrinsics": [
        [
          685.5110473632812,
          0.0,
          480.0
        ],
        [
          0.0,
          685.5110473632812,
          270.0
        ],
        [
          0.0,
          0.0,
          1.0
        ]
      ],
      "data_path": "D:\\Agent-AI\\outputs\\s3a_ml_long_v2\\sample_000093\\images\\CAM_BACK_RIGHT.png",
      "raw_layout": "bgra8"
    },
    "LIDAR_TOP": {
      "type_id": "sensor.lidar.ray_cast",
      "blueprint_attributes": {
        "atmosphere_attenuation_rate": "0.004",
        "role_name": "front",
        "noise_seed": "0",
        "upper_fov": "10.0",
        "ros_name": "sensor.lidar.ray_cast",
        "sensor_tick": "0.100000",
        "channels": "32",
        "range": "120.0",
        "points_per_second": "360000",
        "lower_fov": "-30.0",
        "rotation_frequency": "10.000000",
        "horizontal_fov": "360.0",
        "dropoff_general_rate": "0.0",
        "dropoff_intensity_limit": "1.0",
        "noise_stddev": "0.0",
        "dropoff_zero_intensity": "0.0"
      },
      "transform_carla": {
        "location": {
          "x": 77.28416442871094,
          "y": -62.28070831298828,
          "z": 2.1958982944488525
        },
        "rotation": {
          "roll": -0.008728028275072575,
          "pitch": -0.10817652940750122,
          "yaw": -161.7235565185547
        }
      },
      "matrix_world_from_sensor_carla": [
        [
          -0.9495527744293213,
          0.31360188126564026,
          -0.0018405644223093987,
          77.28416442871094
        ],
        [
          -0.3136015832424164,
          -0.9495545625686646,
          -0.0004474436864256859,
          -62.28070831298828
        ],
        [
          -0.0018880354473367333,
          0.00015233254816848785,
          0.9999982118606567,
          2.1958982944488525
        ],
        [
          0.0,
          0.0,
          0.0,
          1.0
        ]
      ],
      "matrix_world_from_sensor_bevfusion": [
        [
          -0.9495527744293213,
          -0.31360188126564026,
          -0.0018405644223093987,
          77.28416442871094
        ],
        [
          0.3136015832424164,
          -0.9495545625686646,
          0.0004474436864256859,
          62.28070831298828
        ],
        [
          -0.0018880354473367333,
          -0.00015233254816848785,
          0.9999982118606567,
          2.1958982944488525
        ],
        [
          0.0,
          0.0,
          0.0,
          1.0
        ]
      ],
      "matrix_ego_from_sensor_carla": [
        [
          1.0,
          -4.5505696433245646e-10,
          2.6131874442114622e-14,
          3.814697265625e-06
        ],
        [
          2.9347321017780814e-08,
          1.0,
          4.77503661611145e-11,
          7.62939453125e-06
        ],
        [
          2.6131874442114622e-14,
          -1.0457348528780663e-11,
          1.0,
          2.1999998092651367
        ],
        [
          0.0,
          0.0,
          0.0,
          1.0
        ]
      ],
      "matrix_ego_from_sensor_bevfusion": [
        [
          1.0,
          4.5505696433245646e-10,
          2.6131874442114622e-14,
          3.814697265625e-06
        ],
        [
          -2.9347321017780814e-08,
          1.0,
          -4.77503661611145e-11,
          -7.62939453125e-06
        ],
        [
          2.6131874442114622e-14,
          1.0457348528780663e-11,
          1.0,
          2.1999998092651367
        ],
        [
          0.0,
          0.0,
          0.0,
          1.0
        ]
      ],
      "data_path": "D:\\Agent-AI\\outputs\\s3a_ml_long_v2\\sample_000093\\lidar\\LIDAR_TOP.npy",
      "raw_layout": [
        "x",
        "y",
        "z",
        "intensity"
      ]
    },
    "RADAR_FRONT": {
      "type_id": "sensor.other.radar",
      "blueprint_attributes": {
        "sensor_tick": "0.100000",
        "role_name": "default",
        "noise_seed": "0",
        "ros_name": "sensor.other.radar",
        "horizontal_fov": "35.0",
        "points_per_second": "1500",
        "vertical_fov": "20.0",
        "range": "120.0"
      },
      "transform_carla": {
        "location": {
          "x": 75.387451171875,
          "y": -62.90732955932617,
          "z": 0.8921244740486145
        },
        "rotation": {
          "roll": -0.008728028275072575,
          "pitch": -0.10817652940750122,
          "yaw": -161.7235565185547
        }
      },
      "matrix_world_from_sensor_carla": [
        [
          -0.9495527744293213,
          0.31360188126564026,
          -0.0018405644223093987,
          75.387451171875
        ],
        [
          -0.3136015832424164,
          -0.9495545625686646,
          -0.0004474436864256859,
          -62.90732955932617
        ],
        [
          -0.0018880354473367333,
          0.00015233254816848785,
          0.9999982118606567,
          0.8921244740486145
        ],
        [
          0.0,
          0.0,
          0.0,
          1.0
        ]
      ],
      "matrix_world_from_sensor_bevfusion": [
        [
          -0.9495527744293213,
          -0.31360188126564026,
          -0.0018405644223093987,
          75.387451171875
        ],
        [
          0.3136015832424164,
          -0.9495545625686646,
          0.0004474436864256859,
          62.90732955932617
        ],
        [
          -0.0018880354473367333,
          -0.00015233254816848785,
          0.9999982118606567,
          0.8921244740486145
        ],
        [
          0.0,
          0.0,
          0.0,
          1.0
        ]
      ],
      "matrix_ego_from_sensor_carla": [
        [
          1.0,
          -4.5505696433245646e-10,
          2.6131874442114622e-14,
          1.9999961853027344
        ],
        [
          2.9347321017780814e-08,
          1.0,
          4.77503661611145e-11,
          7.62939453125e-06
        ],
        [
          2.6131874442114622e-14,
          -1.0457348528780663e-11,
          1.0,
          0.899999737739563
        ],
        [
          0.0,
          0.0,
          0.0,
          1.0
        ]
      ],
      "matrix_ego_from_sensor_bevfusion": [
        [
          1.0,
          4.5505696433245646e-10,
          2.6131874442114622e-14,
          1.9999961853027344
        ],
        [
          -2.9347321017780814e-08,
          1.0,
          -4.77503661611145e-11,
          -7.62939453125e-06
        ],
        [
          2.6131874442114622e-14,
          1.0457348528780663e-11,
          1.0,
          0.899999737739563
        ],
        [
          0.0,
          0.0,
          0.0,
          1.0
        ]
      ],
      "data_path": "D:\\Agent-AI\\outputs\\s3a_ml_long_v2\\sample_000093\\radar\\RADAR_FRONT.npy",
      "raw_layout": [
        "velocity",
        "altitude",
        "azimuth",
        "depth"
      ]
    },
    "RADAR_FRONT_LEFT": {
      "type_id": "sensor.other.radar",
      "blueprint_attributes": {
        "sensor_tick": "0.100000",
        "role_name": "default",
        "noise_seed": "0",
        "ros_name": "sensor.other.radar",
        "horizontal_fov": "35.0",
        "points_per_second": "1500",
        "vertical_fov": "20.0",
        "range": "120.0"
      },
      "transform_carla": {
        "location": {
          "x": 75.4845962524414,
          "y": -62.08539962768555,
          "z": 0.8926710486412048
        },
        "rotation": {
          "roll": 0.07032662630081177,
          "pitch": -0.0826726034283638,
          "yaw": 153.27638244628906
        }
      },
      "matrix_world_from_sensor_carla": [
        [
          -0.8931851983070374,
          -0.4496852457523346,
          -0.0018407448660582304,
          75.4845962524414
        ],
        [
          0.449686735868454,
          -0.8931861519813538,
          -0.0004474670859053731,
          -62.08539962768555
        ],
        [
          -0.0014429086586460471,
          -0.0012274294858798385,
          0.9999982118606567,
          0.8926710486412048
        ],
        [
          0.0,
          0.0,
          0.0,
          1.0
        ]
      ],
      "matrix_world_from_sensor_bevfusion": [
        [
          -0.8931851983070374,
          0.4496852457523346,
          -0.0018407448660582304,
          75.4845962524414
        ],
        [
          -0.449686735868454,
          -0.8931861519813538,
          0.0004474670859053731,
          62.08539962768555
        ],
        [
          -0.0014429086586460471,
          0.0012274294858798385,
          0.9999982118606567,
          0.8926710486412048
        ],
        [
          0.0,
          0.0,
          0.0,
          1.0
        ]
      ],
      "matrix_ego_from_sensor_carla": [
        [
          0.7071067690849304,
          0.7071067690849304,
          1.7869754742605437e-07,
          1.6500015258789062
        ],
        [
          -0.7071068286895752,
          0.7071066498756409,
          -3.430931982961738e-08,
          -0.7499923706054688
        ],
        [
          -1.5062244074215414e-07,
          -1.0222972690598908e-07,
          1.0,
          0.899999737739563
        ],
        [
          0.0,
          0.0,
          0.0,
          1.0
        ]
      ],
      "matrix_ego_from_sensor_bevfusion": [
        [
          0.7071067690849304,
          -0.7071067690849304,
          1.7869754742605437e-07,
          1.6500015258789062
        ],
        [
          0.7071068286895752,
          0.7071066498756409,
          3.430931982961738e-08,
          0.7499923706054688
        ],
        [
          -1.5062244074215414e-07,
          1.0222972690598908e-07,
          1.0,
          0.899999737739563
        ],
        [
          0.0,
          0.0,
          0.0,
          1.0
        ]
      ],
      "data_path": "D:\\Agent-AI\\outputs\\s3a_ml_long_v2\\sample_000093\\radar\\RADAR_FRONT_LEFT.npy",
      "raw_layout": [
        "velocity",
        "altitude",
        "azimuth",
        "depth"
      ]
    },
    "RADAR_FRONT_RIGHT": {
      "type_id": "sensor.other.radar",
      "blueprint_attributes": {
        "sensor_tick": "0.100000",
        "role_name": "default",
        "noise_seed": "0",
