{
  "schema_version": "stage1.v1",
  "sample_name": "sample_000002",
  "sequence_index": 2,
  "previous_sample_name": "sample_000001",
  "frame_id": 726275,
  "timestamp": 4997.394624721259,
  "platform_timestamp": 16813365.8398966,
  "delta_seconds": 0.10000000149011612,
  "town": "Carla/Maps/Town10HD_Opt",
  "weather": {
    "cloudiness": 20.0,
    "dust_storm": 0.0,
    "fog_density": 2.0,
    "fog_distance": 0.75,
    "fog_falloff": 0.10000000149011612,
    "mie_scattering_scale": 0.029999999329447746,
    "precipitation": 0.0,
    "precipitation_deposits": 0.0,
    "rayleigh_scattering_scale": 0.03310000151395798,
    "scattering_intensity": 1.0,
    "sun_altitude_angle": 45.0,
    "sun_azimuth_angle": 300.0,
    "wetness": 0.0,
    "wind_intensity": 10.0
  },
  "sensor_names": [
    "CAM_FRONT",
    "CAM_FRONT_RIGHT",
    "CAM_FRONT_LEFT",
    "CAM_BACK",
    "CAM_BACK_LEFT",
    "CAM_BACK_RIGHT",
    "LIDAR_TOP",
    "RADAR_FRONT",
    "RADAR_FRONT_LEFT",
    "RADAR_FRONT_RIGHT",
    "RADAR_BACK_LEFT",
    "RADAR_BACK_RIGHT"
  ],
  "camera_order_for_model": [
    "CAM_FRONT",
    "CAM_FRONT_RIGHT",
    "CAM_FRONT_LEFT",
    "CAM_BACK",
    "CAM_BACK_LEFT",
    "CAM_BACK_RIGHT"
  ],
  "radar_order_for_model": [
    "RADAR_FRONT",
    "RADAR_FRONT_LEFT",
    "RADAR_FRONT_RIGHT",
    "RADAR_BACK_LEFT",
    "RADAR_BACK_RIGHT"
  ],
  "coordinate_notes": {
    "carla_world": "left-handed x-forward y-right z-up",
    "bevfusion_lidar": "x-forward y-left z-up",
    "camera_frame_for_model": "OpenCV style x-right y-down z-forward"
  },
  "ego": {
    "actor_id": 49,
    "transform_carla": {
      "location": {
        "x": 106.39834594726562,
        "y": -21.59417724609375,
        "z": -0.00665157288312912
      },
      "rotation": {
        "roll": 0.033762127161026,
        "pitch": 0.579876184463501,
        "yaw": -90.9621353149414
      }
    },
    "velocity_carla": [
      -0.11874053627252579,
      -4.661853313446045,
      -2.332687290618196e-05
    ],
    "angular_velocity_carla": [
      -0.13111519813537598,
      0.03266851603984833,
      -1.6196670532226562
    ],
    "matrix_world_from_ego_carla": [
      [
        -0.016790810972452164,
        0.9998587369918823,
        0.0007591184694319963,
        106.39834594726562
      ],
      [
        -0.9998078346252441,
        -0.016797630116343498,
        0.01010925229638815,
        -21.59417724609375
      ],
      [
        0.010120575316250324,
        -0.0005892300396226346,
        0.9999486207962036,
        -0.00665157288312912
      ],
      [
        0.0,
        0.0,
        0.0,
        1.0
      ]
    ],
    "matrix_world_from_ego_bevfusion": [
      [
        -0.016790810972452164,
        -0.9998587369918823,
        0.0007591184694319963,
        106.39834594726562
      ],
      [
        0.9998078346252441,
        -0.016797630116343498,
        -0.01010925229638815,
        21.59417724609375
      ],
      [
        0.010120575316250324,
        0.0005892300396226346,
        0.9999486207962036,
        -0.00665157288312912
      ],
      [
        0.0,
        0.0,
        0.0,
        1.0
      ]
    ]
  },
  "sensors": {
    "CAM_FRONT": {
      "type_id": "sensor.camera.rgb",
      "blueprint_attributes": {
        "role_name": "front",
        "ros_name": "sensor.camera.rgb",
        "chromatic_aberration_offset": "0.0",
        "sensor_tick": "0.100000",
        "fstop": "1.4",
        "image_size_x": "960",
        "image_size_y": "540",
        "fov": "70.00",
        "lens_circle_falloff": "5.0",
        "lens_circle_multiplier": "0.0",
        "exposure_compensation": "0.0",
        "lens_y_size": "0.08",
        "lens_k": "-1.0",
        "exposure_mode": "histogram",
        "lens_kcube": "0.0",
        "lens_x_size": "0.08",
        "exposure_max_bright": "12.0",
        "shutter_speed": "200.0",
        "bloom_intensity": "0.675",
        "iso": "100.0",
        "enable_postprocess_effects": "false",
        "gamma": "2.2",
        "motion_blur_intensity": "0.0",
        "motion_blur_max_distortion": "0.35",
        "lens_flare_intensity": "0.1",
        "motion_blur_min_object_screen_size": "0.1",
        "exposure_min_bright": "10.0",
        "exposure_speed_up": "3.0",
        "exposure_speed_down": "1.0",
        "tint": "0.0",
        "calibration_constant": "16.0",
        "focal_distance": "1000.0",
        "min_fstop": "1.2",
        "blade_count": "5",
        "blur_amount": "0.0",
        "blur_radius": "0.0",
        "slope": "0.88",
        "toe": "0.55",
        "white_clip": "0.04",
        "shoulder": "0.26",
        "black_clip": "0.0",
        "temp": "6500.0",
        "chromatic_aberration_intensity": "0.0"
      },
      "transform_carla": {
        "location": {
          "x": 106.37361145019531,
          "y": -23.126693725585938,
          "z": 1.7089478969573975
        },
        "rotation": {
          "roll": 0.033762127161026,
          "pitch": 0.579876184463501,
          "yaw": -90.9621353149414
        }
      },
      "matrix_world_from_sensor_carla": [
        [
          -0.016790810972452164,
          0.9998587369918823,
          0.0007591184694319963,
          106.37361145019531
        ],
        [
          -0.9998078346252441,
          -0.016797630116343498,
          0.01010925229638815,
          -23.126693725585938
        ],
        [
          0.010120575316250324,
          -0.0005892300396226346,
          0.9999486207962036,
          1.7089478969573975
        ],
        [
          0.0,
          0.0,
          0.0,
          1.0
        ]
      ],
      "matrix_world_from_sensor_bevfusion": [
        [
          0.9998587369918823,
          -0.0007591184694319963,
          -0.016790810972452164,
          106.37361145019531
        ],
        [
          0.016797630116343498,
          0.01010925229638815,
          0.9998078346252441,
          23.126693725585938
        ],
        [
          -0.0005892300396226346,
          -0.9999486207962036,
          0.010120575316250324,
          1.7089478969573975
        ],
        [
          0.0,
          0.0,
          0.0,
          1.0
        ]
      ],
      "matrix_ego_from_sensor_carla": [
        [
          1.0,
          -1.1719841763735417e-10,
          -3.0910507486936467e-10,
          1.5500011444091797
        ],
        [
          -9.784899557274684e-10,
          1.0,
          6.186613721315126e-12,
          0.0
        ],
        [
          6.222174997461138e-10,
          6.186613721315126e-12,
          1.0,
          1.6999999284744263
        ],
        [
          0.0,
          0.0,
          0.0,
          1.0
        ]
      ],
      "matrix_ego_from_sensor_bevfusion": [
        [
          -1.1719841763735417e-10,
          3.0910507486936467e-10,
          1.0,
          1.5500011444091797
        ],
        [
          -1.0,
          6.186613721315126e-12,
          9.784899557274684e-10,
          0.0
        ],
        [
          6.186613721315126e-12,
          -1.0,
          6.222174997461138e-10,
          1.6999999284744263
        ],
        [
          0.0,
          0.0,
          0.0,
          1.0
        ]
      ],
      "camera_intrinsics": [
        [
          685.5110473632812,
          0.0,
          480.0
        ],
        [
          0.0,
          685.5110473632812,
          270.0
        ],
        [
          0.0,
          0.0,
          1.0
        ]
      ],
      "data_path": "D:\\Agent-AI\\outputs\\s3a_ml_long_v1\\sample_000002\\images\\CAM_FRONT.png",
      "raw_layout": "bgra8"
    },
    "CAM_FRONT_RIGHT": {
      "type_id": "sensor.camera.rgb",
      "blueprint_attributes": {
        "role_name": "front",
        "ros_name": "sensor.camera.rgb",
        "chromatic_aberration_offset": "0.0",
        "sensor_tick": "0.100000",
        "fstop": "1.4",
        "image_size_x": "960",
        "image_size_y": "540",
        "fov": "70.00",
        "lens_circle_falloff": "5.0",
        "lens_circle_multiplier": "0.0",
        "exposure_compensation": "0.0",
        "lens_y_size": "0.08",
        "lens_k": "-1.0",
        "exposure_mode": "histogram",
        "lens_kcube": "0.0",
        "lens_x_size": "0.08",
        "exposure_max_bright": "12.0",
        "shutter_speed": "200.0",
        "bloom_intensity": "0.675",
        "iso": "100.0",
        "enable_postprocess_effects": "false",
        "gamma": "2.2",
        "motion_blur_intensity": "0.0",
        "motion_blur_max_distortion": "0.35",
        "lens_flare_intensity": "0.1",
        "motion_blur_min_object_screen_size": "0.1",
        "exposure_min_bright": "10.0",
        "exposure_speed_up": "3.0",
        "exposure_speed_down": "1.0",
        "tint": "0.0",
        "calibration_constant": "16.0",
        "focal_distance": "1000.0",
        "min_fstop": "1.2",
        "blade_count": "5",
        "blur_amount": "0.0",
        "blur_radius": "0.0",
        "slope": "0.88",
        "toe": "0.55",
        "white_clip": "0.04",
        "shoulder": "0.26",
        "black_clip": "0.0",
        "temp": "6500.0",
        "chromatic_aberration_intensity": "0.0"
      },
      "transform_carla": {
        "location": {
          "x": 106.927734375,
          "y": -22.8859806060791,
          "z": 1.706093668937683
        },
        "rotation": {
          "roll": 0.4943757951259613,
          "pitch": 0.3049474358558655,
          "yaw": -35.960994720458984
        }
      },
      "matrix_world_from_sensor_carla": [
        [
          0.8094054460525513,
          0.5872496962547302,
          0.0007590721361339092,
          106.927734375
        ],
        [
          -0.5872260332107544,
          0.8093598484992981,
          0.010109283961355686,
          -22.8859806060791
        ],
        [
          0.0053223115392029285,
          -0.008628256618976593,
          0.9999485611915588,
          1.706093668937683
        ],
        [
          0.0,
          0.0,
          0.0,
          1.0
        ]
      ],
      "matrix_world_from_sensor_bevfusion": [
        [
          0.5872496962547302,
          -0.0007590721361339092,
          0.8094054460525513,
          106.927734375
        ],
        [
          -0.8093598484992981,
          0.010109283961355686,
          0.5872260332107544,
          22.8859806060791
        ],
        [
          -0.008628256618976593,
          -0.9999485611915588,
          0.0053223115392029285,
          1.706093668937683
        ],
        [
          0.0,
          0.0,
          0.0,
          1.0
        ]
      ],
      "matrix_ego_from_sensor_carla": [
        [
          0.5735764503479004,
          -0.8191519975662231,
          -3.164598183502676e-08,
          1.3000011444091797
        ],
        [
          0.8191519975662231,
          0.5735764503479004,
          -4.681585963339785e-08,
          0.5500030517578125
        ],
        [
          5.7163383360148146e-08,
          9.347322915687073e-10,
          0.9999999403953552,
          1.6999999284744263
        ],
        [
          0.0,
          0.0,
          0.0,
          1.0
        ]
      ],
      "matrix_ego_from_sensor_bevfusion": [
        [
          -0.8191519975662231,
          3.164598183502676e-08,
          0.5735764503479004,
          1.3000011444091797
        ],
        [
          -0.5735764503479004,
          -4.681585963339785e-08,
          -0.8191519975662231,
          -0.5500030517578125
        ],
        [
          9.347322915687073e-10,
          -0.9999999403953552,
          5.7163383360148146e-08,
          1.6999999284744263
        ],
        [
          0.0,
          0.0,
          0.0,
          1.0
        ]
      ],
      "camera_intrinsics": [
        [
          685.5110473632812,
          0.0,
          480.0
        ],
        [
          0.0,
          685.5110473632812,
          270.0
        ],
        [
          0.0,
          0.0,
          1.0
        ]
      ],
      "data_path": "D:\\Agent-AI\\outputs\\s3a_ml_long_v1\\sample_000002\\images\\CAM_FRONT_RIGHT.png",
      "raw_layout": "bgra8"
    },
    "CAM_FRONT_LEFT": {
      "type_id": "sensor.camera.rgb",
      "blueprint_attributes": {
        "role_name": "front",
        "ros_name": "sensor.camera.rgb",
        "chromatic_aberration_offset": "0.0",
        "sensor_tick": "0.100000",
        "fstop": "1.4",
        "image_size_x": "960",
        "image_size_y": "540",
        "fov": "70.00",
        "lens_circle_falloff": "5.0",
        "lens_circle_multiplier": "0.0",
        "exposure_compensation": "0.0",
        "lens_y_size": "0.08",
        "lens_k": "-1.0",
        "exposure_mode": "histogram",
        "lens_kcube": "0.0",
        "lens_x_size": "0.08",
        "exposure_max_bright": "12.0",
        "shutter_speed": "200.0",
        "bloom_intensity": "0.675",
        "iso": "100.0",
        "enable_postprocess_effects": "false",
        "gamma": "2.2",
        "motion_blur_intensity": "0.0",
        "motion_blur_max_distortion": "0.35",
        "lens_flare_intensity": "0.1",
        "motion_blur_min_object_screen_size": "0.1",
        "exposure_min_bright": "10.0",
        "exposure_speed_up": "3.0",
        "exposure_speed_down": "1.0",
        "tint": "0.0",
        "calibration_constant": "16.0",
        "focal_distance": "1000.0",
        "min_fstop": "1.2",
        "blade_count": "5",
        "blur_amount": "0.0",
        "blur_radius": "0.0",
        "slope": "0.88",
        "toe": "0.55",
        "white_clip": "0.04",
        "shoulder": "0.26",
        "black_clip": "0.0",
        "temp": "6500.0",
        "chromatic_aberration_intensity": "0.0"
      },
      "transform_carla": {
        "location": {
          "x": 105.82788848876953,
          "y": -22.867502212524414,
          "z": 1.7067419290542603
        },
        "rotation": {
          "roll": -0.4556482434272766,
          "pitch": 0.3602514863014221,
          "yaw": -145.96371459960938
        }
      },
      "matrix_world_from_sensor_carla": [
        [
          -0.8286668658256531,
          0.5597416162490845,
          0.000759064219892025,
          105.82788848876953
        ],
        [
          -0.5597068071365356,
          -0.8286290168762207,
          0.010109218768775463,
          -22.867502212524414
        ],
        [
          0.0062875328585505486,
          0.007952320389449596,
          0.9999485611915588,
          1.7067419290542603
        ],
        [
          0.0,
          0.0,
          0.0,
          1.0
        ]
      ],
      "matrix_world_from_sensor_bevfusion": [
        [
          0.5597416162490845,
          -0.000759064219892025,
          -0.8286668658256531,
          105.82788848876953
        ],
        [
          0.8286290168762207,
          0.010109218768775463,
          0.5597068071365356,
          22.867502212524414
        ],
        [
          0.007952320389449596,
          -0.9999485611915588,
          0.0062875328585505486,
          1.7067419290542603
        ],
        [
          0.0,
          0.0,
          0.0,
          1.0
        ]
      ],
      "matrix_ego_from_sensor_carla": [
        [
          0.5735768675804138,
          0.8191516995429993,
          3.3546598388056736e-08,
          1.2999992370605469
        ],
        [
          -0.819151759147644,
          0.573576807975769,
          -5.3626155960273536e-08,
          -0.5499954223632812
        ],
        [
          -6.320943413129498e-08,
          3.060688147371593e-09,
          0.9999999403953552,
          1.7000000476837158
        ],
        [
          0.0,
          0.0,
          0.0,
          1.0
        ]
      ],
      "matrix_ego_from_sensor_bevfusion": [
        [
          0.8191516995429993,
          -3.3546598388056736e-08,
          0.5735768675804138,
          1.2999992370605469
        ],
        [
          -0.573576807975769,
          -5.3626155960273536e-08,
          0.819151759147644,
          0.5499954223632812
        ],
        [
          3.060688147371593e-09,
          -0.9999999403953552,
          -6.320943413129498e-08,
          1.7000000476837158
        ],
        [
          0.0,
          0.0,
          0.0,
          1.0
        ]
      ],
      "camera_intrinsics": [
        [
          685.5110473632812,
          0.0,
          480.0
        ],
        [
          0.0,
          685.5110473632812,
          270.0
        ],
        [
          0.0,
          0.0,
          1.0
        ]
      ],
      "data_path": "D:\\Agent-AI\\outputs\\s3a_ml_long_v1\\sample_000002\\images\\CAM_FRONT_LEFT.png",
      "raw_layout": "bgra8"
    },
    "CAM_BACK": {
      "type_id": "sensor.camera.rgb",
      "blueprint_attributes": {
        "role_name": "front",
        "ros_name": "sensor.camera.rgb",
        "chromatic_aberration_offset": "0.0",
        "sensor_tick": "0.100000",
        "fstop": "1.4",
        "image_size_x": "960",
        "image_size_y": "540",
        "fov": "70.00",
        "lens_circle_falloff": "5.0",
        "lens_circle_multiplier": "0.0",
        "exposure_compensation": "0.0",
        "lens_y_size": "0.08",
        "lens_k": "-1.0",
        "exposure_mode": "histogram",
        "lens_kcube": "0.0",
        "lens_x_size": "0.08",
        "exposure_max_bright": "12.0",
        "shutter_speed": "200.0",
        "bloom_intensity": "0.675",
        "iso": "100.0",
        "enable_postprocess_effects": "false",
        "gamma": "2.2",
        "motion_blur_intensity": "0.0",
        "motion_blur_max_distortion": "0.35",
        "lens_flare_intensity": "0.1",
        "motion_blur_min_object_screen_size": "0.1",
        "exposure_min_bright": "10.0",
        "exposure_speed_up": "3.0",
        "exposure_speed_down": "1.0",
        "tint": "0.0",
        "calibration_constant": "16.0",
        "focal_distance": "1000.0",
        "min_fstop": "1.2",
        "blade_count": "5",
        "blur_amount": "0.0",
        "blur_radius": "0.0",
        "slope": "0.88",
        "toe": "0.55",
        "white_clip": "0.04",
        "shoulder": "0.26",
        "black_clip": "0.0",
        "temp": "6500.0",
        "chromatic_aberration_intensity": "0.0"
      },
      "transform_carla": {
        "location": {
          "x": 106.4256591796875,
          "y": -20.02729034423828,
          "z": 1.6775741577148438
        },
        "rotation": {
          "roll": -0.033762313425540924,
          "pitch": -0.579876184463501,
          "yaw": 89.0378646850586
        }
      },
      "matrix_world_from_sensor_carla": [
        [
          0.0167908426374197,
          -0.9998587369918823,
          0.000759122078306973,
          106.4256591796875
        ],
        [
          0.9998078346252441,
          0.016797661781311035,
          0.01010925229638815,
          -20.02729034423828
        ],
        [
          -0.010120575316250324,
          0.0005892332992516458,
          0.9999486207962036,
          1.6775741577148438
        ],
        [
          0.0,
          0.0,
          0.0,
          1.0
        ]
      ],
      "matrix_world_from_sensor_bevfusion": [
        [
          -0.9998587369918823,
          -0.000759122078306973,
          0.0167908426374197,
          106.4256591796875
        ],
        [
          -0.016797661781311035,
          0.01010925229638815,
          -0.9998078346252441,
          20.02729034423828
        ],
        [
          0.0005892332992516458,
          -0.9999486207962036,
          -0.010120575316250324,
          1.6775741577148438
        ],
        [
          0.0,
          0.0,
          0.0,
          1.0
        ]
      ],
      "matrix_ego_from_sensor_carla": [
        [
          -1.0,
          -3.1508413655956247e-08,
          -3.0910507486936467e-10,
          -1.5499992370605469
        ],
        [
          3.2643455938341503e-08,
          -1.0,
          3.6150615834174005e-09,
          -7.62939453125e-06
        ],
        [
          -6.222174997461138e-10,
          3.544313287306977e-09,
          1.0,
          1.7000000476837158
        ],
        [
          0.0,
          0.0,
          0.0,
          1.0
        ]
      ],
      "matrix_ego_from_sensor_bevfusion": [
        [
          -3.1508413655956247e-08,
          3.0910507486936467e-10,
          -1.0,
          -1.5499992370605469
        ],
        [
          1.0,
          3.6150615834174005e-09,
          -3.2643455938341503e-08,
          7.62939453125e-06
        ],
        [
          3.544313287306977e-09,
          -1.0,
          -6.222174997461138e-10,
          1.7000000476837158
        ],
        [
          0.0,
          0.0,
          0.0,
          1.0
        ]
      ],
      "camera_intrinsics": [
        [
          685.5110473632812,
          0.0,
          480.0
        ],
        [
          0.0,
          685.5110473632812,
          270.0
        ],
        [
          0.0,
          0.0,
          1.0
        ]
      ],
      "data_path": "D:\\Agent-AI\\outputs\\s3a_ml_long_v1\\sample_000002\\images\\CAM_BACK.png",
      "raw_layout": "bgra8"
    },
    "CAM_BACK_LEFT": {
      "type_id": "sensor.camera.rgb",
      "blueprint_attributes": {
        "role_name": "front",
        "ros_name": "sensor.camera.rgb",
        "chromatic_aberration_offset": "0.0",
        "sensor_tick": "0.100000",
        "fstop": "1.4",
        "image_size_x": "960",
        "image_size_y": "540",
        "fov": "70.00",
        "lens_circle_falloff": "5.0",
        "lens_circle_multiplier": "0.0",
        "exposure_compensation": "0.0",
        "lens_y_size": "0.08",
        "lens_k": "-1.0",
        "exposure_mode": "histogram",
        "lens_kcube": "0.0",
        "lens_x_size": "0.08",
        "exposure_max_bright": "12.0",
        "shutter_speed": "200.0",
        "bloom_intensity": "0.675",
        "iso": "100.0",
        "enable_postprocess_effects": "false",
        "gamma": "2.2",
        "motion_blur_intensity": "0.0",
        "motion_blur_max_distortion": "0.35",
        "lens_flare_intensity": "0.1",
        "motion_blur_min_object_screen_size": "0.1",
        "exposure_min_bright": "10.0",
        "exposure_speed_up": "3.0",
        "exposure_speed_down": "1.0",
        "tint": "0.0",
        "calibration_constant": "16.0",
        "focal_distance": "1000.0",
        "min_fstop": "1.2",
        "blade_count": "5",
        "blur_amount": "0.0",
        "blur_radius": "0.0",
        "slope": "0.88",
        "toe": "0.55",
        "white_clip": "0.04",
        "shoulder": "0.26",
        "black_clip": "0.0",
        "temp": "6500.0",
        "chromatic_aberration_intensity": "0.0"
      },
      "transform_carla": {
        "location": {
          "x": 105.87154388427734,
          "y": -20.268001556396484,
          "z": 1.6804282665252686
        },
        "rotation": {
          "roll": -0.4943758547306061,
          "pitch": -0.3049474358558655,
          "yaw": 144.03900146484375
        }
      },
      "matrix_world_from_sensor_carla": [
        [
          -0.8094054460525513,
          -0.5872496962547302,
          0.0007590726017951965,
          105.87154388427734
        ],
        [
          0.5872260332107544,
          -0.8093598484992981,
          0.01010928489267826,
          -20.268001556396484
        ],
        [
          -0.0053223115392029285,
          0.008628257550299168,
          0.9999485611915588,
          1.6804282665252686
        ],
        [
          0.0,
          0.0,
          0.0,
          1.0
        ]
      ],
      "matrix_world_from_sensor_bevfusion": [
        [
          -0.5872496962547302,
          -0.0007590726017951965,
          -0.8094054460525513,
          105.87154388427734
        ],
        [
          0.8093598484992981,
          0.01010928489267826,
          -0.5872260332107544,
          20.268001556396484
        ],
        [
          0.008628257550299168,
          -0.9999485611915588,
          -0.0053223115392029285,
          1.6804282665252686
        ],
        [
          0.0,
          0.0,
          0.0,
          1.0
        ]
      ],
      "matrix_ego_from_sensor_carla": [
        [
          -0.5735764503479004,
          0.8191519975662231,
          -3.257730440964224e-08,
          -1.2999992370605469
        ],
        [
          -0.8191519975662231,
          -0.5735764503479004,
          -4.635019834609011e-08,
          -0.5499954223632812
        ],
        [
          -5.7163383360148146e-08,
          -3.457567565590125e-12,
          0.9999999403953552,
          1.6999999284744263
        ],
        [
          0.0,
          0.0,
          0.0,
          1.0
        ]
      ],
      "matrix_ego_from_sensor_bevfusion": [
        [
          0.8191519975662231,
          3.257730440964224e-08,
          -0.5735764503479004,
          -1.2999992370605469
        ],
        [
          0.5735764503479004,
          -4.635019834609011e-08,
          0.8191519975662231,
          0.5499954223632812
        ],
        [
          -3.457567565590125e-12,
          -0.9999999403953552,
          -5.7163383360148146e-08,
          1.6999999284744263
        ],
        [
          0.0,
          0.0,
          0.0,
          1.0
        ]
      ],
      "camera_intrinsics": [
        [
          685.5110473632812,
          0.0,
          480.0
        ],
        [
          0.0,
          685.5110473632812,
          270.0
        ],
        [
          0.0,
          0.0,
          1.0
        ]
      ],
      "data_path": "D:\\Agent-AI\\outputs\\s3a_ml_long_v1\\sample_000002\\images\\CAM_BACK_LEFT.png",
      "raw_layout": "bgra8"
    },
    "CAM_BACK_RIGHT": {
      "type_id": "sensor.camera.rgb",
      "blueprint_attributes": {
        "role_name": "front",
        "ros_name": "sensor.camera.rgb",
        "chromatic_aberration_offset": "0.0",
        "sensor_tick": "0.100000",
        "fstop": "1.4",
        "image_size_x": "960",
        "image_size_y": "540",
        "fov": "70.00",
        "lens_circle_falloff": "5.0",
        "lens_circle_multiplier": "0.0",
        "exposure_compensation": "0.0",
        "lens_y_size": "0.08",
        "lens_k": "-1.0",
        "exposure_mode": "histogram",
        "lens_kcube": "0.0",
        "lens_x_size": "0.08",
        "exposure_max_bright": "12.0",
        "shutter_speed": "200.0",
        "bloom_intensity": "0.675",
        "iso": "100.0",
        "enable_postprocess_effects": "false",
        "gamma": "2.2",
        "motion_blur_intensity": "0.0",
        "motion_blur_max_distortion": "0.35",
        "lens_flare_intensity": "0.1",
        "motion_blur_min_object_screen_size": "0.1",
        "exposure_min_bright": "10.0",
        "exposure_speed_up": "3.0",
        "exposure_speed_down": "1.0",
        "tint": "0.0",
        "calibration_constant": "16.0",
        "focal_distance": "1000.0",
        "min_fstop": "1.2",
        "blade_count": "5",
        "blur_amount": "0.0",
        "blur_radius": "0.0",
        "slope": "0.88",
        "toe": "0.55",
        "white_clip": "0.04",
        "shoulder": "0.26",
        "black_clip": "0.0",
        "temp": "6500.0",
        "chromatic_aberration_intensity": "0.0"
      },
      "transform_carla": {
        "location": {
          "x": 106.97138214111328,
          "y": -20.286479949951172,
          "z": 1.679780125617981
        },
        "rotation": {
          "roll": 0.4556483030319214,
          "pitch": -0.3602514863014221,
          "yaw": 34.036258697509766
        }
      },
      "matrix_world_from_sensor_carla": [
        [
          0.828667163848877,
          -0.5597411394119263,
          0.0007590688765048981,
          106.97138214111328
        ],
        [
          0.5597063302993774,
          0.8286293148994446,
          0.010109219700098038,
          -20.286479949951172
        ],
        [
          -0.0062875328585505486,
          -0.007952322252094746,
          0.9999485611915588,
          1.679780125617981
        ],
        [
          0.0,
          0.0,
          0.0,
          1.0
        ]
      ],
      "matrix_world_from_sensor_bevfusion": [
        [
          -0.5597411394119263,
          -0.0007590688765048981,
          0.828667163848877,
          106.97138214111328
        ],
        [
          -0.8286293148994446,
          0.010109219700098038,
          -0.5597063302993774,
          20.286479949951172
        ],
        [
          -0.007952322252094746,
          -0.9999485611915588,
          -0.0062875328585505486,
          1.679780125617981
        ],
        [
          0.0,
          0.0,
          0.0,
          1.0
        ]
      ],
      "matrix_ego_from_sensor_carla": [
        [
          -0.5735763907432556,
          -0.8191519975662231,
          3.261527581344126e-08,
          -1.2999992370605469
        ],
        [
          0.8191520571708679,
          -0.5735763311386108,
          -4.902775074810961e-08,
          0.5499954223632812
        ],
        [
          5.855282125821759e-08,
          -1.1979471858936108e-09,
          0.9999999403953552,
          1.6999999284744263
        ],
        [
          0.0,
          0.0,
          0.0,
          1.0
        ]
      ],
      "matrix_ego_from_sensor_bevfusion": [
        [
          -0.8191519975662231,
          -3.261527581344126e-08,
          -0.5735763907432556,
          -1.2999992370605469
        ],
        [
          0.5735763311386108,
          -4.902775074810961e-08,
          -0.8191520571708679,
          -0.5499954223632812
        ],
        [
          -1.1979471858936108e-09,
          -0.9999999403953552,
          5.855282125821759e-08,
          1.6999999284744263
        ],
        [
          0.0,
          0.0,
          0.0,
          1.0
        ]
      ],
      "camera_intrinsics": [
        [
          685.5110473632812,
          0.0,
          480.0
        ],
        [
          0.0,
          685.5110473632812,
          270.0
        ],
        [
          0.0,
          0.0,
          1.0
        ]
      ],
      "data_path": "D:\\Agent-AI\\outputs\\s3a_ml_long_v1\\sample_000002\\images\\CAM_BACK_RIGHT.png",
      "raw_layout": "bgra8"
    },
    "LIDAR_TOP": {
      "type_id": "sensor.lidar.ray_cast",
      "blueprint_attributes": {
        "atmosphere_attenuation_rate": "0.004",
        "role_name": "front",
        "noise_seed": "0",
        "upper_fov": "10.0",
        "ros_name": "sensor.lidar.ray_cast",
        "sensor_tick": "0.100000",
        "channels": "32",
        "range": "120.0",
        "points_per_second": "360000",
        "lower_fov": "-30.0",
        "rotation_frequency": "10.000000",
        "horizontal_fov": "360.0",
        "dropoff_general_rate": "0.0",
        "dropoff_intensity_limit": "1.0",
        "noise_stddev": "0.0",
        "dropoff_zero_intensity": "0.0"
      },
      "transform_carla": {
        "location": {
          "x": 106.40001678466797,
          "y": -21.571935653686523,
          "z": 2.193235158920288
        },
        "rotation": {
          "roll": 0.033762127161026,
          "pitch": 0.579876184463501,
          "yaw": -90.9621353149414
        }
      },
      "matrix_world_from_sensor_carla": [
        [
          -0.016790810972452164,
          0.9998587369918823,
          0.0007591184694319963,
          106.40001678466797
        ],
        [
          -0.9998078346252441,
          -0.016797630116343498,
          0.01010925229638815,
          -21.571935653686523
        ],
        [
          0.010120575316250324,
          -0.0005892300396226346,
          0.9999486207962036,
          2.193235158920288
        ],
        [
          0.0,
          0.0,
          0.0,
          1.0
        ]
      ],
      "matrix_world_from_sensor_bevfusion": [
        [
          -0.016790810972452164,
          -0.9998587369918823,
          0.0007591184694319963,
          106.40001678466797
        ],
        [
          0.9998078346252441,
          -0.016797630116343498,
          -0.01010925229638815,
          21.571935653686523
        ],
        [
          0.010120575316250324,
          0.0005892300396226346,
          0.9999486207962036,
          2.193235158920288
        ],
        [
          0.0,
          0.0,
          0.0,
          1.0
        ]
      ],
      "matrix_ego_from_sensor_carla": [
        [
          1.0,
          -1.1719841763735417e-10,
          -3.0910507486936467e-10,
          0.0
        ],
        [
          -9.784899557274684e-10,
          1.0,
          6.186613721315126e-12,
          7.62939453125e-06
        ],
        [
          6.222174997461138e-10,
          6.186613721315126e-12,
          1.0,
          2.1999998092651367
        ],
        [
          0.0,
          0.0,
          0.0,
          1.0
        ]
      ],
      "matrix_ego_from_sensor_bevfusion": [
        [
          1.0,
          1.1719841763735417e-10,
          -3.0910507486936467e-10,
          0.0
        ],
        [
          9.784899557274684e-10,
          1.0,
          -6.186613721315126e-12,
          -7.62939453125e-06
        ],
        [
          6.222174997461138e-10,
          -6.186613721315126e-12,
          1.0,
          2.1999998092651367
        ],
        [
          0.0,
          0.0,
          0.0,
          1.0
        ]
      ],
      "data_path": "D:\\Agent-AI\\outputs\\s3a_ml_long_v1\\sample_000002\\lidar\\LIDAR_TOP.npy",
      "raw_layout": [
        "x",
        "y",
        "z",
        "intensity"
      ]
    },
    "RADAR_FRONT": {
      "type_id": "sensor.other.radar",
      "blueprint_attributes": {
        "sensor_tick": "0.100000",
        "role_name": "default",
        "noise_seed": "0",
        "ros_name": "sensor.other.radar",
        "horizontal_fov": "35.0",
        "points_per_second": "1500",
        "vertical_fov": "20.0",
        "range": "120.0"
      },
      "transform_carla": {
        "location": {
          "x": 106.36544799804688,
          "y": -23.584693908691406,
          "z": 0.9135432243347168
        },
        "rotation": {
          "roll": 0.033762127161026,
          "pitch": 0.579876184463501,
          "yaw": -90.9621353149414
        }
      },
      "matrix_world_from_sensor_carla": [
        [
          -0.016790810972452164,
          0.9998587369918823,
          0.0007591184694319963,
          106.36544799804688
        ],
        [
          -0.9998078346252441,
          -0.016797630116343498,
          0.01010925229638815,
          -23.584693908691406
        ],
        [
          0.010120575316250324,
          -0.0005892300396226346,
          0.9999486207962036,
          0.9135432243347168
        ],
        [
          0.0,
          0.0,
          0.0,
          1.0
        ]
      ],
      "matrix_world_from_sensor_bevfusion": [
        [
          -0.016790810972452164,
          -0.9998587369918823,
          0.0007591184694319963,
          106.36544799804688
        ],
        [
          0.9998078346252441,
          -0.016797630116343498,
          -0.01010925229638815,
          23.584693908691406
        ],
        [
          0.010120575316250324,
          0.0005892300396226346,
          0.9999486207962036,
          0.9135432243347168
        ],
        [
          0.0,
          0.0,
          0.0,
          1.0
        ]
      ],
      "matrix_ego_from_sensor_carla": [
        [
          1.0,
          -1.1719841763735417e-10,
          -3.0910507486936467e-10,
          2.0
        ],
        [
          -9.784899557274684e-10,
          1.0,
          6.186613721315126e-12,
          0.0
        ],
        [
          6.222174997461138e-10,
          6.186613721315126e-12,
          1.0,
          0.8999999761581421
        ],
        [
          0.0,
          0.0,
          0.0,
          1.0
        ]
      ],
      "matrix_ego_from_sensor_bevfusion": [
        [
          1.0,
          1.1719841763735417e-10,
          -3.0910507486936467e-10,
          2.0
        ],
        [
          9.784899557274684e-10,
          1.0,
          -6.186613721315126e-12,
          0.0
        ],
        [
          6.222174997461138e-10,
          -6.186613721315126e-12,
          1.0,
          0.8999999761581421
        ],
        [
          0.0,
          0.0,
          0.0,
          1.0
        ]
      ],
      "data_path": "D:\\Agent-AI\\outputs\\s3a_ml_long_v1\\sample_000002\\radar\\RADAR_FRONT.npy",
      "raw_layout": [
        "velocity",
        "altitude",
        "azimuth",
        "depth"
      ]
    },
    "RADAR_FRONT_LEFT": {
      "type_id": "sensor.other.radar",
      "blueprint_attributes": {
        "sensor_tick": "0.100000",
        "role_name": "default",
        "noise_seed": "0",
        "ros_name": "sensor.other.radar",
        "horizontal_fov": "35.0",
        "points_per_second": "1500",
        "vertical_fov": "20.0",
        "range": "120.0"
      },
      "transform_carla": {
        "location": {
          "x": 105.62142944335938,
          "y": -23.2221622467041,
          "z": 0.9104430675506592
        },
        "rotation": {
          "roll": -0.38616910576820374,
          "pitch": 0.4339013993740082,
          "yaw": -135.96377563476562
        }
      },
      "matrix_world_from_sensor_carla": [
        [
          -0.7188799381256104,
          0.6951338648796082,
          0.0007590921595692635,
          105.62142944335938
        ],
        [
          -0.695093035697937,
          -0.7188487648963928,
          0.010109223425388336,
          -23.2221622467041
        ],
        [
          0.0075729358941316605,
          0.006739677861332893,
          0.9999486207962036,
          0.9104430675506592
        ],
        [
          0.0,
          0.0,
          0.0,
          1.0
        ]
      ],
      "matrix_world_from_sensor_bevfusion": [
        [
          -0.7188799381256104,
          -0.6951338648796082,
          0.0007590921595692635,
          105.62142944335938
        ],
        [
          0.695093035697937,
          -0.7188487648963928,
          -0.010109223425388336,
          23.2221622467041
        ],
        [
          0.0075729358941316605,
          -0.006739677861332893,
          0.9999486207962036,
          0.9104430675506592
        ],
        [
          0.0,
          0.0,
          0.0,
          1.0
        ]
      ],
      "matrix_ego_from_sensor_carla": [
        [
          0.7071066498756409,
          0.70710688829422,
          2.9493216757714436e-08,
          1.6499996185302734
        ],
        [
          -0.7071069478988647,
          0.7071066498756409,
          -2.5838014394707898e-08,
          -0.75
        ],
        [
          -3.8448465744522764e-08,
          -2.155591038999205e-09,
          1.0,
          0.8999999761581421
        ],
        [
          0.0,
          0.0,
          0.0,
          1.0
        ]
      ],
      "matrix_ego_from_sensor_bevfusion": [
        [
          0.7071066498756409,
          -0.70710688829422,
          2.9493216757714436e-08,
          1.6499996185302734
        ],
        [
          0.7071069478988647,
          0.7071066498756409,
          2.5838014394707898e-08,
          0.75
        ],
        [
          -3.8448465744522764e-08,
          2.155591038999205e-09,
          1.0,
          0.8999999761581421
        ],
        [
          0.0,
          0.0,
          0.0,
          1.0
        ]
      ],
      "data_path": "D:\\Agent-AI\\outputs\\s3a_ml_long_v1\\sample_000002\\radar\\RADAR_FRONT_LEFT.npy",
      "raw_layout": [
        "velocity",
        "altitude",
        "azimuth",
        "depth"
      ]
    },
    "RADAR_FRONT_RIGHT": {
      "type_id": "sensor.other.radar",
      "blueprint_attributes": {
        "sensor_tick": "0.100000",
        "role_name": "default",
        "noise_seed": "0",
        "ros_name": "sensor.other.radar",
        "horizontal_fov": "35.0",
