{
  "schema_version": "stage1.v1",
  "sample_name": "sample_000028",
  "sequence_index": 28,
  "previous_sample_name": "sample_000027",
  "frame_id": 3948,
  "timestamp": 41.93108658865094,
  "platform_timestamp": 16816494.2551763,
  "delta_seconds": 0.10000000149011612,
  "town": "Carla/Maps/Town10HD_Opt",
  "weather": {
    "cloudiness": 20.0,
    "dust_storm": 0.0,
    "fog_density": 2.0,
    "fog_distance": 0.75,
    "fog_falloff": 0.10000000149011612,
    "mie_scattering_scale": 0.029999999329447746,
    "precipitation": 0.0,
    "precipitation_deposits": 0.0,
    "rayleigh_scattering_scale": 0.03310000151395798,
    "scattering_intensity": 1.0,
    "sun_altitude_angle": 45.0,
    "sun_azimuth_angle": 300.0,
    "wetness": 0.0,
    "wind_intensity": 10.0
  },
  "sensor_names": [
    "CAM_FRONT",
    "CAM_FRONT_RIGHT",
    "CAM_FRONT_LEFT",
    "CAM_BACK",
    "CAM_BACK_LEFT",
    "CAM_BACK_RIGHT",
    "LIDAR_TOP",
    "RADAR_FRONT",
    "RADAR_FRONT_LEFT",
    "RADAR_FRONT_RIGHT",
    "RADAR_BACK_LEFT",
    "RADAR_BACK_RIGHT"
  ],
  "camera_order_for_model": [
    "CAM_FRONT",
    "CAM_FRONT_RIGHT",
    "CAM_FRONT_LEFT",
    "CAM_BACK",
    "CAM_BACK_LEFT",
    "CAM_BACK_RIGHT"
  ],
  "radar_order_for_model": [
    "RADAR_FRONT",
    "RADAR_FRONT_LEFT",
    "RADAR_FRONT_RIGHT",
    "RADAR_BACK_LEFT",
    "RADAR_BACK_RIGHT"
  ],
  "coordinate_notes": {
    "carla_world": "left-handed x-forward y-right z-up",
    "bevfusion_lidar": "x-forward y-left z-up",
    "camera_frame_for_model": "OpenCV style x-right y-down z-forward"
  },
  "ego": {
    "actor_id": 24,
    "transform_carla": {
      "location": {
        "x": 108.33460998535156,
        "y": -34.1329460144043,
        "z": -0.004701003897935152
      },
      "rotation": {
        "roll": 0.1024782657623291,
        "pitch": 0.05481909587979317,
        "yaw": -104.09370422363281
      }
    },
    "velocity_carla": [
      -0.5525515079498291,
      -1.8232334852218628,
      0.00012233734014444053
    ],
    "angular_velocity_carla": [
      -1.8430753946304321,
      0.4148852527141571,
      -3.462534189224243
    ],
    "matrix_world_from_ego_carla": [
      [
        -0.24350827932357788,
        0.9698967933654785,
        0.0019677255768328905,
        108.33460998535156
      ],
      [
        -0.9698982834815979,
        -0.2435096651315689,
        0.0004924371605738997,
        -34.1329460144043
      ],
      [
        0.0009567735251039267,
        -0.0017885813722386956,
        0.9999979138374329,
        -0.004701003897935152
      ],
      [
        0.0,
        0.0,
        0.0,
        1.0
      ]
    ],
    "matrix_world_from_ego_bevfusion": [
      [
        -0.24350827932357788,
        -0.9698967933654785,
        0.0019677255768328905,
        108.33460998535156
      ],
      [
        0.9698982834815979,
        -0.2435096651315689,
        -0.0004924371605738997,
        34.1329460144043
      ],
      [
        0.0009567735251039267,
        0.0017885813722386956,
        0.9999979138374329,
        -0.004701003897935152
      ],
      [
        0.0,
        0.0,
        0.0,
        1.0
      ]
    ]
  },
  "sensors": {
    "CAM_FRONT": {
      "type_id": "sensor.camera.rgb",
      "blueprint_attributes": {
        "role_name": "front",
        "ros_name": "sensor.camera.rgb",
        "chromatic_aberration_offset": "0.0",
        "sensor_tick": "0.100000",
        "fstop": "1.4",
        "image_size_x": "960",
        "image_size_y": "540",
        "fov": "70.00",
        "lens_circle_falloff": "5.0",
        "lens_circle_multiplier": "0.0",
        "exposure_compensation": "0.0",
        "lens_y_size": "0.08",
        "lens_k": "-1.0",
        "exposure_mode": "histogram",
        "lens_kcube": "0.0",
        "lens_x_size": "0.08",
        "exposure_max_bright": "12.0",
        "shutter_speed": "200.0",
        "bloom_intensity": "0.675",
        "iso": "100.0",
        "enable_postprocess_effects": "false",
        "gamma": "2.2",
        "motion_blur_intensity": "0.0",
        "motion_blur_max_distortion": "0.35",
        "lens_flare_intensity": "0.1",
        "motion_blur_min_object_screen_size": "0.1",
        "exposure_min_bright": "10.0",
        "exposure_speed_up": "3.0",
        "exposure_speed_down": "1.0",
        "tint": "0.0",
        "calibration_constant": "16.0",
        "focal_distance": "1000.0",
        "min_fstop": "1.2",
        "blade_count": "5",
        "blur_amount": "0.0",
        "blur_radius": "0.0",
        "slope": "0.88",
        "toe": "0.55",
        "white_clip": "0.04",
        "shoulder": "0.26",
        "black_clip": "0.0",
        "temp": "6500.0",
        "chromatic_aberration_intensity": "0.0"
      },
      "transform_carla": {
        "location": {
          "x": 107.96051788330078,
          "y": -35.63545227050781,
          "z": 1.6967785358428955
        },
        "rotation": {
          "roll": 0.1024782657623291,
          "pitch": 0.05481909587979317,
          "yaw": -104.09370422363281
        }
      },
      "matrix_world_from_sensor_carla": [
        [
          -0.24350827932357788,
          0.9698967933654785,
          0.0019677255768328905,
          107.96051788330078
        ],
        [
          -0.9698982834815979,
          -0.2435096651315689,
          0.0004924371605738997,
          -35.63545227050781
        ],
        [
          0.0009567735251039267,
          -0.0017885813722386956,
          0.9999979138374329,
          1.6967785358428955
        ],
        [
          0.0,
          0.0,
          0.0,
          1.0
        ]
      ],
      "matrix_world_from_sensor_bevfusion": [
        [
          0.9698967933654785,
          -0.0019677255768328905,
          -0.24350827932357788,
          107.96051788330078
        ],
        [
          0.2435096651315689,
          0.0004924371605738997,
          0.9698982834815979,
          35.63545227050781
        ],
        [
          -0.0017885813722386956,
          -0.9999979138374329,
          0.0009567735251039267,
          1.6967785358428955
        ],
        [
          0.0,
          0.0,
          0.0,
          1.0
        ]
      ],
      "matrix_ego_from_sensor_carla": [
        [
          1.0,
          2.688421263385976e-09,
          -1.6924642243232313e-11,
          1.5499992370605469
        ],
        [
          3.013565619269798e-09,
          1.0,
          5.9812085839716644e-12,
          -7.62939453125e-06
        ],
        [
          -1.8104157062381887e-11,
          -1.006265487601965e-10,
          1.0,
          1.7000000476837158
        ],
        [
          0.0,
          0.0,
          0.0,
          1.0
        ]
      ],
      "matrix_ego_from_sensor_bevfusion": [
        [
          2.688421263385976e-09,
          1.6924642243232313e-11,
          1.0,
          1.5499992370605469
        ],
        [
          -1.0,
          5.9812085839716644e-12,
          -3.013565619269798e-09,
          7.62939453125e-06
        ],
        [
          -1.006265487601965e-10,
          -1.0,
          -1.8104157062381887e-11,
          1.7000000476837158
        ],
        [
          0.0,
          0.0,
          0.0,
          1.0
        ]
      ],
      "camera_intrinsics": [
        [
          685.5110473632812,
          0.0,
          480.0
        ],
        [
          0.0,
          685.5110473632812,
          270.0
        ],
        [
          0.0,
          0.0,
          1.0
        ]
      ],
      "data_path": "D:\\Agent-AI\\outputs\\s3a_left_v3\\sample_000028\\images\\CAM_FRONT.png",
      "raw_layout": "bgra8"
    },
    "CAM_FRONT_RIGHT": {
      "type_id": "sensor.camera.rgb",
      "blueprint_attributes": {
        "role_name": "front",
        "ros_name": "sensor.camera.rgb",
        "chromatic_aberration_offset": "0.0",
        "sensor_tick": "0.100000",
        "fstop": "1.4",
        "image_size_x": "960",
        "image_size_y": "540",
        "fov": "70.00",
        "lens_circle_falloff": "5.0",
        "lens_circle_multiplier": "0.0",
        "exposure_compensation": "0.0",
        "lens_y_size": "0.08",
        "lens_k": "-1.0",
        "exposure_mode": "histogram",
        "lens_kcube": "0.0",
        "lens_x_size": "0.08",
        "exposure_max_bright": "12.0",
        "shutter_speed": "200.0",
        "bloom_intensity": "0.675",
        "iso": "100.0",
        "enable_postprocess_effects": "false",
        "gamma": "2.2",
        "motion_blur_intensity": "0.0",
        "motion_blur_max_distortion": "0.35",
        "lens_flare_intensity": "0.1",
        "motion_blur_min_object_screen_size": "0.1",
        "exposure_min_bright": "10.0",
        "exposure_speed_up": "3.0",
        "exposure_speed_down": "1.0",
        "tint": "0.0",
        "calibration_constant": "16.0",
        "focal_distance": "1000.0",
        "min_fstop": "1.2",
        "blade_count": "5",
        "blur_amount": "0.0",
        "blur_radius": "0.0",
        "slope": "0.88",
        "toe": "0.55",
        "white_clip": "0.04",
        "shoulder": "0.26",
        "black_clip": "0.0",
        "temp": "6500.0",
        "chromatic_aberration_intensity": "0.0"
      },
      "transform_carla": {
        "location": {
          "x": 108.5548324584961,
          "y": -35.52690505981445,
          "z": 1.6955556869506836
        },
        "rotation": {
          "roll": 0.10368432849645615,
          "pitch": -0.05250366032123566,
          "yaw": -49.09379196166992
        }
      },
      "matrix_world_from_sensor_carla": [
        [
          0.6548224091529846,
          0.7557802796363831,
          0.0019677416421473026,
          108.5548324584961
        ],
        [
          -0.7557822465896606,
          0.6548228859901428,
          0.0004924190579913557,
          -35.52690505981445
        ],
        [
          -0.0009163616341538727,
          -0.0018096312414854765,
          0.9999979734420776,
          1.6955556869506836
        ],
        [
          0.0,
          0.0,
          0.0,
          1.0
        ]
      ],
      "matrix_world_from_sensor_bevfusion": [
        [
          0.7557802796363831,
          -0.0019677416421473026,
          0.6548224091529846,
          108.5548324584961
        ],
        [
          -0.6548228859901428,
          0.0004924190579913557,
          0.7557822465896606,
          35.52690505981445
        ],
        [
          -0.0018096312414854765,
          -0.9999979734420776,
          -0.0009163616341538727,
          1.6955556869506836
        ],
        [
          0.0,
          0.0,
          0.0,
          1.0
        ]
      ],
      "matrix_ego_from_sensor_carla": [
        [
          0.5735763907432556,
          -0.8191521763801575,
          1.3660696573936093e-08,
          1.2999982833862305
        ],
        [
          0.8191521167755127,
          0.5735763907432556,
          1.9806392970167508e-08,
          0.5499954223632812
        ],
        [
          -2.416176414499205e-08,
          -5.7967769473421527e-11,
          1.0000001192092896,
          1.7000001668930054
        ],
        [
          0.0,
          0.0,
          0.0,
          1.0
        ]
      ],
      "matrix_ego_from_sensor_bevfusion": [
        [
          -0.8191521763801575,
          -1.3660696573936093e-08,
          0.5735763907432556,
          1.2999982833862305
        ],
        [
          -0.5735763907432556,
          1.9806392970167508e-08,
          -0.8191521167755127,
          -0.5499954223632812
        ],
        [
          -5.7967769473421527e-11,
          -1.0000001192092896,
          -2.416176414499205e-08,
          1.7000001668930054
        ],
        [
          0.0,
          0.0,
          0.0,
          1.0
        ]
      ],
      "camera_intrinsics": [
        [
          685.5110473632812,
          0.0,
          480.0
        ],
        [
          0.0,
          685.5110473632812,
          270.0
        ],
        [
          0.0,
          0.0,
          1.0
        ]
      ],
      "data_path": "D:\\Agent-AI\\outputs\\s3a_left_v3\\sample_000028\\images\\CAM_FRONT_RIGHT.png",
      "raw_layout": "bgra8"
    },
    "CAM_FRONT_LEFT": {
      "type_id": "sensor.camera.rgb",
      "blueprint_attributes": {
        "role_name": "front",
        "ros_name": "sensor.camera.rgb",
        "chromatic_aberration_offset": "0.0",
        "sensor_tick": "0.100000",
        "fstop": "1.4",
        "image_size_x": "960",
        "image_size_y": "540",
        "fov": "70.00",
        "lens_circle_falloff": "5.0",
        "lens_circle_multiplier": "0.0",
        "exposure_compensation": "0.0",
        "lens_y_size": "0.08",
        "lens_k": "-1.0",
        "exposure_mode": "histogram",
        "lens_kcube": "0.0",
        "lens_x_size": "0.08",
        "exposure_max_bright": "12.0",
        "shutter_speed": "200.0",
        "bloom_intensity": "0.675",
        "iso": "100.0",
        "enable_postprocess_effects": "false",
        "gamma": "2.2",
        "motion_blur_intensity": "0.0",
        "motion_blur_max_distortion": "0.35",
        "lens_flare_intensity": "0.1",
        "motion_blur_min_object_screen_size": "0.1",
        "exposure_min_bright": "10.0",
        "exposure_speed_up": "3.0",
        "exposure_speed_down": "1.0",
        "tint": "0.0",
        "calibration_constant": "16.0",
        "focal_distance": "1000.0",
        "min_fstop": "1.2",
        "blade_count": "5",
        "blur_amount": "0.0",
        "blur_radius": "0.0",
        "slope": "0.88",
        "toe": "0.55",
        "white_clip": "0.04",
        "shoulder": "0.26",
        "black_clip": "0.0",
        "temp": "6500.0",
        "chromatic_aberration_intensity": "0.0"
      },
      "transform_carla": {
        "location": {
          "x": 107.48794555664062,
          "y": -35.25904846191406,
          "z": 1.6975228786468506
        },
        "rotation": {
          "roll": 0.013873925432562828,
          "pitch": 0.11538921296596527,
          "yaw": -159.09373474121094
        }
      },
      "matrix_world_from_sensor_carla": [
        [
          -0.9341635704040527,
          0.356839656829834,
          0.00196774210780859,
          107.48794555664062
        ],
        [
          -0.3568393886089325,
          -0.9341656565666199,
          0.0004924434470012784,
          -35.25904846191406
        ],
        [
          0.0020139203406870365,
          -0.00024214517907239497,
          0.9999979734420776,
          1.6975228786468506
        ],
        [
          0.0,
          0.0,
          0.0,
          1.0
        ]
      ],
      "matrix_world_from_sensor_bevfusion": [
        [
          0.356839656829834,
          -0.00196774210780859,
          -0.9341635704040527,
          107.48794555664062
        ],
        [
          0.9341656565666199,
          0.0004924434470012784,
          0.3568393886089325,
          35.25904846191406
        ],
        [
          -0.00024214517907239497,
          -0.9999979734420776,
          0.0020139203406870365,
          1.6975228786468506
        ],
        [
          0.0,
          0.0,
          0.0,
          1.0
        ]
      ],
      "matrix_ego_from_sensor_carla": [
        [
          0.5735764503479004,
          0.8191521167755127,
          -1.0088029078758609e-08,
          1.3000030517578125
        ],
        [
          -0.8191519975662231,
          0.5735764503479004,
          1.4334873732479991e-08,
          -0.5500030517578125
        ],
        [
          1.73390937163731e-08,
          -6.225155113614989e-11,
          1.0000001192092896,
          1.6999999284744263
        ],
        [
          0.0,
          0.0,
          0.0,
          1.0
        ]
      ],
      "matrix_ego_from_sensor_bevfusion": [
        [
          0.8191521167755127,
          1.0088029078758609e-08,
          0.5735764503479004,
          1.3000030517578125
        ],
        [
          -0.5735764503479004,
          1.4334873732479991e-08,
          0.8191519975662231,
          0.5500030517578125
        ],
        [
          -6.225155113614989e-11,
          -1.0000001192092896,
          1.73390937163731e-08,
          1.6999999284744263
        ],
        [
          0.0,
          0.0,
          0.0,
          1.0
        ]
      ],
      "camera_intrinsics": [
        [
          685.5110473632812,
          0.0,
          480.0
        ],
        [
          0.0,
          685.5110473632812,
          270.0
        ],
        [
          0.0,
          0.0,
          1.0
        ]
      ],
      "data_path": "D:\\Agent-AI\\outputs\\s3a_left_v3\\sample_000028\\images\\CAM_FRONT_LEFT.png",
      "raw_layout": "bgra8"
    },
    "CAM_BACK": {
      "type_id": "sensor.camera.rgb",
      "blueprint_attributes": {
        "role_name": "front",
        "ros_name": "sensor.camera.rgb",
        "chromatic_aberration_offset": "0.0",
        "sensor_tick": "0.100000",
        "fstop": "1.4",
        "image_size_x": "960",
        "image_size_y": "540",
        "fov": "70.00",
        "lens_circle_falloff": "5.0",
        "lens_circle_multiplier": "0.0",
        "exposure_compensation": "0.0",
        "lens_y_size": "0.08",
        "lens_k": "-1.0",
        "exposure_mode": "histogram",
        "lens_kcube": "0.0",
        "lens_x_size": "0.08",
        "exposure_max_bright": "12.0",
        "shutter_speed": "200.0",
        "bloom_intensity": "0.675",
        "iso": "100.0",
        "enable_postprocess_effects": "false",
        "gamma": "2.2",
        "motion_blur_intensity": "0.0",
        "motion_blur_max_distortion": "0.35",
        "lens_flare_intensity": "0.1",
        "motion_blur_min_object_screen_size": "0.1",
        "exposure_min_bright": "10.0",
        "exposure_speed_up": "3.0",
        "exposure_speed_down": "1.0",
        "tint": "0.0",
        "calibration_constant": "16.0",
        "focal_distance": "1000.0",
        "min_fstop": "1.2",
        "blade_count": "5",
        "blur_amount": "0.0",
        "blur_radius": "0.0",
        "slope": "0.88",
        "toe": "0.55",
        "white_clip": "0.04",
        "shoulder": "0.26",
        "black_clip": "0.0",
        "temp": "6500.0",
        "chromatic_aberration_intensity": "0.0"
      },
      "transform_carla": {
        "location": {
          "x": 108.71538543701172,
          "y": -32.62876510620117,
          "z": 1.6938124895095825
        },
        "rotation": {
          "roll": -0.1024782732129097,
          "pitch": -0.05481909587979317,
          "yaw": 75.90628814697266
        }
      },
      "matrix_world_from_sensor_carla": [
        [
          0.24350842833518982,
          -0.9698967933654785,
          0.001967725809663534,
          108.71538543701172
        ],
        [
          0.9698982834815979,
          0.24350981414318085,
          0.0004924369277432561,
          -32.62876510620117
        ],
        [
          -0.0009567735251039267,
          0.0017885814886540174,
          0.9999979138374329,
          1.6938124895095825
        ],
        [
          0.0,
          0.0,
          0.0,
          1.0
        ]
      ],
      "matrix_world_from_sensor_bevfusion": [
        [
          -0.9698967933654785,
          -0.001967725809663534,
          0.24350842833518982,
          108.71538543701172
        ],
        [
          -0.24350981414318085,
          0.0004924369277432561,
          -0.9698982834815979,
          32.62876510620117
        ],
        [
          0.0017885814886540174,
          -0.9999979138374329,
          -0.0009567735251039267,
          1.6938124895095825
        ],
        [
          0.0,
          0.0,
          0.0,
          1.0
        ]
      ],
      "matrix_ego_from_sensor_carla": [
        [
          -1.0,
          -1.472144077752091e-07,
          1.576983404971699e-10,
          -1.5499987602233887
        ],
        [
          1.459980438767161e-07,
          -1.0000001192092896,
          2.388118591767352e-10,
          -7.62939453125e-06
        ],
        [
          3.091424616297189e-10,
          2.1704163466473858e-10,
          1.0,
          1.7000000476837158
        ],
        [
          0.0,
          0.0,
          0.0,
          1.0
        ]
      ],
      "matrix_ego_from_sensor_bevfusion": [
        [
          -1.472144077752091e-07,
          -1.576983404971699e-10,
          -1.0,
          -1.5499987602233887
        ],
        [
          1.0000001192092896,
          2.388118591767352e-10,
          -1.459980438767161e-07,
          7.62939453125e-06
        ],
        [
          2.1704163466473858e-10,
          -1.0,
          3.091424616297189e-10,
          1.7000000476837158
        ],
        [
          0.0,
          0.0,
          0.0,
          1.0
        ]
      ],
      "camera_intrinsics": [
        [
          685.5110473632812,
          0.0,
          480.0
        ],
        [
          0.0,
          685.5110473632812,
          270.0
        ],
        [
          0.0,
          0.0,
          1.0
        ]
      ],
      "data_path": "D:\\Agent-AI\\outputs\\s3a_left_v3\\sample_000028\\images\\CAM_BACK.png",
      "raw_layout": "bgra8"
    },
    "CAM_BACK_LEFT": {
      "type_id": "sensor.camera.rgb",
      "blueprint_attributes": {
        "role_name": "front",
        "ros_name": "sensor.camera.rgb",
        "chromatic_aberration_offset": "0.0",
        "sensor_tick": "0.100000",
        "fstop": "1.4",
        "image_size_x": "960",
        "image_size_y": "540",
        "fov": "70.00",
        "lens_circle_falloff": "5.0",
        "lens_circle_multiplier": "0.0",
        "exposure_compensation": "0.0",
        "lens_y_size": "0.08",
        "lens_k": "-1.0",
        "exposure_mode": "histogram",
        "lens_kcube": "0.0",
        "lens_x_size": "0.08",
        "exposure_max_bright": "12.0",
        "shutter_speed": "200.0",
        "bloom_intensity": "0.675",
        "iso": "100.0",
        "enable_postprocess_effects": "false",
        "gamma": "2.2",
        "motion_blur_intensity": "0.0",
        "motion_blur_max_distortion": "0.35",
        "lens_flare_intensity": "0.1",
        "motion_blur_min_object_screen_size": "0.1",
        "exposure_min_bright": "10.0",
        "exposure_speed_up": "3.0",
        "exposure_speed_down": "1.0",
        "tint": "0.0",
        "calibration_constant": "16.0",
        "focal_distance": "1000.0",
        "min_fstop": "1.2",
        "blade_count": "5",
        "blur_amount": "0.0",
        "blur_radius": "0.0",
        "slope": "0.88",
        "toe": "0.55",
        "white_clip": "0.04",
        "shoulder": "0.26",
        "black_clip": "0.0",
        "temp": "6500.0",
        "chromatic_aberration_intensity": "0.0"
      },
      "transform_carla": {
        "location": {
          "x": 108.1210708618164,
          "y": -32.73731231689453,
          "z": 1.6950353384017944
        },
        "rotation": {
          "roll": -0.10368430614471436,
          "pitch": 0.05250366032123566,
          "yaw": 130.9062042236328
        }
      },
      "matrix_world_from_sensor_carla": [
        [
          -0.6548223495483398,
          -0.7557803392410278,
          0.001967741409316659,
          108.1210708618164
        ],
        [
          0.7557823061943054,
          -0.654822826385498,
          0.0004924186505377293,
          -32.73731231689453
        ],
        [
          0.0009163616341538727,
          0.001809630892239511,
          0.9999979734420776,
          1.6950353384017944
        ],
        [
          0.0,
          0.0,
          0.0,
          1.0
        ]
      ],
      "matrix_world_from_sensor_bevfusion": [
        [
          -0.7557803392410278,
          -0.001967741409316659,
          -0.6548223495483398,
          108.1210708618164
        ],
        [
          0.654822826385498,
          0.0004924186505377293,
          -0.7557823061943054,
          32.73731231689453
        ],
        [
          0.001809630892239511,
          -0.9999979734420776,
          0.0009163616341538727,
          1.6950353384017944
        ],
        [
          0.0,
          0.0,
          0.0,
          1.0
        ]
      ],
      "matrix_ego_from_sensor_carla": [
        [
          -0.5735764503479004,
          0.8191521167755127,
          1.4126357861243832e-08,
          -1.2999982833862305
        ],
        [
          -0.8191520571708679,
          -0.5735764503479004,
          1.9689977648340573e-08,
          -0.5499954223632812
        ],
        [
          2.4278179466818983e-08,
          -4.0769282394492734e-10,
          1.0000001192092896,
          1.6999999284744263
        ],
        [
          0.0,
          0.0,
          0.0,
          1.0
        ]
      ],
      "matrix_ego_from_sensor_bevfusion": [
        [
          0.8191521167755127,
          -1.4126357861243832e-08,
          -0.5735764503479004,
          -1.2999982833862305
        ],
        [
          0.5735764503479004,
          1.9689977648340573e-08,
          0.8191520571708679,
          0.5499954223632812
        ],
        [
          -4.0769282394492734e-10,
          -1.0000001192092896,
          2.4278179466818983e-08,
          1.6999999284744263
        ],
        [
          0.0,
          0.0,
          0.0,
          1.0
        ]
      ],
      "camera_intrinsics": [
        [
          685.5110473632812,
          0.0,
          480.0
        ],
        [
          0.0,
          685.5110473632812,
          270.0
        ],
        [
          0.0,
          0.0,
          1.0
        ]
      ],
      "data_path": "D:\\Agent-AI\\outputs\\s3a_left_v3\\sample_000028\\images\\CAM_BACK_LEFT.png",
      "raw_layout": "bgra8"
    },
    "CAM_BACK_RIGHT": {
      "type_id": "sensor.camera.rgb",
      "blueprint_attributes": {
        "role_name": "front",
        "ros_name": "sensor.camera.rgb",
        "chromatic_aberration_offset": "0.0",
        "sensor_tick": "0.100000",
        "fstop": "1.4",
        "image_size_x": "960",
        "image_size_y": "540",
        "fov": "70.00",
        "lens_circle_falloff": "5.0",
        "lens_circle_multiplier": "0.0",
        "exposure_compensation": "0.0",
        "lens_y_size": "0.08",
        "lens_k": "-1.0",
        "exposure_mode": "histogram",
        "lens_kcube": "0.0",
        "lens_x_size": "0.08",
        "exposure_max_bright": "12.0",
        "shutter_speed": "200.0",
        "bloom_intensity": "0.675",
        "iso": "100.0",
        "enable_postprocess_effects": "false",
        "gamma": "2.2",
        "motion_blur_intensity": "0.0",
        "motion_blur_max_distortion": "0.35",
        "lens_flare_intensity": "0.1",
        "motion_blur_min_object_screen_size": "0.1",
        "exposure_min_bright": "10.0",
        "exposure_speed_up": "3.0",
        "exposure_speed_down": "1.0",
        "tint": "0.0",
        "calibration_constant": "16.0",
        "focal_distance": "1000.0",
        "min_fstop": "1.2",
        "blade_count": "5",
        "blur_amount": "0.0",
        "blur_radius": "0.0",
        "slope": "0.88",
        "toe": "0.55",
        "white_clip": "0.04",
        "shoulder": "0.26",
        "black_clip": "0.0",
        "temp": "6500.0",
        "chromatic_aberration_intensity": "0.0"
      },
      "transform_carla": {
        "location": {
          "x": 109.18795776367188,
          "y": -33.00516891479492,
          "z": 1.6930679082870483
        },
        "rotation": {
          "roll": -0.013873905874788761,
          "pitch": -0.11538921296596527,
          "yaw": 20.90625
        }
      },
      "matrix_world_from_sensor_carla": [
        [
          0.9341636300086975,
          -0.35683944821357727,
          0.00196774210780859,
          109.18795776367188
        ],
        [
          0.3568391799926758,
          0.9341657161712646,
          0.0004924433305859566,
          -33.00516891479492
        ],
        [
          -0.0020139203406870365,
          0.00024214484437834471,
          0.9999979734420776,
          1.6930679082870483
        ],
        [
          0.0,
          0.0,
          0.0,
          1.0
        ]
      ],
      "matrix_world_from_sensor_bevfusion": [
        [
          -0.35683944821357727,
          -0.00196774210780859,
          0.9341636300086975,
          109.18795776367188
        ],
        [
          -0.9341657161712646,
          0.0004924433305859566,
          -0.3568391799926758,
          33.00516891479492
        ],
        [
          0.00024214484437834471,
          -0.9999979734420776,
          -0.0020139203406870365,
          1.6930679082870483
        ],
        [
          0.0,
          0.0,
          0.0,
          1.0
        ]
      ],
      "matrix_ego_from_sensor_carla": [
        [
          -0.5735762715339661,
          -0.8191522359848022,
          -9.971613756931674e-09,
          -1.3000025749206543
        ],
        [
          0.8191521167755127,
          -0.5735762715339661,
          1.4334873732479991e-08,
          0.5499954223632812
        ],
        [
          -1.73390937163731e-08,
          1.6411563774632043e-10,
          1.0000001192092896,
          1.6999999284744263
        ],
        [
          0.0,
          0.0,
          0.0,
          1.0
        ]
      ],
      "matrix_ego_from_sensor_bevfusion": [
        [
          -0.8191522359848022,
          9.971613756931674e-09,
          -0.5735762715339661,
          -1.3000025749206543
        ],
        [
          0.5735762715339661,
          1.4334873732479991e-08,
          -0.8191521167755127,
          -0.5499954223632812
        ],
        [
          1.6411563774632043e-10,
          -1.0000001192092896,
          -1.73390937163731e-08,
          1.6999999284744263
        ],
        [
          0.0,
          0.0,
          0.0,
          1.0
        ]
      ],
      "camera_intrinsics": [
        [
          685.5110473632812,
          0.0,
          480.0
        ],
        [
          0.0,
          685.5110473632812,
          270.0
        ],
        [
          0.0,
          0.0,
          1.0
        ]
      ],
      "data_path": "D:\\Agent-AI\\outputs\\s3a_left_v3\\sample_000028\\images\\CAM_BACK_RIGHT.png",
      "raw_layout": "bgra8"
    },
    "LIDAR_TOP": {
      "type_id": "sensor.lidar.ray_cast",
      "blueprint_attributes": {
        "atmosphere_attenuation_rate": "0.004",
        "role_name": "front",
        "noise_seed": "0",
        "upper_fov": "10.0",
        "ros_name": "sensor.lidar.ray_cast",
        "sensor_tick": "0.100000",
        "channels": "32",
        "range": "120.0",
        "points_per_second": "360000",
        "lower_fov": "-30.0",
        "rotation_frequency": "10.000000",
        "horizontal_fov": "360.0",
        "dropoff_general_rate": "0.0",
        "dropoff_intensity_limit": "1.0",
        "noise_stddev": "0.0",
        "dropoff_zero_intensity": "0.0"
      },
      "transform_carla": {
        "location": {
          "x": 108.33893585205078,
          "y": -34.13186264038086,
          "z": 2.1952943801879883
        },
        "rotation": {
          "roll": 0.1024782657623291,
          "pitch": 0.05481909587979317,
          "yaw": -104.09370422363281
        }
      },
      "matrix_world_from_sensor_carla": [
        [
          -0.24350827932357788,
          0.9698967933654785,
          0.0019677255768328905,
          108.33893585205078
        ],
        [
          -0.9698982834815979,
          -0.2435096651315689,
          0.0004924371605738997,
          -34.13186264038086
        ],
        [
          0.0009567735251039267,
          -0.0017885813722386956,
          0.9999979138374329,
          2.1952943801879883
        ],
        [
          0.0,
          0.0,
          0.0,
          1.0
        ]
      ],
      "matrix_world_from_sensor_bevfusion": [
        [
          -0.24350827932357788,
          -0.9698967933654785,
          0.0019677255768328905,
          108.33893585205078
        ],
        [
          0.9698982834815979,
          -0.2435096651315689,
          -0.0004924371605738997,
          34.13186264038086
        ],
        [
          0.0009567735251039267,
          0.0017885813722386956,
          0.9999979138374329,
          2.1952943801879883
        ],
        [
          0.0,
          0.0,
          0.0,
          1.0
        ]
      ],
      "matrix_ego_from_sensor_carla": [
        [
          1.0,
          2.688421263385976e-09,
          -1.6924642243232313e-11,
          0.0
        ],
        [
          3.013565619269798e-09,
          1.0,
          5.9812085839716644e-12,
          -7.62939453125e-06
        ],
        [
          -1.8104157062381887e-11,
          -1.006265487601965e-10,
          1.0,
          2.200000047683716
        ],
        [
          0.0,
          0.0,
          0.0,
          1.0
        ]
      ],
      "matrix_ego_from_sensor_bevfusion": [
        [
          1.0,
          -2.688421263385976e-09,
          -1.6924642243232313e-11,
          0.0
        ],
        [
          -3.013565619269798e-09,
          1.0,
          -5.9812085839716644e-12,
          7.62939453125e-06
        ],
        [
          -1.8104157062381887e-11,
          1.006265487601965e-10,
          1.0,
          2.200000047683716
        ],
        [
          0.0,
          0.0,
          0.0,
          1.0
        ]
      ],
      "data_path": "D:\\Agent-AI\\outputs\\s3a_left_v3\\sample_000028\\lidar\\LIDAR_TOP.npy",
      "raw_layout": [
        "x",
        "y",
        "z",
        "intensity"
      ]
    },
    "RADAR_FRONT": {
      "type_id": "sensor.other.radar",
      "blueprint_attributes": {
        "sensor_tick": "0.100000",
        "role_name": "default",
        "noise_seed": "0",
        "ros_name": "sensor.other.radar",
        "horizontal_fov": "35.0",
        "points_per_second": "1500",
        "vertical_fov": "20.0",
        "range": "120.0"
      },
      "transform_carla": {
        "location": {
          "x": 107.849365234375,
          "y": -36.07229995727539,
          "z": 0.8972106575965881
        },
        "rotation": {
          "roll": 0.1024782657623291,
          "pitch": 0.05481909587979317,
          "yaw": -104.09370422363281
        }
      },
      "matrix_world_from_sensor_carla": [
        [
          -0.24350827932357788,
          0.9698967933654785,
          0.0019677255768328905,
          107.849365234375
        ],
        [
          -0.9698982834815979,
          -0.2435096651315689,
          0.0004924371605738997,
          -36.07229995727539
        ],
        [
          0.0009567735251039267,
          -0.0017885813722386956,
          0.9999979138374329,
          0.8972106575965881
        ],
        [
          0.0,
          0.0,
          0.0,
          1.0
        ]
      ],
      "matrix_world_from_sensor_bevfusion": [
        [
          -0.24350827932357788,
          -0.9698967933654785,
          0.0019677255768328905,
          107.849365234375
        ],
        [
          0.9698982834815979,
          -0.2435096651315689,
          -0.0004924371605738997,
          36.07229995727539
        ],
        [
          0.0009567735251039267,
          0.0017885813722386956,
          0.9999979138374329,
          0.8972106575965881
        ],
        [
          0.0,
          0.0,
          0.0,
          1.0
        ]
      ],
      "matrix_ego_from_sensor_carla": [
        [
          1.0,
          2.688421263385976e-09,
          -1.6924642243232313e-11,
          2.0
        ],
        [
          3.013565619269798e-09,
          1.0,
          5.9812085839716644e-12,
          0.0
        ],
        [
          -1.8104157062381887e-11,
          -1.006265487601965e-10,
          1.0,
          0.8999999761581421
        ],
        [
          0.0,
          0.0,
          0.0,
          1.0
        ]
      ],
      "matrix_ego_from_sensor_bevfusion": [
        [
          1.0,
          -2.688421263385976e-09,
          -1.6924642243232313e-11,
          2.0
        ],
        [
          -3.013565619269798e-09,
          1.0,
          -5.9812085839716644e-12,
          0.0
        ],
        [
          -1.8104157062381887e-11,
          1.006265487601965e-10,
          1.0,
          0.8999999761581421
        ],
        [
          0.0,
          0.0,
          0.0,
          1.0
        ]
      ],
      "data_path": "D:\\Agent-AI\\outputs\\s3a_left_v3\\sample_000028\\radar\\RADAR_FRONT.npy",
      "raw_layout": [
        "velocity",
        "altitude",
        "azimuth",
        "depth"
      ]
    },
    "RADAR_FRONT_LEFT": {
      "type_id": "sensor.other.radar",
      "blueprint_attributes": {
        "sensor_tick": "0.100000",
        "role_name": "default",
        "noise_seed": "0",
        "ros_name": "sensor.other.radar",
        "horizontal_fov": "35.0",
        "points_per_second": "1500",
        "vertical_fov": "20.0",
        "range": "120.0"
      },
      "transform_carla": {
        "location": {
          "x": 107.20716857910156,
          "y": -35.550201416015625,
          "z": 0.8982172012329102
        },
        "rotation": {
          "roll": 0.0337001271545887,
          "pitch": 0.11122279614210129,
          "yaw": -149.0936737060547
        }
      },
      "matrix_world_from_sensor_carla": [
        [
          -0.8580065965652466,
          0.5136349201202393,
          0.0019676771480590105,
          107.20716857910156
        ],
        [
          -0.5136350393295288,
          -0.858008623123169,
          0.0004924097447656095,
          -35.550201416015625
        ],
        [
          0.0019412027904763818,
          -0.0005881770048290491,
          0.9999979138374329,
          0.8982172012329102
        ],
        [
          0.0,
          0.0,
          0.0,
          1.0
        ]
      ],
      "matrix_world_from_sensor_bevfusion": [
        [
          -0.8580065965652466,
          -0.5136349201202393,
          0.0019676771480590105,
          107.20716857910156
        ],
        [
          0.5136350393295288,
          -0.858008623123169,
          -0.0004924097447656095,
          35.550201416015625
        ],
        [
          0.0019412027904763818,
          0.0005881770048290491,
          0.9999979138374329,
          0.8982172012329102
        ],
        [
          0.0,
          0.0,
          0.0,
          1.0
        ]
      ],
      "matrix_ego_from_sensor_carla": [
        [
          0.7071073651313782,
          0.7071062922477722,
          3.840013107492268e-08,
          1.6499977111816406
        ],
        [
          -0.7071062326431274,
          0.7071073651313782,
          -4.0273718582284346e-08,
          -0.7500076293945312
        ],
        [
          -5.585519247119919e-08,
          1.4248053847865094e-09,
          1.0,
          0.8999999761581421
        ],
        [
          0.0,
          0.0,
          0.0,
          1.0
        ]
      ],
      "matrix_ego_from_sensor_bevfusion": [
        [
          0.7071073651313782,
          -0.7071062922477722,
          3.840013107492268e-08,
          1.6499977111816406
        ],
        [
          0.7071062326431274,
          0.7071073651313782,
          4.0273718582284346e-08,
          0.7500076293945312
        ],
        [
          -5.585519247119919e-08,
          -1.4248053847865094e-09,
          1.0,
          0.8999999761581421
        ],
        [
          0.0,
          0.0,
          0.0,
          1.0
        ]
      ],
      "data_path": "D:\\Agent-AI\\outputs\\s3a_left_v3\\sample_000028\\radar\\RADAR_FRONT_LEFT.npy",
      "raw_layout": [
        "velocity",
        "altitude",
        "azimuth",
        "depth"
      ]
    },
    "RADAR_FRONT_RIGHT": {
      "type_id": "sensor.other.radar",
      "blueprint_attributes": {
        "sensor_tick": "0.100000",
        "role_name": "default",
