{
  "schema_version": "stage1.v1",
  "sample_name": "sample_000075",
  "sequence_index": 75,
  "previous_sample_name": "sample_000074",
  "frame_id": 60076,
  "timestamp": 442.5197008624673,
  "platform_timestamp": 16814596.0820936,
  "delta_seconds": 0.10000000149011612,
  "town": "Carla/Maps/Town10HD_Opt",
  "weather": {
    "cloudiness": 20.0,
    "dust_storm": 0.0,
    "fog_density": 2.0,
    "fog_distance": 0.75,
    "fog_falloff": 0.10000000149011612,
    "mie_scattering_scale": 0.029999999329447746,
    "precipitation": 0.0,
    "precipitation_deposits": 0.0,
    "rayleigh_scattering_scale": 0.03310000151395798,
    "scattering_intensity": 1.0,
    "sun_altitude_angle": 45.0,
    "sun_azimuth_angle": 300.0,
    "wetness": 0.0,
    "wind_intensity": 10.0
  },
  "sensor_names": [
    "CAM_FRONT",
    "CAM_FRONT_RIGHT",
    "CAM_FRONT_LEFT",
    "CAM_BACK",
    "CAM_BACK_LEFT",
    "CAM_BACK_RIGHT",
    "LIDAR_TOP",
    "RADAR_FRONT",
    "RADAR_FRONT_LEFT",
    "RADAR_FRONT_RIGHT",
    "RADAR_BACK_LEFT",
    "RADAR_BACK_RIGHT"
  ],
  "camera_order_for_model": [
    "CAM_FRONT",
    "CAM_FRONT_RIGHT",
    "CAM_FRONT_LEFT",
    "CAM_BACK",
    "CAM_BACK_LEFT",
    "CAM_BACK_RIGHT"
  ],
  "radar_order_for_model": [
    "RADAR_FRONT",
    "RADAR_FRONT_LEFT",
    "RADAR_FRONT_RIGHT",
    "RADAR_BACK_LEFT",
    "RADAR_BACK_RIGHT"
  ],
  "coordinate_notes": {
    "carla_world": "left-handed x-forward y-right z-up",
    "bevfusion_lidar": "x-forward y-left z-up",
    "camera_frame_for_model": "OpenCV style x-right y-down z-forward"
  },
  "ego": {
    "actor_id": 28,
    "transform_carla": {
      "location": {
        "x": 80.53564453125,
        "y": -61.165550231933594,
        "z": -0.004681701771914959
      },
      "rotation": {
        "roll": 0.04567345231771469,
        "pitch": 0.04831675440073013,
        "yaw": -156.90621948242188
      }
    },
    "velocity_carla": [
      -2.8894314765930176,
      -1.160921335220337,
      5.845069608767517e-05
    ],
    "angular_velocity_carla": [
      0.6797025799751282,
      -2.0310323238372803,
      -2.5822067260742188
    ],
    "matrix_world_from_ego_carla": [
      [
        -0.9198637008666992,
        0.39223650097846985,
        0.0010883812792599201,
        80.53564453125
      ],
      [
        -0.3922370970249176,
        -0.9198639988899231,
        -0.0004025032976642251,
        -61.165550231933594
      ],
      [
        0.0008432863396592438,
        -0.0007971517625264823,
        0.9999993443489075,
        -0.004681701771914959
      ],
      [
        0.0,
        0.0,
        0.0,
        1.0
      ]
    ],
    "matrix_world_from_ego_bevfusion": [
      [
        -0.9198637008666992,
        -0.39223650097846985,
        0.0010883812792599201,
        80.53564453125
      ],
      [
        0.3922370970249176,
        -0.9198639988899231,
        0.0004025032976642251,
        61.165550231933594
      ],
      [
        0.0008432863396592438,
        0.0007971517625264823,
        0.9999993443489075,
        -0.004681701771914959
      ],
      [
        0.0,
        0.0,
        0.0,
        1.0
      ]
    ]
  },
  "sensors": {
    "CAM_FRONT": {
      "type_id": "sensor.camera.rgb",
      "blueprint_attributes": {
        "role_name": "front",
        "ros_name": "sensor.camera.rgb",
        "chromatic_aberration_offset": "0.0",
        "sensor_tick": "0.100000",
        "fstop": "1.4",
        "image_size_x": "960",
        "image_size_y": "540",
        "fov": "70.00",
        "lens_circle_falloff": "5.0",
        "lens_circle_multiplier": "0.0",
        "exposure_compensation": "0.0",
        "lens_y_size": "0.08",
        "lens_k": "-1.0",
        "exposure_mode": "histogram",
        "lens_kcube": "0.0",
        "lens_x_size": "0.08",
        "exposure_max_bright": "12.0",
        "shutter_speed": "200.0",
        "bloom_intensity": "0.675",
        "iso": "100.0",
        "enable_postprocess_effects": "false",
        "gamma": "2.2",
        "motion_blur_intensity": "0.0",
        "motion_blur_max_distortion": "0.35",
        "lens_flare_intensity": "0.1",
        "motion_blur_min_object_screen_size": "0.1",
        "exposure_min_bright": "10.0",
        "exposure_speed_up": "3.0",
        "exposure_speed_down": "1.0",
        "tint": "0.0",
        "calibration_constant": "16.0",
        "focal_distance": "1000.0",
        "min_fstop": "1.2",
        "blade_count": "5",
        "blur_amount": "0.0",
        "blur_radius": "0.0",
        "slope": "0.88",
        "toe": "0.55",
        "white_clip": "0.04",
        "shoulder": "0.26",
        "black_clip": "0.0",
        "temp": "6500.0",
        "chromatic_aberration_intensity": "0.0"
      },
      "transform_carla": {
        "location": {
          "x": 79.11170959472656,
          "y": -61.77420425415039,
          "z": 1.6966242790222168
        },
        "rotation": {
          "roll": 0.04567345231771469,
          "pitch": 0.04831675440073013,
          "yaw": -156.90621948242188
        }
      },
      "matrix_world_from_sensor_carla": [
        [
          -0.9198637008666992,
          0.39223650097846985,
          0.0010883812792599201,
          79.11170959472656
        ],
        [
          -0.3922370970249176,
          -0.9198639988899231,
          -0.0004025032976642251,
          -61.77420425415039
        ],
        [
          0.0008432863396592438,
          -0.0007971517625264823,
          0.9999993443489075,
          1.6966242790222168
        ],
        [
          0.0,
          0.0,
          0.0,
          1.0
        ]
      ],
      "matrix_world_from_sensor_bevfusion": [
        [
          0.39223650097846985,
          -0.0010883812792599201,
          -0.9198637008666992,
          79.11170959472656
        ],
        [
          0.9198639988899231,
          -0.0004025032976642251,
          0.3922370970249176,
          61.77420425415039
        ],
        [
          -0.0007971517625264823,
          -0.9999993443489075,
          0.0008432863396592438,
          1.6966242790222168
        ],
        [
          0.0,
          0.0,
          0.0,
          1.0
        ]
      ],
      "matrix_ego_from_sensor_carla": [
        [
          1.0,
          -3.186802599586258e-09,
          -2.903266169140828e-11,
          1.5499916076660156
        ],
        [
          1.8545630808830538e-08,
          1.0,
          -1.2155242090639007e-12,
          7.62939453125e-06
        ],
        [
          -7.929644441073691e-11,
          4.6298423428403623e-11,
          1.0,
          1.6999999284744263
        ],
        [
          0.0,
          0.0,
          0.0,
          1.0
        ]
      ],
      "matrix_ego_from_sensor_bevfusion": [
        [
          -3.186802599586258e-09,
          2.903266169140828e-11,
          1.0,
          1.5499916076660156
        ],
        [
          -1.0,
          -1.2155242090639007e-12,
          -1.8545630808830538e-08,
          -7.62939453125e-06
        ],
        [
          4.6298423428403623e-11,
          -1.0,
          -7.929644441073691e-11,
          1.6999999284744263
        ],
        [
          0.0,
          0.0,
          0.0,
          1.0
        ]
      ],
      "camera_intrinsics": [
        [
          685.5110473632812,
          0.0,
          480.0
        ],
        [
          0.0,
          685.5110473632812,
          270.0
        ],
        [
          0.0,
          0.0,
          1.0
        ]
      ],
      "data_path": "D:\\Agent-AI\\outputs\\s3a_ml_long_v2\\sample_000075\\images\\CAM_FRONT.png",
      "raw_layout": "bgra8"
    },
    "CAM_FRONT_RIGHT": {
      "type_id": "sensor.camera.rgb",
      "blueprint_attributes": {
        "role_name": "front",
        "ros_name": "sensor.camera.rgb",
        "chromatic_aberration_offset": "0.0",
        "sensor_tick": "0.100000",
        "fstop": "1.4",
        "image_size_x": "960",
        "image_size_y": "540",
        "fov": "70.00",
        "lens_circle_falloff": "5.0",
        "lens_circle_multiplier": "0.0",
        "exposure_compensation": "0.0",
        "lens_y_size": "0.08",
        "lens_k": "-1.0",
        "exposure_mode": "histogram",
        "lens_kcube": "0.0",
        "lens_x_size": "0.08",
        "exposure_max_bright": "12.0",
        "shutter_speed": "200.0",
        "bloom_intensity": "0.675",
        "iso": "100.0",
        "enable_postprocess_effects": "false",
        "gamma": "2.2",
        "motion_blur_intensity": "0.0",
        "motion_blur_max_distortion": "0.35",
        "lens_flare_intensity": "0.1",
        "motion_blur_min_object_screen_size": "0.1",
        "exposure_min_bright": "10.0",
        "exposure_speed_up": "3.0",
        "exposure_speed_down": "1.0",
        "tint": "0.0",
        "calibration_constant": "16.0",
        "focal_distance": "1000.0",
        "min_fstop": "1.2",
        "blade_count": "5",
        "blur_amount": "0.0",
        "blur_radius": "0.0",
        "slope": "0.88",
        "toe": "0.55",
        "white_clip": "0.04",
        "shoulder": "0.26",
        "black_clip": "0.0",
        "temp": "6500.0",
        "chromatic_aberration_intensity": "0.0"
      },
      "transform_carla": {
        "location": {
          "x": 79.55740356445312,
          "y": -62.18206787109375,
          "z": 1.6959749460220337
        },
        "rotation": {
          "roll": 0.06577598303556442,
          "pitch": -0.009698867797851562,
          "yaw": -101.90625
        }
      },
      "matrix_world_from_sensor_carla": [
        [
          -0.2063109576702118,
          0.9784858822822571,
          0.0010883859358727932,
          79.55740356445312
        ],
        [
          -0.9784864783287048,
          -0.20631062984466553,
          -0.00040248181903734803,
          -62.18206787109375
        ],
        [
          -0.00016927717661019415,
          -0.001148007228039205,
          0.9999993443489075,
          1.6959749460220337
        ],
        [
          0.0,
          0.0,
          0.0,
          1.0
        ]
      ],
      "matrix_world_from_sensor_bevfusion": [
        [
          0.9784858822822571,
          -0.0010883859358727932,
          -0.2063109576702118,
          79.55740356445312
        ],
        [
          0.20631062984466553,
          -0.00040248181903734803,
          0.9784864783287048,
          62.18206787109375
        ],
        [
          -0.001148007228039205,
          -0.9999993443489075,
          -0.00016927717661019415,
          1.6959749460220337
        ],
        [
          0.0,
          0.0,
          0.0,
          1.0
        ]
      ],
      "matrix_ego_from_sensor_carla": [
        [
          0.5735766291618347,
          -0.8191519975662231,
          -1.277651051623252e-08,
          1.2999992370605469
        ],
        [
          0.8191520571708679,
          0.5735765695571899,
          -1.792917458942611e-08,
          0.5500030517578125
        ],
        [
          2.2007156985637266e-08,
          1.2262682536068326e-10,
          1.0,
          1.6999999284744263
        ],
        [
          0.0,
          0.0,
          0.0,
          1.0
        ]
      ],
      "matrix_ego_from_sensor_bevfusion": [
        [
          -0.8191519975662231,
          1.277651051623252e-08,
          0.5735766291618347,
          1.2999992370605469
        ],
        [
          -0.5735765695571899,
          -1.792917458942611e-08,
          -0.8191520571708679,
          -0.5500030517578125
        ],
        [
          1.2262682536068326e-10,
          -1.0,
          2.2007156985637266e-08,
          1.6999999284744263
        ],
        [
          0.0,
          0.0,
          0.0,
          1.0
        ]
      ],
      "camera_intrinsics": [
        [
          685.5110473632812,
          0.0,
          480.0
        ],
        [
          0.0,
          685.5110473632812,
          270.0
        ],
        [
          0.0,
          0.0,
          1.0
        ]
      ],
      "data_path": "D:\\Agent-AI\\outputs\\s3a_ml_long_v2\\sample_000075\\images\\CAM_FRONT_RIGHT.png",
      "raw_layout": "bgra8"
    },
    "CAM_FRONT_LEFT": {
      "type_id": "sensor.camera.rgb",
      "blueprint_attributes": {
        "role_name": "front",
        "ros_name": "sensor.camera.rgb",
        "chromatic_aberration_offset": "0.0",
        "sensor_tick": "0.100000",
        "fstop": "1.4",
        "image_size_x": "960",
        "image_size_y": "540",
        "fov": "70.00",
        "lens_circle_falloff": "5.0",
        "lens_circle_multiplier": "0.0",
        "exposure_compensation": "0.0",
        "lens_y_size": "0.08",
        "lens_k": "-1.0",
        "exposure_mode": "histogram",
        "lens_kcube": "0.0",
        "lens_x_size": "0.08",
        "exposure_max_bright": "12.0",
        "shutter_speed": "200.0",
        "bloom_intensity": "0.675",
        "iso": "100.0",
        "enable_postprocess_effects": "false",
        "gamma": "2.2",
        "motion_blur_intensity": "0.0",
        "motion_blur_max_distortion": "0.35",
        "lens_flare_intensity": "0.1",
        "motion_blur_min_object_screen_size": "0.1",
        "exposure_min_bright": "10.0",
        "exposure_speed_up": "3.0",
        "exposure_speed_down": "1.0",
        "tint": "0.0",
        "calibration_constant": "16.0",
        "focal_distance": "1000.0",
        "min_fstop": "1.2",
        "blade_count": "5",
        "blur_amount": "0.0",
        "blur_radius": "0.0",
        "slope": "0.88",
        "toe": "0.55",
        "white_clip": "0.04",
        "shoulder": "0.26",
        "black_clip": "0.0",
        "temp": "6500.0",
        "chromatic_aberration_intensity": "0.0"
      },
      "transform_carla": {
        "location": {
          "x": 79.12594604492188,
          "y": -61.17021942138672,
          "z": 1.6968517303466797
        },
        "rotation": {
          "roll": -0.01338157057762146,
          "pitch": 0.06512585282325745,
          "yaw": 148.09373474121094
        }
      },
      "matrix_world_from_sensor_carla": [
        [
          -0.848913311958313,
          -0.5285309553146362,
          0.001088366494514048,
          79.12594604492188
        ],
        [
          0.5285308361053467,
          -0.8489139676094055,
          -0.0004024945374112576,
          -61.17021942138672
        ],
        [
          0.0011366603430360556,
          0.0002335523022338748,
          0.9999993443489075,
          1.6968517303466797
        ],
        [
          0.0,
          0.0,
          0.0,
          1.0
        ]
      ],
      "matrix_world_from_sensor_bevfusion": [
        [
          -0.5285309553146362,
          -0.001088366494514048,
          -0.848913311958313,
          79.12594604492188
        ],
        [
          0.8489139676094055,
          -0.0004024945374112576,
          -0.5285308361053467,
          61.17021942138672
        ],
        [
          0.0002335523022338748,
          -0.9999993443489075,
          0.0011366603430360556,
          1.6968517303466797
        ],
        [
          0.0,
          0.0,
          0.0,
          1.0
        ]
      ],
      "matrix_ego_from_sensor_carla": [
        [
          0.5735761523246765,
          0.819152295589447,
          1.0157307883673639e-08,
          1.2999954223632812
        ],
        [
          -0.819152295589447,
          0.5735761523246765,
          -1.3854639213661812e-08,
          -0.5499954223632812
        ],
        [
          -1.734397869768145e-08,
          -4.2898409824410066e-10,
          1.0,
          1.6999998092651367
        ],
        [
          0.0,
          0.0,
          0.0,
          1.0
        ]
      ],
      "matrix_ego_from_sensor_bevfusion": [
        [
          0.819152295589447,
          -1.0157307883673639e-08,
          0.5735761523246765,
          1.2999954223632812
        ],
        [
          -0.5735761523246765,
          -1.3854639213661812e-08,
          0.819152295589447,
          0.5499954223632812
        ],
        [
          -4.2898409824410066e-10,
          -1.0,
          -1.734397869768145e-08,
          1.6999998092651367
        ],
        [
          0.0,
          0.0,
          0.0,
          1.0
        ]
      ],
      "camera_intrinsics": [
        [
          685.5110473632812,
          0.0,
          480.0
        ],
        [
          0.0,
          685.5110473632812,
          270.0
        ],
        [
          0.0,
          0.0,
          1.0
        ]
      ],
      "data_path": "D:\\Agent-AI\\outputs\\s3a_ml_long_v2\\sample_000075\\images\\CAM_FRONT_LEFT.png",
      "raw_layout": "bgra8"
    },
    "CAM_BACK": {
      "type_id": "sensor.camera.rgb",
      "blueprint_attributes": {
        "role_name": "front",
        "ros_name": "sensor.camera.rgb",
        "chromatic_aberration_offset": "0.0",
        "sensor_tick": "0.100000",
        "fstop": "1.4",
        "image_size_x": "960",
        "image_size_y": "540",
        "fov": "70.00",
        "lens_circle_falloff": "5.0",
        "lens_circle_multiplier": "0.0",
        "exposure_compensation": "0.0",
        "lens_y_size": "0.08",
        "lens_k": "-1.0",
        "exposure_mode": "histogram",
        "lens_kcube": "0.0",
        "lens_x_size": "0.08",
        "exposure_max_bright": "12.0",
        "shutter_speed": "200.0",
        "bloom_intensity": "0.675",
        "iso": "100.0",
        "enable_postprocess_effects": "false",
        "gamma": "2.2",
        "motion_blur_intensity": "0.0",
        "motion_blur_max_distortion": "0.35",
        "lens_flare_intensity": "0.1",
        "motion_blur_min_object_screen_size": "0.1",
        "exposure_min_bright": "10.0",
        "exposure_speed_up": "3.0",
        "exposure_speed_down": "1.0",
        "tint": "0.0",
        "calibration_constant": "16.0",
        "focal_distance": "1000.0",
        "min_fstop": "1.2",
        "blade_count": "5",
        "blur_amount": "0.0",
        "blur_radius": "0.0",
        "slope": "0.88",
        "toe": "0.55",
        "white_clip": "0.04",
        "shoulder": "0.26",
        "black_clip": "0.0",
        "temp": "6500.0",
        "chromatic_aberration_intensity": "0.0"
      },
      "transform_carla": {
        "location": {
          "x": 81.96328735351562,
          "y": -60.558265686035156,
          "z": 1.6940100193023682
        },
        "rotation": {
          "roll": -0.04567345976829529,
          "pitch": -0.04831675440073013,
          "yaw": 23.09379005432129
        }
      },
      "matrix_world_from_sensor_carla": [
        [
          0.9198636412620544,
          -0.3922366797924042,
          0.0010883815120905638,
          81.96328735351562
        ],
        [
          0.39223727583885193,
          0.9198639392852783,
          -0.00040250321035273373,
          -60.558265686035156
        ],
        [
          -0.0008432863396592438,
          0.0007971518789418042,
          0.9999993443489075,
          1.6940100193023682
        ],
        [
          0.0,
          0.0,
          0.0,
          1.0
        ]
      ],
      "matrix_world_from_sensor_bevfusion": [
        [
          -0.3922366797924042,
          -0.0010883815120905638,
          0.9198636412620544,
          81.96328735351562
        ],
        [
          -0.9198639392852783,
          -0.00040250321035273373,
          -0.39223727583885193,
          60.558265686035156
        ],
        [
          0.0007971518789418042,
          -0.9999993443489075,
          -0.0008432863396592438,
          1.6940100193023682
        ],
        [
          0.0,
          0.0,
          0.0,
          1.0
        ]
      ],
      "matrix_ego_from_sensor_carla": [
        [
          -1.0,
          1.7557769638187892e-07,
          -3.2007096972819227e-10,
          -1.5500106811523438
        ],
        [
          -2.1283251783188462e-07,
          -1.0,
          -1.2155242090639007e-12,
          0.0
        ],
        [
          -9.532653832966531e-11,
          -1.0450616760859788e-10,
          1.0,
          1.6999999284744263
        ],
        [
          0.0,
          0.0,
          0.0,
          1.0
        ]
      ],
      "matrix_ego_from_sensor_bevfusion": [
        [
          1.7557769638187892e-07,
          3.2007096972819227e-10,
          -1.0,
          -1.5500106811523438
        ],
        [
          1.0,
          -1.2155242090639007e-12,
          2.1283251783188462e-07,
          0.0
        ],
        [
          -1.0450616760859788e-10,
          -1.0,
          -9.532653832966531e-11,
          1.6999999284744263
        ],
        [
          0.0,
          0.0,
          0.0,
          1.0
        ]
      ],
      "camera_intrinsics": [
        [
          685.5110473632812,
          0.0,
          480.0
        ],
        [
          0.0,
          685.5110473632812,
          270.0
        ],
        [
          0.0,
          0.0,
          1.0
        ]
      ],
      "data_path": "D:\\Agent-AI\\outputs\\s3a_ml_long_v2\\sample_000075\\images\\CAM_BACK.png",
      "raw_layout": "bgra8"
    },
    "CAM_BACK_LEFT": {
      "type_id": "sensor.camera.rgb",
      "blueprint_attributes": {
        "role_name": "front",
        "ros_name": "sensor.camera.rgb",
        "chromatic_aberration_offset": "0.0",
        "sensor_tick": "0.100000",
        "fstop": "1.4",
        "image_size_x": "960",
        "image_size_y": "540",
        "fov": "70.00",
        "lens_circle_falloff": "5.0",
        "lens_circle_multiplier": "0.0",
        "exposure_compensation": "0.0",
        "lens_y_size": "0.08",
        "lens_k": "-1.0",
        "exposure_mode": "histogram",
        "lens_kcube": "0.0",
        "lens_x_size": "0.08",
        "exposure_max_bright": "12.0",
        "shutter_speed": "200.0",
        "bloom_intensity": "0.675",
        "iso": "100.0",
        "enable_postprocess_effects": "false",
        "gamma": "2.2",
        "motion_blur_intensity": "0.0",
        "motion_blur_max_distortion": "0.35",
        "lens_flare_intensity": "0.1",
        "motion_blur_min_object_screen_size": "0.1",
        "exposure_min_bright": "10.0",
        "exposure_speed_up": "3.0",
        "exposure_speed_down": "1.0",
        "tint": "0.0",
        "calibration_constant": "16.0",
        "focal_distance": "1000.0",
        "min_fstop": "1.2",
        "blade_count": "5",
        "blur_amount": "0.0",
        "blur_radius": "0.0",
        "slope": "0.88",
        "toe": "0.55",
        "white_clip": "0.04",
        "shoulder": "0.26",
        "black_clip": "0.0",
        "temp": "6500.0",
        "chromatic_aberration_intensity": "0.0"
      },
      "transform_carla": {
        "location": {
          "x": 81.51759338378906,
          "y": -60.15039825439453,
          "z": 1.6946592330932617
        },
        "rotation": {
          "roll": -0.06577597558498383,
          "pitch": 0.009698867797851562,
          "yaw": 78.09374237060547
        }
      },
      "matrix_world_from_sensor_carla": [
        [
          0.20631109178066254,
          -0.9784858822822571,
          0.0010883857030421495,
          81.51759338378906
        ],
        [
          0.9784864783287048,
          0.20631076395511627,
          -0.00040248193545266986,
          -60.15039825439453
        ],
        [
          0.00016927717661019415,
          0.0011480071116238832,
          0.9999993443489075,
          1.6946592330932617
        ],
        [
          0.0,
          0.0,
          0.0,
          1.0
        ]
      ],
      "matrix_world_from_sensor_bevfusion": [
        [
          -0.9784858822822571,
          -0.0010883857030421495,
          0.20631109178066254,
          81.51759338378906
        ],
        [
          -0.20631076395511627,
          -0.00040248193545266986,
          -0.9784864783287048,
          60.15039825439453
        ],
        [
          0.0011480071116238832,
          -0.9999993443489075,
          0.00016927717661019415,
          1.6946592330932617
        ],
        [
          0.0,
          0.0,
          0.0,
          1.0
        ]
      ],
      "matrix_ego_from_sensor_carla": [
        [
          -0.5735767483711243,
          0.8191519975662231,
          -1.2485472211665183e-08,
          -1.3000068664550781
        ],
        [
          -0.8191519975662231,
          -0.5735766887664795,
          -1.792917458942611e-08,
          -0.5499954223632812
        ],
        [
          -2.1861637833353598e-08,
          -3.5545738574782604e-10,
          1.0,
          1.6999998092651367
        ],
        [
          0.0,
          0.0,
          0.0,
          1.0
        ]
      ],
      "matrix_ego_from_sensor_bevfusion": [
        [
          0.8191519975662231,
          1.2485472211665183e-08,
          -0.5735767483711243,
          -1.3000068664550781
        ],
        [
          0.5735766887664795,
          -1.792917458942611e-08,
          0.8191519975662231,
          0.5499954223632812
        ],
        [
          -3.5545738574782604e-10,
          -1.0,
          -2.1861637833353598e-08,
          1.6999998092651367
        ],
        [
          0.0,
          0.0,
          0.0,
          1.0
        ]
      ],
      "camera_intrinsics": [
        [
          685.5110473632812,
          0.0,
          480.0
        ],
        [
          0.0,
          685.5110473632812,
          270.0
        ],
        [
          0.0,
          0.0,
          1.0
        ]
      ],
      "data_path": "D:\\Agent-AI\\outputs\\s3a_ml_long_v2\\sample_000075\\images\\CAM_BACK_LEFT.png",
      "raw_layout": "bgra8"
    },
    "CAM_BACK_RIGHT": {
      "type_id": "sensor.camera.rgb",
      "blueprint_attributes": {
        "role_name": "front",
        "ros_name": "sensor.camera.rgb",
        "chromatic_aberration_offset": "0.0",
        "sensor_tick": "0.100000",
        "fstop": "1.4",
        "image_size_x": "960",
        "image_size_y": "540",
        "fov": "70.00",
        "lens_circle_falloff": "5.0",
        "lens_circle_multiplier": "0.0",
        "exposure_compensation": "0.0",
        "lens_y_size": "0.08",
        "lens_k": "-1.0",
        "exposure_mode": "histogram",
        "lens_kcube": "0.0",
        "lens_x_size": "0.08",
        "exposure_max_bright": "12.0",
        "shutter_speed": "200.0",
        "bloom_intensity": "0.675",
        "iso": "100.0",
        "enable_postprocess_effects": "false",
        "gamma": "2.2",
        "motion_blur_intensity": "0.0",
        "motion_blur_max_distortion": "0.35",
        "lens_flare_intensity": "0.1",
        "motion_blur_min_object_screen_size": "0.1",
        "exposure_min_bright": "10.0",
        "exposure_speed_up": "3.0",
        "exposure_speed_down": "1.0",
        "tint": "0.0",
        "calibration_constant": "16.0",
        "focal_distance": "1000.0",
        "min_fstop": "1.2",
        "blade_count": "5",
        "blur_amount": "0.0",
        "blur_radius": "0.0",
        "slope": "0.88",
        "toe": "0.55",
        "white_clip": "0.04",
        "shoulder": "0.26",
        "black_clip": "0.0",
        "temp": "6500.0",
        "chromatic_aberration_intensity": "0.0"
      },
      "transform_carla": {
        "location": {
          "x": 81.94905090332031,
          "y": -61.16225051879883,
          "z": 1.6937824487686157
        },
        "rotation": {
          "roll": 0.013381577096879482,
          "pitch": -0.06512585282325745,
          "yaw": -31.906259536743164
        }
      },
      "matrix_world_from_sensor_carla": [
        [
          0.8489134311676025,
          0.5285308361053467,
          0.00108836661092937,
          81.94905090332031
        ],
        [
          -0.5285307168960571,
          0.8489140868186951,
          -0.0004024942754767835,
          -61.16225051879883
        ],
        [
          -0.0011366603430360556,
          -0.00023355241864919662,
          0.9999993443489075,
          1.6937824487686157
        ],
        [
          0.0,
          0.0,
          0.0,
          1.0
        ]
      ],
      "matrix_world_from_sensor_bevfusion": [
        [
          0.5285308361053467,
          -0.00108836661092937,
          0.8489134311676025,
          81.94905090332031
        ],
        [
          -0.8489140868186951,
          -0.0004024942754767835,
          0.5285307168960571,
          61.16225051879883
        ],
        [
          -0.00023355241864919662,
          -0.9999993443489075,
          -0.0011366603430360556,
          1.6937824487686157
        ],
        [
          0.0,
          0.0,
          0.0,
          1.0
        ]
      ],
      "matrix_ego_from_sensor_carla": [
        [
          -0.5735763311386108,
          -0.8191522359848022,
          9.924477240019769e-09,
          -1.3000030517578125
        ],
        [
          0.8191521763801575,
          -0.5735763311386108,
          -1.4087469857315682e-08,
          0.5500030517578125
        ],
        [
          1.7460394019508385e-08,
          1.5249779217185733e-10,
          1.0,
          1.6999999284744263
        ],
        [
          0.0,
          0.0,
          0.0,
          1.0
        ]
      ],
      "matrix_ego_from_sensor_bevfusion": [
        [
          -0.8191522359848022,
          -9.924477240019769e-09,
          -0.5735763311386108,
          -1.3000030517578125
        ],
        [
          0.5735763311386108,
          -1.4087469857315682e-08,
          -0.8191521763801575,
          -0.5500030517578125
        ],
        [
          1.5249779217185733e-10,
          -1.0,
          1.7460394019508385e-08,
          1.6999999284744263
        ],
        [
          0.0,
          0.0,
          0.0,
          1.0
        ]
      ],
      "camera_intrinsics": [
        [
          685.5110473632812,
          0.0,
          480.0
        ],
        [
          0.0,
          685.5110473632812,
          270.0
        ],
        [
          0.0,
          0.0,
          1.0
        ]
      ],
      "data_path": "D:\\Agent-AI\\outputs\\s3a_ml_long_v2\\sample_000075\\images\\CAM_BACK_RIGHT.png",
      "raw_layout": "bgra8"
    },
    "LIDAR_TOP": {
      "type_id": "sensor.lidar.ray_cast",
      "blueprint_attributes": {
        "atmosphere_attenuation_rate": "0.004",
        "role_name": "front",
        "noise_seed": "0",
        "upper_fov": "10.0",
        "ros_name": "sensor.lidar.ray_cast",
        "sensor_tick": "0.100000",
        "channels": "32",
        "range": "120.0",
        "points_per_second": "360000",
        "lower_fov": "-30.0",
        "rotation_frequency": "10.000000",
        "horizontal_fov": "360.0",
        "dropoff_general_rate": "0.0",
        "dropoff_intensity_limit": "1.0",
        "noise_stddev": "0.0",
        "dropoff_zero_intensity": "0.0"
      },
      "transform_carla": {
        "location": {
          "x": 80.53804016113281,
          "y": -61.16643524169922,
          "z": 2.195316791534424
        },
        "rotation": {
          "roll": 0.04567345231771469,
          "pitch": 0.04831675440073013,
          "yaw": -156.90621948242188
        }
      },
      "matrix_world_from_sensor_carla": [
        [
          -0.9198637008666992,
          0.39223650097846985,
          0.0010883812792599201,
          80.53804016113281
        ],
        [
          -0.3922370970249176,
          -0.9198639988899231,
          -0.0004025032976642251,
          -61.16643524169922
        ],
        [
          0.0008432863396592438,
          -0.0007971517625264823,
          0.9999993443489075,
          2.195316791534424
        ],
        [
          0.0,
          0.0,
          0.0,
          1.0
        ]
      ],
      "matrix_world_from_sensor_bevfusion": [
        [
          -0.9198637008666992,
          -0.39223650097846985,
          0.0010883812792599201,
          80.53804016113281
        ],
        [
          0.3922370970249176,
          -0.9198639988899231,
          0.0004025032976642251,
          61.16643524169922
        ],
        [
          0.0008432863396592438,
          0.0007971517625264823,
          0.9999993443489075,
          2.195316791534424
        ],
        [
          0.0,
          0.0,
          0.0,
          1.0
        ]
      ],
      "matrix_ego_from_sensor_carla": [
        [
          1.0,
          -3.186802599586258e-09,
          -2.903266169140828e-11,
          -3.814697265625e-06
        ],
        [
          1.8545630808830538e-08,
          1.0,
          -1.2155242090639007e-12,
          7.62939453125e-06
        ],
        [
          -7.929644441073691e-11,
          4.6298423428403623e-11,
          1.0,
          2.1999998092651367
        ],
        [
          0.0,
          0.0,
          0.0,
          1.0
        ]
      ],
      "matrix_ego_from_sensor_bevfusion": [
        [
          1.0,
          3.186802599586258e-09,
          -2.903266169140828e-11,
          -3.814697265625e-06
        ],
        [
          -1.8545630808830538e-08,
          1.0,
          1.2155242090639007e-12,
          -7.62939453125e-06
        ],
        [
          -7.929644441073691e-11,
          -4.6298423428403623e-11,
          1.0,
          2.1999998092651367
        ],
        [
          0.0,
          0.0,
          0.0,
          1.0
        ]
      ],
      "data_path": "D:\\Agent-AI\\outputs\\s3a_ml_long_v2\\sample_000075\\lidar\\LIDAR_TOP.npy",
      "raw_layout": [
        "x",
        "y",
        "z",
        "intensity"
      ]
    },
    "RADAR_FRONT": {
      "type_id": "sensor.other.radar",
      "blueprint_attributes": {
        "sensor_tick": "0.100000",
        "role_name": "default",
        "noise_seed": "0",
        "ros_name": "sensor.other.radar",
        "horizontal_fov": "35.0",
        "points_per_second": "1500",
        "vertical_fov": "20.0",
        "range": "120.0"
      },
      "transform_carla": {
        "location": {
          "x": 78.6968994140625,
          "y": -61.95038986206055,
          "z": 0.897004246711731
        },
        "rotation": {
          "roll": 0.04567345231771469,
          "pitch": 0.04831675440073013,
          "yaw": -156.90621948242188
        }
      },
      "matrix_world_from_sensor_carla": [
        [
          -0.9198637008666992,
          0.39223650097846985,
          0.0010883812792599201,
          78.6968994140625
        ],
        [
          -0.3922370970249176,
          -0.9198639988899231,
          -0.0004025032976642251,
          -61.95038986206055
        ],
        [
          0.0008432863396592438,
          -0.0007971517625264823,
          0.9999993443489075,
          0.897004246711731
        ],
        [
          0.0,
          0.0,
          0.0,
          1.0
        ]
      ],
      "matrix_world_from_sensor_bevfusion": [
        [
          -0.9198637008666992,
          -0.39223650097846985,
          0.0010883812792599201,
          78.6968994140625
        ],
        [
          0.3922370970249176,
          -0.9198639988899231,
          0.0004025032976642251,
          61.95038986206055
        ],
        [
          0.0008432863396592438,
          0.0007971517625264823,
          0.9999993443489075,
          0.897004246711731
        ],
        [
          0.0,
          0.0,
          0.0,
          1.0
        ]
      ],
      "matrix_ego_from_sensor_carla": [
        [
          1.0,
          -3.186802599586258e-09,
          -2.903266169140828e-11,
          1.9999923706054688
        ],
        [
          1.8545630808830538e-08,
          1.0,
          -1.2155242090639007e-12,
          0.0
        ],
        [
          -7.929644441073691e-11,
          4.6298423428403623e-11,
          1.0,
          0.8999999761581421
        ],
        [
          0.0,
          0.0,
          0.0,
          1.0
        ]
      ],
      "matrix_ego_from_sensor_bevfusion": [
        [
          1.0,
          3.186802599586258e-09,
          -2.903266169140828e-11,
          1.9999923706054688
        ],
        [
          -1.8545630808830538e-08,
          1.0,
          1.2155242090639007e-12,
          0.0
        ],
        [
          -7.929644441073691e-11,
          -4.6298423428403623e-11,
          1.0,
          0.8999999761581421
        ],
        [
          0.0,
          0.0,
          0.0,
          1.0
        ]
      ],
      "data_path": "D:\\Agent-AI\\outputs\\s3a_ml_long_v2\\sample_000075\\radar\\RADAR_FRONT.npy",
      "raw_layout": [
        "velocity",
        "altitude",
        "azimuth",
        "depth"
      ]
    },
    "RADAR_FRONT_LEFT": {
      "type_id": "sensor.other.radar",
      "blueprint_attributes": {
        "sensor_tick": "0.100000",
        "role_name": "default",
        "noise_seed": "0",
        "ros_name": "sensor.other.radar",
        "horizontal_fov": "35.0",
        "points_per_second": "1500",
        "vertical_fov": "20.0",
        "range": "120.0"
      },
      "transform_carla": {
        "location": {
          "x": 78.72467803955078,
          "y": -61.123207092285156,
          "z": 0.8973069787025452
        },
        "rotation": {
          "roll": -0.0018691084114834666,
          "pitch": 0.06645773351192474,
          "yaw": 158.09378051757812
        }
      },
      "matrix_world_from_sensor_carla": [
        [
          -0.9277951717376709,
          -0.37308838963508606,
          0.0010883267968893051,
          78.72467803955078
        ],
        [
          0.37308818101882935,
          -0.9277957677841187,
          -0.00040248085861094296,
          -61.123207092285156
        ],
        [
          0.001159906038083136,
          3.262207246734761e-05,
          0.9999993443489075,
          0.8973069787025452
        ],
        [
          0.0,
          0.0,
          0.0,
          1.0
        ]
      ],
      "matrix_world_from_sensor_bevfusion": [
        [
          -0.9277951717376709,
          0.37308838963508606,
          0.0010883267968893051,
          78.72467803955078
        ],
        [
          -0.37308818101882935,
          -0.9277957677841187,
          0.00040248085861094296,
          61.123207092285156
        ],
        [
          0.001159906038083136,
          -3.262207246734761e-05,
          0.9999993443489075,
          0.8973069787025452
        ],
        [
          0.0,
          0.0,
          0.0,
          1.0
        ]
      ],
      "matrix_ego_from_sensor_carla": [
        [
          0.7071071267127991,
          0.7071064710617065,
          4.135661413329217e-08,
          1.6499900817871094
        ],
        [
          -0.7071065306663513,
          0.7071071267127991,
          -4.202714620760162e-08,
          -0.75
        ],
        [
          -5.90372906117409e-08,
          4.677940257380442e-10,
          1.0,
          0.8999999761581421
        ],
        [
          0.0,
          0.0,
          0.0,
          1.0
        ]
      ],
      "matrix_ego_from_sensor_bevfusion": [
        [
          0.7071071267127991,
          -0.7071064710617065,
          4.135661413329217e-08,
          1.6499900817871094
        ],
        [
          0.7071065306663513,
          0.7071071267127991,
          4.202714620760162e-08,
          0.75
        ],
        [
          -5.90372906117409e-08,
          -4.677940257380442e-10,
          1.0,
          0.8999999761581421
        ],
        [
          0.0,
          0.0,
          0.0,
          1.0
        ]
      ],
      "data_path": "D:\\Agent-AI\\outputs\\s3a_ml_long_v2\\sample_000075\\radar\\RADAR_FRONT_LEFT.npy",
      "raw_layout": [
        "velocity",
        "altitude",
        "azimuth",
        "depth"
      ]
    },
    "RADAR_FRONT_RIGHT": {
      "type_id": "sensor.other.radar",
      "blueprint_attributes": {
        "sensor_tick": "0.100000",
        "role_name": "default",
        "noise_seed": "0",
        "ros_name": "sensor.other.radar",
        "horizontal_fov": "35.0",
