{
  "schema_version": "stage1.v1",
  "sample_name": "sample_000054",
  "sequence_index": 54,
  "previous_sample_name": "sample_000053",
  "frame_id": 60055,
  "timestamp": 440.41970083117485,
  "platform_timestamp": 16814585.9519071,
  "delta_seconds": 0.10000000149011612,
  "town": "Carla/Maps/Town10HD_Opt",
  "weather": {
    "cloudiness": 20.0,
    "dust_storm": 0.0,
    "fog_density": 2.0,
    "fog_distance": 0.75,
    "fog_falloff": 0.10000000149011612,
    "mie_scattering_scale": 0.029999999329447746,
    "precipitation": 0.0,
    "precipitation_deposits": 0.0,
    "rayleigh_scattering_scale": 0.03310000151395798,
    "scattering_intensity": 1.0,
    "sun_altitude_angle": 45.0,
    "sun_azimuth_angle": 300.0,
    "wetness": 0.0,
    "wind_intensity": 10.0
  },
  "sensor_names": [
    "CAM_FRONT",
    "CAM_FRONT_RIGHT",
    "CAM_FRONT_LEFT",
    "CAM_BACK",
    "CAM_BACK_LEFT",
    "CAM_BACK_RIGHT",
    "LIDAR_TOP",
    "RADAR_FRONT",
    "RADAR_FRONT_LEFT",
    "RADAR_FRONT_RIGHT",
    "RADAR_BACK_LEFT",
    "RADAR_BACK_RIGHT"
  ],
  "camera_order_for_model": [
    "CAM_FRONT",
    "CAM_FRONT_RIGHT",
    "CAM_FRONT_LEFT",
    "CAM_BACK",
    "CAM_BACK_LEFT",
    "CAM_BACK_RIGHT"
  ],
  "radar_order_for_model": [
    "RADAR_FRONT",
    "RADAR_FRONT_LEFT",
    "RADAR_FRONT_RIGHT",
    "RADAR_BACK_LEFT",
    "RADAR_BACK_RIGHT"
  ],
  "coordinate_notes": {
    "carla_world": "left-handed x-forward y-right z-up",
    "bevfusion_lidar": "x-forward y-left z-up",
    "camera_frame_for_model": "OpenCV style x-right y-down z-forward"
  },
  "ego": {
    "actor_id": 28,
    "transform_carla": {
      "location": {
        "x": 89.3028564453125,
        "y": -56.3953742980957,
        "z": -0.004687309265136719
      },
      "rotation": {
        "roll": 0.5376969575881958,
        "pitch": 0.09210509806871414,
        "yaw": -143.11888122558594
      }
    },
    "velocity_carla": [
      -6.672688007354736,
      -4.86741828918457,
      0.00010457038297317922
    ],
    "angular_velocity_carla": [
      -0.38276350498199463,
      -1.2409027814865112,
      -7.784085273742676
    ],
    "matrix_world_from_ego_carla": [
      [
        -0.7998813986778259,
        0.6001181602478027,
        0.006917919963598251,
        89.3028564453125
      ],
      [
        -0.6001558899879456,
        -0.7998563051223755,
        -0.0065417205914855,
        -56.3953742980957
      ],
      [
        0.0016075364546850324,
        -0.00938443187624216,
        0.9999546408653259,
        -0.004687309265136719
      ],
      [
        0.0,
        0.0,
        0.0,
        1.0
      ]
    ],
    "matrix_world_from_ego_bevfusion": [
      [
        -0.7998813986778259,
        -0.6001181602478027,
        0.006917919963598251,
        89.3028564453125
      ],
      [
        0.6001558899879456,
        -0.7998563051223755,
        0.0065417205914855,
        56.3953742980957
      ],
      [
        0.0016075364546850324,
        0.00938443187624216,
        0.9999546408653259,
        -0.004687309265136719
      ],
      [
        0.0,
        0.0,
        0.0,
        1.0
      ]
    ]
  },
  "sensors": {
    "CAM_FRONT": {
      "type_id": "sensor.camera.rgb",
      "blueprint_attributes": {
        "role_name": "front",
        "ros_name": "sensor.camera.rgb",
        "chromatic_aberration_offset": "0.0",
        "sensor_tick": "0.100000",
        "fstop": "1.4",
        "image_size_x": "960",
        "image_size_y": "540",
        "fov": "70.00",
        "lens_circle_falloff": "5.0",
        "lens_circle_multiplier": "0.0",
        "exposure_compensation": "0.0",
        "lens_y_size": "0.08",
        "lens_k": "-1.0",
        "exposure_mode": "histogram",
        "lens_kcube": "0.0",
        "lens_x_size": "0.08",
        "exposure_max_bright": "12.0",
        "shutter_speed": "200.0",
        "bloom_intensity": "0.675",
        "iso": "100.0",
        "enable_postprocess_effects": "false",
        "gamma": "2.2",
        "motion_blur_intensity": "0.0",
        "motion_blur_max_distortion": "0.35",
        "lens_flare_intensity": "0.1",
        "motion_blur_min_object_screen_size": "0.1",
        "exposure_min_bright": "10.0",
        "exposure_speed_up": "3.0",
        "exposure_speed_down": "1.0",
        "tint": "0.0",
        "calibration_constant": "16.0",
        "focal_distance": "1000.0",
        "min_fstop": "1.2",
        "blade_count": "5",
        "blur_amount": "0.0",
        "blur_radius": "0.0",
        "slope": "0.88",
        "toe": "0.55",
        "white_clip": "0.04",
        "shoulder": "0.26",
        "black_clip": "0.0",
        "temp": "6500.0",
        "chromatic_aberration_intensity": "0.0"
      },
      "transform_carla": {
        "location": {
          "x": 88.0748062133789,
          "y": -57.33673858642578,
          "z": 1.6977272033691406
        },
        "rotation": {
          "roll": 0.5376969575881958,
          "pitch": 0.09210509806871414,
          "yaw": -143.11888122558594
        }
      },
      "matrix_world_from_sensor_carla": [
        [
          -0.7998813986778259,
          0.6001181602478027,
          0.006917919963598251,
          88.0748062133789
        ],
        [
          -0.6001558899879456,
          -0.7998563051223755,
          -0.0065417205914855,
          -57.33673858642578
        ],
        [
          0.0016075364546850324,
          -0.00938443187624216,
          0.9999546408653259,
          1.6977272033691406
        ],
        [
          0.0,
          0.0,
          0.0,
          1.0
        ]
      ],
      "matrix_world_from_sensor_bevfusion": [
        [
          0.6001181602478027,
          -0.006917919963598251,
          -0.7998813986778259,
          88.0748062133789
        ],
        [
          0.7998563051223755,
          -0.0065417205914855,
          0.6001558899879456,
          57.33673858642578
        ],
        [
          -0.00938443187624216,
          -0.9999546408653259,
          0.0016075364546850324,
          1.6977272033691406
        ],
        [
          0.0,
          0.0,
          0.0,
          1.0
        ]
      ],
      "matrix_ego_from_sensor_carla": [
        [
          1.0,
          2.7504110100551316e-09,
          -4.0481638874378945e-11,
          1.5499954223632812
        ],
        [
          -2.704972601463851e-08,
          1.0,
          5.529271485116283e-11,
          7.62939453125e-06
        ],
        [
          -2.9390040401366946e-10,
          4.272595610643748e-10,
          1.0,
          1.6999998092651367
        ],
        [
          0.0,
          0.0,
          0.0,
          1.0
        ]
      ],
      "matrix_ego_from_sensor_bevfusion": [
        [
          2.7504110100551316e-09,
          4.0481638874378945e-11,
          1.0,
          1.5499954223632812
        ],
        [
          -1.0,
          5.529271485116283e-11,
          2.704972601463851e-08,
          -7.62939453125e-06
        ],
        [
          4.272595610643748e-10,
          -1.0,
          -2.9390040401366946e-10,
          1.6999998092651367
        ],
        [
          0.0,
          0.0,
          0.0,
          1.0
        ]
      ],
      "camera_intrinsics": [
        [
          685.5110473632812,
          0.0,
          480.0
        ],
        [
          0.0,
          685.5110473632812,
          270.0
        ],
        [
          0.0,
          0.0,
          1.0
        ]
      ],
      "data_path": "D:\\Agent-AI\\outputs\\s3a_ml_long_v2\\sample_000054\\images\\CAM_FRONT.png",
      "raw_layout": "bgra8"
    },
    "CAM_FRONT_RIGHT": {
      "type_id": "sensor.camera.rgb",
      "blueprint_attributes": {
        "role_name": "front",
        "ros_name": "sensor.camera.rgb",
        "chromatic_aberration_offset": "0.0",
        "sensor_tick": "0.100000",
        "fstop": "1.4",
        "image_size_x": "960",
        "image_size_y": "540",
        "fov": "70.00",
        "lens_circle_falloff": "5.0",
        "lens_circle_multiplier": "0.0",
        "exposure_compensation": "0.0",
        "lens_y_size": "0.08",
        "lens_k": "-1.0",
        "exposure_mode": "histogram",
        "lens_kcube": "0.0",
        "lens_x_size": "0.08",
        "exposure_max_bright": "12.0",
        "shutter_speed": "200.0",
        "bloom_intensity": "0.675",
        "iso": "100.0",
        "enable_postprocess_effects": "false",
        "gamma": "2.2",
        "motion_blur_intensity": "0.0",
        "motion_blur_max_distortion": "0.35",
        "lens_flare_intensity": "0.1",
        "motion_blur_min_object_screen_size": "0.1",
        "exposure_min_bright": "10.0",
        "exposure_speed_up": "3.0",
        "exposure_speed_down": "1.0",
        "tint": "0.0",
        "calibration_constant": "16.0",
        "focal_distance": "1000.0",
        "min_fstop": "1.2",
        "blade_count": "5",
        "blur_amount": "0.0",
        "blur_radius": "0.0",
        "slope": "0.88",
        "toe": "0.55",
        "white_clip": "0.04",
        "shoulder": "0.26",
        "black_clip": "0.0",
        "temp": "6500.0",
        "chromatic_aberration_intensity": "0.0"
      },
      "transform_carla": {
        "location": {
          "x": 88.60484313964844,
          "y": -57.62662124633789,
          "z": 1.6921638250350952
        },
        "rotation": {
          "roll": 0.3838651776313782,
          "pitch": -0.3876200318336487,
          "yaw": -88.12061309814453
        }
      },
      "matrix_world_from_sensor_carla": [
        [
          0.032794833183288574,
          0.9994381070137024,
          0.006917920429259539,
          88.60484313964844
        ],
        [
          -0.9994391798973083,
          0.032840143889188766,
          -0.006541683804243803,
          -57.62662124633789
        ],
        [
          -0.006765194237232208,
          -0.006699507590383291,
          0.9999546408653259,
          1.6921638250350952
        ],
        [
          0.0,
          0.0,
          0.0,
          1.0
        ]
      ],
      "matrix_world_from_sensor_bevfusion": [
        [
          0.9994381070137024,
          -0.006917920429259539,
          0.032794833183288574,
          88.60484313964844
        ],
        [
          -0.032840143889188766,
          -0.006541683804243803,
          0.9994391798973083,
          57.62662124633789
        ],
        [
          -0.006699507590383291,
          -0.9999546408653259,
          -0.006765194237232208,
          1.6921638250350952
        ],
        [
          0.0,
          0.0,
          0.0,
          1.0
        ]
      ],
      "matrix_ego_from_sensor_carla": [
        [
          0.5735765099525452,
          -0.8191520571708679,
          -2.2625053830438446e-08,
          1.2999916076660156
        ],
        [
          0.8191519975662231,
          0.5735765099525452,
          -2.8815707153739822e-08,
          0.5500106811523438
        ],
        [
          3.6376572865037815e-08,
          -1.5235979144989642e-09,
          1.0,
          1.6999998092651367
        ],
        [
          0.0,
          0.0,
          0.0,
          1.0
        ]
      ],
      "matrix_ego_from_sensor_bevfusion": [
        [
          -0.8191520571708679,
          2.2625053830438446e-08,
          0.5735765099525452,
          1.2999916076660156
        ],
        [
          -0.5735765099525452,
          -2.8815707153739822e-08,
          -0.8191519975662231,
          -0.5500106811523438
        ],
        [
          -1.5235979144989642e-09,
          -1.0,
          3.6376572865037815e-08,
          1.6999998092651367
        ],
        [
          0.0,
          0.0,
          0.0,
          1.0
        ]
      ],
      "camera_intrinsics": [
        [
          685.5110473632812,
          0.0,
          480.0
        ],
        [
          0.0,
          685.5110473632812,
          270.0
        ],
        [
          0.0,
          0.0,
          1.0
        ]
      ],
      "data_path": "D:\\Agent-AI\\outputs\\s3a_ml_long_v2\\sample_000054\\images\\CAM_FRONT_RIGHT.png",
      "raw_layout": "bgra8"
    },
    "CAM_FRONT_LEFT": {
      "type_id": "sensor.camera.rgb",
      "blueprint_attributes": {
        "role_name": "front",
        "ros_name": "sensor.camera.rgb",
        "chromatic_aberration_offset": "0.0",
        "sensor_tick": "0.100000",
        "fstop": "1.4",
        "image_size_x": "960",
        "image_size_y": "540",
        "fov": "70.00",
        "lens_circle_falloff": "5.0",
        "lens_circle_multiplier": "0.0",
        "exposure_compensation": "0.0",
        "lens_y_size": "0.08",
        "lens_k": "-1.0",
        "exposure_mode": "histogram",
        "lens_kcube": "0.0",
        "lens_x_size": "0.08",
        "exposure_max_bright": "12.0",
        "shutter_speed": "200.0",
        "bloom_intensity": "0.675",
        "iso": "100.0",
        "enable_postprocess_effects": "false",
        "gamma": "2.2",
        "motion_blur_intensity": "0.0",
        "motion_blur_max_distortion": "0.35",
        "lens_flare_intensity": "0.1",
        "motion_blur_min_object_screen_size": "0.1",
        "exposure_min_bright": "10.0",
        "exposure_speed_up": "3.0",
        "exposure_speed_down": "1.0",
        "tint": "0.0",
        "calibration_constant": "16.0",
        "focal_distance": "1000.0",
        "min_fstop": "1.2",
        "blade_count": "5",
        "blur_amount": "0.0",
        "blur_radius": "0.0",
        "slope": "0.88",
        "toe": "0.55",
        "white_clip": "0.04",
        "shoulder": "0.26",
        "black_clip": "0.0",
        "temp": "6500.0",
        "chromatic_aberration_intensity": "0.0"
      },
      "transform_carla": {
        "location": {
          "x": 87.9447021484375,
          "y": -56.74677658081055,
          "z": 1.7024868726730347
        },
        "rotation": {
          "roll": 0.23296664655208588,
          "pitch": 0.4932762384414673,
          "yaw": 161.88168334960938
        }
      },
      "matrix_world_from_sensor_carla": [
        [
          -0.9503811597824097,
          -0.3110109567642212,
          0.006917792372405529,
          87.9447021484375
        ],
        [
          0.3109687268733978,
          -0.9503976106643677,
          -0.0065416814759373665,
          -56.74677658081055
        ],
        [
          0.008609187789261341,
          -0.004065873101353645,
          0.9999546408653259,
          1.7024868726730347
        ],
        [
          0.0,
          0.0,
          0.0,
          1.0
        ]
      ],
      "matrix_world_from_sensor_bevfusion": [
        [
          -0.3110109567642212,
          -0.006917792372405529,
          -0.9503811597824097,
          87.9447021484375
        ],
        [
          0.9503976106643677,
          -0.0065416814759373665,
          -0.3109687268733978,
          56.74677658081055
        ],
        [
          -0.004065873101353645,
          -0.9999546408653259,
          0.008609187789261341,
          1.7024868726730347
        ],
        [
          0.0,
          0.0,
          0.0,
          1.0
        ]
      ],
      "matrix_ego_from_sensor_carla": [
        [
          0.5735763907432556,
          0.8191520571708679,
          7.842344729169781e-08,
          1.2999992370605469
        ],
        [
          -0.8191521167755127,
          0.5735763311386108,
          -1.0797812421969866e-07,
          -0.5499954223632812
        ],
        [
          -1.3387845854140323e-07,
          -2.08237427301583e-09,
          1.0,
          1.7000000476837158
        ],
        [
          0.0,
          0.0,
          0.0,
          1.0
        ]
      ],
      "matrix_ego_from_sensor_bevfusion": [
        [
          0.8191520571708679,
          -7.842344729169781e-08,
          0.5735763907432556,
          1.2999992370605469
        ],
        [
          -0.5735763311386108,
          -1.0797812421969866e-07,
          0.8191521167755127,
          0.5499954223632812
        ],
        [
          -2.08237427301583e-09,
          -1.0,
          -1.3387845854140323e-07,
          1.7000000476837158
        ],
        [
          0.0,
          0.0,
          0.0,
          1.0
        ]
      ],
      "camera_intrinsics": [
        [
          685.5110473632812,
          0.0,
          480.0
        ],
        [
          0.0,
          685.5110473632812,
          270.0
        ],
        [
          0.0,
          0.0,
          1.0
        ]
      ],
      "data_path": "D:\\Agent-AI\\outputs\\s3a_ml_long_v2\\sample_000054\\images\\CAM_FRONT_LEFT.png",
      "raw_layout": "bgra8"
    },
    "CAM_BACK": {
      "type_id": "sensor.camera.rgb",
      "blueprint_attributes": {
        "role_name": "front",
        "ros_name": "sensor.camera.rgb",
        "chromatic_aberration_offset": "0.0",
        "sensor_tick": "0.100000",
        "fstop": "1.4",
        "image_size_x": "960",
        "image_size_y": "540",
        "fov": "70.00",
        "lens_circle_falloff": "5.0",
        "lens_circle_multiplier": "0.0",
        "exposure_compensation": "0.0",
        "lens_y_size": "0.08",
        "lens_k": "-1.0",
        "exposure_mode": "histogram",
        "lens_kcube": "0.0",
        "lens_x_size": "0.08",
        "exposure_max_bright": "12.0",
        "shutter_speed": "200.0",
        "bloom_intensity": "0.675",
        "iso": "100.0",
        "enable_postprocess_effects": "false",
        "gamma": "2.2",
        "motion_blur_intensity": "0.0",
        "motion_blur_max_distortion": "0.35",
        "lens_flare_intensity": "0.1",
        "motion_blur_min_object_screen_size": "0.1",
        "exposure_min_bright": "10.0",
        "exposure_speed_up": "3.0",
        "exposure_speed_down": "1.0",
        "tint": "0.0",
        "calibration_constant": "16.0",
        "focal_distance": "1000.0",
        "min_fstop": "1.2",
        "blade_count": "5",
        "blur_amount": "0.0",
        "blur_radius": "0.0",
        "slope": "0.88",
        "toe": "0.55",
        "white_clip": "0.04",
        "shoulder": "0.26",
        "black_clip": "0.0",
        "temp": "6500.0",
        "chromatic_aberration_intensity": "0.0"
      },
      "transform_carla": {
        "location": {
          "x": 90.55442810058594,
          "y": -55.476253509521484,
          "z": 1.6927438974380493
        },
        "rotation": {
          "roll": -0.537696897983551,
          "pitch": -0.09210509806871414,
          "yaw": 36.88112258911133
        }
      },
      "matrix_world_from_sensor_carla": [
        [
          0.7998813390731812,
          -0.6001182198524475,
          0.006917919963598251,
          90.55442810058594
        ],
        [
          0.6001559495925903,
          0.7998562455177307,
          -0.006541719660162926,
          -55.476253509521484
        ],
        [
          -0.0016075364546850324,
          0.009384430944919586,
          0.9999546408653259,
          1.6927438974380493
        ],
        [
          0.0,
          0.0,
          0.0,
          1.0
        ]
      ],
      "matrix_world_from_sensor_bevfusion": [
        [
          -0.6001182198524475,
          -0.006917919963598251,
          0.7998813390731812,
          90.55442810058594
        ],
        [
          -0.7998562455177307,
          -0.006541719660162926,
          -0.6001559495925903,
          55.476253509521484
        ],
        [
          0.009384430944919586,
          -0.9999546408653259,
          -0.0016075364546850324,
          1.6927438974380493
        ],
        [
          0.0,
          0.0,
          0.0,
          1.0
        ]
      ],
      "matrix_ego_from_sensor_carla": [
        [
          -0.9999999403953552,
          9.262497968620664e-08,
          -6.225582271923713e-10,
          -1.5499992370605469
        ],
        [
          -8.022971798027356e-08,
          -1.0,
          -8.760298597643157e-10,
          0.0
        ],
        [
          -5.210068487748742e-10,
          -4.2721737258943904e-10,
          1.0,
          1.6999998092651367
        ],
        [
          0.0,
          0.0,
          0.0,
          1.0
        ]
      ],
      "matrix_ego_from_sensor_bevfusion": [
        [
          9.262497968620664e-08,
          6.225582271923713e-10,
          -0.9999999403953552,
          -1.5499992370605469
        ],
        [
          1.0,
          -8.760298597643157e-10,
          8.022971798027356e-08,
          0.0
        ],
        [
          -4.2721737258943904e-10,
          -1.0,
          -5.210068487748742e-10,
          1.6999998092651367
        ],
        [
          0.0,
          0.0,
          0.0,
          1.0
        ]
      ],
      "camera_intrinsics": [
        [
          685.5110473632812,
          0.0,
          480.0
        ],
        [
          0.0,
          685.5110473632812,
          270.0
        ],
        [
          0.0,
          0.0,
          1.0
        ]
      ],
      "data_path": "D:\\Agent-AI\\outputs\\s3a_ml_long_v2\\sample_000054\\images\\CAM_BACK.png",
      "raw_layout": "bgra8"
    },
    "CAM_BACK_LEFT": {
      "type_id": "sensor.camera.rgb",
      "blueprint_attributes": {
        "role_name": "front",
        "ros_name": "sensor.camera.rgb",
        "chromatic_aberration_offset": "0.0",
        "sensor_tick": "0.100000",
        "fstop": "1.4",
        "image_size_x": "960",
        "image_size_y": "540",
        "fov": "70.00",
        "lens_circle_falloff": "5.0",
        "lens_circle_multiplier": "0.0",
        "exposure_compensation": "0.0",
        "lens_y_size": "0.08",
        "lens_k": "-1.0",
        "exposure_mode": "histogram",
        "lens_kcube": "0.0",
        "lens_x_size": "0.08",
        "exposure_max_bright": "12.0",
        "shutter_speed": "200.0",
        "bloom_intensity": "0.675",
        "iso": "100.0",
        "enable_postprocess_effects": "false",
        "gamma": "2.2",
        "motion_blur_intensity": "0.0",
        "motion_blur_max_distortion": "0.35",
        "lens_flare_intensity": "0.1",
        "motion_blur_min_object_screen_size": "0.1",
        "exposure_min_bright": "10.0",
        "exposure_speed_up": "3.0",
        "exposure_speed_down": "1.0",
        "tint": "0.0",
        "calibration_constant": "16.0",
        "focal_distance": "1000.0",
        "min_fstop": "1.2",
        "blade_count": "5",
        "blur_amount": "0.0",
        "blur_radius": "0.0",
        "slope": "0.88",
        "toe": "0.55",
        "white_clip": "0.04",
        "shoulder": "0.26",
        "black_clip": "0.0",
        "temp": "6500.0",
        "chromatic_aberration_intensity": "0.0"
      },
      "transform_carla": {
        "location": {
          "x": 90.02439880371094,
          "y": -55.186370849609375,
          "z": 1.6983072757720947
        },
        "rotation": {
          "roll": -0.3838650584220886,
          "pitch": 0.3876200318336487,
          "yaw": 91.8793716430664
        }
      },
      "matrix_world_from_sensor_carla": [
        [
          -0.032794564962387085,
          -0.9994381070137024,
          0.00691791670396924,
          90.02439880371094
        ],
        [
          0.9994391798973083,
          -0.03283987566828728,
          -0.006541685666888952,
          -55.186370849609375
        ],
        [
          0.006765194237232208,
          0.006699505727738142,
          0.9999546408653259,
          1.6983072757720947
        ],
        [
          0.0,
          0.0,
          0.0,
          1.0
        ]
      ],
      "matrix_world_from_sensor_bevfusion": [
        [
          -0.9994381070137024,
          -0.00691791670396924,
          -0.032794564962387085,
          90.02439880371094
        ],
        [
          0.03283987566828728,
          -0.006541685666888952,
          -0.9994391798973083,
          55.186370849609375
        ],
        [
          0.006699505727738142,
          -0.9999546408653259,
          0.006765194237232208,
          1.6983072757720947
        ],
        [
          0.0,
          0.0,
          0.0,
          1.0
        ]
      ],
      "matrix_ego_from_sensor_carla": [
        [
          -0.5735766887664795,
          0.8191518783569336,
          -1.8201271601014923e-08,
          -1.3000030517578125
        ],
        [
          -0.8191518187522888,
          -0.5735767483711243,
          -2.97470297283553e-08,
          -0.5499954223632812
        ],
        [
          -3.49795890031146e-08,
          -2.2016080070130783e-09,
          1.0,
          1.7000000476837158
        ],
        [
          0.0,
          0.0,
          0.0,
          1.0
        ]
      ],
      "matrix_ego_from_sensor_bevfusion": [
        [
          0.8191518783569336,
          1.8201271601014923e-08,
          -0.5735766887664795,
          -1.3000030517578125
        ],
        [
          0.5735767483711243,
          -2.97470297283553e-08,
          0.8191518187522888,
          0.5499954223632812
        ],
        [
          -2.2016080070130783e-09,
          -1.0,
          -3.49795890031146e-08,
          1.7000000476837158
        ],
        [
          0.0,
          0.0,
          0.0,
          1.0
        ]
      ],
      "camera_intrinsics": [
        [
          685.5110473632812,
          0.0,
          480.0
        ],
        [
          0.0,
          685.5110473632812,
          270.0
        ],
        [
          0.0,
          0.0,
          1.0
        ]
      ],
      "data_path": "D:\\Agent-AI\\outputs\\s3a_ml_long_v2\\sample_000054\\images\\CAM_BACK_LEFT.png",
      "raw_layout": "bgra8"
    },
    "CAM_BACK_RIGHT": {
      "type_id": "sensor.camera.rgb",
      "blueprint_attributes": {
        "role_name": "front",
        "ros_name": "sensor.camera.rgb",
        "chromatic_aberration_offset": "0.0",
        "sensor_tick": "0.100000",
        "fstop": "1.4",
        "image_size_x": "960",
        "image_size_y": "540",
        "fov": "70.00",
        "lens_circle_falloff": "5.0",
        "lens_circle_multiplier": "0.0",
        "exposure_compensation": "0.0",
        "lens_y_size": "0.08",
        "lens_k": "-1.0",
        "exposure_mode": "histogram",
        "lens_kcube": "0.0",
        "lens_x_size": "0.08",
        "exposure_max_bright": "12.0",
        "shutter_speed": "200.0",
        "bloom_intensity": "0.675",
        "iso": "100.0",
        "enable_postprocess_effects": "false",
        "gamma": "2.2",
        "motion_blur_intensity": "0.0",
        "motion_blur_max_distortion": "0.35",
        "lens_flare_intensity": "0.1",
        "motion_blur_min_object_screen_size": "0.1",
        "exposure_min_bright": "10.0",
        "exposure_speed_up": "3.0",
        "exposure_speed_down": "1.0",
        "tint": "0.0",
        "calibration_constant": "16.0",
        "focal_distance": "1000.0",
        "min_fstop": "1.2",
        "blade_count": "5",
        "blur_amount": "0.0",
        "blur_radius": "0.0",
        "slope": "0.88",
        "toe": "0.55",
        "white_clip": "0.04",
        "shoulder": "0.26",
        "black_clip": "0.0",
        "temp": "6500.0",
        "chromatic_aberration_intensity": "0.0"
      },
      "transform_carla": {
        "location": {
          "x": 90.68453216552734,
          "y": -56.06621551513672,
          "z": 1.6879842281341553
        },
        "rotation": {
          "roll": -0.2329665869474411,
          "pitch": -0.4932762384414673,
          "yaw": -18.118322372436523
        }
      },
      "matrix_world_from_sensor_carla": [
        [
          0.9503811001777649,
          0.31101104617118835,
          0.006917791441082954,
          90.68453216552734
        ],
        [
          -0.310968816280365,
          0.9503975510597229,
          -0.006541680544614792,
          -56.06621551513672
        ],
        [
          -0.008609187789261341,
          0.004065871704369783,
          0.9999546408653259,
          1.6879842281341553
        ],
        [
          0.0,
          0.0,
          0.0,
          1.0
        ]
      ],
      "matrix_world_from_sensor_bevfusion": [
        [
          0.31101104617118835,
          -0.006917791441082954,
          0.9503811001777649,
          90.68453216552734
        ],
        [
          -0.9503975510597229,
          -0.006541680544614792,
          0.310968816280365,
          56.06621551513672
        ],
        [
          0.004065871704369783,
          -0.9999546408653259,
          -0.008609187789261341,
          1.6879842281341553
        ],
        [
          0.0,
          0.0,
          0.0,
          1.0
        ]
      ],
      "matrix_ego_from_sensor_carla": [
        [
          -0.5735762715339661,
          -0.8191521167755127,
          7.888910857900555e-08,
          -1.3000030517578125
        ],
        [
          0.8191521167755127,
          -0.5735762119293213,
          -1.0890944679431414e-07,
          0.5500106811523438
        ],
        [
          1.348097811160187e-07,
          1.6167762684204945e-09,
          1.0,
          1.6999998092651367
        ],
        [
          0.0,
          0.0,
          0.0,
          1.0
        ]
      ],
      "matrix_ego_from_sensor_bevfusion": [
        [
          -0.8191521167755127,
          -7.888910857900555e-08,
          -0.5735762715339661,
          -1.3000030517578125
        ],
        [
          0.5735762119293213,
          -1.0890944679431414e-07,
          -0.8191521167755127,
          -0.5500106811523438
        ],
        [
          1.6167762684204945e-09,
          -1.0,
          1.348097811160187e-07,
          1.6999998092651367
        ],
        [
          0.0,
          0.0,
          0.0,
          1.0
        ]
      ],
      "camera_intrinsics": [
        [
          685.5110473632812,
          0.0,
          480.0
        ],
        [
          0.0,
          685.5110473632812,
          270.0
        ],
        [
          0.0,
          0.0,
          1.0
        ]
      ],
      "data_path": "D:\\Agent-AI\\outputs\\s3a_ml_long_v2\\sample_000054\\images\\CAM_BACK_RIGHT.png",
      "raw_layout": "bgra8"
    },
    "LIDAR_TOP": {
      "type_id": "sensor.lidar.ray_cast",
      "blueprint_attributes": {
        "atmosphere_attenuation_rate": "0.004",
        "role_name": "front",
        "noise_seed": "0",
        "upper_fov": "10.0",
        "ros_name": "sensor.lidar.ray_cast",
        "sensor_tick": "0.100000",
        "channels": "32",
        "range": "120.0",
        "points_per_second": "360000",
        "lower_fov": "-30.0",
        "rotation_frequency": "10.000000",
        "horizontal_fov": "360.0",
        "dropoff_general_rate": "0.0",
        "dropoff_intensity_limit": "1.0",
        "noise_stddev": "0.0",
        "dropoff_zero_intensity": "0.0"
      },
      "transform_carla": {
        "location": {
          "x": 89.31807708740234,
          "y": -56.40976333618164,
          "z": 2.1952128410339355
        },
        "rotation": {
          "roll": 0.5376969575881958,
          "pitch": 0.09210509806871414,
          "yaw": -143.11888122558594
        }
      },
      "matrix_world_from_sensor_carla": [
        [
          -0.7998813986778259,
          0.6001181602478027,
          0.006917919963598251,
          89.31807708740234
        ],
        [
          -0.6001558899879456,
          -0.7998563051223755,
          -0.0065417205914855,
          -56.40976333618164
        ],
        [
          0.0016075364546850324,
          -0.00938443187624216,
          0.9999546408653259,
          2.1952128410339355
        ],
        [
          0.0,
          0.0,
          0.0,
          1.0
        ]
      ],
      "matrix_world_from_sensor_bevfusion": [
        [
          -0.7998813986778259,
          -0.6001181602478027,
          0.006917919963598251,
          89.31807708740234
        ],
        [
          0.6001558899879456,
          -0.7998563051223755,
          0.0065417205914855,
          56.40976333618164
        ],
        [
          0.0016075364546850324,
          0.00938443187624216,
          0.9999546408653259,
          2.1952128410339355
        ],
        [
          0.0,
          0.0,
          0.0,
          1.0
        ]
      ],
      "matrix_ego_from_sensor_carla": [
        [
          1.0,
          2.7504110100551316e-09,
          -4.0481638874378945e-11,
          0.0
        ],
        [
          -2.704972601463851e-08,
          1.0,
          5.529271485116283e-11,
          0.0
        ],
        [
          -2.9390040401366946e-10,
          4.272595610643748e-10,
          1.0,
          2.1999998092651367
        ],
        [
          0.0,
          0.0,
          0.0,
          1.0
        ]
      ],
      "matrix_ego_from_sensor_bevfusion": [
        [
          1.0,
          -2.7504110100551316e-09,
          -4.0481638874378945e-11,
          0.0
        ],
        [
          2.704972601463851e-08,
          1.0,
          -5.529271485116283e-11,
          0.0
        ],
        [
          -2.9390040401366946e-10,
          -4.272595610643748e-10,
          1.0,
          2.1999998092651367
        ],
        [
          0.0,
          0.0,
          0.0,
          1.0
        ]
      ],
      "data_path": "D:\\Agent-AI\\outputs\\s3a_ml_long_v2\\sample_000054\\lidar\\LIDAR_TOP.npy",
      "raw_layout": [
        "x",
        "y",
        "z",
        "intensity"
      ]
    },
    "RADAR_FRONT": {
      "type_id": "sensor.other.radar",
      "blueprint_attributes": {
        "sensor_tick": "0.100000",
        "role_name": "default",
        "noise_seed": "0",
        "ros_name": "sensor.other.radar",
        "horizontal_fov": "35.0",
        "points_per_second": "1500",
        "vertical_fov": "20.0",
        "range": "120.0"
      },
      "transform_carla": {
        "location": {
          "x": 87.7093276977539,
          "y": -57.60157775878906,
          "z": 0.8984869122505188
        },
        "rotation": {
          "roll": 0.5376969575881958,
          "pitch": 0.09210509806871414,
          "yaw": -143.11888122558594
        }
      },
      "matrix_world_from_sensor_carla": [
        [
          -0.7998813986778259,
          0.6001181602478027,
          0.006917919963598251,
          87.7093276977539
        ],
        [
          -0.6001558899879456,
          -0.7998563051223755,
          -0.0065417205914855,
          -57.60157775878906
        ],
        [
          0.0016075364546850324,
          -0.00938443187624216,
          0.9999546408653259,
          0.8984869122505188
        ],
        [
          0.0,
          0.0,
          0.0,
          1.0
        ]
      ],
      "matrix_world_from_sensor_bevfusion": [
        [
          -0.7998813986778259,
          -0.6001181602478027,
          0.006917919963598251,
          87.7093276977539
        ],
        [
          0.6001558899879456,
          -0.7998563051223755,
          0.0065417205914855,
          57.60157775878906
        ],
        [
          0.0016075364546850324,
          0.00938443187624216,
          0.9999546408653259,
          0.8984869122505188
        ],
        [
          0.0,
          0.0,
          0.0,
          1.0
        ]
      ],
      "matrix_ego_from_sensor_carla": [
        [
          1.0,
          2.7504110100551316e-09,
          -4.0481638874378945e-11,
          1.9999961853027344
        ],
        [
          -2.704972601463851e-08,
          1.0,
          5.529271485116283e-11,
          1.52587890625e-05
        ],
        [
          -2.9390040401366946e-10,
          4.272595610643748e-10,
          1.0,
          0.9000000357627869
        ],
        [
          0.0,
          0.0,
          0.0,
          1.0
        ]
      ],
      "matrix_ego_from_sensor_bevfusion": [
        [
          1.0,
          -2.7504110100551316e-09,
          -4.0481638874378945e-11,
          1.9999961853027344
        ],
        [
          2.704972601463851e-08,
          1.0,
          -5.529271485116283e-11,
          -1.52587890625e-05
        ],
        [
          -2.9390040401366946e-10,
          -4.272595610643748e-10,
          1.0,
          0.9000000357627869
        ],
        [
          0.0,
          0.0,
          0.0,
          1.0
        ]
      ],
      "data_path": "D:\\Agent-AI\\outputs\\s3a_ml_long_v2\\sample_000054\\radar\\RADAR_FRONT.npy",
      "raw_layout": [
        "velocity",
        "altitude",
        "azimuth",
        "depth"
      ]
    },
    "RADAR_FRONT_LEFT": {
      "type_id": "sensor.other.radar",
      "blueprint_attributes": {
        "sensor_tick": "0.100000",
        "role_name": "default",
        "noise_seed": "0",
        "ros_name": "sensor.other.radar",
        "horizontal_fov": "35.0",
        "points_per_second": "1500",
        "vertical_fov": "20.0",
        "range": "120.0"
      },
      "transform_carla": {
        "location": {
          "x": 87.53919982910156,
          "y": -56.791629791259766,
          "z": 0.9049625992774963
        },
        "rotation": {
          "roll": 0.3150860667228699,
          "pitch": 0.44533514976501465,
          "yaw": 171.88189697265625
        }
      },
      "matrix_world_from_sensor_carla": [
        [
          -0.9899491667747498,
          -0.14125414192676544,
          0.006917909719049931,
          87.53919982910156
        ],
        [
          0.1412096917629242,
          -0.9899581074714661,
          -0.0065417205914855,
          -56.791629791259766
        ],
        [
          0.007772486191242933,
          -0.005499095190316439,
          0.9999546408653259,
          0.9049625992774963
        ],
        [
          0.0,
          0.0,
          0.0,
          1.0
        ]
      ],
      "matrix_world_from_sensor_bevfusion": [
        [
          -0.9899491667747498,
          0.14125414192676544,
          0.006917909719049931,
          87.53919982910156
        ],
        [
          -0.1412096917629242,
          -0.9899581074714661,
          0.0065417205914855,
          56.791629791259766
        ],
        [
          0.007772486191242933,
          0.005499095190316439,
          0.9999546408653259,
          0.9049625992774963
        ],
        [
          0.0,
          0.0,
          0.0,
          1.0
        ]
      ],
      "matrix_ego_from_sensor_carla": [
        [
          0.7071066498756409,
          0.7071069478988647,
          8.341421775526214e-09,
          1.649993896484375
        ],
        [
          -0.7071069478988647,
          0.7071066498756409,
          -6.463965362968338e-09,
          -0.7499923706054688
        ],
        [
          -1.029458651657933e-08,
          -1.419344863862193e-09,
          1.0,
          0.9000000357627869
        ],
        [
          0.0,
          0.0,
          0.0,
          1.0
        ]
      ],
      "matrix_ego_from_sensor_bevfusion": [
        [
          0.7071066498756409,
          -0.7071069478988647,
          8.341421775526214e-09,
          1.649993896484375
        ],
        [
          0.7071069478988647,
          0.7071066498756409,
          6.463965362968338e-09,
          0.7499923706054688
        ],
        [
          -1.029458651657933e-08,
          1.419344863862193e-09,
          1.0,
          0.9000000357627869
        ],
        [
          0.0,
          0.0,
          0.0,
          1.0
        ]
      ],
      "data_path": "D:\\Agent-AI\\outputs\\s3a_ml_long_v2\\sample_000054\\radar\\RADAR_FRONT_LEFT.npy",
      "raw_layout": [
        "velocity",
        "altitude",
        "azimuth",
        "depth"
      ]
    },
    "RADAR_FRONT_RIGHT": {
      "type_id": "sensor.other.radar",
      "blueprint_attributes": {
        "sensor_tick": "0.100000",
        "role_name": "default",
        "noise_seed": "0",
        "ros_name": "sensor.other.radar",
        "horizontal_fov": "35.0",
        "points_per_second": "1500",
        "vertical_fov": "20.0",
        "range": "120.0"
