{
  "schema_version": "stage1.v1",
  "sample_name": "sample_000030",
  "sequence_index": 30,
  "previous_sample_name": "sample_000029",
  "frame_id": 726303,
  "timestamp": 5000.194624762982,
  "platform_timestamp": 16813379.4744101,
  "delta_seconds": 0.10000000149011612,
  "town": "Carla/Maps/Town10HD_Opt",
  "weather": {
    "cloudiness": 20.0,
    "dust_storm": 0.0,
    "fog_density": 2.0,
    "fog_distance": 0.75,
    "fog_falloff": 0.10000000149011612,
    "mie_scattering_scale": 0.029999999329447746,
    "precipitation": 0.0,
    "precipitation_deposits": 0.0,
    "rayleigh_scattering_scale": 0.03310000151395798,
    "scattering_intensity": 1.0,
    "sun_altitude_angle": 45.0,
    "sun_azimuth_angle": 300.0,
    "wetness": 0.0,
    "wind_intensity": 10.0
  },
  "sensor_names": [
    "CAM_FRONT",
    "CAM_FRONT_RIGHT",
    "CAM_FRONT_LEFT",
    "CAM_BACK",
    "CAM_BACK_LEFT",
    "CAM_BACK_RIGHT",
    "LIDAR_TOP",
    "RADAR_FRONT",
    "RADAR_FRONT_LEFT",
    "RADAR_FRONT_RIGHT",
    "RADAR_BACK_LEFT",
    "RADAR_BACK_RIGHT"
  ],
  "camera_order_for_model": [
    "CAM_FRONT",
    "CAM_FRONT_RIGHT",
    "CAM_FRONT_LEFT",
    "CAM_BACK",
    "CAM_BACK_LEFT",
    "CAM_BACK_RIGHT"
  ],
  "radar_order_for_model": [
    "RADAR_FRONT",
    "RADAR_FRONT_LEFT",
    "RADAR_FRONT_RIGHT",
    "RADAR_BACK_LEFT",
    "RADAR_BACK_RIGHT"
  ],
  "coordinate_notes": {
    "carla_world": "left-handed x-forward y-right z-up",
    "bevfusion_lidar": "x-forward y-left z-up",
    "camera_frame_for_model": "OpenCV style x-right y-down z-forward"
  },
  "ego": {
    "actor_id": 49,
    "transform_carla": {
      "location": {
        "x": 104.54306030273438,
        "y": -34.640621185302734,
        "z": -0.005594901740550995
      },
      "rotation": {
        "roll": 0.07406441122293472,
        "pitch": 0.2938142418861389,
        "yaw": -105.4684829711914
      }
    },
    "velocity_carla": [
      -1.01029372215271,
      -3.304262638092041,
      7.074356108205393e-05
    ],
    "angular_velocity_carla": [
      1.9999901056289673,
      -0.7328092455863953,
      -4.177044868469238
    ],
    "matrix_world_from_ego_carla": [
      [
        -0.2667047381401062,
        0.9637747406959534,
        0.0026135235093533993,
        104.54306030273438
      ],
      [
        -0.9637646079063416,
        -0.2667144238948822,
        0.004597484599798918,
        -34.640621185302734
      ],
      [
        0.005128003656864166,
        -0.0012926504714414477,
        0.9999859929084778,
        -0.005594901740550995
      ],
      [
        0.0,
        0.0,
        0.0,
        1.0
      ]
    ],
    "matrix_world_from_ego_bevfusion": [
      [
        -0.2667047381401062,
        -0.9637747406959534,
        0.0026135235093533993,
        104.54306030273438
      ],
      [
        0.9637646079063416,
        -0.2667144238948822,
        -0.004597484599798918,
        34.640621185302734
      ],
      [
        0.005128003656864166,
        0.0012926504714414477,
        0.9999859929084778,
        -0.005594901740550995
      ],
      [
        0.0,
        0.0,
        0.0,
        1.0
      ]
    ]
  },
  "sensors": {
    "CAM_FRONT": {
      "type_id": "sensor.camera.rgb",
      "blueprint_attributes": {
        "role_name": "front",
        "ros_name": "sensor.camera.rgb",
        "chromatic_aberration_offset": "0.0",
        "sensor_tick": "0.100000",
        "fstop": "1.4",
        "image_size_x": "960",
        "image_size_y": "540",
        "fov": "70.00",
        "lens_circle_falloff": "5.0",
        "lens_circle_multiplier": "0.0",
        "exposure_compensation": "0.0",
        "lens_y_size": "0.08",
        "lens_k": "-1.0",
        "exposure_mode": "histogram",
        "lens_kcube": "0.0",
        "lens_x_size": "0.08",
        "exposure_max_bright": "12.0",
        "shutter_speed": "200.0",
        "bloom_intensity": "0.675",
        "iso": "100.0",
        "enable_postprocess_effects": "false",
        "gamma": "2.2",
        "motion_blur_intensity": "0.0",
        "motion_blur_max_distortion": "0.35",
        "lens_flare_intensity": "0.1",
        "motion_blur_min_object_screen_size": "0.1",
        "exposure_min_bright": "10.0",
        "exposure_speed_up": "3.0",
        "exposure_speed_down": "1.0",
        "tint": "0.0",
        "calibration_constant": "16.0",
        "focal_distance": "1000.0",
        "min_fstop": "1.2",
        "blade_count": "5",
        "blur_amount": "0.0",
        "blur_radius": "0.0",
        "slope": "0.88",
        "toe": "0.55",
        "white_clip": "0.04",
        "shoulder": "0.26",
        "black_clip": "0.0",
        "temp": "6500.0",
        "chromatic_aberration_intensity": "0.0"
      },
      "transform_carla": {
        "location": {
          "x": 104.13411712646484,
          "y": -36.126644134521484,
          "z": 1.7023296356201172
        },
        "rotation": {
          "roll": 0.07406441122293472,
          "pitch": 0.2938142418861389,
          "yaw": -105.4684829711914
        }
      },
      "matrix_world_from_sensor_carla": [
        [
          -0.2667047381401062,
          0.9637747406959534,
          0.0026135235093533993,
          104.13411712646484
        ],
        [
          -0.9637646079063416,
          -0.2667144238948822,
          0.004597484599798918,
          -36.126644134521484
        ],
        [
          0.005128003656864166,
          -0.0012926504714414477,
          0.9999859929084778,
          1.7023296356201172
        ],
        [
          0.0,
          0.0,
          0.0,
          1.0
        ]
      ],
      "matrix_world_from_sensor_bevfusion": [
        [
          0.9637747406959534,
          -0.0026135235093533993,
          -0.2667047381401062,
          104.13411712646484
        ],
        [
          0.2667144238948822,
          0.004597484599798918,
          0.9637646079063416,
          36.126644134521484
        ],
        [
          -0.0012926504714414477,
          -0.9999859929084778,
          0.005128003656864166,
          1.7023296356201172
        ],
        [
          0.0,
          0.0,
          0.0,
          1.0
        ]
      ],
      "matrix_ego_from_sensor_carla": [
        [
          1.0,
          -2.2513049202643742e-08,
          -1.1658482512721946e-10,
          1.5500006675720215
        ],
        [
          -8.60823501369623e-09,
          1.0,
          6.190020718221945e-11,
          1.52587890625e-05
        ],
        [
          1.8907453380734296e-10,
          1.0126592620007813e-10,
          1.0,
          1.7000000476837158
        ],
        [
          0.0,
          0.0,
          0.0,
          1.0
        ]
      ],
      "matrix_ego_from_sensor_bevfusion": [
        [
          -2.2513049202643742e-08,
          1.1658482512721946e-10,
          1.0,
          1.5500006675720215
        ],
        [
          -1.0,
          6.190020718221945e-11,
          8.60823501369623e-09,
          -1.52587890625e-05
        ],
        [
          1.0126592620007813e-10,
          -1.0,
          1.8907453380734296e-10,
          1.7000000476837158
        ],
        [
          0.0,
          0.0,
          0.0,
          1.0
        ]
      ],
      "camera_intrinsics": [
        [
          685.5110473632812,
          0.0,
          480.0
        ],
        [
          0.0,
          685.5110473632812,
          270.0
        ],
        [
          0.0,
          0.0,
          1.0
        ]
      ],
      "data_path": "D:\\Agent-AI\\outputs\\s3a_ml_long_v1\\sample_000030\\images\\CAM_FRONT.png",
      "raw_layout": "bgra8"
    },
    "CAM_FRONT_RIGHT": {
      "type_id": "sensor.camera.rgb",
      "blueprint_attributes": {
        "role_name": "front",
        "ros_name": "sensor.camera.rgb",
        "chromatic_aberration_offset": "0.0",
        "sensor_tick": "0.100000",
        "fstop": "1.4",
        "image_size_x": "960",
        "image_size_y": "540",
        "fov": "70.00",
        "lens_circle_falloff": "5.0",
        "lens_circle_multiplier": "0.0",
        "exposure_compensation": "0.0",
        "lens_y_size": "0.08",
        "lens_k": "-1.0",
        "exposure_mode": "histogram",
        "lens_kcube": "0.0",
        "lens_x_size": "0.08",
        "exposure_max_bright": "12.0",
        "shutter_speed": "200.0",
        "bloom_intensity": "0.675",
        "iso": "100.0",
        "enable_postprocess_effects": "false",
        "gamma": "2.2",
        "motion_blur_intensity": "0.0",
        "motion_blur_max_distortion": "0.35",
        "lens_flare_intensity": "0.1",
        "motion_blur_min_object_screen_size": "0.1",
        "exposure_min_bright": "10.0",
        "exposure_speed_up": "3.0",
        "exposure_speed_down": "1.0",
        "tint": "0.0",
        "calibration_constant": "16.0",
        "focal_distance": "1000.0",
        "min_fstop": "1.2",
        "blade_count": "5",
        "blur_amount": "0.0",
        "blur_radius": "0.0",
        "slope": "0.88",
        "toe": "0.55",
        "white_clip": "0.04",
        "shoulder": "0.26",
        "black_clip": "0.0",
        "temp": "6500.0",
        "chromatic_aberration_intensity": "0.0"
      },
      "transform_carla": {
        "location": {
          "x": 104.73086547851562,
          "y": -36.03239059448242,
          "z": 1.7003366947174072
        },
        "rotation": {
          "roll": 0.28316012024879456,
          "pitch": 0.10785551369190216,
          "yaw": -50.468421936035156
        }
      },
      "matrix_world_from_sensor_carla": [
        [
          0.6365022659301758,
          0.7712703943252563,
          0.002613518852740526,
          104.73086547851562
        ],
        [
          -0.7712725400924683,
          0.6364884972572327,
          0.0045974887907505035,
          -36.03239059448242
        ],
        [
          0.0018824326107278466,
          -0.004942047409713268,
          0.9999859929084778,
          1.7003366947174072
        ],
        [
          0.0,
          0.0,
          0.0,
          1.0
        ]
      ],
      "matrix_world_from_sensor_bevfusion": [
        [
          0.7712703943252563,
          -0.002613518852740526,
          0.6365022659301758,
          104.73086547851562
        ],
        [
          -0.6364884972572327,
          0.0045974887907505035,
          0.7712725400924683,
          36.03239059448242
        ],
        [
          -0.004942047409713268,
          -0.9999859929084778,
          0.0018824326107278466,
          1.7003366947174072
        ],
        [
          0.0,
          0.0,
          0.0,
          1.0
        ]
      ],
      "matrix_ego_from_sensor_carla": [
        [
          0.5735766887664795,
          -0.8191519379615784,
          -2.910552465706928e-09,
          1.2999978065490723
        ],
        [
          0.8191518783569336,
          0.5735766291618347,
          -5.642450506826435e-09,
          0.5500106811523438
        ],
        [
          6.341085878602826e-09,
          9.425934477391706e-10,
          1.0,
          1.7000000476837158
        ],
        [
          0.0,
          0.0,
          0.0,
          1.0
        ]
      ],
      "matrix_ego_from_sensor_bevfusion": [
        [
          -0.8191519379615784,
          2.910552465706928e-09,
          0.5735766887664795,
          1.2999978065490723
        ],
        [
          -0.5735766291618347,
          -5.642450506826435e-09,
          -0.8191518783569336,
          -0.5500106811523438
        ],
        [
          9.425934477391706e-10,
          -1.0,
          6.341085878602826e-09,
          1.7000000476837158
        ],
        [
          0.0,
          0.0,
          0.0,
          1.0
        ]
      ],
      "camera_intrinsics": [
        [
          685.5110473632812,
          0.0,
          480.0
        ],
        [
          0.0,
          685.5110473632812,
          270.0
        ],
        [
          0.0,
          0.0,
          1.0
        ]
      ],
      "data_path": "D:\\Agent-AI\\outputs\\s3a_ml_long_v1\\sample_000030\\images\\CAM_FRONT_RIGHT.png",
      "raw_layout": "bgra8"
    },
    "CAM_FRONT_LEFT": {
      "type_id": "sensor.camera.rgb",
      "blueprint_attributes": {
        "role_name": "front",
        "ros_name": "sensor.camera.rgb",
        "chromatic_aberration_offset": "0.0",
        "sensor_tick": "0.100000",
        "fstop": "1.4",
        "image_size_x": "960",
        "image_size_y": "540",
        "fov": "70.00",
        "lens_circle_falloff": "5.0",
        "lens_circle_multiplier": "0.0",
        "exposure_compensation": "0.0",
        "lens_y_size": "0.08",
        "lens_k": "-1.0",
        "exposure_mode": "histogram",
        "lens_kcube": "0.0",
        "lens_x_size": "0.08",
        "exposure_max_bright": "12.0",
        "shutter_speed": "200.0",
        "bloom_intensity": "0.675",
        "iso": "100.0",
        "enable_postprocess_effects": "false",
        "gamma": "2.2",
        "motion_blur_intensity": "0.0",
        "motion_blur_max_distortion": "0.35",
        "lens_flare_intensity": "0.1",
        "motion_blur_min_object_screen_size": "0.1",
        "exposure_min_bright": "10.0",
        "exposure_speed_up": "3.0",
        "exposure_speed_down": "1.0",
        "tint": "0.0",
        "calibration_constant": "16.0",
        "focal_distance": "1000.0",
        "min_fstop": "1.2",
        "blade_count": "5",
        "blur_amount": "0.0",
        "blur_radius": "0.0",
        "slope": "0.88",
        "toe": "0.55",
        "white_clip": "0.04",
        "shoulder": "0.26",
        "black_clip": "0.0",
        "temp": "6500.0",
        "chromatic_aberration_intensity": "0.0"
      },
      "transform_carla": {
        "location": {
          "x": 103.67070770263672,
          "y": -35.739009857177734,
          "z": 1.7017587423324585
        },
        "rotation": {
          "roll": -0.19819840788841248,
          "pitch": 0.2291938215494156,
          "yaw": -160.46905517578125
        }
      },
      "matrix_world_from_sensor_carla": [
        [
          -0.9424535632133484,
          0.3343270421028137,
          0.0026135193184018135,
          103.67070770263672
        ],
        [
          -0.334313303232193,
          -0.9424508213996887,
          0.004597483668476343,
          -35.739009857177734
        ],
        [
          0.0040001762099564075,
          0.0034591800067573786,
          0.9999860525131226,
          1.7017587423324585
        ],
        [
          0.0,
          0.0,
          0.0,
          1.0
        ]
      ],
      "matrix_world_from_sensor_bevfusion": [
        [
          0.3343270421028137,
          -0.0026135193184018135,
          -0.9424535632133484,
          103.67070770263672
        ],
        [
          0.9424508213996887,
          0.004597483668476343,
          0.334313303232193,
          35.739009857177734
        ],
        [
          0.0034591800067573786,
          -0.9999860525131226,
          0.0040001762099564075,
          1.7017587423324585
        ],
        [
          0.0,
          0.0,
          0.0,
          1.0
        ]
      ],
      "matrix_ego_from_sensor_carla": [
        [
          0.5735767483711243,
          0.8191519379615784,
          2.051713243744757e-09,
          1.300004005432129
        ],
        [
          -0.8191519379615784,
          0.5735766887664795,
          -3.8568535032368345e-09,
          -0.5499954223632812
        ],
        [
          -4.10400247119469e-09,
          1.819061290486701e-10,
          1.0000001192092896,
          1.7000001668930054
        ],
        [
          0.0,
          0.0,
          0.0,
          1.0
        ]
      ],
      "matrix_ego_from_sensor_bevfusion": [
        [
          0.8191519379615784,
          -2.051713243744757e-09,
          0.5735767483711243,
          1.300004005432129
        ],
        [
          -0.5735766887664795,
          -3.8568535032368345e-09,
          0.8191519379615784,
          0.5499954223632812
        ],
        [
          1.819061290486701e-10,
          -1.0000001192092896,
          -4.10400247119469e-09,
          1.7000001668930054
        ],
        [
          0.0,
          0.0,
          0.0,
          1.0
        ]
      ],
      "camera_intrinsics": [
        [
          685.5110473632812,
          0.0,
          480.0
        ],
        [
          0.0,
          685.5110473632812,
          270.0
        ],
        [
          0.0,
          0.0,
          1.0
        ]
      ],
      "data_path": "D:\\Agent-AI\\outputs\\s3a_ml_long_v1\\sample_000030\\images\\CAM_FRONT_LEFT.png",
      "raw_layout": "bgra8"
    },
    "CAM_BACK": {
      "type_id": "sensor.camera.rgb",
      "blueprint_attributes": {
        "role_name": "front",
        "ros_name": "sensor.camera.rgb",
        "chromatic_aberration_offset": "0.0",
        "sensor_tick": "0.100000",
        "fstop": "1.4",
        "image_size_x": "960",
        "image_size_y": "540",
        "fov": "70.00",
        "lens_circle_falloff": "5.0",
        "lens_circle_multiplier": "0.0",
        "exposure_compensation": "0.0",
        "lens_y_size": "0.08",
        "lens_k": "-1.0",
        "exposure_mode": "histogram",
        "lens_kcube": "0.0",
        "lens_x_size": "0.08",
        "exposure_max_bright": "12.0",
        "shutter_speed": "200.0",
        "bloom_intensity": "0.675",
        "iso": "100.0",
        "enable_postprocess_effects": "false",
        "gamma": "2.2",
        "motion_blur_intensity": "0.0",
        "motion_blur_max_distortion": "0.35",
        "lens_flare_intensity": "0.1",
        "motion_blur_min_object_screen_size": "0.1",
        "exposure_min_bright": "10.0",
        "exposure_speed_up": "3.0",
        "exposure_speed_down": "1.0",
        "tint": "0.0",
        "calibration_constant": "16.0",
        "focal_distance": "1000.0",
        "min_fstop": "1.2",
        "blade_count": "5",
        "blur_amount": "0.0",
        "blur_radius": "0.0",
        "slope": "0.88",
        "toe": "0.55",
        "white_clip": "0.04",
        "shoulder": "0.26",
        "black_clip": "0.0",
        "temp": "6500.0",
        "chromatic_aberration_intensity": "0.0"
      },
      "transform_carla": {
        "location": {
          "x": 104.96089935302734,
          "y": -33.138973236083984,
          "z": 1.686432957649231
        },
        "rotation": {
          "roll": -0.07406450062990189,
          "pitch": -0.2938142418861389,
          "yaw": 74.5315170288086
        }
      },
      "matrix_world_from_sensor_carla": [
        [
          0.2667047679424286,
          -0.9637747406959534,
          0.002613524906337261,
          104.96089935302734
        ],
        [
          0.9637646079063416,
          0.2667144536972046,
          0.0045974841341376305,
          -33.138973236083984
        ],
        [
          -0.005128003656864166,
          0.0012926519848406315,
          0.9999859929084778,
          1.686432957649231
        ],
        [
          0.0,
          0.0,
          0.0,
          1.0
        ]
      ],
      "matrix_world_from_sensor_bevfusion": [
        [
          -0.9637747406959534,
          -0.002613524906337261,
          0.2667047679424286,
          104.96089935302734
        ],
        [
          -0.2667144536972046,
          0.0045974841341376305,
          -0.9637646079063416,
          33.138973236083984
        ],
        [
          0.0012926519848406315,
          -0.9999859929084778,
          -0.005128003656864166,
          1.686432957649231
        ],
        [
          0.0,
          0.0,
          0.0,
          1.0
        ]
      ],
      "matrix_ego_from_sensor_carla": [
        [
          -1.0,
          -6.201486879575668e-09,
          -1.1658482512721946e-10,
          -1.5499989986419678
        ],
        [
          3.841055828956996e-08,
          -1.0,
          1.4588841246165885e-09,
          7.62939453125e-06
        ],
        [
          -1.8907453380734296e-10,
          1.5285275267729048e-09,
          1.0,
          1.7000001668930054
        ],
        [
          0.0,
          0.0,
          0.0,
          1.0
        ]
      ],
      "matrix_ego_from_sensor_bevfusion": [
        [
          -6.201486879575668e-09,
          1.1658482512721946e-10,
          -1.0,
          -1.5499989986419678
        ],
        [
          1.0,
          1.4588841246165885e-09,
          -3.841055828956996e-08,
          -7.62939453125e-06
        ],
        [
          1.5285275267729048e-09,
          -1.0,
          -1.8907453380734296e-10,
          1.7000001668930054
        ],
        [
          0.0,
          0.0,
          0.0,
          1.0
        ]
      ],
      "camera_intrinsics": [
        [
          685.5110473632812,
          0.0,
          480.0
        ],
        [
          0.0,
          685.5110473632812,
          270.0
        ],
        [
          0.0,
          0.0,
          1.0
        ]
      ],
      "data_path": "D:\\Agent-AI\\outputs\\s3a_ml_long_v1\\sample_000030\\images\\CAM_BACK.png",
      "raw_layout": "bgra8"
    },
    "CAM_BACK_LEFT": {
      "type_id": "sensor.camera.rgb",
      "blueprint_attributes": {
        "role_name": "front",
        "ros_name": "sensor.camera.rgb",
        "chromatic_aberration_offset": "0.0",
        "sensor_tick": "0.100000",
        "fstop": "1.4",
        "image_size_x": "960",
        "image_size_y": "540",
        "fov": "70.00",
        "lens_circle_falloff": "5.0",
        "lens_circle_multiplier": "0.0",
        "exposure_compensation": "0.0",
        "lens_y_size": "0.08",
        "lens_k": "-1.0",
        "exposure_mode": "histogram",
        "lens_kcube": "0.0",
        "lens_x_size": "0.08",
        "exposure_max_bright": "12.0",
        "shutter_speed": "200.0",
        "bloom_intensity": "0.675",
        "iso": "100.0",
        "enable_postprocess_effects": "false",
        "gamma": "2.2",
        "motion_blur_intensity": "0.0",
        "motion_blur_max_distortion": "0.35",
        "lens_flare_intensity": "0.1",
        "motion_blur_min_object_screen_size": "0.1",
        "exposure_min_bright": "10.0",
        "exposure_speed_up": "3.0",
        "exposure_speed_down": "1.0",
        "tint": "0.0",
        "calibration_constant": "16.0",
        "focal_distance": "1000.0",
        "min_fstop": "1.2",
        "blade_count": "5",
        "blur_amount": "0.0",
        "blur_radius": "0.0",
        "slope": "0.88",
        "toe": "0.55",
        "white_clip": "0.04",
        "shoulder": "0.26",
        "black_clip": "0.0",
        "temp": "6500.0",
        "chromatic_aberration_intensity": "0.0"
      },
      "transform_carla": {
        "location": {
          "x": 104.36415100097656,
          "y": -33.233219146728516,
          "z": 1.6884256601333618
        },
        "rotation": {
          "roll": -0.28316009044647217,
          "pitch": -0.10785551369190216,
          "yaw": 129.53158569335938
        }
      },
      "matrix_world_from_sensor_carla": [
        [
          -0.6365023851394653,
          -0.7712702751159668,
          0.0026135179214179516,
          104.36415100097656
        ],
        [
          0.7712724208831787,
          -0.6364886164665222,
          0.0045974887907505035,
          -33.233219146728516
        ],
        [
          -0.0018824326107278466,
          0.004942046944051981,
          0.9999859929084778,
          1.6884256601333618
        ],
        [
          0.0,
          0.0,
          0.0,
          1.0
        ]
      ],
      "matrix_world_from_sensor_bevfusion": [
        [
          -0.7712702751159668,
          -0.0026135179214179516,
          -0.6365023851394653,
          104.36415100097656
        ],
        [
          0.6364886164665222,
          0.0045974887907505035,
          -0.7712724208831787,
          33.233219146728516
        ],
        [
          0.004942046944051981,
          -0.9999859929084778,
          -0.0018824326107278466,
          1.6884256601333618
        ],
        [
          0.0,
          0.0,
          0.0,
          1.0
        ]
      ],
      "matrix_ego_from_sensor_carla": [
        [
          -0.5735765695571899,
          0.8191519975662231,
          -2.444891178399189e-09,
          -1.3000030517578125
        ],
        [
          -0.8191519379615784,
          -0.5735765099525452,
          -6.573773081441914e-09,
          -0.54998779296875
        ],
        [
          -7.272408453218304e-09,
          -1.4082481847310646e-09,
          1.0,
          1.6999999284744263
        ],
        [
          0.0,
          0.0,
          0.0,
          1.0
        ]
      ],
      "matrix_ego_from_sensor_bevfusion": [
        [
          0.8191519975662231,
          2.444891178399189e-09,
          -0.5735765695571899,
          -1.3000030517578125
        ],
        [
          0.5735765099525452,
          -6.573773081441914e-09,
          0.8191519379615784,
          0.54998779296875
        ],
        [
          -1.4082481847310646e-09,
          -1.0,
          -7.272408453218304e-09,
          1.6999999284744263
        ],
        [
          0.0,
          0.0,
          0.0,
          1.0
        ]
      ],
      "camera_intrinsics": [
        [
          685.5110473632812,
          0.0,
          480.0
        ],
        [
          0.0,
          685.5110473632812,
          270.0
        ],
        [
          0.0,
          0.0,
          1.0
        ]
      ],
      "data_path": "D:\\Agent-AI\\outputs\\s3a_ml_long_v1\\sample_000030\\images\\CAM_BACK_LEFT.png",
      "raw_layout": "bgra8"
    },
    "CAM_BACK_RIGHT": {
      "type_id": "sensor.camera.rgb",
      "blueprint_attributes": {
        "role_name": "front",
        "ros_name": "sensor.camera.rgb",
        "chromatic_aberration_offset": "0.0",
        "sensor_tick": "0.100000",
        "fstop": "1.4",
        "image_size_x": "960",
        "image_size_y": "540",
        "fov": "70.00",
        "lens_circle_falloff": "5.0",
        "lens_circle_multiplier": "0.0",
        "exposure_compensation": "0.0",
        "lens_y_size": "0.08",
        "lens_k": "-1.0",
        "exposure_mode": "histogram",
        "lens_kcube": "0.0",
        "lens_x_size": "0.08",
        "exposure_max_bright": "12.0",
        "shutter_speed": "200.0",
        "bloom_intensity": "0.675",
        "iso": "100.0",
        "enable_postprocess_effects": "false",
        "gamma": "2.2",
        "motion_blur_intensity": "0.0",
        "motion_blur_max_distortion": "0.35",
        "lens_flare_intensity": "0.1",
        "motion_blur_min_object_screen_size": "0.1",
        "exposure_min_bright": "10.0",
        "exposure_speed_up": "3.0",
        "exposure_speed_down": "1.0",
        "tint": "0.0",
        "calibration_constant": "16.0",
        "focal_distance": "1000.0",
        "min_fstop": "1.2",
        "blade_count": "5",
        "blur_amount": "0.0",
        "blur_radius": "0.0",
        "slope": "0.88",
        "toe": "0.55",
        "white_clip": "0.04",
        "shoulder": "0.26",
        "black_clip": "0.0",
        "temp": "6500.0",
        "chromatic_aberration_intensity": "0.0"
      },
      "transform_carla": {
        "location": {
          "x": 105.4242935180664,
          "y": -33.526607513427734,
          "z": 1.6870038509368896
        },
        "rotation": {
          "roll": 0.19819843769073486,
          "pitch": -0.2291938215494156,
          "yaw": 19.53093910217285
        }
      },
      "matrix_world_from_sensor_carla": [
        [
          0.9424535632133484,
          -0.3343268930912018,
          0.002613519551232457,
          105.4242935180664
        ],
        [
          0.33431315422058105,
          0.9424508213996887,
          0.004597483668476343,
          -33.526607513427734
        ],
        [
          -0.0040001762099564075,
          -0.0034591807052493095,
          0.9999860525131226,
          1.6870038509368896
        ],
        [
          0.0,
          0.0,
          0.0,
          1.0
        ]
      ],
      "matrix_world_from_sensor_bevfusion": [
        [
          -0.3343268930912018,
          -0.002613519551232457,
          0.9424535632133484,
          105.4242935180664
        ],
        [
          -0.9424508213996887,
          0.004597483668476343,
          -0.33431315422058105,
          33.526607513427734
        ],
        [
          -0.0034591807052493095,
          -0.9999860525131226,
          -0.0040001762099564075,
          1.6870038509368896
        ],
        [
          0.0,
          0.0,
          0.0,
          1.0
        ]
      ],
      "matrix_ego_from_sensor_carla": [
        [
          -0.5735765695571899,
          -0.8191519975662231,
          2.051713243744757e-09,
          -1.2999963760375977
        ],
        [
          0.8191519379615784,
          -0.5735765695571899,
          -3.624022859582965e-09,
          0.5500030517578125
        ],
        [
          3.6383409618423457e-09,
          -4.1472703049549864e-10,
          1.0000001192092896,
          1.7000000476837158
        ],
        [
          0.0,
          0.0,
          0.0,
          1.0
        ]
      ],
      "matrix_ego_from_sensor_bevfusion": [
        [
          -0.8191519975662231,
          -2.051713243744757e-09,
          -0.5735765695571899,
          -1.2999963760375977
        ],
        [
          0.5735765695571899,
          -3.624022859582965e-09,
          -0.8191519379615784,
          -0.5500030517578125
        ],
        [
          -4.1472703049549864e-10,
          -1.0000001192092896,
          3.6383409618423457e-09,
          1.7000000476837158
        ],
        [
          0.0,
          0.0,
          0.0,
          1.0
        ]
      ],
      "camera_intrinsics": [
        [
          685.5110473632812,
          0.0,
          480.0
        ],
        [
          0.0,
          685.5110473632812,
          270.0
        ],
        [
          0.0,
          0.0,
          1.0
        ]
      ],
      "data_path": "D:\\Agent-AI\\outputs\\s3a_ml_long_v1\\sample_000030\\images\\CAM_BACK_RIGHT.png",
      "raw_layout": "bgra8"
    },
    "LIDAR_TOP": {
      "type_id": "sensor.lidar.ray_cast",
      "blueprint_attributes": {
        "atmosphere_attenuation_rate": "0.004",
        "role_name": "front",
        "noise_seed": "0",
        "upper_fov": "10.0",
        "ros_name": "sensor.lidar.ray_cast",
        "sensor_tick": "0.100000",
        "channels": "32",
        "range": "120.0",
        "points_per_second": "360000",
        "lower_fov": "-30.0",
        "rotation_frequency": "10.000000",
        "horizontal_fov": "360.0",
        "dropoff_general_rate": "0.0",
        "dropoff_intensity_limit": "1.0",
        "noise_stddev": "0.0",
        "dropoff_zero_intensity": "0.0"
      },
      "transform_carla": {
        "location": {
          "x": 104.54881286621094,
          "y": -34.63050842285156,
          "z": 2.1943740844726562
        },
        "rotation": {
          "roll": 0.07406441122293472,
          "pitch": 0.2938142418861389,
          "yaw": -105.4684829711914
        }
      },
      "matrix_world_from_sensor_carla": [
        [
          -0.2667047381401062,
          0.9637747406959534,
          0.0026135235093533993,
          104.54881286621094
        ],
        [
          -0.9637646079063416,
          -0.2667144238948822,
          0.004597484599798918,
          -34.63050842285156
        ],
        [
          0.005128003656864166,
          -0.0012926504714414477,
          0.9999859929084778,
          2.1943740844726562
        ],
        [
          0.0,
          0.0,
          0.0,
          1.0
        ]
      ],
      "matrix_world_from_sensor_bevfusion": [
        [
          -0.2667047381401062,
          -0.9637747406959534,
          0.0026135235093533993,
          104.54881286621094
        ],
        [
          0.9637646079063416,
          -0.2667144238948822,
          -0.004597484599798918,
          34.63050842285156
        ],
        [
          0.005128003656864166,
          0.0012926504714414477,
          0.9999859929084778,
          2.1943740844726562
        ],
        [
          0.0,
          0.0,
          0.0,
          1.0
        ]
      ],
      "matrix_ego_from_sensor_carla": [
        [
          1.0,
          -2.2513049202643742e-08,
          -1.1658482512721946e-10,
          0.0
        ],
        [
          -8.60823501369623e-09,
          1.0,
          6.190020718221945e-11,
          7.62939453125e-06
        ],
        [
          1.8907453380734296e-10,
          1.0126592620007813e-10,
          1.0,
          2.1999998092651367
        ],
        [
          0.0,
          0.0,
          0.0,
          1.0
        ]
      ],
      "matrix_ego_from_sensor_bevfusion": [
        [
          1.0,
          2.2513049202643742e-08,
          -1.1658482512721946e-10,
          0.0
        ],
        [
          8.60823501369623e-09,
          1.0,
          -6.190020718221945e-11,
          -7.62939453125e-06
        ],
        [
          1.8907453380734296e-10,
          -1.0126592620007813e-10,
          1.0,
          2.1999998092651367
        ],
        [
          0.0,
          0.0,
          0.0,
          1.0
        ]
      ],
      "data_path": "D:\\Agent-AI\\outputs\\s3a_ml_long_v1\\sample_000030\\lidar\\LIDAR_TOP.npy",
      "raw_layout": [
        "x",
        "y",
        "z",
        "intensity"
      ]
    },
    "RADAR_FRONT": {
      "type_id": "sensor.other.radar",
      "blueprint_attributes": {
        "sensor_tick": "0.100000",
        "role_name": "default",
        "noise_seed": "0",
        "ros_name": "sensor.other.radar",
        "horizontal_fov": "35.0",
        "points_per_second": "1500",
        "vertical_fov": "20.0",
        "range": "120.0"
      },
      "transform_carla": {
        "location": {
          "x": 104.01200866699219,
          "y": -36.56401443481445,
          "z": 0.9046485424041748
        },
        "rotation": {
          "roll": 0.07406441122293472,
          "pitch": 0.2938142418861389,
          "yaw": -105.4684829711914
        }
      },
      "matrix_world_from_sensor_carla": [
        [
          -0.2667047381401062,
          0.9637747406959534,
          0.0026135235093533993,
          104.01200866699219
        ],
        [
          -0.9637646079063416,
          -0.2667144238948822,
          0.004597484599798918,
          -36.56401443481445
        ],
        [
          0.005128003656864166,
          -0.0012926504714414477,
          0.9999859929084778,
          0.9046485424041748
        ],
        [
          0.0,
          0.0,
          0.0,
          1.0
        ]
      ],
      "matrix_world_from_sensor_bevfusion": [
        [
          -0.2667047381401062,
          -0.9637747406959534,
          0.0026135235093533993,
          104.01200866699219
        ],
        [
          0.9637646079063416,
          -0.2667144238948822,
          -0.004597484599798918,
          36.56401443481445
        ],
        [
          0.005128003656864166,
          0.0012926504714414477,
          0.9999859929084778,
          0.9046485424041748
        ],
        [
          0.0,
          0.0,
          0.0,
          1.0
        ]
      ],
      "matrix_ego_from_sensor_carla": [
        [
          1.0,
          -2.2513049202643742e-08,
          -1.1658482512721946e-10,
          1.9999985694885254
        ],
        [
          -8.60823501369623e-09,
          1.0,
          6.190020718221945e-11,
          1.52587890625e-05
        ],
        [
          1.8907453380734296e-10,
          1.0126592620007813e-10,
          1.0,
          0.9000000357627869
        ],
        [
          0.0,
          0.0,
          0.0,
          1.0
        ]
      ],
      "matrix_ego_from_sensor_bevfusion": [
        [
          1.0,
          2.2513049202643742e-08,
          -1.1658482512721946e-10,
          1.9999985694885254
        ],
        [
          8.60823501369623e-09,
          1.0,
          -6.190020718221945e-11,
          -1.52587890625e-05
        ],
        [
          1.8907453380734296e-10,
          -1.0126592620007813e-10,
          1.0,
          0.9000000357627869
        ],
        [
          0.0,
          0.0,
          0.0,
          1.0
        ]
      ],
      "data_path": "D:\\Agent-AI\\outputs\\s3a_ml_long_v1\\sample_000030\\radar\\RADAR_FRONT.npy",
      "raw_layout": [
        "velocity",
        "altitude",
        "azimuth",
        "depth"
      ]
    },
    "RADAR_FRONT_LEFT": {
      "type_id": "sensor.other.radar",
      "blueprint_attributes": {
        "sensor_tick": "0.100000",
        "role_name": "default",
        "noise_seed": "0",
        "ros_name": "sensor.other.radar",
        "horizontal_fov": "35.0",
        "points_per_second": "1500",
        "vertical_fov": "20.0",
        "range": "120.0"
      },
      "transform_carla": {
        "location": {
          "x": 103.38253021240234,
          "y": -36.02666091918945,
          "z": 0.90382319688797
        },
        "rotation": {
          "roll": -0.15538816154003143,
          "pitch": 0.2601277530193329,
          "yaw": -150.46900939941406
        }
      },
      "matrix_world_from_sensor_carla": [
        [
          -0.8700802326202393,
          0.49290308356285095,
          0.0026135069783777,
          103.38253021240234
        ],
        [
          -0.4928891062736511,
          -0.8700799345970154,
          0.004597475752234459,
          -36.02666091918945
        ],
        [
          0.004540070425719023,
          0.0027120038866996765,
          0.9999859929084778,
          0.90382319688797
        ],
        [
          0.0,
          0.0,
          0.0,
          1.0
        ]
      ],
      "matrix_world_from_sensor_bevfusion": [
        [
          -0.8700802326202393,
          -0.49290308356285095,
          0.0026135069783777,
          103.38253021240234
        ],
        [
          0.4928891062736511,
          -0.8700799345970154,
          -0.004597475752234459,
          36.02666091918945
        ],
        [
          0.004540070425719023,
          -0.0027120038866996765,
          0.9999859929084778,
          0.90382319688797
        ],
        [
          0.0,
          0.0,
          0.0,
          1.0
        ]
      ],
      "matrix_ego_from_sensor_carla": [
        [
          0.7071069478988647,
          0.7071065902709961,
          1.2921931080711602e-08,
          1.6499967575073242
        ],
        [
          -0.7071065902709961,
          0.70710688829422,
          -1.3558692835147212e-08,
          -0.7499771118164062
        ],
        [
          -1.8153427205902517e-08,
          8.242482252285299e-10,
          1.0,
          0.9000000357627869
        ],
        [
          0.0,
          0.0,
          0.0,
          1.0
        ]
      ],
      "matrix_ego_from_sensor_bevfusion": [
        [
          0.7071069478988647,
          -0.7071065902709961,
          1.2921931080711602e-08,
          1.6499967575073242
        ],
        [
          0.7071065902709961,
          0.70710688829422,
          1.3558692835147212e-08,
          0.7499771118164062
        ],
        [
          -1.8153427205902517e-08,
          -8.242482252285299e-10,
          1.0,
          0.9000000357627869
        ],
        [
          0.0,
          0.0,
          0.0,
          1.0
        ]
      ],
      "data_path": "D:\\Agent-AI\\outputs\\s3a_ml_long_v1\\sample_000030\\radar\\RADAR_FRONT_LEFT.npy",
      "raw_layout": [
        "velocity",
        "altitude",
        "azimuth",
        "depth"
      ]
    },
    "RADAR_FRONT_RIGHT": {
      "type_id": "sensor.other.radar",
      "blueprint_attributes": {
        "sensor_tick": "0.100000",
        "role_name": "default",
        "noise_seed": "0",
