{
  "schema_version": "stage1.v1",
  "sample_name": "sample_000044",
  "sequence_index": 44,
  "previous_sample_name": "sample_000043",
  "frame_id": 726317,
  "timestamp": 5001.594624783844,
  "platform_timestamp": 16813386.2266661,
  "delta_seconds": 0.10000000149011612,
  "town": "Carla/Maps/Town10HD_Opt",
  "weather": {
    "cloudiness": 20.0,
    "dust_storm": 0.0,
    "fog_density": 2.0,
    "fog_distance": 0.75,
    "fog_falloff": 0.10000000149011612,
    "mie_scattering_scale": 0.029999999329447746,
    "precipitation": 0.0,
    "precipitation_deposits": 0.0,
    "rayleigh_scattering_scale": 0.03310000151395798,
    "scattering_intensity": 1.0,
    "sun_altitude_angle": 45.0,
    "sun_azimuth_angle": 300.0,
    "wetness": 0.0,
    "wind_intensity": 10.0
  },
  "sensor_names": [
    "CAM_FRONT",
    "CAM_FRONT_RIGHT",
    "CAM_FRONT_LEFT",
    "CAM_BACK",
    "CAM_BACK_LEFT",
    "CAM_BACK_RIGHT",
    "LIDAR_TOP",
    "RADAR_FRONT",
    "RADAR_FRONT_LEFT",
    "RADAR_FRONT_RIGHT",
    "RADAR_BACK_LEFT",
    "RADAR_BACK_RIGHT"
  ],
  "camera_order_for_model": [
    "CAM_FRONT",
    "CAM_FRONT_RIGHT",
    "CAM_FRONT_LEFT",
    "CAM_BACK",
    "CAM_BACK_LEFT",
    "CAM_BACK_RIGHT"
  ],
  "radar_order_for_model": [
    "RADAR_FRONT",
    "RADAR_FRONT_LEFT",
    "RADAR_FRONT_RIGHT",
    "RADAR_BACK_LEFT",
    "RADAR_BACK_RIGHT"
  ],
  "coordinate_notes": {
    "carla_world": "left-handed x-forward y-right z-up",
    "bevfusion_lidar": "x-forward y-left z-up",
    "camera_frame_for_model": "OpenCV style x-right y-down z-forward"
  },
  "ego": {
    "actor_id": 49,
    "transform_carla": {
      "location": {
        "x": 103.61943817138672,
        "y": -37.354373931884766,
        "z": -0.0034753417130559683
      },
      "rotation": {
        "roll": -0.01419068407267332,
        "pitch": -0.27828919887542725,
        "yaw": -109.1600112915039
      }
    },
    "velocity_carla": [
      0.0017648030770942569,
      0.0035976432263851166,
      0.00013889312685932964
    ],
    "angular_velocity_carla": [
      -1.1560426950454712,
      0.4636700451374054,
      -0.0009006715263240039
    ],
    "matrix_world_from_ego_carla": [
      [
        -0.3282035291194916,
        0.9446052312850952,
        -0.001828072010539472,
        103.61943817138672
      ],
      [
        -0.9445945620536804,
        -0.3282085061073303,
        -0.004506702069193125,
        -37.354373931884766
      ],
      [
        -0.004857043735682964,
        0.0002476712397765368,
        0.9999881386756897,
        -0.0034753417130559683
      ],
      [
        0.0,
        0.0,
        0.0,
        1.0
      ]
    ],
    "matrix_world_from_ego_bevfusion": [
      [
        -0.3282035291194916,
        -0.9446052312850952,
        -0.001828072010539472,
        103.61943817138672
      ],
      [
        0.9445945620536804,
        -0.3282085061073303,
        0.004506702069193125,
        37.354373931884766
      ],
      [
        -0.004857043735682964,
        -0.0002476712397765368,
        0.9999881386756897,
        -0.0034753417130559683
      ],
      [
        0.0,
        0.0,
        0.0,
        1.0
      ]
    ]
  },
  "sensors": {
    "CAM_FRONT": {
      "type_id": "sensor.camera.rgb",
      "blueprint_attributes": {
        "role_name": "front",
        "ros_name": "sensor.camera.rgb",
        "chromatic_aberration_offset": "0.0",
        "sensor_tick": "0.100000",
        "fstop": "1.4",
        "image_size_x": "960",
        "image_size_y": "540",
        "fov": "70.00",
        "lens_circle_falloff": "5.0",
        "lens_circle_multiplier": "0.0",
        "exposure_compensation": "0.0",
        "lens_y_size": "0.08",
        "lens_k": "-1.0",
        "exposure_mode": "histogram",
        "lens_kcube": "0.0",
        "lens_x_size": "0.08",
        "exposure_max_bright": "12.0",
        "shutter_speed": "200.0",
        "bloom_intensity": "0.675",
        "iso": "100.0",
        "enable_postprocess_effects": "false",
        "gamma": "2.2",
        "motion_blur_intensity": "0.0",
        "motion_blur_max_distortion": "0.35",
        "lens_flare_intensity": "0.1",
        "motion_blur_min_object_screen_size": "0.1",
        "exposure_min_bright": "10.0",
        "exposure_speed_up": "3.0",
        "exposure_speed_down": "1.0",
        "tint": "0.0",
        "calibration_constant": "16.0",
        "focal_distance": "1000.0",
        "min_fstop": "1.2",
        "blade_count": "5",
        "blur_amount": "0.0",
        "blur_radius": "0.0",
        "slope": "0.88",
        "toe": "0.55",
        "white_clip": "0.04",
        "shoulder": "0.26",
        "black_clip": "0.0",
        "temp": "6500.0",
        "chromatic_aberration_intensity": "0.0"
      },
      "transform_carla": {
        "location": {
          "x": 103.10761260986328,
          "y": -38.82615661621094,
          "z": 1.6889760494232178
        },
        "rotation": {
          "roll": -0.01419068407267332,
          "pitch": -0.27828919887542725,
          "yaw": -109.1600112915039
        }
      },
      "matrix_world_from_sensor_carla": [
        [
          -0.3282035291194916,
          0.9446052312850952,
          -0.001828072010539472,
          103.10761260986328
        ],
        [
          -0.9445945620536804,
          -0.3282085061073303,
          -0.004506702069193125,
          -38.82615661621094
        ],
        [
          -0.004857043735682964,
          0.0002476712397765368,
          0.9999881386756897,
          1.6889760494232178
        ],
        [
          0.0,
          0.0,
          0.0,
          1.0
        ]
      ],
      "matrix_world_from_sensor_bevfusion": [
        [
          0.9446052312850952,
          0.001828072010539472,
          -0.3282035291194916,
          103.10761260986328
        ],
        [
          0.3282085061073303,
          -0.004506702069193125,
          0.9445945620536804,
          38.82615661621094
        ],
        [
          0.0002476712397765368,
          -0.9999881386756897,
          -0.004857043735682964,
          1.6889760494232178
        ],
        [
          0.0,
          0.0,
          0.0,
          1.0
        ]
      ],
      "matrix_ego_from_sensor_carla": [
        [
          1.0,
          -2.3782430247365483e-08,
          -1.3103421125926218e-10,
          1.5499978065490723
        ],
        [
          -5.871522379408134e-09,
          1.0,
          1.7765979659634112e-12,
          -7.62939453125e-06
        ],
        [
          4.5130232884105226e-11,
          -9.98749832836765e-11,
          1.0,
          1.6999999284744263
        ],
        [
          0.0,
          0.0,
          0.0,
          1.0
        ]
      ],
      "matrix_ego_from_sensor_bevfusion": [
        [
          -2.3782430247365483e-08,
          1.3103421125926218e-10,
          1.0,
          1.5499978065490723
        ],
        [
          -1.0,
          1.7765979659634112e-12,
          5.871522379408134e-09,
          7.62939453125e-06
        ],
        [
          -9.98749832836765e-11,
          -1.0,
          4.5130232884105226e-11,
          1.6999999284744263
        ],
        [
          0.0,
          0.0,
          0.0,
          1.0
        ]
      ],
      "camera_intrinsics": [
        [
          685.5110473632812,
          0.0,
          480.0
        ],
        [
          0.0,
          685.5110473632812,
          270.0
        ],
        [
          0.0,
          0.0,
          1.0
        ]
      ],
      "data_path": "D:\\Agent-AI\\outputs\\s3a_ml_long_v1\\sample_000044\\images\\CAM_FRONT.png",
      "raw_layout": "bgra8"
    },
    "CAM_FRONT_RIGHT": {
      "type_id": "sensor.camera.rgb",
      "blueprint_attributes": {
        "role_name": "front",
        "ros_name": "sensor.camera.rgb",
        "chromatic_aberration_offset": "0.0",
        "sensor_tick": "0.100000",
        "fstop": "1.4",
        "image_size_x": "960",
        "image_size_y": "540",
        "fov": "70.00",
        "lens_circle_falloff": "5.0",
        "lens_circle_multiplier": "0.0",
        "exposure_compensation": "0.0",
        "lens_y_size": "0.08",
        "lens_k": "-1.0",
        "exposure_mode": "histogram",
        "lens_kcube": "0.0",
        "lens_x_size": "0.08",
        "exposure_max_bright": "12.0",
        "shutter_speed": "200.0",
        "bloom_intensity": "0.675",
        "iso": "100.0",
        "enable_postprocess_effects": "false",
        "gamma": "2.2",
        "motion_blur_intensity": "0.0",
        "motion_blur_max_distortion": "0.35",
        "lens_flare_intensity": "0.1",
        "motion_blur_min_object_screen_size": "0.1",
        "exposure_min_bright": "10.0",
        "exposure_speed_up": "3.0",
        "exposure_speed_down": "1.0",
        "tint": "0.0",
        "calibration_constant": "16.0",
        "focal_distance": "1000.0",
        "min_fstop": "1.2",
        "blade_count": "5",
        "blur_amount": "0.0",
        "blur_radius": "0.0",
        "slope": "0.88",
        "toe": "0.55",
        "white_clip": "0.04",
        "shoulder": "0.26",
        "black_clip": "0.0",
        "temp": "6500.0",
        "chromatic_aberration_intensity": "0.0"
      },
      "transform_carla": {
        "location": {
          "x": 103.70919799804688,
          "y": -38.77052307128906,
          "z": 1.6903266906738281
        },
        "rotation": {
          "roll": -0.23610150814056396,
          "pitch": -0.14799652993679047,
          "yaw": -54.15974426269531
        }
      },
      "matrix_world_from_sensor_carla": [
        [
          0.5855254530906677,
          0.8106520175933838,
          -0.0018280677031725645,
          103.70919799804688
        ],
        [
          -0.8106499314308167,
          0.5855138301849365,
          -0.004506722092628479,
          -38.77052307128906
        ],
        [
          -0.0025830238591879606,
          0.004120722878724337,
          0.9999881982803345,
          1.6903266906738281
        ],
        [
          0.0,
          0.0,
          0.0,
          1.0
        ]
      ],
      "matrix_world_from_sensor_bevfusion": [
        [
          0.8106520175933838,
          0.0018280677031725645,
          0.5855254530906677,
          103.70919799804688
        ],
        [
          -0.5855138301849365,
          -0.004506722092628479,
          0.8106499314308167,
          38.77052307128906
        ],
        [
          0.004120722878724337,
          -0.9999881982803345,
          -0.0025830238591879606,
          1.6903266906738281
        ],
        [
          0.0,
          0.0,
          0.0,
          1.0
        ]
      ],
      "matrix_ego_from_sensor_carla": [
        [
          0.5735764503479004,
          -0.8191520571708679,
          1.7274592423177637e-08,
          1.2999989986419678
        ],
        [
          0.8191519975662231,
          0.5735765695571899,
          1.0668540717517772e-08,
          0.5499954223632812
        ],
        [
          -1.7944650210210966e-08,
          7.2477384094327135e-09,
          1.0,
          1.7000000476837158
        ],
        [
          0.0,
          0.0,
          0.0,
          1.0
        ]
      ],
      "matrix_ego_from_sensor_bevfusion": [
        [
          -0.8191520571708679,
          -1.7274592423177637e-08,
          0.5735764503479004,
          1.2999989986419678
        ],
        [
          -0.5735765695571899,
          1.0668540717517772e-08,
          -0.8191519975662231,
          -0.5499954223632812
        ],
        [
          7.2477384094327135e-09,
          -1.0,
          -1.7944650210210966e-08,
          1.7000000476837158
        ],
        [
          0.0,
          0.0,
          0.0,
          1.0
        ]
      ],
      "camera_intrinsics": [
        [
          685.5110473632812,
          0.0,
          480.0
        ],
        [
          0.0,
          685.5110473632812,
          270.0
        ],
        [
          0.0,
          0.0,
          1.0
        ]
      ],
      "data_path": "D:\\Agent-AI\\outputs\\s3a_ml_long_v1\\sample_000044\\images\\CAM_FRONT_RIGHT.png",
      "raw_layout": "bgra8"
    },
    "CAM_FRONT_LEFT": {
      "type_id": "sensor.camera.rgb",
      "blueprint_attributes": {
        "role_name": "front",
        "ros_name": "sensor.camera.rgb",
        "chromatic_aberration_offset": "0.0",
        "sensor_tick": "0.100000",
        "fstop": "1.4",
        "image_size_x": "960",
        "image_size_y": "540",
        "fov": "70.00",
        "lens_circle_falloff": "5.0",
        "lens_circle_multiplier": "0.0",
        "exposure_compensation": "0.0",
        "lens_y_size": "0.08",
        "lens_k": "-1.0",
        "exposure_mode": "histogram",
        "lens_kcube": "0.0",
        "lens_x_size": "0.08",
        "exposure_max_bright": "12.0",
        "shutter_speed": "200.0",
        "bloom_intensity": "0.675",
        "iso": "100.0",
        "enable_postprocess_effects": "false",
        "gamma": "2.2",
        "motion_blur_intensity": "0.0",
        "motion_blur_max_distortion": "0.35",
        "lens_flare_intensity": "0.1",
        "motion_blur_min_object_screen_size": "0.1",
        "exposure_min_bright": "10.0",
        "exposure_speed_up": "3.0",
        "exposure_speed_down": "1.0",
        "tint": "0.0",
        "calibration_constant": "16.0",
        "focal_distance": "1000.0",
        "min_fstop": "1.2",
        "blade_count": "5",
        "blur_amount": "0.0",
        "blur_radius": "0.0",
        "slope": "0.88",
        "toe": "0.55",
        "white_clip": "0.04",
        "shoulder": "0.26",
        "black_clip": "0.0",
        "temp": "6500.0",
        "chromatic_aberration_intensity": "0.0"
      },
      "transform_carla": {
        "location": {
          "x": 102.67013549804688,
          "y": -38.40949249267578,
          "z": 1.690053939819336
        },
        "rotation": {
          "roll": 0.21982291340827942,
          "pitch": -0.1712464988231659,
          "yaw": -164.1603546142578
        }
      },
      "matrix_world_from_sensor_carla": [
        [
          -0.9620251059532166,
          0.27295494079589844,
          -0.001828111708164215,
          102.67013549804688
        ],
        [
          -0.27294468879699707,
          -0.9620192050933838,
          -0.004506723023951054,
          -38.40949249267578
        ],
        [
          -0.002988810883834958,
          -0.0038366070948541164,
          0.9999881982803345,
          1.690053939819336
        ],
        [
          0.0,
          0.0,
          0.0,
          1.0
        ]
      ],
      "matrix_world_from_sensor_bevfusion": [
        [
          0.27295494079589844,
          0.001828111708164215,
          -0.9620251059532166,
          102.67013549804688
        ],
        [
          0.9620192050933838,
          -0.004506723023951054,
          0.27294468879699707,
          38.40949249267578
        ],
        [
          -0.0038366070948541164,
          -0.9999881982803345,
          -0.002988810883834958,
          1.690053939819336
        ],
        [
          0.0,
          0.0,
          0.0,
          1.0
        ]
      ],
      "matrix_ego_from_sensor_carla": [
        [
          0.5735766291618347,
          0.8191519379615784,
          3.264141312797619e-08,
          1.2999951839447021
        ],
        [
          -0.8191519379615784,
          0.5735766291618347,
          -3.060069175830904e-08,
          -0.5500030517578125
        ],
        [
          -4.388931174048594e-08,
          -8.738147982967348e-09,
          1.0,
          1.6999998092651367
        ],
        [
          0.0,
          0.0,
          0.0,
          1.0
        ]
      ],
      "matrix_ego_from_sensor_bevfusion": [
        [
          0.8191519379615784,
          -3.264141312797619e-08,
          0.5735766291618347,
          1.2999951839447021
        ],
        [
          -0.5735766291618347,
          -3.060069175830904e-08,
          0.8191519379615784,
          0.5500030517578125
        ],
        [
          -8.738147982967348e-09,
          -1.0,
          -4.388931174048594e-08,
          1.6999998092651367
        ],
        [
          0.0,
          0.0,
          0.0,
          1.0
        ]
      ],
      "camera_intrinsics": [
        [
          685.5110473632812,
          0.0,
          480.0
        ],
        [
          0.0,
          685.5110473632812,
          270.0
        ],
        [
          0.0,
          0.0,
          1.0
        ]
      ],
      "data_path": "D:\\Agent-AI\\outputs\\s3a_ml_long_v1\\sample_000044\\images\\CAM_FRONT_LEFT.png",
      "raw_layout": "bgra8"
    },
    "CAM_BACK": {
      "type_id": "sensor.camera.rgb",
      "blueprint_attributes": {
        "role_name": "front",
        "ros_name": "sensor.camera.rgb",
        "chromatic_aberration_offset": "0.0",
        "sensor_tick": "0.100000",
        "fstop": "1.4",
        "image_size_x": "960",
        "image_size_y": "540",
        "fov": "70.00",
        "lens_circle_falloff": "5.0",
        "lens_circle_multiplier": "0.0",
        "exposure_compensation": "0.0",
        "lens_y_size": "0.08",
        "lens_k": "-1.0",
        "exposure_mode": "histogram",
        "lens_kcube": "0.0",
        "lens_x_size": "0.08",
        "exposure_max_bright": "12.0",
        "shutter_speed": "200.0",
        "bloom_intensity": "0.675",
        "iso": "100.0",
        "enable_postprocess_effects": "false",
        "gamma": "2.2",
        "motion_blur_intensity": "0.0",
        "motion_blur_max_distortion": "0.35",
        "lens_flare_intensity": "0.1",
        "motion_blur_min_object_screen_size": "0.1",
        "exposure_min_bright": "10.0",
        "exposure_speed_up": "3.0",
        "exposure_speed_down": "1.0",
        "tint": "0.0",
        "calibration_constant": "16.0",
        "focal_distance": "1000.0",
        "min_fstop": "1.2",
        "blade_count": "5",
        "blur_amount": "0.0",
        "blur_radius": "0.0",
        "slope": "0.88",
        "toe": "0.55",
        "white_clip": "0.04",
        "shoulder": "0.26",
        "black_clip": "0.0",
        "temp": "6500.0",
        "chromatic_aberration_intensity": "0.0"
      },
      "transform_carla": {
        "location": {
          "x": 104.12504577636719,
          "y": -35.89791488647461,
          "z": 1.7040328979492188
        },
        "rotation": {
          "roll": 0.014190764166414738,
          "pitch": 0.27828919887542725,
          "yaw": 70.84000396728516
        }
      },
      "matrix_world_from_sensor_carla": [
        [
          0.32820332050323486,
          -0.94460529088974,
          -0.0018280723597854376,
          104.12504577636719
        ],
        [
          0.9445946216583252,
          0.3282082974910736,
          -0.004506702069193125,
          -35.89791488647461
        ],
        [
          0.004857043735682964,
          -0.00024767263676039875,
          0.9999881386756897,
          1.7040328979492188
        ],
        [
          0.0,
          0.0,
          0.0,
          1.0
        ]
      ],
      "matrix_world_from_sensor_bevfusion": [
        [
          -0.94460529088974,
          0.0018280723597854376,
          0.32820332050323486,
          104.12504577636719
        ],
        [
          -0.3282082974910736,
          -0.004506702069193125,
          -0.9445946216583252,
          35.89791488647461
        ],
        [
          -0.00024767263676039875,
          -0.9999881386756897,
          0.004857043735682964,
          1.7040328979492188
        ],
        [
          0.0,
          0.0,
          0.0,
          1.0
        ]
      ],
      "matrix_ego_from_sensor_carla": [
        [
          -1.0,
          2.506493217424577e-07,
          3.346270760484771e-10,
          -1.549999713897705
        ],
        [
          -2.2230739205042482e-07,
          -1.0,
          -3.4746935884122365e-10,
          0.0
        ],
        [
          -4.5130232884105226e-11,
          -2.4935448150742445e-10,
          1.0,
          1.6999999284744263
        ],
        [
          0.0,
          0.0,
          0.0,
          1.0
        ]
      ],
      "matrix_ego_from_sensor_bevfusion": [
        [
          2.506493217424577e-07,
          -3.346270760484771e-10,
          -1.0,
          -1.549999713897705
        ],
        [
          1.0,
          -3.4746935884122365e-10,
          2.2230739205042482e-07,
          0.0
        ],
        [
          -2.4935448150742445e-10,
          -1.0,
          -4.5130232884105226e-11,
          1.6999999284744263
        ],
        [
          0.0,
          0.0,
          0.0,
          1.0
        ]
      ],
      "camera_intrinsics": [
        [
          685.5110473632812,
          0.0,
          480.0
        ],
        [
          0.0,
          685.5110473632812,
          270.0
        ],
        [
          0.0,
          0.0,
          1.0
        ]
      ],
      "data_path": "D:\\Agent-AI\\outputs\\s3a_ml_long_v1\\sample_000044\\images\\CAM_BACK.png",
      "raw_layout": "bgra8"
    },
    "CAM_BACK_LEFT": {
      "type_id": "sensor.camera.rgb",
      "blueprint_attributes": {
        "role_name": "front",
        "ros_name": "sensor.camera.rgb",
        "chromatic_aberration_offset": "0.0",
        "sensor_tick": "0.100000",
        "fstop": "1.4",
        "image_size_x": "960",
        "image_size_y": "540",
        "fov": "70.00",
        "lens_circle_falloff": "5.0",
        "lens_circle_multiplier": "0.0",
        "exposure_compensation": "0.0",
        "lens_y_size": "0.08",
        "lens_k": "-1.0",
        "exposure_mode": "histogram",
        "lens_kcube": "0.0",
        "lens_x_size": "0.08",
        "exposure_max_bright": "12.0",
        "shutter_speed": "200.0",
        "bloom_intensity": "0.675",
        "iso": "100.0",
        "enable_postprocess_effects": "false",
        "gamma": "2.2",
        "motion_blur_intensity": "0.0",
        "motion_blur_max_distortion": "0.35",
        "lens_flare_intensity": "0.1",
        "motion_blur_min_object_screen_size": "0.1",
        "exposure_min_bright": "10.0",
        "exposure_speed_up": "3.0",
        "exposure_speed_down": "1.0",
        "tint": "0.0",
        "calibration_constant": "16.0",
        "focal_distance": "1000.0",
        "min_fstop": "1.2",
        "blade_count": "5",
        "blur_amount": "0.0",
        "blur_radius": "0.0",
        "slope": "0.88",
        "toe": "0.55",
        "white_clip": "0.04",
        "shoulder": "0.26",
        "black_clip": "0.0",
        "temp": "6500.0",
        "chromatic_aberration_intensity": "0.0"
      },
      "transform_carla": {
        "location": {
          "x": 103.52346801757812,
          "y": -35.953548431396484,
          "z": 1.7026824951171875
        },
        "rotation": {
          "roll": 0.23610150814056396,
          "pitch": 0.14799652993679047,
          "yaw": 125.84027099609375
        }
      },
      "matrix_world_from_sensor_carla": [
        [
          -0.5855255722999573,
          -0.810651957988739,
          -0.0018280668882653117,
          103.52346801757812
        ],
        [
          0.8106498718261719,
          -0.5855139493942261,
          -0.004506722092628479,
          -35.953548431396484
        ],
        [
          0.0025830238591879606,
          -0.004120722878724337,
          0.9999881982803345,
          1.7026824951171875
        ],
        [
          0.0,
          0.0,
          0.0,
          1.0
        ]
      ],
      "matrix_world_from_sensor_bevfusion": [
        [
          -0.810651957988739,
          0.0018280668882653117,
          -0.5855255722999573,
          103.52346801757812
        ],
        [
          0.5855139493942261,
          -0.004506722092628479,
          -0.8106498718261719,
          35.953548431396484
        ],
        [
          -0.004120722878724337,
          -0.9999881982803345,
          0.0025830238591879606,
          1.7026824951171875
        ],
        [
          0.0,
          0.0,
          0.0,
          1.0
        ]
      ],
      "matrix_ego_from_sensor_carla": [
        [
          -0.5735763907432556,
          0.8191521167755127,
          1.6808931135869898e-08,
          -1.3000047206878662
        ],
        [
          -0.8191521167755127,
          -0.5735764503479004,
          1.1483447970306315e-08,
          -0.5499954223632812
        ],
        [
          1.8643142141172575e-08,
          -6.782077122124974e-09,
          1.0,
          1.7000000476837158
        ],
        [
          0.0,
          0.0,
          0.0,
          1.0
        ]
      ],
      "matrix_ego_from_sensor_bevfusion": [
        [
          0.8191521167755127,
          -1.6808931135869898e-08,
          -0.5735763907432556,
          -1.3000047206878662
        ],
        [
          0.5735764503479004,
          1.1483447970306315e-08,
          0.8191521167755127,
          0.5499954223632812
        ],
        [
          -6.782077122124974e-09,
          -1.0,
          1.8643142141172575e-08,
          1.7000000476837158
        ],
        [
          0.0,
          0.0,
          0.0,
          1.0
        ]
      ],
      "camera_intrinsics": [
        [
          685.5110473632812,
          0.0,
          480.0
        ],
        [
          0.0,
          685.5110473632812,
          270.0
        ],
        [
          0.0,
          0.0,
          1.0
        ]
      ],
      "data_path": "D:\\Agent-AI\\outputs\\s3a_ml_long_v1\\sample_000044\\images\\CAM_BACK_LEFT.png",
      "raw_layout": "bgra8"
    },
    "CAM_BACK_RIGHT": {
      "type_id": "sensor.camera.rgb",
      "blueprint_attributes": {
        "role_name": "front",
        "ros_name": "sensor.camera.rgb",
        "chromatic_aberration_offset": "0.0",
        "sensor_tick": "0.100000",
        "fstop": "1.4",
        "image_size_x": "960",
        "image_size_y": "540",
        "fov": "70.00",
        "lens_circle_falloff": "5.0",
        "lens_circle_multiplier": "0.0",
        "exposure_compensation": "0.0",
        "lens_y_size": "0.08",
        "lens_k": "-1.0",
        "exposure_mode": "histogram",
        "lens_kcube": "0.0",
        "lens_x_size": "0.08",
        "exposure_max_bright": "12.0",
        "shutter_speed": "200.0",
        "bloom_intensity": "0.675",
        "iso": "100.0",
        "enable_postprocess_effects": "false",
        "gamma": "2.2",
        "motion_blur_intensity": "0.0",
        "motion_blur_max_distortion": "0.35",
        "lens_flare_intensity": "0.1",
        "motion_blur_min_object_screen_size": "0.1",
        "exposure_min_bright": "10.0",
        "exposure_speed_up": "3.0",
        "exposure_speed_down": "1.0",
        "tint": "0.0",
        "calibration_constant": "16.0",
        "focal_distance": "1000.0",
        "min_fstop": "1.2",
        "blade_count": "5",
        "blur_amount": "0.0",
        "blur_radius": "0.0",
        "slope": "0.88",
        "toe": "0.55",
        "white_clip": "0.04",
        "shoulder": "0.26",
        "black_clip": "0.0",
        "temp": "6500.0",
        "chromatic_aberration_intensity": "0.0"
      },
      "transform_carla": {
        "location": {
          "x": 104.56253051757812,
          "y": -36.3145751953125,
          "z": 1.7029550075531006
        },
        "rotation": {
          "roll": -0.2198229283094406,
          "pitch": 0.1712464988231659,
          "yaw": 15.839646339416504
        }
      },
      "matrix_world_from_sensor_carla": [
        [
          0.9620250463485718,
          -0.2729550302028656,
          -0.001828111126087606,
          104.56253051757812
        ],
        [
          0.27294477820396423,
          0.962019145488739,
          -0.004506723489612341,
          -36.3145751953125
        ],
        [
          0.002988810883834958,
          0.00383660732768476,
          0.9999881982803345,
          1.7029550075531006
        ],
        [
          0.0,
          0.0,
          0.0,
          1.0
        ]
      ],
      "matrix_world_from_sensor_bevfusion": [
        [
          -0.2729550302028656,
          0.001828111126087606,
          0.9620250463485718,
          104.56253051757812
        ],
        [
          -0.962019145488739,
          -0.004506723489612341,
          -0.27294477820396423,
          36.3145751953125
        ],
        [
          0.00383660732768476,
          -0.9999881982803345,
          0.002988810883834958,
          1.7029550075531006
        ],
        [
          0.0,
          0.0,
          0.0,
          1.0
        ]
      ],
      "matrix_ego_from_sensor_carla": [
        [
          -0.5735766887664795,
          -0.8191518187522888,
          3.264141312797619e-08,
          -1.3000047206878662
        ],
        [
          0.8191518783569336,
          -0.5735766887664795,
          -2.98730959968907e-08,
          0.5499954223632812
        ],
        [
          4.34236504531782e-08,
          9.436637249393698e-09,
          1.0,
          1.7000000476837158
        ],
        [
          0.0,
          0.0,
          0.0,
          1.0
        ]
      ],
      "matrix_ego_from_sensor_bevfusion": [
        [
          -0.8191518187522888,
          -3.264141312797619e-08,
          -0.5735766887664795,
          -1.3000047206878662
        ],
        [
          0.5735766887664795,
          -2.98730959968907e-08,
          -0.8191518783569336,
          -0.5499954223632812
        ],
        [
          9.436637249393698e-09,
          -1.0,
          4.34236504531782e-08,
          1.7000000476837158
        ],
        [
          0.0,
          0.0,
          0.0,
          1.0
        ]
      ],
      "camera_intrinsics": [
        [
          685.5110473632812,
          0.0,
          480.0
        ],
        [
          0.0,
          685.5110473632812,
          270.0
        ],
        [
          0.0,
          0.0,
          1.0
        ]
      ],
      "data_path": "D:\\Agent-AI\\outputs\\s3a_ml_long_v1\\sample_000044\\images\\CAM_BACK_RIGHT.png",
      "raw_layout": "bgra8"
    },
    "LIDAR_TOP": {
      "type_id": "sensor.lidar.ray_cast",
      "blueprint_attributes": {
        "atmosphere_attenuation_rate": "0.004",
        "role_name": "front",
        "noise_seed": "0",
        "upper_fov": "10.0",
        "ros_name": "sensor.lidar.ray_cast",
        "sensor_tick": "0.100000",
        "channels": "32",
        "range": "120.0",
        "points_per_second": "360000",
        "lower_fov": "-30.0",
        "rotation_frequency": "10.000000",
        "horizontal_fov": "360.0",
        "dropoff_general_rate": "0.0",
        "dropoff_intensity_limit": "1.0",
        "noise_stddev": "0.0",
        "dropoff_zero_intensity": "0.0"
      },
      "transform_carla": {
        "location": {
          "x": 103.61541748046875,
          "y": -37.364288330078125,
          "z": 2.1964986324310303
        },
        "rotation": {
          "roll": -0.01419068407267332,
          "pitch": -0.27828919887542725,
          "yaw": -109.1600112915039
        }
      },
      "matrix_world_from_sensor_carla": [
        [
          -0.3282035291194916,
          0.9446052312850952,
          -0.001828072010539472,
          103.61541748046875
        ],
        [
          -0.9445945620536804,
          -0.3282085061073303,
          -0.004506702069193125,
          -37.364288330078125
        ],
        [
          -0.004857043735682964,
          0.0002476712397765368,
          0.9999881386756897,
          2.1964986324310303
        ],
        [
          0.0,
          0.0,
          0.0,
          1.0
        ]
      ],
      "matrix_world_from_sensor_bevfusion": [
        [
          -0.3282035291194916,
          -0.9446052312850952,
          -0.001828072010539472,
          103.61541748046875
        ],
        [
          0.9445945620536804,
          -0.3282085061073303,
          0.004506702069193125,
          37.364288330078125
        ],
        [
          -0.004857043735682964,
          -0.0002476712397765368,
          0.9999881386756897,
          2.1964986324310303
        ],
        [
          0.0,
          0.0,
          0.0,
          1.0
        ]
      ],
      "matrix_ego_from_sensor_carla": [
        [
          1.0,
          -2.3782430247365483e-08,
          -1.3103421125926218e-10,
          -4.172325134277344e-06
        ],
        [
          -5.871522379408134e-09,
          1.0,
          1.7765979659634112e-12,
          -7.62939453125e-06
        ],
        [
          4.5130232884105226e-11,
          -9.98749832836765e-11,
          1.0,
          2.200000047683716
        ],
        [
          0.0,
          0.0,
          0.0,
          1.0
        ]
      ],
      "matrix_ego_from_sensor_bevfusion": [
        [
          1.0,
          2.3782430247365483e-08,
          -1.3103421125926218e-10,
          -4.172325134277344e-06
        ],
        [
          5.871522379408134e-09,
          1.0,
          -1.7765979659634112e-12,
          7.62939453125e-06
        ],
        [
          4.5130232884105226e-11,
          9.98749832836765e-11,
          1.0,
          2.200000047683716
        ],
        [
          0.0,
          0.0,
          0.0,
          1.0
        ]
      ],
      "data_path": "D:\\Agent-AI\\outputs\\s3a_ml_long_v1\\sample_000044\\lidar\\LIDAR_TOP.npy",
      "raw_layout": [
        "x",
        "y",
        "z",
        "intensity"
      ]
    },
    "RADAR_FRONT": {
      "type_id": "sensor.other.radar",
      "blueprint_attributes": {
        "sensor_tick": "0.100000",
        "role_name": "default",
        "noise_seed": "0",
        "ros_name": "sensor.other.radar",
        "horizontal_fov": "35.0",
        "points_per_second": "1500",
        "vertical_fov": "20.0",
        "range": "120.0"
      },
      "transform_carla": {
        "location": {
          "x": 102.96138763427734,
          "y": -39.24761962890625,
          "z": 0.8867999315261841
        },
        "rotation": {
          "roll": -0.01419068407267332,
          "pitch": -0.27828919887542725,
          "yaw": -109.1600112915039
        }
      },
      "matrix_world_from_sensor_carla": [
        [
          -0.3282035291194916,
          0.9446052312850952,
          -0.001828072010539472,
          102.96138763427734
        ],
        [
          -0.9445945620536804,
          -0.3282085061073303,
          -0.004506702069193125,
          -39.24761962890625
        ],
        [
          -0.004857043735682964,
          0.0002476712397765368,
          0.9999881386756897,
          0.8867999315261841
        ],
        [
          0.0,
          0.0,
          0.0,
          1.0
        ]
      ],
      "matrix_world_from_sensor_bevfusion": [
        [
          -0.3282035291194916,
          -0.9446052312850952,
          -0.001828072010539472,
          102.96138763427734
        ],
        [
          0.9445945620536804,
          -0.3282085061073303,
          0.004506702069193125,
          39.24761962890625
        ],
        [
          -0.004857043735682964,
          -0.0002476712397765368,
          0.9999881386756897,
          0.8867999315261841
        ],
        [
          0.0,
          0.0,
          0.0,
          1.0
        ]
      ],
      "matrix_ego_from_sensor_carla": [
        [
          1.0,
          -2.3782430247365483e-08,
          -1.3103421125926218e-10,
          1.9999983310699463
        ],
        [
          -5.871522379408134e-09,
          1.0,
          1.7765979659634112e-12,
          0.0
        ],
        [
          4.5130232884105226e-11,
          -9.98749832836765e-11,
          1.0,
          0.9000000357627869
        ],
        [
          0.0,
          0.0,
          0.0,
          1.0
        ]
      ],
      "matrix_ego_from_sensor_bevfusion": [
        [
          1.0,
          2.3782430247365483e-08,
          -1.3103421125926218e-10,
          1.9999983310699463
        ],
        [
          5.871522379408134e-09,
          1.0,
          -1.7765979659634112e-12,
          0.0
        ],
        [
          4.5130232884105226e-11,
          9.98749832836765e-11,
          1.0,
          0.9000000357627869
        ],
        [
          0.0,
          0.0,
          0.0,
          1.0
        ]
      ],
      "data_path": "D:\\Agent-AI\\outputs\\s3a_ml_long_v1\\sample_000044\\radar\\RADAR_FRONT.npy",
      "raw_layout": [
        "velocity",
        "altitude",
        "azimuth",
        "depth"
      ]
    },
    "RADAR_FRONT_LEFT": {
      "type_id": "sensor.other.radar",
      "blueprint_attributes": {
        "sensor_tick": "0.100000",
        "role_name": "default",
        "noise_seed": "0",
        "ros_name": "sensor.other.radar",
        "horizontal_fov": "35.0",
        "points_per_second": "1500",
        "vertical_fov": "20.0",
        "range": "120.0"
      },
      "transform_carla": {
        "location": {
          "x": 102.36781311035156,
          "y": -38.67085266113281,
          "z": 0.8883141279220581
        },
        "rotation": {
          "roll": 0.18674716353416443,
          "pitch": -0.20681129395961761,
          "yaw": -154.160400390625
        }
      },
      "matrix_world_from_sensor_carla": [
        [
          -0.9000118970870972,
          0.4358614683151245,
          -0.0018280271906405687,
          102.36781311035156
        ],
        [
          -0.4358503818511963,
          -0.9000078439712524,
          -0.004506687168031931,
          -38.67085266113281
        ],
        [
          -0.0036095301620662212,
          -0.0032593258656561375,
          0.9999881982803345,
          0.8883141279220581
        ],
        [
          0.0,
          0.0,
          0.0,
          1.0
        ]
      ],
      "matrix_world_from_sensor_bevfusion": [
        [
          -0.9000118970870972,
          -0.4358614683151245,
          -0.0018280271906405687,
          102.36781311035156
        ],
        [
          0.4358503818511963,
          -0.9000078439712524,
          0.004506687168031931,
          38.67085266113281
        ],
        [
          -0.0036095301620662212,
          0.0032593258656561375,
          0.9999881982803345,
          0.8883141279220581
        ],
        [
          0.0,
          0.0,
          0.0,
          1.0
        ]
      ],
      "matrix_ego_from_sensor_carla": [
        [
          0.7071064710617065,
          0.7071070671081543,
          -2.882587502028855e-08,
          1.6499927043914795
        ],
        [
          -0.7071070671081543,
          0.7071064710617065,
          3.7502271510447827e-08,
          -0.75
        ],
        [
          4.725527702476029e-08,
          -6.005002717301977e-09,
          1.0,
          0.9000000357627869
        ],
        [
          0.0,
          0.0,
          0.0,
          1.0
        ]
      ],
      "matrix_ego_from_sensor_bevfusion": [
        [
          0.7071064710617065,
          -0.7071070671081543,
          -2.882587502028855e-08,
          1.6499927043914795
        ],
        [
          0.7071070671081543,
          0.7071064710617065,
          -3.7502271510447827e-08,
          0.75
        ],
        [
          4.725527702476029e-08,
          6.005002717301977e-09,
          1.0,
          0.9000000357627869
        ],
        [
          0.0,
          0.0,
          0.0,
          1.0
        ]
      ],
      "data_path": "D:\\Agent-AI\\outputs\\s3a_ml_long_v1\\sample_000044\\radar\\RADAR_FRONT_LEFT.npy",
      "raw_layout": [
        "velocity",
        "altitude",
        "azimuth",
        "depth"
      ]
    },
    "RADAR_FRONT_RIGHT": {
      "type_id": "sensor.other.radar",
      "blueprint_attributes": {
        "sensor_tick": "0.100000",
        "role_name": "default",
        "noise_seed": "0",
        "ros_name": "sensor.other.radar",
        "horizontal_fov": "35.0",
