{
  "schema_version": "stage1.v1",
  "sample_name": "sample_000005",
  "sequence_index": 5,
  "previous_sample_name": "sample_000004",
  "frame_id": 2182,
  "timestamp": 33.140632297843695,
  "platform_timestamp": 16781862.1855132,
  "delta_seconds": 0.05000000074505806,
  "town": "Carla/Maps/Town10HD_Opt",
  "weather": {
    "cloudiness": 20.0,
    "dust_storm": 0.0,
    "fog_density": 2.0,
    "fog_distance": 0.75,
    "fog_falloff": 0.10000000149011612,
    "mie_scattering_scale": 0.029999999329447746,
    "precipitation": 0.0,
    "precipitation_deposits": 0.0,
    "rayleigh_scattering_scale": 0.03310000151395798,
    "scattering_intensity": 1.0,
    "sun_altitude_angle": 45.0,
    "sun_azimuth_angle": 300.0,
    "wetness": 0.0,
    "wind_intensity": 10.0
  },
  "sensor_names": [
    "CAM_FRONT",
    "CAM_FRONT_RIGHT",
    "CAM_FRONT_LEFT",
    "CAM_BACK",
    "CAM_BACK_LEFT",
    "CAM_BACK_RIGHT",
    "LIDAR_TOP",
    "RADAR_FRONT",
    "RADAR_FRONT_LEFT",
    "RADAR_FRONT_RIGHT",
    "RADAR_BACK_LEFT",
    "RADAR_BACK_RIGHT"
  ],
  "camera_order_for_model": [
    "CAM_FRONT",
    "CAM_FRONT_RIGHT",
    "CAM_FRONT_LEFT",
    "CAM_BACK",
    "CAM_BACK_LEFT",
    "CAM_BACK_RIGHT"
  ],
  "radar_order_for_model": [
    "RADAR_FRONT",
    "RADAR_FRONT_LEFT",
    "RADAR_FRONT_RIGHT",
    "RADAR_BACK_LEFT",
    "RADAR_BACK_RIGHT"
  ],
  "coordinate_notes": {
    "carla_world": "left-handed x-forward y-right z-up",
    "bevfusion_lidar": "x-forward y-left z-up",
    "camera_frame_for_model": "OpenCV style x-right y-down z-forward"
  },
  "ego": {
    "actor_id": 24,
    "transform_carla": {
      "location": {
        "x": -61.26889419555664,
        "y": 23.99388313293457,
        "z": -0.006067924201488495
      },
      "rotation": {
        "roll": 0.2296549379825592,
        "pitch": 0.48237526416778564,
        "yaw": -8.361550331115723
      }
    },
    "velocity_carla": [
      5.22695779800415,
      -1.0245308876037598,
      0.0009239005739800632
    ],
    "angular_velocity_carla": [
      -1.9671233892440796,
      2.035869598388672,
      -8.205805778503418
    ],
    "matrix_world_from_ego_carla": [
      [
        0.9893350601196289,
        0.14545133709907532,
        -0.00774650601670146,
        -61.26889419555664
      ],
      [
        -0.14541396498680115,
        0.9893572926521301,
        0.005189882125705481,
        23.99388313293457
      ],
      [
        0.008418937213718891,
        -0.004008082207292318,
        0.999956488609314,
        -0.006067924201488495
      ],
      [
        0.0,
        0.0,
        0.0,
        1.0
      ]
    ],
    "matrix_world_from_ego_bevfusion": [
      [
        0.9893350601196289,
        -0.14545133709907532,
        -0.00774650601670146,
        -61.26889419555664
      ],
      [
        0.14541396498680115,
        0.9893572926521301,
        -0.005189882125705481,
        -23.99388313293457
      ],
      [
        0.008418937213718891,
        0.004008082207292318,
        0.999956488609314,
        -0.006067924201488495
      ],
      [
        0.0,
        0.0,
        0.0,
        1.0
      ]
    ]
  },
  "sensors": {
    "CAM_FRONT": {
      "type_id": "sensor.camera.rgb",
      "blueprint_attributes": {
        "role_name": "front",
        "ros_name": "sensor.camera.rgb",
        "chromatic_aberration_offset": "0.0",
        "sensor_tick": "0.050000",
        "fstop": "1.4",
        "image_size_x": "1600",
        "image_size_y": "900",
        "fov": "70.00",
        "lens_circle_falloff": "5.0",
        "lens_circle_multiplier": "0.0",
        "exposure_compensation": "0.0",
        "lens_y_size": "0.08",
        "lens_k": "-1.0",
        "exposure_mode": "histogram",
        "lens_kcube": "0.0",
        "lens_x_size": "0.08",
        "exposure_max_bright": "12.0",
        "shutter_speed": "200.0",
        "bloom_intensity": "0.675",
        "iso": "100.0",
        "enable_postprocess_effects": "false",
        "gamma": "2.2",
        "motion_blur_intensity": "0.0",
        "motion_blur_max_distortion": "0.35",
        "lens_flare_intensity": "0.1",
        "motion_blur_min_object_screen_size": "0.1",
        "exposure_min_bright": "10.0",
        "exposure_speed_up": "3.0",
        "exposure_speed_down": "1.0",
        "tint": "0.0",
        "calibration_constant": "16.0",
        "focal_distance": "1000.0",
        "min_fstop": "1.2",
        "blade_count": "5",
        "blur_amount": "0.0",
        "blur_radius": "0.0",
        "slope": "0.88",
        "toe": "0.55",
        "white_clip": "0.04",
        "shoulder": "0.26",
        "black_clip": "0.0",
        "temp": "6500.0",
        "chromatic_aberration_intensity": "0.0"
      },
      "transform_carla": {
        "location": {
          "x": -59.74859619140625,
          "y": 23.77731704711914,
          "z": 1.7069076299667358
        },
        "rotation": {
          "roll": 0.2296549379825592,
          "pitch": 0.48237526416778564,
          "yaw": -8.361550331115723
        }
      },
      "matrix_world_from_sensor_carla": [
        [
          0.9893350601196289,
          0.14545133709907532,
          -0.00774650601670146,
          -59.74859619140625
        ],
        [
          -0.14541396498680115,
          0.9893572926521301,
          0.005189882125705481,
          23.77731704711914
        ],
        [
          0.008418937213718891,
          -0.004008082207292318,
          0.999956488609314,
          1.7069076299667358
        ],
        [
          0.0,
          0.0,
          0.0,
          1.0
        ]
      ],
      "matrix_world_from_sensor_bevfusion": [
        [
          0.14545133709907532,
          0.00774650601670146,
          0.9893350601196289,
          -59.74859619140625
        ],
        [
          -0.9893572926521301,
          0.005189882125705481,
          0.14541396498680115,
          -23.77731704711914
        ],
        [
          -0.004008082207292318,
          -0.999956488609314,
          0.008418937213718891,
          1.7069076299667358
        ],
        [
          0.0,
          0.0,
          0.0,
          1.0
        ]
      ],
      "matrix_ego_from_sensor_carla": [
        [
          1.0,
          8.073866575308841e-10,
          6.213876080352065e-10,
          1.5499916076660156
        ],
        [
          8.111194493842788e-10,
          1.0,
          2.399093701477284e-10,
          2.86102294921875e-06
        ],
        [
          1.9191331857015825e-10,
          1.0090539515061892e-12,
          1.0,
          1.7000000476837158
        ],
        [
          0.0,
          0.0,
          0.0,
          1.0
        ]
      ],
      "matrix_ego_from_sensor_bevfusion": [
        [
          8.073866575308841e-10,
          -6.213876080352065e-10,
          1.0,
          1.5499916076660156
        ],
        [
          -1.0,
          2.399093701477284e-10,
          -8.111194493842788e-10,
          -2.86102294921875e-06
        ],
        [
          1.0090539515061892e-12,
          -1.0,
          1.9191331857015825e-10,
          1.7000000476837158
        ],
        [
          0.0,
          0.0,
          0.0,
          1.0
        ]
      ],
      "camera_intrinsics": [
        [
          1142.5184326171875,
          0.0,
          800.0
        ],
        [
          0.0,
          1142.5184326171875,
          450.0
        ],
        [
          0.0,
          0.0,
          1.0
        ]
      ],
      "data_path": "D:\\Agent-AI\\outputs\\samples\\sample_000005\\images\\CAM_FRONT.png",
      "raw_layout": "bgra8"
    },
    "CAM_FRONT_RIGHT": {
      "type_id": "sensor.camera.rgb",
      "blueprint_attributes": {
        "role_name": "front",
        "ros_name": "sensor.camera.rgb",
        "chromatic_aberration_offset": "0.0",
        "sensor_tick": "0.050000",
        "fstop": "1.4",
        "image_size_x": "1600",
        "image_size_y": "900",
        "fov": "70.00",
        "lens_circle_falloff": "5.0",
        "lens_circle_multiplier": "0.0",
        "exposure_compensation": "0.0",
        "lens_y_size": "0.08",
        "lens_k": "-1.0",
        "exposure_mode": "histogram",
        "lens_kcube": "0.0",
        "lens_x_size": "0.08",
        "exposure_max_bright": "12.0",
        "shutter_speed": "200.0",
        "bloom_intensity": "0.675",
        "iso": "100.0",
        "enable_postprocess_effects": "false",
        "gamma": "2.2",
        "motion_blur_intensity": "0.0",
        "motion_blur_max_distortion": "0.35",
        "lens_flare_intensity": "0.1",
        "motion_blur_min_object_screen_size": "0.1",
        "exposure_min_bright": "10.0",
        "exposure_speed_up": "3.0",
        "exposure_speed_down": "1.0",
        "tint": "0.0",
        "calibration_constant": "16.0",
        "focal_distance": "1000.0",
        "min_fstop": "1.2",
        "blade_count": "5",
        "blur_amount": "0.0",
        "blur_radius": "0.0",
        "slope": "0.88",
        "toe": "0.55",
        "white_clip": "0.04",
        "shoulder": "0.26",
        "black_clip": "0.0",
        "temp": "6500.0",
        "chromatic_aberration_intensity": "0.0"
      },
      "transform_carla": {
        "location": {
          "x": -59.915931701660156,
          "y": 24.35781478881836,
          "z": 1.7025983333587646
        },
        "rotation": {
          "roll": 0.5268672704696655,
          "pitch": 0.08856705576181412,
          "yaw": 46.63787841796875
        }
      },
      "matrix_world_from_sensor_carla": [
        [
          0.686606228351593,
          -0.7269882559776306,
          -0.007746651768684387,
          -59.915931701660156
        ],
        [
          0.7270278334617615,
          0.6865883469581604,
          0.005189870484173298,
          24.35781478881836
        ],
        [
          0.0015457861591130495,
          -0.009195428341627121,
          0.9999565482139587,
          1.7025983333587646
        ],
        [
          0.0,
          0.0,
          0.0,
          1.0
        ]
      ],
      "matrix_world_from_sensor_bevfusion": [
        [
          -0.7269882559776306,
          0.007746651768684387,
          0.686606228351593,
          -59.915931701660156
        ],
        [
          -0.6865883469581604,
          0.005189870484173298,
          -0.7270278334617615,
          -24.35781478881836
        ],
        [
          -0.009195428341627121,
          -0.9999565482139587,
          0.0015457861591130495,
          1.7025983333587646
        ],
        [
          0.0,
          0.0,
          0.0,
          1.0
        ]
      ],
      "matrix_ego_from_sensor_carla": [
        [
          0.5735766887664795,
          -0.8191519379615784,
          -1.4230047895580356e-07,
          1.2999954223632812
        ],
        [
          0.8191518783569336,
          0.5735766291618347,
          -3.259528114085697e-08,
          0.5500001907348633
        ],
        [
          1.0873637990016505e-07,
          -9.776847065268157e-08,
          1.0,
          1.7000000476837158
        ],
        [
          0.0,
          0.0,
          0.0,
          1.0
        ]
      ],
      "matrix_ego_from_sensor_bevfusion": [
        [
          -0.8191519379615784,
          1.4230047895580356e-07,
          0.5735766887664795,
          1.2999954223632812
        ],
        [
          -0.5735766291618347,
          -3.259528114085697e-08,
          -0.8191518783569336,
          -0.5500001907348633
        ],
        [
          -9.776847065268157e-08,
          -1.0,
          1.0873637990016505e-07,
          1.7000000476837158
        ],
        [
          0.0,
          0.0,
          0.0,
          1.0
        ]
      ],
      "camera_intrinsics": [
        [
          1142.5184326171875,
          0.0,
          800.0
        ],
        [
          0.0,
          1142.5184326171875,
          450.0
        ],
        [
          0.0,
          0.0,
          1.0
        ]
      ],
      "data_path": "D:\\Agent-AI\\outputs\\samples\\sample_000005\\images\\CAM_FRONT_RIGHT.png",
      "raw_layout": "bgra8"
    },
    "CAM_FRONT_LEFT": {
      "type_id": "sensor.camera.rgb",
      "blueprint_attributes": {
        "role_name": "front",
        "ros_name": "sensor.camera.rgb",
        "chromatic_aberration_offset": "0.0",
        "sensor_tick": "0.050000",
        "fstop": "1.4",
        "image_size_x": "1600",
        "image_size_y": "900",
        "fov": "70.00",
        "lens_circle_falloff": "5.0",
        "lens_circle_multiplier": "0.0",
        "exposure_compensation": "0.0",
        "lens_y_size": "0.08",
        "lens_k": "-1.0",
        "exposure_mode": "histogram",
        "lens_kcube": "0.0",
        "lens_x_size": "0.08",
        "exposure_max_bright": "12.0",
        "shutter_speed": "200.0",
        "bloom_intensity": "0.675",
        "iso": "100.0",
        "enable_postprocess_effects": "false",
        "gamma": "2.2",
        "motion_blur_intensity": "0.0",
        "motion_blur_max_distortion": "0.35",
        "lens_flare_intensity": "0.1",
        "motion_blur_min_object_screen_size": "0.1",
        "exposure_min_bright": "10.0",
        "exposure_speed_up": "3.0",
        "exposure_speed_down": "1.0",
        "tint": "0.0",
        "calibration_constant": "16.0",
        "focal_distance": "1000.0",
        "min_fstop": "1.2",
        "blade_count": "5",
        "blur_amount": "0.0",
        "blur_radius": "0.0",
        "slope": "0.88",
        "toe": "0.55",
        "white_clip": "0.04",
        "shoulder": "0.26",
        "black_clip": "0.0",
        "temp": "6500.0",
        "chromatic_aberration_intensity": "0.0"
      },
      "transform_carla": {
        "location": {
          "x": -60.075927734375,
          "y": 23.269521713256836,
          "z": 1.7070072889328003
        },
        "rotation": {
          "roll": -0.26342952251434326,
          "pitch": 0.46480119228363037,
          "yaw": -63.36357879638672
        }
      },
      "matrix_world_from_sensor_carla": [
        [
          0.4483126699924469,
          0.8938432335853577,
          -0.007746633142232895,
          -60.075927734375
        ],
        [
          -0.8938400149345398,
          0.448356032371521,
          0.005189917050302029,
          23.269521713256836
        ],
        [
          0.008112221956253052,
          0.0045975446701049805,
          0.9999565482139587,
          1.7070072889328003
        ],
        [
          0.0,
          0.0,
          0.0,
          1.0
        ]
      ],
      "matrix_world_from_sensor_bevfusion": [
        [
          0.8938432335853577,
          0.007746633142232895,
          0.4483126699924469,
          -60.075927734375
        ],
        [
          -0.448356032371521,
          0.005189917050302029,
          0.8938400149345398,
          -23.269521713256836
        ],
        [
          0.0045975446701049805,
          -0.9999565482139587,
          0.008112221956253052,
          1.7070072889328003
        ],
        [
          0.0,
          0.0,
          0.0,
          1.0
        ]
      ],
      "matrix_ego_from_sensor_carla": [
        [
          0.5735766291618347,
          0.8191519379615784,
          -1.3019328548580233e-07,
          1.2999916076660156
        ],
        [
          -0.8191519975662231,
          0.5735765695571899,
          1.5833492739147914e-08,
          -0.5499992370605469
        ],
        [
          8.802504680716083e-08,
          9.778603526910956e-08,
          1.0,
          1.7000000476837158
        ],
        [
          0.0,
          0.0,
          0.0,
          1.0
        ]
      ],
      "matrix_ego_from_sensor_bevfusion": [
        [
          0.8191519379615784,
          1.3019328548580233e-07,
          0.5735766291618347,
          1.2999916076660156
        ],
        [
          -0.5735765695571899,
          1.5833492739147914e-08,
          0.8191519975662231,
          0.5499992370605469
        ],
        [
          9.778603526910956e-08,
          -1.0,
          8.802504680716083e-08,
          1.7000000476837158
        ],
        [
          0.0,
          0.0,
          0.0,
          1.0
        ]
      ],
      "camera_intrinsics": [
        [
          1142.5184326171875,
          0.0,
          800.0
        ],
        [
          0.0,
          1142.5184326171875,
          450.0
        ],
        [
          0.0,
          0.0,
          1.0
        ]
      ],
      "data_path": "D:\\Agent-AI\\outputs\\samples\\sample_000005\\images\\CAM_FRONT_LEFT.png",
      "raw_layout": "bgra8"
    },
    "CAM_BACK": {
      "type_id": "sensor.camera.rgb",
      "blueprint_attributes": {
        "role_name": "front",
        "ros_name": "sensor.camera.rgb",
        "chromatic_aberration_offset": "0.0",
        "sensor_tick": "0.050000",
        "fstop": "1.4",
        "image_size_x": "1600",
        "image_size_y": "900",
        "fov": "70.00",
        "lens_circle_falloff": "5.0",
        "lens_circle_multiplier": "0.0",
        "exposure_compensation": "0.0",
        "lens_y_size": "0.08",
        "lens_k": "-1.0",
        "exposure_mode": "histogram",
        "lens_kcube": "0.0",
        "lens_x_size": "0.08",
        "exposure_max_bright": "12.0",
        "shutter_speed": "200.0",
        "bloom_intensity": "0.675",
        "iso": "100.0",
        "enable_postprocess_effects": "false",
        "gamma": "2.2",
        "motion_blur_intensity": "0.0",
        "motion_blur_max_distortion": "0.35",
        "lens_flare_intensity": "0.1",
        "motion_blur_min_object_screen_size": "0.1",
        "exposure_min_bright": "10.0",
        "exposure_speed_up": "3.0",
        "exposure_speed_down": "1.0",
        "tint": "0.0",
        "calibration_constant": "16.0",
        "focal_distance": "1000.0",
        "min_fstop": "1.2",
        "blade_count": "5",
        "blur_amount": "0.0",
        "blur_radius": "0.0",
        "slope": "0.88",
        "toe": "0.55",
        "white_clip": "0.04",
        "shoulder": "0.26",
        "black_clip": "0.0",
        "temp": "6500.0",
        "chromatic_aberration_intensity": "0.0"
      },
      "transform_carla": {
        "location": {
          "x": -62.81553649902344,
          "y": 24.228097915649414,
          "z": 1.6808085441589355
        },
        "rotation": {
          "roll": -0.22965504229068756,
          "pitch": -0.48237526416778564,
          "yaw": 171.63845825195312
        }
      },
      "matrix_world_from_sensor_carla": [
        [
          -0.9893350601196289,
          -0.145451158285141,
          -0.007746506482362747,
          -62.81553649902344
        ],
        [
          0.14541378617286682,
          -0.9893572926521301,
          0.005189882591366768,
          24.228097915649414
        ],
        [
          -0.008418937213718891,
          0.004008084069937468,
          0.999956488609314,
          1.6808085441589355
        ],
        [
          0.0,
          0.0,
          0.0,
          1.0
        ]
      ],
      "matrix_world_from_sensor_bevfusion": [
        [
          -0.145451158285141,
          0.007746506482362747,
          -0.9893350601196289,
          -62.81553649902344
        ],
        [
          0.9893572926521301,
          0.005189882591366768,
          -0.14541378617286682,
          -24.228097915649414
        ],
        [
          0.004008084069937468,
          -0.999956488609314,
          -0.008418937213718891,
          1.6808085441589355
        ],
        [
          0.0,
          0.0,
          0.0,
          1.0
        ]
      ],
      "matrix_ego_from_sensor_carla": [
        [
          -1.0,
          1.7802223339913326e-07,
          -3.09934966580272e-10,
          -1.5500030517578125
        ],
        [
          -1.777223843646425e-07,
          -1.0,
          7.055706574554677e-10,
          9.5367431640625e-07
        ],
        [
          -1.123235948696788e-09,
          4.645712980977379e-10,
          1.0,
          1.6999998092651367
        ],
        [
          0.0,
          0.0,
          0.0,
          1.0
        ]
      ],
      "matrix_ego_from_sensor_bevfusion": [
        [
          1.7802223339913326e-07,
          3.09934966580272e-10,
          -1.0,
          -1.5500030517578125
        ],
        [
          1.0,
          7.055706574554677e-10,
          1.777223843646425e-07,
          -9.5367431640625e-07
        ],
        [
          4.645712980977379e-10,
          -1.0,
          -1.123235948696788e-09,
          1.6999998092651367
        ],
        [
          0.0,
          0.0,
          0.0,
          1.0
        ]
      ],
      "camera_intrinsics": [
        [
          1142.5184326171875,
          0.0,
          800.0
        ],
        [
          0.0,
          1142.5184326171875,
          450.0
        ],
        [
          0.0,
          0.0,
          1.0
        ]
      ],
      "data_path": "D:\\Agent-AI\\outputs\\samples\\sample_000005\\images\\CAM_BACK.png",
      "raw_layout": "bgra8"
    },
    "CAM_BACK_LEFT": {
      "type_id": "sensor.camera.rgb",
      "blueprint_attributes": {
        "role_name": "front",
        "ros_name": "sensor.camera.rgb",
        "chromatic_aberration_offset": "0.0",
        "sensor_tick": "0.050000",
        "fstop": "1.4",
        "image_size_x": "1600",
        "image_size_y": "900",
        "fov": "70.00",
        "lens_circle_falloff": "5.0",
        "lens_circle_multiplier": "0.0",
        "exposure_compensation": "0.0",
        "lens_y_size": "0.08",
        "lens_k": "-1.0",
        "exposure_mode": "histogram",
        "lens_kcube": "0.0",
        "lens_x_size": "0.08",
        "exposure_max_bright": "12.0",
        "shutter_speed": "200.0",
        "bloom_intensity": "0.675",
        "iso": "100.0",
        "enable_postprocess_effects": "false",
        "gamma": "2.2",
        "motion_blur_intensity": "0.0",
        "motion_blur_max_distortion": "0.35",
        "lens_flare_intensity": "0.1",
        "motion_blur_min_object_screen_size": "0.1",
        "exposure_min_bright": "10.0",
        "exposure_speed_up": "3.0",
        "exposure_speed_down": "1.0",
        "tint": "0.0",
        "calibration_constant": "16.0",
        "focal_distance": "1000.0",
        "min_fstop": "1.2",
        "blade_count": "5",
        "blur_amount": "0.0",
        "blur_radius": "0.0",
        "slope": "0.88",
        "toe": "0.55",
        "white_clip": "0.04",
        "shoulder": "0.26",
        "black_clip": "0.0",
        "temp": "6500.0",
        "chromatic_aberration_intensity": "0.0"
      },
      "transform_carla": {
        "location": {
          "x": -62.648197174072266,
          "y": 23.64759635925293,
          "z": 1.6851177215576172
        },
        "rotation": {
          "roll": -0.5268673300743103,
          "pitch": -0.08856705576181412,
          "yaw": -133.3621063232422
        }
      },
      "matrix_world_from_sensor_carla": [
        [
          -0.6866059899330139,
          0.7269884347915649,
          -0.0077466536313295364,
          -62.648197174072266
        ],
        [
          -0.7270280122756958,
          -0.6865881085395813,
          0.005189868621528149,
          23.64759635925293
        ],
        [
          -0.0015457861591130495,
          0.009195429272949696,
          0.9999565482139587,
          1.6851177215576172
        ],
        [
          0.0,
          0.0,
          0.0,
          1.0
        ]
      ],
      "matrix_world_from_sensor_bevfusion": [
        [
          0.7269884347915649,
          0.0077466536313295364,
          -0.6866059899330139,
          -62.648197174072266
        ],
        [
          0.6865881085395813,
          0.005189868621528149,
          0.7270280122756958,
          -23.64759635925293
        ],
        [
          0.009195429272949696,
          -0.9999565482139587,
          -0.0015457861591130495,
          1.6851177215576172
        ],
        [
          0.0,
          0.0,
          0.0,
          1.0
        ]
      ],
      "matrix_ego_from_sensor_carla": [
        [
          -0.5735763907432556,
          0.8191521167755127,
          -1.4323180153041903e-07,
          -1.3000030517578125
        ],
        [
          -0.8191520571708679,
          -0.5735763311386108,
          -3.4923587577395665e-08,
          -0.5500001907348633
        ],
        [
          -1.1106468633670374e-07,
          9.86997505947329e-08,
          1.0,
          1.6999998092651367
        ],
        [
          0.0,
          0.0,
          0.0,
          1.0
        ]
      ],
      "matrix_ego_from_sensor_bevfusion": [
        [
          0.8191521167755127,
          1.4323180153041903e-07,
          -0.5735763907432556,
          -1.3000030517578125
        ],
        [
          0.5735763311386108,
          -3.4923587577395665e-08,
          0.8191520571708679,
          0.5500001907348633
        ],
        [
          9.86997505947329e-08,
          -1.0,
          -1.1106468633670374e-07,
          1.6999998092651367
        ],
        [
          0.0,
          0.0,
          0.0,
          1.0
        ]
      ],
      "camera_intrinsics": [
        [
          1142.5184326171875,
          0.0,
          800.0
        ],
        [
          0.0,
          1142.5184326171875,
          450.0
        ],
        [
          0.0,
          0.0,
          1.0
        ]
      ],
      "data_path": "D:\\Agent-AI\\outputs\\samples\\sample_000005\\images\\CAM_BACK_LEFT.png",
      "raw_layout": "bgra8"
    },
    "CAM_BACK_RIGHT": {
      "type_id": "sensor.camera.rgb",
      "blueprint_attributes": {
        "role_name": "front",
        "ros_name": "sensor.camera.rgb",
        "chromatic_aberration_offset": "0.0",
        "sensor_tick": "0.050000",
        "fstop": "1.4",
        "image_size_x": "1600",
        "image_size_y": "900",
        "fov": "70.00",
        "lens_circle_falloff": "5.0",
        "lens_circle_multiplier": "0.0",
        "exposure_compensation": "0.0",
        "lens_y_size": "0.08",
        "lens_k": "-1.0",
        "exposure_mode": "histogram",
        "lens_kcube": "0.0",
        "lens_x_size": "0.08",
        "exposure_max_bright": "12.0",
        "shutter_speed": "200.0",
        "bloom_intensity": "0.675",
        "iso": "100.0",
        "enable_postprocess_effects": "false",
        "gamma": "2.2",
        "motion_blur_intensity": "0.0",
        "motion_blur_max_distortion": "0.35",
        "lens_flare_intensity": "0.1",
        "motion_blur_min_object_screen_size": "0.1",
        "exposure_min_bright": "10.0",
        "exposure_speed_up": "3.0",
        "exposure_speed_down": "1.0",
        "tint": "0.0",
        "calibration_constant": "16.0",
        "focal_distance": "1000.0",
        "min_fstop": "1.2",
        "blade_count": "5",
        "blur_amount": "0.0",
        "blur_radius": "0.0",
        "slope": "0.88",
        "toe": "0.55",
        "white_clip": "0.04",
        "shoulder": "0.26",
        "black_clip": "0.0",
        "temp": "6500.0",
        "chromatic_aberration_intensity": "0.0"
      },
      "transform_carla": {
        "location": {
          "x": -62.48820114135742,
          "y": 24.735891342163086,
          "z": 1.680708885192871
        },
        "rotation": {
          "roll": 0.2634296119213104,
          "pitch": -0.46480119228363037,
          "yaw": 116.63639068603516
        }
      },
      "matrix_world_from_sensor_carla": [
        [
          -0.4483122229576111,
          -0.8938434720039368,
          -0.00774663221091032,
          -62.48820114135742
        ],
        [
          0.8938402533531189,
          -0.4483555853366852,
          0.00518992030993104,
          24.735891342163086
        ],
        [
          -0.008112221956253052,
          -0.00459754653275013,
          0.9999565482139587,
          1.680708885192871
        ],
        [
          0.0,
          0.0,
          0.0,
          1.0
        ]
      ],
      "matrix_world_from_sensor_bevfusion": [
        [
          -0.8938434720039368,
          0.00774663221091032,
          -0.4483122229576111,
          -62.48820114135742
        ],
        [
          0.4483555853366852,
          0.00518992030993104,
          -0.8938402533531189,
          -24.735891342163086
        ],
        [
          -0.00459754653275013,
          -0.9999565482139587,
          -0.008112221956253052,
          1.680708885192871
        ],
        [
          0.0,
          0.0,
          0.0,
          1.0
        ]
      ],
      "matrix_ego_from_sensor_carla": [
        [
          -0.5735762119293213,
          -0.8191522359848022,
          -1.3019328548580233e-07,
          -1.3000030517578125
        ],
        [
          0.819152295589447,
          -0.5735761523246765,
          1.9558783037609828e-08,
          0.5500011444091797
        ],
        [
          -9.081901453100727e-08,
          -9.545765067286993e-08,
          1.0,
          1.6999998092651367
        ],
        [
          0.0,
          0.0,
          0.0,
          1.0
        ]
      ],
      "matrix_ego_from_sensor_bevfusion": [
        [
          -0.8191522359848022,
          1.3019328548580233e-07,
          -0.5735762119293213,
          -1.3000030517578125
        ],
        [
          0.5735761523246765,
          1.9558783037609828e-08,
          -0.819152295589447,
          -0.5500011444091797
        ],
        [
          -9.545765067286993e-08,
          -1.0,
          -9.081901453100727e-08,
          1.6999998092651367
        ],
        [
          0.0,
          0.0,
          0.0,
          1.0
        ]
      ],
      "camera_intrinsics": [
        [
          1142.5184326171875,
          0.0,
          800.0
        ],
        [
          0.0,
          1142.5184326171875,
          450.0
        ],
        [
          0.0,
          0.0,
          1.0
        ]
      ],
      "data_path": "D:\\Agent-AI\\outputs\\samples\\sample_000005\\images\\CAM_BACK_RIGHT.png",
      "raw_layout": "bgra8"
    },
    "LIDAR_TOP": {
      "type_id": "sensor.lidar.ray_cast",
      "blueprint_attributes": {
        "atmosphere_attenuation_rate": "0.004",
        "role_name": "front",
        "noise_seed": "0",
        "upper_fov": "10.0",
        "ros_name": "sensor.lidar.ray_cast",
        "sensor_tick": "0.050000",
        "channels": "32",
        "range": "120.0",
        "points_per_second": "360000",
        "lower_fov": "-30.0",
        "rotation_frequency": "20.000000",
        "horizontal_fov": "360.0",
        "dropoff_general_rate": "0.0",
        "dropoff_intensity_limit": "1.0",
        "noise_stddev": "0.0",
        "dropoff_zero_intensity": "0.0"
      },
      "transform_carla": {
        "location": {
          "x": -61.28593444824219,
          "y": 24.00530242919922,
          "z": 2.193836212158203
        },
        "rotation": {
          "roll": 0.2296549379825592,
          "pitch": 0.48237526416778564,
          "yaw": -8.361550331115723
        }
      },
      "matrix_world_from_sensor_carla": [
        [
          0.9893350601196289,
          0.14545133709907532,
          -0.00774650601670146,
          -61.28593444824219
        ],
        [
          -0.14541396498680115,
          0.9893572926521301,
          0.005189882125705481,
          24.00530242919922
        ],
        [
          0.008418937213718891,
          -0.004008082207292318,
          0.999956488609314,
          2.193836212158203
        ],
        [
          0.0,
          0.0,
          0.0,
          1.0
        ]
      ],
      "matrix_world_from_sensor_bevfusion": [
        [
          0.9893350601196289,
          -0.14545133709907532,
          -0.00774650601670146,
          -61.28593444824219
        ],
        [
          0.14541396498680115,
          0.9893572926521301,
          -0.005189882125705481,
          -24.00530242919922
        ],
        [
          0.008418937213718891,
          0.004008082207292318,
          0.999956488609314,
          2.193836212158203
        ],
        [
          0.0,
          0.0,
          0.0,
          1.0
        ]
      ],
      "matrix_ego_from_sensor_carla": [
        [
          1.0,
          8.073866575308841e-10,
          6.213876080352065e-10,
          0.0
        ],
        [
          8.111194493842788e-10,
          1.0,
          2.399093701477284e-10,
          2.86102294921875e-06
        ],
        [
          1.9191331857015825e-10,
          1.0090539515061892e-12,
          1.0,
          2.1999998092651367
        ],
        [
          0.0,
          0.0,
          0.0,
          1.0
        ]
      ],
      "matrix_ego_from_sensor_bevfusion": [
        [
          1.0,
          -8.073866575308841e-10,
          6.213876080352065e-10,
          0.0
        ],
        [
          -8.111194493842788e-10,
          1.0,
          -2.399093701477284e-10,
          -2.86102294921875e-06
        ],
        [
          1.9191331857015825e-10,
          -1.0090539515061892e-12,
          1.0,
          2.1999998092651367
        ],
        [
          0.0,
          0.0,
          0.0,
          1.0
        ]
      ],
      "data_path": "D:\\Agent-AI\\outputs\\samples\\sample_000005\\lidar\\LIDAR_TOP.npy",
      "raw_layout": [
        "x",
        "y",
        "z",
        "intensity"
      ]
    },
    "RADAR_FRONT": {
      "type_id": "sensor.other.radar",
      "blueprint_attributes": {
        "sensor_tick": "0.050000",
        "role_name": "default",
        "noise_seed": "0",
        "ros_name": "sensor.other.radar",
        "horizontal_fov": "35.0",
        "points_per_second": "1500",
        "vertical_fov": "20.0",
        "range": "120.0"
      },
      "transform_carla": {
        "location": {
          "x": -59.29719543457031,
          "y": 23.707727432250977,
          "z": 0.9107310175895691
        },
        "rotation": {
          "roll": 0.2296549379825592,
          "pitch": 0.48237526416778564,
          "yaw": -8.361550331115723
        }
      },
      "matrix_world_from_sensor_carla": [
        [
          0.9893350601196289,
          0.14545133709907532,
          -0.00774650601670146,
          -59.29719543457031
        ],
        [
          -0.14541396498680115,
          0.9893572926521301,
          0.005189882125705481,
          23.707727432250977
        ],
        [
          0.008418937213718891,
          -0.004008082207292318,
          0.999956488609314,
          0.9107310175895691
        ],
        [
          0.0,
          0.0,
          0.0,
          1.0
        ]
      ],
      "matrix_world_from_sensor_bevfusion": [
        [
          0.9893350601196289,
          -0.14545133709907532,
          -0.00774650601670146,
          -59.29719543457031
        ],
        [
          0.14541396498680115,
          0.9893572926521301,
          -0.005189882125705481,
          -23.707727432250977
        ],
        [
          0.008418937213718891,
          0.004008082207292318,
          0.999956488609314,
          0.9107310175895691
        ],
        [
          0.0,
          0.0,
          0.0,
          1.0
        ]
      ],
      "matrix_ego_from_sensor_carla": [
        [
          1.0,
          8.073866575308841e-10,
          6.213876080352065e-10,
          1.9999961853027344
        ],
        [
          8.111194493842788e-10,
          1.0,
          2.399093701477284e-10,
          1.9073486328125e-06
        ],
        [
          1.9191331857015825e-10,
          1.0090539515061892e-12,
          1.0,
          0.9000002145767212
        ],
        [
          0.0,
          0.0,
          0.0,
          1.0
        ]
      ],
      "matrix_ego_from_sensor_bevfusion": [
        [
          1.0,
          -8.073866575308841e-10,
          6.213876080352065e-10,
          1.9999961853027344
        ],
        [
          -8.111194493842788e-10,
          1.0,
          -2.399093701477284e-10,
          -1.9073486328125e-06
        ],
        [
          1.9191331857015825e-10,
          -1.0090539515061892e-12,
          1.0,
          0.9000002145767212
        ],
        [
          0.0,
          0.0,
          0.0,
          1.0
        ]
      ],
      "data_path": "D:\\Agent-AI\\outputs\\samples\\sample_000005\\radar\\RADAR_FRONT.npy",
      "raw_layout": [
        "velocity",
        "altitude",
        "azimuth",
        "depth"
      ]
    },
    "RADAR_FRONT_LEFT": {
      "type_id": "sensor.other.radar",
      "blueprint_attributes": {
        "sensor_tick": "0.050000",
        "role_name": "default",
        "noise_seed": "0",
        "ros_name": "sensor.other.radar",
        "horizontal_fov": "35.0",
        "points_per_second": "1500",
        "vertical_fov": "20.0",
        "range": "120.0"
      },
      "transform_carla": {
        "location": {
          "x": -59.7525520324707,
          "y": 23.016603469848633,
          "z": 0.9107905626296997
        },
        "rotation": {
          "roll": -0.17871440947055817,
          "pitch": 0.5034805536270142,
          "yaw": -53.3632926940918
        }
      },
      "matrix_world_from_sensor_carla": [
        [
          0.596716046333313,
          0.8024150729179382,
          -0.007746604736894369,
          -59.7525520324707
        ],
        [
          -0.8024043440818787,
          0.5967581868171692,
          0.00518987188115716,
          23.016603469848633
        ],
        [
          0.00878728087991476,
          0.003119029337540269,
          0.999956488609314,
          0.9107905626296997
        ],
        [
          0.0,
          0.0,
          0.0,
          1.0
        ]
      ],
      "matrix_world_from_sensor_bevfusion": [
        [
          0.596716046333313,
          -0.8024150729179382,
          -0.007746604736894369,
          -59.7525520324707
        ],
        [
          0.8024043440818787,
          0.5967581868171692,
          -0.00518987188115716,
          -23.016603469848633
        ],
        [
          0.00878728087991476,
          -0.003119029337540269,
          0.999956488609314,
          0.9107905626296997
        ],
        [
          0.0,
          0.0,
          0.0,
          1.0
        ]
      ],
      "matrix_ego_from_sensor_carla": [
        [
          0.70710688829422,
          0.7071067094802856,
          -9.623615682130549e-08,
          1.649993896484375
        ],
        [
          -0.7071066498756409,
          0.70710688829422,
          -2.3974477514343562e-08,
          -0.7499990463256836
        ],
        [
          5.0310624999383435e-08,
          8.519605643186878e-08,
          1.0,
          0.9000003337860107
        ],
        [
          0.0,
          0.0,
          0.0,
          1.0
        ]
      ],
      "matrix_ego_from_sensor_bevfusion": [
        [
          0.70710688829422,
          -0.7071067094802856,
          -9.623615682130549e-08,
          1.649993896484375
        ],
        [
          0.7071066498756409,
          0.70710688829422,
          2.3974477514343562e-08,
          0.7499990463256836
        ],
        [
          5.0310624999383435e-08,
          -8.519605643186878e-08,
          1.0,
          0.9000003337860107
        ],
        [
          0.0,
          0.0,
          0.0,
          1.0
        ]
      ],
      "data_path": "D:\\Agent-AI\\outputs\\samples\\sample_000005\\radar\\RADAR_FRONT_LEFT.npy",
      "raw_layout": [
        "velocity",
        "altitude",
        "azimuth",
        "depth"
      ]
    },
    "RADAR_FRONT_RIGHT": {
      "type_id": "sensor.other.radar",
      "blueprint_attributes": {
        "sensor_tick": "0.050000",
        "role_name": "default",
        "noise_seed": "0",
        "ros_name": "sensor.other.radar",
        "horizontal_fov": "35.0",
        "points_per_second": "1500",
        "vertical_fov": "20.0",
        "range": "120.0"
      },
      "transform_carla": {
