{
  "schema_version": "stage1.v1",
  "sample_name": "sample_000043",
  "sequence_index": 43,
  "previous_sample_name": "sample_000042",
  "frame_id": 3963,
  "timestamp": 43.431086611002684,
  "platform_timestamp": 16816501.6274646,
  "delta_seconds": 0.10000000149011612,
  "town": "Carla/Maps/Town10HD_Opt",
  "weather": {
    "cloudiness": 20.0,
    "dust_storm": 0.0,
    "fog_density": 2.0,
    "fog_distance": 0.75,
    "fog_falloff": 0.10000000149011612,
    "mie_scattering_scale": 0.029999999329447746,
    "precipitation": 0.0,
    "precipitation_deposits": 0.0,
    "rayleigh_scattering_scale": 0.03310000151395798,
    "scattering_intensity": 1.0,
    "sun_altitude_angle": 45.0,
    "sun_azimuth_angle": 300.0,
    "wetness": 0.0,
    "wind_intensity": 10.0
  },
  "sensor_names": [
    "CAM_FRONT",
    "CAM_FRONT_RIGHT",
    "CAM_FRONT_LEFT",
    "CAM_BACK",
    "CAM_BACK_LEFT",
    "CAM_BACK_RIGHT",
    "LIDAR_TOP",
    "RADAR_FRONT",
    "RADAR_FRONT_LEFT",
    "RADAR_FRONT_RIGHT",
    "RADAR_BACK_LEFT",
    "RADAR_BACK_RIGHT"
  ],
  "camera_order_for_model": [
    "CAM_FRONT",
    "CAM_FRONT_RIGHT",
    "CAM_FRONT_LEFT",
    "CAM_BACK",
    "CAM_BACK_LEFT",
    "CAM_BACK_RIGHT"
  ],
  "radar_order_for_model": [
    "RADAR_FRONT",
    "RADAR_FRONT_LEFT",
    "RADAR_FRONT_RIGHT",
    "RADAR_BACK_LEFT",
    "RADAR_BACK_RIGHT"
  ],
  "coordinate_notes": {
    "carla_world": "left-handed x-forward y-right z-up",
    "bevfusion_lidar": "x-forward y-left z-up",
    "camera_frame_for_model": "OpenCV style x-right y-down z-forward"
  },
  "ego": {
    "actor_id": 24,
    "transform_carla": {
      "location": {
        "x": 106.89350128173828,
        "y": -38.535430908203125,
        "z": -0.0044865417294204235
      },
      "rotation": {
        "roll": 0.04464688152074814,
        "pitch": -0.0038180756382644176,
        "yaw": -109.2567138671875
      }
    },
    "velocity_carla": [
      -1.1494050025939941,
      -3.067209005355835,
      6.742477125953883e-06
    ],
    "angular_velocity_carla": [
      -1.248544692993164,
      0.49474483728408813,
      -2.803999423980713
    ],
    "matrix_world_from_ego_carla": [
      [
        -0.32980120182037354,
        0.944050133228302,
        0.000713659857865423,
        106.89350128173828
      ],
      [
        -0.9440504312515259,
        -0.3298010528087616,
        -0.00031990226125344634,
        -38.535430908203125
      ],
      [
        -6.663799285888672e-05,
        -0.0007792350370436907,
        0.9999997019767761,
        -0.0044865417294204235
      ],
      [
        0.0,
        0.0,
        0.0,
        1.0
      ]
    ],
    "matrix_world_from_ego_bevfusion": [
      [
        -0.32980120182037354,
        -0.944050133228302,
        0.000713659857865423,
        106.89350128173828
      ],
      [
        0.9440504312515259,
        -0.3298010528087616,
        0.00031990226125344634,
        38.535430908203125
      ],
      [
        -6.663799285888672e-05,
        0.0007792350370436907,
        0.9999997019767761,
        -0.0044865417294204235
      ],
      [
        0.0,
        0.0,
        0.0,
        1.0
      ]
    ]
  },
  "sensors": {
    "CAM_FRONT": {
      "type_id": "sensor.camera.rgb",
      "blueprint_attributes": {
        "role_name": "front",
        "ros_name": "sensor.camera.rgb",
        "chromatic_aberration_offset": "0.0",
        "sensor_tick": "0.100000",
        "fstop": "1.4",
        "image_size_x": "960",
        "image_size_y": "540",
        "fov": "70.00",
        "lens_circle_falloff": "5.0",
        "lens_circle_multiplier": "0.0",
        "exposure_compensation": "0.0",
        "lens_y_size": "0.08",
        "lens_k": "-1.0",
        "exposure_mode": "histogram",
        "lens_kcube": "0.0",
        "lens_x_size": "0.08",
        "exposure_max_bright": "12.0",
        "shutter_speed": "200.0",
        "bloom_intensity": "0.675",
        "iso": "100.0",
        "enable_postprocess_effects": "false",
        "gamma": "2.2",
        "motion_blur_intensity": "0.0",
        "motion_blur_max_distortion": "0.35",
        "lens_flare_intensity": "0.1",
        "motion_blur_min_object_screen_size": "0.1",
        "exposure_min_bright": "10.0",
        "exposure_speed_up": "3.0",
        "exposure_speed_down": "1.0",
        "tint": "0.0",
        "calibration_constant": "16.0",
        "focal_distance": "1000.0",
        "min_fstop": "1.2",
        "blade_count": "5",
        "blur_amount": "0.0",
        "blur_radius": "0.0",
        "slope": "0.88",
        "toe": "0.55",
        "white_clip": "0.04",
        "shoulder": "0.26",
        "black_clip": "0.0",
        "temp": "6500.0",
        "chromatic_aberration_intensity": "0.0"
      },
      "transform_carla": {
        "location": {
          "x": 106.3835220336914,
          "y": -39.99925231933594,
          "z": 1.6954096555709839
        },
        "rotation": {
          "roll": 0.04464688152074814,
          "pitch": -0.0038180756382644176,
          "yaw": -109.2567138671875
        }
      },
      "matrix_world_from_sensor_carla": [
        [
          -0.32980120182037354,
          0.944050133228302,
          0.000713659857865423,
          106.3835220336914
        ],
        [
          -0.9440504312515259,
          -0.3298010528087616,
          -0.00031990226125344634,
          -39.99925231933594
        ],
        [
          -6.663799285888672e-05,
          -0.0007792350370436907,
          0.9999997019767761,
          1.6954096555709839
        ],
        [
          0.0,
          0.0,
          0.0,
          1.0
        ]
      ],
      "matrix_world_from_sensor_bevfusion": [
        [
          0.944050133228302,
          -0.000713659857865423,
          -0.32980120182037354,
          106.3835220336914
        ],
        [
          0.3298010528087616,
          -0.00031990226125344634,
          0.9440504312515259,
          39.99925231933594
        ],
        [
          -0.0007792350370436907,
          -0.9999997019767761,
          -6.663799285888672e-05,
          1.6954096555709839
        ],
        [
          0.0,
          0.0,
          0.0,
          1.0
        ]
      ],
      "matrix_ego_from_sensor_carla": [
        [
          1.0,
          2.904857465679811e-09,
          -9.244159257515427e-12,
          1.5499968528747559
        ],
        [
          2.2562524293334718e-08,
          1.0,
          -6.005057562319394e-13,
          0.0
        ],
        [
          1.98596694644948e-11,
          -6.005057562319394e-13,
          1.0,
          1.7000000476837158
        ],
        [
          0.0,
          0.0,
          0.0,
          1.0
        ]
      ],
      "matrix_ego_from_sensor_bevfusion": [
        [
          2.904857465679811e-09,
          9.244159257515427e-12,
          1.0,
          1.5499968528747559
        ],
        [
          -1.0,
          -6.005057562319394e-13,
          -2.2562524293334718e-08,
          0.0
        ],
        [
          -6.005057562319394e-13,
          -1.0,
          1.98596694644948e-11,
          1.7000000476837158
        ],
        [
          0.0,
          0.0,
          0.0,
          1.0
        ]
      ],
      "camera_intrinsics": [
        [
          685.5110473632812,
          0.0,
          480.0
        ],
        [
          0.0,
          685.5110473632812,
          270.0
        ],
        [
          0.0,
          0.0,
          1.0
        ]
      ],
      "data_path": "D:\\Agent-AI\\outputs\\s3a_left_v3\\sample_000043\\images\\CAM_FRONT.png",
      "raw_layout": "bgra8"
    },
    "CAM_FRONT_RIGHT": {
      "type_id": "sensor.camera.rgb",
      "blueprint_attributes": {
        "role_name": "front",
        "ros_name": "sensor.camera.rgb",
        "chromatic_aberration_offset": "0.0",
        "sensor_tick": "0.100000",
        "fstop": "1.4",
        "image_size_x": "960",
        "image_size_y": "540",
        "fov": "70.00",
        "lens_circle_falloff": "5.0",
        "lens_circle_multiplier": "0.0",
        "exposure_compensation": "0.0",
        "lens_y_size": "0.08",
        "lens_k": "-1.0",
        "exposure_mode": "histogram",
        "lens_kcube": "0.0",
        "lens_x_size": "0.08",
        "exposure_max_bright": "12.0",
        "shutter_speed": "200.0",
        "bloom_intensity": "0.675",
        "iso": "100.0",
        "enable_postprocess_effects": "false",
        "gamma": "2.2",
        "motion_blur_intensity": "0.0",
        "motion_blur_max_distortion": "0.35",
        "lens_flare_intensity": "0.1",
        "motion_blur_min_object_screen_size": "0.1",
        "exposure_min_bright": "10.0",
        "exposure_speed_up": "3.0",
        "exposure_speed_down": "1.0",
        "tint": "0.0",
        "calibration_constant": "16.0",
        "focal_distance": "1000.0",
        "min_fstop": "1.2",
        "blade_count": "5",
        "blur_amount": "0.0",
        "blur_radius": "0.0",
        "slope": "0.88",
        "toe": "0.55",
        "white_clip": "0.04",
        "shoulder": "0.26",
        "black_clip": "0.0",
        "temp": "6500.0",
        "chromatic_aberration_intensity": "0.0"
      },
      "transform_carla": {
        "location": {
          "x": 106.98519897460938,
          "y": -39.94462966918945,
          "z": 1.6949976682662964
        },
        "rotation": {
          "roll": 0.022483590990304947,
          "pitch": -0.03876132145524025,
          "yaw": -54.25672912597656
        }
      },
      "matrix_world_from_sensor_carla": [
        [
          0.5841542482376099,
          0.8116423487663269,
          0.0007136865751817822,
          106.98519897460938
        ],
        [
          -0.8116424083709717,
          0.5841545462608337,
          -0.0003198568010702729,
          -39.94462966918945
        ],
        [
          -0.0006765126017853618,
          -0.00039241259219124913,
          0.9999997019767761,
          1.6949976682662964
        ],
        [
          0.0,
          0.0,
          0.0,
          1.0
        ]
      ],
      "matrix_world_from_sensor_bevfusion": [
        [
          0.8116423487663269,
          -0.0007136865751817822,
          0.5841542482376099,
          106.98519897460938
        ],
        [
          -0.5841545462608337,
          -0.0003198568010702729,
          0.8116424083709717,
          39.94462966918945
        ],
        [
          -0.00039241259219124913,
          -0.9999997019767761,
          -0.0006765126017853618,
          1.6949976682662964
        ],
        [
          0.0,
          0.0,
          0.0,
          1.0
        ]
      ],
      "matrix_ego_from_sensor_carla": [
        [
          0.5735766291618347,
          -0.8191519379615784,
          -5.174857875545058e-08,
          1.2999975681304932
        ],
        [
          0.8191519379615784,
          0.5735765695571899,
          1.0185740251245079e-08,
          0.5499954223632812
        ],
        [
          2.127278975194713e-08,
          -4.8282721820669394e-08,
          1.0,
          1.7000000476837158
        ],
        [
          0.0,
          0.0,
          0.0,
          1.0
        ]
      ],
      "matrix_ego_from_sensor_bevfusion": [
        [
          -0.8191519379615784,
          5.174857875545058e-08,
          0.5735766291618347,
          1.2999975681304932
        ],
        [
          -0.5735765695571899,
          1.0185740251245079e-08,
          -0.8191519379615784,
          -0.5499954223632812
        ],
        [
          -4.8282721820669394e-08,
          -1.0,
          2.127278975194713e-08,
          1.7000000476837158
        ],
        [
          0.0,
          0.0,
          0.0,
          1.0
        ]
      ],
      "camera_intrinsics": [
        [
          685.5110473632812,
          0.0,
          480.0
        ],
        [
          0.0,
          685.5110473632812,
          270.0
        ],
        [
          0.0,
          0.0,
          1.0
        ]
      ],
      "data_path": "D:\\Agent-AI\\outputs\\s3a_left_v3\\sample_000043\\images\\CAM_FRONT_RIGHT.png",
      "raw_layout": "bgra8"
    },
    "CAM_FRONT_LEFT": {
      "type_id": "sensor.camera.rgb",
      "blueprint_attributes": {
        "role_name": "front",
        "ros_name": "sensor.camera.rgb",
        "chromatic_aberration_offset": "0.0",
        "sensor_tick": "0.100000",
        "fstop": "1.4",
        "image_size_x": "960",
        "image_size_y": "540",
        "fov": "70.00",
        "lens_circle_falloff": "5.0",
        "lens_circle_multiplier": "0.0",
        "exposure_compensation": "0.0",
        "lens_y_size": "0.08",
        "lens_k": "-1.0",
        "exposure_mode": "histogram",
        "lens_kcube": "0.0",
        "lens_x_size": "0.08",
        "exposure_max_bright": "12.0",
        "shutter_speed": "200.0",
        "bloom_intensity": "0.675",
        "iso": "100.0",
        "enable_postprocess_effects": "false",
        "gamma": "2.2",
        "motion_blur_intensity": "0.0",
        "motion_blur_max_distortion": "0.35",
        "lens_flare_intensity": "0.1",
        "motion_blur_min_object_screen_size": "0.1",
        "exposure_min_bright": "10.0",
        "exposure_speed_up": "3.0",
        "exposure_speed_down": "1.0",
        "tint": "0.0",
        "calibration_constant": "16.0",
        "focal_distance": "1000.0",
        "min_fstop": "1.2",
        "blade_count": "5",
        "blur_amount": "0.0",
        "blur_radius": "0.0",
        "slope": "0.88",
        "toe": "0.55",
        "white_clip": "0.04",
        "shoulder": "0.26",
        "black_clip": "0.0",
        "temp": "6500.0",
        "chromatic_aberration_intensity": "0.0"
      },
      "transform_carla": {
        "location": {
          "x": 105.94674682617188,
          "y": -39.58184814453125,
          "z": 1.695854902267456
        },
        "rotation": {
          "roll": 0.02873321622610092,
          "pitch": 0.03438317030668259,
          "yaw": -164.25668334960938
        }
      },
      "matrix_world_from_sensor_carla": [
        [
          -0.9624866843223572,
          0.271327942609787,
          0.0007136559579521418,
          105.94674682617188
        ],
        [
          -0.2713282108306885,
          -0.9624868035316467,
          -0.0003198528429493308,
          -39.58184814453125
        ],
        [
          0.000600099447183311,
          -0.000501489092130214,
          0.9999997019767761,
          1.695854902267456
        ],
        [
          0.0,
          0.0,
          0.0,
          1.0
        ]
      ],
      "matrix_world_from_sensor_bevfusion": [
        [
          0.271327942609787,
          -0.0007136559579521418,
          -0.9624866843223572,
          105.94674682617188
        ],
        [
          0.9624868035316467,
          -0.0003198528429493308,
          0.2713282108306885,
          39.58184814453125
        ],
        [
          -0.000501489092130214,
          -0.9999997019767761,
          0.000600099447183311,
          1.695854902267456
        ],
        [
          0.0,
          0.0,
          0.0,
          1.0
        ]
      ],
      "matrix_ego_from_sensor_carla": [
        [
          0.5735766887664795,
          0.8191518187522888,
          -4.538211584304008e-08,
          1.299997091293335
        ],
        [
          -0.8191518187522888,
          0.5735767483711243,
          -1.9965828101931038e-08,
          -0.5499954223632812
        ],
        [
          9.658251087785175e-09,
          4.863643709995813e-08,
          1.0,
          1.7000000476837158
        ],
        [
          0.0,
          0.0,
          0.0,
          1.0
        ]
      ],
      "matrix_ego_from_sensor_bevfusion": [
        [
          0.8191518187522888,
          4.538211584304008e-08,
          0.5735766887664795,
          1.299997091293335
        ],
        [
          -0.5735767483711243,
          -1.9965828101931038e-08,
          0.8191518187522888,
          0.5499954223632812
        ],
        [
          4.863643709995813e-08,
          -1.0,
          9.658251087785175e-09,
          1.7000000476837158
        ],
        [
          0.0,
          0.0,
          0.0,
          1.0
        ]
      ],
      "camera_intrinsics": [
        [
          685.5110473632812,
          0.0,
          480.0
        ],
        [
          0.0,
          685.5110473632812,
          270.0
        ],
        [
          0.0,
          0.0,
          1.0
        ]
      ],
      "data_path": "D:\\Agent-AI\\outputs\\s3a_left_v3\\sample_000043\\images\\CAM_FRONT_LEFT.png",
      "raw_layout": "bgra8"
    },
    "CAM_BACK": {
      "type_id": "sensor.camera.rgb",
      "blueprint_attributes": {
        "role_name": "front",
        "ros_name": "sensor.camera.rgb",
        "chromatic_aberration_offset": "0.0",
        "sensor_tick": "0.100000",
        "fstop": "1.4",
        "image_size_x": "960",
        "image_size_y": "540",
        "fov": "70.00",
        "lens_circle_falloff": "5.0",
        "lens_circle_multiplier": "0.0",
        "exposure_compensation": "0.0",
        "lens_y_size": "0.08",
        "lens_k": "-1.0",
        "exposure_mode": "histogram",
        "lens_kcube": "0.0",
        "lens_x_size": "0.08",
        "exposure_max_bright": "12.0",
        "shutter_speed": "200.0",
        "bloom_intensity": "0.675",
        "iso": "100.0",
        "enable_postprocess_effects": "false",
        "gamma": "2.2",
        "motion_blur_intensity": "0.0",
        "motion_blur_max_distortion": "0.35",
        "lens_flare_intensity": "0.1",
        "motion_blur_min_object_screen_size": "0.1",
        "exposure_min_bright": "10.0",
        "exposure_speed_up": "3.0",
        "exposure_speed_down": "1.0",
        "tint": "0.0",
        "calibration_constant": "16.0",
        "focal_distance": "1000.0",
        "min_fstop": "1.2",
        "blade_count": "5",
        "blur_amount": "0.0",
        "blur_radius": "0.0",
        "slope": "0.88",
        "toe": "0.55",
        "white_clip": "0.04",
        "shoulder": "0.26",
        "black_clip": "0.0",
        "temp": "6500.0",
        "chromatic_aberration_intensity": "0.0"
      },
      "transform_carla": {
        "location": {
          "x": 107.4059066772461,
          "y": -37.072696685791016,
          "z": 1.6956161260604858
        },
        "rotation": {
          "roll": -0.04464687034487724,
          "pitch": 0.0038180756382644176,
          "yaw": 70.7432861328125
        }
      },
      "matrix_world_from_sensor_carla": [
        [
          0.3298012316226959,
          -0.9440500736236572,
          0.0007136596250347793,
          107.4059066772461
        ],
        [
          0.9440503716468811,
          0.329801082611084,
          -0.0003199022030457854,
          -37.072696685791016
        ],
        [
          6.663799285888672e-05,
          0.000779234804213047,
          0.9999997019767761,
          1.6956161260604858
        ],
        [
          0.0,
          0.0,
          0.0,
          1.0
        ]
      ],
      "matrix_world_from_sensor_bevfusion": [
        [
          -0.9440500736236572,
          -0.0007136596250347793,
          0.3298012316226959,
          107.4059066772461
        ],
        [
          -0.329801082611084,
          -0.0003199022030457854,
          -0.9440503716468811,
          37.072696685791016
        ],
        [
          0.000779234804213047,
          -0.9999997019767761,
          6.663799285888672e-05,
          1.6956161260604858
        ],
        [
          0.0,
          0.0,
          0.0,
          1.0
        ]
      ],
      "matrix_ego_from_sensor_carla": [
        [
          -0.9999999403953552,
          -3.103973256202153e-08,
          5.307756404532293e-12,
          -1.5500000715255737
        ],
        [
          2.6897470917219835e-08,
          -0.9999999403953552,
          -2.916388242013568e-10,
          0.0
        ],
        [
          1.652011860642233e-11,
          -1.7402240759523124e-10,
          1.0,
          1.6999999284744263
        ],
        [
          0.0,
          0.0,
          0.0,
          1.0
        ]
      ],
      "matrix_ego_from_sensor_bevfusion": [
        [
          -3.103973256202153e-08,
          -5.307756404532293e-12,
          -0.9999999403953552,
          -1.5500000715255737
        ],
        [
          0.9999999403953552,
          -2.916388242013568e-10,
          -2.6897470917219835e-08,
          0.0
        ],
        [
          -1.7402240759523124e-10,
          -1.0,
          1.652011860642233e-11,
          1.6999999284744263
        ],
        [
          0.0,
          0.0,
          0.0,
          1.0
        ]
      ],
      "camera_intrinsics": [
        [
          685.5110473632812,
          0.0,
          480.0
        ],
        [
          0.0,
          685.5110473632812,
          270.0
        ],
        [
          0.0,
          0.0,
          1.0
        ]
      ],
      "data_path": "D:\\Agent-AI\\outputs\\s3a_left_v3\\sample_000043\\images\\CAM_BACK.png",
      "raw_layout": "bgra8"
    },
    "CAM_BACK_LEFT": {
      "type_id": "sensor.camera.rgb",
      "blueprint_attributes": {
        "role_name": "front",
        "ros_name": "sensor.camera.rgb",
        "chromatic_aberration_offset": "0.0",
        "sensor_tick": "0.100000",
        "fstop": "1.4",
        "image_size_x": "960",
        "image_size_y": "540",
        "fov": "70.00",
        "lens_circle_falloff": "5.0",
        "lens_circle_multiplier": "0.0",
        "exposure_compensation": "0.0",
        "lens_y_size": "0.08",
        "lens_k": "-1.0",
        "exposure_mode": "histogram",
        "lens_kcube": "0.0",
        "lens_x_size": "0.08",
        "exposure_max_bright": "12.0",
        "shutter_speed": "200.0",
        "bloom_intensity": "0.675",
        "iso": "100.0",
        "enable_postprocess_effects": "false",
        "gamma": "2.2",
        "motion_blur_intensity": "0.0",
        "motion_blur_max_distortion": "0.35",
        "lens_flare_intensity": "0.1",
        "motion_blur_min_object_screen_size": "0.1",
        "exposure_min_bright": "10.0",
        "exposure_speed_up": "3.0",
        "exposure_speed_down": "1.0",
        "tint": "0.0",
        "calibration_constant": "16.0",
        "focal_distance": "1000.0",
        "min_fstop": "1.2",
        "blade_count": "5",
        "blur_amount": "0.0",
        "blur_radius": "0.0",
        "slope": "0.88",
        "toe": "0.55",
        "white_clip": "0.04",
        "shoulder": "0.26",
        "black_clip": "0.0",
        "temp": "6500.0",
        "chromatic_aberration_intensity": "0.0"
      },
      "transform_carla": {
        "location": {
          "x": 106.80422973632812,
          "y": -37.1273193359375,
          "z": 1.6960281133651733
        },
        "rotation": {
          "roll": -0.0224835854023695,
          "pitch": 0.03876132145524025,
          "yaw": 125.74327087402344
        }
      },
      "matrix_world_from_sensor_carla": [
        [
          -0.5841541290283203,
          -0.8116424083709717,
          0.0007136864587664604,
          106.80422973632812
        ],
        [
          0.8116424679756165,
          -0.5841544270515442,
          -0.0003198569465894252,
          -37.1273193359375
        ],
        [
          0.0006765126017853618,
          0.00039241250487975776,
          0.9999997019767761,
          1.6960281133651733
        ],
        [
          0.0,
          0.0,
          0.0,
          1.0
        ]
      ],
      "matrix_world_from_sensor_bevfusion": [
        [
          -0.8116424083709717,
          -0.0007136864587664604,
          -0.5841541290283203,
          106.80422973632812
        ],
        [
          0.5841544270515442,
          -0.0003198569465894252,
          -0.8116424679756165,
          37.1273193359375
        ],
        [
          0.00039241250487975776,
          -0.9999997019767761,
          0.0006765126017853618,
          1.6960281133651733
        ],
        [
          0.0,
          0.0,
          0.0,
          1.0
        ]
      ],
      "matrix_ego_from_sensor_carla": [
        [
          -0.5735766887664795,
          0.8191518783569336,
          -5.1566679815095995e-08,
          -1.3000006675720215
        ],
        [
          -0.8191518187522888,
          -0.5735766887664795,
          1.0127532590331612e-08,
          -0.5500030517578125
        ],
        [
          -2.1214582091033662e-08,
          4.810809883792899e-08,
          1.0,
          1.7000000476837158
        ],
        [
          0.0,
          0.0,
          0.0,
          1.0
        ]
      ],
      "matrix_ego_from_sensor_bevfusion": [
        [
          0.8191518783569336,
          5.1566679815095995e-08,
          -0.5735766887664795,
          -1.3000006675720215
        ],
        [
          0.5735766887664795,
          1.0127532590331612e-08,
          0.8191518187522888,
          0.5500030517578125
        ],
        [
          4.810809883792899e-08,
          -1.0,
          -2.1214582091033662e-08,
          1.7000000476837158
        ],
        [
          0.0,
          0.0,
          0.0,
          1.0
        ]
      ],
      "camera_intrinsics": [
        [
          685.5110473632812,
          0.0,
          480.0
        ],
        [
          0.0,
          685.5110473632812,
          270.0
        ],
        [
          0.0,
          0.0,
          1.0
        ]
      ],
      "data_path": "D:\\Agent-AI\\outputs\\s3a_left_v3\\sample_000043\\images\\CAM_BACK_LEFT.png",
      "raw_layout": "bgra8"
    },
    "CAM_BACK_RIGHT": {
      "type_id": "sensor.camera.rgb",
      "blueprint_attributes": {
        "role_name": "front",
        "ros_name": "sensor.camera.rgb",
        "chromatic_aberration_offset": "0.0",
        "sensor_tick": "0.100000",
        "fstop": "1.4",
        "image_size_x": "960",
        "image_size_y": "540",
        "fov": "70.00",
        "lens_circle_falloff": "5.0",
        "lens_circle_multiplier": "0.0",
        "exposure_compensation": "0.0",
        "lens_y_size": "0.08",
        "lens_k": "-1.0",
        "exposure_mode": "histogram",
        "lens_kcube": "0.0",
        "lens_x_size": "0.08",
        "exposure_max_bright": "12.0",
        "shutter_speed": "200.0",
        "bloom_intensity": "0.675",
        "iso": "100.0",
        "enable_postprocess_effects": "false",
        "gamma": "2.2",
        "motion_blur_intensity": "0.0",
        "motion_blur_max_distortion": "0.35",
        "lens_flare_intensity": "0.1",
        "motion_blur_min_object_screen_size": "0.1",
        "exposure_min_bright": "10.0",
        "exposure_speed_up": "3.0",
        "exposure_speed_down": "1.0",
        "tint": "0.0",
        "calibration_constant": "16.0",
        "focal_distance": "1000.0",
        "min_fstop": "1.2",
        "blade_count": "5",
        "blur_amount": "0.0",
        "blur_radius": "0.0",
        "slope": "0.88",
        "toe": "0.55",
        "white_clip": "0.04",
        "shoulder": "0.26",
        "black_clip": "0.0",
        "temp": "6500.0",
        "chromatic_aberration_intensity": "0.0"
      },
      "transform_carla": {
        "location": {
          "x": 107.84268188476562,
          "y": -37.4901008605957,
          "z": 1.6951708793640137
        },
        "rotation": {
          "roll": -0.028733210638165474,
          "pitch": -0.03438317030668259,
          "yaw": 15.743307113647461
        }
      },
      "matrix_world_from_sensor_carla": [
        [
          0.962486743927002,
          -0.2713277041912079,
          0.0007136558415368199,
          107.84268188476562
        ],
        [
          0.2713279724121094,
          0.9624868631362915,
          -0.00031985295936465263,
          -37.4901008605957
        ],
        [
          -0.000600099447183311,
          0.0005014890339225531,
          0.9999997019767761,
          1.6951708793640137
        ],
        [
          0.0,
          0.0,
          0.0,
          1.0
        ]
      ],
      "matrix_world_from_sensor_bevfusion": [
        [
          -0.2713277041912079,
          -0.0007136558415368199,
          0.962486743927002,
          107.84268188476562
        ],
        [
          -0.9624868631362915,
          -0.00031985295936465263,
          -0.2713279724121094,
          37.4901008605957
        ],
        [
          0.0005014890339225531,
          -0.9999997019767761,
          -0.000600099447183311,
          1.6951708793640137
        ],
        [
          0.0,
          0.0,
          0.0,
          1.0
        ]
      ],
      "matrix_ego_from_sensor_carla": [
        [
          -0.5735765099525452,
          -0.8191519379615784,
          -4.522932073314223e-08,
          -1.3000000715255737
        ],
        [
          0.8191519379615784,
          -0.5735765695571899,
          -2.0082243423757973e-08,
          0.5499954223632812
        ],
        [
          -9.54183576595824e-09,
          -4.8520021778131195e-08,
          1.0,
          1.6999999284744263
        ],
        [
          0.0,
          0.0,
          0.0,
          1.0
        ]
      ],
      "matrix_ego_from_sensor_bevfusion": [
        [
          -0.8191519379615784,
          4.522932073314223e-08,
          -0.5735765099525452,
          -1.3000000715255737
        ],
        [
          0.5735765695571899,
          -2.0082243423757973e-08,
          -0.8191519379615784,
          -0.5499954223632812
        ],
        [
          -4.8520021778131195e-08,
          -1.0,
          -9.54183576595824e-09,
          1.6999999284744263
        ],
        [
          0.0,
          0.0,
          0.0,
          1.0
        ]
      ],
      "camera_intrinsics": [
        [
          685.5110473632812,
          0.0,
          480.0
        ],
        [
          0.0,
          685.5110473632812,
          270.0
        ],
        [
          0.0,
          0.0,
          1.0
        ]
      ],
      "data_path": "D:\\Agent-AI\\outputs\\s3a_left_v3\\sample_000043\\images\\CAM_BACK_RIGHT.png",
      "raw_layout": "bgra8"
    },
    "LIDAR_TOP": {
      "type_id": "sensor.lidar.ray_cast",
      "blueprint_attributes": {
        "atmosphere_attenuation_rate": "0.004",
        "role_name": "front",
        "noise_seed": "0",
        "upper_fov": "10.0",
        "ros_name": "sensor.lidar.ray_cast",
        "sensor_tick": "0.100000",
        "channels": "32",
        "range": "120.0",
        "points_per_second": "360000",
        "lower_fov": "-30.0",
        "rotation_frequency": "10.000000",
        "horizontal_fov": "360.0",
        "dropoff_general_rate": "0.0",
        "dropoff_intensity_limit": "1.0",
        "noise_stddev": "0.0",
        "dropoff_zero_intensity": "0.0"
      },
      "transform_carla": {
        "location": {
          "x": 106.89507293701172,
          "y": -38.5361328125,
          "z": 2.1955127716064453
        },
        "rotation": {
          "roll": 0.04464688152074814,
          "pitch": -0.0038180756382644176,
          "yaw": -109.2567138671875
        }
      },
      "matrix_world_from_sensor_carla": [
        [
          -0.32980120182037354,
          0.944050133228302,
          0.000713659857865423,
          106.89507293701172
        ],
        [
          -0.9440504312515259,
          -0.3298010528087616,
          -0.00031990226125344634,
          -38.5361328125
        ],
        [
          -6.663799285888672e-05,
          -0.0007792350370436907,
          0.9999997019767761,
          2.1955127716064453
        ],
        [
          0.0,
          0.0,
          0.0,
          1.0
        ]
      ],
      "matrix_world_from_sensor_bevfusion": [
        [
          -0.32980120182037354,
          -0.944050133228302,
          0.000713659857865423,
          106.89507293701172
        ],
        [
          0.9440504312515259,
          -0.3298010528087616,
          0.00031990226125344634,
          38.5361328125
        ],
        [
          -6.663799285888672e-05,
          0.0007792350370436907,
          0.9999997019767761,
          2.1955127716064453
        ],
        [
          0.0,
          0.0,
          0.0,
          1.0
        ]
      ],
      "matrix_ego_from_sensor_carla": [
        [
          1.0,
          2.904857465679811e-09,
          -9.244159257515427e-12,
          -3.5762786865234375e-06
        ],
        [
          2.2562524293334718e-08,
          1.0,
          -6.005057562319394e-13,
          0.0
        ],
        [
          1.98596694644948e-11,
          -6.005057562319394e-13,
          1.0,
          2.200000047683716
        ],
        [
          0.0,
          0.0,
          0.0,
          1.0
        ]
      ],
      "matrix_ego_from_sensor_bevfusion": [
        [
          1.0,
          -2.904857465679811e-09,
          -9.244159257515427e-12,
          -3.5762786865234375e-06
        ],
        [
          -2.2562524293334718e-08,
          1.0,
          6.005057562319394e-13,
          0.0
        ],
        [
          1.98596694644948e-11,
          6.005057562319394e-13,
          1.0,
          2.200000047683716
        ],
        [
          0.0,
          0.0,
          0.0,
          1.0
        ]
      ],
      "data_path": "D:\\Agent-AI\\outputs\\s3a_left_v3\\sample_000043\\lidar\\LIDAR_TOP.npy",
      "raw_layout": [
        "x",
        "y",
        "z",
        "intensity"
      ]
    },
    "RADAR_FRONT": {
      "type_id": "sensor.other.radar",
      "blueprint_attributes": {
        "sensor_tick": "0.100000",
        "role_name": "default",
        "noise_seed": "0",
        "ros_name": "sensor.other.radar",
        "horizontal_fov": "35.0",
        "points_per_second": "1500",
        "vertical_fov": "20.0",
        "range": "120.0"
      },
      "transform_carla": {
        "location": {
          "x": 106.23455047607422,
          "y": -40.42382049560547,
          "z": 0.8953800201416016
        },
        "rotation": {
          "roll": 0.04464688152074814,
          "pitch": -0.0038180756382644176,
          "yaw": -109.2567138671875
        }
      },
      "matrix_world_from_sensor_carla": [
        [
          -0.32980120182037354,
          0.944050133228302,
          0.000713659857865423,
          106.23455047607422
        ],
        [
          -0.9440504312515259,
          -0.3298010528087616,
          -0.00031990226125344634,
          -40.42382049560547
        ],
        [
          -6.663799285888672e-05,
          -0.0007792350370436907,
          0.9999997019767761,
          0.8953800201416016
        ],
        [
          0.0,
          0.0,
          0.0,
          1.0
        ]
      ],
      "matrix_world_from_sensor_bevfusion": [
        [
          -0.32980120182037354,
          -0.944050133228302,
          0.000713659857865423,
          106.23455047607422
        ],
        [
          0.9440504312515259,
          -0.3298010528087616,
          0.00031990226125344634,
          40.42382049560547
        ],
        [
          -6.663799285888672e-05,
          0.0007792350370436907,
          0.9999997019767761,
          0.8953800201416016
        ],
        [
          0.0,
          0.0,
          0.0,
          1.0
        ]
      ],
      "matrix_ego_from_sensor_carla": [
        [
          1.0,
          2.904857465679811e-09,
          -9.244159257515427e-12,
          1.9999973773956299
        ],
        [
          2.2562524293334718e-08,
          1.0,
          -6.005057562319394e-13,
          7.62939453125e-06
        ],
        [
          1.98596694644948e-11,
          -6.005057562319394e-13,
          1.0,
          0.9000000953674316
        ],
        [
          0.0,
          0.0,
          0.0,
          1.0
        ]
      ],
      "matrix_ego_from_sensor_bevfusion": [
        [
          1.0,
          -2.904857465679811e-09,
          -9.244159257515427e-12,
          1.9999973773956299
        ],
        [
          -2.2562524293334718e-08,
          1.0,
          6.005057562319394e-13,
          -7.62939453125e-06
        ],
        [
          1.98596694644948e-11,
          6.005057562319394e-13,
          1.0,
          0.9000000953674316
        ],
        [
          0.0,
          0.0,
          0.0,
          1.0
        ]
      ],
      "data_path": "D:\\Agent-AI\\outputs\\s3a_left_v3\\sample_000043\\radar\\RADAR_FRONT.npy",
      "raw_layout": [
        "velocity",
        "altitude",
        "azimuth",
        "depth"
      ]
    },
    "RADAR_FRONT_LEFT": {
      "type_id": "sensor.other.radar",
      "blueprint_attributes": {
        "sensor_tick": "0.100000",
        "role_name": "default",
        "noise_seed": "0",
        "ros_name": "sensor.other.radar",
        "horizontal_fov": "35.0",
        "points_per_second": "1500",
        "vertical_fov": "20.0",
        "range": "120.0"
      },
      "transform_carla": {
        "location": {
          "x": 105.64192962646484,
          "y": -39.84605026245117,
          "z": 0.8959877490997314
        },
        "rotation": {
          "roll": 0.03426750749349594,
          "pitch": 0.028871208429336548,
          "yaw": -154.25672912597656
        }
      },
      "matrix_world_from_sensor_carla": [
        [
          -0.9007490873336792,
          0.4343392252922058,
          0.0007136554922908545,
          105.64192962646484
        ],
        [
          -0.4343395233154297,
          -0.900749146938324,
          -0.000319858081638813,
          -39.84605026245117
        ],
        [
          0.0005038976669311523,
          -0.0005980806890875101,
          0.9999997019767761,
          0.8959877490997314
        ],
        [
          0.0,
          0.0,
          0.0,
          1.0
        ]
      ],
      "matrix_world_from_sensor_bevfusion": [
        [
          -0.9007490873336792,
          -0.4343392252922058,
          0.0007136554922908545,
          105.64192962646484
        ],
        [
          0.4343395233154297,
          -0.900749146938324,
          0.000319858081638813,
          39.84605026245117
        ],
        [
          0.0005038976669311523,
          0.0005980806890875101,
          0.9999997019767761,
          0.8959877490997314
        ],
        [
          0.0,
          0.0,
          0.0,
          1.0
        ]
      ],
      "matrix_ego_from_sensor_carla": [
        [
          0.7071064710617065,
          0.7071070075035095,
          -4.027439359788332e-08,
          1.6499991416931152
        ],
        [
          -0.7071070671081543,
          0.7071064710617065,
          -1.8743467222748222e-08,
          -0.7500152587890625
        ],
        [
          1.5216649273952498e-08,
          4.1622097768367894e-08,
          1.0,
          0.9000000953674316
        ],
        [
          0.0,
          0.0,
          0.0,
          1.0
        ]
      ],
      "matrix_ego_from_sensor_bevfusion": [
        [
          0.7071064710617065,
          -0.7071070075035095,
          -4.027439359788332e-08,
          1.6499991416931152
        ],
        [
          0.7071070671081543,
          0.7071064710617065,
          1.8743467222748222e-08,
          0.7500152587890625
        ],
        [
          1.5216649273952498e-08,
          -4.1622097768367894e-08,
          1.0,
          0.9000000953674316
        ],
        [
          0.0,
          0.0,
          0.0,
          1.0
        ]
      ],
      "data_path": "D:\\Agent-AI\\outputs\\s3a_left_v3\\sample_000043\\radar\\RADAR_FRONT_LEFT.npy",
      "raw_layout": [
        "velocity",
        "altitude",
        "azimuth",
        "depth"
      ]
    },
    "RADAR_FRONT_RIGHT": {
      "type_id": "sensor.other.radar",
      "blueprint_attributes": {
        "sensor_tick": "0.100000",
        "role_name": "default",
        "noise_seed": "0",
        "ros_name": "sensor.other.radar",
