{
  "schema_version": "stage1.v1",
  "sample_name": "sample_000100",
  "sequence_index": 100,
  "previous_sample_name": "sample_000099",
  "frame_id": 60101,
  "timestamp": 445.0197008997202,
  "platform_timestamp": 16814608.2341487,
  "delta_seconds": 0.10000000149011612,
  "town": "Carla/Maps/Town10HD_Opt",
  "weather": {
    "cloudiness": 20.0,
    "dust_storm": 0.0,
    "fog_density": 2.0,
    "fog_distance": 0.75,
    "fog_falloff": 0.10000000149011612,
    "mie_scattering_scale": 0.029999999329447746,
    "precipitation": 0.0,
    "precipitation_deposits": 0.0,
    "rayleigh_scattering_scale": 0.03310000151395798,
    "scattering_intensity": 1.0,
    "sun_altitude_angle": 45.0,
    "sun_azimuth_angle": 300.0,
    "wetness": 0.0,
    "wind_intensity": 10.0
  },
  "sensor_names": [
    "CAM_FRONT",
    "CAM_FRONT_RIGHT",
    "CAM_FRONT_LEFT",
    "CAM_BACK",
    "CAM_BACK_LEFT",
    "CAM_BACK_RIGHT",
    "LIDAR_TOP",
    "RADAR_FRONT",
    "RADAR_FRONT_LEFT",
    "RADAR_FRONT_RIGHT",
    "RADAR_BACK_LEFT",
    "RADAR_BACK_RIGHT"
  ],
  "camera_order_for_model": [
    "CAM_FRONT",
    "CAM_FRONT_RIGHT",
    "CAM_FRONT_LEFT",
    "CAM_BACK",
    "CAM_BACK_LEFT",
    "CAM_BACK_RIGHT"
  ],
  "radar_order_for_model": [
    "RADAR_FRONT",
    "RADAR_FRONT_LEFT",
    "RADAR_FRONT_RIGHT",
    "RADAR_BACK_LEFT",
    "RADAR_BACK_RIGHT"
  ],
  "coordinate_notes": {
    "carla_world": "left-handed x-forward y-right z-up",
    "bevfusion_lidar": "x-forward y-left z-up",
    "camera_frame_for_model": "OpenCV style x-right y-down z-forward"
  },
  "ego": {
    "actor_id": 28,
    "transform_carla": {
      "location": {
        "x": 77.28759002685547,
        "y": -62.2798957824707,
        "z": -0.004471473395824432
      },
      "rotation": {
        "roll": -0.00079345703125,
        "pitch": -0.007806906010955572,
        "yaw": -161.72349548339844
      }
    },
    "velocity_carla": [
      5.798908750875853e-05,
      1.2444724234228488e-05,
      -2.384185791015625e-06
    ],
    "angular_velocity_carla": [
      -0.003616058500483632,
      0.01789149083197117,
      1.4115273188508581e-05
    ],
    "matrix_world_from_ego_carla": [
      [
        -0.9495541453361511,
        0.3136030435562134,
        -0.00013372556713875383,
        77.28759002685547
      ],
      [
        -0.3136030435562134,
        -0.9495541453361511,
        -2.9580522095784545e-05,
        -62.2798957824707
      ],
      [
        -0.00013625621795654297,
        1.3848437447450124e-05,
        1.0,
        -0.004471473395824432
      ],
      [
        0.0,
        0.0,
        0.0,
        1.0
      ]
    ],
    "matrix_world_from_ego_bevfusion": [
      [
        -0.9495541453361511,
        -0.3136030435562134,
        -0.00013372556713875383,
        77.28759002685547
      ],
      [
        0.3136030435562134,
        -0.9495541453361511,
        2.9580522095784545e-05,
        62.2798957824707
      ],
      [
        -0.00013625621795654297,
        -1.3848437447450124e-05,
        1.0,
        -0.004471473395824432
      ],
      [
        0.0,
        0.0,
        0.0,
        1.0
      ]
    ]
  },
  "sensors": {
    "CAM_FRONT": {
      "type_id": "sensor.camera.rgb",
      "blueprint_attributes": {
        "role_name": "front",
        "ros_name": "sensor.camera.rgb",
        "chromatic_aberration_offset": "0.0",
        "sensor_tick": "0.100000",
        "fstop": "1.4",
        "image_size_x": "960",
        "image_size_y": "540",
        "fov": "70.00",
        "lens_circle_falloff": "5.0",
        "lens_circle_multiplier": "0.0",
        "exposure_compensation": "0.0",
        "lens_y_size": "0.08",
        "lens_k": "-1.0",
        "exposure_mode": "histogram",
        "lens_kcube": "0.0",
        "lens_x_size": "0.08",
        "exposure_max_bright": "12.0",
        "shutter_speed": "200.0",
        "bloom_intensity": "0.675",
        "iso": "100.0",
        "enable_postprocess_effects": "false",
        "gamma": "2.2",
        "motion_blur_intensity": "0.0",
        "motion_blur_max_distortion": "0.35",
        "lens_flare_intensity": "0.1",
        "motion_blur_min_object_screen_size": "0.1",
        "exposure_min_bright": "10.0",
        "exposure_speed_up": "3.0",
        "exposure_speed_down": "1.0",
        "tint": "0.0",
        "calibration_constant": "16.0",
        "focal_distance": "1000.0",
        "min_fstop": "1.2",
        "blade_count": "5",
        "blur_amount": "0.0",
        "blur_radius": "0.0",
        "slope": "0.88",
        "toe": "0.55",
        "white_clip": "0.04",
        "shoulder": "0.26",
        "black_clip": "0.0",
        "temp": "6500.0",
        "chromatic_aberration_intensity": "0.0"
      },
      "transform_carla": {
        "location": {
          "x": 75.8155517578125,
          "y": -62.766029357910156,
          "z": 1.6953171491622925
        },
        "rotation": {
          "roll": -0.00079345703125,
          "pitch": -0.007806906010955572,
          "yaw": -161.72349548339844
        }
      },
      "matrix_world_from_sensor_carla": [
        [
          -0.9495541453361511,
          0.3136030435562134,
          -0.00013372556713875383,
          75.8155517578125
        ],
        [
          -0.3136030435562134,
          -0.9495541453361511,
          -2.9580522095784545e-05,
          -62.766029357910156
        ],
        [
          -0.00013625621795654297,
          1.3848437447450124e-05,
          1.0,
          1.6953171491622925
        ],
        [
          0.0,
          0.0,
          0.0,
          1.0
        ]
      ],
      "matrix_world_from_sensor_bevfusion": [
        [
          0.3136030435562134,
          0.00013372556713875383,
          -0.9495541453361511,
          75.8155517578125
        ],
        [
          0.9495541453361511,
          -2.9580522095784545e-05,
          0.3136030435562134,
          62.766029357910156
        ],
        [
          1.3848437447450124e-05,
          -1.0,
          -0.00013625621795654297,
          1.6953171491622925
        ],
        [
          0.0,
          0.0,
          0.0,
          1.0
        ]
      ],
      "matrix_ego_from_sensor_carla": [
        [
          1.0,
          -8.651253047275986e-09,
          0.0,
          1.5499992370605469
        ],
        [
          -1.9761376535143427e-08,
          1.0,
          -1.8189894035458565e-12,
          0.0
        ],
        [
          -1.4551915228366852e-11,
          0.0,
          1.0,
          1.6999998092651367
        ],
        [
          0.0,
          0.0,
          0.0,
          1.0
        ]
      ],
      "matrix_ego_from_sensor_bevfusion": [
        [
          -8.651253047275986e-09,
          0.0,
          1.0,
          1.5499992370605469
        ],
        [
          -1.0,
          -1.8189894035458565e-12,
          1.9761376535143427e-08,
          0.0
        ],
        [
          0.0,
          -1.0,
          -1.4551915228366852e-11,
          1.6999998092651367
        ],
        [
          0.0,
          0.0,
          0.0,
          1.0
        ]
      ],
      "camera_intrinsics": [
        [
          685.5110473632812,
          0.0,
          480.0
        ],
        [
          0.0,
          685.5110473632812,
          270.0
        ],
        [
          0.0,
          0.0,
          1.0
        ]
      ],
      "data_path": "D:\\Agent-AI\\outputs\\s3a_ml_long_v2\\sample_000100\\images\\CAM_FRONT.png",
      "raw_layout": "bgra8"
    },
    "CAM_FRONT_RIGHT": {
      "type_id": "sensor.camera.rgb",
      "blueprint_attributes": {
        "role_name": "front",
        "ros_name": "sensor.camera.rgb",
        "chromatic_aberration_offset": "0.0",
        "sensor_tick": "0.100000",
        "fstop": "1.4",
        "image_size_x": "960",
        "image_size_y": "540",
        "fov": "70.00",
        "lens_circle_falloff": "5.0",
        "lens_circle_multiplier": "0.0",
        "exposure_compensation": "0.0",
        "lens_y_size": "0.08",
        "lens_k": "-1.0",
        "exposure_mode": "histogram",
        "lens_kcube": "0.0",
        "lens_x_size": "0.08",
        "exposure_max_bright": "12.0",
        "shutter_speed": "200.0",
        "bloom_intensity": "0.675",
        "iso": "100.0",
        "enable_postprocess_effects": "false",
        "gamma": "2.2",
        "motion_blur_intensity": "0.0",
        "motion_blur_max_distortion": "0.35",
        "lens_flare_intensity": "0.1",
        "motion_blur_min_object_screen_size": "0.1",
        "exposure_min_bright": "10.0",
        "exposure_speed_up": "3.0",
        "exposure_speed_down": "1.0",
        "tint": "0.0",
        "calibration_constant": "16.0",
        "focal_distance": "1000.0",
        "min_fstop": "1.2",
        "blade_count": "5",
        "blur_amount": "0.0",
        "blur_radius": "0.0",
        "slope": "0.88",
        "toe": "0.55",
        "white_clip": "0.04",
        "shoulder": "0.26",
        "black_clip": "0.0",
        "temp": "6500.0",
        "chromatic_aberration_intensity": "0.0"
      },
      "transform_carla": {
        "location": {
          "x": 76.22542572021484,
          "y": -63.20988464355469,
          "z": 1.6953589916229248
        },
        "rotation": {
          "roll": -0.006854732520878315,
          "pitch": -0.00383173581212759,
          "yaw": -106.72351837158203
        }
      },
      "matrix_world_from_sensor_carla": [
        [
          -0.2877536118030548,
          0.957704484462738,
          -0.00013382144970819354,
          76.22542572021484
        ],
        [
          -0.957704484462738,
          -0.2877536118030548,
          -2.9621663998113945e-05,
          -63.20988464355469
        ],
        [
          -6.687640416203067e-05,
          0.00011963765427935869,
          1.0,
          1.6953589916229248
        ],
        [
          0.0,
          0.0,
          0.0,
          1.0
        ]
      ],
      "matrix_world_from_sensor_bevfusion": [
        [
          0.957704484462738,
          0.00013382144970819354,
          -0.2877536118030548,
          76.22542572021484
        ],
        [
          0.2877536118030548,
          -2.9621663998113945e-05,
          0.957704484462738,
          63.20988464355469
        ],
        [
          0.00011963765427935869,
          -1.0,
          -6.687640416203067e-05,
          1.6953589916229248
        ],
        [
          0.0,
          0.0,
          0.0,
          1.0
        ]
      ],
      "matrix_ego_from_sensor_carla": [
        [
          0.5735766887664795,
          -0.8191518783569336,
          1.0394433047622442e-07,
          1.2999954223632812
        ],
        [
          0.8191518783569336,
          0.5735767483711243,
          8.996721589937806e-09,
          0.5500030517578125
        ],
        [
          -6.69897417537868e-08,
          7.99846020527184e-08,
          1.0,
          1.6999999284744263
        ],
        [
          0.0,
          0.0,
          0.0,
          1.0
        ]
      ],
      "matrix_ego_from_sensor_bevfusion": [
        [
          -0.8191518783569336,
          -1.0394433047622442e-07,
          0.5735766887664795,
          1.2999954223632812
        ],
        [
          -0.5735767483711243,
          8.996721589937806e-09,
          -0.8191518783569336,
          -0.5500030517578125
        ],
        [
          7.99846020527184e-08,
          -1.0,
          -6.69897417537868e-08,
          1.6999999284744263
        ],
        [
          0.0,
          0.0,
          0.0,
          1.0
        ]
      ],
      "camera_intrinsics": [
        [
          685.5110473632812,
          0.0,
          480.0
        ],
        [
          0.0,
          685.5110473632812,
          270.0
        ],
        [
          0.0,
          0.0,
          1.0
        ]
      ],
      "data_path": "D:\\Agent-AI\\outputs\\s3a_ml_long_v2\\sample_000100\\images\\CAM_FRONT_RIGHT.png",
      "raw_layout": "bgra8"
    },
    "CAM_FRONT_LEFT": {
      "type_id": "sensor.camera.rgb",
      "blueprint_attributes": {
        "role_name": "front",
        "ros_name": "sensor.camera.rgb",
        "chromatic_aberration_offset": "0.0",
        "sensor_tick": "0.100000",
        "fstop": "1.4",
        "image_size_x": "960",
        "image_size_y": "540",
        "fov": "70.00",
        "lens_circle_falloff": "5.0",
        "lens_circle_multiplier": "0.0",
        "exposure_compensation": "0.0",
        "lens_y_size": "0.08",
        "lens_k": "-1.0",
        "exposure_mode": "histogram",
        "lens_kcube": "0.0",
        "lens_x_size": "0.08",
        "exposure_max_bright": "12.0",
        "shutter_speed": "200.0",
        "bloom_intensity": "0.675",
        "iso": "100.0",
        "enable_postprocess_effects": "false",
        "gamma": "2.2",
        "motion_blur_intensity": "0.0",
        "motion_blur_max_distortion": "0.35",
        "lens_flare_intensity": "0.1",
        "motion_blur_min_object_screen_size": "0.1",
        "exposure_min_bright": "10.0",
        "exposure_speed_up": "3.0",
        "exposure_speed_down": "1.0",
        "tint": "0.0",
        "calibration_constant": "16.0",
        "focal_distance": "1000.0",
        "min_fstop": "1.2",
        "blade_count": "5",
        "blur_amount": "0.0",
        "blur_radius": "0.0",
        "slope": "0.88",
        "toe": "0.55",
        "white_clip": "0.04",
        "shoulder": "0.26",
        "black_clip": "0.0",
        "temp": "6500.0",
        "chromatic_aberration_intensity": "0.0"
      },
      "transform_carla": {
        "location": {
          "x": 75.88046264648438,
          "y": -62.165374755859375,
          "z": 1.6953436136245728
        },
        "rotation": {
          "roll": 0.005944516975432634,
          "pitch": -0.0051294718869030476,
          "yaw": 143.27650451660156
        }
      },
      "matrix_world_from_sensor_carla": [
        [
          -0.8015305399894714,
          -0.5979537963867188,
          -0.00013379650772549212,
          75.88046264648438
        ],
        [
          0.5979537963867188,
          -0.8015305399894714,
          -2.962739745271392e-05,
          -62.165374755859375
        ],
        [
          -8.95261691766791e-05,
          -0.00010375139390816912,
          1.0,
          1.6953436136245728
        ],
        [
          0.0,
          0.0,
          0.0,
          1.0
        ]
      ],
      "matrix_world_from_sensor_bevfusion": [
        [
          -0.5979537963867188,
          0.00013379650772549212,
          -0.8015305399894714,
          75.88046264648438
        ],
        [
          0.8015305399894714,
          -2.962739745271392e-05,
          -0.5979537963867188,
          62.165374755859375
        ],
        [
          -0.00010375139390816912,
          -1.0,
          -8.95261691766791e-05,
          1.6953436136245728
        ],
        [
          0.0,
          0.0,
          0.0,
          1.0
        ]
      ],
      "matrix_ego_from_sensor_carla": [
        [
          0.5735765695571899,
          0.8191519975662231,
          8.205824997276068e-08,
          1.2999954223632812
        ],
        [
          -0.8191519975662231,
          0.5735765695571899,
          2.2262611309997737e-08,
          -0.5500030517578125
        ],
        [
          -2.8827344067394733e-08,
          -7.999187801033258e-08,
          1.0,
          1.6999998092651367
        ],
        [
          0.0,
          0.0,
          0.0,
          1.0
        ]
      ],
      "matrix_ego_from_sensor_bevfusion": [
        [
          0.8191519975662231,
          -8.205824997276068e-08,
          0.5735765695571899,
          1.2999954223632812
        ],
        [
          -0.5735765695571899,
          2.2262611309997737e-08,
          0.8191519975662231,
          0.5500030517578125
        ],
        [
          -7.999187801033258e-08,
          -1.0,
          -2.8827344067394733e-08,
          1.6999998092651367
        ],
        [
          0.0,
          0.0,
          0.0,
          1.0
        ]
      ],
      "camera_intrinsics": [
        [
          685.5110473632812,
          0.0,
          480.0
        ],
        [
          0.0,
          685.5110473632812,
          270.0
        ],
        [
          0.0,
          0.0,
          1.0
        ]
      ],
      "data_path": "D:\\Agent-AI\\outputs\\s3a_ml_long_v2\\sample_000100\\images\\CAM_FRONT_LEFT.png",
      "raw_layout": "bgra8"
    },
    "CAM_BACK": {
      "type_id": "sensor.camera.rgb",
      "blueprint_attributes": {
        "role_name": "front",
        "ros_name": "sensor.camera.rgb",
        "chromatic_aberration_offset": "0.0",
        "sensor_tick": "0.100000",
        "fstop": "1.4",
        "image_size_x": "960",
        "image_size_y": "540",
        "fov": "70.00",
        "lens_circle_falloff": "5.0",
        "lens_circle_multiplier": "0.0",
        "exposure_compensation": "0.0",
        "lens_y_size": "0.08",
        "lens_k": "-1.0",
        "exposure_mode": "histogram",
        "lens_kcube": "0.0",
        "lens_x_size": "0.08",
        "exposure_max_bright": "12.0",
        "shutter_speed": "200.0",
        "bloom_intensity": "0.675",
        "iso": "100.0",
        "enable_postprocess_effects": "false",
        "gamma": "2.2",
        "motion_blur_intensity": "0.0",
        "motion_blur_max_distortion": "0.35",
        "lens_flare_intensity": "0.1",
        "motion_blur_min_object_screen_size": "0.1",
        "exposure_min_bright": "10.0",
        "exposure_speed_up": "3.0",
        "exposure_speed_down": "1.0",
        "tint": "0.0",
        "calibration_constant": "16.0",
        "focal_distance": "1000.0",
        "min_fstop": "1.2",
        "blade_count": "5",
        "blur_amount": "0.0",
        "blur_radius": "0.0",
        "slope": "0.88",
        "toe": "0.55",
        "white_clip": "0.04",
        "shoulder": "0.26",
        "black_clip": "0.0",
        "temp": "6500.0",
        "chromatic_aberration_intensity": "0.0"
      },
      "transform_carla": {
        "location": {
          "x": 78.75917053222656,
          "y": -61.793861389160156,
          "z": 1.6957398653030396
        },
        "rotation": {
          "roll": 0.0007934596505947411,
          "pitch": 0.007806906010955572,
          "yaw": 18.276527404785156
        }
      },
      "matrix_world_from_sensor_carla": [
        [
          0.9495540261268616,
          -0.3136034905910492,
          -0.00013372556713875383,
          78.75917053222656
        ],
        [
          0.3136034905910492,
          0.9495540261268616,
          -2.9580543923657387e-05,
          -61.793861389160156
        ],
        [
          0.00013625621795654297,
          -1.3848482922185212e-05,
          1.0,
          1.6957398653030396
        ],
        [
          0.0,
          0.0,
          0.0,
          1.0
        ]
      ],
      "matrix_world_from_sensor_bevfusion": [
        [
          -0.3136034905910492,
          0.00013372556713875383,
          0.9495540261268616,
          78.75917053222656
        ],
        [
          -0.9495540261268616,
          -2.9580543923657387e-05,
          -0.3136034905910492,
          61.793861389160156
        ],
        [
          -1.3848482922185212e-05,
          -1.0,
          0.00013625621795654297,
          1.6957398653030396
        ],
        [
          0.0,
          0.0,
          0.0,
          1.0
        ]
      ],
      "matrix_ego_from_sensor_carla": [
        [
          -1.0,
          4.930704449179757e-07,
          1.4551915228366852e-11,
          -1.5500030517578125
        ],
        [
          -4.6432705858023837e-07,
          -1.0,
          1.8189894035458565e-11,
          0.0
        ],
        [
          1.4551915228366852e-11,
          1.546140993013978e-11,
          1.0,
          1.7000001668930054
        ],
        [
          0.0,
          0.0,
          0.0,
          1.0
        ]
      ],
      "matrix_ego_from_sensor_bevfusion": [
        [
          4.930704449179757e-07,
          -1.4551915228366852e-11,
          -1.0,
          -1.5500030517578125
        ],
        [
          1.0,
          1.8189894035458565e-11,
          4.6432705858023837e-07,
          0.0
        ],
        [
          1.546140993013978e-11,
          -1.0,
          1.4551915228366852e-11,
          1.7000001668930054
        ],
        [
          0.0,
          0.0,
          0.0,
          1.0
        ]
      ],
      "camera_intrinsics": [
        [
          685.5110473632812,
          0.0,
          480.0
        ],
        [
          0.0,
          685.5110473632812,
          270.0
        ],
        [
          0.0,
          0.0,
          1.0
        ]
      ],
      "data_path": "D:\\Agent-AI\\outputs\\s3a_ml_long_v2\\sample_000100\\images\\CAM_BACK.png",
      "raw_layout": "bgra8"
    },
    "CAM_BACK_LEFT": {
      "type_id": "sensor.camera.rgb",
      "blueprint_attributes": {
        "role_name": "front",
        "ros_name": "sensor.camera.rgb",
        "chromatic_aberration_offset": "0.0",
        "sensor_tick": "0.100000",
        "fstop": "1.4",
        "image_size_x": "960",
        "image_size_y": "540",
        "fov": "70.00",
        "lens_circle_falloff": "5.0",
        "lens_circle_multiplier": "0.0",
        "exposure_compensation": "0.0",
        "lens_y_size": "0.08",
        "lens_k": "-1.0",
        "exposure_mode": "histogram",
        "lens_kcube": "0.0",
        "lens_x_size": "0.08",
        "exposure_max_bright": "12.0",
        "shutter_speed": "200.0",
        "bloom_intensity": "0.675",
        "iso": "100.0",
        "enable_postprocess_effects": "false",
        "gamma": "2.2",
        "motion_blur_intensity": "0.0",
        "motion_blur_max_distortion": "0.35",
        "lens_flare_intensity": "0.1",
        "motion_blur_min_object_screen_size": "0.1",
        "exposure_min_bright": "10.0",
        "exposure_speed_up": "3.0",
        "exposure_speed_down": "1.0",
        "tint": "0.0",
        "calibration_constant": "16.0",
        "focal_distance": "1000.0",
        "min_fstop": "1.2",
        "blade_count": "5",
        "blur_amount": "0.0",
        "blur_radius": "0.0",
        "slope": "0.88",
        "toe": "0.55",
        "white_clip": "0.04",
        "shoulder": "0.26",
        "black_clip": "0.0",
        "temp": "6500.0",
        "chromatic_aberration_intensity": "0.0"
      },
      "transform_carla": {
        "location": {
          "x": 78.34929656982422,
          "y": -61.35000991821289,
          "z": 1.6956980228424072
        },
        "rotation": {
          "roll": 0.006854732986539602,
          "pitch": 0.00383173581212759,
          "yaw": 73.27648162841797
        }
      },
      "matrix_world_from_sensor_carla": [
        [
          0.2877536416053772,
          -0.957704484462738,
          -0.00013382144970819354,
          78.34929656982422
        ],
        [
          0.957704484462738,
          0.2877536416053772,
          -2.9621660360135138e-05,
          -61.35000991821289
        ],
        [
          6.687640416203067e-05,
          -0.0001196376615553163,
          1.0,
          1.6956980228424072
        ],
        [
          0.0,
          0.0,
          0.0,
          1.0
        ]
      ],
      "matrix_world_from_sensor_bevfusion": [
        [
          -0.957704484462738,
          0.00013382144970819354,
          0.2877536416053772,
          78.34929656982422
        ],
        [
          -0.2877536416053772,
          -2.9621660360135138e-05,
          -0.957704484462738,
          61.35000991821289
        ],
        [
          -0.0001196376615553163,
          -1.0,
          6.687640416203067e-05,
          1.6956980228424072
        ],
        [
          0.0,
          0.0,
          0.0,
          1.0
        ]
      ],
      "matrix_ego_from_sensor_carla": [
        [
          -0.5735766887664795,
          0.8191518783569336,
          1.0394433047622442e-07,
          -1.2999954223632812
        ],
        [
          -0.8191518783569336,
          -0.5735767483711243,
          8.993083611130714e-09,
          -0.5500030517578125
        ],
        [
          6.698246579617262e-08,
          -7.999187801033258e-08,
          1.0,
          1.6999999284744263
        ],
        [
          0.0,
          0.0,
          0.0,
          1.0
        ]
      ],
      "matrix_ego_from_sensor_bevfusion": [
        [
          0.8191518783569336,
          -1.0394433047622442e-07,
          -0.5735766887664795,
          -1.2999954223632812
        ],
        [
          0.5735767483711243,
          8.993083611130714e-09,
          0.8191518783569336,
          0.5500030517578125
        ],
        [
          -7.999187801033258e-08,
          -1.0,
          6.698246579617262e-08,
          1.6999999284744263
        ],
        [
          0.0,
          0.0,
          0.0,
          1.0
        ]
      ],
      "camera_intrinsics": [
        [
          685.5110473632812,
          0.0,
          480.0
        ],
        [
          0.0,
          685.5110473632812,
          270.0
        ],
        [
          0.0,
          0.0,
          1.0
        ]
      ],
      "data_path": "D:\\Agent-AI\\outputs\\s3a_ml_long_v2\\sample_000100\\images\\CAM_BACK_LEFT.png",
      "raw_layout": "bgra8"
    },
    "CAM_BACK_RIGHT": {
      "type_id": "sensor.camera.rgb",
      "blueprint_attributes": {
        "role_name": "front",
        "ros_name": "sensor.camera.rgb",
        "chromatic_aberration_offset": "0.0",
        "sensor_tick": "0.100000",
        "fstop": "1.4",
        "image_size_x": "960",
        "image_size_y": "540",
        "fov": "70.00",
        "lens_circle_falloff": "5.0",
        "lens_circle_multiplier": "0.0",
        "exposure_compensation": "0.0",
        "lens_y_size": "0.08",
        "lens_k": "-1.0",
        "exposure_mode": "histogram",
        "lens_kcube": "0.0",
        "lens_x_size": "0.08",
        "exposure_max_bright": "12.0",
        "shutter_speed": "200.0",
        "bloom_intensity": "0.675",
        "iso": "100.0",
        "enable_postprocess_effects": "false",
        "gamma": "2.2",
        "motion_blur_intensity": "0.0",
        "motion_blur_max_distortion": "0.35",
        "lens_flare_intensity": "0.1",
        "motion_blur_min_object_screen_size": "0.1",
        "exposure_min_bright": "10.0",
        "exposure_speed_up": "3.0",
        "exposure_speed_down": "1.0",
        "tint": "0.0",
        "calibration_constant": "16.0",
        "focal_distance": "1000.0",
        "min_fstop": "1.2",
        "blade_count": "5",
        "blur_amount": "0.0",
        "blur_radius": "0.0",
        "slope": "0.88",
        "toe": "0.55",
        "white_clip": "0.04",
        "shoulder": "0.26",
        "black_clip": "0.0",
        "temp": "6500.0",
        "chromatic_aberration_intensity": "0.0"
      },
      "transform_carla": {
        "location": {
          "x": 78.69426727294922,
          "y": -62.39451599121094,
          "z": 1.6957132816314697
        },
        "rotation": {
          "roll": -0.005944516975432634,
          "pitch": 0.0051294718869030476,
          "yaw": -36.72349166870117
        }
      },
      "matrix_world_from_sensor_carla": [
        [
          0.8015305399894714,
          0.5979538559913635,
          -0.00013379650772549212,
          78.69426727294922
        ],
        [
          -0.5979538559913635,
          0.8015305399894714,
          -2.9627390176756307e-05,
          -62.39451599121094
        ],
        [
          8.95261691766791e-05,
          0.00010375139390816912,
          1.0,
          1.6957132816314697
        ],
        [
          0.0,
          0.0,
          0.0,
          1.0
        ]
      ],
      "matrix_world_from_sensor_bevfusion": [
        [
          0.5979538559913635,
          0.00013379650772549212,
          0.8015305399894714,
          78.69426727294922
        ],
        [
          -0.8015305399894714,
          -2.9627390176756307e-05,
          0.5979538559913635,
          62.39451599121094
        ],
        [
          0.00010375139390816912,
          -1.0,
          8.95261691766791e-05,
          1.6957132816314697
        ],
        [
          0.0,
          0.0,
          0.0,
          1.0
        ]
      ],
      "matrix_ego_from_sensor_carla": [
        [
          -0.5735765695571899,
          -0.8191520571708679,
          8.205824997276068e-08,
          -1.3000030517578125
        ],
        [
          0.8191520571708679,
          -0.5735765099525452,
          2.2255335352383554e-08,
          0.5500030517578125
        ],
        [
          2.8827344067394733e-08,
          7.99846020527184e-08,
          1.0,
          1.7000000476837158
        ],
        [
          0.0,
          0.0,
          0.0,
          1.0
        ]
      ],
      "matrix_ego_from_sensor_bevfusion": [
        [
          -0.8191520571708679,
          -8.205824997276068e-08,
          -0.5735765695571899,
          -1.3000030517578125
        ],
        [
          0.5735765099525452,
          2.2255335352383554e-08,
          -0.8191520571708679,
          -0.5500030517578125
        ],
        [
          7.99846020527184e-08,
          -1.0,
          2.8827344067394733e-08,
          1.7000000476837158
        ],
        [
          0.0,
          0.0,
          0.0,
          1.0
        ]
      ],
      "camera_intrinsics": [
        [
          685.5110473632812,
          0.0,
          480.0
        ],
        [
          0.0,
          685.5110473632812,
          270.0
        ],
        [
          0.0,
          0.0,
          1.0
        ]
      ],
      "data_path": "D:\\Agent-AI\\outputs\\s3a_ml_long_v2\\sample_000100\\images\\CAM_BACK_RIGHT.png",
      "raw_layout": "bgra8"
    },
    "LIDAR_TOP": {
      "type_id": "sensor.lidar.ray_cast",
      "blueprint_attributes": {
        "atmosphere_attenuation_rate": "0.004",
        "role_name": "front",
        "noise_seed": "0",
        "upper_fov": "10.0",
        "ros_name": "sensor.lidar.ray_cast",
        "sensor_tick": "0.100000",
        "channels": "32",
        "range": "120.0",
        "points_per_second": "360000",
        "lower_fov": "-30.0",
        "rotation_frequency": "10.000000",
        "horizontal_fov": "360.0",
        "dropoff_general_rate": "0.0",
        "dropoff_intensity_limit": "1.0",
        "noise_stddev": "0.0",
        "dropoff_zero_intensity": "0.0"
      },
      "transform_carla": {
        "location": {
          "x": 77.28730010986328,
          "y": -62.27996063232422,
          "z": 2.195528507232666
        },
        "rotation": {
          "roll": -0.00079345703125,
          "pitch": -0.007806906010955572,
          "yaw": -161.72349548339844
        }
      },
      "matrix_world_from_sensor_carla": [
        [
          -0.9495541453361511,
          0.3136030435562134,
          -0.00013372556713875383,
          77.28730010986328
        ],
        [
          -0.3136030435562134,
          -0.9495541453361511,
          -2.9580522095784545e-05,
          -62.27996063232422
        ],
        [
          -0.00013625621795654297,
          1.3848437447450124e-05,
          1.0,
          2.195528507232666
        ],
        [
          0.0,
          0.0,
          0.0,
          1.0
        ]
      ],
      "matrix_world_from_sensor_bevfusion": [
        [
          -0.9495541453361511,
          -0.3136030435562134,
          -0.00013372556713875383,
          77.28730010986328
        ],
        [
          0.3136030435562134,
          -0.9495541453361511,
          2.9580522095784545e-05,
          62.27996063232422
        ],
        [
          -0.00013625621795654297,
          -1.3848437447450124e-05,
          1.0,
          2.195528507232666
        ],
        [
          0.0,
          0.0,
          0.0,
          1.0
        ]
      ],
      "matrix_ego_from_sensor_carla": [
        [
          1.0,
          -8.651253047275986e-09,
          0.0,
          -3.814697265625e-06
        ],
        [
          -1.9761376535143427e-08,
          1.0,
          -1.8189894035458565e-12,
          0.0
        ],
        [
          -1.4551915228366852e-11,
          0.0,
          1.0,
          2.200000047683716
        ],
        [
          0.0,
          0.0,
          0.0,
          1.0
        ]
      ],
      "matrix_ego_from_sensor_bevfusion": [
        [
          1.0,
          8.651253047275986e-09,
          0.0,
          -3.814697265625e-06
        ],
        [
          1.9761376535143427e-08,
          1.0,
          1.8189894035458565e-12,
          0.0
        ],
        [
          -1.4551915228366852e-11,
          0.0,
          1.0,
          2.200000047683716
        ],
        [
          0.0,
          0.0,
          0.0,
          1.0
        ]
      ],
      "data_path": "D:\\Agent-AI\\outputs\\s3a_ml_long_v2\\sample_000100\\lidar\\LIDAR_TOP.npy",
      "raw_layout": [
        "x",
        "y",
        "z",
        "intensity"
      ]
    },
    "RADAR_FRONT": {
      "type_id": "sensor.other.radar",
      "blueprint_attributes": {
        "sensor_tick": "0.100000",
        "role_name": "default",
        "noise_seed": "0",
        "ros_name": "sensor.other.radar",
        "horizontal_fov": "35.0",
        "points_per_second": "1500",
        "vertical_fov": "20.0",
        "range": "120.0"
      },
      "transform_carla": {
        "location": {
          "x": 75.38835906982422,
          "y": -62.907127380371094,
          "z": 0.8952558636665344
        },
        "rotation": {
          "roll": -0.00079345703125,
          "pitch": -0.007806906010955572,
          "yaw": -161.72349548339844
        }
      },
      "matrix_world_from_sensor_carla": [
        [
          -0.9495541453361511,
          0.3136030435562134,
          -0.00013372556713875383,
          75.38835906982422
        ],
        [
          -0.3136030435562134,
          -0.9495541453361511,
          -2.9580522095784545e-05,
          -62.907127380371094
        ],
        [
          -0.00013625621795654297,
          1.3848437447450124e-05,
          1.0,
          0.8952558636665344
        ],
        [
          0.0,
          0.0,
          0.0,
          1.0
        ]
      ],
      "matrix_world_from_sensor_bevfusion": [
        [
          -0.9495541453361511,
          -0.3136030435562134,
          -0.00013372556713875383,
          75.38835906982422
        ],
        [
          0.3136030435562134,
          -0.9495541453361511,
          2.9580522095784545e-05,
          62.907127380371094
        ],
        [
          -0.00013625621795654297,
          -1.3848437447450124e-05,
          1.0,
          0.8952558636665344
        ],
        [
          0.0,
          0.0,
          0.0,
          1.0
        ]
      ],
      "matrix_ego_from_sensor_carla": [
        [
          1.0,
          -8.651253047275986e-09,
          0.0,
          2.0
        ],
        [
          -1.9761376535143427e-08,
          1.0,
          -1.8189894035458565e-12,
          0.0
        ],
        [
          -1.4551915228366852e-11,
          0.0,
          1.0,
          0.8999998569488525
        ],
        [
          0.0,
          0.0,
          0.0,
          1.0
        ]
      ],
      "matrix_ego_from_sensor_bevfusion": [
        [
          1.0,
          8.651253047275986e-09,
          0.0,
          2.0
        ],
        [
          1.9761376535143427e-08,
          1.0,
          1.8189894035458565e-12,
          0.0
        ],
        [
          -1.4551915228366852e-11,
          0.0,
          1.0,
          0.8999998569488525
        ],
        [
          0.0,
          0.0,
          0.0,
          1.0
        ]
      ],
      "data_path": "D:\\Agent-AI\\outputs\\s3a_ml_long_v2\\sample_000100\\radar\\RADAR_FRONT.npy",
      "raw_layout": [
        "velocity",
        "altitude",
        "azimuth",
        "depth"
      ]
    },
    "RADAR_FRONT_LEFT": {
      "type_id": "sensor.other.radar",
      "blueprint_attributes": {
        "sensor_tick": "0.100000",
        "role_name": "default",
        "noise_seed": "0",
        "ros_name": "sensor.other.radar",
        "horizontal_fov": "35.0",
        "points_per_second": "1500",
        "vertical_fov": "20.0",
        "range": "120.0"
      },
      "transform_carla": {
        "location": {
          "x": 75.48550415039062,
          "y": -62.085205078125,
          "z": 0.895293116569519
        },
        "rotation": {
          "roll": 0.00496321264654398,
          "pitch": -0.006085698027163744,
          "yaw": 153.27651977539062
        }
      },
      "matrix_world_from_sensor_carla": [
        [
          -0.8931871652603149,
          -0.4496850371360779,
          -0.0001338239962933585,
          75.48550415039062
        ],
        [
          0.4496850371360779,
          -0.8931871652603149,
          -2.960829806397669e-05,
          -62.085205078125
        ],
        [
          -0.00010621546971378848,
          -8.662440086482093e-05,
          1.0,
          0.895293116569519
        ],
        [
          0.0,
          0.0,
          0.0,
          1.0
        ]
      ],
      "matrix_world_from_sensor_bevfusion": [
        [
          -0.8931871652603149,
          0.4496850371360779,
          -0.0001338239962933585,
          75.48550415039062
        ],
        [
          -0.4496850371360779,
          -0.8931871652603149,
          2.960829806397669e-05,
          62.085205078125
        ],
        [
          -0.00010621546971378848,
          8.662440086482093e-05,
          1.0,
          0.895293116569519
        ],
        [
          0.0,
          0.0,
          0.0,
          1.0
        ]
      ],
      "matrix_ego_from_sensor_carla": [
        [
          0.7071070075035095,
          0.7071065306663513,
          1.0218354873359203e-07,
          1.6500015258789062
        ],
        [
          -0.7071065902709961,
          0.7071070075035095,
          -4.495632310863584e-09,
          -0.7499923706054688
        ],
        [
          -7.542985258623958e-08,
          -6.907066563144326e-08,
          1.0,
          0.8999998569488525
        ],
        [
          0.0,
          0.0,
          0.0,
          1.0
        ]
      ],
      "matrix_ego_from_sensor_bevfusion": [
        [
          0.7071070075035095,
          -0.7071065306663513,
          1.0218354873359203e-07,
          1.6500015258789062
        ],
        [
          0.7071065902709961,
          0.7071070075035095,
          4.495632310863584e-09,
          0.7499923706054688
        ],
        [
          -7.542985258623958e-08,
          6.907066563144326e-08,
          1.0,
          0.8999998569488525
        ],
        [
          0.0,
          0.0,
          0.0,
          1.0
        ]
      ],
      "data_path": "D:\\Agent-AI\\outputs\\s3a_ml_long_v2\\sample_000100\\radar\\RADAR_FRONT_LEFT.npy",
      "raw_layout": [
        "velocity",
        "altitude",
        "azimuth",
        "depth"
      ]
    },
    "RADAR_FRONT_RIGHT": {
      "type_id": "sensor.other.radar",
      "blueprint_attributes": {
        "sensor_tick": "0.100000",
        "role_name": "default",
        "noise_seed": "0",
        "ros_name": "sensor.other.radar",
        "horizontal_fov": "35.0",
        "points_per_second": "1500",
        "vertical_fov": "20.0",
        "range": "120.0"
      },
      "transform_carla": {
        "location": {
          "x": 75.9559097290039,
          "y": -63.5095329284668,
          "z": 0.8953138589859009
        },
        "rotation": {
          "roll": -0.006085330620408058,
          "pitch": -0.004965547472238541,
          "yaw": -116.7234878540039
        }
      },
      "matrix_world_from_sensor_carla": [
        [
          -0.449685275554657,
