{
  "schema_version": "stage1.v1",
  "sample_name": "sample_000016",
  "sequence_index": 16,
  "previous_sample_name": "sample_000015",
  "frame_id": 2193,
  "timestamp": 33.69063230603933,
  "platform_timestamp": 16781876.9629793,
  "delta_seconds": 0.05000000074505806,
  "town": "Carla/Maps/Town10HD_Opt",
  "weather": {
    "cloudiness": 20.0,
    "dust_storm": 0.0,
    "fog_density": 2.0,
    "fog_distance": 0.75,
    "fog_falloff": 0.10000000149011612,
    "mie_scattering_scale": 0.029999999329447746,
    "precipitation": 0.0,
    "precipitation_deposits": 0.0,
    "rayleigh_scattering_scale": 0.03310000151395798,
    "scattering_intensity": 1.0,
    "sun_altitude_angle": 45.0,
    "sun_azimuth_angle": 300.0,
    "wetness": 0.0,
    "wind_intensity": 10.0
  },
  "sensor_names": [
    "CAM_FRONT",
    "CAM_FRONT_RIGHT",
    "CAM_FRONT_LEFT",
    "CAM_BACK",
    "CAM_BACK_LEFT",
    "CAM_BACK_RIGHT",
    "LIDAR_TOP",
    "RADAR_FRONT",
    "RADAR_FRONT_LEFT",
    "RADAR_FRONT_RIGHT",
    "RADAR_BACK_LEFT",
    "RADAR_BACK_RIGHT"
  ],
  "camera_order_for_model": [
    "CAM_FRONT",
    "CAM_FRONT_RIGHT",
    "CAM_FRONT_LEFT",
    "CAM_BACK",
    "CAM_BACK_LEFT",
    "CAM_BACK_RIGHT"
  ],
  "radar_order_for_model": [
    "RADAR_FRONT",
    "RADAR_FRONT_LEFT",
    "RADAR_FRONT_RIGHT",
    "RADAR_BACK_LEFT",
    "RADAR_BACK_RIGHT"
  ],
  "coordinate_notes": {
    "carla_world": "left-handed x-forward y-right z-up",
    "bevfusion_lidar": "x-forward y-left z-up",
    "camera_frame_for_model": "OpenCV style x-right y-down z-forward"
  },
  "ego": {
    "actor_id": 24,
    "transform_carla": {
      "location": {
        "x": -57.8112678527832,
        "y": 23.05552101135254,
        "z": -0.006519469898194075
      },
      "rotation": {
        "roll": 0.8449565172195435,
        "pitch": 0.5936800241470337,
        "yaw": -17.365793228149414
      }
    },
    "velocity_carla": [
      7.572556972503662,
      -2.787813663482666,
      -0.0002910613839048892
    ],
    "angular_velocity_carla": [
      -0.6371932625770569,
      0.08906154334545135,
      -24.127445220947266
    ],
    "matrix_world_from_ego_carla": [
      [
        0.954367458820343,
        0.2985844016075134,
        -0.0054866475984454155,
        -57.8112678527832
      ],
      [
        -0.29845499992370605,
        0.9542693495750427,
        0.017166830599308014,
        23.05552101135254
      ],
      [
        0.010361486114561558,
        -0.01474594697356224,
        0.9998375773429871,
        -0.006519469898194075
      ],
      [
        0.0,
        0.0,
        0.0,
        1.0
      ]
    ],
    "matrix_world_from_ego_bevfusion": [
      [
        0.954367458820343,
        -0.2985844016075134,
        -0.0054866475984454155,
        -57.8112678527832
      ],
      [
        0.29845499992370605,
        0.9542693495750427,
        -0.017166830599308014,
        -23.05552101135254
      ],
      [
        0.010361486114561558,
        0.01474594697356224,
        0.9998375773429871,
        -0.006519469898194075
      ],
      [
        0.0,
        0.0,
        0.0,
        1.0
      ]
    ]
  },
  "sensors": {
    "CAM_FRONT": {
      "type_id": "sensor.camera.rgb",
      "blueprint_attributes": {
        "role_name": "front",
        "ros_name": "sensor.camera.rgb",
        "chromatic_aberration_offset": "0.0",
        "sensor_tick": "0.050000",
        "fstop": "1.4",
        "image_size_x": "1600",
        "image_size_y": "900",
        "fov": "70.00",
        "lens_circle_falloff": "5.0",
        "lens_circle_multiplier": "0.0",
        "exposure_compensation": "0.0",
        "lens_y_size": "0.08",
        "lens_k": "-1.0",
        "exposure_mode": "histogram",
        "lens_kcube": "0.0",
        "lens_x_size": "0.08",
        "exposure_max_bright": "12.0",
        "shutter_speed": "200.0",
        "bloom_intensity": "0.675",
        "iso": "100.0",
        "enable_postprocess_effects": "false",
        "gamma": "2.2",
        "motion_blur_intensity": "0.0",
        "motion_blur_max_distortion": "0.35",
        "lens_flare_intensity": "0.1",
        "motion_blur_min_object_screen_size": "0.1",
        "exposure_min_bright": "10.0",
        "exposure_speed_up": "3.0",
        "exposure_speed_down": "1.0",
        "tint": "0.0",
        "calibration_constant": "16.0",
        "focal_distance": "1000.0",
        "min_fstop": "1.2",
        "blade_count": "5",
        "blur_amount": "0.0",
        "blur_radius": "0.0",
        "slope": "0.88",
        "toe": "0.55",
        "white_clip": "0.04",
        "shoulder": "0.26",
        "black_clip": "0.0",
        "temp": "6500.0",
        "chromatic_aberration_intensity": "0.0"
      },
      "transform_carla": {
        "location": {
          "x": -56.34132766723633,
          "y": 22.622100830078125,
          "z": 1.7092646360397339
        },
        "rotation": {
          "roll": 0.8449565172195435,
          "pitch": 0.5936800241470337,
          "yaw": -17.365793228149414
        }
      },
      "matrix_world_from_sensor_carla": [
        [
          0.954367458820343,
          0.2985844016075134,
          -0.0054866475984454155,
          -56.34132766723633
        ],
        [
          -0.29845499992370605,
          0.9542693495750427,
          0.017166830599308014,
          22.622100830078125
        ],
        [
          0.010361486114561558,
          -0.01474594697356224,
          0.9998375773429871,
          1.7092646360397339
        ],
        [
          0.0,
          0.0,
          0.0,
          1.0
        ]
      ],
      "matrix_world_from_sensor_bevfusion": [
        [
          0.2985844016075134,
          0.0054866475984454155,
          0.954367458820343,
          -56.34132766723633
        ],
        [
          -0.9542693495750427,
          0.017166830599308014,
          0.29845499992370605,
          -22.622100830078125
        ],
        [
          -0.01474594697356224,
          -0.9998375773429871,
          0.010361486114561558,
          1.7092646360397339
        ],
        [
          0.0,
          0.0,
          0.0,
          1.0
        ]
      ],
      "matrix_ego_from_sensor_carla": [
        [
          1.0,
          -2.1749691825334594e-08,
          -4.0364267483994354e-11,
          1.5499992370605469
        ],
        [
          -3.938965598138111e-09,
          1.0,
          -2.857742931183793e-10,
          4.76837158203125e-07
        ],
        [
          -4.0212999596889176e-11,
          -2.857742931183793e-10,
          1.0,
          1.6999999284744263
        ],
        [
          0.0,
          0.0,
          0.0,
          1.0
        ]
      ],
      "matrix_ego_from_sensor_bevfusion": [
        [
          -2.1749691825334594e-08,
          4.0364267483994354e-11,
          1.0,
          1.5499992370605469
        ],
        [
          -1.0,
          -2.857742931183793e-10,
          3.938965598138111e-09,
          -4.76837158203125e-07
        ],
        [
          -2.857742931183793e-10,
          -1.0,
          -4.0212999596889176e-11,
          1.6999999284744263
        ],
        [
          0.0,
          0.0,
          0.0,
          1.0
        ]
      ],
      "camera_intrinsics": [
        [
          1142.5184326171875,
          0.0,
          800.0
        ],
        [
          0.0,
          1142.5184326171875,
          450.0
        ],
        [
          0.0,
          0.0,
          1.0
        ]
      ],
      "data_path": "D:\\Agent-AI\\outputs\\samples\\sample_000016\\images\\CAM_FRONT.png",
      "raw_layout": "bgra8"
    },
    "CAM_FRONT_RIGHT": {
      "type_id": "sensor.camera.rgb",
      "blueprint_attributes": {
        "role_name": "front",
        "ros_name": "sensor.camera.rgb",
        "chromatic_aberration_offset": "0.0",
        "sensor_tick": "0.050000",
        "fstop": "1.4",
        "image_size_x": "1600",
        "image_size_y": "900",
        "fov": "70.00",
        "lens_circle_falloff": "5.0",
        "lens_circle_multiplier": "0.0",
        "exposure_compensation": "0.0",
        "lens_y_size": "0.08",
        "lens_k": "-1.0",
        "exposure_mode": "histogram",
        "lens_kcube": "0.0",
        "lens_x_size": "0.08",
        "exposure_max_bright": "12.0",
        "shutter_speed": "200.0",
        "bloom_intensity": "0.675",
        "iso": "100.0",
        "enable_postprocess_effects": "false",
        "gamma": "2.2",
        "motion_blur_intensity": "0.0",
        "motion_blur_max_distortion": "0.35",
        "lens_flare_intensity": "0.1",
        "motion_blur_min_object_screen_size": "0.1",
        "exposure_min_bright": "10.0",
        "exposure_speed_up": "3.0",
        "exposure_speed_down": "1.0",
        "tint": "0.0",
        "calibration_constant": "16.0",
        "focal_distance": "1000.0",
        "min_fstop": "1.2",
        "blade_count": "5",
        "blur_amount": "0.0",
        "blur_radius": "0.0",
        "slope": "0.88",
        "toe": "0.55",
        "white_clip": "0.04",
        "shoulder": "0.26",
        "black_clip": "0.0",
        "temp": "6500.0",
        "chromatic_aberration_intensity": "0.0"
      },
      "transform_carla": {
        "location": {
          "x": -56.41569519042969,
          "y": 23.221561431884766,
          "z": 1.698564052581787
        },
        "rotation": {
          "roll": 0.9709739685058594,
          "pitch": -0.3515703082084656,
          "yaw": 37.6268310546875
        }
      },
      "matrix_world_from_sensor_carla": [
        [
          0.7919889688491821,
          -0.6105107665061951,
          -0.005486678797751665,
          -56.41569519042969
        ],
        [
          0.6105045676231384,
          0.7918266654014587,
          0.017166804522275925,
          23.221561431884766
        ],
        [
          -0.006136020645499229,
          -0.01694556325674057,
          0.9998375773429871,
          1.698564052581787
        ],
        [
          0.0,
          0.0,
          0.0,
          1.0
        ]
      ],
      "matrix_world_from_sensor_bevfusion": [
        [
          -0.6105107665061951,
          0.005486678797751665,
          0.7919889688491821,
          -56.41569519042969
        ],
        [
          -0.7918266654014587,
          0.017166804522275925,
          -0.6105045676231384,
          -23.221561431884766
        ],
        [
          -0.01694556325674057,
          -0.9998375773429871,
          -0.006136020645499229,
          1.698564052581787
        ],
        [
          0.0,
          0.0,
          0.0,
          1.0
        ]
      ],
      "matrix_ego_from_sensor_carla": [
        [
          0.573576807975769,
          -0.8191518187522888,
          -2.2392105947233176e-08,
          1.2999992370605469
        ],
        [
          0.8191518187522888,
          0.5735767483711243,
          -3.381338586905258e-08,
          0.5500001907348633
        ],
        [
          3.9694832310033235e-08,
          -6.461218227116206e-10,
          1.0,
          1.6999999284744263
        ],
        [
          0.0,
          0.0,
          0.0,
          1.0
        ]
      ],
      "matrix_ego_from_sensor_bevfusion": [
        [
          -0.8191518187522888,
          2.2392105947233176e-08,
          0.573576807975769,
          1.2999992370605469
        ],
        [
          -0.5735767483711243,
          -3.381338586905258e-08,
          -0.8191518187522888,
          -0.5500001907348633
        ],
        [
          -6.461218227116206e-10,
          -1.0,
          3.9694832310033235e-08,
          1.6999999284744263
        ],
        [
          0.0,
          0.0,
          0.0,
          1.0
        ]
      ],
      "camera_intrinsics": [
        [
          1142.5184326171875,
          0.0,
          800.0
        ],
        [
          0.0,
          1142.5184326171875,
          450.0
        ],
        [
          0.0,
          0.0,
          1.0
        ]
      ],
      "data_path": "D:\\Agent-AI\\outputs\\samples\\sample_000016\\images\\CAM_FRONT_RIGHT.png",
      "raw_layout": "bgra8"
    },
    "CAM_FRONT_LEFT": {
      "type_id": "sensor.camera.rgb",
      "blueprint_attributes": {
        "role_name": "front",
        "ros_name": "sensor.camera.rgb",
        "chromatic_aberration_offset": "0.0",
        "sensor_tick": "0.050000",
        "fstop": "1.4",
        "image_size_x": "1600",
        "image_size_y": "900",
        "fov": "70.00",
        "lens_circle_falloff": "5.0",
        "lens_circle_multiplier": "0.0",
        "exposure_compensation": "0.0",
        "lens_y_size": "0.08",
        "lens_k": "-1.0",
        "exposure_mode": "histogram",
        "lens_kcube": "0.0",
        "lens_x_size": "0.08",
        "exposure_max_bright": "12.0",
        "shutter_speed": "200.0",
        "bloom_intensity": "0.675",
        "iso": "100.0",
        "enable_postprocess_effects": "false",
        "gamma": "2.2",
        "motion_blur_intensity": "0.0",
        "motion_blur_max_distortion": "0.35",
        "lens_flare_intensity": "0.1",
        "motion_blur_min_object_screen_size": "0.1",
        "exposure_min_bright": "10.0",
        "exposure_speed_up": "3.0",
        "exposure_speed_down": "1.0",
        "tint": "0.0",
        "calibration_constant": "16.0",
        "focal_distance": "1000.0",
        "min_fstop": "1.2",
        "blade_count": "5",
        "blur_amount": "0.0",
        "blur_radius": "0.0",
        "slope": "0.88",
        "toe": "0.55",
        "white_clip": "0.04",
        "shoulder": "0.26",
        "black_clip": "0.0",
        "temp": "6500.0",
        "chromatic_aberration_intensity": "0.0"
      },
      "transform_carla": {
        "location": {
          "x": -56.744140625,
          "y": 22.17186737060547,
          "z": 1.7147846221923828
        },
        "rotation": {
          "roll": -0.0017021141247823834,
          "pitch": 1.0326493978500366,
          "yaw": -72.37015533447266
        }
      },
      "matrix_world_from_sensor_carla": [
        [
          0.30281710624694824,
          0.9530328512191772,
          -0.005486615933477879,
          -56.744140625
        ],
        [
          -0.9528782367706299,
          0.3028668165206909,
          0.017166713252663612,
          22.17186737060547
        ],
        [
          0.01802215538918972,
          2.9702669053222053e-05,
          0.9998375773429871,
          1.7147846221923828
        ],
        [
          0.0,
          0.0,
          0.0,
          1.0
        ]
      ],
      "matrix_world_from_sensor_bevfusion": [
        [
          0.9530328512191772,
          0.005486615933477879,
          0.30281710624694824,
          -56.744140625
        ],
        [
          -0.3028668165206909,
          0.017166713252663612,
          0.9528782367706299,
          -22.17186737060547
        ],
        [
          2.9702669053222053e-05,
          -0.9998375773429871,
          0.01802215538918972,
          1.7147846221923828
        ],
        [
          0.0,
          0.0,
          0.0,
          1.0
        ]
      ],
      "matrix_ego_from_sensor_carla": [
        [
          0.573576807975769,
          0.8191516995429993,
          6.515221429026496e-08,
          1.2999954223632812
        ],
        [
          -0.819151759147644,
          0.573576807975769,
          -1.0273125639059799e-07,
          -0.5499982833862305
        ],
        [
          -1.20200127184944e-07,
          6.245983286135015e-09,
          1.0,
          1.6999999284744263
        ],
        [
          0.0,
          0.0,
          0.0,
          1.0
        ]
      ],
      "matrix_ego_from_sensor_bevfusion": [
        [
          0.8191516995429993,
          -6.515221429026496e-08,
          0.573576807975769,
          1.2999954223632812
        ],
        [
          -0.573576807975769,
          -1.0273125639059799e-07,
          0.819151759147644,
          0.5499982833862305
        ],
        [
          6.245983286135015e-09,
          -1.0,
          -1.20200127184944e-07,
          1.6999999284744263
        ],
        [
          0.0,
          0.0,
          0.0,
          1.0
        ]
      ],
      "camera_intrinsics": [
        [
          1142.5184326171875,
          0.0,
          800.0
        ],
        [
          0.0,
          1142.5184326171875,
          450.0
        ],
        [
          0.0,
          0.0,
          1.0
        ]
      ],
      "data_path": "D:\\Agent-AI\\outputs\\samples\\sample_000016\\images\\CAM_FRONT_LEFT.png",
      "raw_layout": "bgra8"
    },
    "CAM_BACK": {
      "type_id": "sensor.camera.rgb",
      "blueprint_attributes": {
        "role_name": "front",
        "ros_name": "sensor.camera.rgb",
        "chromatic_aberration_offset": "0.0",
        "sensor_tick": "0.050000",
        "fstop": "1.4",
        "image_size_x": "1600",
        "image_size_y": "900",
        "fov": "70.00",
        "lens_circle_falloff": "5.0",
        "lens_circle_multiplier": "0.0",
        "exposure_compensation": "0.0",
        "lens_y_size": "0.08",
        "lens_k": "-1.0",
        "exposure_mode": "histogram",
        "lens_kcube": "0.0",
        "lens_x_size": "0.08",
        "exposure_max_bright": "12.0",
        "shutter_speed": "200.0",
        "bloom_intensity": "0.675",
        "iso": "100.0",
        "enable_postprocess_effects": "false",
        "gamma": "2.2",
        "motion_blur_intensity": "0.0",
        "motion_blur_max_distortion": "0.35",
        "lens_flare_intensity": "0.1",
        "motion_blur_min_object_screen_size": "0.1",
        "exposure_min_bright": "10.0",
        "exposure_speed_up": "3.0",
        "exposure_speed_down": "1.0",
        "tint": "0.0",
        "calibration_constant": "16.0",
        "focal_distance": "1000.0",
        "min_fstop": "1.2",
        "blade_count": "5",
        "blur_amount": "0.0",
        "blur_radius": "0.0",
        "slope": "0.88",
        "toe": "0.55",
        "white_clip": "0.04",
        "shoulder": "0.26",
        "black_clip": "0.0",
        "temp": "6500.0",
        "chromatic_aberration_intensity": "0.0"
      },
      "transform_carla": {
        "location": {
          "x": -59.29986572265625,
          "y": 23.547311782836914,
          "z": 1.677144169807434
        },
        "rotation": {
          "roll": -0.844956636428833,
          "pitch": -0.5936800241470337,
          "yaw": 162.63421630859375
        }
      },
      "matrix_world_from_sensor_carla": [
        [
          -0.9543675184249878,
          -0.2985841631889343,
          -0.005486650392413139,
          -59.29986572265625
        ],
        [
          0.29845476150512695,
          -0.9542694091796875,
          0.017166830599308014,
          23.547311782836914
        ],
        [
          -0.010361486114561558,
          0.01474594883620739,
          0.9998375773429871,
          1.677144169807434
        ],
        [
          0.0,
          0.0,
          0.0,
          1.0
        ]
      ],
      "matrix_world_from_sensor_bevfusion": [
        [
          -0.2985841631889343,
          0.005486650392413139,
          -0.9543675184249878,
          -59.29986572265625
        ],
        [
          0.9542694091796875,
          0.017166830599308014,
          -0.29845476150512695,
          -23.547311782836914
        ],
        [
          0.01474594883620739,
          -0.9998375773429871,
          -0.010361486114561558,
          1.677144169807434
        ],
        [
          0.0,
          0.0,
          0.0,
          1.0
        ]
      ],
      "matrix_ego_from_sensor_carla": [
        [
          -1.0,
          2.4816768018354196e-07,
          -2.8343318803081274e-09,
          -1.5500030517578125
        ],
        [
          -2.53368000358023e-07,
          -1.0,
          -1.2170968677338578e-09,
          1.430511474609375e-06
        ],
        [
          -3.685077354376176e-09,
          2.8547175734416896e-10,
          1.0,
          1.6999999284744263
        ],
        [
          0.0,
          0.0,
          0.0,
          1.0
        ]
      ],
      "matrix_ego_from_sensor_bevfusion": [
        [
          2.4816768018354196e-07,
          2.8343318803081274e-09,
          -1.0,
          -1.5500030517578125
        ],
        [
          1.0,
          -1.2170968677338578e-09,
          2.53368000358023e-07,
          -1.430511474609375e-06
        ],
        [
          2.8547175734416896e-10,
          -1.0,
          -3.685077354376176e-09,
          1.6999999284744263
        ],
        [
          0.0,
          0.0,
          0.0,
          1.0
        ]
      ],
      "camera_intrinsics": [
        [
          1142.5184326171875,
          0.0,
          800.0
        ],
        [
          0.0,
          1142.5184326171875,
          450.0
        ],
        [
          0.0,
          0.0,
          1.0
        ]
      ],
      "data_path": "D:\\Agent-AI\\outputs\\samples\\sample_000016\\images\\CAM_BACK.png",
      "raw_layout": "bgra8"
    },
    "CAM_BACK_LEFT": {
      "type_id": "sensor.camera.rgb",
      "blueprint_attributes": {
        "role_name": "front",
        "ros_name": "sensor.camera.rgb",
        "chromatic_aberration_offset": "0.0",
        "sensor_tick": "0.050000",
        "fstop": "1.4",
        "image_size_x": "1600",
        "image_size_y": "900",
        "fov": "70.00",
        "lens_circle_falloff": "5.0",
        "lens_circle_multiplier": "0.0",
        "exposure_compensation": "0.0",
        "lens_y_size": "0.08",
        "lens_k": "-1.0",
        "exposure_mode": "histogram",
        "lens_kcube": "0.0",
        "lens_x_size": "0.08",
        "exposure_max_bright": "12.0",
        "shutter_speed": "200.0",
        "bloom_intensity": "0.675",
        "iso": "100.0",
        "enable_postprocess_effects": "false",
        "gamma": "2.2",
        "motion_blur_intensity": "0.0",
        "motion_blur_max_distortion": "0.35",
        "lens_flare_intensity": "0.1",
        "motion_blur_min_object_screen_size": "0.1",
        "exposure_min_bright": "10.0",
        "exposure_speed_up": "3.0",
        "exposure_speed_down": "1.0",
        "tint": "0.0",
        "calibration_constant": "16.0",
        "focal_distance": "1000.0",
        "min_fstop": "1.2",
        "blade_count": "5",
        "blur_amount": "0.0",
        "blur_radius": "0.0",
        "slope": "0.88",
        "toe": "0.55",
        "white_clip": "0.04",
        "shoulder": "0.26",
        "black_clip": "0.0",
        "temp": "6500.0",
        "chromatic_aberration_intensity": "0.0"
      },
      "transform_carla": {
        "location": {
          "x": -59.22549819946289,
          "y": 22.94784927368164,
          "z": 1.6878446340560913
        },
        "rotation": {
          "roll": -0.9709736704826355,
          "pitch": 0.3515703082084656,
          "yaw": -142.37315368652344
        }
      },
      "matrix_world_from_sensor_carla": [
        [
          -0.791988730430603,
          0.6105111241340637,
          -0.0054866839200258255,
          -59.22549819946289
        ],
        [
          -0.6105049252510071,
          -0.7918264269828796,
          0.017166800796985626,
          22.94784927368164
        ],
        [
          0.006136020645499229,
          0.01694555953145027,
          0.9998375773429871,
          1.6878446340560913
        ],
        [
          0.0,
          0.0,
          0.0,
          1.0
        ]
      ],
      "matrix_world_from_sensor_bevfusion": [
        [
          0.6105111241340637,
          0.0054866839200258255,
          -0.791988730430603,
          -59.22549819946289
        ],
        [
          0.7918264269828796,
          0.017166800796985626,
          0.6105049252510071,
          -22.94784927368164
        ],
        [
          0.01694555953145027,
          -0.9998375773429871,
          0.006136020645499229,
          1.6878446340560913
        ],
        [
          0.0,
          0.0,
          0.0,
          1.0
        ]
      ],
      "matrix_ego_from_sensor_carla": [
        [
          -0.5735764503479004,
          0.8191521167755127,
          -2.611739624569509e-08,
          -1.3000030517578125
        ],
        [
          -0.8191520571708679,
          -0.5735763907432556,
          -3.940132131674545e-08,
          -0.5499997138977051
        ],
        [
          -4.714541290695706e-08,
          6.467268942600413e-10,
          1.0,
          1.6999999284744263
        ],
        [
          0.0,
          0.0,
          0.0,
          1.0
        ]
      ],
      "matrix_ego_from_sensor_bevfusion": [
        [
          0.8191521167755127,
          2.611739624569509e-08,
          -0.5735764503479004,
          -1.3000030517578125
        ],
        [
          0.5735763907432556,
          -3.940132131674545e-08,
          0.8191520571708679,
          0.5499997138977051
        ],
        [
          6.467268942600413e-10,
          -1.0,
          -4.714541290695706e-08,
          1.6999999284744263
        ],
        [
          0.0,
          0.0,
          0.0,
          1.0
        ]
      ],
      "camera_intrinsics": [
        [
          1142.5184326171875,
          0.0,
          800.0
        ],
        [
          0.0,
          1142.5184326171875,
          450.0
        ],
        [
          0.0,
          0.0,
          1.0
        ]
      ],
      "data_path": "D:\\Agent-AI\\outputs\\samples\\sample_000016\\images\\CAM_BACK_LEFT.png",
      "raw_layout": "bgra8"
    },
    "CAM_BACK_RIGHT": {
      "type_id": "sensor.camera.rgb",
      "blueprint_attributes": {
        "role_name": "front",
        "ros_name": "sensor.camera.rgb",
        "chromatic_aberration_offset": "0.0",
        "sensor_tick": "0.050000",
        "fstop": "1.4",
        "image_size_x": "1600",
        "image_size_y": "900",
        "fov": "70.00",
        "lens_circle_falloff": "5.0",
        "lens_circle_multiplier": "0.0",
        "exposure_compensation": "0.0",
        "lens_y_size": "0.08",
        "lens_k": "-1.0",
        "exposure_mode": "histogram",
        "lens_kcube": "0.0",
        "lens_x_size": "0.08",
        "exposure_max_bright": "12.0",
        "shutter_speed": "200.0",
        "bloom_intensity": "0.675",
        "iso": "100.0",
        "enable_postprocess_effects": "false",
        "gamma": "2.2",
        "motion_blur_intensity": "0.0",
        "motion_blur_max_distortion": "0.35",
        "lens_flare_intensity": "0.1",
        "motion_blur_min_object_screen_size": "0.1",
        "exposure_min_bright": "10.0",
        "exposure_speed_up": "3.0",
        "exposure_speed_down": "1.0",
        "tint": "0.0",
        "calibration_constant": "16.0",
        "focal_distance": "1000.0",
        "min_fstop": "1.2",
        "blade_count": "5",
        "blur_amount": "0.0",
        "blur_radius": "0.0",
        "slope": "0.88",
        "toe": "0.55",
        "white_clip": "0.04",
        "shoulder": "0.26",
        "black_clip": "0.0",
        "temp": "6500.0",
        "chromatic_aberration_intensity": "0.0"
      },
      "transform_carla": {
        "location": {
          "x": -58.89705276489258,
          "y": 23.99754524230957,
          "z": 1.6716240644454956
        },
        "rotation": {
          "roll": 0.0017023275140672922,
          "pitch": -1.0326493978500366,
          "yaw": 107.62982177734375
        }
      },
      "matrix_world_from_sensor_carla": [
        [
          -0.3028167486190796,
          -0.9530329704284668,
          -0.005486613139510155,
          -58.89705276489258
        ],
        [
          0.9528783559799194,
          -0.30286645889282227,
          0.017166713252663612,
          23.99754524230957
        ],
        [
          -0.01802215538918972,
          -2.9706394343520515e-05,
          0.9998375773429871,
          1.6716240644454956
        ],
        [
          0.0,
          0.0,
          0.0,
          1.0
        ]
      ],
      "matrix_world_from_sensor_bevfusion": [
        [
          -0.9530329704284668,
          0.005486613139510155,
          -0.3028167486190796,
          -58.89705276489258
        ],
        [
          0.30286645889282227,
          0.017166713252663612,
          -0.9528783559799194,
          -23.99754524230957
        ],
        [
          -2.9706394343520515e-05,
          -0.9998375773429871,
          -0.01802215538918972,
          1.6716240644454956
        ],
        [
          0.0,
          0.0,
          0.0,
          1.0
        ]
      ],
      "matrix_ego_from_sensor_carla": [
        [
          -0.5735765099525452,
          -0.8191519379615784,
          6.701485943949592e-08,
          -1.3000030517578125
        ],
        [
          0.8191519975662231,
          -0.5735765099525452,
          -1.0179993381598251e-07,
          0.5500001907348633
        ],
        [
          1.20200127184944e-07,
          -2.9002564794211594e-09,
          1.0,
          1.6999999284744263
        ],
        [
          0.0,
          0.0,
          0.0,
          1.0
        ]
      ],
      "matrix_ego_from_sensor_bevfusion": [
        [
          -0.8191519379615784,
          -6.701485943949592e-08,
          -0.5735765099525452,
          -1.3000030517578125
        ],
        [
          0.5735765099525452,
          -1.0179993381598251e-07,
          -0.8191519975662231,
          -0.5500001907348633
        ],
        [
          -2.9002564794211594e-09,
          -1.0,
          1.20200127184944e-07,
          1.6999999284744263
        ],
        [
          0.0,
          0.0,
          0.0,
          1.0
        ]
      ],
      "camera_intrinsics": [
        [
          1142.5184326171875,
          0.0,
          800.0
        ],
        [
          0.0,
          1142.5184326171875,
          450.0
        ],
        [
          0.0,
          0.0,
          1.0
        ]
      ],
      "data_path": "D:\\Agent-AI\\outputs\\samples\\sample_000016\\images\\CAM_BACK_RIGHT.png",
      "raw_layout": "bgra8"
    },
    "LIDAR_TOP": {
      "type_id": "sensor.lidar.ray_cast",
      "blueprint_attributes": {
        "atmosphere_attenuation_rate": "0.004",
        "role_name": "front",
        "noise_seed": "0",
        "upper_fov": "10.0",
        "ros_name": "sensor.lidar.ray_cast",
        "sensor_tick": "0.050000",
        "channels": "32",
        "range": "120.0",
        "points_per_second": "360000",
        "lower_fov": "-30.0",
        "rotation_frequency": "20.000000",
        "horizontal_fov": "360.0",
        "dropoff_general_rate": "0.0",
        "dropoff_intensity_limit": "1.0",
        "noise_stddev": "0.0",
        "dropoff_zero_intensity": "0.0"
      },
      "transform_carla": {
        "location": {
          "x": -57.82333755493164,
          "y": 23.09328842163086,
          "z": 2.1931231021881104
        },
        "rotation": {
          "roll": 0.8449565172195435,
          "pitch": 0.5936800241470337,
          "yaw": -17.365793228149414
        }
      },
      "matrix_world_from_sensor_carla": [
        [
          0.954367458820343,
          0.2985844016075134,
          -0.0054866475984454155,
          -57.82333755493164
        ],
        [
          -0.29845499992370605,
          0.9542693495750427,
          0.017166830599308014,
          23.09328842163086
        ],
        [
          0.010361486114561558,
          -0.01474594697356224,
          0.9998375773429871,
          2.1931231021881104
        ],
        [
          0.0,
          0.0,
          0.0,
          1.0
        ]
      ],
      "matrix_world_from_sensor_bevfusion": [
        [
          0.954367458820343,
          -0.2985844016075134,
          -0.0054866475984454155,
          -57.82333755493164
        ],
        [
          0.29845499992370605,
          0.9542693495750427,
          -0.017166830599308014,
          -23.09328842163086
        ],
        [
          0.010361486114561558,
          0.01474594697356224,
          0.9998375773429871,
          2.1931231021881104
        ],
        [
          0.0,
          0.0,
          0.0,
          1.0
        ]
      ],
      "matrix_ego_from_sensor_carla": [
        [
          1.0,
          -2.1749691825334594e-08,
          -4.0364267483994354e-11,
          0.0
        ],
        [
          -3.938965598138111e-09,
          1.0,
          -2.857742931183793e-10,
          4.76837158203125e-07
        ],
        [
          -4.0212999596889176e-11,
          -2.857742931183793e-10,
          1.0,
          2.1999998092651367
        ],
        [
          0.0,
          0.0,
          0.0,
          1.0
        ]
      ],
      "matrix_ego_from_sensor_bevfusion": [
        [
          1.0,
          2.1749691825334594e-08,
          -4.0364267483994354e-11,
          0.0
        ],
        [
          3.938965598138111e-09,
          1.0,
          2.857742931183793e-10,
          -4.76837158203125e-07
        ],
        [
          -4.0212999596889176e-11,
          2.857742931183793e-10,
          1.0,
          2.1999998092651367
        ],
        [
          0.0,
          0.0,
          0.0,
          1.0
        ]
      ],
      "data_path": "D:\\Agent-AI\\outputs\\samples\\sample_000016\\lidar\\LIDAR_TOP.npy",
      "raw_layout": [
        "x",
        "y",
        "z",
        "intensity"
      ]
    },
    "RADAR_FRONT": {
      "type_id": "sensor.other.radar",
      "blueprint_attributes": {
        "sensor_tick": "0.050000",
        "role_name": "default",
        "noise_seed": "0",
        "ros_name": "sensor.other.radar",
        "horizontal_fov": "35.0",
        "points_per_second": "1500",
        "vertical_fov": "20.0",
        "range": "120.0"
      },
      "transform_carla": {
        "location": {
          "x": -55.907470703125,
          "y": 22.474061965942383,
          "z": 0.9140573740005493
        },
        "rotation": {
          "roll": 0.8449565172195435,
          "pitch": 0.5936800241470337,
          "yaw": -17.365793228149414
        }
      },
      "matrix_world_from_sensor_carla": [
        [
          0.954367458820343,
          0.2985844016075134,
          -0.0054866475984454155,
          -55.907470703125
        ],
        [
          -0.29845499992370605,
          0.9542693495750427,
          0.017166830599308014,
          22.474061965942383
        ],
        [
          0.010361486114561558,
          -0.01474594697356224,
          0.9998375773429871,
          0.9140573740005493
        ],
        [
          0.0,
          0.0,
          0.0,
          1.0
        ]
      ],
      "matrix_world_from_sensor_bevfusion": [
        [
          0.954367458820343,
          -0.2985844016075134,
          -0.0054866475984454155,
          -55.907470703125
        ],
        [
          0.29845499992370605,
          0.9542693495750427,
          -0.017166830599308014,
          -22.474061965942383
        ],
        [
          0.010361486114561558,
          0.01474594697356224,
          0.9998375773429871,
          0.9140573740005493
        ],
        [
          0.0,
          0.0,
          0.0,
          1.0
        ]
      ],
      "matrix_ego_from_sensor_carla": [
        [
          1.0,
          -2.1749691825334594e-08,
          -4.0364267483994354e-11,
          2.0
        ],
        [
          -3.938965598138111e-09,
          1.0,
          -2.857742931183793e-10,
          9.5367431640625e-07
        ],
        [
          -4.0212999596889176e-11,
          -2.857742931183793e-10,
          1.0,
          0.9000000953674316
        ],
        [
          0.0,
          0.0,
          0.0,
          1.0
        ]
      ],
      "matrix_ego_from_sensor_bevfusion": [
        [
          1.0,
          2.1749691825334594e-08,
          -4.0364267483994354e-11,
          2.0
        ],
        [
          3.938965598138111e-09,
          1.0,
          2.857742931183793e-10,
          -9.5367431640625e-07
        ],
        [
          -4.0212999596889176e-11,
          2.857742931183793e-10,
          1.0,
          0.9000000953674316
        ],
        [
          0.0,
          0.0,
          0.0,
          1.0
        ]
      ],
      "data_path": "D:\\Agent-AI\\outputs\\samples\\sample_000016\\radar\\RADAR_FRONT.npy",
      "raw_layout": [
        "velocity",
        "altitude",
        "azimuth",
        "depth"
      ]
    },
    "RADAR_FRONT_LEFT": {
      "type_id": "sensor.other.radar",
      "blueprint_attributes": {
        "sensor_tick": "0.050000",
        "role_name": "default",
        "noise_seed": "0",
        "ros_name": "sensor.other.radar",
        "horizontal_fov": "35.0",
        "points_per_second": "1500",
        "vertical_fov": "20.0",
        "range": "120.0"
      },
      "transform_carla": {
        "location": {
          "x": -56.46543884277344,
          "y": 21.86281967163086,
          "z": 0.9214903116226196
        },
        "rotation": {
          "roll": 0.1776614487171173,
          "pitch": 1.017261028289795,
          "yaw": -62.36859130859375
        }
      },
      "matrix_world_from_sensor_carla": [
        [
          0.4637087285518646,
          0.8859706521034241,
          -0.005486639216542244,
          -56.46543884277344
        ],
        [
          -0.8858098387718201,
          0.4637308120727539,
          0.01716681569814682,
          21.86281967163086
        ],
        [
          0.01775362156331539,
          -0.0031002836767584085,
          0.9998375773429871,
          0.9214903116226196
        ],
        [
          0.0,
          0.0,
          0.0,
          1.0
        ]
      ],
      "matrix_world_from_sensor_bevfusion": [
        [
          0.4637087285518646,
          -0.8859706521034241,
          -0.005486639216542244,
          -56.46543884277344
        ],
        [
          0.8858098387718201,
          0.4637308120727539,
          -0.01716681569814682,
          -21.86281967163086
        ],
        [
          0.01775362156331539,
          0.0031002836767584085,
          0.9998375773429871,
          0.9214903116226196
        ],
        [
          0.0,
          0.0,
          0.0,
          1.0
        ]
      ],
      "matrix_ego_from_sensor_carla": [
        [
          0.7071068286895752,
          0.7071066498756409,
          1.2066829313539529e-08,
          1.6499977111816406
        ],
        [
          -0.7071067094802856,
          0.7071067690849304,
          -1.1461644966459517e-08,
          -0.7499992847442627
        ],
        [
          -1.3254211062019294e-08,
          -5.220312515596959e-10,
          1.0,
          0.8999999761581421
        ],
        [
          0.0,
          0.0,
          0.0,
          1.0
        ]
      ],
      "matrix_ego_from_sensor_bevfusion": [
        [
          0.7071068286895752,
          -0.7071066498756409,
          1.2066829313539529e-08,
          1.6499977111816406
        ],
        [
          0.7071067094802856,
          0.7071067690849304,
          1.1461644966459517e-08,
          0.7499992847442627
        ],
        [
          -1.3254211062019294e-08,
          5.220312515596959e-10,
          1.0,
          0.8999999761581421
        ],
        [
          0.0,
          0.0,
          0.0,
          1.0
        ]
      ],
      "data_path": "D:\\Agent-AI\\outputs\\samples\\sample_000016\\radar\\RADAR_FRONT_LEFT.npy",
      "raw_layout": [
        "velocity",
        "altitude",
        "azimuth",
        "depth"
      ]
    },
    "RADAR_FRONT_RIGHT": {
      "type_id": "sensor.other.radar",
      "blueprint_attributes": {
        "sensor_tick": "0.050000",
        "role_name": "default",
        "noise_seed": "0",
        "ros_name": "sensor.other.radar",
        "horizontal_fov": "35.0",
        "points_per_second": "1500",
        "vertical_fov": "20.0",
        "range": "120.0"
      },
      "transform_carla": {
