{
  "schema_version": "stage1.v1",
  "sample_name": "sample_000022",
  "sequence_index": 22,
  "previous_sample_name": "sample_000021",
  "frame_id": 726295,
  "timestamp": 4999.394624751061,
  "platform_timestamp": 16813375.5891187,
  "delta_seconds": 0.10000000149011612,
  "town": "Carla/Maps/Town10HD_Opt",
  "weather": {
    "cloudiness": 20.0,
    "dust_storm": 0.0,
    "fog_density": 2.0,
    "fog_distance": 0.75,
    "fog_falloff": 0.10000000149011612,
    "mie_scattering_scale": 0.029999999329447746,
    "precipitation": 0.0,
    "precipitation_deposits": 0.0,
    "rayleigh_scattering_scale": 0.03310000151395798,
    "scattering_intensity": 1.0,
    "sun_altitude_angle": 45.0,
    "sun_azimuth_angle": 300.0,
    "wetness": 0.0,
    "wind_intensity": 10.0
  },
  "sensor_names": [
    "CAM_FRONT",
    "CAM_FRONT_RIGHT",
    "CAM_FRONT_LEFT",
    "CAM_BACK",
    "CAM_BACK_LEFT",
    "CAM_BACK_RIGHT",
    "LIDAR_TOP",
    "RADAR_FRONT",
    "RADAR_FRONT_LEFT",
    "RADAR_FRONT_RIGHT",
    "RADAR_BACK_LEFT",
    "RADAR_BACK_RIGHT"
  ],
  "camera_order_for_model": [
    "CAM_FRONT",
    "CAM_FRONT_RIGHT",
    "CAM_FRONT_LEFT",
    "CAM_BACK",
    "CAM_BACK_LEFT",
    "CAM_BACK_RIGHT"
  ],
  "radar_order_for_model": [
    "RADAR_FRONT",
    "RADAR_FRONT_LEFT",
    "RADAR_FRONT_RIGHT",
    "RADAR_BACK_LEFT",
    "RADAR_BACK_RIGHT"
  ],
  "coordinate_notes": {
    "carla_world": "left-handed x-forward y-right z-up",
    "bevfusion_lidar": "x-forward y-left z-up",
    "camera_frame_for_model": "OpenCV style x-right y-down z-forward"
  },
  "ego": {
    "actor_id": 49,
    "transform_carla": {
      "location": {
        "x": 105.08604431152344,
        "y": -32.74920654296875,
        "z": -0.0017790221609175205
      },
      "rotation": {
        "roll": 0.05624747276306152,
        "pitch": -0.7637312412261963,
        "yaw": -102.72090911865234
      }
    },
    "velocity_carla": [
      -0.25688251852989197,
      -1.0167183876037598,
      0.0010729026980698109
    ],
    "angular_velocity_carla": [
      -3.3707985877990723,
      0.4779992997646332,
      -1.9497839212417603
    ],
    "matrix_world_from_ego_carla": [
      [
        -0.2201826423406601,
        0.9754566550254822,
        -0.001977517269551754,
        105.08604431152344
      ],
      [
        -0.9753676652908325,
        -0.22018931806087494,
        -0.013218220323324203,
        -32.74920654296875
      ],
      [
        -0.013329229317605495,
        -0.000981616321951151,
        0.9999107122421265,
        -0.0017790221609175205
      ],
      [
        0.0,
        0.0,
        0.0,
        1.0
      ]
    ],
    "matrix_world_from_ego_bevfusion": [
      [
        -0.2201826423406601,
        -0.9754566550254822,
        -0.001977517269551754,
        105.08604431152344
      ],
      [
        0.9753676652908325,
        -0.22018931806087494,
        0.013218220323324203,
        32.74920654296875
      ],
      [
        -0.013329229317605495,
        0.000981616321951151,
        0.9999107122421265,
        -0.0017790221609175205
      ],
      [
        0.0,
        0.0,
        0.0,
        1.0
      ]
    ]
  },
  "sensors": {
    "CAM_FRONT": {
      "type_id": "sensor.camera.rgb",
      "blueprint_attributes": {
        "role_name": "front",
        "ros_name": "sensor.camera.rgb",
        "chromatic_aberration_offset": "0.0",
        "sensor_tick": "0.100000",
        "fstop": "1.4",
        "image_size_x": "960",
        "image_size_y": "540",
        "fov": "70.00",
        "lens_circle_falloff": "5.0",
        "lens_circle_multiplier": "0.0",
        "exposure_compensation": "0.0",
        "lens_y_size": "0.08",
        "lens_k": "-1.0",
        "exposure_mode": "histogram",
        "lens_kcube": "0.0",
        "lens_x_size": "0.08",
        "exposure_max_bright": "12.0",
        "shutter_speed": "200.0",
        "bloom_intensity": "0.675",
        "iso": "100.0",
        "enable_postprocess_effects": "false",
        "gamma": "2.2",
        "motion_blur_intensity": "0.0",
        "motion_blur_max_distortion": "0.35",
        "lens_flare_intensity": "0.1",
        "motion_blur_min_object_screen_size": "0.1",
        "exposure_min_bright": "10.0",
        "exposure_speed_up": "3.0",
        "exposure_speed_down": "1.0",
        "tint": "0.0",
        "calibration_constant": "16.0",
        "focal_distance": "1000.0",
        "min_fstop": "1.2",
        "blade_count": "5",
        "blur_amount": "0.0",
        "blur_radius": "0.0",
        "slope": "0.88",
        "toe": "0.55",
        "white_clip": "0.04",
        "shoulder": "0.26",
        "black_clip": "0.0",
        "temp": "6500.0",
        "chromatic_aberration_intensity": "0.0"
      },
      "transform_carla": {
        "location": {
          "x": 104.74139404296875,
          "y": -34.28349685668945,
          "z": 1.6774086952209473
        },
        "rotation": {
          "roll": 0.05624747276306152,
          "pitch": -0.7637312412261963,
          "yaw": -102.72090911865234
        }
      },
      "matrix_world_from_sensor_carla": [
        [
          -0.2201826423406601,
          0.9754566550254822,
          -0.001977517269551754,
          104.74139404296875
        ],
        [
          -0.9753676652908325,
          -0.22018931806087494,
          -0.013218220323324203,
          -34.28349685668945
        ],
        [
          -0.013329229317605495,
          -0.000981616321951151,
          0.9999107122421265,
          1.6774086952209473
        ],
        [
          0.0,
          0.0,
          0.0,
          1.0
        ]
      ],
      "matrix_world_from_sensor_bevfusion": [
        [
          0.9754566550254822,
          0.001977517269551754,
          -0.2201826423406601,
          104.74139404296875
        ],
        [
          0.22018931806087494,
          -0.013218220323324203,
          0.9753676652908325,
          34.28349685668945
        ],
        [
          -0.000981616321951151,
          -0.9999107122421265,
          -0.013329229317605495,
          1.6774086952209473
        ],
        [
          0.0,
          0.0,
          0.0,
          1.0
        ]
      ],
      "matrix_ego_from_sensor_carla": [
        [
          1.0,
          -3.1059261829113893e-09,
          8.379058558105612e-10,
          1.550002098083496
        ],
        [
          8.242116322776383e-09,
          0.9999999403953552,
          -1.4427251060489255e-11,
          -7.62939453125e-06
        ],
        [
          7.012335712097695e-10,
          1.6050735740513744e-10,
          1.0,
          1.6999998092651367
        ],
        [
          0.0,
          0.0,
          0.0,
          1.0
        ]
      ],
      "matrix_ego_from_sensor_bevfusion": [
        [
          -3.1059261829113893e-09,
          -8.379058558105612e-10,
          1.0,
          1.550002098083496
        ],
        [
          -0.9999999403953552,
          -1.4427251060489255e-11,
          -8.242116322776383e-09,
          7.62939453125e-06
        ],
        [
          1.6050735740513744e-10,
          -1.0,
          7.012335712097695e-10,
          1.6999998092651367
        ],
        [
          0.0,
          0.0,
          0.0,
          1.0
        ]
      ],
      "camera_intrinsics": [
        [
          685.5110473632812,
          0.0,
          480.0
        ],
        [
          0.0,
          685.5110473632812,
          270.0
        ],
        [
          0.0,
          0.0,
          1.0
        ]
      ],
      "data_path": "D:\\Agent-AI\\outputs\\s3a_ml_long_v1\\sample_000022\\images\\CAM_FRONT.png",
      "raw_layout": "bgra8"
    },
    "CAM_FRONT_RIGHT": {
      "type_id": "sensor.camera.rgb",
      "blueprint_attributes": {
        "role_name": "front",
        "ros_name": "sensor.camera.rgb",
        "chromatic_aberration_offset": "0.0",
        "sensor_tick": "0.100000",
        "fstop": "1.4",
        "image_size_x": "960",
        "image_size_y": "540",
        "fov": "70.00",
        "lens_circle_falloff": "5.0",
        "lens_circle_multiplier": "0.0",
        "exposure_compensation": "0.0",
        "lens_y_size": "0.08",
        "lens_k": "-1.0",
        "exposure_mode": "histogram",
        "lens_kcube": "0.0",
        "lens_x_size": "0.08",
        "exposure_max_bright": "12.0",
        "shutter_speed": "200.0",
        "bloom_intensity": "0.675",
        "iso": "100.0",
        "enable_postprocess_effects": "false",
        "gamma": "2.2",
        "motion_blur_intensity": "0.0",
        "motion_blur_max_distortion": "0.35",
        "lens_flare_intensity": "0.1",
        "motion_blur_min_object_screen_size": "0.1",
        "exposure_min_bright": "10.0",
        "exposure_speed_up": "3.0",
        "exposure_speed_down": "1.0",
        "tint": "0.0",
        "calibration_constant": "16.0",
        "focal_distance": "1000.0",
        "min_fstop": "1.2",
        "blade_count": "5",
        "blur_amount": "0.0",
        "blur_radius": "0.0",
        "slope": "0.88",
        "toe": "0.55",
        "white_clip": "0.04",
        "shoulder": "0.26",
        "black_clip": "0.0",
        "temp": "6500.0",
        "chromatic_aberration_intensity": "0.0"
      },
      "transform_carla": {
        "location": {
          "x": 105.33294677734375,
          "y": -34.16075897216797,
          "z": 1.6802011728286743
        },
        "rotation": {
          "roll": -0.5933672189712524,
          "pitch": -0.4841237962245941,
          "yaw": -47.71800231933594
        }
      },
      "matrix_world_from_sensor_carla": [
        [
          0.6727560758590698,
          0.7398617267608643,
          -0.0019775088876485825,
          105.33294677734375
        ],
        [
          -0.7398161292076111,
          0.6726792454719543,
          -0.013218257576227188,
          -34.16075897216797
        ],
        [
          -0.008449453860521317,
          0.010355656035244465,
          0.9999106526374817,
          1.6802011728286743
        ],
        [
          0.0,
          0.0,
          0.0,
          1.0
        ]
      ],
      "matrix_world_from_sensor_bevfusion": [
        [
          0.7398617267608643,
          0.0019775088876485825,
          0.6727560758590698,
          105.33294677734375
        ],
        [
          -0.6726792454719543,
          -0.013218257576227188,
          0.7398161292076111,
          34.16075897216797
        ],
        [
          0.010355656035244465,
          -0.9999106526374817,
          -0.008449453860521317,
          1.6802011728286743
        ],
        [
          0.0,
          0.0,
          0.0,
          1.0
        ]
      ],
      "matrix_ego_from_sensor_carla": [
        [
          0.5735760927200317,
          -0.8191522359848022,
          3.609132548376692e-08,
          1.2999992370605469
        ],
        [
          0.819152295589447,
          0.5735760927200317,
          1.6458642448924365e-08,
          0.5500030517578125
        ],
        [
          -3.389380509588591e-08,
          2.0041859727371047e-08,
          0.9999999403953552,
          1.6999998092651367
        ],
        [
          0.0,
          0.0,
          0.0,
          1.0
        ]
      ],
      "matrix_ego_from_sensor_bevfusion": [
        [
          -0.8191522359848022,
          -3.609132548376692e-08,
          0.5735760927200317,
          1.2999992370605469
        ],
        [
          -0.5735760927200317,
          1.6458642448924365e-08,
          -0.819152295589447,
          -0.5500030517578125
        ],
        [
          2.0041859727371047e-08,
          -0.9999999403953552,
          -3.389380509588591e-08,
          1.6999998092651367
        ],
        [
          0.0,
          0.0,
          0.0,
          1.0
        ]
      ],
      "camera_intrinsics": [
        [
          685.5110473632812,
          0.0,
          480.0
        ],
        [
          0.0,
          685.5110473632812,
          270.0
        ],
        [
          0.0,
          0.0,
          1.0
        ]
      ],
      "data_path": "D:\\Agent-AI\\outputs\\s3a_ml_long_v1\\sample_000022\\images\\CAM_FRONT_RIGHT.png",
      "raw_layout": "bgra8"
    },
    "CAM_FRONT_LEFT": {
      "type_id": "sensor.camera.rgb",
      "blueprint_attributes": {
        "role_name": "front",
        "ros_name": "sensor.camera.rgb",
        "chromatic_aberration_offset": "0.0",
        "sensor_tick": "0.100000",
        "fstop": "1.4",
        "image_size_x": "960",
        "image_size_y": "540",
        "fov": "70.00",
        "lens_circle_falloff": "5.0",
        "lens_circle_multiplier": "0.0",
        "exposure_compensation": "0.0",
        "lens_y_size": "0.08",
        "lens_k": "-1.0",
        "exposure_mode": "histogram",
        "lens_kcube": "0.0",
        "lens_x_size": "0.08",
        "exposure_max_bright": "12.0",
        "shutter_speed": "200.0",
        "bloom_intensity": "0.675",
        "iso": "100.0",
        "enable_postprocess_effects": "false",
        "gamma": "2.2",
        "motion_blur_intensity": "0.0",
        "motion_blur_max_distortion": "0.35",
        "lens_flare_intensity": "0.1",
        "motion_blur_min_object_screen_size": "0.1",
        "exposure_min_bright": "10.0",
        "exposure_speed_up": "3.0",
        "exposure_speed_down": "1.0",
        "tint": "0.0",
        "calibration_constant": "16.0",
        "focal_distance": "1000.0",
        "min_fstop": "1.2",
        "blade_count": "5",
        "blur_amount": "0.0",
        "blur_radius": "0.0",
        "slope": "0.88",
        "toe": "0.55",
        "white_clip": "0.04",
        "shoulder": "0.26",
        "black_clip": "0.0",
        "temp": "6500.0",
        "chromatic_aberration_intensity": "0.0"
      },
      "transform_carla": {
        "location": {
          "x": 104.25994110107422,
          "y": -33.91855239868164,
          "z": 1.6812809705734253
        },
        "rotation": {
          "roll": 0.6578840613365173,
          "pitch": -0.3919776976108551,
          "yaw": -157.7227783203125
        }
      },
      "matrix_world_from_sensor_carla": [
        [
          -0.925338864326477,
          0.3791359066963196,
          -0.0019775163382291794,
          104.25994110107422
        ],
        [
          -0.37907934188842773,
          -0.9252697825431824,
          -0.013218246400356293,
          -33.91855239868164
        ],
        [
          -0.0068412479013204575,
          -0.011481720954179764,
          0.9999106526374817,
          1.6812809705734253
        ],
        [
          0.0,
          0.0,
          0.0,
          1.0
        ]
      ],
      "matrix_world_from_sensor_bevfusion": [
        [
          0.3791359066963196,
          0.0019775163382291794,
          -0.925338864326477,
          104.25994110107422
        ],
        [
          0.9252697825431824,
          -0.013218246400356293,
          0.37907934188842773,
          33.91855239868164
        ],
        [
          -0.011481720954179764,
          -0.9999106526374817,
          -0.0068412479013204575,
          1.6812809705734253
        ],
        [
          0.0,
          0.0,
          0.0,
          1.0
        ]
      ],
      "matrix_ego_from_sensor_carla": [
        [
          0.5735763907432556,
          0.8191520571708679,
          2.6778099737612138e-08,
          1.300002098083496
        ],
        [
          -0.8191519975662231,
          0.5735764503479004,
          6.679754971372631e-09,
          -0.5500030517578125
        ],
        [
          -9.479039775328602e-09,
          -2.3739056942417847e-08,
          0.9999999403953552,
          1.7000000476837158
        ],
        [
          0.0,
          0.0,
          0.0,
          1.0
        ]
      ],
      "matrix_ego_from_sensor_bevfusion": [
        [
          0.8191520571708679,
          -2.6778099737612138e-08,
          0.5735763907432556,
          1.300002098083496
        ],
        [
          -0.5735764503479004,
          6.679754971372631e-09,
          0.8191519975662231,
          0.5500030517578125
        ],
        [
          -2.3739056942417847e-08,
          -0.9999999403953552,
          -9.479039775328602e-09,
          1.7000000476837158
        ],
        [
          0.0,
          0.0,
          0.0,
          1.0
        ]
      ],
      "camera_intrinsics": [
        [
          685.5110473632812,
          0.0,
          480.0
        ],
        [
          0.0,
          685.5110473632812,
          270.0
        ],
        [
          0.0,
          0.0,
          1.0
        ]
      ],
      "data_path": "D:\\Agent-AI\\outputs\\s3a_ml_long_v1\\sample_000022\\images\\CAM_FRONT_LEFT.png",
      "raw_layout": "bgra8"
    },
    "CAM_BACK": {
      "type_id": "sensor.camera.rgb",
      "blueprint_attributes": {
        "role_name": "front",
        "ros_name": "sensor.camera.rgb",
        "chromatic_aberration_offset": "0.0",
        "sensor_tick": "0.100000",
        "fstop": "1.4",
        "image_size_x": "960",
        "image_size_y": "540",
        "fov": "70.00",
        "lens_circle_falloff": "5.0",
        "lens_circle_multiplier": "0.0",
        "exposure_compensation": "0.0",
        "lens_y_size": "0.08",
        "lens_k": "-1.0",
        "exposure_mode": "histogram",
        "lens_kcube": "0.0",
        "lens_x_size": "0.08",
        "exposure_max_bright": "12.0",
        "shutter_speed": "200.0",
        "bloom_intensity": "0.675",
        "iso": "100.0",
        "enable_postprocess_effects": "false",
        "gamma": "2.2",
        "motion_blur_intensity": "0.0",
        "motion_blur_max_distortion": "0.35",
        "lens_flare_intensity": "0.1",
        "motion_blur_min_object_screen_size": "0.1",
        "exposure_min_bright": "10.0",
        "exposure_speed_up": "3.0",
        "exposure_speed_down": "1.0",
        "tint": "0.0",
        "calibration_constant": "16.0",
        "focal_distance": "1000.0",
        "min_fstop": "1.2",
        "blade_count": "5",
        "blur_amount": "0.0",
        "blur_radius": "0.0",
        "slope": "0.88",
        "toe": "0.55",
        "white_clip": "0.04",
        "shoulder": "0.26",
        "black_clip": "0.0",
        "temp": "6500.0",
        "chromatic_aberration_intensity": "0.0"
      },
      "transform_carla": {
        "location": {
          "x": 105.42396545410156,
          "y": -31.259857177734375,
          "z": 1.7187294960021973
        },
        "rotation": {
          "roll": -0.056247178465127945,
          "pitch": 0.7637312412261963,
          "yaw": 77.27909088134766
        }
      },
      "matrix_world_from_sensor_carla": [
        [
          0.22018267214298248,
          -0.9754566550254822,
          -0.0019775228574872017,
          105.42396545410156
        ],
        [
          0.9753676652908325,
          0.22018934786319733,
          -0.013218219392001629,
          -31.259857177734375
        ],
        [
          0.013329229317605495,
          0.0009816110832616687,
          0.9999107122421265,
          1.7187294960021973
        ],
        [
          0.0,
          0.0,
          0.0,
          1.0
        ]
      ],
      "matrix_world_from_sensor_bevfusion": [
        [
          -0.9754566550254822,
          0.0019775228574872017,
          0.22018267214298248,
          105.42396545410156
        ],
        [
          -0.22018934786319733,
          -0.013218219392001629,
          -0.9753676652908325,
          31.259857177734375
        ],
        [
          0.0009816110832616687,
          -0.9999107122421265,
          0.013329229317605495,
          1.7187294960021973
        ],
        [
          0.0,
          0.0,
          0.0,
          1.0
        ]
      ],
      "matrix_ego_from_sensor_carla": [
        [
          -1.0,
          -2.5892607169453186e-08,
          8.379058558105612e-10,
          -1.5500001907348633
        ],
        [
          2.156020606491893e-08,
          -1.0,
          -5.60236257385327e-09,
          0.0
        ],
        [
          -7.012335712097695e-10,
          -5.747974540781797e-09,
          1.0,
          1.7000000476837158
        ],
        [
          0.0,
          0.0,
          0.0,
          1.0
        ]
      ],
      "matrix_ego_from_sensor_bevfusion": [
        [
          -2.5892607169453186e-08,
          -8.379058558105612e-10,
          -1.0,
          -1.5500001907348633
        ],
        [
          1.0,
          -5.60236257385327e-09,
          -2.156020606491893e-08,
          0.0
        ],
        [
          -5.747974540781797e-09,
          -1.0,
          -7.012335712097695e-10,
          1.7000000476837158
        ],
        [
          0.0,
          0.0,
          0.0,
          1.0
        ]
      ],
      "camera_intrinsics": [
        [
          685.5110473632812,
          0.0,
          480.0
        ],
        [
          0.0,
          685.5110473632812,
          270.0
        ],
        [
          0.0,
          0.0,
          1.0
        ]
      ],
      "data_path": "D:\\Agent-AI\\outputs\\s3a_ml_long_v1\\sample_000022\\images\\CAM_BACK.png",
      "raw_layout": "bgra8"
    },
    "CAM_BACK_LEFT": {
      "type_id": "sensor.camera.rgb",
      "blueprint_attributes": {
        "role_name": "front",
        "ros_name": "sensor.camera.rgb",
        "chromatic_aberration_offset": "0.0",
        "sensor_tick": "0.100000",
        "fstop": "1.4",
        "image_size_x": "960",
        "image_size_y": "540",
        "fov": "70.00",
        "lens_circle_falloff": "5.0",
        "lens_circle_multiplier": "0.0",
        "exposure_compensation": "0.0",
        "lens_y_size": "0.08",
        "lens_k": "-1.0",
        "exposure_mode": "histogram",
        "lens_kcube": "0.0",
        "lens_x_size": "0.08",
        "exposure_max_bright": "12.0",
        "shutter_speed": "200.0",
        "bloom_intensity": "0.675",
        "iso": "100.0",
        "enable_postprocess_effects": "false",
        "gamma": "2.2",
        "motion_blur_intensity": "0.0",
        "motion_blur_max_distortion": "0.35",
        "lens_flare_intensity": "0.1",
        "motion_blur_min_object_screen_size": "0.1",
        "exposure_min_bright": "10.0",
        "exposure_speed_up": "3.0",
        "exposure_speed_down": "1.0",
        "tint": "0.0",
        "calibration_constant": "16.0",
        "focal_distance": "1000.0",
        "min_fstop": "1.2",
        "blade_count": "5",
        "blur_amount": "0.0",
        "blur_radius": "0.0",
        "slope": "0.88",
        "toe": "0.55",
        "white_clip": "0.04",
        "shoulder": "0.26",
        "black_clip": "0.0",
        "temp": "6500.0",
        "chromatic_aberration_intensity": "0.0"
      },
      "transform_carla": {
        "location": {
          "x": 104.8324203491211,
          "y": -31.38259506225586,
          "z": 1.7159370183944702
        },
        "rotation": {
          "roll": 0.5933672785758972,
          "pitch": 0.4841237962245941,
          "yaw": 132.28201293945312
        }
      },
      "matrix_world_from_sensor_carla": [
        [
          -0.6727561950683594,
          -0.7398616075515747,
          -0.001977507956326008,
          104.8324203491211
        ],
        [
          0.7398160099983215,
          -0.6726793646812439,
          -0.013218259438872337,
          -31.38259506225586
        ],
        [
          0.008449453860521317,
          -0.010355657897889614,
          0.9999106526374817,
          1.7159370183944702
        ],
        [
          0.0,
          0.0,
          0.0,
          1.0
        ]
      ],
      "matrix_world_from_sensor_bevfusion": [
        [
          -0.7398616075515747,
          0.001977507956326008,
          -0.6727561950683594,
          104.8324203491211
        ],
        [
          0.6726793646812439,
          -0.013218259438872337,
          -0.7398160099983215,
          31.38259506225586
        ],
        [
          -0.010355657897889614,
          -0.9999106526374817,
          0.008449453860521317,
          1.7159370183944702
        ],
        [
          0.0,
          0.0,
          0.0,
          1.0
        ]
      ],
      "matrix_ego_from_sensor_carla": [
        [
          -0.5735759735107422,
          0.8191523551940918,
          3.795397063299788e-08,
          -1.2999992370605469
        ],
        [
          -0.8191523551940918,
          -0.5735759139060974,
          1.773921098902065e-08,
          -0.5500030517578125
        ],
        [
          3.5756450245116866e-08,
          -2.0041692749828144e-08,
          0.9999999403953552,
          1.7000000476837158
        ],
        [
          0.0,
          0.0,
          0.0,
          1.0
        ]
      ],
      "matrix_ego_from_sensor_bevfusion": [
        [
          0.8191523551940918,
          -3.795397063299788e-08,
          -0.5735759735107422,
          -1.2999992370605469
        ],
        [
          0.5735759139060974,
          1.773921098902065e-08,
          0.8191523551940918,
          0.5500030517578125
        ],
        [
          -2.0041692749828144e-08,
          -0.9999999403953552,
          3.5756450245116866e-08,
          1.7000000476837158
        ],
        [
          0.0,
          0.0,
          0.0,
          1.0
        ]
      ],
      "camera_intrinsics": [
        [
          685.5110473632812,
          0.0,
          480.0
        ],
        [
          0.0,
          685.5110473632812,
          270.0
        ],
        [
          0.0,
          0.0,
          1.0
        ]
      ],
      "data_path": "D:\\Agent-AI\\outputs\\s3a_ml_long_v1\\sample_000022\\images\\CAM_BACK_LEFT.png",
      "raw_layout": "bgra8"
    },
    "CAM_BACK_RIGHT": {
      "type_id": "sensor.camera.rgb",
      "blueprint_attributes": {
        "role_name": "front",
        "ros_name": "sensor.camera.rgb",
        "chromatic_aberration_offset": "0.0",
        "sensor_tick": "0.100000",
        "fstop": "1.4",
        "image_size_x": "960",
        "image_size_y": "540",
        "fov": "70.00",
        "lens_circle_falloff": "5.0",
        "lens_circle_multiplier": "0.0",
        "exposure_compensation": "0.0",
        "lens_y_size": "0.08",
        "lens_k": "-1.0",
        "exposure_mode": "histogram",
        "lens_kcube": "0.0",
        "lens_x_size": "0.08",
        "exposure_max_bright": "12.0",
        "shutter_speed": "200.0",
        "bloom_intensity": "0.675",
        "iso": "100.0",
        "enable_postprocess_effects": "false",
        "gamma": "2.2",
        "motion_blur_intensity": "0.0",
        "motion_blur_max_distortion": "0.35",
        "lens_flare_intensity": "0.1",
        "motion_blur_min_object_screen_size": "0.1",
        "exposure_min_bright": "10.0",
        "exposure_speed_up": "3.0",
        "exposure_speed_down": "1.0",
        "tint": "0.0",
        "calibration_constant": "16.0",
        "focal_distance": "1000.0",
        "min_fstop": "1.2",
        "blade_count": "5",
        "blur_amount": "0.0",
        "blur_radius": "0.0",
        "slope": "0.88",
        "toe": "0.55",
        "white_clip": "0.04",
        "shoulder": "0.26",
        "black_clip": "0.0",
        "temp": "6500.0",
        "chromatic_aberration_intensity": "0.0"
      },
      "transform_carla": {
        "location": {
          "x": 105.9054183959961,
          "y": -31.624801635742188,
          "z": 1.7148573398590088
        },
        "rotation": {
          "roll": -0.6578841209411621,
          "pitch": 0.3919776976108551,
          "yaw": 22.277204513549805
        }
      },
      "matrix_world_from_sensor_carla": [
        [
          0.9253389239311218,
          -0.37913572788238525,
          -0.0019775182008743286,
          105.9054183959961
        ],
        [
          0.3790791630744934,
          0.9252698421478271,
          -0.013218248263001442,
          -31.624801635742188
        ],
        [
          0.0068412479013204575,
          0.011481722816824913,
          0.9999106526374817,
          1.7148573398590088
        ],
        [
          0.0,
          0.0,
          0.0,
          1.0
        ]
      ],
      "matrix_world_from_sensor_bevfusion": [
        [
          -0.37913572788238525,
          0.0019775182008743286,
          0.9253389239311218,
          105.9054183959961
        ],
        [
          -0.9252698421478271,
          -0.013218248263001442,
          -0.3790791630744934,
          31.624801635742188
        ],
        [
          0.011481722816824913,
          -0.9999106526374817,
          0.0068412479013204575,
          1.7148573398590088
        ],
        [
          0.0,
          0.0,
          0.0,
          1.0
        ]
      ],
      "matrix_ego_from_sensor_carla": [
        [
          -0.5735762715339661,
          -0.8191521763801575,
          2.8640744886843095e-08,
          -1.3000001907348633
        ],
        [
          0.8191520571708679,
          -0.5735762715339661,
          5.2827711094494134e-09,
          0.54998779296875
        ],
        [
          1.1807346211867298e-08,
          2.467021253949042e-08,
          0.9999999403953552,
          1.7000000476837158
        ],
        [
          0.0,
          0.0,
          0.0,
          1.0
        ]
      ],
      "matrix_ego_from_sensor_bevfusion": [
        [
          -0.8191521763801575,
          -2.8640744886843095e-08,
          -0.5735762715339661,
          -1.3000001907348633
        ],
        [
          0.5735762715339661,
          5.2827711094494134e-09,
          -0.8191520571708679,
          -0.54998779296875
        ],
        [
          2.467021253949042e-08,
          -0.9999999403953552,
          1.1807346211867298e-08,
          1.7000000476837158
        ],
        [
          0.0,
          0.0,
          0.0,
          1.0
        ]
      ],
      "camera_intrinsics": [
        [
          685.5110473632812,
          0.0,
          480.0
        ],
        [
          0.0,
          685.5110473632812,
          270.0
        ],
        [
          0.0,
          0.0,
          1.0
        ]
      ],
      "data_path": "D:\\Agent-AI\\outputs\\s3a_ml_long_v1\\sample_000022\\images\\CAM_BACK_RIGHT.png",
      "raw_layout": "bgra8"
    },
    "LIDAR_TOP": {
      "type_id": "sensor.lidar.ray_cast",
      "blueprint_attributes": {
        "atmosphere_attenuation_rate": "0.004",
        "role_name": "front",
        "noise_seed": "0",
        "upper_fov": "10.0",
        "ros_name": "sensor.lidar.ray_cast",
        "sensor_tick": "0.100000",
        "channels": "32",
        "range": "120.0",
        "points_per_second": "360000",
        "lower_fov": "-30.0",
        "rotation_frequency": "10.000000",
        "horizontal_fov": "360.0",
        "dropoff_general_rate": "0.0",
        "dropoff_intensity_limit": "1.0",
        "noise_stddev": "0.0",
        "dropoff_zero_intensity": "0.0"
      },
      "transform_carla": {
        "location": {
          "x": 105.08169555664062,
          "y": -32.77828598022461,
          "z": 2.1980245113372803
        },
        "rotation": {
          "roll": 0.05624747276306152,
          "pitch": -0.7637312412261963,
          "yaw": -102.72090911865234
        }
      },
      "matrix_world_from_sensor_carla": [
        [
          -0.2201826423406601,
          0.9754566550254822,
          -0.001977517269551754,
          105.08169555664062
        ],
        [
          -0.9753676652908325,
          -0.22018931806087494,
          -0.013218220323324203,
          -32.77828598022461
        ],
        [
          -0.013329229317605495,
          -0.000981616321951151,
          0.9999107122421265,
          2.1980245113372803
        ],
        [
          0.0,
          0.0,
          0.0,
          1.0
        ]
      ],
      "matrix_world_from_sensor_bevfusion": [
        [
          -0.2201826423406601,
          -0.9754566550254822,
          -0.001977517269551754,
          105.08169555664062
        ],
        [
          0.9753676652908325,
          -0.22018931806087494,
          0.013218220323324203,
          32.77828598022461
        ],
        [
          -0.013329229317605495,
          0.000981616321951151,
          0.9999107122421265,
          2.1980245113372803
        ],
        [
          0.0,
          0.0,
          0.0,
          1.0
        ]
      ],
      "matrix_ego_from_sensor_carla": [
        [
          1.0,
          -3.1059261829113893e-09,
          8.379058558105612e-10,
          -9.5367431640625e-07
        ],
        [
          8.242116322776383e-09,
          0.9999999403953552,
          -1.4427251060489255e-11,
          0.0
        ],
        [
          7.012335712097695e-10,
          1.6050735740513744e-10,
          1.0,
          2.200000047683716
        ],
        [
          0.0,
          0.0,
          0.0,
          1.0
        ]
      ],
      "matrix_ego_from_sensor_bevfusion": [
        [
          1.0,
          3.1059261829113893e-09,
          8.379058558105612e-10,
          -9.5367431640625e-07
        ],
        [
          -8.242116322776383e-09,
          0.9999999403953552,
          1.4427251060489255e-11,
          0.0
        ],
        [
          7.012335712097695e-10,
          -1.6050735740513744e-10,
          1.0,
          2.200000047683716
        ],
        [
          0.0,
          0.0,
          0.0,
          1.0
        ]
      ],
      "data_path": "D:\\Agent-AI\\outputs\\s3a_ml_long_v1\\sample_000022\\lidar\\LIDAR_TOP.npy",
      "raw_layout": [
        "x",
        "y",
        "z",
        "intensity"
      ]
    },
    "RADAR_FRONT": {
      "type_id": "sensor.other.radar",
      "blueprint_attributes": {
        "sensor_tick": "0.100000",
        "role_name": "default",
        "noise_seed": "0",
        "ros_name": "sensor.other.radar",
        "horizontal_fov": "35.0",
        "points_per_second": "1500",
        "vertical_fov": "20.0",
        "range": "120.0"
      },
      "transform_carla": {
        "location": {
          "x": 104.64389038085938,
          "y": -34.71183776855469,
          "z": 0.8714820146560669
        },
        "rotation": {
          "roll": 0.05624747276306152,
          "pitch": -0.7637312412261963,
          "yaw": -102.72090911865234
        }
      },
      "matrix_world_from_sensor_carla": [
        [
          -0.2201826423406601,
          0.9754566550254822,
          -0.001977517269551754,
          104.64389038085938
        ],
        [
          -0.9753676652908325,
          -0.22018931806087494,
          -0.013218220323324203,
          -34.71183776855469
        ],
        [
          -0.013329229317605495,
          -0.000981616321951151,
          0.9999107122421265,
          0.8714820146560669
        ],
        [
          0.0,
          0.0,
          0.0,
          1.0
        ]
      ],
      "matrix_world_from_sensor_bevfusion": [
        [
          -0.2201826423406601,
          -0.9754566550254822,
          -0.001977517269551754,
          104.64389038085938
        ],
        [
          0.9753676652908325,
          -0.22018931806087494,
          0.013218220323324203,
          34.71183776855469
        ],
        [
          -0.013329229317605495,
          0.000981616321951151,
          0.9999107122421265,
          0.8714820146560669
        ],
        [
          0.0,
          0.0,
          0.0,
          1.0
        ]
      ],
      "matrix_ego_from_sensor_carla": [
        [
          1.0,
          -3.1059261829113893e-09,
          8.379058558105612e-10,
          2.000001907348633
        ],
        [
          8.242116322776383e-09,
          0.9999999403953552,
          -1.4427251060489255e-11,
          -1.52587890625e-05
        ],
        [
          7.012335712097695e-10,
          1.6050735740513744e-10,
          1.0,
          0.8999999165534973
        ],
        [
          0.0,
          0.0,
          0.0,
          1.0
        ]
      ],
      "matrix_ego_from_sensor_bevfusion": [
        [
          1.0,
          3.1059261829113893e-09,
          8.379058558105612e-10,
          2.000001907348633
        ],
        [
          -8.242116322776383e-09,
          0.9999999403953552,
          1.4427251060489255e-11,
          1.52587890625e-05
        ],
        [
          7.012335712097695e-10,
          -1.6050735740513744e-10,
          1.0,
          0.8999999165534973
        ],
        [
          0.0,
          0.0,
          0.0,
          1.0
        ]
      ],
      "data_path": "D:\\Agent-AI\\outputs\\s3a_ml_long_v1\\sample_000022\\radar\\RADAR_FRONT.npy",
      "raw_layout": [
        "velocity",
        "altitude",
        "azimuth",
        "depth"
      ]
    },
    "RADAR_FRONT_LEFT": {
      "type_id": "sensor.other.radar",
      "blueprint_attributes": {
        "sensor_tick": "0.100000",
        "role_name": "default",
        "noise_seed": "0",
        "ros_name": "sensor.other.radar",
        "horizontal_fov": "35.0",
        "points_per_second": "1500",
        "vertical_fov": "20.0",
        "range": "120.0"
      },
      "transform_carla": {
        "location": {
          "x": 103.98937225341797,
          "y": -34.205318450927734,
          "z": 0.8768835067749023
        },
        "rotation": {
          "roll": 0.5798261165618896,
          "pitch": -0.500263512134552,
          "yaw": -147.7230224609375
        }
      },
      "matrix_world_from_sensor_carla": [
        [
          -0.8454442620277405,
          0.5340600609779358,
          -0.001977540086954832,
          103.98937225341797
        ],
        [
          -0.5339924097061157,
          -0.8453859686851501,
          -0.013218268752098083,
          -34.205318450927734
        ],
        [
          -0.008731134235858917,
          -0.010119317099452019,
          0.9999107122421265,
          0.8768835067749023
        ],
        [
          0.0,
          0.0,
          0.0,
          1.0
        ]
      ],
      "matrix_world_from_sensor_bevfusion": [
        [
          -0.8454442620277405,
          -0.5340600609779358,
          -0.001977540086954832,
          103.98937225341797
        ],
        [
          0.5339924097061157,
          -0.8453859686851501,
          0.013218268752098083,
          34.205318450927734
        ],
        [
          -0.008731134235858917,
          0.010119317099452019,
          0.9999107122421265,
          0.8768835067749023
        ],
        [
          0.0,
          0.0,
          0.0,
          1.0
        ]
      ],
      "matrix_ego_from_sensor_carla": [
        [
          0.707107424736023,
          0.7071061730384827,
          5.2991971699611895e-08,
          1.6500005722045898
        ],
        [
          -0.7071062326431274,
          0.7071073651313782,
          -1.165595975294309e-08,
          -0.75
        ],
        [
          -4.5047986674262575e-08,
          -2.8119604422727207e-08,
          1.0,
          0.8999999165534973
        ],
        [
          0.0,
          0.0,
          0.0,
          1.0
        ]
      ],
      "matrix_ego_from_sensor_bevfusion": [
        [
          0.707107424736023,
          -0.7071061730384827,
          5.2991971699611895e-08,
          1.6500005722045898
        ],
        [
          0.7071062326431274,
          0.7071073651313782,
          1.165595975294309e-08,
          0.75
        ],
        [
          -4.5047986674262575e-08,
          2.8119604422727207e-08,
          1.0,
          0.8999999165534973
        ],
        [
          0.0,
          0.0,
          0.0,
          1.0
        ]
      ],
      "data_path": "D:\\Agent-AI\\outputs\\s3a_ml_long_v1\\sample_000022\\radar\\RADAR_FRONT_LEFT.npy",
      "raw_layout": [
        "velocity",
        "altitude",
        "azimuth",
        "depth"
      ]
    },
    "RADAR_FRONT_RIGHT": {
      "type_id": "sensor.other.radar",
      "blueprint_attributes": {
