{
  "schema_version": "stage1.v1",
  "sample_name": "sample_000020",
  "sequence_index": 20,
  "previous_sample_name": "sample_000019",
  "frame_id": 3940,
  "timestamp": 41.13108657673001,
  "platform_timestamp": 16816490.345415,
  "delta_seconds": 0.10000000149011612,
  "town": "Carla/Maps/Town10HD_Opt",
  "weather": {
    "cloudiness": 20.0,
    "dust_storm": 0.0,
    "fog_density": 2.0,
    "fog_distance": 0.75,
    "fog_falloff": 0.10000000149011612,
    "mie_scattering_scale": 0.029999999329447746,
    "precipitation": 0.0,
    "precipitation_deposits": 0.0,
    "rayleigh_scattering_scale": 0.03310000151395798,
    "scattering_intensity": 1.0,
    "sun_altitude_angle": 45.0,
    "sun_azimuth_angle": 300.0,
    "wetness": 0.0,
    "wind_intensity": 10.0
  },
  "sensor_names": [
    "CAM_FRONT",
    "CAM_FRONT_RIGHT",
    "CAM_FRONT_LEFT",
    "CAM_BACK",
    "CAM_BACK_LEFT",
    "CAM_BACK_RIGHT",
    "LIDAR_TOP",
    "RADAR_FRONT",
    "RADAR_FRONT_LEFT",
    "RADAR_FRONT_RIGHT",
    "RADAR_BACK_LEFT",
    "RADAR_BACK_RIGHT"
  ],
  "camera_order_for_model": [
    "CAM_FRONT",
    "CAM_FRONT_RIGHT",
    "CAM_FRONT_LEFT",
    "CAM_BACK",
    "CAM_BACK_LEFT",
    "CAM_BACK_RIGHT"
  ],
  "radar_order_for_model": [
    "RADAR_FRONT",
    "RADAR_FRONT_LEFT",
    "RADAR_FRONT_RIGHT",
    "RADAR_BACK_LEFT",
    "RADAR_BACK_RIGHT"
  ],
  "coordinate_notes": {
    "carla_world": "left-handed x-forward y-right z-up",
    "bevfusion_lidar": "x-forward y-left z-up",
    "camera_frame_for_model": "OpenCV style x-right y-down z-forward"
  },
  "ego": {
    "actor_id": 24,
    "transform_carla": {
      "location": {
        "x": 108.6497802734375,
        "y": -32.843631744384766,
        "z": -0.002424392616376281
      },
      "rotation": {
        "roll": 0.5100611448287964,
        "pitch": -0.5157749056816101,
        "yaw": -101.95154571533203
      }
    },
    "velocity_carla": [
      -1.4371381998062134,
      -6.0116472244262695,
      -8.925437578000128e-05
    ],
    "angular_velocity_carla": [
      1.0161120891571045,
      -1.2192586660385132,
      -9.854374885559082
    ],
    "matrix_world_from_ego_carla": [
      [
        -0.20707596838474274,
        0.9783008694648743,
        0.006845089606940746,
        108.6497802734375
      ],
      [
        -0.9782834649085999,
        -0.20699775218963623,
        -0.01064985804259777,
        -32.843631744384766
      ],
      [
        -0.00900184828788042,
        -0.008901768364012241,
        0.9999198317527771,
        -0.002424392616376281
      ],
      [
        0.0,
        0.0,
        0.0,
        1.0
      ]
    ],
    "matrix_world_from_ego_bevfusion": [
      [
        -0.20707596838474274,
        -0.9783008694648743,
        0.006845089606940746,
        108.6497802734375
      ],
      [
        0.9782834649085999,
        -0.20699775218963623,
        0.01064985804259777,
        32.843631744384766
      ],
      [
        -0.00900184828788042,
        0.008901768364012241,
        0.9999198317527771,
        -0.002424392616376281
      ],
      [
        0.0,
        0.0,
        0.0,
        1.0
      ]
    ]
  },
  "sensors": {
    "CAM_FRONT": {
      "type_id": "sensor.camera.rgb",
      "blueprint_attributes": {
        "role_name": "front",
        "ros_name": "sensor.camera.rgb",
        "chromatic_aberration_offset": "0.0",
        "sensor_tick": "0.100000",
        "fstop": "1.4",
        "image_size_x": "960",
        "image_size_y": "540",
        "fov": "70.00",
        "lens_circle_falloff": "5.0",
        "lens_circle_multiplier": "0.0",
        "exposure_compensation": "0.0",
        "lens_y_size": "0.08",
        "lens_k": "-1.0",
        "exposure_mode": "histogram",
        "lens_kcube": "0.0",
        "lens_x_size": "0.08",
        "exposure_max_bright": "12.0",
        "shutter_speed": "200.0",
        "bloom_intensity": "0.675",
        "iso": "100.0",
        "enable_postprocess_effects": "false",
        "gamma": "2.2",
        "motion_blur_intensity": "0.0",
        "motion_blur_max_distortion": "0.35",
        "lens_flare_intensity": "0.1",
        "motion_blur_min_object_screen_size": "0.1",
        "exposure_min_bright": "10.0",
        "exposure_speed_up": "3.0",
        "exposure_speed_down": "1.0",
        "tint": "0.0",
        "calibration_constant": "16.0",
        "focal_distance": "1000.0",
        "min_fstop": "1.2",
        "blade_count": "5",
        "blur_amount": "0.0",
        "blur_radius": "0.0",
        "slope": "0.88",
        "toe": "0.55",
        "white_clip": "0.04",
        "shoulder": "0.26",
        "black_clip": "0.0",
        "temp": "6500.0",
        "chromatic_aberration_intensity": "0.0"
      },
      "transform_carla": {
        "location": {
          "x": 108.3404541015625,
          "y": -34.378074645996094,
          "z": 1.6834865808486938
        },
        "rotation": {
          "roll": 0.5100611448287964,
          "pitch": -0.5157749056816101,
          "yaw": -101.95154571533203
        }
      },
      "matrix_world_from_sensor_carla": [
        [
          -0.20707596838474274,
          0.9783008694648743,
          0.006845089606940746,
          108.3404541015625
        ],
        [
          -0.9782834649085999,
          -0.20699775218963623,
          -0.01064985804259777,
          -34.378074645996094
        ],
        [
          -0.00900184828788042,
          -0.008901768364012241,
          0.9999198317527771,
          1.6834865808486938
        ],
        [
          0.0,
          0.0,
          0.0,
          1.0
        ]
      ],
      "matrix_world_from_sensor_bevfusion": [
        [
          0.9783008694648743,
          -0.006845089606940746,
          -0.20707596838474274,
          108.3404541015625
        ],
        [
          0.20699775218963623,
          -0.01064985804259777,
          0.9782834649085999,
          34.378074645996094
        ],
        [
          -0.008901768364012241,
          -0.9999198317527771,
          -0.00900184828788042,
          1.6834865808486938
        ],
        [
          0.0,
          0.0,
          0.0,
          1.0
        ]
      ],
      "matrix_ego_from_sensor_carla": [
        [
          1.0,
          1.2868984988756438e-08,
          8.186515909613945e-10,
          1.5500001907348633
        ],
        [
          -2.3513035962707818e-09,
          1.0,
          2.460747716703793e-10,
          7.62939453125e-06
        ],
        [
          2.821742839387298e-10,
          -2.845119695393805e-10,
          1.0,
          1.7000000476837158
        ],
        [
          0.0,
          0.0,
          0.0,
          1.0
        ]
      ],
      "matrix_ego_from_sensor_bevfusion": [
        [
          1.2868984988756438e-08,
          -8.186515909613945e-10,
          1.0,
          1.5500001907348633
        ],
        [
          -1.0,
          2.460747716703793e-10,
          2.3513035962707818e-09,
          -7.62939453125e-06
        ],
        [
          -2.845119695393805e-10,
          -1.0,
          2.821742839387298e-10,
          1.7000000476837158
        ],
        [
          0.0,
          0.0,
          0.0,
          1.0
        ]
      ],
      "camera_intrinsics": [
        [
          685.5110473632812,
          0.0,
          480.0
        ],
        [
          0.0,
          685.5110473632812,
          270.0
        ],
        [
          0.0,
          0.0,
          1.0
        ]
      ],
      "data_path": "D:\\Agent-AI\\outputs\\s3a_left_v3\\sample_000020\\images\\CAM_FRONT.png",
      "raw_layout": "bgra8"
    },
    "CAM_FRONT_RIGHT": {
      "type_id": "sensor.camera.rgb",
      "blueprint_attributes": {
        "role_name": "front",
        "ros_name": "sensor.camera.rgb",
        "chromatic_aberration_offset": "0.0",
        "sensor_tick": "0.100000",
        "fstop": "1.4",
        "image_size_x": "960",
        "image_size_y": "540",
        "fov": "70.00",
        "lens_circle_falloff": "5.0",
        "lens_circle_multiplier": "0.0",
        "exposure_compensation": "0.0",
        "lens_y_size": "0.08",
        "lens_k": "-1.0",
        "exposure_mode": "histogram",
        "lens_kcube": "0.0",
        "lens_x_size": "0.08",
        "exposure_max_bright": "12.0",
        "shutter_speed": "200.0",
        "bloom_intensity": "0.675",
        "iso": "100.0",
        "enable_postprocess_effects": "false",
        "gamma": "2.2",
        "motion_blur_intensity": "0.0",
        "motion_blur_max_distortion": "0.35",
        "lens_flare_intensity": "0.1",
        "motion_blur_min_object_screen_size": "0.1",
        "exposure_min_bright": "10.0",
        "exposure_speed_up": "3.0",
        "exposure_speed_down": "1.0",
        "tint": "0.0",
        "calibration_constant": "16.0",
        "focal_distance": "1000.0",
        "min_fstop": "1.2",
        "blade_count": "5",
        "blur_amount": "0.0",
        "blur_radius": "0.0",
        "slope": "0.88",
        "toe": "0.55",
        "white_clip": "0.04",
        "shoulder": "0.26",
        "black_clip": "0.0",
        "temp": "6500.0",
        "chromatic_aberration_intensity": "0.0"
      },
      "transform_carla": {
        "location": {
          "x": 108.93029022216797,
          "y": -34.247352600097656,
          "z": 1.6808409690856934
        },
        "rotation": {
          "roll": -0.12996123731136322,
          "pitch": -0.7136454582214355,
          "yaw": -46.948429107666016
        }
      },
      "matrix_world_from_sensor_carla": [
        [
          0.6826034188270569,
          0.7307569980621338,
          0.006845058873295784,
          108.93029022216797
        ],
        [
          -0.7306828498840332,
          0.6826339960098267,
          -0.010649874806404114,
          -34.247352600097656
        ],
        [
          -0.012455140240490437,
          0.002268073847517371,
          0.9999198913574219,
          1.6808409690856934
        ],
        [
          0.0,
          0.0,
          0.0,
          1.0
        ]
      ],
      "matrix_world_from_sensor_bevfusion": [
        [
          0.7307569980621338,
          -0.006845058873295784,
          0.6826034188270569,
          108.93029022216797
        ],
        [
          -0.6826339960098267,
          -0.010649874806404114,
          0.7306828498840332,
          34.247352600097656
        ],
        [
          0.002268073847517371,
          -0.9999198913574219,
          -0.012455140240490437,
          1.6808409690856934
        ],
        [
          0.0,
          0.0,
          0.0,
          1.0
        ]
      ],
      "matrix_ego_from_sensor_carla": [
        [
          0.5735763311386108,
          -0.8191522359848022,
          2.263384146772296e-08,
          1.3000001907348633
        ],
        [
          0.8191521763801575,
          0.5735763907432556,
          -2.7292866633388257e-08,
          0.5500106811523438
        ],
        [
          9.631126118847533e-09,
          3.4607349874704596e-08,
          1.0000001192092896,
          1.7000000476837158
        ],
        [
          0.0,
          0.0,
          0.0,
          1.0
        ]
      ],
      "matrix_ego_from_sensor_bevfusion": [
        [
          -0.8191522359848022,
          -2.263384146772296e-08,
          0.5735763311386108,
          1.3000001907348633
        ],
        [
          -0.5735763907432556,
          -2.7292866633388257e-08,
          -0.8191521763801575,
          -0.5500106811523438
        ],
        [
          3.4607349874704596e-08,
          -1.0000001192092896,
          9.631126118847533e-09,
          1.7000000476837158
        ],
        [
          0.0,
          0.0,
          0.0,
          1.0
        ]
      ],
      "camera_intrinsics": [
        [
          685.5110473632812,
          0.0,
          480.0
        ],
        [
          0.0,
          685.5110473632812,
          270.0
        ],
        [
          0.0,
          0.0,
          1.0
        ]
      ],
      "data_path": "D:\\Agent-AI\\outputs\\s3a_left_v3\\sample_000020\\images\\CAM_FRONT_RIGHT.png",
      "raw_layout": "bgra8"
    },
    "CAM_FRONT_LEFT": {
      "type_id": "sensor.camera.rgb",
      "blueprint_attributes": {
        "role_name": "front",
        "ros_name": "sensor.camera.rgb",
        "chromatic_aberration_offset": "0.0",
        "sensor_tick": "0.100000",
        "fstop": "1.4",
        "image_size_x": "960",
        "image_size_y": "540",
        "fov": "70.00",
        "lens_circle_falloff": "5.0",
        "lens_circle_multiplier": "0.0",
        "exposure_compensation": "0.0",
        "lens_y_size": "0.08",
        "lens_k": "-1.0",
        "exposure_mode": "histogram",
        "lens_kcube": "0.0",
        "lens_x_size": "0.08",
        "exposure_max_bright": "12.0",
        "shutter_speed": "200.0",
        "bloom_intensity": "0.675",
        "iso": "100.0",
        "enable_postprocess_effects": "false",
        "gamma": "2.2",
        "motion_blur_intensity": "0.0",
        "motion_blur_max_distortion": "0.35",
        "lens_flare_intensity": "0.1",
        "motion_blur_min_object_screen_size": "0.1",
        "exposure_min_bright": "10.0",
        "exposure_speed_up": "3.0",
        "exposure_speed_down": "1.0",
        "tint": "0.0",
        "calibration_constant": "16.0",
        "focal_distance": "1000.0",
        "min_fstop": "1.2",
        "blade_count": "5",
        "blur_amount": "0.0",
        "blur_radius": "0.0",
        "slope": "0.88",
        "toe": "0.55",
        "white_clip": "0.04",
        "shoulder": "0.26",
        "black_clip": "0.0",
        "temp": "6500.0",
        "chromatic_aberration_intensity": "0.0"
      },
      "transform_carla": {
        "location": {
          "x": 107.85415649414062,
          "y": -34.019657135009766,
          "z": 1.690632939338684
        },
        "rotation": {
          "roll": 0.715057909488678,
          "pitch": 0.12196668237447739,
          "yaw": -156.948486328125
        }
      },
      "matrix_world_from_sensor_carla": [
        [
          -0.9201511144638062,
          0.39150363206863403,
          0.0068451641127467155,
          107.85415649414062
        ],
        [
          -0.3915576934814453,
          -0.9200919270515442,
          -0.010649866424500942,
          -34.019657135009766
        ],
        [
          0.002128718653693795,
          -0.01247976254671812,
          0.9999198317527771,
          1.690632939338684
        ],
        [
          0.0,
          0.0,
          0.0,
          1.0
        ]
      ],
      "matrix_world_from_sensor_bevfusion": [
        [
          0.39150363206863403,
          -0.0068451641127467155,
          -0.9201511144638062,
          107.85415649414062
        ],
        [
          0.9200919270515442,
          -0.010649866424500942,
          0.3915576934814453,
          34.019657135009766
        ],
        [
          -0.01247976254671812,
          -0.9999198317527771,
          0.002128718653693795,
          1.690632939338684
        ],
        [
          0.0,
          0.0,
          0.0,
          1.0
        ]
      ],
      "matrix_ego_from_sensor_carla": [
        [
          0.5735764503479004,
          0.8191520571708679,
          -6.631928783917829e-09,
          1.3000030517578125
        ],
        [
          -0.8191521167755127,
          0.5735764503479004,
          7.475188112948672e-08,
          -0.5500030517578125
        ],
        [
          6.416452436042164e-08,
          -3.589386565749919e-08,
          1.0,
          1.7000000476837158
        ],
        [
          0.0,
          0.0,
          0.0,
          1.0
        ]
      ],
      "matrix_ego_from_sensor_bevfusion": [
        [
          0.8191520571708679,
          6.631928783917829e-09,
          0.5735764503479004,
          1.3000030517578125
        ],
        [
          -0.5735764503479004,
          7.475188112948672e-08,
          0.8191521167755127,
          0.5500030517578125
        ],
        [
          -3.589386565749919e-08,
          -1.0,
          6.416452436042164e-08,
          1.7000000476837158
        ],
        [
          0.0,
          0.0,
          0.0,
          1.0
        ]
      ],
      "camera_intrinsics": [
        [
          685.5110473632812,
          0.0,
          480.0
        ],
        [
          0.0,
          685.5110473632812,
          270.0
        ],
        [
          0.0,
          0.0,
          1.0
        ]
      ],
      "data_path": "D:\\Agent-AI\\outputs\\s3a_left_v3\\sample_000020\\images\\CAM_FRONT_LEFT.png",
      "raw_layout": "bgra8"
    },
    "CAM_BACK": {
      "type_id": "sensor.camera.rgb",
      "blueprint_attributes": {
        "role_name": "front",
        "ros_name": "sensor.camera.rgb",
        "chromatic_aberration_offset": "0.0",
        "sensor_tick": "0.100000",
        "fstop": "1.4",
        "image_size_x": "960",
        "image_size_y": "540",
        "fov": "70.00",
        "lens_circle_falloff": "5.0",
        "lens_circle_multiplier": "0.0",
        "exposure_compensation": "0.0",
        "lens_y_size": "0.08",
        "lens_k": "-1.0",
        "exposure_mode": "histogram",
        "lens_kcube": "0.0",
        "lens_x_size": "0.08",
        "exposure_max_bright": "12.0",
        "shutter_speed": "200.0",
        "bloom_intensity": "0.675",
        "iso": "100.0",
        "enable_postprocess_effects": "false",
        "gamma": "2.2",
        "motion_blur_intensity": "0.0",
        "motion_blur_max_distortion": "0.35",
        "lens_flare_intensity": "0.1",
        "motion_blur_min_object_screen_size": "0.1",
        "exposure_min_bright": "10.0",
        "exposure_speed_up": "3.0",
        "exposure_speed_down": "1.0",
        "tint": "0.0",
        "calibration_constant": "16.0",
        "focal_distance": "1000.0",
        "min_fstop": "1.2",
        "blade_count": "5",
        "blur_amount": "0.0",
        "blur_radius": "0.0",
        "slope": "0.88",
        "toe": "0.55",
        "white_clip": "0.04",
        "shoulder": "0.26",
        "black_clip": "0.0",
        "temp": "6500.0",
        "chromatic_aberration_intensity": "0.0"
      },
      "transform_carla": {
        "location": {
          "x": 108.98239135742188,
          "y": -31.34539794921875,
          "z": 1.7113921642303467
        },
        "rotation": {
          "roll": -0.5100609660148621,
          "pitch": 0.5157749056816101,
          "yaw": 78.04844665527344
        }
      },
      "matrix_world_from_sensor_carla": [
        [
          0.20707611739635468,
          -0.9783008098602295,
          0.006845085881650448,
          108.98239135742188
        ],
        [
          0.9782834053039551,
          0.20699790120124817,
          -0.010649858973920345,
          -31.34539794921875
        ],
        [
          0.00900184828788042,
          0.008901765570044518,
          0.9999198317527771,
          1.7113921642303467
        ],
        [
          0.0,
          0.0,
          0.0,
          1.0
        ]
      ],
      "matrix_world_from_sensor_bevfusion": [
        [
          -0.9783008098602295,
          -0.006845085881650448,
          0.20707611739635468,
          108.98239135742188
        ],
        [
          -0.20699790120124817,
          -0.010649858973920345,
          -0.9782834053039551,
          31.34539794921875
        ],
        [
          0.008901765570044518,
          -0.9999198317527771,
          0.00900184828788042,
          1.7113921642303467
        ],
        [
          0.0,
          0.0,
          0.0,
          1.0
        ]
      ],
      "matrix_ego_from_sensor_carla": [
        [
          -1.0,
          -1.7351881353988574e-07,
          2.6812967401923515e-09,
          -1.5499992370605469
        ],
        [
          1.6369565969398536e-07,
          -1.0,
          -3.479215582302686e-09,
          7.62939453125e-06
        ],
        [
          1.5804708652922272e-09,
          -4.371877082576248e-09,
          1.0,
          1.7000000476837158
        ],
        [
          0.0,
          0.0,
          0.0,
          1.0
        ]
      ],
      "matrix_ego_from_sensor_bevfusion": [
        [
          -1.7351881353988574e-07,
          -2.6812967401923515e-09,
          -1.0,
          -1.5499992370605469
        ],
        [
          1.0,
          -3.479215582302686e-09,
          -1.6369565969398536e-07,
          -7.62939453125e-06
        ],
        [
          -4.371877082576248e-09,
          -1.0,
          1.5804708652922272e-09,
          1.7000000476837158
        ],
        [
          0.0,
          0.0,
          0.0,
          1.0
        ]
      ],
      "camera_intrinsics": [
        [
          685.5110473632812,
          0.0,
          480.0
        ],
        [
          0.0,
          685.5110473632812,
          270.0
        ],
        [
          0.0,
          0.0,
          1.0
        ]
      ],
      "data_path": "D:\\Agent-AI\\outputs\\s3a_left_v3\\sample_000020\\images\\CAM_BACK.png",
      "raw_layout": "bgra8"
    },
    "CAM_BACK_LEFT": {
      "type_id": "sensor.camera.rgb",
      "blueprint_attributes": {
        "role_name": "front",
        "ros_name": "sensor.camera.rgb",
        "chromatic_aberration_offset": "0.0",
        "sensor_tick": "0.100000",
        "fstop": "1.4",
        "image_size_x": "960",
        "image_size_y": "540",
        "fov": "70.00",
        "lens_circle_falloff": "5.0",
        "lens_circle_multiplier": "0.0",
        "exposure_compensation": "0.0",
        "lens_y_size": "0.08",
        "lens_k": "-1.0",
        "exposure_mode": "histogram",
        "lens_kcube": "0.0",
        "lens_x_size": "0.08",
        "exposure_max_bright": "12.0",
        "shutter_speed": "200.0",
        "bloom_intensity": "0.675",
        "iso": "100.0",
        "enable_postprocess_effects": "false",
        "gamma": "2.2",
        "motion_blur_intensity": "0.0",
        "motion_blur_max_distortion": "0.35",
        "lens_flare_intensity": "0.1",
        "motion_blur_min_object_screen_size": "0.1",
        "exposure_min_bright": "10.0",
        "exposure_speed_up": "3.0",
        "exposure_speed_down": "1.0",
        "tint": "0.0",
        "calibration_constant": "16.0",
        "focal_distance": "1000.0",
        "min_fstop": "1.2",
        "blade_count": "5",
        "blur_amount": "0.0",
        "blur_radius": "0.0",
        "slope": "0.88",
        "toe": "0.55",
        "white_clip": "0.04",
        "shoulder": "0.26",
        "black_clip": "0.0",
        "temp": "6500.0",
        "chromatic_aberration_intensity": "0.0"
      },
      "transform_carla": {
        "location": {
          "x": 108.3925552368164,
          "y": -31.476119995117188,
          "z": 1.7140377759933472
        },
        "rotation": {
          "roll": 0.12996134161949158,
          "pitch": 0.7136454582214355,
          "yaw": 133.0515594482422
        }
      },
      "matrix_world_from_sensor_carla": [
        [
          -0.6826031804084778,
          -0.7307572364807129,
          0.006845054216682911,
          108.3925552368164
        ],
        [
          0.7306830883026123,
          -0.6826337575912476,
          -0.010649878531694412,
          -31.476119995117188
        ],
        [
          0.012455140240490437,
          -0.0022680757101625204,
          0.9999198913574219,
          1.7140377759933472
        ],
        [
          0.0,
          0.0,
          0.0,
          1.0
        ]
      ],
      "matrix_world_from_sensor_bevfusion": [
        [
          -0.7307572364807129,
          -0.006845054216682911,
          -0.6826031804084778,
          108.3925552368164
        ],
        [
          0.6826337575912476,
          -0.010649878531694412,
          -0.7306830883026123,
          31.476119995117188
        ],
        [
          -0.0022680757101625204,
          -0.9999198913574219,
          0.012455140240490437,
          1.7140377759933472
        ],
        [
          0.0,
          0.0,
          0.0,
          1.0
        ]
      ],
      "matrix_ego_from_sensor_carla": [
        [
          -0.5735765695571899,
          0.8191519975662231,
          2.7290454340800352e-08,
          -1.2999982833862305
        ],
        [
          -0.8191519975662231,
          -0.5735766887664795,
          -3.101815693185017e-08,
          -0.5499954223632812
        ],
        [
          -1.0562448693463011e-08,
          -4.042796675207683e-08,
          1.0000001192092896,
          1.7000000476837158
        ],
        [
          0.0,
          0.0,
          0.0,
          1.0
        ]
      ],
      "matrix_ego_from_sensor_bevfusion": [
        [
          0.8191519975662231,
          -2.7290454340800352e-08,
          -0.5735765695571899,
          -1.2999982833862305
        ],
        [
          0.5735766887664795,
          -3.101815693185017e-08,
          0.8191519975662231,
          0.5499954223632812
        ],
        [
          -4.042796675207683e-08,
          -1.0000001192092896,
          -1.0562448693463011e-08,
          1.7000000476837158
        ],
        [
          0.0,
          0.0,
          0.0,
          1.0
        ]
      ],
      "camera_intrinsics": [
        [
          685.5110473632812,
          0.0,
          480.0
        ],
        [
          0.0,
          685.5110473632812,
          270.0
        ],
        [
          0.0,
          0.0,
          1.0
        ]
      ],
      "data_path": "D:\\Agent-AI\\outputs\\s3a_left_v3\\sample_000020\\images\\CAM_BACK_LEFT.png",
      "raw_layout": "bgra8"
    },
    "CAM_BACK_RIGHT": {
      "type_id": "sensor.camera.rgb",
      "blueprint_attributes": {
        "role_name": "front",
        "ros_name": "sensor.camera.rgb",
        "chromatic_aberration_offset": "0.0",
        "sensor_tick": "0.100000",
        "fstop": "1.4",
        "image_size_x": "960",
        "image_size_y": "540",
        "fov": "70.00",
        "lens_circle_falloff": "5.0",
        "lens_circle_multiplier": "0.0",
        "exposure_compensation": "0.0",
        "lens_y_size": "0.08",
        "lens_k": "-1.0",
        "exposure_mode": "histogram",
        "lens_kcube": "0.0",
        "lens_x_size": "0.08",
        "exposure_max_bright": "12.0",
        "shutter_speed": "200.0",
        "bloom_intensity": "0.675",
        "iso": "100.0",
        "enable_postprocess_effects": "false",
        "gamma": "2.2",
        "motion_blur_intensity": "0.0",
        "motion_blur_max_distortion": "0.35",
        "lens_flare_intensity": "0.1",
        "motion_blur_min_object_screen_size": "0.1",
        "exposure_min_bright": "10.0",
        "exposure_speed_up": "3.0",
        "exposure_speed_down": "1.0",
        "tint": "0.0",
        "calibration_constant": "16.0",
        "focal_distance": "1000.0",
        "min_fstop": "1.2",
        "blade_count": "5",
        "blur_amount": "0.0",
        "blur_radius": "0.0",
        "slope": "0.88",
        "toe": "0.55",
        "white_clip": "0.04",
        "shoulder": "0.26",
        "black_clip": "0.0",
        "temp": "6500.0",
        "chromatic_aberration_intensity": "0.0"
      },
      "transform_carla": {
        "location": {
          "x": 109.46868133544922,
          "y": -31.70381736755371,
          "z": 1.704245924949646
        },
        "rotation": {
          "roll": -0.7150578498840332,
          "pitch": -0.12196668237447739,
          "yaw": 23.051485061645508
        }
      },
      "matrix_world_from_sensor_carla": [
        [
          0.9201512932777405,
          -0.3915031850337982,
          0.006845158524811268,
          109.46868133544922
        ],
        [
          0.3915572464466095,
          0.9200921058654785,
          -0.010649869218468666,
          -31.70381736755371
        ],
        [
          -0.002128718653693795,
          0.012479761615395546,
          0.9999198317527771,
          1.704245924949646
        ],
        [
          0.0,
          0.0,
          0.0,
          1.0
        ]
      ],
      "matrix_world_from_sensor_bevfusion": [
        [
          -0.3915031850337982,
          -0.006845158524811268,
          0.9201512932777405,
          109.46868133544922
        ],
        [
          -0.9200921058654785,
          -0.010649869218468666,
          -0.3915572464466095,
          31.70381736755371
        ],
        [
          0.012479761615395546,
          -0.9999198317527771,
          -0.002128718653693795,
          1.704245924949646
        ],
        [
          0.0,
          0.0,
          0.0,
          1.0
        ]
      ],
      "matrix_ego_from_sensor_carla": [
        [
          -0.5735760927200317,
          -0.8191523551940918,
          -2.9066387075005196e-09,
          -1.299997329711914
        ],
        [
          0.8191524147987366,
          -0.573576033115387,
          6.916394568179385e-08,
          0.5500106811523438
        ],
        [
          -5.8343761821788576e-08,
          3.5893940264486446e-08,
          1.0,
          1.7000000476837158
        ],
        [
          0.0,
          0.0,
          0.0,
          1.0
        ]
      ],
      "matrix_ego_from_sensor_bevfusion": [
        [
          -0.8191523551940918,
          2.9066387075005196e-09,
          -0.5735760927200317,
          -1.299997329711914
        ],
        [
          0.573576033115387,
          6.916394568179385e-08,
          -0.8191524147987366,
          -0.5500106811523438
        ],
        [
          3.5893940264486446e-08,
          -1.0,
          -5.8343761821788576e-08,
          1.7000000476837158
        ],
        [
          0.0,
          0.0,
          0.0,
          1.0
        ]
      ],
      "camera_intrinsics": [
        [
          685.5110473632812,
          0.0,
          480.0
        ],
        [
          0.0,
          685.5110473632812,
          270.0
        ],
        [
          0.0,
          0.0,
          1.0
        ]
      ],
      "data_path": "D:\\Agent-AI\\outputs\\s3a_left_v3\\sample_000020\\images\\CAM_BACK_RIGHT.png",
      "raw_layout": "bgra8"
    },
    "LIDAR_TOP": {
      "type_id": "sensor.lidar.ray_cast",
      "blueprint_attributes": {
        "atmosphere_attenuation_rate": "0.004",
        "role_name": "front",
        "noise_seed": "0",
        "upper_fov": "10.0",
        "ros_name": "sensor.lidar.ray_cast",
        "sensor_tick": "0.100000",
        "channels": "32",
        "range": "120.0",
        "points_per_second": "360000",
        "lower_fov": "-30.0",
        "rotation_frequency": "10.000000",
        "horizontal_fov": "360.0",
        "dropoff_general_rate": "0.0",
        "dropoff_intensity_limit": "1.0",
        "noise_stddev": "0.0",
        "dropoff_zero_intensity": "0.0"
      },
      "transform_carla": {
        "location": {
          "x": 108.66484069824219,
          "y": -32.867061614990234,
          "z": 2.197399139404297
        },
        "rotation": {
          "roll": 0.5100611448287964,
          "pitch": -0.5157749056816101,
          "yaw": -101.95154571533203
        }
      },
      "matrix_world_from_sensor_carla": [
        [
          -0.20707596838474274,
          0.9783008694648743,
          0.006845089606940746,
          108.66484069824219
        ],
        [
          -0.9782834649085999,
          -0.20699775218963623,
          -0.01064985804259777,
          -32.867061614990234
        ],
        [
          -0.00900184828788042,
          -0.008901768364012241,
          0.9999198317527771,
          2.197399139404297
        ],
        [
          0.0,
          0.0,
          0.0,
          1.0
        ]
      ],
      "matrix_world_from_sensor_bevfusion": [
        [
          -0.20707596838474274,
          -0.9783008694648743,
          0.006845089606940746,
          108.66484069824219
        ],
        [
          0.9782834649085999,
          -0.20699775218963623,
          0.01064985804259777,
          32.867061614990234
        ],
        [
          -0.00900184828788042,
          0.008901768364012241,
          0.9999198317527771,
          2.197399139404297
        ],
        [
          0.0,
          0.0,
          0.0,
          1.0
        ]
      ],
      "matrix_ego_from_sensor_carla": [
        [
          1.0,
          1.2868984988756438e-08,
          8.186515909613945e-10,
          1.9073486328125e-06
        ],
        [
          -2.3513035962707818e-09,
          1.0,
          2.460747716703793e-10,
          0.0
        ],
        [
          2.821742839387298e-10,
          -2.845119695393805e-10,
          1.0,
          2.1999998092651367
        ],
        [
          0.0,
          0.0,
          0.0,
          1.0
        ]
      ],
      "matrix_ego_from_sensor_bevfusion": [
        [
          1.0,
          -1.2868984988756438e-08,
          8.186515909613945e-10,
          1.9073486328125e-06
        ],
        [
          2.3513035962707818e-09,
          1.0,
          -2.460747716703793e-10,
          0.0
        ],
        [
          2.821742839387298e-10,
          2.845119695393805e-10,
          1.0,
          2.1999998092651367
        ],
        [
          0.0,
          0.0,
          0.0,
          1.0
        ]
      ],
      "data_path": "D:\\Agent-AI\\outputs\\s3a_left_v3\\sample_000020\\lidar\\LIDAR_TOP.npy",
      "raw_layout": [
        "x",
        "y",
        "z",
        "intensity"
      ]
    },
    "RADAR_FRONT": {
      "type_id": "sensor.other.radar",
      "blueprint_attributes": {
        "sensor_tick": "0.100000",
        "role_name": "default",
        "noise_seed": "0",
        "ros_name": "sensor.other.radar",
        "horizontal_fov": "35.0",
        "points_per_second": "1500",
        "vertical_fov": "20.0",
        "range": "120.0"
      },
      "transform_carla": {
        "location": {
          "x": 108.24179077148438,
          "y": -34.809783935546875,
          "z": 0.8794997334480286
        },
        "rotation": {
          "roll": 0.5100611448287964,
          "pitch": -0.5157749056816101,
          "yaw": -101.95154571533203
        }
      },
      "matrix_world_from_sensor_carla": [
        [
          -0.20707596838474274,
          0.9783008694648743,
          0.006845089606940746,
          108.24179077148438
        ],
        [
          -0.9782834649085999,
          -0.20699775218963623,
          -0.01064985804259777,
          -34.809783935546875
        ],
        [
          -0.00900184828788042,
          -0.008901768364012241,
          0.9999198317527771,
          0.8794997334480286
        ],
        [
          0.0,
          0.0,
          0.0,
          1.0
        ]
      ],
      "matrix_world_from_sensor_bevfusion": [
        [
          -0.20707596838474274,
          -0.9783008694648743,
          0.006845089606940746,
          108.24179077148438
        ],
        [
          0.9782834649085999,
          -0.20699775218963623,
          0.01064985804259777,
          34.809783935546875
        ],
        [
          -0.00900184828788042,
          0.008901768364012241,
          0.9999198317527771,
          0.8794997334480286
        ],
        [
          0.0,
          0.0,
          0.0,
          1.0
        ]
      ],
      "matrix_ego_from_sensor_carla": [
        [
          1.0,
          1.2868984988756438e-08,
          8.186515909613945e-10,
          2.0000009536743164
        ],
        [
          -2.3513035962707818e-09,
          1.0,
          2.460747716703793e-10,
          7.62939453125e-06
        ],
        [
          2.821742839387298e-10,
          -2.845119695393805e-10,
          1.0,
          0.8999998569488525
        ],
        [
          0.0,
          0.0,
          0.0,
          1.0
        ]
      ],
      "matrix_ego_from_sensor_bevfusion": [
        [
          1.0,
          -1.2868984988756438e-08,
          8.186515909613945e-10,
          2.0000009536743164
        ],
        [
          2.3513035962707818e-09,
          1.0,
          -2.460747716703793e-10,
          -7.62939453125e-06
        ],
        [
          2.821742839387298e-10,
          2.845119695393805e-10,
          1.0,
          0.8999998569488525
        ],
        [
          0.0,
          0.0,
          0.0,
          1.0
        ]
      ],
      "data_path": "D:\\Agent-AI\\outputs\\s3a_left_v3\\sample_000020\\radar\\RADAR_FRONT.npy",
      "raw_layout": [
        "velocity",
        "altitude",
        "azimuth",
        "depth"
      ]
    },
    "RADAR_FRONT_LEFT": {
      "type_id": "sensor.other.radar",
      "blueprint_attributes": {
        "sensor_tick": "0.100000",
        "role_name": "default",
        "noise_seed": "0",
        "ros_name": "sensor.other.radar",
        "horizontal_fov": "35.0",
        "points_per_second": "1500",
        "vertical_fov": "20.0",
        "range": "120.0"
      },
      "transform_carla": {
        "location": {
          "x": 107.5805435180664,
          "y": -34.3121337890625,
          "z": 0.8893266320228577
        },
        "rotation": {
          "roll": 0.7253725528717041,
          "pitch": -0.004057132173329592,
          "yaw": -146.94924926757812
        }
      },
      "matrix_world_from_sensor_carla": [
        [
          -0.8381878733634949,
          0.5453386902809143,
          0.006845075637102127,
          107.5805435180664
        ],
        [
          -0.5453816652297974,
          -0.8381202220916748,
          -0.010649907402694225,
          -34.3121337890625
        ],
        [
          -7.081031071720645e-05,
          -0.012659801170229912,
          0.9999198317527771,
          0.8893266320228577
        ],
        [
          0.0,
          0.0,
          0.0,
          1.0
        ]
      ],
      "matrix_world_from_sensor_bevfusion": [
        [
          -0.8381878733634949,
          -0.5453386902809143,
          0.006845075637102127,
          107.5805435180664
        ],
        [
          0.5453816652297974,
          -0.8381202220916748,
          0.010649907402694225,
          34.3121337890625
        ],
        [
          -7.081031071720645e-05,
          0.012659801170229912,
          0.9999198317527771,
          0.8893266320228577
        ],
        [
          0.0,
          0.0,
          0.0,
          1.0
        ]
      ],
      "matrix_ego_from_sensor_carla": [
        [
          0.7071070671081543,
          0.7071065902709961,
          5.204139341685732e-08,
          1.649998664855957
        ],
        [
          -0.7071065902709961,
          0.7071071267127991,
          -3.479215582302686e-09,
          -0.75
        ],
        [
          -3.914010449079797e-08,
          -3.171576423710576e-08,
          1.0,
          0.8999998569488525
        ],
        [
          0.0,
          0.0,
          0.0,
          1.0
        ]
      ],
      "matrix_ego_from_sensor_bevfusion": [
        [
          0.7071070671081543,
          -0.7071065902709961,
          5.204139341685732e-08,
          1.649998664855957
        ],
        [
          0.7071065902709961,
          0.7071071267127991,
          3.479215582302686e-09,
          0.75
        ],
        [
          -3.914010449079797e-08,
          3.171576423710576e-08,
          1.0,
          0.8999998569488525
        ],
        [
          0.0,
          0.0,
          0.0,
          1.0
        ]
      ],
      "data_path": "D:\\Agent-AI\\outputs\\s3a_left_v3\\sample_000020\\radar\\RADAR_FRONT_LEFT.npy",
      "raw_layout": [
        "velocity",
        "altitude",
        "azimuth",
        "depth"
      ]
    },
    "RADAR_FRONT_RIGHT": {
      "type_id": "sensor.other.radar",
      "blueprint_attributes": {
        "sensor_tick": "0.100000",
        "role_name": "default",
        "noise_seed": "0",
        "ros_name": "sensor.other.radar",
        "horizontal_fov": "35.0",
