{
  "schema_version": "stage1.v1",
  "sample_name": "sample_000014",
  "sequence_index": 14,
  "previous_sample_name": "sample_000013",
  "frame_id": 60015,
  "timestamp": 436.4197007715702,
  "platform_timestamp": 16814567.2422952,
  "delta_seconds": 0.10000000149011612,
  "town": "Carla/Maps/Town10HD_Opt",
  "weather": {
    "cloudiness": 20.0,
    "dust_storm": 0.0,
    "fog_density": 2.0,
    "fog_distance": 0.75,
    "fog_falloff": 0.10000000149011612,
    "mie_scattering_scale": 0.029999999329447746,
    "precipitation": 0.0,
    "precipitation_deposits": 0.0,
    "rayleigh_scattering_scale": 0.03310000151395798,
    "scattering_intensity": 1.0,
    "sun_altitude_angle": 45.0,
    "sun_azimuth_angle": 300.0,
    "wetness": 0.0,
    "wind_intensity": 10.0
  },
  "sensor_names": [
    "CAM_FRONT",
    "CAM_FRONT_RIGHT",
    "CAM_FRONT_LEFT",
    "CAM_BACK",
    "CAM_BACK_LEFT",
    "CAM_BACK_RIGHT",
    "LIDAR_TOP",
    "RADAR_FRONT",
    "RADAR_FRONT_LEFT",
    "RADAR_FRONT_RIGHT",
    "RADAR_BACK_LEFT",
    "RADAR_BACK_RIGHT"
  ],
  "camera_order_for_model": [
    "CAM_FRONT",
    "CAM_FRONT_RIGHT",
    "CAM_FRONT_LEFT",
    "CAM_BACK",
    "CAM_BACK_LEFT",
    "CAM_BACK_RIGHT"
  ],
  "radar_order_for_model": [
    "RADAR_FRONT",
    "RADAR_FRONT_LEFT",
    "RADAR_FRONT_RIGHT",
    "RADAR_BACK_LEFT",
    "RADAR_BACK_RIGHT"
  ],
  "coordinate_notes": {
    "carla_world": "left-handed x-forward y-right z-up",
    "bevfusion_lidar": "x-forward y-left z-up",
    "camera_frame_for_model": "OpenCV style x-right y-down z-forward"
  },
  "ego": {
    "actor_id": 28,
    "transform_carla": {
      "location": {
        "x": 105.68063354492188,
        "y": -29.94137954711914,
        "z": -0.005075187422335148
      },
      "rotation": {
        "roll": 0.5631989240646362,
        "pitch": 0.1965523362159729,
        "yaw": -98.89319610595703
      }
    },
    "velocity_carla": [
      -1.4599920511245728,
      -8.35333251953125,
      7.499694766011089e-05
    ],
    "angular_velocity_carla": [
      2.3605427742004395,
      -0.7442208528518677,
      -11.611802101135254
    ],
    "matrix_world_from_ego_carla": [
      [
        -0.1545921415090561,
        0.9879252910614014,
        0.01024165190756321,
        105.68063354492188
      ],
      [
        -0.9879723787307739,
        -0.15461890399456024,
        0.0018694993341341615,
        -29.94137954711914
      ],
      [
        0.0034304787404835224,
        -0.009829459711909294,
        0.9999457597732544,
        -0.005075187422335148
      ],
      [
        0.0,
        0.0,
        0.0,
        1.0
      ]
    ],
    "matrix_world_from_ego_bevfusion": [
      [
        -0.1545921415090561,
        -0.9879252910614014,
        0.01024165190756321,
        105.68063354492188
      ],
      [
        0.9879723787307739,
        -0.15461890399456024,
        -0.0018694993341341615,
        29.94137954711914
      ],
      [
        0.0034304787404835224,
        0.009829459711909294,
        0.9999457597732544,
        -0.005075187422335148
      ],
      [
        0.0,
        0.0,
        0.0,
        1.0
      ]
    ]
  },
  "sensors": {
    "CAM_FRONT": {
      "type_id": "sensor.camera.rgb",
      "blueprint_attributes": {
        "role_name": "front",
        "ros_name": "sensor.camera.rgb",
        "chromatic_aberration_offset": "0.0",
        "sensor_tick": "0.100000",
        "fstop": "1.4",
        "image_size_x": "960",
        "image_size_y": "540",
        "fov": "70.00",
        "lens_circle_falloff": "5.0",
        "lens_circle_multiplier": "0.0",
        "exposure_compensation": "0.0",
        "lens_y_size": "0.08",
        "lens_k": "-1.0",
        "exposure_mode": "histogram",
        "lens_kcube": "0.0",
        "lens_x_size": "0.08",
        "exposure_max_bright": "12.0",
        "shutter_speed": "200.0",
        "bloom_intensity": "0.675",
        "iso": "100.0",
        "enable_postprocess_effects": "false",
        "gamma": "2.2",
        "motion_blur_intensity": "0.0",
        "motion_blur_max_distortion": "0.35",
        "lens_flare_intensity": "0.1",
        "motion_blur_min_object_screen_size": "0.1",
        "exposure_min_bright": "10.0",
        "exposure_speed_up": "3.0",
        "exposure_speed_down": "1.0",
        "tint": "0.0",
        "calibration_constant": "16.0",
        "focal_distance": "1000.0",
        "min_fstop": "1.2",
        "blade_count": "5",
        "blur_amount": "0.0",
        "blur_radius": "0.0",
        "slope": "0.88",
        "toe": "0.55",
        "white_clip": "0.04",
        "shoulder": "0.26",
        "black_clip": "0.0",
        "temp": "6500.0",
        "chromatic_aberration_intensity": "0.0"
      },
      "transform_carla": {
        "location": {
          "x": 105.45842742919922,
          "y": -31.46955680847168,
          "z": 1.7001500129699707
        },
        "rotation": {
          "roll": 0.5631989240646362,
          "pitch": 0.1965523362159729,
          "yaw": -98.89319610595703
        }
      },
      "matrix_world_from_sensor_carla": [
        [
          -0.1545921415090561,
          0.9879252910614014,
          0.01024165190756321,
          105.45842742919922
        ],
        [
          -0.9879723787307739,
          -0.15461890399456024,
          0.0018694993341341615,
          -31.46955680847168
        ],
        [
          0.0034304787404835224,
          -0.009829459711909294,
          0.9999457597732544,
          1.7001500129699707
        ],
        [
          0.0,
          0.0,
          0.0,
          1.0
        ]
      ],
      "matrix_world_from_sensor_bevfusion": [
        [
          0.9879252910614014,
          -0.01024165190756321,
          -0.1545921415090561,
          105.45842742919922
        ],
        [
          0.15461890399456024,
          0.0018694993341341615,
          0.9879723787307739,
          31.46955680847168
        ],
        [
          -0.009829459711909294,
          -0.9999457597732544,
          0.0034304787404835224,
          1.7001500129699707
        ],
        [
          0.0,
          0.0,
          0.0,
          1.0
        ]
      ],
      "matrix_ego_from_sensor_carla": [
        [
          0.9999999403953552,
          -7.012709080100876e-09,
          -3.8273079150386025e-11,
          1.5499982833862305
        ],
        [
          -1.3242595908735666e-09,
          1.0,
          4.3561088070021015e-10,
          7.62939453125e-06
        ],
        [
          1.3785383945474905e-10,
          1.9517054639095477e-10,
          1.0,
          1.7000004053115845
        ],
        [
          0.0,
          0.0,
          0.0,
          1.0
        ]
      ],
      "matrix_ego_from_sensor_bevfusion": [
        [
          -7.012709080100876e-09,
          3.8273079150386025e-11,
          0.9999999403953552,
          1.5499982833862305
        ],
        [
          -1.0,
          4.3561088070021015e-10,
          1.3242595908735666e-09,
          -7.62939453125e-06
        ],
        [
          1.9517054639095477e-10,
          -1.0,
          1.3785383945474905e-10,
          1.7000004053115845
        ],
        [
          0.0,
          0.0,
          0.0,
          1.0
        ]
      ],
      "camera_intrinsics": [
        [
          685.5110473632812,
          0.0,
          480.0
        ],
        [
          0.0,
          685.5110473632812,
          270.0
        ],
        [
          0.0,
          0.0,
          1.0
        ]
      ],
      "data_path": "D:\\Agent-AI\\outputs\\s3a_ml_long_v2\\sample_000014\\images\\CAM_FRONT.png",
      "raw_layout": "bgra8"
    },
    "CAM_FRONT_RIGHT": {
      "type_id": "sensor.camera.rgb",
      "blueprint_attributes": {
        "role_name": "front",
        "ros_name": "sensor.camera.rgb",
        "chromatic_aberration_offset": "0.0",
        "sensor_tick": "0.100000",
        "fstop": "1.4",
        "image_size_x": "960",
        "image_size_y": "540",
        "fov": "70.00",
        "lens_circle_falloff": "5.0",
        "lens_circle_multiplier": "0.0",
        "exposure_compensation": "0.0",
        "lens_y_size": "0.08",
        "lens_k": "-1.0",
        "exposure_mode": "histogram",
        "lens_kcube": "0.0",
        "lens_x_size": "0.08",
        "exposure_max_bright": "12.0",
        "shutter_speed": "200.0",
        "bloom_intensity": "0.675",
        "iso": "100.0",
        "enable_postprocess_effects": "false",
        "gamma": "2.2",
        "motion_blur_intensity": "0.0",
        "motion_blur_max_distortion": "0.35",
        "lens_flare_intensity": "0.1",
        "motion_blur_min_object_screen_size": "0.1",
        "exposure_min_bright": "10.0",
        "exposure_speed_up": "3.0",
        "exposure_speed_down": "1.0",
        "tint": "0.0",
        "calibration_constant": "16.0",
        "focal_distance": "1000.0",
        "min_fstop": "1.2",
        "blade_count": "5",
        "blur_amount": "0.0",
        "blur_radius": "0.0",
        "slope": "0.88",
        "toe": "0.55",
        "white_clip": "0.04",
        "shoulder": "0.26",
        "black_clip": "0.0",
        "temp": "6500.0",
        "chromatic_aberration_intensity": "0.0"
      },
      "transform_carla": {
        "location": {
          "x": 106.04043579101562,
          "y": -31.30760383605957,
          "z": 1.6938860416412354
        },
        "rotation": {
          "roll": 0.4840511679649353,
          "pitch": -0.3485991656780243,
          "yaw": -43.895626068115234
        }
      },
      "matrix_world_from_sensor_carla": [
        [
          0.7205907106399536,
          0.6932850480079651,
          0.010241640731692314,
          106.04043579101562
        ],
        [
          -0.6933339238166809,
          0.720613956451416,
          0.0018695108592510223,
          -31.30760383605957
        ],
        [
          -0.006084165535867214,
          -0.00844802986830473,
          0.9999457597732544,
          1.6938860416412354
        ],
        [
          0.0,
          0.0,
          0.0,
          1.0
        ]
      ],
      "matrix_world_from_sensor_bevfusion": [
        [
          0.6932850480079651,
          -0.010241640731692314,
          0.7205907106399536,
          106.04043579101562
        ],
        [
          -0.720613956451416,
          0.0018695108592510223,
          0.6933339238166809,
          31.30760383605957
        ],
        [
          -0.00844802986830473,
          -0.9999457597732544,
          -0.006084165535867214,
          1.6938860416412354
        ],
        [
          0.0,
          0.0,
          0.0,
          1.0
        ]
      ],
      "matrix_ego_from_sensor_carla": [
        [
          0.5735762715339661,
          -0.8191521167755127,
          -9.584329774270373e-09,
          1.299997329711914
        ],
        [
          0.8191521167755127,
          0.5735763311386108,
          -1.2602905385961094e-08,
          0.5499954223632812
        ],
        [
          1.5891183480221116e-08,
          -6.341216440830522e-11,
          1.0,
          1.7000001668930054
        ],
        [
          0.0,
          0.0,
          0.0,
          1.0
        ]
      ],
      "matrix_ego_from_sensor_bevfusion": [
        [
          -0.8191521167755127,
          9.584329774270373e-09,
          0.5735762715339661,
          1.299997329711914
        ],
        [
          -0.5735763311386108,
          -1.2602905385961094e-08,
          -0.8191521167755127,
          -0.5499954223632812
        ],
        [
          -6.341216440830522e-11,
          -1.0,
          1.5891183480221116e-08,
          1.7000001668930054
        ],
        [
          0.0,
          0.0,
          0.0,
          1.0
        ]
      ],
      "camera_intrinsics": [
        [
          685.5110473632812,
          0.0,
          480.0
        ],
        [
          0.0,
          685.5110473632812,
          270.0
        ],
        [
          0.0,
          0.0,
          1.0
        ]
      ],
      "data_path": "D:\\Agent-AI\\outputs\\s3a_ml_long_v2\\sample_000014\\images\\CAM_FRONT_RIGHT.png",
      "raw_layout": "bgra8"
    },
    "CAM_FRONT_LEFT": {
      "type_id": "sensor.camera.rgb",
      "blueprint_attributes": {
        "role_name": "front",
        "ros_name": "sensor.camera.rgb",
        "chromatic_aberration_offset": "0.0",
        "sensor_tick": "0.100000",
        "fstop": "1.4",
        "image_size_x": "960",
        "image_size_y": "540",
        "fov": "70.00",
        "lens_circle_falloff": "5.0",
        "lens_circle_multiplier": "0.0",
        "exposure_compensation": "0.0",
        "lens_y_size": "0.08",
        "lens_k": "-1.0",
        "exposure_mode": "histogram",
        "lens_kcube": "0.0",
        "lens_x_size": "0.08",
        "exposure_max_bright": "12.0",
        "shutter_speed": "200.0",
        "bloom_intensity": "0.675",
        "iso": "100.0",
        "enable_postprocess_effects": "false",
        "gamma": "2.2",
        "motion_blur_intensity": "0.0",
        "motion_blur_max_distortion": "0.35",
        "lens_flare_intensity": "0.1",
        "motion_blur_min_object_screen_size": "0.1",
        "exposure_min_bright": "10.0",
        "exposure_speed_up": "3.0",
        "exposure_speed_down": "1.0",
        "tint": "0.0",
        "calibration_constant": "16.0",
        "focal_distance": "1000.0",
        "min_fstop": "1.2",
        "blade_count": "5",
        "blur_amount": "0.0",
        "blur_radius": "0.0",
        "slope": "0.88",
        "toe": "0.55",
        "white_clip": "0.04",
        "shoulder": "0.26",
        "black_clip": "0.0",
        "temp": "6500.0",
        "chromatic_aberration_intensity": "0.0"
      },
      "transform_carla": {
        "location": {
          "x": 104.95372009277344,
          "y": -31.137523651123047,
          "z": 1.7046984434127808
        },
        "rotation": {
          "roll": 0.16203291714191437,
          "pitch": 0.5740773677825928,
          "yaw": -153.8933563232422
        }
      },
      "matrix_world_from_sensor_carla": [
        [
          -0.8979315161705017,
          0.44001609086990356,
          0.010241569951176643,
          104.95372009277344
        ],
        [
          -0.44002121686935425,
          -0.8979854583740234,
          0.0018694582395255566,
          -31.137523651123047
        ],
        [
          0.010019372217357159,
          -0.0028278620447963476,
          0.9999458193778992,
          1.7046984434127808
        ],
        [
          0.0,
          0.0,
          0.0,
          1.0
        ]
      ],
      "matrix_world_from_sensor_bevfusion": [
        [
          0.44001609086990356,
          -0.010241569951176643,
          -0.8979315161705017,
          104.95372009277344
        ],
        [
          0.8979854583740234,
          0.0018694582395255566,
          0.44002121686935425,
          31.137523651123047
        ],
        [
          -0.0028278620447963476,
          -0.9999458193778992,
          0.010019372217357159,
          1.7046984434127808
        ],
        [
          0.0,
          0.0,
          0.0,
          1.0
        ]
      ],
      "matrix_ego_from_sensor_carla": [
        [
          0.5735763907432556,
          0.8191521167755127,
          5.348441689534411e-08,
          1.299997329711914
        ],
        [
          -0.8191521167755127,
          0.5735763311386108,
          -7.465607865242418e-08,
          -0.5499954223632812
        ],
        [
          -9.242981491297542e-08,
          -3.8862307816245334e-10,
          1.0000001192092896,
          1.7000001668930054
        ],
        [
          0.0,
          0.0,
          0.0,
          1.0
        ]
      ],
      "matrix_ego_from_sensor_bevfusion": [
        [
          0.8191521167755127,
          -5.348441689534411e-08,
          0.5735763907432556,
          1.299997329711914
        ],
        [
          -0.5735763311386108,
          -7.465607865242418e-08,
          0.8191521167755127,
          0.5499954223632812
        ],
        [
          -3.8862307816245334e-10,
          -1.0000001192092896,
          -9.242981491297542e-08,
          1.7000001668930054
        ],
        [
          0.0,
          0.0,
          0.0,
          1.0
        ]
      ],
      "camera_intrinsics": [
        [
          685.5110473632812,
          0.0,
          480.0
        ],
        [
          0.0,
          685.5110473632812,
          270.0
        ],
        [
          0.0,
          0.0,
          1.0
        ]
      ],
      "data_path": "D:\\Agent-AI\\outputs\\s3a_ml_long_v2\\sample_000014\\images\\CAM_FRONT_LEFT.png",
      "raw_layout": "bgra8"
    },
    "CAM_BACK": {
      "type_id": "sensor.camera.rgb",
      "blueprint_attributes": {
        "role_name": "front",
        "ros_name": "sensor.camera.rgb",
        "chromatic_aberration_offset": "0.0",
        "sensor_tick": "0.100000",
        "fstop": "1.4",
        "image_size_x": "960",
        "image_size_y": "540",
        "fov": "70.00",
        "lens_circle_falloff": "5.0",
        "lens_circle_multiplier": "0.0",
        "exposure_compensation": "0.0",
        "lens_y_size": "0.08",
        "lens_k": "-1.0",
        "exposure_mode": "histogram",
        "lens_kcube": "0.0",
        "lens_x_size": "0.08",
        "exposure_max_bright": "12.0",
        "shutter_speed": "200.0",
        "bloom_intensity": "0.675",
        "iso": "100.0",
        "enable_postprocess_effects": "false",
        "gamma": "2.2",
        "motion_blur_intensity": "0.0",
        "motion_blur_max_distortion": "0.35",
        "lens_flare_intensity": "0.1",
        "motion_blur_min_object_screen_size": "0.1",
        "exposure_min_bright": "10.0",
        "exposure_speed_up": "3.0",
        "exposure_speed_down": "1.0",
        "tint": "0.0",
        "calibration_constant": "16.0",
        "focal_distance": "1000.0",
        "min_fstop": "1.2",
        "blade_count": "5",
        "blur_amount": "0.0",
        "blur_radius": "0.0",
        "slope": "0.88",
        "toe": "0.55",
        "white_clip": "0.04",
        "shoulder": "0.26",
        "black_clip": "0.0",
        "temp": "6500.0",
        "chromatic_aberration_intensity": "0.0"
      },
      "transform_carla": {
        "location": {
          "x": 105.93766021728516,
          "y": -28.406843185424805,
          "z": 1.6895153522491455
        },
        "rotation": {
          "roll": -0.5631988048553467,
          "pitch": -0.1965523362159729,
          "yaw": 81.10679626464844
        }
      },
      "matrix_world_from_sensor_carla": [
        [
          0.15459229052066803,
          -0.9879252910614014,
          0.01024165004491806,
          105.93766021728516
        ],
        [
          0.9879723787307739,
          0.154619038105011,
          0.0018694984028115869,
          -28.406843185424805
        ],
        [
          -0.0034304787404835224,
          0.00982945691794157,
          0.9999457597732544,
          1.6895153522491455
        ],
        [
          0.0,
          0.0,
          0.0,
          1.0
        ]
      ],
      "matrix_world_from_sensor_bevfusion": [
        [
          -0.9879252910614014,
          -0.01024165004491806,
          0.15459229052066803,
          105.93766021728516
        ],
        [
          -0.154619038105011,
          0.0018694984028115869,
          -0.9879723787307739,
          28.406843185424805
        ],
        [
          0.00982945691794157,
          -0.9999457597732544,
          -0.0034304787404835224,
          1.6895153522491455
        ],
        [
          0.0,
          0.0,
          0.0,
          1.0
        ]
      ],
      "matrix_ego_from_sensor_carla": [
        [
          -1.0,
          -1.2549570271858101e-07,
          1.3587108105284074e-09,
          -1.5500011444091797
        ],
        [
          1.5033586464596738e-07,
          -1.0,
          -1.4270342685307469e-09,
          -7.62939453125e-06
        ],
        [
          1.4919606661223384e-09,
          -2.9889870578614364e-09,
          1.0,
          1.7000001668930054
        ],
        [
          0.0,
          0.0,
          0.0,
          1.0
        ]
      ],
      "matrix_ego_from_sensor_bevfusion": [
        [
          -1.2549570271858101e-07,
          -1.3587108105284074e-09,
          -1.0,
          -1.5500011444091797
        ],
        [
          1.0,
          -1.4270342685307469e-09,
          -1.5033586464596738e-07,
          7.62939453125e-06
        ],
        [
          -2.9889870578614364e-09,
          -1.0,
          1.4919606661223384e-09,
          1.7000001668930054
        ],
        [
          0.0,
          0.0,
          0.0,
          1.0
        ]
      ],
      "camera_intrinsics": [
        [
          685.5110473632812,
          0.0,
          480.0
        ],
        [
          0.0,
          685.5110473632812,
          270.0
        ],
        [
          0.0,
          0.0,
          1.0
        ]
      ],
      "data_path": "D:\\Agent-AI\\outputs\\s3a_ml_long_v2\\sample_000014\\images\\CAM_BACK.png",
      "raw_layout": "bgra8"
    },
    "CAM_BACK_LEFT": {
      "type_id": "sensor.camera.rgb",
      "blueprint_attributes": {
        "role_name": "front",
        "ros_name": "sensor.camera.rgb",
        "chromatic_aberration_offset": "0.0",
        "sensor_tick": "0.100000",
        "fstop": "1.4",
        "image_size_x": "960",
        "image_size_y": "540",
        "fov": "70.00",
        "lens_circle_falloff": "5.0",
        "lens_circle_multiplier": "0.0",
        "exposure_compensation": "0.0",
        "lens_y_size": "0.08",
        "lens_k": "-1.0",
        "exposure_mode": "histogram",
        "lens_kcube": "0.0",
        "lens_x_size": "0.08",
        "exposure_max_bright": "12.0",
        "shutter_speed": "200.0",
        "bloom_intensity": "0.675",
        "iso": "100.0",
        "enable_postprocess_effects": "false",
        "gamma": "2.2",
        "motion_blur_intensity": "0.0",
        "motion_blur_max_distortion": "0.35",
        "lens_flare_intensity": "0.1",
        "motion_blur_min_object_screen_size": "0.1",
        "exposure_min_bright": "10.0",
        "exposure_speed_up": "3.0",
        "exposure_speed_down": "1.0",
        "tint": "0.0",
        "calibration_constant": "16.0",
        "focal_distance": "1000.0",
        "min_fstop": "1.2",
        "blade_count": "5",
        "blur_amount": "0.0",
        "blur_radius": "0.0",
        "slope": "0.88",
        "toe": "0.55",
        "white_clip": "0.04",
        "shoulder": "0.26",
        "black_clip": "0.0",
        "temp": "6500.0",
        "chromatic_aberration_intensity": "0.0"
      },
      "transform_carla": {
        "location": {
          "x": 105.35565185546875,
          "y": -28.568796157836914,
          "z": 1.6957792043685913
        },
        "rotation": {
          "roll": -0.4840511083602905,
          "pitch": 0.3485991656780243,
          "yaw": 136.10438537597656
        }
      },
      "matrix_world_from_sensor_carla": [
        [
          -0.7205908298492432,
          -0.6932849287986755,
          0.01024163980036974,
          105.35565185546875
        ],
        [
          0.6933338046073914,
          -0.7206140756607056,
          0.0018695122562348843,
          -28.568796157836914
        ],
        [
          0.006084165535867214,
          0.008448028936982155,
          0.9999457597732544,
          1.6957792043685913
        ],
        [
          0.0,
          0.0,
          0.0,
          1.0
        ]
      ],
      "matrix_world_from_sensor_bevfusion": [
        [
          -0.6932849287986755,
          -0.01024163980036974,
          -0.7205908298492432,
          105.35565185546875
        ],
        [
          0.7206140756607056,
          0.0018695122562348843,
          -0.6933338046073914,
          28.568796157836914
        ],
        [
          0.008448028936982155,
          -0.9999457597732544,
          0.006084165535867214,
          1.6957792043685913
        ],
        [
          0.0,
          0.0,
          0.0,
          1.0
        ]
      ],
      "matrix_ego_from_sensor_carla": [
        [
          -0.5735761523246765,
          0.8191522359848022,
          -1.074848299253972e-08,
          -1.3000001907348633
        ],
        [
          -0.8191522359848022,
          -0.5735761523246765,
          -1.3534227960576573e-08,
          -0.5500106811523438
        ],
        [
          -1.7753828629452073e-08,
          6.34625685336232e-11,
          1.0,
          1.7000001668930054
        ],
        [
          0.0,
          0.0,
          0.0,
          1.0
        ]
      ],
      "matrix_ego_from_sensor_bevfusion": [
        [
          0.8191522359848022,
          1.074848299253972e-08,
          -0.5735761523246765,
          -1.3000001907348633
        ],
        [
          0.5735761523246765,
          -1.3534227960576573e-08,
          0.8191522359848022,
          0.5500106811523438
        ],
        [
          6.34625685336232e-11,
          -1.0,
          -1.7753828629452073e-08,
          1.7000001668930054
        ],
        [
          0.0,
          0.0,
          0.0,
          1.0
        ]
      ],
      "camera_intrinsics": [
        [
          685.5110473632812,
          0.0,
          480.0
        ],
        [
          0.0,
          685.5110473632812,
          270.0
        ],
        [
          0.0,
          0.0,
          1.0
        ]
      ],
      "data_path": "D:\\Agent-AI\\outputs\\s3a_ml_long_v2\\sample_000014\\images\\CAM_BACK_LEFT.png",
      "raw_layout": "bgra8"
    },
    "CAM_BACK_RIGHT": {
      "type_id": "sensor.camera.rgb",
      "blueprint_attributes": {
        "role_name": "front",
        "ros_name": "sensor.camera.rgb",
        "chromatic_aberration_offset": "0.0",
        "sensor_tick": "0.100000",
        "fstop": "1.4",
        "image_size_x": "960",
        "image_size_y": "540",
        "fov": "70.00",
        "lens_circle_falloff": "5.0",
        "lens_circle_multiplier": "0.0",
        "exposure_compensation": "0.0",
        "lens_y_size": "0.08",
        "lens_k": "-1.0",
        "exposure_mode": "histogram",
        "lens_kcube": "0.0",
        "lens_x_size": "0.08",
        "exposure_max_bright": "12.0",
        "shutter_speed": "200.0",
        "bloom_intensity": "0.675",
        "iso": "100.0",
        "enable_postprocess_effects": "false",
        "gamma": "2.2",
        "motion_blur_intensity": "0.0",
        "motion_blur_max_distortion": "0.35",
        "lens_flare_intensity": "0.1",
        "motion_blur_min_object_screen_size": "0.1",
        "exposure_min_bright": "10.0",
        "exposure_speed_up": "3.0",
        "exposure_speed_down": "1.0",
        "tint": "0.0",
        "calibration_constant": "16.0",
        "focal_distance": "1000.0",
        "min_fstop": "1.2",
        "blade_count": "5",
        "blur_amount": "0.0",
        "blur_radius": "0.0",
        "slope": "0.88",
        "toe": "0.55",
        "white_clip": "0.04",
        "shoulder": "0.26",
        "black_clip": "0.0",
        "temp": "6500.0",
        "chromatic_aberration_intensity": "0.0"
      },
      "transform_carla": {
        "location": {
          "x": 106.44236755371094,
          "y": -28.738876342773438,
          "z": 1.6849666833877563
        },
        "rotation": {
          "roll": -0.1620328277349472,
          "pitch": -0.5740773677825928,
          "yaw": 26.10662269592285
        }
      },
      "matrix_world_from_sensor_carla": [
        [
          0.8979316353797913,
          -0.4400157630443573,
          0.010241569019854069,
          106.44236755371094
        ],
        [
          0.440020889043808,
          0.897985577583313,
          0.00186945591121912,
          -28.738876342773438
        ],
        [
          -0.010019372217357159,
          0.0028278606478124857,
          0.9999458193778992,
          1.6849666833877563
        ],
        [
          0.0,
          0.0,
          0.0,
          1.0
        ]
      ],
      "matrix_world_from_sensor_bevfusion": [
        [
          -0.4400157630443573,
          -0.010241569019854069,
          0.8979316353797913,
          106.44236755371094
        ],
        [
          -0.897985577583313,
          0.00186945591121912,
          -0.440020889043808,
          28.738876342773438
        ],
        [
          0.0028278606478124857,
          -0.9999458193778992,
          -0.010019372217357159,
          1.6849666833877563
        ],
        [
          0.0,
          0.0,
          0.0,
          1.0
        ]
      ],
      "matrix_ego_from_sensor_carla": [
        [
          -0.5735760927200317,
          -0.819152295589447,
          5.604555397553668e-08,
          -1.3000001907348633
        ],
        [
          0.819152295589447,
          -0.573576033115387,
          -7.558740122703966e-08,
          0.54998779296875
        ],
        [
          9.242981491297542e-08,
          2.4841744217241057e-09,
          1.0000001192092896,
          1.7000001668930054
        ],
        [
          0.0,
          0.0,
          0.0,
          1.0
        ]
      ],
      "matrix_ego_from_sensor_bevfusion": [
        [
          -0.819152295589447,
          -5.604555397553668e-08,
          -0.5735760927200317,
          -1.3000001907348633
        ],
        [
          0.573576033115387,
          -7.558740122703966e-08,
          -0.819152295589447,
          -0.54998779296875
        ],
        [
          2.4841744217241057e-09,
          -1.0000001192092896,
          9.242981491297542e-08,
          1.7000001668930054
        ],
        [
          0.0,
          0.0,
          0.0,
          1.0
        ]
      ],
      "camera_intrinsics": [
        [
          685.5110473632812,
          0.0,
          480.0
        ],
        [
          0.0,
          685.5110473632812,
          270.0
        ],
        [
          0.0,
          0.0,
          1.0
        ]
      ],
      "data_path": "D:\\Agent-AI\\outputs\\s3a_ml_long_v2\\sample_000014\\images\\CAM_BACK_RIGHT.png",
      "raw_layout": "bgra8"
    },
    "LIDAR_TOP": {
      "type_id": "sensor.lidar.ray_cast",
      "blueprint_attributes": {
        "atmosphere_attenuation_rate": "0.004",
        "role_name": "front",
        "noise_seed": "0",
        "upper_fov": "10.0",
        "ros_name": "sensor.lidar.ray_cast",
        "sensor_tick": "0.100000",
        "channels": "32",
        "range": "120.0",
        "points_per_second": "360000",
        "lower_fov": "-30.0",
        "rotation_frequency": "10.000000",
        "horizontal_fov": "360.0",
        "dropoff_general_rate": "0.0",
        "dropoff_intensity_limit": "1.0",
        "noise_stddev": "0.0",
        "dropoff_zero_intensity": "0.0"
      },
      "transform_carla": {
        "location": {
          "x": 105.70316314697266,
          "y": -29.937265396118164,
          "z": 2.19480562210083
        },
        "rotation": {
          "roll": 0.5631989240646362,
          "pitch": 0.1965523362159729,
          "yaw": -98.89319610595703
        }
      },
      "matrix_world_from_sensor_carla": [
        [
          -0.1545921415090561,
          0.9879252910614014,
          0.01024165190756321,
          105.70316314697266
        ],
        [
          -0.9879723787307739,
          -0.15461890399456024,
          0.0018694993341341615,
          -29.937265396118164
        ],
        [
          0.0034304787404835224,
          -0.009829459711909294,
          0.9999457597732544,
          2.19480562210083
        ],
        [
          0.0,
          0.0,
          0.0,
          1.0
        ]
      ],
      "matrix_world_from_sensor_bevfusion": [
        [
          -0.1545921415090561,
          -0.9879252910614014,
          0.01024165190756321,
          105.70316314697266
        ],
        [
          0.9879723787307739,
          -0.15461890399456024,
          -0.0018694993341341615,
          29.937265396118164
        ],
        [
          0.0034304787404835224,
          0.009829459711909294,
          0.9999457597732544,
          2.19480562210083
        ],
        [
          0.0,
          0.0,
          0.0,
          1.0
        ]
      ],
      "matrix_ego_from_sensor_carla": [
        [
          0.9999999403953552,
          -7.012709080100876e-09,
          -3.8273079150386025e-11,
          -9.5367431640625e-07
        ],
        [
          -1.3242595908735666e-09,
          1.0,
          4.3561088070021015e-10,
          -7.62939453125e-06
        ],
        [
          1.3785383945474905e-10,
          1.9517054639095477e-10,
          1.0,
          2.200000286102295
        ],
        [
          0.0,
          0.0,
          0.0,
          1.0
        ]
      ],
      "matrix_ego_from_sensor_bevfusion": [
        [
          0.9999999403953552,
          7.012709080100876e-09,
          -3.8273079150386025e-11,
          -9.5367431640625e-07
        ],
        [
          1.3242595908735666e-09,
          1.0,
          -4.3561088070021015e-10,
          7.62939453125e-06
        ],
        [
          1.3785383945474905e-10,
          -1.9517054639095477e-10,
          1.0,
          2.200000286102295
        ],
        [
          0.0,
          0.0,
          0.0,
          1.0
        ]
      ],
      "data_path": "D:\\Agent-AI\\outputs\\s3a_ml_long_v2\\sample_000014\\lidar\\LIDAR_TOP.npy",
      "raw_layout": [
        "x",
        "y",
        "z",
        "intensity"
      ]
    },
    "RADAR_FRONT": {
      "type_id": "sensor.other.radar",
      "blueprint_attributes": {
        "sensor_tick": "0.100000",
        "role_name": "default",
        "noise_seed": "0",
        "ros_name": "sensor.other.radar",
        "horizontal_fov": "35.0",
        "points_per_second": "1500",
        "vertical_fov": "20.0",
        "range": "120.0"
      },
      "transform_carla": {
        "location": {
          "x": 105.38066101074219,
          "y": -31.91564178466797,
          "z": 0.9017370343208313
        },
        "rotation": {
          "roll": 0.5631989240646362,
          "pitch": 0.1965523362159729,
          "yaw": -98.89319610595703
        }
      },
      "matrix_world_from_sensor_carla": [
        [
          -0.1545921415090561,
          0.9879252910614014,
          0.01024165190756321,
          105.38066101074219
        ],
        [
          -0.9879723787307739,
          -0.15461890399456024,
          0.0018694993341341615,
          -31.91564178466797
        ],
        [
          0.0034304787404835224,
          -0.009829459711909294,
          0.9999457597732544,
          0.9017370343208313
        ],
        [
          0.0,
          0.0,
          0.0,
          1.0
        ]
      ],
      "matrix_world_from_sensor_bevfusion": [
        [
          -0.1545921415090561,
          -0.9879252910614014,
          0.01024165190756321,
          105.38066101074219
        ],
        [
          0.9879723787307739,
          -0.15461890399456024,
          -0.0018694993341341615,
          31.91564178466797
        ],
        [
          0.0034304787404835224,
          0.009829459711909294,
          0.9999457597732544,
          0.9017370343208313
        ],
        [
          0.0,
          0.0,
          0.0,
          1.0
        ]
      ],
      "matrix_ego_from_sensor_carla": [
        [
          0.9999999403953552,
          -7.012709080100876e-09,
          -3.8273079150386025e-11,
          2.0000009536743164
        ],
        [
          -1.3242595908735666e-09,
          1.0,
          4.3561088070021015e-10,
          -7.62939453125e-06
        ],
        [
          1.3785383945474905e-10,
          1.9517054639095477e-10,
          1.0,
          0.9000000953674316
        ],
        [
          0.0,
          0.0,
          0.0,
          1.0
        ]
      ],
      "matrix_ego_from_sensor_bevfusion": [
        [
          0.9999999403953552,
          7.012709080100876e-09,
          -3.8273079150386025e-11,
          2.0000009536743164
        ],
        [
          1.3242595908735666e-09,
          1.0,
          -4.3561088070021015e-10,
          7.62939453125e-06
        ],
        [
          1.3785383945474905e-10,
          -1.9517054639095477e-10,
          1.0,
          0.9000000953674316
        ],
        [
          0.0,
          0.0,
          0.0,
          1.0
        ]
      ],
      "data_path": "D:\\Agent-AI\\outputs\\s3a_ml_long_v2\\sample_000014\\radar\\RADAR_FRONT.npy",
      "raw_layout": [
        "velocity",
        "altitude",
        "azimuth",
        "depth"
      ]
    },
    "RADAR_FRONT_LEFT": {
      "type_id": "sensor.other.radar",
      "blueprint_attributes": {
        "sensor_tick": "0.100000",
        "role_name": "default",
        "noise_seed": "0",
        "ros_name": "sensor.other.radar",
        "horizontal_fov": "35.0",
        "points_per_second": "1500",
        "vertical_fov": "20.0",
        "range": "120.0"
      },
      "transform_carla": {
        "location": {
          "x": 104.6938247680664,
          "y": -31.453886032104492,
          "z": 0.9079084396362305
        },
        "rotation": {
          "roll": 0.2592620253562927,
          "pitch": 0.5372216701507568,
          "yaw": -143.8929443359375
        }
      },
      "matrix_world_from_sensor_carla": [
        [
          -0.8078818917274475,
          0.5892555117607117,
          0.0102416155859828,
          104.6938247680664
        ],
        [
          -0.5892699360847473,
          -0.807934045791626,
          0.0018694738391786814,
          -31.453886032104492
        ],
        [
          0.00937614869326353,
          -0.004524761810898781,
          0.9999458193778992,
          0.9079084396362305
        ],
        [
          0.0,
          0.0,
          0.0,
          1.0
        ]
      ],
      "matrix_world_from_sensor_bevfusion": [
        [
          -0.8078818917274475,
          -0.5892555117607117,
          0.0102416155859828,
          104.6938247680664
        ],
        [
          0.5892699360847473,
          -0.807934045791626,
          -0.0018694738391786814,
          31.453886032104492
        ],
        [
          0.00937614869326353,
          0.004524761810898781,
          0.9999458193778992,
          0.9079084396362305
        ],
        [
          0.0,
          0.0,
          0.0,
          1.0
        ]
      ],
      "matrix_ego_from_sensor_carla": [
        [
          0.7071068286895752,
          0.7071067690849304,
          3.113267510457263e-08,
          1.6499977111816406
        ],
        [
          -0.7071068286895752,
          0.7071067690849304,
          -3.274655924201397e-08,
          -0.7500076293945312
        ],
        [
          -4.457938729274247e-08,
          8.781984028871648e-10,
          1.0000001192092896,
          0.9000000953674316
        ],
        [
          0.0,
          0.0,
          0.0,
          1.0
        ]
      ],
      "matrix_ego_from_sensor_bevfusion": [
        [
          0.7071068286895752,
          -0.7071067690849304,
          3.113267510457263e-08,
          1.6499977111816406
        ],
        [
          0.7071068286895752,
          0.7071067690849304,
          3.274655924201397e-08,
          0.7500076293945312
        ],
        [
          -4.457938729274247e-08,
          -8.781984028871648e-10,
          1.0000001192092896,
          0.9000000953674316
        ],
        [
          0.0,
          0.0,
          0.0,
          1.0
        ]
      ],
      "data_path": "D:\\Agent-AI\\outputs\\s3a_ml_long_v2\\sample_000014\\radar\\RADAR_FRONT_LEFT.npy",
      "raw_layout": [
        "velocity",
        "altitude",
        "azimuth",
        "depth"
      ]
    },
    "RADAR_FRONT_RIGHT": {
      "type_id": "sensor.other.radar",
