{
  "schema_version": "stage1.v1",
  "sample_name": "sample_000018",
  "sequence_index": 18,
  "previous_sample_name": "sample_000017",
  "frame_id": 60019,
  "timestamp": 436.81970077753067,
  "platform_timestamp": 16814569.04509,
  "delta_seconds": 0.10000000149011612,
  "town": "Carla/Maps/Town10HD_Opt",
  "weather": {
    "cloudiness": 20.0,
    "dust_storm": 0.0,
    "fog_density": 2.0,
    "fog_distance": 0.75,
    "fog_falloff": 0.10000000149011612,
    "mie_scattering_scale": 0.029999999329447746,
    "precipitation": 0.0,
    "precipitation_deposits": 0.0,
    "rayleigh_scattering_scale": 0.03310000151395798,
    "scattering_intensity": 1.0,
    "sun_altitude_angle": 45.0,
    "sun_azimuth_angle": 300.0,
    "wetness": 0.0,
    "wind_intensity": 10.0
  },
  "sensor_names": [
    "CAM_FRONT",
    "CAM_FRONT_RIGHT",
    "CAM_FRONT_LEFT",
    "CAM_BACK",
    "CAM_BACK_LEFT",
    "CAM_BACK_RIGHT",
    "LIDAR_TOP",
    "RADAR_FRONT",
    "RADAR_FRONT_LEFT",
    "RADAR_FRONT_RIGHT",
    "RADAR_BACK_LEFT",
    "RADAR_BACK_RIGHT"
  ],
  "camera_order_for_model": [
    "CAM_FRONT",
    "CAM_FRONT_RIGHT",
    "CAM_FRONT_LEFT",
    "CAM_BACK",
    "CAM_BACK_LEFT",
    "CAM_BACK_RIGHT"
  ],
  "radar_order_for_model": [
    "RADAR_FRONT",
    "RADAR_FRONT_LEFT",
    "RADAR_FRONT_RIGHT",
    "RADAR_BACK_LEFT",
    "RADAR_BACK_RIGHT"
  ],
  "coordinate_notes": {
    "carla_world": "left-handed x-forward y-right z-up",
    "bevfusion_lidar": "x-forward y-left z-up",
    "camera_frame_for_model": "OpenCV style x-right y-down z-forward"
  },
  "ego": {
    "actor_id": 28,
    "transform_carla": {
      "location": {
        "x": 105.03631591796875,
        "y": -33.02234649658203,
        "z": -0.0032486342824995518
      },
      "rotation": {
        "roll": 0.4835774302482605,
        "pitch": -0.2952212393283844,
        "yaw": -103.02998352050781
      }
    },
    "velocity_carla": [
      -1.7172164916992188,
      -6.960427284240723,
      6.445884355343878e-05
    ],
    "angular_velocity_carla": [
      0.2763005197048187,
      -1.2093126773834229,
      -6.606526851654053
    ],
    "matrix_world_from_ego_carla": [
      [
        -0.22545789182186127,
        0.974227249622345,
        0.007060949690639973,
        105.03631591796875
      ],
      [
        -0.9742392897605896,
        -0.22541049122810364,
        -0.006922585424035788,
        -33.02234649658203
      ],
      [
        -0.005152559839189053,
        -0.008439806289970875,
        0.9999510645866394,
        -0.0032486342824995518
      ],
      [
        0.0,
        0.0,
        0.0,
        1.0
      ]
    ],
    "matrix_world_from_ego_bevfusion": [
      [
        -0.22545789182186127,
        -0.974227249622345,
        0.007060949690639973,
        105.03631591796875
      ],
      [
        0.9742392897605896,
        -0.22541049122810364,
        0.006922585424035788,
        33.02234649658203
      ],
      [
        -0.005152559839189053,
        0.008439806289970875,
        0.9999510645866394,
        -0.0032486342824995518
      ],
      [
        0.0,
        0.0,
        0.0,
        1.0
      ]
    ]
  },
  "sensors": {
    "CAM_FRONT": {
      "type_id": "sensor.camera.rgb",
      "blueprint_attributes": {
        "role_name": "front",
        "ros_name": "sensor.camera.rgb",
        "chromatic_aberration_offset": "0.0",
        "sensor_tick": "0.100000",
        "fstop": "1.4",
        "image_size_x": "960",
        "image_size_y": "540",
        "fov": "70.00",
        "lens_circle_falloff": "5.0",
        "lens_circle_multiplier": "0.0",
        "exposure_compensation": "0.0",
        "lens_y_size": "0.08",
        "lens_k": "-1.0",
        "exposure_mode": "histogram",
        "lens_kcube": "0.0",
        "lens_x_size": "0.08",
        "exposure_max_bright": "12.0",
        "shutter_speed": "200.0",
        "bloom_intensity": "0.675",
        "iso": "100.0",
        "enable_postprocess_effects": "false",
        "gamma": "2.2",
        "motion_blur_intensity": "0.0",
        "motion_blur_max_distortion": "0.35",
        "lens_flare_intensity": "0.1",
        "motion_blur_min_object_screen_size": "0.1",
        "exposure_min_bright": "10.0",
        "exposure_speed_up": "3.0",
        "exposure_speed_down": "1.0",
        "tint": "0.0",
        "calibration_constant": "16.0",
        "focal_distance": "1000.0",
        "min_fstop": "1.2",
        "blade_count": "5",
        "blur_amount": "0.0",
        "blur_radius": "0.0",
        "slope": "0.88",
        "toe": "0.55",
        "white_clip": "0.04",
        "shoulder": "0.26",
        "black_clip": "0.0",
        "temp": "6500.0",
        "chromatic_aberration_intensity": "0.0"
      },
      "transform_carla": {
        "location": {
          "x": 104.69886779785156,
          "y": -34.544185638427734,
          "z": 1.6886816024780273
        },
        "rotation": {
          "roll": 0.4835774302482605,
          "pitch": -0.2952212393283844,
          "yaw": -103.02998352050781
        }
      },
      "matrix_world_from_sensor_carla": [
        [
          -0.22545789182186127,
          0.974227249622345,
          0.007060949690639973,
          104.69886779785156
        ],
        [
          -0.9742392897605896,
          -0.22541049122810364,
          -0.006922585424035788,
          -34.544185638427734
        ],
        [
          -0.005152559839189053,
          -0.008439806289970875,
          0.9999510645866394,
          1.6886816024780273
        ],
        [
          0.0,
          0.0,
          0.0,
          1.0
        ]
      ],
      "matrix_world_from_sensor_bevfusion": [
        [
          0.974227249622345,
          -0.007060949690639973,
          -0.22545789182186127,
          104.69886779785156
        ],
        [
          0.22541049122810364,
          -0.006922585424035788,
          0.9742392897605896,
          34.544185638427734
        ],
        [
          -0.008439806289970875,
          -0.9999510645866394,
          -0.005152559839189053,
          1.6886816024780273
        ],
        [
          0.0,
          0.0,
          0.0,
          1.0
        ]
      ],
      "matrix_ego_from_sensor_carla": [
        [
          1.0,
          -1.3280139488092146e-10,
          2.198891624338728e-10,
          1.549997329711914
        ],
        [
          1.4387532942805592e-08,
          1.0,
          -5.017680715369011e-10,
          7.62939453125e-06
        ],
        [
          -8.722733646493452e-11,
          -7.354272746340484e-11,
          1.0,
          1.6999998092651367
        ],
        [
          0.0,
          0.0,
          0.0,
          1.0
        ]
      ],
      "matrix_ego_from_sensor_bevfusion": [
        [
          -1.3280139488092146e-10,
          -2.198891624338728e-10,
          1.0,
          1.549997329711914
        ],
        [
          -1.0,
          -5.017680715369011e-10,
          -1.4387532942805592e-08,
          -7.62939453125e-06
        ],
        [
          -7.354272746340484e-11,
          -1.0,
          -8.722733646493452e-11,
          1.6999998092651367
        ],
        [
          0.0,
          0.0,
          0.0,
          1.0
        ]
      ],
      "camera_intrinsics": [
        [
          685.5110473632812,
          0.0,
          480.0
        ],
        [
          0.0,
          685.5110473632812,
          270.0
        ],
        [
          0.0,
          0.0,
          1.0
        ]
      ],
      "data_path": "D:\\Agent-AI\\outputs\\s3a_ml_long_v2\\sample_000018\\images\\CAM_FRONT.png",
      "raw_layout": "bgra8"
    },
    "CAM_FRONT_RIGHT": {
      "type_id": "sensor.camera.rgb",
      "blueprint_attributes": {
        "role_name": "front",
        "ros_name": "sensor.camera.rgb",
        "chromatic_aberration_offset": "0.0",
        "sensor_tick": "0.100000",
        "fstop": "1.4",
        "image_size_x": "960",
        "image_size_y": "540",
        "fov": "70.00",
        "lens_circle_falloff": "5.0",
        "lens_circle_multiplier": "0.0",
        "exposure_compensation": "0.0",
        "lens_y_size": "0.08",
        "lens_k": "-1.0",
        "exposure_mode": "histogram",
        "lens_kcube": "0.0",
        "lens_x_size": "0.08",
        "exposure_max_bright": "12.0",
        "shutter_speed": "200.0",
        "bloom_intensity": "0.675",
        "iso": "100.0",
        "enable_postprocess_effects": "false",
        "gamma": "2.2",
        "motion_blur_intensity": "0.0",
        "motion_blur_max_distortion": "0.35",
        "lens_flare_intensity": "0.1",
        "motion_blur_min_object_screen_size": "0.1",
        "exposure_min_bright": "10.0",
        "exposure_speed_up": "3.0",
        "exposure_speed_down": "1.0",
        "tint": "0.0",
        "calibration_constant": "16.0",
        "focal_distance": "1000.0",
        "min_fstop": "1.2",
        "blade_count": "5",
        "blur_amount": "0.0",
        "blur_radius": "0.0",
        "slope": "0.88",
        "toe": "0.55",
        "white_clip": "0.04",
        "shoulder": "0.26",
        "black_clip": "0.0",
        "temp": "6500.0",
        "chromatic_aberration_intensity": "0.0"
      },
      "transform_carla": {
        "location": {
          "x": 105.29105377197266,
          "y": -34.42460250854492,
          "z": 1.6853278875350952
        },
        "rotation": {
          "roll": 0.035528749227523804,
          "pitch": -0.5654576420783997,
          "yaw": -48.02888488769531
        }
      },
      "matrix_world_from_sensor_carla": [
        [
          0.6687232851982117,
          0.7434778213500977,
          0.007060936652123928,
          105.29105377197266
        ],
        [
          -0.743445873260498,
          0.6687602400779724,
          -0.0069226850755512714,
          -34.42460250854492
        ],
        [
          -0.00986893754452467,
          -0.0006200633943080902,
          0.9999511241912842,
          1.6853278875350952
        ],
        [
          0.0,
          0.0,
          0.0,
          1.0
        ]
      ],
      "matrix_world_from_sensor_bevfusion": [
        [
          0.7434778213500977,
          -0.007060936652123928,
          0.6687232851982117,
          105.29105377197266
        ],
        [
          -0.6687602400779724,
          -0.0069226850755512714,
          0.743445873260498,
          34.42460250854492
        ],
        [
          -0.0006200633943080902,
          -0.9999511241912842,
          -0.00986893754452467,
          1.6853278875350952
        ],
        [
          0.0,
          0.0,
          0.0,
          1.0
        ]
      ],
      "matrix_ego_from_sensor_carla": [
        [
          0.5735760927200317,
          -0.8191522359848022,
          9.956428925761429e-08,
          1.2999992370605469
        ],
        [
          0.819152295589447,
          0.5735760927200317,
          9.2397289819246e-09,
          0.5500030517578125
        ],
        [
          -6.526536822093476e-08,
          7.669760293538275e-08,
          1.0,
          1.6999998092651367
        ],
        [
          0.0,
          0.0,
          0.0,
          1.0
        ]
      ],
      "matrix_ego_from_sensor_bevfusion": [
        [
          -0.8191522359848022,
          -9.956428925761429e-08,
          0.5735760927200317,
          1.2999992370605469
        ],
        [
          -0.5735760927200317,
          9.2397289819246e-09,
          -0.819152295589447,
          -0.5500030517578125
        ],
        [
          7.669760293538275e-08,
          -1.0,
          -6.526536822093476e-08,
          1.6999998092651367
        ],
        [
          0.0,
          0.0,
          0.0,
          1.0
        ]
      ],
      "camera_intrinsics": [
        [
          685.5110473632812,
          0.0,
          480.0
        ],
        [
          0.0,
          685.5110473632812,
          270.0
        ],
        [
          0.0,
          0.0,
          1.0
        ]
      ],
      "data_path": "D:\\Agent-AI\\outputs\\s3a_ml_long_v2\\sample_000018\\images\\CAM_FRONT_RIGHT.png",
      "raw_layout": "bgra8"
    },
    "CAM_FRONT_LEFT": {
      "type_id": "sensor.camera.rgb",
      "blueprint_attributes": {
        "role_name": "front",
        "ros_name": "sensor.camera.rgb",
        "chromatic_aberration_offset": "0.0",
        "sensor_tick": "0.100000",
        "fstop": "1.4",
        "image_size_x": "960",
        "image_size_y": "540",
        "fov": "70.00",
        "lens_circle_falloff": "5.0",
        "lens_circle_multiplier": "0.0",
        "exposure_compensation": "0.0",
        "lens_y_size": "0.08",
        "lens_k": "-1.0",
        "exposure_mode": "histogram",
        "lens_kcube": "0.0",
        "lens_x_size": "0.08",
        "exposure_max_bright": "12.0",
        "shutter_speed": "200.0",
        "bloom_intensity": "0.675",
        "iso": "100.0",
        "enable_postprocess_effects": "false",
        "gamma": "2.2",
        "motion_blur_intensity": "0.0",
        "motion_blur_max_distortion": "0.35",
        "lens_flare_intensity": "0.1",
        "motion_blur_min_object_screen_size": "0.1",
        "exposure_min_bright": "10.0",
        "exposure_speed_up": "3.0",
        "exposure_speed_down": "1.0",
        "tint": "0.0",
        "calibration_constant": "16.0",
        "focal_distance": "1000.0",
        "min_fstop": "1.2",
        "blade_count": "5",
        "blur_amount": "0.0",
        "blur_radius": "0.0",
        "slope": "0.88",
        "toe": "0.55",
        "white_clip": "0.04",
        "shoulder": "0.26",
        "black_clip": "0.0",
        "temp": "6500.0",
        "chromatic_aberration_intensity": "0.0"
      },
      "transform_carla": {
        "location": {
          "x": 104.21939849853516,
          "y": -34.17665100097656,
          "z": 1.694611668586731
        },
        "rotation": {
          "roll": 0.5192075371742249,
          "pitch": 0.22678275406360626,
          "yaw": -158.02769470214844
        }
      },
      "matrix_world_from_sensor_carla": [
        [
          -0.9273576140403748,
          0.3741097152233124,
          0.007060979958623648,
          104.21939849853516
        ],
        [
          -0.3741554319858551,
          -0.9273401498794556,
          -0.006922661792486906,
          -34.17665100097656
        ],
        [
          0.003958095330744982,
          -0.00906168669462204,
          0.9999511241912842,
          1.694611668586731
        ],
        [
          0.0,
          0.0,
          0.0,
          1.0
        ]
      ],
      "matrix_world_from_sensor_bevfusion": [
        [
          0.3741097152233124,
          -0.007060979958623648,
          -0.9273576140403748,
          104.21939849853516
        ],
        [
          0.9273401498794556,
          -0.006922661792486906,
          0.3741554319858551,
          34.17665100097656
        ],
        [
          -0.00906168669462204,
          -0.9999511241912842,
          0.003958095330744982,
          1.694611668586731
        ],
        [
          0.0,
          0.0,
          0.0,
          1.0
        ]
      ],
      "matrix_ego_from_sensor_carla": [
        [
          0.5735766291618347,
          0.8191518783569336,
          6.743366043338028e-08,
          1.3000011444091797
        ],
        [
          -0.8191519975662231,
          0.5735766291618347,
          4.556130761557142e-08,
          -0.5500030517578125
        ],
        [
          -1.1369986063769488e-09,
          -8.143734220311671e-08,
          1.0,
          1.6999998092651367
        ],
        [
          0.0,
          0.0,
          0.0,
          1.0
        ]
      ],
      "matrix_ego_from_sensor_bevfusion": [
        [
          0.8191518783569336,
          -6.743366043338028e-08,
          0.5735766291618347,
          1.3000011444091797
        ],
        [
          -0.5735766291618347,
          4.556130761557142e-08,
          0.8191519975662231,
          0.5500030517578125
        ],
        [
          -8.143734220311671e-08,
          -1.0,
          -1.1369986063769488e-09,
          1.6999998092651367
        ],
        [
          0.0,
          0.0,
          0.0,
          1.0
        ]
      ],
      "camera_intrinsics": [
        [
          685.5110473632812,
          0.0,
          480.0
        ],
        [
          0.0,
          685.5110473632812,
          270.0
        ],
        [
          0.0,
          0.0,
          1.0
        ]
      ],
      "data_path": "D:\\Agent-AI\\outputs\\s3a_ml_long_v2\\sample_000018\\images\\CAM_FRONT_LEFT.png",
      "raw_layout": "bgra8"
    },
    "CAM_BACK": {
      "type_id": "sensor.camera.rgb",
      "blueprint_attributes": {
        "role_name": "front",
        "ros_name": "sensor.camera.rgb",
        "chromatic_aberration_offset": "0.0",
        "sensor_tick": "0.100000",
        "fstop": "1.4",
        "image_size_x": "960",
        "image_size_y": "540",
        "fov": "70.00",
        "lens_circle_falloff": "5.0",
        "lens_circle_multiplier": "0.0",
        "exposure_compensation": "0.0",
        "lens_y_size": "0.08",
        "lens_k": "-1.0",
        "exposure_mode": "histogram",
        "lens_kcube": "0.0",
        "lens_x_size": "0.08",
        "exposure_max_bright": "12.0",
        "shutter_speed": "200.0",
        "bloom_intensity": "0.675",
        "iso": "100.0",
        "enable_postprocess_effects": "false",
        "gamma": "2.2",
        "motion_blur_intensity": "0.0",
        "motion_blur_max_distortion": "0.35",
        "lens_flare_intensity": "0.1",
        "motion_blur_min_object_screen_size": "0.1",
        "exposure_min_bright": "10.0",
        "exposure_speed_up": "3.0",
        "exposure_speed_down": "1.0",
        "tint": "0.0",
        "calibration_constant": "16.0",
        "focal_distance": "1000.0",
        "min_fstop": "1.2",
        "blade_count": "5",
        "blur_amount": "0.0",
        "blur_radius": "0.0",
        "slope": "0.88",
        "toe": "0.55",
        "white_clip": "0.04",
        "shoulder": "0.26",
        "black_clip": "0.0",
        "temp": "6500.0",
        "chromatic_aberration_intensity": "0.0"
      },
      "transform_carla": {
        "location": {
          "x": 105.39778137207031,
          "y": -31.524044036865234,
          "z": 1.7046548128128052
        },
        "rotation": {
          "roll": -0.4835771918296814,
          "pitch": 0.2952212393283844,
          "yaw": 76.97000885009766
        }
      },
      "matrix_world_from_sensor_carla": [
        [
          0.2254580408334732,
          -0.9742271900177002,
          0.007060944102704525,
          105.39778137207031
        ],
        [
          0.9742392301559448,
          0.22541064023971558,
          -0.006922585424035788,
          -31.524044036865234
        ],
        [
          0.005152559839189053,
          0.008439801633358002,
          0.9999510645866394,
          1.7046548128128052
        ],
        [
          0.0,
          0.0,
          0.0,
          1.0
        ]
      ],
      "matrix_world_from_sensor_bevfusion": [
        [
          -0.9742271900177002,
          -0.007060944102704525,
          0.2254580408334732,
          105.39778137207031
        ],
        [
          -0.22541064023971558,
          -0.006922585424035788,
          -0.9742392301559448,
          31.524044036865234
        ],
        [
          0.008439801633358002,
          -0.9999510645866394,
          0.005152559839189053,
          1.7046548128128052
        ],
        [
          0.0,
          0.0,
          0.0,
          1.0
        ]
      ],
      "matrix_ego_from_sensor_carla": [
        [
          -0.9999999403953552,
          -1.5991791713076964e-07,
          1.1512117925605025e-09,
          -1.5500006675720215
        ],
        [
          1.4805912940119015e-07,
          -0.9999999403953552,
          -6.08970340820747e-09,
          0.0
        ],
        [
          1.4842111983881523e-09,
          -5.514165124509418e-09,
          1.0,
          1.7000000476837158
        ],
        [
          0.0,
          0.0,
          0.0,
          1.0
        ]
      ],
      "matrix_ego_from_sensor_bevfusion": [
        [
          -1.5991791713076964e-07,
          -1.1512117925605025e-09,
          -0.9999999403953552,
          -1.5500006675720215
        ],
        [
          0.9999999403953552,
          -6.08970340820747e-09,
          -1.4805912940119015e-07,
          0.0
        ],
        [
          -5.514165124509418e-09,
          -1.0,
          1.4842111983881523e-09,
          1.7000000476837158
        ],
        [
          0.0,
          0.0,
          0.0,
          1.0
        ]
      ],
      "camera_intrinsics": [
        [
          685.5110473632812,
          0.0,
          480.0
        ],
        [
          0.0,
          685.5110473632812,
          270.0
        ],
        [
          0.0,
          0.0,
          1.0
        ]
      ],
      "data_path": "D:\\Agent-AI\\outputs\\s3a_ml_long_v2\\sample_000018\\images\\CAM_BACK.png",
      "raw_layout": "bgra8"
    },
    "CAM_BACK_LEFT": {
      "type_id": "sensor.camera.rgb",
      "blueprint_attributes": {
        "role_name": "front",
        "ros_name": "sensor.camera.rgb",
        "chromatic_aberration_offset": "0.0",
        "sensor_tick": "0.100000",
        "fstop": "1.4",
        "image_size_x": "960",
        "image_size_y": "540",
        "fov": "70.00",
        "lens_circle_falloff": "5.0",
        "lens_circle_multiplier": "0.0",
        "exposure_compensation": "0.0",
        "lens_y_size": "0.08",
        "lens_k": "-1.0",
        "exposure_mode": "histogram",
        "lens_kcube": "0.0",
        "lens_x_size": "0.08",
        "exposure_max_bright": "12.0",
        "shutter_speed": "200.0",
        "bloom_intensity": "0.675",
        "iso": "100.0",
        "enable_postprocess_effects": "false",
        "gamma": "2.2",
        "motion_blur_intensity": "0.0",
        "motion_blur_max_distortion": "0.35",
        "lens_flare_intensity": "0.1",
        "motion_blur_min_object_screen_size": "0.1",
        "exposure_min_bright": "10.0",
        "exposure_speed_up": "3.0",
        "exposure_speed_down": "1.0",
        "tint": "0.0",
        "calibration_constant": "16.0",
        "focal_distance": "1000.0",
        "min_fstop": "1.2",
        "blade_count": "5",
        "blur_amount": "0.0",
        "blur_radius": "0.0",
        "slope": "0.88",
        "toe": "0.55",
        "white_clip": "0.04",
        "shoulder": "0.26",
        "black_clip": "0.0",
        "temp": "6500.0",
        "chromatic_aberration_intensity": "0.0"
      },
      "transform_carla": {
        "location": {
          "x": 104.80559539794922,
          "y": -31.64362907409668,
          "z": 1.7080085277557373
        },
        "rotation": {
          "roll": -0.035528600215911865,
          "pitch": 0.5654576420783997,
          "yaw": 131.97109985351562
        }
      },
      "matrix_world_from_sensor_carla": [
        [
          -0.6687231063842773,
          -0.743478000164032,
          0.00706093292683363,
          104.80559539794922
        ],
        [
          0.7434460520744324,
          -0.6687600612640381,
          -0.00692268880084157,
          -31.64362907409668
        ],
        [
          0.00986893754452467,
          0.0006200607749633491,
          0.9999511241912842,
          1.7080085277557373
        ],
        [
          0.0,
          0.0,
          0.0,
          1.0
        ]
      ],
      "matrix_world_from_sensor_bevfusion": [
        [
          -0.743478000164032,
          -0.00706093292683363,
          -0.6687231063842773,
          104.80559539794922
        ],
        [
          0.6687600612640381,
          -0.00692268880084157,
          -0.7434460520744324,
          31.64362907409668
        ],
        [
          0.0006200607749633491,
          -0.9999511241912842,
          0.00986893754452467,
          1.7080085277557373
        ],
        [
          0.0,
          0.0,
          0.0,
          1.0
        ]
      ],
      "matrix_ego_from_sensor_carla": [
        [
          -0.5735762715339661,
          0.8191521167755127,
          1.0422090213069168e-07,
          -1.2999987602233887
        ],
        [
          -0.8191521763801575,
          -0.5735762715339661,
          5.514438239373476e-09,
          -0.5499954223632812
        ],
        [
          6.526536822093476e-08,
          -8.193616451990238e-08,
          1.0,
          1.7000000476837158
        ],
        [
          0.0,
          0.0,
          0.0,
          1.0
        ]
      ],
      "matrix_ego_from_sensor_bevfusion": [
        [
          0.8191521167755127,
          -1.0422090213069168e-07,
          -0.5735762715339661,
          -1.2999987602233887
        ],
        [
          0.5735762715339661,
          5.514438239373476e-09,
          0.8191521763801575,
          0.5499954223632812
        ],
        [
          -8.193616451990238e-08,
          -1.0,
          6.526536822093476e-08,
          1.7000000476837158
        ],
        [
          0.0,
          0.0,
          0.0,
          1.0
        ]
      ],
      "camera_intrinsics": [
        [
          685.5110473632812,
          0.0,
          480.0
        ],
        [
          0.0,
          685.5110473632812,
          270.0
        ],
        [
          0.0,
          0.0,
          1.0
        ]
      ],
      "data_path": "D:\\Agent-AI\\outputs\\s3a_ml_long_v2\\sample_000018\\images\\CAM_BACK_LEFT.png",
      "raw_layout": "bgra8"
    },
    "CAM_BACK_RIGHT": {
      "type_id": "sensor.camera.rgb",
      "blueprint_attributes": {
        "role_name": "front",
        "ros_name": "sensor.camera.rgb",
        "chromatic_aberration_offset": "0.0",
        "sensor_tick": "0.100000",
        "fstop": "1.4",
        "image_size_x": "960",
        "image_size_y": "540",
        "fov": "70.00",
        "lens_circle_falloff": "5.0",
        "lens_circle_multiplier": "0.0",
        "exposure_compensation": "0.0",
        "lens_y_size": "0.08",
        "lens_k": "-1.0",
        "exposure_mode": "histogram",
        "lens_kcube": "0.0",
        "lens_x_size": "0.08",
        "exposure_max_bright": "12.0",
        "shutter_speed": "200.0",
        "bloom_intensity": "0.675",
        "iso": "100.0",
        "enable_postprocess_effects": "false",
        "gamma": "2.2",
        "motion_blur_intensity": "0.0",
        "motion_blur_max_distortion": "0.35",
        "lens_flare_intensity": "0.1",
        "motion_blur_min_object_screen_size": "0.1",
        "exposure_min_bright": "10.0",
        "exposure_speed_up": "3.0",
        "exposure_speed_down": "1.0",
        "tint": "0.0",
        "calibration_constant": "16.0",
        "focal_distance": "1000.0",
        "min_fstop": "1.2",
        "blade_count": "5",
        "blur_amount": "0.0",
        "blur_radius": "0.0",
        "slope": "0.88",
        "toe": "0.55",
        "white_clip": "0.04",
        "shoulder": "0.26",
        "black_clip": "0.0",
        "temp": "6500.0",
        "chromatic_aberration_intensity": "0.0"
      },
      "transform_carla": {
        "location": {
          "x": 105.87724304199219,
          "y": -31.89158058166504,
          "z": 1.6987247467041016
        },
        "rotation": {
          "roll": -0.5192075371742249,
          "pitch": -0.22678275406360626,
          "yaw": 21.97228240966797
        }
      },
      "matrix_world_from_sensor_carla": [
        [
          0.9273577332496643,
          -0.3741093575954437,
          0.007060977164655924,
          105.87724304199219
        ],
        [
          0.37415507435798645,
          0.9273402690887451,
          -0.006922664120793343,
          -31.89158058166504
        ],
        [
          -0.003958095330744982,
          0.00906168669462204,
          0.9999511241912842,
          1.6987247467041016
        ],
        [
          0.0,
          0.0,
          0.0,
          1.0
        ]
      ],
      "matrix_world_from_sensor_bevfusion": [
        [
          -0.3741093575954437,
          -0.007060977164655924,
          0.9273577332496643,
          105.87724304199219
        ],
        [
          -0.9273402690887451,
          -0.006922664120793343,
          -0.37415507435798645,
          31.89158058166504
        ],
        [
          0.00906168669462204,
          -0.9999511241912842,
          -0.003958095330744982,
          1.6987247467041016
        ],
        [
          0.0,
          0.0,
          0.0,
          1.0
        ]
      ],
      "matrix_ego_from_sensor_carla": [
        [
          -0.5735763311386108,
          -0.8191520571708679,
          7.022762815722672e-08,
          -1.2999987602233887
        ],
        [
          0.8191521763801575,
          -0.5735762715339661,
          4.3698662466340465e-08,
          0.5500030517578125
        ],
        [
          4.396627506508821e-09,
          8.329998735234767e-08,
          1.0,
          1.7000000476837158
        ],
        [
          0.0,
          0.0,
          0.0,
          1.0
        ]
      ],
      "matrix_ego_from_sensor_bevfusion": [
        [
          -0.8191520571708679,
          -7.022762815722672e-08,
          -0.5735763311386108,
          -1.2999987602233887
        ],
        [
          0.5735762715339661,
          4.3698662466340465e-08,
          -0.8191521763801575,
          -0.5500030517578125
        ],
        [
          8.329998735234767e-08,
          -1.0,
          4.396627506508821e-09,
          1.7000000476837158
        ],
        [
          0.0,
          0.0,
          0.0,
          1.0
        ]
      ],
      "camera_intrinsics": [
        [
          685.5110473632812,
          0.0,
          480.0
        ],
        [
          0.0,
          685.5110473632812,
          270.0
        ],
        [
          0.0,
          0.0,
          1.0
        ]
      ],
      "data_path": "D:\\Agent-AI\\outputs\\s3a_ml_long_v2\\sample_000018\\images\\CAM_BACK_RIGHT.png",
      "raw_layout": "bgra8"
    },
    "LIDAR_TOP": {
      "type_id": "sensor.lidar.ray_cast",
      "blueprint_attributes": {
        "atmosphere_attenuation_rate": "0.004",
        "role_name": "front",
        "noise_seed": "0",
        "upper_fov": "10.0",
        "ros_name": "sensor.lidar.ray_cast",
        "sensor_tick": "0.100000",
        "channels": "32",
        "range": "120.0",
        "points_per_second": "360000",
        "lower_fov": "-30.0",
        "rotation_frequency": "10.000000",
        "horizontal_fov": "360.0",
        "dropoff_general_rate": "0.0",
        "dropoff_intensity_limit": "1.0",
        "noise_stddev": "0.0",
        "dropoff_zero_intensity": "0.0"
      },
      "transform_carla": {
        "location": {
          "x": 105.05184936523438,
          "y": -33.03757858276367,
          "z": 2.196643829345703
        },
        "rotation": {
          "roll": 0.4835774302482605,
          "pitch": -0.2952212393283844,
          "yaw": -103.02998352050781
        }
      },
      "matrix_world_from_sensor_carla": [
        [
          -0.22545789182186127,
          0.974227249622345,
          0.007060949690639973,
          105.05184936523438
        ],
        [
          -0.9742392897605896,
          -0.22541049122810364,
          -0.006922585424035788,
          -33.03757858276367
        ],
        [
          -0.005152559839189053,
          -0.008439806289970875,
          0.9999510645866394,
          2.196643829345703
        ],
        [
          0.0,
          0.0,
          0.0,
          1.0
        ]
      ],
      "matrix_world_from_sensor_bevfusion": [
        [
          -0.22545789182186127,
          -0.974227249622345,
          0.007060949690639973,
          105.05184936523438
        ],
        [
          0.9742392897605896,
          -0.22541049122810364,
          0.006922585424035788,
          33.03757858276367
        ],
        [
          -0.005152559839189053,
          0.008439806289970875,
          0.9999510645866394,
          2.196643829345703
        ],
        [
          0.0,
          0.0,
          0.0,
          1.0
        ]
      ],
      "matrix_ego_from_sensor_carla": [
        [
          1.0,
          -1.3280139488092146e-10,
          2.198891624338728e-10,
          2.86102294921875e-06
        ],
        [
          1.4387532942805592e-08,
          1.0,
          -5.017680715369011e-10,
          -7.62939453125e-06
        ],
        [
          -8.722733646493452e-11,
          -7.354272746340484e-11,
          1.0,
          2.200000047683716
        ],
        [
          0.0,
          0.0,
          0.0,
          1.0
        ]
      ],
      "matrix_ego_from_sensor_bevfusion": [
        [
          1.0,
          1.3280139488092146e-10,
          2.198891624338728e-10,
          2.86102294921875e-06
        ],
        [
          -1.4387532942805592e-08,
          1.0,
          5.017680715369011e-10,
          7.62939453125e-06
        ],
        [
          -8.722733646493452e-11,
          7.354272746340484e-11,
          1.0,
          2.200000047683716
        ],
        [
          0.0,
          0.0,
          0.0,
          1.0
        ]
      ],
      "data_path": "D:\\Agent-AI\\outputs\\s3a_ml_long_v2\\sample_000018\\lidar\\LIDAR_TOP.npy",
      "raw_layout": [
        "x",
        "y",
        "z",
        "intensity"
      ]
    },
    "RADAR_FRONT": {
      "type_id": "sensor.other.radar",
      "blueprint_attributes": {
        "sensor_tick": "0.100000",
        "role_name": "default",
        "noise_seed": "0",
        "ros_name": "sensor.other.radar",
        "horizontal_fov": "35.0",
        "points_per_second": "1500",
        "vertical_fov": "20.0",
        "range": "120.0"
      },
      "transform_carla": {
        "location": {
          "x": 104.59175872802734,
          "y": -34.97705841064453,
          "z": 0.8864019513130188
        },
        "rotation": {
          "roll": 0.4835774302482605,
          "pitch": -0.2952212393283844,
          "yaw": -103.02998352050781
        }
      },
      "matrix_world_from_sensor_carla": [
        [
          -0.22545789182186127,
          0.974227249622345,
          0.007060949690639973,
          104.59175872802734
        ],
        [
          -0.9742392897605896,
          -0.22541049122810364,
          -0.006922585424035788,
          -34.97705841064453
        ],
        [
          -0.005152559839189053,
          -0.008439806289970875,
          0.9999510645866394,
          0.8864019513130188
        ],
        [
          0.0,
          0.0,
          0.0,
          1.0
        ]
      ],
      "matrix_world_from_sensor_bevfusion": [
        [
          -0.22545789182186127,
          -0.974227249622345,
          0.007060949690639973,
          104.59175872802734
        ],
        [
          0.9742392897605896,
          -0.22541049122810364,
          0.006922585424035788,
          34.97705841064453
        ],
        [
          -0.005152559839189053,
          0.008439806289970875,
          0.9999510645866394,
          0.8864019513130188
        ],
        [
          0.0,
          0.0,
          0.0,
          1.0
        ]
      ],
      "matrix_ego_from_sensor_carla": [
        [
          1.0,
          -1.3280139488092146e-10,
          2.198891624338728e-10,
          2.000002861022949
        ],
        [
          1.4387532942805592e-08,
          1.0,
          -5.017680715369011e-10,
          0.0
        ],
        [
          -8.722733646493452e-11,
          -7.354272746340484e-11,
          1.0,
          0.8999997973442078
        ],
        [
          0.0,
          0.0,
          0.0,
          1.0
        ]
      ],
      "matrix_ego_from_sensor_bevfusion": [
        [
          1.0,
          1.3280139488092146e-10,
          2.198891624338728e-10,
          2.000002861022949
        ],
        [
          -1.4387532942805592e-08,
          1.0,
          5.017680715369011e-10,
          0.0
        ],
        [
          -8.722733646493452e-11,
          7.354272746340484e-11,
          1.0,
          0.8999997973442078
        ],
        [
          0.0,
          0.0,
          0.0,
          1.0
        ]
      ],
      "data_path": "D:\\Agent-AI\\outputs\\s3a_ml_long_v2\\sample_000018\\radar\\RADAR_FRONT.npy",
      "raw_layout": [
        "velocity",
        "altitude",
        "azimuth",
        "depth"
      ]
    },
    "RADAR_FRONT_LEFT": {
      "type_id": "sensor.other.radar",
      "blueprint_attributes": {
        "sensor_tick": "0.100000",
        "role_name": "default",
        "noise_seed": "0",
        "ros_name": "sensor.other.radar",
        "horizontal_fov": "35.0",
        "points_per_second": "1500",
        "vertical_fov": "20.0",
        "range": "120.0"
      },
      "transform_carla": {
        "location": {
          "x": 103.93999481201172,
          "y": -34.46701431274414,
          "z": 0.8945353627204895
        },
        "rotation": {
          "roll": 0.5506982803344727,
          "pitch": 0.13316819071769714,
          "yaw": -148.02806091308594
        }
      },
      "matrix_world_from_sensor_carla": [
        [
          -0.8483051657676697,
          0.529460608959198,
          0.00706081185489893,
          103.93999481201172
        ],
        [
          -0.5295025706291199,
          -0.8482800722122192,
          -0.006922752130776644,
          -34.46701431274414
        ],
        [
          0.0023242211900651455,
          -0.009611324407160282,
          0.9999511241912842,
          0.8945353627204895
        ],
        [
          0.0,
          0.0,
          0.0,
          1.0
        ]
      ],
      "matrix_world_from_sensor_bevfusion": [
        [
          -0.8483051657676697,
          -0.529460608959198,
          0.00706081185489893,
          103.93999481201172
        ],
        [
          0.5295025706291199,
          -0.8482800722122192,
          0.006922752130776644,
          34.46701431274414
        ],
        [
          0.0023242211900651455,
          0.009611324407160282,
          0.9999511241912842,
          0.8945353627204895
        ],
        [
          0.0,
          0.0,
          0.0,
          1.0
        ]
      ],
      "matrix_ego_from_sensor_carla": [
        [
          0.7071073055267334,
          0.7071062326431274,
          1.9316220800646988e-07,
          1.6500015258789062
        ],
        [
          -0.7071062922477722,
          0.7071073651313782,
          -9.786236887521227e-08,
          -0.7500076293945312
        ],
        [
          -2.0603195594048884e-07,
          -6.761187165693627e-08,
          1.0,
          0.8999997973442078
        ],
        [
          0.0,
          0.0,
          0.0,
          1.0
        ]
      ],
      "matrix_ego_from_sensor_bevfusion": [
        [
          0.7071073055267334,
          -0.7071062326431274,
          1.9316220800646988e-07,
          1.6500015258789062
        ],
        [
          0.7071062922477722,
          0.7071073651313782,
          9.786236887521227e-08,
          0.7500076293945312
        ],
        [
          -2.0603195594048884e-07,
          6.761187165693627e-08,
          1.0,
          0.8999997973442078
        ],
        [
          0.0,
          0.0,
          0.0,
          1.0
        ]
      ],
      "data_path": "D:\\Agent-AI\\outputs\\s3a_ml_long_v2\\sample_000018\\radar\\RADAR_FRONT_LEFT.npy",
      "raw_layout": [
        "velocity",
        "altitude",
        "azimuth",
        "depth"
      ]
    },
    "RADAR_FRONT_RIGHT": {
      "type_id": "sensor.other.radar",
      "blueprint_attributes": {
        "sensor_tick": "0.100000",
        "role_name": "default",
        "noise_seed": "0",
        "ros_name": "sensor.other.radar",
        "horizontal_fov": "35.0",
