{
  "schema_version": "stage1.v1",
  "sample_name": "sample_000043",
  "sequence_index": 43,
  "previous_sample_name": "sample_000042",
  "frame_id": 60044,
  "timestamp": 439.3197008147836,
  "platform_timestamp": 16814580.6585291,
  "delta_seconds": 0.10000000149011612,
  "town": "Carla/Maps/Town10HD_Opt",
  "weather": {
    "cloudiness": 20.0,
    "dust_storm": 0.0,
    "fog_density": 2.0,
    "fog_distance": 0.75,
    "fog_falloff": 0.10000000149011612,
    "mie_scattering_scale": 0.029999999329447746,
    "precipitation": 0.0,
    "precipitation_deposits": 0.0,
    "rayleigh_scattering_scale": 0.03310000151395798,
    "scattering_intensity": 1.0,
    "sun_altitude_angle": 45.0,
    "sun_azimuth_angle": 300.0,
    "wetness": 0.0,
    "wind_intensity": 10.0
  },
  "sensor_names": [
    "CAM_FRONT",
    "CAM_FRONT_RIGHT",
    "CAM_FRONT_LEFT",
    "CAM_BACK",
    "CAM_BACK_LEFT",
    "CAM_BACK_RIGHT",
    "LIDAR_TOP",
    "RADAR_FRONT",
    "RADAR_FRONT_LEFT",
    "RADAR_FRONT_RIGHT",
    "RADAR_BACK_LEFT",
    "RADAR_BACK_RIGHT"
  ],
  "camera_order_for_model": [
    "CAM_FRONT",
    "CAM_FRONT_RIGHT",
    "CAM_FRONT_LEFT",
    "CAM_BACK",
    "CAM_BACK_LEFT",
    "CAM_BACK_RIGHT"
  ],
  "radar_order_for_model": [
    "RADAR_FRONT",
    "RADAR_FRONT_LEFT",
    "RADAR_FRONT_RIGHT",
    "RADAR_BACK_LEFT",
    "RADAR_BACK_RIGHT"
  ],
  "coordinate_notes": {
    "carla_world": "left-handed x-forward y-right z-up",
    "bevfusion_lidar": "x-forward y-left z-up",
    "camera_frame_for_model": "OpenCV style x-right y-down z-forward"
  },
  "ego": {
    "actor_id": 28,
    "transform_carla": {
      "location": {
        "x": 95.86504364013672,
        "y": -50.43861389160156,
        "z": -0.003901595948264003
      },
      "rotation": {
        "roll": 0.6332718133926392,
        "pitch": -0.1183125302195549,
        "yaw": -131.0261688232422
      }
    },
    "velocity_carla": [
      -5.203489303588867,
      -5.702045917510986,
      1.2331008292676415e-05
    ],
    "angular_velocity_carla": [
      -0.7846339344978333,
      -0.2523277997970581,
      -11.577914237976074
    ],
    "matrix_world_from_ego_carla": [
      [
        -0.6564022302627563,
        0.7543787360191345,
        0.006982727441936731,
        95.86504364013672
      ],
      [
        -0.7544082403182983,
        -0.656346321105957,
        -0.008812587708234787,
        -50.43861389160156
      ],
      [
        -0.0020649416837841272,
        -0.011052429676055908,
        0.9999367594718933,
        -0.003901595948264003
      ],
      [
        0.0,
        0.0,
        0.0,
        1.0
      ]
    ],
    "matrix_world_from_ego_bevfusion": [
      [
        -0.6564022302627563,
        -0.7543787360191345,
        0.006982727441936731,
        95.86504364013672
      ],
      [
        0.7544082403182983,
        -0.656346321105957,
        0.008812587708234787,
        50.43861389160156
      ],
      [
        -0.0020649416837841272,
        0.011052429676055908,
        0.9999367594718933,
        -0.003901595948264003
      ],
      [
        0.0,
        0.0,
        0.0,
        1.0
      ]
    ]
  },
  "sensors": {
    "CAM_FRONT": {
      "type_id": "sensor.camera.rgb",
      "blueprint_attributes": {
        "role_name": "front",
        "ros_name": "sensor.camera.rgb",
        "chromatic_aberration_offset": "0.0",
        "sensor_tick": "0.100000",
        "fstop": "1.4",
        "image_size_x": "960",
        "image_size_y": "540",
        "fov": "70.00",
        "lens_circle_falloff": "5.0",
        "lens_circle_multiplier": "0.0",
        "exposure_compensation": "0.0",
        "lens_y_size": "0.08",
        "lens_k": "-1.0",
        "exposure_mode": "histogram",
        "lens_kcube": "0.0",
        "lens_x_size": "0.08",
        "exposure_max_bright": "12.0",
        "shutter_speed": "200.0",
        "bloom_intensity": "0.675",
        "iso": "100.0",
        "enable_postprocess_effects": "false",
        "gamma": "2.2",
        "motion_blur_intensity": "0.0",
        "motion_blur_max_distortion": "0.35",
        "lens_flare_intensity": "0.1",
        "motion_blur_min_object_screen_size": "0.1",
        "exposure_min_bright": "10.0",
        "exposure_speed_up": "3.0",
        "exposure_speed_down": "1.0",
        "tint": "0.0",
        "calibration_constant": "16.0",
        "focal_distance": "1000.0",
        "min_fstop": "1.2",
        "blade_count": "5",
        "blur_amount": "0.0",
        "blur_radius": "0.0",
        "slope": "0.88",
        "toe": "0.55",
        "white_clip": "0.04",
        "shoulder": "0.26",
        "black_clip": "0.0",
        "temp": "6500.0",
        "chromatic_aberration_intensity": "0.0"
      },
      "transform_carla": {
        "location": {
          "x": 94.85948944091797,
          "y": -51.622928619384766,
          "z": 1.692790150642395
        },
        "rotation": {
          "roll": 0.6332718133926392,
          "pitch": -0.1183125302195549,
          "yaw": -131.0261688232422
        }
      },
      "matrix_world_from_sensor_carla": [
        [
          -0.6564022302627563,
          0.7543787360191345,
          0.006982727441936731,
          94.85948944091797
        ],
        [
          -0.7544082403182983,
          -0.656346321105957,
          -0.008812587708234787,
          -51.622928619384766
        ],
        [
          -0.0020649416837841272,
          -0.011052429676055908,
          0.9999367594718933,
          1.692790150642395
        ],
        [
          0.0,
          0.0,
          0.0,
          1.0
        ]
      ],
      "matrix_world_from_sensor_bevfusion": [
        [
          0.7543787360191345,
          -0.006982727441936731,
          -0.6564022302627563,
          94.85948944091797
        ],
        [
          0.656346321105957,
          -0.008812587708234787,
          0.7544082403182983,
          51.622928619384766
        ],
        [
          -0.011052429676055908,
          -0.9999367594718933,
          -0.0020649416837841272,
          1.692790150642395
        ],
        [
          0.0,
          0.0,
          0.0,
          1.0
        ]
      ],
      "matrix_ego_from_sensor_carla": [
        [
          1.0,
          7.0087984305189366e-09,
          -3.000322212898254e-11,
          1.5499992370605469
        ],
        [
          1.2857707787361505e-08,
          1.0,
          -4.6170506307063874e-10,
          7.62939453125e-06
        ],
        [
          3.125926739677709e-10,
          -1.8921753053291468e-10,
          1.0,
          1.6999999284744263
        ],
        [
          0.0,
          0.0,
          0.0,
          1.0
        ]
      ],
      "matrix_ego_from_sensor_bevfusion": [
        [
          7.0087984305189366e-09,
          3.000322212898254e-11,
          1.0,
          1.5499992370605469
        ],
        [
          -1.0,
          -4.6170506307063874e-10,
          -1.2857707787361505e-08,
          -7.62939453125e-06
        ],
        [
          -1.8921753053291468e-10,
          -1.0,
          3.125926739677709e-10,
          1.6999999284744263
        ],
        [
          0.0,
          0.0,
          0.0,
          1.0
        ]
      ],
      "camera_intrinsics": [
        [
          685.5110473632812,
          0.0,
          480.0
        ],
        [
          0.0,
          685.5110473632812,
          270.0
        ],
        [
          0.0,
          0.0,
          1.0
        ]
      ],
      "data_path": "D:\\Agent-AI\\outputs\\s3a_ml_long_v2\\sample_000043\\images\\CAM_FRONT.png",
      "raw_layout": "bgra8"
    },
    "CAM_FRONT_RIGHT": {
      "type_id": "sensor.camera.rgb",
      "blueprint_attributes": {
        "role_name": "front",
        "ros_name": "sensor.camera.rgb",
        "chromatic_aberration_offset": "0.0",
        "sensor_tick": "0.100000",
        "fstop": "1.4",
        "image_size_x": "960",
        "image_size_y": "540",
        "fov": "70.00",
        "lens_circle_falloff": "5.0",
        "lens_circle_multiplier": "0.0",
        "exposure_compensation": "0.0",
        "lens_y_size": "0.08",
        "lens_k": "-1.0",
        "exposure_mode": "histogram",
        "lens_kcube": "0.0",
        "lens_x_size": "0.08",
        "exposure_max_bright": "12.0",
        "shutter_speed": "200.0",
        "bloom_intensity": "0.675",
        "iso": "100.0",
        "enable_postprocess_effects": "false",
        "gamma": "2.2",
        "motion_blur_intensity": "0.0",
        "motion_blur_max_distortion": "0.35",
        "lens_flare_intensity": "0.1",
        "motion_blur_min_object_screen_size": "0.1",
        "exposure_min_bright": "10.0",
        "exposure_speed_up": "3.0",
        "exposure_speed_down": "1.0",
        "tint": "0.0",
        "calibration_constant": "16.0",
        "focal_distance": "1000.0",
        "min_fstop": "1.2",
        "blade_count": "5",
        "blur_amount": "0.0",
        "blur_radius": "0.0",
        "slope": "0.88",
        "toe": "0.55",
        "white_clip": "0.04",
        "shoulder": "0.26",
        "black_clip": "0.0",
        "temp": "6500.0",
        "chromatic_aberration_intensity": "0.0"
      },
      "transform_carla": {
        "location": {
          "x": 95.43850708007812,
          "y": -51.79531478881836,
          "z": 1.687227725982666
        },
        "rotation": {
          "roll": 0.2663173973560333,
          "pitch": -0.5866107940673828,
          "yaw": -76.02686309814453
        }
      },
      "matrix_world_from_sensor_carla": [
        [
          0.24145430326461792,
          0.9703870415687561,
          0.006982695311307907,
          95.43850708007812
        ],
        [
          -0.9703581929206848,
          0.2415105253458023,
          -0.008812686428427696,
          -51.79531478881836
        ],
        [
          -0.010238111019134521,
          -0.004647855181246996,
          0.9999368190765381,
          1.687227725982666
        ],
        [
          0.0,
          0.0,
          0.0,
          1.0
        ]
      ],
      "matrix_world_from_sensor_bevfusion": [
        [
          0.9703870415687561,
          -0.006982695311307907,
          0.24145430326461792,
          95.43850708007812
        ],
        [
          -0.2415105253458023,
          -0.008812686428427696,
          0.9703581929206848,
          51.79531478881836
        ],
        [
          -0.004647855181246996,
          -0.9999368190765381,
          -0.010238111019134521,
          1.687227725982666
        ],
        [
          0.0,
          0.0,
          0.0,
          1.0
        ]
      ],
      "matrix_ego_from_sensor_carla": [
        [
          0.5735762715339661,
          -0.8191522359848022,
          9.577313875297477e-08,
          1.2999954223632812
        ],
        [
          0.8191522359848022,
          0.5735762119293213,
          3.98577135740652e-08,
          0.5500106811523438
        ],
        [
          -8.702888010247989e-08,
          5.430588245758372e-08,
          1.0000001192092896,
          1.7000001668930054
        ],
        [
          0.0,
          0.0,
          0.0,
          1.0
        ]
      ],
      "matrix_ego_from_sensor_bevfusion": [
        [
          -0.8191522359848022,
          -9.577313875297477e-08,
          0.5735762715339661,
          1.2999954223632812
        ],
        [
          -0.5735762119293213,
          3.98577135740652e-08,
          -0.8191522359848022,
          -0.5500106811523438
        ],
        [
          5.430588245758372e-08,
          -1.0000001192092896,
          -8.702888010247989e-08,
          1.7000001668930054
        ],
        [
          0.0,
          0.0,
          0.0,
          1.0
        ]
      ],
      "camera_intrinsics": [
        [
          685.5110473632812,
          0.0,
          480.0
        ],
        [
          0.0,
          685.5110473632812,
          270.0
        ],
        [
          0.0,
          0.0,
          1.0
        ]
      ],
      "data_path": "D:\\Agent-AI\\outputs\\s3a_ml_long_v2\\sample_000043\\images\\CAM_FRONT_RIGHT.png",
      "raw_layout": "bgra8"
    },
    "CAM_FRONT_LEFT": {
      "type_id": "sensor.camera.rgb",
      "blueprint_attributes": {
        "role_name": "front",
        "ros_name": "sensor.camera.rgb",
        "chromatic_aberration_offset": "0.0",
        "sensor_tick": "0.100000",
        "fstop": "1.4",
        "image_size_x": "960",
        "image_size_y": "540",
        "fov": "70.00",
        "lens_circle_falloff": "5.0",
        "lens_circle_multiplier": "0.0",
        "exposure_compensation": "0.0",
        "lens_y_size": "0.08",
        "lens_k": "-1.0",
        "exposure_mode": "histogram",
        "lens_kcube": "0.0",
        "lens_x_size": "0.08",
        "exposure_max_bright": "12.0",
        "shutter_speed": "200.0",
        "bloom_intensity": "0.675",
        "iso": "100.0",
        "enable_postprocess_effects": "false",
        "gamma": "2.2",
        "motion_blur_intensity": "0.0",
        "motion_blur_max_distortion": "0.35",
        "lens_flare_intensity": "0.1",
        "motion_blur_min_object_screen_size": "0.1",
        "exposure_min_bright": "10.0",
        "exposure_speed_up": "3.0",
        "exposure_speed_down": "1.0",
        "tint": "0.0",
        "calibration_constant": "16.0",
        "focal_distance": "1000.0",
        "min_fstop": "1.2",
        "blade_count": "5",
        "blur_amount": "0.0",
        "blur_radius": "0.0",
        "slope": "0.88",
        "toe": "0.55",
        "white_clip": "0.04",
        "shoulder": "0.26",
        "black_clip": "0.0",
        "temp": "6500.0",
        "chromatic_aberration_intensity": "0.0"
      },
      "transform_carla": {
        "location": {
          "x": 94.60868835449219,
          "y": -51.073333740234375,
          "z": 1.6993852853775024
        },
        "rotation": {
          "roll": 0.46015995740890503,
          "pitch": 0.4508744180202484,
          "yaw": 173.97628784179688
        }
      },
      "matrix_world_from_sensor_carla": [
        [
          -0.9944477677345276,
          -0.1049995869398117,
          0.006982663180679083,
          94.60868835449219
        ],
        [
          0.1049368679523468,
          -0.9944398403167725,
          -0.008812639862298965,
          -51.073333740234375
        ],
        [
          0.007869161665439606,
          -0.008030970580875874,
          0.9999368190765381,
          1.6993852853775024
        ],
        [
          0.0,
          0.0,
          0.0,
          1.0
        ]
      ],
      "matrix_world_from_sensor_bevfusion": [
        [
          -0.1049995869398117,
          -0.006982663180679083,
          -0.9944477677345276,
          94.60868835449219
        ],
        [
          0.9944398403167725,
          -0.008812639862298965,
          -0.1049368679523468,
          51.073333740234375
        ],
        [
          -0.008030970580875874,
          -0.9999368190765381,
          0.007869161665439606,
          1.6993852853775024
        ],
        [
          0.0,
          0.0,
          0.0,
          1.0
        ]
      ],
      "matrix_ego_from_sensor_carla": [
        [
          0.5735762715339661,
          0.8191522359848022,
          8.157046949008873e-08,
          1.2999954223632812
        ],
        [
          -0.8191522359848022,
          0.5735762715339661,
          -1.509032010460487e-08,
          -0.5499954223632812
        ],
        [
          -5.945928904793618e-08,
          -5.790866453025956e-08,
          1.0000001192092896,
          1.7000001668930054
        ],
        [
          0.0,
          0.0,
          0.0,
          1.0
        ]
      ],
      "matrix_ego_from_sensor_bevfusion": [
        [
          0.8191522359848022,
          -8.157046949008873e-08,
          0.5735762715339661,
          1.2999954223632812
        ],
        [
          -0.5735762715339661,
          -1.509032010460487e-08,
          0.8191522359848022,
          0.5499954223632812
        ],
        [
          -5.790866453025956e-08,
          -1.0000001192092896,
          -5.945928904793618e-08,
          1.7000001668930054
        ],
        [
          0.0,
          0.0,
          0.0,
          1.0
        ]
      ],
      "camera_intrinsics": [
        [
          685.5110473632812,
          0.0,
          480.0
        ],
        [
          0.0,
          685.5110473632812,
          270.0
        ],
        [
          0.0,
          0.0,
          1.0
        ]
      ],
      "data_path": "D:\\Agent-AI\\outputs\\s3a_ml_long_v2\\sample_000043\\images\\CAM_FRONT_LEFT.png",
      "raw_layout": "bgra8"
    },
    "CAM_BACK": {
      "type_id": "sensor.camera.rgb",
      "blueprint_attributes": {
        "role_name": "front",
        "ros_name": "sensor.camera.rgb",
        "chromatic_aberration_offset": "0.0",
        "sensor_tick": "0.100000",
        "fstop": "1.4",
        "image_size_x": "960",
        "image_size_y": "540",
        "fov": "70.00",
        "lens_circle_falloff": "5.0",
        "lens_circle_multiplier": "0.0",
        "exposure_compensation": "0.0",
        "lens_y_size": "0.08",
        "lens_k": "-1.0",
        "exposure_mode": "histogram",
        "lens_kcube": "0.0",
        "lens_x_size": "0.08",
        "exposure_max_bright": "12.0",
        "shutter_speed": "200.0",
        "bloom_intensity": "0.675",
        "iso": "100.0",
        "enable_postprocess_effects": "false",
        "gamma": "2.2",
        "motion_blur_intensity": "0.0",
        "motion_blur_max_distortion": "0.35",
        "lens_flare_intensity": "0.1",
        "motion_blur_min_object_screen_size": "0.1",
        "exposure_min_bright": "10.0",
        "exposure_speed_up": "3.0",
        "exposure_speed_down": "1.0",
        "tint": "0.0",
        "calibration_constant": "16.0",
        "focal_distance": "1000.0",
        "min_fstop": "1.2",
        "blade_count": "5",
        "blur_amount": "0.0",
        "blur_radius": "0.0",
        "slope": "0.88",
        "toe": "0.55",
        "white_clip": "0.04",
        "shoulder": "0.26",
        "black_clip": "0.0",
        "temp": "6500.0",
        "chromatic_aberration_intensity": "0.0"
      },
      "transform_carla": {
        "location": {
          "x": 96.89434051513672,
          "y": -49.28425979614258,
          "z": 1.6991918087005615
        },
        "rotation": {
          "roll": -0.6332716941833496,
          "pitch": 0.1183125302195549,
          "yaw": 48.97383499145508
        }
      },
      "matrix_world_from_sensor_carla": [
        [
          0.6564021706581116,
          -0.7543787956237793,
          0.006982726510614157,
          96.89434051513672
        ],
        [
          0.7544082999229431,
          0.6563462615013123,
          -0.008812585845589638,
          -49.28425979614258
        ],
        [
          0.0020649416837841272,
          0.011052427813410759,
          0.9999367594718933,
          1.6991918087005615
        ],
        [
          0.0,
          0.0,
          0.0,
          1.0
        ]
      ],
      "matrix_world_from_sensor_bevfusion": [
        [
          -0.7543787956237793,
          -0.006982726510614157,
          0.6564021706581116,
          96.89434051513672
        ],
        [
          -0.6563462615013123,
          -0.008812585845589638,
          -0.7544082999229431,
          49.28425979614258
        ],
        [
          0.011052427813410759,
          -0.9999367594718933,
          0.0020649416837841272,
          1.6991918087005615
        ],
        [
          0.0,
          0.0,
          0.0,
          1.0
        ]
      ],
      "matrix_ego_from_sensor_carla": [
        [
          -1.0,
          6.776279093401172e-08,
          -4.956645094367218e-10,
          -1.5500030517578125
        ],
        [
          -1.1158517310150273e-07,
          -1.0,
          -1.3930276931972685e-09,
          0.0
        ],
        [
          -7.782539612755102e-10,
          -1.673309935057432e-09,
          1.0,
          1.7000004053115845
        ],
        [
          0.0,
          0.0,
          0.0,
          1.0
        ]
      ],
      "matrix_ego_from_sensor_bevfusion": [
        [
          6.776279093401172e-08,
          4.956645094367218e-10,
          -1.0,
          -1.5500030517578125
        ],
        [
          1.0,
          -1.3930276931972685e-09,
          1.1158517310150273e-07,
          0.0
        ],
        [
          -1.673309935057432e-09,
          -1.0,
          -7.782539612755102e-10,
          1.7000004053115845
        ],
        [
          0.0,
          0.0,
          0.0,
          1.0
        ]
      ],
      "camera_intrinsics": [
        [
          685.5110473632812,
          0.0,
          480.0
        ],
        [
          0.0,
          685.5110473632812,
          270.0
        ],
        [
          0.0,
          0.0,
          1.0
        ]
      ],
      "data_path": "D:\\Agent-AI\\outputs\\s3a_ml_long_v2\\sample_000043\\images\\CAM_BACK.png",
      "raw_layout": "bgra8"
    },
    "CAM_BACK_LEFT": {
      "type_id": "sensor.camera.rgb",
      "blueprint_attributes": {
        "role_name": "front",
        "ros_name": "sensor.camera.rgb",
        "chromatic_aberration_offset": "0.0",
        "sensor_tick": "0.100000",
        "fstop": "1.4",
        "image_size_x": "960",
        "image_size_y": "540",
        "fov": "70.00",
        "lens_circle_falloff": "5.0",
        "lens_circle_multiplier": "0.0",
        "exposure_compensation": "0.0",
        "lens_y_size": "0.08",
        "lens_k": "-1.0",
        "exposure_mode": "histogram",
        "lens_kcube": "0.0",
        "lens_x_size": "0.08",
        "exposure_max_bright": "12.0",
        "shutter_speed": "200.0",
        "bloom_intensity": "0.675",
        "iso": "100.0",
        "enable_postprocess_effects": "false",
        "gamma": "2.2",
        "motion_blur_intensity": "0.0",
        "motion_blur_max_distortion": "0.35",
        "lens_flare_intensity": "0.1",
        "motion_blur_min_object_screen_size": "0.1",
        "exposure_min_bright": "10.0",
        "exposure_speed_up": "3.0",
        "exposure_speed_down": "1.0",
        "tint": "0.0",
        "calibration_constant": "16.0",
        "focal_distance": "1000.0",
        "min_fstop": "1.2",
        "blade_count": "5",
        "blur_amount": "0.0",
        "blur_radius": "0.0",
        "slope": "0.88",
        "toe": "0.55",
        "white_clip": "0.04",
        "shoulder": "0.26",
        "black_clip": "0.0",
        "temp": "6500.0",
        "chromatic_aberration_intensity": "0.0"
      },
      "transform_carla": {
        "location": {
          "x": 96.3153305053711,
          "y": -49.111873626708984,
          "z": 1.70475435256958
        },
        "rotation": {
          "roll": -0.2663172781467438,
          "pitch": 0.5866107940673828,
          "yaw": 103.97312927246094
        }
      },
      "matrix_world_from_sensor_carla": [
        [
          -0.24145415425300598,
          -0.9703871011734009,
          0.006982692051678896,
          96.3153305053711
        ],
        [
          0.9703582525253296,
          -0.24151037633419037,
          -0.008812688291072845,
          -49.111873626708984
        ],
        [
          0.010238111019134521,
          0.004647852852940559,
          0.9999368190765381,
          1.70475435256958
        ],
        [
          0.0,
          0.0,
          0.0,
          1.0
        ]
      ],
      "matrix_world_from_sensor_bevfusion": [
        [
          -0.9703871011734009,
          -0.006982692051678896,
          -0.24145415425300598,
          96.3153305053711
        ],
        [
          0.24151037633419037,
          -0.008812688291072845,
          -0.9703582525253296,
          49.111873626708984
        ],
        [
          0.004647852852940559,
          -0.9999368190765381,
          0.010238111019134521,
          1.70475435256958
        ],
        [
          0.0,
          0.0,
          0.0,
          1.0
        ]
      ],
      "matrix_ego_from_sensor_carla": [
        [
          -0.5735763907432556,
          0.8191521763801575,
          9.903276776412895e-08,
          -1.3000011444091797
        ],
        [
          -0.8191521763801575,
          -0.5735763907432556,
          3.892639099944972e-08,
          -0.5500030517578125
        ],
        [
          8.702888010247989e-08,
          -5.8496684829378864e-08,
          1.0000001192092896,
          1.7000004053115845
        ],
        [
          0.0,
          0.0,
          0.0,
          1.0
        ]
      ],
      "matrix_ego_from_sensor_bevfusion": [
        [
          0.8191521763801575,
          -9.903276776412895e-08,
          -0.5735763907432556,
          -1.3000011444091797
        ],
        [
          0.5735763907432556,
          3.892639099944972e-08,
          0.8191521763801575,
          0.5500030517578125
        ],
        [
          -5.8496684829378864e-08,
          -1.0000001192092896,
          8.702888010247989e-08,
          1.7000004053115845
        ],
        [
          0.0,
          0.0,
          0.0,
          1.0
        ]
      ],
      "camera_intrinsics": [
        [
          685.5110473632812,
          0.0,
          480.0
        ],
        [
          0.0,
          685.5110473632812,
          270.0
        ],
        [
          0.0,
          0.0,
          1.0
        ]
      ],
      "data_path": "D:\\Agent-AI\\outputs\\s3a_ml_long_v2\\sample_000043\\images\\CAM_BACK_LEFT.png",
      "raw_layout": "bgra8"
    },
    "CAM_BACK_RIGHT": {
      "type_id": "sensor.camera.rgb",
      "blueprint_attributes": {
        "role_name": "front",
        "ros_name": "sensor.camera.rgb",
        "chromatic_aberration_offset": "0.0",
        "sensor_tick": "0.100000",
        "fstop": "1.4",
        "image_size_x": "960",
        "image_size_y": "540",
        "fov": "70.00",
        "lens_circle_falloff": "5.0",
        "lens_circle_multiplier": "0.0",
        "exposure_compensation": "0.0",
        "lens_y_size": "0.08",
        "lens_k": "-1.0",
        "exposure_mode": "histogram",
        "lens_kcube": "0.0",
        "lens_x_size": "0.08",
        "exposure_max_bright": "12.0",
        "shutter_speed": "200.0",
        "bloom_intensity": "0.675",
        "iso": "100.0",
        "enable_postprocess_effects": "false",
        "gamma": "2.2",
        "motion_blur_intensity": "0.0",
        "motion_blur_max_distortion": "0.35",
        "lens_flare_intensity": "0.1",
        "motion_blur_min_object_screen_size": "0.1",
        "exposure_min_bright": "10.0",
        "exposure_speed_up": "3.0",
        "exposure_speed_down": "1.0",
        "tint": "0.0",
        "calibration_constant": "16.0",
        "focal_distance": "1000.0",
        "min_fstop": "1.2",
        "blade_count": "5",
        "blur_amount": "0.0",
        "blur_radius": "0.0",
        "slope": "0.88",
        "toe": "0.55",
        "white_clip": "0.04",
        "shoulder": "0.26",
        "black_clip": "0.0",
        "temp": "6500.0",
        "chromatic_aberration_intensity": "0.0"
      },
      "transform_carla": {
        "location": {
          "x": 97.1451416015625,
          "y": -49.8338508605957,
          "z": 1.692596673965454
        },
        "rotation": {
          "roll": -0.46015989780426025,
          "pitch": -0.4508744180202484,
          "yaw": -6.023717403411865
        }
      },
      "matrix_world_from_sensor_carla": [
        [
          0.9944477677345276,
          0.1049996018409729,
          0.006982663180679083,
          97.1451416015625
        ],
        [
          -0.104936882853508,
          0.9944398403167725,
          -0.00881263893097639,
          -49.8338508605957
        ],
        [
          -0.007869161665439606,
          0.008030969649553299,
          0.9999368190765381,
          1.692596673965454
        ],
        [
          0.0,
          0.0,
          0.0,
          1.0
        ]
      ],
      "matrix_world_from_sensor_bevfusion": [
        [
          0.1049996018409729,
          -0.006982663180679083,
          0.9944477677345276,
          97.1451416015625
        ],
        [
          -0.9944398403167725,
          -0.00881263893097639,
          0.104936882853508,
          49.8338508605957
        ],
        [
          0.008030969649553299,
          -0.9999368190765381,
          -0.007869161665439606,
          1.692596673965454
        ],
        [
          0.0,
          0.0,
          0.0,
          1.0
        ]
      ],
      "matrix_ego_from_sensor_carla": [
        [
          -0.5735762119293213,
          -0.8191522359848022,
          8.087197755912712e-08,
          -1.2999992370605469
        ],
        [
          0.8191522359848022,
          -0.5735762715339661,
          -1.602164267922035e-08,
          0.5499954223632812
        ],
        [
          5.945928904793618e-08,
          5.697740235177662e-08,
          1.0000001192092896,
          1.7000001668930054
        ],
        [
          0.0,
          0.0,
          0.0,
          1.0
        ]
      ],
      "matrix_ego_from_sensor_bevfusion": [
        [
          -0.8191522359848022,
          -8.087197755912712e-08,
          -0.5735762119293213,
          -1.2999992370605469
        ],
        [
          0.5735762715339661,
          -1.602164267922035e-08,
          -0.8191522359848022,
          -0.5499954223632812
        ],
        [
          5.697740235177662e-08,
          -1.0000001192092896,
          5.945928904793618e-08,
          1.7000001668930054
        ],
        [
          0.0,
          0.0,
          0.0,
          1.0
        ]
      ],
      "camera_intrinsics": [
        [
          685.5110473632812,
          0.0,
          480.0
        ],
        [
          0.0,
          685.5110473632812,
          270.0
        ],
        [
          0.0,
          0.0,
          1.0
        ]
      ],
      "data_path": "D:\\Agent-AI\\outputs\\s3a_ml_long_v2\\sample_000043\\images\\CAM_BACK_RIGHT.png",
      "raw_layout": "bgra8"
    },
    "LIDAR_TOP": {
      "type_id": "sensor.lidar.ray_cast",
      "blueprint_attributes": {
        "atmosphere_attenuation_rate": "0.004",
        "role_name": "front",
        "noise_seed": "0",
        "upper_fov": "10.0",
        "ros_name": "sensor.lidar.ray_cast",
        "sensor_tick": "0.100000",
        "channels": "32",
        "range": "120.0",
        "points_per_second": "360000",
        "lower_fov": "-30.0",
        "rotation_frequency": "10.000000",
        "horizontal_fov": "360.0",
        "dropoff_general_rate": "0.0",
        "dropoff_intensity_limit": "1.0",
        "noise_stddev": "0.0",
        "dropoff_zero_intensity": "0.0"
      },
      "transform_carla": {
        "location": {
          "x": 95.88040924072266,
          "y": -50.45800018310547,
          "z": 2.1959593296051025
        },
        "rotation": {
          "roll": 0.6332718133926392,
          "pitch": -0.1183125302195549,
          "yaw": -131.0261688232422
        }
      },
      "matrix_world_from_sensor_carla": [
        [
          -0.6564022302627563,
          0.7543787360191345,
          0.006982727441936731,
          95.88040924072266
        ],
        [
          -0.7544082403182983,
          -0.656346321105957,
          -0.008812587708234787,
          -50.45800018310547
        ],
        [
          -0.0020649416837841272,
          -0.011052429676055908,
          0.9999367594718933,
          2.1959593296051025
        ],
        [
          0.0,
          0.0,
          0.0,
          1.0
        ]
      ],
      "matrix_world_from_sensor_bevfusion": [
        [
          -0.6564022302627563,
          -0.7543787360191345,
          0.006982727441936731,
          95.88040924072266
        ],
        [
          0.7544082403182983,
          -0.656346321105957,
          0.008812587708234787,
          50.45800018310547
        ],
        [
          -0.0020649416837841272,
          0.011052429676055908,
          0.9999367594718933,
          2.1959593296051025
        ],
        [
          0.0,
          0.0,
          0.0,
          1.0
        ]
      ],
      "matrix_ego_from_sensor_carla": [
        [
          1.0,
          7.0087984305189366e-09,
          -3.000322212898254e-11,
          -1.9073486328125e-06
        ],
        [
          1.2857707787361505e-08,
          1.0,
          -4.6170506307063874e-10,
          7.62939453125e-06
        ],
        [
          3.125926739677709e-10,
          -1.8921753053291468e-10,
          1.0,
          2.200000286102295
        ],
        [
          0.0,
          0.0,
          0.0,
          1.0
        ]
      ],
      "matrix_ego_from_sensor_bevfusion": [
        [
          1.0,
          -7.0087984305189366e-09,
          -3.000322212898254e-11,
          -1.9073486328125e-06
        ],
        [
          -1.2857707787361505e-08,
          1.0,
          4.6170506307063874e-10,
          -7.62939453125e-06
        ],
        [
          3.125926739677709e-10,
          1.8921753053291468e-10,
          1.0,
          2.200000286102295
        ],
        [
          0.0,
          0.0,
          0.0,
          1.0
        ]
      ],
      "data_path": "D:\\Agent-AI\\outputs\\s3a_ml_long_v2\\sample_000043\\lidar\\LIDAR_TOP.npy",
      "raw_layout": [
        "x",
        "y",
        "z",
        "intensity"
      ]
    },
    "RADAR_FRONT": {
      "type_id": "sensor.other.radar",
      "blueprint_attributes": {
        "sensor_tick": "0.100000",
        "role_name": "default",
        "noise_seed": "0",
        "ros_name": "sensor.other.radar",
        "horizontal_fov": "35.0",
        "points_per_second": "1500",
        "vertical_fov": "20.0",
        "range": "120.0"
      },
      "transform_carla": {
        "location": {
          "x": 94.55852508544922,
          "y": -51.955360412597656,
          "z": 0.8919114470481873
        },
        "rotation": {
          "roll": 0.6332718133926392,
          "pitch": -0.1183125302195549,
          "yaw": -131.0261688232422
        }
      },
      "matrix_world_from_sensor_carla": [
        [
          -0.6564022302627563,
          0.7543787360191345,
          0.006982727441936731,
          94.55852508544922
        ],
        [
          -0.7544082403182983,
          -0.656346321105957,
          -0.008812587708234787,
          -51.955360412597656
        ],
        [
          -0.0020649416837841272,
          -0.011052429676055908,
          0.9999367594718933,
          0.8919114470481873
        ],
        [
          0.0,
          0.0,
          0.0,
          1.0
        ]
      ],
      "matrix_world_from_sensor_bevfusion": [
        [
          -0.6564022302627563,
          -0.7543787360191345,
          0.006982727441936731,
          94.55852508544922
        ],
        [
          0.7544082403182983,
          -0.656346321105957,
          0.008812587708234787,
          51.955360412597656
        ],
        [
          -0.0020649416837841272,
          0.011052429676055908,
          0.9999367594718933,
          0.8919114470481873
        ],
        [
          0.0,
          0.0,
          0.0,
          1.0
        ]
      ],
      "matrix_ego_from_sensor_carla": [
        [
          1.0,
          7.0087984305189366e-09,
          -3.000322212898254e-11,
          1.9999980926513672
        ],
        [
          1.2857707787361505e-08,
          1.0,
          -4.6170506307063874e-10,
          7.62939453125e-06
        ],
        [
          3.125926739677709e-10,
          -1.8921753053291468e-10,
          1.0,
          0.8999999761581421
        ],
        [
          0.0,
          0.0,
          0.0,
          1.0
        ]
      ],
      "matrix_ego_from_sensor_bevfusion": [
        [
          1.0,
          -7.0087984305189366e-09,
          -3.000322212898254e-11,
          1.9999980926513672
        ],
        [
          -1.2857707787361505e-08,
          1.0,
          4.6170506307063874e-10,
          -7.62939453125e-06
        ],
        [
          3.125926739677709e-10,
          1.8921753053291468e-10,
          1.0,
          0.8999999761581421
        ],
        [
          0.0,
          0.0,
          0.0,
          1.0
        ]
      ],
      "data_path": "D:\\Agent-AI\\outputs\\s3a_ml_long_v2\\sample_000043\\radar\\RADAR_FRONT.npy",
      "raw_layout": [
        "velocity",
        "altitude",
        "azimuth",
        "depth"
      ]
    },
    "RADAR_FRONT_LEFT": {
      "type_id": "sensor.other.radar",
      "blueprint_attributes": {
        "sensor_tick": "0.100000",
        "role_name": "default",
        "noise_seed": "0",
        "ros_name": "sensor.other.radar",
        "horizontal_fov": "35.0",
        "points_per_second": "1500",
        "vertical_fov": "20.0",
        "range": "120.0"
      },
      "transform_carla": {
        "location": {
          "x": 94.22248077392578,
          "y": -51.19905471801758,
          "z": 0.900923490524292
        },
        "rotation": {
          "roll": 0.5314614176750183,
          "pitch": 0.3641173541545868,
          "yaw": -176.02383422851562
        }
      },
      "matrix_world_from_sensor_carla": [
        [
          -0.9975728392601013,
          0.06927964091300964,
          0.006982619408518076,
          94.22248077392578
        ],
        [
          -0.06934003531932831,
          -0.9975541830062866,
          -0.008812645450234413,
          -51.19905471801758
        ],
        [
          0.006355003919452429,
          -0.00927543081343174,
          0.9999367594718933,
          0.900923490524292
        ],
        [
          0.0,
          0.0,
          0.0,
          1.0
        ]
      ],
      "matrix_world_from_sensor_bevfusion": [
        [
          -0.9975728392601013,
          -0.06927964091300964,
          0.006982619408518076,
          94.22248077392578
        ],
        [
          0.06934003531932831,
          -0.9975541830062866,
          0.008812645450234413,
          51.19905471801758
        ],
        [
          0.006355003919452429,
          0.00927543081343174,
          0.9999367594718933,
          0.900923490524292
        ],
        [
          0.0,
          0.0,
          0.0,
          1.0
        ]
      ],
      "matrix_ego_from_sensor_carla": [
        [
          0.7071067094802856,
          0.7071069478988647,
          1.1475550110162658e-07,
          1.6499996185302734
        ],
        [
          -0.7071069478988647,
          0.7071067094802856,
          -4.330254199658157e-08,
          -0.7499923706054688
        ],
        [
          -1.1187369608478548e-07,
          -4.913171025577867e-08,
          1.0,
          0.8999999761581421
        ],
        [
          0.0,
          0.0,
          0.0,
          1.0
        ]
      ],
      "matrix_ego_from_sensor_bevfusion": [
        [
          0.7071067094802856,
          -0.7071069478988647,
          1.1475550110162658e-07,
          1.6499996185302734
        ],
        [
          0.7071069478988647,
          0.7071067094802856,
          4.330254199658157e-08,
          0.7499923706054688
        ],
        [
          -1.1187369608478548e-07,
          4.913171025577867e-08,
          1.0,
          0.8999999761581421
        ],
        [
          0.0,
          0.0,
          0.0,
          1.0
        ]
      ],
      "data_path": "D:\\Agent-AI\\outputs\\s3a_ml_long_v2\\sample_000043\\radar\\RADAR_FRONT_LEFT.npy",
      "raw_layout": [
        "velocity",
        "altitude",
        "azimuth",
        "depth"
      ]
    },
    "RADAR_FRONT_RIGHT": {
      "type_id": "sensor.other.radar",
      "blueprint_attributes": {
        "sensor_tick": "0.100000",
        "role_name": "default",
        "noise_seed": "0",
