{
  "schema_version": "stage1.v1",
  "sample_name": "sample_000026",
  "sequence_index": 26,
  "previous_sample_name": "sample_000025",
  "frame_id": 60027,
  "timestamp": 437.6197007894516,
  "platform_timestamp": 16814572.7748315,
  "delta_seconds": 0.10000000149011612,
  "town": "Carla/Maps/Town10HD_Opt",
  "weather": {
    "cloudiness": 20.0,
    "dust_storm": 0.0,
    "fog_density": 2.0,
    "fog_distance": 0.75,
    "fog_falloff": 0.10000000149011612,
    "mie_scattering_scale": 0.029999999329447746,
    "precipitation": 0.0,
    "precipitation_deposits": 0.0,
    "rayleigh_scattering_scale": 0.03310000151395798,
    "scattering_intensity": 1.0,
    "sun_altitude_angle": 45.0,
    "sun_azimuth_angle": 300.0,
    "wetness": 0.0,
    "wind_intensity": 10.0
  },
  "sensor_names": [
    "CAM_FRONT",
    "CAM_FRONT_RIGHT",
    "CAM_FRONT_LEFT",
    "CAM_BACK",
    "CAM_BACK_LEFT",
    "CAM_BACK_RIGHT",
    "LIDAR_TOP",
    "RADAR_FRONT",
    "RADAR_FRONT_LEFT",
    "RADAR_FRONT_RIGHT",
    "RADAR_BACK_LEFT",
    "RADAR_BACK_RIGHT"
  ],
  "camera_order_for_model": [
    "CAM_FRONT",
    "CAM_FRONT_RIGHT",
    "CAM_FRONT_LEFT",
    "CAM_BACK",
    "CAM_BACK_LEFT",
    "CAM_BACK_RIGHT"
  ],
  "radar_order_for_model": [
    "RADAR_FRONT",
    "RADAR_FRONT_LEFT",
    "RADAR_FRONT_RIGHT",
    "RADAR_BACK_LEFT",
    "RADAR_BACK_RIGHT"
  ],
  "coordinate_notes": {
    "carla_world": "left-handed x-forward y-right z-up",
    "bevfusion_lidar": "x-forward y-left z-up",
    "camera_frame_for_model": "OpenCV style x-right y-down z-forward"
  },
  "ego": {
    "actor_id": 28,
    "transform_carla": {
      "location": {
        "x": 103.05265045166016,
        "y": -38.99132537841797,
        "z": -0.004211692605167627
      },
      "rotation": {
        "roll": 0.6541340351104736,
        "pitch": -0.03186282888054848,
        "yaw": -111.50608825683594
      }
    },
    "velocity_carla": [
      -3.142866373062134,
      -7.27131986618042,
      -0.0001126384740928188
    ],
    "angular_velocity_carla": [
      1.855055332183838,
      0.971993088722229,
      -15.663448333740234
    ],
    "matrix_world_from_ego_carla": [
      [
        -0.36660003662109375,
        0.9303203225135803,
        0.01041785255074501,
        103.05265045166016
      ],
      [
        -0.9303784370422363,
        -0.3665703237056732,
        -0.004702666774392128,
        -38.99132537841797
      ],
      [
        -0.0005561112775467336,
        -0.011416543275117874,
        0.9999346733093262,
        -0.004211692605167627
      ],
      [
        0.0,
        0.0,
        0.0,
        1.0
      ]
    ],
    "matrix_world_from_ego_bevfusion": [
      [
        -0.36660003662109375,
        -0.9303203225135803,
        0.01041785255074501,
        103.05265045166016
      ],
      [
        0.9303784370422363,
        -0.3665703237056732,
        0.004702666774392128,
        38.99132537841797
      ],
      [
        -0.0005561112775467336,
        0.011416543275117874,
        0.9999346733093262,
        -0.004211692605167627
      ],
      [
        0.0,
        0.0,
        0.0,
        1.0
      ]
    ]
  },
  "sensors": {
    "CAM_FRONT": {
      "type_id": "sensor.camera.rgb",
      "blueprint_attributes": {
        "role_name": "front",
        "ros_name": "sensor.camera.rgb",
        "chromatic_aberration_offset": "0.0",
        "sensor_tick": "0.100000",
        "fstop": "1.4",
        "image_size_x": "960",
        "image_size_y": "540",
        "fov": "70.00",
        "lens_circle_falloff": "5.0",
        "lens_circle_multiplier": "0.0",
        "exposure_compensation": "0.0",
        "lens_y_size": "0.08",
        "lens_k": "-1.0",
        "exposure_mode": "histogram",
        "lens_kcube": "0.0",
        "lens_x_size": "0.08",
        "exposure_max_bright": "12.0",
        "shutter_speed": "200.0",
        "bloom_intensity": "0.675",
        "iso": "100.0",
        "enable_postprocess_effects": "false",
        "gamma": "2.2",
        "motion_blur_intensity": "0.0",
        "motion_blur_max_distortion": "0.35",
        "lens_flare_intensity": "0.1",
        "motion_blur_min_object_screen_size": "0.1",
        "exposure_min_bright": "10.0",
        "exposure_speed_up": "3.0",
        "exposure_speed_down": "1.0",
        "tint": "0.0",
        "calibration_constant": "16.0",
        "focal_distance": "1000.0",
        "min_fstop": "1.2",
        "blade_count": "5",
        "blur_amount": "0.0",
        "blur_radius": "0.0",
        "slope": "0.88",
        "toe": "0.55",
        "white_clip": "0.04",
        "shoulder": "0.26",
        "black_clip": "0.0",
        "temp": "6500.0",
        "chromatic_aberration_intensity": "0.0"
      },
      "transform_carla": {
        "location": {
          "x": 102.50213623046875,
          "y": -40.44140625,
          "z": 1.6948152780532837
        },
        "rotation": {
          "roll": 0.6541340351104736,
          "pitch": -0.03186282888054848,
          "yaw": -111.50608825683594
        }
      },
      "matrix_world_from_sensor_carla": [
        [
          -0.36660003662109375,
          0.9303203225135803,
          0.01041785255074501,
          102.50213623046875
        ],
        [
          -0.9303784370422363,
          -0.3665703237056732,
          -0.004702666774392128,
          -40.44140625
        ],
        [
          -0.0005561112775467336,
          -0.011416543275117874,
          0.9999346733093262,
          1.6948152780532837
        ],
        [
          0.0,
          0.0,
          0.0,
          1.0
        ]
      ],
      "matrix_world_from_sensor_bevfusion": [
        [
          0.9303203225135803,
          -0.01041785255074501,
          -0.36660003662109375,
          102.50213623046875
        ],
        [
          0.3665703237056732,
          -0.004702666774392128,
          0.9303784370422363,
          40.44140625
        ],
        [
          -0.011416543275117874,
          -0.9999346733093262,
          -0.0005561112775467336,
          1.6948152780532837
        ],
        [
          0.0,
          0.0,
          0.0,
          1.0
        ]
      ],
      "matrix_ego_from_sensor_carla": [
        [
          1.0,
          1.2922634518020004e-08,
          -5.09052799912979e-11,
          1.5499985218048096
        ],
        [
          -6.847402200804709e-09,
          1.0,
          -1.843911690002642e-10,
          0.0
        ],
        [
          -5.0878662394282514e-11,
          -1.843911690002642e-10,
          1.0,
          1.6999999284744263
        ],
        [
          0.0,
          0.0,
          0.0,
          1.0
        ]
      ],
      "matrix_ego_from_sensor_bevfusion": [
        [
          1.2922634518020004e-08,
          5.09052799912979e-11,
          1.0,
          1.5499985218048096
        ],
        [
          -1.0,
          -1.843911690002642e-10,
          6.847402200804709e-09,
          0.0
        ],
        [
          -1.843911690002642e-10,
          -1.0,
          -5.0878662394282514e-11,
          1.6999999284744263
        ],
        [
          0.0,
          0.0,
          0.0,
          1.0
        ]
      ],
      "camera_intrinsics": [
        [
          685.5110473632812,
          0.0,
          480.0
        ],
        [
          0.0,
          685.5110473632812,
          270.0
        ],
        [
          0.0,
          0.0,
          1.0
        ]
      ],
      "data_path": "D:\\Agent-AI\\outputs\\s3a_ml_long_v2\\sample_000026\\images\\CAM_FRONT.png",
      "raw_layout": "bgra8"
    },
    "CAM_FRONT_RIGHT": {
      "type_id": "sensor.camera.rgb",
      "blueprint_attributes": {
        "role_name": "front",
        "ros_name": "sensor.camera.rgb",
        "chromatic_aberration_offset": "0.0",
        "sensor_tick": "0.100000",
        "fstop": "1.4",
        "image_size_x": "960",
        "image_size_y": "540",
        "fov": "70.00",
        "lens_circle_falloff": "5.0",
        "lens_circle_multiplier": "0.0",
        "exposure_compensation": "0.0",
        "lens_y_size": "0.08",
        "lens_k": "-1.0",
        "exposure_mode": "histogram",
        "lens_kcube": "0.0",
        "lens_x_size": "0.08",
        "exposure_max_bright": "12.0",
        "shutter_speed": "200.0",
        "bloom_intensity": "0.675",
        "iso": "100.0",
        "enable_postprocess_effects": "false",
        "gamma": "2.2",
        "motion_blur_intensity": "0.0",
        "motion_blur_max_distortion": "0.35",
        "lens_flare_intensity": "0.1",
        "motion_blur_min_object_screen_size": "0.1",
        "exposure_min_bright": "10.0",
        "exposure_speed_up": "3.0",
        "exposure_speed_down": "1.0",
        "tint": "0.0",
        "calibration_constant": "16.0",
        "focal_distance": "1000.0",
        "min_fstop": "1.2",
        "blade_count": "5",
        "blur_amount": "0.0",
        "blur_radius": "0.0",
        "slope": "0.88",
        "toe": "0.55",
        "white_clip": "0.04",
        "shoulder": "0.26",
        "black_clip": "0.0",
        "temp": "6500.0",
        "chromatic_aberration_intensity": "0.0"
      },
      "transform_carla": {
        "location": {
          "x": 103.10545349121094,
          "y": -40.41042709350586,
          "z": 1.6886751651763916
        },
        "rotation": {
          "roll": 0.3491077721118927,
          "pitch": -0.5541058778762817,
          "yaw": -56.507591247558594
        }
      },
      "matrix_world_from_sensor_carla": [
        [
          0.5518007278442383,
          0.8339109420776367,
          0.010417863726615906,
          103.10545349121094
        ],
        [
          -0.833919882774353,
          0.5518653988838196,
          -0.0047026146203279495,
          -40.41042709350586
        ],
        [
          -0.009670821018517017,
          -0.006092757452279329,
          0.9999346733093262,
          1.6886751651763916
        ],
        [
          0.0,
          0.0,
          0.0,
          1.0
        ]
      ],
      "matrix_world_from_sensor_bevfusion": [
        [
          0.8339109420776367,
          -0.010417863726615906,
          0.5518007278442383,
          103.10545349121094
        ],
        [
          -0.5518653988838196,
          -0.0047026146203279495,
          0.833919882774353,
          40.41042709350586
        ],
        [
          -0.006092757452279329,
          -0.9999346733093262,
          -0.009670821018517017,
          1.6886751651763916
        ],
        [
          0.0,
          0.0,
          0.0,
          1.0
        ]
      ],
      "matrix_ego_from_sensor_carla": [
        [
          0.5735763311386108,
          -0.8191521167755127,
          -5.2496009317337666e-08,
          1.3000035285949707
        ],
        [
          0.8191519975662231,
          0.5735763311386108,
          -8.566294340539571e-09,
          0.54998779296875
        ],
        [
          3.571628681697803e-08,
          -3.783928193001884e-08,
          1.0,
          1.6999999284744263
        ],
        [
          0.0,
          0.0,
          0.0,
          1.0
        ]
      ],
      "matrix_ego_from_sensor_bevfusion": [
        [
          -0.8191521167755127,
          5.2496009317337666e-08,
          0.5735763311386108,
          1.3000035285949707
        ],
        [
          -0.5735763311386108,
          -8.566294340539571e-09,
          -0.8191519975662231,
          -0.54998779296875
        ],
        [
          -3.783928193001884e-08,
          -1.0,
          3.571628681697803e-08,
          1.6999999284744263
        ],
        [
          0.0,
          0.0,
          0.0,
          1.0
        ]
      ],
      "camera_intrinsics": [
        [
          685.5110473632812,
          0.0,
          480.0
        ],
        [
          0.0,
          685.5110473632812,
          270.0
        ],
        [
          0.0,
          0.0,
          1.0
        ]
      ],
      "data_path": "D:\\Agent-AI\\outputs\\s3a_ml_long_v2\\sample_000026\\images\\CAM_FRONT_RIGHT.png",
      "raw_layout": "bgra8"
    },
    "CAM_FRONT_LEFT": {
      "type_id": "sensor.camera.rgb",
      "blueprint_attributes": {
        "role_name": "front",
        "ros_name": "sensor.camera.rgb",
        "chromatic_aberration_offset": "0.0",
        "sensor_tick": "0.100000",
        "fstop": "1.4",
        "image_size_x": "960",
        "image_size_y": "540",
        "fov": "70.00",
        "lens_circle_falloff": "5.0",
        "lens_circle_multiplier": "0.0",
        "exposure_compensation": "0.0",
        "lens_y_size": "0.08",
        "lens_k": "-1.0",
        "exposure_mode": "histogram",
        "lens_kcube": "0.0",
        "lens_x_size": "0.08",
        "exposure_max_bright": "12.0",
        "shutter_speed": "200.0",
        "bloom_intensity": "0.675",
        "iso": "100.0",
        "enable_postprocess_effects": "false",
        "gamma": "2.2",
        "motion_blur_intensity": "0.0",
        "motion_blur_max_distortion": "0.35",
        "lens_flare_intensity": "0.1",
        "motion_blur_min_object_screen_size": "0.1",
        "exposure_min_bright": "10.0",
        "exposure_speed_up": "3.0",
        "exposure_speed_down": "1.0",
        "tint": "0.0",
        "calibration_constant": "16.0",
        "focal_distance": "1000.0",
        "min_fstop": "1.2",
        "blade_count": "5",
        "blur_amount": "0.0",
        "blur_radius": "0.0",
        "slope": "0.88",
        "toe": "0.55",
        "white_clip": "0.04",
        "shoulder": "0.26",
        "black_clip": "0.0",
        "temp": "6500.0",
        "chromatic_aberration_intensity": "0.0"
      },
      "transform_carla": {
        "location": {
          "x": 102.08210754394531,
          "y": -40.007198333740234,
          "z": 1.7012335062026978
        },
        "rotation": {
          "roll": 0.40130576491355896,
          "pitch": 0.5175575613975525,
          "yaw": -166.50408935546875
        }
      },
      "matrix_world_from_sensor_carla": [
        [
          -0.9723469018936157,
          0.2333087921142578,
          0.010417889803647995,
          102.08210754394531
        ],
        [
          -0.23336653411388397,
          -0.9723774194717407,
          -0.004702618811279535,
          -40.007198333740234
        ],
        [
          0.009032960049808025,
          -0.007003764156252146,
          0.9999346733093262,
          1.7012335062026978
        ],
        [
          0.0,
          0.0,
          0.0,
          1.0
        ]
      ],
      "matrix_world_from_sensor_bevfusion": [
        [
          0.2333087921142578,
          -0.010417889803647995,
          -0.9723469018936157,
          102.08210754394531
        ],
        [
          0.9723774194717407,
          -0.004702618811279535,
          0.23336653411388397,
          40.007198333740234
        ],
        [
          -0.007003764156252146,
          -0.9999346733093262,
          0.009032960049808025,
          1.7012335062026978
        ],
        [
          0.0,
          0.0,
          0.0,
          1.0
        ]
      ],
      "matrix_ego_from_sensor_carla": [
        [
          0.5735766291618347,
          0.8191518783569336,
          -5.8142152425944005e-08,
          1.3000013828277588
        ],
        [
          -0.8191518783569336,
          0.5735765099525452,
          1.657941517407835e-08,
          -0.5500030517578125
        ],
        [
          4.9725223050245404e-08,
          3.6574931527866283e-08,
          1.0,
          1.6999999284744263
        ],
        [
          0.0,
          0.0,
          0.0,
          1.0
        ]
      ],
      "matrix_ego_from_sensor_bevfusion": [
        [
          0.8191518783569336,
          5.8142152425944005e-08,
          0.5735766291618347,
          1.3000013828277588
        ],
        [
          -0.5735765099525452,
          1.657941517407835e-08,
          0.8191518783569336,
          0.5500030517578125
        ],
        [
          3.6574931527866283e-08,
          -1.0,
          4.9725223050245404e-08,
          1.6999999284744263
        ],
        [
          0.0,
          0.0,
          0.0,
          1.0
        ]
      ],
      "camera_intrinsics": [
        [
          685.5110473632812,
          0.0,
          480.0
        ],
        [
          0.0,
          685.5110473632812,
          270.0
        ],
        [
          0.0,
          0.0,
          1.0
        ]
      ],
      "data_path": "D:\\Agent-AI\\outputs\\s3a_ml_long_v2\\sample_000026\\images\\CAM_FRONT_LEFT.png",
      "raw_layout": "bgra8"
    },
    "CAM_BACK": {
      "type_id": "sensor.camera.rgb",
      "blueprint_attributes": {
        "role_name": "front",
        "ros_name": "sensor.camera.rgb",
        "chromatic_aberration_offset": "0.0",
        "sensor_tick": "0.100000",
        "fstop": "1.4",
        "image_size_x": "960",
        "image_size_y": "540",
        "fov": "70.00",
        "lens_circle_falloff": "5.0",
        "lens_circle_multiplier": "0.0",
        "exposure_compensation": "0.0",
        "lens_y_size": "0.08",
        "lens_k": "-1.0",
        "exposure_mode": "histogram",
        "lens_kcube": "0.0",
        "lens_x_size": "0.08",
        "exposure_max_bright": "12.0",
        "shutter_speed": "200.0",
        "bloom_intensity": "0.675",
        "iso": "100.0",
        "enable_postprocess_effects": "false",
        "gamma": "2.2",
        "motion_blur_intensity": "0.0",
        "motion_blur_max_distortion": "0.35",
        "lens_flare_intensity": "0.1",
        "motion_blur_min_object_screen_size": "0.1",
        "exposure_min_bright": "10.0",
        "exposure_speed_up": "3.0",
        "exposure_speed_down": "1.0",
        "tint": "0.0",
        "calibration_constant": "16.0",
        "focal_distance": "1000.0",
        "min_fstop": "1.2",
        "blade_count": "5",
        "blur_amount": "0.0",
        "blur_radius": "0.0",
        "slope": "0.88",
        "toe": "0.55",
        "white_clip": "0.04",
        "shoulder": "0.26",
        "black_clip": "0.0",
        "temp": "6500.0",
        "chromatic_aberration_intensity": "0.0"
      },
      "transform_carla": {
        "location": {
          "x": 103.63858795166016,
          "y": -37.55723571777344,
          "z": 1.6965391635894775
        },
        "rotation": {
          "roll": -0.6541339159011841,
          "pitch": 0.03186282888054848,
          "yaw": 68.49391174316406
        }
      },
      "matrix_world_from_sensor_carla": [
        [
          0.36660006642341614,
          -0.9303203225135803,
          0.010417849756777287,
          103.63858795166016
        ],
        [
          0.9303784370422363,
          0.3665703535079956,
          -0.004702666308730841,
          -37.55723571777344
        ],
        [
          0.0005561112775467336,
          0.01141654048115015,
          0.9999346733093262,
          1.6965391635894775
        ],
        [
          0.0,
          0.0,
          0.0,
          1.0
        ]
      ],
      "matrix_world_from_sensor_bevfusion": [
        [
          -0.9303203225135803,
          -0.010417849756777287,
          0.36660006642341614,
          103.63858795166016
        ],
        [
          -0.3665703535079956,
          -0.004702666308730841,
          -0.9303784370422363,
          37.55723571777344
        ],
        [
          0.01141654048115015,
          -0.9999346733093262,
          0.0005561112775467336,
          1.6965391635894775
        ],
        [
          0.0,
          0.0,
          0.0,
          1.0
        ]
      ],
      "matrix_ego_from_sensor_carla": [
        [
          -1.0,
          -4.0648391319564325e-08,
          7.057943118837784e-10,
          -1.549994707107544
        ],
        [
          3.664972325623239e-08,
          -1.0,
          -2.9783588928466997e-09,
          -1.52587890625e-05
        ],
        [
          2.8370930604815214e-10,
          -2.609394034180923e-09,
          1.0,
          1.6999999284744263
        ],
        [
          0.0,
          0.0,
          0.0,
          1.0
        ]
      ],
      "matrix_ego_from_sensor_bevfusion": [
        [
          -4.0648391319564325e-08,
          -7.057943118837784e-10,
          -1.0,
          -1.549994707107544
        ],
        [
          1.0,
          -2.9783588928466997e-09,
          -3.664972325623239e-08,
          1.52587890625e-05
        ],
        [
          -2.609394034180923e-09,
          -1.0,
          2.8370930604815214e-10,
          1.6999999284744263
        ],
        [
          0.0,
          0.0,
          0.0,
          1.0
        ]
      ],
      "camera_intrinsics": [
        [
          685.5110473632812,
          0.0,
          480.0
        ],
        [
          0.0,
          685.5110473632812,
          270.0
        ],
        [
          0.0,
          0.0,
          1.0
        ]
      ],
      "data_path": "D:\\Agent-AI\\outputs\\s3a_ml_long_v2\\sample_000026\\images\\CAM_BACK.png",
      "raw_layout": "bgra8"
    },
    "CAM_BACK_LEFT": {
      "type_id": "sensor.camera.rgb",
      "blueprint_attributes": {
        "role_name": "front",
        "ros_name": "sensor.camera.rgb",
        "chromatic_aberration_offset": "0.0",
        "sensor_tick": "0.100000",
        "fstop": "1.4",
        "image_size_x": "960",
        "image_size_y": "540",
        "fov": "70.00",
        "lens_circle_falloff": "5.0",
        "lens_circle_multiplier": "0.0",
        "exposure_compensation": "0.0",
        "lens_y_size": "0.08",
        "lens_k": "-1.0",
        "exposure_mode": "histogram",
        "lens_kcube": "0.0",
        "lens_x_size": "0.08",
        "exposure_max_bright": "12.0",
        "shutter_speed": "200.0",
        "bloom_intensity": "0.675",
        "iso": "100.0",
        "enable_postprocess_effects": "false",
        "gamma": "2.2",
        "motion_blur_intensity": "0.0",
        "motion_blur_max_distortion": "0.35",
        "lens_flare_intensity": "0.1",
        "motion_blur_min_object_screen_size": "0.1",
        "exposure_min_bright": "10.0",
        "exposure_speed_up": "3.0",
        "exposure_speed_down": "1.0",
        "tint": "0.0",
        "calibration_constant": "16.0",
        "focal_distance": "1000.0",
        "min_fstop": "1.2",
        "blade_count": "5",
        "blur_amount": "0.0",
        "blur_radius": "0.0",
        "slope": "0.88",
        "toe": "0.55",
        "white_clip": "0.04",
        "shoulder": "0.26",
        "black_clip": "0.0",
        "temp": "6500.0",
        "chromatic_aberration_intensity": "0.0"
      },
      "transform_carla": {
        "location": {
          "x": 103.03527069091797,
          "y": -37.588218688964844,
          "z": 1.70267915725708
        },
        "rotation": {
          "roll": -0.3491077125072479,
          "pitch": 0.5541058778762817,
          "yaw": 123.4924087524414
        }
      },
      "matrix_world_from_sensor_carla": [
        [
          -0.5518006086349487,
          -0.8339110016822815,
          0.010417861863970757,
          103.03527069091797
        ],
        [
          0.8339199423789978,
          -0.55186527967453,
          -0.004702617414295673,
          -37.588218688964844
        ],
        [
          0.009670821018517017,
          0.006092756055295467,
          0.9999346733093262,
          1.70267915725708
        ],
        [
          0.0,
          0.0,
          0.0,
          1.0
        ]
      ],
      "matrix_world_from_sensor_bevfusion": [
        [
          -0.8339110016822815,
          -0.010417861863970757,
          -0.5518006086349487,
          103.03527069091797
        ],
        [
          0.55186527967453,
          -0.004702617414295673,
          -0.8339199423789978,
          37.588218688964844
        ],
        [
          0.006092756055295467,
          -0.9999346733093262,
          0.009670821018517017,
          1.70267915725708
        ],
        [
          0.0,
          0.0,
          0.0,
          1.0
        ]
      ],
      "matrix_ego_from_sensor_carla": [
        [
          -0.5735763907432556,
          0.8191520571708679,
          -4.923638030618349e-08,
          -1.2999961376190186
        ],
        [
          -0.8191519379615784,
          -0.5735764503479004,
          -9.49761691515505e-09,
          -0.5500030517578125
        ],
        [
          -3.571628681697803e-08,
          3.5045406576728055e-08,
          1.0,
          1.6999999284744263
        ],
        [
          0.0,
          0.0,
          0.0,
          1.0
        ]
      ],
      "matrix_ego_from_sensor_bevfusion": [
        [
          0.8191520571708679,
          4.923638030618349e-08,
          -0.5735763907432556,
          -1.2999961376190186
        ],
        [
          0.5735764503479004,
          -9.49761691515505e-09,
          0.8191519379615784,
          0.5500030517578125
        ],
        [
          3.5045406576728055e-08,
          -1.0,
          -3.571628681697803e-08,
          1.6999999284744263
        ],
        [
          0.0,
          0.0,
          0.0,
          1.0
        ]
      ],
      "camera_intrinsics": [
        [
          685.5110473632812,
          0.0,
          480.0
        ],
        [
          0.0,
          685.5110473632812,
          270.0
        ],
        [
          0.0,
          0.0,
          1.0
        ]
      ],
      "data_path": "D:\\Agent-AI\\outputs\\s3a_ml_long_v2\\sample_000026\\images\\CAM_BACK_LEFT.png",
      "raw_layout": "bgra8"
    },
    "CAM_BACK_RIGHT": {
      "type_id": "sensor.camera.rgb",
      "blueprint_attributes": {
        "role_name": "front",
        "ros_name": "sensor.camera.rgb",
        "chromatic_aberration_offset": "0.0",
        "sensor_tick": "0.100000",
        "fstop": "1.4",
        "image_size_x": "960",
        "image_size_y": "540",
        "fov": "70.00",
        "lens_circle_falloff": "5.0",
        "lens_circle_multiplier": "0.0",
        "exposure_compensation": "0.0",
        "lens_y_size": "0.08",
        "lens_k": "-1.0",
        "exposure_mode": "histogram",
        "lens_kcube": "0.0",
        "lens_x_size": "0.08",
        "exposure_max_bright": "12.0",
        "shutter_speed": "200.0",
        "bloom_intensity": "0.675",
        "iso": "100.0",
        "enable_postprocess_effects": "false",
        "gamma": "2.2",
        "motion_blur_intensity": "0.0",
        "motion_blur_max_distortion": "0.35",
        "lens_flare_intensity": "0.1",
        "motion_blur_min_object_screen_size": "0.1",
        "exposure_min_bright": "10.0",
        "exposure_speed_up": "3.0",
        "exposure_speed_down": "1.0",
        "tint": "0.0",
        "calibration_constant": "16.0",
        "focal_distance": "1000.0",
        "min_fstop": "1.2",
        "blade_count": "5",
        "blur_amount": "0.0",
        "blur_radius": "0.0",
        "slope": "0.88",
        "toe": "0.55",
        "white_clip": "0.04",
        "shoulder": "0.26",
        "black_clip": "0.0",
        "temp": "6500.0",
        "chromatic_aberration_intensity": "0.0"
      },
      "transform_carla": {
        "location": {
          "x": 104.05862426757812,
          "y": -37.9914436340332,
          "z": 1.6901209354400635
        },
        "rotation": {
          "roll": -0.4013056457042694,
          "pitch": -0.5175575613975525,
          "yaw": 13.495903015136719
        }
      },
      "matrix_world_from_sensor_carla": [
        [
          0.9723469614982605,
          -0.2333085685968399,
          0.01041788887232542,
          104.05862426757812
        ],
        [
          0.23336631059646606,
          0.9723774790763855,
          -0.004702619276940823,
          -37.9914436340332
        ],
        [
          -0.009032960049808025,
          0.007003761827945709,
          0.9999346733093262,
          1.6901209354400635
        ],
        [
          0.0,
          0.0,
          0.0,
          1.0
        ]
      ],
      "matrix_world_from_sensor_bevfusion": [
        [
          -0.2333085685968399,
          -0.01041788887232542,
          0.9723469614982605,
          104.05862426757812
        ],
        [
          -0.9723774790763855,
          -0.004702619276940823,
          -0.23336631059646606,
          37.9914436340332
        ],
        [
          0.007003761827945709,
          -0.9999346733093262,
          -0.009032960049808025,
          1.6901209354400635
        ],
        [
          0.0,
          0.0,
          0.0,
          1.0
        ]
      ],
      "matrix_ego_from_sensor_carla": [
        [
          -0.5735764503479004,
          -0.8191520571708679,
          -5.7501868155895863e-08,
          -1.3000013828277588
        ],
        [
          0.8191519975662231,
          -0.5735763311386108,
          1.657941517407835e-08,
          0.5500030517578125
        ],
        [
          -4.786257790101445e-08,
          -3.7040440048485834e-08,
          1.0,
          1.6999999284744263
        ],
        [
          0.0,
          0.0,
          0.0,
          1.0
        ]
      ],
      "matrix_ego_from_sensor_bevfusion": [
        [
          -0.8191520571708679,
          5.7501868155895863e-08,
          -0.5735764503479004,
          -1.3000013828277588
        ],
        [
          0.5735763311386108,
          1.657941517407835e-08,
          -0.8191519975662231,
          -0.5500030517578125
        ],
        [
          -3.7040440048485834e-08,
          -1.0,
          -4.786257790101445e-08,
          1.6999999284744263
        ],
        [
          0.0,
          0.0,
          0.0,
          1.0
        ]
      ],
      "camera_intrinsics": [
        [
          685.5110473632812,
          0.0,
          480.0
        ],
        [
          0.0,
          685.5110473632812,
          270.0
        ],
        [
          0.0,
          0.0,
          1.0
        ]
      ],
      "data_path": "D:\\Agent-AI\\outputs\\s3a_ml_long_v2\\sample_000026\\images\\CAM_BACK_RIGHT.png",
      "raw_layout": "bgra8"
    },
    "LIDAR_TOP": {
      "type_id": "sensor.lidar.ray_cast",
      "blueprint_attributes": {
        "atmosphere_attenuation_rate": "0.004",
        "role_name": "front",
        "noise_seed": "0",
        "upper_fov": "10.0",
        "ros_name": "sensor.lidar.ray_cast",
        "sensor_tick": "0.100000",
        "channels": "32",
        "range": "120.0",
        "points_per_second": "360000",
        "lower_fov": "-30.0",
        "rotation_frequency": "10.000000",
        "horizontal_fov": "360.0",
        "dropoff_general_rate": "0.0",
        "dropoff_intensity_limit": "1.0",
        "noise_stddev": "0.0",
        "dropoff_zero_intensity": "0.0"
      },
      "transform_carla": {
        "location": {
          "x": 103.07557678222656,
          "y": -39.00167465209961,
          "z": 2.1956443786621094
        },
        "rotation": {
          "roll": 0.6541340351104736,
          "pitch": -0.03186282888054848,
          "yaw": -111.50608825683594
        }
      },
      "matrix_world_from_sensor_carla": [
        [
          -0.36660003662109375,
          0.9303203225135803,
          0.01041785255074501,
          103.07557678222656
        ],
        [
          -0.9303784370422363,
          -0.3665703237056732,
          -0.004702666774392128,
          -39.00167465209961
        ],
        [
          -0.0005561112775467336,
          -0.011416543275117874,
          0.9999346733093262,
          2.1956443786621094
        ],
        [
          0.0,
          0.0,
          0.0,
          1.0
        ]
      ],
      "matrix_world_from_sensor_bevfusion": [
        [
          -0.36660003662109375,
          -0.9303203225135803,
          0.01041785255074501,
          103.07557678222656
        ],
        [
          0.9303784370422363,
          -0.3665703237056732,
          0.004702666774392128,
          39.00167465209961
        ],
        [
          -0.0005561112775467336,
          0.011416543275117874,
          0.9999346733093262,
          2.1956443786621094
        ],
        [
          0.0,
          0.0,
          0.0,
          1.0
        ]
      ],
      "matrix_ego_from_sensor_carla": [
        [
          1.0,
          1.2922634518020004e-08,
          -5.09052799912979e-11,
          4.76837158203125e-07
        ],
        [
          -6.847402200804709e-09,
          1.0,
          -1.843911690002642e-10,
          -7.62939453125e-06
        ],
        [
          -5.0878662394282514e-11,
          -1.843911690002642e-10,
          1.0,
          2.1999998092651367
        ],
        [
          0.0,
          0.0,
          0.0,
          1.0
        ]
      ],
      "matrix_ego_from_sensor_bevfusion": [
        [
          1.0,
          -1.2922634518020004e-08,
          -5.09052799912979e-11,
          4.76837158203125e-07
        ],
        [
          6.847402200804709e-09,
          1.0,
          1.843911690002642e-10,
          7.62939453125e-06
        ],
        [
          -5.0878662394282514e-11,
          1.843911690002642e-10,
          1.0,
          2.1999998092651367
        ],
        [
          0.0,
          0.0,
          0.0,
          1.0
        ]
      ],
      "data_path": "D:\\Agent-AI\\outputs\\s3a_ml_long_v2\\sample_000026\\lidar\\LIDAR_TOP.npy",
      "raw_layout": [
        "x",
        "y",
        "z",
        "intensity"
      ]
    },
    "RADAR_FRONT": {
      "type_id": "sensor.other.radar",
      "blueprint_attributes": {
        "sensor_tick": "0.100000",
        "role_name": "default",
        "noise_seed": "0",
        "ros_name": "sensor.other.radar",
        "horizontal_fov": "35.0",
        "points_per_second": "1500",
        "vertical_fov": "20.0",
        "range": "120.0"
      },
      "transform_carla": {
        "location": {
          "x": 102.32882690429688,
          "y": -40.85631561279297,
          "z": 0.8946173191070557
        },
        "rotation": {
          "roll": 0.6541340351104736,
          "pitch": -0.03186282888054848,
          "yaw": -111.50608825683594
        }
      },
      "matrix_world_from_sensor_carla": [
        [
          -0.36660003662109375,
          0.9303203225135803,
          0.01041785255074501,
          102.32882690429688
        ],
        [
          -0.9303784370422363,
          -0.3665703237056732,
          -0.004702666774392128,
          -40.85631561279297
        ],
        [
          -0.0005561112775467336,
          -0.011416543275117874,
          0.9999346733093262,
          0.8946173191070557
        ],
        [
          0.0,
          0.0,
          0.0,
          1.0
        ]
      ],
      "matrix_world_from_sensor_bevfusion": [
        [
          -0.36660003662109375,
          -0.9303203225135803,
          0.01041785255074501,
          102.32882690429688
        ],
        [
          0.9303784370422363,
          -0.3665703237056732,
          0.004702666774392128,
          40.85631561279297
        ],
        [
          -0.0005561112775467336,
          0.011416543275117874,
          0.9999346733093262,
          0.8946173191070557
        ],
        [
          0.0,
          0.0,
          0.0,
          1.0
        ]
      ],
      "matrix_ego_from_sensor_carla": [
        [
          1.0,
          1.2922634518020004e-08,
          -5.09052799912979e-11,
          2.0
        ],
        [
          -6.847402200804709e-09,
          1.0,
          -1.843911690002642e-10,
          -7.62939453125e-06
        ],
        [
          -5.0878662394282514e-11,
          -1.843911690002642e-10,
          1.0,
          0.8999999761581421
        ],
        [
          0.0,
          0.0,
          0.0,
          1.0
        ]
      ],
      "matrix_ego_from_sensor_bevfusion": [
        [
          1.0,
          -1.2922634518020004e-08,
          -5.09052799912979e-11,
          2.0
        ],
        [
          6.847402200804709e-09,
          1.0,
          1.843911690002642e-10,
          7.62939453125e-06
        ],
        [
          -5.0878662394282514e-11,
          1.843911690002642e-10,
          1.0,
          0.8999999761581421
        ],
        [
          0.0,
          0.0,
          0.0,
          1.0
        ]
      ],
      "data_path": "D:\\Agent-AI\\outputs\\s3a_ml_long_v2\\sample_000026\\radar\\RADAR_FRONT.npy",
      "raw_layout": [
        "velocity",
        "altitude",
        "azimuth",
        "depth"
      ]
    },
    "RADAR_FRONT_LEFT": {
      "type_id": "sensor.other.radar",
      "blueprint_attributes": {
        "sensor_tick": "0.100000",
        "role_name": "default",
        "noise_seed": "0",
        "ros_name": "sensor.other.radar",
        "horizontal_fov": "35.0",
        "points_per_second": "1500",
        "vertical_fov": "20.0",
        "range": "120.0"
      },
      "transform_carla": {
        "location": {
          "x": 101.7593994140625,
          "y": -40.25575637817383,
          "z": 0.9033743143081665
        },
        "rotation": {
          "roll": 0.4850812256336212,
          "pitch": 0.44001442193984985,
          "yaw": -156.5040740966797
        }
      },
      "matrix_world_from_sensor_carla": [
        [
          -0.9170613288879395,
          0.3986099660396576,
          0.010417965240776539,
          101.7593994140625
        ],
        [
          -0.39867210388183594,
          -0.9170814752578735,
          -0.004702586214989424,
          -40.25575637817383
        ],
        [
          0.0076796249486505985,
          -0.008465913124382496,
          0.9999346733093262,
          0.9033743143081665
        ],
        [
          0.0,
          0.0,
          0.0,
          1.0
        ]
      ],
      "matrix_world_from_sensor_bevfusion": [
        [
          -0.9170613288879395,
          -0.3986099660396576,
          0.010417965240776539,
          101.7593994140625
        ],
        [
          0.39867210388183594,
          -0.9170814752578735,
          0.004702586214989424,
          40.25575637817383
        ],
        [
          0.0076796249486505985,
          0.008465913124382496,
          0.9999346733093262,
          0.9033743143081665
        ],
        [
          0.0,
          0.0,
          0.0,
          1.0
        ]
      ],
      "matrix_ego_from_sensor_carla": [
        [
          0.7071064114570618,
          0.7071071267127991,
          -1.1617518680395733e-07,
          1.6499994993209839
        ],
        [
          -0.7071070671081543,
          0.7071064114570618,
          7.525273559849666e-08,
          -0.7500076293945312
        ],
        [
          1.367371424976227e-07,
          2.7784155420818024e-08,
          1.0,
          0.899999737739563
        ],
        [
          0.0,
          0.0,
          0.0,
          1.0
        ]
      ],
      "matrix_ego_from_sensor_bevfusion": [
        [
          0.7071064114570618,
          -0.7071071267127991,
          -1.1617518680395733e-07,
          1.6499994993209839
        ],
        [
          0.7071070671081543,
          0.7071064114570618,
          -7.525273559849666e-08,
          0.7500076293945312
        ],
        [
          1.367371424976227e-07,
          -2.7784155420818024e-08,
          1.0,
          0.899999737739563
        ],
        [
          0.0,
          0.0,
          0.0,
          1.0
        ]
      ],
      "data_path": "D:\\Agent-AI\\outputs\\s3a_ml_long_v2\\sample_000026\\radar\\RADAR_FRONT_LEFT.npy",
      "raw_layout": [
        "velocity",
        "altitude",
        "azimuth",
        "depth"
      ]
    },
    "RADAR_FRONT_RIGHT": {
      "type_id": "sensor.other.radar",
      "blueprint_attributes": {
        "sensor_tick": "0.100000",
        "role_name": "default",
        "noise_seed": "0",
        "ros_name": "sensor.other.radar",
        "horizontal_fov": "35.0",
        "points_per_second": "1500",
        "vertical_fov": "20.0",
