{
  "schema_version": "stage1.v1",
  "sample_name": "sample_000051",
  "sequence_index": 51,
  "previous_sample_name": "sample_000050",
  "frame_id": 60052,
  "timestamp": 440.1197008267045,
  "platform_timestamp": 16814584.4127057,
  "delta_seconds": 0.10000000149011612,
  "town": "Carla/Maps/Town10HD_Opt",
  "weather": {
    "cloudiness": 20.0,
    "dust_storm": 0.0,
    "fog_density": 2.0,
    "fog_distance": 0.75,
    "fog_falloff": 0.10000000149011612,
    "mie_scattering_scale": 0.029999999329447746,
    "precipitation": 0.0,
    "precipitation_deposits": 0.0,
    "rayleigh_scattering_scale": 0.03310000151395798,
    "scattering_intensity": 1.0,
    "sun_altitude_angle": 45.0,
    "sun_azimuth_angle": 300.0,
    "wetness": 0.0,
    "wind_intensity": 10.0
  },
  "sensor_names": [
    "CAM_FRONT",
    "CAM_FRONT_RIGHT",
    "CAM_FRONT_LEFT",
    "CAM_BACK",
    "CAM_BACK_LEFT",
    "CAM_BACK_RIGHT",
    "LIDAR_TOP",
    "RADAR_FRONT",
    "RADAR_FRONT_LEFT",
    "RADAR_FRONT_RIGHT",
    "RADAR_BACK_LEFT",
    "RADAR_BACK_RIGHT"
  ],
  "camera_order_for_model": [
    "CAM_FRONT",
    "CAM_FRONT_RIGHT",
    "CAM_FRONT_LEFT",
    "CAM_BACK",
    "CAM_BACK_LEFT",
    "CAM_BACK_RIGHT"
  ],
  "radar_order_for_model": [
    "RADAR_FRONT",
    "RADAR_FRONT_LEFT",
    "RADAR_FRONT_RIGHT",
    "RADAR_BACK_LEFT",
    "RADAR_BACK_RIGHT"
  ],
  "coordinate_notes": {
    "carla_world": "left-handed x-forward y-right z-up",
    "bevfusion_lidar": "x-forward y-left z-up",
    "camera_frame_for_model": "OpenCV style x-right y-down z-forward"
  },
  "ego": {
    "actor_id": 28,
    "transform_carla": {
      "location": {
        "x": 91.26421356201172,
        "y": -54.89418411254883,
        "z": -0.004159660078585148
      },
      "rotation": {
        "roll": 0.5219607353210449,
        "pitch": -0.049956001341342926,
        "yaw": -139.45265197753906
      }
    },
    "velocity_carla": [
      -6.086983680725098,
      -5.04519510269165,
      0.00010368347284384072
    ],
    "angular_velocity_carla": [
      -1.3098949193954468,
      0.14688128232955933,
      -7.8357319831848145
    ],
    "matrix_world_from_ego_carla": [
      [
        -0.7598687410354614,
        0.6500552296638489,
        0.005259568803012371,
        91.26421356201172
      ],
      [
        -0.6500759124755859,
        -0.7598323225975037,
        -0.007489035837352276,
        -54.89418411254883
      ],
      [
        -0.0008718965691514313,
        -0.009109804406762123,
        0.9999581575393677,
        -0.004159660078585148
      ],
      [
        0.0,
        0.0,
        0.0,
        1.0
      ]
    ],
    "matrix_world_from_ego_bevfusion": [
      [
        -0.7598687410354614,
        -0.6500552296638489,
        0.005259568803012371,
        91.26421356201172
      ],
      [
        0.6500759124755859,
        -0.7598323225975037,
        0.007489035837352276,
        54.89418411254883
      ],
      [
        -0.0008718965691514313,
        0.009109804406762123,
        0.9999581575393677,
        -0.004159660078585148
      ],
      [
        0.0,
        0.0,
        0.0,
        1.0
      ]
    ]
  },
  "sensors": {
    "CAM_FRONT": {
      "type_id": "sensor.camera.rgb",
      "blueprint_attributes": {
        "role_name": "front",
        "ros_name": "sensor.camera.rgb",
        "chromatic_aberration_offset": "0.0",
        "sensor_tick": "0.100000",
        "fstop": "1.4",
        "image_size_x": "960",
        "image_size_y": "540",
        "fov": "70.00",
        "lens_circle_falloff": "5.0",
        "lens_circle_multiplier": "0.0",
        "exposure_compensation": "0.0",
        "lens_y_size": "0.08",
        "lens_k": "-1.0",
        "exposure_mode": "histogram",
        "lens_kcube": "0.0",
        "lens_x_size": "0.08",
        "exposure_max_bright": "12.0",
        "shutter_speed": "200.0",
        "bloom_intensity": "0.675",
        "iso": "100.0",
        "enable_postprocess_effects": "false",
        "gamma": "2.2",
        "motion_blur_intensity": "0.0",
        "motion_blur_max_distortion": "0.35",
        "lens_flare_intensity": "0.1",
        "motion_blur_min_object_screen_size": "0.1",
        "exposure_min_bright": "10.0",
        "exposure_speed_up": "3.0",
        "exposure_speed_down": "1.0",
        "tint": "0.0",
        "calibration_constant": "16.0",
        "focal_distance": "1000.0",
        "min_fstop": "1.2",
        "blade_count": "5",
        "blur_amount": "0.0",
        "blur_radius": "0.0",
        "slope": "0.88",
        "toe": "0.55",
        "white_clip": "0.04",
        "shoulder": "0.26",
        "black_clip": "0.0",
        "temp": "6500.0",
        "chromatic_aberration_intensity": "0.0"
      },
      "transform_carla": {
        "location": {
          "x": 90.0953598022461,
          "y": -55.91453170776367,
          "z": 1.6944174766540527
        },
        "rotation": {
          "roll": 0.5219607353210449,
          "pitch": -0.049956001341342926,
          "yaw": -139.45265197753906
        }
      },
      "matrix_world_from_sensor_carla": [
        [
          -0.7598687410354614,
          0.6500552296638489,
          0.005259568803012371,
          90.0953598022461
        ],
        [
          -0.6500759124755859,
          -0.7598323225975037,
          -0.007489035837352276,
          -55.91453170776367
        ],
        [
          -0.0008718965691514313,
          -0.009109804406762123,
          0.9999581575393677,
          1.6944174766540527
        ],
        [
          0.0,
          0.0,
          0.0,
          1.0
        ]
      ],
      "matrix_world_from_sensor_bevfusion": [
        [
          0.6500552296638489,
          -0.005259568803012371,
          -0.7598687410354614,
          90.0953598022461
        ],
        [
          0.7598323225975037,
          -0.007489035837352276,
          0.6500759124755859,
          55.91453170776367
        ],
        [
          -0.009109804406762123,
          -0.9999581575393677,
          -0.0008718965691514313,
          1.6944174766540527
        ],
        [
          0.0,
          0.0,
          0.0,
          1.0
        ]
      ],
      "matrix_ego_from_sensor_carla": [
        [
          1.0,
          2.327386283695887e-08,
          3.935481107664174e-10,
          1.5500030517578125
        ],
        [
          1.673105565203059e-08,
          1.0,
          2.656602715589429e-10,
          -7.62939453125e-06
        ],
        [
          1.5447888801478626e-10,
          -1.226366785900268e-10,
          1.0,
          1.6999998092651367
        ],
        [
          0.0,
          0.0,
          0.0,
          1.0
        ]
      ],
      "matrix_ego_from_sensor_bevfusion": [
        [
          2.327386283695887e-08,
          -3.935481107664174e-10,
          1.0,
          1.5500030517578125
        ],
        [
          -1.0,
          2.656602715589429e-10,
          -1.673105565203059e-08,
          7.62939453125e-06
        ],
        [
          -1.226366785900268e-10,
          -1.0,
          1.5447888801478626e-10,
          1.6999998092651367
        ],
        [
          0.0,
          0.0,
          0.0,
          1.0
        ]
      ],
      "camera_intrinsics": [
        [
          685.5110473632812,
          0.0,
          480.0
        ],
        [
          0.0,
          685.5110473632812,
          270.0
        ],
        [
          0.0,
          0.0,
          1.0
        ]
      ],
      "data_path": "D:\\Agent-AI\\outputs\\s3a_ml_long_v2\\sample_000051\\images\\CAM_FRONT.png",
      "raw_layout": "bgra8"
    },
    "CAM_FRONT_RIGHT": {
      "type_id": "sensor.camera.rgb",
      "blueprint_attributes": {
        "role_name": "front",
        "ros_name": "sensor.camera.rgb",
        "chromatic_aberration_offset": "0.0",
        "sensor_tick": "0.100000",
        "fstop": "1.4",
        "image_size_x": "960",
        "image_size_y": "540",
        "fov": "70.00",
        "lens_circle_falloff": "5.0",
        "lens_circle_multiplier": "0.0",
        "exposure_compensation": "0.0",
        "lens_y_size": "0.08",
        "lens_k": "-1.0",
        "exposure_mode": "histogram",
        "lens_kcube": "0.0",
        "lens_x_size": "0.08",
        "exposure_max_bright": "12.0",
        "shutter_speed": "200.0",
        "bloom_intensity": "0.675",
        "iso": "100.0",
        "enable_postprocess_effects": "false",
        "gamma": "2.2",
        "motion_blur_intensity": "0.0",
        "motion_blur_max_distortion": "0.35",
        "lens_flare_intensity": "0.1",
        "motion_blur_min_object_screen_size": "0.1",
        "exposure_min_bright": "10.0",
        "exposure_speed_up": "3.0",
        "exposure_speed_down": "1.0",
        "tint": "0.0",
        "calibration_constant": "16.0",
        "focal_distance": "1000.0",
        "min_fstop": "1.2",
        "blade_count": "5",
        "blur_amount": "0.0",
        "blur_radius": "0.0",
        "slope": "0.88",
        "toe": "0.55",
        "white_clip": "0.04",
        "shoulder": "0.26",
        "black_clip": "0.0",
        "temp": "6500.0",
        "chromatic_aberration_intensity": "0.0"
      },
      "transform_carla": {
        "location": {
          "x": 90.64286041259766,
          "y": -56.169921875,
          "z": 1.6896252632141113
        },
        "rotation": {
          "roll": 0.2584666311740875,
          "pitch": -0.45621562004089355,
          "yaw": -84.45344543457031
        }
      },
      "matrix_world_from_sensor_carla": [
        [
          0.09665145725011826,
          0.9953044056892395,
          0.0052595497108995914,
          90.64286041259766
        ],
        [
          -0.9952864050865173,
          0.09668928384780884,
          -0.007489003706723452,
          -56.169921875
        ],
        [
          -0.007962380535900593,
          -0.004510935395956039,
          0.9999580979347229,
          1.6896252632141113
        ],
        [
          0.0,
          0.0,
          0.0,
          1.0
        ]
      ],
      "matrix_world_from_sensor_bevfusion": [
        [
          0.9953044056892395,
          -0.0052595497108995914,
          0.09665145725011826,
          90.64286041259766
        ],
        [
          -0.09668928384780884,
          -0.007489003706723452,
          0.9952864050865173,
          56.169921875
        ],
        [
          -0.004510935395956039,
          -0.9999580979347229,
          -0.007962380535900593,
          1.6896252632141113
        ],
        [
          0.0,
          0.0,
          0.0,
          1.0
        ]
      ],
      "matrix_ego_from_sensor_carla": [
        [
          0.5735762715339661,
          -0.8191521167755127,
          -6.015532960645942e-09,
          1.2999992370605469
        ],
        [
          0.8191521763801575,
          0.5735762119293213,
          -3.6444255613332643e-08,
          0.5500030517578125
        ],
        [
          3.468564102604432e-08,
          1.6257171608913268e-08,
          0.9999999403953552,
          1.7000000476837158
        ],
        [
          0.0,
          0.0,
          0.0,
          1.0
        ]
      ],
      "matrix_ego_from_sensor_bevfusion": [
        [
          -0.8191521167755127,
          6.015532960645942e-09,
          0.5735762715339661,
          1.2999992370605469
        ],
        [
          -0.5735762119293213,
          -3.6444255613332643e-08,
          -0.8191521763801575,
          -0.5500030517578125
        ],
        [
          1.6257171608913268e-08,
          -0.9999999403953552,
          3.468564102604432e-08,
          1.7000000476837158
        ],
        [
          0.0,
          0.0,
          0.0,
          1.0
        ]
      ],
      "camera_intrinsics": [
        [
          685.5110473632812,
          0.0,
          480.0
        ],
        [
          0.0,
          685.5110473632812,
          270.0
        ],
        [
          0.0,
          0.0,
          1.0
        ]
      ],
      "data_path": "D:\\Agent-AI\\outputs\\s3a_ml_long_v2\\sample_000051\\images\\CAM_FRONT_RIGHT.png",
      "raw_layout": "bgra8"
    },
    "CAM_FRONT_LEFT": {
      "type_id": "sensor.camera.rgb",
      "blueprint_attributes": {
        "role_name": "front",
        "ros_name": "sensor.camera.rgb",
        "chromatic_aberration_offset": "0.0",
        "sensor_tick": "0.100000",
        "fstop": "1.4",
        "image_size_x": "960",
        "image_size_y": "540",
        "fov": "70.00",
        "lens_circle_falloff": "5.0",
        "lens_circle_multiplier": "0.0",
        "exposure_compensation": "0.0",
        "lens_y_size": "0.08",
        "lens_k": "-1.0",
        "exposure_mode": "histogram",
        "lens_kcube": "0.0",
        "lens_x_size": "0.08",
        "exposure_max_bright": "12.0",
        "shutter_speed": "200.0",
        "bloom_intensity": "0.675",
        "iso": "100.0",
        "enable_postprocess_effects": "false",
        "gamma": "2.2",
        "motion_blur_intensity": "0.0",
        "motion_blur_max_distortion": "0.35",
        "lens_flare_intensity": "0.1",
        "motion_blur_min_object_screen_size": "0.1",
        "exposure_min_bright": "10.0",
        "exposure_speed_up": "3.0",
        "exposure_speed_down": "1.0",
        "tint": "0.0",
        "calibration_constant": "16.0",
        "focal_distance": "1000.0",
        "min_fstop": "1.2",
        "blade_count": "5",
        "blur_amount": "0.0",
        "blur_radius": "0.0",
        "slope": "0.88",
        "toe": "0.55",
        "white_clip": "0.04",
        "shoulder": "0.26",
        "black_clip": "0.0",
        "temp": "6500.0",
        "chromatic_aberration_intensity": "0.0"
      },
      "transform_carla": {
        "location": {
          "x": 89.92780303955078,
          "y": -55.3341064453125,
          "z": 1.69964599609375
        },
        "rotation": {
          "roll": 0.3403129577636719,
          "pitch": 0.3989035189151764,
          "yaw": 165.54872131347656
        }
      },
      "matrix_world_from_sensor_carla": [
        [
          -0.9683367013931274,
          -0.2495923489332199,
          0.0052594710141420364,
          89.92780303955078
        ],
        [
          0.24955065548419952,
          -0.9683327674865723,
          -0.007489034440368414,
          -55.3341064453125
        ],
        [
          0.006962123326957226,
          -0.0059394026175141335,
          0.9999580979347229,
          1.69964599609375
        ],
        [
          0.0,
          0.0,
          0.0,
          1.0
        ]
      ],
      "matrix_world_from_sensor_bevfusion": [
        [
          -0.2495923489332199,
          -0.0052594710141420364,
          -0.9683367013931274,
          89.92780303955078
        ],
        [
          0.9683327674865723,
          -0.007489034440368414,
          -0.24955065548419952,
          55.3341064453125
        ],
        [
          -0.0059394026175141335,
          -0.9999580979347229,
          0.006962123326957226,
          1.69964599609375
        ],
        [
          0.0,
          0.0,
          0.0,
          1.0
        ]
      ],
      "matrix_ego_from_sensor_carla": [
        [
          0.5735758543014526,
          0.8191524744033813,
          7.3554339508064e-08,
          1.2999992370605469
        ],
        [
          -0.8191524147987366,
          0.5735759139060974,
          -6.4383932851797e-08,
          -0.5499954223632812
        ],
        [
          -9.614960561066255e-08,
          -2.2141632527450383e-08,
          0.9999999403953552,
          1.7000000476837158
        ],
        [
          0.0,
          0.0,
          0.0,
          1.0
        ]
      ],
      "matrix_ego_from_sensor_bevfusion": [
        [
          0.8191524744033813,
          -7.3554339508064e-08,
          0.5735758543014526,
          1.2999992370605469
        ],
        [
          -0.5735759139060974,
          -6.4383932851797e-08,
          0.8191524147987366,
          0.5499954223632812
        ],
        [
          -2.2141632527450383e-08,
          -0.9999999403953552,
          -9.614960561066255e-08,
          1.7000000476837158
        ],
        [
          0.0,
          0.0,
          0.0,
          1.0
        ]
      ],
      "camera_intrinsics": [
        [
          685.5110473632812,
          0.0,
          480.0
        ],
        [
          0.0,
          685.5110473632812,
          270.0
        ],
        [
          0.0,
          0.0,
          1.0
        ]
      ],
      "data_path": "D:\\Agent-AI\\outputs\\s3a_ml_long_v2\\sample_000051\\images\\CAM_FRONT_LEFT.png",
      "raw_layout": "bgra8"
    },
    "CAM_BACK": {
      "type_id": "sensor.camera.rgb",
      "blueprint_attributes": {
        "role_name": "front",
        "ros_name": "sensor.camera.rgb",
        "chromatic_aberration_offset": "0.0",
        "sensor_tick": "0.100000",
        "fstop": "1.4",
        "image_size_x": "960",
        "image_size_y": "540",
        "fov": "70.00",
        "lens_circle_falloff": "5.0",
        "lens_circle_multiplier": "0.0",
        "exposure_compensation": "0.0",
        "lens_y_size": "0.08",
        "lens_k": "-1.0",
        "exposure_mode": "histogram",
        "lens_kcube": "0.0",
        "lens_x_size": "0.08",
        "exposure_max_bright": "12.0",
        "shutter_speed": "200.0",
        "bloom_intensity": "0.675",
        "iso": "100.0",
        "enable_postprocess_effects": "false",
        "gamma": "2.2",
        "motion_blur_intensity": "0.0",
        "motion_blur_max_distortion": "0.35",
        "lens_flare_intensity": "0.1",
        "motion_blur_min_object_screen_size": "0.1",
        "exposure_min_bright": "10.0",
        "exposure_speed_up": "3.0",
        "exposure_speed_down": "1.0",
        "tint": "0.0",
        "calibration_constant": "16.0",
        "focal_distance": "1000.0",
        "min_fstop": "1.2",
        "blade_count": "5",
        "blur_amount": "0.0",
        "blur_radius": "0.0",
        "slope": "0.88",
        "toe": "0.55",
        "white_clip": "0.04",
        "shoulder": "0.26",
        "black_clip": "0.0",
        "temp": "6500.0",
        "chromatic_aberration_intensity": "0.0"
      },
      "transform_carla": {
        "location": {
          "x": 92.45095825195312,
          "y": -53.899295806884766,
          "z": 1.6971204280853271
        },
        "rotation": {
          "roll": -0.5219605565071106,
          "pitch": 0.049956001341342926,
          "yaw": 40.547359466552734
        }
      },
      "matrix_world_from_sensor_carla": [
        [
          0.7598685622215271,
          -0.650055468082428,
          0.005259569268673658,
          92.45095825195312
        ],
        [
          0.650076150894165,
          0.7598321437835693,
          -0.007489032577723265,
          -53.899295806884766
        ],
        [
          0.0008718965691514313,
          0.0091098016127944,
          0.9999581575393677,
          1.6971204280853271
        ],
        [
          0.0,
          0.0,
          0.0,
          1.0
        ]
      ],
      "matrix_world_from_sensor_bevfusion": [
        [
          -0.650055468082428,
          -0.005259569268673658,
          0.7598685622215271,
          92.45095825195312
        ],
        [
          -0.7598321437835693,
          -0.007489032577723265,
          -0.650076150894165,
          53.899295806884766
        ],
        [
          0.0091098016127944,
          -0.9999581575393677,
          0.0008718965691514313,
          1.6971204280853271
        ],
        [
          0.0,
          0.0,
          0.0,
          1.0
        ]
      ],
      "matrix_ego_from_sensor_carla": [
        [
          -1.0,
          2.717850122735399e-07,
          -2.167588997181724e-09,
          -1.5500068664550781
        ],
        [
          -3.1709851100458764e-07,
          -1.0,
          -2.52830734126519e-09,
          0.0
        ],
        [
          -2.832031276156499e-09,
          -2.6712139167273108e-09,
          1.0,
          1.6999998092651367
        ],
        [
          0.0,
          0.0,
          0.0,
          1.0
        ]
      ],
      "matrix_ego_from_sensor_bevfusion": [
        [
          2.717850122735399e-07,
          2.167588997181724e-09,
          -1.0,
          -1.5500068664550781
        ],
        [
          1.0,
          -2.52830734126519e-09,
          3.1709851100458764e-07,
          0.0
        ],
        [
          -2.6712139167273108e-09,
          -1.0,
          -2.832031276156499e-09,
          1.6999998092651367
        ],
        [
          0.0,
          0.0,
          0.0,
          1.0
        ]
      ],
      "camera_intrinsics": [
        [
          685.5110473632812,
          0.0,
          480.0
        ],
        [
          0.0,
          685.5110473632812,
          270.0
        ],
        [
          0.0,
          0.0,
          1.0
        ]
      ],
      "data_path": "D:\\Agent-AI\\outputs\\s3a_ml_long_v2\\sample_000051\\images\\CAM_BACK.png",
      "raw_layout": "bgra8"
    },
    "CAM_BACK_LEFT": {
      "type_id": "sensor.camera.rgb",
      "blueprint_attributes": {
        "role_name": "front",
        "ros_name": "sensor.camera.rgb",
        "chromatic_aberration_offset": "0.0",
        "sensor_tick": "0.100000",
        "fstop": "1.4",
        "image_size_x": "960",
        "image_size_y": "540",
        "fov": "70.00",
        "lens_circle_falloff": "5.0",
        "lens_circle_multiplier": "0.0",
        "exposure_compensation": "0.0",
        "lens_y_size": "0.08",
        "lens_k": "-1.0",
        "exposure_mode": "histogram",
        "lens_kcube": "0.0",
        "lens_x_size": "0.08",
        "exposure_max_bright": "12.0",
        "shutter_speed": "200.0",
        "bloom_intensity": "0.675",
        "iso": "100.0",
        "enable_postprocess_effects": "false",
        "gamma": "2.2",
        "motion_blur_intensity": "0.0",
        "motion_blur_max_distortion": "0.35",
        "lens_flare_intensity": "0.1",
        "motion_blur_min_object_screen_size": "0.1",
        "exposure_min_bright": "10.0",
        "exposure_speed_up": "3.0",
        "exposure_speed_down": "1.0",
        "tint": "0.0",
        "calibration_constant": "16.0",
        "focal_distance": "1000.0",
        "min_fstop": "1.2",
        "blade_count": "5",
        "blur_amount": "0.0",
        "blur_radius": "0.0",
        "slope": "0.88",
        "toe": "0.55",
        "white_clip": "0.04",
        "shoulder": "0.26",
        "black_clip": "0.0",
        "temp": "6500.0",
        "chromatic_aberration_intensity": "0.0"
      },
      "transform_carla": {
        "location": {
          "x": 91.90345764160156,
          "y": -53.6439094543457,
          "z": 1.7019129991531372
        },
        "rotation": {
          "roll": -0.25846657156944275,
          "pitch": 0.45621562004089355,
          "yaw": 95.5465316772461
        }
      },
      "matrix_world_from_sensor_carla": [
        [
          -0.09665106981992722,
          -0.9953044652938843,
          0.005259545985609293,
          91.90345764160156
        ],
        [
          0.9952864646911621,
          -0.0966888964176178,
          -0.007489006035029888,
          -53.6439094543457
        ],
        [
          0.007962380535900593,
          0.004510934464633465,
          0.9999580979347229,
          1.7019129991531372
        ],
        [
          0.0,
          0.0,
          0.0,
          1.0
        ]
      ],
      "matrix_world_from_sensor_bevfusion": [
        [
          -0.9953044652938843,
          -0.005259545985609293,
          -0.09665106981992722,
          91.90345764160156
        ],
        [
          0.0966888964176178,
          -0.007489006035029888,
          -0.9952864646911621,
          53.6439094543457
        ],
        [
          0.004510934464633465,
          -0.9999580979347229,
          0.007962380535900593,
          1.7019129991531372
        ],
        [
          0.0,
          0.0,
          0.0,
          1.0
        ]
      ],
      "matrix_ego_from_sensor_carla": [
        [
          -0.5735766291618347,
          0.8191519379615784,
          -1.7081662750939586e-09,
          -1.2999992370605469
        ],
        [
          -0.8191519379615784,
          -0.5735765695571899,
          -3.737557818794812e-08,
          -0.5500030517578125
        ],
        [
          -3.2822995876813366e-08,
          -2.0913745402140194e-08,
          0.9999999403953552,
          1.7000000476837158
        ],
        [
          0.0,
          0.0,
          0.0,
          1.0
        ]
      ],
      "matrix_ego_from_sensor_bevfusion": [
        [
          0.8191519379615784,
          1.7081662750939586e-09,
          -0.5735766291618347,
          -1.2999992370605469
        ],
        [
          0.5735765695571899,
          -3.737557818794812e-08,
          0.8191519379615784,
          0.5500030517578125
        ],
        [
          -2.0913745402140194e-08,
          -0.9999999403953552,
          -3.2822995876813366e-08,
          1.7000000476837158
        ],
        [
          0.0,
          0.0,
          0.0,
          1.0
        ]
      ],
      "camera_intrinsics": [
        [
          685.5110473632812,
          0.0,
          480.0
        ],
        [
          0.0,
          685.5110473632812,
          270.0
        ],
        [
          0.0,
          0.0,
          1.0
        ]
      ],
      "data_path": "D:\\Agent-AI\\outputs\\s3a_ml_long_v2\\sample_000051\\images\\CAM_BACK_LEFT.png",
      "raw_layout": "bgra8"
    },
    "CAM_BACK_RIGHT": {
      "type_id": "sensor.camera.rgb",
      "blueprint_attributes": {
        "role_name": "front",
        "ros_name": "sensor.camera.rgb",
        "chromatic_aberration_offset": "0.0",
        "sensor_tick": "0.100000",
        "fstop": "1.4",
        "image_size_x": "960",
        "image_size_y": "540",
        "fov": "70.00",
        "lens_circle_falloff": "5.0",
        "lens_circle_multiplier": "0.0",
        "exposure_compensation": "0.0",
        "lens_y_size": "0.08",
        "lens_k": "-1.0",
        "exposure_mode": "histogram",
        "lens_kcube": "0.0",
        "lens_x_size": "0.08",
        "exposure_max_bright": "12.0",
        "shutter_speed": "200.0",
        "bloom_intensity": "0.675",
        "iso": "100.0",
        "enable_postprocess_effects": "false",
        "gamma": "2.2",
        "motion_blur_intensity": "0.0",
        "motion_blur_max_distortion": "0.35",
        "lens_flare_intensity": "0.1",
        "motion_blur_min_object_screen_size": "0.1",
        "exposure_min_bright": "10.0",
        "exposure_speed_up": "3.0",
        "exposure_speed_down": "1.0",
        "tint": "0.0",
        "calibration_constant": "16.0",
        "focal_distance": "1000.0",
        "min_fstop": "1.2",
        "blade_count": "5",
        "blur_amount": "0.0",
        "blur_radius": "0.0",
        "slope": "0.88",
        "toe": "0.55",
        "white_clip": "0.04",
        "shoulder": "0.26",
        "black_clip": "0.0",
        "temp": "6500.0",
        "chromatic_aberration_intensity": "0.0"
      },
      "transform_carla": {
        "location": {
          "x": 92.61851501464844,
          "y": -54.4797248840332,
          "z": 1.691892147064209
        },
        "rotation": {
          "roll": -0.3403128683567047,
          "pitch": -0.3989035189151764,
          "yaw": -14.451271057128906
        }
      },
      "matrix_world_from_sensor_carla": [
        [
          0.9683367609977722,
          0.24959217011928558,
          0.005259472876787186,
          92.61851501464844
        ],
        [
          -0.2495504766702652,
          0.968332827091217,
          -0.007489032112061977,
          -54.4797248840332
        ],
        [
          -0.006962123326957226,
          0.0059394012205302715,
          0.9999580979347229,
          1.691892147064209
        ],
        [
          0.0,
          0.0,
          0.0,
          1.0
        ]
      ],
      "matrix_world_from_sensor_bevfusion": [
        [
          0.24959217011928558,
          -0.005259472876787186,
          0.9683367609977722,
          92.61851501464844
        ],
        [
          -0.968332827091217,
          -0.007489032112061977,
          0.2495504766702652,
          54.4797248840332
        ],
        [
          0.0059394012205302715,
          -0.9999580979347229,
          -0.006962123326957226,
          1.691892147064209
        ],
        [
          0.0,
          0.0,
          0.0,
          1.0
        ]
      ],
      "matrix_ego_from_sensor_carla": [
        [
          -0.5735759735107422,
          -0.8191523551940918,
          7.064395646239063e-08,
          -1.2999992370605469
        ],
        [
          0.8191523551940918,
          -0.573576033115387,
          -6.4383932851797e-08,
          0.5499954223632812
        ],
        [
          9.568394432335481e-08,
          1.9347723423379648e-08,
          0.9999999403953552,
          1.6999998092651367
        ],
        [
          0.0,
          0.0,
          0.0,
          1.0
        ]
      ],
      "matrix_ego_from_sensor_bevfusion": [
        [
          -0.8191523551940918,
          -7.064395646239063e-08,
          -0.5735759735107422,
          -1.2999992370605469
        ],
        [
          0.573576033115387,
          -6.4383932851797e-08,
          -0.8191523551940918,
          -0.5499954223632812
        ],
        [
          1.9347723423379648e-08,
          -0.9999999403953552,
          9.568394432335481e-08,
          1.6999998092651367
        ],
        [
          0.0,
          0.0,
          0.0,
          1.0
        ]
      ],
      "camera_intrinsics": [
        [
          685.5110473632812,
          0.0,
          480.0
        ],
        [
          0.0,
          685.5110473632812,
          270.0
        ],
        [
          0.0,
          0.0,
          1.0
        ]
      ],
      "data_path": "D:\\Agent-AI\\outputs\\s3a_ml_long_v2\\sample_000051\\images\\CAM_BACK_RIGHT.png",
      "raw_layout": "bgra8"
    },
    "LIDAR_TOP": {
      "type_id": "sensor.lidar.ray_cast",
      "blueprint_attributes": {
        "atmosphere_attenuation_rate": "0.004",
        "role_name": "front",
        "noise_seed": "0",
        "upper_fov": "10.0",
        "ros_name": "sensor.lidar.ray_cast",
        "sensor_tick": "0.100000",
        "channels": "32",
        "range": "120.0",
        "points_per_second": "360000",
        "lower_fov": "-30.0",
        "rotation_frequency": "10.000000",
        "horizontal_fov": "360.0",
        "dropoff_general_rate": "0.0",
        "dropoff_intensity_limit": "1.0",
        "noise_stddev": "0.0",
        "dropoff_zero_intensity": "0.0"
      },
      "transform_carla": {
        "location": {
          "x": 91.27578735351562,
          "y": -54.91065979003906,
          "z": 2.1957480907440186
        },
        "rotation": {
          "roll": 0.5219607353210449,
          "pitch": -0.049956001341342926,
          "yaw": -139.45265197753906
        }
      },
      "matrix_world_from_sensor_carla": [
        [
          -0.7598687410354614,
          0.6500552296638489,
          0.005259568803012371,
          91.27578735351562
        ],
        [
          -0.6500759124755859,
          -0.7598323225975037,
          -0.007489035837352276,
          -54.91065979003906
        ],
        [
          -0.0008718965691514313,
          -0.009109804406762123,
          0.9999581575393677,
          2.1957480907440186
        ],
        [
          0.0,
          0.0,
          0.0,
          1.0
        ]
      ],
      "matrix_world_from_sensor_bevfusion": [
        [
          -0.7598687410354614,
          -0.6500552296638489,
          0.005259568803012371,
          91.27578735351562
        ],
        [
          0.6500759124755859,
          -0.7598323225975037,
          0.007489035837352276,
          54.91065979003906
        ],
        [
          -0.0008718965691514313,
          0.009109804406762123,
          0.9999581575393677,
          2.1957480907440186
        ],
        [
          0.0,
          0.0,
          0.0,
          1.0
        ]
      ],
      "matrix_ego_from_sensor_carla": [
        [
          1.0,
          2.327386283695887e-08,
          3.935481107664174e-10,
          0.0
        ],
        [
          1.673105565203059e-08,
          1.0,
          2.656602715589429e-10,
          0.0
        ],
        [
          1.5447888801478626e-10,
          -1.226366785900268e-10,
          1.0,
          2.1999998092651367
        ],
        [
          0.0,
          0.0,
          0.0,
          1.0
        ]
      ],
      "matrix_ego_from_sensor_bevfusion": [
        [
          1.0,
          -2.327386283695887e-08,
          3.935481107664174e-10,
          0.0
        ],
        [
          -1.673105565203059e-08,
          1.0,
          -2.656602715589429e-10,
          0.0
        ],
        [
          1.5447888801478626e-10,
          1.226366785900268e-10,
          1.0,
          2.1999998092651367
        ],
        [
          0.0,
          0.0,
          0.0,
          1.0
        ]
      ],
      "data_path": "D:\\Agent-AI\\outputs\\s3a_ml_long_v2\\sample_000051\\lidar\\LIDAR_TOP.npy",
      "raw_layout": [
        "x",
        "y",
        "z",
        "intensity"
      ]
    },
    "RADAR_FRONT": {
      "type_id": "sensor.other.radar",
      "blueprint_attributes": {
        "sensor_tick": "0.100000",
        "role_name": "default",
        "noise_seed": "0",
        "ros_name": "sensor.other.radar",
        "horizontal_fov": "35.0",
        "points_per_second": "1500",
        "vertical_fov": "20.0",
        "range": "120.0"
      },
      "transform_carla": {
        "location": {
          "x": 89.74921417236328,
          "y": -56.201072692871094,
          "z": 0.8940588235855103
        },
        "rotation": {
          "roll": 0.5219607353210449,
          "pitch": -0.049956001341342926,
          "yaw": -139.45265197753906
        }
      },
      "matrix_world_from_sensor_carla": [
        [
          -0.7598687410354614,
          0.6500552296638489,
          0.005259568803012371,
          89.74921417236328
        ],
        [
          -0.6500759124755859,
          -0.7598323225975037,
          -0.007489035837352276,
          -56.201072692871094
        ],
        [
          -0.0008718965691514313,
          -0.009109804406762123,
          0.9999581575393677,
          0.8940588235855103
        ],
        [
          0.0,
          0.0,
          0.0,
          1.0
        ]
      ],
      "matrix_world_from_sensor_bevfusion": [
        [
          -0.7598687410354614,
          -0.6500552296638489,
          0.005259568803012371,
          89.74921417236328
        ],
        [
          0.6500759124755859,
          -0.7598323225975037,
          0.007489035837352276,
          56.201072692871094
        ],
        [
          -0.0008718965691514313,
          0.009109804406762123,
          0.9999581575393677,
          0.8940588235855103
        ],
        [
          0.0,
          0.0,
          0.0,
          1.0
        ]
      ],
      "matrix_ego_from_sensor_carla": [
        [
          1.0,
          2.327386283695887e-08,
          3.935481107664174e-10,
          1.9999961853027344
        ],
        [
          1.673105565203059e-08,
          1.0,
          2.656602715589429e-10,
          -7.62939453125e-06
        ],
        [
          1.5447888801478626e-10,
          -1.226366785900268e-10,
          1.0,
          0.8999999761581421
        ],
        [
          0.0,
          0.0,
          0.0,
          1.0
        ]
      ],
      "matrix_ego_from_sensor_bevfusion": [
        [
          1.0,
          -2.327386283695887e-08,
          3.935481107664174e-10,
          1.9999961853027344
        ],
        [
          -1.673105565203059e-08,
          1.0,
          -2.656602715589429e-10,
          7.62939453125e-06
        ],
        [
          1.5447888801478626e-10,
          1.226366785900268e-10,
          1.0,
          0.8999999761581421
        ],
        [
          0.0,
          0.0,
          0.0,
          1.0
        ]
      ],
      "data_path": "D:\\Agent-AI\\outputs\\s3a_ml_long_v2\\sample_000051\\radar\\RADAR_FRONT.npy",
      "raw_layout": [
        "velocity",
        "altitude",
        "azimuth",
        "depth"
      ]
    },
    "RADAR_FRONT_LEFT": {
      "type_id": "sensor.other.radar",
      "blueprint_attributes": {
        "sensor_tick": "0.100000",
        "role_name": "default",
        "noise_seed": "0",
        "ros_name": "sensor.other.radar",
        "horizontal_fov": "35.0",
        "points_per_second": "1500",
        "vertical_fov": "20.0",
        "range": "120.0"
      },
      "transform_carla": {
        "location": {
          "x": 89.52762603759766,
          "y": -55.4036750793457,
          "z": 0.9011962413787842
        },
        "rotation": {
          "roll": 0.40441200137138367,
          "pitch": 0.33375033736228943,
          "yaw": 175.5487518310547
        }
      },
      "matrix_world_from_sensor_carla": [
        [
          -0.9969668388366699,
          -0.07764977216720581,
          0.0052594980224967,
          89.52762603759766
        ],
        [
          0.07760939747095108,
          -0.9969556927680969,
          -0.007489044684916735,
          -55.4036750793457
        ],
        [
          0.005825009196996689,
          -0.007058142684400082,
          0.9999580979347229,
          0.9011962413787842
        ],
        [
          0.0,
          0.0,
          0.0,
          1.0
        ]
      ],
      "matrix_world_from_sensor_bevfusion": [
        [
          -0.9969668388366699,
          0.07764977216720581,
          0.0052594980224967,
          89.52762603759766
        ],
        [
          -0.07760939747095108,
          -0.9969556927680969,
          0.007489044684916735,
          55.4036750793457
        ],
        [
          0.005825009196996689,
          0.007058142684400082,
          0.9999580979347229,
          0.9011962413787842
        ],
        [
          0.0,
          0.0,
          0.0,
          1.0
        ]
      ],
      "matrix_ego_from_sensor_carla": [
        [
          0.70710688829422,
          0.7071067094802856,
          5.975912387157223e-08,
          1.6500015258789062
        ],
        [
          -0.7071067094802856,
          0.70710688829422,
          -3.923822333717908e-08,
          -0.75
        ],
        [
          -7.085391473538039e-08,
          -1.3448339331034731e-08,
          0.9999999403953552,
          0.8999998569488525
        ],
        [
          0.0,
          0.0,
          0.0,
          1.0
        ]
      ],
      "matrix_ego_from_sensor_bevfusion": [
        [
          0.70710688829422,
          -0.7071067094802856,
          5.975912387157223e-08,
          1.6500015258789062
        ],
        [
          0.7071067094802856,
          0.70710688829422,
          3.923822333717908e-08,
          0.75
        ],
        [
          -7.085391473538039e-08,
          1.3448339331034731e-08,
          0.9999999403953552,
          0.8999998569488525
        ],
        [
          0.0,
          0.0,
          0.0,
          1.0
        ]
      ],
      "data_path": "D:\\Agent-AI\\outputs\\s3a_ml_long_v2\\sample_000051\\radar\\RADAR_FRONT_LEFT.npy",
      "raw_layout": [
        "velocity",
        "altitude",
        "azimuth",
        "depth"
      ]
    },
    "RADAR_FRONT_RIGHT": {
      "type_id": "sensor.other.radar",
      "blueprint_attributes": {
        "sensor_tick": "0.100000",
        "role_name": "default",
        "noise_seed": "0",
        "ros_name": "sensor.other.radar",
        "horizontal_fov": "35.0",
        "points_per_second": "1500",
