{
  "schema_version": "stage1.v1",
  "sample_name": "sample_000019",
  "sequence_index": 19,
  "previous_sample_name": "sample_000018",
  "frame_id": 2196,
  "timestamp": 33.84063230827451,
  "platform_timestamp": 16781880.4825296,
  "delta_seconds": 0.05000000074505806,
  "town": "Carla/Maps/Town10HD_Opt",
  "weather": {
    "cloudiness": 20.0,
    "dust_storm": 0.0,
    "fog_density": 2.0,
    "fog_distance": 0.75,
    "fog_falloff": 0.10000000149011612,
    "mie_scattering_scale": 0.029999999329447746,
    "precipitation": 0.0,
    "precipitation_deposits": 0.0,
    "rayleigh_scattering_scale": 0.03310000151395798,
    "scattering_intensity": 1.0,
    "sun_altitude_angle": 45.0,
    "sun_azimuth_angle": 300.0,
    "wetness": 0.0,
    "wind_intensity": 10.0
  },
  "sensor_names": [
    "CAM_FRONT",
    "CAM_FRONT_RIGHT",
    "CAM_FRONT_LEFT",
    "CAM_BACK",
    "CAM_BACK_LEFT",
    "CAM_BACK_RIGHT",
    "LIDAR_TOP",
    "RADAR_FRONT",
    "RADAR_FRONT_LEFT",
    "RADAR_FRONT_RIGHT",
    "RADAR_BACK_LEFT",
    "RADAR_BACK_RIGHT"
  ],
  "camera_order_for_model": [
    "CAM_FRONT",
    "CAM_FRONT_RIGHT",
    "CAM_FRONT_LEFT",
    "CAM_BACK",
    "CAM_BACK_LEFT",
    "CAM_BACK_RIGHT"
  ],
  "radar_order_for_model": [
    "RADAR_FRONT",
    "RADAR_FRONT_LEFT",
    "RADAR_FRONT_RIGHT",
    "RADAR_BACK_LEFT",
    "RADAR_BACK_RIGHT"
  ],
  "coordinate_notes": {
    "carla_world": "left-handed x-forward y-right z-up",
    "bevfusion_lidar": "x-forward y-left z-up",
    "camera_frame_for_model": "OpenCV style x-right y-down z-forward"
  },
  "ego": {
    "actor_id": 24,
    "transform_carla": {
      "location": {
        "x": -56.64912414550781,
        "y": 22.599220275878906,
        "z": -0.006190948188304901
      },
      "rotation": {
        "roll": 1.0348848104476929,
        "pitch": 0.5025994181632996,
        "yaw": -20.83456039428711
      }
    },
    "velocity_carla": [
      7.704861164093018,
      -3.3906681537628174,
      -0.00024415014195255935
    ],
    "angular_velocity_carla": [
      -0.4544319808483124,
      1.8049654960632324,
      -23.491308212280273
    ],
    "matrix_world_from_ego_carla": [
      [
        0.9345753788948059,
        0.3557608127593994,
        -0.0017731529660522938,
        -56.64912414550781
      ],
      [
        -0.35565710067749023,
        0.9344025254249573,
        0.019999569281935692,
        22.599220275878906
      ],
      [
        0.008771901950240135,
        -0.0180604699999094,
        0.9997984170913696,
        -0.006190948188304901
      ],
      [
        0.0,
        0.0,
        0.0,
        1.0
      ]
    ],
    "matrix_world_from_ego_bevfusion": [
      [
        0.9345753788948059,
        -0.3557608127593994,
        -0.0017731529660522938,
        -56.64912414550781
      ],
      [
        0.35565710067749023,
        0.9344025254249573,
        -0.019999569281935692,
        -22.599220275878906
      ],
      [
        0.008771901950240135,
        0.0180604699999094,
        0.9997984170913696,
        -0.006190948188304901
      ],
      [
        0.0,
        0.0,
        0.0,
        1.0
      ]
    ]
  },
  "sensors": {
    "CAM_FRONT": {
      "type_id": "sensor.camera.rgb",
      "blueprint_attributes": {
        "role_name": "front",
        "ros_name": "sensor.camera.rgb",
        "chromatic_aberration_offset": "0.0",
        "sensor_tick": "0.050000",
        "fstop": "1.4",
        "image_size_x": "1600",
        "image_size_y": "900",
        "fov": "70.00",
        "lens_circle_falloff": "5.0",
        "lens_circle_multiplier": "0.0",
        "exposure_compensation": "0.0",
        "lens_y_size": "0.08",
        "lens_k": "-1.0",
        "exposure_mode": "histogram",
        "lens_kcube": "0.0",
        "lens_x_size": "0.08",
        "exposure_max_bright": "12.0",
        "shutter_speed": "200.0",
        "bloom_intensity": "0.675",
        "iso": "100.0",
        "enable_postprocess_effects": "false",
        "gamma": "2.2",
        "motion_blur_intensity": "0.0",
        "motion_blur_max_distortion": "0.35",
        "lens_flare_intensity": "0.1",
        "motion_blur_min_object_screen_size": "0.1",
        "exposure_min_bright": "10.0",
        "exposure_speed_up": "3.0",
        "exposure_speed_down": "1.0",
        "tint": "0.0",
        "calibration_constant": "16.0",
        "focal_distance": "1000.0",
        "min_fstop": "1.2",
        "blade_count": "5",
        "blur_amount": "0.0",
        "blur_radius": "0.0",
        "slope": "0.88",
        "toe": "0.55",
        "white_clip": "0.04",
        "shoulder": "0.26",
        "black_clip": "0.0",
        "temp": "6500.0",
        "chromatic_aberration_intensity": "0.0"
      },
      "transform_carla": {
        "location": {
          "x": -55.203548431396484,
          "y": 22.081951141357422,
          "z": 1.707062840461731
        },
        "rotation": {
          "roll": 1.0348848104476929,
          "pitch": 0.5025994181632996,
          "yaw": -20.83456039428711
        }
      },
      "matrix_world_from_sensor_carla": [
        [
          0.9345753788948059,
          0.3557608127593994,
          -0.0017731529660522938,
          -55.203548431396484
        ],
        [
          -0.35565710067749023,
          0.9344025254249573,
          0.019999569281935692,
          22.081951141357422
        ],
        [
          0.008771901950240135,
          -0.0180604699999094,
          0.9997984170913696,
          1.707062840461731
        ],
        [
          0.0,
          0.0,
          0.0,
          1.0
        ]
      ],
      "matrix_world_from_sensor_bevfusion": [
        [
          0.3557608127593994,
          0.0017731529660522938,
          0.9345753788948059,
          -55.203548431396484
        ],
        [
          -0.9344025254249573,
          0.019999569281935692,
          0.35565710067749023,
          -22.081951141357422
        ],
        [
          -0.0180604699999094,
          -0.9997984170913696,
          0.008771901950240135,
          1.707062840461731
        ],
        [
          0.0,
          0.0,
          0.0,
          1.0
        ]
      ],
      "matrix_ego_from_sensor_carla": [
        [
          1.0,
          -1.4902185041520966e-09,
          -6.150749909394904e-10,
          1.5499954223632812
        ],
        [
          -2.9344851881774048e-08,
          1.0,
          1.0734522160049664e-09,
          6.556510925292969e-07
        ],
        [
          3.1605984496252404e-10,
          1.0734522160049664e-09,
          1.0,
          1.7000000476837158
        ],
        [
          0.0,
          0.0,
          0.0,
          1.0
        ]
      ],
      "matrix_ego_from_sensor_bevfusion": [
        [
          -1.4902185041520966e-09,
          6.150749909394904e-10,
          1.0,
          1.5499954223632812
        ],
        [
          -1.0,
          1.0734522160049664e-09,
          2.9344851881774048e-08,
          -6.556510925292969e-07
        ],
        [
          1.0734522160049664e-09,
          -1.0,
          3.1605984496252404e-10,
          1.7000000476837158
        ],
        [
          0.0,
          0.0,
          0.0,
          1.0
        ]
      ],
      "camera_intrinsics": [
        [
          1142.5184326171875,
          0.0,
          800.0
        ],
        [
          0.0,
          1142.5184326171875,
          450.0
        ],
        [
          0.0,
          0.0,
          1.0
        ]
      ],
      "data_path": "D:\\Agent-AI\\outputs\\samples\\sample_000019\\images\\CAM_FRONT.png",
      "raw_layout": "bgra8"
    },
    "CAM_FRONT_RIGHT": {
      "type_id": "sensor.camera.rgb",
      "blueprint_attributes": {
        "role_name": "front",
        "ros_name": "sensor.camera.rgb",
        "chromatic_aberration_offset": "0.0",
        "sensor_tick": "0.050000",
        "fstop": "1.4",
        "image_size_x": "1600",
        "image_size_y": "900",
        "fov": "70.00",
        "lens_circle_falloff": "5.0",
        "lens_circle_multiplier": "0.0",
        "exposure_compensation": "0.0",
        "lens_y_size": "0.08",
        "lens_k": "-1.0",
        "exposure_mode": "histogram",
        "lens_kcube": "0.0",
        "lens_x_size": "0.08",
        "exposure_max_bright": "12.0",
        "shutter_speed": "200.0",
        "bloom_intensity": "0.675",
        "iso": "100.0",
        "enable_postprocess_effects": "false",
        "gamma": "2.2",
        "motion_blur_intensity": "0.0",
        "motion_blur_max_distortion": "0.35",
        "lens_flare_intensity": "0.1",
        "motion_blur_min_object_screen_size": "0.1",
        "exposure_min_bright": "10.0",
        "exposure_speed_up": "3.0",
        "exposure_speed_down": "1.0",
        "tint": "0.0",
        "calibration_constant": "16.0",
        "focal_distance": "1000.0",
        "min_fstop": "1.2",
        "blade_count": "5",
        "blur_amount": "0.0",
        "blur_radius": "0.0",
        "slope": "0.88",
        "toe": "0.55",
        "white_clip": "0.04",
        "shoulder": "0.26",
        "black_clip": "0.0",
        "temp": "6500.0",
        "chromatic_aberration_intensity": "0.0"
      },
      "transform_carla": {
        "location": {
          "x": -55.24152374267578,
          "y": 22.68478775024414,
          "z": 1.6949365139007568
        },
        "rotation": {
          "roll": 1.0053300857543945,
          "pitch": -0.5593788027763367,
          "yaw": 34.15599822998047
        }
      },
      "matrix_world_from_sensor_carla": [
        [
          0.8274725675582886,
          -0.5615033507347107,
          -0.001773213967680931,
          -55.24152374267578
        ],
        [
          0.561421275138855,
          0.8272884488105774,
          0.019999533891677856,
          22.68478775024414
        ],
        [
          -0.009762845933437347,
          -0.017544584348797798,
          0.9997983574867249,
          1.6949365139007568
        ],
        [
          0.0,
          0.0,
          0.0,
          1.0
        ]
      ],
      "matrix_world_from_sensor_bevfusion": [
        [
          -0.5615033507347107,
          0.001773213967680931,
          0.8274725675582886,
          -55.24152374267578
        ],
        [
          -0.8272884488105774,
          0.019999533891677856,
          -0.561421275138855,
          -22.68478775024414
        ],
        [
          -0.017544584348797798,
          -0.9997983574867249,
          -0.009762845933437347,
          1.6949365139007568
        ],
        [
          0.0,
          0.0,
          0.0,
          1.0
        ]
      ],
      "matrix_ego_from_sensor_carla": [
        [
          0.5735763311386108,
          -0.8191520571708679,
          -4.5841403562008054e-08,
          1.2999992370605469
        ],
        [
          0.8191520571708679,
          0.5735763907432556,
          -5.372941558334787e-08,
          0.5500019788742065
        ],
        [
          6.998747181796716e-08,
          -4.20008472445943e-09,
          0.9999999403953552,
          1.7000000476837158
        ],
        [
          0.0,
          0.0,
          0.0,
          1.0
        ]
      ],
      "matrix_ego_from_sensor_bevfusion": [
        [
          -0.8191520571708679,
          4.5841403562008054e-08,
          0.5735763311386108,
          1.2999992370605469
        ],
        [
          -0.5735763907432556,
          -5.372941558334787e-08,
          -0.8191520571708679,
          -0.5500019788742065
        ],
        [
          -4.20008472445943e-09,
          -0.9999999403953552,
          6.998747181796716e-08,
          1.7000000476837158
        ],
        [
          0.0,
          0.0,
          0.0,
          1.0
        ]
      ],
      "camera_intrinsics": [
        [
          1142.5184326171875,
          0.0,
          800.0
        ],
        [
          0.0,
          1142.5184326171875,
          450.0
        ],
        [
          0.0,
          0.0,
          1.0
        ]
      ],
      "data_path": "D:\\Agent-AI\\outputs\\samples\\sample_000019\\images\\CAM_FRONT_RIGHT.png",
      "raw_layout": "bgra8"
    },
    "CAM_FRONT_LEFT": {
      "type_id": "sensor.camera.rgb",
      "blueprint_attributes": {
        "role_name": "front",
        "ros_name": "sensor.camera.rgb",
        "chromatic_aberration_offset": "0.0",
        "sensor_tick": "0.050000",
        "fstop": "1.4",
        "image_size_x": "1600",
        "image_size_y": "900",
        "fov": "70.00",
        "lens_circle_falloff": "5.0",
        "lens_circle_multiplier": "0.0",
        "exposure_compensation": "0.0",
        "lens_y_size": "0.08",
        "lens_k": "-1.0",
        "exposure_mode": "histogram",
        "lens_kcube": "0.0",
        "lens_x_size": "0.08",
        "exposure_max_bright": "12.0",
        "shutter_speed": "200.0",
        "bloom_intensity": "0.675",
        "iso": "100.0",
        "enable_postprocess_effects": "false",
        "gamma": "2.2",
        "motion_blur_intensity": "0.0",
        "motion_blur_max_distortion": "0.35",
        "lens_flare_intensity": "0.1",
        "motion_blur_min_object_screen_size": "0.1",
        "exposure_min_bright": "10.0",
        "exposure_speed_up": "3.0",
        "exposure_speed_down": "1.0",
        "tint": "0.0",
        "calibration_constant": "16.0",
        "focal_distance": "1000.0",
        "min_fstop": "1.2",
        "blade_count": "5",
        "blur_amount": "0.0",
        "blur_radius": "0.0",
        "slope": "0.88",
        "toe": "0.55",
        "white_clip": "0.04",
        "shoulder": "0.26",
        "black_clip": "0.0",
        "temp": "6500.0",
        "chromatic_aberration_intensity": "0.0"
      },
      "transform_carla": {
        "location": {
          "x": -55.63285827636719,
          "y": 21.656946182250977,
          "z": 1.7148030996322632
        },
        "rotation": {
          "roll": 0.18186628818511963,
          "pitch": 1.1359970569610596,
          "yaw": -75.8372802734375
        }
      },
      "matrix_world_from_sensor_carla": [
        [
          0.24462850391864777,
          0.9696152210235596,
          -0.0017731529660522938,
          -55.63285827636719
        ],
        [
          -0.9694141149520874,
          0.2446143478155136,
          0.019999532029032707,
          21.656946182250977
        ],
        [
          0.019825590774416924,
          -0.003173536155372858,
          0.9997983574867249,
          1.7148030996322632
        ],
        [
          0.0,
          0.0,
          0.0,
          1.0
        ]
      ],
      "matrix_world_from_sensor_bevfusion": [
        [
          0.9696152210235596,
          0.0017731529660522938,
          0.24462850391864777,
          -55.63285827636719
        ],
        [
          -0.2446143478155136,
          0.019999532029032707,
          0.9694141149520874,
          -21.656946182250977
        ],
        [
          -0.003173536155372858,
          -0.9997983574867249,
          0.019825590774416924,
          1.7148030996322632
        ],
        [
          0.0,
          0.0,
          0.0,
          1.0
        ]
      ],
      "matrix_ego_from_sensor_carla": [
        [
          0.5735766887664795,
          0.8191518187522888,
          1.1900595175973194e-08,
          1.2999992370605469
        ],
        [
          -0.8191518187522888,
          0.5735766887664795,
          -3.3240318941807345e-08,
          -0.5499957799911499
        ],
        [
          -3.4654021874303e-08,
          9.225265884538203e-09,
          0.9999999403953552,
          1.7000000476837158
        ],
        [
          0.0,
          0.0,
          0.0,
          1.0
        ]
      ],
      "matrix_ego_from_sensor_bevfusion": [
        [
          0.8191518187522888,
          -1.1900595175973194e-08,
          0.5735766887664795,
          1.2999992370605469
        ],
        [
          -0.5735766887664795,
          -3.3240318941807345e-08,
          0.8191518187522888,
          0.5499957799911499
        ],
        [
          9.225265884538203e-09,
          -0.9999999403953552,
          -3.4654021874303e-08,
          1.7000000476837158
        ],
        [
          0.0,
          0.0,
          0.0,
          1.0
        ]
      ],
      "camera_intrinsics": [
        [
          1142.5184326171875,
          0.0,
          800.0
        ],
        [
          0.0,
          1142.5184326171875,
          450.0
        ],
        [
          0.0,
          0.0,
          1.0
        ]
      ],
      "data_path": "D:\\Agent-AI\\outputs\\samples\\sample_000019\\images\\CAM_FRONT_LEFT.png",
      "raw_layout": "bgra8"
    },
    "CAM_BACK": {
      "type_id": "sensor.camera.rgb",
      "blueprint_attributes": {
        "role_name": "front",
        "ros_name": "sensor.camera.rgb",
        "chromatic_aberration_offset": "0.0",
        "sensor_tick": "0.050000",
        "fstop": "1.4",
        "image_size_x": "1600",
        "image_size_y": "900",
        "fov": "70.00",
        "lens_circle_falloff": "5.0",
        "lens_circle_multiplier": "0.0",
        "exposure_compensation": "0.0",
        "lens_y_size": "0.08",
        "lens_k": "-1.0",
        "exposure_mode": "histogram",
        "lens_kcube": "0.0",
        "lens_x_size": "0.08",
        "exposure_max_bright": "12.0",
        "shutter_speed": "200.0",
        "bloom_intensity": "0.675",
        "iso": "100.0",
        "enable_postprocess_effects": "false",
        "gamma": "2.2",
        "motion_blur_intensity": "0.0",
        "motion_blur_max_distortion": "0.35",
        "lens_flare_intensity": "0.1",
        "motion_blur_min_object_screen_size": "0.1",
        "exposure_min_bright": "10.0",
        "exposure_speed_up": "3.0",
        "exposure_speed_down": "1.0",
        "tint": "0.0",
        "calibration_constant": "16.0",
        "focal_distance": "1000.0",
        "min_fstop": "1.2",
        "blade_count": "5",
        "blur_amount": "0.0",
        "blur_radius": "0.0",
        "slope": "0.88",
        "toe": "0.55",
        "white_clip": "0.04",
        "shoulder": "0.26",
        "black_clip": "0.0",
        "temp": "6500.0",
        "chromatic_aberration_intensity": "0.0"
      },
      "transform_carla": {
        "location": {
          "x": -58.100730895996094,
          "y": 23.18448829650879,
          "z": 1.6798697710037231
        },
        "rotation": {
          "roll": -1.0348849296569824,
          "pitch": -0.5025994181632996,
          "yaw": 159.16546630859375
        }
      },
      "matrix_world_from_sensor_carla": [
        [
          -0.9345755577087402,
          -0.3557603359222412,
          -0.00177316227927804,
          -58.100730895996094
        ],
        [
          0.35565662384033203,
          -0.9344027042388916,
          0.01999957114458084,
          23.18448829650879
        ],
        [
          -0.008771901950240135,
          0.0180604737251997,
          0.9997984170913696,
          1.6798697710037231
        ],
        [
          0.0,
          0.0,
          0.0,
          1.0
        ]
      ],
      "matrix_world_from_sensor_bevfusion": [
        [
          -0.3557603359222412,
          0.00177316227927804,
          -0.9345755577087402,
          -58.100730895996094
        ],
        [
          0.9344027042388916,
          0.01999957114458084,
          -0.35565662384033203,
          -23.18448829650879
        ],
        [
          0.0180604737251997,
          -0.9997984170913696,
          -0.008771901950240135,
          1.6798697710037231
        ],
        [
          0.0,
          0.0,
          0.0,
          1.0
        ]
      ],
      "matrix_ego_from_sensor_carla": [
        [
          -1.0,
          5.121495973980927e-07,
          -9.928300848116578e-09,
          -1.5500030517578125
        ],
        [
          -4.7581033868482336e-07,
          -1.0,
          -7.891929332259906e-10,
          8.344650268554688e-07
        ],
        [
          -8.697963238546436e-09,
          -1.0742031708588229e-09,
          1.0,
          1.6999998092651367
        ],
        [
          0.0,
          0.0,
          0.0,
          1.0
        ]
      ],
      "matrix_ego_from_sensor_bevfusion": [
        [
          5.121495973980927e-07,
          9.928300848116578e-09,
          -1.0,
          -1.5500030517578125
        ],
        [
          1.0,
          -7.891929332259906e-10,
          4.7581033868482336e-07,
          -8.344650268554688e-07
        ],
        [
          -1.0742031708588229e-09,
          -1.0,
          -8.697963238546436e-09,
          1.6999998092651367
        ],
        [
          0.0,
          0.0,
          0.0,
          1.0
        ]
      ],
      "camera_intrinsics": [
        [
          1142.5184326171875,
          0.0,
          800.0
        ],
        [
          0.0,
          1142.5184326171875,
          450.0
        ],
        [
          0.0,
          0.0,
          1.0
        ]
      ],
      "data_path": "D:\\Agent-AI\\outputs\\samples\\sample_000019\\images\\CAM_BACK.png",
      "raw_layout": "bgra8"
    },
    "CAM_BACK_LEFT": {
      "type_id": "sensor.camera.rgb",
      "blueprint_attributes": {
        "role_name": "front",
        "ros_name": "sensor.camera.rgb",
        "chromatic_aberration_offset": "0.0",
        "sensor_tick": "0.050000",
        "fstop": "1.4",
        "image_size_x": "1600",
        "image_size_y": "900",
        "fov": "70.00",
        "lens_circle_falloff": "5.0",
        "lens_circle_multiplier": "0.0",
        "exposure_compensation": "0.0",
        "lens_y_size": "0.08",
        "lens_k": "-1.0",
        "exposure_mode": "histogram",
        "lens_kcube": "0.0",
        "lens_x_size": "0.08",
        "exposure_max_bright": "12.0",
        "shutter_speed": "200.0",
        "bloom_intensity": "0.675",
        "iso": "100.0",
        "enable_postprocess_effects": "false",
        "gamma": "2.2",
        "motion_blur_intensity": "0.0",
        "motion_blur_max_distortion": "0.35",
        "lens_flare_intensity": "0.1",
        "motion_blur_min_object_screen_size": "0.1",
        "exposure_min_bright": "10.0",
        "exposure_speed_up": "3.0",
        "exposure_speed_down": "1.0",
        "tint": "0.0",
        "calibration_constant": "16.0",
        "focal_distance": "1000.0",
        "min_fstop": "1.2",
        "blade_count": "5",
        "blur_amount": "0.0",
        "blur_radius": "0.0",
        "slope": "0.88",
        "toe": "0.55",
        "white_clip": "0.04",
        "shoulder": "0.26",
        "black_clip": "0.0",
        "temp": "6500.0",
        "chromatic_aberration_intensity": "0.0"
      },
      "transform_carla": {
        "location": {
          "x": -58.0627555847168,
          "y": 22.58165168762207,
          "z": 1.6919960975646973
        },
        "rotation": {
          "roll": -1.0053298473358154,
          "pitch": 0.5593788027763367,
          "yaw": -145.84397888183594
        }
      },
      "matrix_world_from_sensor_carla": [
        [
          -0.8274723291397095,
          0.5615037083625793,
          -0.0017732204869389534,
          -58.0627555847168
        ],
        [
          -0.5614216327667236,
          -0.8272882103919983,
          0.019999530166387558,
          22.58165168762207
        ],
        [
          0.009762845933437347,
          0.0175445806235075,
          0.9997983574867249,
          1.6919960975646973
        ],
        [
          0.0,
          0.0,
          0.0,
          1.0
        ]
      ],
      "matrix_world_from_sensor_bevfusion": [
        [
          0.5615037083625793,
          0.0017732204869389534,
          -0.8274723291397095,
          -58.0627555847168
        ],
        [
          0.8272882103919983,
          0.019999530166387558,
          0.5614216327667236,
          -22.58165168762207
        ],
        [
          0.0175445806235075,
          -0.9997983574867249,
          0.009762845933437347,
          1.6919960975646973
        ],
        [
          0.0,
          0.0,
          0.0,
          1.0
        ]
      ],
      "matrix_ego_from_sensor_carla": [
        [
          -0.5735759735107422,
          0.819152295589447,
          -5.0498016435085447e-08,
          -1.2999992370605469
        ],
        [
          -0.819152295589447,
          -0.573576033115387,
          -5.9317351031040744e-08,
          -0.5499985814094543
        ],
        [
          -7.836937498950647e-08,
          4.200836123402496e-09,
          0.9999999403953552,
          1.7000000476837158
        ],
        [
          0.0,
          0.0,
          0.0,
          1.0
        ]
      ],
      "matrix_ego_from_sensor_bevfusion": [
        [
          0.819152295589447,
          5.0498016435085447e-08,
          -0.5735759735107422,
          -1.2999992370605469
        ],
        [
          0.573576033115387,
          -5.9317351031040744e-08,
          0.819152295589447,
          0.5499985814094543
        ],
        [
          4.200836123402496e-09,
          -0.9999999403953552,
          -7.836937498950647e-08,
          1.7000000476837158
        ],
        [
          0.0,
          0.0,
          0.0,
          1.0
        ]
      ],
      "camera_intrinsics": [
        [
          1142.5184326171875,
          0.0,
          800.0
        ],
        [
          0.0,
          1142.5184326171875,
          450.0
        ],
        [
          0.0,
          0.0,
          1.0
        ]
      ],
      "data_path": "D:\\Agent-AI\\outputs\\samples\\sample_000019\\images\\CAM_BACK_LEFT.png",
      "raw_layout": "bgra8"
    },
    "CAM_BACK_RIGHT": {
      "type_id": "sensor.camera.rgb",
      "blueprint_attributes": {
        "role_name": "front",
        "ros_name": "sensor.camera.rgb",
        "chromatic_aberration_offset": "0.0",
        "sensor_tick": "0.050000",
        "fstop": "1.4",
        "image_size_x": "1600",
        "image_size_y": "900",
        "fov": "70.00",
        "lens_circle_falloff": "5.0",
        "lens_circle_multiplier": "0.0",
        "exposure_compensation": "0.0",
        "lens_y_size": "0.08",
        "lens_k": "-1.0",
        "exposure_mode": "histogram",
        "lens_kcube": "0.0",
        "lens_x_size": "0.08",
        "exposure_max_bright": "12.0",
        "shutter_speed": "200.0",
        "bloom_intensity": "0.675",
        "iso": "100.0",
        "enable_postprocess_effects": "false",
        "gamma": "2.2",
        "motion_blur_intensity": "0.0",
        "motion_blur_max_distortion": "0.35",
        "lens_flare_intensity": "0.1",
        "motion_blur_min_object_screen_size": "0.1",
        "exposure_min_bright": "10.0",
        "exposure_speed_up": "3.0",
        "exposure_speed_down": "1.0",
        "tint": "0.0",
        "calibration_constant": "16.0",
        "focal_distance": "1000.0",
        "min_fstop": "1.2",
        "blade_count": "5",
        "blur_amount": "0.0",
        "blur_radius": "0.0",
        "slope": "0.88",
        "toe": "0.55",
        "white_clip": "0.04",
        "shoulder": "0.26",
        "black_clip": "0.0",
        "temp": "6500.0",
        "chromatic_aberration_intensity": "0.0"
      },
      "transform_carla": {
        "location": {
          "x": -57.67142105102539,
          "y": 23.6094970703125,
          "z": 1.672129511833191
        },
        "rotation": {
          "roll": -0.1818661242723465,
          "pitch": -1.1359970569610596,
          "yaw": 104.16270446777344
        }
      },
      "matrix_world_from_sensor_carla": [
        [
          -0.24462811648845673,
          -0.9696153402328491,
          -0.001773147378116846,
          -57.67142105102539
        ],
        [
          0.969414234161377,
          -0.24461396038532257,
          0.019999533891677856,
          23.6094970703125
        ],
        [
          -0.019825590774416924,
          0.003173533361405134,
          0.9997983574867249,
          1.672129511833191
        ],
        [
          0.0,
          0.0,
          0.0,
          1.0
        ]
      ],
      "matrix_world_from_sensor_bevfusion": [
        [
          -0.9696153402328491,
          0.001773147378116846,
          -0.24462811648845673,
          -57.67142105102539
        ],
        [
          0.24461396038532257,
          0.019999533891677856,
          -0.969414234161377,
          -23.6094970703125
        ],
        [
          0.003173533361405134,
          -0.9997983574867249,
          -0.019825590774416924,
          1.672129511833191
        ],
        [
          0.0,
          0.0,
          0.0,
          1.0
        ]
      ],
      "matrix_ego_from_sensor_carla": [
        [
          -0.5735763311386108,
          -0.8191520571708679,
          1.6557207160872167e-08,
          -1.3000030517578125
        ],
        [
          0.8191520571708679,
          -0.5735763907432556,
          -2.9515026866988592e-08,
          0.5500028133392334
        ],
        [
          3.6516667023533955e-08,
          -4.102428619034981e-09,
          0.9999999403953552,
          1.7000000476837158
        ],
        [
          0.0,
          0.0,
          0.0,
          1.0
        ]
      ],
      "matrix_ego_from_sensor_bevfusion": [
        [
          -0.8191520571708679,
          -1.6557207160872167e-08,
          -0.5735763311386108,
          -1.3000030517578125
        ],
        [
          0.5735763907432556,
          -2.9515026866988592e-08,
          -0.8191520571708679,
          -0.5500028133392334
        ],
        [
          -4.102428619034981e-09,
          -0.9999999403953552,
          3.6516667023533955e-08,
          1.7000000476837158
        ],
        [
          0.0,
          0.0,
          0.0,
          1.0
        ]
      ],
      "camera_intrinsics": [
        [
          1142.5184326171875,
          0.0,
          800.0
        ],
        [
          0.0,
          1142.5184326171875,
          450.0
        ],
        [
          0.0,
          0.0,
          1.0
        ]
      ],
      "data_path": "D:\\Agent-AI\\outputs\\samples\\sample_000019\\images\\CAM_BACK_RIGHT.png",
      "raw_layout": "bgra8"
    },
    "LIDAR_TOP": {
      "type_id": "sensor.lidar.ray_cast",
      "blueprint_attributes": {
        "atmosphere_attenuation_rate": "0.004",
        "role_name": "front",
        "noise_seed": "0",
        "upper_fov": "10.0",
        "ros_name": "sensor.lidar.ray_cast",
        "sensor_tick": "0.050000",
        "channels": "32",
        "range": "120.0",
        "points_per_second": "360000",
        "lower_fov": "-30.0",
        "rotation_frequency": "20.000000",
        "horizontal_fov": "360.0",
        "dropoff_general_rate": "0.0",
        "dropoff_intensity_limit": "1.0",
        "noise_stddev": "0.0",
        "dropoff_zero_intensity": "0.0"
      },
      "transform_carla": {
        "location": {
          "x": -56.65302658081055,
          "y": 22.643218994140625,
          "z": 2.1933655738830566
        },
        "rotation": {
          "roll": 1.0348848104476929,
          "pitch": 0.5025994181632996,
          "yaw": -20.83456039428711
        }
      },
      "matrix_world_from_sensor_carla": [
        [
          0.9345753788948059,
          0.3557608127593994,
          -0.0017731529660522938,
          -56.65302658081055
        ],
        [
          -0.35565710067749023,
          0.9344025254249573,
          0.019999569281935692,
          22.643218994140625
        ],
        [
          0.008771901950240135,
          -0.0180604699999094,
          0.9997984170913696,
          2.1933655738830566
        ],
        [
          0.0,
          0.0,
          0.0,
          1.0
        ]
      ],
      "matrix_world_from_sensor_bevfusion": [
        [
          0.9345753788948059,
          -0.3557608127593994,
          -0.0017731529660522938,
          -56.65302658081055
        ],
        [
          0.35565710067749023,
          0.9344025254249573,
          -0.019999569281935692,
          -22.643218994140625
        ],
        [
          0.008771901950240135,
          0.0180604699999094,
          0.9997984170913696,
          2.1933655738830566
        ],
        [
          0.0,
          0.0,
          0.0,
          1.0
        ]
      ],
      "matrix_ego_from_sensor_carla": [
        [
          1.0,
          -1.4902185041520966e-09,
          -6.150749909394904e-10,
          -3.814697265625e-06
        ],
        [
          -2.9344851881774048e-08,
          1.0,
          1.0734522160049664e-09,
          1.0132789611816406e-06
        ],
        [
          3.1605984496252404e-10,
          1.0734522160049664e-09,
          1.0,
          2.200000047683716
        ],
        [
          0.0,
          0.0,
          0.0,
          1.0
        ]
      ],
      "matrix_ego_from_sensor_bevfusion": [
        [
          1.0,
          1.4902185041520966e-09,
          -6.150749909394904e-10,
          -3.814697265625e-06
        ],
        [
          2.9344851881774048e-08,
          1.0,
          -1.0734522160049664e-09,
          -1.0132789611816406e-06
        ],
        [
          3.1605984496252404e-10,
          -1.0734522160049664e-09,
          1.0,
          2.200000047683716
        ],
        [
          0.0,
          0.0,
          0.0,
          1.0
        ]
      ],
      "data_path": "D:\\Agent-AI\\outputs\\samples\\sample_000019\\lidar\\LIDAR_TOP.npy",
      "raw_layout": [
        "x",
        "y",
        "z",
        "intensity"
      ]
    },
    "RADAR_FRONT": {
      "type_id": "sensor.other.radar",
      "blueprint_attributes": {
        "sensor_tick": "0.050000",
        "role_name": "default",
        "noise_seed": "0",
        "ros_name": "sensor.other.radar",
        "horizontal_fov": "35.0",
        "points_per_second": "1500",
        "vertical_fov": "20.0",
        "range": "120.0"
      },
      "transform_carla": {
        "location": {
          "x": -54.78157043457031,
          "y": 21.90590476989746,
          "z": 0.9111713767051697
        },
        "rotation": {
          "roll": 1.0348848104476929,
          "pitch": 0.5025994181632996,
          "yaw": -20.83456039428711
        }
      },
      "matrix_world_from_sensor_carla": [
        [
          0.9345753788948059,
          0.3557608127593994,
          -0.0017731529660522938,
          -54.78157043457031
        ],
        [
          -0.35565710067749023,
          0.9344025254249573,
          0.019999569281935692,
          21.90590476989746
        ],
        [
          0.008771901950240135,
          -0.0180604699999094,
          0.9997984170913696,
          0.9111713767051697
        ],
        [
          0.0,
          0.0,
          0.0,
          1.0
        ]
      ],
      "matrix_world_from_sensor_bevfusion": [
        [
          0.9345753788948059,
          -0.3557608127593994,
          -0.0017731529660522938,
          -54.78157043457031
        ],
        [
          0.35565710067749023,
          0.9344025254249573,
          -0.019999569281935692,
          -21.90590476989746
        ],
        [
          0.008771901950240135,
          0.0180604699999094,
          0.9997984170913696,
          0.9111713767051697
        ],
        [
          0.0,
          0.0,
          0.0,
          1.0
        ]
      ],
      "matrix_ego_from_sensor_carla": [
        [
          1.0,
          -1.4902185041520966e-09,
          -6.150749909394904e-10,
          2.0
        ],
        [
          -2.9344851881774048e-08,
          1.0,
          1.0734522160049664e-09,
          2.980232238769531e-07
        ],
        [
          3.1605984496252404e-10,
          1.0734522160049664e-09,
          1.0,
          0.8999999165534973
        ],
        [
          0.0,
          0.0,
          0.0,
          1.0
        ]
      ],
      "matrix_ego_from_sensor_bevfusion": [
        [
          1.0,
          1.4902185041520966e-09,
          -6.150749909394904e-10,
          2.0
        ],
        [
          2.9344851881774048e-08,
          1.0,
          -1.0734522160049664e-09,
          -2.980232238769531e-07
        ],
        [
          3.1605984496252404e-10,
          -1.0734522160049664e-09,
          1.0,
          0.8999999165534973
        ],
        [
          0.0,
          0.0,
          0.0,
          1.0
        ]
      ],
      "data_path": "D:\\Agent-AI\\outputs\\samples\\sample_000019\\radar\\RADAR_FRONT.npy",
      "raw_layout": [
        "velocity",
        "altitude",
        "azimuth",
        "depth"
      ]
    },
    "RADAR_FRONT_LEFT": {
      "type_id": "sensor.other.radar",
      "blueprint_attributes": {
        "sensor_tick": "0.050000",
        "role_name": "default",
        "noise_seed": "0",
        "ros_name": "sensor.other.radar",
        "horizontal_fov": "35.0",
        "points_per_second": "1500",
        "vertical_fov": "20.0",
        "range": "120.0"
      },
      "transform_carla": {
        "location": {
          "x": -55.375492095947266,
          "y": 21.3295841217041,
          "z": 0.9216466546058655
        },
        "rotation": {
          "roll": 0.3763895630836487,
          "pitch": 1.0871542692184448,
          "yaw": -65.83555603027344
        }
      },
      "matrix_world_from_sensor_carla": [
        [
          0.40928319096565247,
          0.9124056696891785,
          -0.0017731161788105965,
          -55.375492095947266
        ],
        [
          -0.9122101068496704,
          0.40923434495925903,
          0.019999505952000618,
          21.3295841217041
        ],
        [
          0.01897328346967697,
          -0.0065680076368153095,
          0.9997984170913696,
          0.9216466546058655
        ],
        [
          0.0,
          0.0,
          0.0,
          1.0
        ]
      ],
      "matrix_world_from_sensor_bevfusion": [
        [
          0.40928319096565247,
          -0.9124056696891785,
          -0.0017731161788105965,
          -55.375492095947266
        ],
        [
          0.9122101068496704,
          0.40923434495925903,
          -0.019999505952000618,
          -21.3295841217041
        ],
        [
          0.01897328346967697,
          0.0065680076368153095,
          0.9997984170913696,
          0.9216466546058655
        ],
        [
          0.0,
          0.0,
          0.0,
          1.0
        ]
      ],
      "matrix_ego_from_sensor_carla": [
        [
          0.707106351852417,
          0.7071070671081543,
          5.6195602837760816e-08,
          1.6499977111816406
        ],
        [
          -0.7071071863174438,
          0.7071064114570618,
          -4.5492676292724354e-08,
          -0.7499985694885254
        ],
        [
          -7.145969505018002e-08,
          -7.79319808685841e-09,
          1.0,
          0.9000000357627869
        ],
        [
          0.0,
          0.0,
          0.0,
          1.0
        ]
      ],
      "matrix_ego_from_sensor_bevfusion": [
        [
          0.707106351852417,
          -0.7071070671081543,
          5.6195602837760816e-08,
          1.6499977111816406
        ],
        [
          0.7071071863174438,
          0.7071064114570618,
          4.5492676292724354e-08,
          0.7499985694885254
        ],
        [
          -7.145969505018002e-08,
          7.79319808685841e-09,
          1.0,
          0.9000000357627869
        ],
        [
          0.0,
          0.0,
          0.0,
          1.0
        ]
      ],
      "data_path": "D:\\Agent-AI\\outputs\\samples\\sample_000019\\radar\\RADAR_FRONT_LEFT.npy",
      "raw_layout": [
        "velocity",
        "altitude",
        "azimuth",
        "depth"
      ]
    },
    "RADAR_FRONT_RIGHT": {
      "type_id": "sensor.other.radar",
      "blueprint_attributes": {
        "sensor_tick": "0.050000",
        "role_name": "default",
        "noise_seed": "0",
