{
  "schema_version": "stage1.v1",
  "sample_name": "sample_000011",
  "sequence_index": 11,
  "previous_sample_name": "sample_000010",
  "frame_id": 60012,
  "timestamp": 436.11970076709986,
  "platform_timestamp": 16814565.7710345,
  "delta_seconds": 0.10000000149011612,
  "town": "Carla/Maps/Town10HD_Opt",
  "weather": {
    "cloudiness": 20.0,
    "dust_storm": 0.0,
    "fog_density": 2.0,
    "fog_distance": 0.75,
    "fog_falloff": 0.10000000149011612,
    "mie_scattering_scale": 0.029999999329447746,
    "precipitation": 0.0,
    "precipitation_deposits": 0.0,
    "rayleigh_scattering_scale": 0.03310000151395798,
    "scattering_intensity": 1.0,
    "sun_altitude_angle": 45.0,
    "sun_azimuth_angle": 300.0,
    "wetness": 0.0,
    "wind_intensity": 10.0
  },
  "sensor_names": [
    "CAM_FRONT",
    "CAM_FRONT_RIGHT",
    "CAM_FRONT_LEFT",
    "CAM_BACK",
    "CAM_BACK_LEFT",
    "CAM_BACK_RIGHT",
    "LIDAR_TOP",
    "RADAR_FRONT",
    "RADAR_FRONT_LEFT",
    "RADAR_FRONT_RIGHT",
    "RADAR_BACK_LEFT",
    "RADAR_BACK_RIGHT"
  ],
  "camera_order_for_model": [
    "CAM_FRONT",
    "CAM_FRONT_RIGHT",
    "CAM_FRONT_LEFT",
    "CAM_BACK",
    "CAM_BACK_LEFT",
    "CAM_BACK_RIGHT"
  ],
  "radar_order_for_model": [
    "RADAR_FRONT",
    "RADAR_FRONT_LEFT",
    "RADAR_FRONT_RIGHT",
    "RADAR_BACK_LEFT",
    "RADAR_BACK_RIGHT"
  ],
  "coordinate_notes": {
    "carla_world": "left-handed x-forward y-right z-up",
    "bevfusion_lidar": "x-forward y-left z-up",
    "camera_frame_for_model": "OpenCV style x-right y-down z-forward"
  },
  "ego": {
    "actor_id": 28,
    "transform_carla": {
      "location": {
        "x": 106.04524230957031,
        "y": -27.344850540161133,
        "z": -0.006078948732465506
      },
      "rotation": {
        "roll": 0.40970876812934875,
        "pitch": 0.4688856303691864,
        "yaw": -95.61146545410156
      }
    },
    "velocity_carla": [
      -0.9552255272865295,
      -8.123808860778809,
      2.4147033400367945e-05
    ],
    "angular_velocity_carla": [
      1.276296854019165,
      -0.22874000668525696,
      -10.399121284484863
    ],
    "matrix_world_from_ego_carla": [
      [
        -0.0977788046002388,
        0.9951766729354858,
        0.007916618138551712,
        106.04524230957031
      ],
      [
        -0.9951745271682739,
        -0.09783781319856644,
        0.007444869726896286,
        -27.344850540161133
      ],
      [
        0.008183506317436695,
        -0.007150466553866863,
        0.9999409317970276,
        -0.006078948732465506
      ],
      [
        0.0,
        0.0,
        0.0,
        1.0
      ]
    ],
    "matrix_world_from_ego_bevfusion": [
      [
        -0.0977788046002388,
        -0.9951766729354858,
        0.007916618138551712,
        106.04524230957031
      ],
      [
        0.9951745271682739,
        -0.09783781319856644,
        -0.007444869726896286,
        27.344850540161133
      ],
      [
        0.008183506317436695,
        0.007150466553866863,
        0.9999409317970276,
        -0.006078948732465506
      ],
      [
        0.0,
        0.0,
        0.0,
        1.0
      ]
    ]
  },
  "sensors": {
    "CAM_FRONT": {
      "type_id": "sensor.camera.rgb",
      "blueprint_attributes": {
        "role_name": "front",
        "ros_name": "sensor.camera.rgb",
        "chromatic_aberration_offset": "0.0",
        "sensor_tick": "0.100000",
        "fstop": "1.4",
        "image_size_x": "960",
        "image_size_y": "540",
        "fov": "70.00",
        "lens_circle_falloff": "5.0",
        "lens_circle_multiplier": "0.0",
        "exposure_compensation": "0.0",
        "lens_y_size": "0.08",
        "lens_k": "-1.0",
        "exposure_mode": "histogram",
        "lens_kcube": "0.0",
        "lens_x_size": "0.08",
        "exposure_max_bright": "12.0",
        "shutter_speed": "200.0",
        "bloom_intensity": "0.675",
        "iso": "100.0",
        "enable_postprocess_effects": "false",
        "gamma": "2.2",
        "motion_blur_intensity": "0.0",
        "motion_blur_max_distortion": "0.35",
        "lens_flare_intensity": "0.1",
        "motion_blur_min_object_screen_size": "0.1",
        "exposure_min_bright": "10.0",
        "exposure_speed_up": "3.0",
        "exposure_speed_down": "1.0",
        "tint": "0.0",
        "calibration_constant": "16.0",
        "focal_distance": "1000.0",
        "min_fstop": "1.2",
        "blade_count": "5",
        "blur_amount": "0.0",
        "blur_radius": "0.0",
        "slope": "0.88",
        "toe": "0.55",
        "white_clip": "0.04",
        "shoulder": "0.26",
        "black_clip": "0.0",
        "temp": "6500.0",
        "chromatic_aberration_intensity": "0.0"
      },
      "transform_carla": {
        "location": {
          "x": 105.90714263916016,
          "y": -28.87471580505371,
          "z": 1.7065050601959229
        },
        "rotation": {
          "roll": 0.40970876812934875,
          "pitch": 0.4688856303691864,
          "yaw": -95.61146545410156
        }
      },
      "matrix_world_from_sensor_carla": [
        [
          -0.0977788046002388,
          0.9951766729354858,
          0.007916618138551712,
          105.90714263916016
        ],
        [
          -0.9951745271682739,
          -0.09783781319856644,
          0.007444869726896286,
          -28.87471580505371
        ],
        [
          0.008183506317436695,
          -0.007150466553866863,
          0.9999409317970276,
          1.7065050601959229
        ],
        [
          0.0,
          0.0,
          0.0,
          1.0
        ]
      ],
      "matrix_world_from_sensor_bevfusion": [
        [
          0.9951766729354858,
          -0.007916618138551712,
          -0.0977788046002388,
          105.90714263916016
        ],
        [
          0.09783781319856644,
          0.007444869726896286,
          0.9951745271682739,
          28.87471580505371
        ],
        [
          -0.007150466553866863,
          -0.9999409317970276,
          0.008183506317436695,
          1.7065050601959229
        ],
        [
          0.0,
          0.0,
          0.0,
          1.0
        ]
      ],
      "matrix_ego_from_sensor_carla": [
        [
          1.0,
          7.601727025630112e-10,
          -2.854094738324875e-11,
          1.5500011444091797
        ],
        [
          8.167714504736523e-09,
          1.0,
          1.0422163132517426e-11,
          0.0
        ],
        [
          4.5917902813386036e-10,
          5.1554371882645e-10,
          1.0,
          1.7000000476837158
        ],
        [
          0.0,
          0.0,
          0.0,
          1.0
        ]
      ],
      "matrix_ego_from_sensor_bevfusion": [
        [
          7.601727025630112e-10,
          2.854094738324875e-11,
          1.0,
          1.5500011444091797
        ],
        [
          -1.0,
          1.0422163132517426e-11,
          -8.167714504736523e-09,
          0.0
        ],
        [
          5.1554371882645e-10,
          -1.0,
          4.5917902813386036e-10,
          1.7000000476837158
        ],
        [
          0.0,
          0.0,
          0.0,
          1.0
        ]
      ],
      "camera_intrinsics": [
        [
          685.5110473632812,
          0.0,
          480.0
        ],
        [
          0.0,
          685.5110473632812,
          270.0
        ],
        [
          0.0,
          0.0,
          1.0
        ]
      ],
      "data_path": "D:\\Agent-AI\\outputs\\s3a_ml_long_v2\\sample_000011\\images\\CAM_FRONT.png",
      "raw_layout": "bgra8"
    },
    "CAM_FRONT_RIGHT": {
      "type_id": "sensor.camera.rgb",
      "blueprint_attributes": {
        "role_name": "front",
        "ros_name": "sensor.camera.rgb",
        "chromatic_aberration_offset": "0.0",
        "sensor_tick": "0.100000",
        "fstop": "1.4",
        "image_size_x": "960",
        "image_size_y": "540",
        "fov": "70.00",
        "lens_circle_falloff": "5.0",
        "lens_circle_multiplier": "0.0",
        "exposure_compensation": "0.0",
        "lens_y_size": "0.08",
        "lens_k": "-1.0",
        "exposure_mode": "histogram",
        "lens_kcube": "0.0",
        "lens_x_size": "0.08",
        "exposure_max_bright": "12.0",
        "shutter_speed": "200.0",
        "bloom_intensity": "0.675",
        "iso": "100.0",
        "enable_postprocess_effects": "false",
        "gamma": "2.2",
        "motion_blur_intensity": "0.0",
        "motion_blur_max_distortion": "0.35",
        "lens_flare_intensity": "0.1",
        "motion_blur_min_object_screen_size": "0.1",
        "exposure_min_bright": "10.0",
        "exposure_speed_up": "3.0",
        "exposure_speed_down": "1.0",
        "tint": "0.0",
        "calibration_constant": "16.0",
        "focal_distance": "1000.0",
        "min_fstop": "1.2",
        "blade_count": "5",
        "blur_amount": "0.0",
        "blur_radius": "0.0",
        "slope": "0.88",
        "toe": "0.55",
        "white_clip": "0.04",
        "shoulder": "0.26",
        "black_clip": "0.0",
        "temp": "6500.0",
        "chromatic_aberration_intensity": "0.0"
      },
      "transform_carla": {
        "location": {
          "x": 106.47893524169922,
          "y": -28.679731369018555,
          "z": 1.7005265951156616
        },
        "rotation": {
          "roll": 0.6190862059593201,
          "pitch": -0.06665581464767456,
          "yaw": -40.613502502441406
        }
      },
      "matrix_world_from_sensor_carla": [
        [
          0.7591174244880676,
          0.6509056687355042,
          0.00791655108332634,
          106.47893524169922
        ],
        [
          -0.6509527564048767,
          0.7590817809104919,
          0.007444928400218487,
          -28.679731369018555
        ],
        [
          -0.0011633632238954306,
          -0.010804874822497368,
          0.9999409914016724,
          1.7005265951156616
        ],
        [
          0.0,
          0.0,
          0.0,
          1.0
        ]
      ],
      "matrix_world_from_sensor_bevfusion": [
        [
          0.6509056687355042,
          -0.00791655108332634,
          0.7591174244880676,
          106.47893524169922
        ],
        [
          -0.7590817809104919,
          0.007444928400218487,
          0.6509527564048767,
          28.679731369018555
        ],
        [
          -0.010804874822497368,
          -0.9999409914016724,
          -0.0011633632238954306,
          1.7005265951156616
        ],
        [
          0.0,
          0.0,
          0.0,
          1.0
        ]
      ],
      "matrix_ego_from_sensor_carla": [
        [
          0.5735764503479004,
          -0.8191520571708679,
          -5.169482975020401e-08,
          1.2999992370605469
        ],
        [
          0.8191521167755127,
          0.5735764503479004,
          -7.352460329457244e-08,
          0.5499954223632812
        ],
        [
          8.983602128864732e-08,
          5.558773441549647e-10,
          1.0000001192092896,
          1.700000286102295
        ],
        [
          0.0,
          0.0,
          0.0,
          1.0
        ]
      ],
      "matrix_ego_from_sensor_bevfusion": [
        [
          -0.8191520571708679,
          5.169482975020401e-08,
          0.5735764503479004,
          1.2999992370605469
        ],
        [
          -0.5735764503479004,
          -7.352460329457244e-08,
          -0.8191521167755127,
          -0.5499954223632812
        ],
        [
          5.558773441549647e-10,
          -1.0000001192092896,
          8.983602128864732e-08,
          1.700000286102295
        ],
        [
          0.0,
          0.0,
          0.0,
          1.0
        ]
      ],
      "camera_intrinsics": [
        [
          685.5110473632812,
          0.0,
          480.0
        ],
        [
          0.0,
          685.5110473632812,
          270.0
        ],
        [
          0.0,
          0.0,
          1.0
        ]
      ],
      "data_path": "D:\\Agent-AI\\outputs\\s3a_ml_long_v2\\sample_000011\\images\\CAM_FRONT_RIGHT.png",
      "raw_layout": "bgra8"
    },
    "CAM_FRONT_LEFT": {
      "type_id": "sensor.camera.rgb",
      "blueprint_attributes": {
        "role_name": "front",
        "ros_name": "sensor.camera.rgb",
        "chromatic_aberration_offset": "0.0",
        "sensor_tick": "0.100000",
        "fstop": "1.4",
        "image_size_x": "960",
        "image_size_y": "540",
        "fov": "70.00",
        "lens_circle_falloff": "5.0",
        "lens_circle_multiplier": "0.0",
        "exposure_compensation": "0.0",
        "lens_y_size": "0.08",
        "lens_k": "-1.0",
        "exposure_mode": "histogram",
        "lens_kcube": "0.0",
        "lens_x_size": "0.08",
        "exposure_max_bright": "12.0",
        "shutter_speed": "200.0",
        "bloom_intensity": "0.675",
        "iso": "100.0",
        "enable_postprocess_effects": "false",
        "gamma": "2.2",
        "motion_blur_intensity": "0.0",
        "motion_blur_max_distortion": "0.35",
        "lens_flare_intensity": "0.1",
        "motion_blur_min_object_screen_size": "0.1",
        "exposure_min_bright": "10.0",
        "exposure_speed_up": "3.0",
        "exposure_speed_down": "1.0",
        "tint": "0.0",
        "calibration_constant": "16.0",
        "focal_distance": "1000.0",
        "min_fstop": "1.2",
        "blade_count": "5",
        "blur_amount": "0.0",
        "blur_radius": "0.0",
        "slope": "0.88",
        "toe": "0.55",
        "white_clip": "0.04",
        "shoulder": "0.26",
        "black_clip": "0.0",
        "temp": "6500.0",
        "chromatic_aberration_intensity": "0.0"
      },
      "transform_carla": {
        "location": {
          "x": 105.38423919677734,
          "y": -28.572111129760742,
          "z": 1.708391785621643
        },
        "rotation": {
          "roll": -0.14910338819026947,
          "pitch": 0.604546844959259,
          "yaw": -150.61390686035156
        }
      },
      "matrix_world_from_sensor_carla": [
        [
          -0.8712844252586365,
          0.49071452021598816,
          0.007916572503745556,
          105.38423919677734
        ],
        [
          -0.49066492915153503,
          -0.8713164925575256,
          0.007444850169122219,
          -28.572111129760742
        ],
        [
          0.010551136918365955,
          0.002602197229862213,
          0.9999409317970276,
          1.708391785621643
        ],
        [
          0.0,
          0.0,
          0.0,
          1.0
        ]
      ],
      "matrix_world_from_sensor_bevfusion": [
        [
          0.49071452021598816,
          -0.007916572503745556,
          -0.8712844252586365,
          105.38423919677734
        ],
        [
          0.8713164925575256,
          0.007444850169122219,
          0.49066492915153503,
          28.572111129760742
        ],
        [
          0.002602197229862213,
          -0.9999409317970276,
          0.010551136918365955,
          1.708391785621643
        ],
        [
          0.0,
          0.0,
          0.0,
          1.0
        ]
      ],
      "matrix_ego_from_sensor_carla": [
        [
          0.5735767483711243,
          0.819151759147644,
          2.4185846214663798e-08,
          1.3000011444091797
        ],
        [
          -0.8191518187522888,
          0.5735767483711243,
          -4.376173734499389e-08,
          -0.5500030517578125
        ],
        [
          -4.984441659416916e-08,
          5.005657222056925e-09,
          1.0,
          1.6999998092651367
        ],
        [
          0.0,
          0.0,
          0.0,
          1.0
        ]
      ],
      "matrix_ego_from_sensor_bevfusion": [
        [
          0.819151759147644,
          -2.4185846214663798e-08,
          0.5735767483711243,
          1.3000011444091797
        ],
        [
          -0.5735767483711243,
          -4.376173734499389e-08,
          0.8191518187522888,
          0.5500030517578125
        ],
        [
          5.005657222056925e-09,
          -1.0,
          -4.984441659416916e-08,
          1.6999998092651367
        ],
        [
          0.0,
          0.0,
          0.0,
          1.0
        ]
      ],
      "camera_intrinsics": [
        [
          685.5110473632812,
          0.0,
          480.0
        ],
        [
          0.0,
          685.5110473632812,
          270.0
        ],
        [
          0.0,
          0.0,
          1.0
        ]
      ],
      "data_path": "D:\\Agent-AI\\outputs\\s3a_ml_long_v2\\sample_000011\\images\\CAM_FRONT_LEFT.png",
      "raw_layout": "bgra8"
    },
    "CAM_BACK": {
      "type_id": "sensor.camera.rgb",
      "blueprint_attributes": {
        "role_name": "front",
        "ros_name": "sensor.camera.rgb",
        "chromatic_aberration_offset": "0.0",
        "sensor_tick": "0.100000",
        "fstop": "1.4",
        "image_size_x": "960",
        "image_size_y": "540",
        "fov": "70.00",
        "lens_circle_falloff": "5.0",
        "lens_circle_multiplier": "0.0",
        "exposure_compensation": "0.0",
        "lens_y_size": "0.08",
        "lens_k": "-1.0",
        "exposure_mode": "histogram",
        "lens_kcube": "0.0",
        "lens_x_size": "0.08",
        "exposure_max_bright": "12.0",
        "shutter_speed": "200.0",
        "bloom_intensity": "0.675",
        "iso": "100.0",
        "enable_postprocess_effects": "false",
        "gamma": "2.2",
        "motion_blur_intensity": "0.0",
        "motion_blur_max_distortion": "0.35",
        "lens_flare_intensity": "0.1",
        "motion_blur_min_object_screen_size": "0.1",
        "exposure_min_bright": "10.0",
        "exposure_speed_up": "3.0",
        "exposure_speed_down": "1.0",
        "tint": "0.0",
        "calibration_constant": "16.0",
        "focal_distance": "1000.0",
        "min_fstop": "1.2",
        "blade_count": "5",
        "blur_amount": "0.0",
        "blur_radius": "0.0",
        "slope": "0.88",
        "toe": "0.55",
        "white_clip": "0.04",
        "shoulder": "0.26",
        "black_clip": "0.0",
        "temp": "6500.0",
        "chromatic_aberration_intensity": "0.0"
      },
      "transform_carla": {
        "location": {
          "x": 106.21025848388672,
          "y": -25.7896728515625,
          "z": 1.681136131286621
        },
        "rotation": {
          "roll": -0.4097088575363159,
          "pitch": -0.4688856303691864,
          "yaw": 84.38855743408203
        }
      },
      "matrix_world_from_sensor_carla": [
        [
          0.09777836501598358,
          -0.9951767325401306,
          0.007916616275906563,
          106.21025848388672
        ],
        [
          0.9951745867729187,
          0.09783737361431122,
          0.0074448734521865845,
          -25.7896728515625
        ],
        [
          -0.008183506317436695,
          0.007150467950850725,
          0.9999409317970276,
          1.681136131286621
        ],
        [
          0.0,
          0.0,
          0.0,
          1.0
        ]
      ],
      "matrix_world_from_sensor_bevfusion": [
        [
          -0.9951767325401306,
          -0.007916616275906563,
          0.09777836501598358,
          106.21025848388672
        ],
        [
          -0.09783737361431122,
          0.0074448734521865845,
          -0.9951745867729187,
          25.7896728515625
        ],
        [
          0.007150467950850725,
          -0.9999409317970276,
          -0.008183506317436695,
          1.681136131286621
        ],
        [
          0.0,
          0.0,
          0.0,
          1.0
        ]
      ],
      "matrix_ego_from_sensor_carla": [
        [
          -1.0,
          4.4416515265766066e-07,
          -3.753831023800558e-09,
          -1.5500011444091797
        ],
        [
          -4.4613307181862183e-07,
          -1.0,
          -2.31788432891733e-09,
          0.0
        ],
        [
          -3.2531466409579934e-09,
          -2.3782713576281367e-09,
          1.0,
          1.7000000476837158
        ],
        [
          0.0,
          0.0,
          0.0,
          1.0
        ]
      ],
      "matrix_ego_from_sensor_bevfusion": [
        [
          4.4416515265766066e-07,
          3.753831023800558e-09,
          -1.0,
          -1.5500011444091797
        ],
        [
          1.0,
          -2.31788432891733e-09,
          4.4613307181862183e-07,
          0.0
        ],
        [
          -2.3782713576281367e-09,
          -1.0,
          -3.2531466409579934e-09,
          1.7000000476837158
        ],
        [
          0.0,
          0.0,
          0.0,
          1.0
        ]
      ],
      "camera_intrinsics": [
        [
          685.5110473632812,
          0.0,
          480.0
        ],
        [
          0.0,
          685.5110473632812,
          270.0
        ],
        [
          0.0,
          0.0,
          1.0
        ]
      ],
      "data_path": "D:\\Agent-AI\\outputs\\s3a_ml_long_v2\\sample_000011\\images\\CAM_BACK.png",
      "raw_layout": "bgra8"
    },
    "CAM_BACK_LEFT": {
      "type_id": "sensor.camera.rgb",
      "blueprint_attributes": {
        "role_name": "front",
        "ros_name": "sensor.camera.rgb",
        "chromatic_aberration_offset": "0.0",
        "sensor_tick": "0.100000",
        "fstop": "1.4",
        "image_size_x": "960",
        "image_size_y": "540",
        "fov": "70.00",
        "lens_circle_falloff": "5.0",
        "lens_circle_multiplier": "0.0",
        "exposure_compensation": "0.0",
        "lens_y_size": "0.08",
        "lens_k": "-1.0",
        "exposure_mode": "histogram",
        "lens_kcube": "0.0",
        "lens_x_size": "0.08",
        "exposure_max_bright": "12.0",
        "shutter_speed": "200.0",
        "bloom_intensity": "0.675",
        "iso": "100.0",
        "enable_postprocess_effects": "false",
        "gamma": "2.2",
        "motion_blur_intensity": "0.0",
        "motion_blur_max_distortion": "0.35",
        "lens_flare_intensity": "0.1",
        "motion_blur_min_object_screen_size": "0.1",
        "exposure_min_bright": "10.0",
        "exposure_speed_up": "3.0",
        "exposure_speed_down": "1.0",
        "tint": "0.0",
        "calibration_constant": "16.0",
        "focal_distance": "1000.0",
        "min_fstop": "1.2",
        "blade_count": "5",
        "blur_amount": "0.0",
        "blur_radius": "0.0",
        "slope": "0.88",
        "toe": "0.55",
        "white_clip": "0.04",
        "shoulder": "0.26",
        "black_clip": "0.0",
        "temp": "6500.0",
        "chromatic_aberration_intensity": "0.0"
      },
      "transform_carla": {
        "location": {
          "x": 105.63846588134766,
          "y": -25.984655380249023,
          "z": 1.6871148347854614
        },
        "rotation": {
          "roll": -0.6190861463546753,
          "pitch": 0.06665581464767456,
          "yaw": 139.3865203857422
        }
      },
      "matrix_world_from_sensor_carla": [
        [
          -0.7591177821159363,
          -0.6509052515029907,
          0.007916546426713467,
          105.63846588134766
        ],
        [
          0.6509523391723633,
          -0.7590821385383606,
          0.0074449325911700726,
          -25.984655380249023
        ],
        [
          0.0011633632238954306,
          0.010804873891174793,
          0.9999409914016724,
          1.6871148347854614
        ],
        [
          0.0,
          0.0,
          0.0,
          1.0
        ]
      ],
      "matrix_world_from_sensor_bevfusion": [
        [
          -0.6509052515029907,
          -0.007916546426713467,
          -0.7591177821159363,
          105.63846588134766
        ],
        [
          0.7590821385383606,
          0.0074449325911700726,
          -0.6509523391723633,
          25.984655380249023
        ],
        [
          0.010804873891174793,
          -0.9999409914016724,
          0.0011633632238954306,
          1.6871148347854614
        ],
        [
          0.0,
          0.0,
          0.0,
          1.0
        ]
      ],
      "matrix_ego_from_sensor_carla": [
        [
          -0.573576033115387,
          0.8191523551940918,
          -5.542012004866592e-08,
          -1.3000011444091797
        ],
        [
          -0.8191524147987366,
          -0.5735759735107422,
          -7.818121616764984e-08,
          -0.5500030517578125
        ],
        [
          -9.565678737999406e-08,
          -1.4871449627307243e-09,
          1.0000001192092896,
          1.7000000476837158
        ],
        [
          0.0,
          0.0,
          0.0,
          1.0
        ]
      ],
      "matrix_ego_from_sensor_bevfusion": [
        [
          0.8191523551940918,
          5.542012004866592e-08,
          -0.573576033115387,
          -1.3000011444091797
        ],
        [
          0.5735759735107422,
          -7.818121616764984e-08,
          0.8191524147987366,
          0.5500030517578125
        ],
        [
          -1.4871449627307243e-09,
          -1.0000001192092896,
          -9.565678737999406e-08,
          1.7000000476837158
        ],
        [
          0.0,
          0.0,
          0.0,
          1.0
        ]
      ],
      "camera_intrinsics": [
        [
          685.5110473632812,
          0.0,
          480.0
        ],
        [
          0.0,
          685.5110473632812,
          270.0
        ],
        [
          0.0,
          0.0,
          1.0
        ]
      ],
      "data_path": "D:\\Agent-AI\\outputs\\s3a_ml_long_v2\\sample_000011\\images\\CAM_BACK_LEFT.png",
      "raw_layout": "bgra8"
    },
    "CAM_BACK_RIGHT": {
      "type_id": "sensor.camera.rgb",
      "blueprint_attributes": {
        "role_name": "front",
        "ros_name": "sensor.camera.rgb",
        "chromatic_aberration_offset": "0.0",
        "sensor_tick": "0.100000",
        "fstop": "1.4",
        "image_size_x": "960",
        "image_size_y": "540",
        "fov": "70.00",
        "lens_circle_falloff": "5.0",
        "lens_circle_multiplier": "0.0",
        "exposure_compensation": "0.0",
        "lens_y_size": "0.08",
        "lens_k": "-1.0",
        "exposure_mode": "histogram",
        "lens_kcube": "0.0",
        "lens_x_size": "0.08",
        "exposure_max_bright": "12.0",
        "shutter_speed": "200.0",
        "bloom_intensity": "0.675",
        "iso": "100.0",
        "enable_postprocess_effects": "false",
        "gamma": "2.2",
        "motion_blur_intensity": "0.0",
        "motion_blur_max_distortion": "0.35",
        "lens_flare_intensity": "0.1",
        "motion_blur_min_object_screen_size": "0.1",
        "exposure_min_bright": "10.0",
        "exposure_speed_up": "3.0",
        "exposure_speed_down": "1.0",
        "tint": "0.0",
        "calibration_constant": "16.0",
        "focal_distance": "1000.0",
        "min_fstop": "1.2",
        "blade_count": "5",
        "blur_amount": "0.0",
        "blur_radius": "0.0",
        "slope": "0.88",
        "toe": "0.55",
        "white_clip": "0.04",
        "shoulder": "0.26",
        "black_clip": "0.0",
        "temp": "6500.0",
        "chromatic_aberration_intensity": "0.0"
      },
      "transform_carla": {
        "location": {
          "x": 106.73316192626953,
          "y": -26.09227752685547,
          "z": 1.6792494058609009
        },
        "rotation": {
          "roll": 0.14910343289375305,
          "pitch": -0.604546844959259,
          "yaw": 29.38608169555664
        }
      },
      "matrix_world_from_sensor_carla": [
        [
          0.8712844848632812,
          -0.4907143712043762,
          0.007916572503745556,
          106.73316192626953
        ],
        [
          0.4906647801399231,
          0.8713165521621704,
          0.0074448492377996445,
          -26.09227752685547
        ],
        [
          -0.010551136918365955,
          -0.002602197928354144,
          0.9999409317970276,
          1.6792494058609009
        ],
        [
          0.0,
          0.0,
          0.0,
          1.0
        ]
      ],
      "matrix_world_from_sensor_bevfusion": [
        [
          -0.4907143712043762,
          -0.007916572503745556,
          0.8712844848632812,
          106.73316192626953
        ],
        [
          -0.8713165521621704,
          0.0074448492377996445,
          -0.4906647801399231,
          26.09227752685547
        ],
        [
          -0.002602197928354144,
          -0.9999409317970276,
          -0.010551136918365955,
          1.6792494058609009
        ],
        [
          0.0,
          0.0,
          0.0,
          1.0
        ]
      ],
      "matrix_ego_from_sensor_carla": [
        [
          -0.5735766291618347,
          -0.8191518783569336,
          2.5117168789279276e-08,
          -1.3000011444091797
        ],
        [
          0.8191518783569336,
          -0.5735766291618347,
          -4.376173734499389e-08,
          0.5499954223632812
        ],
        [
          4.891309401955368e-08,
          -4.0742933471449305e-09,
          1.0,
          1.7000000476837158
        ],
        [
          0.0,
          0.0,
          0.0,
          1.0
        ]
      ],
      "matrix_ego_from_sensor_bevfusion": [
        [
          -0.8191518783569336,
          -2.5117168789279276e-08,
          -0.5735766291618347,
          -1.3000011444091797
        ],
        [
          0.5735766291618347,
          -4.376173734499389e-08,
          -0.8191518783569336,
          -0.5499954223632812
        ],
        [
          -4.0742933471449305e-09,
          -1.0,
          4.891309401955368e-08,
          1.7000000476837158
        ],
        [
          0.0,
          0.0,
          0.0,
          1.0
        ]
      ],
      "camera_intrinsics": [
        [
          685.5110473632812,
          0.0,
          480.0
        ],
        [
          0.0,
          685.5110473632812,
          270.0
        ],
        [
          0.0,
          0.0,
          1.0
        ]
      ],
      "data_path": "D:\\Agent-AI\\outputs\\s3a_ml_long_v2\\sample_000011\\images\\CAM_BACK_RIGHT.png",
      "raw_layout": "bgra8"
    },
    "LIDAR_TOP": {
      "type_id": "sensor.lidar.ray_cast",
      "blueprint_attributes": {
        "atmosphere_attenuation_rate": "0.004",
        "role_name": "front",
        "noise_seed": "0",
        "upper_fov": "10.0",
        "ros_name": "sensor.lidar.ray_cast",
        "sensor_tick": "0.100000",
        "channels": "32",
        "range": "120.0",
        "points_per_second": "360000",
        "lower_fov": "-30.0",
        "rotation_frequency": "10.000000",
        "horizontal_fov": "360.0",
        "dropoff_general_rate": "0.0",
        "dropoff_intensity_limit": "1.0",
        "noise_stddev": "0.0",
        "dropoff_zero_intensity": "0.0"
      },
      "transform_carla": {
        "location": {
          "x": 106.06265258789062,
          "y": -27.32847023010254,
          "z": 2.193791151046753
        },
        "rotation": {
          "roll": 0.40970876812934875,
          "pitch": 0.4688856303691864,
          "yaw": -95.61146545410156
        }
      },
      "matrix_world_from_sensor_carla": [
        [
          -0.0977788046002388,
          0.9951766729354858,
          0.007916618138551712,
          106.06265258789062
        ],
        [
          -0.9951745271682739,
          -0.09783781319856644,
          0.007444869726896286,
          -27.32847023010254
        ],
        [
          0.008183506317436695,
          -0.007150466553866863,
          0.9999409317970276,
          2.193791151046753
        ],
        [
          0.0,
          0.0,
          0.0,
          1.0
        ]
      ],
      "matrix_world_from_sensor_bevfusion": [
        [
          -0.0977788046002388,
          -0.9951766729354858,
          0.007916618138551712,
          106.06265258789062
        ],
        [
          0.9951745271682739,
          -0.09783781319856644,
          -0.007444869726896286,
          27.32847023010254
        ],
        [
          0.008183506317436695,
          0.007150466553866863,
          0.9999409317970276,
          2.193791151046753
        ],
        [
          0.0,
          0.0,
          0.0,
          1.0
        ]
      ],
      "matrix_ego_from_sensor_carla": [
        [
          1.0,
          7.601727025630112e-10,
          -2.854094738324875e-11,
          -1.9073486328125e-06
        ],
        [
          8.167714504736523e-09,
          1.0,
          1.0422163132517426e-11,
          -7.62939453125e-06
        ],
        [
          4.5917902813386036e-10,
          5.1554371882645e-10,
          1.0,
          2.200000047683716
        ],
        [
          0.0,
          0.0,
          0.0,
          1.0
        ]
      ],
      "matrix_ego_from_sensor_bevfusion": [
        [
          1.0,
          -7.601727025630112e-10,
          -2.854094738324875e-11,
          -1.9073486328125e-06
        ],
        [
          -8.167714504736523e-09,
          1.0,
          -1.0422163132517426e-11,
          7.62939453125e-06
        ],
        [
          4.5917902813386036e-10,
          -5.1554371882645e-10,
          1.0,
          2.200000047683716
        ],
        [
          0.0,
          0.0,
          0.0,
          1.0
        ]
      ],
      "data_path": "D:\\Agent-AI\\outputs\\s3a_ml_long_v2\\sample_000011\\lidar\\LIDAR_TOP.npy",
      "raw_layout": [
        "x",
        "y",
        "z",
        "intensity"
      ]
    },
    "RADAR_FRONT": {
      "type_id": "sensor.other.radar",
      "blueprint_attributes": {
        "sensor_tick": "0.100000",
        "role_name": "default",
        "noise_seed": "0",
        "ros_name": "sensor.other.radar",
        "horizontal_fov": "35.0",
        "points_per_second": "1500",
        "vertical_fov": "20.0",
        "range": "120.0"
      },
      "transform_carla": {
        "location": {
          "x": 105.8568115234375,
          "y": -29.328500747680664,
          "z": 0.9102348685264587
        },
        "rotation": {
          "roll": 0.40970876812934875,
          "pitch": 0.4688856303691864,
          "yaw": -95.61146545410156
        }
      },
      "matrix_world_from_sensor_carla": [
        [
          -0.0977788046002388,
          0.9951766729354858,
          0.007916618138551712,
          105.8568115234375
        ],
        [
          -0.9951745271682739,
          -0.09783781319856644,
          0.007444869726896286,
          -29.328500747680664
        ],
        [
          0.008183506317436695,
          -0.007150466553866863,
          0.9999409317970276,
          0.9102348685264587
        ],
        [
          0.0,
          0.0,
          0.0,
          1.0
        ]
      ],
      "matrix_world_from_sensor_bevfusion": [
        [
          -0.0977788046002388,
          -0.9951766729354858,
          0.007916618138551712,
          105.8568115234375
        ],
        [
          0.9951745271682739,
          -0.09783781319856644,
          -0.007444869726896286,
          29.328500747680664
        ],
        [
          0.008183506317436695,
          0.007150466553866863,
          0.9999409317970276,
          0.9102348685264587
        ],
        [
          0.0,
          0.0,
          0.0,
          1.0
        ]
      ],
      "matrix_ego_from_sensor_carla": [
        [
          1.0,
          7.601727025630112e-10,
          -2.854094738324875e-11,
          2.0
        ],
        [
          8.167714504736523e-09,
          1.0,
          1.0422163132517426e-11,
          0.0
        ],
        [
          4.5917902813386036e-10,
          5.1554371882645e-10,
          1.0,
          0.8999999761581421
        ],
        [
          0.0,
          0.0,
          0.0,
          1.0
        ]
      ],
      "matrix_ego_from_sensor_bevfusion": [
        [
          1.0,
          -7.601727025630112e-10,
          -2.854094738324875e-11,
          2.0
        ],
        [
          -8.167714504736523e-09,
          1.0,
          -1.0422163132517426e-11,
          0.0
        ],
        [
          4.5917902813386036e-10,
          -5.1554371882645e-10,
          1.0,
          0.8999999761581421
        ],
        [
          0.0,
          0.0,
          0.0,
          1.0
        ]
      ],
      "data_path": "D:\\Agent-AI\\outputs\\s3a_ml_long_v2\\sample_000011\\radar\\RADAR_FRONT.npy",
      "raw_layout": [
        "velocity",
        "altitude",
        "azimuth",
        "depth"
      ]
    },
    "RADAR_FRONT_LEFT": {
      "type_id": "sensor.other.radar",
      "blueprint_attributes": {
        "sensor_tick": "0.100000",
        "role_name": "default",
        "noise_seed": "0",
        "ros_name": "sensor.other.radar",
        "horizontal_fov": "35.0",
        "points_per_second": "1500",
        "vertical_fov": "20.0",
        "range": "120.0"
      },
      "transform_carla": {
        "location": {
          "x": 105.14464569091797,
          "y": -28.906810760498047,
          "z": 0.9127334952354431
        },
        "rotation": {
          "roll": -0.04185531288385391,
          "pitch": 0.621253490447998,
          "yaw": -140.61337280273438
        }
      },
      "matrix_world_from_sensor_carla": [
        [
          -0.7728363275527954,
          0.6345560550689697,
          0.007916580885648727,
          105.14464569091797
        ],
        [
          -0.6345127820968628,
          -0.7728765606880188,
          0.007444838061928749,
          -28.906810760498047
        ],
        [
          0.010842706076800823,
          0.0007304699975065887,
          0.9999409914016724,
          0.9127334952354431
        ],
        [
          0.0,
          0.0,
          0.0,
          1.0
        ]
      ],
      "matrix_world_from_sensor_bevfusion": [
        [
          -0.7728363275527954,
          -0.6345560550689697,
          0.007916580885648727,
          105.14464569091797
        ],
        [
          0.6345127820968628,
          -0.7728765606880188,
          -0.007444838061928749,
          28.906810760498047
        ],
        [
          0.010842706076800823,
          -0.0007304699975065887,
          0.9999409914016724,
          0.9127334952354431
        ],
        [
          0.0,
          0.0,
          0.0,
          1.0
        ]
      ],
      "matrix_ego_from_sensor_carla": [
        [
          0.7071067094802856,
          0.70710688829422,
          3.584949226365097e-08,
          1.6500015258789062
        ],
        [
          -0.70710688829422,
          0.7071066498756409,
          -3.4874712895316407e-08,
          -0.7500076293945312
        ],
        [
          -5.028569916021297e-08,
          -5.54210566328095e-10,
          1.0000001192092896,
          0.8999999761581421
        ],
        [
          0.0,
          0.0,
          0.0,
          1.0
        ]
      ],
      "matrix_ego_from_sensor_bevfusion": [
        [
          0.7071067094802856,
          -0.70710688829422,
          3.584949226365097e-08,
          1.6500015258789062
        ],
        [
          0.70710688829422,
          0.7071066498756409,
          3.4874712895316407e-08,
          0.7500076293945312
        ],
        [
          -5.028569916021297e-08,
          5.54210566328095e-10,
          1.0000001192092896,
          0.8999999761581421
        ],
        [
          0.0,
          0.0,
          0.0,
          1.0
        ]
      ],
      "data_path": "D:\\Agent-AI\\outputs\\s3a_ml_long_v2\\sample_000011\\radar\\RADAR_FRONT_LEFT.npy",
      "raw_layout": [
        "velocity",
        "altitude",
        "azimuth",
        "depth"
      ]
    },
    "RADAR_FRONT_RIGHT": {
      "type_id": "sensor.other.radar",
      "blueprint_attributes": {
        "sensor_tick": "0.100000",
        "role_name": "default",
        "noise_seed": "0",
        "ros_name": "sensor.other.radar",
        "horizontal_fov": "35.0",
        "points_per_second": "1500",
