{
  "schema_version": "stage1.v1",
  "sample_name": "sample_000047",
  "sequence_index": 47,
  "previous_sample_name": "sample_000046",
  "frame_id": 60048,
  "timestamp": 439.71970082074404,
  "platform_timestamp": 16814582.5336903,
  "delta_seconds": 0.10000000149011612,
  "town": "Carla/Maps/Town10HD_Opt",
  "weather": {
    "cloudiness": 20.0,
    "dust_storm": 0.0,
    "fog_density": 2.0,
    "fog_distance": 0.75,
    "fog_falloff": 0.10000000149011612,
    "mie_scattering_scale": 0.029999999329447746,
    "precipitation": 0.0,
    "precipitation_deposits": 0.0,
    "rayleigh_scattering_scale": 0.03310000151395798,
    "scattering_intensity": 1.0,
    "sun_altitude_angle": 45.0,
    "sun_azimuth_angle": 300.0,
    "wetness": 0.0,
    "wind_intensity": 10.0
  },
  "sensor_names": [
    "CAM_FRONT",
    "CAM_FRONT_RIGHT",
    "CAM_FRONT_LEFT",
    "CAM_BACK",
    "CAM_BACK_LEFT",
    "CAM_BACK_RIGHT",
    "LIDAR_TOP",
    "RADAR_FRONT",
    "RADAR_FRONT_LEFT",
    "RADAR_FRONT_RIGHT",
    "RADAR_BACK_LEFT",
    "RADAR_BACK_RIGHT"
  ],
  "camera_order_for_model": [
    "CAM_FRONT",
    "CAM_FRONT_RIGHT",
    "CAM_FRONT_LEFT",
    "CAM_BACK",
    "CAM_BACK_LEFT",
    "CAM_BACK_RIGHT"
  ],
  "radar_order_for_model": [
    "RADAR_FRONT",
    "RADAR_FRONT_LEFT",
    "RADAR_FRONT_RIGHT",
    "RADAR_BACK_LEFT",
    "RADAR_BACK_RIGHT"
  ],
  "coordinate_notes": {
    "carla_world": "left-handed x-forward y-right z-up",
    "bevfusion_lidar": "x-forward y-left z-up",
    "camera_frame_for_model": "OpenCV style x-right y-down z-forward"
  },
  "ego": {
    "actor_id": 28,
    "transform_carla": {
      "location": {
        "x": 93.60831451416016,
        "y": -52.798553466796875,
        "z": -0.004622192122042179
      },
      "rotation": {
        "roll": 0.6071945428848267,
        "pitch": 0.0768396258354187,
        "yaw": -134.98812866210938
      }
    },
    "velocity_carla": [
      -5.936626434326172,
      -5.681619644165039,
      -3.1852719985181466e-05
    ],
    "angular_velocity_carla": [
      0.3406749665737152,
      -1.0322140455245972,
      -12.113410949707031
    ],
    "matrix_world_from_ego_carla": [
      [
        -0.70695960521698,
        0.7072035074234009,
        0.008443061262369156,
        93.60831451416016
      ],
      [
        -0.7072526216506958,
        -0.7069306373596191,
        -0.006543454714119434,
        -52.798553466796875
      ],
      [
        0.0013411041582003236,
        -0.01059733610600233,
        0.99994295835495,
        -0.004622192122042179
      ],
      [
        0.0,
        0.0,
        0.0,
        1.0
      ]
    ],
    "matrix_world_from_ego_bevfusion": [
      [
        -0.70695960521698,
        -0.7072035074234009,
        0.008443061262369156,
        93.60831451416016
      ],
      [
        0.7072526216506958,
        -0.7069306373596191,
        0.006543454714119434,
        52.798553466796875
      ],
      [
        0.0013411041582003236,
        0.01059733610600233,
        0.99994295835495,
        -0.004622192122042179
      ],
      [
        0.0,
        0.0,
        0.0,
        1.0
      ]
    ]
  },
  "sensors": {
    "CAM_FRONT": {
      "type_id": "sensor.camera.rgb",
      "blueprint_attributes": {
        "role_name": "front",
        "ros_name": "sensor.camera.rgb",
        "chromatic_aberration_offset": "0.0",
        "sensor_tick": "0.100000",
        "fstop": "1.4",
        "image_size_x": "960",
        "image_size_y": "540",
        "fov": "70.00",
        "lens_circle_falloff": "5.0",
        "lens_circle_multiplier": "0.0",
        "exposure_compensation": "0.0",
        "lens_y_size": "0.08",
        "lens_k": "-1.0",
        "exposure_mode": "histogram",
        "lens_kcube": "0.0",
        "lens_x_size": "0.08",
        "exposure_max_bright": "12.0",
        "shutter_speed": "200.0",
        "bloom_intensity": "0.675",
        "iso": "100.0",
        "enable_postprocess_effects": "false",
        "gamma": "2.2",
        "motion_blur_intensity": "0.0",
        "motion_blur_max_distortion": "0.35",
        "lens_flare_intensity": "0.1",
        "motion_blur_min_object_screen_size": "0.1",
        "exposure_min_bright": "10.0",
        "exposure_speed_up": "3.0",
        "exposure_speed_down": "1.0",
        "tint": "0.0",
        "calibration_constant": "16.0",
        "focal_distance": "1000.0",
        "min_fstop": "1.2",
        "blade_count": "5",
        "blur_amount": "0.0",
        "blur_radius": "0.0",
        "slope": "0.88",
        "toe": "0.55",
        "white_clip": "0.04",
        "shoulder": "0.26",
        "black_clip": "0.0",
        "temp": "6500.0",
        "chromatic_aberration_intensity": "0.0"
      },
      "transform_carla": {
        "location": {
          "x": 92.52688598632812,
          "y": -53.90591812133789,
          "z": 1.697359561920166
        },
        "rotation": {
          "roll": 0.6071945428848267,
          "pitch": 0.0768396258354187,
          "yaw": -134.98812866210938
        }
      },
      "matrix_world_from_sensor_carla": [
        [
          -0.70695960521698,
          0.7072035074234009,
          0.008443061262369156,
          92.52688598632812
        ],
        [
          -0.7072526216506958,
          -0.7069306373596191,
          -0.006543454714119434,
          -53.90591812133789
        ],
        [
          0.0013411041582003236,
          -0.01059733610600233,
          0.99994295835495,
          1.697359561920166
        ],
        [
          0.0,
          0.0,
          0.0,
          1.0
        ]
      ],
      "matrix_world_from_sensor_bevfusion": [
        [
          0.7072035074234009,
          -0.008443061262369156,
          -0.70695960521698,
          92.52688598632812
        ],
        [
          0.7069306373596191,
          -0.006543454714119434,
          0.7072526216506958,
          53.90591812133789
        ],
        [
          -0.01059733610600233,
          -0.99994295835495,
          0.0013411041582003236,
          1.697359561920166
        ],
        [
          0.0,
          0.0,
          0.0,
          1.0
        ]
      ],
      "matrix_ego_from_sensor_carla": [
        [
          1.0,
          -2.1959683849104294e-08,
          -1.3035617030254798e-10,
          1.5499954223632812
        ],
        [
          -3.430839967677457e-08,
          1.0,
          6.108058503428992e-11,
          0.0
        ],
        [
          3.353250455084833e-10,
          6.113370920601824e-11,
          1.0,
          1.7000001668930054
        ],
        [
          0.0,
          0.0,
          0.0,
          1.0
        ]
      ],
      "matrix_ego_from_sensor_bevfusion": [
        [
          -2.1959683849104294e-08,
          1.3035617030254798e-10,
          1.0,
          1.5499954223632812
        ],
        [
          -1.0,
          6.108058503428992e-11,
          3.430839967677457e-08,
          0.0
        ],
        [
          6.113370920601824e-11,
          -1.0,
          3.353250455084833e-10,
          1.7000001668930054
        ],
        [
          0.0,
          0.0,
          0.0,
          1.0
        ]
      ],
      "camera_intrinsics": [
        [
          685.5110473632812,
          0.0,
          480.0
        ],
        [
          0.0,
          685.5110473632812,
          270.0
        ],
        [
          0.0,
          0.0,
          1.0
        ]
      ],
      "data_path": "D:\\Agent-AI\\outputs\\s3a_ml_long_v2\\sample_000047\\images\\CAM_FRONT.png",
      "raw_layout": "bgra8"
    },
    "CAM_FRONT_RIGHT": {
      "type_id": "sensor.camera.rgb",
      "blueprint_attributes": {
        "role_name": "front",
        "ros_name": "sensor.camera.rgb",
        "chromatic_aberration_offset": "0.0",
        "sensor_tick": "0.100000",
        "fstop": "1.4",
        "image_size_x": "960",
        "image_size_y": "540",
        "fov": "70.00",
        "lens_circle_falloff": "5.0",
        "lens_circle_multiplier": "0.0",
        "exposure_compensation": "0.0",
        "lens_y_size": "0.08",
        "lens_k": "-1.0",
        "exposure_mode": "histogram",
        "lens_kcube": "0.0",
        "lens_x_size": "0.08",
        "exposure_max_bright": "12.0",
        "shutter_speed": "200.0",
        "bloom_intensity": "0.675",
        "iso": "100.0",
        "enable_postprocess_effects": "false",
        "gamma": "2.2",
        "motion_blur_intensity": "0.0",
        "motion_blur_max_distortion": "0.35",
        "lens_flare_intensity": "0.1",
        "motion_blur_min_object_screen_size": "0.1",
        "exposure_min_bright": "10.0",
        "exposure_speed_up": "3.0",
        "exposure_speed_down": "1.0",
        "tint": "0.0",
        "calibration_constant": "16.0",
        "focal_distance": "1000.0",
        "min_fstop": "1.2",
        "blade_count": "5",
        "blur_amount": "0.0",
        "blur_radius": "0.0",
        "slope": "0.88",
        "toe": "0.55",
        "white_clip": "0.04",
        "shoulder": "0.26",
        "black_clip": "0.0",
        "temp": "6500.0",
        "chromatic_aberration_intensity": "0.0"
      },
      "transform_carla": {
        "location": {
          "x": 93.09258270263672,
          "y": -54.117919921875,
          "z": 1.6911958456039429
        },
        "rotation": {
          "roll": 0.41122540831565857,
          "pitch": -0.4533059597015381,
          "yaw": -79.99015045166016
        }
      },
      "matrix_world_from_sensor_carla": [
        [
          0.17381206154823303,
          0.9847426414489746,
          0.008443063125014305,
          93.09258270263672
        ],
        [
          -0.984747052192688,
          0.17386895418167114,
          -0.006543447729200125,
          -54.117919921875
        ],
        [
          -0.007911598309874535,
          -0.007176951505243778,
          0.99994295835495,
          1.6911958456039429
        ],
        [
          0.0,
          0.0,
          0.0,
          1.0
        ]
      ],
      "matrix_world_from_sensor_bevfusion": [
        [
          0.9847426414489746,
          -0.008443063125014305,
          0.17381206154823303,
          93.09258270263672
        ],
        [
          -0.17386895418167114,
          -0.006543447729200125,
          0.984747052192688,
          54.117919921875
        ],
        [
          -0.007176951505243778,
          -0.99994295835495,
          -0.007911598309874535,
          1.6911958456039429
        ],
        [
          0.0,
          0.0,
          0.0,
          1.0
        ]
      ],
      "matrix_ego_from_sensor_carla": [
        [
          0.5735762119293213,
          -0.8191521763801575,
          -6.533198870783963e-09,
          1.3000030517578125
        ],
        [
          0.8191521763801575,
          0.5735762119293213,
          -3.6642098244499266e-09,
          0.5500030517578125
        ],
        [
          7.049714589868472e-09,
          -3.190780306638885e-09,
          1.0,
          1.7000001668930054
        ],
        [
          0.0,
          0.0,
          0.0,
          1.0
        ]
      ],
      "matrix_ego_from_sensor_bevfusion": [
        [
          -0.8191521763801575,
          6.533198870783963e-09,
          0.5735762119293213,
          1.3000030517578125
        ],
        [
          -0.5735762119293213,
          -3.6642098244499266e-09,
          -0.8191521763801575,
          -0.5500030517578125
        ],
        [
          -3.190780306638885e-09,
          -1.0,
          7.049714589868472e-09,
          1.7000001668930054
        ],
        [
          0.0,
          0.0,
          0.0,
          1.0
        ]
      ],
      "camera_intrinsics": [
        [
          685.5110473632812,
          0.0,
          480.0
        ],
        [
          0.0,
          685.5110473632812,
          270.0
        ],
        [
          0.0,
          0.0,
          1.0
        ]
      ],
      "data_path": "D:\\Agent-AI\\outputs\\s3a_ml_long_v2\\sample_000047\\images\\CAM_FRONT_RIGHT.png",
      "raw_layout": "bgra8"
    },
    "CAM_FRONT_LEFT": {
      "type_id": "sensor.camera.rgb",
      "blueprint_attributes": {
        "role_name": "front",
        "ros_name": "sensor.camera.rgb",
        "chromatic_aberration_offset": "0.0",
        "sensor_tick": "0.100000",
        "fstop": "1.4",
        "image_size_x": "960",
        "image_size_y": "540",
        "fov": "70.00",
        "lens_circle_falloff": "5.0",
        "lens_circle_multiplier": "0.0",
        "exposure_compensation": "0.0",
        "lens_y_size": "0.08",
        "lens_k": "-1.0",
        "exposure_mode": "histogram",
        "lens_kcube": "0.0",
        "lens_x_size": "0.08",
        "exposure_max_bright": "12.0",
        "shutter_speed": "200.0",
        "bloom_intensity": "0.675",
        "iso": "100.0",
        "enable_postprocess_effects": "false",
        "gamma": "2.2",
        "motion_blur_intensity": "0.0",
        "motion_blur_max_distortion": "0.35",
        "lens_flare_intensity": "0.1",
        "motion_blur_min_object_screen_size": "0.1",
        "exposure_min_bright": "10.0",
        "exposure_speed_up": "3.0",
        "exposure_speed_down": "1.0",
        "tint": "0.0",
        "calibration_constant": "16.0",
        "focal_distance": "1000.0",
        "min_fstop": "1.2",
        "blade_count": "5",
        "blur_amount": "0.0",
        "blur_radius": "0.0",
        "slope": "0.88",
        "toe": "0.55",
        "white_clip": "0.04",
        "shoulder": "0.26",
        "black_clip": "0.0",
        "temp": "6500.0",
        "chromatic_aberration_intensity": "0.0"
      },
      "transform_carla": {
        "location": {
          "x": 92.31466674804688,
          "y": -53.34029006958008,
          "z": 1.702852725982666
        },
        "rotation": {
          "roll": 0.2853362262248993,
          "pitch": 0.541456401348114,
          "yaw": 170.01278686523438
        }
      },
      "matrix_world_from_sensor_carla": [
        [
          -0.9848024845123291,
          -0.17347271740436554,
          0.008443058468401432,
          92.31466674804688
        ],
        [
          0.1734207719564438,
          -0.9848260879516602,
          -0.006543459836393595,
          -53.34029006958008
        ],
        [
          0.009450056590139866,
          -0.004979813937097788,
          0.99994295835495,
          1.702852725982666
        ],
        [
          0.0,
          0.0,
          0.0,
          1.0
        ]
      ],
      "matrix_world_from_sensor_bevfusion": [
        [
          -0.17347271740436554,
          -0.008443058468401432,
          -0.9848024845123291,
          92.31466674804688
        ],
        [
          0.9848260879516602,
          -0.006543459836393595,
          -0.1734207719564438,
          53.34029006958008
        ],
        [
          -0.004979813937097788,
          -0.99994295835495,
          0.009450056590139866,
          1.702852725982666
        ],
        [
          0.0,
          0.0,
          0.0,
          1.0
        ]
      ],
      "matrix_ego_from_sensor_carla": [
        [
          0.573576033115387,
          0.8191523551940918,
          5.341163955563388e-09,
          1.2999858856201172
        ],
        [
          -0.8191523551940918,
          0.5735759139060974,
          1.9237256232429445e-09,
          -0.5499954223632812
        ],
        [
          -7.423255898864056e-10,
          -5.584541717951197e-09,
          1.0,
          1.7000001668930054
        ],
        [
          0.0,
          0.0,
          0.0,
          1.0
        ]
      ],
      "matrix_ego_from_sensor_bevfusion": [
        [
          0.8191523551940918,
          -5.341163955563388e-09,
          0.573576033115387,
          1.2999858856201172
        ],
        [
          -0.5735759139060974,
          1.9237256232429445e-09,
          0.8191523551940918,
          0.5499954223632812
        ],
        [
          -5.584541717951197e-09,
          -1.0,
          -7.423255898864056e-10,
          1.7000001668930054
        ],
        [
          0.0,
          0.0,
          0.0,
          1.0
        ]
      ],
      "camera_intrinsics": [
        [
          685.5110473632812,
          0.0,
          480.0
        ],
        [
          0.0,
          685.5110473632812,
          270.0
        ],
        [
          0.0,
          0.0,
          1.0
        ]
      ],
      "data_path": "D:\\Agent-AI\\outputs\\s3a_ml_long_v2\\sample_000047\\images\\CAM_FRONT_LEFT.png",
      "raw_layout": "bgra8"
    },
    "CAM_BACK": {
      "type_id": "sensor.camera.rgb",
      "blueprint_attributes": {
        "role_name": "front",
        "ros_name": "sensor.camera.rgb",
        "chromatic_aberration_offset": "0.0",
        "sensor_tick": "0.100000",
        "fstop": "1.4",
        "image_size_x": "960",
        "image_size_y": "540",
        "fov": "70.00",
        "lens_circle_falloff": "5.0",
        "lens_circle_multiplier": "0.0",
        "exposure_compensation": "0.0",
        "lens_y_size": "0.08",
        "lens_k": "-1.0",
        "exposure_mode": "histogram",
        "lens_kcube": "0.0",
        "lens_x_size": "0.08",
        "exposure_max_bright": "12.0",
        "shutter_speed": "200.0",
        "bloom_intensity": "0.675",
        "iso": "100.0",
        "enable_postprocess_effects": "false",
        "gamma": "2.2",
        "motion_blur_intensity": "0.0",
        "motion_blur_max_distortion": "0.35",
        "lens_flare_intensity": "0.1",
        "motion_blur_min_object_screen_size": "0.1",
        "exposure_min_bright": "10.0",
        "exposure_speed_up": "3.0",
        "exposure_speed_down": "1.0",
        "tint": "0.0",
        "calibration_constant": "16.0",
        "focal_distance": "1000.0",
        "min_fstop": "1.2",
        "blade_count": "5",
        "blur_amount": "0.0",
        "blur_radius": "0.0",
        "slope": "0.88",
        "toe": "0.55",
        "white_clip": "0.04",
        "shoulder": "0.26",
        "black_clip": "0.0",
        "temp": "6500.0",
        "chromatic_aberration_intensity": "0.0"
      },
      "transform_carla": {
        "location": {
          "x": 94.71845245361328,
          "y": -51.713436126708984,
          "z": 1.693202018737793
        },
        "rotation": {
          "roll": -0.6071944236755371,
          "pitch": -0.0768396258354187,
          "yaw": 45.011878967285156
        }
      },
      "matrix_world_from_sensor_carla": [
        [
          0.7069594860076904,
          -0.7072036266326904,
          0.008443061262369156,
          94.71845245361328
        ],
        [
          0.7072527408599854,
          0.7069305181503296,
          -0.006543452385812998,
          -51.713436126708984
        ],
        [
          -0.0013411041582003236,
          0.010597334243357182,
          0.99994295835495,
          1.693202018737793
        ],
        [
          0.0,
          0.0,
          0.0,
          1.0
        ]
      ],
      "matrix_world_from_sensor_bevfusion": [
        [
          -0.7072036266326904,
          -0.008443061262369156,
          0.7069594860076904,
          94.71845245361328
        ],
        [
          -0.7069305181503296,
          -0.006543452385812998,
          -0.7072527408599854,
          51.713436126708984
        ],
        [
          0.010597334243357182,
          -0.99994295835495,
          -0.0013411041582003236,
          1.693202018737793
        ],
        [
          0.0,
          0.0,
          0.0,
          1.0
        ]
      ],
      "matrix_ego_from_sensor_carla": [
        [
          -1.0,
          1.9567522713259677e-07,
          -1.7601706758796354e-09,
          -1.5500011444091797
        ],
        [
          -1.3937143705788912e-07,
          -1.0,
          -1.8015645641966671e-09,
          -7.62939453125e-06
        ],
        [
          -1.965139606596722e-09,
          -1.9236725545823674e-09,
          1.0,
          1.6999999284744263
        ],
        [
          0.0,
          0.0,
          0.0,
          1.0
        ]
      ],
      "matrix_ego_from_sensor_bevfusion": [
        [
          1.9567522713259677e-07,
          1.7601706758796354e-09,
          -1.0,
          -1.5500011444091797
        ],
        [
          1.0,
          -1.8015645641966671e-09,
          1.3937143705788912e-07,
          7.62939453125e-06
        ],
        [
          -1.9236725545823674e-09,
          -1.0,
          -1.965139606596722e-09,
          1.6999999284744263
        ],
        [
          0.0,
          0.0,
          0.0,
          1.0
        ]
      ],
      "camera_intrinsics": [
        [
          685.5110473632812,
          0.0,
          480.0
        ],
        [
          0.0,
          685.5110473632812,
          270.0
        ],
        [
          0.0,
          0.0,
          1.0
        ]
      ],
      "data_path": "D:\\Agent-AI\\outputs\\s3a_ml_long_v2\\sample_000047\\images\\CAM_BACK.png",
      "raw_layout": "bgra8"
    },
    "CAM_BACK_LEFT": {
      "type_id": "sensor.camera.rgb",
      "blueprint_attributes": {
        "role_name": "front",
        "ros_name": "sensor.camera.rgb",
        "chromatic_aberration_offset": "0.0",
        "sensor_tick": "0.100000",
        "fstop": "1.4",
        "image_size_x": "960",
        "image_size_y": "540",
        "fov": "70.00",
        "lens_circle_falloff": "5.0",
        "lens_circle_multiplier": "0.0",
        "exposure_compensation": "0.0",
        "lens_y_size": "0.08",
        "lens_k": "-1.0",
        "exposure_mode": "histogram",
        "lens_kcube": "0.0",
        "lens_x_size": "0.08",
        "exposure_max_bright": "12.0",
        "shutter_speed": "200.0",
        "bloom_intensity": "0.675",
        "iso": "100.0",
        "enable_postprocess_effects": "false",
        "gamma": "2.2",
        "motion_blur_intensity": "0.0",
        "motion_blur_max_distortion": "0.35",
        "lens_flare_intensity": "0.1",
        "motion_blur_min_object_screen_size": "0.1",
        "exposure_min_bright": "10.0",
        "exposure_speed_up": "3.0",
        "exposure_speed_down": "1.0",
        "tint": "0.0",
        "calibration_constant": "16.0",
        "focal_distance": "1000.0",
        "min_fstop": "1.2",
        "blade_count": "5",
        "blur_amount": "0.0",
        "blur_radius": "0.0",
        "slope": "0.88",
        "toe": "0.55",
        "white_clip": "0.04",
        "shoulder": "0.26",
        "black_clip": "0.0",
        "temp": "6500.0",
        "chromatic_aberration_intensity": "0.0"
      },
      "transform_carla": {
        "location": {
          "x": 94.15274810791016,
          "y": -51.50143814086914,
          "z": 1.6993658542633057
        },
        "rotation": {
          "roll": -0.4112253487110138,
          "pitch": 0.4533059597015381,
          "yaw": 100.00983428955078
        }
      },
      "matrix_world_from_sensor_carla": [
        [
          -0.17381179332733154,
          -0.9847427010536194,
          0.008443059399724007,
          94.15274810791016
        ],
        [
          0.9847471117973328,
          -0.17386868596076965,
          -0.006543450057506561,
          -51.50143814086914
        ],
        [
          0.007911598309874535,
          0.007176950108259916,
          0.99994295835495,
          1.6993658542633057
        ],
        [
          0.0,
          0.0,
          0.0,
          1.0
        ]
      ],
      "matrix_world_from_sensor_bevfusion": [
        [
          -0.9847427010536194,
          -0.008443059399724007,
          -0.17381179332733154,
          94.15274810791016
        ],
        [
          0.17386868596076965,
          -0.006543450057506561,
          -0.9847471117973328,
          51.50143814086914
        ],
        [
          0.007176950108259916,
          -0.99994295835495,
          0.007911598309874535,
          1.6993658542633057
        ],
        [
          0.0,
          0.0,
          0.0,
          1.0
        ]
      ],
      "matrix_ego_from_sensor_carla": [
        [
          -0.5735764503479004,
          0.8191520571708679,
          -1.993001319533505e-09,
          -1.299997329711914
        ],
        [
          -0.8191519975662231,
          -0.5735765099525452,
          -4.595532399065405e-09,
          -0.5500030517578125
        ],
        [
          -5.187069440637515e-09,
          -6.876907376884844e-11,
          1.0,
          1.6999999284744263
        ],
        [
          0.0,
          0.0,
          0.0,
          1.0
        ]
      ],
      "matrix_ego_from_sensor_bevfusion": [
        [
          0.8191520571708679,
          1.993001319533505e-09,
          -0.5735764503479004,
          -1.299997329711914
        ],
        [
          0.5735765099525452,
          -4.595532399065405e-09,
          0.8191519975662231,
          0.5500030517578125
        ],
        [
          -6.876907376884844e-11,
          -1.0,
          -5.187069440637515e-09,
          1.6999999284744263
        ],
        [
          0.0,
          0.0,
          0.0,
          1.0
        ]
      ],
      "camera_intrinsics": [
        [
          685.5110473632812,
          0.0,
          480.0
        ],
        [
          0.0,
          685.5110473632812,
          270.0
        ],
        [
          0.0,
          0.0,
          1.0
        ]
      ],
      "data_path": "D:\\Agent-AI\\outputs\\s3a_ml_long_v2\\sample_000047\\images\\CAM_BACK_LEFT.png",
      "raw_layout": "bgra8"
    },
    "CAM_BACK_RIGHT": {
      "type_id": "sensor.camera.rgb",
      "blueprint_attributes": {
        "role_name": "front",
        "ros_name": "sensor.camera.rgb",
        "chromatic_aberration_offset": "0.0",
        "sensor_tick": "0.100000",
        "fstop": "1.4",
        "image_size_x": "960",
        "image_size_y": "540",
        "fov": "70.00",
        "lens_circle_falloff": "5.0",
        "lens_circle_multiplier": "0.0",
        "exposure_compensation": "0.0",
        "lens_y_size": "0.08",
        "lens_k": "-1.0",
        "exposure_mode": "histogram",
        "lens_kcube": "0.0",
        "lens_x_size": "0.08",
        "exposure_max_bright": "12.0",
        "shutter_speed": "200.0",
        "bloom_intensity": "0.675",
        "iso": "100.0",
        "enable_postprocess_effects": "false",
        "gamma": "2.2",
        "motion_blur_intensity": "0.0",
        "motion_blur_max_distortion": "0.35",
        "lens_flare_intensity": "0.1",
        "motion_blur_min_object_screen_size": "0.1",
        "exposure_min_bright": "10.0",
        "exposure_speed_up": "3.0",
        "exposure_speed_down": "1.0",
        "tint": "0.0",
        "calibration_constant": "16.0",
        "focal_distance": "1000.0",
        "min_fstop": "1.2",
        "blade_count": "5",
        "blur_amount": "0.0",
        "blur_radius": "0.0",
        "slope": "0.88",
        "toe": "0.55",
        "white_clip": "0.04",
        "shoulder": "0.26",
        "black_clip": "0.0",
        "temp": "6500.0",
        "chromatic_aberration_intensity": "0.0"
      },
      "transform_carla": {
        "location": {
          "x": 94.93067932128906,
          "y": -52.27906036376953,
          "z": 1.687708854675293
        },
        "rotation": {
          "roll": -0.2853361666202545,
          "pitch": -0.541456401348114,
          "yaw": -9.987208366394043
        }
      },
      "matrix_world_from_sensor_carla": [
        [
          0.9848024845123291,
          0.17347250878810883,
          0.008443060331046581,
          94.93067932128906
        ],
        [
          -0.17342056334018707,
          0.9848260879516602,
          -0.006543457042425871,
          -52.27906036376953
        ],
        [
          -0.009450056590139866,
          0.004979813005775213,
          0.99994295835495,
          1.687708854675293
        ],
        [
          0.0,
          0.0,
          0.0,
          1.0
        ]
      ],
      "matrix_world_from_sensor_bevfusion": [
        [
          0.17347250878810883,
          -0.008443060331046581,
          0.9848024845123291,
          94.93067932128906
        ],
        [
          -0.9848260879516602,
          -0.006543457042425871,
          0.17342056334018707,
          52.27906036376953
        ],
        [
          0.004979813005775213,
          -0.99994295835495,
          -0.009450056590139866,
          1.687708854675293
        ],
        [
          0.0,
          0.0,
          0.0,
          1.0
        ]
      ],
      "matrix_ego_from_sensor_carla": [
        [
          -0.5735761523246765,
          -0.8191522359848022,
          1.9651196225822787e-09,
          -1.3000011444091797
        ],
        [
          0.8191522359848022,
          -0.573576033115387,
          9.924031596497684e-10,
          0.5499954223632812
        ],
        [
          -1.889969847290729e-10,
          2.7906270627653385e-09,
          1.0,
          1.7000001668930054
        ],
        [
          0.0,
          0.0,
          0.0,
          1.0
        ]
      ],
      "matrix_ego_from_sensor_bevfusion": [
        [
          -0.8191522359848022,
          -1.9651196225822787e-09,
          -0.5735761523246765,
          -1.3000011444091797
        ],
        [
          0.573576033115387,
          9.924031596497684e-10,
          -0.8191522359848022,
          -0.5499954223632812
        ],
        [
          2.7906270627653385e-09,
          -1.0,
          -1.889969847290729e-10,
          1.7000001668930054
        ],
        [
          0.0,
          0.0,
          0.0,
          1.0
        ]
      ],
      "camera_intrinsics": [
        [
          685.5110473632812,
          0.0,
          480.0
        ],
        [
          0.0,
          685.5110473632812,
          270.0
        ],
        [
          0.0,
          0.0,
          1.0
        ]
      ],
      "data_path": "D:\\Agent-AI\\outputs\\s3a_ml_long_v2\\sample_000047\\images\\CAM_BACK_RIGHT.png",
      "raw_layout": "bgra8"
    },
    "LIDAR_TOP": {
      "type_id": "sensor.lidar.ray_cast",
      "blueprint_attributes": {
        "atmosphere_attenuation_rate": "0.004",
        "role_name": "front",
        "noise_seed": "0",
        "upper_fov": "10.0",
        "ros_name": "sensor.lidar.ray_cast",
        "sensor_tick": "0.100000",
        "channels": "32",
        "range": "120.0",
        "points_per_second": "360000",
        "lower_fov": "-30.0",
        "rotation_frequency": "10.000000",
        "horizontal_fov": "360.0",
        "dropoff_general_rate": "0.0",
        "dropoff_intensity_limit": "1.0",
        "noise_stddev": "0.0",
        "dropoff_zero_intensity": "0.0"
      },
      "transform_carla": {
        "location": {
          "x": 93.62689208984375,
          "y": -52.81294631958008,
          "z": 2.1952521800994873
        },
        "rotation": {
          "roll": 0.6071945428848267,
          "pitch": 0.0768396258354187,
          "yaw": -134.98812866210938
        }
      },
      "matrix_world_from_sensor_carla": [
        [
          -0.70695960521698,
          0.7072035074234009,
          0.008443061262369156,
          93.62689208984375
        ],
        [
          -0.7072526216506958,
          -0.7069306373596191,
          -0.006543454714119434,
          -52.81294631958008
        ],
        [
          0.0013411041582003236,
          -0.01059733610600233,
          0.99994295835495,
          2.1952521800994873
        ],
        [
          0.0,
          0.0,
          0.0,
          1.0
        ]
      ],
      "matrix_world_from_sensor_bevfusion": [
        [
          -0.70695960521698,
          -0.7072035074234009,
          0.008443061262369156,
          93.62689208984375
        ],
        [
          0.7072526216506958,
          -0.7069306373596191,
          0.006543454714119434,
          52.81294631958008
        ],
        [
          0.0013411041582003236,
          0.01059733610600233,
          0.99994295835495,
          2.1952521800994873
        ],
        [
          0.0,
          0.0,
          0.0,
          1.0
        ]
      ],
      "matrix_ego_from_sensor_carla": [
        [
          1.0,
          -2.1959683849104294e-08,
          -1.3035617030254798e-10,
          -5.7220458984375e-06
        ],
        [
          -3.430839967677457e-08,
          1.0,
          6.108058503428992e-11,
          -7.62939453125e-06
        ],
        [
          3.353250455084833e-10,
          6.113370920601824e-11,
          1.0,
          2.1999998092651367
        ],
        [
          0.0,
          0.0,
          0.0,
          1.0
        ]
      ],
      "matrix_ego_from_sensor_bevfusion": [
        [
          1.0,
          2.1959683849104294e-08,
          -1.3035617030254798e-10,
          -5.7220458984375e-06
        ],
        [
          3.430839967677457e-08,
          1.0,
          -6.108058503428992e-11,
          7.62939453125e-06
        ],
        [
          3.353250455084833e-10,
          -6.113370920601824e-11,
          1.0,
          2.1999998092651367
        ],
        [
          0.0,
          0.0,
          0.0,
          1.0
        ]
      ],
      "data_path": "D:\\Agent-AI\\outputs\\s3a_ml_long_v2\\sample_000047\\lidar\\LIDAR_TOP.npy",
      "raw_layout": [
        "x",
        "y",
        "z",
        "intensity"
      ]
    },
    "RADAR_FRONT": {
      "type_id": "sensor.other.radar",
      "blueprint_attributes": {
        "sensor_tick": "0.100000",
        "role_name": "default",
        "noise_seed": "0",
        "ros_name": "sensor.other.radar",
        "horizontal_fov": "35.0",
        "points_per_second": "1500",
        "vertical_fov": "20.0",
        "range": "120.0"
      },
      "transform_carla": {
        "location": {
          "x": 92.2020034790039,
          "y": -54.21894836425781,
          "z": 0.8980086445808411
        },
        "rotation": {
          "roll": 0.6071945428848267,
          "pitch": 0.0768396258354187,
          "yaw": -134.98812866210938
        }
      },
      "matrix_world_from_sensor_carla": [
        [
          -0.70695960521698,
          0.7072035074234009,
          0.008443061262369156,
          92.2020034790039
        ],
        [
          -0.7072526216506958,
          -0.7069306373596191,
          -0.006543454714119434,
          -54.21894836425781
        ],
        [
          0.0013411041582003236,
          -0.01059733610600233,
          0.99994295835495,
          0.8980086445808411
        ],
        [
          0.0,
          0.0,
          0.0,
          1.0
        ]
      ],
      "matrix_world_from_sensor_bevfusion": [
        [
          -0.70695960521698,
          -0.7072035074234009,
          0.008443061262369156,
          92.2020034790039
        ],
        [
          0.7072526216506958,
          -0.7069306373596191,
          0.006543454714119434,
          54.21894836425781
        ],
        [
          0.0013411041582003236,
          0.01059733610600233,
          0.99994295835495,
          0.8980086445808411
        ],
        [
          0.0,
          0.0,
          0.0,
          1.0
        ]
      ],
      "matrix_ego_from_sensor_carla": [
        [
          1.0,
          -2.1959683849104294e-08,
          -1.3035617030254798e-10,
          1.999990463256836
        ],
        [
          -3.430839967677457e-08,
          1.0,
          6.108058503428992e-11,
          7.62939453125e-06
        ],
        [
          3.353250455084833e-10,
          6.113370920601824e-11,
          1.0,
          0.8999999761581421
        ],
        [
          0.0,
          0.0,
          0.0,
          1.0
        ]
      ],
      "matrix_ego_from_sensor_bevfusion": [
        [
          1.0,
          2.1959683849104294e-08,
          -1.3035617030254798e-10,
          1.999990463256836
        ],
        [
          3.430839967677457e-08,
          1.0,
          -6.108058503428992e-11,
          -7.62939453125e-06
        ],
        [
          3.353250455084833e-10,
          -6.113370920601824e-11,
          1.0,
          0.8999999761581421
        ],
        [
          0.0,
          0.0,
          0.0,
          1.0
        ]
      ],
      "data_path": "D:\\Agent-AI\\outputs\\s3a_ml_long_v2\\sample_000047\\radar\\RADAR_FRONT.npy",
      "raw_layout": [
        "velocity",
        "altitude",
        "azimuth",
        "depth"
      ]
    },
    "RADAR_FRONT_LEFT": {
      "type_id": "sensor.other.radar",
      "blueprint_attributes": {
        "sensor_tick": "0.100000",
        "role_name": "default",
        "noise_seed": "0",
        "ros_name": "sensor.other.radar",
        "horizontal_fov": "35.0",
        "points_per_second": "1500",
        "vertical_fov": "20.0",
        "range": "120.0"
      },
      "transform_carla": {
        "location": {
          "x": 91.91902923583984,
          "y": -53.44120788574219,
          "z": 0.9054872989654541
        },
        "rotation": {
          "roll": 0.3750251829624176,
          "pitch": 0.4836866557598114,
          "yaw": -179.98695373535156
        }
      },
      "matrix_world_from_sensor_carla": [
        [
          -0.9999643564224243,
          0.00017258092702832073,
          0.00844313483685255,
          91.91902923583984
        ],
        [
          -0.0002278326137457043,
          -0.9999786019325256,
          -0.006543454248458147,
          -53.44120788574219
        ],
        [
          0.008441824465990067,
          -0.006545144133269787,
          0.99994295835495,
          0.9054872989654541
        ],
        [
          0.0,
          0.0,
          0.0,
          1.0
        ]
      ],
      "matrix_world_from_sensor_bevfusion": [
        [
          -0.9999643564224243,
          -0.00017258092702832073,
          0.00844313483685255,
          91.91902923583984
        ],
        [
          0.0002278326137457043,
          -0.9999786019325256,
          0.006543454248458147,
          53.44120788574219
        ],
        [
          0.008441824465990067,
          0.006545144133269787,
          0.99994295835495,
          0.9054872989654541
        ],
        [
          0.0,
          0.0,
          0.0,
          1.0
        ]
      ],
      "matrix_ego_from_sensor_carla": [
        [
          0.70710688829422,
          0.7071067094802856,
          -5.263366631425015e-08,
          1.649993896484375
        ],
        [
          -0.7071067094802856,
          0.70710688829422,
          5.1283823410130935e-08,
          -0.7500076293945312
        ],
        [
          7.353269637633275e-08,
          1.2824199480121479e-09,
          1.0,
          0.8999999761581421
        ],
        [
          0.0,
          0.0,
          0.0,
          1.0
        ]
      ],
      "matrix_ego_from_sensor_bevfusion": [
        [
          0.70710688829422,
          -0.7071067094802856,
          -5.263366631425015e-08,
          1.649993896484375
        ],
        [
          0.7071067094802856,
          0.70710688829422,
          -5.1283823410130935e-08,
          0.7500076293945312
        ],
        [
          7.353269637633275e-08,
          -1.2824199480121479e-09,
          1.0,
          0.8999999761581421
        ],
        [
          0.0,
          0.0,
          0.0,
          1.0
        ]
      ],
      "data_path": "D:\\Agent-AI\\outputs\\s3a_ml_long_v2\\sample_000047\\radar\\RADAR_FRONT_LEFT.npy",
      "raw_layout": [
        "velocity",
        "altitude",
        "azimuth",
        "depth"
      ]
    },
    "RADAR_FRONT_RIGHT": {
      "type_id": "sensor.other.radar",
      "blueprint_attributes": {
        "sensor_tick": "0.100000",
        "role_name": "default",
        "noise_seed": "0",
        "ros_name": "sensor.other.radar",
        "horizontal_fov": "35.0",
        "points_per_second": "1500",
        "vertical_fov": "20.0",
        "range": "120.0"
      },
      "transform_carla": {
