{
  "schema_version": "stage1.v1",
  "sample_name": "sample_000004",
  "sequence_index": 4,
  "previous_sample_name": "sample_000003",
  "frame_id": 2181,
  "timestamp": 33.09063229709864,
  "platform_timestamp": 16781860.9496665,
  "delta_seconds": 0.05000000074505806,
  "town": "Carla/Maps/Town10HD_Opt",
  "weather": {
    "cloudiness": 20.0,
    "dust_storm": 0.0,
    "fog_density": 2.0,
    "fog_distance": 0.75,
    "fog_falloff": 0.10000000149011612,
    "mie_scattering_scale": 0.029999999329447746,
    "precipitation": 0.0,
    "precipitation_deposits": 0.0,
    "rayleigh_scattering_scale": 0.03310000151395798,
    "scattering_intensity": 1.0,
    "sun_altitude_angle": 45.0,
    "sun_azimuth_angle": 300.0,
    "wetness": 0.0,
    "wind_intensity": 10.0
  },
  "sensor_names": [
    "CAM_FRONT",
    "CAM_FRONT_RIGHT",
    "CAM_FRONT_LEFT",
    "CAM_BACK",
    "CAM_BACK_LEFT",
    "CAM_BACK_RIGHT",
    "LIDAR_TOP",
    "RADAR_FRONT",
    "RADAR_FRONT_LEFT",
    "RADAR_FRONT_RIGHT",
    "RADAR_BACK_LEFT",
    "RADAR_BACK_RIGHT"
  ],
  "camera_order_for_model": [
    "CAM_FRONT",
    "CAM_FRONT_RIGHT",
    "CAM_FRONT_LEFT",
    "CAM_BACK",
    "CAM_BACK_LEFT",
    "CAM_BACK_RIGHT"
  ],
  "radar_order_for_model": [
    "RADAR_FRONT",
    "RADAR_FRONT_LEFT",
    "RADAR_FRONT_RIGHT",
    "RADAR_BACK_LEFT",
    "RADAR_BACK_RIGHT"
  ],
  "coordinate_notes": {
    "carla_world": "left-handed x-forward y-right z-up",
    "bevfusion_lidar": "x-forward y-left z-up",
    "camera_frame_for_model": "OpenCV style x-right y-down z-forward"
  },
  "ego": {
    "actor_id": 24,
    "transform_carla": {
      "location": {
        "x": -61.53087615966797,
        "y": 24.04112434387207,
        "z": -0.006413993891328573
      },
      "rotation": {
        "roll": 0.1593548208475113,
        "pitch": 0.5592695474624634,
        "yaw": -7.927253723144531
      }
    },
    "velocity_carla": [
      5.2866129875183105,
      -0.8942509293556213,
      0.0019880770705640316
    ],
    "angular_velocity_carla": [
      0.23260901868343353,
      1.0525939464569092,
      -10.19411849975586
    ],
    "matrix_world_from_ego_carla": [
      [
        0.9903967976570129,
        0.13794201612472534,
        -0.009284047409892082,
        -61.53087615966797
      ],
      [
        -0.13790909945964813,
        0.9904363751411438,
        0.004100866615772247,
        24.04112434387207
      ],
      [
        0.009760940447449684,
        -0.002781130373477936,
        0.9999485015869141,
        -0.006413993891328573
      ],
      [
        0.0,
        0.0,
        0.0,
        1.0
      ]
    ],
    "matrix_world_from_ego_bevfusion": [
      [
        0.9903967976570129,
        -0.13794201612472534,
        -0.009284047409892082,
        -61.53087615966797
      ],
      [
        0.13790909945964813,
        0.9904363751411438,
        -0.004100866615772247,
        -24.04112434387207
      ],
      [
        0.009760940447449684,
        0.002781130373477936,
        0.9999485015869141,
        -0.006413993891328573
      ],
      [
        0.0,
        0.0,
        0.0,
        1.0
      ]
    ]
  },
  "sensors": {
    "CAM_FRONT": {
      "type_id": "sensor.camera.rgb",
      "blueprint_attributes": {
        "role_name": "front",
        "ros_name": "sensor.camera.rgb",
        "chromatic_aberration_offset": "0.0",
        "sensor_tick": "0.050000",
        "fstop": "1.4",
        "image_size_x": "1600",
        "image_size_y": "900",
        "fov": "70.00",
        "lens_circle_falloff": "5.0",
        "lens_circle_multiplier": "0.0",
        "exposure_compensation": "0.0",
        "lens_y_size": "0.08",
        "lens_k": "-1.0",
        "exposure_mode": "histogram",
        "lens_kcube": "0.0",
        "lens_x_size": "0.08",
        "exposure_max_bright": "12.0",
        "shutter_speed": "200.0",
        "bloom_intensity": "0.675",
        "iso": "100.0",
        "enable_postprocess_effects": "false",
        "gamma": "2.2",
        "motion_blur_intensity": "0.0",
        "motion_blur_max_distortion": "0.35",
        "lens_flare_intensity": "0.1",
        "motion_blur_min_object_screen_size": "0.1",
        "exposure_min_bright": "10.0",
        "exposure_speed_up": "3.0",
        "exposure_speed_down": "1.0",
        "tint": "0.0",
        "calibration_constant": "16.0",
        "focal_distance": "1000.0",
        "min_fstop": "1.2",
        "blade_count": "5",
        "blur_amount": "0.0",
        "blur_radius": "0.0",
        "slope": "0.88",
        "toe": "0.55",
        "white_clip": "0.04",
        "shoulder": "0.26",
        "black_clip": "0.0",
        "temp": "6500.0",
        "chromatic_aberration_intensity": "0.0"
      },
      "transform_carla": {
        "location": {
          "x": -60.01154708862305,
          "y": 23.83433723449707,
          "z": 1.708627700805664
        },
        "rotation": {
          "roll": 0.1593548208475113,
          "pitch": 0.5592695474624634,
          "yaw": -7.927253723144531
        }
      },
      "matrix_world_from_sensor_carla": [
        [
          0.9903967976570129,
          0.13794201612472534,
          -0.009284047409892082,
          -60.01154708862305
        ],
        [
          -0.13790909945964813,
          0.9904363751411438,
          0.004100866615772247,
          23.83433723449707
        ],
        [
          0.009760940447449684,
          -0.002781130373477936,
          0.9999485015869141,
          1.708627700805664
        ],
        [
          0.0,
          0.0,
          0.0,
          1.0
        ]
      ],
      "matrix_world_from_sensor_bevfusion": [
        [
          0.13794201612472534,
          0.009284047409892082,
          0.9903967976570129,
          -60.01154708862305
        ],
        [
          -0.9904363751411438,
          0.004100866615772247,
          0.13790909945964813,
          -23.83433723449707
        ],
        [
          -0.002781130373477936,
          -0.9999485015869141,
          0.009760940447449684,
          1.708627700805664
        ],
        [
          0.0,
          0.0,
          0.0,
          1.0
        ]
      ],
      "matrix_ego_from_sensor_carla": [
        [
          1.0,
          -2.31846231102395e-09,
          2.41247022358948e-10,
          1.5499916076660156
        ],
        [
          4.360413363713178e-09,
          1.0,
          3.29669624932194e-11,
          0.0
        ],
        [
          2.41247022358948e-10,
          3.2954972084553447e-11,
          1.0,
          1.6999998092651367
        ],
        [
          0.0,
          0.0,
          0.0,
          1.0
        ]
      ],
      "matrix_ego_from_sensor_bevfusion": [
        [
          -2.31846231102395e-09,
          -2.41247022358948e-10,
          1.0,
          1.5499916076660156
        ],
        [
          -1.0,
          3.29669624932194e-11,
          -4.360413363713178e-09,
          0.0
        ],
        [
          3.2954972084553447e-11,
          -1.0,
          2.41247022358948e-10,
          1.6999998092651367
        ],
        [
          0.0,
          0.0,
          0.0,
          1.0
        ]
      ],
      "camera_intrinsics": [
        [
          1142.5184326171875,
          0.0,
          800.0
        ],
        [
          0.0,
          1142.5184326171875,
          450.0
        ],
        [
          0.0,
          0.0,
          1.0
        ]
      ],
      "data_path": "D:\\Agent-AI\\outputs\\samples\\sample_000004\\images\\CAM_FRONT.png",
      "raw_layout": "bgra8"
    },
    "CAM_FRONT_RIGHT": {
      "type_id": "sensor.camera.rgb",
      "blueprint_attributes": {
        "role_name": "front",
        "ros_name": "sensor.camera.rgb",
        "chromatic_aberration_offset": "0.0",
        "sensor_tick": "0.050000",
        "fstop": "1.4",
        "image_size_x": "1600",
        "image_size_y": "900",
        "fov": "70.00",
        "lens_circle_falloff": "5.0",
        "lens_circle_multiplier": "0.0",
        "exposure_compensation": "0.0",
        "lens_y_size": "0.08",
        "lens_k": "-1.0",
        "exposure_mode": "histogram",
        "lens_kcube": "0.0",
        "lens_x_size": "0.08",
        "exposure_max_bright": "12.0",
        "shutter_speed": "200.0",
        "bloom_intensity": "0.675",
        "iso": "100.0",
        "enable_postprocess_effects": "false",
        "gamma": "2.2",
        "motion_blur_intensity": "0.0",
        "motion_blur_max_distortion": "0.35",
        "lens_flare_intensity": "0.1",
        "motion_blur_min_object_screen_size": "0.1",
        "exposure_min_bright": "10.0",
        "exposure_speed_up": "3.0",
        "exposure_speed_down": "1.0",
        "tint": "0.0",
        "calibration_constant": "16.0",
        "focal_distance": "1000.0",
        "min_fstop": "1.2",
        "blade_count": "5",
        "blur_amount": "0.0",
        "blur_radius": "0.0",
        "slope": "0.88",
        "toe": "0.55",
        "white_clip": "0.04",
        "shoulder": "0.26",
        "black_clip": "0.0",
        "temp": "6500.0",
        "chromatic_aberration_intensity": "0.0"
      },
      "transform_carla": {
        "location": {
          "x": -60.18327331542969,
          "y": 24.41355323791504,
          "z": 1.704658031463623
        },
        "rotation": {
          "roll": 0.5495285391807556,
          "pitch": 0.19024807214736938,
          "yaw": 47.07286071777344
        }
      },
      "matrix_world_from_sensor_carla": [
        [
          0.6810640096664429,
          -0.7321650385856628,
          -0.009284025058150291,
          -60.18327331542969
        ],
        [
          0.7322164177894592,
          0.681059718132019,
          0.0041008880361914635,
          24.41355323791504
        ],
        [
          0.0033204492647200823,
          -0.009590882807970047,
          0.9999485015869141,
          1.704658031463623
        ],
        [
          0.0,
          0.0,
          0.0,
          1.0
        ]
      ],
      "matrix_world_from_sensor_bevfusion": [
        [
          -0.7321650385856628,
          0.009284025058150291,
          0.6810640096664429,
          -60.18327331542969
        ],
        [
          -0.681059718132019,
          0.0041008880361914635,
          -0.7322164177894592,
          -24.41355323791504
        ],
        [
          -0.009590882807970047,
          -0.9999485015869141,
          0.0033204492647200823,
          1.704658031463623
        ],
        [
          0.0,
          0.0,
          0.0,
          1.0
        ]
      ],
      "matrix_ego_from_sensor_carla": [
        [
          0.5735766887664795,
          -0.8191518783569336,
          1.9799021089283997e-08,
          1.2999992370605469
        ],
        [
          0.8191519379615784,
          0.5735767483711243,
          2.424735434658487e-08,
          0.5500001907348633
        ],
        [
          -3.060099018625806e-08,
          1.2456027320695284e-09,
          1.0,
          1.7000000476837158
        ],
        [
          0.0,
          0.0,
          0.0,
          1.0
        ]
      ],
      "matrix_ego_from_sensor_bevfusion": [
        [
          -0.8191518783569336,
          -1.9799021089283997e-08,
          0.5735766887664795,
          1.2999992370605469
        ],
        [
          -0.5735767483711243,
          2.424735434658487e-08,
          -0.8191519379615784,
          -0.5500001907348633
        ],
        [
          1.2456027320695284e-09,
          -1.0,
          -3.060099018625806e-08,
          1.7000000476837158
        ],
        [
          0.0,
          0.0,
          0.0,
          1.0
        ]
      ],
      "camera_intrinsics": [
        [
          1142.5184326171875,
          0.0,
          800.0
        ],
        [
          0.0,
          1142.5184326171875,
          450.0
        ],
        [
          0.0,
          0.0,
          1.0
        ]
      ],
      "data_path": "D:\\Agent-AI\\outputs\\samples\\sample_000004\\images\\CAM_FRONT_RIGHT.png",
      "raw_layout": "bgra8"
    },
    "CAM_FRONT_LEFT": {
      "type_id": "sensor.camera.rgb",
      "blueprint_attributes": {
        "role_name": "front",
        "ros_name": "sensor.camera.rgb",
        "chromatic_aberration_offset": "0.0",
        "sensor_tick": "0.050000",
        "fstop": "1.4",
        "image_size_x": "1600",
        "image_size_y": "900",
        "fov": "70.00",
        "lens_circle_falloff": "5.0",
        "lens_circle_multiplier": "0.0",
        "exposure_compensation": "0.0",
        "lens_y_size": "0.08",
        "lens_k": "-1.0",
        "exposure_mode": "histogram",
        "lens_kcube": "0.0",
        "lens_x_size": "0.08",
        "exposure_max_bright": "12.0",
        "shutter_speed": "200.0",
        "bloom_intensity": "0.675",
        "iso": "100.0",
        "enable_postprocess_effects": "false",
        "gamma": "2.2",
        "motion_blur_intensity": "0.0",
        "motion_blur_max_distortion": "0.35",
        "lens_flare_intensity": "0.1",
        "motion_blur_min_object_screen_size": "0.1",
        "exposure_min_bright": "10.0",
        "exposure_speed_up": "3.0",
        "exposure_speed_down": "1.0",
        "tint": "0.0",
        "calibration_constant": "16.0",
        "focal_distance": "1000.0",
        "min_fstop": "1.2",
        "blade_count": "5",
        "blur_amount": "0.0",
        "blur_radius": "0.0",
        "slope": "0.88",
        "toe": "0.55",
        "white_clip": "0.04",
        "shoulder": "0.26",
        "black_clip": "0.0",
        "temp": "6500.0",
        "chromatic_aberration_intensity": "0.0"
      },
      "transform_carla": {
        "location": {
          "x": -60.33501434326172,
          "y": 23.324073791503906,
          "z": 1.7077172994613647
        },
        "rotation": {
          "roll": -0.3667356073856354,
          "pitch": 0.45131155848503113,
          "yaw": -62.929473876953125
        }
      },
      "matrix_world_from_sensor_carla": [
        [
          0.4550727605819702,
          0.8904058337211609,
          -0.009284035302698612,
          -60.33501434326172
        ],
        [
          -0.8904194235801697,
          0.4551224112510681,
          0.00410084705799818,
          23.324073791503906
        ],
        [
          0.00787679199129343,
          0.006400501821190119,
          0.9999485015869141,
          1.7077172994613647
        ],
        [
          0.0,
          0.0,
          0.0,
          1.0
        ]
      ],
      "matrix_world_from_sensor_bevfusion": [
        [
          0.8904058337211609,
          0.009284035302698612,
          0.4550727605819702,
          -60.33501434326172
        ],
        [
          -0.4551224112510681,
          0.00410084705799818,
          0.8904194235801697,
          -23.324073791503906
        ],
        [
          0.006400501821190119,
          -0.9999485015869141,
          0.00787679199129343,
          1.7077172994613647
        ],
        [
          0.0,
          0.0,
          0.0,
          1.0
        ]
      ],
      "matrix_ego_from_sensor_carla": [
        [
          0.5735764503479004,
          0.8191519975662231,
          1.5142408216206604e-08,
          1.2999954223632812
        ],
        [
          -0.8191521167755127,
          0.5735763907432556,
          -1.7662161511111663e-08,
          -0.5500011444091797
        ],
        [
          -2.1937387018056143e-08,
          -1.3244791929878375e-09,
          1.0,
          1.7000000476837158
        ],
        [
          0.0,
          0.0,
          0.0,
          1.0
        ]
      ],
      "matrix_ego_from_sensor_bevfusion": [
        [
          0.8191519975662231,
          -1.5142408216206604e-08,
          0.5735764503479004,
          1.2999954223632812
        ],
        [
          -0.5735763907432556,
          -1.7662161511111663e-08,
          0.8191521167755127,
          0.5500011444091797
        ],
        [
          -1.3244791929878375e-09,
          -1.0,
          -2.1937387018056143e-08,
          1.7000000476837158
        ],
        [
          0.0,
          0.0,
          0.0,
          1.0
        ]
      ],
      "camera_intrinsics": [
        [
          1142.5184326171875,
          0.0,
          800.0
        ],
        [
          0.0,
          1142.5184326171875,
          450.0
        ],
        [
          0.0,
          0.0,
          1.0
        ]
      ],
      "data_path": "D:\\Agent-AI\\outputs\\samples\\sample_000004\\images\\CAM_FRONT_LEFT.png",
      "raw_layout": "bgra8"
    },
    "CAM_BACK": {
      "type_id": "sensor.camera.rgb",
      "blueprint_attributes": {
        "role_name": "front",
        "ros_name": "sensor.camera.rgb",
        "chromatic_aberration_offset": "0.0",
        "sensor_tick": "0.050000",
        "fstop": "1.4",
        "image_size_x": "1600",
        "image_size_y": "900",
        "fov": "70.00",
        "lens_circle_falloff": "5.0",
        "lens_circle_multiplier": "0.0",
        "exposure_compensation": "0.0",
        "lens_y_size": "0.08",
        "lens_k": "-1.0",
        "exposure_mode": "histogram",
        "lens_kcube": "0.0",
        "lens_x_size": "0.08",
        "exposure_max_bright": "12.0",
        "shutter_speed": "200.0",
        "bloom_intensity": "0.675",
        "iso": "100.0",
        "enable_postprocess_effects": "false",
        "gamma": "2.2",
        "motion_blur_intensity": "0.0",
        "motion_blur_max_distortion": "0.35",
        "lens_flare_intensity": "0.1",
        "motion_blur_min_object_screen_size": "0.1",
        "exposure_min_bright": "10.0",
        "exposure_speed_up": "3.0",
        "exposure_speed_down": "1.0",
        "tint": "0.0",
        "calibration_constant": "16.0",
        "focal_distance": "1000.0",
        "min_fstop": "1.2",
        "blade_count": "5",
        "blur_amount": "0.0",
        "blur_radius": "0.0",
        "slope": "0.88",
        "toe": "0.55",
        "white_clip": "0.04",
        "shoulder": "0.26",
        "black_clip": "0.0",
        "temp": "6500.0",
        "chromatic_aberration_intensity": "0.0"
      },
      "transform_carla": {
        "location": {
          "x": -63.0817756652832,
          "y": 24.26185417175293,
          "z": 1.6783689260482788
        },
        "rotation": {
          "roll": -0.15935498476028442,
          "pitch": -0.5592695474624634,
          "yaw": 172.07275390625
        }
      },
      "matrix_world_from_sensor_carla": [
        [
          -0.9903968572616577,
          -0.13794195652008057,
          -0.009284047409892082,
          -63.0817756652832
        ],
        [
          0.13790903985500336,
          -0.9904364347457886,
          0.0041008684784173965,
          24.26185417175293
        ],
        [
          -0.009760940447449684,
          0.0027811331674456596,
          0.9999485015869141,
          1.6783689260482788
        ],
        [
          0.0,
          0.0,
          0.0,
          1.0
        ]
      ],
      "matrix_world_from_sensor_bevfusion": [
        [
          -0.13794195652008057,
          0.009284047409892082,
          -0.9903968572616577,
          -63.0817756652832
        ],
        [
          0.9904364347457886,
          0.0041008684784173965,
          -0.13790903985500336,
          -24.26185417175293
        ],
        [
          0.0027811331674456596,
          -0.9999485015869141,
          -0.009760940447449684,
          1.6783689260482788
        ],
        [
          0.0,
          0.0,
          0.0,
          1.0
        ]
      ],
      "matrix_ego_from_sensor_carla": [
        [
          -1.0,
          7.017039393986124e-08,
          -6.900755522565305e-10,
          -1.5500106811523438
        ],
        [
          -6.339389813092566e-08,
          -1.0,
          1.8956121117241764e-09,
          -1.9073486328125e-06
        ],
        [
          -2.41247022358948e-10,
          1.8295462922424122e-09,
          1.0,
          1.6999998092651367
        ],
        [
          0.0,
          0.0,
          0.0,
          1.0
        ]
      ],
      "matrix_ego_from_sensor_bevfusion": [
        [
          7.017039393986124e-08,
          6.900755522565305e-10,
          -1.0,
          -1.5500106811523438
        ],
        [
          1.0,
          1.8956121117241764e-09,
          6.339389813092566e-08,
          1.9073486328125e-06
        ],
        [
          1.8295462922424122e-09,
          -1.0,
          -2.41247022358948e-10,
          1.6999998092651367
        ],
        [
          0.0,
          0.0,
          0.0,
          1.0
        ]
      ],
      "camera_intrinsics": [
        [
          1142.5184326171875,
          0.0,
          800.0
        ],
        [
          0.0,
          1142.5184326171875,
          450.0
        ],
        [
          0.0,
          0.0,
          1.0
        ]
      ],
      "data_path": "D:\\Agent-AI\\outputs\\samples\\sample_000004\\images\\CAM_BACK.png",
      "raw_layout": "bgra8"
    },
    "CAM_BACK_LEFT": {
      "type_id": "sensor.camera.rgb",
      "blueprint_attributes": {
        "role_name": "front",
        "ros_name": "sensor.camera.rgb",
        "chromatic_aberration_offset": "0.0",
        "sensor_tick": "0.050000",
        "fstop": "1.4",
        "image_size_x": "1600",
        "image_size_y": "900",
        "fov": "70.00",
        "lens_circle_falloff": "5.0",
        "lens_circle_multiplier": "0.0",
        "exposure_compensation": "0.0",
        "lens_y_size": "0.08",
        "lens_k": "-1.0",
        "exposure_mode": "histogram",
        "lens_kcube": "0.0",
        "lens_x_size": "0.08",
        "exposure_max_bright": "12.0",
        "shutter_speed": "200.0",
        "bloom_intensity": "0.675",
        "iso": "100.0",
        "enable_postprocess_effects": "false",
        "gamma": "2.2",
        "motion_blur_intensity": "0.0",
        "motion_blur_max_distortion": "0.35",
        "lens_flare_intensity": "0.1",
        "motion_blur_min_object_screen_size": "0.1",
        "exposure_min_bright": "10.0",
        "exposure_speed_up": "3.0",
        "exposure_speed_down": "1.0",
        "tint": "0.0",
        "calibration_constant": "16.0",
        "focal_distance": "1000.0",
        "min_fstop": "1.2",
        "blade_count": "5",
        "blur_amount": "0.0",
        "blur_radius": "0.0",
        "slope": "0.88",
        "toe": "0.55",
        "white_clip": "0.04",
        "shoulder": "0.26",
        "black_clip": "0.0",
        "temp": "6500.0",
        "chromatic_aberration_intensity": "0.0"
      },
      "transform_carla": {
        "location": {
          "x": -62.91004180908203,
          "y": 23.68263816833496,
          "z": 1.6823387145996094
        },
        "rotation": {
          "roll": -0.5495284795761108,
          "pitch": -0.19024807214736938,
          "yaw": -132.92710876464844
        }
      },
      "matrix_world_from_sensor_carla": [
        [
          -0.6810635924339294,
          0.7321653962135315,
          -0.00928402692079544,
          -62.91004180908203
        ],
        [
          -0.7322167754173279,
          -0.6810593008995056,
          0.004100882448256016,
          23.68263816833496
        ],
        [
          -0.0033204492647200823,
          0.009590881876647472,
          0.9999485015869141,
          1.6823387145996094
        ],
        [
          0.0,
          0.0,
          0.0,
          1.0
        ]
      ],
      "matrix_world_from_sensor_bevfusion": [
        [
          0.7321653962135315,
          0.00928402692079544,
          -0.6810635924339294,
          -62.91004180908203
        ],
        [
          0.6810593008995056,
          0.004100882448256016,
          0.7322167754173279,
          -23.68263816833496
        ],
        [
          0.009590881876647472,
          -0.9999485015869141,
          -0.0033204492647200823,
          1.6823387145996094
        ],
        [
          0.0,
          0.0,
          0.0,
          1.0
        ]
      ],
      "matrix_ego_from_sensor_carla": [
        [
          -0.5735762715339661,
          0.8191521763801575,
          1.793637594005304e-08,
          -1.3000030517578125
        ],
        [
          -0.8191522359848022,
          -0.5735762715339661,
          1.842658825523813e-08,
          -0.5499992370605469
        ],
        [
          2.478022409491132e-08,
          -3.1081999196658217e-09,
          1.0,
          1.6999998092651367
        ],
        [
          0.0,
          0.0,
          0.0,
          1.0
        ]
      ],
      "matrix_ego_from_sensor_bevfusion": [
        [
          0.8191521763801575,
          -1.793637594005304e-08,
          -0.5735762715339661,
          -1.3000030517578125
        ],
        [
          0.5735762715339661,
          1.842658825523813e-08,
          0.8191522359848022,
          0.5499992370605469
        ],
        [
          -3.1081999196658217e-09,
          -1.0,
          2.478022409491132e-08,
          1.6999998092651367
        ],
        [
          0.0,
          0.0,
          0.0,
          1.0
        ]
      ],
      "camera_intrinsics": [
        [
          1142.5184326171875,
          0.0,
          800.0
        ],
        [
          0.0,
          1142.5184326171875,
          450.0
        ],
        [
          0.0,
          0.0,
          1.0
        ]
      ],
      "data_path": "D:\\Agent-AI\\outputs\\samples\\sample_000004\\images\\CAM_BACK_LEFT.png",
      "raw_layout": "bgra8"
    },
    "CAM_BACK_RIGHT": {
      "type_id": "sensor.camera.rgb",
      "blueprint_attributes": {
        "role_name": "front",
        "ros_name": "sensor.camera.rgb",
        "chromatic_aberration_offset": "0.0",
        "sensor_tick": "0.050000",
        "fstop": "1.4",
        "image_size_x": "1600",
        "image_size_y": "900",
        "fov": "70.00",
        "lens_circle_falloff": "5.0",
        "lens_circle_multiplier": "0.0",
        "exposure_compensation": "0.0",
        "lens_y_size": "0.08",
        "lens_k": "-1.0",
        "exposure_mode": "histogram",
        "lens_kcube": "0.0",
        "lens_x_size": "0.08",
        "exposure_max_bright": "12.0",
        "shutter_speed": "200.0",
        "bloom_intensity": "0.675",
        "iso": "100.0",
        "enable_postprocess_effects": "false",
        "gamma": "2.2",
        "motion_blur_intensity": "0.0",
        "motion_blur_max_distortion": "0.35",
        "lens_flare_intensity": "0.1",
        "motion_blur_min_object_screen_size": "0.1",
        "exposure_min_bright": "10.0",
        "exposure_speed_up": "3.0",
        "exposure_speed_down": "1.0",
        "tint": "0.0",
        "calibration_constant": "16.0",
        "focal_distance": "1000.0",
        "min_fstop": "1.2",
        "blade_count": "5",
        "blur_amount": "0.0",
        "blur_radius": "0.0",
        "slope": "0.88",
        "toe": "0.55",
        "white_clip": "0.04",
        "shoulder": "0.26",
        "black_clip": "0.0",
        "temp": "6500.0",
        "chromatic_aberration_intensity": "0.0"
      },
      "transform_carla": {
        "location": {
          "x": -62.75830841064453,
          "y": 24.772119522094727,
          "z": 1.6792794466018677
        },
        "rotation": {
          "roll": 0.36673566699028015,
          "pitch": -0.45131155848503113,
          "yaw": 117.07050323486328
        }
      },
      "matrix_world_from_sensor_carla": [
        [
          -0.4550725221633911,
          -0.8904060125350952,
          -0.009284035302698612,
          -62.75830841064453
        ],
        [
          0.890419602394104,
          -0.455122172832489,
          0.004100849851965904,
          24.772119522094727
        ],
        [
          -0.00787679199129343,
          -0.006400502752512693,
          0.9999485015869141,
          1.6792794466018677
        ],
        [
          0.0,
          0.0,
          0.0,
          1.0
        ]
      ],
      "matrix_world_from_sensor_bevfusion": [
        [
          -0.8904060125350952,
          0.009284035302698612,
          -0.4550725221633911,
          -62.75830841064453
        ],
        [
          0.455122172832489,
          0.004100849851965904,
          -0.890419602394104,
          -24.772119522094727
        ],
        [
          -0.006400502752512693,
          -0.9999485015869141,
          -0.00787679199129343,
          1.6792794466018677
        ],
        [
          0.0,
          0.0,
          0.0,
          1.0
        ]
      ],
      "matrix_ego_from_sensor_carla": [
        [
          -0.5735762119293213,
          -0.8191522359848022,
          1.4211085641591126e-08,
          -1.3000106811523438
        ],
        [
          0.819152295589447,
          -0.5735761523246765,
          -1.4868193787265227e-08,
          0.5500020980834961
        ],
        [
          2.1006064443440664e-08,
          3.6528335911611975e-09,
          1.0,
          1.6999998092651367
        ],
        [
          0.0,
          0.0,
          0.0,
          1.0
        ]
      ],
      "matrix_ego_from_sensor_bevfusion": [
        [
          -0.8191522359848022,
          -1.4211085641591126e-08,
          -0.5735762119293213,
          -1.3000106811523438
        ],
        [
          0.5735761523246765,
          -1.4868193787265227e-08,
          -0.819152295589447,
          -0.5500020980834961
        ],
        [
          3.6528335911611975e-09,
          -1.0,
          2.1006064443440664e-08,
          1.6999998092651367
        ],
        [
          0.0,
          0.0,
          0.0,
          1.0
        ]
      ],
      "camera_intrinsics": [
        [
          1142.5184326171875,
          0.0,
          800.0
        ],
        [
          0.0,
          1142.5184326171875,
          450.0
        ],
        [
          0.0,
          0.0,
          1.0
        ]
      ],
      "data_path": "D:\\Agent-AI\\outputs\\samples\\sample_000004\\images\\CAM_BACK_RIGHT.png",
      "raw_layout": "bgra8"
    },
    "LIDAR_TOP": {
      "type_id": "sensor.lidar.ray_cast",
      "blueprint_attributes": {
        "atmosphere_attenuation_rate": "0.004",
        "role_name": "front",
        "noise_seed": "0",
        "upper_fov": "10.0",
        "ros_name": "sensor.lidar.ray_cast",
        "sensor_tick": "0.050000",
        "channels": "32",
        "range": "120.0",
        "points_per_second": "360000",
        "lower_fov": "-30.0",
        "rotation_frequency": "20.000000",
        "horizontal_fov": "360.0",
        "dropoff_general_rate": "0.0",
        "dropoff_intensity_limit": "1.0",
        "noise_stddev": "0.0",
        "dropoff_zero_intensity": "0.0"
      },
      "transform_carla": {
        "location": {
          "x": -61.55130386352539,
          "y": 24.050146102905273,
          "z": 2.1934726238250732
        },
        "rotation": {
          "roll": 0.1593548208475113,
          "pitch": 0.5592695474624634,
          "yaw": -7.927253723144531
        }
      },
      "matrix_world_from_sensor_carla": [
        [
          0.9903967976570129,
          0.13794201612472534,
          -0.009284047409892082,
          -61.55130386352539
        ],
        [
          -0.13790909945964813,
          0.9904363751411438,
          0.004100866615772247,
          24.050146102905273
        ],
        [
          0.009760940447449684,
          -0.002781130373477936,
          0.9999485015869141,
          2.1934726238250732
        ],
        [
          0.0,
          0.0,
          0.0,
          1.0
        ]
      ],
      "matrix_world_from_sensor_bevfusion": [
        [
          0.9903967976570129,
          -0.13794201612472534,
          -0.009284047409892082,
          -61.55130386352539
        ],
        [
          0.13790909945964813,
          0.9904363751411438,
          -0.004100866615772247,
          -24.050146102905273
        ],
        [
          0.009760940447449684,
          0.002781130373477936,
          0.9999485015869141,
          2.1934726238250732
        ],
        [
          0.0,
          0.0,
          0.0,
          1.0
        ]
      ],
      "matrix_ego_from_sensor_carla": [
        [
          1.0,
          -2.31846231102395e-09,
          2.41247022358948e-10,
          -7.62939453125e-06
        ],
        [
          4.360413363713178e-09,
          1.0,
          3.29669624932194e-11,
          -9.5367431640625e-07
        ],
        [
          2.41247022358948e-10,
          3.2954972084553447e-11,
          1.0,
          2.1999998092651367
        ],
        [
          0.0,
          0.0,
          0.0,
          1.0
        ]
      ],
      "matrix_ego_from_sensor_bevfusion": [
        [
          1.0,
          2.31846231102395e-09,
          2.41247022358948e-10,
          -7.62939453125e-06
        ],
        [
          -4.360413363713178e-09,
          1.0,
          -3.29669624932194e-11,
          9.5367431640625e-07
        ],
        [
          2.41247022358948e-10,
          -3.2954972084553447e-11,
          1.0,
          2.1999998092651367
        ],
        [
          0.0,
          0.0,
          0.0,
          1.0
        ]
      ],
      "data_path": "D:\\Agent-AI\\outputs\\samples\\sample_000004\\lidar\\LIDAR_TOP.npy",
      "raw_layout": [
        "x",
        "y",
        "z",
        "intensity"
      ]
    },
    "RADAR_FRONT": {
      "type_id": "sensor.other.radar",
      "blueprint_attributes": {
        "sensor_tick": "0.050000",
        "role_name": "default",
        "noise_seed": "0",
        "ros_name": "sensor.other.radar",
        "horizontal_fov": "35.0",
        "points_per_second": "1500",
        "vertical_fov": "20.0",
        "range": "120.0"
      },
      "transform_carla": {
        "location": {
          "x": -59.558441162109375,
          "y": 23.768999099731445,
          "z": 0.9130614995956421
        },
        "rotation": {
          "roll": 0.1593548208475113,
          "pitch": 0.5592695474624634,
          "yaw": -7.927253723144531
        }
      },
      "matrix_world_from_sensor_carla": [
        [
          0.9903967976570129,
          0.13794201612472534,
          -0.009284047409892082,
          -59.558441162109375
        ],
        [
          -0.13790909945964813,
          0.9904363751411438,
          0.004100866615772247,
          23.768999099731445
        ],
        [
          0.009760940447449684,
          -0.002781130373477936,
          0.9999485015869141,
          0.9130614995956421
        ],
        [
          0.0,
          0.0,
          0.0,
          1.0
        ]
      ],
      "matrix_world_from_sensor_bevfusion": [
        [
          0.9903967976570129,
          -0.13794201612472534,
          -0.009284047409892082,
          -59.558441162109375
        ],
        [
          0.13790909945964813,
          0.9904363751411438,
          -0.004100866615772247,
          -23.768999099731445
        ],
        [
          0.009760940447449684,
          0.002781130373477936,
          0.9999485015869141,
          0.9130614995956421
        ],
        [
          0.0,
          0.0,
          0.0,
          1.0
        ]
      ],
      "matrix_ego_from_sensor_carla": [
        [
          1.0,
          -2.31846231102395e-09,
          2.41247022358948e-10,
          1.9999923706054688
        ],
        [
          4.360413363713178e-09,
          1.0,
          3.29669624932194e-11,
          1.9073486328125e-06
        ],
        [
          2.41247022358948e-10,
          3.2954972084553447e-11,
          1.0,
          0.9000000357627869
        ],
        [
          0.0,
          0.0,
          0.0,
          1.0
        ]
      ],
      "matrix_ego_from_sensor_bevfusion": [
        [
          1.0,
          2.31846231102395e-09,
          2.41247022358948e-10,
          1.9999923706054688
        ],
        [
          -4.360413363713178e-09,
          1.0,
          -3.29669624932194e-11,
          -1.9073486328125e-06
        ],
        [
          2.41247022358948e-10,
          -3.2954972084553447e-11,
          1.0,
          0.9000000357627869
        ],
        [
          0.0,
          0.0,
          0.0,
          1.0
        ]
      ],
      "data_path": "D:\\Agent-AI\\outputs\\samples\\sample_000004\\radar\\RADAR_FRONT.npy",
      "raw_layout": [
        "velocity",
        "altitude",
        "azimuth",
        "depth"
      ]
    },
    "RADAR_FRONT_LEFT": {
      "type_id": "sensor.other.radar",
      "blueprint_attributes": {
        "sensor_tick": "0.050000",
        "role_name": "default",
        "noise_seed": "0",
        "ros_name": "sensor.other.radar",
        "horizontal_fov": "35.0",
        "points_per_second": "1500",
        "vertical_fov": "20.0",
        "range": "120.0"
      },
      "transform_carla": {
        "location": {
          "x": -60.0085334777832,
          "y": 23.074438095092773,
          "z": 0.911730945110321
        },
        "rotation": {
          "roll": -0.2827938199043274,
          "pitch": 0.5081387162208557,
          "yaw": -52.92928695678711
        }
      },
      "matrix_world_from_sensor_carla": [
        [
          0.6027764678001404,
          0.7978560328483582,
          -0.009284041821956635,
          -60.0085334777832
        ],
        [
          -0.7978607416152954,
          0.602827787399292,
          0.004100862890481949,
          23.074438095092773
        ],
        [
          0.00886857695877552,
          0.004935469012707472,
          0.9999485015869141,
          0.911730945110321
        ],
        [
          0.0,
          0.0,
          0.0,
          1.0
        ]
      ],
      "matrix_world_from_sensor_bevfusion": [
        [
          0.6027764678001404,
          -0.7978560328483582,
          -0.009284041821956635,
          -60.0085334777832
        ],
        [
          0.7978607416152954,
          0.602827787399292,
          -0.004100862890481949,
          -23.074438095092773
        ],
        [
          0.00886857695877552,
          -0.004935469012707472,
          0.9999485015869141,
          0.911730945110321
        ],
        [
          0.0,
          0.0,
          0.0,
          1.0
        ]
      ],
      "matrix_ego_from_sensor_carla": [
        [
          0.7071067094802856,
          0.7071067690849304,
          5.829182470051819e-09,
          1.6499977111816406
        ],
        [
          -0.7071068286895752,
          0.7071067690849304,
          -2.9938314050070858e-09,
          -0.7499990463256836
        ],
        [
          -5.026191018941972e-09,
          -2.246065555766563e-09,
          1.0,
          0.8999999165534973
        ],
        [
          0.0,
          0.0,
          0.0,
          1.0
        ]
      ],
      "matrix_ego_from_sensor_bevfusion": [
        [
          0.7071067094802856,
          -0.7071067690849304,
          5.829182470051819e-09,
          1.6499977111816406
        ],
        [
          0.7071068286895752,
          0.7071067690849304,
          2.9938314050070858e-09,
          0.7499990463256836
        ],
        [
          -5.026191018941972e-09,
          2.246065555766563e-09,
          1.0,
          0.8999999165534973
        ],
        [
          0.0,
          0.0,
          0.0,
          1.0
        ]
      ],
      "data_path": "D:\\Agent-AI\\outputs\\samples\\sample_000004\\radar\\RADAR_FRONT_LEFT.npy",
      "raw_layout": [
        "velocity",
        "altitude",
        "azimuth",
        "depth"
      ]
    },
    "RADAR_FRONT_RIGHT": {
      "type_id": "sensor.other.radar",
      "blueprint_attributes": {
        "sensor_tick": "0.050000",
        "role_name": "default",
        "noise_seed": "0",
        "ros_name": "sensor.other.radar",
        "horizontal_fov": "35.0",
        "points_per_second": "1500",
        "vertical_fov": "20.0",
        "range": "120.0"
      },
      "transform_carla": {
