{
  "schema_version": "stage1.v1",
  "sample_name": "sample_000062",
  "sequence_index": 62,
  "previous_sample_name": "sample_000061",
  "frame_id": 60063,
  "timestamp": 441.2197008430958,
  "platform_timestamp": 16814589.8205458,
  "delta_seconds": 0.10000000149011612,
  "town": "Carla/Maps/Town10HD_Opt",
  "weather": {
    "cloudiness": 20.0,
    "dust_storm": 0.0,
    "fog_density": 2.0,
    "fog_distance": 0.75,
    "fog_falloff": 0.10000000149011612,
    "mie_scattering_scale": 0.029999999329447746,
    "precipitation": 0.0,
    "precipitation_deposits": 0.0,
    "rayleigh_scattering_scale": 0.03310000151395798,
    "scattering_intensity": 1.0,
    "sun_altitude_angle": 45.0,
    "sun_azimuth_angle": 300.0,
    "wetness": 0.0,
    "wind_intensity": 10.0
  },
  "sensor_names": [
    "CAM_FRONT",
    "CAM_FRONT_RIGHT",
    "CAM_FRONT_LEFT",
    "CAM_BACK",
    "CAM_BACK_LEFT",
    "CAM_BACK_RIGHT",
    "LIDAR_TOP",
    "RADAR_FRONT",
    "RADAR_FRONT_LEFT",
    "RADAR_FRONT_RIGHT",
    "RADAR_BACK_LEFT",
    "RADAR_BACK_RIGHT"
  ],
  "camera_order_for_model": [
    "CAM_FRONT",
    "CAM_FRONT_RIGHT",
    "CAM_FRONT_LEFT",
    "CAM_BACK",
    "CAM_BACK_LEFT",
    "CAM_BACK_RIGHT"
  ],
  "radar_order_for_model": [
    "RADAR_FRONT",
    "RADAR_FRONT_LEFT",
    "RADAR_FRONT_RIGHT",
    "RADAR_BACK_LEFT",
    "RADAR_BACK_RIGHT"
  ],
  "coordinate_notes": {
    "carla_world": "left-handed x-forward y-right z-up",
    "bevfusion_lidar": "x-forward y-left z-up",
    "camera_frame_for_model": "OpenCV style x-right y-down z-forward"
  },
  "ego": {
    "actor_id": 28,
    "transform_carla": {
      "location": {
        "x": 84.02140808105469,
        "y": -59.61467742919922,
        "z": -0.0033560560550540686
      },
      "rotation": {
        "roll": 0.5332920551300049,
        "pitch": -0.26205384731292725,
        "yaw": -151.54714965820312
      }
    },
    "velocity_carla": [
      -6.140713214874268,
      -3.073526620864868,
      -0.0001163482666015625
    ],
    "angular_velocity_carla": [
      1.5294761657714844,
      -0.3494498133659363,
      -12.51564884185791
    ],
    "matrix_world_from_ego_carla": [
      [
        -0.879200279712677,
        0.4764522612094879,
        0.0004134015180170536,
        84.02140808105469
      ],
      [
        -0.4764305055141449,
        -0.8791511058807373,
        -0.010362273082137108,
        -59.61467742919922
      ],
      [
        -0.0045736865140497684,
        -0.009307471103966236,
        0.9999462366104126,
        -0.0033560560550540686
      ],
      [
        0.0,
        0.0,
        0.0,
        1.0
      ]
    ],
    "matrix_world_from_ego_bevfusion": [
      [
        -0.879200279712677,
        -0.4764522612094879,
        0.0004134015180170536,
        84.02140808105469
      ],
      [
        0.4764305055141449,
        -0.8791511058807373,
        0.010362273082137108,
        59.61467742919922
      ],
      [
        -0.0045736865140497684,
        0.009307471103966236,
        0.9999462366104126,
        -0.0033560560550540686
      ],
      [
        0.0,
        0.0,
        0.0,
        1.0
      ]
    ]
  },
  "sensors": {
    "CAM_FRONT": {
      "type_id": "sensor.camera.rgb",
      "blueprint_attributes": {
        "role_name": "front",
        "ros_name": "sensor.camera.rgb",
        "chromatic_aberration_offset": "0.0",
        "sensor_tick": "0.100000",
        "fstop": "1.4",
        "image_size_x": "960",
        "image_size_y": "540",
        "fov": "70.00",
        "lens_circle_falloff": "5.0",
        "lens_circle_multiplier": "0.0",
        "exposure_compensation": "0.0",
        "lens_y_size": "0.08",
        "lens_k": "-1.0",
        "exposure_mode": "histogram",
        "lens_kcube": "0.0",
        "lens_x_size": "0.08",
        "exposure_max_bright": "12.0",
        "shutter_speed": "200.0",
        "bloom_intensity": "0.675",
        "iso": "100.0",
        "enable_postprocess_effects": "false",
        "gamma": "2.2",
        "motion_blur_intensity": "0.0",
        "motion_blur_max_distortion": "0.35",
        "lens_flare_intensity": "0.1",
        "motion_blur_min_object_screen_size": "0.1",
        "exposure_min_bright": "10.0",
        "exposure_speed_up": "3.0",
        "exposure_speed_down": "1.0",
        "tint": "0.0",
        "calibration_constant": "16.0",
        "focal_distance": "1000.0",
        "min_fstop": "1.2",
        "blade_count": "5",
        "blur_amount": "0.0",
        "blur_radius": "0.0",
        "slope": "0.88",
        "toe": "0.55",
        "white_clip": "0.04",
        "shoulder": "0.26",
        "black_clip": "0.0",
        "temp": "6500.0",
        "chromatic_aberration_intensity": "0.0"
      },
      "transform_carla": {
        "location": {
          "x": 82.65934753417969,
          "y": -60.37076187133789,
          "z": 1.6894632577896118
        },
        "rotation": {
          "roll": 0.5332920551300049,
          "pitch": -0.26205384731292725,
          "yaw": -151.54714965820312
        }
      },
      "matrix_world_from_sensor_carla": [
        [
          -0.879200279712677,
          0.4764522612094879,
          0.0004134015180170536,
          82.65934753417969
        ],
        [
          -0.4764305055141449,
          -0.8791511058807373,
          -0.010362273082137108,
          -60.37076187133789
        ],
        [
          -0.0045736865140497684,
          -0.009307471103966236,
          0.9999462366104126,
          1.6894632577896118
        ],
        [
          0.0,
          0.0,
          0.0,
          1.0
        ]
      ],
      "matrix_world_from_sensor_bevfusion": [
        [
          0.4764522612094879,
          -0.0004134015180170536,
          -0.879200279712677,
          82.65934753417969
        ],
        [
          0.8791511058807373,
          -0.010362273082137108,
          0.4764305055141449,
          60.37076187133789
        ],
        [
          -0.009307471103966236,
          -0.9999462366104126,
          -0.0045736865140497684,
          1.6894632577896118
        ],
        [
          0.0,
          0.0,
          0.0,
          1.0
        ]
      ],
      "matrix_ego_from_sensor_carla": [
        [
          1.0,
          -2.0487910035171808e-08,
          2.7680135961105634e-11,
          1.5499992370605469
        ],
        [
          -2.6282439336000607e-08,
          1.0,
          -6.504001781593161e-10,
          0.0
        ],
        [
          2.773020701951623e-11,
          2.8097246751457305e-10,
          1.0,
          1.7000000476837158
        ],
        [
          0.0,
          0.0,
          0.0,
          1.0
        ]
      ],
      "matrix_ego_from_sensor_bevfusion": [
        [
          -2.0487910035171808e-08,
          -2.7680135961105634e-11,
          1.0,
          1.5499992370605469
        ],
        [
          -1.0,
          -6.504001781593161e-10,
          2.6282439336000607e-08,
          0.0
        ],
        [
          2.8097246751457305e-10,
          -1.0,
          2.773020701951623e-11,
          1.7000000476837158
        ],
        [
          0.0,
          0.0,
          0.0,
          1.0
        ]
      ],
      "camera_intrinsics": [
        [
          685.5110473632812,
          0.0,
          480.0
        ],
        [
          0.0,
          685.5110473632812,
          270.0
        ],
        [
          0.0,
          0.0,
          1.0
        ]
      ],
      "data_path": "D:\\Agent-AI\\outputs\\s3a_ml_long_v2\\sample_000062\\images\\CAM_FRONT.png",
      "raw_layout": "bgra8"
    },
    "CAM_FRONT_RIGHT": {
      "type_id": "sensor.camera.rgb",
      "blueprint_attributes": {
        "role_name": "front",
        "ros_name": "sensor.camera.rgb",
        "chromatic_aberration_offset": "0.0",
        "sensor_tick": "0.100000",
        "fstop": "1.4",
        "image_size_x": "960",
        "image_size_y": "540",
        "fov": "70.00",
        "lens_circle_falloff": "5.0",
        "lens_circle_multiplier": "0.0",
        "exposure_compensation": "0.0",
        "lens_y_size": "0.08",
        "lens_k": "-1.0",
        "exposure_mode": "histogram",
        "lens_kcube": "0.0",
        "lens_x_size": "0.08",
        "exposure_max_bright": "12.0",
        "shutter_speed": "200.0",
        "bloom_intensity": "0.675",
        "iso": "100.0",
        "enable_postprocess_effects": "false",
        "gamma": "2.2",
        "motion_blur_intensity": "0.0",
        "motion_blur_max_distortion": "0.35",
        "lens_flare_intensity": "0.1",
        "motion_blur_min_object_screen_size": "0.1",
        "exposure_min_bright": "10.0",
        "exposure_speed_up": "3.0",
        "exposure_speed_down": "1.0",
        "tint": "0.0",
        "calibration_constant": "16.0",
        "focal_distance": "1000.0",
        "min_fstop": "1.2",
        "blade_count": "5",
        "blur_amount": "0.0",
        "blur_radius": "0.0",
        "slope": "0.88",
        "toe": "0.55",
        "white_clip": "0.04",
        "shoulder": "0.26",
        "black_clip": "0.0",
        "temp": "6500.0",
        "chromatic_aberration_intensity": "0.0"
      },
      "transform_carla": {
        "location": {
          "x": 83.14119720458984,
          "y": -60.73518371582031,
          "z": 1.6854876279830933
        },
        "rotation": {
          "roll": 0.09121944010257721,
          "pitch": -0.5871503353118896,
          "yaw": -96.54638671875
        }
      },
      "matrix_world_from_sensor_carla": [
        [
          -0.11400152742862701,
          0.9934805035591125,
          0.00041340477764606476,
          83.14119720458984
        ],
        [
          -0.9934277534484863,
          -0.11399117112159729,
          -0.010362207889556885,
          -60.73518371582031
        ],
        [
          -0.010247526690363884,
          -0.0015919952420517802,
          0.9999462366104126,
          1.6854876279830933
        ],
        [
          0.0,
          0.0,
          0.0,
          1.0
        ]
      ],
      "matrix_world_from_sensor_bevfusion": [
        [
          0.9934805035591125,
          -0.00041340477764606476,
          -0.11400152742862701,
          83.14119720458984
        ],
        [
          0.11399117112159729,
          -0.010362207889556885,
          0.9934277534484863,
          60.73518371582031
        ],
        [
          -0.0015919952420517802,
          -0.9999462366104126,
          -0.010247526690363884,
          1.6854876279830933
        ],
        [
          0.0,
          0.0,
          0.0,
          1.0
        ]
      ],
      "matrix_ego_from_sensor_carla": [
        [
          0.5735762119293213,
          -0.8191521167755127,
          -3.396559478119343e-08,
          1.3000030517578125
        ],
        [
          0.8191521167755127,
          0.5735763311386108,
          -5.65297533228204e-08,
          0.5499954223632812
        ],
        [
          6.665403162742223e-08,
          4.565996469807487e-09,
          1.0,
          1.7000000476837158
        ],
        [
          0.0,
          0.0,
          0.0,
          1.0
        ]
      ],
      "matrix_ego_from_sensor_bevfusion": [
        [
          -0.8191521167755127,
          3.396559478119343e-08,
          0.5735762119293213,
          1.3000030517578125
        ],
        [
          -0.5735763311386108,
          -5.65297533228204e-08,
          -0.8191521167755127,
          -0.5499954223632812
        ],
        [
          4.565996469807487e-09,
          -1.0,
          6.665403162742223e-08,
          1.7000000476837158
        ],
        [
          0.0,
          0.0,
          0.0,
          1.0
        ]
      ],
      "camera_intrinsics": [
        [
          685.5110473632812,
          0.0,
          480.0
        ],
        [
          0.0,
          685.5110473632812,
          270.0
        ],
        [
          0.0,
          0.0,
          1.0
        ]
      ],
      "data_path": "D:\\Agent-AI\\outputs\\s3a_ml_long_v2\\sample_000062\\images\\CAM_FRONT_RIGHT.png",
      "raw_layout": "bgra8"
    },
    "CAM_FRONT_LEFT": {
      "type_id": "sensor.camera.rgb",
      "blueprint_attributes": {
        "role_name": "front",
        "ros_name": "sensor.camera.rgb",
        "chromatic_aberration_offset": "0.0",
        "sensor_tick": "0.100000",
        "fstop": "1.4",
        "image_size_x": "960",
        "image_size_y": "540",
        "fov": "70.00",
        "lens_circle_falloff": "5.0",
        "lens_circle_multiplier": "0.0",
        "exposure_compensation": "0.0",
        "lens_y_size": "0.08",
        "lens_k": "-1.0",
        "exposure_mode": "histogram",
        "lens_kcube": "0.0",
        "lens_x_size": "0.08",
        "exposure_max_bright": "12.0",
        "shutter_speed": "200.0",
        "bloom_intensity": "0.675",
        "iso": "100.0",
        "enable_postprocess_effects": "false",
        "gamma": "2.2",
        "motion_blur_intensity": "0.0",
        "motion_blur_max_distortion": "0.35",
        "lens_flare_intensity": "0.1",
        "motion_blur_min_object_screen_size": "0.1",
        "exposure_min_bright": "10.0",
        "exposure_speed_up": "3.0",
        "exposure_speed_down": "1.0",
        "tint": "0.0",
        "calibration_constant": "16.0",
        "focal_distance": "1000.0",
        "min_fstop": "1.2",
        "blade_count": "5",
        "blur_amount": "0.0",
        "blur_radius": "0.0",
        "slope": "0.88",
        "toe": "0.55",
        "white_clip": "0.04",
        "shoulder": "0.26",
        "black_clip": "0.0",
        "temp": "6500.0",
        "chromatic_aberration_intensity": "0.0"
      },
      "transform_carla": {
        "location": {
          "x": 82.61709594726562,
          "y": -59.76811981201172,
          "z": 1.6957257986068726
        },
        "rotation": {
          "roll": 0.520551323890686,
          "pitch": 0.2865332365036011,
          "yaw": 153.45538330078125
        }
      },
      "matrix_world_from_sensor_carla": [
        [
          -0.8945753574371338,
          -0.4469168782234192,
          0.00041344622150063515,
          82.61709594726562
        ],
        [
          0.44688907265663147,
          -0.8945293426513672,
          -0.010362302884459496,
          -59.76811981201172
        ],
        [
          0.005000927485525608,
          -0.009085096418857574,
          0.9999462366104126,
          1.6957257986068726
        ],
        [
          0.0,
          0.0,
          0.0,
          1.0
        ]
      ],
      "matrix_world_from_sensor_bevfusion": [
        [
          -0.4469168782234192,
          -0.00041344622150063515,
          -0.8945753574371338,
          82.61709594726562
        ],
        [
          0.8945293426513672,
          -0.010362302884459496,
          -0.44688907265663147,
          59.76811981201172
        ],
        [
          -0.009085096418857574,
          -0.9999462366104126,
          0.005000927485525608,
          1.6957257986068726
        ],
        [
          0.0,
          0.0,
          0.0,
          1.0
        ]
      ],
      "matrix_ego_from_sensor_carla": [
        [
          0.5735763907432556,
          0.8191519379615784,
          -2.5118028545989546e-08,
          1.3000030517578125
        ],
        [
          -0.8191519975662231,
          0.5735764503479004,
          4.684705245949772e-08,
          -0.5500030517578125
        ],
        [
          5.290513627187465e-08,
          -6.086708914665451e-09,
          1.0,
          1.7000000476837158
        ],
        [
          0.0,
          0.0,
          0.0,
          1.0
        ]
      ],
      "matrix_ego_from_sensor_bevfusion": [
        [
          0.8191519379615784,
          2.5118028545989546e-08,
          0.5735763907432556,
          1.3000030517578125
        ],
        [
          -0.5735764503479004,
          4.684705245949772e-08,
          0.8191519975662231,
          0.5500030517578125
        ],
        [
          -6.086708914665451e-09,
          -1.0,
          5.290513627187465e-08,
          1.7000000476837158
        ],
        [
          0.0,
          0.0,
          0.0,
          1.0
        ]
      ],
      "camera_intrinsics": [
        [
          685.5110473632812,
          0.0,
          480.0
        ],
        [
          0.0,
          685.5110473632812,
          270.0
        ],
        [
          0.0,
          0.0,
          1.0
        ]
      ],
      "data_path": "D:\\Agent-AI\\outputs\\s3a_ml_long_v2\\sample_000062\\images\\CAM_FRONT_LEFT.png",
      "raw_layout": "bgra8"
    },
    "CAM_BACK": {
      "type_id": "sensor.camera.rgb",
      "blueprint_attributes": {
        "role_name": "front",
        "ros_name": "sensor.camera.rgb",
        "chromatic_aberration_offset": "0.0",
        "sensor_tick": "0.100000",
        "fstop": "1.4",
        "image_size_x": "960",
        "image_size_y": "540",
        "fov": "70.00",
        "lens_circle_falloff": "5.0",
        "lens_circle_multiplier": "0.0",
        "exposure_compensation": "0.0",
        "lens_y_size": "0.08",
        "lens_k": "-1.0",
        "exposure_mode": "histogram",
        "lens_kcube": "0.0",
        "lens_x_size": "0.08",
        "exposure_max_bright": "12.0",
        "shutter_speed": "200.0",
        "bloom_intensity": "0.675",
        "iso": "100.0",
        "enable_postprocess_effects": "false",
        "gamma": "2.2",
        "motion_blur_intensity": "0.0",
        "motion_blur_max_distortion": "0.35",
        "lens_flare_intensity": "0.1",
        "motion_blur_min_object_screen_size": "0.1",
        "exposure_min_bright": "10.0",
        "exposure_speed_up": "3.0",
        "exposure_speed_down": "1.0",
        "tint": "0.0",
        "calibration_constant": "16.0",
        "focal_distance": "1000.0",
        "min_fstop": "1.2",
        "blade_count": "5",
        "blur_amount": "0.0",
        "blur_radius": "0.0",
        "slope": "0.88",
        "toe": "0.55",
        "white_clip": "0.04",
        "shoulder": "0.26",
        "black_clip": "0.0",
        "temp": "6500.0",
        "chromatic_aberration_intensity": "0.0"
      },
      "transform_carla": {
        "location": {
          "x": 85.38487243652344,
          "y": -58.89382553100586,
          "z": 1.7036417722702026
        },
        "rotation": {
          "roll": -0.5332919359207153,
          "pitch": 0.26205384731292725,
          "yaw": 28.452857971191406
        }
      },
      "matrix_world_from_sensor_carla": [
        [
          0.8792002201080322,
          -0.4764522910118103,
          0.0004134010523557663,
          85.38487243652344
        ],
        [
          0.4764305353164673,
          0.8791510462760925,
          -0.010362271219491959,
          -58.89382553100586
        ],
        [
          0.0045736865140497684,
          0.009307469241321087,
          0.9999462366104126,
          1.7036417722702026
        ],
        [
          0.0,
          0.0,
          0.0,
          1.0
        ]
      ],
      "matrix_world_from_sensor_bevfusion": [
        [
          -0.4764522910118103,
          -0.0004134010523557663,
          0.8792002201080322,
          85.38487243652344
        ],
        [
          -0.8791510462760925,
          -0.010362271219491959,
          -0.4764305353164673,
          58.89382553100586
        ],
        [
          0.009307469241321087,
          -0.9999462366104126,
          0.0045736865140497684,
          1.7036417722702026
        ],
        [
          0.0,
          0.0,
          0.0,
          1.0
        ]
      ],
      "matrix_ego_from_sensor_carla": [
        [
          -0.9999999403953552,
          7.86968143984268e-08,
          -4.379811513466336e-10,
          -1.5500030517578125
        ],
        [
          -2.9720606420369222e-08,
          -0.9999999403953552,
          -2.513045327390273e-09,
          0.0
        ],
        [
          -4.933914943272555e-10,
          -1.2121949000132304e-09,
          1.0,
          1.7000000476837158
        ],
        [
          0.0,
          0.0,
          0.0,
          1.0
        ]
      ],
      "matrix_ego_from_sensor_bevfusion": [
        [
          7.86968143984268e-08,
          4.379811513466336e-10,
          -0.9999999403953552,
          -1.5500030517578125
        ],
        [
          0.9999999403953552,
          -2.513045327390273e-09,
          2.9720606420369222e-08,
          0.0
        ],
        [
          -1.2121949000132304e-09,
          -1.0,
          -4.933914943272555e-10,
          1.7000000476837158
        ],
        [
          0.0,
          0.0,
          0.0,
          1.0
        ]
      ],
      "camera_intrinsics": [
        [
          685.5110473632812,
          0.0,
          480.0
        ],
        [
          0.0,
          685.5110473632812,
          270.0
        ],
        [
          0.0,
          0.0,
          1.0
        ]
      ],
      "data_path": "D:\\Agent-AI\\outputs\\s3a_ml_long_v2\\sample_000062\\images\\CAM_BACK.png",
      "raw_layout": "bgra8"
    },
    "CAM_BACK_LEFT": {
      "type_id": "sensor.camera.rgb",
      "blueprint_attributes": {
        "role_name": "front",
        "ros_name": "sensor.camera.rgb",
        "chromatic_aberration_offset": "0.0",
        "sensor_tick": "0.100000",
        "fstop": "1.4",
        "image_size_x": "960",
        "image_size_y": "540",
        "fov": "70.00",
        "lens_circle_falloff": "5.0",
        "lens_circle_multiplier": "0.0",
        "exposure_compensation": "0.0",
        "lens_y_size": "0.08",
        "lens_k": "-1.0",
        "exposure_mode": "histogram",
        "lens_kcube": "0.0",
        "lens_x_size": "0.08",
        "exposure_max_bright": "12.0",
        "shutter_speed": "200.0",
        "bloom_intensity": "0.675",
        "iso": "100.0",
        "enable_postprocess_effects": "false",
        "gamma": "2.2",
        "motion_blur_intensity": "0.0",
        "motion_blur_max_distortion": "0.35",
        "lens_flare_intensity": "0.1",
        "motion_blur_min_object_screen_size": "0.1",
        "exposure_min_bright": "10.0",
        "exposure_speed_up": "3.0",
        "exposure_speed_down": "1.0",
        "tint": "0.0",
        "calibration_constant": "16.0",
        "focal_distance": "1000.0",
        "min_fstop": "1.2",
        "blade_count": "5",
        "blur_amount": "0.0",
        "blur_radius": "0.0",
        "slope": "0.88",
        "toe": "0.55",
        "white_clip": "0.04",
        "shoulder": "0.26",
        "black_clip": "0.0",
        "temp": "6500.0",
        "chromatic_aberration_intensity": "0.0"
      },
      "transform_carla": {
        "location": {
          "x": 84.90301513671875,
          "y": -58.52939987182617,
          "z": 1.7076174020767212
        },
        "rotation": {
          "roll": -0.09121935814619064,
          "pitch": 0.5871503353118896,
          "yaw": 83.4535903930664
        }
      },
      "matrix_world_from_sensor_carla": [
        [
          0.1140020340681076,
          -0.9934804439544678,
          0.0004133980255573988,
          84.90301513671875
        ],
        [
          0.9934276938438416,
          0.11399167776107788,
          -0.01036220695823431,
          -58.52939987182617
        ],
        [
          0.010247526690363884,
          0.0015919938450679183,
          0.9999462366104126,
          1.7076174020767212
        ],
        [
          0.0,
          0.0,
          0.0,
          1.0
        ]
      ],
      "matrix_world_from_sensor_bevfusion": [
        [
          -0.9934804439544678,
          -0.0004133980255573988,
          0.1140020340681076,
          84.90301513671875
        ],
        [
          -0.11399167776107788,
          -0.01036220695823431,
          -0.9934276938438416,
          58.52939987182617
        ],
        [
          0.0015919938450679183,
          -0.9999462366104126,
          0.010247526690363884,
          1.7076174020767212
        ],
        [
          0.0,
          0.0,
          0.0,
          1.0
        ]
      ],
      "matrix_ego_from_sensor_carla": [
        [
          -0.5735766887664795,
          0.8191518187522888,
          -2.837765755714372e-08,
          -1.2999954223632812
        ],
        [
          -0.8191518187522888,
          -0.5735767483711243,
          -6.025504717399599e-08,
          -0.5500030517578125
        ],
        [
          -6.572270905280675e-08,
          -1.1085178996950162e-08,
          1.0,
          1.7000000476837158
        ],
        [
          0.0,
          0.0,
          0.0,
          1.0
        ]
      ],
      "matrix_ego_from_sensor_bevfusion": [
        [
          0.8191518187522888,
          2.837765755714372e-08,
          -0.5735766887664795,
          -1.2999954223632812
        ],
        [
          0.5735767483711243,
          -6.025504717399599e-08,
          0.8191518187522888,
          0.5500030517578125
        ],
        [
          -1.1085178996950162e-08,
          -1.0,
          -6.572270905280675e-08,
          1.7000000476837158
        ],
        [
          0.0,
          0.0,
          0.0,
          1.0
        ]
      ],
      "camera_intrinsics": [
        [
          685.5110473632812,
          0.0,
          480.0
        ],
        [
          0.0,
          685.5110473632812,
          270.0
        ],
        [
          0.0,
          0.0,
          1.0
        ]
      ],
      "data_path": "D:\\Agent-AI\\outputs\\s3a_ml_long_v2\\sample_000062\\images\\CAM_BACK_LEFT.png",
      "raw_layout": "bgra8"
    },
    "CAM_BACK_RIGHT": {
      "type_id": "sensor.camera.rgb",
      "blueprint_attributes": {
        "role_name": "front",
        "ros_name": "sensor.camera.rgb",
        "chromatic_aberration_offset": "0.0",
        "sensor_tick": "0.100000",
        "fstop": "1.4",
        "image_size_x": "960",
        "image_size_y": "540",
        "fov": "70.00",
        "lens_circle_falloff": "5.0",
        "lens_circle_multiplier": "0.0",
        "exposure_compensation": "0.0",
        "lens_y_size": "0.08",
        "lens_k": "-1.0",
        "exposure_mode": "histogram",
        "lens_kcube": "0.0",
        "lens_x_size": "0.08",
        "exposure_max_bright": "12.0",
        "shutter_speed": "200.0",
        "bloom_intensity": "0.675",
        "iso": "100.0",
        "enable_postprocess_effects": "false",
        "gamma": "2.2",
        "motion_blur_intensity": "0.0",
        "motion_blur_max_distortion": "0.35",
        "lens_flare_intensity": "0.1",
        "motion_blur_min_object_screen_size": "0.1",
        "exposure_min_bright": "10.0",
        "exposure_speed_up": "3.0",
        "exposure_speed_down": "1.0",
        "tint": "0.0",
        "calibration_constant": "16.0",
        "focal_distance": "1000.0",
        "min_fstop": "1.2",
        "blade_count": "5",
        "blur_amount": "0.0",
        "blur_radius": "0.0",
        "slope": "0.88",
        "toe": "0.55",
        "white_clip": "0.04",
        "shoulder": "0.26",
        "black_clip": "0.0",
        "temp": "6500.0",
        "chromatic_aberration_intensity": "0.0"
      },
      "transform_carla": {
        "location": {
          "x": 85.42711639404297,
          "y": -59.496463775634766,
          "z": 1.6973791122436523
        },
        "rotation": {
          "roll": -0.5205512046813965,
          "pitch": -0.2865332365036011,
          "yaw": -26.54461097717285
        }
      },
      "matrix_world_from_sensor_carla": [
        [
          0.8945754766464233,
          0.44691669940948486,
          0.0004134494811296463,
          85.42711639404297
        ],
        [
          -0.44688889384269714,
          0.8945294618606567,
          -0.010362299159169197,
          -59.496463775634766
        ],
        [
          -0.005000927485525608,
          0.00908509362488985,
          0.9999462366104126,
          1.6973791122436523
        ],
        [
          0.0,
          0.0,
          0.0,
          1.0
        ]
      ],
      "matrix_world_from_sensor_bevfusion": [
        [
          0.44691669940948486,
          -0.0004134494811296463,
          0.8945754766464233,
          85.42711639404297
        ],
        [
          -0.8945294618606567,
          -0.010362299159169197,
          0.44688889384269714,
          59.496463775634766
        ],
        [
          0.00908509362488985,
          -0.9999462366104126,
          -0.005000927485525608,
          1.6973791122436523
        ],
        [
          0.0,
          0.0,
          0.0,
          1.0
        ]
      ],
      "matrix_ego_from_sensor_carla": [
        [
          -0.5735765695571899,
          -0.8191518783569336,
          -2.977464141906694e-08,
          -1.2999954223632812
        ],
        [
          0.8191518783569336,
          -0.5735766291618347,
          4.498440731026676e-08,
          0.5499954223632812
        ],
        [
          -5.476778142110561e-08,
          1.43024625476329e-09,
          1.0,
          1.7000000476837158
        ],
        [
          0.0,
          0.0,
          0.0,
          1.0
        ]
      ],
      "matrix_ego_from_sensor_bevfusion": [
        [
          -0.8191518783569336,
          2.977464141906694e-08,
          -0.5735765695571899,
          -1.2999954223632812
        ],
        [
          0.5735766291618347,
          4.498440731026676e-08,
          -0.8191518783569336,
          -0.5499954223632812
        ],
        [
          1.43024625476329e-09,
          -1.0,
          -5.476778142110561e-08,
          1.7000000476837158
        ],
        [
          0.0,
          0.0,
          0.0,
          1.0
        ]
      ],
      "camera_intrinsics": [
        [
          685.5110473632812,
          0.0,
          480.0
        ],
        [
          0.0,
          685.5110473632812,
          270.0
        ],
        [
          0.0,
          0.0,
          1.0
        ]
      ],
      "data_path": "D:\\Agent-AI\\outputs\\s3a_ml_long_v2\\sample_000062\\images\\CAM_BACK_RIGHT.png",
      "raw_layout": "bgra8"
    },
    "LIDAR_TOP": {
      "type_id": "sensor.lidar.ray_cast",
      "blueprint_attributes": {
        "atmosphere_attenuation_rate": "0.004",
        "role_name": "front",
        "noise_seed": "0",
        "upper_fov": "10.0",
        "ros_name": "sensor.lidar.ray_cast",
        "sensor_tick": "0.100000",
        "channels": "32",
        "range": "120.0",
        "points_per_second": "360000",
        "lower_fov": "-30.0",
        "rotation_frequency": "10.000000",
        "horizontal_fov": "360.0",
        "dropoff_general_rate": "0.0",
        "dropoff_intensity_limit": "1.0",
        "noise_stddev": "0.0",
        "dropoff_zero_intensity": "0.0"
      },
      "transform_carla": {
        "location": {
          "x": 84.0223159790039,
          "y": -59.637474060058594,
          "z": 2.1965255737304688
        },
        "rotation": {
          "roll": 0.5332920551300049,
          "pitch": -0.26205384731292725,
          "yaw": -151.54714965820312
        }
      },
      "matrix_world_from_sensor_carla": [
        [
          -0.879200279712677,
          0.4764522612094879,
          0.0004134015180170536,
          84.0223159790039
        ],
        [
          -0.4764305055141449,
          -0.8791511058807373,
          -0.010362273082137108,
          -59.637474060058594
        ],
        [
          -0.0045736865140497684,
          -0.009307471103966236,
          0.9999462366104126,
          2.1965255737304688
        ],
        [
          0.0,
          0.0,
          0.0,
          1.0
        ]
      ],
      "matrix_world_from_sensor_bevfusion": [
        [
          -0.879200279712677,
          -0.4764522612094879,
          0.0004134015180170536,
          84.0223159790039
        ],
        [
          0.4764305055141449,
          -0.8791511058807373,
          0.010362273082137108,
          59.637474060058594
        ],
        [
          -0.0045736865140497684,
          0.009307471103966236,
          0.9999462366104126,
          2.1965255737304688
        ],
        [
          0.0,
          0.0,
          0.0,
          1.0
        ]
      ],
      "matrix_ego_from_sensor_carla": [
        [
          1.0,
          -2.0487910035171808e-08,
          2.7680135961105634e-11,
          0.0
        ],
        [
          -2.6282439336000607e-08,
          1.0,
          -6.504001781593161e-10,
          0.0
        ],
        [
          2.773020701951623e-11,
          2.8097246751457305e-10,
          1.0,
          2.200000047683716
        ],
        [
          0.0,
          0.0,
          0.0,
          1.0
        ]
      ],
      "matrix_ego_from_sensor_bevfusion": [
        [
          1.0,
          2.0487910035171808e-08,
          2.7680135961105634e-11,
          0.0
        ],
        [
          2.6282439336000607e-08,
          1.0,
          6.504001781593161e-10,
          0.0
        ],
        [
          2.773020701951623e-11,
          -2.8097246751457305e-10,
          1.0,
          2.200000047683716
        ],
        [
          0.0,
          0.0,
          0.0,
          1.0
        ]
      ],
      "data_path": "D:\\Agent-AI\\outputs\\s3a_ml_long_v2\\sample_000062\\lidar\\LIDAR_TOP.npy",
      "raw_layout": [
        "x",
        "y",
        "z",
        "intensity"
      ]
    },
    "RADAR_FRONT": {
      "type_id": "sensor.other.radar",
      "blueprint_attributes": {
        "sensor_tick": "0.100000",
        "role_name": "default",
        "noise_seed": "0",
        "ros_name": "sensor.other.radar",
        "horizontal_fov": "35.0",
        "points_per_second": "1500",
        "vertical_fov": "20.0",
        "range": "120.0"
      },
      "transform_carla": {
        "location": {
          "x": 82.26337432861328,
          "y": -60.57686233520508,
          "z": 0.8874480724334717
        },
        "rotation": {
          "roll": 0.5332920551300049,
          "pitch": -0.26205384731292725,
          "yaw": -151.54714965820312
        }
      },
      "matrix_world_from_sensor_carla": [
        [
          -0.879200279712677,
          0.4764522612094879,
          0.0004134015180170536,
          82.26337432861328
        ],
        [
          -0.4764305055141449,
          -0.8791511058807373,
          -0.010362273082137108,
          -60.57686233520508
        ],
        [
          -0.0045736865140497684,
          -0.009307471103966236,
          0.9999462366104126,
          0.8874480724334717
        ],
        [
          0.0,
          0.0,
          0.0,
          1.0
        ]
      ],
      "matrix_world_from_sensor_bevfusion": [
        [
          -0.879200279712677,
          -0.4764522612094879,
          0.0004134015180170536,
          82.26337432861328
        ],
        [
          0.4764305055141449,
          -0.8791511058807373,
          0.010362273082137108,
          60.57686233520508
        ],
        [
          -0.0045736865140497684,
          0.009307471103966236,
          0.9999462366104126,
          0.8874480724334717
        ],
        [
          0.0,
          0.0,
          0.0,
          1.0
        ]
      ],
      "matrix_ego_from_sensor_carla": [
        [
          1.0,
          -2.0487910035171808e-08,
          2.7680135961105634e-11,
          2.0000038146972656
        ],
        [
          -2.6282439336000607e-08,
          1.0,
          -6.504001781593161e-10,
          -7.62939453125e-06
        ],
        [
          2.773020701951623e-11,
          2.8097246751457305e-10,
          1.0,
          0.8999999165534973
        ],
        [
          0.0,
          0.0,
          0.0,
          1.0
        ]
      ],
      "matrix_ego_from_sensor_bevfusion": [
        [
          1.0,
          2.0487910035171808e-08,
          2.7680135961105634e-11,
          2.0000038146972656
        ],
        [
          2.6282439336000607e-08,
          1.0,
          6.504001781593161e-10,
          7.62939453125e-06
        ],
        [
          2.773020701951623e-11,
          -2.8097246751457305e-10,
          1.0,
          0.8999999165534973
        ],
        [
          0.0,
          0.0,
          0.0,
          1.0
        ]
      ],
      "data_path": "D:\\Agent-AI\\outputs\\s3a_ml_long_v2\\sample_000062\\radar\\RADAR_FRONT.npy",
      "raw_layout": [
        "velocity",
        "altitude",
        "azimuth",
        "depth"
      ]
    },
    "RADAR_FRONT_LEFT": {
      "type_id": "sensor.other.radar",
      "blueprint_attributes": {
        "sensor_tick": "0.100000",
        "role_name": "default",
        "noise_seed": "0",
        "ros_name": "sensor.other.radar",
        "horizontal_fov": "35.0",
        "points_per_second": "1500",
        "vertical_fov": "20.0",
        "range": "120.0"
      },
      "transform_carla": {
        "location": {
          "x": 82.21376037597656,
          "y": -59.75075149536133,
          "z": 0.8960294723510742
        },
        "rotation": {
          "roll": 0.5623969435691833,
          "pitch": 0.19178487360477448,
          "yaw": 163.4550018310547
        }
      },
      "matrix_world_from_sensor_carla": [
        [
          -0.9585910439491272,
          -0.28478601574897766,
          0.00041337916627526283,
          82.21376037597656
        ],
        [
          0.28476661443710327,
          -0.9585408568382263,
          -0.010362274013459682,
          -59.75075149536133
        ],
        [
          0.0033472711220383644,
          -0.009815465658903122,
          0.9999462366104126,
          0.8960294723510742
        ],
        [
          0.0,
          0.0,
          0.0,
          1.0
        ]
      ],
      "matrix_world_from_sensor_bevfusion": [
        [
          -0.9585910439491272,
          0.28478601574897766,
          0.00041337916627526283,
          82.21376037597656
        ],
        [
          -0.28476661443710327,
          -0.9585408568382263,
          0.010362274013459682,
          59.75075149536133
        ],
        [
          0.0033472711220383644,
          0.009815465658903122,
          0.9999462366104126,
          0.8960294723510742
        ],
        [
          0.0,
          0.0,
          0.0,
          1.0
        ]
      ],
      "matrix_ego_from_sensor_carla": [
        [
          0.7071066498756409,
          0.7071068286895752,
          2.0051116322861162e-08,
          1.6499977111816406
        ],
        [
          -0.70710688829422,
          0.7071066498756409,
          -9.963626368403311e-09,
          -0.75
        ],
        [
          -2.1635804259290126e-08,
          -5.935131053291798e-09,
          1.0,
          0.8999999165534973
        ],
        [
          0.0,
          0.0,
          0.0,
          1.0
        ]
      ],
      "matrix_ego_from_sensor_bevfusion": [
        [
          0.7071066498756409,
          -0.7071068286895752,
          2.0051116322861162e-08,
          1.6499977111816406
        ],
        [
          0.70710688829422,
          0.7071066498756409,
          9.963626368403311e-09,
          0.75
        ],
        [
          -2.1635804259290126e-08,
          5.935131053291798e-09,
          1.0,
          0.8999999165534973
        ],
        [
          0.0,
          0.0,
          0.0,
          1.0
        ]
      ],
      "data_path": "D:\\Agent-AI\\outputs\\s3a_ml_long_v2\\sample_000062\\radar\\RADAR_FRONT_LEFT.npy",
      "raw_layout": [
        "velocity",
        "altitude",
        "azimuth",
        "depth"
      ]
    },
    "RADAR_FRONT_RIGHT": {
      "type_id": "sensor.other.radar",
      "blueprint_attributes": {
        "sensor_tick": "0.100000",
        "role_name": "default",
        "noise_seed": "0",
        "ros_name": "sensor.other.radar",
        "horizontal_fov": "35.0",
        "points_per_second": "1500",
        "vertical_fov": "20.0",
