{
  "schema_version": "stage1.v1",
  "sample_name": "sample_000002",
  "sequence_index": 2,
  "previous_sample_name": "sample_000001",
  "frame_id": 3922,
  "timestamp": 39.33108654990792,
  "platform_timestamp": 16816481.3285388,
  "delta_seconds": 0.10000000149011612,
  "town": "Carla/Maps/Town10HD_Opt",
  "weather": {
    "cloudiness": 20.0,
    "dust_storm": 0.0,
    "fog_density": 2.0,
    "fog_distance": 0.75,
    "fog_falloff": 0.10000000149011612,
    "mie_scattering_scale": 0.029999999329447746,
    "precipitation": 0.0,
    "precipitation_deposits": 0.0,
    "rayleigh_scattering_scale": 0.03310000151395798,
    "scattering_intensity": 1.0,
    "sun_altitude_angle": 45.0,
    "sun_azimuth_angle": 300.0,
    "wetness": 0.0,
    "wind_intensity": 10.0
  },
  "sensor_names": [
    "CAM_FRONT",
    "CAM_FRONT_RIGHT",
    "CAM_FRONT_LEFT",
    "CAM_BACK",
    "CAM_BACK_LEFT",
    "CAM_BACK_RIGHT",
    "LIDAR_TOP",
    "RADAR_FRONT",
    "RADAR_FRONT_LEFT",
    "RADAR_FRONT_RIGHT",
    "RADAR_BACK_LEFT",
    "RADAR_BACK_RIGHT"
  ],
  "camera_order_for_model": [
    "CAM_FRONT",
    "CAM_FRONT_RIGHT",
    "CAM_FRONT_LEFT",
    "CAM_BACK",
    "CAM_BACK_LEFT",
    "CAM_BACK_RIGHT"
  ],
  "radar_order_for_model": [
    "RADAR_FRONT",
    "RADAR_FRONT_LEFT",
    "RADAR_FRONT_RIGHT",
    "RADAR_BACK_LEFT",
    "RADAR_BACK_RIGHT"
  ],
  "coordinate_notes": {
    "carla_world": "left-handed x-forward y-right z-up",
    "bevfusion_lidar": "x-forward y-left z-up",
    "camera_frame_for_model": "OpenCV style x-right y-down z-forward"
  },
  "ego": {
    "actor_id": 24,
    "transform_carla": {
      "location": {
        "x": 109.9156494140625,
        "y": -20.74836540222168,
        "z": -0.006357498001307249
      },
      "rotation": {
        "roll": 0.03461888059973717,
        "pitch": 0.5008440613746643,
        "yaw": -90.71990966796875
      }
    },
    "velocity_carla": [
      -0.0913078635931015,
      -3.574296712875366,
      -3.833770824712701e-05
    ],
    "angular_velocity_carla": [
      -0.6964952945709229,
      0.0635957419872284,
      -1.8006582260131836
    ],
    "matrix_world_from_ego_carla": [
      [
        -0.012564011849462986,
        0.9999208450317383,
        0.0007139952504076064,
        109.9156494140625
      ],
      [
        -0.9998828768730164,
        -0.012569771148264408,
        0.008732982911169529,
        -20.74836540222168
      ],
      [
        0.008741266094148159,
        -0.0006041902815923095,
        0.9999616146087646,
        -0.006357498001307249
      ],
      [
        0.0,
        0.0,
        0.0,
        1.0
      ]
    ],
    "matrix_world_from_ego_bevfusion": [
      [
        -0.012564011849462986,
        -0.9999208450317383,
        0.0007139952504076064,
        109.9156494140625
      ],
      [
        0.9998828768730164,
        -0.012569771148264408,
        -0.008732982911169529,
        20.74836540222168
      ],
      [
        0.008741266094148159,
        0.0006041902815923095,
        0.9999616146087646,
        -0.006357498001307249
      ],
      [
        0.0,
        0.0,
        0.0,
        1.0
      ]
    ]
  },
  "sensors": {
    "CAM_FRONT": {
      "type_id": "sensor.camera.rgb",
      "blueprint_attributes": {
        "role_name": "front",
        "ros_name": "sensor.camera.rgb",
        "chromatic_aberration_offset": "0.0",
        "sensor_tick": "0.100000",
        "fstop": "1.4",
        "image_size_x": "960",
        "image_size_y": "540",
        "fov": "70.00",
        "lens_circle_falloff": "5.0",
        "lens_circle_multiplier": "0.0",
        "exposure_compensation": "0.0",
        "lens_y_size": "0.08",
        "lens_k": "-1.0",
        "exposure_mode": "histogram",
        "lens_kcube": "0.0",
        "lens_x_size": "0.08",
        "exposure_max_bright": "12.0",
        "shutter_speed": "200.0",
        "bloom_intensity": "0.675",
        "iso": "100.0",
        "enable_postprocess_effects": "false",
        "gamma": "2.2",
        "motion_blur_intensity": "0.0",
        "motion_blur_max_distortion": "0.35",
        "lens_flare_intensity": "0.1",
        "motion_blur_min_object_screen_size": "0.1",
        "exposure_min_bright": "10.0",
        "exposure_speed_up": "3.0",
        "exposure_speed_down": "1.0",
        "tint": "0.0",
        "calibration_constant": "16.0",
        "focal_distance": "1000.0",
        "min_fstop": "1.2",
        "blade_count": "5",
        "blur_amount": "0.0",
        "blur_radius": "0.0",
        "slope": "0.88",
        "toe": "0.55",
        "white_clip": "0.04",
        "shoulder": "0.26",
        "black_clip": "0.0",
        "temp": "6500.0",
        "chromatic_aberration_intensity": "0.0"
      },
      "transform_carla": {
        "location": {
          "x": 109.89739227294922,
          "y": -22.28333854675293,
          "z": 1.7071261405944824
        },
        "rotation": {
          "roll": 0.03461888059973717,
          "pitch": 0.5008440613746643,
          "yaw": -90.71990966796875
        }
      },
      "matrix_world_from_sensor_carla": [
        [
          -0.012564011849462986,
          0.9999208450317383,
          0.0007139952504076064,
          109.89739227294922
        ],
        [
          -0.9998828768730164,
          -0.012569771148264408,
          0.008732982911169529,
          -22.28333854675293
        ],
        [
          0.008741266094148159,
          -0.0006041902815923095,
          0.9999616146087646,
          1.7071261405944824
        ],
        [
          0.0,
          0.0,
          0.0,
          1.0
        ]
      ],
      "matrix_world_from_sensor_bevfusion": [
        [
          0.9999208450317383,
          -0.0007139952504076064,
          -0.012564011849462986,
          109.89739227294922
        ],
        [
          0.012569771148264408,
          0.008732982911169529,
          0.9998828768730164,
          22.28333854675293
        ],
        [
          -0.0006041902815923095,
          -0.9999616146087646,
          0.008741266094148159,
          1.7071261405944824
        ],
        [
          0.0,
          0.0,
          0.0,
          1.0
        ]
      ],
      "matrix_ego_from_sensor_carla": [
        [
          1.0,
          -3.9703260124035467e-10,
          6.705305199972145e-10,
          1.5500011444091797
        ],
        [
          3.523910330205382e-10,
          1.0,
          -3.2776364955466875e-11,
          7.62939453125e-06
        ],
        [
          -2.6079205461826405e-10,
          -3.2776364955466875e-11,
          1.0,
          1.6999999284744263
        ],
        [
          0.0,
          0.0,
          0.0,
          1.0
        ]
      ],
      "matrix_ego_from_sensor_bevfusion": [
        [
          -3.9703260124035467e-10,
          -6.705305199972145e-10,
          1.0,
          1.5500011444091797
        ],
        [
          -1.0,
          -3.2776364955466875e-11,
          -3.523910330205382e-10,
          -7.62939453125e-06
        ],
        [
          -3.2776364955466875e-11,
          -1.0,
          -2.6079205461826405e-10,
          1.6999999284744263
        ],
        [
          0.0,
          0.0,
          0.0,
          1.0
        ]
      ],
      "camera_intrinsics": [
        [
          685.5110473632812,
          0.0,
          480.0
        ],
        [
          0.0,
          685.5110473632812,
          270.0
        ],
        [
          0.0,
          0.0,
          1.0
        ]
      ],
      "data_path": "D:\\Agent-AI\\outputs\\s3a_left_v3\\sample_000002\\images\\CAM_FRONT.png",
      "raw_layout": "bgra8"
    },
    "CAM_FRONT_RIGHT": {
      "type_id": "sensor.camera.rgb",
      "blueprint_attributes": {
        "role_name": "front",
        "ros_name": "sensor.camera.rgb",
        "chromatic_aberration_offset": "0.0",
        "sensor_tick": "0.100000",
        "fstop": "1.4",
        "image_size_x": "960",
        "image_size_y": "540",
        "fov": "70.00",
        "lens_circle_falloff": "5.0",
        "lens_circle_multiplier": "0.0",
        "exposure_compensation": "0.0",
        "lens_y_size": "0.08",
        "lens_k": "-1.0",
        "exposure_mode": "histogram",
        "lens_kcube": "0.0",
        "lens_x_size": "0.08",
        "exposure_max_bright": "12.0",
        "shutter_speed": "200.0",
        "bloom_intensity": "0.675",
        "iso": "100.0",
        "enable_postprocess_effects": "false",
        "gamma": "2.2",
        "motion_blur_intensity": "0.0",
        "motion_blur_max_distortion": "0.35",
        "lens_flare_intensity": "0.1",
        "motion_blur_min_object_screen_size": "0.1",
        "exposure_min_bright": "10.0",
        "exposure_speed_up": "3.0",
        "exposure_speed_down": "1.0",
        "tint": "0.0",
        "calibration_constant": "16.0",
        "focal_distance": "1000.0",
        "min_fstop": "1.2",
        "blade_count": "5",
        "blur_amount": "0.0",
        "blur_radius": "0.0",
        "slope": "0.88",
        "toe": "0.55",
        "white_clip": "0.04",
        "shoulder": "0.26",
        "black_clip": "0.0",
        "temp": "6500.0",
        "chromatic_aberration_intensity": "0.0"
      },
      "transform_carla": {
        "location": {
          "x": 110.45048522949219,
          "y": -22.040279388427734,
          "z": 1.70460844039917
        },
        "rotation": {
          "roll": 0.430126428604126,
          "pitch": 0.25891196727752686,
          "yaw": -35.71910858154297
        }
      },
      "matrix_world_from_sensor_carla": [
        [
          0.8118805885314941,
          0.5838230848312378,
          0.0007140054367482662,
          110.45048522949219
        ],
        [
          -0.583806037902832,
          0.8118461966514587,
          0.008732977323234081,
          -22.040279388427734
        ],
        [
          0.004518850706517696,
          -0.0075069754384458065,
          0.9999616146087646,
          1.70460844039917
        ],
        [
          0.0,
          0.0,
          0.0,
          1.0
        ]
      ],
      "matrix_world_from_sensor_bevfusion": [
        [
          0.5838230848312378,
          -0.0007140054367482662,
          0.8118805885314941,
          110.45048522949219
        ],
        [
          -0.8118461966514587,
          0.008732977323234081,
          0.583806037902832,
          22.040279388427734
        ],
        [
          -0.0075069754384458065,
          -0.9999616146087646,
          0.004518850706517696,
          1.70460844039917
        ],
        [
          0.0,
          0.0,
          0.0,
          1.0
        ]
      ],
      "matrix_ego_from_sensor_carla": [
        [
          0.5735766887664795,
          -0.8191518187522888,
          6.258465745645481e-09,
          1.2999992370605469
        ],
        [
          0.8191518187522888,
          0.5735766291618347,
          1.0269979533461537e-08,
          0.5499954223632812
        ],
        [
          -1.1873385830085681e-08,
          -1.4831315064967043e-09,
          1.0,
          1.6999999284744263
        ],
        [
          0.0,
          0.0,
          0.0,
          1.0
        ]
      ],
      "matrix_ego_from_sensor_bevfusion": [
        [
          -0.8191518187522888,
          -6.258465745645481e-09,
          0.5735766887664795,
          1.2999992370605469
        ],
        [
          -0.5735766291618347,
          1.0269979533461537e-08,
          -0.8191518187522888,
          -0.5499954223632812
        ],
        [
          -1.4831315064967043e-09,
          -1.0,
          -1.1873385830085681e-08,
          1.6999999284744263
        ],
        [
          0.0,
          0.0,
          0.0,
          1.0
        ]
      ],
      "camera_intrinsics": [
        [
          685.5110473632812,
          0.0,
          480.0
        ],
        [
          0.0,
          685.5110473632812,
          270.0
        ],
        [
          0.0,
          0.0,
          1.0
        ]
      ],
      "data_path": "D:\\Agent-AI\\outputs\\s3a_left_v3\\sample_000002\\images\\CAM_FRONT_RIGHT.png",
      "raw_layout": "bgra8"
    },
    "CAM_FRONT_LEFT": {
      "type_id": "sensor.camera.rgb",
      "blueprint_attributes": {
        "role_name": "front",
        "ros_name": "sensor.camera.rgb",
        "chromatic_aberration_offset": "0.0",
        "sensor_tick": "0.100000",
        "fstop": "1.4",
        "image_size_x": "960",
        "image_size_y": "540",
        "fov": "70.00",
        "lens_circle_falloff": "5.0",
        "lens_circle_multiplier": "0.0",
        "exposure_compensation": "0.0",
        "lens_y_size": "0.08",
        "lens_k": "-1.0",
        "exposure_mode": "histogram",
        "lens_kcube": "0.0",
        "lens_x_size": "0.08",
        "exposure_max_bright": "12.0",
        "shutter_speed": "200.0",
        "bloom_intensity": "0.675",
        "iso": "100.0",
        "enable_postprocess_effects": "false",
        "gamma": "2.2",
        "motion_blur_intensity": "0.0",
        "motion_blur_max_distortion": "0.35",
        "lens_flare_intensity": "0.1",
        "motion_blur_min_object_screen_size": "0.1",
        "exposure_min_bright": "10.0",
        "exposure_speed_up": "3.0",
        "exposure_speed_down": "1.0",
        "tint": "0.0",
        "calibration_constant": "16.0",
        "focal_distance": "1000.0",
        "min_fstop": "1.2",
        "blade_count": "5",
        "blur_amount": "0.0",
        "blur_radius": "0.0",
        "slope": "0.88",
        "toe": "0.55",
        "white_clip": "0.04",
        "shoulder": "0.26",
        "black_clip": "0.0",
        "temp": "6500.0",
        "chromatic_aberration_intensity": "0.0"
      },
      "transform_carla": {
        "location": {
          "x": 109.35057067871094,
          "y": -22.02645492553711,
          "z": 1.705273151397705
        },
        "rotation": {
          "roll": -0.3904153108596802,
          "pitch": 0.315623015165329,
          "yaw": -145.7211151123047
        }
      },
      "matrix_world_from_sensor_carla": [
        [
          -0.8262933492660522,
          0.5632395148277283,
          0.0007139295339584351,
          109.35057067871094
        ],
        [
          -0.5632129907608032,
          -0.8262656331062317,
          0.008732941001653671,
          -22.02645492553711
        ],
        [
          0.005508632864803076,
          0.006813876796513796,
          0.9999616146087646,
          1.705273151397705
        ],
        [
          0.0,
          0.0,
          0.0,
          1.0
        ]
      ],
      "matrix_world_from_sensor_bevfusion": [
        [
          0.5632395148277283,
          -0.0007139295339584351,
          -0.8262933492660522,
          109.35057067871094
        ],
        [
          0.8262656331062317,
          0.008732941001653671,
          0.5632129907608032,
          22.02645492553711
        ],
        [
          0.006813876796513796,
          -0.9999616146087646,
          0.005508632864803076,
          1.705273151397705
        ],
        [
          0.0,
          0.0,
          0.0,
          1.0
        ]
      ],
      "matrix_ego_from_sensor_carla": [
        [
          0.5735766887664795,
          0.8191518187522888,
          4.351137050662146e-08,
          1.3000011444091797
        ],
        [
          -0.819151759147644,
          0.5735767483711243,
          -6.516714989857064e-08,
          -0.5499954223632812
        ],
        [
          -7.734058016239942e-08,
          2.010962063536681e-09,
          1.0,
          1.6999999284744263
        ],
        [
          0.0,
          0.0,
          0.0,
          1.0
        ]
      ],
      "matrix_ego_from_sensor_bevfusion": [
        [
          0.8191518187522888,
          -4.351137050662146e-08,
          0.5735766887664795,
          1.3000011444091797
        ],
        [
          -0.5735767483711243,
          -6.516714989857064e-08,
          0.819151759147644,
          0.5499954223632812
        ],
        [
          2.010962063536681e-09,
          -1.0,
          -7.734058016239942e-08,
          1.6999999284744263
        ],
        [
          0.0,
          0.0,
          0.0,
          1.0
        ]
      ],
      "camera_intrinsics": [
        [
          685.5110473632812,
          0.0,
          480.0
        ],
        [
          0.0,
          685.5110473632812,
          270.0
        ],
        [
          0.0,
          0.0,
          1.0
        ]
      ],
      "data_path": "D:\\Agent-AI\\outputs\\s3a_left_v3\\sample_000002\\images\\CAM_FRONT_LEFT.png",
      "raw_layout": "bgra8"
    },
    "CAM_BACK": {
      "type_id": "sensor.camera.rgb",
      "blueprint_attributes": {
        "role_name": "front",
        "ros_name": "sensor.camera.rgb",
        "chromatic_aberration_offset": "0.0",
        "sensor_tick": "0.100000",
        "fstop": "1.4",
        "image_size_x": "960",
        "image_size_y": "540",
        "fov": "70.00",
        "lens_circle_falloff": "5.0",
        "lens_circle_multiplier": "0.0",
        "exposure_compensation": "0.0",
        "lens_y_size": "0.08",
        "lens_k": "-1.0",
        "exposure_mode": "histogram",
        "lens_kcube": "0.0",
        "lens_x_size": "0.08",
        "exposure_max_bright": "12.0",
        "shutter_speed": "200.0",
        "bloom_intensity": "0.675",
        "iso": "100.0",
        "enable_postprocess_effects": "false",
        "gamma": "2.2",
        "motion_blur_intensity": "0.0",
        "motion_blur_max_distortion": "0.35",
        "lens_flare_intensity": "0.1",
        "motion_blur_min_object_screen_size": "0.1",
        "exposure_min_bright": "10.0",
        "exposure_speed_up": "3.0",
        "exposure_speed_down": "1.0",
        "tint": "0.0",
        "calibration_constant": "16.0",
        "focal_distance": "1000.0",
        "min_fstop": "1.2",
        "blade_count": "5",
        "blur_amount": "0.0",
        "blur_radius": "0.0",
        "slope": "0.88",
        "toe": "0.55",
        "white_clip": "0.04",
        "shoulder": "0.26",
        "black_clip": "0.0",
        "temp": "6500.0",
        "chromatic_aberration_intensity": "0.0"
      },
      "transform_carla": {
        "location": {
          "x": 109.93633270263672,
          "y": -19.18370246887207,
          "z": 1.6800283193588257
        },
        "rotation": {
          "roll": -0.03461906686425209,
          "pitch": -0.5008440613746643,
          "yaw": 89.28009796142578
        }
      },
      "matrix_world_from_sensor_carla": [
        [
          0.012563805095851421,
          -0.9999208450317383,
          0.0007139967055991292,
          109.93633270263672
        ],
        [
          0.9998828768730164,
          0.012569564394652843,
          0.008732982911169529,
          -19.18370246887207
        ],
        [
          -0.008741266094148159,
          0.0006041935412213206,
          0.9999616146087646,
          1.6800283193588257
        ],
        [
          0.0,
          0.0,
          0.0,
          1.0
        ]
      ],
      "matrix_world_from_sensor_bevfusion": [
        [
          -0.9999208450317383,
          -0.0007139967055991292,
          0.012563805095851421,
          109.93633270263672
        ],
        [
          -0.012569564394652843,
          0.008732982911169529,
          -0.9998828768730164,
          19.18370246887207
        ],
        [
          0.0006041935412213206,
          -0.9999616146087646,
          -0.008741266094148159,
          1.6800283193588257
        ],
        [
          0.0,
          0.0,
          0.0,
          1.0
        ]
      ],
      "matrix_ego_from_sensor_carla": [
        [
          -1.0,
          2.0715458504128037e-07,
          6.705305199972145e-10,
          -1.5499992370605469
        ],
        [
          -2.071059981290091e-07,
          -1.0,
          1.422415185636794e-09,
          0.0
        ],
        [
          2.6079205461826405e-10,
          1.4878427379017012e-09,
          1.0,
          1.7000000476837158
        ],
        [
          0.0,
          0.0,
          0.0,
          1.0
        ]
      ],
      "matrix_ego_from_sensor_bevfusion": [
        [
          2.0715458504128037e-07,
          -6.705305199972145e-10,
          -1.0,
          -1.5499992370605469
        ],
        [
          1.0,
          1.422415185636794e-09,
          2.071059981290091e-07,
          0.0
        ],
        [
          1.4878427379017012e-09,
          -1.0,
          2.6079205461826405e-10,
          1.7000000476837158
        ],
        [
          0.0,
          0.0,
          0.0,
          1.0
        ]
      ],
      "camera_intrinsics": [
        [
          685.5110473632812,
          0.0,
          480.0
        ],
        [
          0.0,
          685.5110473632812,
          270.0
        ],
        [
          0.0,
          0.0,
          1.0
        ]
      ],
      "data_path": "D:\\Agent-AI\\outputs\\s3a_left_v3\\sample_000002\\images\\CAM_BACK.png",
      "raw_layout": "bgra8"
    },
    "CAM_BACK_LEFT": {
      "type_id": "sensor.camera.rgb",
      "blueprint_attributes": {
        "role_name": "front",
        "ros_name": "sensor.camera.rgb",
        "chromatic_aberration_offset": "0.0",
        "sensor_tick": "0.100000",
        "fstop": "1.4",
        "image_size_x": "960",
        "image_size_y": "540",
        "fov": "70.00",
        "lens_circle_falloff": "5.0",
        "lens_circle_multiplier": "0.0",
        "exposure_compensation": "0.0",
        "lens_y_size": "0.08",
        "lens_k": "-1.0",
        "exposure_mode": "histogram",
        "lens_kcube": "0.0",
        "lens_x_size": "0.08",
        "exposure_max_bright": "12.0",
        "shutter_speed": "200.0",
        "bloom_intensity": "0.675",
        "iso": "100.0",
        "enable_postprocess_effects": "false",
        "gamma": "2.2",
        "motion_blur_intensity": "0.0",
        "motion_blur_max_distortion": "0.35",
        "lens_flare_intensity": "0.1",
        "motion_blur_min_object_screen_size": "0.1",
        "exposure_min_bright": "10.0",
        "exposure_speed_up": "3.0",
        "exposure_speed_down": "1.0",
        "tint": "0.0",
        "calibration_constant": "16.0",
        "focal_distance": "1000.0",
        "min_fstop": "1.2",
        "blade_count": "5",
        "blur_amount": "0.0",
        "blur_radius": "0.0",
        "slope": "0.88",
        "toe": "0.55",
        "white_clip": "0.04",
        "shoulder": "0.26",
        "black_clip": "0.0",
        "temp": "6500.0",
        "chromatic_aberration_intensity": "0.0"
      },
      "transform_carla": {
        "location": {
          "x": 109.38323974609375,
          "y": -19.4267578125,
          "z": 1.682545781135559
        },
        "rotation": {
          "roll": -0.4301263988018036,
          "pitch": -0.25891196727752686,
          "yaw": 144.28089904785156
        }
      },
      "matrix_world_from_sensor_carla": [
        [
          -0.8118807077407837,
          -0.5838229656219482,
          0.0007140040397644043,
          109.38323974609375
        ],
        [
          0.5838059186935425,
          -0.8118463158607483,
          0.008732976391911507,
          -19.4267578125
        ],
        [
          -0.004518850706517696,
          0.007506974972784519,
          0.9999616146087646,
          1.682545781135559
        ],
        [
          0.0,
          0.0,
          0.0,
          1.0
        ]
      ],
      "matrix_world_from_sensor_bevfusion": [
        [
          -0.5838229656219482,
          -0.0007140040397644043,
          -0.8118807077407837,
          109.38323974609375
        ],
        [
          0.8118463158607483,
          0.008732976391911507,
          -0.5838059186935425,
          19.4267578125
        ],
        [
          0.007506974972784519,
          -0.9999616146087646,
          -0.004518850706517696,
          1.682545781135559
        ],
        [
          0.0,
          0.0,
          0.0,
          1.0
        ]
      ],
      "matrix_ego_from_sensor_carla": [
        [
          -0.5735765695571899,
          0.8191519379615784,
          7.189788320260959e-09,
          -1.3000011444091797
        ],
        [
          -0.8191519379615784,
          -0.5735765099525452,
          8.87299567153832e-09,
          -0.5500030517578125
        ],
        [
          1.0942063255470202e-08,
          8.616551916418302e-11,
          1.0,
          1.6999999284744263
        ],
        [
          0.0,
          0.0,
          0.0,
          1.0
        ]
      ],
      "matrix_ego_from_sensor_bevfusion": [
        [
          0.8191519379615784,
          -7.189788320260959e-09,
          -0.5735765695571899,
          -1.3000011444091797
        ],
        [
          0.5735765099525452,
          8.87299567153832e-09,
          0.8191519379615784,
          0.5500030517578125
        ],
        [
          8.616551916418302e-11,
          -1.0,
          1.0942063255470202e-08,
          1.6999999284744263
        ],
        [
          0.0,
          0.0,
          0.0,
          1.0
        ]
      ],
      "camera_intrinsics": [
        [
          685.5110473632812,
          0.0,
          480.0
        ],
        [
          0.0,
          685.5110473632812,
          270.0
        ],
        [
          0.0,
          0.0,
          1.0
        ]
      ],
      "data_path": "D:\\Agent-AI\\outputs\\s3a_left_v3\\sample_000002\\images\\CAM_BACK_LEFT.png",
      "raw_layout": "bgra8"
    },
    "CAM_BACK_RIGHT": {
      "type_id": "sensor.camera.rgb",
      "blueprint_attributes": {
        "role_name": "front",
        "ros_name": "sensor.camera.rgb",
        "chromatic_aberration_offset": "0.0",
        "sensor_tick": "0.100000",
        "fstop": "1.4",
        "image_size_x": "960",
        "image_size_y": "540",
        "fov": "70.00",
        "lens_circle_falloff": "5.0",
        "lens_circle_multiplier": "0.0",
        "exposure_compensation": "0.0",
        "lens_y_size": "0.08",
        "lens_k": "-1.0",
        "exposure_mode": "histogram",
        "lens_kcube": "0.0",
        "lens_x_size": "0.08",
        "exposure_max_bright": "12.0",
        "shutter_speed": "200.0",
        "bloom_intensity": "0.675",
        "iso": "100.0",
        "enable_postprocess_effects": "false",
        "gamma": "2.2",
        "motion_blur_intensity": "0.0",
        "motion_blur_max_distortion": "0.35",
        "lens_flare_intensity": "0.1",
        "motion_blur_min_object_screen_size": "0.1",
        "exposure_min_bright": "10.0",
        "exposure_speed_up": "3.0",
        "exposure_speed_down": "1.0",
        "tint": "0.0",
        "calibration_constant": "16.0",
        "focal_distance": "1000.0",
        "min_fstop": "1.2",
        "blade_count": "5",
        "blur_amount": "0.0",
        "blur_radius": "0.0",
        "slope": "0.88",
        "toe": "0.55",
        "white_clip": "0.04",
        "shoulder": "0.26",
        "black_clip": "0.0",
        "temp": "6500.0",
        "chromatic_aberration_intensity": "0.0"
      },
      "transform_carla": {
        "location": {
          "x": 110.483154296875,
          "y": -19.44058609008789,
          "z": 1.681881070137024
        },
        "rotation": {
          "roll": 0.3904153108596802,
          "pitch": -0.315623015165329,
          "yaw": 34.278865814208984
        }
      },
      "matrix_world_from_sensor_carla": [
        [
          0.8262935280799866,
          -0.5632392168045044,
          0.0007139323279261589,
          110.483154296875
        ],
        [
          0.5632126927375793,
          0.826265811920166,
          0.008732941001653671,
          -19.44058609008789
        ],
        [
          -0.005508632864803076,
          -0.006813876796513796,
          0.9999616146087646,
          1.681881070137024
        ],
        [
          0.0,
          0.0,
          0.0,
          1.0
        ]
      ],
      "matrix_world_from_sensor_bevfusion": [
        [
          -0.5632392168045044,
          -0.0007139323279261589,
          0.8262935280799866,
          110.483154296875
        ],
        [
          -0.826265811920166,
          0.008732941001653671,
          -0.5632126927375793,
          19.44058609008789
        ],
        [
          -0.006813876796513796,
          -0.9999616146087646,
          -0.005508632864803076,
          1.681881070137024
        ],
        [
          0.0,
          0.0,
          0.0,
          1.0
        ]
      ],
      "matrix_ego_from_sensor_carla": [
        [
          -0.5735763907432556,
          -0.8191519975662231,
          4.351137050662146e-08,
          -1.2999992370605469
        ],
        [
          0.8191519379615784,
          -0.5735764503479004,
          -6.23731821747242e-08,
          0.5500030517578125
        ],
        [
          7.501227372586072e-08,
          -1.4831680328342145e-10,
          1.0,
          1.6999998092651367
        ],
        [
          0.0,
          0.0,
          0.0,
          1.0
        ]
      ],
      "matrix_ego_from_sensor_bevfusion": [
        [
          -0.8191519975662231,
          -4.351137050662146e-08,
          -0.5735763907432556,
          -1.2999992370605469
        ],
        [
          0.5735764503479004,
          -6.23731821747242e-08,
          -0.8191519379615784,
          -0.5500030517578125
        ],
        [
          -1.4831680328342145e-10,
          -1.0,
          7.501227372586072e-08,
          1.6999998092651367
        ],
        [
          0.0,
          0.0,
          0.0,
          1.0
        ]
      ],
      "camera_intrinsics": [
        [
          685.5110473632812,
          0.0,
          480.0
        ],
        [
          0.0,
          685.5110473632812,
          270.0
        ],
        [
          0.0,
          0.0,
          1.0
        ]
      ],
      "data_path": "D:\\Agent-AI\\outputs\\s3a_left_v3\\sample_000002\\images\\CAM_BACK_RIGHT.png",
      "raw_layout": "bgra8"
    },
    "LIDAR_TOP": {
      "type_id": "sensor.lidar.ray_cast",
      "blueprint_attributes": {
        "atmosphere_attenuation_rate": "0.004",
        "role_name": "front",
        "noise_seed": "0",
        "upper_fov": "10.0",
        "ros_name": "sensor.lidar.ray_cast",
        "sensor_tick": "0.100000",
        "channels": "32",
        "range": "120.0",
        "points_per_second": "360000",
        "lower_fov": "-30.0",
        "rotation_frequency": "10.000000",
        "horizontal_fov": "360.0",
        "dropoff_general_rate": "0.0",
        "dropoff_intensity_limit": "1.0",
        "noise_stddev": "0.0",
        "dropoff_zero_intensity": "0.0"
      },
      "transform_carla": {
        "location": {
          "x": 109.91722106933594,
          "y": -20.729154586791992,
          "z": 2.1935579776763916
        },
        "rotation": {
          "roll": 0.03461888059973717,
          "pitch": 0.5008440613746643,
          "yaw": -90.71990966796875
        }
      },
      "matrix_world_from_sensor_carla": [
        [
          -0.012564011849462986,
          0.9999208450317383,
          0.0007139952504076064,
          109.91722106933594
        ],
        [
          -0.9998828768730164,
          -0.012569771148264408,
          0.008732982911169529,
          -20.729154586791992
        ],
        [
          0.008741266094148159,
          -0.0006041902815923095,
          0.9999616146087646,
          2.1935579776763916
        ],
        [
          0.0,
          0.0,
          0.0,
          1.0
        ]
      ],
      "matrix_world_from_sensor_bevfusion": [
        [
          -0.012564011849462986,
          -0.9999208450317383,
          0.0007139952504076064,
          109.91722106933594
        ],
        [
          0.9998828768730164,
          -0.012569771148264408,
          -0.008732982911169529,
          20.729154586791992
        ],
        [
          0.008741266094148159,
          0.0006041902815923095,
          0.9999616146087646,
          2.1935579776763916
        ],
        [
          0.0,
          0.0,
          0.0,
          1.0
        ]
      ],
      "matrix_ego_from_sensor_carla": [
        [
          1.0,
          -3.9703260124035467e-10,
          6.705305199972145e-10,
          1.9073486328125e-06
        ],
        [
          3.523910330205382e-10,
          1.0,
          -3.2776364955466875e-11,
          0.0
        ],
        [
          -2.6079205461826405e-10,
          -3.2776364955466875e-11,
          1.0,
          2.200000047683716
        ],
        [
          0.0,
          0.0,
          0.0,
          1.0
        ]
      ],
      "matrix_ego_from_sensor_bevfusion": [
        [
          1.0,
          3.9703260124035467e-10,
          6.705305199972145e-10,
          1.9073486328125e-06
        ],
        [
          -3.523910330205382e-10,
          1.0,
          3.2776364955466875e-11,
          0.0
        ],
        [
          -2.6079205461826405e-10,
          3.2776364955466875e-11,
          1.0,
          2.200000047683716
        ],
        [
          0.0,
          0.0,
          0.0,
          1.0
        ]
      ],
      "data_path": "D:\\Agent-AI\\outputs\\s3a_left_v3\\sample_000002\\lidar\\LIDAR_TOP.npy",
      "raw_layout": [
        "x",
        "y",
        "z",
        "intensity"
      ]
    },
    "RADAR_FRONT": {
      "type_id": "sensor.other.radar",
      "blueprint_attributes": {
        "sensor_tick": "0.100000",
        "role_name": "default",
        "noise_seed": "0",
        "ros_name": "sensor.other.radar",
        "horizontal_fov": "35.0",
        "points_per_second": "1500",
        "vertical_fov": "20.0",
        "range": "120.0"
      },
      "transform_carla": {
        "location": {
          "x": 109.89116668701172,
          "y": -22.740272521972656,
          "z": 0.9110904335975647
        },
        "rotation": {
          "roll": 0.03461888059973717,
          "pitch": 0.5008440613746643,
          "yaw": -90.71990966796875
        }
      },
      "matrix_world_from_sensor_carla": [
        [
          -0.012564011849462986,
          0.9999208450317383,
          0.0007139952504076064,
          109.89116668701172
        ],
        [
          -0.9998828768730164,
          -0.012569771148264408,
          0.008732982911169529,
          -22.740272521972656
        ],
        [
          0.008741266094148159,
          -0.0006041902815923095,
          0.9999616146087646,
          0.9110904335975647
        ],
        [
          0.0,
          0.0,
          0.0,
          1.0
        ]
      ],
      "matrix_world_from_sensor_bevfusion": [
        [
          -0.012564011849462986,
          -0.9999208450317383,
          0.0007139952504076064,
          109.89116668701172
        ],
        [
          0.9998828768730164,
          -0.012569771148264408,
          -0.008732982911169529,
          22.740272521972656
        ],
        [
          0.008741266094148159,
          0.0006041902815923095,
          0.9999616146087646,
          0.9110904335975647
        ],
        [
          0.0,
          0.0,
          0.0,
          1.0
        ]
      ],
      "matrix_ego_from_sensor_carla": [
        [
          1.0,
          -3.9703260124035467e-10,
          6.705305199972145e-10,
          2.0
        ],
        [
          3.523910330205382e-10,
          1.0,
          -3.2776364955466875e-11,
          7.62939453125e-06
        ],
        [
          -2.6079205461826405e-10,
          -3.2776364955466875e-11,
          1.0,
          0.8999999165534973
        ],
        [
          0.0,
          0.0,
          0.0,
          1.0
        ]
      ],
      "matrix_ego_from_sensor_bevfusion": [
        [
          1.0,
          3.9703260124035467e-10,
          6.705305199972145e-10,
          2.0
        ],
        [
          -3.523910330205382e-10,
          1.0,
          3.2776364955466875e-11,
          -7.62939453125e-06
        ],
        [
          -2.6079205461826405e-10,
          3.2776364955466875e-11,
          1.0,
          0.8999999165534973
        ],
        [
          0.0,
          0.0,
          0.0,
          1.0
        ]
      ],
      "data_path": "D:\\Agent-AI\\outputs\\s3a_left_v3\\sample_000002\\radar\\RADAR_FRONT.npy",
      "raw_layout": [
        "velocity",
        "altitude",
        "azimuth",
        "depth"
      ]
    },
    "RADAR_FRONT_LEFT": {
      "type_id": "sensor.other.radar",
      "blueprint_attributes": {
        "sensor_tick": "0.100000",
        "role_name": "default",
        "noise_seed": "0",
        "ros_name": "sensor.other.radar",
        "horizontal_fov": "35.0",
        "points_per_second": "1500",
        "vertical_fov": "20.0",
        "range": "120.0"
      },
      "transform_carla": {
        "location": {
          "x": 109.14562225341797,
          "y": -22.38088607788086,
          "z": 0.9084841012954712
        },
        "rotation": {
          "roll": -0.32967638969421387,
          "pitch": 0.37863150238990784,
          "yaw": -135.72116088867188
        }
      },
      "matrix_world_from_sensor_carla": [
        [
          -0.7159349918365479,
          0.6981666088104248,
          0.0007140557281672955,
          109.14562225341797
        ],
        [
          -0.6981356739997864,
          -0.7159122228622437,
          0.008733040653169155,
          -22.38088607788086
        ],
        [
          0.006608318537473679,
          0.00575378118082881,
          0.9999616146087646,
          0.9084841012954712
        ],
        [
          0.0,
          0.0,
          0.0,
          1.0
        ]
      ],
      "matrix_world_from_sensor_bevfusion": [
        [
          -0.7159349918365479,
          -0.6981666088104248,
          0.0007140557281672955,
          109.14562225341797
        ],
        [
          0.6981356739997864,
          -0.7159122228622437,
          -0.008733040653169155,
          22.38088607788086
        ],
        [
          0.006608318537473679,
          -0.00575378118082881,
          0.9999616146087646,
          0.9084841012954712
        ],
        [
          0.0,
          0.0,
          0.0,
          1.0
        ]
      ],
      "matrix_ego_from_sensor_carla": [
        [
          0.7071066498756409,
          0.70710688829422,
          -5.80027901264657e-08,
          1.6500015258789062
        ],
        [
          -0.70710688829422,
          0.7071067094802856,
          5.974649042173041e-08,
          -0.7499923706054688
        ],
        [
          8.394154349389282e-08,
          -1.0690140994640274e-09,
          1.0,
          0.8999999165534973
        ],
        [
          0.0,
          0.0,
          0.0,
          1.0
        ]
      ],
      "matrix_ego_from_sensor_bevfusion": [
        [
          0.7071066498756409,
          -0.70710688829422,
          -5.80027901264657e-08,
          1.6500015258789062
        ],
        [
          0.70710688829422,
          0.7071067094802856,
          -5.974649042173041e-08,
          0.7499923706054688
        ],
        [
          8.394154349389282e-08,
          1.0690140994640274e-09,
          1.0,
          0.8999999165534973
        ],
        [
          0.0,
          0.0,
          0.0,
          1.0
        ]
      ],
      "data_path": "D:\\Agent-AI\\outputs\\s3a_left_v3\\sample_000002\\radar\\RADAR_FRONT_LEFT.npy",
      "raw_layout": [
        "velocity",
        "altitude",
        "azimuth",
        "depth"
      ]
    },
    "RADAR_FRONT_RIGHT": {
      "type_id": "sensor.other.radar",
      "blueprint_attributes": {
        "sensor_tick": "0.100000",
        "role_name": "default",
        "noise_seed": "0",
        "ros_name": "sensor.other.radar",
        "horizontal_fov": "35.0",
        "points_per_second": "1500",
        "vertical_fov": "20.0",
        "range": "120.0"
      },
