{
  "schema_version": "stage1.v1",
  "sample_name": "sample_000005",
  "sequence_index": 5,
  "previous_sample_name": "sample_000004",
  "frame_id": 726278,
  "timestamp": 4997.694624725729,
  "platform_timestamp": 16813367.2200399,
  "delta_seconds": 0.10000000149011612,
  "town": "Carla/Maps/Town10HD_Opt",
  "weather": {
    "cloudiness": 20.0,
    "dust_storm": 0.0,
    "fog_density": 2.0,
    "fog_distance": 0.75,
    "fog_falloff": 0.10000000149011612,
    "mie_scattering_scale": 0.029999999329447746,
    "precipitation": 0.0,
    "precipitation_deposits": 0.0,
    "rayleigh_scattering_scale": 0.03310000151395798,
    "scattering_intensity": 1.0,
    "sun_altitude_angle": 45.0,
    "sun_azimuth_angle": 300.0,
    "wetness": 0.0,
    "wind_intensity": 10.0
  },
  "sensor_names": [
    "CAM_FRONT",
    "CAM_FRONT_RIGHT",
    "CAM_FRONT_LEFT",
    "CAM_BACK",
    "CAM_BACK_LEFT",
    "CAM_BACK_RIGHT",
    "LIDAR_TOP",
    "RADAR_FRONT",
    "RADAR_FRONT_LEFT",
    "RADAR_FRONT_RIGHT",
    "RADAR_BACK_LEFT",
    "RADAR_BACK_RIGHT"
  ],
  "camera_order_for_model": [
    "CAM_FRONT",
    "CAM_FRONT_RIGHT",
    "CAM_FRONT_LEFT",
    "CAM_BACK",
    "CAM_BACK_LEFT",
    "CAM_BACK_RIGHT"
  ],
  "radar_order_for_model": [
    "RADAR_FRONT",
    "RADAR_FRONT_LEFT",
    "RADAR_FRONT_RIGHT",
    "RADAR_BACK_LEFT",
    "RADAR_BACK_RIGHT"
  ],
  "coordinate_notes": {
    "carla_world": "left-handed x-forward y-right z-up",
    "bevfusion_lidar": "x-forward y-left z-up",
    "camera_frame_for_model": "OpenCV style x-right y-down z-forward"
  },
  "ego": {
    "actor_id": 49,
    "transform_carla": {
      "location": {
        "x": 106.35897827148438,
        "y": -23.16143798828125,
        "z": -0.005612983368337154
      },
      "rotation": {
        "roll": 0.02270578034222126,
        "pitch": 0.37994974851608276,
        "yaw": -91.33004760742188
      }
    },
    "velocity_carla": [
      -0.14428433775901794,
      -5.375669956207275,
      -0.0001602077390998602
    ],
    "angular_velocity_carla": [
      1.5155212879180908,
      -0.07578011602163315,
      -0.9128235578536987
    ],
    "matrix_world_from_ego_carla": [
      [
        -0.023211073130369186,
        0.9997304677963257,
        0.000550107448361814,
        106.35897827148438
      ],
      [
        -0.9997085928916931,
        -0.023214207962155342,
        0.006620339583605528,
        -23.16143798828125
      ],
      [
        0.006631325464695692,
        -0.0003962819173466414,
        0.9999779462814331,
        -0.005612983368337154
      ],
      [
        0.0,
        0.0,
        0.0,
        1.0
      ]
    ],
    "matrix_world_from_ego_bevfusion": [
      [
        -0.023211073130369186,
        -0.9997304677963257,
        0.000550107448361814,
        106.35897827148438
      ],
      [
        0.9997085928916931,
        -0.023214207962155342,
        -0.006620339583605528,
        23.16143798828125
      ],
      [
        0.006631325464695692,
        0.0003962819173466414,
        0.9999779462814331,
        -0.005612983368337154
      ],
      [
        0.0,
        0.0,
        0.0,
        1.0
      ]
    ]
  },
  "sensors": {
    "CAM_FRONT": {
      "type_id": "sensor.camera.rgb",
      "blueprint_attributes": {
        "role_name": "front",
        "ros_name": "sensor.camera.rgb",
        "chromatic_aberration_offset": "0.0",
        "sensor_tick": "0.100000",
        "fstop": "1.4",
        "image_size_x": "960",
        "image_size_y": "540",
        "fov": "70.00",
        "lens_circle_falloff": "5.0",
        "lens_circle_multiplier": "0.0",
        "exposure_compensation": "0.0",
        "lens_y_size": "0.08",
        "lens_k": "-1.0",
        "exposure_mode": "histogram",
        "lens_kcube": "0.0",
        "lens_x_size": "0.08",
        "exposure_max_bright": "12.0",
        "shutter_speed": "200.0",
        "bloom_intensity": "0.675",
        "iso": "100.0",
        "enable_postprocess_effects": "false",
        "gamma": "2.2",
        "motion_blur_intensity": "0.0",
        "motion_blur_max_distortion": "0.35",
        "lens_flare_intensity": "0.1",
        "motion_blur_min_object_screen_size": "0.1",
        "exposure_min_bright": "10.0",
        "exposure_speed_up": "3.0",
        "exposure_speed_down": "1.0",
        "tint": "0.0",
        "calibration_constant": "16.0",
        "focal_distance": "1000.0",
        "min_fstop": "1.2",
        "blade_count": "5",
        "blur_amount": "0.0",
        "blur_radius": "0.0",
        "slope": "0.88",
        "toe": "0.55",
        "white_clip": "0.04",
        "shoulder": "0.26",
        "black_clip": "0.0",
        "temp": "6500.0",
        "chromatic_aberration_intensity": "0.0"
      },
      "transform_carla": {
        "location": {
          "x": 106.32394409179688,
          "y": -24.699731826782227,
          "z": 1.7046281099319458
        },
        "rotation": {
          "roll": 0.02270578034222126,
          "pitch": 0.37994974851608276,
          "yaw": -91.33004760742188
        }
      },
      "matrix_world_from_sensor_carla": [
        [
          -0.023211073130369186,
          0.9997304677963257,
          0.000550107448361814,
          106.32394409179688
        ],
        [
          -0.9997085928916931,
          -0.023214207962155342,
          0.006620339583605528,
          -24.699731826782227
        ],
        [
          0.006631325464695692,
          -0.0003962819173466414,
          0.9999779462814331,
          1.7046281099319458
        ],
        [
          0.0,
          0.0,
          0.0,
          1.0
        ]
      ],
      "matrix_world_from_sensor_bevfusion": [
        [
          0.9997304677963257,
          -0.000550107448361814,
          -0.023211073130369186,
          106.32394409179688
        ],
        [
          0.023214207962155342,
          0.006620339583605528,
          0.9997085928916931,
          24.699731826782227
        ],
        [
          -0.0003962819173466414,
          -0.9999779462814331,
          0.006631325464695692,
          1.7046281099319458
        ],
        [
          0.0,
          0.0,
          0.0,
          1.0
        ]
      ],
      "matrix_ego_from_sensor_carla": [
        [
          1.0,
          6.600904267628493e-10,
          -2.7731039686784698e-11,
          1.5500011444091797
        ],
        [
          -1.2029323093187827e-09,
          1.0,
          -2.0762447316968746e-11,
          7.62939453125e-06
        ],
        [
          4.379199780579768e-10,
          8.340741292078846e-12,
          1.0,
          1.7000001668930054
        ],
        [
          0.0,
          0.0,
          0.0,
          1.0
        ]
      ],
      "matrix_ego_from_sensor_bevfusion": [
        [
          6.600904267628493e-10,
          2.7731039686784698e-11,
          1.0,
          1.5500011444091797
        ],
        [
          -1.0,
          -2.0762447316968746e-11,
          1.2029323093187827e-09,
          -7.62939453125e-06
        ],
        [
          8.340741292078846e-12,
          -1.0,
          4.379199780579768e-10,
          1.7000001668930054
        ],
        [
          0.0,
          0.0,
          0.0,
          1.0
        ]
      ],
      "camera_intrinsics": [
        [
          685.5110473632812,
          0.0,
          480.0
        ],
        [
          0.0,
          685.5110473632812,
          270.0
        ],
        [
          0.0,
          0.0,
          1.0
        ]
      ],
      "data_path": "D:\\Agent-AI\\outputs\\s3a_ml_long_v1\\sample_000005\\images\\CAM_FRONT.png",
      "raw_layout": "bgra8"
    },
    "CAM_FRONT_RIGHT": {
      "type_id": "sensor.camera.rgb",
      "blueprint_attributes": {
        "role_name": "front",
        "ros_name": "sensor.camera.rgb",
        "chromatic_aberration_offset": "0.0",
        "sensor_tick": "0.100000",
        "fstop": "1.4",
        "image_size_x": "960",
        "image_size_y": "540",
        "fov": "70.00",
        "lens_circle_falloff": "5.0",
        "lens_circle_multiplier": "0.0",
        "exposure_compensation": "0.0",
        "lens_y_size": "0.08",
        "lens_k": "-1.0",
        "exposure_mode": "histogram",
        "lens_kcube": "0.0",
        "lens_x_size": "0.08",
        "exposure_max_bright": "12.0",
        "shutter_speed": "200.0",
        "bloom_intensity": "0.675",
        "iso": "100.0",
        "enable_postprocess_effects": "false",
        "gamma": "2.2",
        "motion_blur_intensity": "0.0",
        "motion_blur_max_distortion": "0.35",
        "lens_flare_intensity": "0.1",
        "motion_blur_min_object_screen_size": "0.1",
        "exposure_min_bright": "10.0",
        "exposure_speed_up": "3.0",
        "exposure_speed_down": "1.0",
        "tint": "0.0",
        "calibration_constant": "16.0",
        "focal_distance": "1000.0",
        "min_fstop": "1.2",
        "blade_count": "5",
        "blur_amount": "0.0",
        "blur_radius": "0.0",
        "slope": "0.88",
        "toe": "0.55",
        "white_clip": "0.04",
        "shoulder": "0.26",
        "black_clip": "0.0",
        "temp": "6500.0",
        "chromatic_aberration_intensity": "0.0"
      },
      "transform_carla": {
        "location": {
          "x": 106.87960052490234,
          "y": -24.46257209777832,
          "z": 1.7027522325515747
        },
        "rotation": {
          "roll": 0.3242611885070801,
          "pitch": 0.19933223724365234,
          "yaw": -36.32955551147461
        }
      },
      "matrix_world_from_sensor_carla": [
        [
          0.8056179285049438,
          0.5924351811408997,
          0.0005500740371644497,
          106.87960052490234
        ],
        [
          -0.5924252271652222,
          0.8055981993675232,
          0.006620362401008606,
          -24.46257209777832
        ],
        [
          0.0034789969213306904,
          -0.005659360438585281,
          0.9999778866767883,
          1.7027522325515747
        ],
        [
          0.0,
          0.0,
          0.0,
          1.0
        ]
      ],
      "matrix_world_from_sensor_bevfusion": [
        [
          0.5924351811408997,
          -0.0005500740371644497,
          0.8056179285049438,
          106.87960052490234
        ],
        [
          -0.8055981993675232,
          0.006620362401008606,
          0.5924252271652222,
          24.46257209777832
        ],
        [
          -0.005659360438585281,
          -0.9999778866767883,
          0.0034789969213306904,
          1.7027522325515747
        ],
        [
          0.0,
          0.0,
          0.0,
          1.0
        ]
      ],
      "matrix_ego_from_sensor_carla": [
        [
          0.5735763907432556,
          -0.8191520571708679,
          -2.277473143408315e-08,
          1.2999992370605469
        ],
        [
          0.8191520571708679,
          0.5735763907432556,
          -3.393220993075374e-08,
          0.5500106811523438
        ],
        [
          4.0388993483020386e-08,
          9.440399573179548e-10,
          0.9999999403953552,
          1.7000000476837158
        ],
        [
          0.0,
          0.0,
          0.0,
          1.0
        ]
      ],
      "matrix_ego_from_sensor_bevfusion": [
        [
          -0.8191520571708679,
          2.277473143408315e-08,
          0.5735763907432556,
          1.2999992370605469
        ],
        [
          -0.5735763907432556,
          -3.393220993075374e-08,
          -0.8191520571708679,
          -0.5500106811523438
        ],
        [
          9.440399573179548e-10,
          -0.9999999403953552,
          4.0388993483020386e-08,
          1.7000000476837158
        ],
        [
          0.0,
          0.0,
          0.0,
          1.0
        ]
      ],
      "camera_intrinsics": [
        [
          685.5110473632812,
          0.0,
          480.0
        ],
        [
          0.0,
          685.5110473632812,
          270.0
        ],
        [
          0.0,
          0.0,
          1.0
        ]
      ],
      "data_path": "D:\\Agent-AI\\outputs\\s3a_ml_long_v1\\sample_000005\\images\\CAM_FRONT_RIGHT.png",
      "raw_layout": "bgra8"
    },
    "CAM_FRONT_LEFT": {
      "type_id": "sensor.camera.rgb",
      "blueprint_attributes": {
        "role_name": "front",
        "ros_name": "sensor.camera.rgb",
        "chromatic_aberration_offset": "0.0",
        "sensor_tick": "0.100000",
        "fstop": "1.4",
        "image_size_x": "960",
        "image_size_y": "540",
        "fov": "70.00",
        "lens_circle_falloff": "5.0",
        "lens_circle_multiplier": "0.0",
        "exposure_compensation": "0.0",
        "lens_y_size": "0.08",
        "lens_k": "-1.0",
        "exposure_mode": "histogram",
        "lens_kcube": "0.0",
        "lens_x_size": "0.08",
        "exposure_max_bright": "12.0",
        "shutter_speed": "200.0",
        "bloom_intensity": "0.675",
        "iso": "100.0",
        "enable_postprocess_effects": "false",
        "gamma": "2.2",
        "motion_blur_intensity": "0.0",
        "motion_blur_max_distortion": "0.35",
        "lens_flare_intensity": "0.1",
        "motion_blur_min_object_screen_size": "0.1",
        "exposure_min_bright": "10.0",
        "exposure_speed_up": "3.0",
        "exposure_speed_down": "1.0",
        "tint": "0.0",
        "calibration_constant": "16.0",
        "focal_distance": "1000.0",
        "min_fstop": "1.2",
        "blade_count": "5",
        "blur_amount": "0.0",
        "blur_radius": "0.0",
        "slope": "0.88",
        "toe": "0.55",
        "white_clip": "0.04",
        "shoulder": "0.26",
        "black_clip": "0.0",
        "temp": "6500.0",
        "chromatic_aberration_intensity": "0.0"
      },
      "transform_carla": {
        "location": {
          "x": 105.77989196777344,
          "y": -24.437036514282227,
          "z": 1.7031883001327515
        },
        "rotation": {
          "roll": -0.29821494221687317,
          "pitch": 0.2365226149559021,
          "yaw": -146.33071899414062
        }
      },
      "matrix_world_from_sensor_carla": [
        [
          -0.8322444558143616,
          0.554408609867096,
          0.0005500228144228458,
          105.77989196777344
        ],
        [
          -0.5543935298919678,
          -0.8322283625602722,
          0.006620284169912338,
          -24.437036514282227
        ],
        [
          0.004128086846321821,
          0.005204765126109123,
          0.9999779462814331,
          1.7031883001327515
        ],
        [
          0.0,
          0.0,
          0.0,
          1.0
        ]
      ],
      "matrix_world_from_sensor_bevfusion": [
        [
          0.554408609867096,
          -0.0005500228144228458,
          -0.8322444558143616,
          105.77989196777344
        ],
        [
          0.8322283625602722,
          0.006620284169912338,
          0.5543935298919678,
          24.437036514282227
        ],
        [
          0.005204765126109123,
          -0.9999779462814331,
          0.004128086846321821,
          1.7031883001327515
        ],
        [
          0.0,
          0.0,
          0.0,
          1.0
        ]
      ],
      "matrix_ego_from_sensor_carla": [
        [
          0.5735766291618347,
          0.8191519379615784,
          5.724860585587521e-08,
          1.3000011444091797
        ],
        [
          -0.8191518783569336,
          0.5735765695571899,
          -8.328682099545404e-08,
          -0.5499954223632812
        ],
        [
          -1.0128421479294047e-07,
          2.339126670136693e-10,
          1.0,
          1.7000001668930054
        ],
        [
          0.0,
          0.0,
          0.0,
          1.0
        ]
      ],
      "matrix_ego_from_sensor_bevfusion": [
        [
          0.8191519379615784,
          -5.724860585587521e-08,
          0.5735766291618347,
          1.3000011444091797
        ],
        [
          -0.5735765695571899,
          -8.328682099545404e-08,
          0.8191518783569336,
          0.5499954223632812
        ],
        [
          2.339126670136693e-10,
          -1.0,
          -1.0128421479294047e-07,
          1.7000001668930054
        ],
        [
          0.0,
          0.0,
          0.0,
          1.0
        ]
      ],
      "camera_intrinsics": [
        [
          685.5110473632812,
          0.0,
          480.0
        ],
        [
          0.0,
          685.5110473632812,
          270.0
        ],
        [
          0.0,
          0.0,
          1.0
        ]
      ],
      "data_path": "D:\\Agent-AI\\outputs\\s3a_ml_long_v1\\sample_000005\\images\\CAM_FRONT_LEFT.png",
      "raw_layout": "bgra8"
    },
    "CAM_BACK": {
      "type_id": "sensor.camera.rgb",
      "blueprint_attributes": {
        "role_name": "front",
        "ros_name": "sensor.camera.rgb",
        "chromatic_aberration_offset": "0.0",
        "sensor_tick": "0.100000",
        "fstop": "1.4",
        "image_size_x": "960",
        "image_size_y": "540",
        "fov": "70.00",
        "lens_circle_falloff": "5.0",
        "lens_circle_multiplier": "0.0",
        "exposure_compensation": "0.0",
        "lens_y_size": "0.08",
        "lens_k": "-1.0",
        "exposure_mode": "histogram",
        "lens_kcube": "0.0",
        "lens_x_size": "0.08",
        "exposure_max_bright": "12.0",
        "shutter_speed": "200.0",
        "bloom_intensity": "0.675",
        "iso": "100.0",
        "enable_postprocess_effects": "false",
        "gamma": "2.2",
        "motion_blur_intensity": "0.0",
        "motion_blur_max_distortion": "0.35",
        "lens_flare_intensity": "0.1",
        "motion_blur_min_object_screen_size": "0.1",
        "exposure_min_bright": "10.0",
        "exposure_speed_up": "3.0",
        "exposure_speed_down": "1.0",
        "tint": "0.0",
        "calibration_constant": "16.0",
        "focal_distance": "1000.0",
        "min_fstop": "1.2",
        "blade_count": "5",
        "blur_amount": "0.0",
        "blur_radius": "0.0",
        "slope": "0.88",
        "toe": "0.55",
        "white_clip": "0.04",
        "shoulder": "0.26",
        "black_clip": "0.0",
        "temp": "6500.0",
        "chromatic_aberration_intensity": "0.0"
      },
      "transform_carla": {
        "location": {
          "x": 106.3958969116211,
          "y": -21.60063362121582,
          "z": 1.6840708255767822
        },
        "rotation": {
          "roll": -0.022705914452672005,
          "pitch": -0.37994974851608276,
          "yaw": 88.66996765136719
        }
      },
      "matrix_world_from_sensor_carla": [
        [
          0.023210866376757622,
          -0.9997304677963257,
          0.0005501083796843886,
          106.3958969116211
        ],
        [
          0.9997085928916931,
          0.023214001208543777,
          0.006620339583605528,
          -21.60063362121582
        ],
        [
          -0.006631325464695692,
          0.0003962842747569084,
          0.9999779462814331,
          1.6840708255767822
        ],
        [
          0.0,
          0.0,
          0.0,
          1.0
        ]
      ],
      "matrix_world_from_sensor_bevfusion": [
        [
          -0.9997304677963257,
          -0.0005501083796843886,
          0.023210866376757622,
          106.3958969116211
        ],
        [
          -0.023214001208543777,
          0.006620339583605528,
          -0.9997085928916931,
          21.60063362121582
        ],
        [
          0.0003962842747569084,
          -0.9999779462814331,
          -0.006631325464695692,
          1.6840708255767822
        ],
        [
          0.0,
          0.0,
          0.0,
          1.0
        ]
      ],
      "matrix_ego_from_sensor_carla": [
        [
          -1.0,
          2.0604889527930936e-07,
          -2.7731039686784698e-11,
          -1.5500011444091797
        ],
        [
          -2.055506769238491e-07,
          -1.0,
          9.105601272985098e-10,
          7.62939453125e-06
        ],
        [
          -4.379199780579768e-10,
          9.81137504574292e-10,
          1.0,
          1.6999999284744263
        ],
        [
          0.0,
          0.0,
          0.0,
          1.0
        ]
      ],
      "matrix_ego_from_sensor_bevfusion": [
        [
          2.0604889527930936e-07,
          2.7731039686784698e-11,
          -1.0,
          -1.5500011444091797
        ],
        [
          1.0,
          9.105601272985098e-10,
          2.055506769238491e-07,
          -7.62939453125e-06
        ],
        [
          9.81137504574292e-10,
          -1.0,
          -4.379199780579768e-10,
          1.6999999284744263
        ],
        [
          0.0,
          0.0,
          0.0,
          1.0
        ]
      ],
      "camera_intrinsics": [
        [
          685.5110473632812,
          0.0,
          480.0
        ],
        [
          0.0,
          685.5110473632812,
          270.0
        ],
        [
          0.0,
          0.0,
          1.0
        ]
      ],
      "data_path": "D:\\Agent-AI\\outputs\\s3a_ml_long_v1\\sample_000005\\images\\CAM_BACK.png",
      "raw_layout": "bgra8"
    },
    "CAM_BACK_LEFT": {
      "type_id": "sensor.camera.rgb",
      "blueprint_attributes": {
        "role_name": "front",
        "ros_name": "sensor.camera.rgb",
        "chromatic_aberration_offset": "0.0",
        "sensor_tick": "0.100000",
        "fstop": "1.4",
        "image_size_x": "960",
        "image_size_y": "540",
        "fov": "70.00",
        "lens_circle_falloff": "5.0",
        "lens_circle_multiplier": "0.0",
        "exposure_compensation": "0.0",
        "lens_y_size": "0.08",
        "lens_k": "-1.0",
        "exposure_mode": "histogram",
        "lens_kcube": "0.0",
        "lens_x_size": "0.08",
        "exposure_max_bright": "12.0",
        "shutter_speed": "200.0",
        "bloom_intensity": "0.675",
        "iso": "100.0",
        "enable_postprocess_effects": "false",
        "gamma": "2.2",
        "motion_blur_intensity": "0.0",
        "motion_blur_max_distortion": "0.35",
        "lens_flare_intensity": "0.1",
        "motion_blur_min_object_screen_size": "0.1",
        "exposure_min_bright": "10.0",
        "exposure_speed_up": "3.0",
        "exposure_speed_down": "1.0",
        "tint": "0.0",
        "calibration_constant": "16.0",
        "focal_distance": "1000.0",
        "min_fstop": "1.2",
        "blade_count": "5",
        "blur_amount": "0.0",
        "blur_radius": "0.0",
        "slope": "0.88",
        "toe": "0.55",
        "white_clip": "0.04",
        "shoulder": "0.26",
        "black_clip": "0.0",
        "temp": "6500.0",
        "chromatic_aberration_intensity": "0.0"
      },
      "transform_carla": {
        "location": {
          "x": 105.84024047851562,
          "y": -21.837793350219727,
          "z": 1.6859468221664429
        },
        "rotation": {
          "roll": -0.3242611885070801,
          "pitch": -0.19933223724365234,
          "yaw": 143.67044067382812
        }
      },
      "matrix_world_from_sensor_carla": [
        [
          -0.8056178092956543,
          -0.592435359954834,
          0.0005500756669789553,
          105.84024047851562
        ],
        [
          0.5924254059791565,
          -0.8055980801582336,
          0.006620362401008606,
          -21.837793350219727
        ],
        [
          -0.0034789969213306904,
          0.005659360438585281,
          0.9999778866767883,
          1.6859468221664429
        ],
        [
          0.0,
          0.0,
          0.0,
          1.0
        ]
      ],
      "matrix_world_from_sensor_bevfusion": [
        [
          -0.592435359954834,
          -0.0005500756669789553,
          -0.8056178092956543,
          105.84024047851562
        ],
        [
          0.8055980801582336,
          0.006620362401008606,
          -0.5924254059791565,
          21.837793350219727
        ],
        [
          0.005659360438585281,
          -0.9999778866767883,
          -0.0034789969213306904,
          1.6859468221664429
        ],
        [
          0.0,
          0.0,
          0.0,
          1.0
        ]
      ],
      "matrix_ego_from_sensor_carla": [
        [
          -0.5735765695571899,
          0.8191519379615784,
          -2.277473143408315e-08,
          -1.3000011444091797
        ],
        [
          -0.8191519379615784,
          -0.5735765695571899,
          -3.2302395425176655e-08,
          -0.5499954223632812
        ],
        [
          -3.922484026475104e-08,
          -4.783786700102155e-10,
          0.9999999403953552,
          1.7000001668930054
        ],
        [
          0.0,
          0.0,
          0.0,
          1.0
        ]
      ],
      "matrix_ego_from_sensor_bevfusion": [
        [
          0.8191519379615784,
          2.277473143408315e-08,
          -0.5735765695571899,
          -1.3000011444091797
        ],
        [
          0.5735765695571899,
          -3.2302395425176655e-08,
          0.8191519379615784,
          0.5499954223632812
        ],
        [
          -4.783786700102155e-10,
          -0.9999999403953552,
          -3.922484026475104e-08,
          1.7000001668930054
        ],
        [
          0.0,
          0.0,
          0.0,
          1.0
        ]
      ],
      "camera_intrinsics": [
        [
          685.5110473632812,
          0.0,
          480.0
        ],
        [
          0.0,
          685.5110473632812,
          270.0
        ],
        [
          0.0,
          0.0,
          1.0
        ]
      ],
      "data_path": "D:\\Agent-AI\\outputs\\s3a_ml_long_v1\\sample_000005\\images\\CAM_BACK_LEFT.png",
      "raw_layout": "bgra8"
    },
    "CAM_BACK_RIGHT": {
      "type_id": "sensor.camera.rgb",
      "blueprint_attributes": {
        "role_name": "front",
        "ros_name": "sensor.camera.rgb",
        "chromatic_aberration_offset": "0.0",
        "sensor_tick": "0.100000",
        "fstop": "1.4",
        "image_size_x": "960",
        "image_size_y": "540",
        "fov": "70.00",
        "lens_circle_falloff": "5.0",
        "lens_circle_multiplier": "0.0",
        "exposure_compensation": "0.0",
        "lens_y_size": "0.08",
        "lens_k": "-1.0",
        "exposure_mode": "histogram",
        "lens_kcube": "0.0",
        "lens_x_size": "0.08",
        "exposure_max_bright": "12.0",
        "shutter_speed": "200.0",
        "bloom_intensity": "0.675",
        "iso": "100.0",
        "enable_postprocess_effects": "false",
        "gamma": "2.2",
        "motion_blur_intensity": "0.0",
        "motion_blur_max_distortion": "0.35",
        "lens_flare_intensity": "0.1",
        "motion_blur_min_object_screen_size": "0.1",
        "exposure_min_bright": "10.0",
        "exposure_speed_up": "3.0",
        "exposure_speed_down": "1.0",
        "tint": "0.0",
        "calibration_constant": "16.0",
        "focal_distance": "1000.0",
        "min_fstop": "1.2",
        "blade_count": "5",
        "blur_amount": "0.0",
        "blur_radius": "0.0",
        "slope": "0.88",
        "toe": "0.55",
        "white_clip": "0.04",
        "shoulder": "0.26",
        "black_clip": "0.0",
        "temp": "6500.0",
        "chromatic_aberration_intensity": "0.0"
      },
      "transform_carla": {
        "location": {
          "x": 106.93994140625,
          "y": -21.86332893371582,
          "z": 1.6855108737945557
        },
        "rotation": {
          "roll": 0.29821503162384033,
          "pitch": -0.2365226149559021,
          "yaw": 33.66927719116211
        }
      },
      "matrix_world_from_sensor_carla": [
        [
          0.8322443962097168,
          -0.554408609867096,
          0.0005500218831002712,
          106.93994140625
        ],
        [
          0.5543935298919678,
          0.8322283029556274,
          0.006620285101234913,
          -21.86332893371582
        ],
        [
          -0.004128086846321821,
          -0.005204766523092985,
          0.9999779462814331,
          1.6855108737945557
        ],
        [
          0.0,
          0.0,
          0.0,
          1.0
        ]
      ],
      "matrix_world_from_sensor_bevfusion": [
        [
          -0.554408609867096,
          -0.0005500218831002712,
          0.8322443962097168,
          106.93994140625
        ],
        [
          -0.8322283029556274,
          0.006620285101234913,
          -0.5543935298919678,
          21.86332893371582
        ],
        [
          -0.005204766523092985,
          -0.9999779462814331,
          -0.004128086846321821,
          1.6855108737945557
        ],
        [
          0.0,
          0.0,
          0.0,
          1.0
        ]
      ],
      "matrix_ego_from_sensor_carla": [
        [
          -0.5735766291618347,
          -0.8191518783569336,
          5.6317283281259733e-08,
          -1.3000011444091797
        ],
        [
          0.8191518187522888,
          -0.5735765695571899,
          -8.424724740052625e-08,
          0.5499954223632812
        ],
        [
          1.0128421479294047e-07,
          -2.0965269520445418e-09,
          1.0,
          1.7000001668930054
        ],
        [
          0.0,
          0.0,
          0.0,
          1.0
        ]
      ],
      "matrix_ego_from_sensor_bevfusion": [
        [
          -0.8191518783569336,
          -5.6317283281259733e-08,
          -0.5735766291618347,
          -1.3000011444091797
        ],
        [
          0.5735765695571899,
          -8.424724740052625e-08,
          -0.8191518187522888,
          -0.5499954223632812
        ],
        [
          -2.0965269520445418e-09,
          -1.0,
          1.0128421479294047e-07,
          1.7000001668930054
        ],
        [
          0.0,
          0.0,
          0.0,
          1.0
        ]
      ],
      "camera_intrinsics": [
        [
          685.5110473632812,
          0.0,
          480.0
        ],
        [
          0.0,
          685.5110473632812,
          270.0
        ],
        [
          0.0,
          0.0,
          1.0
        ]
      ],
      "data_path": "D:\\Agent-AI\\outputs\\s3a_ml_long_v1\\sample_000005\\images\\CAM_BACK_RIGHT.png",
      "raw_layout": "bgra8"
    },
    "LIDAR_TOP": {
      "type_id": "sensor.lidar.ray_cast",
      "blueprint_attributes": {
        "atmosphere_attenuation_rate": "0.004",
        "role_name": "front",
        "noise_seed": "0",
        "upper_fov": "10.0",
        "ros_name": "sensor.lidar.ray_cast",
        "sensor_tick": "0.100000",
        "channels": "32",
        "range": "120.0",
        "points_per_second": "360000",
        "lower_fov": "-30.0",
        "rotation_frequency": "10.000000",
        "horizontal_fov": "360.0",
        "dropoff_general_rate": "0.0",
        "dropoff_intensity_limit": "1.0",
        "noise_stddev": "0.0",
        "dropoff_zero_intensity": "0.0"
      },
      "transform_carla": {
        "location": {
          "x": 106.36019134521484,
          "y": -23.14687156677246,
          "z": 2.19433856010437
        },
        "rotation": {
          "roll": 0.02270578034222126,
          "pitch": 0.37994974851608276,
          "yaw": -91.33004760742188
        }
      },
      "matrix_world_from_sensor_carla": [
        [
          -0.023211073130369186,
          0.9997304677963257,
          0.000550107448361814,
          106.36019134521484
        ],
        [
          -0.9997085928916931,
          -0.023214207962155342,
          0.006620339583605528,
          -23.14687156677246
        ],
        [
          0.006631325464695692,
          -0.0003962819173466414,
          0.9999779462814331,
          2.19433856010437
        ],
        [
          0.0,
          0.0,
          0.0,
          1.0
        ]
      ],
      "matrix_world_from_sensor_bevfusion": [
        [
          -0.023211073130369186,
          -0.9997304677963257,
          0.000550107448361814,
          106.36019134521484
        ],
        [
          0.9997085928916931,
          -0.023214207962155342,
          -0.006620339583605528,
          23.14687156677246
        ],
        [
          0.006631325464695692,
          0.0003962819173466414,
          0.9999779462814331,
          2.19433856010437
        ],
        [
          0.0,
          0.0,
          0.0,
          1.0
        ]
      ],
      "matrix_ego_from_sensor_carla": [
        [
          1.0,
          6.600904267628493e-10,
          -2.7731039686784698e-11,
          -1.9073486328125e-06
        ],
        [
          -1.2029323093187827e-09,
          1.0,
          -2.0762447316968746e-11,
          7.62939453125e-06
        ],
        [
          4.379199780579768e-10,
          8.340741292078846e-12,
          1.0,
          2.200000047683716
        ],
        [
          0.0,
          0.0,
          0.0,
          1.0
        ]
      ],
      "matrix_ego_from_sensor_bevfusion": [
        [
          1.0,
          -6.600904267628493e-10,
          -2.7731039686784698e-11,
          -1.9073486328125e-06
        ],
        [
          1.2029323093187827e-09,
          1.0,
          2.0762447316968746e-11,
          -7.62939453125e-06
        ],
        [
          4.379199780579768e-10,
          -8.340741292078846e-12,
          1.0,
          2.200000047683716
        ],
        [
          0.0,
          0.0,
          0.0,
          1.0
        ]
      ],
      "data_path": "D:\\Agent-AI\\outputs\\s3a_ml_long_v1\\sample_000005\\lidar\\LIDAR_TOP.npy",
      "raw_layout": [
        "x",
        "y",
        "z",
        "intensity"
      ]
    },
    "RADAR_FRONT": {
      "type_id": "sensor.other.radar",
      "blueprint_attributes": {
        "sensor_tick": "0.100000",
        "role_name": "default",
        "noise_seed": "0",
        "ros_name": "sensor.other.radar",
        "horizontal_fov": "35.0",
        "points_per_second": "1500",
        "vertical_fov": "20.0",
        "range": "120.0"
      },
      "transform_carla": {
        "location": {
          "x": 106.31305694580078,
          "y": -25.154897689819336,
          "z": 0.9076298475265503
        },
        "rotation": {
          "roll": 0.02270578034222126,
          "pitch": 0.37994974851608276,
          "yaw": -91.33004760742188
        }
      },
      "matrix_world_from_sensor_carla": [
        [
          -0.023211073130369186,
          0.9997304677963257,
          0.000550107448361814,
          106.31305694580078
        ],
        [
          -0.9997085928916931,
          -0.023214207962155342,
          0.006620339583605528,
          -25.154897689819336
        ],
        [
          0.006631325464695692,
          -0.0003962819173466414,
          0.9999779462814331,
          0.9076298475265503
        ],
        [
          0.0,
          0.0,
          0.0,
          1.0
        ]
      ],
      "matrix_world_from_sensor_bevfusion": [
        [
          -0.023211073130369186,
          -0.9997304677963257,
          0.000550107448361814,
          106.31305694580078
        ],
        [
          0.9997085928916931,
          -0.023214207962155342,
          -0.006620339583605528,
          25.154897689819336
        ],
        [
          0.006631325464695692,
          0.0003962819173466414,
          0.9999779462814331,
          0.9076298475265503
        ],
        [
          0.0,
          0.0,
          0.0,
          1.0
        ]
      ],
      "matrix_ego_from_sensor_carla": [
        [
          1.0,
          6.600904267628493e-10,
          -2.7731039686784698e-11,
          2.000001907348633
        ],
        [
          -1.2029323093187827e-09,
          1.0,
          -2.0762447316968746e-11,
          7.62939453125e-06
        ],
        [
          4.379199780579768e-10,
          8.340741292078846e-12,
          1.0,
          0.9000000357627869
        ],
        [
          0.0,
          0.0,
          0.0,
          1.0
        ]
      ],
      "matrix_ego_from_sensor_bevfusion": [
        [
          1.0,
          -6.600904267628493e-10,
          -2.7731039686784698e-11,
          2.000001907348633
        ],
        [
          1.2029323093187827e-09,
          1.0,
          2.0762447316968746e-11,
          -7.62939453125e-06
        ],
        [
          4.379199780579768e-10,
          -8.340741292078846e-12,
          1.0,
          0.9000000357627869
        ],
        [
          0.0,
          0.0,
          0.0,
          1.0
        ]
      ],
      "data_path": "D:\\Agent-AI\\outputs\\s3a_ml_long_v1\\sample_000005\\radar\\RADAR_FRONT.npy",
      "raw_layout": [
        "velocity",
        "altitude",
        "azimuth",
        "depth"
      ]
    },
    "RADAR_FRONT_LEFT": {
      "type_id": "sensor.other.radar",
      "blueprint_attributes": {
        "sensor_tick": "0.100000",
        "role_name": "default",
        "noise_seed": "0",
        "ros_name": "sensor.other.radar",
        "horizontal_fov": "35.0",
        "points_per_second": "1500",
        "vertical_fov": "20.0",
        "range": "120.0"
      },
      "transform_carla": {
        "location": {
          "x": 105.57138061523438,
          "y": -24.787588119506836,
          "z": 0.9056060314178467
        },
        "rotation": {
          "roll": -0.25261190533638,
          "pitch": 0.2847164273262024,
          "yaw": -136.33074951171875
        }
      },
      "matrix_world_from_sensor_carla": [
        [
          -0.7233289480209351,
          0.6905033588409424,
          0.0005500726401805878,
          105.57138061523438
        ],
        [
          -0.6904857158660889,
          -0.7233157157897949,
          0.00662030465900898,
          -24.787588119506836
        ],
        [
          0.004969218745827675,
          0.0044088405556976795,
          0.9999779462814331,
          0.9056060314178467
        ],
        [
          0.0,
          0.0,
          0.0,
          1.0
        ]
      ],
      "matrix_world_from_sensor_bevfusion": [
        [
          -0.7233289480209351,
          -0.6905033588409424,
          0.0005500726401805878,
          105.57138061523438
        ],
        [
          0.6904857158660889,
          -0.7233157157897949,
          -0.00662030465900898,
          24.787588119506836
        ],
        [
          0.004969218745827675,
          -0.0044088405556976795,
          0.9999779462814331,
          0.9056060314178467
        ],
        [
          0.0,
          0.0,
          0.0,
          1.0
        ]
      ],
      "matrix_ego_from_sensor_carla": [
        [
          0.7071067094802856,
          0.70710688829422,
          3.536252535241147e-08,
          1.6500015258789062
        ],
        [
          -0.7071068286895752,
          0.7071067094802856,
          -3.4014036032203876e-08,
          -0.7499923706054688
        ],
        [
          -4.95194463212556e-08,
          -1.3051035807620792e-09,
          1.0,
          0.8999999761581421
        ],
        [
          0.0,
          0.0,
          0.0,
          1.0
        ]
      ],
      "matrix_ego_from_sensor_bevfusion": [
        [
          0.7071067094802856,
          -0.70710688829422,
          3.536252535241147e-08,
          1.6500015258789062
        ],
        [
          0.7071068286895752,
          0.7071067094802856,
          3.4014036032203876e-08,
          0.7499923706054688
        ],
        [
          -4.95194463212556e-08,
          1.3051035807620792e-09,
          1.0,
          0.8999999761581421
        ],
        [
          0.0,
          0.0,
          0.0,
          1.0
        ]
      ],
      "data_path": "D:\\Agent-AI\\outputs\\s3a_ml_long_v1\\sample_000005\\radar\\RADAR_FRONT_LEFT.npy",
      "raw_layout": [
        "velocity",
        "altitude",
        "azimuth",
        "depth"
      ]
    },
    "RADAR_FRONT_RIGHT": {
      "type_id": "sensor.other.radar",
      "blueprint_attributes": {
        "sensor_tick": "0.100000",
        "role_name": "default",
