{
  "schema_version": "stage1.v1",
  "sample_name": "sample_000046",
  "sequence_index": 46,
  "previous_sample_name": "sample_000045",
  "frame_id": 60047,
  "timestamp": 439.6197008192539,
  "platform_timestamp": 16814582.0809373,
  "delta_seconds": 0.10000000149011612,
  "town": "Carla/Maps/Town10HD_Opt",
  "weather": {
    "cloudiness": 20.0,
    "dust_storm": 0.0,
    "fog_density": 2.0,
    "fog_distance": 0.75,
    "fog_falloff": 0.10000000149011612,
    "mie_scattering_scale": 0.029999999329447746,
    "precipitation": 0.0,
    "precipitation_deposits": 0.0,
    "rayleigh_scattering_scale": 0.03310000151395798,
    "scattering_intensity": 1.0,
    "sun_altitude_angle": 45.0,
    "sun_azimuth_angle": 300.0,
    "wetness": 0.0,
    "wind_intensity": 10.0
  },
  "sensor_names": [
    "CAM_FRONT",
    "CAM_FRONT_RIGHT",
    "CAM_FRONT_LEFT",
    "CAM_BACK",
    "CAM_BACK_LEFT",
    "CAM_BACK_RIGHT",
    "LIDAR_TOP",
    "RADAR_FRONT",
    "RADAR_FRONT_LEFT",
    "RADAR_FRONT_RIGHT",
    "RADAR_BACK_LEFT",
    "RADAR_BACK_RIGHT"
  ],
  "camera_order_for_model": [
    "CAM_FRONT",
    "CAM_FRONT_RIGHT",
    "CAM_FRONT_LEFT",
    "CAM_BACK",
    "CAM_BACK_LEFT",
    "CAM_BACK_RIGHT"
  ],
  "radar_order_for_model": [
    "RADAR_FRONT",
    "RADAR_FRONT_LEFT",
    "RADAR_FRONT_RIGHT",
    "RADAR_BACK_LEFT",
    "RADAR_BACK_RIGHT"
  ],
  "coordinate_notes": {
    "carla_world": "left-handed x-forward y-right z-up",
    "bevfusion_lidar": "x-forward y-left z-up",
    "camera_frame_for_model": "OpenCV style x-right y-down z-forward"
  },
  "ego": {
    "actor_id": 28,
    "transform_carla": {
      "location": {
        "x": 94.20052337646484,
        "y": -52.21697998046875,
        "z": -0.004818534944206476
      },
      "rotation": {
        "roll": 0.6205092072486877,
        "pitch": 0.13320234417915344,
        "yaw": -133.64268493652344
      }
    },
    "velocity_carla": [
      -5.966428279876709,
      -5.862035274505615,
      -0.00015144348435569555
    ],
    "angular_velocity_carla": [
      1.4326773881912231,
      1.3703076839447021,
      -15.549522399902344
    ],
    "matrix_world_from_ego_carla": [
      [
        -0.6901569366455078,
        0.7235981225967407,
        0.009441409260034561,
        94.20052337646484
      ],
      [
        -0.7236559987068176,
        -0.6901365518569946,
        -0.005791950039565563,
        -52.21697998046875
      ],
      [
        0.002324817469343543,
        -0.010829688049852848,
        0.9999386668205261,
        -0.004818534944206476
      ],
      [
        0.0,
        0.0,
        0.0,
        1.0
      ]
    ],
    "matrix_world_from_ego_bevfusion": [
      [
        -0.6901569366455078,
        -0.7235981225967407,
        0.009441409260034561,
        94.20052337646484
      ],
      [
        0.7236559987068176,
        -0.6901365518569946,
        0.005791950039565563,
        52.21697998046875
      ],
      [
        0.002324817469343543,
        0.010829688049852848,
        0.9999386668205261,
        -0.004818534944206476
      ],
      [
        0.0,
        0.0,
        0.0,
        1.0
      ]
    ]
  },
  "sensors": {
    "CAM_FRONT": {
      "type_id": "sensor.camera.rgb",
      "blueprint_attributes": {
        "role_name": "front",
        "ros_name": "sensor.camera.rgb",
        "chromatic_aberration_offset": "0.0",
        "sensor_tick": "0.100000",
        "fstop": "1.4",
        "image_size_x": "960",
        "image_size_y": "540",
        "fov": "70.00",
        "lens_circle_falloff": "5.0",
        "lens_circle_multiplier": "0.0",
        "exposure_compensation": "0.0",
        "lens_y_size": "0.08",
        "lens_k": "-1.0",
        "exposure_mode": "histogram",
        "lens_kcube": "0.0",
        "lens_x_size": "0.08",
        "exposure_max_bright": "12.0",
        "shutter_speed": "200.0",
        "bloom_intensity": "0.675",
        "iso": "100.0",
        "enable_postprocess_effects": "false",
        "gamma": "2.2",
        "motion_blur_intensity": "0.0",
        "motion_blur_max_distortion": "0.35",
        "lens_flare_intensity": "0.1",
        "motion_blur_min_object_screen_size": "0.1",
        "exposure_min_bright": "10.0",
        "exposure_speed_up": "3.0",
        "exposure_speed_down": "1.0",
        "tint": "0.0",
        "calibration_constant": "16.0",
        "focal_distance": "1000.0",
        "min_fstop": "1.2",
        "blade_count": "5",
        "blur_amount": "0.0",
        "blur_radius": "0.0",
        "slope": "0.88",
        "toe": "0.55",
        "white_clip": "0.04",
        "shoulder": "0.26",
        "black_clip": "0.0",
        "temp": "6500.0",
        "chromatic_aberration_intensity": "0.0"
      },
      "transform_carla": {
        "location": {
          "x": 93.14683532714844,
          "y": -53.34849548339844,
          "z": 1.6986806392669678
        },
        "rotation": {
          "roll": 0.6205092072486877,
          "pitch": 0.13320234417915344,
          "yaw": -133.64268493652344
        }
      },
      "matrix_world_from_sensor_carla": [
        [
          -0.6901569366455078,
          0.7235981225967407,
          0.009441409260034561,
          93.14683532714844
        ],
        [
          -0.7236559987068176,
          -0.6901365518569946,
          -0.005791950039565563,
          -53.34849548339844
        ],
        [
          0.002324817469343543,
          -0.010829688049852848,
          0.9999386668205261,
          1.6986806392669678
        ],
        [
          0.0,
          0.0,
          0.0,
          1.0
        ]
      ],
      "matrix_world_from_sensor_bevfusion": [
        [
          0.7235981225967407,
          -0.009441409260034561,
          -0.6901569366455078,
          93.14683532714844
        ],
        [
          0.6901365518569946,
          -0.005791950039565563,
          0.7236559987068176,
          53.34849548339844
        ],
        [
          -0.010829688049852848,
          -0.9999386668205261,
          0.002324817469343543,
          1.6986806392669678
        ],
        [
          0.0,
          0.0,
          0.0,
          1.0
        ]
      ],
      "matrix_ego_from_sensor_carla": [
        [
          1.0,
          1.4076257492945388e-08,
          -9.60931750837446e-11,
          1.5499992370605469
        ],
        [
          1.4078421983754197e-08,
          1.0,
          -7.451745887010475e-10,
          7.62939453125e-06
        ],
        [
          -9.60931750837446e-11,
          -7.451174677264305e-10,
          1.0,
          1.7000000476837158
        ],
        [
          0.0,
          0.0,
          0.0,
          1.0
        ]
      ],
      "matrix_ego_from_sensor_bevfusion": [
        [
          1.4076257492945388e-08,
          9.60931750837446e-11,
          1.0,
          1.5499992370605469
        ],
        [
          -1.0,
          -7.451745887010475e-10,
          -1.4078421983754197e-08,
          -7.62939453125e-06
        ],
        [
          -7.451174677264305e-10,
          -1.0,
          -9.60931750837446e-11,
          1.7000000476837158
        ],
        [
          0.0,
          0.0,
          0.0,
          1.0
        ]
      ],
      "camera_intrinsics": [
        [
          685.5110473632812,
          0.0,
          480.0
        ],
        [
          0.0,
          685.5110473632812,
          270.0
        ],
        [
          0.0,
          0.0,
          1.0
        ]
      ],
      "data_path": "D:\\Agent-AI\\outputs\\s3a_ml_long_v2\\sample_000046\\images\\CAM_FRONT.png",
      "raw_layout": "bgra8"
    },
    "CAM_FRONT_RIGHT": {
      "type_id": "sensor.camera.rgb",
      "blueprint_attributes": {
        "role_name": "front",
        "ros_name": "sensor.camera.rgb",
        "chromatic_aberration_offset": "0.0",
        "sensor_tick": "0.100000",
        "fstop": "1.4",
        "image_size_x": "960",
        "image_size_y": "540",
        "fov": "70.00",
        "lens_circle_falloff": "5.0",
        "lens_circle_multiplier": "0.0",
        "exposure_compensation": "0.0",
        "lens_y_size": "0.08",
        "lens_k": "-1.0",
        "exposure_mode": "histogram",
        "lens_kcube": "0.0",
        "lens_x_size": "0.08",
        "exposure_max_bright": "12.0",
        "shutter_speed": "200.0",
        "bloom_intensity": "0.675",
        "iso": "100.0",
        "enable_postprocess_effects": "false",
        "gamma": "2.2",
        "motion_blur_intensity": "0.0",
        "motion_blur_max_distortion": "0.35",
        "lens_flare_intensity": "0.1",
        "motion_blur_min_object_screen_size": "0.1",
        "exposure_min_bright": "10.0",
        "exposure_speed_up": "3.0",
        "exposure_speed_down": "1.0",
        "tint": "0.0",
        "calibration_constant": "16.0",
        "focal_distance": "1000.0",
        "min_fstop": "1.2",
        "blade_count": "5",
        "blur_amount": "0.0",
        "blur_radius": "0.0",
        "slope": "0.88",
        "toe": "0.55",
        "white_clip": "0.04",
        "shoulder": "0.26",
        "black_clip": "0.0",
        "temp": "6500.0",
        "chromatic_aberration_intensity": "0.0"
      },
      "transform_carla": {
        "location": {
          "x": 93.71735382080078,
          "y": -53.547157287597656,
          "z": 1.6921430826187134
        },
        "rotation": {
          "roll": 0.46503281593322754,
          "pitch": -0.4318864941596985,
          "yaw": -78.64514923095703
        }
      },
      "matrix_world_from_sensor_carla": [
        [
          0.19687925279140472,
          0.9803822636604309,
          0.009441424161195755,
          93.71735382080078
        ],
        [
          -0.9803987145423889,
          0.19693833589553833,
          -0.005792017560452223,
          -53.547157287597656
        ],
        [
          -0.007537770085036755,
          -0.008116032928228378,
          0.9999386072158813,
          1.6921430826187134
        ],
        [
          0.0,
          0.0,
          0.0,
          1.0
        ]
      ],
      "matrix_world_from_sensor_bevfusion": [
        [
          0.9803822636604309,
          -0.009441424161195755,
          0.19687925279140472,
          93.71735382080078
        ],
        [
          -0.19693833589553833,
          -0.005792017560452223,
          0.9803987145423889,
          53.547157287597656
        ],
        [
          -0.008116032928228378,
          -0.9999386072158813,
          -0.007537770085036755,
          1.6921430826187134
        ],
        [
          0.0,
          0.0,
          0.0,
          1.0
        ]
      ],
      "matrix_ego_from_sensor_carla": [
        [
          0.5735763311386108,
          -0.8191521167755127,
          3.841522300263023e-08,
          1.3000030517578125
        ],
        [
          0.8191521167755127,
          0.5735763311386108,
          5.764232469118724e-08,
          0.5499954223632812
        ],
        [
          -6.900412330423933e-08,
          -4.754732163547715e-10,
          0.9999999403953552,
          1.7000000476837158
        ],
        [
          0.0,
          0.0,
          0.0,
          1.0
        ]
      ],
      "matrix_ego_from_sensor_bevfusion": [
        [
          -0.8191521167755127,
          -3.841522300263023e-08,
          0.5735763311386108,
          1.3000030517578125
        ],
        [
          -0.5735763311386108,
          5.764232469118724e-08,
          -0.8191521167755127,
          -0.5499954223632812
        ],
        [
          -4.754732163547715e-10,
          -0.9999999403953552,
          -6.900412330423933e-08,
          1.7000000476837158
        ],
        [
          0.0,
          0.0,
          0.0,
          1.0
        ]
      ],
      "camera_intrinsics": [
        [
          685.5110473632812,
          0.0,
          480.0
        ],
        [
          0.0,
          685.5110473632812,
          270.0
        ],
        [
          0.0,
          0.0,
          1.0
        ]
      ],
      "data_path": "D:\\Agent-AI\\outputs\\s3a_ml_long_v2\\sample_000046\\images\\CAM_FRONT_RIGHT.png",
      "raw_layout": "bgra8"
    },
    "CAM_FRONT_LEFT": {
      "type_id": "sensor.camera.rgb",
      "blueprint_attributes": {
        "role_name": "front",
        "ros_name": "sensor.camera.rgb",
        "chromatic_aberration_offset": "0.0",
        "sensor_tick": "0.100000",
        "fstop": "1.4",
        "image_size_x": "960",
        "image_size_y": "540",
        "fov": "70.00",
        "lens_circle_falloff": "5.0",
        "lens_circle_multiplier": "0.0",
        "exposure_compensation": "0.0",
        "lens_y_size": "0.08",
        "lens_k": "-1.0",
        "exposure_mode": "histogram",
        "lens_kcube": "0.0",
        "lens_x_size": "0.08",
        "exposure_max_bright": "12.0",
        "shutter_speed": "200.0",
        "bloom_intensity": "0.675",
        "iso": "100.0",
        "enable_postprocess_effects": "false",
        "gamma": "2.2",
        "motion_blur_intensity": "0.0",
        "motion_blur_max_distortion": "0.35",
        "lens_flare_intensity": "0.1",
        "motion_blur_min_object_screen_size": "0.1",
        "exposure_min_bright": "10.0",
        "exposure_speed_up": "3.0",
        "exposure_speed_down": "1.0",
        "tint": "0.0",
        "calibration_constant": "16.0",
        "focal_distance": "1000.0",
        "min_fstop": "1.2",
        "blade_count": "5",
        "blur_amount": "0.0",
        "blur_radius": "0.0",
        "slope": "0.88",
        "toe": "0.55",
        "white_clip": "0.04",
        "shoulder": "0.26",
        "black_clip": "0.0",
        "temp": "6500.0",
        "chromatic_aberration_intensity": "0.0"
      },
      "transform_carla": {
        "location": {
          "x": 92.92139434814453,
          "y": -52.78800582885742,
          "z": 1.7040557861328125
        },
        "rotation": {
          "roll": 0.24680231511592865,
          "pitch": 0.5846914649009705,
          "yaw": 171.3578338623047
        }
      },
      "matrix_world_from_sensor_carla": [
        [
          -0.9885945916175842,
          -0.15030500292778015,
          0.009441399946808815,
          92.92139434814453
        ],
        [
          0.15025512874126434,
          -0.9886302947998047,
          -0.005791953764855862,
          -52.78800582885742
        ],
        [
          0.010204614140093327,
          -0.0043072751723229885,
          0.9999386072158813,
          1.7040557861328125
        ],
        [
          0.0,
          0.0,
          0.0,
          1.0
        ]
      ],
      "matrix_world_from_sensor_bevfusion": [
        [
          -0.15030500292778015,
          -0.009441399946808815,
          -0.9885945916175842,
          92.92139434814453
        ],
        [
          0.9886302947998047,
          -0.005791953764855862,
          -0.15025512874126434,
          52.78800582885742
        ],
        [
          -0.0043072751723229885,
          -0.9999386072158813,
          0.010204614140093327,
          1.7040557861328125
        ],
        [
          0.0,
          0.0,
          0.0,
          1.0
        ]
      ],
      "matrix_ego_from_sensor_carla": [
        [
          0.5735761523246765,
          0.819152295589447,
          9.078562790421074e-09,
          1.299997329711914
        ],
        [
          -0.819152295589447,
          0.5735761523246765,
          -3.824965233434341e-09,
          -0.5500030517578125
        ],
        [
          -9.345885843003998e-09,
          -4.507681783394446e-09,
          0.9999999403953552,
          1.7000000476837158
        ],
        [
          0.0,
          0.0,
          0.0,
          1.0
        ]
      ],
      "matrix_ego_from_sensor_bevfusion": [
        [
          0.819152295589447,
          -9.078562790421074e-09,
          0.5735761523246765,
          1.299997329711914
        ],
        [
          -0.5735761523246765,
          -3.824965233434341e-09,
          0.819152295589447,
          0.5500030517578125
        ],
        [
          -4.507681783394446e-09,
          -0.9999999403953552,
          -9.345885843003998e-09,
          1.7000000476837158
        ],
        [
          0.0,
          0.0,
          0.0,
          1.0
        ]
      ],
      "camera_intrinsics": [
        [
          685.5110473632812,
          0.0,
          480.0
        ],
        [
          0.0,
          685.5110473632812,
          270.0
        ],
        [
          0.0,
          0.0,
          1.0
        ]
      ],
      "data_path": "D:\\Agent-AI\\outputs\\s3a_ml_long_v2\\sample_000046\\images\\CAM_FRONT_LEFT.png",
      "raw_layout": "bgra8"
    },
    "CAM_BACK": {
      "type_id": "sensor.camera.rgb",
      "blueprint_attributes": {
        "role_name": "front",
        "ros_name": "sensor.camera.rgb",
        "chromatic_aberration_offset": "0.0",
        "sensor_tick": "0.100000",
        "fstop": "1.4",
        "image_size_x": "960",
        "image_size_y": "540",
        "fov": "70.00",
        "lens_circle_falloff": "5.0",
        "lens_circle_multiplier": "0.0",
        "exposure_compensation": "0.0",
        "lens_y_size": "0.08",
        "lens_k": "-1.0",
        "exposure_mode": "histogram",
        "lens_kcube": "0.0",
        "lens_x_size": "0.08",
        "exposure_max_bright": "12.0",
        "shutter_speed": "200.0",
        "bloom_intensity": "0.675",
        "iso": "100.0",
        "enable_postprocess_effects": "false",
        "gamma": "2.2",
        "motion_blur_intensity": "0.0",
        "motion_blur_max_distortion": "0.35",
        "lens_flare_intensity": "0.1",
        "motion_blur_min_object_screen_size": "0.1",
        "exposure_min_bright": "10.0",
        "exposure_speed_up": "3.0",
        "exposure_speed_down": "1.0",
        "tint": "0.0",
        "calibration_constant": "16.0",
        "focal_distance": "1000.0",
        "min_fstop": "1.2",
        "blade_count": "5",
        "blur_amount": "0.0",
        "blur_radius": "0.0",
        "slope": "0.88",
        "toe": "0.55",
        "white_clip": "0.04",
        "shoulder": "0.26",
        "black_clip": "0.0",
        "temp": "6500.0",
        "chromatic_aberration_intensity": "0.0"
      },
      "transform_carla": {
        "location": {
          "x": 95.28631591796875,
          "y": -51.105159759521484,
          "z": 1.6914734840393066
        },
        "rotation": {
          "roll": -0.620509147644043,
          "pitch": -0.13320234417915344,
          "yaw": 46.35733413696289
        }
      },
      "matrix_world_from_sensor_carla": [
        [
          0.6901567578315735,
          -0.723598301410675,
          0.00944141112267971,
          95.28631591796875
        ],
        [
          0.723656177520752,
          0.6901363730430603,
          -0.005791947245597839,
          -51.105159759521484
        ],
        [
          -0.002324817469343543,
          0.010829687118530273,
          0.9999386668205261,
          1.6914734840393066
        ],
        [
          0.0,
          0.0,
          0.0,
          1.0
        ]
      ],
      "matrix_world_from_sensor_bevfusion": [
        [
          -0.723598301410675,
          -0.00944141112267971,
          0.6901567578315735,
          95.28631591796875
        ],
        [
          -0.6901363730430603,
          -0.005791947245597839,
          -0.723656177520752,
          51.105159759521484
        ],
        [
          0.010829687118530273,
          -0.9999386668205261,
          -0.002324817469343543,
          1.6914734840393066
        ],
        [
          0.0,
          0.0,
          0.0,
          1.0
        ]
      ],
      "matrix_ego_from_sensor_carla": [
        [
          -1.0,
          2.3453013398011535e-07,
          -2.8900608572968167e-09,
          -1.549997329711914
        ],
        [
          -2.5669521619420266e-07,
          -1.0,
          -7.451745887010475e-10,
          -7.62939453125e-06
        ],
        [
          -2.6978745903960544e-09,
          -1.1174705605299096e-09,
          1.0,
          1.6999998092651367
        ],
        [
          0.0,
          0.0,
          0.0,
          1.0
        ]
      ],
      "matrix_ego_from_sensor_bevfusion": [
        [
          2.3453013398011535e-07,
          2.8900608572968167e-09,
          -1.0,
          -1.549997329711914
        ],
        [
          1.0,
          -7.451745887010475e-10,
          2.5669521619420266e-07,
          7.62939453125e-06
        ],
        [
          -1.1174705605299096e-09,
          -1.0,
          -2.6978745903960544e-09,
          1.6999998092651367
        ],
        [
          0.0,
          0.0,
          0.0,
          1.0
        ]
      ],
      "camera_intrinsics": [
        [
          685.5110473632812,
          0.0,
          480.0
        ],
        [
          0.0,
          685.5110473632812,
          270.0
        ],
        [
          0.0,
          0.0,
          1.0
        ]
      ],
      "data_path": "D:\\Agent-AI\\outputs\\s3a_ml_long_v2\\sample_000046\\images\\CAM_BACK.png",
      "raw_layout": "bgra8"
    },
    "CAM_BACK_LEFT": {
      "type_id": "sensor.camera.rgb",
      "blueprint_attributes": {
        "role_name": "front",
        "ros_name": "sensor.camera.rgb",
        "chromatic_aberration_offset": "0.0",
        "sensor_tick": "0.100000",
        "fstop": "1.4",
        "image_size_x": "960",
        "image_size_y": "540",
        "fov": "70.00",
        "lens_circle_falloff": "5.0",
        "lens_circle_multiplier": "0.0",
        "exposure_compensation": "0.0",
        "lens_y_size": "0.08",
        "lens_k": "-1.0",
        "exposure_mode": "histogram",
        "lens_kcube": "0.0",
        "lens_x_size": "0.08",
        "exposure_max_bright": "12.0",
        "shutter_speed": "200.0",
        "bloom_intensity": "0.675",
        "iso": "100.0",
        "enable_postprocess_effects": "false",
        "gamma": "2.2",
        "motion_blur_intensity": "0.0",
        "motion_blur_max_distortion": "0.35",
        "lens_flare_intensity": "0.1",
        "motion_blur_min_object_screen_size": "0.1",
        "exposure_min_bright": "10.0",
        "exposure_speed_up": "3.0",
        "exposure_speed_down": "1.0",
        "tint": "0.0",
        "calibration_constant": "16.0",
        "focal_distance": "1000.0",
        "min_fstop": "1.2",
        "blade_count": "5",
        "blur_amount": "0.0",
        "blur_radius": "0.0",
        "slope": "0.88",
        "toe": "0.55",
        "white_clip": "0.04",
        "shoulder": "0.26",
        "black_clip": "0.0",
        "temp": "6500.0",
        "chromatic_aberration_intensity": "0.0"
      },
      "transform_carla": {
        "location": {
          "x": 94.7157974243164,
          "y": -50.906497955322266,
          "z": 1.6980111598968506
        },
        "rotation": {
          "roll": -0.46503275632858276,
          "pitch": 0.4318864941596985,
          "yaw": 101.3548583984375
        }
      },
      "matrix_world_from_sensor_carla": [
        [
          -0.1968793272972107,
          -0.9803822636604309,
          0.009441424161195755,
          94.7157974243164
        ],
        [
          0.9803987145423889,
          -0.1969384104013443,
          -0.0057920170947909355,
          -50.906497955322266
        ],
        [
          0.007537770085036755,
          0.008116031996905804,
          0.9999386072158813,
          1.6980111598968506
        ],
        [
          0.0,
          0.0,
          0.0,
          1.0
        ]
      ],
      "matrix_world_from_sensor_bevfusion": [
        [
          -0.9803822636604309,
          -0.009441424161195755,
          -0.1968793272972107,
          94.7157974243164
        ],
        [
          0.1969384104013443,
          -0.0057920170947909355,
          -0.9803987145423889,
          50.906497955322266
        ],
        [
          0.008116031996905804,
          -0.9999386072158813,
          0.007537770085036755,
          1.6980111598968506
        ],
        [
          0.0,
          0.0,
          0.0,
          1.0
        ]
      ],
      "matrix_ego_from_sensor_carla": [
        [
          -0.5735762715339661,
          0.8191521763801575,
          3.818239235897636e-08,
          -1.2999992370605469
        ],
        [
          -0.8191521763801575,
          -0.5735762715339661,
          5.764232469118724e-08,
          -0.5500030517578125
        ],
        [
          6.853846201693159e-08,
          4.755303373293884e-10,
          0.9999999403953552,
          1.6999998092651367
        ],
        [
          0.0,
          0.0,
          0.0,
          1.0
        ]
      ],
      "matrix_ego_from_sensor_bevfusion": [
        [
          0.8191521763801575,
          -3.818239235897636e-08,
          -0.5735762715339661,
          -1.2999992370605469
        ],
        [
          0.5735762715339661,
          5.764232469118724e-08,
          0.8191521763801575,
          0.5500030517578125
        ],
        [
          4.755303373293884e-10,
          -0.9999999403953552,
          6.853846201693159e-08,
          1.6999998092651367
        ],
        [
          0.0,
          0.0,
          0.0,
          1.0
        ]
      ],
      "camera_intrinsics": [
        [
          685.5110473632812,
          0.0,
          480.0
        ],
        [
          0.0,
          685.5110473632812,
          270.0
        ],
        [
          0.0,
          0.0,
          1.0
        ]
      ],
      "data_path": "D:\\Agent-AI\\outputs\\s3a_ml_long_v2\\sample_000046\\images\\CAM_BACK_LEFT.png",
      "raw_layout": "bgra8"
    },
    "CAM_BACK_RIGHT": {
      "type_id": "sensor.camera.rgb",
      "blueprint_attributes": {
        "role_name": "front",
        "ros_name": "sensor.camera.rgb",
        "chromatic_aberration_offset": "0.0",
        "sensor_tick": "0.100000",
        "fstop": "1.4",
        "image_size_x": "960",
        "image_size_y": "540",
        "fov": "70.00",
        "lens_circle_falloff": "5.0",
        "lens_circle_multiplier": "0.0",
        "exposure_compensation": "0.0",
        "lens_y_size": "0.08",
        "lens_k": "-1.0",
        "exposure_mode": "histogram",
        "lens_kcube": "0.0",
        "lens_x_size": "0.08",
        "exposure_max_bright": "12.0",
        "shutter_speed": "200.0",
        "bloom_intensity": "0.675",
        "iso": "100.0",
        "enable_postprocess_effects": "false",
        "gamma": "2.2",
        "motion_blur_intensity": "0.0",
        "motion_blur_max_distortion": "0.35",
        "lens_flare_intensity": "0.1",
        "motion_blur_min_object_screen_size": "0.1",
        "exposure_min_bright": "10.0",
        "exposure_speed_up": "3.0",
        "exposure_speed_down": "1.0",
        "tint": "0.0",
        "calibration_constant": "16.0",
        "focal_distance": "1000.0",
        "min_fstop": "1.2",
        "blade_count": "5",
        "blur_amount": "0.0",
        "blur_radius": "0.0",
        "slope": "0.88",
        "toe": "0.55",
        "white_clip": "0.04",
        "shoulder": "0.26",
        "black_clip": "0.0",
        "temp": "6500.0",
        "chromatic_aberration_intensity": "0.0"
      },
      "transform_carla": {
        "location": {
          "x": 95.51175689697266,
          "y": -51.6656494140625,
          "z": 1.6860984563827515
        },
        "rotation": {
          "roll": -0.2468021810054779,
          "pitch": -0.5846914649009705,
          "yaw": -8.642171859741211
        }
      },
      "matrix_world_from_sensor_carla": [
        [
          0.9885945320129395,
          0.1503051072359085,
          0.00944139901548624,
          95.51175689697266
        ],
        [
          -0.1502552330493927,
          0.9886302351951599,
          -0.005791952833533287,
          -51.6656494140625
        ],
        [
          -0.010204614140093327,
          0.004307272844016552,
          0.9999386072158813,
          1.6860984563827515
        ],
        [
          0.0,
          0.0,
          0.0,
          1.0
        ]
      ],
      "matrix_world_from_sensor_bevfusion": [
        [
          0.1503051072359085,
          -0.00944139901548624,
          0.9885945320129395,
          95.51175689697266
        ],
        [
          -0.9886302351951599,
          -0.005791952833533287,
          0.1502552330493927,
          51.6656494140625
        ],
        [
          0.004307272844016552,
          -0.9999386072158813,
          -0.010204614140093327,
          1.6860984563827515
        ],
        [
          0.0,
          0.0,
          0.0,
          1.0
        ]
      ],
      "matrix_ego_from_sensor_carla": [
        [
          -0.5735759735107422,
          -0.819152295589447,
          9.311393434074944e-09,
          -1.2999954223632812
        ],
        [
          0.819152295589447,
          -0.573576033115387,
          -4.7562878080498194e-09,
          0.5500030517578125
        ],
        [
          9.345885843003998e-09,
          3.5765017614153294e-09,
          0.9999999403953552,
          1.6999998092651367
        ],
        [
          0.0,
          0.0,
          0.0,
          1.0
        ]
      ],
      "matrix_ego_from_sensor_bevfusion": [
        [
          -0.819152295589447,
          -9.311393434074944e-09,
          -0.5735759735107422,
          -1.2999954223632812
        ],
        [
          0.573576033115387,
          -4.7562878080498194e-09,
          -0.819152295589447,
          -0.5500030517578125
        ],
        [
          3.5765017614153294e-09,
          -0.9999999403953552,
          9.345885843003998e-09,
          1.6999998092651367
        ],
        [
          0.0,
          0.0,
          0.0,
          1.0
        ]
      ],
      "camera_intrinsics": [
        [
          685.5110473632812,
          0.0,
          480.0
        ],
        [
          0.0,
          685.5110473632812,
          270.0
        ],
        [
          0.0,
          0.0,
          1.0
        ]
      ],
      "data_path": "D:\\Agent-AI\\outputs\\s3a_ml_long_v2\\sample_000046\\images\\CAM_BACK_RIGHT.png",
      "raw_layout": "bgra8"
    },
    "LIDAR_TOP": {
      "type_id": "sensor.lidar.ray_cast",
      "blueprint_attributes": {
        "atmosphere_attenuation_rate": "0.004",
        "role_name": "front",
        "noise_seed": "0",
        "upper_fov": "10.0",
        "ros_name": "sensor.lidar.ray_cast",
        "sensor_tick": "0.100000",
        "channels": "32",
        "range": "120.0",
        "points_per_second": "360000",
        "lower_fov": "-30.0",
        "rotation_frequency": "10.000000",
        "horizontal_fov": "360.0",
        "dropoff_general_rate": "0.0",
        "dropoff_intensity_limit": "1.0",
        "noise_stddev": "0.0",
        "dropoff_zero_intensity": "0.0"
      },
      "transform_carla": {
        "location": {
          "x": 94.22129821777344,
          "y": -52.2297248840332,
          "z": 2.1950464248657227
        },
        "rotation": {
          "roll": 0.6205092072486877,
          "pitch": 0.13320234417915344,
          "yaw": -133.64268493652344
        }
      },
      "matrix_world_from_sensor_carla": [
        [
          -0.6901569366455078,
          0.7235981225967407,
          0.009441409260034561,
          94.22129821777344
        ],
        [
          -0.7236559987068176,
          -0.6901365518569946,
          -0.005791950039565563,
          -52.2297248840332
        ],
        [
          0.002324817469343543,
          -0.010829688049852848,
          0.9999386668205261,
          2.1950464248657227
        ],
        [
          0.0,
          0.0,
          0.0,
          1.0
        ]
      ],
      "matrix_world_from_sensor_bevfusion": [
        [
          -0.6901569366455078,
          -0.7235981225967407,
          0.009441409260034561,
          94.22129821777344
        ],
        [
          0.7236559987068176,
          -0.6901365518569946,
          0.005791950039565563,
          52.2297248840332
        ],
        [
          0.002324817469343543,
          0.010829688049852848,
          0.9999386668205261,
          2.1950464248657227
        ],
        [
          0.0,
          0.0,
          0.0,
          1.0
        ]
      ],
      "matrix_ego_from_sensor_carla": [
        [
          1.0,
          1.4076257492945388e-08,
          -9.60931750837446e-11,
          1.9073486328125e-06
        ],
        [
          1.4078421983754197e-08,
          1.0,
          -7.451745887010475e-10,
          -7.62939453125e-06
        ],
        [
          -9.60931750837446e-11,
          -7.451174677264305e-10,
          1.0,
          2.1999998092651367
        ],
        [
          0.0,
          0.0,
          0.0,
          1.0
        ]
      ],
      "matrix_ego_from_sensor_bevfusion": [
        [
          1.0,
          -1.4076257492945388e-08,
          -9.60931750837446e-11,
          1.9073486328125e-06
        ],
        [
          -1.4078421983754197e-08,
          1.0,
          7.451745887010475e-10,
          7.62939453125e-06
        ],
        [
          -9.60931750837446e-11,
          7.451174677264305e-10,
          1.0,
          2.1999998092651367
        ],
        [
          0.0,
          0.0,
          0.0,
          1.0
        ]
      ],
      "data_path": "D:\\Agent-AI\\outputs\\s3a_ml_long_v2\\sample_000046\\lidar\\LIDAR_TOP.npy",
      "raw_layout": [
        "x",
        "y",
        "z",
        "intensity"
      ]
    },
    "RADAR_FRONT": {
      "type_id": "sensor.other.radar",
      "blueprint_attributes": {
        "sensor_tick": "0.100000",
        "role_name": "default",
        "noise_seed": "0",
        "ros_name": "sensor.other.radar",
        "horizontal_fov": "35.0",
        "points_per_second": "1500",
        "vertical_fov": "20.0",
        "range": "120.0"
      },
      "transform_carla": {
        "location": {
          "x": 92.8287124633789,
          "y": -53.66950607299805,
          "z": 0.8997758030891418
        },
        "rotation": {
          "roll": 0.6205092072486877,
          "pitch": 0.13320234417915344,
          "yaw": -133.64268493652344
        }
      },
      "matrix_world_from_sensor_carla": [
        [
          -0.6901569366455078,
          0.7235981225967407,
          0.009441409260034561,
          92.8287124633789
        ],
        [
          -0.7236559987068176,
          -0.6901365518569946,
          -0.005791950039565563,
          -53.66950607299805
        ],
        [
          0.002324817469343543,
          -0.010829688049852848,
          0.9999386668205261,
          0.8997758030891418
        ],
        [
          0.0,
          0.0,
          0.0,
          1.0
        ]
      ],
      "matrix_world_from_sensor_bevfusion": [
        [
          -0.6901569366455078,
          -0.7235981225967407,
          0.009441409260034561,
          92.8287124633789
        ],
        [
          0.7236559987068176,
          -0.6901365518569946,
          0.005791950039565563,
          53.66950607299805
        ],
        [
          0.002324817469343543,
          0.010829688049852848,
          0.9999386668205261,
          0.8997758030891418
        ],
        [
          0.0,
          0.0,
          0.0,
          1.0
        ]
      ],
      "matrix_ego_from_sensor_carla": [
        [
          1.0,
          1.4076257492945388e-08,
          -9.60931750837446e-11,
          1.9999961853027344
        ],
        [
          1.4078421983754197e-08,
          1.0,
          -7.451745887010475e-10,
          7.62939453125e-06
        ],
        [
          -9.60931750837446e-11,
          -7.451174677264305e-10,
          1.0,
          0.8999998569488525
        ],
        [
          0.0,
          0.0,
          0.0,
          1.0
        ]
      ],
      "matrix_ego_from_sensor_bevfusion": [
        [
          1.0,
          -1.4076257492945388e-08,
          -9.60931750837446e-11,
          1.9999961853027344
        ],
        [
          -1.4078421983754197e-08,
          1.0,
          7.451745887010475e-10,
          -7.62939453125e-06
        ],
        [
          -9.60931750837446e-11,
          7.451174677264305e-10,
          1.0,
          0.8999998569488525
        ],
        [
          0.0,
          0.0,
          0.0,
          1.0
        ]
      ],
      "data_path": "D:\\Agent-AI\\outputs\\s3a_ml_long_v2\\sample_000046\\radar\\RADAR_FRONT.npy",
      "raw_layout": [
        "velocity",
        "altitude",
        "azimuth",
        "depth"
      ]
    },
    "RADAR_FRONT_LEFT": {
      "type_id": "sensor.other.radar",
      "blueprint_attributes": {
        "sensor_tick": "0.100000",
        "role_name": "default",
        "noise_seed": "0",
        "ros_name": "sensor.other.radar",
        "horizontal_fov": "35.0",
        "points_per_second": "1500",
        "vertical_fov": "20.0",
        "range": "120.0"
      },
      "transform_carla": {
        "location": {
          "x": 92.5275650024414,
          "y": -52.89862060546875,
          "z": 0.9070844650268555
        },
        "rotation": {
          "roll": 0.3445853292942047,
          "pitch": 0.532945990562439,
          "yaw": -178.6417999267578
        }
      },
      "matrix_world_from_sensor_carla": [
        [
          -0.9996757507324219,
          0.023646583780646324,
          0.009441299363970757,
          92.5275650024414
        ],
        [
          -0.02370190992951393,
          -0.9997022747993469,
          -0.005791952833533287,
          -52.89862060546875
        ],
        [
          0.009301528334617615,
          -0.0060138520784676075,
          0.9999386668205261,
          0.9070844650268555
        ],
        [
          0.0,
          0.0,
          0.0,
          1.0
        ]
      ],
      "matrix_world_from_sensor_bevfusion": [
        [
          -0.9996757507324219,
          -0.023646583780646324,
          0.009441299363970757,
          92.5275650024414
        ],
        [
          0.02370190992951393,
          -0.9997022747993469,
          0.005791952833533287,
          52.89862060546875
        ],
        [
          0.009301528334617615,
          0.0060138520784676075,
          0.9999386668205261,
          0.9070844650268555
        ],
        [
          0.0,
          0.0,
          0.0,
          1.0
        ]
      ],
      "matrix_ego_from_sensor_carla": [
        [
          0.7071068286895752,
          0.7071067094802856,
          7.790217182446213e-08,
          1.6500015258789062
        ],
        [
          -0.7071067094802856,
          0.7071068286895752,
          -7.804494828178576e-08,
          -0.7500076293945312
        ],
        [
          -1.1041895220387232e-07,
          4.492931027222369e-11,
          1.0,
          0.9000000953674316
        ],
        [
          0.0,
          0.0,
          0.0,
          1.0
        ]
      ],
      "matrix_ego_from_sensor_bevfusion": [
        [
          0.7071068286895752,
          -0.7071067094802856,
          7.790217182446213e-08,
          1.6500015258789062
        ],
        [
          0.7071067094802856,
          0.7071068286895752,
          7.804494828178576e-08,
          0.7500076293945312
        ],
        [
          -1.1041895220387232e-07,
          -4.492931027222369e-11,
          1.0,
          0.9000000953674316
        ],
        [
          0.0,
          0.0,
          0.0,
          1.0
        ]
      ],
      "data_path": "D:\\Agent-AI\\outputs\\s3a_ml_long_v2\\sample_000046\\radar\\RADAR_FRONT_LEFT.npy",
      "raw_layout": [
        "velocity",
        "altitude",
        "azimuth",
        "depth"
      ]
    },
    "RADAR_FRONT_RIGHT": {
      "type_id": "sensor.other.radar",
      "blueprint_attributes": {
        "sensor_tick": "0.100000",
        "role_name": "default",
        "noise_seed": "0",
