{
  "schema_version": "stage1.v1",
  "sample_name": "sample_000073",
  "sequence_index": 73,
  "previous_sample_name": "sample_000072",
  "frame_id": 60074,
  "timestamp": 442.31970085948706,
  "platform_timestamp": 16814595.1558176,
  "delta_seconds": 0.10000000149011612,
  "town": "Carla/Maps/Town10HD_Opt",
  "weather": {
    "cloudiness": 20.0,
    "dust_storm": 0.0,
    "fog_density": 2.0,
    "fog_distance": 0.75,
    "fog_falloff": 0.10000000149011612,
    "mie_scattering_scale": 0.029999999329447746,
    "precipitation": 0.0,
    "precipitation_deposits": 0.0,
    "rayleigh_scattering_scale": 0.03310000151395798,
    "scattering_intensity": 1.0,
    "sun_altitude_angle": 45.0,
    "sun_azimuth_angle": 300.0,
    "wetness": 0.0,
    "wind_intensity": 10.0
  },
  "sensor_names": [
    "CAM_FRONT",
    "CAM_FRONT_RIGHT",
    "CAM_FRONT_LEFT",
    "CAM_BACK",
    "CAM_BACK_LEFT",
    "CAM_BACK_RIGHT",
    "LIDAR_TOP",
    "RADAR_FRONT",
    "RADAR_FRONT_LEFT",
    "RADAR_FRONT_RIGHT",
    "RADAR_BACK_LEFT",
    "RADAR_BACK_RIGHT"
  ],
  "camera_order_for_model": [
    "CAM_FRONT",
    "CAM_FRONT_RIGHT",
    "CAM_FRONT_LEFT",
    "CAM_BACK",
    "CAM_BACK_LEFT",
    "CAM_BACK_RIGHT"
  ],
  "radar_order_for_model": [
    "RADAR_FRONT",
    "RADAR_FRONT_LEFT",
    "RADAR_FRONT_RIGHT",
    "RADAR_BACK_LEFT",
    "RADAR_BACK_RIGHT"
  ],
  "coordinate_notes": {
    "carla_world": "left-handed x-forward y-right z-up",
    "bevfusion_lidar": "x-forward y-left z-up",
    "camera_frame_for_model": "OpenCV style x-right y-down z-forward"
  },
  "ego": {
    "actor_id": 28,
    "transform_carla": {
      "location": {
        "x": 81.18168640136719,
        "y": -60.90135955810547,
        "z": -0.006030196789652109
      },
      "rotation": {
        "roll": 0.09365569800138474,
        "pitch": 0.41437390446662903,
        "yaw": -156.28236389160156
      }
    },
    "velocity_carla": [
      -3.5644290447235107,
      -1.4459120035171509,
      -6.11305222264491e-05
    ],
    "angular_velocity_carla": [
      0.0958806574344635,
      -0.3311324417591095,
      -4.4298930168151855
    ],
    "matrix_world_from_ego_carla": [
      [
        -0.9155148863792419,
        0.4022182524204254,
        0.007278767880052328,
        81.18168640136719
      ],
      [
        -0.40221908688545227,
        -0.9155424237251282,
        0.0014124320587143302,
        -60.90135955810547
      ],
      [
        0.007232125848531723,
        -0.0016345568001270294,
        0.9999725222587585,
        -0.006030196789652109
      ],
      [
        0.0,
        0.0,
        0.0,
        1.0
      ]
    ],
    "matrix_world_from_ego_bevfusion": [
      [
        -0.9155148863792419,
        -0.4022182524204254,
        0.007278767880052328,
        81.18168640136719
      ],
      [
        0.40221908688545227,
        -0.9155424237251282,
        -0.0014124320587143302,
        60.90135955810547
      ],
      [
        0.007232125848531723,
        0.0016345568001270294,
        0.9999725222587585,
        -0.006030196789652109
      ],
      [
        0.0,
        0.0,
        0.0,
        1.0
      ]
    ]
  },
  "sensors": {
    "CAM_FRONT": {
      "type_id": "sensor.camera.rgb",
      "blueprint_attributes": {
        "role_name": "front",
        "ros_name": "sensor.camera.rgb",
        "chromatic_aberration_offset": "0.0",
        "sensor_tick": "0.100000",
        "fstop": "1.4",
        "image_size_x": "960",
        "image_size_y": "540",
        "fov": "70.00",
        "lens_circle_falloff": "5.0",
        "lens_circle_multiplier": "0.0",
        "exposure_compensation": "0.0",
        "lens_y_size": "0.08",
        "lens_k": "-1.0",
        "exposure_mode": "histogram",
        "lens_kcube": "0.0",
        "lens_x_size": "0.08",
        "exposure_max_bright": "12.0",
        "shutter_speed": "200.0",
        "bloom_intensity": "0.675",
        "iso": "100.0",
        "enable_postprocess_effects": "false",
        "gamma": "2.2",
        "motion_blur_intensity": "0.0",
        "motion_blur_max_distortion": "0.35",
        "lens_flare_intensity": "0.1",
        "motion_blur_min_object_screen_size": "0.1",
        "exposure_min_bright": "10.0",
        "exposure_speed_up": "3.0",
        "exposure_speed_down": "1.0",
        "tint": "0.0",
        "calibration_constant": "16.0",
        "focal_distance": "1000.0",
        "min_fstop": "1.2",
        "blade_count": "5",
        "blur_amount": "0.0",
        "blur_radius": "0.0",
        "slope": "0.88",
        "toe": "0.55",
        "white_clip": "0.04",
        "shoulder": "0.26",
        "black_clip": "0.0",
        "temp": "6500.0",
        "chromatic_aberration_intensity": "0.0"
      },
      "transform_carla": {
        "location": {
          "x": 79.77500915527344,
          "y": -61.52239990234375,
          "z": 1.7051327228546143
        },
        "rotation": {
          "roll": 0.09365569800138474,
          "pitch": 0.41437390446662903,
          "yaw": -156.28236389160156
        }
      },
      "matrix_world_from_sensor_carla": [
        [
          -0.9155148863792419,
          0.4022182524204254,
          0.007278767880052328,
          79.77500915527344
        ],
        [
          -0.40221908688545227,
          -0.9155424237251282,
          0.0014124320587143302,
          -61.52239990234375
        ],
        [
          0.007232125848531723,
          -0.0016345568001270294,
          0.9999725222587585,
          1.7051327228546143
        ],
        [
          0.0,
          0.0,
          0.0,
          1.0
        ]
      ],
      "matrix_world_from_sensor_bevfusion": [
        [
          0.4022182524204254,
          -0.007278767880052328,
          -0.9155148863792419,
          79.77500915527344
        ],
        [
          0.9155424237251282,
          0.0014124320587143302,
          0.40221908688545227,
          61.52239990234375
        ],
        [
          -0.0016345568001270294,
          -0.9999725222587585,
          0.007232125848531723,
          1.7051327228546143
        ],
        [
          0.0,
          0.0,
          0.0,
          1.0
        ]
      ],
      "matrix_ego_from_sensor_carla": [
        [
          1.0,
          -2.0899429742371467e-08,
          1.1487419349087702e-10,
          1.5500030517578125
        ],
        [
          -1.1759223816909525e-08,
          1.0,
          -2.2388625675606733e-11,
          0.0
        ],
        [
          1.1488698881123582e-10,
          -1.3880074867245185e-10,
          1.0,
          1.6999999284744263
        ],
        [
          0.0,
          0.0,
          0.0,
          1.0
        ]
      ],
      "matrix_ego_from_sensor_bevfusion": [
        [
          -2.0899429742371467e-08,
          -1.1487419349087702e-10,
          1.0,
          1.5500030517578125
        ],
        [
          -1.0,
          -2.2388625675606733e-11,
          1.1759223816909525e-08,
          0.0
        ],
        [
          -1.3880074867245185e-10,
          -1.0,
          1.1488698881123582e-10,
          1.6999999284744263
        ],
        [
          0.0,
          0.0,
          0.0,
          1.0
        ]
      ],
      "camera_intrinsics": [
        [
          685.5110473632812,
          0.0,
          480.0
        ],
        [
          0.0,
          685.5110473632812,
          270.0
        ],
        [
          0.0,
          0.0,
          1.0
        ]
      ],
      "data_path": "D:\\Agent-AI\\outputs\\s3a_ml_long_v2\\sample_000073\\images\\CAM_FRONT.png",
      "raw_layout": "bgra8"
    },
    "CAM_FRONT_RIGHT": {
      "type_id": "sensor.camera.rgb",
      "blueprint_attributes": {
        "role_name": "front",
        "ros_name": "sensor.camera.rgb",
        "chromatic_aberration_offset": "0.0",
        "sensor_tick": "0.100000",
        "fstop": "1.4",
        "image_size_x": "960",
        "image_size_y": "540",
        "fov": "70.00",
        "lens_circle_falloff": "5.0",
        "lens_circle_multiplier": "0.0",
        "exposure_compensation": "0.0",
        "lens_y_size": "0.08",
        "lens_k": "-1.0",
        "exposure_mode": "histogram",
        "lens_kcube": "0.0",
        "lens_x_size": "0.08",
        "exposure_max_bright": "12.0",
        "shutter_speed": "200.0",
        "bloom_intensity": "0.675",
        "iso": "100.0",
        "enable_postprocess_effects": "false",
        "gamma": "2.2",
        "motion_blur_intensity": "0.0",
        "motion_blur_max_distortion": "0.35",
        "lens_flare_intensity": "0.1",
        "motion_blur_min_object_screen_size": "0.1",
        "exposure_min_bright": "10.0",
        "exposure_speed_up": "3.0",
        "exposure_speed_down": "1.0",
        "tint": "0.0",
        "calibration_constant": "16.0",
        "focal_distance": "1000.0",
        "min_fstop": "1.2",
        "blade_count": "5",
        "blur_amount": "0.0",
        "blur_radius": "0.0",
        "slope": "0.88",
        "toe": "0.55",
        "white_clip": "0.04",
        "shoulder": "0.26",
        "black_clip": "0.0",
        "temp": "6500.0",
        "chromatic_aberration_intensity": "0.0"
      },
      "transform_carla": {
        "location": {
          "x": 80.22511291503906,
          "y": -61.92539596557617,
          "z": 1.7024258375167847
        },
        "rotation": {
          "roll": 0.3931540846824646,
          "pitch": 0.16095340251922607,
          "yaw": -101.28216552734375
        }
      },
      "matrix_world_from_sensor_carla": [
        [
          -0.19564008712768555,
          0.9806488156318665,
          0.007278754375874996,
          80.22511291503906
        ],
        [
          -0.980671763420105,
          -0.19565516710281372,
          0.0014123683795332909,
          -61.92539596557617
        ],
        [
          0.0028091631829738617,
          -0.006861752364784479,
          0.9999725222587585,
          1.7024258375167847
        ],
        [
          0.0,
          0.0,
          0.0,
          1.0
        ]
      ],
      "matrix_world_from_sensor_bevfusion": [
        [
          0.9806488156318665,
          -0.007278754375874996,
          -0.19564008712768555,
          80.22511291503906
        ],
        [
          0.19565516710281372,
          0.0014123683795332909,
          0.980671763420105,
          61.92539596557617
        ],
        [
          -0.006861752364784479,
          -0.9999725222587585,
          0.0028091631829738617,
          1.7024258375167847
        ],
        [
          0.0,
          0.0,
          0.0,
          1.0
        ]
      ],
      "matrix_ego_from_sensor_carla": [
        [
          0.5735766291618347,
          -0.8191519975662231,
          3.7833437716017215e-08,
          1.2999954223632812
        ],
        [
          0.8191518783569336,
          0.5735765695571899,
          5.294658222965154e-08,
          0.5499954223632812
        ],
        [
          -6.4616607176049e-08,
          1.3496184170236347e-09,
          1.0,
          1.6999999284744263
        ],
        [
          0.0,
          0.0,
          0.0,
          1.0
        ]
      ],
      "matrix_ego_from_sensor_bevfusion": [
        [
          -0.8191519975662231,
          -3.7833437716017215e-08,
          0.5735766291618347,
          1.2999954223632812
        ],
        [
          -0.5735765695571899,
          5.294658222965154e-08,
          -0.8191518783569336,
          -0.5499954223632812
        ],
        [
          1.3496184170236347e-09,
          -1.0,
          -6.4616607176049e-08,
          1.6999999284744263
        ],
        [
          0.0,
          0.0,
          0.0,
          1.0
        ]
      ],
      "camera_intrinsics": [
        [
          685.5110473632812,
          0.0,
          480.0
        ],
        [
          0.0,
          685.5110473632812,
          270.0
        ],
        [
          0.0,
          0.0,
          1.0
        ]
      ],
      "data_path": "D:\\Agent-AI\\outputs\\s3a_ml_long_v2\\sample_000073\\images\\CAM_FRONT_RIGHT.png",
      "raw_layout": "bgra8"
    },
    "CAM_FRONT_LEFT": {
      "type_id": "sensor.camera.rgb",
      "blueprint_attributes": {
        "role_name": "front",
        "ros_name": "sensor.camera.rgb",
        "chromatic_aberration_offset": "0.0",
        "sensor_tick": "0.100000",
        "fstop": "1.4",
        "image_size_x": "960",
        "image_size_y": "540",
        "fov": "70.00",
        "lens_circle_falloff": "5.0",
        "lens_circle_multiplier": "0.0",
        "exposure_compensation": "0.0",
        "lens_y_size": "0.08",
        "lens_k": "-1.0",
        "exposure_mode": "histogram",
        "lens_kcube": "0.0",
        "lens_x_size": "0.08",
        "exposure_max_bright": "12.0",
        "shutter_speed": "200.0",
        "bloom_intensity": "0.675",
        "iso": "100.0",
        "enable_postprocess_effects": "false",
        "gamma": "2.2",
        "motion_blur_intensity": "0.0",
        "motion_blur_max_distortion": "0.35",
        "lens_flare_intensity": "0.1",
        "motion_blur_min_object_screen_size": "0.1",
        "exposure_min_bright": "10.0",
        "exposure_speed_up": "3.0",
        "exposure_speed_down": "1.0",
        "tint": "0.0",
        "calibration_constant": "16.0",
        "focal_distance": "1000.0",
        "min_fstop": "1.2",
        "blade_count": "5",
        "blur_amount": "0.0",
        "blur_radius": "0.0",
        "slope": "0.88",
        "toe": "0.55",
        "white_clip": "0.04",
        "shoulder": "0.26",
        "black_clip": "0.0",
        "temp": "6500.0",
        "chromatic_aberration_intensity": "0.0"
      },
      "transform_carla": {
        "location": {
          "x": 79.78267669677734,
          "y": -60.91829299926758,
          "z": 1.704223871231079
        },
        "rotation": {
          "roll": -0.2857203483581543,
          "pitch": 0.3143867552280426,
          "yaw": 148.71649169921875
        }
      },
      "matrix_world_from_sensor_carla": [
        [
          -0.8545954823493958,
          -0.5192432403564453,
          0.007278705947101116,
          79.78267669677734
        ],
        [
          0.5192652940750122,
          -0.854611873626709,
          0.0014124643057584763,
          -60.91829299926758
        ],
        [
          0.005487056449055672,
          0.004986665211617947,
          0.9999724626541138,
          1.704223871231079
        ],
        [
          0.0,
          0.0,
          0.0,
          1.0
        ]
      ],
      "matrix_world_from_sensor_bevfusion": [
        [
          -0.5192432403564453,
          -0.007278705947101116,
          -0.8545954823493958,
          79.78267669677734
        ],
        [
          0.854611873626709,
          0.0014124643057584763,
          -0.5192652940750122,
          60.91829299926758
        ],
        [
          0.004986665211617947,
          -0.9999724626541138,
          0.005487056449055672,
          1.704223871231079
        ],
        [
          0.0,
          0.0,
          0.0,
          1.0
        ]
      ],
      "matrix_ego_from_sensor_carla": [
        [
          0.5735762119293213,
          0.8191521763801575,
          4.345596593680057e-08,
          1.2999916076660156
        ],
        [
          -0.8191521763801575,
          0.5735760927200317,
          -5.440733374939555e-08,
          -0.5500030517578125
        ],
        [
          -6.928119233862162e-08,
          -3.377506940793751e-09,
          0.9999999403953552,
          1.7000001668930054
        ],
        [
          0.0,
          0.0,
          0.0,
          1.0
        ]
      ],
      "matrix_ego_from_sensor_bevfusion": [
        [
          0.8191521763801575,
          -4.345596593680057e-08,
          0.5735762119293213,
          1.2999916076660156
        ],
        [
          -0.5735760927200317,
          -5.440733374939555e-08,
          0.8191521763801575,
          0.5500030517578125
        ],
        [
          -3.377506940793751e-09,
          -0.9999999403953552,
          -6.928119233862162e-08,
          1.7000001668930054
        ],
        [
          0.0,
          0.0,
          0.0,
          1.0
        ]
      ],
      "camera_intrinsics": [
        [
          685.5110473632812,
          0.0,
          480.0
        ],
        [
          0.0,
          685.5110473632812,
          270.0
        ],
        [
          0.0,
          0.0,
          1.0
        ]
      ],
      "data_path": "D:\\Agent-AI\\outputs\\s3a_ml_long_v2\\sample_000073\\images\\CAM_FRONT_LEFT.png",
      "raw_layout": "bgra8"
    },
    "CAM_BACK": {
      "type_id": "sensor.camera.rgb",
      "blueprint_attributes": {
        "role_name": "front",
        "ros_name": "sensor.camera.rgb",
        "chromatic_aberration_offset": "0.0",
        "sensor_tick": "0.100000",
        "fstop": "1.4",
        "image_size_x": "960",
        "image_size_y": "540",
        "fov": "70.00",
        "lens_circle_falloff": "5.0",
        "lens_circle_multiplier": "0.0",
        "exposure_compensation": "0.0",
        "lens_y_size": "0.08",
        "lens_k": "-1.0",
        "exposure_mode": "histogram",
        "lens_kcube": "0.0",
        "lens_x_size": "0.08",
        "exposure_max_bright": "12.0",
        "shutter_speed": "200.0",
        "bloom_intensity": "0.675",
        "iso": "100.0",
        "enable_postprocess_effects": "false",
        "gamma": "2.2",
        "motion_blur_intensity": "0.0",
        "motion_blur_max_distortion": "0.35",
        "lens_flare_intensity": "0.1",
        "motion_blur_min_object_screen_size": "0.1",
        "exposure_min_bright": "10.0",
        "exposure_speed_up": "3.0",
        "exposure_speed_down": "1.0",
        "tint": "0.0",
        "calibration_constant": "16.0",
        "focal_distance": "1000.0",
        "min_fstop": "1.2",
        "blade_count": "5",
        "blur_amount": "0.0",
        "blur_radius": "0.0",
        "slope": "0.88",
        "toe": "0.55",
        "white_clip": "0.04",
        "shoulder": "0.26",
        "black_clip": "0.0",
        "temp": "6500.0",
        "chromatic_aberration_intensity": "0.0"
      },
      "transform_carla": {
        "location": {
          "x": 82.61311340332031,
          "y": -60.27552032470703,
          "z": 1.682713270187378
        },
        "rotation": {
          "roll": -0.09365583211183548,
          "pitch": -0.41437390446662903,
          "yaw": 23.717626571655273
        }
      },
      "matrix_world_from_sensor_carla": [
        [
          0.9155149459838867,
          -0.4022181034088135,
          0.007278768811374903,
          82.61311340332031
        ],
        [
          0.40221893787384033,
          0.915542483329773,
          0.0014124285662546754,
          -60.27552032470703
        ],
        [
          -0.007232125848531723,
          0.0016345592448487878,
          0.9999725222587585,
          1.682713270187378
        ],
        [
          0.0,
          0.0,
          0.0,
          1.0
        ]
      ],
      "matrix_world_from_sensor_bevfusion": [
        [
          -0.4022181034088135,
          -0.007278768811374903,
          0.9155149459838867,
          82.61311340332031
        ],
        [
          -0.915542483329773,
          0.0014124285662546754,
          -0.40221893787384033,
          60.27552032470703
        ],
        [
          0.0016345592448487878,
          -0.9999725222587585,
          -0.007232125848531723,
          1.682713270187378
        ],
        [
          0.0,
          0.0,
          0.0,
          1.0
        ]
      ],
      "matrix_ego_from_sensor_carla": [
        [
          -1.0,
          -1.5206786940780148e-07,
          5.805355085541919e-10,
          -1.5500106811523438
        ],
        [
          1.4818525073678757e-07,
          -1.0,
          3.5864864411649933e-09,
          0.0
        ],
        [
          -1.1488698881123582e-10,
          3.631193123965204e-09,
          1.0,
          1.7000001668930054
        ],
        [
          0.0,
          0.0,
          0.0,
          1.0
        ]
      ],
      "matrix_ego_from_sensor_bevfusion": [
        [
          -1.5206786940780148e-07,
          -5.805355085541919e-10,
          -1.0,
          -1.5500106811523438
        ],
        [
          1.0,
          3.5864864411649933e-09,
          -1.4818525073678757e-07,
          0.0
        ],
        [
          3.631193123965204e-09,
          -1.0,
          -1.1488698881123582e-10,
          1.7000001668930054
        ],
        [
          0.0,
          0.0,
          0.0,
          1.0
        ]
      ],
      "camera_intrinsics": [
        [
          685.5110473632812,
          0.0,
          480.0
        ],
        [
          0.0,
          685.5110473632812,
          270.0
        ],
        [
          0.0,
          0.0,
          1.0
        ]
      ],
      "data_path": "D:\\Agent-AI\\outputs\\s3a_ml_long_v2\\sample_000073\\images\\CAM_BACK.png",
      "raw_layout": "bgra8"
    },
    "CAM_BACK_LEFT": {
      "type_id": "sensor.camera.rgb",
      "blueprint_attributes": {
        "role_name": "front",
        "ros_name": "sensor.camera.rgb",
        "chromatic_aberration_offset": "0.0",
        "sensor_tick": "0.100000",
        "fstop": "1.4",
        "image_size_x": "960",
        "image_size_y": "540",
        "fov": "70.00",
        "lens_circle_falloff": "5.0",
        "lens_circle_multiplier": "0.0",
        "exposure_compensation": "0.0",
        "lens_y_size": "0.08",
        "lens_k": "-1.0",
        "exposure_mode": "histogram",
        "lens_kcube": "0.0",
        "lens_x_size": "0.08",
        "exposure_max_bright": "12.0",
        "shutter_speed": "200.0",
        "bloom_intensity": "0.675",
        "iso": "100.0",
        "enable_postprocess_effects": "false",
        "gamma": "2.2",
        "motion_blur_intensity": "0.0",
        "motion_blur_max_distortion": "0.35",
        "lens_flare_intensity": "0.1",
        "motion_blur_min_object_screen_size": "0.1",
        "exposure_min_bright": "10.0",
        "exposure_speed_up": "3.0",
        "exposure_speed_down": "1.0",
        "tint": "0.0",
        "calibration_constant": "16.0",
        "focal_distance": "1000.0",
        "min_fstop": "1.2",
        "blade_count": "5",
        "blur_amount": "0.0",
        "blur_radius": "0.0",
        "slope": "0.88",
        "toe": "0.55",
        "white_clip": "0.04",
        "shoulder": "0.26",
        "black_clip": "0.0",
        "temp": "6500.0",
        "chromatic_aberration_intensity": "0.0"
      },
      "transform_carla": {
        "location": {
          "x": 82.16300964355469,
          "y": -59.872528076171875,
          "z": 1.6854201555252075
        },
        "rotation": {
          "roll": -0.3931540548801422,
          "pitch": -0.16095340251922607,
          "yaw": 78.71780395507812
        }
      },
      "matrix_world_from_sensor_carla": [
        [
          0.1956407129764557,
          -0.9806486368179321,
          0.007278753444552422,
          82.16300964355469
        ],
        [
          0.9806715846061707,
          0.19565579295158386,
          0.0014123638393357396,
          -59.872528076171875
        ],
        [
          -0.0028091631829738617,
          0.0068617514334619045,
          0.9999725222587585,
          1.6854201555252075
        ],
        [
          0.0,
          0.0,
          0.0,
          1.0
        ]
      ],
      "matrix_world_from_sensor_bevfusion": [
        [
          -0.9806486368179321,
          -0.007278753444552422,
          0.1956407129764557,
          82.16300964355469
        ],
        [
          -0.19565579295158386,
          0.0014123638393357396,
          -0.9806715846061707,
          59.872528076171875
        ],
        [
          0.0068617514334619045,
          -0.9999725222587585,
          -0.0028091631829738617,
          1.6854201555252075
        ],
        [
          0.0,
          0.0,
          0.0,
          1.0
        ]
      ],
      "matrix_ego_from_sensor_carla": [
        [
          -0.5735771059989929,
          0.8191515803337097,
          4.062740543986365e-08,
          -1.3000030517578125
        ],
        [
          -0.8191514611244202,
          -0.5735771059989929,
          5.655545720628652e-08,
          -0.5500030517578125
        ],
        [
          6.904038940547252e-08,
          4.739100778472505e-11,
          1.0,
          1.6999999284744263
        ],
        [
          0.0,
          0.0,
          0.0,
          1.0
        ]
      ],
      "matrix_ego_from_sensor_bevfusion": [
        [
          0.8191515803337097,
          -4.062740543986365e-08,
          -0.5735771059989929,
          -1.3000030517578125
        ],
        [
          0.5735771059989929,
          5.655545720628652e-08,
          0.8191514611244202,
          0.5500030517578125
        ],
        [
          4.739100778472505e-11,
          -1.0,
          6.904038940547252e-08,
          1.6999999284744263
        ],
        [
          0.0,
          0.0,
          0.0,
          1.0
        ]
      ],
      "camera_intrinsics": [
        [
          685.5110473632812,
          0.0,
          480.0
        ],
        [
          0.0,
          685.5110473632812,
          270.0
        ],
        [
          0.0,
          0.0,
          1.0
        ]
      ],
      "data_path": "D:\\Agent-AI\\outputs\\s3a_ml_long_v2\\sample_000073\\images\\CAM_BACK_LEFT.png",
      "raw_layout": "bgra8"
    },
    "CAM_BACK_RIGHT": {
      "type_id": "sensor.camera.rgb",
      "blueprint_attributes": {
        "role_name": "front",
        "ros_name": "sensor.camera.rgb",
        "chromatic_aberration_offset": "0.0",
        "sensor_tick": "0.100000",
        "fstop": "1.4",
        "image_size_x": "960",
        "image_size_y": "540",
        "fov": "70.00",
        "lens_circle_falloff": "5.0",
        "lens_circle_multiplier": "0.0",
        "exposure_compensation": "0.0",
        "lens_y_size": "0.08",
        "lens_k": "-1.0",
        "exposure_mode": "histogram",
        "lens_kcube": "0.0",
        "lens_x_size": "0.08",
        "exposure_max_bright": "12.0",
        "shutter_speed": "200.0",
        "bloom_intensity": "0.675",
        "iso": "100.0",
        "enable_postprocess_effects": "false",
        "gamma": "2.2",
        "motion_blur_intensity": "0.0",
        "motion_blur_max_distortion": "0.35",
        "lens_flare_intensity": "0.1",
        "motion_blur_min_object_screen_size": "0.1",
        "exposure_min_bright": "10.0",
        "exposure_speed_up": "3.0",
        "exposure_speed_down": "1.0",
        "tint": "0.0",
        "calibration_constant": "16.0",
        "focal_distance": "1000.0",
        "min_fstop": "1.2",
        "blade_count": "5",
        "blur_amount": "0.0",
        "blur_radius": "0.0",
        "slope": "0.88",
        "toe": "0.55",
        "white_clip": "0.04",
        "shoulder": "0.26",
        "black_clip": "0.0",
        "temp": "6500.0",
        "chromatic_aberration_intensity": "0.0"
      },
      "transform_carla": {
        "location": {
          "x": 82.6054458618164,
          "y": -60.87962341308594,
          "z": 1.683622121810913
        },
        "rotation": {
          "roll": 0.2857203781604767,
          "pitch": -0.3143867552280426,
          "yaw": -31.283496856689453
        }
      },
      "matrix_world_from_sensor_carla": [
        [
          0.8545955419540405,
          0.5192431211471558,
          0.007278705947101116,
          82.6054458618164
        ],
        [
          -0.5192651748657227,
          0.8546119332313538,
          0.0014124659355729818,
          -60.87962341308594
        ],
        [
          -0.005487056449055672,
          -0.004986665677279234,
          0.9999724626541138,
          1.683622121810913
        ],
        [
          0.0,
          0.0,
          0.0,
          1.0
        ]
      ],
      "matrix_world_from_sensor_bevfusion": [
        [
          0.5192431211471558,
          -0.007278705947101116,
          0.8545955419540405,
          82.6054458618164
        ],
        [
          -0.8546119332313538,
          0.0014124659355729818,
          0.5192651748657227,
          60.87962341308594
        ],
        [
          -0.004986665677279234,
          -0.9999724626541138,
          -0.005487056449055672,
          1.683622121810913
        ],
        [
          0.0,
          0.0,
          0.0,
          1.0
        ]
      ],
      "matrix_ego_from_sensor_carla": [
        [
          -0.5735762715339661,
          -0.8191520571708679,
          4.299030464949283e-08,
          -1.2999992370605469
        ],
        [
          0.8191520571708679,
          -0.5735761523246765,
          -5.59207329331457e-08,
          0.5499954223632812
        ],
        [
          6.974685362592936e-08,
          2.446197022720753e-09,
          0.9999999403953552,
          1.6999996900558472
        ],
        [
          0.0,
          0.0,
          0.0,
          1.0
        ]
      ],
      "matrix_ego_from_sensor_bevfusion": [
        [
          -0.8191520571708679,
          -4.299030464949283e-08,
          -0.5735762715339661,
          -1.2999992370605469
        ],
        [
          0.5735761523246765,
          -5.59207329331457e-08,
          -0.8191520571708679,
          -0.5499954223632812
        ],
        [
          2.446197022720753e-09,
          -0.9999999403953552,
          6.974685362592936e-08,
          1.6999996900558472
        ],
        [
          0.0,
          0.0,
          0.0,
          1.0
        ]
      ],
      "camera_intrinsics": [
        [
          685.5110473632812,
          0.0,
          480.0
        ],
        [
          0.0,
          685.5110473632812,
          270.0
        ],
        [
          0.0,
          0.0,
          1.0
        ]
      ],
      "data_path": "D:\\Agent-AI\\outputs\\s3a_ml_long_v2\\sample_000073\\images\\CAM_BACK_RIGHT.png",
      "raw_layout": "bgra8"
    },
    "LIDAR_TOP": {
      "type_id": "sensor.lidar.ray_cast",
      "blueprint_attributes": {
        "atmosphere_attenuation_rate": "0.004",
        "role_name": "front",
        "noise_seed": "0",
        "upper_fov": "10.0",
        "ros_name": "sensor.lidar.ray_cast",
        "sensor_tick": "0.100000",
        "channels": "32",
        "range": "120.0",
        "points_per_second": "360000",
        "lower_fov": "-30.0",
        "rotation_frequency": "10.000000",
        "horizontal_fov": "360.0",
        "dropoff_general_rate": "0.0",
        "dropoff_intensity_limit": "1.0",
        "noise_stddev": "0.0",
        "dropoff_zero_intensity": "0.0"
      },
      "transform_carla": {
        "location": {
          "x": 81.19770050048828,
          "y": -60.89825439453125,
          "z": 2.193909168243408
        },
        "rotation": {
          "roll": 0.09365569800138474,
          "pitch": 0.41437390446662903,
          "yaw": -156.28236389160156
        }
      },
      "matrix_world_from_sensor_carla": [
        [
          -0.9155148863792419,
          0.4022182524204254,
          0.007278767880052328,
          81.19770050048828
        ],
        [
          -0.40221908688545227,
          -0.9155424237251282,
          0.0014124320587143302,
          -60.89825439453125
        ],
        [
          0.007232125848531723,
          -0.0016345568001270294,
          0.9999725222587585,
          2.193909168243408
        ],
        [
          0.0,
          0.0,
          0.0,
          1.0
        ]
      ],
      "matrix_world_from_sensor_bevfusion": [
        [
          -0.9155148863792419,
          -0.4022182524204254,
          0.007278767880052328,
          81.19770050048828
        ],
        [
          0.40221908688545227,
          -0.9155424237251282,
          -0.0014124320587143302,
          60.89825439453125
        ],
        [
          0.007232125848531723,
          0.0016345568001270294,
          0.9999725222587585,
          2.193909168243408
        ],
        [
          0.0,
          0.0,
          0.0,
          1.0
        ]
      ],
      "matrix_ego_from_sensor_carla": [
        [
          1.0,
          -2.0899429742371467e-08,
          1.1487419349087702e-10,
          0.0
        ],
        [
          -1.1759223816909525e-08,
          1.0,
          -2.2388625675606733e-11,
          0.0
        ],
        [
          1.1488698881123582e-10,
          -1.3880074867245185e-10,
          1.0,
          2.1999998092651367
        ],
        [
          0.0,
          0.0,
          0.0,
          1.0
        ]
      ],
      "matrix_ego_from_sensor_bevfusion": [
        [
          1.0,
          2.0899429742371467e-08,
          1.1487419349087702e-10,
          0.0
        ],
        [
          1.1759223816909525e-08,
          1.0,
          2.2388625675606733e-11,
          0.0
        ],
        [
          1.1488698881123582e-10,
          1.3880074867245185e-10,
          1.0,
          2.1999998092651367
        ],
        [
          0.0,
          0.0,
          0.0,
          1.0
        ]
      ],
      "data_path": "D:\\Agent-AI\\outputs\\s3a_ml_long_v2\\sample_000073\\lidar\\LIDAR_TOP.npy",
      "raw_layout": [
        "x",
        "y",
        "z",
        "intensity"
      ]
    },
    "RADAR_FRONT": {
      "type_id": "sensor.other.radar",
      "blueprint_attributes": {
        "sensor_tick": "0.100000",
        "role_name": "default",
        "noise_seed": "0",
        "ros_name": "sensor.other.radar",
        "horizontal_fov": "35.0",
        "points_per_second": "1500",
        "vertical_fov": "20.0",
        "range": "120.0"
      },
      "transform_carla": {
        "location": {
          "x": 79.35720825195312,
          "y": -61.70452880859375,
          "z": 0.9084092974662781
        },
        "rotation": {
          "roll": 0.09365569800138474,
          "pitch": 0.41437390446662903,
          "yaw": -156.28236389160156
        }
      },
      "matrix_world_from_sensor_carla": [
        [
          -0.9155148863792419,
          0.4022182524204254,
          0.007278767880052328,
          79.35720825195312
        ],
        [
          -0.40221908688545227,
          -0.9155424237251282,
          0.0014124320587143302,
          -61.70452880859375
        ],
        [
          0.007232125848531723,
          -0.0016345568001270294,
          0.9999725222587585,
          0.9084092974662781
        ],
        [
          0.0,
          0.0,
          0.0,
          1.0
        ]
      ],
      "matrix_world_from_sensor_bevfusion": [
        [
          -0.9155148863792419,
          -0.4022182524204254,
          0.007278767880052328,
          79.35720825195312
        ],
        [
          0.40221908688545227,
          -0.9155424237251282,
          -0.0014124320587143302,
          61.70452880859375
        ],
        [
          0.007232125848531723,
          0.0016345568001270294,
          0.9999725222587585,
          0.9084092974662781
        ],
        [
          0.0,
          0.0,
          0.0,
          1.0
        ]
      ],
      "matrix_ego_from_sensor_carla": [
        [
          1.0,
          -2.0899429742371467e-08,
          1.1487419349087702e-10,
          2.0
        ],
        [
          -1.1759223816909525e-08,
          1.0,
          -2.2388625675606733e-11,
          -7.62939453125e-06
        ],
        [
          1.1488698881123582e-10,
          -1.3880074867245185e-10,
          1.0,
          0.8999999761581421
        ],
        [
          0.0,
          0.0,
          0.0,
          1.0
        ]
      ],
      "matrix_ego_from_sensor_bevfusion": [
        [
          1.0,
          2.0899429742371467e-08,
          1.1487419349087702e-10,
          2.0
        ],
        [
          1.1759223816909525e-08,
          1.0,
          2.2388625675606733e-11,
          7.62939453125e-06
        ],
        [
          1.1488698881123582e-10,
          1.3880074867245185e-10,
          1.0,
          0.8999999761581421
        ],
        [
          0.0,
          0.0,
          0.0,
          1.0
        ]
      ],
      "data_path": "D:\\Agent-AI\\outputs\\s3a_ml_long_v2\\sample_000073\\radar\\RADAR_FRONT.npy",
      "raw_layout": [
        "velocity",
        "altitude",
        "azimuth",
        "depth"
      ]
    },
    "RADAR_FRONT_LEFT": {
      "type_id": "sensor.other.radar",
      "blueprint_attributes": {
        "sensor_tick": "0.100000",
        "role_name": "default",
        "noise_seed": "0",
        "ros_name": "sensor.other.radar",
        "horizontal_fov": "35.0",
        "points_per_second": "1500",
        "vertical_fov": "20.0",
        "range": "120.0"
      },
      "transform_carla": {
        "location": {
          "x": 79.3759765625,
          "y": -60.87709426879883,
          "z": 0.907103955745697
        },
        "rotation": {
          "roll": -0.22678616642951965,
          "pitch": 0.35922694206237793,
          "yaw": 158.71658325195312
        }
      },
      "matrix_world_from_sensor_carla": [
        [
          -0.9317779541015625,
          -0.3629557192325592,
          0.007278730161488056,
          79.3759765625
        ],
        [
          0.36297452449798584,
          -0.931797981262207,
          0.00141244288533926,
          -60.87709426879883
        ],
        [
          0.006269651930779219,
          0.003958077169954777,
          0.9999725222587585,
          0.907103955745697
        ],
        [
          0.0,
          0.0,
          0.0,
          1.0
        ]
      ],
      "matrix_world_from_sensor_bevfusion": [
        [
          -0.9317779541015625,
          0.3629557192325592,
          0.007278730161488056,
          79.3759765625
        ],
        [
          -0.36297452449798584,
          -0.931797981262207,
          -0.00141244288533926,
          60.87709426879883
        ],
        [
          0.006269651930779219,
          -0.003958077169954777,
          0.9999725222587585,
          0.907103955745697
        ],
        [
          0.0,
          0.0,
          0.0,
          1.0
        ]
      ],
      "matrix_ego_from_sensor_carla": [
        [
          0.7071067094802856,
          0.70710688829422,
          3.038285711909339e-08,
          1.649993896484375
        ],
        [
          -0.7071068286895752,
          0.7071065902709961,
          -2.5051683394394786e-08,
          -0.75
        ],
        [
          -3.863108233304047e-08,
          -3.053908015360207e-09,
          1.0,
          0.8999999761581421
        ],
        [
          0.0,
          0.0,
          0.0,
          1.0
        ]
      ],
      "matrix_ego_from_sensor_bevfusion": [
        [
          0.7071067094802856,
          -0.70710688829422,
          3.038285711909339e-08,
          1.649993896484375
        ],
        [
          0.7071068286895752,
          0.7071065902709961,
          2.5051683394394786e-08,
          0.75
        ],
        [
          -3.863108233304047e-08,
          3.053908015360207e-09,
          1.0,
          0.8999999761581421
        ],
        [
          0.0,
          0.0,
          0.0,
          1.0
        ]
      ],
      "data_path": "D:\\Agent-AI\\outputs\\s3a_ml_long_v2\\sample_000073\\radar\\RADAR_FRONT_LEFT.npy",
      "raw_layout": [
        "velocity",
        "altitude",
        "azimuth",
        "depth"
      ]
    },
    "RADAR_FRONT_RIGHT": {
      "type_id": "sensor.other.radar",
      "blueprint_attributes": {
        "sensor_tick": "0.100000",
        "role_name": "default",
        "noise_seed": "0",
        "ros_name": "sensor.other.radar",
        "horizontal_fov": "35.0",
        "points_per_second": "1500",
        "vertical_fov": "20.0",
        "range": "120.0"
      },
      "transform_carla": {
