{
  "schema_version": "stage1.v1",
  "sample_name": "sample_000058",
  "sequence_index": 58,
  "previous_sample_name": "sample_000057",
  "frame_id": 60059,
  "timestamp": 440.8197008371353,
  "platform_timestamp": 16814587.882849,
  "delta_seconds": 0.10000000149011612,
  "town": "Carla/Maps/Town10HD_Opt",
  "weather": {
    "cloudiness": 20.0,
    "dust_storm": 0.0,
    "fog_density": 2.0,
    "fog_distance": 0.75,
    "fog_falloff": 0.10000000149011612,
    "mie_scattering_scale": 0.029999999329447746,
    "precipitation": 0.0,
    "precipitation_deposits": 0.0,
    "rayleigh_scattering_scale": 0.03310000151395798,
    "scattering_intensity": 1.0,
    "sun_altitude_angle": 45.0,
    "sun_azimuth_angle": 300.0,
    "wetness": 0.0,
    "wind_intensity": 10.0
  },
  "sensor_names": [
    "CAM_FRONT",
    "CAM_FRONT_RIGHT",
    "CAM_FRONT_LEFT",
    "CAM_BACK",
    "CAM_BACK_LEFT",
    "CAM_BACK_RIGHT",
    "LIDAR_TOP",
    "RADAR_FRONT",
    "RADAR_FRONT_LEFT",
    "RADAR_FRONT_RIGHT",
    "RADAR_BACK_LEFT",
    "RADAR_BACK_RIGHT"
  ],
  "camera_order_for_model": [
    "CAM_FRONT",
    "CAM_FRONT_RIGHT",
    "CAM_FRONT_LEFT",
    "CAM_BACK",
    "CAM_BACK_LEFT",
    "CAM_BACK_RIGHT"
  ],
  "radar_order_for_model": [
    "RADAR_FRONT",
    "RADAR_FRONT_LEFT",
    "RADAR_FRONT_RIGHT",
    "RADAR_BACK_LEFT",
    "RADAR_BACK_RIGHT"
  ],
  "coordinate_notes": {
    "carla_world": "left-handed x-forward y-right z-up",
    "bevfusion_lidar": "x-forward y-left z-up",
    "camera_frame_for_model": "OpenCV style x-right y-down z-forward"
  },
  "ego": {
    "actor_id": 28,
    "transform_carla": {
      "location": {
        "x": 86.6694107055664,
        "y": -58.12880325317383,
        "z": -0.004072990268468857
      },
      "rotation": {
        "roll": 0.6747538447380066,
        "pitch": -0.06884830445051193,
        "yaw": -147.83627319335938
      }
    },
    "velocity_carla": [
      -6.787387371063232,
      -3.9460878372192383,
      -0.00010818480950547382
    ],
    "angular_velocity_carla": [
      0.8808059096336365,
      1.4662855863571167,
      -15.601790428161621
    ],
    "matrix_world_from_ego_carla": [
      [
        -0.8465297818183899,
        0.5323154926300049,
        0.005251910537481308,
        86.6694107055664
      ],
      [
        -0.5323400497436523,
        -0.8464641571044922,
        -0.010608715936541557,
        -58.12880325317383
      ],
      [
        -0.0012016294058412313,
        -0.011776396073400974,
        0.9999299645423889,
        -0.004072990268468857
      ],
      [
        0.0,
        0.0,
        0.0,
        1.0
      ]
    ],
    "matrix_world_from_ego_bevfusion": [
      [
        -0.8465297818183899,
        -0.5323154926300049,
        0.005251910537481308,
        86.6694107055664
      ],
      [
        0.5323400497436523,
        -0.8464641571044922,
        0.010608715936541557,
        58.12880325317383
      ],
      [
        -0.0012016294058412313,
        0.011776396073400974,
        0.9999299645423889,
        -0.004072990268468857
      ],
      [
        0.0,
        0.0,
        0.0,
        1.0
      ]
    ]
  },
  "sensors": {
    "CAM_FRONT": {
      "type_id": "sensor.camera.rgb",
      "blueprint_attributes": {
        "role_name": "front",
        "ros_name": "sensor.camera.rgb",
        "chromatic_aberration_offset": "0.0",
        "sensor_tick": "0.100000",
        "fstop": "1.4",
        "image_size_x": "960",
        "image_size_y": "540",
        "fov": "70.00",
        "lens_circle_falloff": "5.0",
        "lens_circle_multiplier": "0.0",
        "exposure_compensation": "0.0",
        "lens_y_size": "0.08",
        "lens_k": "-1.0",
        "exposure_mode": "histogram",
        "lens_kcube": "0.0",
        "lens_x_size": "0.08",
        "exposure_max_bright": "12.0",
        "shutter_speed": "200.0",
        "bloom_intensity": "0.675",
        "iso": "100.0",
        "enable_postprocess_effects": "false",
        "gamma": "2.2",
        "motion_blur_intensity": "0.0",
        "motion_blur_max_distortion": "0.35",
        "lens_flare_intensity": "0.1",
        "motion_blur_min_object_screen_size": "0.1",
        "exposure_min_bright": "10.0",
        "exposure_speed_up": "3.0",
        "exposure_speed_down": "1.0",
        "tint": "0.0",
        "calibration_constant": "16.0",
        "focal_distance": "1000.0",
        "min_fstop": "1.2",
        "blade_count": "5",
        "blur_amount": "0.0",
        "blur_radius": "0.0",
        "slope": "0.88",
        "toe": "0.55",
        "white_clip": "0.04",
        "shoulder": "0.26",
        "black_clip": "0.0",
        "temp": "6500.0",
        "chromatic_aberration_intensity": "0.0"
      },
      "transform_carla": {
        "location": {
          "x": 85.36621856689453,
          "y": -58.971961975097656,
          "z": 1.693945288658142
        },
        "rotation": {
          "roll": 0.6747538447380066,
          "pitch": -0.06884830445051193,
          "yaw": -147.83627319335938
        }
      },
      "matrix_world_from_sensor_carla": [
        [
          -0.8465297818183899,
          0.5323154926300049,
          0.005251910537481308,
          85.36621856689453
        ],
        [
          -0.5323400497436523,
          -0.8464641571044922,
          -0.010608715936541557,
          -58.971961975097656
        ],
        [
          -0.0012016294058412313,
          -0.011776396073400974,
          0.9999299645423889,
          1.693945288658142
        ],
        [
          0.0,
          0.0,
          0.0,
          1.0
        ]
      ],
      "matrix_world_from_sensor_bevfusion": [
        [
          0.5323154926300049,
          -0.005251910537481308,
          -0.8465297818183899,
          85.36621856689453
        ],
        [
          0.8464641571044922,
          -0.010608715936541557,
          0.5323400497436523,
          58.971961975097656
        ],
        [
          -0.011776396073400974,
          -0.9999299645423889,
          -0.0012016294058412313,
          1.693945288658142
        ],
        [
          0.0,
          0.0,
          0.0,
          1.0
        ]
      ],
      "matrix_ego_from_sensor_carla": [
        [
          1.0,
          3.2703457719662765e-08,
          4.540733899993654e-10,
          1.5500068664550781
        ],
        [
          -2.8833639476033568e-08,
          1.0,
          5.447442497086286e-10,
          0.0
        ],
        [
          -1.7282031361531836e-10,
          -6.159077692302617e-10,
          1.0,
          1.6999996900558472
        ],
        [
          0.0,
          0.0,
          0.0,
          1.0
        ]
      ],
      "matrix_ego_from_sensor_bevfusion": [
        [
          3.2703457719662765e-08,
          -4.540733899993654e-10,
          1.0,
          1.5500068664550781
        ],
        [
          -1.0,
          5.447442497086286e-10,
          2.8833639476033568e-08,
          0.0
        ],
        [
          -6.159077692302617e-10,
          -1.0,
          -1.7282031361531836e-10,
          1.6999996900558472
        ],
        [
          0.0,
          0.0,
          0.0,
          1.0
        ]
      ],
      "camera_intrinsics": [
        [
          685.5110473632812,
          0.0,
          480.0
        ],
        [
          0.0,
          685.5110473632812,
          270.0
        ],
        [
          0.0,
          0.0,
          1.0
        ]
      ],
      "data_path": "D:\\Agent-AI\\outputs\\s3a_ml_long_v2\\sample_000058\\images\\CAM_FRONT.png",
      "raw_layout": "bgra8"
    },
    "CAM_FRONT_RIGHT": {
      "type_id": "sensor.camera.rgb",
      "blueprint_attributes": {
        "role_name": "front",
        "ros_name": "sensor.camera.rgb",
        "chromatic_aberration_offset": "0.0",
        "sensor_tick": "0.100000",
        "fstop": "1.4",
        "image_size_x": "960",
        "image_size_y": "540",
        "fov": "70.00",
        "lens_circle_falloff": "5.0",
        "lens_circle_multiplier": "0.0",
        "exposure_compensation": "0.0",
        "lens_y_size": "0.08",
        "lens_k": "-1.0",
        "exposure_mode": "histogram",
        "lens_kcube": "0.0",
        "lens_x_size": "0.08",
        "exposure_max_bright": "12.0",
        "shutter_speed": "200.0",
        "bloom_intensity": "0.675",
        "iso": "100.0",
        "enable_postprocess_effects": "false",
        "gamma": "2.2",
        "motion_blur_intensity": "0.0",
        "motion_blur_max_distortion": "0.35",
        "lens_flare_intensity": "0.1",
        "motion_blur_min_object_screen_size": "0.1",
        "exposure_min_bright": "10.0",
        "exposure_speed_up": "3.0",
        "exposure_speed_down": "1.0",
        "tint": "0.0",
        "calibration_constant": "16.0",
        "focal_distance": "1000.0",
        "min_fstop": "1.2",
        "blade_count": "5",
        "blur_amount": "0.0",
        "blur_radius": "0.0",
        "slope": "0.88",
        "toe": "0.55",
        "white_clip": "0.04",
        "shoulder": "0.26",
        "black_clip": "0.0",
        "temp": "6500.0",
        "chromatic_aberration_intensity": "0.0"
      },
      "transform_carla": {
        "location": {
          "x": 85.87062072753906,
          "y": -59.3044319152832,
          "z": 1.687768816947937
        },
        "rotation": {
          "roll": 0.3306366205215454,
          "pitch": -0.5922115445137024,
          "yaw": -92.83759307861328
        }
      },
      "matrix_world_from_sensor_carla": [
        [
          -0.0495024174451828,
          0.9987602233886719,
          0.005251921247690916,
          85.87062072753906
        ],
        [
          -0.9987205266952515,
          -0.049444667994976044,
          -0.010608689859509468,
          -59.3044319152832
        ],
        [
          -0.010335857048630714,
          -0.005770357325673103,
          0.9999299645423889,
          1.687768816947937
        ],
        [
          0.0,
          0.0,
          0.0,
          1.0
        ]
      ],
      "matrix_world_from_sensor_bevfusion": [
        [
          0.9987602233886719,
          -0.005251921247690916,
          -0.0495024174451828,
          85.87062072753906
        ],
        [
          0.049444667994976044,
          -0.010608689859509468,
          0.9987205266952515,
          59.3044319152832
        ],
        [
          -0.005770357325673103,
          -0.9999299645423889,
          -0.010335857048630714,
          1.687768816947937
        ],
        [
          0.0,
          0.0,
          0.0,
          1.0
        ]
      ],
      "matrix_ego_from_sensor_carla": [
        [
          0.5735766291618347,
          -0.8191519379615784,
          -2.2712574931915697e-08,
          1.3000068664550781
        ],
        [
          0.8191518783569336,
          0.5735766291618347,
          -1.6219061649280775e-08,
          0.5499954223632812
        ],
        [
          2.6931935792617878e-08,
          -9.033667147662072e-09,
          1.0,
          1.6999999284744263
        ],
        [
          0.0,
          0.0,
          0.0,
          1.0
        ]
      ],
      "matrix_ego_from_sensor_bevfusion": [
        [
          -0.8191519379615784,
          2.2712574931915697e-08,
          0.5735766291618347,
          1.3000068664550781
        ],
        [
          -0.5735766291618347,
          -1.6219061649280775e-08,
          -0.8191518783569336,
          -0.5499954223632812
        ],
        [
          -9.033667147662072e-09,
          -1.0,
          2.6931935792617878e-08,
          1.6999999284744263
        ],
        [
          0.0,
          0.0,
          0.0,
          1.0
        ]
      ],
      "camera_intrinsics": [
        [
          685.5110473632812,
          0.0,
          480.0
        ],
        [
          0.0,
          685.5110473632812,
          270.0
        ],
        [
          0.0,
          0.0,
          1.0
        ]
      ],
      "data_path": "D:\\Agent-AI\\outputs\\s3a_ml_long_v2\\sample_000058\\images\\CAM_FRONT_RIGHT.png",
      "raw_layout": "bgra8"
    },
    "CAM_FRONT_LEFT": {
      "type_id": "sensor.camera.rgb",
      "blueprint_attributes": {
        "role_name": "front",
        "ros_name": "sensor.camera.rgb",
        "chromatic_aberration_offset": "0.0",
        "sensor_tick": "0.100000",
        "fstop": "1.4",
        "image_size_x": "960",
        "image_size_y": "540",
        "fov": "70.00",
        "lens_circle_falloff": "5.0",
        "lens_circle_multiplier": "0.0",
        "exposure_compensation": "0.0",
        "lens_y_size": "0.08",
        "lens_k": "-1.0",
        "exposure_mode": "histogram",
        "lens_kcube": "0.0",
        "lens_x_size": "0.08",
        "exposure_max_bright": "12.0",
        "shutter_speed": "200.0",
        "bloom_intensity": "0.675",
        "iso": "100.0",
        "enable_postprocess_effects": "false",
        "gamma": "2.2",
        "motion_blur_intensity": "0.0",
        "motion_blur_max_distortion": "0.35",
        "lens_flare_intensity": "0.1",
        "motion_blur_min_object_screen_size": "0.1",
        "exposure_min_bright": "10.0",
        "exposure_speed_up": "3.0",
        "exposure_speed_down": "1.0",
        "tint": "0.0",
        "calibration_constant": "16.0",
        "focal_distance": "1000.0",
        "min_fstop": "1.2",
        "blade_count": "5",
        "blur_amount": "0.0",
        "blur_radius": "0.0",
        "slope": "0.88",
        "toe": "0.55",
        "white_clip": "0.04",
        "shoulder": "0.26",
        "black_clip": "0.0",
        "temp": "6500.0",
        "chromatic_aberration_intensity": "0.0"
      },
      "transform_carla": {
        "location": {
          "x": 85.28507995605469,
          "y": -58.37332534790039,
          "z": 1.700722575187683
        },
        "rotation": {
          "roll": 0.4434325695037842,
          "pitch": 0.5132272243499756,
          "yaw": 157.16610717773438
        }
      },
      "matrix_world_from_sensor_carla": [
        [
          -0.9215968251228333,
          -0.3881130814552307,
          0.0052518704906105995,
          85.28507995605469
        ],
        [
          0.3880452513694763,
          -0.9215793013572693,
          -0.010608688928186893,
          -58.37332534790039
        ],
        [
          0.008957385085523129,
          -0.007738970220088959,
          0.9999299645423889,
          1.700722575187683
        ],
        [
          0.0,
          0.0,
          0.0,
          1.0
        ]
      ],
      "matrix_world_from_sensor_bevfusion": [
        [
          -0.3881130814552307,
          -0.0052518704906105995,
          -0.9215968251228333,
          85.28507995605469
        ],
        [
          0.9215793013572693,
          -0.010608688928186893,
          -0.3880452513694763,
          58.37332534790039
        ],
        [
          -0.007738970220088959,
          -0.9999299645423889,
          0.008957385085523129,
          1.700722575187683
        ],
        [
          0.0,
          0.0,
          0.0,
          1.0
        ]
      ],
      "matrix_ego_from_sensor_carla": [
        [
          0.5735762715339661,
          0.8191521167755127,
          2.001184817856938e-08,
          1.2999992370605469
        ],
        [
          -0.8191521167755127,
          0.5735763311386108,
          -4.415873888774513e-08,
          -0.5499954223632812
        ],
        [
          -4.858582514088994e-08,
          9.281425406015842e-09,
          1.0,
          1.6999996900558472
        ],
        [
          0.0,
          0.0,
          0.0,
          1.0
        ]
      ],
      "matrix_ego_from_sensor_bevfusion": [
        [
          0.8191521167755127,
          -2.001184817856938e-08,
          0.5735762715339661,
          1.2999992370605469
        ],
        [
          -0.5735763311386108,
          -4.415873888774513e-08,
          0.8191521167755127,
          0.5499954223632812
        ],
        [
          9.281425406015842e-09,
          -1.0,
          -4.858582514088994e-08,
          1.6999996900558472
        ],
        [
          0.0,
          0.0,
          0.0,
          1.0
        ]
      ],
      "camera_intrinsics": [
        [
          685.5110473632812,
          0.0,
          480.0
        ],
        [
          0.0,
          685.5110473632812,
          270.0
        ],
        [
          0.0,
          0.0,
          1.0
        ]
      ],
      "data_path": "D:\\Agent-AI\\outputs\\s3a_ml_long_v2\\sample_000058\\images\\CAM_FRONT_LEFT.png",
      "raw_layout": "bgra8"
    },
    "CAM_BACK": {
      "type_id": "sensor.camera.rgb",
      "blueprint_attributes": {
        "role_name": "front",
        "ros_name": "sensor.camera.rgb",
        "chromatic_aberration_offset": "0.0",
        "sensor_tick": "0.100000",
        "fstop": "1.4",
        "image_size_x": "960",
        "image_size_y": "540",
        "fov": "70.00",
        "lens_circle_falloff": "5.0",
        "lens_circle_multiplier": "0.0",
        "exposure_compensation": "0.0",
        "lens_y_size": "0.08",
        "lens_k": "-1.0",
        "exposure_mode": "histogram",
        "lens_kcube": "0.0",
        "lens_x_size": "0.08",
        "exposure_max_bright": "12.0",
        "shutter_speed": "200.0",
        "bloom_intensity": "0.675",
        "iso": "100.0",
        "enable_postprocess_effects": "false",
        "gamma": "2.2",
        "motion_blur_intensity": "0.0",
        "motion_blur_max_distortion": "0.35",
        "lens_flare_intensity": "0.1",
        "motion_blur_min_object_screen_size": "0.1",
        "exposure_min_bright": "10.0",
        "exposure_speed_up": "3.0",
        "exposure_speed_down": "1.0",
        "tint": "0.0",
        "calibration_constant": "16.0",
        "focal_distance": "1000.0",
        "min_fstop": "1.2",
        "blade_count": "5",
        "blur_amount": "0.0",
        "blur_radius": "0.0",
        "slope": "0.88",
        "toe": "0.55",
        "white_clip": "0.04",
        "shoulder": "0.26",
        "black_clip": "0.0",
        "temp": "6500.0",
        "chromatic_aberration_intensity": "0.0"
      },
      "transform_carla": {
        "location": {
          "x": 87.99046325683594,
          "y": -57.321712493896484,
          "z": 1.6976704597473145
        },
        "rotation": {
          "roll": -0.674753725528717,
          "pitch": 0.06884830445051193,
          "yaw": 32.16374588012695
        }
      },
      "matrix_world_from_sensor_carla": [
        [
          0.8465295433998108,
          -0.5323158502578735,
          0.005251913797110319,
          87.99046325683594
        ],
        [
          0.532340407371521,
          0.8464639186859131,
          -0.010608711279928684,
          -57.321712493896484
        ],
        [
          0.0012016294058412313,
          0.01177639327943325,
          0.9999299645423889,
          1.6976704597473145
        ],
        [
          0.0,
          0.0,
          0.0,
          1.0
        ]
      ],
      "matrix_world_from_sensor_bevfusion": [
        [
          -0.5323158502578735,
          -0.005251913797110319,
          0.8465295433998108,
          87.99046325683594
        ],
        [
          -0.8464639186859131,
          -0.010608711279928684,
          -0.532340407371521,
          57.321712493896484
        ],
        [
          0.01177639327943325,
          -0.9999299645423889,
          0.0012016294058412313,
          1.6976704597473145
        ],
        [
          0.0,
          0.0,
          0.0,
          1.0
        ]
      ],
      "matrix_ego_from_sensor_carla": [
        [
          -0.9999999403953552,
          3.922431233149837e-07,
          -4.90103158057309e-09,
          -1.5499954223632812
        ],
        [
          -3.9309460930780915e-07,
          -1.0,
          -2.249223474137807e-09,
          7.62939453125e-06
        ],
        [
          -5.065869057574446e-09,
          -2.17786411127463e-09,
          1.0,
          1.6999999284744263
        ],
        [
          0.0,
          0.0,
          0.0,
          1.0
        ]
      ],
      "matrix_ego_from_sensor_bevfusion": [
        [
          3.922431233149837e-07,
          4.90103158057309e-09,
          -0.9999999403953552,
          -1.5499954223632812
        ],
        [
          1.0,
          -2.249223474137807e-09,
          3.9309460930780915e-07,
          -7.62939453125e-06
        ],
        [
          -2.17786411127463e-09,
          -1.0,
          -5.065869057574446e-09,
          1.6999999284744263
        ],
        [
          0.0,
          0.0,
          0.0,
          1.0
        ]
      ],
      "camera_intrinsics": [
        [
          685.5110473632812,
          0.0,
          480.0
        ],
        [
          0.0,
          685.5110473632812,
          270.0
        ],
        [
          0.0,
          0.0,
          1.0
        ]
      ],
      "data_path": "D:\\Agent-AI\\outputs\\s3a_ml_long_v2\\sample_000058\\images\\CAM_BACK.png",
      "raw_layout": "bgra8"
    },
    "CAM_BACK_LEFT": {
      "type_id": "sensor.camera.rgb",
      "blueprint_attributes": {
        "role_name": "front",
        "ros_name": "sensor.camera.rgb",
        "chromatic_aberration_offset": "0.0",
        "sensor_tick": "0.100000",
        "fstop": "1.4",
        "image_size_x": "960",
        "image_size_y": "540",
        "fov": "70.00",
        "lens_circle_falloff": "5.0",
        "lens_circle_multiplier": "0.0",
        "exposure_compensation": "0.0",
        "lens_y_size": "0.08",
        "lens_k": "-1.0",
        "exposure_mode": "histogram",
        "lens_kcube": "0.0",
        "lens_x_size": "0.08",
        "exposure_max_bright": "12.0",
        "shutter_speed": "200.0",
        "bloom_intensity": "0.675",
        "iso": "100.0",
        "enable_postprocess_effects": "false",
        "gamma": "2.2",
        "motion_blur_intensity": "0.0",
        "motion_blur_max_distortion": "0.35",
        "lens_flare_intensity": "0.1",
        "motion_blur_min_object_screen_size": "0.1",
        "exposure_min_bright": "10.0",
        "exposure_speed_up": "3.0",
        "exposure_speed_down": "1.0",
        "tint": "0.0",
        "calibration_constant": "16.0",
        "focal_distance": "1000.0",
        "min_fstop": "1.2",
        "blade_count": "5",
        "blur_amount": "0.0",
        "blur_radius": "0.0",
        "slope": "0.88",
        "toe": "0.55",
        "white_clip": "0.04",
        "shoulder": "0.26",
        "black_clip": "0.0",
        "temp": "6500.0",
        "chromatic_aberration_intensity": "0.0"
      },
      "transform_carla": {
        "location": {
          "x": 87.48605346679688,
          "y": -56.98924255371094,
          "z": 1.70384681224823
        },
        "rotation": {
          "roll": -0.33063653111457825,
          "pitch": 0.5922115445137024,
          "yaw": 87.16239929199219
        }
      },
      "matrix_world_from_sensor_carla": [
        [
          0.04950256645679474,
          -0.9987602233886719,
          0.005251917522400618,
          87.48605346679688
        ],
        [
          0.9987205266952515,
          0.04944481700658798,
          -0.010608689859509468,
          -56.98924255371094
        ],
        [
          0.010335857048630714,
          0.005770355463027954,
          0.9999299645423889,
          1.70384681224823
        ],
        [
          0.0,
          0.0,
          0.0,
          1.0
        ]
      ],
      "matrix_world_from_sensor_bevfusion": [
        [
          -0.9987602233886719,
          -0.005251917522400618,
          0.04950256645679474,
          87.48605346679688
        ],
        [
          -0.04944481700658798,
          -0.010608689859509468,
          -0.9987205266952515,
          56.98924255371094
        ],
        [
          0.005770355463027954,
          -0.9999299645423889,
          0.010335857048630714,
          1.70384681224823
        ],
        [
          0.0,
          0.0,
          0.0,
          1.0
        ]
      ],
      "matrix_ego_from_sensor_carla": [
        [
          -0.5735767483711243,
          0.8191518187522888,
          -1.9452945920761522e-08,
          -1.2999954223632812
        ],
        [
          -0.8191518187522888,
          -0.5735767483711243,
          -1.8081706798511732e-08,
          -0.5499954223632812
        ],
        [
          -2.60006132180024e-08,
          5.774168698735593e-09,
          1.0,
          1.6999996900558472
        ],
        [
          0.0,
          0.0,
          0.0,
          1.0
        ]
      ],
      "matrix_ego_from_sensor_bevfusion": [
        [
          0.8191518187522888,
          1.9452945920761522e-08,
          -0.5735767483711243,
          -1.2999954223632812
        ],
        [
          0.5735767483711243,
          -1.8081706798511732e-08,
          0.8191518187522888,
          0.5499954223632812
        ],
        [
          5.774168698735593e-09,
          -1.0,
          -2.60006132180024e-08,
          1.6999996900558472
        ],
        [
          0.0,
          0.0,
          0.0,
          1.0
        ]
      ],
      "camera_intrinsics": [
        [
          685.5110473632812,
          0.0,
          480.0
        ],
        [
          0.0,
          685.5110473632812,
          270.0
        ],
        [
          0.0,
          0.0,
          1.0
        ]
      ],
      "data_path": "D:\\Agent-AI\\outputs\\s3a_ml_long_v2\\sample_000058\\images\\CAM_BACK_LEFT.png",
      "raw_layout": "bgra8"
    },
    "CAM_BACK_RIGHT": {
      "type_id": "sensor.camera.rgb",
      "blueprint_attributes": {
        "role_name": "front",
        "ros_name": "sensor.camera.rgb",
        "chromatic_aberration_offset": "0.0",
        "sensor_tick": "0.100000",
        "fstop": "1.4",
        "image_size_x": "960",
        "image_size_y": "540",
        "fov": "70.00",
        "lens_circle_falloff": "5.0",
        "lens_circle_multiplier": "0.0",
        "exposure_compensation": "0.0",
        "lens_y_size": "0.08",
        "lens_k": "-1.0",
        "exposure_mode": "histogram",
        "lens_kcube": "0.0",
        "lens_x_size": "0.08",
        "exposure_max_bright": "12.0",
        "shutter_speed": "200.0",
        "bloom_intensity": "0.675",
        "iso": "100.0",
        "enable_postprocess_effects": "false",
        "gamma": "2.2",
        "motion_blur_intensity": "0.0",
        "motion_blur_max_distortion": "0.35",
        "lens_flare_intensity": "0.1",
        "motion_blur_min_object_screen_size": "0.1",
        "exposure_min_bright": "10.0",
        "exposure_speed_up": "3.0",
        "exposure_speed_down": "1.0",
        "tint": "0.0",
        "calibration_constant": "16.0",
        "focal_distance": "1000.0",
        "min_fstop": "1.2",
        "blade_count": "5",
        "blur_amount": "0.0",
        "blur_radius": "0.0",
        "slope": "0.88",
        "toe": "0.55",
        "white_clip": "0.04",
        "shoulder": "0.26",
        "black_clip": "0.0",
        "temp": "6500.0",
        "chromatic_aberration_intensity": "0.0"
      },
      "transform_carla": {
        "location": {
          "x": 88.07160186767578,
          "y": -57.92034912109375,
          "z": 1.6908929347991943
        },
        "rotation": {
          "roll": -0.44343242049217224,
          "pitch": -0.5132272243499756,
          "yaw": -22.83388328552246
        }
      },
      "matrix_world_from_sensor_carla": [
        [
          0.921596884727478,
          0.3881129324436188,
          0.005251873284578323,
          88.07160186767578
        ],
        [
          -0.3880451023578644,
          0.9215793609619141,
          -0.010608685202896595,
          -57.92034912109375
        ],
        [
          -0.008957385085523129,
          0.007738967891782522,
          0.9999299645423889,
          1.6908929347991943
        ],
        [
          0.0,
          0.0,
          0.0,
          1.0
        ]
      ],
      "matrix_world_from_sensor_bevfusion": [
        [
          0.3881129324436188,
          -0.005251873284578323,
          0.921596884727478,
          88.07160186767578
        ],
        [
          -0.9215793609619141,
          -0.010608685202896595,
          0.3880451023578644,
          57.92034912109375
        ],
        [
          0.007738967891782522,
          -0.9999299645423889,
          -0.008957385085523129,
          1.6908929347991943
        ],
        [
          0.0,
          0.0,
          0.0,
          1.0
        ]
      ],
      "matrix_ego_from_sensor_carla": [
        [
          -0.5735764503479004,
          -0.8191520571708679,
          1.5704481270972792e-08,
          -1.2999992370605469
        ],
        [
          0.8191520571708679,
          -0.5735764503479004,
          -4.602138403697609e-08,
          0.5499954223632812
        ],
        [
          4.672317999165898e-08,
          -1.3006552279648531e-08,
          1.0,
          1.6999999284744263
        ],
        [
          0.0,
          0.0,
          0.0,
          1.0
        ]
      ],
      "matrix_ego_from_sensor_bevfusion": [
        [
          -0.8191520571708679,
          -1.5704481270972792e-08,
          -0.5735764503479004,
          -1.2999992370605469
        ],
        [
          0.5735764503479004,
          -4.602138403697609e-08,
          -0.8191520571708679,
          -0.5499954223632812
        ],
        [
          -1.3006552279648531e-08,
          -1.0,
          4.672317999165898e-08,
          1.6999999284744263
        ],
        [
          0.0,
          0.0,
          0.0,
          1.0
        ]
      ],
      "camera_intrinsics": [
        [
          685.5110473632812,
          0.0,
          480.0
        ],
        [
          0.0,
          685.5110473632812,
          270.0
        ],
        [
          0.0,
          0.0,
          1.0
        ]
      ],
      "data_path": "D:\\Agent-AI\\outputs\\s3a_ml_long_v2\\sample_000058\\images\\CAM_BACK_RIGHT.png",
      "raw_layout": "bgra8"
    },
    "LIDAR_TOP": {
      "type_id": "sensor.lidar.ray_cast",
      "blueprint_attributes": {
        "atmosphere_attenuation_rate": "0.004",
        "role_name": "front",
        "noise_seed": "0",
        "upper_fov": "10.0",
        "ros_name": "sensor.lidar.ray_cast",
        "sensor_tick": "0.100000",
        "channels": "32",
        "range": "120.0",
        "points_per_second": "360000",
        "lower_fov": "-30.0",
        "rotation_frequency": "10.000000",
        "horizontal_fov": "360.0",
        "dropoff_general_rate": "0.0",
        "dropoff_intensity_limit": "1.0",
        "noise_stddev": "0.0",
        "dropoff_zero_intensity": "0.0"
      },
      "transform_carla": {
        "location": {
          "x": 86.68096160888672,
          "y": -58.15214157104492,
          "z": 2.195772886276245
        },
        "rotation": {
          "roll": 0.6747538447380066,
          "pitch": -0.06884830445051193,
          "yaw": -147.83627319335938
        }
      },
      "matrix_world_from_sensor_carla": [
        [
          -0.8465297818183899,
          0.5323154926300049,
          0.005251910537481308,
          86.68096160888672
        ],
        [
          -0.5323400497436523,
          -0.8464641571044922,
          -0.010608715936541557,
          -58.15214157104492
        ],
        [
          -0.0012016294058412313,
          -0.011776396073400974,
          0.9999299645423889,
          2.195772886276245
        ],
        [
          0.0,
          0.0,
          0.0,
          1.0
        ]
      ],
      "matrix_world_from_sensor_bevfusion": [
        [
          -0.8465297818183899,
          -0.5323154926300049,
          0.005251910537481308,
          86.68096160888672
        ],
        [
          0.5323400497436523,
          -0.8464641571044922,
          0.010608715936541557,
          58.15214157104492
        ],
        [
          -0.0012016294058412313,
          0.011776396073400974,
          0.9999299645423889,
          2.195772886276245
        ],
        [
          0.0,
          0.0,
          0.0,
          1.0
        ]
      ],
      "matrix_ego_from_sensor_carla": [
        [
          1.0,
          3.2703457719662765e-08,
          4.540733899993654e-10,
          3.814697265625e-06
        ],
        [
          -2.8833639476033568e-08,
          1.0,
          5.447442497086286e-10,
          0.0
        ],
        [
          -1.7282031361531836e-10,
          -6.159077692302617e-10,
          1.0,
          2.1999998092651367
        ],
        [
          0.0,
          0.0,
          0.0,
          1.0
        ]
      ],
      "matrix_ego_from_sensor_bevfusion": [
        [
          1.0,
          -3.2703457719662765e-08,
          4.540733899993654e-10,
          3.814697265625e-06
        ],
        [
          2.8833639476033568e-08,
          1.0,
          -5.447442497086286e-10,
          0.0
        ],
        [
          -1.7282031361531836e-10,
          6.159077692302617e-10,
          1.0,
          2.1999998092651367
        ],
        [
          0.0,
          0.0,
          0.0,
          1.0
        ]
      ],
      "data_path": "D:\\Agent-AI\\outputs\\s3a_ml_long_v2\\sample_000058\\lidar\\LIDAR_TOP.npy",
      "raw_layout": [
        "x",
        "y",
        "z",
        "intensity"
      ]
    },
    "RADAR_FRONT": {
      "type_id": "sensor.other.radar",
      "blueprint_attributes": {
        "sensor_tick": "0.100000",
        "role_name": "default",
        "noise_seed": "0",
        "ros_name": "sensor.other.radar",
        "horizontal_fov": "35.0",
        "points_per_second": "1500",
        "vertical_fov": "20.0",
        "range": "120.0"
      },
      "transform_carla": {
        "location": {
          "x": 84.9810791015625,
          "y": -59.20302963256836,
          "z": 0.8934606909751892
        },
        "rotation": {
          "roll": 0.6747538447380066,
          "pitch": -0.06884830445051193,
          "yaw": -147.83627319335938
        }
      },
      "matrix_world_from_sensor_carla": [
        [
          -0.8465297818183899,
          0.5323154926300049,
          0.005251910537481308,
          84.9810791015625
        ],
        [
          -0.5323400497436523,
          -0.8464641571044922,
          -0.010608715936541557,
          -59.20302963256836
        ],
        [
          -0.0012016294058412313,
          -0.011776396073400974,
          0.9999299645423889,
          0.8934606909751892
        ],
        [
          0.0,
          0.0,
          0.0,
          1.0
        ]
      ],
      "matrix_world_from_sensor_bevfusion": [
        [
          -0.8465297818183899,
          -0.5323154926300049,
          0.005251910537481308,
          84.9810791015625
        ],
        [
          0.5323400497436523,
          -0.8464641571044922,
          0.010608715936541557,
          59.20302963256836
        ],
        [
          -0.0012016294058412313,
          0.011776396073400974,
          0.9999299645423889,
          0.8934606909751892
        ],
        [
          0.0,
          0.0,
          0.0,
          1.0
        ]
      ],
      "matrix_ego_from_sensor_carla": [
        [
          1.0,
          3.2703457719662765e-08,
          4.540733899993654e-10,
          2.0000038146972656
        ],
        [
          -2.8833639476033568e-08,
          1.0,
          5.447442497086286e-10,
          0.0
        ],
        [
          -1.7282031361531836e-10,
          -6.159077692302617e-10,
          1.0,
          0.8999999761581421
        ],
        [
          0.0,
          0.0,
          0.0,
          1.0
        ]
      ],
      "matrix_ego_from_sensor_bevfusion": [
        [
          1.0,
          -3.2703457719662765e-08,
          4.540733899993654e-10,
          2.0000038146972656
        ],
        [
          2.8833639476033568e-08,
          1.0,
          -5.447442497086286e-10,
          0.0
        ],
        [
          -1.7282031361531836e-10,
          6.159077692302617e-10,
          1.0,
          0.8999999761581421
        ],
        [
          0.0,
          0.0,
          0.0,
          1.0
        ]
      ],
      "data_path": "D:\\Agent-AI\\outputs\\s3a_ml_long_v2\\sample_000058\\radar\\RADAR_FRONT.npy",
      "raw_layout": [
        "velocity",
        "altitude",
        "azimuth",
        "depth"
      ]
    },
    "RADAR_FRONT_LEFT": {
      "type_id": "sensor.other.radar",
      "blueprint_attributes": {
        "sensor_tick": "0.100000",
        "role_name": "default",
        "noise_seed": "0",
        "ros_name": "sensor.other.radar",
        "horizontal_fov": "35.0",
        "points_per_second": "1500",
        "vertical_fov": "20.0",
        "range": "120.0"
      },
      "transform_carla": {
        "location": {
          "x": 84.87813568115234,
          "y": -58.38186264038086,
          "z": 0.9027134776115417
        },
        "rotation": {
          "roll": 0.5258163213729858,
          "pitch": 0.4284304082393646,
          "yaw": 167.1660614013672
        }
      },
      "matrix_world_from_sensor_carla": [
        [
          -0.974990725517273,
          -0.22218357026576996,
          0.0052518704906105995,
          84.87813568115234
        ],
        [
          0.2221197932958603,
          -0.9749616980552673,
          -0.010608701035380363,
          -58.38186264038086
        ],
        [
          0.007477451115846634,
          -0.009176841005682945,
          0.9999299645423889,
          0.9027134776115417
        ],
        [
          0.0,
          0.0,
          0.0,
          1.0
        ]
      ],
      "matrix_world_from_sensor_bevfusion": [
        [
          -0.974990725517273,
          0.22218357026576996,
          0.0052518704906105995,
          84.87813568115234
        ],
        [
          -0.2221197932958603,
          -0.9749616980552673,
          0.010608701035380363,
          58.38186264038086
        ],
        [
          0.007477451115846634,
          0.009176841005682945,
          0.9999299645423889,
          0.9027134776115417
        ],
        [
          0.0,
          0.0,
          0.0,
          1.0
        ]
      ],
      "matrix_ego_from_sensor_carla": [
        [
          0.707106351852417,
          0.7071071863174438,
          2.653110620087773e-08,
          1.649993896484375
        ],
        [
          -0.7071071267127991,
          0.7071064114570618,
          -3.3914190566974867e-08,
          -0.7499923706054688
        ],
        [
          -4.26386321805694e-08,
          4.363955419250942e-09,
          1.0,
          0.8999999761581421
        ],
        [
          0.0,
          0.0,
          0.0,
          1.0
        ]
      ],
      "matrix_ego_from_sensor_bevfusion": [
        [
          0.707106351852417,
          -0.7071071863174438,
          2.653110620087773e-08,
          1.649993896484375
        ],
        [
          0.7071071267127991,
          0.7071064114570618,
          3.3914190566974867e-08,
          0.7499923706054688
        ],
        [
          -4.26386321805694e-08,
          -4.363955419250942e-09,
          1.0,
          0.8999999761581421
        ],
        [
          0.0,
          0.0,
          0.0,
          1.0
        ]
      ],
      "data_path": "D:\\Agent-AI\\outputs\\s3a_ml_long_v2\\sample_000058\\radar\\RADAR_FRONT_LEFT.npy",
      "raw_layout": [
        "velocity",
        "altitude",
        "azimuth",
        "depth"
      ]
    },
    "RADAR_FRONT_RIGHT": {
      "type_id": "sensor.other.radar",
      "blueprint_attributes": {
        "sensor_tick": "0.100000",
        "role_name": "default",
        "noise_seed": "0",
        "ros_name": "sensor.other.radar",
        "horizontal_fov": "35.0",
        "points_per_second": "1500",
        "vertical_fov": "20.0",
        "range": "120.0"
