{
  "schema_version": "stage1.v1",
  "sample_name": "sample_000030",
  "sequence_index": 30,
  "previous_sample_name": "sample_000029",
  "frame_id": 60031,
  "timestamp": 438.01970079541206,
  "platform_timestamp": 16814574.6268498,
  "delta_seconds": 0.10000000149011612,
  "town": "Carla/Maps/Town10HD_Opt",
  "weather": {
    "cloudiness": 20.0,
    "dust_storm": 0.0,
    "fog_density": 2.0,
    "fog_distance": 0.75,
    "fog_falloff": 0.10000000149011612,
    "mie_scattering_scale": 0.029999999329447746,
    "precipitation": 0.0,
    "precipitation_deposits": 0.0,
    "rayleigh_scattering_scale": 0.03310000151395798,
    "scattering_intensity": 1.0,
    "sun_altitude_angle": 45.0,
    "sun_azimuth_angle": 300.0,
    "wetness": 0.0,
    "wind_intensity": 10.0
  },
  "sensor_names": [
    "CAM_FRONT",
    "CAM_FRONT_RIGHT",
    "CAM_FRONT_LEFT",
    "CAM_BACK",
    "CAM_BACK_LEFT",
    "CAM_BACK_RIGHT",
    "LIDAR_TOP",
    "RADAR_FRONT",
    "RADAR_FRONT_LEFT",
    "RADAR_FRONT_RIGHT",
    "RADAR_BACK_LEFT",
    "RADAR_BACK_RIGHT"
  ],
  "camera_order_for_model": [
    "CAM_FRONT",
    "CAM_FRONT_RIGHT",
    "CAM_FRONT_LEFT",
    "CAM_BACK",
    "CAM_BACK_LEFT",
    "CAM_BACK_RIGHT"
  ],
  "radar_order_for_model": [
    "RADAR_FRONT",
    "RADAR_FRONT_LEFT",
    "RADAR_FRONT_RIGHT",
    "RADAR_BACK_LEFT",
    "RADAR_BACK_RIGHT"
  ],
  "coordinate_notes": {
    "carla_world": "left-handed x-forward y-right z-up",
    "bevfusion_lidar": "x-forward y-left z-up",
    "camera_frame_for_model": "OpenCV style x-right y-down z-forward"
  },
  "ego": {
    "actor_id": 28,
    "transform_carla": {
      "location": {
        "x": 101.73052215576172,
        "y": -41.82196044921875,
        "z": -0.004558868240565062
      },
      "rotation": {
        "roll": 0.639782726764679,
        "pitch": 0.05929286777973175,
        "yaw": -116.32453918457031
      }
    },
    "velocity_carla": [
      -3.8001022338867188,
      -7.232086181640625,
      -3.2424925393570447e-06
    ],
    "angular_velocity_carla": [
      -1.2586355209350586,
      -0.03178060054779053,
      -12.080545425415039
    ],
    "matrix_world_from_ego_carla": [
      [
        -0.44345492124557495,
        0.8962355256080627,
        0.010467004962265491,
        101.73052215576172
      ],
      [
        -0.8962960839271545,
        -0.4434378743171692,
        -0.004024177324026823,
        -41.82196044921875
      ],
      [
        0.0010348554933443666,
        -0.011166077107191086,
        0.999937117099762,
        -0.004558868240565062
      ],
      [
        0.0,
        0.0,
        0.0,
        1.0
      ]
    ],
    "matrix_world_from_ego_bevfusion": [
      [
        -0.44345492124557495,
        -0.8962355256080627,
        0.010467004962265491,
        101.73052215576172
      ],
      [
        0.8962960839271545,
        -0.4434378743171692,
        0.004024177324026823,
        41.82196044921875
      ],
      [
        0.0010348554933443666,
        0.011166077107191086,
        0.999937117099762,
        -0.004558868240565062
      ],
      [
        0.0,
        0.0,
        0.0,
        1.0
      ]
    ]
  },
  "sensors": {
    "CAM_FRONT": {
      "type_id": "sensor.camera.rgb",
      "blueprint_attributes": {
        "role_name": "front",
        "ros_name": "sensor.camera.rgb",
        "chromatic_aberration_offset": "0.0",
        "sensor_tick": "0.100000",
        "fstop": "1.4",
        "image_size_x": "960",
        "image_size_y": "540",
        "fov": "70.00",
        "lens_circle_falloff": "5.0",
        "lens_circle_multiplier": "0.0",
        "exposure_compensation": "0.0",
        "lens_y_size": "0.08",
        "lens_k": "-1.0",
        "exposure_mode": "histogram",
        "lens_kcube": "0.0",
        "lens_x_size": "0.08",
        "exposure_max_bright": "12.0",
        "shutter_speed": "200.0",
        "bloom_intensity": "0.675",
        "iso": "100.0",
        "enable_postprocess_effects": "false",
        "gamma": "2.2",
        "motion_blur_intensity": "0.0",
        "motion_blur_max_distortion": "0.35",
        "lens_flare_intensity": "0.1",
        "motion_blur_min_object_screen_size": "0.1",
        "exposure_min_bright": "10.0",
        "exposure_speed_up": "3.0",
        "exposure_speed_down": "1.0",
        "tint": "0.0",
        "calibration_constant": "16.0",
        "focal_distance": "1000.0",
        "min_fstop": "1.2",
        "blade_count": "5",
        "blur_amount": "0.0",
        "blur_radius": "0.0",
        "slope": "0.88",
        "toe": "0.55",
        "white_clip": "0.04",
        "shoulder": "0.26",
        "black_clip": "0.0",
        "temp": "6500.0",
        "chromatic_aberration_intensity": "0.0"
      },
      "transform_carla": {
        "location": {
          "x": 101.06096649169922,
          "y": -43.21805953979492,
          "z": 1.6969382762908936
        },
        "rotation": {
          "roll": 0.639782726764679,
          "pitch": 0.05929286777973175,
          "yaw": -116.32453918457031
        }
      },
      "matrix_world_from_sensor_carla": [
        [
          -0.44345492124557495,
          0.8962355256080627,
          0.010467004962265491,
          101.06096649169922
        ],
        [
          -0.8962960839271545,
          -0.4434378743171692,
          -0.004024177324026823,
          -43.21805953979492
        ],
        [
          0.0010348554933443666,
          -0.011166077107191086,
          0.999937117099762,
          1.6969382762908936
        ],
        [
          0.0,
          0.0,
          0.0,
          1.0
        ]
      ],
      "matrix_world_from_sensor_bevfusion": [
        [
          0.8962355256080627,
          -0.010467004962265491,
          -0.44345492124557495,
          101.06096649169922
        ],
        [
          0.4434378743171692,
          -0.004024177324026823,
          0.8962960839271545,
          43.21805953979492
        ],
        [
          -0.011166077107191086,
          -0.999937117099762,
          0.0010348554933443666,
          1.6969382762908936
        ],
        [
          0.0,
          0.0,
          0.0,
          1.0
        ]
      ],
      "matrix_ego_from_sensor_carla": [
        [
          1.0,
          2.886423366987856e-08,
          3.5068148385164477e-10,
          1.5499992370605469
        ],
        [
          -9.354889085599893e-10,
          1.0,
          -6.19084783437529e-11,
          0.0
        ],
        [
          1.1786546738612458e-10,
          -6.19084783437529e-11,
          1.0,
          1.7000001668930054
        ],
        [
          0.0,
          0.0,
          0.0,
          1.0
        ]
      ],
      "matrix_ego_from_sensor_bevfusion": [
        [
          2.886423366987856e-08,
          -3.5068148385164477e-10,
          1.0,
          1.5499992370605469
        ],
        [
          -1.0,
          -6.19084783437529e-11,
          9.354889085599893e-10,
          0.0
        ],
        [
          -6.19084783437529e-11,
          -1.0,
          1.1786546738612458e-10,
          1.7000001668930054
        ],
        [
          0.0,
          0.0,
          0.0,
          1.0
        ]
      ],
      "camera_intrinsics": [
        [
          685.5110473632812,
          0.0,
          480.0
        ],
        [
          0.0,
          685.5110473632812,
          270.0
        ],
        [
          0.0,
          0.0,
          1.0
        ]
      ],
      "data_path": "D:\\Agent-AI\\outputs\\s3a_ml_long_v2\\sample_000030\\images\\CAM_FRONT.png",
      "raw_layout": "bgra8"
    },
    "CAM_FRONT_RIGHT": {
      "type_id": "sensor.camera.rgb",
      "blueprint_attributes": {
        "role_name": "front",
        "ros_name": "sensor.camera.rgb",
        "chromatic_aberration_offset": "0.0",
        "sensor_tick": "0.100000",
        "fstop": "1.4",
        "image_size_x": "960",
        "image_size_y": "540",
        "fov": "70.00",
        "lens_circle_falloff": "5.0",
        "lens_circle_multiplier": "0.0",
        "exposure_compensation": "0.0",
        "lens_y_size": "0.08",
        "lens_k": "-1.0",
        "exposure_mode": "histogram",
        "lens_kcube": "0.0",
        "lens_x_size": "0.08",
        "exposure_max_bright": "12.0",
        "shutter_speed": "200.0",
        "bloom_intensity": "0.675",
        "iso": "100.0",
        "enable_postprocess_effects": "false",
        "gamma": "2.2",
        "motion_blur_intensity": "0.0",
        "motion_blur_max_distortion": "0.35",
        "lens_flare_intensity": "0.1",
        "motion_blur_min_object_screen_size": "0.1",
        "exposure_min_bright": "10.0",
        "exposure_speed_up": "3.0",
        "exposure_speed_down": "1.0",
        "tint": "0.0",
        "calibration_constant": "16.0",
        "focal_distance": "1000.0",
        "min_fstop": "1.2",
        "blade_count": "5",
        "blur_amount": "0.0",
        "blur_radius": "0.0",
        "slope": "0.88",
        "toe": "0.55",
        "white_clip": "0.04",
        "shoulder": "0.26",
        "black_clip": "0.0",
        "temp": "6500.0",
        "chromatic_aberration_intensity": "0.0"
      },
      "transform_carla": {
        "location": {
          "x": 101.66475677490234,
          "y": -43.23788070678711,
          "z": 1.6905381679534912
        },
        "rotation": {
          "roll": 0.4155452251434326,
          "pitch": -0.4900660514831543,
          "yaw": -61.32667922973633
        }
      },
      "matrix_world_from_sensor_carla": [
        [
          0.47979748249053955,
          0.8773168325424194,
          0.010467011481523514,
          101.66475677490234
        ],
        [
          -0.8773375153541565,
          0.47985684871673584,
          -0.004024195950478315,
          -43.23788070678711
        ],
        [
          -0.008553162217140198,
          -0.007252302952110767,
          0.999937117099762,
          1.6905381679534912
        ],
        [
          0.0,
          0.0,
          0.0,
          1.0
        ]
      ],
      "matrix_world_from_sensor_bevfusion": [
        [
          0.8773168325424194,
          -0.010467011481523514,
          0.47979748249053955,
          101.66475677490234
        ],
        [
          -0.47985684871673584,
          -0.004024195950478315,
          0.8773375153541565,
          43.23788070678711
        ],
        [
          -0.007252302952110767,
          -0.999937117099762,
          -0.008553162217140198,
          1.6905381679534912
        ],
        [
          0.0,
          0.0,
          0.0,
          1.0
        ]
      ],
      "matrix_ego_from_sensor_carla": [
        [
          0.573576807975769,
          -0.819151759147644,
          1.3854858593731478e-08,
          1.300004482269287
        ],
        [
          0.819151759147644,
          0.5735768675804138,
          1.390792991884382e-08,
          0.5500030517578125
        ],
        [
          -1.908325231170238e-08,
          4.35439417856287e-09,
          1.0,
          1.7000001668930054
        ],
        [
          0.0,
          0.0,
          0.0,
          1.0
        ]
      ],
      "matrix_ego_from_sensor_bevfusion": [
        [
          -0.819151759147644,
          -1.3854858593731478e-08,
          0.573576807975769,
          1.300004482269287
        ],
        [
          -0.5735768675804138,
          1.390792991884382e-08,
          -0.819151759147644,
          -0.5500030517578125
        ],
        [
          4.35439417856287e-09,
          -1.0,
          -1.908325231170238e-08,
          1.7000001668930054
        ],
        [
          0.0,
          0.0,
          0.0,
          1.0
        ]
      ],
      "camera_intrinsics": [
        [
          685.5110473632812,
          0.0,
          480.0
        ],
        [
          0.0,
          685.5110473632812,
          270.0
        ],
        [
          0.0,
          0.0,
          1.0
        ]
      ],
      "data_path": "D:\\Agent-AI\\outputs\\s3a_ml_long_v2\\sample_000030\\images\\CAM_FRONT_RIGHT.png",
      "raw_layout": "bgra8"
    },
    "CAM_FRONT_LEFT": {
      "type_id": "sensor.camera.rgb",
      "blueprint_attributes": {
        "role_name": "front",
        "ros_name": "sensor.camera.rgb",
        "chromatic_aberration_offset": "0.0",
        "sensor_tick": "0.100000",
        "fstop": "1.4",
        "image_size_x": "960",
        "image_size_y": "540",
        "fov": "70.00",
        "lens_circle_falloff": "5.0",
        "lens_circle_multiplier": "0.0",
        "exposure_compensation": "0.0",
        "lens_y_size": "0.08",
        "lens_k": "-1.0",
        "exposure_mode": "histogram",
        "lens_kcube": "0.0",
        "lens_x_size": "0.08",
        "exposure_max_bright": "12.0",
        "shutter_speed": "200.0",
        "bloom_intensity": "0.675",
        "iso": "100.0",
        "enable_postprocess_effects": "false",
        "gamma": "2.2",
        "motion_blur_intensity": "0.0",
        "motion_blur_max_distortion": "0.35",
        "lens_flare_intensity": "0.1",
        "motion_blur_min_object_screen_size": "0.1",
        "exposure_min_bright": "10.0",
        "exposure_speed_up": "3.0",
        "exposure_speed_down": "1.0",
        "tint": "0.0",
        "calibration_constant": "16.0",
        "focal_distance": "1000.0",
        "min_fstop": "1.2",
        "blade_count": "5",
        "blur_amount": "0.0",
        "blur_radius": "0.0",
        "slope": "0.88",
        "toe": "0.55",
        "white_clip": "0.04",
        "shoulder": "0.26",
        "black_clip": "0.0",
        "temp": "6500.0",
        "chromatic_aberration_intensity": "0.0"
      },
      "transform_carla": {
        "location": {
          "x": 100.67889404296875,
          "y": -42.75009536743164,
          "z": 1.702820897102356
        },
        "rotation": {
          "roll": 0.31840330362319946,
          "pitch": 0.5580810904502869,
          "yaw": -171.3233184814453
        }
      },
      "matrix_world_from_sensor_carla": [
        [
          -0.9885084629058838,
          0.15080273151397705,
          0.01046692207455635,
          100.67889404296875
        ],
        [
          -0.15085141360759735,
          -0.9885482788085938,
          -0.004024188034236431,
          -42.75009536743164
        ],
        [
          0.009740198962390423,
          -0.00555689400061965,
          0.999937117099762,
          1.702820897102356
        ],
        [
          0.0,
          0.0,
          0.0,
          1.0
        ]
      ],
      "matrix_world_from_sensor_bevfusion": [
        [
          0.15080273151397705,
          -0.01046692207455635,
          -0.9885084629058838,
          100.67889404296875
        ],
        [
          0.9885482788085938,
          -0.004024188034236431,
          0.15085141360759735,
          42.75009536743164
        ],
        [
          -0.00555689400061965,
          -0.999937117099762,
          0.009740198962390423,
          1.702820897102356
        ],
        [
          0.0,
          0.0,
          0.0,
          1.0
        ]
      ],
      "matrix_ego_from_sensor_carla": [
        [
          0.5735765099525452,
          0.8191519975662231,
          4.633473338344629e-08,
          1.300004482269287
        ],
        [
          -0.8191519975662231,
          0.5735765695571899,
          -6.991110268472767e-08,
          -0.5500030517578125
        ],
        [
          -8.443205956609745e-08,
          2.5159521133133467e-09,
          1.0,
          1.6999999284744263
        ],
        [
          0.0,
          0.0,
          0.0,
          1.0
        ]
      ],
      "matrix_ego_from_sensor_bevfusion": [
        [
          0.8191519975662231,
          -4.633473338344629e-08,
          0.5735765099525452,
          1.300004482269287
        ],
        [
          -0.5735765695571899,
          -6.991110268472767e-08,
          0.8191519975662231,
          0.5500030517578125
        ],
        [
          2.5159521133133467e-09,
          -1.0,
          -8.443205956609745e-08,
          1.6999999284744263
        ],
        [
          0.0,
          0.0,
          0.0,
          1.0
        ]
      ],
      "camera_intrinsics": [
        [
          685.5110473632812,
          0.0,
          480.0
        ],
        [
          0.0,
          685.5110473632812,
          270.0
        ],
        [
          0.0,
          0.0,
          1.0
        ]
      ],
      "data_path": "D:\\Agent-AI\\outputs\\s3a_ml_long_v2\\sample_000030\\images\\CAM_FRONT_LEFT.png",
      "raw_layout": "bgra8"
    },
    "CAM_BACK": {
      "type_id": "sensor.camera.rgb",
      "blueprint_attributes": {
        "role_name": "front",
        "ros_name": "sensor.camera.rgb",
        "chromatic_aberration_offset": "0.0",
        "sensor_tick": "0.100000",
        "fstop": "1.4",
        "image_size_x": "960",
        "image_size_y": "540",
        "fov": "70.00",
        "lens_circle_falloff": "5.0",
        "lens_circle_multiplier": "0.0",
        "exposure_compensation": "0.0",
        "lens_y_size": "0.08",
        "lens_k": "-1.0",
        "exposure_mode": "histogram",
        "lens_kcube": "0.0",
        "lens_x_size": "0.08",
        "exposure_max_bright": "12.0",
        "shutter_speed": "200.0",
        "bloom_intensity": "0.675",
        "iso": "100.0",
        "enable_postprocess_effects": "false",
        "gamma": "2.2",
        "motion_blur_intensity": "0.0",
        "motion_blur_max_distortion": "0.35",
        "lens_flare_intensity": "0.1",
        "motion_blur_min_object_screen_size": "0.1",
        "exposure_min_bright": "10.0",
        "exposure_speed_up": "3.0",
        "exposure_speed_down": "1.0",
        "tint": "0.0",
        "calibration_constant": "16.0",
        "focal_distance": "1000.0",
        "min_fstop": "1.2",
        "blade_count": "5",
        "blur_amount": "0.0",
        "blur_radius": "0.0",
        "slope": "0.88",
        "toe": "0.55",
        "white_clip": "0.04",
        "shoulder": "0.26",
        "black_clip": "0.0",
        "temp": "6500.0",
        "chromatic_aberration_intensity": "0.0"
      },
      "transform_carla": {
        "location": {
          "x": 102.4356689453125,
          "y": -40.439544677734375,
          "z": 1.693730115890503
        },
        "rotation": {
          "roll": -0.6397826075553894,
          "pitch": -0.05929286777973175,
          "yaw": 63.675472259521484
        }
      },
      "matrix_world_from_sensor_carla": [
        [
          0.44345471262931824,
          -0.8962356448173523,
          0.010467004030942917,
          102.4356689453125
        ],
        [
          0.8962962031364441,
          0.4434376657009125,
          -0.004024174064397812,
          -40.439544677734375
        ],
        [
          -0.0010348554933443666,
          0.011166075244545937,
          0.999937117099762,
          1.693730115890503
        ],
        [
          0.0,
          0.0,
          0.0,
          1.0
        ]
      ],
      "matrix_world_from_sensor_bevfusion": [
        [
          -0.8962356448173523,
          -0.010467004030942917,
          0.44345471262931824,
          102.4356689453125
        ],
        [
          -0.4434376657009125,
          -0.004024174064397812,
          -0.8962962031364441,
          40.439544677734375
        ],
        [
          0.011166075244545937,
          -0.999937117099762,
          -0.0010348554933443666,
          1.693730115890503
        ],
        [
          0.0,
          0.0,
          0.0,
          1.0
        ]
      ],
      "matrix_ego_from_sensor_carla": [
        [
          -1.0,
          2.1771967340100673e-07,
          -2.5597015618217256e-09,
          -1.549994945526123
        ],
        [
          -2.3074100852227275e-07,
          -1.0,
          -2.8558762021901885e-09,
          -7.62939453125e-06
        ],
        [
          -2.4461719316803965e-09,
          -2.731942227995887e-09,
          1.0,
          1.6999999284744263
        ],
        [
          0.0,
          0.0,
          0.0,
          1.0
        ]
      ],
      "matrix_ego_from_sensor_bevfusion": [
        [
          2.1771967340100673e-07,
          2.5597015618217256e-09,
          -1.0,
          -1.549994945526123
        ],
        [
          1.0,
          -2.8558762021901885e-09,
          2.3074100852227275e-07,
          7.62939453125e-06
        ],
        [
          -2.731942227995887e-09,
          -1.0,
          -2.4461719316803965e-09,
          1.6999999284744263
        ],
        [
          0.0,
          0.0,
          0.0,
          1.0
        ]
      ],
      "camera_intrinsics": [
        [
          685.5110473632812,
          0.0,
          480.0
        ],
        [
          0.0,
          685.5110473632812,
          270.0
        ],
        [
          0.0,
          0.0,
          1.0
        ]
      ],
      "data_path": "D:\\Agent-AI\\outputs\\s3a_ml_long_v2\\sample_000030\\images\\CAM_BACK.png",
      "raw_layout": "bgra8"
    },
    "CAM_BACK_LEFT": {
      "type_id": "sensor.camera.rgb",
      "blueprint_attributes": {
        "role_name": "front",
        "ros_name": "sensor.camera.rgb",
        "chromatic_aberration_offset": "0.0",
        "sensor_tick": "0.100000",
        "fstop": "1.4",
        "image_size_x": "960",
        "image_size_y": "540",
        "fov": "70.00",
        "lens_circle_falloff": "5.0",
        "lens_circle_multiplier": "0.0",
        "exposure_compensation": "0.0",
        "lens_y_size": "0.08",
        "lens_k": "-1.0",
        "exposure_mode": "histogram",
        "lens_kcube": "0.0",
        "lens_x_size": "0.08",
        "exposure_max_bright": "12.0",
        "shutter_speed": "200.0",
        "bloom_intensity": "0.675",
        "iso": "100.0",
        "enable_postprocess_effects": "false",
        "gamma": "2.2",
        "motion_blur_intensity": "0.0",
        "motion_blur_max_distortion": "0.35",
        "lens_flare_intensity": "0.1",
        "motion_blur_min_object_screen_size": "0.1",
        "exposure_min_bright": "10.0",
        "exposure_speed_up": "3.0",
        "exposure_speed_down": "1.0",
        "tint": "0.0",
        "calibration_constant": "16.0",
        "focal_distance": "1000.0",
        "min_fstop": "1.2",
        "blade_count": "5",
        "blur_amount": "0.0",
        "blur_radius": "0.0",
        "slope": "0.88",
        "toe": "0.55",
        "white_clip": "0.04",
        "shoulder": "0.26",
        "black_clip": "0.0",
        "temp": "6500.0",
        "chromatic_aberration_intensity": "0.0"
      },
      "transform_carla": {
        "location": {
          "x": 101.8318862915039,
          "y": -40.41972732543945,
          "z": 1.7001302242279053
        },
        "rotation": {
          "roll": -0.41554510593414307,
          "pitch": 0.4900660514831543,
          "yaw": 118.67332458496094
        }
      },
      "matrix_world_from_sensor_carla": [
        [
          -0.47979745268821716,
          -0.8773168921470642,
          0.010467009618878365,
          101.8318862915039
        ],
        [
          0.8773375749588013,
          -0.47985681891441345,
          -0.004024197347462177,
          -40.41972732543945
        ],
        [
          0.008553162217140198,
          0.007252301089465618,
          0.999937117099762,
          1.7001302242279053
        ],
        [
          0.0,
          0.0,
          0.0,
          1.0
        ]
      ],
      "matrix_world_from_sensor_bevfusion": [
        [
          -0.8773168921470642,
          -0.010467009618878365,
          -0.47979745268821716,
          101.8318862915039
        ],
        [
          0.47985681891441345,
          -0.004024197347462177,
          -0.8773375749588013,
          40.41972732543945
        ],
        [
          0.007252301089465618,
          -0.999937117099762,
          0.008553162217140198,
          1.7001302242279053
        ],
        [
          0.0,
          0.0,
          0.0,
          1.0
        ]
      ],
      "matrix_ego_from_sensor_carla": [
        [
          -0.5735768675804138,
          0.819151759147644,
          1.5950334386616305e-08,
          -1.3000006675720215
        ],
        [
          -0.819151759147644,
          -0.5735769271850586,
          1.2976607344228341e-08,
          -0.5499954223632812
        ],
        [
          1.908325231170238e-08,
          -6.216922532331637e-09,
          1.0,
          1.7000001668930054
        ],
        [
          0.0,
          0.0,
          0.0,
          1.0
        ]
      ],
      "matrix_ego_from_sensor_bevfusion": [
        [
          0.819151759147644,
          -1.5950334386616305e-08,
          -0.5735768675804138,
          -1.3000006675720215
        ],
        [
          0.5735769271850586,
          1.2976607344228341e-08,
          0.819151759147644,
          0.5499954223632812
        ],
        [
          -6.216922532331637e-09,
          -1.0,
          1.908325231170238e-08,
          1.7000001668930054
        ],
        [
          0.0,
          0.0,
          0.0,
          1.0
        ]
      ],
      "camera_intrinsics": [
        [
          685.5110473632812,
          0.0,
          480.0
        ],
        [
          0.0,
          685.5110473632812,
          270.0
        ],
        [
          0.0,
          0.0,
          1.0
        ]
      ],
      "data_path": "D:\\Agent-AI\\outputs\\s3a_ml_long_v2\\sample_000030\\images\\CAM_BACK_LEFT.png",
      "raw_layout": "bgra8"
    },
    "CAM_BACK_RIGHT": {
      "type_id": "sensor.camera.rgb",
      "blueprint_attributes": {
        "role_name": "front",
        "ros_name": "sensor.camera.rgb",
        "chromatic_aberration_offset": "0.0",
        "sensor_tick": "0.100000",
        "fstop": "1.4",
        "image_size_x": "960",
        "image_size_y": "540",
        "fov": "70.00",
        "lens_circle_falloff": "5.0",
        "lens_circle_multiplier": "0.0",
        "exposure_compensation": "0.0",
        "lens_y_size": "0.08",
        "lens_k": "-1.0",
        "exposure_mode": "histogram",
        "lens_kcube": "0.0",
        "lens_x_size": "0.08",
        "exposure_max_bright": "12.0",
        "shutter_speed": "200.0",
        "bloom_intensity": "0.675",
        "iso": "100.0",
        "enable_postprocess_effects": "false",
        "gamma": "2.2",
        "motion_blur_intensity": "0.0",
        "motion_blur_max_distortion": "0.35",
        "lens_flare_intensity": "0.1",
        "motion_blur_min_object_screen_size": "0.1",
        "exposure_min_bright": "10.0",
        "exposure_speed_up": "3.0",
        "exposure_speed_down": "1.0",
        "tint": "0.0",
        "calibration_constant": "16.0",
        "focal_distance": "1000.0",
        "min_fstop": "1.2",
        "blade_count": "5",
        "blur_amount": "0.0",
        "blur_radius": "0.0",
        "slope": "0.88",
        "toe": "0.55",
        "white_clip": "0.04",
        "shoulder": "0.26",
        "black_clip": "0.0",
        "temp": "6500.0",
        "chromatic_aberration_intensity": "0.0"
      },
      "transform_carla": {
        "location": {
          "x": 102.81774139404297,
          "y": -40.907508850097656,
          "z": 1.68784761428833
        },
        "rotation": {
          "roll": -0.3184031844139099,
          "pitch": -0.5580810904502869,
          "yaw": 8.676657676696777
        }
      },
      "matrix_world_from_sensor_carla": [
        [
          0.9885085225105286,
          -0.15080225467681885,
          0.010466919280588627,
          102.81774139404297
        ],
        [
          0.15085093677043915,
          0.9885483384132385,
          -0.004024190828204155,
          -40.907508850097656
        ],
        [
          -0.009740198962390423,
          0.005556891672313213,
          0.999937117099762,
          1.68784761428833
        ],
        [
          0.0,
          0.0,
          0.0,
          1.0
        ]
      ],
      "matrix_world_from_sensor_bevfusion": [
        [
          -0.15080225467681885,
          -0.010466919280588627,
          0.9885085225105286,
          102.81774139404297
        ],
        [
          -0.9885483384132385,
          -0.004024190828204155,
          -0.15085093677043915,
          40.907508850097656
        ],
        [
          0.005556891672313213,
          -0.999937117099762,
          -0.009740198962390423,
          1.68784761428833
        ],
        [
          0.0,
          0.0,
          0.0,
          1.0
        ]
      ],
      "matrix_ego_from_sensor_carla": [
        [
          -0.5735761523246765,
          -0.819152295589447,
          5.017643900373514e-08,
          -1.2999958992004395
        ],
        [
          0.8191522359848022,
          -0.5735761523246765,
          -7.084242525934314e-08,
          0.5500030517578125
        ],
        [
          8.722602728994389e-08,
          -1.874991828465511e-10,
          1.0,
          1.7000001668930054
        ],
        [
          0.0,
          0.0,
          0.0,
          1.0
        ]
      ],
      "matrix_ego_from_sensor_bevfusion": [
        [
          -0.819152295589447,
          -5.017643900373514e-08,
          -0.5735761523246765,
          -1.2999958992004395
        ],
        [
          0.5735761523246765,
          -7.084242525934314e-08,
          -0.8191522359848022,
          -0.5500030517578125
        ],
        [
          -1.874991828465511e-10,
          -1.0,
          8.722602728994389e-08,
          1.7000001668930054
        ],
        [
          0.0,
          0.0,
          0.0,
          1.0
        ]
      ],
      "camera_intrinsics": [
        [
          685.5110473632812,
          0.0,
          480.0
        ],
        [
          0.0,
          685.5110473632812,
          270.0
        ],
        [
          0.0,
          0.0,
          1.0
        ]
      ],
      "data_path": "D:\\Agent-AI\\outputs\\s3a_ml_long_v2\\sample_000030\\images\\CAM_BACK_RIGHT.png",
      "raw_layout": "bgra8"
    },
    "LIDAR_TOP": {
      "type_id": "sensor.lidar.ray_cast",
      "blueprint_attributes": {
        "atmosphere_attenuation_rate": "0.004",
        "role_name": "front",
        "noise_seed": "0",
        "upper_fov": "10.0",
        "ros_name": "sensor.lidar.ray_cast",
        "sensor_tick": "0.100000",
        "channels": "32",
        "range": "120.0",
        "points_per_second": "360000",
        "lower_fov": "-30.0",
        "rotation_frequency": "10.000000",
        "horizontal_fov": "360.0",
        "dropoff_general_rate": "0.0",
        "dropoff_intensity_limit": "1.0",
        "noise_stddev": "0.0",
        "dropoff_zero_intensity": "0.0"
      },
      "transform_carla": {
        "location": {
          "x": 101.75355529785156,
          "y": -41.830814361572266,
          "z": 2.195302724838257
        },
        "rotation": {
          "roll": 0.639782726764679,
          "pitch": 0.05929286777973175,
          "yaw": -116.32453918457031
        }
      },
      "matrix_world_from_sensor_carla": [
        [
          -0.44345492124557495,
          0.8962355256080627,
          0.010467004962265491,
          101.75355529785156
        ],
        [
          -0.8962960839271545,
          -0.4434378743171692,
          -0.004024177324026823,
          -41.830814361572266
        ],
        [
          0.0010348554933443666,
          -0.011166077107191086,
          0.999937117099762,
          2.195302724838257
        ],
        [
          0.0,
          0.0,
          0.0,
          1.0
        ]
      ],
      "matrix_world_from_sensor_bevfusion": [
        [
          -0.44345492124557495,
          -0.8962355256080627,
          0.010467004962265491,
          101.75355529785156
        ],
        [
          0.8962960839271545,
          -0.4434378743171692,
          0.004024177324026823,
          41.830814361572266
        ],
        [
          0.0010348554933443666,
          0.011166077107191086,
          0.999937117099762,
          2.195302724838257
        ],
        [
          0.0,
          0.0,
          0.0,
          1.0
        ]
      ],
      "matrix_ego_from_sensor_carla": [
        [
          1.0,
          2.886423366987856e-08,
          3.5068148385164477e-10,
          -4.76837158203125e-07
        ],
        [
          -9.354889085599893e-10,
          1.0,
          -6.19084783437529e-11,
          7.62939453125e-06
        ],
        [
          1.1786546738612458e-10,
          -6.19084783437529e-11,
          1.0,
          2.1999998092651367
        ],
        [
          0.0,
          0.0,
          0.0,
          1.0
        ]
      ],
      "matrix_ego_from_sensor_bevfusion": [
        [
          1.0,
          -2.886423366987856e-08,
          3.5068148385164477e-10,
          -4.76837158203125e-07
        ],
        [
          9.354889085599893e-10,
          1.0,
          6.19084783437529e-11,
          -7.62939453125e-06
        ],
        [
          1.1786546738612458e-10,
          6.19084783437529e-11,
          1.0,
          2.1999998092651367
        ],
        [
          0.0,
          0.0,
          0.0,
          1.0
        ]
      ],
      "data_path": "D:\\Agent-AI\\outputs\\s3a_ml_long_v2\\sample_000030\\lidar\\LIDAR_TOP.npy",
      "raw_layout": [
        "x",
        "y",
        "z",
        "intensity"
      ]
    },
    "RADAR_FRONT": {
      "type_id": "sensor.other.radar",
      "blueprint_attributes": {
        "sensor_tick": "0.100000",
        "role_name": "default",
        "noise_seed": "0",
        "ros_name": "sensor.other.radar",
        "horizontal_fov": "35.0",
        "points_per_second": "1500",
        "vertical_fov": "20.0",
        "range": "120.0"
      },
      "transform_carla": {
        "location": {
          "x": 100.85303497314453,
          "y": -43.61817932128906,
          "z": 0.8974542021751404
        },
        "rotation": {
          "roll": 0.639782726764679,
          "pitch": 0.05929286777973175,
          "yaw": -116.32453918457031
        }
      },
      "matrix_world_from_sensor_carla": [
        [
          -0.44345492124557495,
          0.8962355256080627,
          0.010467004962265491,
          100.85303497314453
        ],
        [
          -0.8962960839271545,
          -0.4434378743171692,
          -0.004024177324026823,
          -43.61817932128906
        ],
        [
          0.0010348554933443666,
          -0.011166077107191086,
          0.999937117099762,
          0.8974542021751404
        ],
        [
          0.0,
          0.0,
          0.0,
          1.0
        ]
      ],
      "matrix_world_from_sensor_bevfusion": [
        [
          -0.44345492124557495,
          -0.8962355256080627,
          0.010467004962265491,
          100.85303497314453
        ],
        [
          0.8962960839271545,
          -0.4434378743171692,
          0.004024177324026823,
          43.61817932128906
        ],
        [
          0.0010348554933443666,
          0.011166077107191086,
          0.999937117099762,
          0.8974542021751404
        ],
        [
          0.0,
          0.0,
          0.0,
          1.0
        ]
      ],
      "matrix_ego_from_sensor_carla": [
        [
          1.0,
          2.886423366987856e-08,
          3.5068148385164477e-10,
          2.000006675720215
        ],
        [
          -9.354889085599893e-10,
          1.0,
          -6.19084783437529e-11,
          0.0
        ],
        [
          1.1786546738612458e-10,
          -6.19084783437529e-11,
          1.0,
          0.8999999761581421
        ],
        [
          0.0,
          0.0,
          0.0,
          1.0
        ]
      ],
      "matrix_ego_from_sensor_bevfusion": [
        [
          1.0,
          -2.886423366987856e-08,
          3.5068148385164477e-10,
          2.000006675720215
        ],
        [
          9.354889085599893e-10,
          1.0,
          6.19084783437529e-11,
          0.0
        ],
        [
          1.1786546738612458e-10,
          6.19084783437529e-11,
          1.0,
          0.8999999761581421
        ],
        [
          0.0,
          0.0,
          0.0,
          1.0
        ]
      ],
      "data_path": "D:\\Agent-AI\\outputs\\s3a_ml_long_v2\\sample_000030\\radar\\RADAR_FRONT.npy",
      "raw_layout": [
        "velocity",
        "altitude",
        "azimuth",
        "depth"
      ]
    },
    "RADAR_FRONT_LEFT": {
      "type_id": "sensor.other.radar",
      "blueprint_attributes": {
        "sensor_tick": "0.100000",
        "role_name": "default",
        "noise_seed": "0",
        "ros_name": "sensor.other.radar",
        "horizontal_fov": "35.0",
        "points_per_second": "1500",
        "vertical_fov": "20.0",
        "range": "120.0"
      },
      "transform_carla": {
        "location": {
          "x": 100.33607482910156,
          "y": -42.971893310546875,
          "z": 0.905466616153717
        },
        "rotation": {
          "roll": 0.4104774296283722,
          "pitch": 0.49431443214416504,
          "yaw": -161.3231201171875
        }
      },
      "matrix_world_from_sensor_carla": [
        [
          -0.9473043084144592,
          0.3201640844345093,
          0.010466952808201313,
          100.33607482910156
        ],
        [
          -0.320218950510025,
          -0.9473350048065186,
          -0.004024196416139603,
          -42.971893310546875
        ],
        [
          0.00862730760127306,
          -0.007163854781538248,
          0.999937117099762,
          0.905466616153717
        ],
        [
          0.0,
          0.0,
          0.0,
          1.0
        ]
      ],
      "matrix_world_from_sensor_bevfusion": [
        [
          -0.9473043084144592,
          -0.3201640844345093,
          0.010466952808201313,
          100.33607482910156
        ],
        [
          0.320218950510025,
          -0.9473350048065186,
          0.004024196416139603,
          42.971893310546875
        ],
        [
          0.00862730760127306,
          0.007163854781538248,
          0.999937117099762,
          0.905466616153717
        ],
        [
          0.0,
          0.0,
          0.0,
          1.0
        ]
      ],
      "matrix_ego_from_sensor_carla": [
        [
          0.7071067094802856,
          0.7071069478988647,
          4.028113664844568e-08,
          1.6499991416931152
        ],
        [
          -0.7071069478988647,
          0.7071066498756409,
          -3.8246135147801397e-08,
          -0.7499923706054688
        ],
        [
          -5.63597382097214e-08,
          -2.761605666368183e-10,
          1.0,
          0.9000002145767212
        ],
        [
          0.0,
          0.0,
          0.0,
          1.0
        ]
      ],
      "matrix_ego_from_sensor_bevfusion": [
        [
          0.7071067094802856,
          -0.7071069478988647,
          4.028113664844568e-08,
          1.6499991416931152
        ],
        [
          0.7071069478988647,
          0.7071066498756409,
          3.8246135147801397e-08,
          0.7499923706054688
        ],
        [
          -5.63597382097214e-08,
          2.761605666368183e-10,
          1.0,
          0.9000002145767212
        ],
        [
          0.0,
          0.0,
          0.0,
          1.0
        ]
      ],
      "data_path": "D:\\Agent-AI\\outputs\\s3a_ml_long_v2\\sample_000030\\radar\\RADAR_FRONT_LEFT.npy",
      "raw_layout": [
        "velocity",
        "altitude",
        "azimuth",
        "depth"
      ]
    },
    "RADAR_FRONT_RIGHT": {
      "type_id": "sensor.other.radar",
      "blueprint_attributes": {
        "sensor_tick": "0.100000",
        "role_name": "default",
        "noise_seed": "0",
        "ros_name": "sensor.other.radar",
        "horizontal_fov": "35.0",
        "points_per_second": "1500",
        "vertical_fov": "20.0",
        "range": "120.0"
      },
