{
  "schema_version": "stage1.v1",
  "sample_name": "sample_000025",
  "sequence_index": 25,
  "previous_sample_name": "sample_000024",
  "frame_id": 60026,
  "timestamp": 437.5197007879615,
  "platform_timestamp": 16814572.3408412,
  "delta_seconds": 0.10000000149011612,
  "town": "Carla/Maps/Town10HD_Opt",
  "weather": {
    "cloudiness": 20.0,
    "dust_storm": 0.0,
    "fog_density": 2.0,
    "fog_distance": 0.75,
    "fog_falloff": 0.10000000149011612,
    "mie_scattering_scale": 0.029999999329447746,
    "precipitation": 0.0,
    "precipitation_deposits": 0.0,
    "rayleigh_scattering_scale": 0.03310000151395798,
    "scattering_intensity": 1.0,
    "sun_altitude_angle": 45.0,
    "sun_azimuth_angle": 300.0,
    "wetness": 0.0,
    "wind_intensity": 10.0
  },
  "sensor_names": [
    "CAM_FRONT",
    "CAM_FRONT_RIGHT",
    "CAM_FRONT_LEFT",
    "CAM_BACK",
    "CAM_BACK_LEFT",
    "CAM_BACK_RIGHT",
    "LIDAR_TOP",
    "RADAR_FRONT",
    "RADAR_FRONT_LEFT",
    "RADAR_FRONT_RIGHT",
    "RADAR_BACK_LEFT",
    "RADAR_BACK_RIGHT"
  ],
  "camera_order_for_model": [
    "CAM_FRONT",
    "CAM_FRONT_RIGHT",
    "CAM_FRONT_LEFT",
    "CAM_BACK",
    "CAM_BACK_LEFT",
    "CAM_BACK_RIGHT"
  ],
  "radar_order_for_model": [
    "RADAR_FRONT",
    "RADAR_FRONT_LEFT",
    "RADAR_FRONT_RIGHT",
    "RADAR_BACK_LEFT",
    "RADAR_BACK_RIGHT"
  ],
  "coordinate_notes": {
    "carla_world": "left-handed x-forward y-right z-up",
    "bevfusion_lidar": "x-forward y-left z-up",
    "camera_frame_for_model": "OpenCV style x-right y-down z-forward"
  },
  "ego": {
    "actor_id": 28,
    "transform_carla": {
      "location": {
        "x": 103.355712890625,
        "y": -38.24557876586914,
        "z": -0.004776610992848873
      },
      "rotation": {
        "roll": 0.47853294014930725,
        "pitch": 0.11591513454914093,
        "yaw": -110.24443817138672
      }
    },
    "velocity_carla": [
      -2.9384663105010986,
      -7.687097549438477,
      0.00010260581620968878
    ],
    "angular_velocity_carla": [
      1.2129343748092651,
      -1.3751063346862793,
      -7.4065985679626465
    ],
    "matrix_world_from_ego_carla": [
      [
        -0.3460252583026886,
        0.9381863474845886,
        0.00853596068918705,
        103.355712890625
      ],
      [
        -0.9382230043411255,
        -0.34602975845336914,
        -0.0009919109288603067,
        -38.24557876586914
      ],
      [
        0.002023099223151803,
        -0.008351861499249935,
        0.999963104724884,
        -0.004776610992848873
      ],
      [
        0.0,
        0.0,
        0.0,
        1.0
      ]
    ],
    "matrix_world_from_ego_bevfusion": [
      [
        -0.3460252583026886,
        -0.9381863474845886,
        0.00853596068918705,
        103.355712890625
      ],
      [
        0.9382230043411255,
        -0.34602975845336914,
        0.0009919109288603067,
        38.24557876586914
      ],
      [
        0.002023099223151803,
        0.008351861499249935,
        0.999963104724884,
        -0.004776610992848873
      ],
      [
        0.0,
        0.0,
        0.0,
        1.0
      ]
    ]
  },
  "sensors": {
    "CAM_FRONT": {
      "type_id": "sensor.camera.rgb",
      "blueprint_attributes": {
        "role_name": "front",
        "ros_name": "sensor.camera.rgb",
        "chromatic_aberration_offset": "0.0",
        "sensor_tick": "0.100000",
        "fstop": "1.4",
        "image_size_x": "960",
        "image_size_y": "540",
        "fov": "70.00",
        "lens_circle_falloff": "5.0",
        "lens_circle_multiplier": "0.0",
        "exposure_compensation": "0.0",
        "lens_y_size": "0.08",
        "lens_k": "-1.0",
        "exposure_mode": "histogram",
        "lens_kcube": "0.0",
        "lens_x_size": "0.08",
        "exposure_max_bright": "12.0",
        "shutter_speed": "200.0",
        "bloom_intensity": "0.675",
        "iso": "100.0",
        "enable_postprocess_effects": "false",
        "gamma": "2.2",
        "motion_blur_intensity": "0.0",
        "motion_blur_max_distortion": "0.35",
        "lens_flare_intensity": "0.1",
        "motion_blur_min_object_screen_size": "0.1",
        "exposure_min_bright": "10.0",
        "exposure_speed_up": "3.0",
        "exposure_speed_down": "1.0",
        "tint": "0.0",
        "calibration_constant": "16.0",
        "focal_distance": "1000.0",
        "min_fstop": "1.2",
        "blade_count": "5",
        "blur_amount": "0.0",
        "blur_radius": "0.0",
        "slope": "0.88",
        "toe": "0.55",
        "white_clip": "0.04",
        "shoulder": "0.26",
        "black_clip": "0.0",
        "temp": "6500.0",
        "chromatic_aberration_intensity": "0.0"
      },
      "transform_carla": {
        "location": {
          "x": 102.8338851928711,
          "y": -39.70151138305664,
          "z": 1.6982964277267456
        },
        "rotation": {
          "roll": 0.47853294014930725,
          "pitch": 0.11591513454914093,
          "yaw": -110.24443817138672
        }
      },
      "matrix_world_from_sensor_carla": [
        [
          -0.3460252583026886,
          0.9381863474845886,
          0.00853596068918705,
          102.8338851928711
        ],
        [
          -0.9382230043411255,
          -0.34602975845336914,
          -0.0009919109288603067,
          -39.70151138305664
        ],
        [
          0.002023099223151803,
          -0.008351861499249935,
          0.999963104724884,
          1.6982964277267456
        ],
        [
          0.0,
          0.0,
          0.0,
          1.0
        ]
      ],
      "matrix_world_from_sensor_bevfusion": [
        [
          0.9381863474845886,
          -0.00853596068918705,
          -0.3460252583026886,
          102.8338851928711
        ],
        [
          0.34602975845336914,
          -0.0009919109288603067,
          0.9382230043411255,
          39.70151138305664
        ],
        [
          -0.008351861499249935,
          -0.999963104724884,
          0.002023099223151803,
          1.6982964277267456
        ],
        [
          0.0,
          0.0,
          0.0,
          1.0
        ]
      ],
      "matrix_ego_from_sensor_carla": [
        [
          1.0,
          -8.206471058258558e-09,
          -1.3699645584619446e-10,
          1.549997329711914
        ],
        [
          -8.204587231830374e-09,
          1.0,
          8.077437607667548e-10,
          7.62939453125e-06
        ],
        [
          -2.4751922733656784e-11,
          -5.570572891855363e-10,
          1.0,
          1.6999999284744263
        ],
        [
          0.0,
          0.0,
          0.0,
          1.0
        ]
      ],
      "matrix_ego_from_sensor_bevfusion": [
        [
          -8.206471058258558e-09,
          1.3699645584619446e-10,
          1.0,
          1.549997329711914
        ],
        [
          -1.0,
          8.077437607667548e-10,
          8.204587231830374e-09,
          -7.62939453125e-06
        ],
        [
          -5.570572891855363e-10,
          -1.0,
          -2.4751922733656784e-11,
          1.6999999284744263
        ],
        [
          0.0,
          0.0,
          0.0,
          1.0
        ]
      ],
      "camera_intrinsics": [
        [
          685.5110473632812,
          0.0,
          480.0
        ],
        [
          0.0,
          685.5110473632812,
          270.0
        ],
        [
          0.0,
          0.0,
          1.0
        ]
      ],
      "data_path": "D:\\Agent-AI\\outputs\\s3a_ml_long_v2\\sample_000025\\images\\CAM_FRONT.png",
      "raw_layout": "bgra8"
    },
    "CAM_FRONT_RIGHT": {
      "type_id": "sensor.camera.rgb",
      "blueprint_attributes": {
        "role_name": "front",
        "ros_name": "sensor.camera.rgb",
        "chromatic_aberration_offset": "0.0",
        "sensor_tick": "0.100000",
        "fstop": "1.4",
        "image_size_x": "960",
        "image_size_y": "540",
        "fov": "70.00",
        "lens_circle_falloff": "5.0",
        "lens_circle_multiplier": "0.0",
        "exposure_compensation": "0.0",
        "lens_y_size": "0.08",
        "lens_k": "-1.0",
        "exposure_mode": "histogram",
        "lens_kcube": "0.0",
        "lens_x_size": "0.08",
        "exposure_max_bright": "12.0",
        "shutter_speed": "200.0",
        "bloom_intensity": "0.675",
        "iso": "100.0",
        "enable_postprocess_effects": "false",
        "gamma": "2.2",
        "motion_blur_intensity": "0.0",
        "motion_blur_max_distortion": "0.35",
        "lens_flare_intensity": "0.1",
        "motion_blur_min_object_screen_size": "0.1",
        "exposure_min_bright": "10.0",
        "exposure_speed_up": "3.0",
        "exposure_speed_down": "1.0",
        "tint": "0.0",
        "calibration_constant": "16.0",
        "focal_distance": "1000.0",
        "min_fstop": "1.2",
        "blade_count": "5",
        "blur_amount": "0.0",
        "blur_radius": "0.0",
        "slope": "0.88",
        "toe": "0.55",
        "white_clip": "0.04",
        "shoulder": "0.26",
        "black_clip": "0.0",
        "temp": "6500.0",
        "chromatic_aberration_intensity": "0.0"
      },
      "transform_carla": {
        "location": {
          "x": 103.43639373779297,
          "y": -39.65726852416992,
          "z": 1.6931971311569214
        },
        "rotation": {
          "roll": 0.36943209171295166,
          "pitch": -0.3254994750022888,
          "yaw": -55.245975494384766
        }
      },
      "matrix_world_from_sensor_carla": [
        [
          0.5700452923774719,
          0.8215689063072205,
          0.008535941131412983,
          103.43639373779297
        ],
        [
          -0.8215935826301575,
          0.5700727105140686,
          -0.0009918813593685627,
          -39.65726852416992
        ],
        [
          -0.005681006703525782,
          -0.006447657477110624,
          0.9999630451202393,
          1.6931971311569214
        ],
        [
          0.0,
          0.0,
          0.0,
          1.0
        ]
      ],
      "matrix_world_from_sensor_bevfusion": [
        [
          0.8215689063072205,
          -0.008535941131412983,
          0.5700452923774719,
          103.43639373779297
        ],
        [
          -0.5700727105140686,
          -0.0009918813593685627,
          0.8215935826301575,
          39.65726852416992
        ],
        [
          -0.006447657477110624,
          -0.9999630451202393,
          -0.005681006703525782,
          1.6931971311569214
        ],
        [
          0.0,
          0.0,
          0.0,
          1.0
        ]
      ],
      "matrix_ego_from_sensor_carla": [
        [
          0.5735763907432556,
          -0.8191519975662231,
          -2.121234032870234e-08,
          1.2999963760375977
        ],
        [
          0.8191520571708679,
          0.5735765099525452,
          -2.7565446814037387e-08,
          0.5499954223632812
        ],
        [
          3.531793524302884e-08,
          -6.118335837967948e-10,
          0.9999999403953552,
          1.6999999284744263
        ],
        [
          0.0,
          0.0,
          0.0,
          1.0
        ]
      ],
      "matrix_ego_from_sensor_bevfusion": [
        [
          -0.8191519975662231,
          2.121234032870234e-08,
          0.5735763907432556,
          1.2999963760375977
        ],
        [
          -0.5735765099525452,
          -2.7565446814037387e-08,
          -0.8191520571708679,
          -0.5499954223632812
        ],
        [
          -6.118335837967948e-10,
          -0.9999999403953552,
          3.531793524302884e-08,
          1.6999999284744263
        ],
        [
          0.0,
          0.0,
          0.0,
          1.0
        ]
      ],
      "camera_intrinsics": [
        [
          685.5110473632812,
          0.0,
          480.0
        ],
        [
          0.0,
          685.5110473632812,
          270.0
        ],
        [
          0.0,
          0.0,
          1.0
        ]
      ],
      "data_path": "D:\\Agent-AI\\outputs\\s3a_ml_long_v2\\sample_000025\\images\\CAM_FRONT_RIGHT.png",
      "raw_layout": "bgra8"
    },
    "CAM_FRONT_LEFT": {
      "type_id": "sensor.camera.rgb",
      "blueprint_attributes": {
        "role_name": "front",
        "ros_name": "sensor.camera.rgb",
        "chromatic_aberration_offset": "0.0",
        "sensor_tick": "0.100000",
        "fstop": "1.4",
        "image_size_x": "960",
        "image_size_y": "540",
        "fov": "70.00",
        "lens_circle_falloff": "5.0",
        "lens_circle_multiplier": "0.0",
        "exposure_compensation": "0.0",
        "lens_y_size": "0.08",
        "lens_k": "-1.0",
        "exposure_mode": "histogram",
        "lens_kcube": "0.0",
        "lens_x_size": "0.08",
        "exposure_max_bright": "12.0",
        "shutter_speed": "200.0",
        "bloom_intensity": "0.675",
        "iso": "100.0",
        "enable_postprocess_effects": "false",
        "gamma": "2.2",
        "motion_blur_intensity": "0.0",
        "motion_blur_max_distortion": "0.35",
        "lens_flare_intensity": "0.1",
        "motion_blur_min_object_screen_size": "0.1",
        "exposure_min_bright": "10.0",
        "exposure_speed_up": "3.0",
        "exposure_speed_down": "1.0",
        "tint": "0.0",
        "calibration_constant": "16.0",
        "focal_distance": "1000.0",
        "min_fstop": "1.2",
        "blade_count": "5",
        "blur_amount": "0.0",
        "blur_radius": "0.0",
        "slope": "0.88",
        "toe": "0.55",
        "white_clip": "0.04",
        "shoulder": "0.26",
        "black_clip": "0.0",
        "temp": "6500.0",
        "chromatic_aberration_intensity": "0.0"
      },
      "transform_carla": {
        "location": {
          "x": 102.40438079833984,
          "y": -39.27663803100586,
          "z": 1.702384114265442
        },
        "rotation": {
          "roll": 0.1795254498720169,
          "pitch": 0.4584764242172241,
          "yaw": -165.24417114257812
        }
      },
      "matrix_world_from_sensor_carla": [
        [
          -0.9669890999794006,
          0.2546747624874115,
          0.008535952307283878,
          102.40438079833984
        ],
        [
          -0.25469210743904114,
          -0.9670217037200928,
          -0.0009919088333845139,
          -39.27663803100586
        ],
        [
          0.008001836948096752,
          -0.0031332047656178474,
          0.999963104724884,
          1.702384114265442
        ],
        [
          0.0,
          0.0,
          0.0,
          1.0
        ]
      ],
      "matrix_world_from_sensor_bevfusion": [
        [
          0.2546747624874115,
          -0.008535952307283878,
          -0.9669890999794006,
          102.40438079833984
        ],
        [
          0.9670217037200928,
          -0.0009919088333845139,
          0.25469210743904114,
          39.27663803100586
        ],
        [
          -0.0031332047656178474,
          -0.999963104724884,
          0.008001836948096752,
          1.702384114265442
        ],
        [
          0.0,
          0.0,
          0.0,
          1.0
        ]
      ],
      "matrix_ego_from_sensor_carla": [
        [
          0.5735768675804138,
          0.819151759147644,
          1.027156804056517e-09,
          1.3000001907348633
        ],
        [
          -0.819151759147644,
          0.5735768675804138,
          -8.505481652321123e-09,
          -0.5500030517578125
        ],
        [
          -7.928246503752234e-09,
          4.2613272910330124e-09,
          1.0,
          1.6999996900558472
        ],
        [
          0.0,
          0.0,
          0.0,
          1.0
        ]
      ],
      "matrix_ego_from_sensor_bevfusion": [
        [
          0.819151759147644,
          -1.027156804056517e-09,
          0.5735768675804138,
          1.3000001907348633
        ],
        [
          -0.5735768675804138,
          -8.505481652321123e-09,
          0.819151759147644,
          0.5500030517578125
        ],
        [
          4.2613272910330124e-09,
          -1.0,
          -7.928246503752234e-09,
          1.6999996900558472
        ],
        [
          0.0,
          0.0,
          0.0,
          1.0
        ]
      ],
      "camera_intrinsics": [
        [
          685.5110473632812,
          0.0,
          480.0
        ],
        [
          0.0,
          685.5110473632812,
          270.0
        ],
        [
          0.0,
          0.0,
          1.0
        ]
      ],
      "data_path": "D:\\Agent-AI\\outputs\\s3a_ml_long_v2\\sample_000025\\images\\CAM_FRONT_LEFT.png",
      "raw_layout": "bgra8"
    },
    "CAM_BACK": {
      "type_id": "sensor.camera.rgb",
      "blueprint_attributes": {
        "role_name": "front",
        "ros_name": "sensor.camera.rgb",
        "chromatic_aberration_offset": "0.0",
        "sensor_tick": "0.100000",
        "fstop": "1.4",
        "image_size_x": "960",
        "image_size_y": "540",
        "fov": "70.00",
        "lens_circle_falloff": "5.0",
        "lens_circle_multiplier": "0.0",
        "exposure_compensation": "0.0",
        "lens_y_size": "0.08",
        "lens_k": "-1.0",
        "exposure_mode": "histogram",
        "lens_kcube": "0.0",
        "lens_x_size": "0.08",
        "exposure_max_bright": "12.0",
        "shutter_speed": "200.0",
        "bloom_intensity": "0.675",
        "iso": "100.0",
        "enable_postprocess_effects": "false",
        "gamma": "2.2",
        "motion_blur_intensity": "0.0",
        "motion_blur_max_distortion": "0.35",
        "lens_flare_intensity": "0.1",
        "motion_blur_min_object_screen_size": "0.1",
        "exposure_min_bright": "10.0",
        "exposure_speed_up": "3.0",
        "exposure_speed_down": "1.0",
        "tint": "0.0",
        "calibration_constant": "16.0",
        "focal_distance": "1000.0",
        "min_fstop": "1.2",
        "blade_count": "5",
        "blur_amount": "0.0",
        "blur_radius": "0.0",
        "slope": "0.88",
        "toe": "0.55",
        "white_clip": "0.04",
        "shoulder": "0.26",
        "black_clip": "0.0",
        "temp": "6500.0",
        "chromatic_aberration_intensity": "0.0"
      },
      "transform_carla": {
        "location": {
          "x": 103.90656280517578,
          "y": -36.79301834106445,
          "z": 1.692024827003479
        },
        "rotation": {
          "roll": -0.47853291034698486,
          "pitch": -0.11591513454914093,
          "yaw": 69.75556945800781
        }
      },
      "matrix_world_from_sensor_carla": [
        [
          0.34602516889572144,
          -0.9381864070892334,
          0.00853596068918705,
          103.90656280517578
        ],
        [
          0.9382230639457703,
          0.346029669046402,
          -0.000991910113953054,
          -36.79301834106445
        ],
        [
          -0.002023099223151803,
          0.008351861499249935,
          0.999963104724884,
          1.692024827003479
        ],
        [
          0.0,
          0.0,
          0.0,
          1.0
        ]
      ],
      "matrix_world_from_sensor_bevfusion": [
        [
          -0.9381864070892334,
          -0.00853596068918705,
          0.34602516889572144,
          103.90656280517578
        ],
        [
          -0.346029669046402,
          -0.000991910113953054,
          -0.9382230639457703,
          36.79301834106445
        ],
        [
          0.008351861499249935,
          -0.999963104724884,
          -0.002023099223151803,
          1.692024827003479
        ],
        [
          0.0,
          0.0,
          0.0,
          1.0
        ]
      ],
      "matrix_ego_from_sensor_carla": [
        [
          -1.0,
          1.2189330789169617e-07,
          -8.354884006855912e-10,
          -1.5500043630599976
        ],
        [
          -1.0182790077806203e-07,
          -1.0,
          8.077437607667548e-10,
          0.0
        ],
        [
          -9.065706518818217e-10,
          -3.742652854299422e-10,
          1.0,
          1.6999999284744263
        ],
        [
          0.0,
          0.0,
          0.0,
          1.0
        ]
      ],
      "matrix_ego_from_sensor_bevfusion": [
        [
          1.2189330789169617e-07,
          8.354884006855912e-10,
          -1.0,
          -1.5500043630599976
        ],
        [
          1.0,
          8.077437607667548e-10,
          1.0182790077806203e-07,
          0.0
        ],
        [
          -3.742652854299422e-10,
          -1.0,
          -9.065706518818217e-10,
          1.6999999284744263
        ],
        [
          0.0,
          0.0,
          0.0,
          1.0
        ]
      ],
      "camera_intrinsics": [
        [
          685.5110473632812,
          0.0,
          480.0
        ],
        [
          0.0,
          685.5110473632812,
          270.0
        ],
        [
          0.0,
          0.0,
          1.0
        ]
      ],
      "data_path": "D:\\Agent-AI\\outputs\\s3a_ml_long_v2\\sample_000025\\images\\CAM_BACK.png",
      "raw_layout": "bgra8"
    },
    "CAM_BACK_LEFT": {
      "type_id": "sensor.camera.rgb",
      "blueprint_attributes": {
        "role_name": "front",
        "ros_name": "sensor.camera.rgb",
        "chromatic_aberration_offset": "0.0",
        "sensor_tick": "0.100000",
        "fstop": "1.4",
        "image_size_x": "960",
        "image_size_y": "540",
        "fov": "70.00",
        "lens_circle_falloff": "5.0",
        "lens_circle_multiplier": "0.0",
        "exposure_compensation": "0.0",
        "lens_y_size": "0.08",
        "lens_k": "-1.0",
        "exposure_mode": "histogram",
        "lens_kcube": "0.0",
        "lens_x_size": "0.08",
        "exposure_max_bright": "12.0",
        "shutter_speed": "200.0",
        "bloom_intensity": "0.675",
        "iso": "100.0",
        "enable_postprocess_effects": "false",
        "gamma": "2.2",
        "motion_blur_intensity": "0.0",
        "motion_blur_max_distortion": "0.35",
        "lens_flare_intensity": "0.1",
        "motion_blur_min_object_screen_size": "0.1",
        "exposure_min_bright": "10.0",
        "exposure_speed_up": "3.0",
        "exposure_speed_down": "1.0",
        "tint": "0.0",
        "calibration_constant": "16.0",
        "focal_distance": "1000.0",
        "min_fstop": "1.2",
        "blade_count": "5",
        "blur_amount": "0.0",
        "blur_radius": "0.0",
        "slope": "0.88",
        "toe": "0.55",
        "white_clip": "0.04",
        "shoulder": "0.26",
        "black_clip": "0.0",
        "temp": "6500.0",
        "chromatic_aberration_intensity": "0.0"
      },
      "transform_carla": {
        "location": {
          "x": 103.30404663085938,
          "y": -36.837257385253906,
          "z": 1.6971240043640137
        },
        "rotation": {
          "roll": -0.3694320023059845,
          "pitch": 0.3254994750022888,
          "yaw": 124.75404357910156
        }
      },
      "matrix_world_from_sensor_carla": [
        [
          -0.5700456500053406,
          -0.8215687274932861,
          0.008535940200090408,
          103.30404663085938
        ],
        [
          0.8215934038162231,
          -0.5700730681419373,
          -0.0009918790310621262,
          -36.837257385253906
        ],
        [
          0.005681006703525782,
          0.006447655614465475,
          0.9999630451202393,
          1.6971240043640137
        ],
        [
          0.0,
          0.0,
          0.0,
          1.0
        ]
      ],
      "matrix_world_from_sensor_bevfusion": [
        [
          -0.8215687274932861,
          -0.008535940200090408,
          -0.5700456500053406,
          103.30404663085938
        ],
        [
          0.5700730681419373,
          -0.0009918790310621262,
          -0.8215934038162231,
          36.837257385253906
        ],
        [
          0.006447655614465475,
          -0.9999630451202393,
          0.005681006703525782,
          1.6971240043640137
        ],
        [
          0.0,
          0.0,
          0.0,
          1.0
        ]
      ],
      "matrix_ego_from_sensor_carla": [
        [
          -0.5735760927200317,
          0.819152295589447,
          -2.2842154834279427e-08,
          -1.299999475479126
        ],
        [
          -0.8191522359848022,
          -0.5735762119293213,
          -2.9428091963268344e-08,
          -0.5500106811523438
        ],
        [
          -3.764624167956754e-08,
          6.119024176243215e-10,
          0.9999999403953552,
          1.6999996900558472
        ],
        [
          0.0,
          0.0,
          0.0,
          1.0
        ]
      ],
      "matrix_ego_from_sensor_bevfusion": [
        [
          0.819152295589447,
          2.2842154834279427e-08,
          -0.5735760927200317,
          -1.299999475479126
        ],
        [
          0.5735762119293213,
          -2.9428091963268344e-08,
          0.8191522359848022,
          0.5500106811523438
        ],
        [
          6.119024176243215e-10,
          -0.9999999403953552,
          -3.764624167956754e-08,
          1.6999996900558472
        ],
        [
          0.0,
          0.0,
          0.0,
          1.0
        ]
      ],
      "camera_intrinsics": [
        [
          685.5110473632812,
          0.0,
          480.0
        ],
        [
          0.0,
          685.5110473632812,
          270.0
        ],
        [
          0.0,
          0.0,
          1.0
        ]
      ],
      "data_path": "D:\\Agent-AI\\outputs\\s3a_ml_long_v2\\sample_000025\\images\\CAM_BACK_LEFT.png",
      "raw_layout": "bgra8"
    },
    "CAM_BACK_RIGHT": {
      "type_id": "sensor.camera.rgb",
      "blueprint_attributes": {
        "role_name": "front",
        "ros_name": "sensor.camera.rgb",
        "chromatic_aberration_offset": "0.0",
        "sensor_tick": "0.100000",
        "fstop": "1.4",
        "image_size_x": "960",
        "image_size_y": "540",
        "fov": "70.00",
        "lens_circle_falloff": "5.0",
        "lens_circle_multiplier": "0.0",
        "exposure_compensation": "0.0",
        "lens_y_size": "0.08",
        "lens_k": "-1.0",
        "exposure_mode": "histogram",
        "lens_kcube": "0.0",
        "lens_x_size": "0.08",
        "exposure_max_bright": "12.0",
        "shutter_speed": "200.0",
        "bloom_intensity": "0.675",
        "iso": "100.0",
        "enable_postprocess_effects": "false",
        "gamma": "2.2",
        "motion_blur_intensity": "0.0",
        "motion_blur_max_distortion": "0.35",
        "lens_flare_intensity": "0.1",
        "motion_blur_min_object_screen_size": "0.1",
        "exposure_min_bright": "10.0",
        "exposure_speed_up": "3.0",
        "exposure_speed_down": "1.0",
        "tint": "0.0",
        "calibration_constant": "16.0",
        "focal_distance": "1000.0",
        "min_fstop": "1.2",
        "blade_count": "5",
        "blur_amount": "0.0",
        "blur_radius": "0.0",
        "slope": "0.88",
        "toe": "0.55",
        "white_clip": "0.04",
        "shoulder": "0.26",
        "black_clip": "0.0",
        "temp": "6500.0",
        "chromatic_aberration_intensity": "0.0"
      },
      "transform_carla": {
        "location": {
          "x": 104.3360595703125,
          "y": -37.217891693115234,
          "z": 1.6879370212554932
        },
        "rotation": {
          "roll": -0.17952537536621094,
          "pitch": -0.4584764242172241,
          "yaw": 14.755806922912598
        }
      },
      "matrix_world_from_sensor_carla": [
        [
          0.9669892191886902,
          -0.2546744644641876,
          0.008535952307283878,
          104.3360595703125
        ],
        [
          0.25469180941581726,
          0.9670218229293823,
          -0.0009919102303683758,
          -37.217891693115234
        ],
        [
          -0.008001836948096752,
          0.0031332033686339855,
          0.999963104724884,
          1.6879370212554932
        ],
        [
          0.0,
          0.0,
          0.0,
          1.0
        ]
      ],
      "matrix_world_from_sensor_bevfusion": [
        [
          -0.2546744644641876,
          -0.008535952307283878,
          0.9669892191886902,
          104.3360595703125
        ],
        [
          -0.9670218229293823,
          -0.0009919102303683758,
          -0.25469180941581726,
          37.217891693115234
        ],
        [
          0.0031332033686339855,
          -0.999963104724884,
          -0.008001836948096752,
          1.6879370212554932
        ],
        [
          0.0,
          0.0,
          0.0,
          1.0
        ]
      ],
      "matrix_ego_from_sensor_carla": [
        [
          -0.5735766291618347,
          -0.8191519975662231,
          2.1913100223258652e-09,
          -1.3000034093856812
        ],
        [
          0.8191519975662231,
          -0.5735766291618347,
          -7.574159077705644e-09,
          0.5499954223632812
        ],
        [
          8.859569078367713e-09,
          -3.3299527579799815e-09,
          1.0,
          1.6999999284744263
        ],
        [
          0.0,
          0.0,
          0.0,
          1.0
        ]
      ],
      "matrix_ego_from_sensor_bevfusion": [
        [
          -0.8191519975662231,
          -2.1913100223258652e-09,
          -0.5735766291618347,
          -1.3000034093856812
        ],
        [
          0.5735766291618347,
          -7.574159077705644e-09,
          -0.8191519975662231,
          -0.5499954223632812
        ],
        [
          -3.3299527579799815e-09,
          -1.0,
          8.859569078367713e-09,
          1.6999999284744263
        ],
        [
          0.0,
          0.0,
          0.0,
          1.0
        ]
      ],
      "camera_intrinsics": [
        [
          685.5110473632812,
          0.0,
          480.0
        ],
        [
          0.0,
          685.5110473632812,
          270.0
        ],
        [
          0.0,
          0.0,
          1.0
        ]
      ],
      "data_path": "D:\\Agent-AI\\outputs\\s3a_ml_long_v2\\sample_000025\\images\\CAM_BACK_RIGHT.png",
      "raw_layout": "bgra8"
    },
    "LIDAR_TOP": {
      "type_id": "sensor.lidar.ray_cast",
      "blueprint_attributes": {
        "atmosphere_attenuation_rate": "0.004",
        "role_name": "front",
        "noise_seed": "0",
        "upper_fov": "10.0",
        "ros_name": "sensor.lidar.ray_cast",
        "sensor_tick": "0.100000",
        "channels": "32",
        "range": "120.0",
        "points_per_second": "360000",
        "lower_fov": "-30.0",
        "rotation_frequency": "10.000000",
        "horizontal_fov": "360.0",
        "dropoff_general_rate": "0.0",
        "dropoff_intensity_limit": "1.0",
        "noise_stddev": "0.0",
        "dropoff_zero_intensity": "0.0"
      },
      "transform_carla": {
        "location": {
          "x": 103.3744888305664,
          "y": -38.24776077270508,
          "z": 2.1951422691345215
        },
        "rotation": {
          "roll": 0.47853294014930725,
          "pitch": 0.11591513454914093,
          "yaw": -110.24443817138672
        }
      },
      "matrix_world_from_sensor_carla": [
        [
          -0.3460252583026886,
          0.9381863474845886,
          0.00853596068918705,
          103.3744888305664
        ],
        [
          -0.9382230043411255,
          -0.34602975845336914,
          -0.0009919109288603067,
          -38.24776077270508
        ],
        [
          0.002023099223151803,
          -0.008351861499249935,
          0.999963104724884,
          2.1951422691345215
        ],
        [
          0.0,
          0.0,
          0.0,
          1.0
        ]
      ],
      "matrix_world_from_sensor_bevfusion": [
        [
          -0.3460252583026886,
          -0.9381863474845886,
          0.00853596068918705,
          103.3744888305664
        ],
        [
          0.9382230043411255,
          -0.34602975845336914,
          0.0009919109288603067,
          38.24776077270508
        ],
        [
          0.002023099223151803,
          0.008351861499249935,
          0.999963104724884,
          2.1951422691345215
        ],
        [
          0.0,
          0.0,
          0.0,
          1.0
        ]
      ],
      "matrix_ego_from_sensor_carla": [
        [
          1.0,
          -8.206471058258558e-09,
          -1.3699645584619446e-10,
          -1.1920928955078125e-06
        ],
        [
          -8.204587231830374e-09,
          1.0,
          8.077437607667548e-10,
          0.0
        ],
        [
          -2.4751922733656784e-11,
          -5.570572891855363e-10,
          1.0,
          2.1999998092651367
        ],
        [
          0.0,
          0.0,
          0.0,
          1.0
        ]
      ],
      "matrix_ego_from_sensor_bevfusion": [
        [
          1.0,
          8.206471058258558e-09,
          -1.3699645584619446e-10,
          -1.1920928955078125e-06
        ],
        [
          8.204587231830374e-09,
          1.0,
          -8.077437607667548e-10,
          0.0
        ],
        [
          -2.4751922733656784e-11,
          5.570572891855363e-10,
          1.0,
          2.1999998092651367
        ],
        [
          0.0,
          0.0,
          0.0,
          1.0
        ]
      ],
      "data_path": "D:\\Agent-AI\\outputs\\s3a_ml_long_v2\\sample_000025\\lidar\\LIDAR_TOP.npy",
      "raw_layout": [
        "x",
        "y",
        "z",
        "intensity"
      ]
    },
    "RADAR_FRONT": {
      "type_id": "sensor.other.radar",
      "blueprint_attributes": {
        "sensor_tick": "0.100000",
        "role_name": "default",
        "noise_seed": "0",
        "ros_name": "sensor.other.radar",
        "horizontal_fov": "35.0",
        "points_per_second": "1500",
        "vertical_fov": "20.0",
        "range": "120.0"
      },
      "transform_carla": {
        "location": {
          "x": 102.67134857177734,
          "y": -40.12291717529297,
          "z": 0.8992363810539246
        },
        "rotation": {
          "roll": 0.47853294014930725,
          "pitch": 0.11591513454914093,
          "yaw": -110.24443817138672
        }
      },
      "matrix_world_from_sensor_carla": [
        [
          -0.3460252583026886,
          0.9381863474845886,
          0.00853596068918705,
          102.67134857177734
        ],
        [
          -0.9382230043411255,
          -0.34602975845336914,
          -0.0009919109288603067,
          -40.12291717529297
        ],
        [
          0.002023099223151803,
          -0.008351861499249935,
          0.999963104724884,
          0.8992363810539246
        ],
        [
          0.0,
          0.0,
          0.0,
          1.0
        ]
      ],
      "matrix_world_from_sensor_bevfusion": [
        [
          -0.3460252583026886,
          -0.9381863474845886,
          0.00853596068918705,
          102.67134857177734
        ],
        [
          0.9382230043411255,
          -0.34602975845336914,
          0.0009919109288603067,
          40.12291717529297
        ],
        [
          0.002023099223151803,
          0.008351861499249935,
          0.999963104724884,
          0.8992363810539246
        ],
        [
          0.0,
          0.0,
          0.0,
          1.0
        ]
      ],
      "matrix_ego_from_sensor_carla": [
        [
          1.0,
          -8.206471058258558e-09,
          -1.3699645584619446e-10,
          1.9999971389770508
        ],
        [
          -8.204587231830374e-09,
          1.0,
          8.077437607667548e-10,
          7.62939453125e-06
        ],
        [
          -2.4751922733656784e-11,
          -5.570572891855363e-10,
          1.0,
          0.8999999761581421
        ],
        [
          0.0,
          0.0,
          0.0,
          1.0
        ]
      ],
      "matrix_ego_from_sensor_bevfusion": [
        [
          1.0,
          8.206471058258558e-09,
          -1.3699645584619446e-10,
          1.9999971389770508
        ],
        [
          8.204587231830374e-09,
          1.0,
          -8.077437607667548e-10,
          -7.62939453125e-06
        ],
        [
          -2.4751922733656784e-11,
          5.570572891855363e-10,
          1.0,
          0.8999999761581421
        ],
        [
          0.0,
          0.0,
          0.0,
          1.0
        ]
      ],
      "data_path": "D:\\Agent-AI\\outputs\\s3a_ml_long_v2\\sample_000025\\radar\\RADAR_FRONT.npy",
      "raw_layout": [
        "velocity",
        "altitude",
        "azimuth",
        "depth"
      ]
    },
    "RADAR_FRONT_LEFT": {
      "type_id": "sensor.other.radar",
      "blueprint_attributes": {
        "sensor_tick": "0.100000",
        "role_name": "default",
        "noise_seed": "0",
        "ros_name": "sensor.other.radar",
        "horizontal_fov": "35.0",
        "points_per_second": "1500",
        "vertical_fov": "20.0",
        "range": "120.0"
      },
      "transform_carla": {
        "location": {
          "x": 102.08880615234375,
          "y": -39.53501510620117,
          "z": 0.9047921299934387
        },
        "rotation": {
          "roll": 0.25641271471977234,
          "pitch": 0.4203434884548187,
          "yaw": -155.24400329589844
        }
      },
      "matrix_world_from_sensor_carla": [
        [
          -0.9080748558044434,
          0.41872087121009827,
          0.00853605754673481,
          102.08880615234375
        ],
        [
          -0.4187436103820801,
          -0.9081039428710938,
          -0.0009918687865138054,
          -39.53501510620117
        ],
        [
          0.007336311973631382,
          -0.00447511114180088,
          0.999963104724884,
          0.9047921299934387
        ],
        [
          0.0,
          0.0,
          0.0,
          1.0
        ]
      ],
      "matrix_world_from_sensor_bevfusion": [
        [
          -0.9080748558044434,
          -0.41872087121009827,
          0.00853605754673481,
          102.08880615234375
        ],
        [
          0.4187436103820801,
          -0.9081039428710938,
          0.0009918687865138054,
          39.53501510620117
        ],
        [
          0.007336311973631382,
          0.00447511114180088,
          0.999963104724884,
          0.9047921299934387
        ],
        [
          0.0,
          0.0,
          0.0,
          1.0
        ]
      ],
      "matrix_ego_from_sensor_carla": [
        [
          0.7071065902709961,
          0.7071069478988647,
          -7.324582185219697e-08,
          1.649997591972351
        ],
        [
          -0.7071070075035095,
          0.7071065902709961,
          7.624487352586584e-08,
          -0.7500076293945312
        ],
        [
          1.0607311651256168e-07,
          -2.7265305568846543e-09,
          1.0,
          0.8999998569488525
        ],
        [
          0.0,
          0.0,
          0.0,
          1.0
        ]
      ],
      "matrix_ego_from_sensor_bevfusion": [
        [
          0.7071065902709961,
          -0.7071069478988647,
          -7.324582185219697e-08,
          1.649997591972351
        ],
        [
          0.7071070075035095,
          0.7071065902709961,
          -7.624487352586584e-08,
          0.7500076293945312
        ],
        [
          1.0607311651256168e-07,
          2.7265305568846543e-09,
          1.0,
          0.8999998569488525
        ],
        [
          0.0,
          0.0,
          0.0,
          1.0
        ]
      ],
      "data_path": "D:\\Agent-AI\\outputs\\s3a_ml_long_v2\\sample_000025\\radar\\RADAR_FRONT_LEFT.npy",
      "raw_layout": [
        "velocity",
        "altitude",
        "azimuth",
        "depth"
      ]
    },
    "RADAR_FRONT_RIGHT": {
      "type_id": "sensor.other.radar",
      "blueprint_attributes": {
        "sensor_tick": "0.100000",
        "role_name": "default",
        "noise_seed": "0",
        "ros_name": "sensor.other.radar",
        "horizontal_fov": "35.0",
