{
  "schema_version": "stage1.v1",
  "sample_name": "sample_000032",
  "sequence_index": 32,
  "previous_sample_name": "sample_000031",
  "frame_id": 3952,
  "timestamp": 42.331086594611406,
  "platform_timestamp": 16816496.2896226,
  "delta_seconds": 0.10000000149011612,
  "town": "Carla/Maps/Town10HD_Opt",
  "weather": {
    "cloudiness": 20.0,
    "dust_storm": 0.0,
    "fog_density": 2.0,
    "fog_distance": 0.75,
    "fog_falloff": 0.10000000149011612,
    "mie_scattering_scale": 0.029999999329447746,
    "precipitation": 0.0,
    "precipitation_deposits": 0.0,
    "rayleigh_scattering_scale": 0.03310000151395798,
    "scattering_intensity": 1.0,
    "sun_altitude_angle": 45.0,
    "sun_azimuth_angle": 300.0,
    "wetness": 0.0,
    "wind_intensity": 10.0
  },
  "sensor_names": [
    "CAM_FRONT",
    "CAM_FRONT_RIGHT",
    "CAM_FRONT_LEFT",
    "CAM_BACK",
    "CAM_BACK_LEFT",
    "CAM_BACK_RIGHT",
    "LIDAR_TOP",
    "RADAR_FRONT",
    "RADAR_FRONT_LEFT",
    "RADAR_FRONT_RIGHT",
    "RADAR_BACK_LEFT",
    "RADAR_BACK_RIGHT"
  ],
  "camera_order_for_model": [
    "CAM_FRONT",
    "CAM_FRONT_RIGHT",
    "CAM_FRONT_LEFT",
    "CAM_BACK",
    "CAM_BACK_LEFT",
    "CAM_BACK_RIGHT"
  ],
  "radar_order_for_model": [
    "RADAR_FRONT",
    "RADAR_FRONT_LEFT",
    "RADAR_FRONT_RIGHT",
    "RADAR_BACK_LEFT",
    "RADAR_BACK_RIGHT"
  ],
  "coordinate_notes": {
    "carla_world": "left-handed x-forward y-right z-up",
    "bevfusion_lidar": "x-forward y-left z-up",
    "camera_frame_for_model": "OpenCV style x-right y-down z-forward"
  },
  "ego": {
    "actor_id": 24,
    "transform_carla": {
      "location": {
        "x": 108.00796508789062,
        "y": -35.22801971435547,
        "z": -0.006187858525663614
      },
      "rotation": {
        "roll": 0.08168763667345047,
        "pitch": 0.4561541676521301,
        "yaw": -105.5675048828125
      }
    },
    "velocity_carla": [
      -1.086964726448059,
      -3.5340416431427,
      -5.643844633596018e-05
    ],
    "angular_velocity_carla": [
      0.2876037061214447,
      -0.07950891554355621,
      -3.8107876777648926
    ],
    "matrix_world_from_ego_carla": [
      [
        -0.2683650255203247,
        0.963310956954956,
        0.00351001787930727,
        108.00796508789062
      ],
      [
        -0.963284432888031,
        -0.2683842182159424,
        0.007286614738404751,
        -35.22801971435547
      ],
      [
        0.00796130858361721,
        -0.0014256725553423166,
        0.9999672770500183,
        -0.006187858525663614
      ],
      [
        0.0,
        0.0,
        0.0,
        1.0
      ]
    ],
    "matrix_world_from_ego_bevfusion": [
      [
        -0.2683650255203247,
        -0.963310956954956,
        0.00351001787930727,
        108.00796508789062
      ],
      [
        0.963284432888031,
        -0.2683842182159424,
        -0.007286614738404751,
        35.22801971435547
      ],
      [
        0.00796130858361721,
        0.0014256725553423166,
        0.9999672770500183,
        -0.006187858525663614
      ],
      [
        0.0,
        0.0,
        0.0,
        1.0
      ]
    ]
  },
  "sensors": {
    "CAM_FRONT": {
      "type_id": "sensor.camera.rgb",
      "blueprint_attributes": {
        "role_name": "front",
        "ros_name": "sensor.camera.rgb",
        "chromatic_aberration_offset": "0.0",
        "sensor_tick": "0.100000",
        "fstop": "1.4",
        "image_size_x": "960",
        "image_size_y": "540",
        "fov": "70.00",
        "lens_circle_falloff": "5.0",
        "lens_circle_multiplier": "0.0",
        "exposure_compensation": "0.0",
        "lens_y_size": "0.08",
        "lens_k": "-1.0",
        "exposure_mode": "histogram",
        "lens_kcube": "0.0",
        "lens_x_size": "0.08",
        "exposure_max_bright": "12.0",
        "shutter_speed": "200.0",
        "bloom_intensity": "0.675",
        "iso": "100.0",
        "enable_postprocess_effects": "false",
        "gamma": "2.2",
        "motion_blur_intensity": "0.0",
        "motion_blur_max_distortion": "0.35",
        "lens_flare_intensity": "0.1",
        "motion_blur_min_object_screen_size": "0.1",
        "exposure_min_bright": "10.0",
        "exposure_speed_up": "3.0",
        "exposure_speed_down": "1.0",
        "tint": "0.0",
        "calibration_constant": "16.0",
        "focal_distance": "1000.0",
        "min_fstop": "1.2",
        "blade_count": "5",
        "blur_amount": "0.0",
        "blur_radius": "0.0",
        "slope": "0.88",
        "toe": "0.55",
        "white_clip": "0.04",
        "shoulder": "0.26",
        "black_clip": "0.0",
        "temp": "6500.0",
        "chromatic_aberration_intensity": "0.0"
      },
      "transform_carla": {
        "location": {
          "x": 107.59796905517578,
          "y": -36.70872116088867,
          "z": 1.7060964107513428
        },
        "rotation": {
          "roll": 0.08168763667345047,
          "pitch": 0.4561541676521301,
          "yaw": -105.5675048828125
        }
      },
      "matrix_world_from_sensor_carla": [
        [
          -0.2683650255203247,
          0.963310956954956,
          0.00351001787930727,
          107.59796905517578
        ],
        [
          -0.963284432888031,
          -0.2683842182159424,
          0.007286614738404751,
          -36.70872116088867
        ],
        [
          0.00796130858361721,
          -0.0014256725553423166,
          0.9999672770500183,
          1.7060964107513428
        ],
        [
          0.0,
          0.0,
          0.0,
          1.0
        ]
      ],
      "matrix_world_from_sensor_bevfusion": [
        [
          0.963310956954956,
          -0.00351001787930727,
          -0.2683650255203247,
          107.59796905517578
        ],
        [
          0.2683842182159424,
          0.007286614738404751,
          0.963284432888031,
          36.70872116088867
        ],
        [
          -0.0014256725553423166,
          -0.9999672770500183,
          0.00796130858361721,
          1.7060964107513428
        ],
        [
          0.0,
          0.0,
          0.0,
          1.0
        ]
      ],
      "matrix_ego_from_sensor_carla": [
        [
          1.0,
          9.172312687155681e-09,
          2.528183218331037e-10,
          1.549997329711914
        ],
        [
          -2.447443803177407e-09,
          1.0,
          8.609441631834969e-11,
          0.0
        ],
        [
          -2.039732827086027e-10,
          -1.1530904009404708e-10,
          1.0,
          1.6999999284744263
        ],
        [
          0.0,
          0.0,
          0.0,
          1.0
        ]
      ],
      "matrix_ego_from_sensor_bevfusion": [
        [
          9.172312687155681e-09,
          -2.528183218331037e-10,
          1.0,
          1.549997329711914
        ],
        [
          -1.0,
          8.609441631834969e-11,
          2.447443803177407e-09,
          0.0
        ],
        [
          -1.1530904009404708e-10,
          -1.0,
          -2.039732827086027e-10,
          1.6999999284744263
        ],
        [
          0.0,
          0.0,
          0.0,
          1.0
        ]
      ],
      "camera_intrinsics": [
        [
          685.5110473632812,
          0.0,
          480.0
        ],
        [
          0.0,
          685.5110473632812,
          270.0
        ],
        [
          0.0,
          0.0,
          1.0
        ]
      ],
      "data_path": "D:\\Agent-AI\\outputs\\s3a_left_v3\\sample_000032\\images\\CAM_FRONT.png",
      "raw_layout": "bgra8"
    },
    "CAM_FRONT_RIGHT": {
      "type_id": "sensor.camera.rgb",
      "blueprint_attributes": {
        "role_name": "front",
        "ros_name": "sensor.camera.rgb",
        "chromatic_aberration_offset": "0.0",
        "sensor_tick": "0.100000",
        "fstop": "1.4",
        "image_size_x": "960",
        "image_size_y": "540",
        "fov": "70.00",
        "lens_circle_falloff": "5.0",
        "lens_circle_multiplier": "0.0",
        "exposure_compensation": "0.0",
        "lens_y_size": "0.08",
        "lens_k": "-1.0",
        "exposure_mode": "histogram",
        "lens_kcube": "0.0",
        "lens_x_size": "0.08",
        "exposure_max_bright": "12.0",
        "shutter_speed": "200.0",
        "bloom_intensity": "0.675",
        "iso": "100.0",
        "enable_postprocess_effects": "false",
        "gamma": "2.2",
        "motion_blur_intensity": "0.0",
        "motion_blur_max_distortion": "0.35",
        "lens_flare_intensity": "0.1",
        "motion_blur_min_object_screen_size": "0.1",
        "exposure_min_bright": "10.0",
        "exposure_speed_up": "3.0",
        "exposure_speed_down": "1.0",
        "tint": "0.0",
        "calibration_constant": "16.0",
        "focal_distance": "1000.0",
        "min_fstop": "1.2",
        "blade_count": "5",
        "blur_amount": "0.0",
        "blur_radius": "0.0",
        "slope": "0.88",
        "toe": "0.55",
        "white_clip": "0.04",
        "shoulder": "0.26",
        "black_clip": "0.0",
        "temp": "6500.0",
        "chromatic_aberration_intensity": "0.0"
      },
      "transform_carla": {
        "location": {
          "x": 108.19487762451172,
          "y": -36.61551284790039,
          "z": 1.703321933746338
        },
        "rotation": {
          "roll": 0.4205145239830017,
          "pitch": 0.19472184777259827,
          "yaw": -50.56712341308594
        }
      },
      "matrix_world_from_sensor_carla": [
        [
          0.6351701021194458,
          0.7723643183708191,
          0.0035100479144603014,
          108.19487762451172
        ],
        [
          -0.7723647952079773,
          0.6351374387741089,
          0.0072865793481469154,
          -36.61551284790039
        ],
        [
          0.0033985308837145567,
          -0.007339254952967167,
          0.9999672770500183,
          1.703321933746338
        ],
        [
          0.0,
          0.0,
          0.0,
          1.0
        ]
      ],
      "matrix_world_from_sensor_bevfusion": [
        [
          0.7723643183708191,
          -0.0035100479144603014,
          0.6351701021194458,
          108.19487762451172
        ],
        [
          -0.6351374387741089,
          0.0072865793481469154,
          0.7723647952079773,
          36.61551284790039
        ],
        [
          -0.007339254952967167,
          -0.9999672770500183,
          0.0033985308837145567,
          1.703321933746338
        ],
        [
          0.0,
          0.0,
          0.0,
          1.0
        ]
      ],
      "matrix_ego_from_sensor_carla": [
        [
          0.5735765695571899,
          -0.8191519379615784,
          2.63298503000442e-08,
          1.3000006675720215
        ],
        [
          0.8191518783569336,
          0.5735765695571899,
          3.850314911346686e-08,
          0.5500030517578125
        ],
        [
          -4.674613052202403e-08,
          -1.0222664936776482e-09,
          1.0,
          1.6999999284744263
        ],
        [
          0.0,
          0.0,
          0.0,
          1.0
        ]
      ],
      "matrix_ego_from_sensor_bevfusion": [
        [
          -0.8191519379615784,
          -2.63298503000442e-08,
          0.5735765695571899,
          1.3000006675720215
        ],
        [
          -0.5735765695571899,
          3.850314911346686e-08,
          -0.8191518783569336,
          -0.5500030517578125
        ],
        [
          -1.0222664936776482e-09,
          -1.0,
          -4.674613052202403e-08,
          1.6999999284744263
        ],
        [
          0.0,
          0.0,
          0.0,
          1.0
        ]
      ],
      "camera_intrinsics": [
        [
          685.5110473632812,
          0.0,
          480.0
        ],
        [
          0.0,
          685.5110473632812,
          270.0
        ],
        [
          0.0,
          0.0,
          1.0
        ]
      ],
      "data_path": "D:\\Agent-AI\\outputs\\s3a_left_v3\\sample_000032\\images\\CAM_FRONT_RIGHT.png",
      "raw_layout": "bgra8"
    },
    "CAM_FRONT_LEFT": {
      "type_id": "sensor.camera.rgb",
      "blueprint_attributes": {
        "role_name": "front",
        "ros_name": "sensor.camera.rgb",
        "chromatic_aberration_offset": "0.0",
        "sensor_tick": "0.100000",
        "fstop": "1.4",
        "image_size_x": "960",
        "image_size_y": "540",
        "fov": "70.00",
        "lens_circle_falloff": "5.0",
        "lens_circle_multiplier": "0.0",
        "exposure_compensation": "0.0",
        "lens_y_size": "0.08",
        "lens_k": "-1.0",
        "exposure_mode": "histogram",
        "lens_kcube": "0.0",
        "lens_x_size": "0.08",
        "exposure_max_bright": "12.0",
        "shutter_speed": "200.0",
        "bloom_intensity": "0.675",
        "iso": "100.0",
        "enable_postprocess_effects": "false",
        "gamma": "2.2",
        "motion_blur_intensity": "0.0",
        "motion_blur_max_distortion": "0.35",
        "lens_flare_intensity": "0.1",
        "motion_blur_min_object_screen_size": "0.1",
        "exposure_min_bright": "10.0",
        "exposure_speed_up": "3.0",
        "exposure_speed_down": "1.0",
        "tint": "0.0",
        "calibration_constant": "16.0",
        "focal_distance": "1000.0",
        "min_fstop": "1.2",
        "blade_count": "5",
        "blur_amount": "0.0",
        "blur_radius": "0.0",
        "slope": "0.88",
        "toe": "0.55",
        "white_clip": "0.04",
        "shoulder": "0.26",
        "black_clip": "0.0",
        "temp": "6500.0",
        "chromatic_aberration_intensity": "0.0"
      },
      "transform_carla": {
        "location": {
          "x": 107.13523864746094,
          "y": -36.320289611816406,
          "z": 1.704890251159668
        },
        "rotation": {
          "roll": -0.32681024074554443,
          "pitch": 0.32855257391929626,
          "yaw": -160.56874084472656
        }
      },
      "matrix_world_from_sensor_carla": [
        [
          -0.9430258274078369,
          0.33270102739334106,
          0.0035100439563393593,
          107.13523864746094
        ],
        [
          -0.332670122385025,
          -0.9430150985717773,
          0.007286626845598221,
          -36.320289611816406
        ],
        [
          0.0057342927902936935,
          0.005703790113329887,
          0.9999672770500183,
          1.704890251159668
        ],
        [
          0.0,
          0.0,
          0.0,
          1.0
        ]
      ],
      "matrix_world_from_sensor_bevfusion": [
        [
          0.33270102739334106,
          -0.0035100439563393593,
          -0.9430258274078369,
          107.13523864746094
        ],
        [
          0.9430150985717773,
          0.007286626845598221,
          0.332670122385025,
          36.320289611816406
        ],
        [
          0.005703790113329887,
          -0.9999672770500183,
          0.0057342927902936935,
          1.704890251159668
        ],
        [
          0.0,
          0.0,
          0.0,
          1.0
        ]
      ],
      "matrix_ego_from_sensor_carla": [
        [
          0.5735767483711243,
          0.8191518187522888,
          -1.837363328149877e-08,
          1.2999992370605469
        ],
        [
          -0.819151759147644,
          0.5735766887664795,
          2.1972175190398957e-08,
          -0.5500030517578125
        ],
        [
          2.9231312481670102e-08,
          2.28795515866409e-09,
          1.0,
          1.7000000476837158
        ],
        [
          0.0,
          0.0,
          0.0,
          1.0
        ]
      ],
      "matrix_ego_from_sensor_bevfusion": [
        [
          0.8191518187522888,
          1.837363328149877e-08,
          0.5735767483711243,
          1.2999992370605469
        ],
        [
          -0.5735766887664795,
          2.1972175190398957e-08,
          0.819151759147644,
          0.5500030517578125
        ],
        [
          2.28795515866409e-09,
          -1.0,
          2.9231312481670102e-08,
          1.7000000476837158
        ],
        [
          0.0,
          0.0,
          0.0,
          1.0
        ]
      ],
      "camera_intrinsics": [
        [
          685.5110473632812,
          0.0,
          480.0
        ],
        [
          0.0,
          685.5110473632812,
          270.0
        ],
        [
          0.0,
          0.0,
          1.0
        ]
      ],
      "data_path": "D:\\Agent-AI\\outputs\\s3a_left_v3\\sample_000032\\images\\CAM_FRONT_LEFT.png",
      "raw_layout": "bgra8"
    },
    "CAM_BACK": {
      "type_id": "sensor.camera.rgb",
      "blueprint_attributes": {
        "role_name": "front",
        "ros_name": "sensor.camera.rgb",
        "chromatic_aberration_offset": "0.0",
        "sensor_tick": "0.100000",
        "fstop": "1.4",
        "image_size_x": "960",
        "image_size_y": "540",
        "fov": "70.00",
        "lens_circle_falloff": "5.0",
        "lens_circle_multiplier": "0.0",
        "exposure_compensation": "0.0",
        "lens_y_size": "0.08",
        "lens_k": "-1.0",
        "exposure_mode": "histogram",
        "lens_kcube": "0.0",
        "lens_x_size": "0.08",
        "exposure_max_bright": "12.0",
        "shutter_speed": "200.0",
        "bloom_intensity": "0.675",
        "iso": "100.0",
        "enable_postprocess_effects": "false",
        "gamma": "2.2",
        "motion_blur_intensity": "0.0",
        "motion_blur_max_distortion": "0.35",
        "lens_flare_intensity": "0.1",
        "motion_blur_min_object_screen_size": "0.1",
        "exposure_min_bright": "10.0",
        "exposure_speed_up": "3.0",
        "exposure_speed_down": "1.0",
        "tint": "0.0",
        "calibration_constant": "16.0",
        "focal_distance": "1000.0",
        "min_fstop": "1.2",
        "blade_count": "5",
        "blur_amount": "0.0",
        "blur_radius": "0.0",
        "slope": "0.88",
        "toe": "0.55",
        "white_clip": "0.04",
        "shoulder": "0.26",
        "black_clip": "0.0",
        "temp": "6500.0",
        "chromatic_aberration_intensity": "0.0"
      },
      "transform_carla": {
        "location": {
          "x": 108.42990112304688,
          "y": -33.72254180908203,
          "z": 1.681416392326355
        },
        "rotation": {
          "roll": -0.08168777078390121,
          "pitch": -0.4561541676521301,
          "yaw": 74.43250274658203
        }
      },
      "matrix_world_from_sensor_carla": [
        [
          0.268364816904068,
          -0.963310956954956,
          0.0035100183449685574,
          108.42990112304688
        ],
        [
          0.963284432888031,
          0.26838400959968567,
          0.007286614738404751,
          -33.72254180908203
        ],
        [
          -0.00796130858361721,
          0.0014256748836487532,
          0.9999672770500183,
          1.681416392326355
        ],
        [
          0.0,
          0.0,
          0.0,
          1.0
        ]
      ],
      "matrix_world_from_sensor_bevfusion": [
        [
          -0.963310956954956,
          -0.0035100183449685574,
          0.268364816904068,
          108.42990112304688
        ],
        [
          -0.26838400959968567,
          0.007286614738404751,
          -0.963284432888031,
          33.72254180908203
        ],
        [
          0.0014256748836487532,
          -0.9999672770500183,
          -0.00796130858361721,
          1.681416392326355
        ],
        [
          0.0,
          0.0,
          0.0,
          1.0
        ]
      ],
      "matrix_ego_from_sensor_carla": [
        [
          -0.9999999403953552,
          1.9180362187398714e-07,
          2.528183218331037e-10,
          -1.5499999523162842
        ],
        [
          -2.0616880647139624e-07,
          -0.9999999403953552,
          5.51755696687195e-10,
          7.62939453125e-06
        ],
        [
          -7.273492919068758e-10,
          9.30140242605404e-10,
          1.0,
          1.6999999284744263
        ],
        [
          0.0,
          0.0,
          0.0,
          1.0
        ]
      ],
      "matrix_ego_from_sensor_bevfusion": [
        [
          1.9180362187398714e-07,
          -2.528183218331037e-10,
          -0.9999999403953552,
          -1.5499999523162842
        ],
        [
          0.9999999403953552,
          5.51755696687195e-10,
          2.0616880647139624e-07,
          -7.62939453125e-06
        ],
        [
          9.30140242605404e-10,
          -1.0,
          -7.273492919068758e-10,
          1.6999999284744263
        ],
        [
          0.0,
          0.0,
          0.0,
          1.0
        ]
      ],
      "camera_intrinsics": [
        [
          685.5110473632812,
          0.0,
          480.0
        ],
        [
          0.0,
          685.5110473632812,
          270.0
        ],
        [
          0.0,
          0.0,
          1.0
        ]
      ],
      "data_path": "D:\\Agent-AI\\outputs\\s3a_left_v3\\sample_000032\\images\\CAM_BACK.png",
      "raw_layout": "bgra8"
    },
    "CAM_BACK_LEFT": {
      "type_id": "sensor.camera.rgb",
      "blueprint_attributes": {
        "role_name": "front",
        "ros_name": "sensor.camera.rgb",
        "chromatic_aberration_offset": "0.0",
        "sensor_tick": "0.100000",
        "fstop": "1.4",
        "image_size_x": "960",
        "image_size_y": "540",
        "fov": "70.00",
        "lens_circle_falloff": "5.0",
        "lens_circle_multiplier": "0.0",
        "exposure_compensation": "0.0",
        "lens_y_size": "0.08",
        "lens_k": "-1.0",
        "exposure_mode": "histogram",
        "lens_kcube": "0.0",
        "lens_x_size": "0.08",
        "exposure_max_bright": "12.0",
        "shutter_speed": "200.0",
        "bloom_intensity": "0.675",
        "iso": "100.0",
        "enable_postprocess_effects": "false",
        "gamma": "2.2",
        "motion_blur_intensity": "0.0",
        "motion_blur_max_distortion": "0.35",
        "lens_flare_intensity": "0.1",
        "motion_blur_min_object_screen_size": "0.1",
        "exposure_min_bright": "10.0",
        "exposure_speed_up": "3.0",
        "exposure_speed_down": "1.0",
        "tint": "0.0",
        "calibration_constant": "16.0",
        "focal_distance": "1000.0",
        "min_fstop": "1.2",
        "blade_count": "5",
        "blur_amount": "0.0",
        "blur_radius": "0.0",
        "slope": "0.88",
        "toe": "0.55",
        "white_clip": "0.04",
        "shoulder": "0.26",
        "black_clip": "0.0",
        "temp": "6500.0",
        "chromatic_aberration_intensity": "0.0"
      },
      "transform_carla": {
        "location": {
          "x": 107.8329849243164,
          "y": -33.81575012207031,
          "z": 1.6841909885406494
        },
        "rotation": {
          "roll": -0.4205144941806793,
          "pitch": -0.19472184777259827,
          "yaw": 129.43287658691406
        }
      },
      "matrix_world_from_sensor_carla": [
        [
          -0.6351701021194458,
          -0.7723642587661743,
          0.003510047448799014,
          107.8329849243164
        ],
        [
          0.7723647356033325,
          -0.6351374387741089,
          0.007286578882485628,
          -33.81575012207031
        ],
        [
          -0.0033985308837145567,
          0.00733925448730588,
          0.9999672770500183,
          1.6841909885406494
        ],
        [
          0.0,
          0.0,
          0.0,
          1.0
        ]
      ],
      "matrix_world_from_sensor_bevfusion": [
        [
          -0.7723642587661743,
          -0.003510047448799014,
          -0.6351701021194458,
          107.8329849243164
        ],
        [
          0.6351374387741089,
          0.007286578882485628,
          -0.7723647356033325,
          33.81575012207031
        ],
        [
          0.00733925448730588,
          -0.9999672770500183,
          -0.0033985308837145567,
          1.6841909885406494
        ],
        [
          0.0,
          0.0,
          0.0,
          1.0
        ]
      ],
      "matrix_ego_from_sensor_carla": [
        [
          -0.5735765099525452,
          0.8191519379615784,
          2.63298503000442e-08,
          -1.3000011444091797
        ],
        [
          -0.8191518783569336,
          -0.5735765099525452,
          3.815390314798606e-08,
          -0.5499954223632812
        ],
        [
          4.628046923471629e-08,
          1.0222817037330856e-09,
          1.0,
          1.7000001668930054
        ],
        [
          0.0,
          0.0,
          0.0,
          1.0
        ]
      ],
      "matrix_ego_from_sensor_bevfusion": [
        [
          0.8191519379615784,
          -2.63298503000442e-08,
          -0.5735765099525452,
          -1.3000011444091797
        ],
        [
          0.5735765099525452,
          3.815390314798606e-08,
          0.8191518783569336,
          0.5499954223632812
        ],
        [
          1.0222817037330856e-09,
          -1.0,
          4.628046923471629e-08,
          1.7000001668930054
        ],
        [
          0.0,
          0.0,
          0.0,
          1.0
        ]
      ],
      "camera_intrinsics": [
        [
          685.5110473632812,
          0.0,
          480.0
        ],
        [
          0.0,
          685.5110473632812,
          270.0
        ],
        [
          0.0,
          0.0,
          1.0
        ]
      ],
      "data_path": "D:\\Agent-AI\\outputs\\s3a_left_v3\\sample_000032\\images\\CAM_BACK_LEFT.png",
      "raw_layout": "bgra8"
    },
    "CAM_BACK_RIGHT": {
      "type_id": "sensor.camera.rgb",
      "blueprint_attributes": {
        "role_name": "front",
        "ros_name": "sensor.camera.rgb",
        "chromatic_aberration_offset": "0.0",
        "sensor_tick": "0.100000",
        "fstop": "1.4",
        "image_size_x": "960",
        "image_size_y": "540",
        "fov": "70.00",
        "lens_circle_falloff": "5.0",
        "lens_circle_multiplier": "0.0",
        "exposure_compensation": "0.0",
        "lens_y_size": "0.08",
        "lens_k": "-1.0",
        "exposure_mode": "histogram",
        "lens_kcube": "0.0",
        "lens_x_size": "0.08",
        "exposure_max_bright": "12.0",
        "shutter_speed": "200.0",
        "bloom_intensity": "0.675",
        "iso": "100.0",
        "enable_postprocess_effects": "false",
        "gamma": "2.2",
        "motion_blur_intensity": "0.0",
        "motion_blur_max_distortion": "0.35",
        "lens_flare_intensity": "0.1",
        "motion_blur_min_object_screen_size": "0.1",
        "exposure_min_bright": "10.0",
        "exposure_speed_up": "3.0",
        "exposure_speed_down": "1.0",
        "tint": "0.0",
        "calibration_constant": "16.0",
        "focal_distance": "1000.0",
        "min_fstop": "1.2",
        "blade_count": "5",
        "blur_amount": "0.0",
        "blur_radius": "0.0",
        "slope": "0.88",
        "toe": "0.55",
        "white_clip": "0.04",
        "shoulder": "0.26",
        "black_clip": "0.0",
        "temp": "6500.0",
        "chromatic_aberration_intensity": "0.0"
      },
      "transform_carla": {
        "location": {
          "x": 108.89262390136719,
          "y": -34.1109733581543,
          "z": 1.6826226711273193
        },
        "rotation": {
          "roll": 0.3268103003501892,
          "pitch": -0.32855257391929626,
          "yaw": 19.431243896484375
        }
      },
      "matrix_world_from_sensor_carla": [
        [
          0.9430258870124817,
          -0.33270084857940674,
          0.003510045353323221,
          108.89262390136719
        ],
        [
          0.3326699435710907,
          0.9430151581764221,
          0.007286626845598221,
          -34.1109733581543
        ],
        [
          -0.0057342927902936935,
          -0.005703791044652462,
          0.9999672770500183,
          1.6826226711273193
        ],
        [
          0.0,
          0.0,
          0.0,
          1.0
        ]
      ],
      "matrix_world_from_sensor_bevfusion": [
        [
          -0.33270084857940674,
          -0.003510045353323221,
          0.9430258870124817,
          108.89262390136719
        ],
        [
          -0.9430151581764221,
          0.007286626845598221,
          -0.3326699435710907,
          34.1109733581543
        ],
        [
          -0.005703791044652462,
          -0.9999672770500183,
          -0.0057342927902936935,
          1.6826226711273193
        ],
        [
          0.0,
          0.0,
          0.0,
          1.0
        ]
      ],
      "matrix_ego_from_sensor_carla": [
        [
          -0.5735765695571899,
          -0.8191519379615784,
          -1.9304955856114248e-08,
          -1.2999985218048096
        ],
        [
          0.8191518783569336,
          -0.5735765695571899,
          2.3136328408668305e-08,
          0.5500030517578125
        ],
        [
          -3.062829634359332e-08,
          -2.2879247385532153e-09,
          1.0,
          1.7000000476837158
        ],
        [
          0.0,
          0.0,
          0.0,
          1.0
        ]
      ],
      "matrix_ego_from_sensor_bevfusion": [
        [
          -0.8191519379615784,
          1.9304955856114248e-08,
          -0.5735765695571899,
          -1.2999985218048096
        ],
        [
          0.5735765695571899,
          2.3136328408668305e-08,
          -0.8191518783569336,
          -0.5500030517578125
        ],
        [
          -2.2879247385532153e-09,
          -1.0,
          -3.062829634359332e-08,
          1.7000000476837158
        ],
        [
          0.0,
          0.0,
          0.0,
          1.0
        ]
      ],
      "camera_intrinsics": [
        [
          685.5110473632812,
          0.0,
          480.0
        ],
        [
          0.0,
          685.5110473632812,
          270.0
        ],
        [
          0.0,
          0.0,
          1.0
        ]
      ],
      "data_path": "D:\\Agent-AI\\outputs\\s3a_left_v3\\sample_000032\\images\\CAM_BACK_RIGHT.png",
      "raw_layout": "bgra8"
    },
    "LIDAR_TOP": {
      "type_id": "sensor.lidar.ray_cast",
      "blueprint_attributes": {
        "atmosphere_attenuation_rate": "0.004",
        "role_name": "front",
        "noise_seed": "0",
        "upper_fov": "10.0",
        "ros_name": "sensor.lidar.ray_cast",
        "sensor_tick": "0.100000",
        "channels": "32",
        "range": "120.0",
        "points_per_second": "360000",
        "lower_fov": "-30.0",
        "rotation_frequency": "10.000000",
        "horizontal_fov": "360.0",
        "dropoff_general_rate": "0.0",
        "dropoff_intensity_limit": "1.0",
        "noise_stddev": "0.0",
        "dropoff_zero_intensity": "0.0"
      },
      "transform_carla": {
        "location": {
          "x": 108.01569366455078,
          "y": -35.21199035644531,
          "z": 2.193740129470825
        },
        "rotation": {
          "roll": 0.08168763667345047,
          "pitch": 0.4561541676521301,
          "yaw": -105.5675048828125
        }
      },
      "matrix_world_from_sensor_carla": [
        [
          -0.2683650255203247,
          0.963310956954956,
          0.00351001787930727,
          108.01569366455078
        ],
        [
          -0.963284432888031,
          -0.2683842182159424,
          0.007286614738404751,
          -35.21199035644531
        ],
        [
          0.00796130858361721,
          -0.0014256725553423166,
          0.9999672770500183,
          2.193740129470825
        ],
        [
          0.0,
          0.0,
          0.0,
          1.0
        ]
      ],
      "matrix_world_from_sensor_bevfusion": [
        [
          -0.2683650255203247,
          -0.963310956954956,
          0.00351001787930727,
          108.01569366455078
        ],
        [
          0.963284432888031,
          -0.2683842182159424,
          -0.007286614738404751,
          35.21199035644531
        ],
        [
          0.00796130858361721,
          0.0014256725553423166,
          0.9999672770500183,
          2.193740129470825
        ],
        [
          0.0,
          0.0,
          0.0,
          1.0
        ]
      ],
      "matrix_ego_from_sensor_carla": [
        [
          1.0,
          9.172312687155681e-09,
          2.528183218331037e-10,
          -4.76837158203125e-07
        ],
        [
          -2.447443803177407e-09,
          1.0,
          8.609441631834969e-11,
          7.62939453125e-06
        ],
        [
          -2.039732827086027e-10,
          -1.1530904009404708e-10,
          1.0,
          2.200000047683716
        ],
        [
          0.0,
          0.0,
          0.0,
          1.0
        ]
      ],
      "matrix_ego_from_sensor_bevfusion": [
        [
          1.0,
          -9.172312687155681e-09,
          2.528183218331037e-10,
          -4.76837158203125e-07
        ],
        [
          2.447443803177407e-09,
          1.0,
          -8.609441631834969e-11,
          -7.62939453125e-06
        ],
        [
          -2.039732827086027e-10,
          1.1530904009404708e-10,
          1.0,
          2.200000047683716
        ],
        [
          0.0,
          0.0,
          0.0,
          1.0
        ]
      ],
      "data_path": "D:\\Agent-AI\\outputs\\s3a_left_v3\\sample_000032\\lidar\\LIDAR_TOP.npy",
      "raw_layout": [
        "x",
        "y",
        "z",
        "intensity"
      ]
    },
    "RADAR_FRONT": {
      "type_id": "sensor.other.radar",
      "blueprint_attributes": {
        "sensor_tick": "0.100000",
        "role_name": "default",
        "noise_seed": "0",
        "ros_name": "sensor.other.radar",
        "horizontal_fov": "35.0",
        "points_per_second": "1500",
        "vertical_fov": "20.0",
        "range": "120.0"
      },
      "transform_carla": {
        "location": {
          "x": 107.47439575195312,
          "y": -37.148033142089844,
          "z": 0.9097053408622742
        },
        "rotation": {
          "roll": 0.08168763667345047,
          "pitch": 0.4561541676521301,
          "yaw": -105.5675048828125
        }
      },
      "matrix_world_from_sensor_carla": [
        [
          -0.2683650255203247,
          0.963310956954956,
          0.00351001787930727,
          107.47439575195312
        ],
        [
          -0.963284432888031,
          -0.2683842182159424,
          0.007286614738404751,
          -37.148033142089844
        ],
        [
          0.00796130858361721,
          -0.0014256725553423166,
          0.9999672770500183,
          0.9097053408622742
        ],
        [
          0.0,
          0.0,
          0.0,
          1.0
        ]
      ],
      "matrix_world_from_sensor_bevfusion": [
        [
          -0.2683650255203247,
          -0.963310956954956,
          0.00351001787930727,
          107.47439575195312
        ],
        [
          0.963284432888031,
          -0.2683842182159424,
          -0.007286614738404751,
          37.148033142089844
        ],
        [
          0.00796130858361721,
          0.0014256725553423166,
          0.9999672770500183,
          0.9097053408622742
        ],
        [
          0.0,
          0.0,
          0.0,
          1.0
        ]
      ],
      "matrix_ego_from_sensor_carla": [
        [
          1.0,
          9.172312687155681e-09,
          2.528183218331037e-10,
          2.000002384185791
        ],
        [
          -2.447443803177407e-09,
          1.0,
          8.609441631834969e-11,
          0.0
        ],
        [
          -2.039732827086027e-10,
          -1.1530904009404708e-10,
          1.0,
          0.8999999761581421
        ],
        [
          0.0,
          0.0,
          0.0,
          1.0
        ]
      ],
      "matrix_ego_from_sensor_bevfusion": [
        [
          1.0,
          -9.172312687155681e-09,
          2.528183218331037e-10,
          2.000002384185791
        ],
        [
          2.447443803177407e-09,
          1.0,
          -8.609441631834969e-11,
          0.0
        ],
        [
          -2.039732827086027e-10,
          1.1530904009404708e-10,
          1.0,
          0.8999999761581421
        ],
        [
          0.0,
          0.0,
          0.0,
          1.0
        ]
      ],
      "data_path": "D:\\Agent-AI\\outputs\\s3a_left_v3\\sample_000032\\radar\\RADAR_FRONT.npy",
      "raw_layout": [
        "velocity",
        "altitude",
        "azimuth",
        "depth"
      ]
    },
    "RADAR_FRONT_LEFT": {
      "type_id": "sensor.other.radar",
      "blueprint_attributes": {
        "sensor_tick": "0.100000",
        "role_name": "default",
        "noise_seed": "0",
        "ros_name": "sensor.other.radar",
        "horizontal_fov": "35.0",
        "points_per_second": "1500",
        "vertical_fov": "20.0",
        "range": "120.0"
      },
      "transform_carla": {
        "location": {
          "x": 106.84584045410156,
          "y": -36.60959243774414,
          "z": 0.9079881310462952
        },
        "rotation": {
          "roll": -0.2647930979728699,
          "pitch": 0.38030490279197693,
          "yaw": -150.5686798095703
        }
      },
      "matrix_world_from_sensor_carla": [
        [
          -0.8709261417388916,
          0.49140140414237976,
          0.0035099489614367485,
          106.84584045410156
        ],
        [
          -0.4913690984249115,
          -0.8709209561347961,
          0.007286581210792065,
          -36.60959243774414
        ],
        [
          0.006637523882091045,
          0.004621393047273159,
          0.9999672770500183,
          0.9079881310462952
        ],
        [
          0.0,
          0.0,
          0.0,
          1.0
        ]
      ],
      "matrix_world_from_sensor_bevfusion": [
        [
          -0.8709261417388916,
          -0.49140140414237976,
          0.0035099489614367485,
          106.84584045410156
        ],
        [
          0.4913690984249115,
          -0.8709209561347961,
          -0.007286581210792065,
          36.60959243774414
        ],
        [
          0.006637523882091045,
          -0.004621393047273159,
          0.9999672770500183,
          0.9079881310462952
        ],
        [
          0.0,
          0.0,
          0.0,
          1.0
        ]
      ],
      "matrix_ego_from_sensor_carla": [
        [
          0.7071071863174438,
          0.707106351852417,
          5.054423724004664e-08,
          1.6499991416931152
        ],
        [
          -0.707106351852417,
          0.7071070671081543,
          -5.730666075010049e-08,
          -0.75
        ],
        [
          -7.61740253096832e-08,
          4.1150514107357594e-09,
          1.0,
          0.9000000953674316
        ],
        [
          0.0,
          0.0,
          0.0,
          1.0
        ]
      ],
      "matrix_ego_from_sensor_bevfusion": [
        [
          0.7071071863174438,
          -0.707106351852417,
          5.054423724004664e-08,
          1.6499991416931152
        ],
        [
          0.707106351852417,
          0.7071070671081543,
          5.730666075010049e-08,
          0.75
        ],
        [
          -7.61740253096832e-08,
          -4.1150514107357594e-09,
          1.0,
          0.9000000953674316
        ],
        [
          0.0,
          0.0,
          0.0,
          1.0
        ]
      ],
      "data_path": "D:\\Agent-AI\\outputs\\s3a_left_v3\\sample_000032\\radar\\RADAR_FRONT_LEFT.npy",
      "raw_layout": [
        "velocity",
        "altitude",
        "azimuth",
        "depth"
      ]
    },
    "RADAR_FRONT_RIGHT": {
      "type_id": "sensor.other.radar",
      "blueprint_attributes": {
        "sensor_tick": "0.100000",
        "role_name": "default",
        "noise_seed": "0",
        "ros_name": "sensor.other.radar",
        "horizontal_fov": "35.0",
        "points_per_second": "1500",
        "vertical_fov": "20.0",
        "range": "120.0"
      },
