{
  "schema_version": "stage1.v1",
  "sample_name": "sample_000044",
  "sequence_index": 44,
  "previous_sample_name": "sample_000043",
  "frame_id": 60045,
  "timestamp": 439.4197008162737,
  "platform_timestamp": 16814581.1656412,
  "delta_seconds": 0.10000000149011612,
  "town": "Carla/Maps/Town10HD_Opt",
  "weather": {
    "cloudiness": 20.0,
    "dust_storm": 0.0,
    "fog_density": 2.0,
    "fog_distance": 0.75,
    "fog_falloff": 0.10000000149011612,
    "mie_scattering_scale": 0.029999999329447746,
    "precipitation": 0.0,
    "precipitation_deposits": 0.0,
    "rayleigh_scattering_scale": 0.03310000151395798,
    "scattering_intensity": 1.0,
    "sun_altitude_angle": 45.0,
    "sun_azimuth_angle": 300.0,
    "wetness": 0.0,
    "wind_intensity": 10.0
  },
  "sensor_names": [
    "CAM_FRONT",
    "CAM_FRONT_RIGHT",
    "CAM_FRONT_LEFT",
    "CAM_BACK",
    "CAM_BACK_LEFT",
    "CAM_BACK_RIGHT",
    "LIDAR_TOP",
    "RADAR_FRONT",
    "RADAR_FRONT_LEFT",
    "RADAR_FRONT_RIGHT",
    "RADAR_BACK_LEFT",
    "RADAR_BACK_RIGHT"
  ],
  "camera_order_for_model": [
    "CAM_FRONT",
    "CAM_FRONT_RIGHT",
    "CAM_FRONT_LEFT",
    "CAM_BACK",
    "CAM_BACK_LEFT",
    "CAM_BACK_RIGHT"
  ],
  "radar_order_for_model": [
    "RADAR_FRONT",
    "RADAR_FRONT_LEFT",
    "RADAR_FRONT_RIGHT",
    "RADAR_BACK_LEFT",
    "RADAR_BACK_RIGHT"
  ],
  "coordinate_notes": {
    "carla_world": "left-handed x-forward y-right z-up",
    "bevfusion_lidar": "x-forward y-left z-up",
    "camera_frame_for_model": "OpenCV style x-right y-down z-forward"
  },
  "ego": {
    "actor_id": 28,
    "transform_carla": {
      "location": {
        "x": 95.33717346191406,
        "y": -51.0198860168457,
        "z": -0.004241218324750662
      },
      "rotation": {
        "roll": 0.5206354260444641,
        "pitch": -0.027887661010026932,
        "yaw": -131.91506958007812
      }
    },
    "velocity_carla": [
      -5.407772541046143,
      -5.843443870544434,
      0.00010927199764410034
    ],
    "angular_velocity_carla": [
      -1.4531843662261963,
      0.03537226840853691,
      -7.513713836669922
    ],
    "matrix_world_from_ego_carla": [
      [
        -0.6680281758308411,
        0.7441081404685974,
        0.006436586380004883,
        95.33717346191406
      ],
      [
        -0.744135856628418,
        -0.6679973602294922,
        -0.006432336755096912,
        -51.0198860168457
      ],
      [
        -0.00048673147102817893,
        -0.009086676873266697,
        0.9999585747718811,
        -0.004241218324750662
      ],
      [
        0.0,
        0.0,
        0.0,
        1.0
      ]
    ],
    "matrix_world_from_ego_bevfusion": [
      [
        -0.6680281758308411,
        -0.7441081404685974,
        0.006436586380004883,
        95.33717346191406
      ],
      [
        0.744135856628418,
        -0.6679973602294922,
        0.006432336755096912,
        51.0198860168457
      ],
      [
        -0.00048673147102817893,
        0.009086676873266697,
        0.9999585747718811,
        -0.004241218324750662
      ],
      [
        0.0,
        0.0,
        0.0,
        1.0
      ]
    ]
  },
  "sensors": {
    "CAM_FRONT": {
      "type_id": "sensor.camera.rgb",
      "blueprint_attributes": {
        "role_name": "front",
        "ros_name": "sensor.camera.rgb",
        "chromatic_aberration_offset": "0.0",
        "sensor_tick": "0.100000",
        "fstop": "1.4",
        "image_size_x": "960",
        "image_size_y": "540",
        "fov": "70.00",
        "lens_circle_falloff": "5.0",
        "lens_circle_multiplier": "0.0",
        "exposure_compensation": "0.0",
        "lens_y_size": "0.08",
        "lens_k": "-1.0",
        "exposure_mode": "histogram",
        "lens_kcube": "0.0",
        "lens_x_size": "0.08",
        "exposure_max_bright": "12.0",
        "shutter_speed": "200.0",
        "bloom_intensity": "0.675",
        "iso": "100.0",
        "enable_postprocess_effects": "false",
        "gamma": "2.2",
        "motion_blur_intensity": "0.0",
        "motion_blur_max_distortion": "0.35",
        "lens_flare_intensity": "0.1",
        "motion_blur_min_object_screen_size": "0.1",
        "exposure_min_bright": "10.0",
        "exposure_speed_up": "3.0",
        "exposure_speed_down": "1.0",
        "tint": "0.0",
        "calibration_constant": "16.0",
        "focal_distance": "1000.0",
        "min_fstop": "1.2",
        "blade_count": "5",
        "blur_amount": "0.0",
        "blur_radius": "0.0",
        "slope": "0.88",
        "toe": "0.55",
        "white_clip": "0.04",
        "shoulder": "0.26",
        "black_clip": "0.0",
        "temp": "6500.0",
        "chromatic_aberration_intensity": "0.0"
      },
      "transform_carla": {
        "location": {
          "x": 94.31267547607422,
          "y": -52.18423080444336,
          "z": 1.6949337720870972
        },
        "rotation": {
          "roll": 0.5206354260444641,
          "pitch": -0.027887661010026932,
          "yaw": -131.91506958007812
        }
      },
      "matrix_world_from_sensor_carla": [
        [
          -0.6680281758308411,
          0.7441081404685974,
          0.006436586380004883,
          94.31267547607422
        ],
        [
          -0.744135856628418,
          -0.6679973602294922,
          -0.006432336755096912,
          -52.18423080444336
        ],
        [
          -0.00048673147102817893,
          -0.009086676873266697,
          0.9999585747718811,
          1.6949337720870972
        ],
        [
          0.0,
          0.0,
          0.0,
          1.0
        ]
      ],
      "matrix_world_from_sensor_bevfusion": [
        [
          0.7441081404685974,
          -0.006436586380004883,
          -0.6680281758308411,
          94.31267547607422
        ],
        [
          0.6679973602294922,
          -0.006432336755096912,
          0.744135856628418,
          52.18423080444336
        ],
        [
          -0.009086676873266697,
          -0.9999585747718811,
          -0.00048673147102817893,
          1.6949337720870972
        ],
        [
          0.0,
          0.0,
          0.0,
          1.0
        ]
      ],
      "matrix_ego_from_sensor_carla": [
        [
          1.0,
          1.6778823663798903e-08,
          -9.330498179638269e-11,
          1.5499992370605469
        ],
        [
          -3.281202154425955e-08,
          1.0,
          1.633421731206397e-10,
          -7.62939453125e-06
        ],
        [
          1.1051540932394133e-10,
          -3.7826597409917895e-10,
          1.0,
          1.7000000476837158
        ],
        [
          0.0,
          0.0,
          0.0,
          1.0
        ]
      ],
      "matrix_ego_from_sensor_bevfusion": [
        [
          1.6778823663798903e-08,
          9.330498179638269e-11,
          1.0,
          1.5499992370605469
        ],
        [
          -1.0,
          1.633421731206397e-10,
          3.281202154425955e-08,
          7.62939453125e-06
        ],
        [
          -3.7826597409917895e-10,
          -1.0,
          1.1051540932394133e-10,
          1.7000000476837158
        ],
        [
          0.0,
          0.0,
          0.0,
          1.0
        ]
      ],
      "camera_intrinsics": [
        [
          685.5110473632812,
          0.0,
          480.0
        ],
        [
          0.0,
          685.5110473632812,
          270.0
        ],
        [
          0.0,
          0.0,
          1.0
        ]
      ],
      "data_path": "D:\\Agent-AI\\outputs\\s3a_ml_long_v2\\sample_000044\\images\\CAM_FRONT.png",
      "raw_layout": "bgra8"
    },
    "CAM_FRONT_RIGHT": {
      "type_id": "sensor.camera.rgb",
      "blueprint_attributes": {
        "role_name": "front",
        "ros_name": "sensor.camera.rgb",
        "chromatic_aberration_offset": "0.0",
        "sensor_tick": "0.100000",
        "fstop": "1.4",
        "image_size_x": "960",
        "image_size_y": "540",
        "fov": "70.00",
        "lens_circle_falloff": "5.0",
        "lens_circle_multiplier": "0.0",
        "exposure_compensation": "0.0",
        "lens_y_size": "0.08",
        "lens_k": "-1.0",
        "exposure_mode": "histogram",
        "lens_kcube": "0.0",
        "lens_x_size": "0.08",
        "exposure_max_bright": "12.0",
        "shutter_speed": "200.0",
        "bloom_intensity": "0.675",
        "iso": "100.0",
        "enable_postprocess_effects": "false",
        "gamma": "2.2",
        "motion_blur_intensity": "0.0",
        "motion_blur_max_distortion": "0.35",
        "lens_flare_intensity": "0.1",
        "motion_blur_min_object_screen_size": "0.1",
        "exposure_min_bright": "10.0",
        "exposure_speed_up": "3.0",
        "exposure_speed_down": "1.0",
        "tint": "0.0",
        "calibration_constant": "16.0",
        "focal_distance": "1000.0",
        "min_fstop": "1.2",
        "blade_count": "5",
        "blur_amount": "0.0",
        "blur_radius": "0.0",
        "slope": "0.88",
        "toe": "0.55",
        "white_clip": "0.04",
        "shoulder": "0.26",
        "black_clip": "0.0",
        "temp": "6500.0",
        "chromatic_aberration_intensity": "0.0"
      },
      "transform_carla": {
        "location": {
          "x": 94.88894653320312,
          "y": -52.36559295654297,
          "z": 1.6900577545166016
        },
        "rotation": {
          "roll": 0.2757807672023773,
          "pitch": -0.4424801170825958,
          "yaw": -76.91597747802734
        }
      },
      "matrix_world_from_sensor_carla": [
        [
          0.22637297213077545,
          0.974019467830658,
          0.006436540279537439,
          94.88894653320312
        ],
        [
          -0.9740101099014282,
          0.2264133095741272,
          -0.006432458758354187,
          -52.36559295654297
        ],
        [
          -0.007722658105194569,
          -0.004813120234757662,
          0.9999586343765259,
          1.6900577545166016
        ],
        [
          0.0,
          0.0,
          0.0,
          1.0
        ]
      ],
      "matrix_world_from_sensor_bevfusion": [
        [
          0.974019467830658,
          -0.006436540279537439,
          0.22637297213077545,
          94.88894653320312
        ],
        [
          -0.2264133095741272,
          -0.006432458758354187,
          0.9740101099014282,
          52.36559295654297
        ],
        [
          -0.004813120234757662,
          -0.9999586343765259,
          -0.007722658105194569,
          1.6900577545166016
        ],
        [
          0.0,
          0.0,
          0.0,
          1.0
        ]
      ],
      "matrix_ego_from_sensor_carla": [
        [
          0.573576033115387,
          -0.819152295589447,
          1.218518406176372e-07,
          1.2999935150146484
        ],
        [
          0.8191523551940918,
          0.5735760927200317,
          4.711918677458016e-08,
          0.5500030517578125
        ],
        [
          -1.0802449423863436e-07,
          7.290351078381718e-08,
          1.0000001192092896,
          1.7000000476837158
        ],
        [
          0.0,
          0.0,
          0.0,
          1.0
        ]
      ],
      "matrix_ego_from_sensor_bevfusion": [
        [
          -0.819152295589447,
          -1.218518406176372e-07,
          0.573576033115387,
          1.2999935150146484
        ],
        [
          -0.5735760927200317,
          4.711918677458016e-08,
          -0.8191523551940918,
          -0.5500030517578125
        ],
        [
          7.290351078381718e-08,
          -1.0000001192092896,
          -1.0802449423863436e-07,
          1.7000000476837158
        ],
        [
          0.0,
          0.0,
          0.0,
          1.0
        ]
      ],
      "camera_intrinsics": [
        [
          685.5110473632812,
          0.0,
          480.0
        ],
        [
          0.0,
          685.5110473632812,
          270.0
        ],
        [
          0.0,
          0.0,
          1.0
        ]
      ],
      "data_path": "D:\\Agent-AI\\outputs\\s3a_ml_long_v2\\sample_000044\\images\\CAM_FRONT_RIGHT.png",
      "raw_layout": "bgra8"
    },
    "CAM_FRONT_LEFT": {
      "type_id": "sensor.camera.rgb",
      "blueprint_attributes": {
        "role_name": "front",
        "ros_name": "sensor.camera.rgb",
        "chromatic_aberration_offset": "0.0",
        "sensor_tick": "0.100000",
        "fstop": "1.4",
        "image_size_x": "960",
        "image_size_y": "540",
        "fov": "70.00",
        "lens_circle_falloff": "5.0",
        "lens_circle_multiplier": "0.0",
        "exposure_compensation": "0.0",
        "lens_y_size": "0.08",
        "lens_k": "-1.0",
        "exposure_mode": "histogram",
        "lens_kcube": "0.0",
        "lens_x_size": "0.08",
        "exposure_max_bright": "12.0",
        "shutter_speed": "200.0",
        "bloom_intensity": "0.675",
        "iso": "100.0",
        "enable_postprocess_effects": "false",
        "gamma": "2.2",
        "motion_blur_intensity": "0.0",
        "motion_blur_max_distortion": "0.35",
        "lens_flare_intensity": "0.1",
        "motion_blur_min_object_screen_size": "0.1",
        "exposure_min_bright": "10.0",
        "exposure_speed_up": "3.0",
        "exposure_speed_down": "1.0",
        "tint": "0.0",
        "calibration_constant": "16.0",
        "focal_distance": "1000.0",
        "min_fstop": "1.2",
        "blade_count": "5",
        "blur_amount": "0.0",
        "blur_radius": "0.0",
        "slope": "0.88",
        "toe": "0.55",
        "white_clip": "0.04",
        "shoulder": "0.26",
        "black_clip": "0.0",
        "temp": "6500.0",
        "chromatic_aberration_intensity": "0.0"
      },
      "transform_carla": {
        "location": {
          "x": 94.07041931152344,
          "y": -51.63079833984375,
          "z": 1.7000532150268555
        },
        "rotation": {
          "roll": 0.32147863507270813,
          "pitch": 0.41048067808151245,
          "yaw": 173.08621215820312
        }
      },
      "matrix_world_from_sensor_carla": [
        [
          -0.9927029013633728,
          -0.12041371315717697,
          0.006436563562601805,
          94.07041931152344
        ],
        [
          0.12037260830402374,
          -0.9927079677581787,
          -0.006432410795241594,
          -51.63079833984375
        ],
        [
          0.00716417795047164,
          -0.005610686726868153,
          0.9999585747718811,
          1.7000532150268555
        ],
        [
          0.0,
          0.0,
          0.0,
          1.0
        ]
      ],
      "matrix_world_from_sensor_bevfusion": [
        [
          -0.12041371315717697,
          -0.006436563562601805,
          -0.9927029013633728,
          94.07041931152344
        ],
        [
          0.9927079677581787,
          -0.006432410795241594,
          -0.12037260830402374,
          51.63079833984375
        ],
        [
          -0.005610686726868153,
          -0.9999585747718811,
          0.00716417795047164,
          1.7000532150268555
        ],
        [
          0.0,
          0.0,
          0.0,
          1.0
        ]
      ],
      "matrix_ego_from_sensor_carla": [
        [
          0.5735763907432556,
          0.8191519975662231,
          7.036706506369228e-08,
          1.2999992370605469
        ],
        [
          -0.8191520571708679,
          0.5735764503479004,
          3.275963322835196e-08,
          -0.5500030517578125
        ],
        [
          -1.4159947880898471e-08,
          -7.571255622451645e-08,
          1.0,
          1.7000000476837158
        ],
        [
          0.0,
          0.0,
          0.0,
          1.0
        ]
      ],
      "matrix_ego_from_sensor_bevfusion": [
        [
          0.8191519975662231,
          -7.036706506369228e-08,
          0.5735763907432556,
          1.2999992370605469
        ],
        [
          -0.5735764503479004,
          3.275963322835196e-08,
          0.8191520571708679,
          0.5500030517578125
        ],
        [
          -7.571255622451645e-08,
          -1.0,
          -1.4159947880898471e-08,
          1.7000000476837158
        ],
        [
          0.0,
          0.0,
          0.0,
          1.0
        ]
      ],
      "camera_intrinsics": [
        [
          685.5110473632812,
          0.0,
          480.0
        ],
        [
          0.0,
          685.5110473632812,
          270.0
        ],
        [
          0.0,
          0.0,
          1.0
        ]
      ],
      "data_path": "D:\\Agent-AI\\outputs\\s3a_ml_long_v2\\sample_000044\\images\\CAM_FRONT_LEFT.png",
      "raw_layout": "bgra8"
    },
    "CAM_BACK": {
      "type_id": "sensor.camera.rgb",
      "blueprint_attributes": {
        "role_name": "front",
        "ros_name": "sensor.camera.rgb",
        "chromatic_aberration_offset": "0.0",
        "sensor_tick": "0.100000",
        "fstop": "1.4",
        "image_size_x": "960",
        "image_size_y": "540",
        "fov": "70.00",
        "lens_circle_falloff": "5.0",
        "lens_circle_multiplier": "0.0",
        "exposure_compensation": "0.0",
        "lens_y_size": "0.08",
        "lens_k": "-1.0",
        "exposure_mode": "histogram",
        "lens_kcube": "0.0",
        "lens_x_size": "0.08",
        "exposure_max_bright": "12.0",
        "shutter_speed": "200.0",
        "bloom_intensity": "0.675",
        "iso": "100.0",
        "enable_postprocess_effects": "false",
        "gamma": "2.2",
        "motion_blur_intensity": "0.0",
        "motion_blur_max_distortion": "0.35",
        "lens_flare_intensity": "0.1",
        "motion_blur_min_object_screen_size": "0.1",
        "exposure_min_bright": "10.0",
        "exposure_speed_up": "3.0",
        "exposure_speed_down": "1.0",
        "tint": "0.0",
        "calibration_constant": "16.0",
        "focal_distance": "1000.0",
        "min_fstop": "1.2",
        "blade_count": "5",
        "blur_amount": "0.0",
        "blur_radius": "0.0",
        "slope": "0.88",
        "toe": "0.55",
        "white_clip": "0.04",
        "shoulder": "0.26",
        "black_clip": "0.0",
        "temp": "6500.0",
        "chromatic_aberration_intensity": "0.0"
      },
      "transform_carla": {
        "location": {
          "x": 96.38356018066406,
          "y": -49.877410888671875,
          "z": 1.69644296169281
        },
        "rotation": {
          "roll": -0.5206353068351746,
          "pitch": 0.027887661010026932,
          "yaw": 48.084930419921875
        }
      },
      "matrix_world_from_sensor_carla": [
        [
          0.6680282354354858,
          -0.7441080808639526,
          0.006436584051698446,
          96.38356018066406
        ],
        [
          0.7441357970237732,
          0.667997419834137,
          -0.0064323353581130505,
          -49.877410888671875
        ],
        [
          0.00048673147102817893,
          0.009086674079298973,
          0.9999585747718811,
          1.69644296169281
        ],
        [
          0.0,
          0.0,
          0.0,
          1.0
        ]
      ],
      "matrix_world_from_sensor_bevfusion": [
        [
          -0.7441080808639526,
          -0.006436584051698446,
          0.6680282354354858,
          96.38356018066406
        ],
        [
          -0.667997419834137,
          -0.0064323353581130505,
          -0.7441357970237732,
          49.877410888671875
        ],
        [
          0.009086674079298973,
          -0.9999585747718811,
          0.00048673147102817893,
          1.69644296169281
        ],
        [
          0.0,
          0.0,
          0.0,
          1.0
        ]
      ],
      "matrix_ego_from_sensor_carla": [
        [
          -0.9999999403953552,
          -9.09340229782174e-08,
          7.216022779310549e-10,
          -1.5499954223632812
        ],
        [
          1.0243019943345644e-07,
          -1.0,
          -2.6306254952146446e-09,
          0.0
        ],
        [
          7.625994835613881e-10,
          -2.415586175530393e-09,
          1.0,
          1.700000286102295
        ],
        [
          0.0,
          0.0,
          0.0,
          1.0
        ]
      ],
      "matrix_ego_from_sensor_bevfusion": [
        [
          -9.09340229782174e-08,
          -7.216022779310549e-10,
          -0.9999999403953552,
          -1.5499954223632812
        ],
        [
          1.0,
          -2.6306254952146446e-09,
          -1.0243019943345644e-07,
          0.0
        ],
        [
          -2.415586175530393e-09,
          -1.0,
          7.625994835613881e-10,
          1.700000286102295
        ],
        [
          0.0,
          0.0,
          0.0,
          1.0
        ]
      ],
      "camera_intrinsics": [
        [
          685.5110473632812,
          0.0,
          480.0
        ],
        [
          0.0,
          685.5110473632812,
          270.0
        ],
        [
          0.0,
          0.0,
          1.0
        ]
      ],
      "data_path": "D:\\Agent-AI\\outputs\\s3a_ml_long_v2\\sample_000044\\images\\CAM_BACK.png",
      "raw_layout": "bgra8"
    },
    "CAM_BACK_LEFT": {
      "type_id": "sensor.camera.rgb",
      "blueprint_attributes": {
        "role_name": "front",
        "ros_name": "sensor.camera.rgb",
        "chromatic_aberration_offset": "0.0",
        "sensor_tick": "0.100000",
        "fstop": "1.4",
        "image_size_x": "960",
        "image_size_y": "540",
        "fov": "70.00",
        "lens_circle_falloff": "5.0",
        "lens_circle_multiplier": "0.0",
        "exposure_compensation": "0.0",
        "lens_y_size": "0.08",
        "lens_k": "-1.0",
        "exposure_mode": "histogram",
        "lens_kcube": "0.0",
        "lens_x_size": "0.08",
        "exposure_max_bright": "12.0",
        "shutter_speed": "200.0",
        "bloom_intensity": "0.675",
        "iso": "100.0",
        "enable_postprocess_effects": "false",
        "gamma": "2.2",
        "motion_blur_intensity": "0.0",
        "motion_blur_max_distortion": "0.35",
        "lens_flare_intensity": "0.1",
        "motion_blur_min_object_screen_size": "0.1",
        "exposure_min_bright": "10.0",
        "exposure_speed_up": "3.0",
        "exposure_speed_down": "1.0",
        "tint": "0.0",
        "calibration_constant": "16.0",
        "focal_distance": "1000.0",
        "min_fstop": "1.2",
        "blade_count": "5",
        "blur_amount": "0.0",
        "blur_radius": "0.0",
        "slope": "0.88",
        "toe": "0.55",
        "white_clip": "0.04",
        "shoulder": "0.26",
        "black_clip": "0.0",
        "temp": "6500.0",
        "chromatic_aberration_intensity": "0.0"
      },
      "transform_carla": {
        "location": {
          "x": 95.80728912353516,
          "y": -49.696048736572266,
          "z": 1.7013189792633057
        },
        "rotation": {
          "roll": -0.27578067779541016,
          "pitch": 0.4424801170825958,
          "yaw": 103.0840072631836
        }
      },
      "matrix_world_from_sensor_carla": [
        [
          -0.22637270390987396,
          -0.9740195274353027,
          0.006436537019908428,
          95.80728912353516
        ],
        [
          0.974010169506073,
          -0.2264130413532257,
          -0.0064324610866606236,
          -49.696048736572266
        ],
        [
          0.007722658105194569,
          0.0048131188377738,
          0.9999586343765259,
          1.7013189792633057
        ],
        [
          0.0,
          0.0,
          0.0,
          1.0
        ]
      ],
      "matrix_world_from_sensor_bevfusion": [
        [
          -0.9740195274353027,
          -0.006436537019908428,
          -0.22637270390987396,
          95.80728912353516
        ],
        [
          0.2264130413532257,
          -0.0064324610866606236,
          -0.974010169506073,
          49.696048736572266
        ],
        [
          0.0048131188377738,
          -0.9999586343765259,
          0.007722658105194569,
          1.7013189792633057
        ],
        [
          0.0,
          0.0,
          0.0,
          1.0
        ]
      ],
      "matrix_ego_from_sensor_carla": [
        [
          -0.5735762715339661,
          0.8191521763801575,
          1.2543161176381545e-07,
          -1.2999916076660156
        ],
        [
          -0.8191521763801575,
          -0.5735763311386108,
          4.618786419996468e-08,
          -0.5499954223632812
        ],
        [
          1.0942147810055758e-07,
          -7.662874423886024e-08,
          1.0000001192092896,
          1.700000286102295
        ],
        [
          0.0,
          0.0,
          0.0,
          1.0
        ]
      ],
      "matrix_ego_from_sensor_bevfusion": [
        [
          0.8191521763801575,
          -1.2543161176381545e-07,
          -0.5735762715339661,
          -1.2999916076660156
        ],
        [
          0.5735763311386108,
          4.618786419996468e-08,
          0.8191521763801575,
          0.5499954223632812
        ],
        [
          -7.662874423886024e-08,
          -1.0000001192092896,
          1.0942147810055758e-07,
          1.700000286102295
        ],
        [
          0.0,
          0.0,
          0.0,
          1.0
        ]
      ],
      "camera_intrinsics": [
        [
          685.5110473632812,
          0.0,
          480.0
        ],
        [
          0.0,
          685.5110473632812,
          270.0
        ],
        [
          0.0,
          0.0,
          1.0
        ]
      ],
      "data_path": "D:\\Agent-AI\\outputs\\s3a_ml_long_v2\\sample_000044\\images\\CAM_BACK_LEFT.png",
      "raw_layout": "bgra8"
    },
    "CAM_BACK_RIGHT": {
      "type_id": "sensor.camera.rgb",
      "blueprint_attributes": {
        "role_name": "front",
        "ros_name": "sensor.camera.rgb",
        "chromatic_aberration_offset": "0.0",
        "sensor_tick": "0.100000",
        "fstop": "1.4",
        "image_size_x": "960",
        "image_size_y": "540",
        "fov": "70.00",
        "lens_circle_falloff": "5.0",
        "lens_circle_multiplier": "0.0",
        "exposure_compensation": "0.0",
        "lens_y_size": "0.08",
        "lens_k": "-1.0",
        "exposure_mode": "histogram",
        "lens_kcube": "0.0",
        "lens_x_size": "0.08",
        "exposure_max_bright": "12.0",
        "shutter_speed": "200.0",
        "bloom_intensity": "0.675",
        "iso": "100.0",
        "enable_postprocess_effects": "false",
        "gamma": "2.2",
        "motion_blur_intensity": "0.0",
        "motion_blur_max_distortion": "0.35",
        "lens_flare_intensity": "0.1",
        "motion_blur_min_object_screen_size": "0.1",
        "exposure_min_bright": "10.0",
        "exposure_speed_up": "3.0",
        "exposure_speed_down": "1.0",
        "tint": "0.0",
        "calibration_constant": "16.0",
        "focal_distance": "1000.0",
        "min_fstop": "1.2",
        "blade_count": "5",
        "blur_amount": "0.0",
        "blur_radius": "0.0",
        "slope": "0.88",
        "toe": "0.55",
        "white_clip": "0.04",
        "shoulder": "0.26",
        "black_clip": "0.0",
        "temp": "6500.0",
        "chromatic_aberration_intensity": "0.0"
      },
      "transform_carla": {
        "location": {
          "x": 96.62581634521484,
          "y": -50.430843353271484,
          "z": 1.6913236379623413
        },
        "rotation": {
          "roll": -0.32147857546806335,
          "pitch": -0.41048067808151245,
          "yaw": -6.91379451751709
        }
      },
      "matrix_world_from_sensor_carla": [
        [
          0.9927029013633728,
          0.12041386216878891,
          0.00643656263127923,
          96.62581634521484
        ],
        [
          -0.12037275731563568,
          0.9927079677581787,
          -0.006432410795241594,
          -50.430843353271484
        ],
        [
          -0.00716417795047164,
          0.005610685795545578,
          0.9999585747718811,
          1.6913236379623413
        ],
        [
          0.0,
          0.0,
          0.0,
          1.0
        ]
      ],
      "matrix_world_from_sensor_bevfusion": [
        [
          0.12041386216878891,
          -0.00643656263127923,
          0.9927029013633728,
          96.62581634521484
        ],
        [
          -0.9927079677581787,
          -0.006432410795241594,
          0.12037275731563568,
          50.430843353271484
        ],
        [
          0.005610685795545578,
          -0.9999585747718811,
          -0.00716417795047164,
          1.6913236379623413
        ],
        [
          0.0,
          0.0,
          0.0,
          1.0
        ]
      ],
      "matrix_ego_from_sensor_carla": [
        [
          -0.5735762715339661,
          -0.8191521167755127,
          7.083272635100002e-08,
          -1.2999992370605469
        ],
        [
          0.8191521763801575,
          -0.5735763311386108,
          3.182831065373648e-08,
          0.5500030517578125
        ],
        [
          1.509127045551395e-08,
          7.571259175165324e-08,
          1.0,
          1.700000286102295
        ],
        [
          0.0,
          0.0,
          0.0,
          1.0
        ]
      ],
      "matrix_ego_from_sensor_bevfusion": [
        [
          -0.8191521167755127,
          -7.083272635100002e-08,
          -0.5735762715339661,
          -1.2999992370605469
        ],
        [
          0.5735763311386108,
          3.182831065373648e-08,
          -0.8191521763801575,
          -0.5500030517578125
        ],
        [
          7.571259175165324e-08,
          -1.0,
          1.509127045551395e-08,
          1.700000286102295
        ],
        [
          0.0,
          0.0,
          0.0,
          1.0
        ]
      ],
      "camera_intrinsics": [
        [
          685.5110473632812,
          0.0,
          480.0
        ],
        [
          0.0,
          685.5110473632812,
          270.0
        ],
        [
          0.0,
          0.0,
          1.0
        ]
      ],
      "data_path": "D:\\Agent-AI\\outputs\\s3a_ml_long_v2\\sample_000044\\images\\CAM_BACK_RIGHT.png",
      "raw_layout": "bgra8"
    },
    "LIDAR_TOP": {
      "type_id": "sensor.lidar.ray_cast",
      "blueprint_attributes": {
        "atmosphere_attenuation_rate": "0.004",
        "role_name": "front",
        "noise_seed": "0",
        "upper_fov": "10.0",
        "ros_name": "sensor.lidar.ray_cast",
        "sensor_tick": "0.100000",
        "channels": "32",
        "range": "120.0",
        "points_per_second": "360000",
        "lower_fov": "-30.0",
        "rotation_frequency": "10.000000",
        "horizontal_fov": "360.0",
        "dropoff_general_rate": "0.0",
        "dropoff_intensity_limit": "1.0",
        "noise_stddev": "0.0",
        "dropoff_zero_intensity": "0.0"
      },
      "transform_carla": {
        "location": {
          "x": 95.35133361816406,
          "y": -51.03403854370117,
          "z": 2.1956677436828613
        },
        "rotation": {
          "roll": 0.5206354260444641,
          "pitch": -0.027887661010026932,
          "yaw": -131.91506958007812
        }
      },
      "matrix_world_from_sensor_carla": [
        [
          -0.6680281758308411,
          0.7441081404685974,
          0.006436586380004883,
          95.35133361816406
        ],
        [
          -0.744135856628418,
          -0.6679973602294922,
          -0.006432336755096912,
          -51.03403854370117
        ],
        [
          -0.00048673147102817893,
          -0.009086676873266697,
          0.9999585747718811,
          2.1956677436828613
        ],
        [
          0.0,
          0.0,
          0.0,
          1.0
        ]
      ],
      "matrix_world_from_sensor_bevfusion": [
        [
          -0.6680281758308411,
          -0.7441081404685974,
          0.006436586380004883,
          95.35133361816406
        ],
        [
          0.744135856628418,
          -0.6679973602294922,
          0.006432336755096912,
          51.03403854370117
        ],
        [
          -0.00048673147102817893,
          0.009086676873266697,
          0.9999585747718811,
          2.1956677436828613
        ],
        [
          0.0,
          0.0,
          0.0,
          1.0
        ]
      ],
      "matrix_ego_from_sensor_carla": [
        [
          1.0,
          1.6778823663798903e-08,
          -9.330498179638269e-11,
          3.814697265625e-06
        ],
        [
          -3.281202154425955e-08,
          1.0,
          1.633421731206397e-10,
          0.0
        ],
        [
          1.1051540932394133e-10,
          -3.7826597409917895e-10,
          1.0,
          2.200000286102295
        ],
        [
          0.0,
          0.0,
          0.0,
          1.0
        ]
      ],
      "matrix_ego_from_sensor_bevfusion": [
        [
          1.0,
          -1.6778823663798903e-08,
          -9.330498179638269e-11,
          3.814697265625e-06
        ],
        [
          3.281202154425955e-08,
          1.0,
          -1.633421731206397e-10,
          0.0
        ],
        [
          1.1051540932394133e-10,
          3.7826597409917895e-10,
          1.0,
          2.200000286102295
        ],
        [
          0.0,
          0.0,
          0.0,
          1.0
        ]
      ],
      "data_path": "D:\\Agent-AI\\outputs\\s3a_ml_long_v2\\sample_000044\\lidar\\LIDAR_TOP.npy",
      "raw_layout": [
        "x",
        "y",
        "z",
        "intensity"
      ]
    },
    "RADAR_FRONT": {
      "type_id": "sensor.other.radar",
      "blueprint_attributes": {
        "sensor_tick": "0.100000",
        "role_name": "default",
        "noise_seed": "0",
        "ros_name": "sensor.other.radar",
        "horizontal_fov": "35.0",
        "points_per_second": "1500",
        "vertical_fov": "20.0",
        "range": "120.0"
      },
      "transform_carla": {
        "location": {
          "x": 94.00691223144531,
          "y": -52.51395034790039,
          "z": 0.8947477340698242
        },
        "rotation": {
          "roll": 0.5206354260444641,
          "pitch": -0.027887661010026932,
          "yaw": -131.91506958007812
        }
      },
      "matrix_world_from_sensor_carla": [
        [
          -0.6680281758308411,
          0.7441081404685974,
          0.006436586380004883,
          94.00691223144531
        ],
        [
          -0.744135856628418,
          -0.6679973602294922,
          -0.006432336755096912,
          -52.51395034790039
        ],
        [
          -0.00048673147102817893,
          -0.009086676873266697,
          0.9999585747718811,
          0.8947477340698242
        ],
        [
          0.0,
          0.0,
          0.0,
          1.0
        ]
      ],
      "matrix_world_from_sensor_bevfusion": [
        [
          -0.6680281758308411,
          -0.7441081404685974,
          0.006436586380004883,
          94.00691223144531
        ],
        [
          0.744135856628418,
          -0.6679973602294922,
          0.006432336755096912,
          52.51395034790039
        ],
        [
          -0.00048673147102817893,
          0.009086676873266697,
          0.9999585747718811,
          0.8947477340698242
        ],
        [
          0.0,
          0.0,
          0.0,
          1.0
        ]
      ],
      "matrix_ego_from_sensor_carla": [
        [
          1.0,
          1.6778823663798903e-08,
          -9.330498179638269e-11,
          2.0000057220458984
        ],
        [
          -3.281202154425955e-08,
          1.0,
          1.633421731206397e-10,
          0.0
        ],
        [
          1.1051540932394133e-10,
          -3.7826597409917895e-10,
          1.0,
          0.8999997973442078
        ],
        [
          0.0,
          0.0,
          0.0,
          1.0
        ]
      ],
      "matrix_ego_from_sensor_bevfusion": [
        [
          1.0,
          -1.6778823663798903e-08,
          -9.330498179638269e-11,
          2.0000057220458984
        ],
        [
          3.281202154425955e-08,
          1.0,
          -1.633421731206397e-10,
          0.0
        ],
        [
          1.1051540932394133e-10,
          3.7826597409917895e-10,
          1.0,
          0.8999997973442078
        ],
        [
          0.0,
          0.0,
          0.0,
          1.0
        ]
      ],
      "data_path": "D:\\Agent-AI\\outputs\\s3a_ml_long_v2\\sample_000044\\radar\\RADAR_FRONT.npy",
      "raw_layout": [
        "velocity",
        "altitude",
        "azimuth",
        "depth"
      ]
    },
    "RADAR_FRONT_LEFT": {
      "type_id": "sensor.other.radar",
      "blueprint_attributes": {
        "sensor_tick": "0.100000",
        "role_name": "default",
        "noise_seed": "0",
        "ros_name": "sensor.other.radar",
        "horizontal_fov": "35.0",
        "points_per_second": "1500",
        "vertical_fov": "20.0",
        "range": "120.0"
      },
      "transform_carla": {
        "location": {
          "x": 93.68264770507812,
          "y": -51.75250244140625,
          "z": 0.9017332196235657
        },
        "rotation": {
          "roll": 0.38787320256233215,
          "pitch": 0.34841474890708923,
          "yaw": -176.9137420654297
        }
      },
      "matrix_world_from_sensor_carla": [
        [
          -0.9985311627388,
          0.05379696190357208,
          0.006436460185796022,
          93.68264770507812
        ],
        [
          -0.05383830517530441,
          -0.9985290169715881,
          -0.0064324080012738705,
          -51.75250244140625
        ],
        [
          0.00608094735071063,
          -0.006769487634301186,
          0.9999586343765259,
          0.9017332196235657
        ],
        [
          0.0,
          0.0,
          0.0,
          1.0
        ]
      ],
      "matrix_world_from_sensor_bevfusion": [
        [
          -0.9985311627388,
          -0.05379696190357208,
          0.006436460185796022,
          93.68264770507812
        ],
        [
          0.05383830517530441,
          -0.9985290169715881,
          0.0064324080012738705,
          51.75250244140625
        ],
        [
          0.00608094735071063,
          0.006769487634301186,
          0.9999586343765259,
          0.9017332196235657
        ],
        [
          0.0,
          0.0,
          0.0,
          1.0
        ]
      ],
      "matrix_ego_from_sensor_carla": [
        [
          0.7071069478988647,
          0.7071065902709961,
          1.3716045543787914e-07,
          1.6499977111816406
        ],
        [
          -0.7071066498756409,
          0.7071070075035095,
          -4.694439326158317e-08,
          -0.7499923706054688
        ],
        [
          -1.304702408333469e-07,
          -6.363395499420221e-08,
          1.0000001192092896,
          0.8999999165534973
        ],
        [
          0.0,
          0.0,
          0.0,
          1.0
        ]
      ],
      "matrix_ego_from_sensor_bevfusion": [
        [
          0.7071069478988647,
          -0.7071065902709961,
          1.3716045543787914e-07,
          1.6499977111816406
        ],
        [
          0.7071066498756409,
          0.7071070075035095,
          4.694439326158317e-08,
          0.7499923706054688
        ],
        [
          -1.304702408333469e-07,
          6.363395499420221e-08,
          1.0000001192092896,
          0.8999999165534973
        ],
        [
          0.0,
          0.0,
          0.0,
          1.0
        ]
      ],
      "data_path": "D:\\Agent-AI\\outputs\\s3a_ml_long_v2\\sample_000044\\radar\\RADAR_FRONT_LEFT.npy",
      "raw_layout": [
        "velocity",
        "altitude",
        "azimuth",
        "depth"
      ]
    },
    "RADAR_FRONT_RIGHT": {
      "type_id": "sensor.other.radar",
      "blueprint_attributes": {
        "sensor_tick": "0.100000",
        "role_name": "default",
        "noise_seed": "0",
        "ros_name": "sensor.other.radar",
        "horizontal_fov": "35.0",
