{
  "schema_version": "stage1.v1",
  "sample_name": "sample_000002",
  "sequence_index": 2,
  "previous_sample_name": "sample_000001",
  "frame_id": 60003,
  "timestamp": 435.2197007536888,
  "platform_timestamp": 16814561.5931221,
  "delta_seconds": 0.10000000149011612,
  "town": "Carla/Maps/Town10HD_Opt",
  "weather": {
    "cloudiness": 20.0,
    "dust_storm": 0.0,
    "fog_density": 2.0,
    "fog_distance": 0.75,
    "fog_falloff": 0.10000000149011612,
    "mie_scattering_scale": 0.029999999329447746,
    "precipitation": 0.0,
    "precipitation_deposits": 0.0,
    "rayleigh_scattering_scale": 0.03310000151395798,
    "scattering_intensity": 1.0,
    "sun_altitude_angle": 45.0,
    "sun_azimuth_angle": 300.0,
    "wetness": 0.0,
    "wind_intensity": 10.0
  },
  "sensor_names": [
    "CAM_FRONT",
    "CAM_FRONT_RIGHT",
    "CAM_FRONT_LEFT",
    "CAM_BACK",
    "CAM_BACK_LEFT",
    "CAM_BACK_RIGHT",
    "LIDAR_TOP",
    "RADAR_FRONT",
    "RADAR_FRONT_LEFT",
    "RADAR_FRONT_RIGHT",
    "RADAR_BACK_LEFT",
    "RADAR_BACK_RIGHT"
  ],
  "camera_order_for_model": [
    "CAM_FRONT",
    "CAM_FRONT_RIGHT",
    "CAM_FRONT_LEFT",
    "CAM_BACK",
    "CAM_BACK_LEFT",
    "CAM_BACK_RIGHT"
  ],
  "radar_order_for_model": [
    "RADAR_FRONT",
    "RADAR_FRONT_LEFT",
    "RADAR_FRONT_RIGHT",
    "RADAR_BACK_LEFT",
    "RADAR_BACK_RIGHT"
  ],
  "coordinate_notes": {
    "carla_world": "left-handed x-forward y-right z-up",
    "bevfusion_lidar": "x-forward y-left z-up",
    "camera_frame_for_model": "OpenCV style x-right y-down z-forward"
  },
  "ego": {
    "actor_id": 28,
    "transform_carla": {
      "location": {
        "x": 106.39852142333984,
        "y": -21.59351348876953,
        "z": -0.006652297917753458
      },
      "rotation": {
        "roll": 0.0338030569255352,
        "pitch": 0.5800469517707825,
        "yaw": -90.95672607421875
      }
    },
    "velocity_carla": [
      -0.11859264969825745,
      -4.656916618347168,
      -2.517700158932712e-05
    ],
    "angular_velocity_carla": [
      -0.1334850937128067,
      0.03418414667248726,
      -1.6346909999847412
    ],
    "matrix_world_from_ego_carla": [
      [
        -0.016696413978934288,
        0.9998602867126465,
        0.0007589280139654875,
        106.39852142333984
      ],
      [
        -0.9998093247413635,
        -0.01670323871076107,
        0.010112292133271694,
        -21.59351348876953
      ],
      [
        0.010123555548489094,
        -0.0005899443058297038,
        0.9999485611915588,
        -0.006652297917753458
      ],
      [
        0.0,
        0.0,
        0.0,
        1.0
      ]
    ],
    "matrix_world_from_ego_bevfusion": [
      [
        -0.016696413978934288,
        -0.9998602867126465,
        0.0007589280139654875,
        106.39852142333984
      ],
      [
        0.9998093247413635,
        -0.01670323871076107,
        -0.010112292133271694,
        21.59351348876953
      ],
      [
        0.010123555548489094,
        0.0005899443058297038,
        0.9999485611915588,
        -0.006652297917753458
      ],
      [
        0.0,
        0.0,
        0.0,
        1.0
      ]
    ]
  },
  "sensors": {
    "CAM_FRONT": {
      "type_id": "sensor.camera.rgb",
      "blueprint_attributes": {
        "role_name": "front",
        "ros_name": "sensor.camera.rgb",
        "chromatic_aberration_offset": "0.0",
        "sensor_tick": "0.100000",
        "fstop": "1.4",
        "image_size_x": "960",
        "image_size_y": "540",
        "fov": "70.00",
        "lens_circle_falloff": "5.0",
        "lens_circle_multiplier": "0.0",
        "exposure_compensation": "0.0",
        "lens_y_size": "0.08",
        "lens_k": "-1.0",
        "exposure_mode": "histogram",
        "lens_kcube": "0.0",
        "lens_x_size": "0.08",
        "exposure_max_bright": "12.0",
        "shutter_speed": "200.0",
        "bloom_intensity": "0.675",
        "iso": "100.0",
        "enable_postprocess_effects": "false",
        "gamma": "2.2",
        "motion_blur_intensity": "0.0",
        "motion_blur_max_distortion": "0.35",
        "lens_flare_intensity": "0.1",
        "motion_blur_min_object_screen_size": "0.1",
        "exposure_min_bright": "10.0",
        "exposure_speed_up": "3.0",
        "exposure_speed_down": "1.0",
        "tint": "0.0",
        "calibration_constant": "16.0",
        "focal_distance": "1000.0",
        "min_fstop": "1.2",
        "blade_count": "5",
        "blur_amount": "0.0",
        "blur_radius": "0.0",
        "slope": "0.88",
        "toe": "0.55",
        "white_clip": "0.04",
        "shoulder": "0.26",
        "black_clip": "0.0",
        "temp": "6500.0",
        "chromatic_aberration_intensity": "0.0"
      },
      "transform_carla": {
        "location": {
          "x": 106.37393188476562,
          "y": -23.12602424621582,
          "z": 1.708951711654663
        },
        "rotation": {
          "roll": 0.0338030569255352,
          "pitch": 0.5800469517707825,
          "yaw": -90.95672607421875
        }
      },
      "matrix_world_from_sensor_carla": [
        [
          -0.016696413978934288,
          0.9998602867126465,
          0.0007589280139654875,
          106.37393188476562
        ],
        [
          -0.9998093247413635,
          -0.01670323871076107,
          0.010112292133271694,
          -23.12602424621582
        ],
        [
          0.010123555548489094,
          -0.0005899443058297038,
          0.9999485611915588,
          1.708951711654663
        ],
        [
          0.0,
          0.0,
          0.0,
          1.0
        ]
      ],
      "matrix_world_from_sensor_bevfusion": [
        [
          0.9998602867126465,
          -0.0007589280139654875,
          -0.016696413978934288,
          106.37393188476562
        ],
        [
          0.01670323871076107,
          0.010112292133271694,
          0.9998093247413635,
          23.12602424621582
        ],
        [
          -0.0005899443058297038,
          -0.9999485611915588,
          0.010123555548489094,
          1.708951711654663
        ],
        [
          0.0,
          0.0,
          0.0,
          1.0
        ]
      ],
      "matrix_ego_from_sensor_carla": [
        [
          1.0,
          -1.3321621583628485e-09,
          -1.3436329826532756e-10,
          1.549997329711914
        ],
        [
          -4.6545350906868066e-10,
          1.0,
          -3.8363864168777795e-11,
          0.0
        ],
        [
          4.690955401898123e-10,
          -1.5322618174273828e-11,
          1.0,
          1.6999999284744263
        ],
        [
          0.0,
          0.0,
          0.0,
          1.0
        ]
      ],
      "matrix_ego_from_sensor_bevfusion": [
        [
          -1.3321621583628485e-09,
          1.3436329826532756e-10,
          1.0,
          1.549997329711914
        ],
        [
          -1.0,
          -3.8363864168777795e-11,
          4.6545350906868066e-10,
          0.0
        ],
        [
          -1.5322618174273828e-11,
          -1.0,
          4.690955401898123e-10,
          1.6999999284744263
        ],
        [
          0.0,
          0.0,
          0.0,
          1.0
        ]
      ],
      "camera_intrinsics": [
        [
          685.5110473632812,
          0.0,
          480.0
        ],
        [
          0.0,
          685.5110473632812,
          270.0
        ],
        [
          0.0,
          0.0,
          1.0
        ]
      ],
      "data_path": "D:\\Agent-AI\\outputs\\s3a_ml_long_v2\\sample_000002\\images\\CAM_FRONT.png",
      "raw_layout": "bgra8"
    },
    "CAM_FRONT_RIGHT": {
      "type_id": "sensor.camera.rgb",
      "blueprint_attributes": {
        "role_name": "front",
        "ros_name": "sensor.camera.rgb",
        "chromatic_aberration_offset": "0.0",
        "sensor_tick": "0.100000",
        "fstop": "1.4",
        "image_size_x": "960",
        "image_size_y": "540",
        "fov": "70.00",
        "lens_circle_falloff": "5.0",
        "lens_circle_multiplier": "0.0",
        "exposure_compensation": "0.0",
        "lens_y_size": "0.08",
        "lens_k": "-1.0",
        "exposure_mode": "histogram",
        "lens_kcube": "0.0",
        "lens_x_size": "0.08",
        "exposure_max_bright": "12.0",
        "shutter_speed": "200.0",
        "bloom_intensity": "0.675",
        "iso": "100.0",
        "enable_postprocess_effects": "false",
        "gamma": "2.2",
        "motion_blur_intensity": "0.0",
        "motion_blur_max_distortion": "0.35",
        "lens_flare_intensity": "0.1",
        "motion_blur_min_object_screen_size": "0.1",
        "exposure_min_bright": "10.0",
        "exposure_speed_up": "3.0",
        "exposure_speed_down": "1.0",
        "tint": "0.0",
        "calibration_constant": "16.0",
        "focal_distance": "1000.0",
        "min_fstop": "1.2",
        "blade_count": "5",
        "blur_amount": "0.0",
        "blur_radius": "0.0",
        "slope": "0.88",
        "toe": "0.55",
        "white_clip": "0.04",
        "shoulder": "0.26",
        "black_clip": "0.0",
        "temp": "6500.0",
        "chromatic_aberration_intensity": "0.0"
      },
      "transform_carla": {
        "location": {
          "x": 106.92803192138672,
          "y": -22.88526153564453,
          "z": 1.7060964107513428
        },
        "rotation": {
          "roll": 0.49453917145729065,
          "pitch": 0.3050089180469513,
          "yaw": -35.95559310913086
        }
      },
      "matrix_world_from_sensor_carla": [
        [
          0.8094608187675476,
          0.5871734023094177,
          0.0007589240558445454,
          106.92803192138672
        ],
        [
          -0.5871497392654419,
          0.8094151616096497,
          0.010112293064594269,
          -22.88526153564453
        ],
        [
          0.005323384888470173,
          -0.008631107397377491,
          0.9999485611915588,
          1.7060964107513428
        ],
        [
          0.0,
          0.0,
          0.0,
          1.0
        ]
      ],
      "matrix_world_from_sensor_bevfusion": [
        [
          0.5871734023094177,
          -0.0007589240558445454,
          0.8094608187675476,
          106.92803192138672
        ],
        [
          -0.8094151616096497,
          0.010112293064594269,
          0.5871497392654419,
          22.88526153564453
        ],
        [
          -0.008631107397377491,
          -0.9999485611915588,
          0.005323384888470173,
          1.7060964107513428
        ],
        [
          0.0,
          0.0,
          0.0,
          1.0
        ]
      ],
      "matrix_ego_from_sensor_carla": [
        [
          0.5735766291618347,
          -0.8191519379615784,
          -1.065685872880806e-09,
          1.2999992370605469
        ],
        [
          0.8191518783569336,
          0.5735765695571899,
          -3.996484920776311e-09,
          0.5500030517578125
        ],
        [
          4.022850053075899e-09,
          1.081203016006782e-09,
          1.0,
          1.7000000476837158
        ],
        [
          0.0,
          0.0,
          0.0,
          1.0
        ]
      ],
      "matrix_ego_from_sensor_bevfusion": [
        [
          -0.8191519379615784,
          1.065685872880806e-09,
          0.5735766291618347,
          1.2999992370605469
        ],
        [
          -0.5735765695571899,
          -3.996484920776311e-09,
          -0.8191518783569336,
          -0.5500030517578125
        ],
        [
          1.081203016006782e-09,
          -1.0,
          4.022850053075899e-09,
          1.7000000476837158
        ],
        [
          0.0,
          0.0,
          0.0,
          1.0
        ]
      ],
      "camera_intrinsics": [
        [
          685.5110473632812,
          0.0,
          480.0
        ],
        [
          0.0,
          685.5110473632812,
          270.0
        ],
        [
          0.0,
          0.0,
          1.0
        ]
      ],
      "data_path": "D:\\Agent-AI\\outputs\\s3a_ml_long_v2\\sample_000002\\images\\CAM_FRONT_RIGHT.png",
      "raw_layout": "bgra8"
    },
    "CAM_FRONT_LEFT": {
      "type_id": "sensor.camera.rgb",
      "blueprint_attributes": {
        "role_name": "front",
        "ros_name": "sensor.camera.rgb",
        "chromatic_aberration_offset": "0.0",
        "sensor_tick": "0.100000",
        "fstop": "1.4",
        "image_size_x": "960",
        "image_size_y": "540",
        "fov": "70.00",
        "lens_circle_falloff": "5.0",
        "lens_circle_multiplier": "0.0",
        "exposure_compensation": "0.0",
        "lens_y_size": "0.08",
        "lens_k": "-1.0",
        "exposure_mode": "histogram",
        "lens_kcube": "0.0",
        "lens_x_size": "0.08",
        "exposure_max_bright": "12.0",
        "shutter_speed": "200.0",
        "bloom_intensity": "0.675",
        "iso": "100.0",
        "enable_postprocess_effects": "false",
        "gamma": "2.2",
        "motion_blur_intensity": "0.0",
        "motion_blur_max_distortion": "0.35",
        "lens_flare_intensity": "0.1",
        "motion_blur_min_object_screen_size": "0.1",
        "exposure_min_bright": "10.0",
        "exposure_speed_up": "3.0",
        "exposure_speed_down": "1.0",
        "tint": "0.0",
        "calibration_constant": "16.0",
        "focal_distance": "1000.0",
        "min_fstop": "1.2",
        "blade_count": "5",
        "blur_amount": "0.0",
        "blur_radius": "0.0",
        "slope": "0.88",
        "toe": "0.55",
        "white_clip": "0.04",
        "shoulder": "0.26",
        "black_clip": "0.0",
        "temp": "6500.0",
        "chromatic_aberration_intensity": "0.0"
      },
      "transform_carla": {
        "location": {
          "x": 105.82817840576172,
          "y": -22.866886138916016,
          "z": 1.7067452669143677
        },
        "rotation": {
          "roll": -0.45576462149620056,
          "pitch": 0.3603880703449249,
          "yaw": -145.95831298828125
        }
      },
      "matrix_world_from_sensor_carla": [
        [
          -0.8286141157150269,
          0.5598196983337402,
          0.0007589510641992092,
          105.82817840576172
        ],
        [
          -0.5597848296165466,
          -0.8285762667655945,
          0.010112307034432888,
          -22.866886138916016
        ],
        [
          0.006289917044341564,
          0.007954351603984833,
          0.9999485611915588,
          1.7067452669143677
        ],
        [
          0.0,
          0.0,
          0.0,
          1.0
        ]
      ],
      "matrix_world_from_sensor_bevfusion": [
        [
          0.5598196983337402,
          -0.0007589510641992092,
          -0.8286141157150269,
          105.82817840576172
        ],
        [
          0.8285762667655945,
          0.010112307034432888,
          0.5597848296165466,
          22.866886138916016
        ],
        [
          0.007954351603984833,
          -0.9999485611915588,
          0.006289917044341564,
          1.7067452669143677
        ],
        [
          0.0,
          0.0,
          0.0,
          1.0
        ]
      ],
      "matrix_ego_from_sensor_carla": [
        [
          0.5735766887664795,
          0.8191518783569336,
          -1.503552482517989e-08,
          1.299997329711914
        ],
        [
          -0.8191518783569336,
          0.5735766887664795,
          2.2779039099418696e-08,
          -0.5500030517578125
        ],
        [
          2.747201932606913e-08,
          1.623581269427632e-10,
          1.0,
          1.6999999284744263
        ],
        [
          0.0,
          0.0,
          0.0,
          1.0
        ]
      ],
      "matrix_ego_from_sensor_bevfusion": [
        [
          0.8191518783569336,
          1.503552482517989e-08,
          0.5735766887664795,
          1.299997329711914
        ],
        [
          -0.5735766887664795,
          2.2779039099418696e-08,
          0.8191518783569336,
          0.5500030517578125
        ],
        [
          1.623581269427632e-10,
          -1.0,
          2.747201932606913e-08,
          1.6999999284744263
        ],
        [
          0.0,
          0.0,
          0.0,
          1.0
        ]
      ],
      "camera_intrinsics": [
        [
          685.5110473632812,
          0.0,
          480.0
        ],
        [
          0.0,
          685.5110473632812,
          270.0
        ],
        [
          0.0,
          0.0,
          1.0
        ]
      ],
      "data_path": "D:\\Agent-AI\\outputs\\s3a_ml_long_v2\\sample_000002\\images\\CAM_FRONT_LEFT.png",
      "raw_layout": "bgra8"
    },
    "CAM_BACK": {
      "type_id": "sensor.camera.rgb",
      "blueprint_attributes": {
        "role_name": "front",
        "ros_name": "sensor.camera.rgb",
        "chromatic_aberration_offset": "0.0",
        "sensor_tick": "0.100000",
        "fstop": "1.4",
        "image_size_x": "960",
        "image_size_y": "540",
        "fov": "70.00",
        "lens_circle_falloff": "5.0",
        "lens_circle_multiplier": "0.0",
        "exposure_compensation": "0.0",
        "lens_y_size": "0.08",
        "lens_k": "-1.0",
        "exposure_mode": "histogram",
        "lens_kcube": "0.0",
        "lens_x_size": "0.08",
        "exposure_max_bright": "12.0",
        "shutter_speed": "200.0",
        "bloom_intensity": "0.675",
        "iso": "100.0",
        "enable_postprocess_effects": "false",
        "gamma": "2.2",
        "motion_blur_intensity": "0.0",
        "motion_blur_max_distortion": "0.35",
        "lens_flare_intensity": "0.1",
        "motion_blur_min_object_screen_size": "0.1",
        "exposure_min_bright": "10.0",
        "exposure_speed_up": "3.0",
        "exposure_speed_down": "1.0",
        "tint": "0.0",
        "calibration_constant": "16.0",
        "focal_distance": "1000.0",
        "min_fstop": "1.2",
        "blade_count": "5",
        "blur_amount": "0.0",
        "blur_radius": "0.0",
        "slope": "0.88",
        "toe": "0.55",
        "white_clip": "0.04",
        "shoulder": "0.26",
        "black_clip": "0.0",
        "temp": "6500.0",
        "chromatic_aberration_intensity": "0.0"
      },
      "transform_carla": {
        "location": {
          "x": 106.42568969726562,
          "y": -20.0266170501709,
          "z": 1.6775689125061035
        },
        "rotation": {
          "roll": -0.033803243190050125,
          "pitch": -0.5800469517707825,
          "yaw": 89.04327392578125
        }
      },
      "matrix_world_from_sensor_carla": [
        [
          0.016696445643901825,
          -0.9998602867126465,
          0.0007589316228404641,
          106.42568969726562
        ],
        [
          0.9998093247413635,
          0.016703270375728607,
          0.010112292133271694,
          -20.0266170501709
        ],
        [
          -0.010123555548489094,
          0.000589947565458715,
          0.9999485611915588,
          1.6775689125061035
        ],
        [
          0.0,
          0.0,
          0.0,
          1.0
        ]
      ],
      "matrix_world_from_sensor_bevfusion": [
        [
          -0.9998602867126465,
          -0.0007589316228404641,
          0.016696445643901825,
          106.42568969726562
        ],
        [
          -0.016703270375728607,
          0.010112292133271694,
          -0.9998093247413635,
          20.0266170501709
        ],
        [
          0.000589947565458715,
          -0.9999485611915588,
          -0.010123555548489094,
          1.6775689125061035
        ],
        [
          0.0,
          0.0,
          0.0,
          1.0
        ]
      ],
      "matrix_ego_from_sensor_carla": [
        [
          -1.0,
          -3.029343886851166e-08,
          -1.3436329826532756e-10,
          -1.5500011444091797
        ],
        [
          3.213042276684064e-08,
          -1.0,
          3.570511220019057e-09,
          0.0
        ],
        [
          -4.690955401898123e-10,
          3.56582252614146e-09,
          1.0,
          1.7000001668930054
        ],
        [
          0.0,
          0.0,
          0.0,
          1.0
        ]
      ],
      "matrix_ego_from_sensor_bevfusion": [
        [
          -3.029343886851166e-08,
          1.3436329826532756e-10,
          -1.0,
          -1.5500011444091797
        ],
        [
          1.0,
          3.570511220019057e-09,
          -3.213042276684064e-08,
          0.0
        ],
        [
          3.56582252614146e-09,
          -1.0,
          -4.690955401898123e-10,
          1.7000001668930054
        ],
        [
          0.0,
          0.0,
          0.0,
          1.0
        ]
      ],
      "camera_intrinsics": [
        [
          685.5110473632812,
          0.0,
          480.0
        ],
        [
          0.0,
          685.5110473632812,
          270.0
        ],
        [
          0.0,
          0.0,
          1.0
        ]
      ],
      "data_path": "D:\\Agent-AI\\outputs\\s3a_ml_long_v2\\sample_000002\\images\\CAM_BACK.png",
      "raw_layout": "bgra8"
    },
    "CAM_BACK_LEFT": {
      "type_id": "sensor.camera.rgb",
      "blueprint_attributes": {
        "role_name": "front",
        "ros_name": "sensor.camera.rgb",
        "chromatic_aberration_offset": "0.0",
        "sensor_tick": "0.100000",
        "fstop": "1.4",
        "image_size_x": "960",
        "image_size_y": "540",
        "fov": "70.00",
        "lens_circle_falloff": "5.0",
        "lens_circle_multiplier": "0.0",
        "exposure_compensation": "0.0",
        "lens_y_size": "0.08",
        "lens_k": "-1.0",
        "exposure_mode": "histogram",
        "lens_kcube": "0.0",
        "lens_x_size": "0.08",
        "exposure_max_bright": "12.0",
        "shutter_speed": "200.0",
        "bloom_intensity": "0.675",
        "iso": "100.0",
        "enable_postprocess_effects": "false",
        "gamma": "2.2",
        "motion_blur_intensity": "0.0",
        "motion_blur_max_distortion": "0.35",
        "lens_flare_intensity": "0.1",
        "motion_blur_min_object_screen_size": "0.1",
        "exposure_min_bright": "10.0",
        "exposure_speed_up": "3.0",
        "exposure_speed_down": "1.0",
        "tint": "0.0",
        "calibration_constant": "16.0",
        "focal_distance": "1000.0",
        "min_fstop": "1.2",
        "blade_count": "5",
        "blur_amount": "0.0",
        "blur_radius": "0.0",
        "slope": "0.88",
        "toe": "0.55",
        "white_clip": "0.04",
        "shoulder": "0.26",
        "black_clip": "0.0",
        "temp": "6500.0",
        "chromatic_aberration_intensity": "0.0"
      },
      "transform_carla": {
        "location": {
          "x": 105.87159729003906,
          "y": -20.26738166809082,
          "z": 1.6804242134094238
        },
        "rotation": {
          "roll": -0.49453917145729065,
          "pitch": -0.3050089180469513,
          "yaw": 144.04440307617188
        }
      },
      "matrix_world_from_sensor_carla": [
        [
          -0.8094607591629028,
          -0.5871734619140625,
          0.00075892498716712,
          105.87159729003906
        ],
        [
          0.5871497988700867,
          -0.8094151020050049,
          0.010112293064594269,
          -20.26738166809082
        ],
        [
          -0.005323384888470173,
          0.008631107397377491,
          0.9999485611915588,
          1.6804242134094238
        ],
        [
          0.0,
          0.0,
          0.0,
          1.0
        ]
      ],
      "matrix_world_from_sensor_bevfusion": [
        [
          -0.5871734619140625,
          -0.00075892498716712,
          -0.8094607591629028,
          105.87159729003906
        ],
        [
          0.8094151020050049,
          0.010112293064594269,
          -0.5871497988700867,
          20.26738166809082
        ],
        [
          0.008631107397377491,
          -0.9999485611915588,
          -0.005323384888470173,
          1.6804242134094238
        ],
        [
          0.0,
          0.0,
          0.0,
          1.0
        ]
      ],
      "matrix_ego_from_sensor_carla": [
        [
          -0.5735766887664795,
          0.8191518783569336,
          -1.065685872880806e-09,
          -1.3000030517578125
        ],
        [
          -0.8191518187522888,
          -0.5735766291618347,
          -3.0651621241162275e-09,
          -0.5499954223632812
        ],
        [
          -3.55718876576816e-09,
          -1.4988044139130352e-10,
          1.0,
          1.7000001668930054
        ],
        [
          0.0,
          0.0,
          0.0,
          1.0
        ]
      ],
      "matrix_ego_from_sensor_bevfusion": [
        [
          0.8191518783569336,
          1.065685872880806e-09,
          -0.5735766887664795,
          -1.3000030517578125
        ],
        [
          0.5735766291618347,
          -3.0651621241162275e-09,
          0.8191518187522888,
          0.5499954223632812
        ],
        [
          -1.4988044139130352e-10,
          -1.0,
          -3.55718876576816e-09,
          1.7000001668930054
        ],
        [
          0.0,
          0.0,
          0.0,
          1.0
        ]
      ],
      "camera_intrinsics": [
        [
          685.5110473632812,
          0.0,
          480.0
        ],
        [
          0.0,
          685.5110473632812,
          270.0
        ],
        [
          0.0,
          0.0,
          1.0
        ]
      ],
      "data_path": "D:\\Agent-AI\\outputs\\s3a_ml_long_v2\\sample_000002\\images\\CAM_BACK_LEFT.png",
      "raw_layout": "bgra8"
    },
    "CAM_BACK_RIGHT": {
      "type_id": "sensor.camera.rgb",
      "blueprint_attributes": {
        "role_name": "front",
        "ros_name": "sensor.camera.rgb",
        "chromatic_aberration_offset": "0.0",
        "sensor_tick": "0.100000",
        "fstop": "1.4",
        "image_size_x": "960",
        "image_size_y": "540",
        "fov": "70.00",
        "lens_circle_falloff": "5.0",
        "lens_circle_multiplier": "0.0",
        "exposure_compensation": "0.0",
        "lens_y_size": "0.08",
        "lens_k": "-1.0",
        "exposure_mode": "histogram",
        "lens_kcube": "0.0",
        "lens_x_size": "0.08",
        "exposure_max_bright": "12.0",
        "shutter_speed": "200.0",
        "bloom_intensity": "0.675",
        "iso": "100.0",
        "enable_postprocess_effects": "false",
        "gamma": "2.2",
        "motion_blur_intensity": "0.0",
        "motion_blur_max_distortion": "0.35",
        "lens_flare_intensity": "0.1",
        "motion_blur_min_object_screen_size": "0.1",
        "exposure_min_bright": "10.0",
        "exposure_speed_up": "3.0",
        "exposure_speed_down": "1.0",
        "tint": "0.0",
        "calibration_constant": "16.0",
        "focal_distance": "1000.0",
        "min_fstop": "1.2",
        "blade_count": "5",
        "blur_amount": "0.0",
        "blur_radius": "0.0",
        "slope": "0.88",
        "toe": "0.55",
        "white_clip": "0.04",
        "shoulder": "0.26",
        "black_clip": "0.0",
        "temp": "6500.0",
        "chromatic_aberration_intensity": "0.0"
      },
      "transform_carla": {
        "location": {
          "x": 106.97144317626953,
          "y": -20.285757064819336,
          "z": 1.6797749996185303
        },
        "rotation": {
          "roll": 0.45576468110084534,
          "pitch": -0.3603880703449249,
          "yaw": 34.04166793823242
        }
      },
      "matrix_world_from_sensor_carla": [
        [
          0.8286142945289612,
          -0.5598194003105164,
          0.0007589529268443584,
          106.97144317626953
        ],
        [
          0.5597845315933228,
          0.8285764455795288,
          0.010112307965755463,
          -20.285757064819336
        ],
        [
          -0.006289917044341564,
          -0.007954353466629982,
          0.9999485611915588,
          1.6797749996185303
        ],
        [
          0.0,
          0.0,
          0.0,
          1.0
        ]
      ],
      "matrix_world_from_sensor_bevfusion": [
        [
          -0.5598194003105164,
          -0.0007589529268443584,
          0.8286142945289612,
          106.97144317626953
        ],
        [
          -0.8285764455795288,
          0.010112307965755463,
          -0.5597845315933228,
          20.285757064819336
        ],
        [
          -0.007954353466629982,
          -0.9999485611915588,
          -0.006289917044341564,
          1.6797749996185303
        ],
        [
          0.0,
          0.0,
          0.0,
          1.0
        ]
      ],
      "matrix_ego_from_sensor_carla": [
        [
          -0.5735763907432556,
          -0.8191520571708679,
          -1.6898169974410848e-08,
          -1.2999992370605469
        ],
        [
          0.8191520571708679,
          -0.5735763907432556,
          2.4641684248649653e-08,
          0.5500030517578125
        ],
        [
          -3.0731648337223305e-08,
          -1.622624257180405e-10,
          1.0,
          1.6999998092651367
        ],
        [
          0.0,
          0.0,
          0.0,
          1.0
        ]
      ],
      "matrix_ego_from_sensor_bevfusion": [
        [
          -0.8191520571708679,
          1.6898169974410848e-08,
          -0.5735763907432556,
          -1.2999992370605469
        ],
        [
          0.5735763907432556,
          2.4641684248649653e-08,
          -0.8191520571708679,
          -0.5500030517578125
        ],
        [
          -1.622624257180405e-10,
          -1.0,
          -3.0731648337223305e-08,
          1.6999998092651367
        ],
        [
          0.0,
          0.0,
          0.0,
          1.0
        ]
      ],
      "camera_intrinsics": [
        [
          685.5110473632812,
          0.0,
          480.0
        ],
        [
          0.0,
          685.5110473632812,
          270.0
        ],
        [
          0.0,
          0.0,
          1.0
        ]
      ],
      "data_path": "D:\\Agent-AI\\outputs\\s3a_ml_long_v2\\sample_000002\\images\\CAM_BACK_RIGHT.png",
      "raw_layout": "bgra8"
    },
    "LIDAR_TOP": {
      "type_id": "sensor.lidar.ray_cast",
      "blueprint_attributes": {
        "atmosphere_attenuation_rate": "0.004",
        "role_name": "front",
        "noise_seed": "0",
        "upper_fov": "10.0",
        "ros_name": "sensor.lidar.ray_cast",
        "sensor_tick": "0.100000",
        "channels": "32",
        "range": "120.0",
        "points_per_second": "360000",
        "lower_fov": "-30.0",
        "rotation_frequency": "10.000000",
        "horizontal_fov": "360.0",
        "dropoff_general_rate": "0.0",
        "dropoff_intensity_limit": "1.0",
        "noise_stddev": "0.0",
        "dropoff_zero_intensity": "0.0"
      },
      "transform_carla": {
        "location": {
          "x": 106.40019226074219,
          "y": -21.571266174316406,
          "z": 2.193234443664551
        },
        "rotation": {
          "roll": 0.0338030569255352,
          "pitch": 0.5800469517707825,
          "yaw": -90.95672607421875
        }
      },
      "matrix_world_from_sensor_carla": [
        [
          -0.016696413978934288,
          0.9998602867126465,
          0.0007589280139654875,
          106.40019226074219
        ],
        [
          -0.9998093247413635,
          -0.01670323871076107,
          0.010112292133271694,
          -21.571266174316406
        ],
        [
          0.010123555548489094,
          -0.0005899443058297038,
          0.9999485611915588,
          2.193234443664551
        ],
        [
          0.0,
          0.0,
          0.0,
          1.0
        ]
      ],
      "matrix_world_from_sensor_bevfusion": [
        [
          -0.016696413978934288,
          -0.9998602867126465,
          0.0007589280139654875,
          106.40019226074219
        ],
        [
          0.9998093247413635,
          -0.01670323871076107,
          -0.010112292133271694,
          21.571266174316406
        ],
        [
          0.010123555548489094,
          0.0005899443058297038,
          0.9999485611915588,
          2.193234443664551
        ],
        [
          0.0,
          0.0,
          0.0,
          1.0
        ]
      ],
      "matrix_ego_from_sensor_carla": [
        [
          1.0,
          -1.3321621583628485e-09,
          -1.3436329826532756e-10,
          0.0
        ],
        [
          -4.6545350906868066e-10,
          1.0,
          -3.8363864168777795e-11,
          0.0
        ],
        [
          4.690955401898123e-10,
          -1.5322618174273828e-11,
          1.0,
          2.200000047683716
        ],
        [
          0.0,
          0.0,
          0.0,
          1.0
        ]
      ],
      "matrix_ego_from_sensor_bevfusion": [
        [
          1.0,
          1.3321621583628485e-09,
          -1.3436329826532756e-10,
          0.0
        ],
        [
          4.6545350906868066e-10,
          1.0,
          3.8363864168777795e-11,
          0.0
        ],
        [
          4.690955401898123e-10,
          1.5322618174273828e-11,
          1.0,
          2.200000047683716
        ],
        [
          0.0,
          0.0,
          0.0,
          1.0
        ]
      ],
      "data_path": "D:\\Agent-AI\\outputs\\s3a_ml_long_v2\\sample_000002\\lidar\\LIDAR_TOP.npy",
      "raw_layout": [
        "x",
        "y",
        "z",
        "intensity"
      ]
    },
    "RADAR_FRONT": {
      "type_id": "sensor.other.radar",
      "blueprint_attributes": {
        "sensor_tick": "0.100000",
        "role_name": "default",
        "noise_seed": "0",
        "ros_name": "sensor.other.radar",
        "horizontal_fov": "35.0",
        "points_per_second": "1500",
        "vertical_fov": "20.0",
        "range": "120.0"
      },
      "transform_carla": {
        "location": {
          "x": 106.36581420898438,
          "y": -23.584030151367188,
          "z": 0.913548469543457
        },
        "rotation": {
          "roll": 0.0338030569255352,
          "pitch": 0.5800469517707825,
          "yaw": -90.95672607421875
        }
      },
      "matrix_world_from_sensor_carla": [
        [
          -0.016696413978934288,
          0.9998602867126465,
          0.0007589280139654875,
          106.36581420898438
        ],
        [
          -0.9998093247413635,
          -0.01670323871076107,
          0.010112292133271694,
          -23.584030151367188
        ],
        [
          0.010123555548489094,
          -0.0005899443058297038,
          0.9999485611915588,
          0.913548469543457
        ],
        [
          0.0,
          0.0,
          0.0,
          1.0
        ]
      ],
      "matrix_world_from_sensor_bevfusion": [
        [
          -0.016696413978934288,
          -0.9998602867126465,
          0.0007589280139654875,
          106.36581420898438
        ],
        [
          0.9998093247413635,
          -0.01670323871076107,
          -0.010112292133271694,
          23.584030151367188
        ],
        [
          0.010123555548489094,
          0.0005899443058297038,
          0.9999485611915588,
          0.913548469543457
        ],
        [
          0.0,
          0.0,
          0.0,
          1.0
        ]
      ],
      "matrix_ego_from_sensor_carla": [
        [
          1.0,
          -1.3321621583628485e-09,
          -1.3436329826532756e-10,
          1.9999980926513672
        ],
        [
          -4.6545350906868066e-10,
          1.0,
          -3.8363864168777795e-11,
          0.0
        ],
        [
          4.690955401898123e-10,
          -1.5322618174273828e-11,
          1.0,
          0.8999999761581421
        ],
        [
          0.0,
          0.0,
          0.0,
          1.0
        ]
      ],
      "matrix_ego_from_sensor_bevfusion": [
        [
          1.0,
          1.3321621583628485e-09,
          -1.3436329826532756e-10,
          1.9999980926513672
        ],
        [
          4.6545350906868066e-10,
          1.0,
          3.8363864168777795e-11,
          0.0
        ],
        [
          4.690955401898123e-10,
          1.5322618174273828e-11,
          1.0,
          0.8999999761581421
        ],
        [
          0.0,
          0.0,
          0.0,
          1.0
        ]
      ],
      "data_path": "D:\\Agent-AI\\outputs\\s3a_ml_long_v2\\sample_000002\\radar\\RADAR_FRONT.npy",
      "raw_layout": [
        "velocity",
        "altitude",
        "azimuth",
        "depth"
      ]
    },
    "RADAR_FRONT_LEFT": {
      "type_id": "sensor.other.radar",
      "blueprint_attributes": {
        "sensor_tick": "0.100000",
        "role_name": "default",
        "noise_seed": "0",
        "ros_name": "sensor.other.radar",
        "horizontal_fov": "35.0",
        "points_per_second": "1500",
        "vertical_fov": "20.0",
        "range": "120.0"
      },
      "transform_carla": {
        "location": {
          "x": 105.62176513671875,
          "y": -23.221569061279297,
          "z": 0.9104476571083069
        },
        "rotation": {
          "roll": -0.3862609565258026,
          "pitch": 0.43405166268348694,
          "yaw": -135.9583740234375
        }
      },
      "matrix_world_from_sensor_carla": [
        [
          -0.7188142538070679,
          0.6952017545700073,
          0.0007589077576994896,
          105.62176513671875
        ],
        [
          -0.6951609253883362,
          -0.7187830209732056,
          0.010112270712852478,
          -23.221569061279297
        ],
        [
          0.00757555803284049,
          0.006741281133145094,
          0.9999486207962036,
          0.9104476571083069
        ],
        [
          0.0,
          0.0,
          0.0,
          1.0
        ]
      ],
      "matrix_world_from_sensor_bevfusion": [
        [
          -0.7188142538070679,
          -0.6952017545700073,
          0.0007589077576994896,
          105.62176513671875
        ],
        [
          0.6951609253883362,
          -0.7187830209732056,
          -0.010112270712852478,
          23.221569061279297
        ],
        [
          0.00757555803284049,
          -0.006741281133145094,
          0.9999486207962036,
          0.9104476571083069
        ],
        [
          0.0,
          0.0,
          0.0,
          1.0
        ]
      ],
      "matrix_ego_from_sensor_carla": [
        [
          0.7071067690849304,
          0.70710688829422,
          2.1889466239599642e-08,
          1.6499977111816406
        ],
        [
          -0.70710688829422,
          0.7071066498756409,
          -1.998054699470231e-08,
          -0.7499847412109375
        ],
        [
          -2.973562551744635e-08,
          -8.409820062560414e-10,
          1.0000001192092896,
          0.8999999165534973
        ],
        [
          0.0,
          0.0,
          0.0,
          1.0
        ]
      ],
      "matrix_ego_from_sensor_bevfusion": [
        [
          0.7071067690849304,
          -0.70710688829422,
          2.1889466239599642e-08,
          1.6499977111816406
        ],
        [
          0.70710688829422,
          0.7071066498756409,
          1.998054699470231e-08,
          0.7499847412109375
        ],
        [
          -2.973562551744635e-08,
          8.409820062560414e-10,
          1.0000001192092896,
          0.8999999165534973
        ],
        [
          0.0,
          0.0,
          0.0,
          1.0
        ]
      ],
      "data_path": "D:\\Agent-AI\\outputs\\s3a_ml_long_v2\\sample_000002\\radar\\RADAR_FRONT_LEFT.npy",
      "raw_layout": [
        "velocity",
        "altitude",
        "azimuth",
        "depth"
      ]
    },
    "RADAR_FRONT_RIGHT": {
      "type_id": "sensor.other.radar",
      "blueprint_attributes": {
        "sensor_tick": "0.100000",
        "role_name": "default",
        "noise_seed": "0",
        "ros_name": "sensor.other.radar",
        "horizontal_fov": "35.0",
        "points_per_second": "1500",
        "vertical_fov": "20.0",
