{
  "schema_version": "stage1.v1",
  "sample_name": "sample_000013",
  "sequence_index": 13,
  "previous_sample_name": "sample_000012",
  "frame_id": 60014,
  "timestamp": 436.3197007700801,
  "platform_timestamp": 16814566.7863708,
  "delta_seconds": 0.10000000149011612,
  "town": "Carla/Maps/Town10HD_Opt",
  "weather": {
    "cloudiness": 20.0,
    "dust_storm": 0.0,
    "fog_density": 2.0,
    "fog_distance": 0.75,
    "fog_falloff": 0.10000000149011612,
    "mie_scattering_scale": 0.029999999329447746,
    "precipitation": 0.0,
    "precipitation_deposits": 0.0,
    "rayleigh_scattering_scale": 0.03310000151395798,
    "scattering_intensity": 1.0,
    "sun_altitude_angle": 45.0,
    "sun_azimuth_angle": 300.0,
    "wetness": 0.0,
    "wind_intensity": 10.0
  },
  "sensor_names": [
    "CAM_FRONT",
    "CAM_FRONT_RIGHT",
    "CAM_FRONT_LEFT",
    "CAM_BACK",
    "CAM_BACK_LEFT",
    "CAM_BACK_RIGHT",
    "LIDAR_TOP",
    "RADAR_FRONT",
    "RADAR_FRONT_LEFT",
    "RADAR_FRONT_RIGHT",
    "RADAR_BACK_LEFT",
    "RADAR_BACK_RIGHT"
  ],
  "camera_order_for_model": [
    "CAM_FRONT",
    "CAM_FRONT_RIGHT",
    "CAM_FRONT_LEFT",
    "CAM_BACK",
    "CAM_BACK_LEFT",
    "CAM_BACK_RIGHT"
  ],
  "radar_order_for_model": [
    "RADAR_FRONT",
    "RADAR_FRONT_LEFT",
    "RADAR_FRONT_RIGHT",
    "RADAR_BACK_LEFT",
    "RADAR_BACK_RIGHT"
  ],
  "coordinate_notes": {
    "carla_world": "left-handed x-forward y-right z-up",
    "bevfusion_lidar": "x-forward y-left z-up",
    "camera_frame_for_model": "OpenCV style x-right y-down z-forward"
  },
  "ego": {
    "actor_id": 28,
    "transform_carla": {
      "location": {
        "x": 105.81912994384766,
        "y": -29.0882511138916,
        "z": -0.005884933285415173
      },
      "rotation": {
        "roll": 0.5706008672714233,
        "pitch": 0.41839003562927246,
        "yaw": -97.58258819580078
      }
    },
    "velocity_carla": [
      -1.4132505655288696,
      -8.729753494262695,
      -9.168624819722027e-05
    ],
    "angular_velocity_carla": [
      2.0066158771514893,
      1.601715326309204,
      -15.35608959197998
    ],
    "matrix_world_from_ego_carla": [
      [
        -0.13195158541202545,
        0.9911969304084778,
        0.010835135355591774,
        105.81912994384766
      ],
      [
        -0.9912292957305908,
        -0.13202065229415894,
        0.005923905875533819,
        -29.0882511138916
      ],
      [
        0.007302219048142433,
        -0.009958433918654919,
        0.9999237656593323,
        -0.005884933285415173
      ],
      [
        0.0,
        0.0,
        0.0,
        1.0
      ]
    ],
    "matrix_world_from_ego_bevfusion": [
      [
        -0.13195158541202545,
        -0.9911969304084778,
        0.010835135355591774,
        105.81912994384766
      ],
      [
        0.9912292957305908,
        -0.13202065229415894,
        -0.005923905875533819,
        29.0882511138916
      ],
      [
        0.007302219048142433,
        0.009958433918654919,
        0.9999237656593323,
        -0.005884933285415173
      ],
      [
        0.0,
        0.0,
        0.0,
        1.0
      ]
    ]
  },
  "sensors": {
    "CAM_FRONT": {
      "type_id": "sensor.camera.rgb",
      "blueprint_attributes": {
        "role_name": "front",
        "ros_name": "sensor.camera.rgb",
        "chromatic_aberration_offset": "0.0",
        "sensor_tick": "0.100000",
        "fstop": "1.4",
        "image_size_x": "960",
        "image_size_y": "540",
        "fov": "70.00",
        "lens_circle_falloff": "5.0",
        "lens_circle_multiplier": "0.0",
        "exposure_compensation": "0.0",
        "lens_y_size": "0.08",
        "lens_k": "-1.0",
        "exposure_mode": "histogram",
        "lens_kcube": "0.0",
        "lens_x_size": "0.08",
        "exposure_max_bright": "12.0",
        "shutter_speed": "200.0",
        "bloom_intensity": "0.675",
        "iso": "100.0",
        "enable_postprocess_effects": "false",
        "gamma": "2.2",
        "motion_blur_intensity": "0.0",
        "motion_blur_max_distortion": "0.35",
        "lens_flare_intensity": "0.1",
        "motion_blur_min_object_screen_size": "0.1",
        "exposure_min_bright": "10.0",
        "exposure_speed_up": "3.0",
        "exposure_speed_down": "1.0",
        "tint": "0.0",
        "calibration_constant": "16.0",
        "focal_distance": "1000.0",
        "min_fstop": "1.2",
        "blade_count": "5",
        "blur_amount": "0.0",
        "blur_radius": "0.0",
        "slope": "0.88",
        "toe": "0.55",
        "white_clip": "0.04",
        "shoulder": "0.26",
        "black_clip": "0.0",
        "temp": "6500.0",
        "chromatic_aberration_intensity": "0.0"
      },
      "transform_carla": {
        "location": {
          "x": 105.63302612304688,
          "y": -30.614585876464844,
          "z": 1.7053039073944092
        },
        "rotation": {
          "roll": 0.5706008672714233,
          "pitch": 0.41839003562927246,
          "yaw": -97.58258819580078
        }
      },
      "matrix_world_from_sensor_carla": [
        [
          -0.13195158541202545,
          0.9911969304084778,
          0.010835135355591774,
          105.63302612304688
        ],
        [
          -0.9912292957305908,
          -0.13202065229415894,
          0.005923905875533819,
          -30.614585876464844
        ],
        [
          0.007302219048142433,
          -0.009958433918654919,
          0.9999237656593323,
          1.7053039073944092
        ],
        [
          0.0,
          0.0,
          0.0,
          1.0
        ]
      ],
      "matrix_world_from_sensor_bevfusion": [
        [
          0.9911969304084778,
          -0.010835135355591774,
          -0.13195158541202545,
          105.63302612304688
        ],
        [
          0.13202065229415894,
          0.005923905875533819,
          0.9912292957305908,
          30.614585876464844
        ],
        [
          -0.009958433918654919,
          -0.9999237656593323,
          0.007302219048142433,
          1.7053039073944092
        ],
        [
          0.0,
          0.0,
          0.0,
          1.0
        ]
      ],
      "matrix_ego_from_sensor_carla": [
        [
          1.0,
          1.5738258474229383e-09,
          -2.1458071430835446e-10,
          1.5500011444091797
        ],
        [
          -5.342495779103729e-09,
          1.0,
          -7.84506015705233e-10,
          0.0
        ],
        [
          -1.8420109881844837e-10,
          -1.9100809822703013e-10,
          1.0,
          1.7000000476837158
        ],
        [
          0.0,
          0.0,
          0.0,
          1.0
        ]
      ],
      "matrix_ego_from_sensor_bevfusion": [
        [
          1.5738258474229383e-09,
          2.1458071430835446e-10,
          1.0,
          1.5500011444091797
        ],
        [
          -1.0,
          -7.84506015705233e-10,
          5.342495779103729e-09,
          0.0
        ],
        [
          -1.9100809822703013e-10,
          -1.0,
          -1.8420109881844837e-10,
          1.7000000476837158
        ],
        [
          0.0,
          0.0,
          0.0,
          1.0
        ]
      ],
      "camera_intrinsics": [
        [
          685.5110473632812,
          0.0,
          480.0
        ],
        [
          0.0,
          685.5110473632812,
          270.0
        ],
        [
          0.0,
          0.0,
          1.0
        ]
      ],
      "data_path": "D:\\Agent-AI\\outputs\\s3a_ml_long_v2\\sample_000013\\images\\CAM_FRONT.png",
      "raw_layout": "bgra8"
    },
    "CAM_FRONT_RIGHT": {
      "type_id": "sensor.camera.rgb",
      "blueprint_attributes": {
        "role_name": "front",
        "ros_name": "sensor.camera.rgb",
        "chromatic_aberration_offset": "0.0",
        "sensor_tick": "0.100000",
        "fstop": "1.4",
        "image_size_x": "960",
        "image_size_y": "540",
        "fov": "70.00",
        "lens_circle_falloff": "5.0",
        "lens_circle_multiplier": "0.0",
        "exposure_compensation": "0.0",
        "lens_y_size": "0.08",
        "lens_k": "-1.0",
        "exposure_mode": "histogram",
        "lens_kcube": "0.0",
        "lens_x_size": "0.08",
        "exposure_max_bright": "12.0",
        "shutter_speed": "200.0",
        "bloom_intensity": "0.675",
        "iso": "100.0",
        "enable_postprocess_effects": "false",
        "gamma": "2.2",
        "motion_blur_intensity": "0.0",
        "motion_blur_max_distortion": "0.35",
        "lens_flare_intensity": "0.1",
        "motion_blur_min_object_screen_size": "0.1",
        "exposure_min_bright": "10.0",
        "exposure_speed_up": "3.0",
        "exposure_speed_down": "1.0",
        "tint": "0.0",
        "calibration_constant": "16.0",
        "focal_distance": "1000.0",
        "min_fstop": "1.2",
        "blade_count": "5",
        "blur_amount": "0.0",
        "blur_radius": "0.0",
        "slope": "0.88",
        "toe": "0.55",
        "white_clip": "0.04",
        "shoulder": "0.26",
        "black_clip": "0.0",
        "temp": "6500.0",
        "chromatic_aberration_intensity": "0.0"
      },
      "transform_carla": {
        "location": {
          "x": 106.21116638183594,
          "y": -30.439388275146484,
          "z": 1.6980013847351074
        },
        "rotation": {
          "roll": 0.6700115203857422,
          "pitch": -0.22741113603115082,
          "yaw": -42.586021423339844
        }
      },
      "matrix_world_from_sensor_carla": [
        [
          0.7362564206123352,
          0.6766159534454346,
          0.010835114866495132,
          106.21116638183594
        ],
        [
          -0.6766910552978516,
          0.7362433075904846,
          0.005923918914049864,
          -30.439388275146484
        ],
        [
          -0.003969062585383654,
          -0.011693548411130905,
          0.9999237656593323,
          1.6980013847351074
        ],
        [
          0.0,
          0.0,
          0.0,
          1.0
        ]
      ],
      "matrix_world_from_sensor_bevfusion": [
        [
          0.6766159534454346,
          -0.010835114866495132,
          0.7362564206123352,
          106.21116638183594
        ],
        [
          -0.7362433075904846,
          0.005923918914049864,
          0.6766910552978516,
          30.439388275146484
        ],
        [
          -0.011693548411130905,
          -0.9999237656593323,
          -0.003969062585383654,
          1.6980013847351074
        ],
        [
          0.0,
          0.0,
          0.0,
          1.0
        ]
      ],
      "matrix_ego_from_sensor_carla": [
        [
          0.573576807975769,
          -0.8191518783569336,
          -1.0459128674256135e-08,
          1.3000011444091797
        ],
        [
          0.8191518187522888,
          0.573576807975769,
          -2.3136248472610532e-08,
          0.5500030517578125
        ],
        [
          2.3418671446506778e-08,
          4.5965293793415185e-09,
          0.9999999403953552,
          1.7000000476837158
        ],
        [
          0.0,
          0.0,
          0.0,
          1.0
        ]
      ],
      "matrix_ego_from_sensor_bevfusion": [
        [
          -0.8191518783569336,
          1.0459128674256135e-08,
          0.573576807975769,
          1.3000011444091797
        ],
        [
          -0.573576807975769,
          -2.3136248472610532e-08,
          -0.8191518187522888,
          -0.5500030517578125
        ],
        [
          4.5965293793415185e-09,
          -0.9999999403953552,
          2.3418671446506778e-08,
          1.7000000476837158
        ],
        [
          0.0,
          0.0,
          0.0,
          1.0
        ]
      ],
      "camera_intrinsics": [
        [
          685.5110473632812,
          0.0,
          480.0
        ],
        [
          0.0,
          685.5110473632812,
          270.0
        ],
        [
          0.0,
          0.0,
          1.0
        ]
      ],
      "data_path": "D:\\Agent-AI\\outputs\\s3a_ml_long_v2\\sample_000013\\images\\CAM_FRONT_RIGHT.png",
      "raw_layout": "bgra8"
    },
    "CAM_FRONT_LEFT": {
      "type_id": "sensor.camera.rgb",
      "blueprint_attributes": {
        "role_name": "front",
        "ros_name": "sensor.camera.rgb",
        "chromatic_aberration_offset": "0.0",
        "sensor_tick": "0.100000",
        "fstop": "1.4",
        "image_size_x": "960",
        "image_size_y": "540",
        "fov": "70.00",
        "lens_circle_falloff": "5.0",
        "lens_circle_multiplier": "0.0",
        "exposure_compensation": "0.0",
        "lens_y_size": "0.08",
        "lens_k": "-1.0",
        "exposure_mode": "histogram",
        "lens_kcube": "0.0",
        "lens_x_size": "0.08",
        "exposure_max_bright": "12.0",
        "shutter_speed": "200.0",
        "bloom_intensity": "0.675",
        "iso": "100.0",
        "enable_postprocess_effects": "false",
        "gamma": "2.2",
        "motion_blur_intensity": "0.0",
        "motion_blur_max_distortion": "0.35",
        "lens_flare_intensity": "0.1",
        "motion_blur_min_object_screen_size": "0.1",
        "exposure_min_bright": "10.0",
        "exposure_speed_up": "3.0",
        "exposure_speed_down": "1.0",
        "tint": "0.0",
        "calibration_constant": "16.0",
        "focal_distance": "1000.0",
        "min_fstop": "1.2",
        "blade_count": "5",
        "blur_amount": "0.0",
        "blur_radius": "0.0",
        "slope": "0.88",
        "toe": "0.55",
        "white_clip": "0.04",
        "shoulder": "0.26",
        "black_clip": "0.0",
        "temp": "6500.0",
        "chromatic_aberration_intensity": "0.0"
      },
      "transform_carla": {
        "location": {
          "x": 105.12085723876953,
          "y": -30.294166564941406,
          "z": 1.7089552879333496
        },
        "rotation": {
          "roll": -0.015454080887138844,
          "pitch": 0.7073821425437927,
          "yaw": -152.5847625732422
        }
      },
      "matrix_world_from_sensor_carla": [
        [
          -0.8876252770423889,
          0.4604388475418091,
          0.010835117660462856,
          105.12085723876953
        ],
        [
          -0.4604008197784424,
          -0.8876913189888,
          0.005923897493630648,
          -30.294166564941406
        ],
        [
          0.012345833703875542,
          0.0002697040035855025,
          0.9999237060546875,
          1.7089552879333496
        ],
        [
          0.0,
          0.0,
          0.0,
          1.0
        ]
      ],
      "matrix_world_from_sensor_bevfusion": [
        [
          0.4604388475418091,
          -0.010835117660462856,
          -0.8876252770423889,
          105.12085723876953
        ],
        [
          0.8876913189888,
          0.005923897493630648,
          0.4604008197784424,
          30.294166564941406
        ],
        [
          0.0002697040035855025,
          -0.9999237060546875,
          0.012345833703875542,
          1.7089552879333496
        ],
        [
          0.0,
          0.0,
          0.0,
          1.0
        ]
      ],
      "matrix_ego_from_sensor_carla": [
        [
          0.5735764503479004,
          0.8191519379615784,
          1.0060382749088603e-08,
          1.3000011444091797
        ],
        [
          -0.8191519975662231,
          0.5735764503479004,
          -1.602342081241659e-08,
          -0.5499954223632812
        ],
        [
          -1.804036742214521e-08,
          2.9066393736343343e-10,
          0.9999998807907104,
          1.6999998092651367
        ],
        [
          0.0,
          0.0,
          0.0,
          1.0
        ]
      ],
      "matrix_ego_from_sensor_bevfusion": [
        [
          0.8191519379615784,
          -1.0060382749088603e-08,
          0.5735764503479004,
          1.3000011444091797
        ],
        [
          -0.5735764503479004,
          -1.602342081241659e-08,
          0.8191519975662231,
          0.5499954223632812
        ],
        [
          2.9066393736343343e-10,
          -0.9999998807907104,
          -1.804036742214521e-08,
          1.6999998092651367
        ],
        [
          0.0,
          0.0,
          0.0,
          1.0
        ]
      ],
      "camera_intrinsics": [
        [
          685.5110473632812,
          0.0,
          480.0
        ],
        [
          0.0,
          685.5110473632812,
          270.0
        ],
        [
          0.0,
          0.0,
          1.0
        ]
      ],
      "data_path": "D:\\Agent-AI\\outputs\\s3a_ml_long_v2\\sample_000013\\images\\CAM_FRONT_LEFT.png",
      "raw_layout": "bgra8"
    },
    "CAM_BACK": {
      "type_id": "sensor.camera.rgb",
      "blueprint_attributes": {
        "role_name": "front",
        "ros_name": "sensor.camera.rgb",
        "chromatic_aberration_offset": "0.0",
        "sensor_tick": "0.100000",
        "fstop": "1.4",
        "image_size_x": "960",
        "image_size_y": "540",
        "fov": "70.00",
        "lens_circle_falloff": "5.0",
        "lens_circle_multiplier": "0.0",
        "exposure_compensation": "0.0",
        "lens_y_size": "0.08",
        "lens_k": "-1.0",
        "exposure_mode": "histogram",
        "lens_kcube": "0.0",
        "lens_x_size": "0.08",
        "exposure_max_bright": "12.0",
        "shutter_speed": "200.0",
        "bloom_intensity": "0.675",
        "iso": "100.0",
        "enable_postprocess_effects": "false",
        "gamma": "2.2",
        "motion_blur_intensity": "0.0",
        "motion_blur_max_distortion": "0.35",
        "lens_flare_intensity": "0.1",
        "motion_blur_min_object_screen_size": "0.1",
        "exposure_min_bright": "10.0",
        "exposure_speed_up": "3.0",
        "exposure_speed_down": "1.0",
        "tint": "0.0",
        "calibration_constant": "16.0",
        "focal_distance": "1000.0",
        "min_fstop": "1.2",
        "blade_count": "5",
        "blur_amount": "0.0",
        "blur_radius": "0.0",
        "slope": "0.88",
        "toe": "0.55",
        "white_clip": "0.04",
        "shoulder": "0.26",
        "black_clip": "0.0",
        "temp": "6500.0",
        "chromatic_aberration_intensity": "0.0"
      },
      "transform_carla": {
        "location": {
          "x": 106.04207611083984,
          "y": -27.54177474975586,
          "z": 1.6826668977737427
        },
        "rotation": {
          "roll": -0.5706008672714233,
          "pitch": -0.41839003562927246,
          "yaw": 82.41741943359375
        }
      },
      "matrix_world_from_sensor_carla": [
        [
          0.1319514960050583,
          -0.9911969304084778,
          0.0108351344242692,
          106.04207611083984
        ],
        [
          0.9912292957305908,
          0.13202056288719177,
          0.005923906806856394,
          -27.54177474975586
        ],
        [
          -0.007302219048142433,
          0.009958433918654919,
          0.9999237656593323,
          1.6826668977737427
        ],
        [
          0.0,
          0.0,
          0.0,
          1.0
        ]
      ],
      "matrix_world_from_sensor_bevfusion": [
        [
          -0.9911969304084778,
          -0.0108351344242692,
          0.1319514960050583,
          106.04207611083984
        ],
        [
          -0.13202056288719177,
          0.005923906806856394,
          -0.9912292957305908,
          27.54177474975586
        ],
        [
          0.009958433918654919,
          -0.9999237656593323,
          -0.007302219048142433,
          1.6826668977737427
        ],
        [
          0.0,
          0.0,
          0.0,
          1.0
        ]
      ],
      "matrix_ego_from_sensor_carla": [
        [
          -1.0,
          8.705461596036912e-08,
          -1.1459032611682574e-09,
          -1.5500001907348633
        ],
        [
          -8.406447449260668e-08,
          -0.9999999403953552,
          -1.7158285903207116e-09,
          7.62939453125e-06
        ],
        [
          -7.471214757970301e-10,
          -7.403144763884484e-10,
          1.0,
          1.6999998092651367
        ],
        [
          0.0,
          0.0,
          0.0,
          1.0
        ]
      ],
      "matrix_ego_from_sensor_bevfusion": [
        [
          8.705461596036912e-08,
          1.1459032611682574e-09,
          -1.0,
          -1.5500001907348633
        ],
        [
          0.9999999403953552,
          -1.7158285903207116e-09,
          8.406447449260668e-08,
          -7.62939453125e-06
        ],
        [
          -7.403144763884484e-10,
          -1.0,
          -7.471214757970301e-10,
          1.6999998092651367
        ],
        [
          0.0,
          0.0,
          0.0,
          1.0
        ]
      ],
      "camera_intrinsics": [
        [
          685.5110473632812,
          0.0,
          480.0
        ],
        [
          0.0,
          685.5110473632812,
          270.0
        ],
        [
          0.0,
          0.0,
          1.0
        ]
      ],
      "data_path": "D:\\Agent-AI\\outputs\\s3a_ml_long_v2\\sample_000013\\images\\CAM_BACK.png",
      "raw_layout": "bgra8"
    },
    "CAM_BACK_LEFT": {
      "type_id": "sensor.camera.rgb",
      "blueprint_attributes": {
        "role_name": "front",
        "ros_name": "sensor.camera.rgb",
        "chromatic_aberration_offset": "0.0",
        "sensor_tick": "0.100000",
        "fstop": "1.4",
        "image_size_x": "960",
        "image_size_y": "540",
        "fov": "70.00",
        "lens_circle_falloff": "5.0",
        "lens_circle_multiplier": "0.0",
        "exposure_compensation": "0.0",
        "lens_y_size": "0.08",
        "lens_k": "-1.0",
        "exposure_mode": "histogram",
        "lens_kcube": "0.0",
        "lens_x_size": "0.08",
        "exposure_max_bright": "12.0",
        "shutter_speed": "200.0",
        "bloom_intensity": "0.675",
        "iso": "100.0",
        "enable_postprocess_effects": "false",
        "gamma": "2.2",
        "motion_blur_intensity": "0.0",
        "motion_blur_max_distortion": "0.35",
        "lens_flare_intensity": "0.1",
        "motion_blur_min_object_screen_size": "0.1",
        "exposure_min_bright": "10.0",
        "exposure_speed_up": "3.0",
        "exposure_speed_down": "1.0",
        "tint": "0.0",
        "calibration_constant": "16.0",
        "focal_distance": "1000.0",
        "min_fstop": "1.2",
        "blade_count": "5",
        "blur_amount": "0.0",
        "blur_radius": "0.0",
        "slope": "0.88",
        "toe": "0.55",
        "white_clip": "0.04",
        "shoulder": "0.26",
        "black_clip": "0.0",
        "temp": "6500.0",
        "chromatic_aberration_intensity": "0.0"
      },
      "transform_carla": {
        "location": {
          "x": 105.46392059326172,
          "y": -27.71697235107422,
          "z": 1.6899694204330444
        },
        "rotation": {
          "roll": -0.6700114607810974,
          "pitch": 0.22741113603115082,
          "yaw": 137.4139862060547
        }
      },
      "matrix_world_from_sensor_carla": [
        [
          -0.7362564206123352,
          -0.6766159534454346,
          0.010835114866495132,
          105.46392059326172
        ],
        [
          0.6766910552978516,
          -0.7362433075904846,
          0.005923917982727289,
          -27.71697235107422
        ],
        [
          0.003969062585383654,
          0.01169354747980833,
          0.9999237656593323,
          1.6899694204330444
        ],
        [
          0.0,
          0.0,
          0.0,
          1.0
        ]
      ],
      "matrix_world_from_sensor_bevfusion": [
        [
          -0.6766159534454346,
          -0.010835114866495132,
          -0.7362564206123352,
          105.46392059326172
        ],
        [
          0.7362433075904846,
          0.005923917982727289,
          -0.6766910552978516,
          27.71697235107422
        ],
        [
          0.01169354747980833,
          -0.9999237656593323,
          0.003969062585383654,
          1.6899694204330444
        ],
        [
          0.0,
          0.0,
          0.0,
          1.0
        ]
      ],
      "matrix_ego_from_sensor_carla": [
        [
          -0.573576807975769,
          0.8191518783569336,
          -9.527806099640657e-09,
          -1.299997329711914
        ],
        [
          -0.8191518187522888,
          -0.573576807975769,
          -2.2204925897995054e-08,
          -0.5500106811523438
        ],
        [
          -2.3418671446506778e-08,
          -5.527780899683421e-09,
          0.9999999403953552,
          1.6999995708465576
        ],
        [
          0.0,
          0.0,
          0.0,
          1.0
        ]
      ],
      "matrix_ego_from_sensor_bevfusion": [
        [
          0.8191518783569336,
          9.527806099640657e-09,
          -0.573576807975769,
          -1.299997329711914
        ],
        [
          0.573576807975769,
          -2.2204925897995054e-08,
          0.8191518187522888,
          0.5500106811523438
        ],
        [
          -5.527780899683421e-09,
          -0.9999999403953552,
          -2.3418671446506778e-08,
          1.6999995708465576
        ],
        [
          0.0,
          0.0,
          0.0,
          1.0
        ]
      ],
      "camera_intrinsics": [
        [
          685.5110473632812,
          0.0,
          480.0
        ],
        [
          0.0,
          685.5110473632812,
          270.0
        ],
        [
          0.0,
          0.0,
          1.0
        ]
      ],
      "data_path": "D:\\Agent-AI\\outputs\\s3a_ml_long_v2\\sample_000013\\images\\CAM_BACK_LEFT.png",
      "raw_layout": "bgra8"
    },
    "CAM_BACK_RIGHT": {
      "type_id": "sensor.camera.rgb",
      "blueprint_attributes": {
        "role_name": "front",
        "ros_name": "sensor.camera.rgb",
        "chromatic_aberration_offset": "0.0",
        "sensor_tick": "0.100000",
        "fstop": "1.4",
        "image_size_x": "960",
        "image_size_y": "540",
        "fov": "70.00",
        "lens_circle_falloff": "5.0",
        "lens_circle_multiplier": "0.0",
        "exposure_compensation": "0.0",
        "lens_y_size": "0.08",
        "lens_k": "-1.0",
        "exposure_mode": "histogram",
        "lens_kcube": "0.0",
        "lens_x_size": "0.08",
        "exposure_max_bright": "12.0",
        "shutter_speed": "200.0",
        "bloom_intensity": "0.675",
        "iso": "100.0",
        "enable_postprocess_effects": "false",
        "gamma": "2.2",
        "motion_blur_intensity": "0.0",
        "motion_blur_max_distortion": "0.35",
        "lens_flare_intensity": "0.1",
        "motion_blur_min_object_screen_size": "0.1",
        "exposure_min_bright": "10.0",
        "exposure_speed_up": "3.0",
        "exposure_speed_down": "1.0",
        "tint": "0.0",
        "calibration_constant": "16.0",
        "focal_distance": "1000.0",
        "min_fstop": "1.2",
        "blade_count": "5",
        "blur_amount": "0.0",
        "blur_radius": "0.0",
        "slope": "0.88",
        "toe": "0.55",
        "white_clip": "0.04",
        "shoulder": "0.26",
        "black_clip": "0.0",
        "temp": "6500.0",
        "chromatic_aberration_intensity": "0.0"
      },
      "transform_carla": {
        "location": {
          "x": 106.55424499511719,
          "y": -27.862194061279297,
          "z": 1.6790155172348022
        },
        "rotation": {
          "roll": 0.015454214066267014,
          "pitch": -0.7073821425437927,
          "yaw": 27.41521644592285
        }
      },
      "matrix_world_from_sensor_carla": [
        [
          0.8876254558563232,
          -0.46043846011161804,
          0.010835118591785431,
          106.55424499511719
        ],
        [
          0.46040043234825134,
          0.8876914978027344,
          0.005923894699662924,
          -27.862194061279297
        ],
        [
          -0.012345833703875542,
          -0.00026970633189193904,
          0.9999237060546875,
          1.6790155172348022
        ],
        [
          0.0,
          0.0,
          0.0,
          1.0
        ]
      ],
      "matrix_world_from_sensor_bevfusion": [
        [
          -0.46043846011161804,
          -0.010835118591785431,
          0.8876254558563232,
          106.55424499511719
        ],
        [
          -0.8876914978027344,
          0.005923894699662924,
          -0.46040043234825134,
          27.862194061279297
        ],
        [
          -0.00026970633189193904,
          -0.9999237060546875,
          -0.012345833703875542,
          1.6790155172348022
        ],
        [
          0.0,
          0.0,
          0.0,
          1.0
        ]
      ],
      "matrix_ego_from_sensor_carla": [
        [
          -0.5735760927200317,
          -0.8191521763801575,
          1.2854350472935039e-08,
          -1.2999982833862305
        ],
        [
          0.8191522359848022,
          -0.5735760927200317,
          -1.509209823780111e-08,
          0.5499954223632812
        ],
        [
          1.804036742214521e-08,
          2.619896743993877e-09,
          0.9999998807907104,
          1.7000000476837158
        ],
        [
          0.0,
          0.0,
          0.0,
          1.0
        ]
      ],
      "matrix_ego_from_sensor_bevfusion": [
        [
          -0.8191521763801575,
          -1.2854350472935039e-08,
          -0.5735760927200317,
          -1.2999982833862305
        ],
        [
          0.5735760927200317,
          -1.509209823780111e-08,
          -0.8191522359848022,
          -0.5499954223632812
        ],
        [
          2.619896743993877e-09,
          -0.9999998807907104,
          1.804036742214521e-08,
          1.7000000476837158
        ],
        [
          0.0,
          0.0,
          0.0,
          1.0
        ]
      ],
      "camera_intrinsics": [
        [
          685.5110473632812,
          0.0,
          480.0
        ],
        [
          0.0,
          685.5110473632812,
          270.0
        ],
        [
          0.0,
          0.0,
          1.0
        ]
      ],
      "data_path": "D:\\Agent-AI\\outputs\\s3a_ml_long_v2\\sample_000013\\images\\CAM_BACK_RIGHT.png",
      "raw_layout": "bgra8"
    },
    "LIDAR_TOP": {
      "type_id": "sensor.lidar.ray_cast",
      "blueprint_attributes": {
        "atmosphere_attenuation_rate": "0.004",
        "role_name": "front",
        "noise_seed": "0",
        "upper_fov": "10.0",
        "ros_name": "sensor.lidar.ray_cast",
        "sensor_tick": "0.100000",
        "channels": "32",
        "range": "120.0",
        "points_per_second": "360000",
        "lower_fov": "-30.0",
        "rotation_frequency": "10.000000",
        "horizontal_fov": "360.0",
        "dropoff_general_rate": "0.0",
        "dropoff_intensity_limit": "1.0",
        "noise_stddev": "0.0",
        "dropoff_zero_intensity": "0.0"
      },
      "transform_carla": {
        "location": {
          "x": 105.84296417236328,
          "y": -29.075218200683594,
          "z": 2.1939473152160645
        },
        "rotation": {
          "roll": 0.5706008672714233,
          "pitch": 0.41839003562927246,
          "yaw": -97.58258819580078
        }
      },
      "matrix_world_from_sensor_carla": [
        [
          -0.13195158541202545,
          0.9911969304084778,
          0.010835135355591774,
          105.84296417236328
        ],
        [
          -0.9912292957305908,
          -0.13202065229415894,
          0.005923905875533819,
          -29.075218200683594
        ],
        [
          0.007302219048142433,
          -0.009958433918654919,
          0.9999237656593323,
          2.1939473152160645
        ],
        [
          0.0,
          0.0,
          0.0,
          1.0
        ]
      ],
      "matrix_world_from_sensor_bevfusion": [
        [
          -0.13195158541202545,
          -0.9911969304084778,
          0.010835135355591774,
          105.84296417236328
        ],
        [
          0.9912292957305908,
          -0.13202065229415894,
          -0.005923905875533819,
          29.075218200683594
        ],
        [
          0.007302219048142433,
          0.009958433918654919,
          0.9999237656593323,
          2.1939473152160645
        ],
        [
          0.0,
          0.0,
          0.0,
          1.0
        ]
      ],
      "matrix_ego_from_sensor_carla": [
        [
          1.0,
          1.5738258474229383e-09,
          -2.1458071430835446e-10,
          1.9073486328125e-06
        ],
        [
          -5.342495779103729e-09,
          1.0,
          -7.84506015705233e-10,
          0.0
        ],
        [
          -1.8420109881844837e-10,
          -1.9100809822703013e-10,
          1.0,
          2.1999998092651367
        ],
        [
          0.0,
          0.0,
          0.0,
          1.0
        ]
      ],
      "matrix_ego_from_sensor_bevfusion": [
        [
          1.0,
          -1.5738258474229383e-09,
          -2.1458071430835446e-10,
          1.9073486328125e-06
        ],
        [
          5.342495779103729e-09,
          1.0,
          7.84506015705233e-10,
          0.0
        ],
        [
          -1.8420109881844837e-10,
          1.9100809822703013e-10,
          1.0,
          2.1999998092651367
        ],
        [
          0.0,
          0.0,
          0.0,
          1.0
        ]
      ],
      "data_path": "D:\\Agent-AI\\outputs\\s3a_ml_long_v2\\sample_000013\\lidar\\LIDAR_TOP.npy",
      "raw_layout": [
        "x",
        "y",
        "z",
        "intensity"
      ]
    },
    "RADAR_FRONT": {
      "type_id": "sensor.other.radar",
      "blueprint_attributes": {
        "sensor_tick": "0.100000",
        "role_name": "default",
        "noise_seed": "0",
        "ros_name": "sensor.other.radar",
        "horizontal_fov": "35.0",
        "points_per_second": "1500",
        "vertical_fov": "20.0",
        "range": "120.0"
      },
      "transform_carla": {
        "location": {
          "x": 105.56497955322266,
          "y": -31.065378189086914,
          "z": 0.908650815486908
        },
        "rotation": {
          "roll": 0.5706008672714233,
          "pitch": 0.41839003562927246,
          "yaw": -97.58258819580078
        }
      },
      "matrix_world_from_sensor_carla": [
        [
          -0.13195158541202545,
          0.9911969304084778,
          0.010835135355591774,
          105.56497955322266
        ],
        [
          -0.9912292957305908,
          -0.13202065229415894,
          0.005923905875533819,
          -31.065378189086914
        ],
        [
          0.007302219048142433,
          -0.009958433918654919,
          0.9999237656593323,
          0.908650815486908
        ],
        [
          0.0,
          0.0,
          0.0,
          1.0
        ]
      ],
      "matrix_world_from_sensor_bevfusion": [
        [
          -0.13195158541202545,
          -0.9911969304084778,
          0.010835135355591774,
          105.56497955322266
        ],
        [
          0.9912292957305908,
          -0.13202065229415894,
          -0.005923905875533819,
          31.065378189086914
        ],
        [
          0.007302219048142433,
          0.009958433918654919,
          0.9999237656593323,
          0.908650815486908
        ],
        [
          0.0,
          0.0,
          0.0,
          1.0
        ]
      ],
      "matrix_ego_from_sensor_carla": [
        [
          1.0,
          1.5738258474229383e-09,
          -2.1458071430835446e-10,
          2.000001907348633
        ],
        [
          -5.342495779103729e-09,
          1.0,
          -7.84506015705233e-10,
          0.0
        ],
        [
          -1.8420109881844837e-10,
          -1.9100809822703013e-10,
          1.0,
          0.8999998569488525
        ],
        [
          0.0,
          0.0,
          0.0,
          1.0
        ]
      ],
      "matrix_ego_from_sensor_bevfusion": [
        [
          1.0,
          -1.5738258474229383e-09,
          -2.1458071430835446e-10,
          2.000001907348633
        ],
        [
          5.342495779103729e-09,
          1.0,
          7.84506015705233e-10,
          0.0
        ],
        [
          -1.8420109881844837e-10,
          1.9100809822703013e-10,
          1.0,
          0.8999998569488525
        ],
        [
          0.0,
          0.0,
          0.0,
          1.0
        ]
      ],
      "data_path": "D:\\Agent-AI\\outputs\\s3a_ml_long_v2\\sample_000013\\radar\\RADAR_FRONT.npy",
      "raw_layout": [
        "velocity",
        "altitude",
        "azimuth",
        "depth"
      ]
    },
    "RADAR_FRONT_LEFT": {
      "type_id": "sensor.other.radar",
      "blueprint_attributes": {
        "sensor_tick": "0.100000",
        "role_name": "default",
        "noise_seed": "0",
        "ros_name": "sensor.other.radar",
        "horizontal_fov": "35.0",
        "points_per_second": "1500",
        "vertical_fov": "20.0",
        "range": "120.0"
      },
      "transform_carla": {
        "location": {
          "x": 104.86775970458984,
          "y": -30.61943244934082,
          "z": 0.9135639071464539
        },
        "rotation": {
          "roll": 0.10762260854244232,
          "pitch": 0.6993157267570496,
          "yaw": -142.58401489257812
        }
      },
      "matrix_world_from_sensor_carla": [
        [
          -0.7941858768463135,
          0.6075782775878906,
          0.010835082270205021,
          104.86775970458984
        ],
        [
          -0.6075522899627686,
          -0.7942575812339783,
          0.005923866294324398,
          -30.61943244934082
        ],
        [
          0.012205058708786964,
          -0.0018782279221341014,
          0.9999237060546875,
          0.9135639071464539
        ],
        [
          0.0,
          0.0,
          0.0,
          1.0
        ]
      ],
      "matrix_world_from_sensor_bevfusion": [
        [
          -0.7941858768463135,
          -0.6075782775878906,
          0.010835082270205021,
          104.86775970458984
        ],
        [
          0.6075522899627686,
          -0.7942575812339783,
          -0.005923866294324398,
          30.61943244934082
        ],
        [
          0.012205058708786964,
          0.0018782279221341014,
          0.9999237060546875,
          0.9135639071464539
        ],
        [
          0.0,
          0.0,
          0.0,
          1.0
        ]
      ],
      "matrix_ego_from_sensor_carla": [
        [
          0.7071067690849304,
          0.7071067094802856,
          4.5916301871784526e-08,
          1.6500015258789062
        ],
        [
          -0.7071067094802856,
          0.7071068286895752,
          -4.768838834934286e-08,
          -0.75
        ],
        [
          -6.504208727164951e-08,
          5.722338158875573e-10,
          0.9999998807907104,
          0.899999737739563
        ],
        [
          0.0,
          0.0,
          0.0,
          1.0
        ]
      ],
      "matrix_ego_from_sensor_bevfusion": [
        [
          0.7071067690849304,
          -0.7071067094802856,
          4.5916301871784526e-08,
          1.6500015258789062
        ],
        [
          0.7071067094802856,
          0.7071068286895752,
          4.768838834934286e-08,
          0.75
        ],
        [
          -6.504208727164951e-08,
          -5.722338158875573e-10,
          0.9999998807907104,
          0.899999737739563
        ],
        [
          0.0,
          0.0,
          0.0,
          1.0
        ]
      ],
      "data_path": "D:\\Agent-AI\\outputs\\s3a_ml_long_v2\\sample_000013\\radar\\RADAR_FRONT_LEFT.npy",
      "raw_layout": [
        "velocity",
        "altitude",
        "azimuth",
        "depth"
      ]
    },
    "RADAR_FRONT_RIGHT": {
      "type_id": "sensor.other.radar",
      "blueprint_attributes": {
        "sensor_tick": "0.100000",
        "role_name": "default",
        "noise_seed": "0",
