{
  "schema_version": "stage1.v1",
  "sample_name": "sample_000010",
  "sequence_index": 10,
  "previous_sample_name": "sample_000009",
  "frame_id": 726283,
  "timestamp": 4998.19462473318,
  "platform_timestamp": 16813369.6750367,
  "delta_seconds": 0.10000000149011612,
  "town": "Carla/Maps/Town10HD_Opt",
  "weather": {
    "cloudiness": 20.0,
    "dust_storm": 0.0,
    "fog_density": 2.0,
    "fog_distance": 0.75,
    "fog_falloff": 0.10000000149011612,
    "mie_scattering_scale": 0.029999999329447746,
    "precipitation": 0.0,
    "precipitation_deposits": 0.0,
    "rayleigh_scattering_scale": 0.03310000151395798,
    "scattering_intensity": 1.0,
    "sun_altitude_angle": 45.0,
    "sun_azimuth_angle": 300.0,
    "wetness": 0.0,
    "wind_intensity": 10.0
  },
  "sensor_names": [
    "CAM_FRONT",
    "CAM_FRONT_RIGHT",
    "CAM_FRONT_LEFT",
    "CAM_BACK",
    "CAM_BACK_LEFT",
    "CAM_BACK_RIGHT",
    "LIDAR_TOP",
    "RADAR_FRONT",
    "RADAR_FRONT_LEFT",
    "RADAR_FRONT_RIGHT",
    "RADAR_BACK_LEFT",
    "RADAR_BACK_RIGHT"
  ],
  "camera_order_for_model": [
    "CAM_FRONT",
    "CAM_FRONT_RIGHT",
    "CAM_FRONT_LEFT",
    "CAM_BACK",
    "CAM_BACK_LEFT",
    "CAM_BACK_RIGHT"
  ],
  "radar_order_for_model": [
    "RADAR_FRONT",
    "RADAR_FRONT_LEFT",
    "RADAR_FRONT_RIGHT",
    "RADAR_BACK_LEFT",
    "RADAR_BACK_RIGHT"
  ],
  "coordinate_notes": {
    "carla_world": "left-handed x-forward y-right z-up",
    "bevfusion_lidar": "x-forward y-left z-up",
    "camera_frame_for_model": "OpenCV style x-right y-down z-forward"
  },
  "ego": {
    "actor_id": 49,
    "transform_carla": {
      "location": {
        "x": 106.13160705566406,
        "y": -26.543092727661133,
        "z": -0.00659538246691227
      },
      "rotation": {
        "roll": 0.39679527282714844,
        "pitch": 0.6138085722923279,
        "yaw": -94.47179412841797
      }
    },
    "velocity_carla": [
      -0.8770134449005127,
      -8.088459014892578,
      -0.0002183342003263533
    ],
    "angular_velocity_carla": [
      0.8911951184272766,
      1.994537591934204,
      -13.447484970092773
    ],
    "matrix_world_from_ego_carla": [
      [
        -0.07796386629343033,
        0.9969261288642883,
        0.0077394843101501465,
        106.13160705566406
      ],
      [
        -0.9968985915184021,
        -0.07804043591022491,
        0.010139950551092625,
        -26.543092727661133
      ],
      [
        0.010712775401771069,
        -0.006924930959939957,
        0.9999186396598816,
        -0.00659538246691227
      ],
      [
        0.0,
        0.0,
        0.0,
        1.0
      ]
    ],
    "matrix_world_from_ego_bevfusion": [
      [
        -0.07796386629343033,
        -0.9969261288642883,
        0.0077394843101501465,
        106.13160705566406
      ],
      [
        0.9968985915184021,
        -0.07804043591022491,
        -0.010139950551092625,
        26.543092727661133
      ],
      [
        0.010712775401771069,
        0.006924930959939957,
        0.9999186396598816,
        -0.00659538246691227
      ],
      [
        0.0,
        0.0,
        0.0,
        1.0
      ]
    ]
  },
  "sensors": {
    "CAM_FRONT": {
      "type_id": "sensor.camera.rgb",
      "blueprint_attributes": {
        "role_name": "front",
        "ros_name": "sensor.camera.rgb",
        "chromatic_aberration_offset": "0.0",
        "sensor_tick": "0.100000",
        "fstop": "1.4",
        "image_size_x": "960",
        "image_size_y": "540",
        "fov": "70.00",
        "lens_circle_falloff": "5.0",
        "lens_circle_multiplier": "0.0",
        "exposure_compensation": "0.0",
        "lens_y_size": "0.08",
        "lens_k": "-1.0",
        "exposure_mode": "histogram",
        "lens_kcube": "0.0",
        "lens_x_size": "0.08",
        "exposure_max_bright": "12.0",
        "shutter_speed": "200.0",
        "bloom_intensity": "0.675",
        "iso": "100.0",
        "enable_postprocess_effects": "false",
        "gamma": "2.2",
        "motion_blur_intensity": "0.0",
        "motion_blur_max_distortion": "0.35",
        "lens_flare_intensity": "0.1",
        "motion_blur_min_object_screen_size": "0.1",
        "exposure_min_bright": "10.0",
        "exposure_speed_up": "3.0",
        "exposure_speed_down": "1.0",
        "tint": "0.0",
        "calibration_constant": "16.0",
        "focal_distance": "1000.0",
        "min_fstop": "1.2",
        "blade_count": "5",
        "blur_amount": "0.0",
        "blur_radius": "0.0",
        "slope": "0.88",
        "toe": "0.55",
        "white_clip": "0.04",
        "shoulder": "0.26",
        "black_clip": "0.0",
        "temp": "6500.0",
        "chromatic_aberration_intensity": "0.0"
      },
      "transform_carla": {
        "location": {
          "x": 106.02392578125,
          "y": -28.071046829223633,
          "z": 1.7098708152770996
        },
        "rotation": {
          "roll": 0.39679527282714844,
          "pitch": 0.6138085722923279,
          "yaw": -94.47179412841797
        }
      },
      "matrix_world_from_sensor_carla": [
        [
          -0.07796386629343033,
          0.9969261288642883,
          0.0077394843101501465,
          106.02392578125
        ],
        [
          -0.9968985915184021,
          -0.07804043591022491,
          0.010139950551092625,
          -28.071046829223633
        ],
        [
          0.010712775401771069,
          -0.006924930959939957,
          0.9999186396598816,
          1.7098708152770996
        ],
        [
          0.0,
          0.0,
          0.0,
          1.0
        ]
      ],
      "matrix_world_from_sensor_bevfusion": [
        [
          0.9969261288642883,
          -0.0077394843101501465,
          -0.07796386629343033,
          106.02392578125
        ],
        [
          0.07804043591022491,
          0.010139950551092625,
          0.9968985915184021,
          28.071046829223633
        ],
        [
          -0.006924930959939957,
          -0.9999186396598816,
          0.010712775401771069,
          1.7098708152770996
        ],
        [
          0.0,
          0.0,
          0.0,
          1.0
        ]
      ],
      "matrix_ego_from_sensor_carla": [
        [
          0.9999999403953552,
          -5.751603193715482e-09,
          1.2295531259809422e-10,
          1.5499992370605469
        ],
        [
          -2.9617972518991564e-09,
          1.0,
          -3.5381558793901036e-11,
          0.0
        ],
        [
          1.2287953987666356e-10,
          -3.541944515461637e-11,
          1.0,
          1.6999998092651367
        ],
        [
          0.0,
          0.0,
          0.0,
          1.0
        ]
      ],
      "matrix_ego_from_sensor_bevfusion": [
        [
          -5.751603193715482e-09,
          -1.2295531259809422e-10,
          0.9999999403953552,
          1.5499992370605469
        ],
        [
          -1.0,
          -3.5381558793901036e-11,
          2.9617972518991564e-09,
          0.0
        ],
        [
          -3.541944515461637e-11,
          -1.0,
          1.2287953987666356e-10,
          1.6999998092651367
        ],
        [
          0.0,
          0.0,
          0.0,
          1.0
        ]
      ],
      "camera_intrinsics": [
        [
          685.5110473632812,
          0.0,
          480.0
        ],
        [
          0.0,
          685.5110473632812,
          270.0
        ],
        [
          0.0,
          0.0,
          1.0
        ]
      ],
      "data_path": "D:\\Agent-AI\\outputs\\s3a_ml_long_v1\\sample_000010\\images\\CAM_FRONT.png",
      "raw_layout": "bgra8"
    },
    "CAM_FRONT_RIGHT": {
      "type_id": "sensor.camera.rgb",
      "blueprint_attributes": {
        "role_name": "front",
        "ros_name": "sensor.camera.rgb",
        "chromatic_aberration_offset": "0.0",
        "sensor_tick": "0.100000",
        "fstop": "1.4",
        "image_size_x": "960",
        "image_size_y": "540",
        "fov": "70.00",
        "lens_circle_falloff": "5.0",
        "lens_circle_multiplier": "0.0",
        "exposure_compensation": "0.0",
        "lens_y_size": "0.08",
        "lens_k": "-1.0",
        "exposure_mode": "histogram",
        "lens_kcube": "0.0",
        "lens_x_size": "0.08",
        "exposure_max_bright": "12.0",
        "shutter_speed": "200.0",
        "bloom_intensity": "0.675",
        "iso": "100.0",
        "enable_postprocess_effects": "false",
        "gamma": "2.2",
        "motion_blur_intensity": "0.0",
        "motion_blur_max_distortion": "0.35",
        "lens_flare_intensity": "0.1",
        "motion_blur_min_object_screen_size": "0.1",
        "exposure_min_bright": "10.0",
        "exposure_speed_up": "3.0",
        "exposure_speed_down": "1.0",
        "tint": "0.0",
        "calibration_constant": "16.0",
        "focal_distance": "1000.0",
        "min_fstop": "1.2",
        "blade_count": "5",
        "blur_amount": "0.0",
        "blur_radius": "0.0",
        "slope": "0.88",
        "toe": "0.55",
        "white_clip": "0.04",
        "shoulder": "0.26",
        "black_clip": "0.0",
        "temp": "6500.0",
        "chromatic_aberration_intensity": "0.0"
      },
      "transform_carla": {
        "location": {
          "x": 106.59172821044922,
          "y": -27.86474609375,
          "z": 1.7033840417861938
        },
        "rotation": {
          "roll": 0.7303903102874756,
          "pitch": 0.027047548443078995,
          "yaw": -39.47373962402344
        }
      },
      "matrix_world_from_sensor_carla": [
        [
          0.7719159126281738,
          0.6356775164604187,
          0.007739447057247162,
          106.59172821044922
        ],
        [
          -0.6357244253158569,
          0.771849513053894,
          0.010139980353415012,
          -27.86474609375
        ],
        [
          0.00047206872841343284,
          -0.012747367843985558,
          0.9999186396598816,
          1.7033840417861938
        ],
        [
          0.0,
          0.0,
          0.0,
          1.0
        ]
      ],
      "matrix_world_from_sensor_bevfusion": [
        [
          0.6356775164604187,
          -0.007739447057247162,
          0.7719159126281738,
          106.59172821044922
        ],
        [
          -0.771849513053894,
          0.010139980353415012,
          0.6357244253158569,
          27.86474609375
        ],
        [
          -0.012747367843985558,
          -0.9999186396598816,
          0.00047206872841343284,
          1.7033840417861938
        ],
        [
          0.0,
          0.0,
          0.0,
          1.0
        ]
      ],
      "matrix_ego_from_sensor_carla": [
        [
          0.5735763311386108,
          -0.8191521763801575,
          -2.688539879613927e-08,
          1.2999992370605469
        ],
        [
          0.8191521167755127,
          0.5735762715339661,
          -3.961659089668501e-08,
          0.5500030517578125
        ],
        [
          4.6313576973489035e-08,
          1.4994804287127295e-09,
          1.0,
          1.6999998092651367
        ],
        [
          0.0,
          0.0,
          0.0,
          1.0
        ]
      ],
      "matrix_ego_from_sensor_bevfusion": [
        [
          -0.8191521763801575,
          2.688539879613927e-08,
          0.5735763311386108,
          1.2999992370605469
        ],
        [
          -0.5735762715339661,
          -3.961659089668501e-08,
          -0.8191521167755127,
          -0.5500030517578125
        ],
        [
          1.4994804287127295e-09,
          -1.0,
          4.6313576973489035e-08,
          1.6999998092651367
        ],
        [
          0.0,
          0.0,
          0.0,
          1.0
        ]
      ],
      "camera_intrinsics": [
        [
          685.5110473632812,
          0.0,
          480.0
        ],
        [
          0.0,
          685.5110473632812,
          270.0
        ],
        [
          0.0,
          0.0,
          1.0
        ]
      ],
      "data_path": "D:\\Agent-AI\\outputs\\s3a_ml_long_v1\\sample_000010\\images\\CAM_FRONT_RIGHT.png",
      "raw_layout": "bgra8"
    },
    "CAM_FRONT_LEFT": {
      "type_id": "sensor.camera.rgb",
      "blueprint_attributes": {
        "role_name": "front",
        "ros_name": "sensor.camera.rgb",
        "chromatic_aberration_offset": "0.0",
        "sensor_tick": "0.100000",
        "fstop": "1.4",
        "image_size_x": "960",
        "image_size_y": "540",
        "fov": "70.00",
        "lens_circle_falloff": "5.0",
        "lens_circle_multiplier": "0.0",
        "exposure_compensation": "0.0",
        "lens_y_size": "0.08",
        "lens_k": "-1.0",
        "exposure_mode": "histogram",
        "lens_kcube": "0.0",
        "lens_x_size": "0.08",
        "exposure_max_bright": "12.0",
        "shutter_speed": "200.0",
        "bloom_intensity": "0.675",
        "iso": "100.0",
        "enable_postprocess_effects": "false",
        "gamma": "2.2",
        "motion_blur_intensity": "0.0",
        "motion_blur_max_distortion": "0.35",
        "lens_flare_intensity": "0.1",
        "motion_blur_min_object_screen_size": "0.1",
        "exposure_min_bright": "10.0",
        "exposure_speed_up": "3.0",
        "exposure_speed_down": "1.0",
        "tint": "0.0",
        "calibration_constant": "16.0",
        "focal_distance": "1000.0",
        "min_fstop": "1.2",
        "blade_count": "5",
        "blur_amount": "0.0",
        "blur_radius": "0.0",
        "slope": "0.88",
        "toe": "0.55",
        "white_clip": "0.04",
        "shoulder": "0.26",
        "black_clip": "0.0",
        "temp": "6500.0",
        "chromatic_aberration_intensity": "0.0"
      },
      "transform_carla": {
        "location": {
          "x": 105.49510192871094,
          "y": -27.778900146484375,
          "z": 1.7110015153884888
        },
        "rotation": {
          "roll": -0.2752355933189392,
          "pitch": 0.6770902872085571,
          "yaw": -149.4755401611328
        }
      },
      "matrix_world_from_sensor_carla": [
        [
          -0.8613522052764893,
          0.5079492330551147,
          0.007739493623375893,
          105.49510192871094
        ],
        [
          -0.5078707933425903,
          -0.8613735437393188,
          0.010139958932995796,
          -27.778900146484375
        ],
        [
          0.01181717962026596,
          0.004803413525223732,
          0.9999186396598816,
          1.7110015153884888
        ],
        [
          0.0,
          0.0,
          0.0,
          1.0
        ]
      ],
      "matrix_world_from_sensor_bevfusion": [
        [
          0.5079492330551147,
          -0.007739493623375893,
          -0.8613522052764893,
          105.49510192871094
        ],
        [
          0.8613735437393188,
          0.010139958932995796,
          0.5078707933425903,
          27.778900146484375
        ],
        [
          0.004803413525223732,
          -0.9999186396598816,
          0.01181717962026596,
          1.7110015153884888
        ],
        [
          0.0,
          0.0,
          0.0,
          1.0
        ]
      ],
      "matrix_ego_from_sensor_carla": [
        [
          0.5735766887664795,
          0.8191518783569336,
          -9.190270766623598e-09,
          1.2999992370605469
        ],
        [
          -0.8191518783569336,
          0.5735765695571899,
          8.812182983319872e-09,
          -0.5500030517578125
        ],
        [
          1.1782336883925382e-08,
          1.7451070588592188e-09,
          1.0,
          1.6999998092651367
        ],
        [
          0.0,
          0.0,
          0.0,
          1.0
        ]
      ],
      "matrix_ego_from_sensor_bevfusion": [
        [
          0.8191518783569336,
          9.190270766623598e-09,
          0.5735766887664795,
          1.2999992370605469
        ],
        [
          -0.5735765695571899,
          8.812182983319872e-09,
          0.8191518783569336,
          0.5500030517578125
        ],
        [
          1.7451070588592188e-09,
          -1.0,
          1.1782336883925382e-08,
          1.6999998092651367
        ],
        [
          0.0,
          0.0,
          0.0,
          1.0
        ]
      ],
      "camera_intrinsics": [
        [
          685.5110473632812,
          0.0,
          480.0
        ],
        [
          0.0,
          685.5110473632812,
          270.0
        ],
        [
          0.0,
          0.0,
          1.0
        ]
      ],
      "data_path": "D:\\Agent-AI\\outputs\\s3a_ml_long_v1\\sample_000010\\images\\CAM_FRONT_LEFT.png",
      "raw_layout": "bgra8"
    },
    "CAM_BACK": {
      "type_id": "sensor.camera.rgb",
      "blueprint_attributes": {
        "role_name": "front",
        "ros_name": "sensor.camera.rgb",
        "chromatic_aberration_offset": "0.0",
        "sensor_tick": "0.100000",
        "fstop": "1.4",
        "image_size_x": "960",
        "image_size_y": "540",
        "fov": "70.00",
        "lens_circle_falloff": "5.0",
        "lens_circle_multiplier": "0.0",
        "exposure_compensation": "0.0",
        "lens_y_size": "0.08",
        "lens_k": "-1.0",
        "exposure_mode": "histogram",
        "lens_kcube": "0.0",
        "lens_x_size": "0.08",
        "exposure_max_bright": "12.0",
        "shutter_speed": "200.0",
        "bloom_intensity": "0.675",
        "iso": "100.0",
        "enable_postprocess_effects": "false",
        "gamma": "2.2",
        "motion_blur_intensity": "0.0",
        "motion_blur_max_distortion": "0.35",
        "lens_flare_intensity": "0.1",
        "motion_blur_min_object_screen_size": "0.1",
        "exposure_min_bright": "10.0",
        "exposure_speed_up": "3.0",
        "exposure_speed_down": "1.0",
        "tint": "0.0",
        "calibration_constant": "16.0",
        "focal_distance": "1000.0",
        "min_fstop": "1.2",
        "blade_count": "5",
        "blur_amount": "0.0",
        "blur_radius": "0.0",
        "slope": "0.88",
        "toe": "0.55",
        "white_clip": "0.04",
        "shoulder": "0.26",
        "black_clip": "0.0",
        "temp": "6500.0",
        "chromatic_aberration_intensity": "0.0"
      },
      "transform_carla": {
        "location": {
          "x": 106.26560974121094,
          "y": -24.980661392211914,
          "z": 1.6766616106033325
        },
        "rotation": {
          "roll": -0.39679545164108276,
          "pitch": -0.6138085722923279,
          "yaw": 85.5281982421875
        }
      },
      "matrix_world_from_sensor_carla": [
        [
          0.07796401530504227,
          -0.9969261288642883,
          0.007739488501101732,
          106.26560974121094
        ],
        [
          0.9968985915184021,
          0.07804058492183685,
          0.01013994961977005,
          -24.980661392211914
        ],
        [
          -0.010712775401771069,
          0.0069249337539076805,
          0.9999186396598816,
          1.6766616106033325
        ],
        [
          0.0,
          0.0,
          0.0,
          1.0
        ]
      ],
      "matrix_world_from_sensor_bevfusion": [
        [
          -0.9969261288642883,
          -0.007739488501101732,
          0.07796401530504227,
          106.26560974121094
        ],
        [
          -0.07804058492183685,
          0.01013994961977005,
          -0.9968985915184021,
          24.980661392211914
        ],
        [
          0.0069249337539076805,
          -0.9999186396598816,
          -0.010712775401771069,
          1.6766616106033325
        ],
        [
          0.0,
          0.0,
          0.0,
          1.0
        ]
      ],
      "matrix_ego_from_sensor_carla": [
        [
          -1.0,
          -1.4277169668730494e-07,
          1.2295531259809422e-10,
          -1.5500011444091797
        ],
        [
          1.5197340985650953e-07,
          -1.0,
          4.155570110242479e-09,
          0.0
        ],
        [
          8.08443034738815e-10,
          4.226143879293431e-09,
          1.0,
          1.7000000476837158
        ],
        [
          0.0,
          0.0,
          0.0,
          1.0
        ]
      ],
      "matrix_ego_from_sensor_bevfusion": [
        [
          -1.4277169668730494e-07,
          -1.2295531259809422e-10,
          -1.0,
          -1.5500011444091797
        ],
        [
          1.0,
          4.155570110242479e-09,
          -1.5197340985650953e-07,
          0.0
        ],
        [
          4.226143879293431e-09,
          -1.0,
          8.08443034738815e-10,
          1.7000000476837158
        ],
        [
          0.0,
          0.0,
          0.0,
          1.0
        ]
      ],
      "camera_intrinsics": [
        [
          685.5110473632812,
          0.0,
          480.0
        ],
        [
          0.0,
          685.5110473632812,
          270.0
        ],
        [
          0.0,
          0.0,
          1.0
        ]
      ],
      "data_path": "D:\\Agent-AI\\outputs\\s3a_ml_long_v1\\sample_000010\\images\\CAM_BACK.png",
      "raw_layout": "bgra8"
    },
    "CAM_BACK_LEFT": {
      "type_id": "sensor.camera.rgb",
      "blueprint_attributes": {
        "role_name": "front",
        "ros_name": "sensor.camera.rgb",
        "chromatic_aberration_offset": "0.0",
        "sensor_tick": "0.100000",
        "fstop": "1.4",
        "image_size_x": "960",
        "image_size_y": "540",
        "fov": "70.00",
        "lens_circle_falloff": "5.0",
        "lens_circle_multiplier": "0.0",
        "exposure_compensation": "0.0",
        "lens_y_size": "0.08",
        "lens_k": "-1.0",
        "exposure_mode": "histogram",
        "lens_kcube": "0.0",
        "lens_x_size": "0.08",
        "exposure_max_bright": "12.0",
        "shutter_speed": "200.0",
        "bloom_intensity": "0.675",
        "iso": "100.0",
        "enable_postprocess_effects": "false",
        "gamma": "2.2",
        "motion_blur_intensity": "0.0",
        "motion_blur_max_distortion": "0.35",
        "lens_flare_intensity": "0.1",
        "motion_blur_min_object_screen_size": "0.1",
        "exposure_min_bright": "10.0",
        "exposure_speed_up": "3.0",
        "exposure_speed_down": "1.0",
        "tint": "0.0",
        "calibration_constant": "16.0",
        "focal_distance": "1000.0",
        "min_fstop": "1.2",
        "blade_count": "5",
        "blur_amount": "0.0",
        "blur_radius": "0.0",
        "slope": "0.88",
        "toe": "0.55",
        "white_clip": "0.04",
        "shoulder": "0.26",
        "black_clip": "0.0",
        "temp": "6500.0",
        "chromatic_aberration_intensity": "0.0"
      },
      "transform_carla": {
        "location": {
          "x": 105.69780731201172,
          "y": -25.18696403503418,
          "z": 1.6831485033035278
        },
        "rotation": {
          "roll": -0.7303902506828308,
          "pitch": -0.027047548443078995,
          "yaw": 140.5262451171875
        }
      },
      "matrix_world_from_sensor_carla": [
        [
          -0.7719156742095947,
          -0.6356778144836426,
          0.00773945078253746,
          105.69780731201172
        ],
        [
          0.6357247233390808,
          -0.7718492746353149,
          0.010139976628124714,
          -25.18696403503418
        ],
        [
          -0.00047206872841343284,
          0.012747366912662983,
          0.9999186396598816,
          1.6831485033035278
        ],
        [
          0.0,
          0.0,
          0.0,
          1.0
        ]
      ],
      "matrix_world_from_sensor_bevfusion": [
        [
          -0.6356778144836426,
          -0.00773945078253746,
          -0.7719156742095947,
          105.69780731201172
        ],
        [
          0.7718492746353149,
          0.010139976628124714,
          -0.6357247233390808,
          25.18696403503418
        ],
        [
          0.012747366912662983,
          -0.9999186396598816,
          -0.00047206872841343284,
          1.6831485033035278
        ],
        [
          0.0,
          0.0,
          0.0,
          1.0
        ]
      ],
      "matrix_ego_from_sensor_carla": [
        [
          -0.5735766291618347,
          0.8191519379615784,
          -2.4091431072292835e-08,
          -1.2999992370605469
        ],
        [
          -0.8191518783569336,
          -0.5735766291618347,
          -3.542563931091536e-08,
          -0.5500030517578125
        ],
        [
          -4.142413345675777e-08,
          -2.430727175095626e-09,
          1.0,
          1.7000000476837158
        ],
        [
          0.0,
          0.0,
          0.0,
          1.0
        ]
      ],
      "matrix_ego_from_sensor_bevfusion": [
        [
          0.8191519379615784,
          2.4091431072292835e-08,
          -0.5735766291618347,
          -1.2999992370605469
        ],
        [
          0.5735766291618347,
          -3.542563931091536e-08,
          0.8191518783569336,
          0.5500030517578125
        ],
        [
          -2.430727175095626e-09,
          -1.0,
          -4.142413345675777e-08,
          1.7000000476837158
        ],
        [
          0.0,
          0.0,
          0.0,
          1.0
        ]
      ],
      "camera_intrinsics": [
        [
          685.5110473632812,
          0.0,
          480.0
        ],
        [
          0.0,
          685.5110473632812,
          270.0
        ],
        [
          0.0,
          0.0,
          1.0
        ]
      ],
      "data_path": "D:\\Agent-AI\\outputs\\s3a_ml_long_v1\\sample_000010\\images\\CAM_BACK_LEFT.png",
      "raw_layout": "bgra8"
    },
    "CAM_BACK_RIGHT": {
      "type_id": "sensor.camera.rgb",
      "blueprint_attributes": {
        "role_name": "front",
        "ros_name": "sensor.camera.rgb",
        "chromatic_aberration_offset": "0.0",
        "sensor_tick": "0.100000",
        "fstop": "1.4",
        "image_size_x": "960",
        "image_size_y": "540",
        "fov": "70.00",
        "lens_circle_falloff": "5.0",
        "lens_circle_multiplier": "0.0",
        "exposure_compensation": "0.0",
        "lens_y_size": "0.08",
        "lens_k": "-1.0",
        "exposure_mode": "histogram",
        "lens_kcube": "0.0",
        "lens_x_size": "0.08",
        "exposure_max_bright": "12.0",
        "shutter_speed": "200.0",
        "bloom_intensity": "0.675",
        "iso": "100.0",
        "enable_postprocess_effects": "false",
        "gamma": "2.2",
        "motion_blur_intensity": "0.0",
        "motion_blur_max_distortion": "0.35",
        "lens_flare_intensity": "0.1",
        "motion_blur_min_object_screen_size": "0.1",
        "exposure_min_bright": "10.0",
        "exposure_speed_up": "3.0",
        "exposure_speed_down": "1.0",
        "tint": "0.0",
        "calibration_constant": "16.0",
        "focal_distance": "1000.0",
        "min_fstop": "1.2",
        "blade_count": "5",
        "blur_amount": "0.0",
        "blur_radius": "0.0",
        "slope": "0.88",
        "toe": "0.55",
        "white_clip": "0.04",
        "shoulder": "0.26",
        "black_clip": "0.0",
        "temp": "6500.0",
        "chromatic_aberration_intensity": "0.0"
      },
      "transform_carla": {
        "location": {
          "x": 106.79443359375,
          "y": -25.272809982299805,
          "z": 1.6755309104919434
        },
        "rotation": {
          "roll": 0.2752356231212616,
          "pitch": -0.6770902872085571,
          "yaw": 30.52443504333496
        }
      },
      "matrix_world_from_sensor_carla": [
        [
          0.8613525032997131,
          -0.5079487562179565,
          0.007739498279988766,
          106.79443359375
        ],
        [
          0.5078703165054321,
          0.8613738417625427,
          0.010139955207705498,
          -25.272809982299805
        ],
        [
          -0.01181717962026596,
          -0.004803413990885019,
          0.9999186396598816,
          1.6755309104919434
        ],
        [
          0.0,
          0.0,
          0.0,
          1.0
        ]
      ],
      "matrix_world_from_sensor_bevfusion": [
        [
          -0.5079487562179565,
          -0.007739498279988766,
          0.8613525032997131,
          106.79443359375
        ],
        [
          -0.8613738417625427,
          0.010139955207705498,
          -0.5078703165054321,
          25.272809982299805
        ],
        [
          -0.004803413990885019,
          -0.9999186396598816,
          -0.01181717962026596,
          1.6755309104919434
        ],
        [
          0.0,
          0.0,
          0.0,
          1.0
        ]
      ],
      "matrix_ego_from_sensor_carla": [
        [
          -0.5735762119293213,
          -0.8191521763801575,
          -6.396302598687953e-09,
          -1.2999992370605469
        ],
        [
          0.8191522359848022,
          -0.5735761523246765,
          1.3468795856397264e-08,
          0.5500030517578125
        ],
        [
          -1.3644982033156339e-08,
          4.7741890440988755e-09,
          1.0,
          1.7000000476837158
        ],
        [
          0.0,
          0.0,
          0.0,
          1.0
        ]
      ],
      "matrix_ego_from_sensor_bevfusion": [
        [
          -0.8191521763801575,
          6.396302598687953e-09,
          -0.5735762119293213,
          -1.2999992370605469
        ],
        [
          0.5735761523246765,
          1.3468795856397264e-08,
          -0.8191522359848022,
          -0.5500030517578125
        ],
        [
          4.7741890440988755e-09,
          -1.0,
          -1.3644982033156339e-08,
          1.7000000476837158
        ],
        [
          0.0,
          0.0,
          0.0,
          1.0
        ]
      ],
      "camera_intrinsics": [
        [
          685.5110473632812,
          0.0,
          480.0
        ],
        [
          0.0,
          685.5110473632812,
          270.0
        ],
        [
          0.0,
          0.0,
          1.0
        ]
      ],
      "data_path": "D:\\Agent-AI\\outputs\\s3a_ml_long_v1\\sample_000010\\images\\CAM_BACK_RIGHT.png",
      "raw_layout": "bgra8"
    },
    "LIDAR_TOP": {
      "type_id": "sensor.lidar.ray_cast",
      "blueprint_attributes": {
        "atmosphere_attenuation_rate": "0.004",
        "role_name": "front",
        "noise_seed": "0",
        "upper_fov": "10.0",
        "ros_name": "sensor.lidar.ray_cast",
        "sensor_tick": "0.100000",
        "channels": "32",
        "range": "120.0",
        "points_per_second": "360000",
        "lower_fov": "-30.0",
        "rotation_frequency": "10.000000",
        "horizontal_fov": "360.0",
        "dropoff_general_rate": "0.0",
        "dropoff_intensity_limit": "1.0",
        "noise_stddev": "0.0",
        "dropoff_zero_intensity": "0.0"
      },
      "transform_carla": {
        "location": {
          "x": 106.14864349365234,
          "y": -26.52078628540039,
          "z": 2.193225622177124
        },
        "rotation": {
          "roll": 0.39679527282714844,
          "pitch": 0.6138085722923279,
          "yaw": -94.47179412841797
        }
      },
      "matrix_world_from_sensor_carla": [
        [
          -0.07796386629343033,
          0.9969261288642883,
          0.0077394843101501465,
          106.14864349365234
        ],
        [
          -0.9968985915184021,
          -0.07804043591022491,
          0.010139950551092625,
          -26.52078628540039
        ],
        [
          0.010712775401771069,
          -0.006924930959939957,
          0.9999186396598816,
          2.193225622177124
        ],
        [
          0.0,
          0.0,
          0.0,
          1.0
        ]
      ],
      "matrix_world_from_sensor_bevfusion": [
        [
          -0.07796386629343033,
          -0.9969261288642883,
          0.0077394843101501465,
          106.14864349365234
        ],
        [
          0.9968985915184021,
          -0.07804043591022491,
          -0.010139950551092625,
          26.52078628540039
        ],
        [
          0.010712775401771069,
          0.006924930959939957,
          0.9999186396598816,
          2.193225622177124
        ],
        [
          0.0,
          0.0,
          0.0,
          1.0
        ]
      ],
      "matrix_ego_from_sensor_carla": [
        [
          0.9999999403953552,
          -5.751603193715482e-09,
          1.2295531259809422e-10,
          0.0
        ],
        [
          -2.9617972518991564e-09,
          1.0,
          -3.5381558793901036e-11,
          7.62939453125e-06
        ],
        [
          1.2287953987666356e-10,
          -3.541944515461637e-11,
          1.0,
          2.200000047683716
        ],
        [
          0.0,
          0.0,
          0.0,
          1.0
        ]
      ],
      "matrix_ego_from_sensor_bevfusion": [
        [
          0.9999999403953552,
          5.751603193715482e-09,
          1.2295531259809422e-10,
          0.0
        ],
        [
          2.9617972518991564e-09,
          1.0,
          3.5381558793901036e-11,
          -7.62939453125e-06
        ],
        [
          1.2287953987666356e-10,
          3.541944515461637e-11,
          1.0,
          2.200000047683716
        ],
        [
          0.0,
          0.0,
          0.0,
          1.0
        ]
      ],
      "data_path": "D:\\Agent-AI\\outputs\\s3a_ml_long_v1\\sample_000010\\lidar\\LIDAR_TOP.npy",
      "raw_layout": [
        "x",
        "y",
        "z",
        "intensity"
      ]
    },
    "RADAR_FRONT": {
      "type_id": "sensor.other.radar",
      "blueprint_attributes": {
        "sensor_tick": "0.100000",
        "role_name": "default",
        "noise_seed": "0",
        "ros_name": "sensor.other.radar",
        "horizontal_fov": "35.0",
        "points_per_second": "1500",
        "vertical_fov": "20.0",
        "range": "120.0"
      },
      "transform_carla": {
        "location": {
          "x": 105.9826431274414,
          "y": -28.52776336669922,
          "z": 0.9147568941116333
        },
        "rotation": {
          "roll": 0.39679527282714844,
          "pitch": 0.6138085722923279,
          "yaw": -94.47179412841797
        }
      },
      "matrix_world_from_sensor_carla": [
        [
          -0.07796386629343033,
          0.9969261288642883,
          0.0077394843101501465,
          105.9826431274414
        ],
        [
          -0.9968985915184021,
          -0.07804043591022491,
          0.010139950551092625,
          -28.52776336669922
        ],
        [
          0.010712775401771069,
          -0.006924930959939957,
          0.9999186396598816,
          0.9147568941116333
        ],
        [
          0.0,
          0.0,
          0.0,
          1.0
        ]
      ],
      "matrix_world_from_sensor_bevfusion": [
        [
          -0.07796386629343033,
          -0.9969261288642883,
          0.0077394843101501465,
          105.9826431274414
        ],
        [
          0.9968985915184021,
          -0.07804043591022491,
          -0.010139950551092625,
          28.52776336669922
        ],
        [
          0.010712775401771069,
          0.006924930959939957,
          0.9999186396598816,
          0.9147568941116333
        ],
        [
          0.0,
          0.0,
          0.0,
          1.0
        ]
      ],
      "matrix_ego_from_sensor_carla": [
        [
          0.9999999403953552,
          -5.751603193715482e-09,
          1.2295531259809422e-10,
          2.0
        ],
        [
          -2.9617972518991564e-09,
          1.0,
          -3.5381558793901036e-11,
          0.0
        ],
        [
          1.2287953987666356e-10,
          -3.541944515461637e-11,
          1.0,
          0.8999998569488525
        ],
        [
          0.0,
          0.0,
          0.0,
          1.0
        ]
      ],
      "matrix_ego_from_sensor_bevfusion": [
        [
          0.9999999403953552,
          5.751603193715482e-09,
          1.2295531259809422e-10,
          2.0
        ],
        [
          2.9617972518991564e-09,
          1.0,
          3.5381558793901036e-11,
          0.0
        ],
        [
          1.2287953987666356e-10,
          3.541944515461637e-11,
          1.0,
          0.8999998569488525
        ],
        [
          0.0,
          0.0,
          0.0,
          1.0
        ]
      ],
      "data_path": "D:\\Agent-AI\\outputs\\s3a_ml_long_v1\\sample_000010\\radar\\RADAR_FRONT.npy",
      "raw_layout": [
        "velocity",
        "altitude",
        "azimuth",
        "depth"
      ]
    },
    "RADAR_FRONT_LEFT": {
      "type_id": "sensor.other.radar",
      "blueprint_attributes": {
        "sensor_tick": "0.100000",
        "role_name": "default",
        "noise_seed": "0",
        "ros_name": "sensor.other.radar",
        "horizontal_fov": "35.0",
        "points_per_second": "1500",
        "vertical_fov": "20.0",
        "range": "120.0"
      },
      "transform_carla": {
        "location": {
          "x": 105.26224517822266,
          "y": -28.120319366455078,
          "z": 0.9162011742591858
        },
        "rotation": {
          "roll": -0.15347369015216827,
          "pitch": 0.714594841003418,
          "yaw": -139.47488403320312
        }
      },
      "matrix_world_from_sensor_carla": [
        [
          -0.760062038898468,
          0.649804413318634,
          0.007739461027085781,
          105.26224517822266
        ],
        [
          -0.6497308015823364,
          -0.7600967288017273,
          0.010139929130673409,
          -28.120319366455078
        ],
        [
          0.01247170940041542,
          0.0026784094516187906,
          0.9999186396598816,
          0.9162011742591858
        ],
        [
          0.0,
          0.0,
          0.0,
          1.0
        ]
      ],
      "matrix_world_from_sensor_bevfusion": [
        [
          -0.760062038898468,
          -0.649804413318634,
          0.007739461027085781,
          105.26224517822266
        ],
        [
          0.6497308015823364,
          -0.7600967288017273,
          -0.010139929130673409,
          28.120319366455078
        ],
        [
          0.01247170940041542,
          -0.0026784094516187906,
          0.9999186396598816,
          0.9162011742591858
        ],
        [
          0.0,
          0.0,
          0.0,
          1.0
        ]
      ],
      "matrix_ego_from_sensor_carla": [
        [
          0.7071067690849304,
          0.7071068286895752,
          2.247469765848109e-08,
          1.6499996185302734
        ],
        [
          -0.7071068286895752,
          0.7071067690849304,
          -2.145580069168318e-08,
          -0.75
        ],
        [
          -3.2157203122551437e-08,
          -1.6166360472524843e-09,
          1.0,
          0.9000000953674316
        ],
        [
          0.0,
          0.0,
          0.0,
          1.0
        ]
      ],
      "matrix_ego_from_sensor_bevfusion": [
        [
          0.7071067690849304,
          -0.7071068286895752,
          2.247469765848109e-08,
          1.6499996185302734
        ],
        [
          0.7071068286895752,
          0.7071067690849304,
          2.145580069168318e-08,
          0.75
        ],
        [
          -3.2157203122551437e-08,
          1.6166360472524843e-09,
          1.0,
          0.9000000953674316
        ],
        [
          0.0,
          0.0,
          0.0,
          1.0
        ]
      ],
      "data_path": "D:\\Agent-AI\\outputs\\s3a_ml_long_v1\\sample_000010\\radar\\RADAR_FRONT_LEFT.npy",
      "raw_layout": [
        "velocity",
        "altitude",
        "azimuth",
        "depth"
      ]
    },
    "RADAR_FRONT_RIGHT": {
      "type_id": "sensor.other.radar",
      "blueprint_attributes": {
        "sensor_tick": "0.100000",
        "role_name": "default",
        "noise_seed": "0",
        "ros_name": "sensor.other.radar",
        "horizontal_fov": "35.0",
        "points_per_second": "1500",
        "vertical_fov": "20.0",
        "range": "120.0"
