{
  "schema_version": "stage1.v1",
  "sample_name": "sample_000036",
  "sequence_index": 36,
  "previous_sample_name": "sample_000035",
  "frame_id": 3956,
  "timestamp": 42.73108660057187,
  "platform_timestamp": 16816498.2241909,
  "delta_seconds": 0.10000000149011612,
  "town": "Carla/Maps/Town10HD_Opt",
  "weather": {
    "cloudiness": 20.0,
    "dust_storm": 0.0,
    "fog_density": 2.0,
    "fog_distance": 0.75,
    "fog_falloff": 0.10000000149011612,
    "mie_scattering_scale": 0.029999999329447746,
    "precipitation": 0.0,
    "precipitation_deposits": 0.0,
    "rayleigh_scattering_scale": 0.03310000151395798,
    "scattering_intensity": 1.0,
    "sun_altitude_angle": 45.0,
    "sun_azimuth_angle": 300.0,
    "wetness": 0.0,
    "wind_intensity": 10.0
  },
  "sensor_names": [
    "CAM_FRONT",
    "CAM_FRONT_RIGHT",
    "CAM_FRONT_LEFT",
    "CAM_BACK",
    "CAM_BACK_LEFT",
    "CAM_BACK_RIGHT",
    "LIDAR_TOP",
    "RADAR_FRONT",
    "RADAR_FRONT_LEFT",
    "RADAR_FRONT_RIGHT",
    "RADAR_BACK_LEFT",
    "RADAR_BACK_RIGHT"
  ],
  "camera_order_for_model": [
    "CAM_FRONT",
    "CAM_FRONT_RIGHT",
    "CAM_FRONT_LEFT",
    "CAM_BACK",
    "CAM_BACK_LEFT",
    "CAM_BACK_RIGHT"
  ],
  "radar_order_for_model": [
    "RADAR_FRONT",
    "RADAR_FRONT_LEFT",
    "RADAR_FRONT_RIGHT",
    "RADAR_BACK_LEFT",
    "RADAR_BACK_RIGHT"
  ],
  "coordinate_notes": {
    "carla_world": "left-handed x-forward y-right z-up",
    "bevfusion_lidar": "x-forward y-left z-up",
    "camera_frame_for_model": "OpenCV style x-right y-down z-forward"
  },
  "ego": {
    "actor_id": 24,
    "transform_carla": {
      "location": {
        "x": 107.63892364501953,
        "y": -36.4334602355957,
        "z": -0.0041942596435546875
      },
      "rotation": {
        "roll": 0.01954604685306549,
        "pitch": -0.08226962387561798,
        "yaw": -106.49022674560547
      }
    },
    "velocity_carla": [
      -0.8594770431518555,
      -2.7524917125701904,
      2.0885468074993696e-06
    ],
    "angular_velocity_carla": [
      -0.2770266532897949,
      0.09185194969177246,
      -1.6127781867980957
    ],
    "matrix_world_from_ego_carla": [
      [
        -0.2838514447212219,
        0.9588682651519775,
        -8.046464063227177e-05,
        107.63892364501953
      ],
      [
        -0.9588672518730164,
        -0.2838512361049652,
        -0.0014736490556970239,
        -36.4334602355957
      ],
      [
        -0.001435875310562551,
        -0.00034114252775907516,
        0.999998927116394,
        -0.0041942596435546875
      ],
      [
        0.0,
        0.0,
        0.0,
        1.0
      ]
    ],
    "matrix_world_from_ego_bevfusion": [
      [
        -0.2838514447212219,
        -0.9588682651519775,
        -8.046464063227177e-05,
        107.63892364501953
      ],
      [
        0.9588672518730164,
        -0.2838512361049652,
        0.0014736490556970239,
        36.4334602355957
      ],
      [
        -0.001435875310562551,
        0.00034114252775907516,
        0.999998927116394,
        -0.0041942596435546875
      ],
      [
        0.0,
        0.0,
        0.0,
        1.0
      ]
    ]
  },
  "sensors": {
    "CAM_FRONT": {
      "type_id": "sensor.camera.rgb",
      "blueprint_attributes": {
        "role_name": "front",
        "ros_name": "sensor.camera.rgb",
        "chromatic_aberration_offset": "0.0",
        "sensor_tick": "0.100000",
        "fstop": "1.4",
        "image_size_x": "960",
        "image_size_y": "540",
        "fov": "70.00",
        "lens_circle_falloff": "5.0",
        "lens_circle_multiplier": "0.0",
        "exposure_compensation": "0.0",
        "lens_y_size": "0.08",
        "lens_k": "-1.0",
        "exposure_mode": "histogram",
        "lens_kcube": "0.0",
        "lens_x_size": "0.08",
        "exposure_max_bright": "12.0",
        "shutter_speed": "200.0",
        "bloom_intensity": "0.675",
        "iso": "100.0",
        "enable_postprocess_effects": "false",
        "gamma": "2.2",
        "motion_blur_intensity": "0.0",
        "motion_blur_max_distortion": "0.35",
        "lens_flare_intensity": "0.1",
        "motion_blur_min_object_screen_size": "0.1",
        "exposure_min_bright": "10.0",
        "exposure_speed_up": "3.0",
        "exposure_speed_down": "1.0",
        "tint": "0.0",
        "calibration_constant": "16.0",
        "focal_distance": "1000.0",
        "min_fstop": "1.2",
        "blade_count": "5",
        "blur_amount": "0.0",
        "blur_radius": "0.0",
        "slope": "0.88",
        "toe": "0.55",
        "white_clip": "0.04",
        "shoulder": "0.26",
        "black_clip": "0.0",
        "temp": "6500.0",
        "chromatic_aberration_intensity": "0.0"
      },
      "transform_carla": {
        "location": {
          "x": 107.19881439208984,
          "y": -37.922210693359375,
          "z": 1.6935781240463257
        },
        "rotation": {
          "roll": 0.01954604685306549,
          "pitch": -0.08226962387561798,
          "yaw": -106.49022674560547
        }
      },
      "matrix_world_from_sensor_carla": [
        [
          -0.2838514447212219,
          0.9588682651519775,
          -8.046464063227177e-05,
          107.19881439208984
        ],
        [
          -0.9588672518730164,
          -0.2838512361049652,
          -0.0014736490556970239,
          -37.922210693359375
        ],
        [
          -0.001435875310562551,
          -0.00034114252775907516,
          0.999998927116394,
          1.6935781240463257
        ],
        [
          0.0,
          0.0,
          0.0,
          1.0
        ]
      ],
      "matrix_world_from_sensor_bevfusion": [
        [
          0.9588682651519775,
          8.046464063227177e-05,
          -0.2838514447212219,
          107.19881439208984
        ],
        [
          0.2838512361049652,
          -0.0014736490556970239,
          0.9588672518730164,
          37.922210693359375
        ],
        [
          -0.00034114252775907516,
          -0.999998927116394,
          -0.001435875310562551,
          1.6935781240463257
        ],
        [
          0.0,
          0.0,
          0.0,
          1.0
        ]
      ],
      "matrix_ego_from_sensor_carla": [
        [
          1.0,
          -5.9998304102748534e-09,
          2.7127772250779003e-11,
          1.5500006675720215
        ],
        [
          -1.964503004714402e-09,
          1.0,
          1.6760197396603616e-11,
          0.0
        ],
        [
          -3.702586848230993e-12,
          7.990108574773558e-12,
          1.0,
          1.6999996900558472
        ],
        [
          0.0,
          0.0,
          0.0,
          1.0
        ]
      ],
      "matrix_ego_from_sensor_bevfusion": [
        [
          -5.9998304102748534e-09,
          -2.7127772250779003e-11,
          1.0,
          1.5500006675720215
        ],
        [
          -1.0,
          1.6760197396603616e-11,
          1.964503004714402e-09,
          0.0
        ],
        [
          7.990108574773558e-12,
          -1.0,
          -3.702586848230993e-12,
          1.6999996900558472
        ],
        [
          0.0,
          0.0,
          0.0,
          1.0
        ]
      ],
      "camera_intrinsics": [
        [
          685.5110473632812,
          0.0,
          480.0
        ],
        [
          0.0,
          685.5110473632812,
          270.0
        ],
        [
          0.0,
          0.0,
          1.0
        ]
      ],
      "data_path": "D:\\Agent-AI\\outputs\\s3a_left_v3\\sample_000036\\images\\CAM_FRONT.png",
      "raw_layout": "bgra8"
    },
    "CAM_FRONT_RIGHT": {
      "type_id": "sensor.camera.rgb",
      "blueprint_attributes": {
        "role_name": "front",
        "ros_name": "sensor.camera.rgb",
        "chromatic_aberration_offset": "0.0",
        "sensor_tick": "0.100000",
        "fstop": "1.4",
        "image_size_x": "960",
        "image_size_y": "540",
        "fov": "70.00",
        "lens_circle_falloff": "5.0",
        "lens_circle_multiplier": "0.0",
        "exposure_compensation": "0.0",
        "lens_y_size": "0.08",
        "lens_k": "-1.0",
        "exposure_mode": "histogram",
        "lens_kcube": "0.0",
        "lens_x_size": "0.08",
        "exposure_max_bright": "12.0",
        "shutter_speed": "200.0",
        "bloom_intensity": "0.675",
        "iso": "100.0",
        "enable_postprocess_effects": "false",
        "gamma": "2.2",
        "motion_blur_intensity": "0.0",
        "motion_blur_max_distortion": "0.35",
        "lens_flare_intensity": "0.1",
        "motion_blur_min_object_screen_size": "0.1",
        "exposure_min_bright": "10.0",
        "exposure_speed_up": "3.0",
        "exposure_speed_down": "1.0",
        "tint": "0.0",
        "calibration_constant": "16.0",
        "focal_distance": "1000.0",
        "min_fstop": "1.2",
        "blade_count": "5",
        "blur_amount": "0.0",
        "blur_radius": "0.0",
        "slope": "0.88",
        "toe": "0.55",
        "white_clip": "0.04",
        "shoulder": "0.26",
        "black_clip": "0.0",
        "temp": "6500.0",
        "chromatic_aberration_intensity": "0.0"
      },
      "transform_carla": {
        "location": {
          "x": 107.79715728759766,
          "y": -37.8386116027832,
          "z": 1.6937493085861206
        },
        "rotation": {
          "roll": -0.05618492141366005,
          "pitch": -0.06320656836032867,
          "yaw": -51.49019241333008
        }
      },
      "matrix_world_from_sensor_carla": [
        [
          0.6226482391357422,
          0.7825018763542175,
          -8.044805144891143e-05,
          107.79715728759766
        ],
        [
          -0.7825011014938354,
          0.6226474642753601,
          -0.0014738026075065136,
          -37.8386116027832
        ],
        [
          -0.001103162532672286,
          0.0009806111920624971,
          0.999998927116394,
          1.6937493085861206
        ],
        [
          0.0,
          0.0,
          0.0,
          1.0
        ]
      ],
      "matrix_world_from_sensor_bevfusion": [
        [
          0.7825018763542175,
          8.044805144891143e-05,
          0.6226482391357422,
          107.79715728759766
        ],
        [
          -0.6226474642753601,
          -0.0014738026075065136,
          0.7825011014938354,
          37.8386116027832
        ],
        [
          0.0009806111920624971,
          -0.999998927116394,
          -0.001103162532672286,
          1.6937493085861206
        ],
        [
          0.0,
          0.0,
          0.0,
          1.0
        ]
      ],
      "matrix_ego_from_sensor_carla": [
        [
          0.5735766291618347,
          -0.8191518783569336,
          1.4251948243781953e-07,
          1.3000001907348633
        ],
        [
          0.8191518783569336,
          0.5735765695571899,
          5.950499115670027e-08,
          0.5500030517578125
        ],
        [
          -1.3053282543751266e-07,
          8.25920878355646e-08,
          1.0,
          1.6999995708465576
        ],
        [
          0.0,
          0.0,
          0.0,
          1.0
        ]
      ],
      "matrix_ego_from_sensor_bevfusion": [
        [
          -0.8191518783569336,
          -1.4251948243781953e-07,
          0.5735766291618347,
          1.3000001907348633
        ],
        [
          -0.5735765695571899,
          5.950499115670027e-08,
          -0.8191518783569336,
          -0.5500030517578125
        ],
        [
          8.25920878355646e-08,
          -1.0,
          -1.3053282543751266e-07,
          1.6999995708465576
        ],
        [
          0.0,
          0.0,
          0.0,
          1.0
        ]
      ],
      "camera_intrinsics": [
        [
          685.5110473632812,
          0.0,
          480.0
        ],
        [
          0.0,
          685.5110473632812,
          270.0
        ],
        [
          0.0,
          0.0,
          1.0
        ]
      ],
      "data_path": "D:\\Agent-AI\\outputs\\s3a_left_v3\\sample_000036\\images\\CAM_FRONT_RIGHT.png",
      "raw_layout": "bgra8"
    },
    "CAM_FRONT_LEFT": {
      "type_id": "sensor.camera.rgb",
      "blueprint_attributes": {
        "role_name": "front",
        "ros_name": "sensor.camera.rgb",
        "chromatic_aberration_offset": "0.0",
        "sensor_tick": "0.100000",
        "fstop": "1.4",
        "image_size_x": "960",
        "image_size_y": "540",
        "fov": "70.00",
        "lens_circle_falloff": "5.0",
        "lens_circle_multiplier": "0.0",
        "exposure_compensation": "0.0",
        "lens_y_size": "0.08",
        "lens_k": "-1.0",
        "exposure_mode": "histogram",
        "lens_kcube": "0.0",
        "lens_x_size": "0.08",
        "exposure_max_bright": "12.0",
        "shutter_speed": "200.0",
        "bloom_intensity": "0.675",
        "iso": "100.0",
        "enable_postprocess_effects": "false",
        "gamma": "2.2",
        "motion_blur_intensity": "0.0",
        "motion_blur_max_distortion": "0.35",
        "lens_flare_intensity": "0.1",
        "motion_blur_min_object_screen_size": "0.1",
        "exposure_min_bright": "10.0",
        "exposure_speed_up": "3.0",
        "exposure_speed_down": "1.0",
        "tint": "0.0",
        "calibration_constant": "16.0",
        "focal_distance": "1000.0",
        "min_fstop": "1.2",
        "blade_count": "5",
        "blur_amount": "0.0",
        "blur_radius": "0.0",
        "slope": "0.88",
        "toe": "0.55",
        "white_clip": "0.04",
        "shoulder": "0.26",
        "black_clip": "0.0",
        "temp": "6500.0",
        "chromatic_aberration_intensity": "0.0"
      },
      "transform_carla": {
        "location": {
          "x": 106.74240112304688,
          "y": -37.52637481689453,
          "z": 1.694124698638916
        },
        "rotation": {
          "roll": 0.07860719412565231,
          "pitch": -0.03117981180548668,
          "yaw": -161.49020385742188
        }
      },
      "matrix_world_from_sensor_carla": [
        [
          -0.9482693076133728,
          0.31746718287467957,
          -8.048885501921177e-05,
          106.74240112304688
        ],
        [
          -0.31746673583984375,
          -0.9482682943344116,
          -0.0014737441670149565,
          -37.52637481689453
        ],
        [
          -0.0005441903485916555,
          -0.001371953752823174,
          0.999998927116394,
          1.694124698638916
        ],
        [
          0.0,
          0.0,
          0.0,
          1.0
        ]
      ],
      "matrix_world_from_sensor_bevfusion": [
        [
          0.31746718287467957,
          8.048885501921177e-05,
          -0.9482693076133728,
          106.74240112304688
        ],
        [
          0.9482682943344116,
          -0.0014737441670149565,
          0.31746673583984375,
          37.52637481689453
        ],
        [
          -0.001371953752823174,
          -0.999998927116394,
          -0.0005441903485916555,
          1.694124698638916
        ],
        [
          0.0,
          0.0,
          0.0,
          1.0
        ]
      ],
      "matrix_ego_from_sensor_carla": [
        [
          0.5735767483711243,
          0.819151759147644,
          9.804882949993043e-08,
          1.3000011444091797
        ],
        [
          -0.8191518187522888,
          0.573576807975769,
          3.800258330244333e-09,
          -0.5500030517578125
        ],
        [
          -5.3109381781268894e-08,
          -8.24981398750424e-08,
          1.0,
          1.6999996900558472
        ],
        [
          0.0,
          0.0,
          0.0,
          1.0
        ]
      ],
      "matrix_ego_from_sensor_bevfusion": [
        [
          0.819151759147644,
          -9.804882949993043e-08,
          0.5735767483711243,
          1.3000011444091797
        ],
        [
          -0.573576807975769,
          3.800258330244333e-09,
          0.8191518187522888,
          0.5500030517578125
        ],
        [
          -8.24981398750424e-08,
          -1.0,
          -5.3109381781268894e-08,
          1.6999996900558472
        ],
        [
          0.0,
          0.0,
          0.0,
          1.0
        ]
      ],
      "camera_intrinsics": [
        [
          685.5110473632812,
          0.0,
          480.0
        ],
        [
          0.0,
          685.5110473632812,
          270.0
        ],
        [
          0.0,
          0.0,
          1.0
        ]
      ],
      "data_path": "D:\\Agent-AI\\outputs\\s3a_left_v3\\sample_000036\\images\\CAM_FRONT_LEFT.png",
      "raw_layout": "bgra8"
    },
    "CAM_BACK": {
      "type_id": "sensor.camera.rgb",
      "blueprint_attributes": {
        "role_name": "front",
        "ros_name": "sensor.camera.rgb",
        "chromatic_aberration_offset": "0.0",
        "sensor_tick": "0.100000",
        "fstop": "1.4",
        "image_size_x": "960",
        "image_size_y": "540",
        "fov": "70.00",
        "lens_circle_falloff": "5.0",
        "lens_circle_multiplier": "0.0",
        "exposure_compensation": "0.0",
        "lens_y_size": "0.08",
        "lens_k": "-1.0",
        "exposure_mode": "histogram",
        "lens_kcube": "0.0",
        "lens_x_size": "0.08",
        "exposure_max_bright": "12.0",
        "shutter_speed": "200.0",
        "bloom_intensity": "0.675",
        "iso": "100.0",
        "enable_postprocess_effects": "false",
        "gamma": "2.2",
        "motion_blur_intensity": "0.0",
        "motion_blur_max_distortion": "0.35",
        "lens_flare_intensity": "0.1",
        "motion_blur_min_object_screen_size": "0.1",
        "exposure_min_bright": "10.0",
        "exposure_speed_up": "3.0",
        "exposure_speed_down": "1.0",
        "tint": "0.0",
        "calibration_constant": "16.0",
        "focal_distance": "1000.0",
        "min_fstop": "1.2",
        "blade_count": "5",
        "blur_amount": "0.0",
        "blur_radius": "0.0",
        "slope": "0.88",
        "toe": "0.55",
        "white_clip": "0.04",
        "shoulder": "0.26",
        "black_clip": "0.0",
        "temp": "6500.0",
        "chromatic_aberration_intensity": "0.0"
      },
      "transform_carla": {
        "location": {
          "x": 108.0787582397461,
          "y": -34.94972229003906,
          "z": 1.6980297565460205
        },
        "rotation": {
          "roll": -0.019546015188097954,
          "pitch": 0.08226962387561798,
          "yaw": 73.50979614257812
        }
      },
      "matrix_world_from_sensor_carla": [
        [
          0.28385111689567566,
          -0.9588683247566223,
          -8.046466973610222e-05,
          108.0787582397461
        ],
        [
          0.9588673114776611,
          0.28385090827941895,
          -0.0014736488228663802,
          -34.94972229003906
        ],
        [
          0.001435875310562551,
          0.0003411419747862965,
          0.999998927116394,
          1.6980297565460205
        ],
        [
          0.0,
          0.0,
          0.0,
          1.0
        ]
      ],
      "matrix_world_from_sensor_bevfusion": [
        [
          -0.9588683247566223,
          8.046466973610222e-05,
          0.28385111689567566,
          108.0787582397461
        ],
        [
          -0.28385090827941895,
          -0.0014736488228663802,
          -0.9588673114776611,
          34.94972229003906
        ],
        [
          0.0003411419747862965,
          -0.999998927116394,
          0.001435875310562551,
          1.6980297565460205
        ],
        [
          0.0,
          0.0,
          0.0,
          1.0
        ]
      ],
      "matrix_ego_from_sensor_carla": [
        [
          -1.0,
          3.203417691111099e-07,
          -2.0570287140309063e-10,
          -1.5499999523162842
        ],
        [
          -3.427799128985498e-07,
          -0.9999999403953552,
          -7.05512939735975e-11,
          7.62939453125e-06
        ],
        [
          -1.1271273497870382e-10,
          -6.619714498778961e-11,
          1.0,
          1.7000001668930054
        ],
        [
          0.0,
          0.0,
          0.0,
          1.0
        ]
      ],
      "matrix_ego_from_sensor_bevfusion": [
        [
          3.203417691111099e-07,
          2.0570287140309063e-10,
          -1.0,
          -1.5499999523162842
        ],
        [
          0.9999999403953552,
          -7.05512939735975e-11,
          3.427799128985498e-07,
          -7.62939453125e-06
        ],
        [
          -6.619714498778961e-11,
          -1.0,
          -1.1271273497870382e-10,
          1.7000001668930054
        ],
        [
          0.0,
          0.0,
          0.0,
          1.0
        ]
      ],
      "camera_intrinsics": [
        [
          685.5110473632812,
          0.0,
          480.0
        ],
        [
          0.0,
          685.5110473632812,
          270.0
        ],
        [
          0.0,
          0.0,
          1.0
        ]
      ],
      "data_path": "D:\\Agent-AI\\outputs\\s3a_left_v3\\sample_000036\\images\\CAM_BACK.png",
      "raw_layout": "bgra8"
    },
    "CAM_BACK_LEFT": {
      "type_id": "sensor.camera.rgb",
      "blueprint_attributes": {
        "role_name": "front",
        "ros_name": "sensor.camera.rgb",
        "chromatic_aberration_offset": "0.0",
        "sensor_tick": "0.100000",
        "fstop": "1.4",
        "image_size_x": "960",
        "image_size_y": "540",
        "fov": "70.00",
        "lens_circle_falloff": "5.0",
        "lens_circle_multiplier": "0.0",
        "exposure_compensation": "0.0",
        "lens_y_size": "0.08",
        "lens_k": "-1.0",
        "exposure_mode": "histogram",
        "lens_kcube": "0.0",
        "lens_x_size": "0.08",
        "exposure_max_bright": "12.0",
        "shutter_speed": "200.0",
        "bloom_intensity": "0.675",
        "iso": "100.0",
        "enable_postprocess_effects": "false",
        "gamma": "2.2",
        "motion_blur_intensity": "0.0",
        "motion_blur_max_distortion": "0.35",
        "lens_flare_intensity": "0.1",
        "motion_blur_min_object_screen_size": "0.1",
        "exposure_min_bright": "10.0",
        "exposure_speed_up": "3.0",
        "exposure_speed_down": "1.0",
        "tint": "0.0",
        "calibration_constant": "16.0",
        "focal_distance": "1000.0",
        "min_fstop": "1.2",
        "blade_count": "5",
        "blur_amount": "0.0",
        "blur_radius": "0.0",
        "slope": "0.88",
        "toe": "0.55",
        "white_clip": "0.04",
        "shoulder": "0.26",
        "black_clip": "0.0",
        "temp": "6500.0",
        "chromatic_aberration_intensity": "0.0"
      },
      "transform_carla": {
        "location": {
          "x": 107.48041534423828,
          "y": -35.033321380615234,
          "z": 1.697858214378357
        },
        "rotation": {
          "roll": 0.056184932589530945,
          "pitch": 0.06320656836032867,
          "yaw": 128.50982666015625
        }
      },
      "matrix_world_from_sensor_carla": [
        [
          -0.6226485371589661,
          -0.7825016379356384,
          -8.044752757996321e-05,
          107.48041534423828
        ],
        [
          0.7825008630752563,
          -0.622647762298584,
          -0.0014738026075065136,
          -35.033321380615234
        ],
        [
          0.001103162532672286,
          -0.000980611308477819,
          0.999998927116394,
          1.697858214378357
        ],
        [
          0.0,
          0.0,
          0.0,
          1.0
        ]
      ],
      "matrix_world_from_sensor_bevfusion": [
        [
          -0.7825016379356384,
          8.044752757996321e-05,
          -0.6226485371589661,
          107.48041534423828
        ],
        [
          0.622647762298584,
          -0.0014738026075065136,
          -0.7825008630752563,
          35.033321380615234
        ],
        [
          -0.000980611308477819,
          -0.999998927116394,
          0.001103162532672286,
          1.697858214378357
        ],
        [
          0.0,
          0.0,
          0.0,
          1.0
        ]
      ],
      "matrix_ego_from_sensor_carla": [
        [
          -0.5735763311386108,
          0.8191521167755127,
          1.424030671159926e-07,
          -1.299999475479126
        ],
        [
          -0.8191521167755127,
          -0.5735762715339661,
          5.999975627446474e-08,
          -0.5499954223632812
        ],
        [
          1.3088207140299346e-07,
          -8.235925719191073e-08,
          1.0,
          1.6999999284744263
        ],
        [
          0.0,
          0.0,
          0.0,
          1.0
        ]
      ],
      "matrix_ego_from_sensor_bevfusion": [
        [
          0.8191521167755127,
          -1.424030671159926e-07,
          -0.5735763311386108,
          -1.299999475479126
        ],
        [
          0.5735762715339661,
          5.999975627446474e-08,
          0.8191521167755127,
          0.5499954223632812
        ],
        [
          -8.235925719191073e-08,
          -1.0,
          1.3088207140299346e-07,
          1.6999999284744263
        ],
        [
          0.0,
          0.0,
          0.0,
          1.0
        ]
      ],
      "camera_intrinsics": [
        [
          685.5110473632812,
          0.0,
          480.0
        ],
        [
          0.0,
          685.5110473632812,
          270.0
        ],
        [
          0.0,
          0.0,
          1.0
        ]
      ],
      "data_path": "D:\\Agent-AI\\outputs\\s3a_left_v3\\sample_000036\\images\\CAM_BACK_LEFT.png",
      "raw_layout": "bgra8"
    },
    "CAM_BACK_RIGHT": {
      "type_id": "sensor.camera.rgb",
      "blueprint_attributes": {
        "role_name": "front",
        "ros_name": "sensor.camera.rgb",
        "chromatic_aberration_offset": "0.0",
        "sensor_tick": "0.100000",
        "fstop": "1.4",
        "image_size_x": "960",
        "image_size_y": "540",
        "fov": "70.00",
        "lens_circle_falloff": "5.0",
        "lens_circle_multiplier": "0.0",
        "exposure_compensation": "0.0",
        "lens_y_size": "0.08",
        "lens_k": "-1.0",
        "exposure_mode": "histogram",
        "lens_kcube": "0.0",
        "lens_x_size": "0.08",
        "exposure_max_bright": "12.0",
        "shutter_speed": "200.0",
        "bloom_intensity": "0.675",
        "iso": "100.0",
        "enable_postprocess_effects": "false",
        "gamma": "2.2",
        "motion_blur_intensity": "0.0",
        "motion_blur_max_distortion": "0.35",
        "lens_flare_intensity": "0.1",
        "motion_blur_min_object_screen_size": "0.1",
        "exposure_min_bright": "10.0",
        "exposure_speed_up": "3.0",
        "exposure_speed_down": "1.0",
        "tint": "0.0",
        "calibration_constant": "16.0",
        "focal_distance": "1000.0",
        "min_fstop": "1.2",
        "blade_count": "5",
        "blur_amount": "0.0",
        "blur_radius": "0.0",
        "slope": "0.88",
        "toe": "0.55",
        "white_clip": "0.04",
        "shoulder": "0.26",
        "black_clip": "0.0",
        "temp": "6500.0",
        "chromatic_aberration_intensity": "0.0"
      },
      "transform_carla": {
        "location": {
          "x": 108.53517150878906,
          "y": -35.34555435180664,
          "z": 1.6974828243255615
        },
        "rotation": {
          "roll": -0.07860719412565231,
          "pitch": 0.03117981180548668,
          "yaw": 18.509788513183594
        }
      },
      "matrix_world_from_sensor_carla": [
        [
          0.9482693076133728,
          -0.3174670934677124,
          -8.048900053836405e-05,
          108.53517150878906
        ],
        [
          0.3174666464328766,
          0.9482682943344116,
          -0.0014737441670149565,
          -35.34555435180664
        ],
        [
          0.0005441903485916555,
          0.001371953752823174,
          0.999998927116394,
          1.6974828243255615
        ],
        [
          0.0,
          0.0,
          0.0,
          1.0
        ]
      ],
      "matrix_world_from_sensor_bevfusion": [
        [
          -0.3174670934677124,
          8.048900053836405e-05,
          0.9482693076133728,
          108.53517150878906
        ],
        [
          -0.9482682943344116,
          -0.0014737441670149565,
          -0.3174666464328766,
          35.34555435180664
        ],
        [
          0.001371953752823174,
          -0.999998927116394,
          0.0005441903485916555,
          1.6974828243255615
        ],
        [
          0.0,
          0.0,
          0.0,
          1.0
        ]
      ],
      "matrix_ego_from_sensor_carla": [
        [
          -0.5735766887664795,
          -0.819151759147644,
          9.804882949993043e-08,
          -1.300001859664917
        ],
        [
          0.8191518783569336,
          -0.5735767483711243,
          3.6547389559160592e-09,
          0.5500030517578125
        ],
        [
          5.3284004764009296e-08,
          8.24981398750424e-08,
          1.0,
          1.6999998092651367
        ],
        [
          0.0,
          0.0,
          0.0,
          1.0
        ]
      ],
      "matrix_ego_from_sensor_bevfusion": [
        [
          -0.819151759147644,
          -9.804882949993043e-08,
          -0.5735766887664795,
          -1.300001859664917
        ],
        [
          0.5735767483711243,
          3.6547389559160592e-09,
          -0.8191518783569336,
          -0.5500030517578125
        ],
        [
          8.24981398750424e-08,
          -1.0,
          5.3284004764009296e-08,
          1.6999998092651367
        ],
        [
          0.0,
          0.0,
          0.0,
          1.0
        ]
      ],
      "camera_intrinsics": [
        [
          685.5110473632812,
          0.0,
          480.0
        ],
        [
          0.0,
          685.5110473632812,
          270.0
        ],
        [
          0.0,
          0.0,
          1.0
        ]
      ],
      "data_path": "D:\\Agent-AI\\outputs\\s3a_left_v3\\sample_000036\\images\\CAM_BACK_RIGHT.png",
      "raw_layout": "bgra8"
    },
    "LIDAR_TOP": {
      "type_id": "sensor.lidar.ray_cast",
      "blueprint_attributes": {
        "atmosphere_attenuation_rate": "0.004",
        "role_name": "front",
        "noise_seed": "0",
        "upper_fov": "10.0",
        "ros_name": "sensor.lidar.ray_cast",
        "sensor_tick": "0.100000",
        "channels": "32",
        "range": "120.0",
        "points_per_second": "360000",
        "lower_fov": "-30.0",
        "rotation_frequency": "10.000000",
        "horizontal_fov": "360.0",
        "dropoff_general_rate": "0.0",
        "dropoff_intensity_limit": "1.0",
        "noise_stddev": "0.0",
        "dropoff_zero_intensity": "0.0"
      },
      "transform_carla": {
        "location": {
          "x": 107.63874816894531,
          "y": -36.436702728271484,
          "z": 2.195803165435791
        },
        "rotation": {
          "roll": 0.01954604685306549,
          "pitch": -0.08226962387561798,
          "yaw": -106.49022674560547
        }
      },
      "matrix_world_from_sensor_carla": [
        [
          -0.2838514447212219,
          0.9588682651519775,
          -8.046464063227177e-05,
          107.63874816894531
        ],
        [
          -0.9588672518730164,
          -0.2838512361049652,
          -0.0014736490556970239,
          -36.436702728271484
        ],
        [
          -0.001435875310562551,
          -0.00034114252775907516,
          0.999998927116394,
          2.195803165435791
        ],
        [
          0.0,
          0.0,
          0.0,
          1.0
        ]
      ],
      "matrix_world_from_sensor_bevfusion": [
        [
          -0.2838514447212219,
          -0.9588682651519775,
          -8.046464063227177e-05,
          107.63874816894531
        ],
        [
          0.9588672518730164,
          -0.2838512361049652,
          0.0014736490556970239,
          36.436702728271484
        ],
        [
          -0.001435875310562551,
          0.00034114252775907516,
          0.999998927116394,
          2.195803165435791
        ],
        [
          0.0,
          0.0,
          0.0,
          1.0
        ]
      ],
      "matrix_ego_from_sensor_carla": [
        [
          1.0,
          -5.9998304102748534e-09,
          2.7127772250779003e-11,
          -9.5367431640625e-07
        ],
        [
          -1.964503004714402e-09,
          1.0,
          1.6760197396603616e-11,
          7.62939453125e-06
        ],
        [
          -3.702586848230993e-12,
          7.990108574773558e-12,
          1.0,
          2.1999998092651367
        ],
        [
          0.0,
          0.0,
          0.0,
          1.0
        ]
      ],
      "matrix_ego_from_sensor_bevfusion": [
        [
          1.0,
          5.9998304102748534e-09,
          2.7127772250779003e-11,
          -9.5367431640625e-07
        ],
        [
          1.964503004714402e-09,
          1.0,
          -1.6760197396603616e-11,
          -7.62939453125e-06
        ],
        [
          -3.702586848230993e-12,
          -7.990108574773558e-12,
          1.0,
          2.1999998092651367
        ],
        [
          0.0,
          0.0,
          0.0,
          1.0
        ]
      ],
      "data_path": "D:\\Agent-AI\\outputs\\s3a_left_v3\\sample_000036\\lidar\\LIDAR_TOP.npy",
      "raw_layout": [
        "x",
        "y",
        "z",
        "intensity"
      ]
    },
    "RADAR_FRONT": {
      "type_id": "sensor.other.radar",
      "blueprint_attributes": {
        "sensor_tick": "0.100000",
        "role_name": "default",
        "noise_seed": "0",
        "ros_name": "sensor.other.radar",
        "horizontal_fov": "35.0",
        "points_per_second": "1500",
        "vertical_fov": "20.0",
        "range": "120.0"
      },
      "transform_carla": {
        "location": {
          "x": 107.07115173339844,
          "y": -38.35251998901367,
          "z": 0.8929327130317688
        },
        "rotation": {
          "roll": 0.01954604685306549,
          "pitch": -0.08226962387561798,
          "yaw": -106.49022674560547
        }
      },
      "matrix_world_from_sensor_carla": [
        [
          -0.2838514447212219,
          0.9588682651519775,
          -8.046464063227177e-05,
          107.07115173339844
        ],
        [
          -0.9588672518730164,
          -0.2838512361049652,
          -0.0014736490556970239,
          -38.35251998901367
        ],
        [
          -0.001435875310562551,
          -0.00034114252775907516,
          0.999998927116394,
          0.8929327130317688
        ],
        [
          0.0,
          0.0,
          0.0,
          1.0
        ]
      ],
      "matrix_world_from_sensor_bevfusion": [
        [
          -0.2838514447212219,
          -0.9588682651519775,
          -8.046464063227177e-05,
          107.07115173339844
        ],
        [
          0.9588672518730164,
          -0.2838512361049652,
          0.0014736490556970239,
          38.35251998901367
        ],
        [
          -0.001435875310562551,
          0.00034114252775907516,
          0.999998927116394,
          0.8929327130317688
        ],
        [
          0.0,
          0.0,
          0.0,
          1.0
        ]
      ],
      "matrix_ego_from_sensor_carla": [
        [
          1.0,
          -5.9998304102748534e-09,
          2.7127772250779003e-11,
          1.999997615814209
        ],
        [
          -1.964503004714402e-09,
          1.0,
          1.6760197396603616e-11,
          7.62939453125e-06
        ],
        [
          -3.702586848230993e-12,
          7.990108574773558e-12,
          1.0,
          0.8999996185302734
        ],
        [
          0.0,
          0.0,
          0.0,
          1.0
        ]
      ],
      "matrix_ego_from_sensor_bevfusion": [
        [
          1.0,
          5.9998304102748534e-09,
          2.7127772250779003e-11,
          1.999997615814209
        ],
        [
          1.964503004714402e-09,
          1.0,
          -1.6760197396603616e-11,
          -7.62939453125e-06
        ],
        [
          -3.702586848230993e-12,
          -7.990108574773558e-12,
          1.0,
          0.8999996185302734
        ],
        [
          0.0,
          0.0,
          0.0,
          1.0
        ]
      ],
      "data_path": "D:\\Agent-AI\\outputs\\s3a_left_v3\\sample_000036\\radar\\RADAR_FRONT.npy",
      "raw_layout": [
        "velocity",
        "altitude",
        "azimuth",
        "depth"
      ]
    },
    "RADAR_FRONT_LEFT": {
      "type_id": "sensor.other.radar",
      "blueprint_attributes": {
        "sensor_tick": "0.100000",
        "role_name": "default",
        "noise_seed": "0",
        "ros_name": "sensor.other.radar",
        "horizontal_fov": "35.0",
        "points_per_second": "1500",
        "vertical_fov": "20.0",
        "range": "120.0"
      },
      "transform_carla": {
        "location": {
          "x": 106.45134735107422,
          "y": -37.80403137207031,
          "z": 0.8936912417411804
        },
        "rotation": {
          "roll": 0.07199862599372864,
          "pitch": -0.04435524716973305,
          "yaw": -151.49021911621094
        }
      },
      "matrix_world_from_sensor_carla": [
        [
          -0.8787354230880737,
          0.4773092567920685,
          -8.047610754147172e-05,
          106.45134735107422
        ],
        [
          -0.47730860114097595,
          -0.8787345290184021,
          -0.001473736367188394,
          -37.80403137207031
        ],
        [
          -0.0007741450681351125,
          -0.0012566123623400927,
          0.999998927116394,
          0.8936912417411804
        ],
        [
          0.0,
          0.0,
          0.0,
          1.0
        ]
      ],
      "matrix_world_from_sensor_bevfusion": [
        [
          -0.8787354230880737,
          -0.4773092567920685,
          -8.047610754147172e-05,
          106.45134735107422
        ],
        [
          0.47730860114097595,
          -0.8787345290184021,
          0.001473736367188394,
          37.80403137207031
        ],
        [
          -0.0007741450681351125,
          0.0012566123623400927,
          0.999998927116394,
          0.8936912417411804
        ],
        [
          0.0,
          0.0,
          0.0,
          1.0
        ]
      ],
      "matrix_ego_from_sensor_carla": [
        [
          0.7071069478988647,
          0.7071065306663513,
          8.698937392637163e-08,
          1.6500005722045898
        ],
        [
          -0.7071066498756409,
          0.7071070075035095,
          1.3811975563271517e-08,
          -0.7499923706054688
        ],
        [
          -5.1801222866743046e-08,
          -7.122006451254492e-08,
          1.0,
          0.899999737739563
        ],
        [
          0.0,
          0.0,
          0.0,
          1.0
        ]
      ],
      "matrix_ego_from_sensor_bevfusion": [
        [
          0.7071069478988647,
          -0.7071065306663513,
          8.698937392637163e-08,
          1.6500005722045898
        ],
        [
          0.7071066498756409,
          0.7071070075035095,
          -1.3811975563271517e-08,
          0.7499923706054688
        ],
        [
          -5.1801222866743046e-08,
          7.122006451254492e-08,
          1.0,
          0.899999737739563
        ],
        [
          0.0,
          0.0,
          0.0,
          1.0
        ]
      ],
      "data_path": "D:\\Agent-AI\\outputs\\s3a_left_v3\\sample_000036\\radar\\RADAR_FRONT_LEFT.npy",
      "raw_layout": [
        "velocity",
        "altitude",
        "azimuth",
        "depth"
      ]
    },
    "RADAR_FRONT_RIGHT": {
      "type_id": "sensor.other.radar",
      "blueprint_attributes": {
        "sensor_tick": "0.100000",
        "role_name": "default",
        "noise_seed": "0",
        "ros_name": "sensor.other.radar",
