{
  "schema_version": "stage1.v1",
  "sample_name": "sample_000009",
  "sequence_index": 9,
  "previous_sample_name": "sample_000008",
  "frame_id": 726282,
  "timestamp": 4998.09462473169,
  "platform_timestamp": 16813369.1407525,
  "delta_seconds": 0.10000000149011612,
  "town": "Carla/Maps/Town10HD_Opt",
  "weather": {
    "cloudiness": 20.0,
    "dust_storm": 0.0,
    "fog_density": 2.0,
    "fog_distance": 0.75,
    "fog_falloff": 0.10000000149011612,
    "mie_scattering_scale": 0.029999999329447746,
    "precipitation": 0.0,
    "precipitation_deposits": 0.0,
    "rayleigh_scattering_scale": 0.03310000151395798,
    "scattering_intensity": 1.0,
    "sun_altitude_angle": 45.0,
    "sun_azimuth_angle": 300.0,
    "wetness": 0.0,
    "wind_intensity": 10.0
  },
  "sensor_names": [
    "CAM_FRONT",
    "CAM_FRONT_RIGHT",
    "CAM_FRONT_LEFT",
    "CAM_BACK",
    "CAM_BACK_LEFT",
    "CAM_BACK_RIGHT",
    "LIDAR_TOP",
    "RADAR_FRONT",
    "RADAR_FRONT_LEFT",
    "RADAR_FRONT_RIGHT",
    "RADAR_BACK_LEFT",
    "RADAR_BACK_RIGHT"
  ],
  "camera_order_for_model": [
    "CAM_FRONT",
    "CAM_FRONT_RIGHT",
    "CAM_FRONT_LEFT",
    "CAM_BACK",
    "CAM_BACK_LEFT",
    "CAM_BACK_RIGHT"
  ],
  "radar_order_for_model": [
    "RADAR_FRONT",
    "RADAR_FRONT_LEFT",
    "RADAR_FRONT_RIGHT",
    "RADAR_BACK_LEFT",
    "RADAR_BACK_RIGHT"
  ],
  "coordinate_notes": {
    "carla_world": "left-handed x-forward y-right z-up",
    "bevfusion_lidar": "x-forward y-left z-up",
    "camera_frame_for_model": "OpenCV style x-right y-down z-forward"
  },
  "ego": {
    "actor_id": 49,
    "transform_carla": {
      "location": {
        "x": 106.20439147949219,
        "y": -25.745763778686523,
        "z": -0.006564979441463947
      },
      "rotation": {
        "roll": 0.16165269911289215,
        "pitch": 0.6077365279197693,
        "yaw": -93.490234375
      }
    },
    "velocity_carla": [
      -0.5414217114448547,
      -7.695535182952881,
      -0.00021746635320596397
    ],
    "angular_velocity_carla": [
      -0.3956156075000763,
      -0.1811746209859848,
      -3.469125986099243
    ],
    "matrix_world_from_ego_carla": [
      [
        -0.06087501347064972,
        0.9981393218040466,
        0.003461858257651329,
        106.20439147949219
      ],
      [
        -0.9980890154838562,
        -0.06090806797146797,
        0.010415327735245228,
        -25.745763778686523
      ],
      [
        0.010606803931295872,
        -0.0028212093748152256,
        0.9999397397041321,
        -0.006564979441463947
      ],
      [
        0.0,
        0.0,
        0.0,
        1.0
      ]
    ],
    "matrix_world_from_ego_bevfusion": [
      [
        -0.06087501347064972,
        -0.9981393218040466,
        0.003461858257651329,
        106.20439147949219
      ],
      [
        0.9980890154838562,
        -0.06090806797146797,
        -0.010415327735245228,
        25.745763778686523
      ],
      [
        0.010606803931295872,
        0.0028212093748152256,
        0.9999397397041321,
        -0.006564979441463947
      ],
      [
        0.0,
        0.0,
        0.0,
        1.0
      ]
    ]
  },
  "sensors": {
    "CAM_FRONT": {
      "type_id": "sensor.camera.rgb",
      "blueprint_attributes": {
        "role_name": "front",
        "ros_name": "sensor.camera.rgb",
        "chromatic_aberration_offset": "0.0",
        "sensor_tick": "0.100000",
        "fstop": "1.4",
        "image_size_x": "960",
        "image_size_y": "540",
        "fov": "70.00",
        "lens_circle_falloff": "5.0",
        "lens_circle_multiplier": "0.0",
        "exposure_compensation": "0.0",
        "lens_y_size": "0.08",
        "lens_k": "-1.0",
        "exposure_mode": "histogram",
        "lens_kcube": "0.0",
        "lens_x_size": "0.08",
        "exposure_max_bright": "12.0",
        "shutter_speed": "200.0",
        "bloom_intensity": "0.675",
        "iso": "100.0",
        "enable_postprocess_effects": "false",
        "gamma": "2.2",
        "motion_blur_intensity": "0.0",
        "motion_blur_max_distortion": "0.35",
        "lens_flare_intensity": "0.1",
        "motion_blur_min_object_screen_size": "0.1",
        "exposure_min_bright": "10.0",
        "exposure_speed_up": "3.0",
        "exposure_speed_down": "1.0",
        "tint": "0.0",
        "calibration_constant": "16.0",
        "focal_distance": "1000.0",
        "min_fstop": "1.2",
        "blade_count": "5",
        "blur_amount": "0.0",
        "blur_radius": "0.0",
        "slope": "0.88",
        "toe": "0.55",
        "white_clip": "0.04",
        "shoulder": "0.26",
        "black_clip": "0.0",
        "temp": "6500.0",
        "chromatic_aberration_intensity": "0.0"
      },
      "transform_carla": {
        "location": {
          "x": 106.11592864990234,
          "y": -27.275094985961914,
          "z": 1.709773063659668
        },
        "rotation": {
          "roll": 0.16165269911289215,
          "pitch": 0.6077365279197693,
          "yaw": -93.490234375
        }
      },
      "matrix_world_from_sensor_carla": [
        [
          -0.06087501347064972,
          0.9981393218040466,
          0.003461858257651329,
          106.11592864990234
        ],
        [
          -0.9980890154838562,
          -0.06090806797146797,
          0.010415327735245228,
          -27.275094985961914
        ],
        [
          0.010606803931295872,
          -0.0028212093748152256,
          0.9999397397041321,
          1.709773063659668
        ],
        [
          0.0,
          0.0,
          0.0,
          1.0
        ]
      ],
      "matrix_world_from_sensor_bevfusion": [
        [
          0.9981393218040466,
          -0.003461858257651329,
          -0.06087501347064972,
          106.11592864990234
        ],
        [
          0.06090806797146797,
          0.010415327735245228,
          0.9980890154838562,
          27.275094985961914
        ],
        [
          -0.0028212093748152256,
          -0.9999397397041321,
          0.010606803931295872,
          1.709773063659668
        ],
        [
          0.0,
          0.0,
          0.0,
          1.0
        ]
      ],
      "matrix_ego_from_sensor_carla": [
        [
          1.0,
          -2.5919497104176514e-10,
          -2.819130484610355e-10,
          1.5499992370605469
        ],
        [
          -1.7419521380901415e-10,
          1.0,
          -1.9226081837686593e-10,
          7.62939453125e-06
        ],
        [
          3.5035785383996654e-10,
          -1.276154182328071e-10,
          1.0,
          1.7000000476837158
        ],
        [
          0.0,
          0.0,
          0.0,
          1.0
        ]
      ],
      "matrix_ego_from_sensor_bevfusion": [
        [
          -2.5919497104176514e-10,
          2.819130484610355e-10,
          1.0,
          1.5499992370605469
        ],
        [
          -1.0,
          -1.9226081837686593e-10,
          1.7419521380901415e-10,
          -7.62939453125e-06
        ],
        [
          -1.276154182328071e-10,
          -1.0,
          3.5035785383996654e-10,
          1.7000000476837158
        ],
        [
          0.0,
          0.0,
          0.0,
          1.0
        ]
      ],
      "camera_intrinsics": [
        [
          685.5110473632812,
          0.0,
          480.0
        ],
        [
          0.0,
          685.5110473632812,
          270.0
        ],
        [
          0.0,
          0.0,
          1.0
        ]
      ],
      "data_path": "D:\\Agent-AI\\outputs\\s3a_ml_long_v1\\sample_000009\\images\\CAM_FRONT.png",
      "raw_layout": "bgra8"
    },
    "CAM_FRONT_RIGHT": {
      "type_id": "sensor.camera.rgb",
      "blueprint_attributes": {
        "role_name": "front",
        "ros_name": "sensor.camera.rgb",
        "chromatic_aberration_offset": "0.0",
        "sensor_tick": "0.100000",
        "fstop": "1.4",
        "image_size_x": "960",
        "image_size_y": "540",
        "fov": "70.00",
        "lens_circle_falloff": "5.0",
        "lens_circle_multiplier": "0.0",
        "exposure_compensation": "0.0",
        "lens_y_size": "0.08",
        "lens_k": "-1.0",
        "exposure_mode": "histogram",
        "lens_kcube": "0.0",
        "lens_x_size": "0.08",
        "exposure_max_bright": "12.0",
        "shutter_speed": "200.0",
        "bloom_intensity": "0.675",
        "iso": "100.0",
        "enable_postprocess_effects": "false",
        "gamma": "2.2",
        "motion_blur_intensity": "0.0",
        "motion_blur_max_distortion": "0.35",
        "lens_flare_intensity": "0.1",
        "motion_blur_min_object_screen_size": "0.1",
        "exposure_min_bright": "10.0",
        "exposure_speed_up": "3.0",
        "exposure_speed_down": "1.0",
        "tint": "0.0",
        "calibration_constant": "16.0",
        "focal_distance": "1000.0",
        "min_fstop": "1.2",
        "blade_count": "5",
        "blur_amount": "0.0",
        "blur_radius": "0.0",
        "slope": "0.88",
        "toe": "0.55",
        "white_clip": "0.04",
        "shoulder": "0.26",
        "black_clip": "0.0",
        "temp": "6500.0",
        "chromatic_aberration_intensity": "0.0"
      },
      "transform_carla": {
        "location": {
          "x": 106.68011474609375,
          "y": -27.059072494506836,
          "z": 1.705569863319397
        },
        "rotation": {
          "roll": 0.5905486345291138,
          "pitch": 0.2161618173122406,
          "yaw": -38.489959716796875
        }
      },
      "matrix_world_from_sensor_carla": [
        [
          0.7827116847038269,
          0.6223748922348022,
          0.003461921587586403,
          106.68011474609375
        ],
        [
          -0.622373104095459,
          0.7826514840126038,
          0.010415272787213326,
          -27.059072494506836
        ],
        [
          0.0037727265153080225,
          -0.010306762531399727,
          0.9999397993087769,
          1.705569863319397
        ],
        [
          0.0,
          0.0,
          0.0,
          1.0
        ]
      ],
      "matrix_world_from_sensor_bevfusion": [
        [
          0.6223748922348022,
          -0.003461921587586403,
          0.7827116847038269,
          106.68011474609375
        ],
        [
          -0.7826514840126038,
          0.010415272787213326,
          0.622373104095459,
          27.059072494506836
        ],
        [
          -0.010306762531399727,
          -0.9999397993087769,
          0.0037727265153080225,
          1.705569863319397
        ],
        [
          0.0,
          0.0,
          0.0,
          1.0
        ]
      ],
      "matrix_ego_from_sensor_carla": [
        [
          0.5735762119293213,
          -0.819152295589447,
          5.1573042725294727e-08,
          1.3000011444091797
        ],
        [
          0.819152295589447,
          0.5735762715339661,
          6.646197903137363e-08,
          0.5499954223632812
        ],
        [
          -8.32314057674921e-08,
          3.0073616930081926e-09,
          1.0000001192092896,
          1.7000001668930054
        ],
        [
          0.0,
          0.0,
          0.0,
          1.0
        ]
      ],
      "matrix_ego_from_sensor_bevfusion": [
        [
          -0.819152295589447,
          -5.1573042725294727e-08,
          0.5735762119293213,
          1.3000011444091797
        ],
        [
          -0.5735762715339661,
          6.646197903137363e-08,
          -0.819152295589447,
          -0.5499954223632812
        ],
        [
          3.0073616930081926e-09,
          -1.0000001192092896,
          -8.32314057674921e-08,
          1.7000001668930054
        ],
        [
          0.0,
          0.0,
          0.0,
          1.0
        ]
      ],
      "camera_intrinsics": [
        [
          685.5110473632812,
          0.0,
          480.0
        ],
        [
          0.0,
          685.5110473632812,
          270.0
        ],
        [
          0.0,
          0.0,
          1.0
        ]
      ],
      "data_path": "D:\\Agent-AI\\outputs\\s3a_ml_long_v1\\sample_000009\\images\\CAM_FRONT_RIGHT.png",
      "raw_layout": "bgra8"
    },
    "CAM_FRONT_LEFT": {
      "type_id": "sensor.camera.rgb",
      "blueprint_attributes": {
        "role_name": "front",
        "ros_name": "sensor.camera.rgb",
        "chromatic_aberration_offset": "0.0",
        "sensor_tick": "0.100000",
        "fstop": "1.4",
        "image_size_x": "960",
        "image_size_y": "540",
        "fov": "70.00",
        "lens_circle_falloff": "5.0",
        "lens_circle_multiplier": "0.0",
        "exposure_compensation": "0.0",
        "lens_y_size": "0.08",
        "lens_k": "-1.0",
        "exposure_mode": "histogram",
        "lens_kcube": "0.0",
        "lens_x_size": "0.08",
        "exposure_max_bright": "12.0",
        "shutter_speed": "200.0",
        "bloom_intensity": "0.675",
        "iso": "100.0",
        "enable_postprocess_effects": "false",
        "gamma": "2.2",
        "motion_blur_intensity": "0.0",
        "motion_blur_max_distortion": "0.35",
        "lens_flare_intensity": "0.1",
        "motion_blur_min_object_screen_size": "0.1",
        "exposure_min_bright": "10.0",
        "exposure_speed_up": "3.0",
        "exposure_speed_down": "1.0",
        "tint": "0.0",
        "calibration_constant": "16.0",
        "focal_distance": "1000.0",
        "min_fstop": "1.2",
        "blade_count": "5",
        "blur_amount": "0.0",
        "blur_radius": "0.0",
        "slope": "0.88",
        "toe": "0.55",
        "white_clip": "0.04",
        "shoulder": "0.26",
        "black_clip": "0.0",
        "temp": "6500.0",
        "chromatic_aberration_intensity": "0.0"
      },
      "transform_carla": {
        "location": {
          "x": 105.58216857910156,
          "y": -26.992074966430664,
          "z": 1.7086732387542725
        },
        "rotation": {
          "roll": -0.40512198209762573,
          "pitch": 0.4809887111186981,
          "yaw": -148.49276733398438
        }
      },
      "matrix_world_from_sensor_carla": [
        [
          -0.8525441288948059,
          0.5226437449455261,
          0.0034617907367646694,
          105.58216857910156
        ],
        [
          -0.522587776184082,
          -0.8525218963623047,
          0.010415289551019669,
          -26.992074966430664
        ],
        [
          0.008394737727940083,
          0.007070404011756182,
          0.9999397993087769,
          1.7086732387542725
        ],
        [
          0.0,
          0.0,
          0.0,
          1.0
        ]
      ],
      "matrix_world_from_sensor_bevfusion": [
        [
          0.5226437449455261,
          -0.0034617907367646694,
          -0.8525441288948059,
          105.58216857910156
        ],
        [
          0.8525218963623047,
          0.010415289551019669,
          0.522587776184082,
          26.992074966430664
        ],
        [
          0.007070404011756182,
          -0.9999397993087769,
          0.008394737727940083,
          1.7086732387542725
        ],
        [
          0.0,
          0.0,
          0.0,
          1.0
        ]
      ],
      "matrix_ego_from_sensor_carla": [
        [
          0.5735768675804138,
          0.8191518187522888,
          4.319113955375542e-08,
          1.3000011444091797
        ],
        [
          -0.819151759147644,
          0.5735768675804138,
          -6.532016527671658e-08,
          -0.5499954223632812
        ],
        [
          -7.78919542199219e-08,
          2.2995143567072773e-09,
          1.0000001192092896,
          1.7000001668930054
        ],
        [
          0.0,
          0.0,
          0.0,
          1.0
        ]
      ],
      "matrix_ego_from_sensor_bevfusion": [
        [
          0.8191518187522888,
          -4.319113955375542e-08,
          0.5735768675804138,
          1.3000011444091797
        ],
        [
          -0.5735768675804138,
          -6.532016527671658e-08,
          0.819151759147644,
          0.5499954223632812
        ],
        [
          2.2995143567072773e-09,
          -1.0000001192092896,
          -7.78919542199219e-08,
          1.7000001668930054
        ],
        [
          0.0,
          0.0,
          0.0,
          1.0
        ]
      ],
      "camera_intrinsics": [
        [
          685.5110473632812,
          0.0,
          480.0
        ],
        [
          0.0,
          685.5110473632812,
          270.0
        ],
        [
          0.0,
          0.0,
          1.0
        ]
      ],
      "data_path": "D:\\Agent-AI\\outputs\\s3a_ml_long_v1\\sample_000009\\images\\CAM_FRONT_LEFT.png",
      "raw_layout": "bgra8"
    },
    "CAM_BACK": {
      "type_id": "sensor.camera.rgb",
      "blueprint_attributes": {
        "role_name": "front",
        "ros_name": "sensor.camera.rgb",
        "chromatic_aberration_offset": "0.0",
        "sensor_tick": "0.100000",
        "fstop": "1.4",
        "image_size_x": "960",
        "image_size_y": "540",
        "fov": "70.00",
        "lens_circle_falloff": "5.0",
        "lens_circle_multiplier": "0.0",
        "exposure_compensation": "0.0",
        "lens_y_size": "0.08",
        "lens_k": "-1.0",
        "exposure_mode": "histogram",
        "lens_kcube": "0.0",
        "lens_x_size": "0.08",
        "exposure_max_bright": "12.0",
        "shutter_speed": "200.0",
        "bloom_intensity": "0.675",
        "iso": "100.0",
        "enable_postprocess_effects": "false",
        "gamma": "2.2",
        "motion_blur_intensity": "0.0",
        "motion_blur_max_distortion": "0.35",
        "lens_flare_intensity": "0.1",
        "motion_blur_min_object_screen_size": "0.1",
        "exposure_min_bright": "10.0",
        "exposure_speed_up": "3.0",
        "exposure_speed_down": "1.0",
        "tint": "0.0",
        "calibration_constant": "16.0",
        "focal_distance": "1000.0",
        "min_fstop": "1.2",
        "blade_count": "5",
        "blur_amount": "0.0",
        "blur_radius": "0.0",
        "slope": "0.88",
        "toe": "0.55",
        "white_clip": "0.04",
        "shoulder": "0.26",
        "black_clip": "0.0",
        "temp": "6500.0",
        "chromatic_aberration_intensity": "0.0"
      },
      "transform_carla": {
        "location": {
          "x": 106.30463409423828,
          "y": -24.181020736694336,
          "z": 1.6768921613693237
        },
        "rotation": {
          "roll": -0.16165286302566528,
          "pitch": -0.6077365279197693,
          "yaw": 86.509765625
        }
      },
      "matrix_world_from_sensor_carla": [
        [
          0.060875046998262405,
          -0.9981393218040466,
          0.0034618612844496965,
          106.30463409423828
        ],
        [
          0.9980890154838562,
          0.06090810149908066,
          0.010415326803922653,
          -24.181020736694336
        ],
        [
          -0.010606803931295872,
          0.0028212121687829494,
          0.9999397397041321,
          1.6768921613693237
        ],
        [
          0.0,
          0.0,
          0.0,
          1.0
        ]
      ],
      "matrix_world_from_sensor_bevfusion": [
        [
          -0.9981393218040466,
          -0.0034618612844496965,
          0.060875046998262405,
          106.30463409423828
        ],
        [
          -0.06090810149908066,
          0.010415326803922653,
          -0.9980890154838562,
          24.181020736694336
        ],
        [
          0.0028212121687829494,
          -0.9999397397041321,
          -0.010606803931295872,
          1.6768921613693237
        ],
        [
          0.0,
          0.0,
          0.0,
          1.0
        ]
      ],
      "matrix_ego_from_sensor_carla": [
        [
          -1.0,
          -3.317330055097045e-08,
          6.49409526154443e-10,
          -1.5499992370605469
        ],
        [
          3.370180934325617e-08,
          -1.0,
          3.0673681372661576e-09,
          0.0
        ],
        [
          -3.5035785383996654e-10,
          3.1542455314337303e-09,
          1.0,
          1.7000001668930054
        ],
        [
          0.0,
          0.0,
          0.0,
          1.0
        ]
      ],
      "matrix_ego_from_sensor_bevfusion": [
        [
          -3.317330055097045e-08,
          -6.49409526154443e-10,
          -1.0,
          -1.5499992370605469
        ],
        [
          1.0,
          3.0673681372661576e-09,
          -3.370180934325617e-08,
          0.0
        ],
        [
          3.1542455314337303e-09,
          -1.0,
          -3.5035785383996654e-10,
          1.7000001668930054
        ],
        [
          0.0,
          0.0,
          0.0,
          1.0
        ]
      ],
      "camera_intrinsics": [
        [
          685.5110473632812,
          0.0,
          480.0
        ],
        [
          0.0,
          685.5110473632812,
          270.0
        ],
        [
          0.0,
          0.0,
          1.0
        ]
      ],
      "data_path": "D:\\Agent-AI\\outputs\\s3a_ml_long_v1\\sample_000009\\images\\CAM_BACK.png",
      "raw_layout": "bgra8"
    },
    "CAM_BACK_LEFT": {
      "type_id": "sensor.camera.rgb",
      "blueprint_attributes": {
        "role_name": "front",
        "ros_name": "sensor.camera.rgb",
        "chromatic_aberration_offset": "0.0",
        "sensor_tick": "0.100000",
        "fstop": "1.4",
        "image_size_x": "960",
        "image_size_y": "540",
        "fov": "70.00",
        "lens_circle_falloff": "5.0",
        "lens_circle_multiplier": "0.0",
        "exposure_compensation": "0.0",
        "lens_y_size": "0.08",
        "lens_k": "-1.0",
        "exposure_mode": "histogram",
        "lens_kcube": "0.0",
        "lens_x_size": "0.08",
        "exposure_max_bright": "12.0",
        "shutter_speed": "200.0",
        "bloom_intensity": "0.675",
        "iso": "100.0",
        "enable_postprocess_effects": "false",
        "gamma": "2.2",
        "motion_blur_intensity": "0.0",
        "motion_blur_max_distortion": "0.35",
        "lens_flare_intensity": "0.1",
        "motion_blur_min_object_screen_size": "0.1",
        "exposure_min_bright": "10.0",
        "exposure_speed_up": "3.0",
        "exposure_speed_down": "1.0",
        "tint": "0.0",
        "calibration_constant": "16.0",
        "focal_distance": "1000.0",
        "min_fstop": "1.2",
        "blade_count": "5",
        "blur_amount": "0.0",
        "blur_radius": "0.0",
        "slope": "0.88",
        "toe": "0.55",
        "white_clip": "0.04",
        "shoulder": "0.26",
        "black_clip": "0.0",
        "temp": "6500.0",
        "chromatic_aberration_intensity": "0.0"
      },
      "transform_carla": {
        "location": {
          "x": 105.74044036865234,
          "y": -24.397043228149414,
          "z": 1.6810953617095947
        },
        "rotation": {
          "roll": -0.5905486345291138,
          "pitch": -0.2161618173122406,
          "yaw": 141.51004028320312
        }
      },
      "matrix_world_from_sensor_carla": [
        [
          -0.7827117443084717,
          -0.6223747730255127,
          0.0034619199577718973,
          105.74044036865234
        ],
        [
          0.6223729848861694,
          -0.7826515436172485,
          0.010415272787213326,
          -24.397043228149414
        ],
        [
          -0.0037727265153080225,
          0.010306762531399727,
          0.9999397993087769,
          1.6810953617095947
        ],
        [
          0.0,
          0.0,
          0.0,
          1.0
        ]
      ],
      "matrix_world_from_sensor_bevfusion": [
        [
          -0.6223747730255127,
          -0.0034619199577718973,
          -0.7827117443084717,
          105.74044036865234
        ],
        [
          0.7826515436172485,
          0.010415272787213326,
          -0.6223729848861694,
          24.397043228149414
        ],
        [
          0.010306762531399727,
          -0.9999397993087769,
          -0.0037727265153080225,
          1.6810953617095947
        ],
        [
          0.0,
          0.0,
          0.0,
          1.0
        ]
      ],
      "matrix_ego_from_sensor_carla": [
        [
          -0.5735760927200317,
          0.8191523551940918,
          5.1573042725294727e-08,
          -1.299997329711914
        ],
        [
          -0.8191523551940918,
          -0.5735761523246765,
          6.483216452579654e-08,
          -0.5500030517578125
        ],
        [
          8.183442190556889e-08,
          -3.938684045579066e-09,
          1.0000001192092896,
          1.7000000476837158
        ],
        [
          0.0,
          0.0,
          0.0,
          1.0
        ]
      ],
      "matrix_ego_from_sensor_bevfusion": [
        [
          0.8191523551940918,
          -5.1573042725294727e-08,
          -0.5735760927200317,
          -1.299997329711914
        ],
        [
          0.5735761523246765,
          6.483216452579654e-08,
          0.8191523551940918,
          0.5500030517578125
        ],
        [
          -3.938684045579066e-09,
          -1.0000001192092896,
          8.183442190556889e-08,
          1.7000000476837158
        ],
        [
          0.0,
          0.0,
          0.0,
          1.0
        ]
      ],
      "camera_intrinsics": [
        [
          685.5110473632812,
          0.0,
          480.0
        ],
        [
          0.0,
          685.5110473632812,
          270.0
        ],
        [
          0.0,
          0.0,
          1.0
        ]
      ],
      "data_path": "D:\\Agent-AI\\outputs\\s3a_ml_long_v1\\sample_000009\\images\\CAM_BACK_LEFT.png",
      "raw_layout": "bgra8"
    },
    "CAM_BACK_RIGHT": {
      "type_id": "sensor.camera.rgb",
      "blueprint_attributes": {
        "role_name": "front",
        "ros_name": "sensor.camera.rgb",
        "chromatic_aberration_offset": "0.0",
        "sensor_tick": "0.100000",
        "fstop": "1.4",
        "image_size_x": "960",
        "image_size_y": "540",
        "fov": "70.00",
        "lens_circle_falloff": "5.0",
        "lens_circle_multiplier": "0.0",
        "exposure_compensation": "0.0",
        "lens_y_size": "0.08",
        "lens_k": "-1.0",
        "exposure_mode": "histogram",
        "lens_kcube": "0.0",
        "lens_x_size": "0.08",
        "exposure_max_bright": "12.0",
        "shutter_speed": "200.0",
        "bloom_intensity": "0.675",
        "iso": "100.0",
        "enable_postprocess_effects": "false",
        "gamma": "2.2",
        "motion_blur_intensity": "0.0",
        "motion_blur_max_distortion": "0.35",
        "lens_flare_intensity": "0.1",
        "motion_blur_min_object_screen_size": "0.1",
        "exposure_min_bright": "10.0",
        "exposure_speed_up": "3.0",
        "exposure_speed_down": "1.0",
        "tint": "0.0",
        "calibration_constant": "16.0",
        "focal_distance": "1000.0",
        "min_fstop": "1.2",
        "blade_count": "5",
        "blur_amount": "0.0",
        "blur_radius": "0.0",
        "slope": "0.88",
        "toe": "0.55",
        "white_clip": "0.04",
        "shoulder": "0.26",
        "black_clip": "0.0",
        "temp": "6500.0",
        "chromatic_aberration_intensity": "0.0"
      },
      "transform_carla": {
        "location": {
          "x": 106.83839416503906,
          "y": -24.46404266357422,
          "z": 1.6779921054840088
        },
        "rotation": {
          "roll": 0.4051220118999481,
          "pitch": -0.4809887111186981,
          "yaw": 31.50720977783203
        }
      },
      "matrix_world_from_sensor_carla": [
        [
          0.852544367313385,
          -0.5226433873176575,
          0.003461794927716255,
          106.83839416503906
        ],
        [
          0.5225874185562134,
          0.8525221347808838,
          0.01041528768837452,
          -24.46404266357422
        ],
        [
          -0.008394737727940083,
          -0.007070404477417469,
          0.9999397993087769,
          1.6779921054840088
        ],
        [
          0.0,
          0.0,
          0.0,
          1.0
        ]
      ],
      "matrix_world_from_sensor_bevfusion": [
        [
          -0.5226433873176575,
          -0.003461794927716255,
          0.852544367313385,
          106.83839416503906
        ],
        [
          -0.8525221347808838,
          0.01041528768837452,
          -0.5225874185562134,
          24.46404266357422
        ],
        [
          -0.007070404477417469,
          -0.9999397993087769,
          -0.008394737727940083,
          1.6779921054840088
        ],
        [
          0.0,
          0.0,
          0.0,
          1.0
        ]
      ],
      "matrix_ego_from_sensor_carla": [
        [
          -0.5735765099525452,
          -0.8191520571708679,
          4.505378470298638e-08,
          -1.2999992370605469
        ],
        [
          0.8191520571708679,
          -0.5735765099525452,
          -6.089638304729306e-08,
          0.5500106811523438
        ],
        [
          7.509798649607546e-08,
          9.601427430894205e-10,
          1.0000001192092896,
          1.7000000476837158
        ],
        [
          0.0,
          0.0,
          0.0,
          1.0
        ]
      ],
      "matrix_ego_from_sensor_bevfusion": [
        [
          -0.8191520571708679,
          -4.505378470298638e-08,
          -0.5735765099525452,
          -1.2999992370605469
        ],
        [
          0.5735765099525452,
          -6.089638304729306e-08,
          -0.8191520571708679,
          -0.5500106811523438
        ],
        [
          9.601427430894205e-10,
          -1.0000001192092896,
          7.509798649607546e-08,
          1.7000000476837158
        ],
        [
          0.0,
          0.0,
          0.0,
          1.0
        ]
      ],
      "camera_intrinsics": [
        [
          685.5110473632812,
          0.0,
          480.0
        ],
        [
          0.0,
          685.5110473632812,
          270.0
        ],
        [
          0.0,
          0.0,
          1.0
        ]
      ],
      "data_path": "D:\\Agent-AI\\outputs\\s3a_ml_long_v1\\sample_000009\\images\\CAM_BACK_RIGHT.png",
      "raw_layout": "bgra8"
    },
    "LIDAR_TOP": {
      "type_id": "sensor.lidar.ray_cast",
      "blueprint_attributes": {
        "atmosphere_attenuation_rate": "0.004",
        "role_name": "front",
        "noise_seed": "0",
        "upper_fov": "10.0",
        "ros_name": "sensor.lidar.ray_cast",
        "sensor_tick": "0.100000",
        "channels": "32",
        "range": "120.0",
        "points_per_second": "360000",
        "lower_fov": "-30.0",
        "rotation_frequency": "10.000000",
        "horizontal_fov": "360.0",
        "dropoff_general_rate": "0.0",
        "dropoff_intensity_limit": "1.0",
        "noise_stddev": "0.0",
        "dropoff_zero_intensity": "0.0"
      },
      "transform_carla": {
        "location": {
          "x": 106.21200561523438,
          "y": -25.722850799560547,
          "z": 2.193302631378174
        },
        "rotation": {
          "roll": 0.16165269911289215,
          "pitch": 0.6077365279197693,
          "yaw": -93.490234375
        }
      },
      "matrix_world_from_sensor_carla": [
        [
          -0.06087501347064972,
          0.9981393218040466,
          0.003461858257651329,
          106.21200561523438
        ],
        [
          -0.9980890154838562,
          -0.06090806797146797,
          0.010415327735245228,
          -25.722850799560547
        ],
        [
          0.010606803931295872,
          -0.0028212093748152256,
          0.9999397397041321,
          2.193302631378174
        ],
        [
          0.0,
          0.0,
          0.0,
          1.0
        ]
      ],
      "matrix_world_from_sensor_bevfusion": [
        [
          -0.06087501347064972,
          -0.9981393218040466,
          0.003461858257651329,
          106.21200561523438
        ],
        [
          0.9980890154838562,
          -0.06090806797146797,
          -0.010415327735245228,
          25.722850799560547
        ],
        [
          0.010606803931295872,
          0.0028212093748152256,
          0.9999397397041321,
          2.193302631378174
        ],
        [
          0.0,
          0.0,
          0.0,
          1.0
        ]
      ],
      "matrix_ego_from_sensor_carla": [
        [
          1.0,
          -2.5919497104176514e-10,
          -2.819130484610355e-10,
          1.9073486328125e-06
        ],
        [
          -1.7419521380901415e-10,
          1.0,
          -1.9226081837686593e-10,
          -7.62939453125e-06
        ],
        [
          3.5035785383996654e-10,
          -1.276154182328071e-10,
          1.0,
          2.200000286102295
        ],
        [
          0.0,
          0.0,
          0.0,
          1.0
        ]
      ],
      "matrix_ego_from_sensor_bevfusion": [
        [
          1.0,
          2.5919497104176514e-10,
          -2.819130484610355e-10,
          1.9073486328125e-06
        ],
        [
          1.7419521380901415e-10,
          1.0,
          1.9226081837686593e-10,
          7.62939453125e-06
        ],
        [
          3.5035785383996654e-10,
          1.276154182328071e-10,
          1.0,
          2.200000286102295
        ],
        [
          0.0,
          0.0,
          0.0,
          1.0
        ]
      ],
      "data_path": "D:\\Agent-AI\\outputs\\s3a_ml_long_v1\\sample_000009\\lidar\\LIDAR_TOP.npy",
      "raw_layout": [
        "x",
        "y",
        "z",
        "intensity"
      ]
    },
    "RADAR_FRONT": {
      "type_id": "sensor.other.radar",
      "blueprint_attributes": {
        "sensor_tick": "0.100000",
        "role_name": "default",
        "noise_seed": "0",
        "ros_name": "sensor.other.radar",
        "horizontal_fov": "35.0",
        "points_per_second": "1500",
        "vertical_fov": "20.0",
        "range": "120.0"
      },
      "transform_carla": {
        "location": {
          "x": 106.08576202392578,
          "y": -27.732566833496094,
          "z": 0.9145944118499756
        },
        "rotation": {
          "roll": 0.16165269911289215,
          "pitch": 0.6077365279197693,
          "yaw": -93.490234375
        }
      },
      "matrix_world_from_sensor_carla": [
        [
          -0.06087501347064972,
          0.9981393218040466,
          0.003461858257651329,
          106.08576202392578
        ],
        [
          -0.9980890154838562,
          -0.06090806797146797,
          0.010415327735245228,
          -27.732566833496094
        ],
        [
          0.010606803931295872,
          -0.0028212093748152256,
          0.9999397397041321,
          0.9145944118499756
        ],
        [
          0.0,
          0.0,
          0.0,
          1.0
        ]
      ],
      "matrix_world_from_sensor_bevfusion": [
        [
          -0.06087501347064972,
          -0.9981393218040466,
          0.003461858257651329,
          106.08576202392578
        ],
        [
          0.9980890154838562,
          -0.06090806797146797,
          -0.010415327735245228,
          27.732566833496094
        ],
        [
          0.010606803931295872,
          0.0028212093748152256,
          0.9999397397041321,
          0.9145944118499756
        ],
        [
          0.0,
          0.0,
          0.0,
          1.0
        ]
      ],
      "matrix_ego_from_sensor_carla": [
        [
          1.0,
          -2.5919497104176514e-10,
          -2.819130484610355e-10,
          2.0
        ],
        [
          -1.7419521380901415e-10,
          1.0,
          -1.9226081837686593e-10,
          7.62939453125e-06
        ],
        [
          3.5035785383996654e-10,
          -1.276154182328071e-10,
          1.0,
          0.9000000953674316
        ],
        [
          0.0,
          0.0,
          0.0,
          1.0
        ]
      ],
      "matrix_ego_from_sensor_bevfusion": [
        [
          1.0,
          2.5919497104176514e-10,
          -2.819130484610355e-10,
          2.0
        ],
        [
          1.7419521380901415e-10,
          1.0,
          1.9226081837686593e-10,
          -7.62939453125e-06
        ],
        [
          3.5035785383996654e-10,
          1.276154182328071e-10,
          1.0,
          0.9000000953674316
        ],
        [
          0.0,
          0.0,
          0.0,
          1.0
        ]
      ],
      "data_path": "D:\\Agent-AI\\outputs\\s3a_ml_long_v1\\sample_000009\\radar\\RADAR_FRONT.npy",
      "raw_layout": [
        "velocity",
        "altitude",
        "azimuth",
        "depth"
      ]
    },
    "RADAR_FRONT_LEFT": {
      "type_id": "sensor.other.radar",
      "blueprint_attributes": {
        "sensor_tick": "0.100000",
        "role_name": "default",
        "noise_seed": "0",
        "ros_name": "sensor.other.radar",
        "horizontal_fov": "35.0",
        "points_per_second": "1500",
        "vertical_fov": "20.0",
        "range": "120.0"
      },
      "transform_carla": {
        "location": {
          "x": 105.35846710205078,
          "y": -27.337554931640625,
          "z": 0.9129979014396667
        },
        "rotation": {
          "roll": -0.31544315814971924,
          "pitch": 0.5440313816070557,
          "yaw": -138.49256896972656
        }
      },
      "matrix_world_from_sensor_carla": [
        [
          -0.7488359808921814,
          0.6627464294433594,
          0.0034618221689015627,
          105.35846710205078
        ],
        [
          -0.6626874208450317,
          -0.7488237619400024,
          0.010415300726890564,
          -27.337554931640625
        ],
        [
          0.009494996629655361,
          0.005505245644599199,
          0.9999397993087769,
          0.9129979014396667
        ],
        [
          0.0,
          0.0,
          0.0,
          1.0
        ]
      ],
      "matrix_world_from_sensor_bevfusion": [
        [
          -0.7488359808921814,
          -0.6627464294433594,
          0.0034618221689015627,
          105.35846710205078
        ],
        [
          0.6626874208450317,
          -0.7488237619400024,
          -0.010415300726890564,
          27.337554931640625
        ],
        [
          0.009494996629655361,
          -0.005505245644599199,
          0.9999397993087769,
          0.9129979014396667
        ],
        [
          0.0,
          0.0,
          0.0,
          1.0
        ]
      ],
      "matrix_ego_from_sensor_carla": [
        [
          0.7071071863174438,
          0.7071065306663513,
          3.015262350913872e-08,
          1.6499996185302734
        ],
        [
          -0.7071064710617065,
          0.7071071863174438,
          -3.481935451077334e-08,
          -0.7499923706054688
        ],
        [
          -4.540810394360051e-08,
          3.8565337590057425e-09,
          1.0000001192092896,
          0.9000000357627869
        ],
        [
          0.0,
          0.0,
          0.0,
          1.0
        ]
      ],
      "matrix_ego_from_sensor_bevfusion": [
        [
          0.7071071863174438,
          -0.7071065306663513,
          3.015262350913872e-08,
          1.6499996185302734
        ],
        [
          0.7071064710617065,
          0.7071071863174438,
          3.481935451077334e-08,
          0.7499923706054688
        ],
        [
          -4.540810394360051e-08,
          -3.8565337590057425e-09,
          1.0000001192092896,
          0.9000000357627869
        ],
        [
          0.0,
          0.0,
          0.0,
          1.0
        ]
      ],
      "data_path": "D:\\Agent-AI\\outputs\\s3a_ml_long_v1\\sample_000009\\radar\\RADAR_FRONT_LEFT.npy",
      "raw_layout": [
        "velocity",
        "altitude",
        "azimuth",
        "depth"
      ]
    },
    "RADAR_FRONT_RIGHT": {
      "type_id": "sensor.other.radar",
      "blueprint_attributes": {
        "sensor_tick": "0.100000",
        "role_name": "default",
