{
  "schema_version": "stage1.v1",
  "sample_name": "sample_000037",
  "sequence_index": 37,
  "previous_sample_name": "sample_000036",
  "frame_id": 3957,
  "timestamp": 42.83108660206199,
  "platform_timestamp": 16816498.7098653,
  "delta_seconds": 0.10000000149011612,
  "town": "Carla/Maps/Town10HD_Opt",
  "weather": {
    "cloudiness": 20.0,
    "dust_storm": 0.0,
    "fog_density": 2.0,
    "fog_distance": 0.75,
    "fog_falloff": 0.10000000149011612,
    "mie_scattering_scale": 0.029999999329447746,
    "precipitation": 0.0,
    "precipitation_deposits": 0.0,
    "rayleigh_scattering_scale": 0.03310000151395798,
    "scattering_intensity": 1.0,
    "sun_altitude_angle": 45.0,
    "sun_azimuth_angle": 300.0,
    "wetness": 0.0,
    "wind_intensity": 10.0
  },
  "sensor_names": [
    "CAM_FRONT",
    "CAM_FRONT_RIGHT",
    "CAM_FRONT_LEFT",
    "CAM_BACK",
    "CAM_BACK_LEFT",
    "CAM_BACK_RIGHT",
    "LIDAR_TOP",
    "RADAR_FRONT",
    "RADAR_FRONT_LEFT",
    "RADAR_FRONT_RIGHT",
    "RADAR_BACK_LEFT",
    "RADAR_BACK_RIGHT"
  ],
  "camera_order_for_model": [
    "CAM_FRONT",
    "CAM_FRONT_RIGHT",
    "CAM_FRONT_LEFT",
    "CAM_BACK",
    "CAM_BACK_LEFT",
    "CAM_BACK_RIGHT"
  ],
  "radar_order_for_model": [
    "RADAR_FRONT",
    "RADAR_FRONT_LEFT",
    "RADAR_FRONT_RIGHT",
    "RADAR_BACK_LEFT",
    "RADAR_BACK_RIGHT"
  ],
  "coordinate_notes": {
    "carla_world": "left-handed x-forward y-right z-up",
    "bevfusion_lidar": "x-forward y-left z-up",
    "camera_frame_for_model": "OpenCV style x-right y-down z-forward"
  },
  "ego": {
    "actor_id": 24,
    "transform_carla": {
      "location": {
        "x": 107.54901123046875,
        "y": -36.72361755371094,
        "z": -0.004507103003561497
      },
      "rotation": {
        "roll": 0.018756182864308357,
        "pitch": 0.0020012452732771635,
        "yaw": -106.64066314697266
      }
    },
    "velocity_carla": [
      -0.9515841603279114,
      -3.042752504348755,
      1.5163420812314143e-06
    ],
    "angular_velocity_carla": [
      -1.1692594289779663,
      0.40514472126960754,
      -1.5465315580368042
    ],
    "matrix_world_from_ego_carla": [
      [
        -0.2863684594631195,
        0.9581195116043091,
        0.00032364967046305537,
        107.54901123046875
      ],
      [
        -0.9581195712089539,
        -0.2863684296607971,
        -6.027926065144129e-05,
        -36.72361755371094
      ],
      [
        3.49283182004001e-05,
        -0.00032735714921727777,
        0.9999999403953552,
        -0.004507103003561497
      ],
      [
        0.0,
        0.0,
        0.0,
        1.0
      ]
    ],
    "matrix_world_from_ego_bevfusion": [
      [
        -0.2863684594631195,
        -0.9581195116043091,
        0.00032364967046305537,
        107.54901123046875
      ],
      [
        0.9581195712089539,
        -0.2863684296607971,
        6.027926065144129e-05,
        36.72361755371094
      ],
      [
        3.49283182004001e-05,
        0.00032735714921727777,
        0.9999999403953552,
        -0.004507103003561497
      ],
      [
        0.0,
        0.0,
        0.0,
        1.0
      ]
    ]
  },
  "sensors": {
    "CAM_FRONT": {
      "type_id": "sensor.camera.rgb",
      "blueprint_attributes": {
        "role_name": "front",
        "ros_name": "sensor.camera.rgb",
        "chromatic_aberration_offset": "0.0",
        "sensor_tick": "0.100000",
        "fstop": "1.4",
        "image_size_x": "960",
        "image_size_y": "540",
        "fov": "70.00",
        "lens_circle_falloff": "5.0",
        "lens_circle_multiplier": "0.0",
        "exposure_compensation": "0.0",
        "lens_y_size": "0.08",
        "lens_k": "-1.0",
        "exposure_mode": "histogram",
        "lens_kcube": "0.0",
        "lens_x_size": "0.08",
        "exposure_max_bright": "12.0",
        "shutter_speed": "200.0",
        "bloom_intensity": "0.675",
        "iso": "100.0",
        "enable_postprocess_effects": "false",
        "gamma": "2.2",
        "motion_blur_intensity": "0.0",
        "motion_blur_max_distortion": "0.35",
        "lens_flare_intensity": "0.1",
        "motion_blur_min_object_screen_size": "0.1",
        "exposure_min_bright": "10.0",
        "exposure_speed_up": "3.0",
        "exposure_speed_down": "1.0",
        "tint": "0.0",
        "calibration_constant": "16.0",
        "focal_distance": "1000.0",
        "min_fstop": "1.2",
        "blade_count": "5",
        "blur_amount": "0.0",
        "blur_radius": "0.0",
        "slope": "0.88",
        "toe": "0.55",
        "white_clip": "0.04",
        "shoulder": "0.26",
        "black_clip": "0.0",
        "temp": "6500.0",
        "chromatic_aberration_intensity": "0.0"
      },
      "transform_carla": {
        "location": {
          "x": 107.1056900024414,
          "y": -38.208805084228516,
          "z": 1.6955469846725464
        },
        "rotation": {
          "roll": 0.018756182864308357,
          "pitch": 0.0020012452732771635,
          "yaw": -106.64066314697266
        }
      },
      "matrix_world_from_sensor_carla": [
        [
          -0.2863684594631195,
          0.9581195116043091,
          0.00032364967046305537,
          107.1056900024414
        ],
        [
          -0.9581195712089539,
          -0.2863684296607971,
          -6.027926065144129e-05,
          -38.208805084228516
        ],
        [
          3.49283182004001e-05,
          -0.00032735714921727777,
          0.9999999403953552,
          1.6955469846725464
        ],
        [
          0.0,
          0.0,
          0.0,
          1.0
        ]
      ],
      "matrix_world_from_sensor_bevfusion": [
        [
          0.9581195116043091,
          -0.00032364967046305537,
          -0.2863684594631195,
          107.1056900024414
        ],
        [
          0.2863684296607971,
          -6.027926065144129e-05,
          0.9581195712089539,
          38.208805084228516
        ],
        [
          -0.00032735714921727777,
          -0.9999999403953552,
          3.49283182004001e-05,
          1.6955469846725464
        ],
        [
          0.0,
          0.0,
          0.0,
          1.0
        ]
      ],
      "matrix_ego_from_sensor_carla": [
        [
          1.0,
          1.5131067954143873e-08,
          1.5560892418359229e-12,
          1.5500006675720215
        ],
        [
          1.388293036086452e-08,
          1.0,
          -9.591822128229843e-12,
          -7.62939453125e-06
        ],
        [
          1.556088808155054e-12,
          -9.59182386295332e-12,
          1.0,
          1.7000000476837158
        ],
        [
          0.0,
          0.0,
          0.0,
          1.0
        ]
      ],
      "matrix_ego_from_sensor_bevfusion": [
        [
          1.5131067954143873e-08,
          -1.5560892418359229e-12,
          1.0,
          1.5500006675720215
        ],
        [
          -1.0,
          -9.591822128229843e-12,
          -1.388293036086452e-08,
          7.62939453125e-06
        ],
        [
          -9.59182386295332e-12,
          -1.0,
          1.556088808155054e-12,
          1.7000000476837158
        ],
        [
          0.0,
          0.0,
          0.0,
          1.0
        ]
      ],
      "camera_intrinsics": [
        [
          685.5110473632812,
          0.0,
          480.0
        ],
        [
          0.0,
          685.5110473632812,
          270.0
        ],
        [
          0.0,
          0.0,
          1.0
        ]
      ],
      "data_path": "D:\\Agent-AI\\outputs\\s3a_left_v3\\sample_000037\\images\\CAM_FRONT.png",
      "raw_layout": "bgra8"
    },
    "CAM_FRONT_RIGHT": {
      "type_id": "sensor.camera.rgb",
      "blueprint_attributes": {
        "role_name": "front",
        "ros_name": "sensor.camera.rgb",
        "chromatic_aberration_offset": "0.0",
        "sensor_tick": "0.100000",
        "fstop": "1.4",
        "image_size_x": "960",
        "image_size_y": "540",
        "fov": "70.00",
        "lens_circle_falloff": "5.0",
        "lens_circle_multiplier": "0.0",
        "exposure_compensation": "0.0",
        "lens_y_size": "0.08",
        "lens_k": "-1.0",
        "exposure_mode": "histogram",
        "lens_kcube": "0.0",
        "lens_x_size": "0.08",
        "exposure_max_bright": "12.0",
        "shutter_speed": "200.0",
        "bloom_intensity": "0.675",
        "iso": "100.0",
        "enable_postprocess_effects": "false",
        "gamma": "2.2",
        "motion_blur_intensity": "0.0",
        "motion_blur_max_distortion": "0.35",
        "lens_flare_intensity": "0.1",
        "motion_blur_min_object_screen_size": "0.1",
        "exposure_min_bright": "10.0",
        "exposure_speed_up": "3.0",
        "exposure_speed_down": "1.0",
        "tint": "0.0",
        "calibration_constant": "16.0",
        "focal_distance": "1000.0",
        "min_fstop": "1.2",
        "blade_count": "5",
        "blur_amount": "0.0",
        "blur_radius": "0.0",
        "slope": "0.88",
        "toe": "0.55",
        "white_clip": "0.04",
        "shoulder": "0.26",
        "black_clip": "0.0",
        "temp": "6500.0",
        "chromatic_aberration_intensity": "0.0"
      },
      "transform_carla": {
        "location": {
          "x": 107.7042465209961,
          "y": -38.12677764892578,
          "z": 1.6953580379486084
        },
        "rotation": {
          "roll": 0.012397430837154388,
          "pitch": -0.01422045286744833,
          "yaw": -51.640682220458984
        }
      },
      "matrix_world_from_sensor_carla": [
        [
          0.6205911040306091,
          0.7841342687606812,
          0.0003236946649849415,
          107.7042465209961
        ],
        [
          -0.7841342687606812,
          0.6205912232398987,
          -6.033619865775108e-05,
          -38.12677764892578
        ],
        [
          -0.0002481937117408961,
          -0.0002163759636459872,
          0.9999999403953552,
          1.6953580379486084
        ],
        [
          0.0,
          0.0,
          0.0,
          1.0
        ]
      ],
      "matrix_world_from_sensor_bevfusion": [
        [
          0.7841342687606812,
          -0.0003236946649849415,
          0.6205911040306091,
          107.7042465209961
        ],
        [
          -0.6205912232398987,
          -6.033619865775108e-05,
          0.7841342687606812,
          38.12677764892578
        ],
        [
          -0.0002163759636459872,
          -0.9999999403953552,
          -0.0002481937117408961,
          1.6953580379486084
        ],
        [
          0.0,
          0.0,
          0.0,
          1.0
        ]
      ],
      "matrix_ego_from_sensor_carla": [
        [
          0.5735766887664795,
          -0.8191518783569336,
          4.16673273662127e-08,
          1.3000006675720215
        ],
        [
          0.8191518187522888,
          0.5735766291618347,
          5.942042946571746e-08,
          0.5499954223632812
        ],
        [
          -7.257015965933533e-08,
          5.65527590035142e-11,
          1.0,
          1.6999998092651367
        ],
        [
          0.0,
          0.0,
          0.0,
          1.0
        ]
      ],
      "matrix_ego_from_sensor_bevfusion": [
        [
          -0.8191518783569336,
          -4.16673273662127e-08,
          0.5735766887664795,
          1.3000006675720215
        ],
        [
          -0.5735766291618347,
          5.942042946571746e-08,
          -0.8191518187522888,
          -0.5499954223632812
        ],
        [
          5.65527590035142e-11,
          -1.0,
          -7.257015965933533e-08,
          1.6999998092651367
        ],
        [
          0.0,
          0.0,
          0.0,
          1.0
        ]
      ],
      "camera_intrinsics": [
        [
          685.5110473632812,
          0.0,
          480.0
        ],
        [
          0.0,
          685.5110473632812,
          270.0
        ],
        [
          0.0,
          0.0,
          1.0
        ]
      ],
      "data_path": "D:\\Agent-AI\\outputs\\s3a_left_v3\\sample_000037\\images\\CAM_FRONT_RIGHT.png",
      "raw_layout": "bgra8"
    },
    "CAM_FRONT_LEFT": {
      "type_id": "sensor.camera.rgb",
      "blueprint_attributes": {
        "role_name": "front",
        "ros_name": "sensor.camera.rgb",
        "chromatic_aberration_offset": "0.0",
        "sensor_tick": "0.100000",
        "fstop": "1.4",
        "image_size_x": "960",
        "image_size_y": "540",
        "fov": "70.00",
        "lens_circle_falloff": "5.0",
        "lens_circle_multiplier": "0.0",
        "exposure_compensation": "0.0",
        "lens_y_size": "0.08",
        "lens_k": "-1.0",
        "exposure_mode": "histogram",
        "lens_kcube": "0.0",
        "lens_x_size": "0.08",
        "exposure_max_bright": "12.0",
        "shutter_speed": "200.0",
        "bloom_intensity": "0.675",
        "iso": "100.0",
        "enable_postprocess_effects": "false",
        "gamma": "2.2",
        "motion_blur_intensity": "0.0",
        "motion_blur_max_distortion": "0.35",
        "lens_flare_intensity": "0.1",
        "motion_blur_min_object_screen_size": "0.1",
        "exposure_min_bright": "10.0",
        "exposure_speed_up": "3.0",
        "exposure_speed_down": "1.0",
        "tint": "0.0",
        "calibration_constant": "16.0",
        "focal_distance": "1000.0",
        "min_fstop": "1.2",
        "blade_count": "5",
        "blur_amount": "0.0",
        "blur_radius": "0.0",
        "slope": "0.88",
        "toe": "0.55",
        "white_clip": "0.04",
        "shoulder": "0.26",
        "black_clip": "0.0",
        "temp": "6500.0",
        "chromatic_aberration_intensity": "0.0"
      },
      "transform_carla": {
        "location": {
          "x": 106.65032196044922,
          "y": -37.811771392822266,
          "z": 1.6957180500030518
        },
        "rotation": {
          "roll": 0.009118781425058842,
          "pitch": 0.016515396535396576,
          "yaw": -161.640625
        }
      },
      "matrix_world_from_sensor_carla": [
        [
          -0.9490994811058044,
          0.31497621536254883,
          0.00032370540429838,
          106.65032196044922
        ],
        [
          -0.31497621536254883,
          -0.9490995407104492,
          -6.026052142260596e-05,
          -37.811771392822266
        ],
        [
          0.0002882480330299586,
          -0.00015915273979771882,
          0.9999999403953552,
          1.6957180500030518
        ],
        [
          0.0,
          0.0,
          0.0,
          1.0
        ]
      ],
      "matrix_world_from_sensor_bevfusion": [
        [
          0.31497621536254883,
          -0.00032370540429838,
          -0.9490994811058044,
          106.65032196044922
        ],
        [
          0.9490995407104492,
          -6.026052142260596e-05,
          0.31497621536254883,
          37.811771392822266
        ],
        [
          -0.00015915273979771882,
          -0.9999999403953552,
          0.0002882480330299586,
          1.6957180500030518
        ],
        [
          0.0,
          0.0,
          0.0,
          1.0
        ]
      ],
      "matrix_ego_from_sensor_carla": [
        [
          0.5735769867897034,
          0.8191515803337097,
          -3.3915320329924725e-08,
          1.2999982833862305
        ],
        [
          -0.8191516399383545,
          0.5735770463943481,
          4.801172792667785e-08,
          -0.5499954223632812
        ],
        [
          5.8801660429708136e-08,
          2.4231688877662805e-10,
          1.0,
          1.6999996900558472
        ],
        [
          0.0,
          0.0,
          0.0,
          1.0
        ]
      ],
      "matrix_ego_from_sensor_bevfusion": [
        [
          0.8191515803337097,
          3.3915320329924725e-08,
          0.5735769867897034,
          1.2999982833862305
        ],
        [
          -0.5735770463943481,
          4.801172792667785e-08,
          0.8191516399383545,
          0.5499954223632812
        ],
        [
          2.4231688877662805e-10,
          -1.0,
          5.8801660429708136e-08,
          1.6999996900558472
        ],
        [
          0.0,
          0.0,
          0.0,
          1.0
        ]
      ],
      "camera_intrinsics": [
        [
          685.5110473632812,
          0.0,
          480.0
        ],
        [
          0.0,
          685.5110473632812,
          270.0
        ],
        [
          0.0,
          0.0,
          1.0
        ]
      ],
      "data_path": "D:\\Agent-AI\\outputs\\s3a_left_v3\\sample_000037\\images\\CAM_FRONT_LEFT.png",
      "raw_layout": "bgra8"
    },
    "CAM_BACK": {
      "type_id": "sensor.camera.rgb",
      "blueprint_attributes": {
        "role_name": "front",
        "ros_name": "sensor.camera.rgb",
        "chromatic_aberration_offset": "0.0",
        "sensor_tick": "0.100000",
        "fstop": "1.4",
        "image_size_x": "960",
        "image_size_y": "540",
        "fov": "70.00",
        "lens_circle_falloff": "5.0",
        "lens_circle_multiplier": "0.0",
        "exposure_compensation": "0.0",
        "lens_y_size": "0.08",
        "lens_k": "-1.0",
        "exposure_mode": "histogram",
        "lens_kcube": "0.0",
        "lens_x_size": "0.08",
        "exposure_max_bright": "12.0",
        "shutter_speed": "200.0",
        "bloom_intensity": "0.675",
        "iso": "100.0",
        "enable_postprocess_effects": "false",
        "gamma": "2.2",
        "motion_blur_intensity": "0.0",
        "motion_blur_max_distortion": "0.35",
        "lens_flare_intensity": "0.1",
        "motion_blur_min_object_screen_size": "0.1",
        "exposure_min_bright": "10.0",
        "exposure_speed_up": "3.0",
        "exposure_speed_down": "1.0",
        "tint": "0.0",
        "calibration_constant": "16.0",
        "focal_distance": "1000.0",
        "min_fstop": "1.2",
        "blade_count": "5",
        "blur_amount": "0.0",
        "blur_radius": "0.0",
        "slope": "0.88",
        "toe": "0.55",
        "white_clip": "0.04",
        "shoulder": "0.26",
        "black_clip": "0.0",
        "temp": "6500.0",
        "chromatic_aberration_intensity": "0.0"
      },
      "transform_carla": {
        "location": {
          "x": 107.99343872070312,
          "y": -35.2386360168457,
          "z": 1.6954385042190552
        },
        "rotation": {
          "roll": -0.01875617913901806,
          "pitch": -0.0020012452732771635,
          "yaw": 73.35934448242188
        }
      },
      "matrix_world_from_sensor_carla": [
        [
          0.2863682508468628,
          -0.9581195712089539,
          0.00032364961225539446,
          107.99343872070312
        ],
        [
          0.9581196308135986,
          0.2863682210445404,
          -6.0279169701971114e-05,
          -35.2386360168457
        ],
        [
          -3.49283182004001e-05,
          0.00032735709100961685,
          0.9999999403953552,
          1.6954385042190552
        ],
        [
          0.0,
          0.0,
          0.0,
          1.0
        ]
      ],
      "matrix_world_from_sensor_bevfusion": [
        [
          -0.9581195712089539,
          -0.00032364961225539446,
          0.2863682508468628,
          107.99343872070312
        ],
        [
          -0.2863682210445404,
          -6.0279169701971114e-05,
          -0.9581196308135986,
          35.2386360168457
        ],
        [
          0.00032735709100961685,
          -0.9999999403953552,
          -3.49283182004001e-05,
          1.6954385042190552
        ],
        [
          0.0,
          0.0,
          0.0,
          1.0
        ]
      ],
      "matrix_ego_from_sensor_carla": [
        [
          -1.0,
          2.145505675343884e-07,
          -7.120348755051964e-11,
          -1.5499992370605469
        ],
        [
          -2.0976575854092516e-07,
          -1.0,
          -9.690331176370748e-11,
          0.0
        ],
        [
          -7.067768592605717e-11,
          -7.771966403780084e-11,
          1.0,
          1.6999998092651367
        ],
        [
          0.0,
          0.0,
          0.0,
          1.0
        ]
      ],
      "matrix_ego_from_sensor_bevfusion": [
        [
          2.145505675343884e-07,
          7.120348755051964e-11,
          -1.0,
          -1.5499992370605469
        ],
        [
          1.0,
          -9.690331176370748e-11,
          2.0976575854092516e-07,
          0.0
        ],
        [
          -7.771966403780084e-11,
          -1.0,
          -7.067768592605717e-11,
          1.6999998092651367
        ],
        [
          0.0,
          0.0,
          0.0,
          1.0
        ]
      ],
      "camera_intrinsics": [
        [
          685.5110473632812,
          0.0,
          480.0
        ],
        [
          0.0,
          685.5110473632812,
          270.0
        ],
        [
          0.0,
          0.0,
          1.0
        ]
      ],
      "data_path": "D:\\Agent-AI\\outputs\\s3a_left_v3\\sample_000037\\images\\CAM_BACK.png",
      "raw_layout": "bgra8"
    },
    "CAM_BACK_LEFT": {
      "type_id": "sensor.camera.rgb",
      "blueprint_attributes": {
        "role_name": "front",
        "ros_name": "sensor.camera.rgb",
        "chromatic_aberration_offset": "0.0",
        "sensor_tick": "0.100000",
        "fstop": "1.4",
        "image_size_x": "960",
        "image_size_y": "540",
        "fov": "70.00",
        "lens_circle_falloff": "5.0",
        "lens_circle_multiplier": "0.0",
        "exposure_compensation": "0.0",
        "lens_y_size": "0.08",
        "lens_k": "-1.0",
        "exposure_mode": "histogram",
        "lens_kcube": "0.0",
        "lens_x_size": "0.08",
        "exposure_max_bright": "12.0",
        "shutter_speed": "200.0",
        "bloom_intensity": "0.675",
        "iso": "100.0",
        "enable_postprocess_effects": "false",
        "gamma": "2.2",
        "motion_blur_intensity": "0.0",
        "motion_blur_max_distortion": "0.35",
        "lens_flare_intensity": "0.1",
        "motion_blur_min_object_screen_size": "0.1",
        "exposure_min_bright": "10.0",
        "exposure_speed_up": "3.0",
        "exposure_speed_down": "1.0",
        "tint": "0.0",
        "calibration_constant": "16.0",
        "focal_distance": "1000.0",
        "min_fstop": "1.2",
        "blade_count": "5",
        "blur_amount": "0.0",
        "blur_radius": "0.0",
        "slope": "0.88",
        "toe": "0.55",
        "white_clip": "0.04",
        "shoulder": "0.26",
        "black_clip": "0.0",
        "temp": "6500.0",
        "chromatic_aberration_intensity": "0.0"
      },
      "transform_carla": {
        "location": {
          "x": 107.39486694335938,
          "y": -35.32065963745117,
          "z": 1.6956274509429932
        },
        "rotation": {
          "roll": -0.01239742897450924,
          "pitch": 0.01422045286744833,
          "yaw": 128.3593292236328
        }
      },
      "matrix_world_from_sensor_carla": [
        [
          -0.6205911636352539,
          -0.7841342091560364,
          0.000323694635881111,
          107.39486694335938
        ],
        [
          0.7841342091560364,
          -0.6205912828445435,
          -6.0336184105835855e-05,
          -35.32065963745117
        ],
        [
          0.0002481937117408961,
          0.00021637593454215676,
          0.9999999403953552,
          1.6956274509429932
        ],
        [
          0.0,
          0.0,
          0.0,
          1.0
        ]
      ],
      "matrix_world_from_sensor_bevfusion": [
        [
          -0.7841342091560364,
          -0.000323694635881111,
          -0.6205911636352539,
          107.39486694335938
        ],
        [
          0.6205912828445435,
          -6.0336184105835855e-05,
          -0.7841342091560364,
          35.32065963745117
        ],
        [
          0.00021637593454215676,
          -0.9999999403953552,
          0.0002481937117408961,
          1.6956274509429932
        ],
        [
          0.0,
          0.0,
          0.0,
          1.0
        ]
      ],
      "matrix_ego_from_sensor_carla": [
        [
          -0.5735766291618347,
          0.8191519379615784,
          4.166368938740561e-08,
          -1.299999475479126
        ],
        [
          -0.8191518783569336,
          -0.5735766291618347,
          5.939132563526073e-08,
          -0.5500106811523438
        ],
        [
          7.25410558288786e-08,
          -8.565658599080095e-11,
          1.0,
          1.6999999284744263
        ],
        [
          0.0,
          0.0,
          0.0,
          1.0
        ]
      ],
      "matrix_ego_from_sensor_bevfusion": [
        [
          0.8191519379615784,
          -4.166368938740561e-08,
          -0.5735766291618347,
          -1.299999475479126
        ],
        [
          0.5735766291618347,
          5.939132563526073e-08,
          0.8191518783569336,
          0.5500106811523438
        ],
        [
          -8.565658599080095e-11,
          -1.0,
          7.25410558288786e-08,
          1.6999999284744263
        ],
        [
          0.0,
          0.0,
          0.0,
          1.0
        ]
      ],
      "camera_intrinsics": [
        [
          685.5110473632812,
          0.0,
          480.0
        ],
        [
          0.0,
          685.5110473632812,
          270.0
        ],
        [
          0.0,
          0.0,
          1.0
        ]
      ],
      "data_path": "D:\\Agent-AI\\outputs\\s3a_left_v3\\sample_000037\\images\\CAM_BACK_LEFT.png",
      "raw_layout": "bgra8"
    },
    "CAM_BACK_RIGHT": {
      "type_id": "sensor.camera.rgb",
      "blueprint_attributes": {
        "role_name": "front",
        "ros_name": "sensor.camera.rgb",
        "chromatic_aberration_offset": "0.0",
        "sensor_tick": "0.100000",
        "fstop": "1.4",
        "image_size_x": "960",
        "image_size_y": "540",
        "fov": "70.00",
        "lens_circle_falloff": "5.0",
        "lens_circle_multiplier": "0.0",
        "exposure_compensation": "0.0",
        "lens_y_size": "0.08",
        "lens_k": "-1.0",
        "exposure_mode": "histogram",
        "lens_kcube": "0.0",
        "lens_x_size": "0.08",
        "exposure_max_bright": "12.0",
        "shutter_speed": "200.0",
        "bloom_intensity": "0.675",
        "iso": "100.0",
        "enable_postprocess_effects": "false",
        "gamma": "2.2",
        "motion_blur_intensity": "0.0",
        "motion_blur_max_distortion": "0.35",
        "lens_flare_intensity": "0.1",
        "motion_blur_min_object_screen_size": "0.1",
        "exposure_min_bright": "10.0",
        "exposure_speed_up": "3.0",
        "exposure_speed_down": "1.0",
        "tint": "0.0",
        "calibration_constant": "16.0",
        "focal_distance": "1000.0",
        "min_fstop": "1.2",
        "blade_count": "5",
        "blur_amount": "0.0",
        "blur_radius": "0.0",
        "slope": "0.88",
        "toe": "0.55",
        "white_clip": "0.04",
        "shoulder": "0.26",
        "black_clip": "0.0",
        "temp": "6500.0",
        "chromatic_aberration_intensity": "0.0"
      },
      "transform_carla": {
        "location": {
          "x": 108.44880676269531,
          "y": -35.63566970825195,
          "z": 1.6952673196792603
        },
        "rotation": {
          "roll": -0.009118777699768543,
          "pitch": -0.016515396535396576,
          "yaw": 18.359350204467773
        }
      },
      "matrix_world_from_sensor_carla": [
        [
          0.9490996599197388,
          -0.3149757385253906,
          0.00032370537519454956,
          108.44880676269531
        ],
        [
          0.3149757385253906,
          0.9490997195243835,
          -6.0260630561970174e-05,
          -35.63566970825195
        ],
        [
          -0.0002882480330299586,
          0.0001591526815900579,
          0.9999999403953552,
          1.6952673196792603
        ],
        [
          0.0,
          0.0,
          0.0,
          1.0
        ]
      ],
      "matrix_world_from_sensor_bevfusion": [
        [
          -0.3149757385253906,
          -0.00032370537519454956,
          0.9490996599197388,
          108.44880676269531
        ],
        [
          -0.9490997195243835,
          -6.0260630561970174e-05,
          -0.3149757385253906,
          35.63566970825195
        ],
        [
          0.0001591526815900579,
          -0.9999999403953552,
          -0.0002882480330299586,
          1.6952673196792603
        ],
        [
          0.0,
          0.0,
          0.0,
          1.0
        ]
      ],
      "matrix_ego_from_sensor_carla": [
        [
          -0.5735765695571899,
          -0.8191519379615784,
          -3.3806180965711974e-08,
          -1.299997091293335
        ],
        [
          0.8191519379615784,
          -0.5735766887664795,
          4.801172792667785e-08,
          0.5500030517578125
        ],
        [
          -5.8714348938337935e-08,
          -1.5500539740642694e-10,
          1.0,
          1.6999999284744263
        ],
        [
          0.0,
          0.0,
          0.0,
          1.0
        ]
      ],
      "matrix_ego_from_sensor_bevfusion": [
        [
          -0.8191519379615784,
          3.3806180965711974e-08,
          -0.5735765695571899,
          -1.299997091293335
        ],
        [
          0.5735766887664795,
          4.801172792667785e-08,
          -0.8191519379615784,
          -0.5500030517578125
        ],
        [
          -1.5500539740642694e-10,
          -1.0,
          -5.8714348938337935e-08,
          1.6999999284744263
        ],
        [
          0.0,
          0.0,
          0.0,
          1.0
        ]
      ],
      "camera_intrinsics": [
        [
          685.5110473632812,
          0.0,
          480.0
        ],
        [
          0.0,
          685.5110473632812,
          270.0
        ],
        [
          0.0,
          0.0,
          1.0
        ]
      ],
      "data_path": "D:\\Agent-AI\\outputs\\s3a_left_v3\\sample_000037\\images\\CAM_BACK_RIGHT.png",
      "raw_layout": "bgra8"
    },
    "LIDAR_TOP": {
      "type_id": "sensor.lidar.ray_cast",
      "blueprint_attributes": {
        "atmosphere_attenuation_rate": "0.004",
        "role_name": "front",
        "noise_seed": "0",
        "upper_fov": "10.0",
        "ros_name": "sensor.lidar.ray_cast",
        "sensor_tick": "0.100000",
        "channels": "32",
        "range": "120.0",
        "points_per_second": "360000",
        "lower_fov": "-30.0",
        "rotation_frequency": "10.000000",
        "horizontal_fov": "360.0",
        "dropoff_general_rate": "0.0",
        "dropoff_intensity_limit": "1.0",
        "noise_stddev": "0.0",
        "dropoff_zero_intensity": "0.0"
      },
      "transform_carla": {
        "location": {
          "x": 107.54972076416016,
          "y": -36.723751068115234,
          "z": 2.195492744445801
        },
        "rotation": {
          "roll": 0.018756182864308357,
          "pitch": 0.0020012452732771635,
          "yaw": -106.64066314697266
        }
      },
      "matrix_world_from_sensor_carla": [
        [
          -0.2863684594631195,
          0.9581195116043091,
          0.00032364967046305537,
          107.54972076416016
        ],
        [
          -0.9581195712089539,
          -0.2863684296607971,
          -6.027926065144129e-05,
          -36.723751068115234
        ],
        [
          3.49283182004001e-05,
          -0.00032735714921727777,
          0.9999999403953552,
          2.195492744445801
        ],
        [
          0.0,
          0.0,
          0.0,
          1.0
        ]
      ],
      "matrix_world_from_sensor_bevfusion": [
        [
          -0.2863684594631195,
          -0.9581195116043091,
          0.00032364967046305537,
          107.54972076416016
        ],
        [
          0.9581195712089539,
          -0.2863684296607971,
          6.027926065144129e-05,
          36.723751068115234
        ],
        [
          3.49283182004001e-05,
          0.00032735714921727777,
          0.9999999403953552,
          2.195492744445801
        ],
        [
          0.0,
          0.0,
          0.0,
          1.0
        ]
      ],
      "matrix_ego_from_sensor_carla": [
        [
          1.0,
          1.5131067954143873e-08,
          1.5560892418359229e-12,
          1.9073486328125e-06
        ],
        [
          1.388293036086452e-08,
          1.0,
          -9.591822128229843e-12,
          0.0
        ],
        [
          1.556088808155054e-12,
          -9.59182386295332e-12,
          1.0,
          2.1999998092651367
        ],
        [
          0.0,
          0.0,
          0.0,
          1.0
        ]
      ],
      "matrix_ego_from_sensor_bevfusion": [
        [
          1.0,
          -1.5131067954143873e-08,
          1.5560892418359229e-12,
          1.9073486328125e-06
        ],
        [
          -1.388293036086452e-08,
          1.0,
          9.591822128229843e-12,
          0.0
        ],
        [
          1.556088808155054e-12,
          9.59182386295332e-12,
          1.0,
          2.1999998092651367
        ],
        [
          0.0,
          0.0,
          0.0,
          1.0
        ]
      ],
      "data_path": "D:\\Agent-AI\\outputs\\s3a_left_v3\\sample_000037\\lidar\\LIDAR_TOP.npy",
      "raw_layout": [
        "x",
        "y",
        "z",
        "intensity"
      ]
    },
    "RADAR_FRONT": {
      "type_id": "sensor.other.radar",
      "blueprint_attributes": {
        "sensor_tick": "0.100000",
        "role_name": "default",
        "noise_seed": "0",
        "ros_name": "sensor.other.radar",
        "horizontal_fov": "35.0",
        "points_per_second": "1500",
        "vertical_fov": "20.0",
        "range": "120.0"
      },
      "transform_carla": {
        "location": {
          "x": 106.97657012939453,
          "y": -38.63991165161133,
          "z": 0.8955627083778381
        },
        "rotation": {
          "roll": 0.018756182864308357,
          "pitch": 0.0020012452732771635,
          "yaw": -106.64066314697266
        }
      },
      "matrix_world_from_sensor_carla": [
        [
          -0.2863684594631195,
          0.9581195116043091,
          0.00032364967046305537,
          106.97657012939453
        ],
        [
          -0.9581195712089539,
          -0.2863684296607971,
          -6.027926065144129e-05,
          -38.63991165161133
        ],
        [
          3.49283182004001e-05,
          -0.00032735714921727777,
          0.9999999403953552,
          0.8955627083778381
        ],
        [
          0.0,
          0.0,
          0.0,
          1.0
        ]
      ],
      "matrix_world_from_sensor_bevfusion": [
        [
          -0.2863684594631195,
          -0.9581195116043091,
          0.00032364967046305537,
          106.97657012939453
        ],
        [
          0.9581195712089539,
          -0.2863684296607971,
          6.027926065144129e-05,
          38.63991165161133
        ],
        [
          3.49283182004001e-05,
          0.00032735714921727777,
          0.9999999403953552,
          0.8955627083778381
        ],
        [
          0.0,
          0.0,
          0.0,
          1.0
        ]
      ],
      "matrix_ego_from_sensor_carla": [
        [
          1.0,
          1.5131067954143873e-08,
          1.5560892418359229e-12,
          2.000000476837158
        ],
        [
          1.388293036086452e-08,
          1.0,
          -9.591822128229843e-12,
          7.62939453125e-06
        ],
        [
          1.556088808155054e-12,
          -9.59182386295332e-12,
          1.0,
          0.9000000357627869
        ],
        [
          0.0,
          0.0,
          0.0,
          1.0
        ]
      ],
      "matrix_ego_from_sensor_bevfusion": [
        [
          1.0,
          -1.5131067954143873e-08,
          1.5560892418359229e-12,
          2.000000476837158
        ],
        [
          -1.388293036086452e-08,
          1.0,
          9.591822128229843e-12,
          -7.62939453125e-06
        ],
        [
          1.556088808155054e-12,
          9.59182386295332e-12,
          1.0,
          0.9000000357627869
        ],
        [
          0.0,
          0.0,
          0.0,
          1.0
        ]
      ],
      "data_path": "D:\\Agent-AI\\outputs\\s3a_left_v3\\sample_000037\\radar\\RADAR_FRONT.npy",
      "raw_layout": [
        "velocity",
        "altitude",
        "azimuth",
        "depth"
      ]
    },
    "RADAR_FRONT_LEFT": {
      "type_id": "sensor.other.radar",
      "blueprint_attributes": {
        "sensor_tick": "0.100000",
        "role_name": "default",
        "noise_seed": "0",
        "ros_name": "sensor.other.radar",
        "horizontal_fov": "35.0",
        "points_per_second": "1500",
        "vertical_fov": "20.0",
        "range": "120.0"
      },
      "transform_carla": {
        "location": {
          "x": 106.35820007324219,
          "y": -38.08979415893555,
          "z": 0.8957960605621338
        },
        "rotation": {
          "roll": 0.01184752956032753,
          "pitch": 0.014678075909614563,
          "yaw": -151.64065551757812
        }
      },
      "matrix_world_from_sensor_carla": [
        [
          -0.8799857497215271,
          0.47499993443489075,
          0.0003236551710870117,
          106.35820007324219
        ],
        [
          -0.47499996423721313,
          -0.8799858093261719,
          -6.027619383530691e-05,
          -38.08979415893555
        ],
        [
          0.0002561807632446289,
          -0.0002067783789243549,
          0.9999999403953552,
          0.8957960605621338
        ],
        [
          0.0,
          0.0,
          0.0,
          1.0
        ]
      ],
      "matrix_world_from_sensor_bevfusion": [
        [
          -0.8799857497215271,
          -0.47499993443489075,
          0.0003236551710870117,
          106.35820007324219
        ],
        [
          0.47499996423721313,
          -0.8799858093261719,
          6.027619383530691e-05,
          38.08979415893555
        ],
        [
          0.0002561807632446289,
          0.0002067783789243549,
          0.9999999403953552,
          0.8957960605621338
        ],
        [
          0.0,
          0.0,
          0.0,
          1.0
        ]
      ],
      "matrix_ego_from_sensor_carla": [
        [
          0.70710688829422,
          0.7071066498756409,
          -4.516813589816593e-09,
          1.6500043869018555
        ],
        [
          -0.7071065902709961,
          0.7071069478988647,
          4.355982685666504e-09,
          -0.75
        ],
        [
          6.300261645719729e-09,
          9.963644492794188e-11,
          1.0,
          0.9000000953674316
        ],
        [
          0.0,
          0.0,
          0.0,
          1.0
        ]
      ],
      "matrix_ego_from_sensor_bevfusion": [
        [
          0.70710688829422,
          -0.7071066498756409,
          -4.516813589816593e-09,
          1.6500043869018555
        ],
        [
          0.7071065902709961,
          0.7071069478988647,
          -4.355982685666504e-09,
          0.75
        ],
        [
          6.300261645719729e-09,
          -9.963644492794188e-11,
          1.0,
          0.9000000953674316
        ],
        [
          0.0,
          0.0,
          0.0,
          1.0
        ]
      ],
      "data_path": "D:\\Agent-AI\\outputs\\s3a_left_v3\\sample_000037\\radar\\RADAR_FRONT_LEFT.npy",
      "raw_layout": [
        "velocity",
        "altitude",
        "azimuth",
        "depth"
      ]
    },
    "RADAR_FRONT_RIGHT": {
      "type_id": "sensor.other.radar",
      "blueprint_attributes": {
        "sensor_tick": "0.100000",
        "role_name": "default",
        "noise_seed": "0",
        "ros_name": "sensor.other.radar",
        "horizontal_fov": "35.0",
