{
  "schema_version": "stage1.v1",
  "sample_name": "sample_000032",
  "sequence_index": 32,
  "previous_sample_name": "sample_000031",
  "frame_id": 726305,
  "timestamp": 5000.394624765962,
  "platform_timestamp": 16813380.4643271,
  "delta_seconds": 0.10000000149011612,
  "town": "Carla/Maps/Town10HD_Opt",
  "weather": {
    "cloudiness": 20.0,
    "dust_storm": 0.0,
    "fog_density": 2.0,
    "fog_distance": 0.75,
    "fog_falloff": 0.10000000149011612,
    "mie_scattering_scale": 0.029999999329447746,
    "precipitation": 0.0,
    "precipitation_deposits": 0.0,
    "rayleigh_scattering_scale": 0.03310000151395798,
    "scattering_intensity": 1.0,
    "sun_altitude_angle": 45.0,
    "sun_azimuth_angle": 300.0,
    "wetness": 0.0,
    "wind_intensity": 10.0
  },
  "sensor_names": [
    "CAM_FRONT",
    "CAM_FRONT_RIGHT",
    "CAM_FRONT_LEFT",
    "CAM_BACK",
    "CAM_BACK_LEFT",
    "CAM_BACK_RIGHT",
    "LIDAR_TOP",
    "RADAR_FRONT",
    "RADAR_FRONT_LEFT",
    "RADAR_FRONT_RIGHT",
    "RADAR_BACK_LEFT",
    "RADAR_BACK_RIGHT"
  ],
  "camera_order_for_model": [
    "CAM_FRONT",
    "CAM_FRONT_RIGHT",
    "CAM_FRONT_LEFT",
    "CAM_BACK",
    "CAM_BACK_LEFT",
    "CAM_BACK_RIGHT"
  ],
  "radar_order_for_model": [
    "RADAR_FRONT",
    "RADAR_FRONT_LEFT",
    "RADAR_FRONT_RIGHT",
    "RADAR_BACK_LEFT",
    "RADAR_BACK_RIGHT"
  ],
  "coordinate_notes": {
    "carla_world": "left-handed x-forward y-right z-up",
    "bevfusion_lidar": "x-forward y-left z-up",
    "camera_frame_for_model": "OpenCV style x-right y-down z-forward"
  },
  "ego": {
    "actor_id": 49,
    "transform_carla": {
      "location": {
        "x": 104.36427307128906,
        "y": -35.23141860961914,
        "z": -0.00426559429615736
      },
      "rotation": {
        "roll": 0.031781356781721115,
        "pitch": -0.06329535692930222,
        "yaw": -106.00043487548828
      }
    },
    "velocity_carla": [
      -0.8439502716064453,
      -2.7339468002319336,
      2.3965834770933725e-05
    ],
    "angular_velocity_carla": [
      0.8858163356781006,
      -0.3505224585533142,
      -2.9764955043792725
    ],
    "matrix_world_from_ego_carla": [
      [
        -0.2756444215774536,
        0.9612596035003662,
        0.00022869257372803986,
        104.36427307128906
      ],
      [
        -0.9612590074539185,
        -0.2756439447402954,
        -0.0012148120440542698,
        -35.23141860961914
      ],
      [
        -0.0011047121370211244,
        -0.000554688973352313,
        0.9999992251396179,
        -0.00426559429615736
      ],
      [
        0.0,
        0.0,
        0.0,
        1.0
      ]
    ],
    "matrix_world_from_ego_bevfusion": [
      [
        -0.2756444215774536,
        -0.9612596035003662,
        0.00022869257372803986,
        104.36427307128906
      ],
      [
        0.9612590074539185,
        -0.2756439447402954,
        0.0012148120440542698,
        35.23141860961914
      ],
      [
        -0.0011047121370211244,
        0.000554688973352313,
        0.9999992251396179,
        -0.00426559429615736
      ],
      [
        0.0,
        0.0,
        0.0,
        1.0
      ]
    ]
  },
  "sensors": {
    "CAM_FRONT": {
      "type_id": "sensor.camera.rgb",
      "blueprint_attributes": {
        "role_name": "front",
        "ros_name": "sensor.camera.rgb",
        "chromatic_aberration_offset": "0.0",
        "sensor_tick": "0.100000",
        "fstop": "1.4",
        "image_size_x": "960",
        "image_size_y": "540",
        "fov": "70.00",
        "lens_circle_falloff": "5.0",
        "lens_circle_multiplier": "0.0",
        "exposure_compensation": "0.0",
        "lens_y_size": "0.08",
        "lens_k": "-1.0",
        "exposure_mode": "histogram",
        "lens_kcube": "0.0",
        "lens_x_size": "0.08",
        "exposure_max_bright": "12.0",
        "shutter_speed": "200.0",
        "bloom_intensity": "0.675",
        "iso": "100.0",
        "enable_postprocess_effects": "false",
        "gamma": "2.2",
        "motion_blur_intensity": "0.0",
        "motion_blur_max_distortion": "0.35",
        "lens_flare_intensity": "0.1",
        "motion_blur_min_object_screen_size": "0.1",
        "exposure_min_bright": "10.0",
        "exposure_speed_up": "3.0",
        "exposure_speed_down": "1.0",
        "tint": "0.0",
        "calibration_constant": "16.0",
        "focal_distance": "1000.0",
        "min_fstop": "1.2",
        "blade_count": "5",
        "blur_amount": "0.0",
        "blur_radius": "0.0",
        "slope": "0.88",
        "toe": "0.55",
        "white_clip": "0.04",
        "shoulder": "0.26",
        "black_clip": "0.0",
        "temp": "6500.0",
        "chromatic_aberration_intensity": "0.0"
      },
      "transform_carla": {
        "location": {
          "x": 103.93741607666016,
          "y": -36.72343444824219,
          "z": 1.6940207481384277
        },
        "rotation": {
          "roll": 0.031781356781721115,
          "pitch": -0.06329535692930222,
          "yaw": -106.00043487548828
        }
      },
      "matrix_world_from_sensor_carla": [
        [
          -0.2756444215774536,
          0.9612596035003662,
          0.00022869257372803986,
          103.93741607666016
        ],
        [
          -0.9612590074539185,
          -0.2756439447402954,
          -0.0012148120440542698,
          -36.72343444824219
        ],
        [
          -0.0011047121370211244,
          -0.000554688973352313,
          0.9999992251396179,
          1.6940207481384277
        ],
        [
          0.0,
          0.0,
          0.0,
          1.0
        ]
      ],
      "matrix_world_from_sensor_bevfusion": [
        [
          0.9612596035003662,
          -0.00022869257372803986,
          -0.2756444215774536,
          103.93741607666016
        ],
        [
          0.2756439447402954,
          -0.0012148120440542698,
          0.9612590074539185,
          36.72343444824219
        ],
        [
          -0.000554688973352313,
          -0.9999992251396179,
          -0.0011047121370211244,
          1.6940207481384277
        ],
        [
          0.0,
          0.0,
          0.0,
          1.0
        ]
      ],
      "matrix_ego_from_sensor_carla": [
        [
          1.0,
          -8.102704285306572e-09,
          -7.532490603479047e-11,
          1.5499992370605469
        ],
        [
          4.115454643738303e-09,
          1.0,
          -3.5854732377549325e-11,
          0.0
        ],
        [
          4.109041579214434e-11,
          2.2352883433107706e-11,
          1.0,
          1.6999999284744263
        ],
        [
          0.0,
          0.0,
          0.0,
          1.0
        ]
      ],
      "matrix_ego_from_sensor_bevfusion": [
        [
          -8.102704285306572e-09,
          7.532490603479047e-11,
          1.0,
          1.5499992370605469
        ],
        [
          -1.0,
          -3.5854732377549325e-11,
          -4.115454643738303e-09,
          0.0
        ],
        [
          2.2352883433107706e-11,
          -1.0,
          4.109041579214434e-11,
          1.6999999284744263
        ],
        [
          0.0,
          0.0,
          0.0,
          1.0
        ]
      ],
      "camera_intrinsics": [
        [
          685.5110473632812,
          0.0,
          480.0
        ],
        [
          0.0,
          685.5110473632812,
          270.0
        ],
        [
          0.0,
          0.0,
          1.0
        ]
      ],
      "data_path": "D:\\Agent-AI\\outputs\\s3a_ml_long_v1\\sample_000032\\images\\CAM_FRONT.png",
      "raw_layout": "bgra8"
    },
    "CAM_FRONT_RIGHT": {
      "type_id": "sensor.camera.rgb",
      "blueprint_attributes": {
        "role_name": "front",
        "ros_name": "sensor.camera.rgb",
        "chromatic_aberration_offset": "0.0",
        "sensor_tick": "0.100000",
        "fstop": "1.4",
        "image_size_x": "960",
        "image_size_y": "540",
        "fov": "70.00",
        "lens_circle_falloff": "5.0",
        "lens_circle_multiplier": "0.0",
        "exposure_compensation": "0.0",
        "lens_y_size": "0.08",
        "lens_k": "-1.0",
        "exposure_mode": "histogram",
        "lens_kcube": "0.0",
        "lens_x_size": "0.08",
        "exposure_max_bright": "12.0",
        "shutter_speed": "200.0",
        "bloom_intensity": "0.675",
        "iso": "100.0",
        "enable_postprocess_effects": "false",
        "gamma": "2.2",
        "motion_blur_intensity": "0.0",
        "motion_blur_max_distortion": "0.35",
        "lens_flare_intensity": "0.1",
        "motion_blur_min_object_screen_size": "0.1",
        "exposure_min_bright": "10.0",
        "exposure_speed_up": "3.0",
        "exposure_speed_down": "1.0",
        "tint": "0.0",
        "calibration_constant": "16.0",
        "focal_distance": "1000.0",
        "min_fstop": "1.2",
        "blade_count": "5",
        "blur_amount": "0.0",
        "blur_radius": "0.0",
        "slope": "0.88",
        "toe": "0.55",
        "white_clip": "0.04",
        "shoulder": "0.26",
        "black_clip": "0.0",
        "temp": "6500.0",
        "chromatic_aberration_intensity": "0.0"
      },
      "transform_carla": {
        "location": {
          "x": 104.53501892089844,
          "y": -36.63472366333008,
          "z": 1.693992018699646
        },
        "rotation": {
          "roll": -0.03361791744828224,
          "pitch": -0.06233913451433182,
          "yaw": -51.00041580200195
        }
      },
      "matrix_world_from_sensor_carla": [
        [
          0.6293144226074219,
          0.7771508097648621,
          0.00022872097906656563,
          104.53501892089844
        ],
        [
          -0.77715003490448,
          0.6293141841888428,
          -0.0012148036621510983,
          -36.63472366333008
        ],
        [
          -0.0010880229528993368,
          0.000586742942687124,
          0.9999992251396179,
          1.693992018699646
        ],
        [
          0.0,
          0.0,
          0.0,
          1.0
        ]
      ],
      "matrix_world_from_sensor_bevfusion": [
        [
          0.7771508097648621,
          -0.00022872097906656563,
          0.6293144226074219,
          104.53501892089844
        ],
        [
          -0.6293141841888428,
          -0.0012148036621510983,
          0.77715003490448,
          36.63472366333008
        ],
        [
          0.000586742942687124,
          -0.9999992251396179,
          -0.0010880229528993368,
          1.693992018699646
        ],
        [
          0.0,
          0.0,
          0.0,
          1.0
        ]
      ],
      "matrix_ego_from_sensor_carla": [
        [
          0.5735766887664795,
          -0.8191519379615784,
          -1.5907808403881063e-08,
          1.2999987602233887
        ],
        [
          0.8191518783569336,
          0.5735767483711243,
          2.4935232545431063e-08,
          0.5500030517578125
        ],
        [
          -1.1264127408594504e-08,
          -2.740479132512519e-08,
          1.0,
          1.7000000476837158
        ],
        [
          0.0,
          0.0,
          0.0,
          1.0
        ]
      ],
      "matrix_ego_from_sensor_bevfusion": [
        [
          -0.8191519379615784,
          1.5907808403881063e-08,
          0.5735766887664795,
          1.2999987602233887
        ],
        [
          -0.5735767483711243,
          2.4935232545431063e-08,
          -0.8191518783569336,
          -0.5500030517578125
        ],
        [
          -2.740479132512519e-08,
          -1.0,
          -1.1264127408594504e-08,
          1.7000000476837158
        ],
        [
          0.0,
          0.0,
          0.0,
          1.0
        ]
      ],
      "camera_intrinsics": [
        [
          685.5110473632812,
          0.0,
          480.0
        ],
        [
          0.0,
          685.5110473632812,
          270.0
        ],
        [
          0.0,
          0.0,
          1.0
        ]
      ],
      "data_path": "D:\\Agent-AI\\outputs\\s3a_ml_long_v1\\sample_000032\\images\\CAM_FRONT_RIGHT.png",
      "raw_layout": "bgra8"
    },
    "CAM_FRONT_LEFT": {
      "type_id": "sensor.camera.rgb",
      "blueprint_attributes": {
        "role_name": "front",
        "ros_name": "sensor.camera.rgb",
        "chromatic_aberration_offset": "0.0",
        "sensor_tick": "0.100000",
        "fstop": "1.4",
        "image_size_x": "960",
        "image_size_y": "540",
        "fov": "70.00",
        "lens_circle_falloff": "5.0",
        "lens_circle_multiplier": "0.0",
        "exposure_compensation": "0.0",
        "lens_y_size": "0.08",
        "lens_k": "-1.0",
        "exposure_mode": "histogram",
        "lens_kcube": "0.0",
        "lens_x_size": "0.08",
        "exposure_max_bright": "12.0",
        "shutter_speed": "200.0",
        "bloom_intensity": "0.675",
        "iso": "100.0",
        "enable_postprocess_effects": "false",
        "gamma": "2.2",
        "motion_blur_intensity": "0.0",
        "motion_blur_max_distortion": "0.35",
        "lens_flare_intensity": "0.1",
        "motion_blur_min_object_screen_size": "0.1",
        "exposure_min_bright": "10.0",
        "exposure_speed_up": "3.0",
        "exposure_speed_down": "1.0",
        "tint": "0.0",
        "calibration_constant": "16.0",
        "focal_distance": "1000.0",
        "min_fstop": "1.2",
        "blade_count": "5",
        "blur_amount": "0.0",
        "blur_radius": "0.0",
        "slope": "0.88",
        "toe": "0.55",
        "white_clip": "0.04",
        "shoulder": "0.26",
        "black_clip": "0.0",
        "temp": "6500.0",
        "chromatic_aberration_intensity": "0.0"
      },
      "transform_carla": {
        "location": {
          "x": 103.47763061523438,
          "y": -36.33151626586914,
          "z": 1.6946020126342773
        },
        "rotation": {
          "roll": 0.07007598131895065,
          "pitch": -0.01027260348200798,
          "yaw": -161.00039672851562
        }
      },
      "matrix_world_from_sensor_carla": [
        [
          -0.94552081823349,
          0.3255615234375,
          0.00022865708160679787,
          103.47763061523438
        ],
        [
          -0.3255615532398224,
          -0.9455200433731079,
          -0.0012147952802479267,
          -36.33151626586914
        ],
        [
          -0.00017929075693245977,
          -0.0012230562279000878,
          0.9999992251396179,
          1.6946020126342773
        ],
        [
          0.0,
          0.0,
          0.0,
          1.0
        ]
      ],
      "matrix_world_from_sensor_bevfusion": [
        [
          0.3255615234375,
          -0.00022865708160679787,
          -0.94552081823349,
          103.47763061523438
        ],
        [
          0.9455200433731079,
          -0.0012147952802479267,
          0.3255615532398224,
          36.33151626586914
        ],
        [
          -0.0012230562279000878,
          -0.9999992251396179,
          -0.00017929075693245977,
          1.6946020126342773
        ],
        [
          0.0,
          0.0,
          0.0,
          1.0
        ]
      ],
      "matrix_ego_from_sensor_carla": [
        [
          0.5735766887664795,
          0.8191518783569336,
          -6.361752458161618e-09,
          1.3000011444091797
        ],
        [
          -0.8191518187522888,
          0.5735766887664795,
          -3.874394849390228e-08,
          -0.5500030517578125
        ],
        [
          -2.807723831210751e-08,
          2.7490390408502208e-08,
          1.0,
          1.6999999284744263
        ],
        [
          0.0,
          0.0,
          0.0,
          1.0
        ]
      ],
      "matrix_ego_from_sensor_bevfusion": [
        [
          0.8191518783569336,
          6.361752458161618e-09,
          0.5735766887664795,
          1.3000011444091797
        ],
        [
          -0.5735766887664795,
          -3.874394849390228e-08,
          0.8191518187522888,
          0.5500030517578125
        ],
        [
          2.7490390408502208e-08,
          -1.0,
          -2.807723831210751e-08,
          1.6999999284744263
        ],
        [
          0.0,
          0.0,
          0.0,
          1.0
        ]
      ],
      "camera_intrinsics": [
        [
          685.5110473632812,
          0.0,
          480.0
        ],
        [
          0.0,
          685.5110473632812,
          270.0
        ],
        [
          0.0,
          0.0,
          1.0
        ]
      ],
      "data_path": "D:\\Agent-AI\\outputs\\s3a_ml_long_v1\\sample_000032\\images\\CAM_FRONT_LEFT.png",
      "raw_layout": "bgra8"
    },
    "CAM_BACK": {
      "type_id": "sensor.camera.rgb",
      "blueprint_attributes": {
        "role_name": "front",
        "ros_name": "sensor.camera.rgb",
        "chromatic_aberration_offset": "0.0",
        "sensor_tick": "0.100000",
        "fstop": "1.4",
        "image_size_x": "960",
        "image_size_y": "540",
        "fov": "70.00",
        "lens_circle_falloff": "5.0",
        "lens_circle_multiplier": "0.0",
        "exposure_compensation": "0.0",
        "lens_y_size": "0.08",
        "lens_k": "-1.0",
        "exposure_mode": "histogram",
        "lens_kcube": "0.0",
        "lens_x_size": "0.08",
        "exposure_max_bright": "12.0",
        "shutter_speed": "200.0",
        "bloom_intensity": "0.675",
        "iso": "100.0",
        "enable_postprocess_effects": "false",
        "gamma": "2.2",
        "motion_blur_intensity": "0.0",
        "motion_blur_max_distortion": "0.35",
        "lens_flare_intensity": "0.1",
        "motion_blur_min_object_screen_size": "0.1",
        "exposure_min_bright": "10.0",
        "exposure_speed_up": "3.0",
        "exposure_speed_down": "1.0",
        "tint": "0.0",
        "calibration_constant": "16.0",
        "focal_distance": "1000.0",
        "min_fstop": "1.2",
        "blade_count": "5",
        "blur_amount": "0.0",
        "blur_radius": "0.0",
        "slope": "0.88",
        "toe": "0.55",
        "white_clip": "0.04",
        "shoulder": "0.26",
        "black_clip": "0.0",
        "temp": "6500.0",
        "chromatic_aberration_intensity": "0.0"
      },
      "transform_carla": {
        "location": {
          "x": 104.79190826416016,
          "y": -33.7435302734375,
          "z": 1.6974453926086426
        },
        "rotation": {
          "roll": -0.03178132697939873,
          "pitch": 0.06329535692930222,
          "yaw": 73.99954986572266
        }
      },
      "matrix_world_from_sensor_carla": [
        [
          0.27564477920532227,
          -0.9612595438957214,
          0.00022869164240546525,
          104.79190826416016
        ],
        [
          0.9612589478492737,
          0.27564430236816406,
          -0.0012148120440542698,
          -33.7435302734375
        ],
        [
          0.0011047121370211244,
          0.0005546884494833648,
          0.9999992251396179,
          1.6974453926086426
        ],
        [
          0.0,
          0.0,
          0.0,
          1.0
        ]
      ],
      "matrix_world_from_sensor_bevfusion": [
        [
          -0.9612595438957214,
          -0.00022869164240546525,
          0.27564477920532227,
          104.79190826416016
        ],
        [
          -0.27564430236816406,
          -0.0012148120440542698,
          -0.9612589478492737,
          33.7435302734375
        ],
        [
          0.0005546884494833648,
          -0.9999992251396179,
          0.0011047121370211244,
          1.6974453926086426
        ],
        [
          0.0,
          0.0,
          0.0,
          1.0
        ]
      ],
      "matrix_ego_from_sensor_carla": [
        [
          -1.0,
          -3.6547206150316924e-07,
          2.7392105250712007e-10,
          -1.5500009059906006
        ],
        [
          3.6994208585383603e-07,
          -1.0000001192092896,
          -9.089696217934318e-10,
          -7.62939453125e-06
        ],
        [
          1.917402348006192e-10,
          -9.536750278371642e-10,
          1.0,
          1.6999999284744263
        ],
        [
          0.0,
          0.0,
          0.0,
          1.0
        ]
      ],
      "matrix_ego_from_sensor_bevfusion": [
        [
          -3.6547206150316924e-07,
          -2.7392105250712007e-10,
          -1.0,
          -1.5500009059906006
        ],
        [
          1.0000001192092896,
          -9.089696217934318e-10,
          -3.6994208585383603e-07,
          7.62939453125e-06
        ],
        [
          -9.536750278371642e-10,
          -1.0,
          1.917402348006192e-10,
          1.6999999284744263
        ],
        [
          0.0,
          0.0,
          0.0,
          1.0
        ]
      ],
      "camera_intrinsics": [
        [
          685.5110473632812,
          0.0,
          480.0
        ],
        [
          0.0,
          685.5110473632812,
          270.0
        ],
        [
          0.0,
          0.0,
          1.0
        ]
      ],
      "data_path": "D:\\Agent-AI\\outputs\\s3a_ml_long_v1\\sample_000032\\images\\CAM_BACK.png",
      "raw_layout": "bgra8"
    },
    "CAM_BACK_LEFT": {
      "type_id": "sensor.camera.rgb",
      "blueprint_attributes": {
        "role_name": "front",
        "ros_name": "sensor.camera.rgb",
        "chromatic_aberration_offset": "0.0",
        "sensor_tick": "0.100000",
        "fstop": "1.4",
        "image_size_x": "960",
        "image_size_y": "540",
        "fov": "70.00",
        "lens_circle_falloff": "5.0",
        "lens_circle_multiplier": "0.0",
        "exposure_compensation": "0.0",
        "lens_y_size": "0.08",
        "lens_k": "-1.0",
        "exposure_mode": "histogram",
        "lens_kcube": "0.0",
        "lens_x_size": "0.08",
        "exposure_max_bright": "12.0",
        "shutter_speed": "200.0",
        "bloom_intensity": "0.675",
        "iso": "100.0",
        "enable_postprocess_effects": "false",
        "gamma": "2.2",
        "motion_blur_intensity": "0.0",
        "motion_blur_max_distortion": "0.35",
        "lens_flare_intensity": "0.1",
        "motion_blur_min_object_screen_size": "0.1",
        "exposure_min_bright": "10.0",
        "exposure_speed_up": "3.0",
        "exposure_speed_down": "1.0",
        "tint": "0.0",
        "calibration_constant": "16.0",
        "focal_distance": "1000.0",
        "min_fstop": "1.2",
        "blade_count": "5",
        "blur_amount": "0.0",
        "blur_radius": "0.0",
        "slope": "0.88",
        "toe": "0.55",
        "white_clip": "0.04",
        "shoulder": "0.26",
        "black_clip": "0.0",
        "temp": "6500.0",
        "chromatic_aberration_intensity": "0.0"
      },
      "transform_carla": {
        "location": {
          "x": 104.19430541992188,
          "y": -33.83224105834961,
          "z": 1.6974741220474243
        },
        "rotation": {
          "roll": 0.033617932349443436,
          "pitch": 0.06233913451433182,
          "yaw": 128.9995574951172
        }
      },
      "matrix_world_from_sensor_carla": [
        [
          -0.6293140053749084,
          -0.7771511077880859,
          0.00022872016415931284,
          104.19430541992188
        ],
        [
          0.7771503329277039,
          -0.6293137669563293,
          -0.001214803894981742,
          -33.83224105834961
        ],
        [
          0.0010880229528993368,
          -0.0005867431755177677,
          0.9999992251396179,
          1.6974741220474243
        ],
        [
          0.0,
          0.0,
          0.0,
          1.0
        ]
      ],
      "matrix_world_from_sensor_bevfusion": [
        [
          -0.7771511077880859,
          -0.00022872016415931284,
          -0.6293140053749084,
          104.19430541992188
        ],
        [
          0.6293137669563293,
          -0.001214803894981742,
          -0.7771503329277039,
          33.83224105834961
        ],
        [
          -0.0005867431755177677,
          -0.9999992251396179,
          0.0010880229528993368,
          1.6974741220474243
        ],
        [
          0.0,
          0.0,
          0.0,
          1.0
        ]
      ],
      "matrix_ego_from_sensor_carla": [
        [
          -0.5735771059989929,
          0.8191515803337097,
          -1.5442147116573324e-08,
          -1.3000006675720215
        ],
        [
          -0.8191515803337097,
          -0.5735771656036377,
          2.4236740614469454e-08,
          -0.5500030517578125
        ],
        [
          1.1031296764940635e-08,
          2.6589884072336645e-08,
          1.0,
          1.6999998092651367
        ],
        [
          0.0,
          0.0,
          0.0,
          1.0
        ]
      ],
      "matrix_ego_from_sensor_bevfusion": [
        [
          0.8191515803337097,
          1.5442147116573324e-08,
          -0.5735771059989929,
          -1.3000006675720215
        ],
        [
          0.5735771656036377,
          2.4236740614469454e-08,
          0.8191515803337097,
          0.5500030517578125
        ],
        [
          2.6589884072336645e-08,
          -1.0,
          1.1031296764940635e-08,
          1.6999998092651367
        ],
        [
          0.0,
          0.0,
          0.0,
          1.0
        ]
      ],
      "camera_intrinsics": [
        [
          685.5110473632812,
          0.0,
          480.0
        ],
        [
          0.0,
          685.5110473632812,
          270.0
        ],
        [
          0.0,
          0.0,
          1.0
        ]
      ],
      "data_path": "D:\\Agent-AI\\outputs\\s3a_ml_long_v1\\sample_000032\\images\\CAM_BACK_LEFT.png",
      "raw_layout": "bgra8"
    },
    "CAM_BACK_RIGHT": {
      "type_id": "sensor.camera.rgb",
      "blueprint_attributes": {
        "role_name": "front",
        "ros_name": "sensor.camera.rgb",
        "chromatic_aberration_offset": "0.0",
        "sensor_tick": "0.100000",
        "fstop": "1.4",
        "image_size_x": "960",
        "image_size_y": "540",
        "fov": "70.00",
        "lens_circle_falloff": "5.0",
        "lens_circle_multiplier": "0.0",
        "exposure_compensation": "0.0",
        "lens_y_size": "0.08",
        "lens_k": "-1.0",
        "exposure_mode": "histogram",
        "lens_kcube": "0.0",
        "lens_x_size": "0.08",
        "exposure_max_bright": "12.0",
        "shutter_speed": "200.0",
        "bloom_intensity": "0.675",
        "iso": "100.0",
        "enable_postprocess_effects": "false",
        "gamma": "2.2",
        "motion_blur_intensity": "0.0",
        "motion_blur_max_distortion": "0.35",
        "lens_flare_intensity": "0.1",
        "motion_blur_min_object_screen_size": "0.1",
        "exposure_min_bright": "10.0",
        "exposure_speed_up": "3.0",
        "exposure_speed_down": "1.0",
        "tint": "0.0",
        "calibration_constant": "16.0",
        "focal_distance": "1000.0",
        "min_fstop": "1.2",
        "blade_count": "5",
        "blur_amount": "0.0",
        "blur_radius": "0.0",
        "slope": "0.88",
        "toe": "0.55",
        "white_clip": "0.04",
        "shoulder": "0.26",
        "black_clip": "0.0",
        "temp": "6500.0",
        "chromatic_aberration_intensity": "0.0"
      },
      "transform_carla": {
        "location": {
          "x": 105.25169372558594,
          "y": -34.13545227050781,
          "z": 1.696864128112793
        },
        "rotation": {
          "roll": -0.07007598131895065,
          "pitch": 0.01027260348200798,
          "yaw": 18.999574661254883
        }
      },
      "matrix_world_from_sensor_carla": [
        [
          0.9455209970474243,
          -0.3255611062049866,
          0.0002286565286340192,
          105.25169372558594
        ],
        [
          0.32556113600730896,
          0.9455202221870422,
          -0.0012147953966632485,
          -34.13545227050781
        ],
        [
          0.00017929075693245977,
          0.0012230562279000878,
          0.9999992251396179,
          1.696864128112793
        ],
        [
          0.0,
          0.0,
          0.0,
          1.0
        ]
      ],
      "matrix_world_from_sensor_bevfusion": [
        [
          -0.3255611062049866,
          -0.0002286565286340192,
          0.9455209970474243,
          105.25169372558594
        ],
        [
          -0.9455202221870422,
          -0.0012147953966632485,
          -0.32556113600730896,
          34.13545227050781
        ],
        [
          0.0012230562279000878,
          -0.9999992251396179,
          0.00017929075693245977,
          1.696864128112793
        ],
        [
          0.0,
          0.0,
          0.0,
          1.0
        ]
      ],
      "matrix_ego_from_sensor_carla": [
        [
          -0.5735763907432556,
          -0.8191521763801575,
          -6.1289218145077484e-09,
          -1.2999992370605469
        ],
        [
          0.8191521167755127,
          -0.5735763907432556,
          -3.926781744212349e-08,
          0.5500030517578125
        ],
        [
          2.8615659175557084e-08,
          -2.7606805730329143e-08,
          1.0,
          1.6999999284744263
        ],
        [
          0.0,
          0.0,
          0.0,
          1.0
        ]
      ],
      "matrix_ego_from_sensor_bevfusion": [
        [
          -0.8191521763801575,
          6.1289218145077484e-09,
          -0.5735763907432556,
          -1.2999992370605469
        ],
        [
          0.5735763907432556,
          -3.926781744212349e-08,
          -0.8191521167755127,
          -0.5500030517578125
        ],
        [
          -2.7606805730329143e-08,
          -1.0,
          2.8615659175557084e-08,
          1.6999999284744263
        ],
        [
          0.0,
          0.0,
          0.0,
          1.0
        ]
      ],
      "camera_intrinsics": [
        [
          685.5110473632812,
          0.0,
          480.0
        ],
        [
          0.0,
          685.5110473632812,
          270.0
        ],
        [
          0.0,
          0.0,
          1.0
        ]
      ],
      "data_path": "D:\\Agent-AI\\outputs\\s3a_ml_long_v1\\sample_000032\\images\\CAM_BACK_RIGHT.png",
      "raw_layout": "bgra8"
    },
    "LIDAR_TOP": {
      "type_id": "sensor.lidar.ray_cast",
      "blueprint_attributes": {
        "atmosphere_attenuation_rate": "0.004",
        "role_name": "front",
        "noise_seed": "0",
        "upper_fov": "10.0",
        "ros_name": "sensor.lidar.ray_cast",
        "sensor_tick": "0.100000",
        "channels": "32",
        "range": "120.0",
        "points_per_second": "360000",
        "lower_fov": "-30.0",
        "rotation_frequency": "10.000000",
        "horizontal_fov": "360.0",
        "dropoff_general_rate": "0.0",
        "dropoff_intensity_limit": "1.0",
        "noise_stddev": "0.0",
        "dropoff_zero_intensity": "0.0"
      },
      "transform_carla": {
        "location": {
          "x": 104.36478424072266,
          "y": -35.234092712402344,
          "z": 2.195732593536377
        },
        "rotation": {
          "roll": 0.031781356781721115,
          "pitch": -0.06329535692930222,
          "yaw": -106.00043487548828
        }
      },
      "matrix_world_from_sensor_carla": [
        [
          -0.2756444215774536,
          0.9612596035003662,
          0.00022869257372803986,
          104.36478424072266
        ],
        [
          -0.9612590074539185,
          -0.2756439447402954,
          -0.0012148120440542698,
          -35.234092712402344
        ],
        [
          -0.0011047121370211244,
          -0.000554688973352313,
          0.9999992251396179,
          2.195732593536377
        ],
        [
          0.0,
          0.0,
          0.0,
          1.0
        ]
      ],
      "matrix_world_from_sensor_bevfusion": [
        [
          -0.2756444215774536,
          -0.9612596035003662,
          0.00022869257372803986,
          104.36478424072266
        ],
        [
          0.9612590074539185,
          -0.2756439447402954,
          0.0012148120440542698,
          35.234092712402344
        ],
        [
          -0.0011047121370211244,
          0.000554688973352313,
          0.9999992251396179,
          2.195732593536377
        ],
        [
          0.0,
          0.0,
          0.0,
          1.0
        ]
      ],
      "matrix_ego_from_sensor_carla": [
        [
          1.0,
          -8.102704285306572e-09,
          -7.532490603479047e-11,
          0.0
        ],
        [
          4.115454643738303e-09,
          1.0,
          -3.5854732377549325e-11,
          0.0
        ],
        [
          4.109041579214434e-11,
          2.2352883433107706e-11,
          1.0,
          2.1999998092651367
        ],
        [
          0.0,
          0.0,
          0.0,
          1.0
        ]
      ],
      "matrix_ego_from_sensor_bevfusion": [
        [
          1.0,
          8.102704285306572e-09,
          -7.532490603479047e-11,
          0.0
        ],
        [
          -4.115454643738303e-09,
          1.0,
          3.5854732377549325e-11,
          0.0
        ],
        [
          4.109041579214434e-11,
          -2.2352883433107706e-11,
          1.0,
          2.1999998092651367
        ],
        [
          0.0,
          0.0,
          0.0,
          1.0
        ]
      ],
      "data_path": "D:\\Agent-AI\\outputs\\s3a_ml_long_v1\\sample_000032\\lidar\\LIDAR_TOP.npy",
      "raw_layout": [
        "x",
        "y",
        "z",
        "intensity"
      ]
    },
    "RADAR_FRONT": {
      "type_id": "sensor.other.radar",
      "blueprint_attributes": {
        "sensor_tick": "0.100000",
        "role_name": "default",
        "noise_seed": "0",
        "ros_name": "sensor.other.radar",
        "horizontal_fov": "35.0",
        "points_per_second": "1500",
        "vertical_fov": "20.0",
        "range": "120.0"
      },
      "transform_carla": {
        "location": {
          "x": 103.81319427490234,
          "y": -37.155029296875,
          "z": 0.8935242891311646
        },
        "rotation": {
          "roll": 0.031781356781721115,
          "pitch": -0.06329535692930222,
          "yaw": -106.00043487548828
        }
      },
      "matrix_world_from_sensor_carla": [
        [
          -0.2756444215774536,
          0.9612596035003662,
          0.00022869257372803986,
          103.81319427490234
        ],
        [
          -0.9612590074539185,
          -0.2756439447402954,
          -0.0012148120440542698,
          -37.155029296875
        ],
        [
          -0.0011047121370211244,
          -0.000554688973352313,
          0.9999992251396179,
          0.8935242891311646
        ],
        [
          0.0,
          0.0,
          0.0,
          1.0
        ]
      ],
      "matrix_world_from_sensor_bevfusion": [
        [
          -0.2756444215774536,
          -0.9612596035003662,
          0.00022869257372803986,
          103.81319427490234
        ],
        [
          0.9612590074539185,
          -0.2756439447402954,
          0.0012148120440542698,
          37.155029296875
        ],
        [
          -0.0011047121370211244,
          0.000554688973352313,
          0.9999992251396179,
          0.8935242891311646
        ],
        [
          0.0,
          0.0,
          0.0,
          1.0
        ]
      ],
      "matrix_ego_from_sensor_carla": [
        [
          1.0,
          -8.102704285306572e-09,
          -7.532490603479047e-11,
          1.9999985694885254
        ],
        [
          4.115454643738303e-09,
          1.0,
          -3.5854732377549325e-11,
          0.0
        ],
        [
          4.109041579214434e-11,
          2.2352883433107706e-11,
          1.0,
          0.8999999761581421
        ],
        [
          0.0,
          0.0,
          0.0,
          1.0
        ]
      ],
      "matrix_ego_from_sensor_bevfusion": [
        [
          1.0,
          8.102704285306572e-09,
          -7.532490603479047e-11,
          1.9999985694885254
        ],
        [
          -4.115454643738303e-09,
          1.0,
          3.5854732377549325e-11,
          0.0
        ],
        [
          4.109041579214434e-11,
          -2.2352883433107706e-11,
          1.0,
          0.8999999761581421
        ],
        [
          0.0,
          0.0,
          0.0,
          1.0
        ]
      ],
      "data_path": "D:\\Agent-AI\\outputs\\s3a_ml_long_v1\\sample_000032\\radar\\RADAR_FRONT.npy",
      "raw_layout": [
        "velocity",
        "altitude",
        "azimuth",
        "depth"
      ]
    },
    "RADAR_FRONT_LEFT": {
      "type_id": "sensor.other.radar",
      "blueprint_attributes": {
        "sensor_tick": "0.100000",
        "role_name": "default",
        "noise_seed": "0",
        "ros_name": "sensor.other.radar",
        "horizontal_fov": "35.0",
        "points_per_second": "1500",
        "vertical_fov": "20.0",
        "range": "120.0"
      },
      "transform_carla": {
        "location": {
          "x": 103.18872833251953,
          "y": -36.611854553222656,
          "z": 0.8943269848823547
        },
        "rotation": {
          "roll": 0.06722801923751831,
          "pitch": -0.022286906838417053,
          "yaw": -151.00042724609375
        }
      },
      "matrix_world_from_sensor_carla": [
        [
          -0.8746232986450195,
          0.48480311036109924,
          0.00022863299818709493,
          103.18872833251953
        ],
        [
          -0.48480305075645447,
          -0.8746225237846375,
          -0.0012148178648203611,
          -36.611854553222656
        ],
        [
          -0.0003889799118041992,
          -0.0011733499122783542,
          0.9999992251396179,
          0.8943269848823547
        ],
        [
          0.0,
          0.0,
          0.0,
          1.0
        ]
      ],
      "matrix_world_from_sensor_bevfusion": [
        [
          -0.8746232986450195,
          -0.48480311036109924,
          0.00022863299818709493,
          103.18872833251953
        ],
        [
          0.48480305075645447,
          -0.8746225237846375,
          0.0012148178648203611,
          36.611854553222656
        ],
        [
          -0.0003889799118041992,
          0.0011733499122783542,
          0.9999992251396179,
          0.8943269848823547
        ],
        [
          0.0,
          0.0,
          0.0,
          1.0
        ]
      ],
      "matrix_ego_from_sensor_carla": [
        [
          0.7071067690849304,
          0.70710688829422,
          2.2043586511699687e-08,
          1.6499967575073242
        ],
        [
          -0.7071068286895752,
          0.7071067690849304,
          -5.5682377819721296e-08,
          -0.75
        ],
        [
          -5.482124976197156e-08,
          2.3959415784702287e-08,
          1.0,
          0.9000000357627869
        ],
        [
          0.0,
          0.0,
          0.0,
          1.0
        ]
      ],
      "matrix_ego_from_sensor_bevfusion": [
        [
          0.7071067690849304,
          -0.70710688829422,
          2.2043586511699687e-08,
          1.6499967575073242
        ],
        [
          0.7071068286895752,
          0.7071067690849304,
          5.5682377819721296e-08,
          0.75
        ],
        [
          -5.482124976197156e-08,
          -2.3959415784702287e-08,
          1.0,
          0.9000000357627869
        ],
        [
          0.0,
          0.0,
          0.0,
          1.0
        ]
      ],
      "data_path": "D:\\Agent-AI\\outputs\\s3a_ml_long_v1\\sample_000032\\radar\\RADAR_FRONT_LEFT.npy",
      "raw_layout": [
        "velocity",
        "altitude",
        "azimuth",
        "depth"
      ]
    },
    "RADAR_FRONT_RIGHT": {
      "type_id": "sensor.other.radar",
      "blueprint_attributes": {
        "sensor_tick": "0.100000",
        "role_name": "default",
        "noise_seed": "0",
        "ros_name": "sensor.other.radar",
        "horizontal_fov": "35.0",
