{
  "schema_version": "stage1.v1",
  "sample_name": "sample_000003",
  "sequence_index": 3,
  "previous_sample_name": "sample_000002",
  "frame_id": 2180,
  "timestamp": 33.04063229635358,
  "platform_timestamp": 16781859.7544114,
  "delta_seconds": 0.05000000074505806,
  "town": "Carla/Maps/Town10HD_Opt",
  "weather": {
    "cloudiness": 20.0,
    "dust_storm": 0.0,
    "fog_density": 2.0,
    "fog_distance": 0.75,
    "fog_falloff": 0.10000000149011612,
    "mie_scattering_scale": 0.029999999329447746,
    "precipitation": 0.0,
    "precipitation_deposits": 0.0,
    "rayleigh_scattering_scale": 0.03310000151395798,
    "scattering_intensity": 1.0,
    "sun_altitude_angle": 45.0,
    "sun_azimuth_angle": 300.0,
    "wetness": 0.0,
    "wind_intensity": 10.0
  },
  "sensor_names": [
    "CAM_FRONT",
    "CAM_FRONT_RIGHT",
    "CAM_FRONT_LEFT",
    "CAM_BACK",
    "CAM_BACK_LEFT",
    "CAM_BACK_RIGHT",
    "LIDAR_TOP",
    "RADAR_FRONT",
    "RADAR_FRONT_LEFT",
    "RADAR_FRONT_RIGHT",
    "RADAR_BACK_LEFT",
    "RADAR_BACK_RIGHT"
  ],
  "camera_order_for_model": [
    "CAM_FRONT",
    "CAM_FRONT_RIGHT",
    "CAM_FRONT_LEFT",
    "CAM_BACK",
    "CAM_BACK_LEFT",
    "CAM_BACK_RIGHT"
  ],
  "radar_order_for_model": [
    "RADAR_FRONT",
    "RADAR_FRONT_LEFT",
    "RADAR_FRONT_RIGHT",
    "RADAR_BACK_LEFT",
    "RADAR_BACK_RIGHT"
  ],
  "coordinate_notes": {
    "carla_world": "left-handed x-forward y-right z-up",
    "bevfusion_lidar": "x-forward y-left z-up",
    "camera_frame_for_model": "OpenCV style x-right y-down z-forward"
  },
  "ego": {
    "actor_id": 24,
    "transform_carla": {
      "location": {
        "x": -61.79576873779297,
        "y": 24.08431625366211,
        "z": -0.006630630232393742
      },
      "rotation": {
        "roll": 0.16693934798240662,
        "pitch": 0.5822872519493103,
        "yaw": -7.559272289276123
      }
    },
    "velocity_carla": [
      5.229910850524902,
      -0.8770110011100769,
      0.0039437199011445045
    ],
    "angular_velocity_carla": [
      -0.009840044192969799,
      -0.0666525736451149,
      -7.250481128692627
    ],
    "matrix_world_from_ego_carla": [
      [
        0.9912581443786621,
        0.13158057630062103,
        -0.009690996259450912,
        -61.79576873779297
      ],
      [
        -0.13154497742652893,
        0.9913012385368347,
        0.0042252251878380775,
        24.08431625366211
      ],
      [
        0.0101626543328166,
        -0.0029134866781532764,
        0.9999441504478455,
        -0.006630630232393742
      ],
      [
        0.0,
        0.0,
        0.0,
        1.0
      ]
    ],
    "matrix_world_from_ego_bevfusion": [
      [
        0.9912581443786621,
        -0.13158057630062103,
        -0.009690996259450912,
        -61.79576873779297
      ],
      [
        0.13154497742652893,
        0.9913012385368347,
        -0.0042252251878380775,
        -24.08431625366211
      ],
      [
        0.0101626543328166,
        0.0029134866781532764,
        0.9999441504478455,
        -0.006630630232393742
      ],
      [
        0.0,
        0.0,
        0.0,
        1.0
      ]
    ]
  },
  "sensors": {
    "CAM_FRONT": {
      "type_id": "sensor.camera.rgb",
      "blueprint_attributes": {
        "role_name": "front",
        "ros_name": "sensor.camera.rgb",
        "chromatic_aberration_offset": "0.0",
        "sensor_tick": "0.050000",
        "fstop": "1.4",
        "image_size_x": "1600",
        "image_size_y": "900",
        "fov": "70.00",
        "lens_circle_falloff": "5.0",
        "lens_circle_multiplier": "0.0",
        "exposure_compensation": "0.0",
        "lens_y_size": "0.08",
        "lens_k": "-1.0",
        "exposure_mode": "histogram",
        "lens_kcube": "0.0",
        "lens_x_size": "0.08",
        "exposure_max_bright": "12.0",
        "shutter_speed": "200.0",
        "bloom_intensity": "0.675",
        "iso": "100.0",
        "enable_postprocess_effects": "false",
        "gamma": "2.2",
        "motion_blur_intensity": "0.0",
        "motion_blur_max_distortion": "0.35",
        "lens_flare_intensity": "0.1",
        "motion_blur_min_object_screen_size": "0.1",
        "exposure_min_bright": "10.0",
        "exposure_speed_up": "3.0",
        "exposure_speed_down": "1.0",
        "tint": "0.0",
        "calibration_constant": "16.0",
        "focal_distance": "1000.0",
        "min_fstop": "1.2",
        "blade_count": "5",
        "blur_amount": "0.0",
        "blur_radius": "0.0",
        "slope": "0.88",
        "toe": "0.55",
        "white_clip": "0.04",
        "shoulder": "0.26",
        "black_clip": "0.0",
        "temp": "6500.0",
        "chromatic_aberration_intensity": "0.0"
      },
      "transform_carla": {
        "location": {
          "x": -60.275794982910156,
          "y": 23.887603759765625,
          "z": 1.7090264558792114
        },
        "rotation": {
          "roll": 0.16693934798240662,
          "pitch": 0.5822872519493103,
          "yaw": -7.559272289276123
        }
      },
      "matrix_world_from_sensor_carla": [
        [
          0.9912581443786621,
          0.13158057630062103,
          -0.009690996259450912,
          -60.275794982910156
        ],
        [
          -0.13154497742652893,
          0.9913012385368347,
          0.0042252251878380775,
          23.887603759765625
        ],
        [
          0.0101626543328166,
          -0.0029134866781532764,
          0.9999441504478455,
          1.7090264558792114
        ],
        [
          0.0,
          0.0,
          0.0,
          1.0
        ]
      ],
      "matrix_world_from_sensor_bevfusion": [
        [
          0.13158057630062103,
          0.009690996259450912,
          0.9912581443786621,
          -60.275794982910156
        ],
        [
          -0.9913012385368347,
          0.0042252251878380775,
          0.13154497742652893,
          -23.887603759765625
        ],
        [
          -0.0029134866781532764,
          -0.9999441504478455,
          0.0101626543328166,
          1.7090264558792114
        ],
        [
          0.0,
          0.0,
          0.0,
          1.0
        ]
      ],
      "matrix_ego_from_sensor_carla": [
        [
          1.0,
          3.1625528862377905e-09,
          5.271293401776234e-10,
          1.5499916076660156
        ],
        [
          -3.899658373995862e-09,
          1.0,
          -3.169373097300365e-11,
          -9.5367431640625e-07
        ],
        [
          -7.866407525369823e-11,
          -9.08670361177144e-11,
          1.0,
          1.6999999284744263
        ],
        [
          0.0,
          0.0,
          0.0,
          1.0
        ]
      ],
      "matrix_ego_from_sensor_bevfusion": [
        [
          3.1625528862377905e-09,
          -5.271293401776234e-10,
          1.0,
          1.5499916076660156
        ],
        [
          -1.0,
          -3.169373097300365e-11,
          3.899658373995862e-09,
          9.5367431640625e-07
        ],
        [
          -9.08670361177144e-11,
          -1.0,
          -7.866407525369823e-11,
          1.6999999284744263
        ],
        [
          0.0,
          0.0,
          0.0,
          1.0
        ]
      ],
      "camera_intrinsics": [
        [
          1142.5184326171875,
          0.0,
          800.0
        ],
        [
          0.0,
          1142.5184326171875,
          450.0
        ],
        [
          0.0,
          0.0,
          1.0
        ]
      ],
      "data_path": "D:\\Agent-AI\\outputs\\samples\\sample_000003\\images\\CAM_FRONT.png",
      "raw_layout": "bgra8"
    },
    "CAM_FRONT_RIGHT": {
      "type_id": "sensor.camera.rgb",
      "blueprint_attributes": {
        "role_name": "front",
        "ros_name": "sensor.camera.rgb",
        "chromatic_aberration_offset": "0.0",
        "sensor_tick": "0.050000",
        "fstop": "1.4",
        "image_size_x": "1600",
        "image_size_y": "900",
        "fov": "70.00",
        "lens_circle_falloff": "5.0",
        "lens_circle_multiplier": "0.0",
        "exposure_compensation": "0.0",
        "lens_y_size": "0.08",
        "lens_k": "-1.0",
        "exposure_mode": "histogram",
        "lens_kcube": "0.0",
        "lens_x_size": "0.08",
        "exposure_max_bright": "12.0",
        "shutter_speed": "200.0",
        "bloom_intensity": "0.675",
        "iso": "100.0",
        "enable_postprocess_effects": "false",
        "gamma": "2.2",
        "motion_blur_intensity": "0.0",
        "motion_blur_max_distortion": "0.35",
        "lens_flare_intensity": "0.1",
        "motion_blur_min_object_screen_size": "0.1",
        "exposure_min_bright": "10.0",
        "exposure_speed_up": "3.0",
        "exposure_speed_down": "1.0",
        "tint": "0.0",
        "calibration_constant": "16.0",
        "focal_distance": "1000.0",
        "min_fstop": "1.2",
        "blade_count": "5",
        "blur_amount": "0.0",
        "blur_radius": "0.0",
        "slope": "0.88",
        "toe": "0.55",
        "white_clip": "0.04",
        "shoulder": "0.26",
        "black_clip": "0.0",
        "temp": "6500.0",
        "chromatic_aberration_intensity": "0.0"
      },
      "transform_carla": {
        "location": {
          "x": -60.45124053955078,
          "y": 24.46570587158203,
          "z": 1.704883337020874
        },
        "rotation": {
          "roll": 0.5727338194847107,
          "pitch": 0.1972353607416153,
          "yaw": 47.44083786010742
        }
      },
      "matrix_world_from_sensor_carla": [
        [
          0.6763471364974976,
          -0.7365193367004395,
          -0.009690945968031883,
          -60.45124053955078
        ],
        [
          0.7365750074386597,
          0.6763426661491394,
          0.0042252810671925545,
          24.46570587158203
        ],
        [
          0.0034423996694386005,
          -0.009995865635573864,
          0.9999441504478455,
          1.704883337020874
        ],
        [
          0.0,
          0.0,
          0.0,
          1.0
        ]
      ],
      "matrix_world_from_sensor_bevfusion": [
        [
          -0.7365193367004395,
          0.009690945968031883,
          0.6763471364974976,
          -60.45124053955078
        ],
        [
          -0.6763426661491394,
          0.0042252810671925545,
          -0.7365750074386597,
          -24.46570587158203
        ],
        [
          -0.009995865635573864,
          -0.9999441504478455,
          0.0034423996694386005,
          1.704883337020874
        ],
        [
          0.0,
          0.0,
          0.0,
          1.0
        ]
      ],
      "matrix_ego_from_sensor_carla": [
        [
          0.5735768675804138,
          -0.819151759147644,
          4.336796877169036e-08,
          1.2999954223632812
        ],
        [
          0.8191518187522888,
          0.573576807975769,
          6.213409164956829e-08,
          0.5500001907348633
        ],
        [
          -7.53478488491055e-08,
          -8.644481797048797e-10,
          1.0,
          1.6999999284744263
        ],
        [
          0.0,
          0.0,
          0.0,
          1.0
        ]
      ],
      "matrix_ego_from_sensor_bevfusion": [
        [
          -0.819151759147644,
          -4.336796877169036e-08,
          0.5735768675804138,
          1.2999954223632812
        ],
        [
          -0.573576807975769,
          6.213409164956829e-08,
          -0.8191518187522888,
          -0.5500001907348633
        ],
        [
          -8.644481797048797e-10,
          -1.0,
          -7.53478488491055e-08,
          1.6999999284744263
        ],
        [
          0.0,
          0.0,
          0.0,
          1.0
        ]
      ],
      "camera_intrinsics": [
        [
          1142.5184326171875,
          0.0,
          800.0
        ],
        [
          0.0,
          1142.5184326171875,
          450.0
        ],
        [
          0.0,
          0.0,
          1.0
        ]
      ],
      "data_path": "D:\\Agent-AI\\outputs\\samples\\sample_000003\\images\\CAM_FRONT_RIGHT.png",
      "raw_layout": "bgra8"
    },
    "CAM_FRONT_LEFT": {
      "type_id": "sensor.camera.rgb",
      "blueprint_attributes": {
        "role_name": "front",
        "ros_name": "sensor.camera.rgb",
        "chromatic_aberration_offset": "0.0",
        "sensor_tick": "0.050000",
        "fstop": "1.4",
        "image_size_x": "1600",
        "image_size_y": "900",
        "fov": "70.00",
        "lens_circle_falloff": "5.0",
        "lens_circle_multiplier": "0.0",
        "exposure_compensation": "0.0",
        "lens_y_size": "0.08",
        "lens_k": "-1.0",
        "exposure_mode": "histogram",
        "lens_kcube": "0.0",
        "lens_x_size": "0.08",
        "exposure_max_bright": "12.0",
        "shutter_speed": "200.0",
        "bloom_intensity": "0.675",
        "iso": "100.0",
        "enable_postprocess_effects": "false",
        "gamma": "2.2",
        "motion_blur_intensity": "0.0",
        "motion_blur_max_distortion": "0.35",
        "lens_flare_intensity": "0.1",
        "motion_blur_min_object_screen_size": "0.1",
        "exposure_min_bright": "10.0",
        "exposure_speed_up": "3.0",
        "exposure_speed_down": "1.0",
        "tint": "0.0",
        "calibration_constant": "16.0",
        "focal_distance": "1000.0",
        "min_fstop": "1.2",
        "blade_count": "5",
        "blur_amount": "0.0",
        "blur_radius": "0.0",
        "slope": "0.88",
        "toe": "0.55",
        "white_clip": "0.04",
        "shoulder": "0.26",
        "black_clip": "0.0",
        "temp": "6500.0",
        "chromatic_aberration_intensity": "0.0"
      },
      "transform_carla": {
        "location": {
          "x": -60.59598159790039,
          "y": 23.375274658203125,
          "z": 1.7080880403518677
        },
        "rotation": {
          "roll": -0.3812418282032013,
          "pitch": 0.4707297682762146,
          "yaw": -62.56168746948242
        }
      },
      "matrix_world_from_sensor_carla": [
        [
          0.46077781915664673,
          0.8874626159667969,
          -0.009691016748547554,
          -60.59598159790039
        ],
        [
          -0.8874775171279907,
          0.4608317017555237,
          0.004225264769047499,
          23.375274658203125
        ],
        [
          0.008215691894292831,
          0.006653651595115662,
          0.9999441504478455,
          1.7080880403518677
        ],
        [
          0.0,
          0.0,
          0.0,
          1.0
        ]
      ],
      "matrix_world_from_sensor_bevfusion": [
        [
          0.8874626159667969,
          0.009691016748547554,
          0.46077781915664673,
          -60.59598159790039
        ],
        [
          -0.4608317017555237,
          0.004225264769047499,
          0.8874775171279907,
          -23.375274658203125
        ],
        [
          0.006653651595115662,
          -0.9999441504478455,
          0.008215691894292831,
          1.7080880403518677
        ],
        [
          0.0,
          0.0,
          0.0,
          1.0
        ]
      ],
      "matrix_ego_from_sensor_carla": [
        [
          0.5735764503479004,
          0.8191519975662231,
          -2.5549903526211892e-08,
          1.29998779296875
        ],
        [
          -0.8191520571708679,
          0.5735764503479004,
          3.652271729492895e-08,
          -0.5500011444091797
        ],
        [
          4.4513107866350765e-08,
          6.331823954042193e-11,
          1.0,
          1.6999999284744263
        ],
        [
          0.0,
          0.0,
          0.0,
          1.0
        ]
      ],
      "matrix_ego_from_sensor_bevfusion": [
        [
          0.8191519975662231,
          2.5549903526211892e-08,
          0.5735764503479004,
          1.29998779296875
        ],
        [
          -0.5735764503479004,
          3.652271729492895e-08,
          0.8191520571708679,
          0.5500011444091797
        ],
        [
          6.331823954042193e-11,
          -1.0,
          4.4513107866350765e-08,
          1.6999999284744263
        ],
        [
          0.0,
          0.0,
          0.0,
          1.0
        ]
      ],
      "camera_intrinsics": [
        [
          1142.5184326171875,
          0.0,
          800.0
        ],
        [
          0.0,
          1142.5184326171875,
          450.0
        ],
        [
          0.0,
          0.0,
          1.0
        ]
      ],
      "data_path": "D:\\Agent-AI\\outputs\\samples\\sample_000003\\images\\CAM_FRONT_LEFT.png",
      "raw_layout": "bgra8"
    },
    "CAM_BACK": {
      "type_id": "sensor.camera.rgb",
      "blueprint_attributes": {
        "role_name": "front",
        "ros_name": "sensor.camera.rgb",
        "chromatic_aberration_offset": "0.0",
        "sensor_tick": "0.050000",
        "fstop": "1.4",
        "image_size_x": "1600",
        "image_size_y": "900",
        "fov": "70.00",
        "lens_circle_falloff": "5.0",
        "lens_circle_multiplier": "0.0",
        "exposure_compensation": "0.0",
        "lens_y_size": "0.08",
        "lens_k": "-1.0",
        "exposure_mode": "histogram",
        "lens_kcube": "0.0",
        "lens_x_size": "0.08",
        "exposure_max_bright": "12.0",
        "shutter_speed": "200.0",
        "bloom_intensity": "0.675",
        "iso": "100.0",
        "enable_postprocess_effects": "false",
        "gamma": "2.2",
        "motion_blur_intensity": "0.0",
        "motion_blur_max_distortion": "0.35",
        "lens_flare_intensity": "0.1",
        "motion_blur_min_object_screen_size": "0.1",
        "exposure_min_bright": "10.0",
        "exposure_speed_up": "3.0",
        "exposure_speed_down": "1.0",
        "tint": "0.0",
        "calibration_constant": "16.0",
        "focal_distance": "1000.0",
        "min_fstop": "1.2",
        "blade_count": "5",
        "blur_amount": "0.0",
        "blur_radius": "0.0",
        "slope": "0.88",
        "toe": "0.55",
        "white_clip": "0.04",
        "shoulder": "0.26",
        "black_clip": "0.0",
        "temp": "6500.0",
        "chromatic_aberration_intensity": "0.0"
      },
      "transform_carla": {
        "location": {
          "x": -63.34869384765625,
          "y": 24.295392990112305,
          "z": 1.6775221824645996
        },
        "rotation": {
          "roll": -0.16693955659866333,
          "pitch": -0.5822872519493103,
          "yaw": 172.44073486328125
        }
      },
      "matrix_world_from_sensor_carla": [
        [
          -0.9912582039833069,
          -0.13158045709133148,
          -0.009690997190773487,
          -63.34869384765625
        ],
        [
          0.13154485821723938,
          -0.9913012981414795,
          0.004225227516144514,
          24.295392990112305
        ],
        [
          -0.0101626543328166,
          0.002913490403443575,
          0.9999441504478455,
          1.6775221824645996
        ],
        [
          0.0,
          0.0,
          0.0,
          1.0
        ]
      ],
      "matrix_world_from_sensor_bevfusion": [
        [
          -0.13158045709133148,
          0.009690997190773487,
          -0.9912582039833069,
          -63.34869384765625
        ],
        [
          0.9913012981414795,
          0.004225227516144514,
          -0.13154485821723938,
          -24.295392990112305
        ],
        [
          0.002913490403443575,
          -0.9999441504478455,
          -0.0101626543328166,
          1.6775221824645996
        ],
        [
          0.0,
          0.0,
          0.0,
          1.0
        ]
      ],
      "matrix_ego_from_sensor_carla": [
        [
          -1.0,
          1.2392443693443056e-07,
          -1.3355158090533337e-09,
          -1.5500030517578125
        ],
        [
          -1.2917396929879033e-07,
          -1.0000001192092896,
          2.296612677810117e-09,
          -9.5367431640625e-07
        ],
        [
          7.866407525369823e-11,
          2.4189652503281422e-09,
          1.0,
          1.6999999284744263
        ],
        [
          0.0,
          0.0,
          0.0,
          1.0
        ]
      ],
      "matrix_ego_from_sensor_bevfusion": [
        [
          1.2392443693443056e-07,
          1.3355158090533337e-09,
          -1.0,
          -1.5500030517578125
        ],
        [
          1.0000001192092896,
          2.296612677810117e-09,
          1.2917396929879033e-07,
          9.5367431640625e-07
        ],
        [
          2.4189652503281422e-09,
          -1.0,
          7.866407525369823e-11,
          1.6999999284744263
        ],
        [
          0.0,
          0.0,
          0.0,
          1.0
        ]
      ],
      "camera_intrinsics": [
        [
          1142.5184326171875,
          0.0,
          800.0
        ],
        [
          0.0,
          1142.5184326171875,
          450.0
        ],
        [
          0.0,
          0.0,
          1.0
        ]
      ],
      "data_path": "D:\\Agent-AI\\outputs\\samples\\sample_000003\\images\\CAM_BACK.png",
      "raw_layout": "bgra8"
    },
    "CAM_BACK_LEFT": {
      "type_id": "sensor.camera.rgb",
      "blueprint_attributes": {
        "role_name": "front",
        "ros_name": "sensor.camera.rgb",
        "chromatic_aberration_offset": "0.0",
        "sensor_tick": "0.050000",
        "fstop": "1.4",
        "image_size_x": "1600",
        "image_size_y": "900",
        "fov": "70.00",
        "lens_circle_falloff": "5.0",
        "lens_circle_multiplier": "0.0",
        "exposure_compensation": "0.0",
        "lens_y_size": "0.08",
        "lens_k": "-1.0",
        "exposure_mode": "histogram",
        "lens_kcube": "0.0",
        "lens_x_size": "0.08",
        "exposure_max_bright": "12.0",
        "shutter_speed": "200.0",
        "bloom_intensity": "0.675",
        "iso": "100.0",
        "enable_postprocess_effects": "false",
        "gamma": "2.2",
        "motion_blur_intensity": "0.0",
        "motion_blur_max_distortion": "0.35",
        "lens_flare_intensity": "0.1",
        "motion_blur_min_object_screen_size": "0.1",
        "exposure_min_bright": "10.0",
        "exposure_speed_up": "3.0",
        "exposure_speed_down": "1.0",
        "tint": "0.0",
        "calibration_constant": "16.0",
        "focal_distance": "1000.0",
        "min_fstop": "1.2",
        "blade_count": "5",
        "blur_amount": "0.0",
        "blur_radius": "0.0",
        "slope": "0.88",
        "toe": "0.55",
        "white_clip": "0.04",
        "shoulder": "0.26",
        "black_clip": "0.0",
        "temp": "6500.0",
        "chromatic_aberration_intensity": "0.0"
      },
      "transform_carla": {
        "location": {
          "x": -63.17325210571289,
          "y": 23.71729278564453,
          "z": 1.681665301322937
        },
        "rotation": {
          "roll": -0.5727338194847107,
          "pitch": -0.1972353607416153,
          "yaw": -132.55914306640625
        }
      },
      "matrix_world_from_sensor_carla": [
        [
          -0.6763468384742737,
          0.7365196347236633,
          -0.009690947830677032,
          -63.17325210571289
        ],
        [
          -0.7365753054618835,
          -0.6763423681259155,
          0.004225276876240969,
          23.71729278564453
        ],
        [
          -0.0034423996694386005,
          0.009995865635573864,
          0.9999441504478455,
          1.681665301322937
        ],
        [
          0.0,
          0.0,
          0.0,
          1.0
        ]
      ],
      "matrix_world_from_sensor_bevfusion": [
        [
          0.7365196347236633,
          0.009690947830677032,
          -0.6763468384742737,
          -63.17325210571289
        ],
        [
          0.6763423681259155,
          0.004225276876240969,
          0.7365753054618835,
          -23.71729278564453
        ],
        [
          0.009995865635573864,
          -0.9999441504478455,
          -0.0034423996694386005,
          1.681665301322937
        ],
        [
          0.0,
          0.0,
          0.0,
          1.0
        ]
      ],
      "matrix_ego_from_sensor_carla": [
        [
          -0.5735765099525452,
          0.8191520571708679,
          4.15053236224594e-08,
          -1.3000106811523438
        ],
        [
          -0.8191520571708679,
          -0.5735764503479004,
          5.771030586743109e-08,
          -0.5500001907348633
        ],
        [
          7.115689726333585e-08,
          -9.981969695260773e-10,
          1.0,
          1.6999999284744263
        ],
        [
          0.0,
          0.0,
          0.0,
          1.0
        ]
      ],
      "matrix_ego_from_sensor_bevfusion": [
        [
          0.8191520571708679,
          -4.15053236224594e-08,
          -0.5735765099525452,
          -1.3000106811523438
        ],
        [
          0.5735764503479004,
          5.771030586743109e-08,
          0.8191520571708679,
          0.5500001907348633
        ],
        [
          -9.981969695260773e-10,
          -1.0,
          7.115689726333585e-08,
          1.6999999284744263
        ],
        [
          0.0,
          0.0,
          0.0,
          1.0
        ]
      ],
      "camera_intrinsics": [
        [
          1142.5184326171875,
          0.0,
          800.0
        ],
        [
          0.0,
          1142.5184326171875,
          450.0
        ],
        [
          0.0,
          0.0,
          1.0
        ]
      ],
      "data_path": "D:\\Agent-AI\\outputs\\samples\\sample_000003\\images\\CAM_BACK_LEFT.png",
      "raw_layout": "bgra8"
    },
    "CAM_BACK_RIGHT": {
      "type_id": "sensor.camera.rgb",
      "blueprint_attributes": {
        "role_name": "front",
        "ros_name": "sensor.camera.rgb",
        "chromatic_aberration_offset": "0.0",
        "sensor_tick": "0.050000",
        "fstop": "1.4",
        "image_size_x": "1600",
        "image_size_y": "900",
        "fov": "70.00",
        "lens_circle_falloff": "5.0",
        "lens_circle_multiplier": "0.0",
        "exposure_compensation": "0.0",
        "lens_y_size": "0.08",
        "lens_k": "-1.0",
        "exposure_mode": "histogram",
        "lens_kcube": "0.0",
        "lens_x_size": "0.08",
        "exposure_max_bright": "12.0",
        "shutter_speed": "200.0",
        "bloom_intensity": "0.675",
        "iso": "100.0",
        "enable_postprocess_effects": "false",
        "gamma": "2.2",
        "motion_blur_intensity": "0.0",
        "motion_blur_max_distortion": "0.35",
        "lens_flare_intensity": "0.1",
        "motion_blur_min_object_screen_size": "0.1",
        "exposure_min_bright": "10.0",
        "exposure_speed_up": "3.0",
        "exposure_speed_down": "1.0",
        "tint": "0.0",
        "calibration_constant": "16.0",
        "focal_distance": "1000.0",
        "min_fstop": "1.2",
        "blade_count": "5",
        "blur_amount": "0.0",
        "blur_radius": "0.0",
        "slope": "0.88",
        "toe": "0.55",
        "white_clip": "0.04",
        "shoulder": "0.26",
        "black_clip": "0.0",
        "temp": "6500.0",
        "chromatic_aberration_intensity": "0.0"
      },
      "transform_carla": {
        "location": {
          "x": -63.02851104736328,
          "y": 24.807722091674805,
          "z": 1.6784603595733643
        },
        "rotation": {
          "roll": 0.3812418282032013,
          "pitch": -0.4707297682762146,
          "yaw": 117.43827819824219
        }
      },
      "matrix_world_from_sensor_carla": [
        [
          -0.4607771635055542,
          -0.8874629735946655,
          -0.00969101395457983,
          -63.02851104736328
        ],
        [
          0.8874778747558594,
          -0.46083104610443115,
          0.004225271753966808,
          24.807722091674805
        ],
        [
          -0.008215691894292831,
          -0.006653651595115662,
          0.9999441504478455,
          1.6784603595733643
        ],
        [
          0.0,
          0.0,
          0.0,
          1.0
        ]
      ],
      "matrix_world_from_sensor_bevfusion": [
        [
          -0.8874629735946655,
          0.00969101395457983,
          -0.4607771635055542,
          -63.02851104736328
        ],
        [
          0.46083104610443115,
          0.004225271753966808,
          -0.8874778747558594,
          -24.807722091674805
        ],
        [
          -0.006653651595115662,
          -0.9999441504478455,
          -0.008215691894292831,
          1.6784603595733643
        ],
        [
          0.0,
          0.0,
          0.0,
          1.0
        ]
      ],
      "matrix_ego_from_sensor_carla": [
        [
          -0.5735758543014526,
          -0.8191524147987366,
          -2.3687258376980935e-08,
          -1.3000030517578125
        ],
        [
          0.8191525340080261,
          -0.5735758543014526,
          4.374046724819891e-08,
          0.5499982833862305
        ],
        [
          -4.916972073942816e-08,
          6.455939782767928e-09,
          1.0,
          1.6999999284744263
        ],
        [
          0.0,
          0.0,
          0.0,
          1.0
        ]
      ],
      "matrix_ego_from_sensor_bevfusion": [
        [
          -0.8191524147987366,
          2.3687258376980935e-08,
          -0.5735758543014526,
          -1.3000030517578125
        ],
        [
          0.5735758543014526,
          4.374046724819891e-08,
          -0.8191525340080261,
          -0.5499982833862305
        ],
        [
          6.455939782767928e-09,
          -1.0,
          -4.916972073942816e-08,
          1.6999999284744263
        ],
        [
          0.0,
          0.0,
          0.0,
          1.0
        ]
      ],
      "camera_intrinsics": [
        [
          1142.5184326171875,
          0.0,
          800.0
        ],
        [
          0.0,
          1142.5184326171875,
          450.0
        ],
        [
          0.0,
          0.0,
          1.0
        ]
      ],
      "data_path": "D:\\Agent-AI\\outputs\\samples\\sample_000003\\images\\CAM_BACK_RIGHT.png",
      "raw_layout": "bgra8"
    },
    "LIDAR_TOP": {
      "type_id": "sensor.lidar.ray_cast",
      "blueprint_attributes": {
        "atmosphere_attenuation_rate": "0.004",
        "role_name": "front",
        "noise_seed": "0",
        "upper_fov": "10.0",
        "ros_name": "sensor.lidar.ray_cast",
        "sensor_tick": "0.050000",
        "channels": "32",
        "range": "120.0",
        "points_per_second": "360000",
        "lower_fov": "-30.0",
        "rotation_frequency": "20.000000",
        "horizontal_fov": "360.0",
        "dropoff_general_rate": "0.0",
        "dropoff_intensity_limit": "1.0",
        "noise_stddev": "0.0",
        "dropoff_zero_intensity": "0.0"
      },
      "transform_carla": {
        "location": {
          "x": -61.81708908081055,
          "y": 24.093610763549805,
          "z": 2.193246364593506
        },
        "rotation": {
          "roll": 0.16693934798240662,
          "pitch": 0.5822872519493103,
          "yaw": -7.559272289276123
        }
      },
      "matrix_world_from_sensor_carla": [
        [
          0.9912581443786621,
          0.13158057630062103,
          -0.009690996259450912,
          -61.81708908081055
        ],
        [
          -0.13154497742652893,
          0.9913012385368347,
          0.0042252251878380775,
          24.093610763549805
        ],
        [
          0.0101626543328166,
          -0.0029134866781532764,
          0.9999441504478455,
          2.193246364593506
        ],
        [
          0.0,
          0.0,
          0.0,
          1.0
        ]
      ],
      "matrix_world_from_sensor_bevfusion": [
        [
          0.9912581443786621,
          -0.13158057630062103,
          -0.009690996259450912,
          -61.81708908081055
        ],
        [
          0.13154497742652893,
          0.9913012385368347,
          -0.0042252251878380775,
          -24.093610763549805
        ],
        [
          0.0101626543328166,
          0.0029134866781532764,
          0.9999441504478455,
          2.193246364593506
        ],
        [
          0.0,
          0.0,
          0.0,
          1.0
        ]
      ],
      "matrix_ego_from_sensor_carla": [
        [
          1.0,
          3.1625528862377905e-09,
          5.271293401776234e-10,
          -7.62939453125e-06
        ],
        [
          -3.899658373995862e-09,
          1.0,
          -3.169373097300365e-11,
          -9.5367431640625e-07
        ],
        [
          -7.866407525369823e-11,
          -9.08670361177144e-11,
          1.0,
          2.1999998092651367
        ],
        [
          0.0,
          0.0,
          0.0,
          1.0
        ]
      ],
      "matrix_ego_from_sensor_bevfusion": [
        [
          1.0,
          -3.1625528862377905e-09,
          5.271293401776234e-10,
          -7.62939453125e-06
        ],
        [
          3.899658373995862e-09,
          1.0,
          3.169373097300365e-11,
          9.5367431640625e-07
        ],
        [
          -7.866407525369823e-11,
          9.08670361177144e-11,
          1.0,
          2.1999998092651367
        ],
        [
          0.0,
          0.0,
          0.0,
          1.0
        ]
      ],
      "data_path": "D:\\Agent-AI\\outputs\\samples\\sample_000003\\lidar\\LIDAR_TOP.npy",
      "raw_layout": [
        "x",
        "y",
        "z",
        "intensity"
      ]
    },
    "RADAR_FRONT": {
      "type_id": "sensor.other.radar",
      "blueprint_attributes": {
        "sensor_tick": "0.050000",
        "role_name": "default",
        "noise_seed": "0",
        "ros_name": "sensor.other.radar",
        "horizontal_fov": "35.0",
        "points_per_second": "1500",
        "vertical_fov": "20.0",
        "range": "120.0"
      },
      "transform_carla": {
        "location": {
          "x": -59.82197570800781,
          "y": 23.825029373168945,
          "z": 0.9136443734169006
        },
        "rotation": {
          "roll": 0.16693934798240662,
          "pitch": 0.5822872519493103,
          "yaw": -7.559272289276123
        }
      },
      "matrix_world_from_sensor_carla": [
        [
          0.9912581443786621,
          0.13158057630062103,
          -0.009690996259450912,
          -59.82197570800781
        ],
        [
          -0.13154497742652893,
          0.9913012385368347,
          0.0042252251878380775,
          23.825029373168945
        ],
        [
          0.0101626543328166,
          -0.0029134866781532764,
          0.9999441504478455,
          0.9136443734169006
        ],
        [
          0.0,
          0.0,
          0.0,
          1.0
        ]
      ],
      "matrix_world_from_sensor_bevfusion": [
        [
          0.9912581443786621,
          -0.13158057630062103,
          -0.009690996259450912,
          -59.82197570800781
        ],
        [
          0.13154497742652893,
          0.9913012385368347,
          -0.0042252251878380775,
          -23.825029373168945
        ],
        [
          0.0101626543328166,
          0.0029134866781532764,
          0.9999441504478455,
          0.9136443734169006
        ],
        [
          0.0,
          0.0,
          0.0,
          1.0
        ]
      ],
      "matrix_ego_from_sensor_carla": [
        [
          1.0,
          3.1625528862377905e-09,
          5.271293401776234e-10,
          1.9999923706054688
        ],
        [
          -3.899658373995862e-09,
          1.0,
          -3.169373097300365e-11,
          0.0
        ],
        [
          -7.866407525369823e-11,
          -9.08670361177144e-11,
          1.0,
          0.9000000953674316
        ],
        [
          0.0,
          0.0,
          0.0,
          1.0
        ]
      ],
      "matrix_ego_from_sensor_bevfusion": [
        [
          1.0,
          -3.1625528862377905e-09,
          5.271293401776234e-10,
          1.9999923706054688
        ],
        [
          3.899658373995862e-09,
          1.0,
          3.169373097300365e-11,
          0.0
        ],
        [
          -7.866407525369823e-11,
          9.08670361177144e-11,
          1.0,
          0.9000000953674316
        ],
        [
          0.0,
          0.0,
          0.0,
          1.0
        ]
      ],
      "data_path": "D:\\Agent-AI\\outputs\\samples\\sample_000003\\radar\\RADAR_FRONT.npy",
      "raw_layout": [
        "velocity",
        "altitude",
        "azimuth",
        "depth"
      ]
    },
    "RADAR_FRONT_LEFT": {
      "type_id": "sensor.other.radar",
      "blueprint_attributes": {
        "sensor_tick": "0.050000",
        "role_name": "default",
        "noise_seed": "0",
        "ros_name": "sensor.other.radar",
        "horizontal_fov": "35.0",
        "points_per_second": "1500",
        "vertical_fov": "20.0",
        "range": "120.0"
      },
      "transform_carla": {
        "location": {
          "x": -60.267601013183594,
          "y": 23.127593994140625,
          "z": 0.912272572517395
        },
        "rotation": {
          "roll": -0.29370832443237305,
          "pitch": 0.5297699570655823,
          "yaw": -52.56147766113281
        }
      },
      "matrix_world_from_sensor_carla": [
        [
          0.6078838109970093,
          0.7939668893814087,
          -0.009690918028354645,
          -60.267601013183594
        ],
        [
          -0.7939721941947937,
          0.6079394221305847,
          0.00422512274235487,
          23.127593994140625
        ],
        [
          0.009246098808944225,
          0.00512593612074852,
          0.9999441504478455,
          0.912272572517395
        ],
        [
          0.0,
          0.0,
          0.0,
          1.0
        ]
      ],
      "matrix_world_from_sensor_bevfusion": [
        [
          0.6078838109970093,
          -0.7939668893814087,
          -0.009690918028354645,
          -60.267601013183594
        ],
        [
          0.7939721941947937,
          0.6079394221305847,
          -0.00422512274235487,
          -23.127593994140625
        ],
        [
          0.009246098808944225,
          -0.00512593612074852,
          0.9999441504478455,
          0.912272572517395
        ],
        [
          0.0,
          0.0,
          0.0,
          1.0
        ]
      ],
      "matrix_ego_from_sensor_carla": [
        [
          0.7071067690849304,
          0.7071068286895752,
          9.086542007707976e-08,
          1.649993896484375
        ],
        [
          -0.7071068286895752,
          0.7071067094802856,
          -9.13013025183318e-08,
          -0.75
        ],
        [
          -1.285800692585326e-07,
          2.605866633587084e-10,
          1.0,
          0.8999999761581421
        ],
        [
          0.0,
          0.0,
          0.0,
          1.0
        ]
      ],
      "matrix_ego_from_sensor_bevfusion": [
        [
          0.7071067690849304,
          -0.7071068286895752,
          9.086542007707976e-08,
          1.649993896484375
        ],
        [
          0.7071068286895752,
          0.7071067094802856,
          9.13013025183318e-08,
          0.75
        ],
        [
          -1.285800692585326e-07,
          -2.605866633587084e-10,
          1.0,
          0.8999999761581421
        ],
        [
          0.0,
          0.0,
          0.0,
          1.0
        ]
      ],
      "data_path": "D:\\Agent-AI\\outputs\\samples\\sample_000003\\radar\\RADAR_FRONT_LEFT.npy",
      "raw_layout": [
        "velocity",
        "altitude",
        "azimuth",
        "depth"
      ]
    },
    "RADAR_FRONT_RIGHT": {
      "type_id": "sensor.other.radar",
      "blueprint_attributes": {
        "sensor_tick": "0.050000",
        "role_name": "default",
        "noise_seed": "0",
        "ros_name": "sensor.other.radar",
        "horizontal_fov": "35.0",
        "points_per_second": "1500",
        "vertical_fov": "20.0",
        "range": "120.0"
      },
