{
  "schema_version": "stage1.v1",
  "sample_name": "sample_000011",
  "sequence_index": 11,
  "previous_sample_name": "sample_000010",
  "frame_id": 3931,
  "timestamp": 40.23108656331897,
  "platform_timestamp": 16816485.7970009,
  "delta_seconds": 0.10000000149011612,
  "town": "Carla/Maps/Town10HD_Opt",
  "weather": {
    "cloudiness": 20.0,
    "dust_storm": 0.0,
    "fog_density": 2.0,
    "fog_distance": 0.75,
    "fog_falloff": 0.10000000149011612,
    "mie_scattering_scale": 0.029999999329447746,
    "precipitation": 0.0,
    "precipitation_deposits": 0.0,
    "rayleigh_scattering_scale": 0.03310000151395798,
    "scattering_intensity": 1.0,
    "sun_altitude_angle": 45.0,
    "sun_azimuth_angle": 300.0,
    "wetness": 0.0,
    "wind_intensity": 10.0
  },
  "sensor_names": [
    "CAM_FRONT",
    "CAM_FRONT_RIGHT",
    "CAM_FRONT_LEFT",
    "CAM_BACK",
    "CAM_BACK_LEFT",
    "CAM_BACK_RIGHT",
    "LIDAR_TOP",
    "RADAR_FRONT",
    "RADAR_FRONT_LEFT",
    "RADAR_FRONT_RIGHT",
    "RADAR_BACK_LEFT",
    "RADAR_BACK_RIGHT"
  ],
  "camera_order_for_model": [
    "CAM_FRONT",
    "CAM_FRONT_RIGHT",
    "CAM_FRONT_LEFT",
    "CAM_BACK",
    "CAM_BACK_LEFT",
    "CAM_BACK_RIGHT"
  ],
  "radar_order_for_model": [
    "RADAR_FRONT",
    "RADAR_FRONT_LEFT",
    "RADAR_FRONT_RIGHT",
    "RADAR_BACK_LEFT",
    "RADAR_BACK_RIGHT"
  ],
  "coordinate_notes": {
    "carla_world": "left-handed x-forward y-right z-up",
    "bevfusion_lidar": "x-forward y-left z-up",
    "camera_frame_for_model": "OpenCV style x-right y-down z-forward"
  },
  "ego": {
    "actor_id": 24,
    "transform_carla": {
      "location": {
        "x": 109.6842041015625,
        "y": -25.714384078979492,
        "z": -0.006501960568130016
      },
      "rotation": {
        "roll": 0.11829496175050735,
        "pitch": 0.5907293558120728,
        "yaw": -93.56314849853516
      }
    },
    "velocity_carla": [
      -0.5273474454879761,
      -7.634118556976318,
      -0.00021155357535462826
    ],
    "angular_velocity_carla": [
      -0.4499017000198364,
      -0.10128330439329147,
      -2.8597259521484375
    ],
    "matrix_world_from_ego_carla": [
      [
        -0.06214528903365135,
        0.9980634450912476,
        0.0027013937942683697,
        109.6842041015625
      ],
      [
        -0.9980138540267944,
        -0.06216970458626747,
        0.010161723010241985,
        -25.714384078979492
      ],
      [
        0.01030998956412077,
        -0.002064525382593274,
        0.9999446868896484,
        -0.006501960568130016
      ],
      [
        0.0,
        0.0,
        0.0,
        1.0
      ]
    ],
    "matrix_world_from_ego_bevfusion": [
      [
        -0.06214528903365135,
        -0.9980634450912476,
        0.0027013937942683697,
        109.6842041015625
      ],
      [
        0.9980138540267944,
        -0.06216970458626747,
        -0.010161723010241985,
        25.714384078979492
      ],
      [
        0.01030998956412077,
        0.002064525382593274,
        0.9999446868896484,
        -0.006501960568130016
      ],
      [
        0.0,
        0.0,
        0.0,
        1.0
      ]
    ]
  },
  "sensors": {
    "CAM_FRONT": {
      "type_id": "sensor.camera.rgb",
      "blueprint_attributes": {
        "role_name": "front",
        "ros_name": "sensor.camera.rgb",
        "chromatic_aberration_offset": "0.0",
        "sensor_tick": "0.100000",
        "fstop": "1.4",
        "image_size_x": "960",
        "image_size_y": "540",
        "fov": "70.00",
        "lens_circle_falloff": "5.0",
        "lens_circle_multiplier": "0.0",
        "exposure_compensation": "0.0",
        "lens_y_size": "0.08",
        "lens_k": "-1.0",
        "exposure_mode": "histogram",
        "lens_kcube": "0.0",
        "lens_x_size": "0.08",
        "exposure_max_bright": "12.0",
        "shutter_speed": "200.0",
        "bloom_intensity": "0.675",
        "iso": "100.0",
        "enable_postprocess_effects": "false",
        "gamma": "2.2",
        "motion_blur_intensity": "0.0",
        "motion_blur_max_distortion": "0.35",
        "lens_flare_intensity": "0.1",
        "motion_blur_min_object_screen_size": "0.1",
        "exposure_min_bright": "10.0",
        "exposure_speed_up": "3.0",
        "exposure_speed_down": "1.0",
        "tint": "0.0",
        "calibration_constant": "16.0",
        "focal_distance": "1000.0",
        "min_fstop": "1.2",
        "blade_count": "5",
        "blur_amount": "0.0",
        "blur_radius": "0.0",
        "slope": "0.88",
        "toe": "0.55",
        "white_clip": "0.04",
        "shoulder": "0.26",
        "black_clip": "0.0",
        "temp": "6500.0",
        "chromatic_aberration_intensity": "0.0"
      },
      "transform_carla": {
        "location": {
          "x": 109.59247589111328,
          "y": -27.244029998779297,
          "z": 1.7093844413757324
        },
        "rotation": {
          "roll": 0.11829496175050735,
          "pitch": 0.5907293558120728,
          "yaw": -93.56314849853516
        }
      },
      "matrix_world_from_sensor_carla": [
        [
          -0.06214528903365135,
          0.9980634450912476,
          0.0027013937942683697,
          109.59247589111328
        ],
        [
          -0.9980138540267944,
          -0.06216970458626747,
          0.010161723010241985,
          -27.244029998779297
        ],
        [
          0.01030998956412077,
          -0.002064525382593274,
          0.9999446868896484,
          1.7093844413757324
        ],
        [
          0.0,
          0.0,
          0.0,
          1.0
        ]
      ],
      "matrix_world_from_sensor_bevfusion": [
        [
          0.9980634450912476,
          -0.0027013937942683697,
          -0.06214528903365135,
          109.59247589111328
        ],
        [
          0.06216970458626747,
          0.010161723010241985,
          0.9980138540267944,
          27.244029998779297
        ],
        [
          -0.002064525382593274,
          -0.9999446868896484,
          0.01030998956412077,
          1.7093844413757324
        ],
        [
          0.0,
          0.0,
          0.0,
          1.0
        ]
      ],
      "matrix_ego_from_sensor_carla": [
        [
          0.9999999403953552,
          1.43741385461027e-09,
          -3.0817481899703125e-10,
          1.5499992370605469
        ],
        [
          1.43741385461027e-09,
          1.0,
          -1.245257230664265e-10,
          0.0
        ],
        [
          -6.249741280051069e-10,
          -1.4750381471806406e-11,
          1.0,
          1.7000000476837158
        ],
        [
          0.0,
          0.0,
          0.0,
          1.0
        ]
      ],
      "matrix_ego_from_sensor_bevfusion": [
        [
          1.43741385461027e-09,
          3.0817481899703125e-10,
          0.9999999403953552,
          1.5499992370605469
        ],
        [
          -1.0,
          -1.245257230664265e-10,
          -1.43741385461027e-09,
          0.0
        ],
        [
          -1.4750381471806406e-11,
          -1.0,
          -6.249741280051069e-10,
          1.7000000476837158
        ],
        [
          0.0,
          0.0,
          0.0,
          1.0
        ]
      ],
      "camera_intrinsics": [
        [
          685.5110473632812,
          0.0,
          480.0
        ],
        [
          0.0,
          685.5110473632812,
          270.0
        ],
        [
          0.0,
          0.0,
          1.0
        ]
      ],
      "data_path": "D:\\Agent-AI\\outputs\\s3a_left_v3\\sample_000011\\images\\CAM_FRONT.png",
      "raw_layout": "bgra8"
    },
    "CAM_FRONT_RIGHT": {
      "type_id": "sensor.camera.rgb",
      "blueprint_attributes": {
        "role_name": "front",
        "ros_name": "sensor.camera.rgb",
        "chromatic_aberration_offset": "0.0",
        "sensor_tick": "0.100000",
        "fstop": "1.4",
        "image_size_x": "960",
        "image_size_y": "540",
        "fov": "70.00",
        "lens_circle_falloff": "5.0",
        "lens_circle_multiplier": "0.0",
        "exposure_compensation": "0.0",
        "lens_y_size": "0.08",
        "lens_k": "-1.0",
        "exposure_mode": "histogram",
        "lens_kcube": "0.0",
        "lens_x_size": "0.08",
        "exposure_max_bright": "12.0",
        "shutter_speed": "200.0",
        "bloom_intensity": "0.675",
        "iso": "100.0",
        "enable_postprocess_effects": "false",
        "gamma": "2.2",
        "motion_blur_intensity": "0.0",
        "motion_blur_max_distortion": "0.35",
        "lens_flare_intensity": "0.1",
        "motion_blur_min_object_screen_size": "0.1",
        "exposure_min_bright": "10.0",
        "exposure_speed_up": "3.0",
        "exposure_speed_down": "1.0",
        "tint": "0.0",
        "calibration_constant": "16.0",
        "focal_distance": "1000.0",
        "min_fstop": "1.2",
        "blade_count": "5",
        "blur_amount": "0.0",
        "blur_radius": "0.0",
        "slope": "0.88",
        "toe": "0.55",
        "white_clip": "0.04",
        "shoulder": "0.26",
        "black_clip": "0.0",
        "temp": "6500.0",
        "chromatic_aberration_intensity": "0.0"
      },
      "transform_carla": {
        "location": {
          "x": 110.15694427490234,
          "y": -27.02872085571289,
          "z": 1.7056716680526733
        },
        "rotation": {
          "roll": 0.5517494678497314,
          "pitch": 0.24192528426647186,
          "yaw": -38.562591552734375
        }
      },
      "matrix_world_from_sensor_carla": [
        [
          0.7819206714630127,
          0.6233720779418945,
          0.0027014135848730803,
          110.15694427490234
        ],
        [
          -0.6233636140823364,
          0.7818660736083984,
          0.010161705315113068,
          -27.02872085571289
        ],
        [
          0.004222379997372627,
          -0.009629609994590282,
          0.9999446868896484,
          1.7056716680526733
        ],
        [
          0.0,
          0.0,
          0.0,
          1.0
        ]
      ],
      "matrix_world_from_sensor_bevfusion": [
        [
          0.6233720779418945,
          -0.0027014135848730803,
          0.7819206714630127,
          110.15694427490234
        ],
        [
          -0.7818660736083984,
          0.010161705315113068,
          0.6233636140823364,
          27.02872085571289
        ],
        [
          -0.009629609994590282,
          -0.9999446868896484,
          0.004222379997372627,
          1.7056716680526733
        ],
        [
          0.0,
          0.0,
          0.0,
          1.0
        ]
      ],
      "matrix_ego_from_sensor_carla": [
        [
          0.5735763311386108,
          -0.8191521167755127,
          1.6455631524081582e-08,
          1.3000011444091797
        ],
        [
          0.8191520571708679,
          0.5735764503479004,
          2.059740111803876e-08,
          0.5499954223632812
        ],
        [
          -2.6547684939259852e-08,
          3.078488353125408e-09,
          1.0,
          1.7000001668930054
        ],
        [
          0.0,
          0.0,
          0.0,
          1.0
        ]
      ],
      "matrix_ego_from_sensor_bevfusion": [
        [
          -0.8191521167755127,
          -1.6455631524081582e-08,
          0.5735763311386108,
          1.3000011444091797
        ],
        [
          -0.5735764503479004,
          2.059740111803876e-08,
          -0.8191520571708679,
          -0.5499954223632812
        ],
        [
          3.078488353125408e-09,
          -1.0,
          -2.6547684939259852e-08,
          1.7000001668930054
        ],
        [
          0.0,
          0.0,
          0.0,
          1.0
        ]
      ],
      "camera_intrinsics": [
        [
          685.5110473632812,
          0.0,
          480.0
        ],
        [
          0.0,
          685.5110473632812,
          270.0
        ],
        [
          0.0,
          0.0,
          1.0
        ]
      ],
      "data_path": "D:\\Agent-AI\\outputs\\s3a_left_v3\\sample_000011\\images\\CAM_FRONT_RIGHT.png",
      "raw_layout": "bgra8"
    },
    "CAM_FRONT_LEFT": {
      "type_id": "sensor.camera.rgb",
      "blueprint_attributes": {
        "role_name": "front",
        "ros_name": "sensor.camera.rgb",
        "chromatic_aberration_offset": "0.0",
        "sensor_tick": "0.100000",
        "fstop": "1.4",
        "image_size_x": "960",
        "image_size_y": "540",
        "fov": "70.00",
        "lens_circle_falloff": "5.0",
        "lens_circle_multiplier": "0.0",
        "exposure_compensation": "0.0",
        "lens_y_size": "0.08",
        "lens_k": "-1.0",
        "exposure_mode": "histogram",
        "lens_kcube": "0.0",
        "lens_x_size": "0.08",
        "exposure_max_bright": "12.0",
        "shutter_speed": "200.0",
        "bloom_intensity": "0.675",
        "iso": "100.0",
        "enable_postprocess_effects": "false",
        "gamma": "2.2",
        "motion_blur_intensity": "0.0",
        "motion_blur_max_distortion": "0.35",
        "lens_flare_intensity": "0.1",
        "motion_blur_min_object_screen_size": "0.1",
        "exposure_min_bright": "10.0",
        "exposure_speed_up": "3.0",
        "exposure_speed_down": "1.0",
        "tint": "0.0",
        "calibration_constant": "16.0",
        "focal_distance": "1000.0",
        "min_fstop": "1.2",
        "blade_count": "5",
        "blur_amount": "0.0",
        "blur_radius": "0.0",
        "slope": "0.88",
        "toe": "0.55",
        "white_clip": "0.04",
        "shoulder": "0.26",
        "black_clip": "0.0",
        "temp": "6500.0",
        "chromatic_aberration_intensity": "0.0"
      },
      "transform_carla": {
        "location": {
          "x": 109.05908203125,
          "y": -26.96033477783203,
          "z": 1.7079424858093262
        },
        "rotation": {
          "roll": -0.4160565733909607,
          "pitch": 0.43572506308555603,
          "yaw": -148.56532287597656
        }
      },
      "matrix_world_from_sensor_carla": [
        [
          -0.8532105684280396,
          0.5215595364570618,
          0.002701422432437539,
          109.05908203125
        ],
        [
          -0.5215111374855042,
          -0.8531839847564697,
          0.010161741636693478,
          -26.96033477783203
        ],
        [
          0.0076047638431191444,
          0.007261283230036497,
          0.9999447464942932,
          1.7079424858093262
        ],
        [
          0.0,
          0.0,
          0.0,
          1.0
        ]
      ],
      "matrix_world_from_sensor_bevfusion": [
        [
          0.5215595364570618,
          -0.002701422432437539,
          -0.8532105684280396,
          109.05908203125
        ],
        [
          0.8531839847564697,
          0.010161741636693478,
          0.5215111374855042,
          26.96033477783203
        ],
        [
          0.007261283230036497,
          -0.9999447464942932,
          0.0076047638431191444,
          1.7079424858093262
        ],
        [
          0.0,
          0.0,
          0.0,
          1.0
        ]
      ],
      "matrix_ego_from_sensor_carla": [
        [
          0.5735767483711243,
          0.8191518187522888,
          -1.925142534275892e-08,
          1.3000011444091797
        ],
        [
          -0.819151759147644,
          0.5735766887664795,
          2.7226434440308367e-08,
          -0.54998779296875
        ],
        [
          3.382989177680429e-08,
          -2.769860174556271e-10,
          1.0,
          1.7000000476837158
        ],
        [
          0.0,
          0.0,
          0.0,
          1.0
        ]
      ],
      "matrix_ego_from_sensor_bevfusion": [
        [
          0.8191518187522888,
          1.925142534275892e-08,
          0.5735767483711243,
          1.3000011444091797
        ],
        [
          -0.5735766887664795,
          2.7226434440308367e-08,
          0.819151759147644,
          0.54998779296875
        ],
        [
          -2.769860174556271e-10,
          -1.0,
          3.382989177680429e-08,
          1.7000000476837158
        ],
        [
          0.0,
          0.0,
          0.0,
          1.0
        ]
      ],
      "camera_intrinsics": [
        [
          685.5110473632812,
          0.0,
          480.0
        ],
        [
          0.0,
          685.5110473632812,
          270.0
        ],
        [
          0.0,
          0.0,
          1.0
        ]
      ],
      "data_path": "D:\\Agent-AI\\outputs\\s3a_left_v3\\sample_000011\\images\\CAM_FRONT_LEFT.png",
      "raw_layout": "bgra8"
    },
    "CAM_BACK": {
      "type_id": "sensor.camera.rgb",
      "blueprint_attributes": {
        "role_name": "front",
        "ros_name": "sensor.camera.rgb",
        "chromatic_aberration_offset": "0.0",
        "sensor_tick": "0.100000",
        "fstop": "1.4",
        "image_size_x": "960",
        "image_size_y": "540",
        "fov": "70.00",
        "lens_circle_falloff": "5.0",
        "lens_circle_multiplier": "0.0",
        "exposure_compensation": "0.0",
        "lens_y_size": "0.08",
        "lens_k": "-1.0",
        "exposure_mode": "histogram",
        "lens_kcube": "0.0",
        "lens_x_size": "0.08",
        "exposure_max_bright": "12.0",
        "shutter_speed": "200.0",
        "bloom_intensity": "0.675",
        "iso": "100.0",
        "enable_postprocess_effects": "false",
        "gamma": "2.2",
        "motion_blur_intensity": "0.0",
        "motion_blur_max_distortion": "0.35",
        "lens_flare_intensity": "0.1",
        "motion_blur_min_object_screen_size": "0.1",
        "exposure_min_bright": "10.0",
        "exposure_speed_up": "3.0",
        "exposure_speed_down": "1.0",
        "tint": "0.0",
        "calibration_constant": "16.0",
        "focal_distance": "1000.0",
        "min_fstop": "1.2",
        "blade_count": "5",
        "blur_amount": "0.0",
        "blur_radius": "0.0",
        "slope": "0.88",
        "toe": "0.55",
        "white_clip": "0.04",
        "shoulder": "0.26",
        "black_clip": "0.0",
        "temp": "6500.0",
        "chromatic_aberration_intensity": "0.0"
      },
      "transform_carla": {
        "location": {
          "x": 109.78512573242188,
          "y": -24.15018653869629,
          "z": 1.6774237155914307
        },
        "rotation": {
          "roll": -0.11829511821269989,
          "pitch": -0.5907293558120728,
          "yaw": 86.43683624267578
        }
      },
      "matrix_world_from_sensor_carla": [
        [
          0.06214555725455284,
          -0.9980634450912476,
          0.0027013993822038174,
          109.78512573242188
        ],
        [
          0.9980138540267944,
          0.06216997280716896,
          0.01016172207891941,
          -24.15018653869629
        ],
        [
          -0.01030998956412077,
          0.002064528176560998,
          0.9999446868896484,
          1.6774237155914307
        ],
        [
          0.0,
          0.0,
          0.0,
          1.0
        ]
      ],
      "matrix_world_from_sensor_bevfusion": [
        [
          -0.9980634450912476,
          -0.0027013993822038174,
          0.06214555725455284,
          109.78512573242188
        ],
        [
          -0.06216997280716896,
          0.01016172207891941,
          -0.9980138540267944,
          24.15018653869629
        ],
        [
          0.002064528176560998,
          -0.9999446868896484,
          -0.01030998956412077,
          1.6774237155914307
        ],
        [
          0.0,
          0.0,
          0.0,
          1.0
        ]
      ],
      "matrix_ego_from_sensor_carla": [
        [
          -1.0,
          -2.6909654593509913e-07,
          6.231477556184473e-10,
          -1.5500011444091797
        ],
        [
          2.6678347353481513e-07,
          -1.0,
          5.4634097246264446e-09,
          0.0
        ],
        [
          6.249741280051069e-10,
          5.602531327753013e-09,
          1.0,
          1.700000286102295
        ],
        [
          0.0,
          0.0,
          0.0,
          1.0
        ]
      ],
      "matrix_ego_from_sensor_bevfusion": [
        [
          -2.6909654593509913e-07,
          -6.231477556184473e-10,
          -1.0,
          -1.5500011444091797
        ],
        [
          1.0,
          5.4634097246264446e-09,
          -2.6678347353481513e-07,
          0.0
        ],
        [
          5.602531327753013e-09,
          -1.0,
          6.249741280051069e-10,
          1.700000286102295
        ],
        [
          0.0,
          0.0,
          0.0,
          1.0
        ]
      ],
      "camera_intrinsics": [
        [
          685.5110473632812,
          0.0,
          480.0
        ],
        [
          0.0,
          685.5110473632812,
          270.0
        ],
        [
          0.0,
          0.0,
          1.0
        ]
      ],
      "data_path": "D:\\Agent-AI\\outputs\\s3a_left_v3\\sample_000011\\images\\CAM_BACK.png",
      "raw_layout": "bgra8"
    },
    "CAM_BACK_LEFT": {
      "type_id": "sensor.camera.rgb",
      "blueprint_attributes": {
        "role_name": "front",
        "ros_name": "sensor.camera.rgb",
        "chromatic_aberration_offset": "0.0",
        "sensor_tick": "0.100000",
        "fstop": "1.4",
        "image_size_x": "960",
        "image_size_y": "540",
        "fov": "70.00",
        "lens_circle_falloff": "5.0",
        "lens_circle_multiplier": "0.0",
        "exposure_compensation": "0.0",
        "lens_y_size": "0.08",
        "lens_k": "-1.0",
        "exposure_mode": "histogram",
        "lens_kcube": "0.0",
        "lens_x_size": "0.08",
        "exposure_max_bright": "12.0",
        "shutter_speed": "200.0",
        "bloom_intensity": "0.675",
        "iso": "100.0",
        "enable_postprocess_effects": "false",
        "gamma": "2.2",
        "motion_blur_intensity": "0.0",
        "motion_blur_max_distortion": "0.35",
        "lens_flare_intensity": "0.1",
        "motion_blur_min_object_screen_size": "0.1",
        "exposure_min_bright": "10.0",
        "exposure_speed_up": "3.0",
        "exposure_speed_down": "1.0",
        "tint": "0.0",
        "calibration_constant": "16.0",
        "focal_distance": "1000.0",
        "min_fstop": "1.2",
        "blade_count": "5",
        "blur_amount": "0.0",
        "blur_radius": "0.0",
        "slope": "0.88",
        "toe": "0.55",
        "white_clip": "0.04",
        "shoulder": "0.26",
        "black_clip": "0.0",
        "temp": "6500.0",
        "chromatic_aberration_intensity": "0.0"
      },
      "transform_carla": {
        "location": {
          "x": 109.22064971923828,
          "y": -24.365497589111328,
          "z": 1.6811366081237793
        },
        "rotation": {
          "roll": -0.5517495274543762,
          "pitch": -0.24192528426647186,
          "yaw": 141.4374237060547
        }
      },
      "matrix_world_from_sensor_carla": [
        [
          -0.781920850276947,
          -0.6233718395233154,
          0.0027014107909053564,
          109.22064971923828
        ],
        [
          0.6233633756637573,
          -0.7818662524223328,
          0.010161706246435642,
          -24.365497589111328
        ],
        [
          -0.004222379997372627,
          0.009629610925912857,
          0.9999446868896484,
          1.6811366081237793
        ],
        [
          0.0,
          0.0,
          0.0,
          1.0
        ]
      ],
      "matrix_world_from_sensor_bevfusion": [
        [
          -0.6233718395233154,
          -0.0027014107909053564,
          -0.781920850276947,
          109.22064971923828
        ],
        [
          0.7818662524223328,
          0.010161706246435642,
          -0.6233633756637573,
          24.365497589111328
        ],
        [
          0.009629610925912857,
          -0.9999446868896484,
          -0.004222379997372627,
          1.6811366081237793
        ],
        [
          0.0,
          0.0,
          0.0,
          1.0
        ]
      ],
      "matrix_ego_from_sensor_carla": [
        [
          -0.5735760927200317,
          0.819152295589447,
          1.5524308949466104e-08,
          -1.3000011444091797
        ],
        [
          -0.8191522359848022,
          -0.5735761523246765,
          1.7803433394192325e-08,
          -0.5500030517578125
        ],
        [
          2.3288055928105678e-08,
          -3.0785398674737507e-09,
          1.0,
          1.7000001668930054
        ],
        [
          0.0,
          0.0,
          0.0,
          1.0
        ]
      ],
      "matrix_ego_from_sensor_bevfusion": [
        [
          0.819152295589447,
          -1.5524308949466104e-08,
          -0.5735760927200317,
          -1.3000011444091797
        ],
        [
          0.5735761523246765,
          1.7803433394192325e-08,
          0.8191522359848022,
          0.5500030517578125
        ],
        [
          -3.0785398674737507e-09,
          -1.0,
          2.3288055928105678e-08,
          1.7000001668930054
        ],
        [
          0.0,
          0.0,
          0.0,
          1.0
        ]
      ],
      "camera_intrinsics": [
        [
          685.5110473632812,
          0.0,
          480.0
        ],
        [
          0.0,
          685.5110473632812,
          270.0
        ],
        [
          0.0,
          0.0,
          1.0
        ]
      ],
      "data_path": "D:\\Agent-AI\\outputs\\s3a_left_v3\\sample_000011\\images\\CAM_BACK_LEFT.png",
      "raw_layout": "bgra8"
    },
    "CAM_BACK_RIGHT": {
      "type_id": "sensor.camera.rgb",
      "blueprint_attributes": {
        "role_name": "front",
        "ros_name": "sensor.camera.rgb",
        "chromatic_aberration_offset": "0.0",
        "sensor_tick": "0.100000",
        "fstop": "1.4",
        "image_size_x": "960",
        "image_size_y": "540",
        "fov": "70.00",
        "lens_circle_falloff": "5.0",
        "lens_circle_multiplier": "0.0",
        "exposure_compensation": "0.0",
        "lens_y_size": "0.08",
        "lens_k": "-1.0",
        "exposure_mode": "histogram",
        "lens_kcube": "0.0",
        "lens_x_size": "0.08",
        "exposure_max_bright": "12.0",
        "shutter_speed": "200.0",
        "bloom_intensity": "0.675",
        "iso": "100.0",
        "enable_postprocess_effects": "false",
        "gamma": "2.2",
        "motion_blur_intensity": "0.0",
        "motion_blur_max_distortion": "0.35",
        "lens_flare_intensity": "0.1",
        "motion_blur_min_object_screen_size": "0.1",
        "exposure_min_bright": "10.0",
        "exposure_speed_up": "3.0",
        "exposure_speed_down": "1.0",
        "tint": "0.0",
        "calibration_constant": "16.0",
        "focal_distance": "1000.0",
        "min_fstop": "1.2",
        "blade_count": "5",
        "blur_amount": "0.0",
        "blur_radius": "0.0",
        "slope": "0.88",
        "toe": "0.55",
        "white_clip": "0.04",
        "shoulder": "0.26",
        "black_clip": "0.0",
        "temp": "6500.0",
        "chromatic_aberration_intensity": "0.0"
      },
      "transform_carla": {
        "location": {
          "x": 110.31851959228516,
          "y": -24.43388557434082,
          "z": 1.678865671157837
        },
        "rotation": {
          "roll": 0.41605666279792786,
          "pitch": -0.43572506308555603,
          "yaw": 31.434646606445312
        }
      },
      "matrix_world_from_sensor_carla": [
        [
          0.8532109260559082,
          -0.5215590000152588,
          0.002701428486034274,
          110.31851959228516
        ],
        [
          0.5215106010437012,
          0.8531843423843384,
          0.010161740705370903,
          -24.43388557434082
        ],
        [
          -0.0076047638431191444,
          -0.007261284627020359,
          0.9999447464942932,
          1.678865671157837
        ],
        [
          0.0,
          0.0,
          0.0,
          1.0
        ]
      ],
      "matrix_world_from_sensor_bevfusion": [
        [
          -0.5215590000152588,
          -0.002701428486034274,
          0.8532109260559082,
          110.31851959228516
        ],
        [
          -0.8531843423843384,
          0.010161740705370903,
          -0.5215106010437012,
          24.43388557434082
        ],
        [
          -0.007261284627020359,
          -0.9999447464942932,
          -0.0076047638431191444,
          1.678865671157837
        ],
        [
          0.0,
          0.0,
          0.0,
          1.0
        ]
      ],
      "matrix_ego_from_sensor_carla": [
        [
          -0.5735762119293213,
          -0.8191522359848022,
          -1.925142534275892e-08,
          -1.2999992370605469
        ],
        [
          0.8191521167755127,
          -0.5735762119293213,
          3.328003117530898e-08,
          0.5500030517578125
        ],
        [
          -3.802084336257394e-08,
          4.0023535596844795e-09,
          1.0,
          1.7000001668930054
        ],
        [
          0.0,
          0.0,
          0.0,
          1.0
        ]
      ],
      "matrix_ego_from_sensor_bevfusion": [
        [
          -0.8191522359848022,
          1.925142534275892e-08,
          -0.5735762119293213,
          -1.2999992370605469
        ],
        [
          0.5735762119293213,
          3.328003117530898e-08,
          -0.8191521167755127,
          -0.5500030517578125
        ],
        [
          4.0023535596844795e-09,
          -1.0,
          -3.802084336257394e-08,
          1.7000001668930054
        ],
        [
          0.0,
          0.0,
          0.0,
          1.0
        ]
      ],
      "camera_intrinsics": [
        [
          685.5110473632812,
          0.0,
          480.0
        ],
        [
          0.0,
          685.5110473632812,
          270.0
        ],
        [
          0.0,
          0.0,
          1.0
        ]
      ],
      "data_path": "D:\\Agent-AI\\outputs\\s3a_left_v3\\sample_000011\\images\\CAM_BACK_RIGHT.png",
      "raw_layout": "bgra8"
    },
    "LIDAR_TOP": {
      "type_id": "sensor.lidar.ray_cast",
      "blueprint_attributes": {
        "atmosphere_attenuation_rate": "0.004",
        "role_name": "front",
        "noise_seed": "0",
        "upper_fov": "10.0",
        "ros_name": "sensor.lidar.ray_cast",
        "sensor_tick": "0.100000",
        "channels": "32",
        "range": "120.0",
        "points_per_second": "360000",
        "lower_fov": "-30.0",
        "rotation_frequency": "10.000000",
        "horizontal_fov": "360.0",
        "dropoff_general_rate": "0.0",
        "dropoff_intensity_limit": "1.0",
        "noise_stddev": "0.0",
        "dropoff_zero_intensity": "0.0"
      },
      "transform_carla": {
        "location": {
          "x": 109.69015502929688,
          "y": -25.692028045654297,
          "z": 2.193376302719116
        },
        "rotation": {
          "roll": 0.11829496175050735,
          "pitch": 0.5907293558120728,
          "yaw": -93.56314849853516
        }
      },
      "matrix_world_from_sensor_carla": [
        [
          -0.06214528903365135,
          0.9980634450912476,
          0.0027013937942683697,
          109.69015502929688
        ],
        [
          -0.9980138540267944,
          -0.06216970458626747,
          0.010161723010241985,
          -25.692028045654297
        ],
        [
          0.01030998956412077,
          -0.002064525382593274,
          0.9999446868896484,
          2.193376302719116
        ],
        [
          0.0,
          0.0,
          0.0,
          1.0
        ]
      ],
      "matrix_world_from_sensor_bevfusion": [
        [
          -0.06214528903365135,
          -0.9980634450912476,
          0.0027013937942683697,
          109.69015502929688
        ],
        [
          0.9980138540267944,
          -0.06216970458626747,
          -0.010161723010241985,
          25.692028045654297
        ],
        [
          0.01030998956412077,
          0.002064525382593274,
          0.9999446868896484,
          2.193376302719116
        ],
        [
          0.0,
          0.0,
          0.0,
          1.0
        ]
      ],
      "matrix_ego_from_sensor_carla": [
        [
          0.9999999403953552,
          1.43741385461027e-09,
          -3.0817481899703125e-10,
          0.0
        ],
        [
          1.43741385461027e-09,
          1.0,
          -1.245257230664265e-10,
          7.62939453125e-06
        ],
        [
          -6.249741280051069e-10,
          -1.4750381471806406e-11,
          1.0,
          2.1999998092651367
        ],
        [
          0.0,
          0.0,
          0.0,
          1.0
        ]
      ],
      "matrix_ego_from_sensor_bevfusion": [
        [
          0.9999999403953552,
          -1.43741385461027e-09,
          -3.0817481899703125e-10,
          0.0
        ],
        [
          -1.43741385461027e-09,
          1.0,
          1.245257230664265e-10,
          -7.62939453125e-06
        ],
        [
          -6.249741280051069e-10,
          1.4750381471806406e-11,
          1.0,
          2.1999998092651367
        ],
        [
          0.0,
          0.0,
          0.0,
          1.0
        ]
      ],
      "data_path": "D:\\Agent-AI\\outputs\\s3a_left_v3\\sample_000011\\lidar\\LIDAR_TOP.npy",
      "raw_layout": [
        "x",
        "y",
        "z",
        "intensity"
      ]
    },
    "RADAR_FRONT": {
      "type_id": "sensor.other.radar",
      "blueprint_attributes": {
        "sensor_tick": "0.100000",
        "role_name": "default",
        "noise_seed": "0",
        "ros_name": "sensor.other.radar",
        "horizontal_fov": "35.0",
        "points_per_second": "1500",
        "vertical_fov": "20.0",
        "range": "120.0"
      },
      "transform_carla": {
        "location": {
          "x": 109.56234741210938,
          "y": -27.70126724243164,
          "z": 0.9140682816505432
        },
        "rotation": {
          "roll": 0.11829496175050735,
          "pitch": 0.5907293558120728,
          "yaw": -93.56314849853516
        }
      },
      "matrix_world_from_sensor_carla": [
        [
          -0.06214528903365135,
          0.9980634450912476,
          0.0027013937942683697,
          109.56234741210938
        ],
        [
          -0.9980138540267944,
          -0.06216970458626747,
          0.010161723010241985,
          -27.70126724243164
        ],
        [
          0.01030998956412077,
          -0.002064525382593274,
          0.9999446868896484,
          0.9140682816505432
        ],
        [
          0.0,
          0.0,
          0.0,
          1.0
        ]
      ],
      "matrix_world_from_sensor_bevfusion": [
        [
          -0.06214528903365135,
          -0.9980634450912476,
          0.0027013937942683697,
          109.56234741210938
        ],
        [
          0.9980138540267944,
          -0.06216970458626747,
          -0.010161723010241985,
          27.70126724243164
        ],
        [
          0.01030998956412077,
          0.002064525382593274,
          0.9999446868896484,
          0.9140682816505432
        ],
        [
          0.0,
          0.0,
          0.0,
          1.0
        ]
      ],
      "matrix_ego_from_sensor_carla": [
        [
          0.9999999403953552,
          1.43741385461027e-09,
          -3.0817481899703125e-10,
          2.000001907348633
        ],
        [
          1.43741385461027e-09,
          1.0,
          -1.245257230664265e-10,
          7.62939453125e-06
        ],
        [
          -6.249741280051069e-10,
          -1.4750381471806406e-11,
          1.0,
          0.8999999761581421
        ],
        [
          0.0,
          0.0,
          0.0,
          1.0
        ]
      ],
      "matrix_ego_from_sensor_bevfusion": [
        [
          0.9999999403953552,
          -1.43741385461027e-09,
          -3.0817481899703125e-10,
          2.000001907348633
        ],
        [
          -1.43741385461027e-09,
          1.0,
          1.245257230664265e-10,
          -7.62939453125e-06
        ],
        [
          -6.249741280051069e-10,
          1.4750381471806406e-11,
          1.0,
          0.8999999761581421
        ],
        [
          0.0,
          0.0,
          0.0,
          1.0
        ]
      ],
      "data_path": "D:\\Agent-AI\\outputs\\s3a_left_v3\\sample_000011\\radar\\RADAR_FRONT.npy",
      "raw_layout": [
        "velocity",
        "altitude",
        "azimuth",
        "depth"
      ]
    },
    "RADAR_FRONT_LEFT": {
      "type_id": "sensor.other.radar",
      "blueprint_attributes": {
        "sensor_tick": "0.100000",
        "role_name": "default",
        "noise_seed": "0",
        "ros_name": "sensor.other.radar",
        "horizontal_fov": "35.0",
        "points_per_second": "1500",
        "vertical_fov": "20.0",
        "range": "120.0"
      },
      "transform_carla": {
        "location": {
          "x": 108.83555603027344,
          "y": -27.305334091186523,
          "z": 0.9120081663131714
        },
        "rotation": {
          "roll": -0.3340732157230377,
          "pitch": 0.5013495087623596,
          "yaw": -138.56521606445312
        }
      },
      "matrix_world_from_sensor_carla": [
        [
          -0.7496806979179382,
          0.6617942452430725,
          0.002701381454244256,
          108.83555603027344
        ],
        [
          -0.6617419123649597,
          -0.7496628761291504,
          0.01016171183437109,
          -27.305334091186523
        ],
        [
          0.008750087581574917,
          0.005830421578139067,
          0.9999447464942932,
          0.9120081663131714
        ],
        [
          0.0,
          0.0,
          0.0,
          1.0
        ]
      ],
      "matrix_world_from_sensor_bevfusion": [
        [
          -0.7496806979179382,
          -0.6617942452430725,
          0.002701381454244256,
          108.83555603027344
        ],
        [
          0.6617419123649597,
          -0.7496628761291504,
          -0.01016171183437109,
          27.305334091186523
        ],
        [
          0.008750087581574917,
          -0.005830421578139067,
          0.9999447464942932,
          0.9120081663131714
        ],
        [
          0.0,
          0.0,
          0.0,
          1.0
        ]
      ],
      "matrix_ego_from_sensor_carla": [
        [
          0.7071069478988647,
          0.7071067094802856,
          1.2413542194167348e-08,
          1.6499996185302734
        ],
        [
          -0.7071066498756409,
          0.70710688829422,
          -1.1889112805363311e-08,
          -0.75
        ],
        [
          -1.7811727204275485e-08,
          -8.449436705859625e-10,
          1.0,
          0.9000000357627869
        ],
        [
          0.0,
          0.0,
          0.0,
          1.0
        ]
      ],
      "matrix_ego_from_sensor_bevfusion": [
        [
          0.7071069478988647,
          -0.7071067094802856,
          1.2413542194167348e-08,
          1.6499996185302734
        ],
        [
          0.7071066498756409,
          0.70710688829422,
          1.1889112805363311e-08,
          0.75
        ],
        [
          -1.7811727204275485e-08,
          8.449436705859625e-10,
          1.0,
          0.9000000357627869
        ],
        [
          0.0,
          0.0,
          0.0,
          1.0
        ]
      ],
      "data_path": "D:\\Agent-AI\\outputs\\s3a_left_v3\\sample_000011\\radar\\RADAR_FRONT_LEFT.npy",
      "raw_layout": [
        "velocity",
        "altitude",
        "azimuth",
        "depth"
      ]
    },
    "RADAR_FRONT_RIGHT": {
      "type_id": "sensor.other.radar",
      "blueprint_attributes": {
        "sensor_tick": "0.100000",
        "role_name": "default",
        "noise_seed": "0",
        "ros_name": "sensor.other.radar",
        "horizontal_fov": "35.0",
        "points_per_second": "1500",
        "vertical_fov": "20.0",
