{
  "schema_version": "stage1.v1",
  "sample_name": "sample_000006",
  "sequence_index": 6,
  "previous_sample_name": "sample_000005",
  "frame_id": 2183,
  "timestamp": 33.19063229858875,
  "platform_timestamp": 16781863.3349627,
  "delta_seconds": 0.05000000074505806,
  "town": "Carla/Maps/Town10HD_Opt",
  "weather": {
    "cloudiness": 20.0,
    "dust_storm": 0.0,
    "fog_density": 2.0,
    "fog_distance": 0.75,
    "fog_falloff": 0.10000000149011612,
    "mie_scattering_scale": 0.029999999329447746,
    "precipitation": 0.0,
    "precipitation_deposits": 0.0,
    "rayleigh_scattering_scale": 0.03310000151395798,
    "scattering_intensity": 1.0,
    "sun_altitude_angle": 45.0,
    "sun_azimuth_angle": 300.0,
    "wetness": 0.0,
    "wind_intensity": 10.0
  },
  "sensor_names": [
    "CAM_FRONT",
    "CAM_FRONT_RIGHT",
    "CAM_FRONT_LEFT",
    "CAM_BACK",
    "CAM_BACK_LEFT",
    "CAM_BACK_RIGHT",
    "LIDAR_TOP",
    "RADAR_FRONT",
    "RADAR_FRONT_LEFT",
    "RADAR_FRONT_RIGHT",
    "RADAR_BACK_LEFT",
    "RADAR_BACK_RIGHT"
  ],
  "camera_order_for_model": [
    "CAM_FRONT",
    "CAM_FRONT_RIGHT",
    "CAM_FRONT_LEFT",
    "CAM_BACK",
    "CAM_BACK_LEFT",
    "CAM_BACK_RIGHT"
  ],
  "radar_order_for_model": [
    "RADAR_FRONT",
    "RADAR_FRONT_LEFT",
    "RADAR_FRONT_RIGHT",
    "RADAR_BACK_LEFT",
    "RADAR_BACK_RIGHT"
  ],
  "coordinate_notes": {
    "carla_world": "left-handed x-forward y-right z-up",
    "bevfusion_lidar": "x-forward y-left z-up",
    "camera_frame_for_model": "OpenCV style x-right y-down z-forward"
  },
  "ego": {
    "actor_id": 24,
    "transform_carla": {
      "location": {
        "x": -61.00812530517578,
        "y": 23.94236946105957,
        "z": -0.005744056776165962
      },
      "rotation": {
        "roll": 0.30280348658561707,
        "pitch": 0.4016014337539673,
        "yaw": -9.000255584716797
      }
    },
    "velocity_carla": [
      5.220677375793457,
      -1.0903387069702148,
      0.0003255653427913785
    ],
    "angular_velocity_carla": [
      -0.8957820534706116,
      1.720297932624817,
      -15.887085914611816
    ],
    "matrix_world_from_ego_carla": [
      [
        0.9876633882522583,
        0.1564732789993286,
        -0.006096051074564457,
        -61.00812530517578
      ],
      [
        -0.156435027718544,
        0.9876680970191956,
        0.006316321436315775,
        23.94236946105957
      ],
      [
        0.00700921006500721,
        -0.005284763406962156,
        0.9999614953994751,
        -0.005744056776165962
      ],
      [
        0.0,
        0.0,
        0.0,
        1.0
      ]
    ],
    "matrix_world_from_ego_bevfusion": [
      [
        0.9876633882522583,
        -0.1564732789993286,
        -0.006096051074564457,
        -61.00812530517578
      ],
      [
        0.156435027718544,
        0.9876680970191956,
        -0.006316321436315775,
        -23.94236946105957
      ],
      [
        0.00700921006500721,
        0.005284763406962156,
        0.9999614953994751,
        -0.005744056776165962
      ],
      [
        0.0,
        0.0,
        0.0,
        1.0
      ]
    ]
  },
  "sensors": {
    "CAM_FRONT": {
      "type_id": "sensor.camera.rgb",
      "blueprint_attributes": {
        "role_name": "front",
        "ros_name": "sensor.camera.rgb",
        "chromatic_aberration_offset": "0.0",
        "sensor_tick": "0.050000",
        "fstop": "1.4",
        "image_size_x": "1600",
        "image_size_y": "900",
        "fov": "70.00",
        "lens_circle_falloff": "5.0",
        "lens_circle_multiplier": "0.0",
        "exposure_compensation": "0.0",
        "lens_y_size": "0.08",
        "lens_k": "-1.0",
        "exposure_mode": "histogram",
        "lens_kcube": "0.0",
        "lens_x_size": "0.08",
        "exposure_max_bright": "12.0",
        "shutter_speed": "200.0",
        "bloom_intensity": "0.675",
        "iso": "100.0",
        "enable_postprocess_effects": "false",
        "gamma": "2.2",
        "motion_blur_intensity": "0.0",
        "motion_blur_max_distortion": "0.35",
        "lens_flare_intensity": "0.1",
        "motion_blur_min_object_screen_size": "0.1",
        "exposure_min_bright": "10.0",
        "exposure_speed_up": "3.0",
        "exposure_speed_down": "1.0",
        "tint": "0.0",
        "calibration_constant": "16.0",
        "focal_distance": "1000.0",
        "min_fstop": "1.2",
        "blade_count": "5",
        "blur_amount": "0.0",
        "blur_radius": "0.0",
        "slope": "0.88",
        "toe": "0.55",
        "white_clip": "0.04",
        "shoulder": "0.26",
        "black_clip": "0.0",
        "temp": "6500.0",
        "chromatic_aberration_intensity": "0.0"
      },
      "transform_carla": {
        "location": {
          "x": -59.48760986328125,
          "y": 23.710634231567383,
          "z": 1.705054759979248
        },
        "rotation": {
          "roll": 0.30280348658561707,
          "pitch": 0.4016014337539673,
          "yaw": -9.000255584716797
        }
      },
      "matrix_world_from_sensor_carla": [
        [
          0.9876633882522583,
          0.1564732789993286,
          -0.006096051074564457,
          -59.48760986328125
        ],
        [
          -0.156435027718544,
          0.9876680970191956,
          0.006316321436315775,
          23.710634231567383
        ],
        [
          0.00700921006500721,
          -0.005284763406962156,
          0.9999614953994751,
          1.705054759979248
        ],
        [
          0.0,
          0.0,
          0.0,
          1.0
        ]
      ],
      "matrix_world_from_sensor_bevfusion": [
        [
          0.1564732789993286,
          0.006096051074564457,
          0.9876633882522583,
          -59.48760986328125
        ],
        [
          -0.9876680970191956,
          0.006316321436315775,
          0.156435027718544,
          -23.710634231567383
        ],
        [
          -0.005284763406962156,
          -0.9999614953994751,
          0.00700921006500721,
          1.705054759979248
        ],
        [
          0.0,
          0.0,
          0.0,
          1.0
        ]
      ],
      "matrix_ego_from_sensor_carla": [
        [
          1.0,
          -5.1770778775050985e-09,
          -2.689481970463703e-10,
          1.5499954223632812
        ],
        [
          -1.0750835777173506e-08,
          1.0,
          4.593646574235777e-10,
          9.5367431640625e-07
        ],
        [
          2.4459290148826085e-10,
          3.0871774581164857e-10,
          1.0,
          1.7000000476837158
        ],
        [
          0.0,
          0.0,
          0.0,
          1.0
        ]
      ],
      "matrix_ego_from_sensor_bevfusion": [
        [
          -5.1770778775050985e-09,
          2.689481970463703e-10,
          1.0,
          1.5499954223632812
        ],
        [
          -1.0,
          4.593646574235777e-10,
          1.0750835777173506e-08,
          -9.5367431640625e-07
        ],
        [
          3.0871774581164857e-10,
          -1.0,
          2.4459290148826085e-10,
          1.7000000476837158
        ],
        [
          0.0,
          0.0,
          0.0,
          1.0
        ]
      ],
      "camera_intrinsics": [
        [
          1142.5184326171875,
          0.0,
          800.0
        ],
        [
          0.0,
          1142.5184326171875,
          450.0
        ],
        [
          0.0,
          0.0,
          1.0
        ]
      ],
      "data_path": "D:\\Agent-AI\\outputs\\samples\\sample_000006\\images\\CAM_FRONT.png",
      "raw_layout": "bgra8"
    },
    "CAM_FRONT_RIGHT": {
      "type_id": "sensor.camera.rgb",
      "blueprint_attributes": {
        "role_name": "front",
        "ros_name": "sensor.camera.rgb",
        "chromatic_aberration_offset": "0.0",
        "sensor_tick": "0.050000",
        "fstop": "1.4",
        "image_size_x": "1600",
        "image_size_y": "900",
        "fov": "70.00",
        "lens_circle_falloff": "5.0",
        "lens_circle_multiplier": "0.0",
        "exposure_compensation": "0.0",
        "lens_y_size": "0.08",
        "lens_k": "-1.0",
        "exposure_mode": "histogram",
        "lens_kcube": "0.0",
        "lens_x_size": "0.08",
        "exposure_max_bright": "12.0",
        "shutter_speed": "200.0",
        "bloom_intensity": "0.675",
        "iso": "100.0",
        "enable_postprocess_effects": "false",
        "gamma": "2.2",
        "motion_blur_intensity": "0.0",
        "motion_blur_max_distortion": "0.35",
        "lens_flare_intensity": "0.1",
        "motion_blur_min_object_screen_size": "0.1",
        "exposure_min_bright": "10.0",
        "exposure_speed_up": "3.0",
        "exposure_speed_down": "1.0",
        "tint": "0.0",
        "calibration_constant": "16.0",
        "focal_distance": "1000.0",
        "min_fstop": "1.2",
        "blade_count": "5",
        "blur_amount": "0.0",
        "blur_radius": "0.0",
        "slope": "0.88",
        "toe": "0.55",
        "white_clip": "0.04",
        "shoulder": "0.26",
        "black_clip": "0.0",
        "temp": "6500.0",
        "chromatic_aberration_intensity": "0.0"
      },
      "transform_carla": {
        "location": {
          "x": -59.64846420288086,
          "y": 24.29296112060547,
          "z": 1.7003958225250244
        },
        "rotation": {
          "roll": 0.5026522874832153,
          "pitch": -0.01769018918275833,
          "yaw": 45.998619079589844
        }
      },
      "matrix_world_from_sensor_carla": [
        [
          0.694675624370575,
          -0.7192972302436829,
          -0.006096020806580782,
          -59.64846420288086
        ],
        [
          0.7193229794502258,
          0.694646954536438,
          0.006316352169960737,
          24.29296112060547
        ],
        [
          -0.000308752030832693,
          -0.008772823959589005,
          0.9999614357948303,
          1.7003958225250244
        ],
        [
          0.0,
          0.0,
          0.0,
          1.0
        ]
      ],
      "matrix_world_from_sensor_bevfusion": [
        [
          -0.7192972302436829,
          0.006096020806580782,
          0.694675624370575,
          -59.64846420288086
        ],
        [
          -0.694646954536438,
          0.006316352169960737,
          -0.7193229794502258,
          -24.29296112060547
        ],
        [
          -0.008772823959589005,
          -0.9999614357948303,
          -0.000308752030832693,
          1.7003958225250244
        ],
        [
          0.0,
          0.0,
          0.0,
          1.0
        ]
      ],
      "matrix_ego_from_sensor_carla": [
        [
          0.5735762119293213,
          -0.8191521763801575,
          2.445898061864682e-08,
          1.2999954223632812
        ],
        [
          0.8191520571708679,
          0.5735761523246765,
          3.569895667965284e-08,
          0.5500020980834961
        ],
        [
          -4.307035794681724e-08,
          2.468885096362783e-10,
          0.9999999403953552,
          1.7000000476837158
        ],
        [
          0.0,
          0.0,
          0.0,
          1.0
        ]
      ],
      "matrix_ego_from_sensor_bevfusion": [
        [
          -0.8191521763801575,
          -2.445898061864682e-08,
          0.5735762119293213,
          1.2999954223632812
        ],
        [
          -0.5735761523246765,
          3.569895667965284e-08,
          -0.8191520571708679,
          -0.5500020980834961
        ],
        [
          2.468885096362783e-10,
          -0.9999999403953552,
          -4.307035794681724e-08,
          1.7000000476837158
        ],
        [
          0.0,
          0.0,
          0.0,
          1.0
        ]
      ],
      "camera_intrinsics": [
        [
          1142.5184326171875,
          0.0,
          800.0
        ],
        [
          0.0,
          1142.5184326171875,
          450.0
        ],
        [
          0.0,
          0.0,
          1.0
        ]
      ],
      "data_path": "D:\\Agent-AI\\outputs\\samples\\sample_000006\\images\\CAM_FRONT_RIGHT.png",
      "raw_layout": "bgra8"
    },
    "CAM_FRONT_LEFT": {
      "type_id": "sensor.camera.rgb",
      "blueprint_attributes": {
        "role_name": "front",
        "ros_name": "sensor.camera.rgb",
        "chromatic_aberration_offset": "0.0",
        "sensor_tick": "0.050000",
        "fstop": "1.4",
        "image_size_x": "1600",
        "image_size_y": "900",
        "fov": "70.00",
        "lens_circle_falloff": "5.0",
        "lens_circle_multiplier": "0.0",
        "exposure_compensation": "0.0",
        "lens_y_size": "0.08",
        "lens_k": "-1.0",
        "exposure_mode": "histogram",
        "lens_kcube": "0.0",
        "lens_x_size": "0.08",
        "exposure_max_bright": "12.0",
        "shutter_speed": "200.0",
        "bloom_intensity": "0.675",
        "iso": "100.0",
        "enable_postprocess_effects": "false",
        "gamma": "2.2",
        "motion_blur_intensity": "0.0",
        "motion_blur_max_distortion": "0.35",
        "lens_flare_intensity": "0.1",
        "motion_blur_min_object_screen_size": "0.1",
        "exposure_min_bright": "10.0",
        "exposure_speed_up": "3.0",
        "exposure_speed_down": "1.0",
        "tint": "0.0",
        "calibration_constant": "16.0",
        "focal_distance": "1000.0",
        "min_fstop": "1.2",
        "blade_count": "5",
        "blur_amount": "0.0",
        "blur_radius": "0.0",
        "slope": "0.88",
        "toe": "0.55",
        "white_clip": "0.04",
        "shoulder": "0.26",
        "black_clip": "0.0",
        "temp": "6500.0",
        "chromatic_aberration_intensity": "0.0"
      },
      "transform_carla": {
        "location": {
          "x": -59.82058334350586,
          "y": 23.206525802612305,
          "z": 1.7062090635299683
        },
        "rotation": {
          "roll": -0.15529966354370117,
          "pitch": 0.47838643193244934,
          "yaw": -64.00196838378906
        }
      },
      "matrix_world_from_sensor_carla": [
        [
          0.43832501769065857,
          0.8987958431243896,
          -0.0060960412956774235,
          -59.82058334350586
        ],
        [
          -0.8987777233123779,
          0.4383590519428253,
          0.006316302344202995,
          23.206525802612305
        ],
        [
          0.008349321782588959,
          0.0027103926986455917,
          0.9999614357948303,
          1.7062090635299683
        ],
        [
          0.0,
          0.0,
          0.0,
          1.0
        ]
      ],
      "matrix_world_from_sensor_bevfusion": [
        [
          0.8987958431243896,
          0.0060960412956774235,
          0.43832501769065857,
          -59.82058334350586
        ],
        [
          -0.4383590519428253,
          0.006316302344202995,
          0.8987777233123779,
          -23.206525802612305
        ],
        [
          0.0027103926986455917,
          -0.9999614357948303,
          0.008349321782588959,
          1.7062090635299683
        ],
        [
          0.0,
          0.0,
          0.0,
          1.0
        ]
      ],
      "matrix_ego_from_sensor_carla": [
        [
          0.5735763907432556,
          0.8191520571708679,
          1.188612497315944e-08,
          1.2999992370605469
        ],
        [
          -0.8191519975662231,
          0.5735764503479004,
          -1.692076700976486e-08,
          -0.5499982833862305
        ],
        [
          -2.023644363191579e-08,
          -2.1601176403152067e-10,
          0.9999999403953552,
          1.7000000476837158
        ],
        [
          0.0,
          0.0,
          0.0,
          1.0
        ]
      ],
      "matrix_ego_from_sensor_bevfusion": [
        [
          0.8191520571708679,
          -1.188612497315944e-08,
          0.5735763907432556,
          1.2999992370605469
        ],
        [
          -0.5735764503479004,
          -1.692076700976486e-08,
          0.8191519975662231,
          0.5499982833862305
        ],
        [
          -2.1601176403152067e-10,
          -0.9999999403953552,
          -2.023644363191579e-08,
          1.7000000476837158
        ],
        [
          0.0,
          0.0,
          0.0,
          1.0
        ]
      ],
      "camera_intrinsics": [
        [
          1142.5184326171875,
          0.0,
          800.0
        ],
        [
          0.0,
          1142.5184326171875,
          450.0
        ],
        [
          0.0,
          0.0,
          1.0
        ]
      ],
      "data_path": "D:\\Agent-AI\\outputs\\samples\\sample_000006\\images\\CAM_FRONT_LEFT.png",
      "raw_layout": "bgra8"
    },
    "CAM_BACK": {
      "type_id": "sensor.camera.rgb",
      "blueprint_attributes": {
        "role_name": "front",
        "ros_name": "sensor.camera.rgb",
        "chromatic_aberration_offset": "0.0",
        "sensor_tick": "0.050000",
        "fstop": "1.4",
        "image_size_x": "1600",
        "image_size_y": "900",
        "fov": "70.00",
        "lens_circle_falloff": "5.0",
        "lens_circle_multiplier": "0.0",
        "exposure_compensation": "0.0",
        "lens_y_size": "0.08",
        "lens_k": "-1.0",
        "exposure_mode": "histogram",
        "lens_kcube": "0.0",
        "lens_x_size": "0.08",
        "exposure_max_bright": "12.0",
        "shutter_speed": "200.0",
        "bloom_intensity": "0.675",
        "iso": "100.0",
        "enable_postprocess_effects": "false",
        "gamma": "2.2",
        "motion_blur_intensity": "0.0",
        "motion_blur_max_distortion": "0.35",
        "lens_flare_intensity": "0.1",
        "motion_blur_min_object_screen_size": "0.1",
        "exposure_min_bright": "10.0",
        "exposure_speed_up": "3.0",
        "exposure_speed_down": "1.0",
        "tint": "0.0",
        "calibration_constant": "16.0",
        "focal_distance": "1000.0",
        "min_fstop": "1.2",
        "blade_count": "5",
        "blur_amount": "0.0",
        "blur_radius": "0.0",
        "slope": "0.88",
        "toe": "0.55",
        "white_clip": "0.04",
        "shoulder": "0.26",
        "black_clip": "0.0",
        "temp": "6500.0",
        "chromatic_aberration_intensity": "0.0"
      },
      "transform_carla": {
        "location": {
          "x": -62.54936218261719,
          "y": 24.19558334350586,
          "z": 1.683326244354248
        },
        "rotation": {
          "roll": -0.30280354619026184,
          "pitch": -0.4016014337539673,
          "yaw": 170.999755859375
        }
      },
      "matrix_world_from_sensor_carla": [
        [
          -0.9876633882522583,
          -0.1564730852842331,
          -0.006096051540225744,
          -62.54936218261719
        ],
        [
          0.1564348340034485,
          -0.9876680970191956,
          0.006316320970654488,
          24.19558334350586
        ],
        [
          -0.00700921006500721,
          0.005284764338284731,
          0.9999614953994751,
          1.683326244354248
        ],
        [
          0.0,
          0.0,
          0.0,
          1.0
        ]
      ],
      "matrix_world_from_sensor_bevfusion": [
        [
          -0.1564730852842331,
          0.006096051540225744,
          -0.9876633882522583,
          -62.54936218261719
        ],
        [
          0.9876680970191956,
          0.006316320970654488,
          -0.1564348340034485,
          -24.19558334350586
        ],
        [
          0.005284764338284731,
          -0.9999614953994751,
          -0.00700921006500721,
          1.683326244354248
        ],
        [
          0.0,
          0.0,
          0.0,
          1.0
        ]
      ],
      "matrix_ego_from_sensor_carla": [
        [
          -0.9999999403953552,
          1.8399754253550782e-07,
          -2.689481970463703e-10,
          -1.5500030517578125
        ],
        [
          -1.805741050020515e-07,
          -1.0,
          -6.296629884161575e-12,
          2.86102294921875e-06
        ],
        [
          -1.1759154761037394e-09,
          -3.087536615264952e-10,
          1.0,
          1.7000000476837158
        ],
        [
          0.0,
          0.0,
          0.0,
          1.0
        ]
      ],
      "matrix_ego_from_sensor_bevfusion": [
        [
          1.8399754253550782e-07,
          2.689481970463703e-10,
          -0.9999999403953552,
          -1.5500030517578125
        ],
        [
          1.0,
          -6.296629884161575e-12,
          1.805741050020515e-07,
          -2.86102294921875e-06
        ],
        [
          -3.087536615264952e-10,
          -1.0,
          -1.1759154761037394e-09,
          1.7000000476837158
        ],
        [
          0.0,
          0.0,
          0.0,
          1.0
        ]
      ],
      "camera_intrinsics": [
        [
          1142.5184326171875,
          0.0,
          800.0
        ],
        [
          0.0,
          1142.5184326171875,
          450.0
        ],
        [
          0.0,
          0.0,
          1.0
        ]
      ],
      "data_path": "D:\\Agent-AI\\outputs\\samples\\sample_000006\\images\\CAM_BACK.png",
      "raw_layout": "bgra8"
    },
    "CAM_BACK_LEFT": {
      "type_id": "sensor.camera.rgb",
      "blueprint_attributes": {
        "role_name": "front",
        "ros_name": "sensor.camera.rgb",
        "chromatic_aberration_offset": "0.0",
        "sensor_tick": "0.050000",
        "fstop": "1.4",
        "image_size_x": "1600",
        "image_size_y": "900",
        "fov": "70.00",
        "lens_circle_falloff": "5.0",
        "lens_circle_multiplier": "0.0",
        "exposure_compensation": "0.0",
        "lens_y_size": "0.08",
        "lens_k": "-1.0",
        "exposure_mode": "histogram",
        "lens_kcube": "0.0",
        "lens_x_size": "0.08",
        "exposure_max_bright": "12.0",
        "shutter_speed": "200.0",
        "bloom_intensity": "0.675",
        "iso": "100.0",
        "enable_postprocess_effects": "false",
        "gamma": "2.2",
        "motion_blur_intensity": "0.0",
        "motion_blur_max_distortion": "0.35",
        "lens_flare_intensity": "0.1",
        "motion_blur_min_object_screen_size": "0.1",
        "exposure_min_bright": "10.0",
        "exposure_speed_up": "3.0",
        "exposure_speed_down": "1.0",
        "tint": "0.0",
        "calibration_constant": "16.0",
        "focal_distance": "1000.0",
        "min_fstop": "1.2",
        "blade_count": "5",
        "blur_amount": "0.0",
        "blur_radius": "0.0",
        "slope": "0.88",
        "toe": "0.55",
        "white_clip": "0.04",
        "shoulder": "0.26",
        "black_clip": "0.0",
        "temp": "6500.0",
        "chromatic_aberration_intensity": "0.0"
      },
      "transform_carla": {
        "location": {
          "x": -62.38850784301758,
          "y": 23.613256454467773,
          "z": 1.6879851818084717
        },
        "rotation": {
          "roll": -0.5026522874832153,
          "pitch": 0.01769018918275833,
          "yaw": -134.00135803222656
        }
      },
      "matrix_world_from_sensor_carla": [
        [
          -0.6946753859519958,
          0.7192975282669067,
          -0.006096023600548506,
          -62.38850784301758
        ],
        [
          -0.7193232774734497,
          -0.6946467161178589,
          0.006316350307315588,
          23.613256454467773
        ],
        [
          0.000308752030832693,
          0.008772823959589005,
          0.9999614357948303,
          1.6879851818084717
        ],
        [
          0.0,
          0.0,
          0.0,
          1.0
        ]
      ],
      "matrix_world_from_sensor_bevfusion": [
        [
          0.7192975282669067,
          0.006096023600548506,
          -0.6946753859519958,
          -62.38850784301758
        ],
        [
          0.6946467161178589,
          0.006316350307315588,
          0.7193232774734497,
          -23.613256454467773
        ],
        [
          0.008772823959589005,
          -0.9999614357948303,
          0.000308752030832693,
          1.6879851818084717
        ],
        [
          0.0,
          0.0,
          0.0,
          1.0
        ]
      ],
      "matrix_ego_from_sensor_carla": [
        [
          -0.5735759139060974,
          0.8191524147987366,
          2.2130674182108123e-08,
          -1.3000030517578125
        ],
        [
          -0.8191523551940918,
          -0.5735759139060974,
          3.337065024311414e-08,
          -0.5499982833862305
        ],
        [
          3.978162510520633e-08,
          -2.468885096362783e-10,
          0.9999999403953552,
          1.7000000476837158
        ],
        [
          0.0,
          0.0,
          0.0,
          1.0
        ]
      ],
      "matrix_ego_from_sensor_bevfusion": [
        [
          0.8191524147987366,
          -2.2130674182108123e-08,
          -0.5735759139060974,
          -1.3000030517578125
        ],
        [
          0.5735759139060974,
          3.337065024311414e-08,
          0.8191523551940918,
          0.5499982833862305
        ],
        [
          -2.468885096362783e-10,
          -0.9999999403953552,
          3.978162510520633e-08,
          1.7000000476837158
        ],
        [
          0.0,
          0.0,
          0.0,
          1.0
        ]
      ],
      "camera_intrinsics": [
        [
          1142.5184326171875,
          0.0,
          800.0
        ],
        [
          0.0,
          1142.5184326171875,
          450.0
        ],
        [
          0.0,
          0.0,
          1.0
        ]
      ],
      "data_path": "D:\\Agent-AI\\outputs\\samples\\sample_000006\\images\\CAM_BACK_LEFT.png",
      "raw_layout": "bgra8"
    },
    "CAM_BACK_RIGHT": {
      "type_id": "sensor.camera.rgb",
      "blueprint_attributes": {
        "role_name": "front",
        "ros_name": "sensor.camera.rgb",
        "chromatic_aberration_offset": "0.0",
        "sensor_tick": "0.050000",
        "fstop": "1.4",
        "image_size_x": "1600",
        "image_size_y": "900",
        "fov": "70.00",
        "lens_circle_falloff": "5.0",
        "lens_circle_multiplier": "0.0",
        "exposure_compensation": "0.0",
        "lens_y_size": "0.08",
        "lens_k": "-1.0",
        "exposure_mode": "histogram",
        "lens_kcube": "0.0",
        "lens_x_size": "0.08",
        "exposure_max_bright": "12.0",
        "shutter_speed": "200.0",
        "bloom_intensity": "0.675",
        "iso": "100.0",
        "enable_postprocess_effects": "false",
        "gamma": "2.2",
        "motion_blur_intensity": "0.0",
        "motion_blur_max_distortion": "0.35",
        "lens_flare_intensity": "0.1",
        "motion_blur_min_object_screen_size": "0.1",
        "exposure_min_bright": "10.0",
        "exposure_speed_up": "3.0",
        "exposure_speed_down": "1.0",
        "tint": "0.0",
        "calibration_constant": "16.0",
        "focal_distance": "1000.0",
        "min_fstop": "1.2",
        "blade_count": "5",
        "blur_amount": "0.0",
        "blur_radius": "0.0",
        "slope": "0.88",
        "toe": "0.55",
        "white_clip": "0.04",
        "shoulder": "0.26",
        "black_clip": "0.0",
        "temp": "6500.0",
        "chromatic_aberration_intensity": "0.0"
      },
      "transform_carla": {
        "location": {
          "x": -62.21638870239258,
          "y": 24.699689865112305,
          "z": 1.6821719408035278
        },
        "rotation": {
          "roll": 0.15529967844486237,
          "pitch": -0.47838643193244934,
          "yaw": 115.99800872802734
        }
      },
      "matrix_world_from_sensor_carla": [
        [
          -0.43832454085350037,
          -0.8987960815429688,
          -0.006096038036048412,
          -62.21638870239258
        ],
        [
          0.898777961730957,
          -0.4383585751056671,
          0.0063163056038320065,
          24.699689865112305
        ],
        [
          -0.008349321782588959,
          -0.0027103929314762354,
          0.9999614357948303,
          1.6821719408035278
        ],
        [
          0.0,
          0.0,
          0.0,
          1.0
        ]
      ],
      "matrix_world_from_sensor_bevfusion": [
        [
          -0.8987960815429688,
          0.006096038036048412,
          -0.43832454085350037,
          -62.21638870239258
        ],
        [
          0.4383585751056671,
          0.0063163056038320065,
          -0.898777961730957,
          -24.699689865112305
        ],
        [
          -0.0027103929314762354,
          -0.9999614357948303,
          -0.008349321782588959,
          1.6821719408035278
        ],
        [
          0.0,
          0.0,
          0.0,
          1.0
        ]
      ],
      "matrix_ego_from_sensor_carla": [
        [
          -0.5735759735107422,
          -0.8191524147987366,
          1.4680092697005875e-08,
          -1.3000030517578125
        ],
        [
          0.819152295589447,
          -0.573576033115387,
          -1.3195477599481364e-08,
          0.5499992370605469
        ],
        [
          1.8373798482684833e-08,
          4.4069721205630685e-09,
          0.9999999403953552,
          1.7000000476837158
        ],
        [
          0.0,
          0.0,
          0.0,
          1.0
        ]
      ],
      "matrix_ego_from_sensor_bevfusion": [
        [
          -0.8191524147987366,
          -1.4680092697005875e-08,
          -0.5735759735107422,
          -1.3000030517578125
        ],
        [
          0.573576033115387,
          -1.3195477599481364e-08,
          -0.819152295589447,
          -0.5499992370605469
        ],
        [
          4.4069721205630685e-09,
          -0.9999999403953552,
          1.8373798482684833e-08,
          1.7000000476837158
        ],
        [
          0.0,
          0.0,
          0.0,
          1.0
        ]
      ],
      "camera_intrinsics": [
        [
          1142.5184326171875,
          0.0,
          800.0
        ],
        [
          0.0,
          1142.5184326171875,
          450.0
        ],
        [
          0.0,
          0.0,
          1.0
        ]
      ],
      "data_path": "D:\\Agent-AI\\outputs\\samples\\sample_000006\\images\\CAM_BACK_RIGHT.png",
      "raw_layout": "bgra8"
    },
    "LIDAR_TOP": {
      "type_id": "sensor.lidar.ray_cast",
      "blueprint_attributes": {
        "atmosphere_attenuation_rate": "0.004",
        "role_name": "front",
        "noise_seed": "0",
        "upper_fov": "10.0",
        "ros_name": "sensor.lidar.ray_cast",
        "sensor_tick": "0.050000",
        "channels": "32",
        "range": "120.0",
        "points_per_second": "360000",
        "lower_fov": "-30.0",
        "rotation_frequency": "20.000000",
        "horizontal_fov": "360.0",
        "dropoff_general_rate": "0.0",
        "dropoff_intensity_limit": "1.0",
        "noise_stddev": "0.0",
        "dropoff_zero_intensity": "0.0"
      },
      "transform_carla": {
        "location": {
          "x": -61.02153778076172,
          "y": 23.956266403198242,
          "z": 2.194171190261841
        },
        "rotation": {
          "roll": 0.30280348658561707,
          "pitch": 0.4016014337539673,
          "yaw": -9.000255584716797
        }
      },
      "matrix_world_from_sensor_carla": [
        [
          0.9876633882522583,
          0.1564732789993286,
          -0.006096051074564457,
          -61.02153778076172
        ],
        [
          -0.156435027718544,
          0.9876680970191956,
          0.006316321436315775,
          23.956266403198242
        ],
        [
          0.00700921006500721,
          -0.005284763406962156,
          0.9999614953994751,
          2.194171190261841
        ],
        [
          0.0,
          0.0,
          0.0,
          1.0
        ]
      ],
      "matrix_world_from_sensor_bevfusion": [
        [
          0.9876633882522583,
          -0.1564732789993286,
          -0.006096051074564457,
          -61.02153778076172
        ],
        [
          0.156435027718544,
          0.9876680970191956,
          -0.006316321436315775,
          -23.956266403198242
        ],
        [
          0.00700921006500721,
          0.005284763406962156,
          0.9999614953994751,
          2.194171190261841
        ],
        [
          0.0,
          0.0,
          0.0,
          1.0
        ]
      ],
      "matrix_ego_from_sensor_carla": [
        [
          1.0,
          -5.1770778775050985e-09,
          -2.689481970463703e-10,
          0.0
        ],
        [
          -1.0750835777173506e-08,
          1.0,
          4.593646574235777e-10,
          1.9073486328125e-06
        ],
        [
          2.4459290148826085e-10,
          3.0871774581164857e-10,
          1.0,
          2.200000047683716
        ],
        [
          0.0,
          0.0,
          0.0,
          1.0
        ]
      ],
      "matrix_ego_from_sensor_bevfusion": [
        [
          1.0,
          5.1770778775050985e-09,
          -2.689481970463703e-10,
          0.0
        ],
        [
          1.0750835777173506e-08,
          1.0,
          -4.593646574235777e-10,
          -1.9073486328125e-06
        ],
        [
          2.4459290148826085e-10,
          -3.0871774581164857e-10,
          1.0,
          2.200000047683716
        ],
        [
          0.0,
          0.0,
          0.0,
          1.0
        ]
      ],
      "data_path": "D:\\Agent-AI\\outputs\\samples\\sample_000006\\lidar\\LIDAR_TOP.npy",
      "raw_layout": [
        "x",
        "y",
        "z",
        "intensity"
      ]
    },
    "RADAR_FRONT": {
      "type_id": "sensor.other.radar",
      "blueprint_attributes": {
        "sensor_tick": "0.050000",
        "role_name": "default",
        "noise_seed": "0",
        "ros_name": "sensor.other.radar",
        "horizontal_fov": "35.0",
        "points_per_second": "1500",
        "vertical_fov": "20.0",
        "range": "120.0"
      },
      "transform_carla": {
        "location": {
          "x": -59.03828430175781,
          "y": 23.63518524169922,
          "z": 0.9082395434379578
        },
        "rotation": {
          "roll": 0.30280348658561707,
          "pitch": 0.4016014337539673,
          "yaw": -9.000255584716797
        }
      },
      "matrix_world_from_sensor_carla": [
        [
          0.9876633882522583,
          0.1564732789993286,
          -0.006096051074564457,
          -59.03828430175781
        ],
        [
          -0.156435027718544,
          0.9876680970191956,
          0.006316321436315775,
          23.63518524169922
        ],
        [
          0.00700921006500721,
          -0.005284763406962156,
          0.9999614953994751,
          0.9082395434379578
        ],
        [
          0.0,
          0.0,
          0.0,
          1.0
        ]
      ],
      "matrix_world_from_sensor_bevfusion": [
        [
          0.9876633882522583,
          -0.1564732789993286,
          -0.006096051074564457,
          -59.03828430175781
        ],
        [
          0.156435027718544,
          0.9876680970191956,
          -0.006316321436315775,
          -23.63518524169922
        ],
        [
          0.00700921006500721,
          0.005284763406962156,
          0.9999614953994751,
          0.9082395434379578
        ],
        [
          0.0,
          0.0,
          0.0,
          1.0
        ]
      ],
      "matrix_ego_from_sensor_carla": [
        [
          1.0,
          -5.1770778775050985e-09,
          -2.689481970463703e-10,
          1.9999961853027344
        ],
        [
          -1.0750835777173506e-08,
          1.0,
          4.593646574235777e-10,
          9.5367431640625e-07
        ],
        [
          2.4459290148826085e-10,
          3.0871774581164857e-10,
          1.0,
          0.8999997973442078
        ],
        [
          0.0,
          0.0,
          0.0,
          1.0
        ]
      ],
      "matrix_ego_from_sensor_bevfusion": [
        [
          1.0,
          5.1770778775050985e-09,
          -2.689481970463703e-10,
          1.9999961853027344
        ],
        [
          1.0750835777173506e-08,
          1.0,
          -4.593646574235777e-10,
          -9.5367431640625e-07
        ],
        [
          2.4459290148826085e-10,
          -3.0871774581164857e-10,
          1.0,
          0.8999997973442078
        ],
        [
          0.0,
          0.0,
          0.0,
          1.0
        ]
      ],
      "data_path": "D:\\Agent-AI\\outputs\\samples\\sample_000006\\radar\\RADAR_FRONT.npy",
      "raw_layout": [
        "velocity",
        "altitude",
        "azimuth",
        "depth"
      ]
    },
    "RADAR_FRONT_LEFT": {
      "type_id": "sensor.other.radar",
      "blueprint_attributes": {
        "sensor_tick": "0.050000",
        "role_name": "default",
        "noise_seed": "0",
        "ros_name": "sensor.other.radar",
        "horizontal_fov": "35.0",
        "points_per_second": "1500",
        "vertical_fov": "20.0",
        "range": "120.0"
      },
      "transform_carla": {
        "location": {
          "x": -59.50132369995117,
          "y": 22.949186325073242,
          "z": 0.9097500443458557
        },
        "rotation": {
          "roll": -0.06986723840236664,
          "pitch": 0.49808469414711,
          "yaw": -54.00160217285156
        }
      },
      "matrix_world_from_sensor_carla": [
        [
          0.5877403616905212,
          0.8090265989303589,
          -0.006096025928854942,
          -59.50132369995117
        ],
        [
          -0.8090028762817383,
          0.5877707600593567,
          0.006316285114735365,
          22.949186325073242
        ],
        [
          0.008693108335137367,
          0.0012193669099360704,
          0.9999614953994751,
          0.9097500443458557
        ],
        [
          0.0,
          0.0,
          0.0,
          1.0
        ]
      ],
      "matrix_world_from_sensor_bevfusion": [
        [
          0.5877403616905212,
          -0.8090265989303589,
          -0.006096025928854942,
          -59.50132369995117
        ],
        [
          0.8090028762817383,
          0.5877707600593567,
          -0.006316285114735365,
          -22.949186325073242
        ],
        [
          0.008693108335137367,
          -0.0012193669099360704,
          0.9999614953994751,
          0.9097500443458557
        ],
        [
          0.0,
          0.0,
          0.0,
          1.0
        ]
      ],
      "matrix_ego_from_sensor_carla": [
        [
          0.7071069478988647,
          0.7071065902709961,
          3.0464697431398235e-08,
          1.649993896484375
        ],
        [
          -0.7071065902709961,
          0.7071070075035095,
          -3.1671262945565104e-08,
          -0.7499990463256836
        ],
        [
          -4.373884721076138e-08,
          1.521273551574609e-09,
          1.0,
          0.9000000357627869
        ],
        [
          0.0,
          0.0,
          0.0,
          1.0
        ]
      ],
      "matrix_ego_from_sensor_bevfusion": [
        [
          0.7071069478988647,
          -0.7071065902709961,
          3.0464697431398235e-08,
          1.649993896484375
        ],
        [
          0.7071065902709961,
          0.7071070075035095,
          3.1671262945565104e-08,
          0.7499990463256836
        ],
        [
          -4.373884721076138e-08,
          -1.521273551574609e-09,
          1.0,
          0.9000000357627869
        ],
        [
          0.0,
          0.0,
          0.0,
          1.0
        ]
      ],
      "data_path": "D:\\Agent-AI\\outputs\\samples\\sample_000006\\radar\\RADAR_FRONT_LEFT.npy",
      "raw_layout": [
        "velocity",
        "altitude",
        "azimuth",
        "depth"
      ]
    },
    "RADAR_FRONT_RIGHT": {
      "type_id": "sensor.other.radar",
      "blueprint_attributes": {
        "sensor_tick": "0.050000",
        "role_name": "default",
        "noise_seed": "0",
