{
  "schema_version": "stage1.v1",
  "sample_name": "sample_000013",
  "sequence_index": 13,
  "previous_sample_name": "sample_000012",
  "frame_id": 3933,
  "timestamp": 40.4310865662992,
  "platform_timestamp": 16816486.8168047,
  "delta_seconds": 0.10000000149011612,
  "town": "Carla/Maps/Town10HD_Opt",
  "weather": {
    "cloudiness": 20.0,
    "dust_storm": 0.0,
    "fog_density": 2.0,
    "fog_distance": 0.75,
    "fog_falloff": 0.10000000149011612,
    "mie_scattering_scale": 0.029999999329447746,
    "precipitation": 0.0,
    "precipitation_deposits": 0.0,
    "rayleigh_scattering_scale": 0.03310000151395798,
    "scattering_intensity": 1.0,
    "sun_altitude_angle": 45.0,
    "sun_azimuth_angle": 300.0,
    "wetness": 0.0,
    "wind_intensity": 10.0
  },
  "sensor_names": [
    "CAM_FRONT",
    "CAM_FRONT_RIGHT",
    "CAM_FRONT_LEFT",
    "CAM_BACK",
    "CAM_BACK_LEFT",
    "CAM_BACK_RIGHT",
    "LIDAR_TOP",
    "RADAR_FRONT",
    "RADAR_FRONT_LEFT",
    "RADAR_FRONT_RIGHT",
    "RADAR_BACK_LEFT",
    "RADAR_BACK_RIGHT"
  ],
  "camera_order_for_model": [
    "CAM_FRONT",
    "CAM_FRONT_RIGHT",
    "CAM_FRONT_LEFT",
    "CAM_BACK",
    "CAM_BACK_LEFT",
    "CAM_BACK_RIGHT"
  ],
  "radar_order_for_model": [
    "RADAR_FRONT",
    "RADAR_FRONT_LEFT",
    "RADAR_FRONT_RIGHT",
    "RADAR_BACK_LEFT",
    "RADAR_BACK_RIGHT"
  ],
  "coordinate_notes": {
    "carla_world": "left-handed x-forward y-right z-up",
    "bevfusion_lidar": "x-forward y-left z-up",
    "camera_frame_for_model": "OpenCV style x-right y-down z-forward"
  },
  "ego": {
    "actor_id": 24,
    "transform_carla": {
      "location": {
        "x": 109.5281982421875,
        "y": -27.31165885925293,
        "z": -0.006074981763958931
      },
      "rotation": {
        "roll": 0.3727884590625763,
        "pitch": 0.46790891885757446,
        "yaw": -95.51145935058594
      }
    },
    "velocity_carla": [
      -0.9266950488090515,
      -8.094374656677246,
      1.9779205103986897e-05
    ],
    "angular_velocity_carla": [
      1.2567585706710815,
      -0.20214106142520905,
      -9.638628959655762
    ],
    "matrix_world_from_ego_carla": [
      [
        -0.09604163467884064,
        0.9953508377075195,
        0.0072605907917022705,
        109.5281982421875
      ],
      [
        -0.9953438639640808,
        -0.09609569609165192,
        0.007503634784370661,
        -27.31165885925293
      ],
      [
        0.008166461251676083,
        -0.006506122648715973,
        0.9999455213546753,
        -0.006074981763958931
      ],
      [
        0.0,
        0.0,
        0.0,
        1.0
      ]
    ],
    "matrix_world_from_ego_bevfusion": [
      [
        -0.09604163467884064,
        -0.9953508377075195,
        0.0072605907917022705,
        109.5281982421875
      ],
      [
        0.9953438639640808,
        -0.09609569609165192,
        -0.007503634784370661,
        27.31165885925293
      ],
      [
        0.008166461251676083,
        0.006506122648715973,
        0.9999455213546753,
        -0.006074981763958931
      ],
      [
        0.0,
        0.0,
        0.0,
        1.0
      ]
    ]
  },
  "sensors": {
    "CAM_FRONT": {
      "type_id": "sensor.camera.rgb",
      "blueprint_attributes": {
        "role_name": "front",
        "ros_name": "sensor.camera.rgb",
        "chromatic_aberration_offset": "0.0",
        "sensor_tick": "0.100000",
        "fstop": "1.4",
        "image_size_x": "960",
        "image_size_y": "540",
        "fov": "70.00",
        "lens_circle_falloff": "5.0",
        "lens_circle_multiplier": "0.0",
        "exposure_compensation": "0.0",
        "lens_y_size": "0.08",
        "lens_k": "-1.0",
        "exposure_mode": "histogram",
        "lens_kcube": "0.0",
        "lens_x_size": "0.08",
        "exposure_max_bright": "12.0",
        "shutter_speed": "200.0",
        "bloom_intensity": "0.675",
        "iso": "100.0",
        "enable_postprocess_effects": "false",
        "gamma": "2.2",
        "motion_blur_intensity": "0.0",
        "motion_blur_max_distortion": "0.35",
        "lens_flare_intensity": "0.1",
        "motion_blur_min_object_screen_size": "0.1",
        "exposure_min_bright": "10.0",
        "exposure_speed_up": "3.0",
        "exposure_speed_down": "1.0",
        "tint": "0.0",
        "calibration_constant": "16.0",
        "focal_distance": "1000.0",
        "min_fstop": "1.2",
        "blade_count": "5",
        "blur_amount": "0.0",
        "blur_radius": "0.0",
        "slope": "0.88",
        "toe": "0.55",
        "white_clip": "0.04",
        "shoulder": "0.26",
        "black_clip": "0.0",
        "temp": "6500.0",
        "chromatic_aberration_intensity": "0.0"
      },
      "transform_carla": {
        "location": {
          "x": 109.39167785644531,
          "y": -28.841686248779297,
          "z": 1.7064902782440186
        },
        "rotation": {
          "roll": 0.3727884590625763,
          "pitch": 0.46790891885757446,
          "yaw": -95.51145935058594
        }
      },
      "matrix_world_from_sensor_carla": [
        [
          -0.09604163467884064,
          0.9953508377075195,
          0.0072605907917022705,
          109.39167785644531
        ],
        [
          -0.9953438639640808,
          -0.09609569609165192,
          0.007503634784370661,
          -28.841686248779297
        ],
        [
          0.008166461251676083,
          -0.006506122648715973,
          0.9999455213546753,
          1.7064902782440186
        ],
        [
          0.0,
          0.0,
          0.0,
          1.0
        ]
      ],
      "matrix_world_from_sensor_bevfusion": [
        [
          0.9953508377075195,
          -0.0072605907917022705,
          -0.09604163467884064,
          109.39167785644531
        ],
        [
          0.09609569609165192,
          0.007503634784370661,
          0.9953438639640808,
          28.841686248779297
        ],
        [
          -0.006506122648715973,
          -0.9999455213546753,
          0.008166461251676083,
          1.7064902782440186
        ],
        [
          0.0,
          0.0,
          0.0,
          1.0
        ]
      ],
      "matrix_ego_from_sensor_carla": [
        [
          1.0,
          -3.3719569358936496e-09,
          2.7449531536660743e-10,
          1.5499992370605469
        ],
        [
          6.601403312878062e-10,
          1.0,
          7.650857725138849e-11,
          0.0
        ],
        [
          -2.1231444380376274e-10,
          -4.670188680222509e-10,
          1.0,
          1.6999998092651367
        ],
        [
          0.0,
          0.0,
          0.0,
          1.0
        ]
      ],
      "matrix_ego_from_sensor_bevfusion": [
        [
          -3.3719569358936496e-09,
          -2.7449531536660743e-10,
          1.0,
          1.5499992370605469
        ],
        [
          -1.0,
          7.650857725138849e-11,
          -6.601403312878062e-10,
          0.0
        ],
        [
          -4.670188680222509e-10,
          -1.0,
          -2.1231444380376274e-10,
          1.6999998092651367
        ],
        [
          0.0,
          0.0,
          0.0,
          1.0
        ]
      ],
      "camera_intrinsics": [
        [
          685.5110473632812,
          0.0,
          480.0
        ],
        [
          0.0,
          685.5110473632812,
          270.0
        ],
        [
          0.0,
          0.0,
          1.0
        ]
      ],
      "data_path": "D:\\Agent-AI\\outputs\\s3a_left_v3\\sample_000013\\images\\CAM_FRONT.png",
      "raw_layout": "bgra8"
    },
    "CAM_FRONT_RIGHT": {
      "type_id": "sensor.camera.rgb",
      "blueprint_attributes": {
        "role_name": "front",
        "ros_name": "sensor.camera.rgb",
        "chromatic_aberration_offset": "0.0",
        "sensor_tick": "0.100000",
        "fstop": "1.4",
        "image_size_x": "960",
        "image_size_y": "540",
        "fov": "70.00",
        "lens_circle_falloff": "5.0",
        "lens_circle_multiplier": "0.0",
        "exposure_compensation": "0.0",
        "lens_y_size": "0.08",
        "lens_k": "-1.0",
        "exposure_mode": "histogram",
        "lens_kcube": "0.0",
        "lens_x_size": "0.08",
        "exposure_max_bright": "12.0",
        "shutter_speed": "200.0",
        "bloom_intensity": "0.675",
        "iso": "100.0",
        "enable_postprocess_effects": "false",
        "gamma": "2.2",
        "motion_blur_intensity": "0.0",
        "motion_blur_max_distortion": "0.35",
        "lens_flare_intensity": "0.1",
        "motion_blur_min_object_screen_size": "0.1",
        "exposure_min_bright": "10.0",
        "exposure_speed_up": "3.0",
        "exposure_speed_down": "1.0",
        "tint": "0.0",
        "calibration_constant": "16.0",
        "focal_distance": "1000.0",
        "min_fstop": "1.2",
        "blade_count": "5",
        "blur_amount": "0.0",
        "blur_radius": "0.0",
        "slope": "0.88",
        "toe": "0.55",
        "white_clip": "0.04",
        "shoulder": "0.26",
        "black_clip": "0.0",
        "temp": "6500.0",
        "chromatic_aberration_intensity": "0.0"
      },
      "transform_carla": {
        "location": {
          "x": 109.963134765625,
          "y": -28.645702362060547,
          "z": 1.7008702754974365
        },
        "rotation": {
          "roll": 0.5971091985702515,
          "pitch": -0.03698547184467316,
          "yaw": -40.51317596435547
        }
      },
      "matrix_world_from_sensor_carla": [
        [
          0.7602564692497253,
          0.6495824456214905,
          0.007260668557137251,
          109.963134765625
        ],
        [
          -0.6496227383613586,
          0.7602196335792542,
          0.007503565400838852,
          -28.645702362060547
        ],
        [
          -0.0006455181865021586,
          -0.010421330109238625,
          0.9999455213546753,
          1.7008702754974365
        ],
        [
          0.0,
          0.0,
          0.0,
          1.0
        ]
      ],
      "matrix_world_from_sensor_bevfusion": [
        [
          0.6495824456214905,
          -0.007260668557137251,
          0.7602564692497253,
          109.963134765625
        ],
        [
          -0.7602196335792542,
          0.007503565400838852,
          0.6496227383613586,
          28.645702362060547
        ],
        [
          -0.010421330109238625,
          -0.9999455213546753,
          -0.0006455181865021586,
          1.7008702754974365
        ],
        [
          0.0,
          0.0,
          0.0,
          1.0
        ]
      ],
      "matrix_ego_from_sensor_carla": [
        [
          0.5735763907432556,
          -0.8191519379615784,
          6.174178679430042e-08,
          1.2999992370605469
        ],
        [
          0.8191520571708679,
          0.5735764503479004,
          8.389554295717971e-08,
          0.5500106811523438
        ],
        [
          -1.0402729344605177e-07,
          1.1856585713232448e-09,
          1.0,
          1.6999998092651367
        ],
        [
          0.0,
          0.0,
          0.0,
          1.0
        ]
      ],
      "matrix_ego_from_sensor_bevfusion": [
        [
          -0.8191519379615784,
          -6.174178679430042e-08,
          0.5735763907432556,
          1.2999992370605469
        ],
        [
          -0.5735764503479004,
          8.389554295717971e-08,
          -0.8191520571708679,
          -0.5500106811523438
        ],
        [
          1.1856585713232448e-09,
          -1.0,
          -1.0402729344605177e-07,
          1.6999998092651367
        ],
        [
          0.0,
          0.0,
          0.0,
          1.0
        ]
      ],
      "camera_intrinsics": [
        [
          685.5110473632812,
          0.0,
          480.0
        ],
        [
          0.0,
          685.5110473632812,
          270.0
        ],
        [
          0.0,
          0.0,
          1.0
        ]
      ],
      "data_path": "D:\\Agent-AI\\outputs\\s3a_left_v3\\sample_000013\\images\\CAM_FRONT_RIGHT.png",
      "raw_layout": "bgra8"
    },
    "CAM_FRONT_LEFT": {
      "type_id": "sensor.camera.rgb",
      "blueprint_attributes": {
        "role_name": "front",
        "ros_name": "sensor.camera.rgb",
        "chromatic_aberration_offset": "0.0",
        "sensor_tick": "0.100000",
        "fstop": "1.4",
        "image_size_x": "960",
        "image_size_y": "540",
        "fov": "70.00",
        "lens_circle_falloff": "5.0",
        "lens_circle_multiplier": "0.0",
        "exposure_compensation": "0.0",
        "lens_y_size": "0.08",
        "lens_k": "-1.0",
        "exposure_mode": "histogram",
        "lens_kcube": "0.0",
        "lens_x_size": "0.08",
        "exposure_max_bright": "12.0",
        "shutter_speed": "200.0",
        "bloom_intensity": "0.675",
        "iso": "100.0",
        "enable_postprocess_effects": "false",
        "gamma": "2.2",
        "motion_blur_intensity": "0.0",
        "motion_blur_max_distortion": "0.35",
        "lens_flare_intensity": "0.1",
        "motion_blur_min_object_screen_size": "0.1",
        "exposure_min_bright": "10.0",
        "exposure_speed_up": "3.0",
        "exposure_speed_down": "1.0",
        "tint": "0.0",
        "calibration_constant": "16.0",
        "focal_distance": "1000.0",
        "min_fstop": "1.2",
        "blade_count": "5",
        "blur_amount": "0.0",
        "blur_radius": "0.0",
        "slope": "0.88",
        "toe": "0.55",
        "white_clip": "0.04",
        "shoulder": "0.26",
        "black_clip": "0.0",
        "temp": "6500.0",
        "chromatic_aberration_intensity": "0.0"
      },
      "transform_carla": {
        "location": {
          "x": 108.86824798583984,
          "y": -28.539997100830078,
          "z": 1.7080271244049072
        },
        "rotation": {
          "roll": -0.16947893798351288,
          "pitch": 0.573742687702179,
          "yaw": -150.51382446289062
        }
      },
      "matrix_world_from_sensor_carla": [
        [
          -0.8704308271408081,
          0.49223726987838745,
          0.007260535843670368,
          108.86824798583984
        ],
        [
          -0.492188960313797,
          -0.8704560399055481,
          0.007503604516386986,
          -28.539997100830078
        ],
        [
          0.01001353096216917,
          0.0029578127432614565,
          0.9999455213546753,
          1.7080271244049072
        ],
        [
          0.0,
          0.0,
          0.0,
          1.0
        ]
      ],
      "matrix_world_from_sensor_bevfusion": [
        [
          0.49223726987838745,
          -0.007260535843670368,
          -0.8704308271408081,
          108.86824798583984
        ],
        [
          0.8704560399055481,
          0.007503604516386986,
          0.492188960313797,
          28.539997100830078
        ],
        [
          0.0029578127432614565,
          -0.9999455213546753,
          0.01001353096216917,
          1.7080271244049072
        ],
        [
          0.0,
          0.0,
          0.0,
          1.0
        ]
      ],
      "matrix_ego_from_sensor_carla": [
        [
          0.5735765695571899,
          0.8191518187522888,
          3.5664754705067025e-08,
          1.2999992370605469
        ],
        [
          -0.8191519379615784,
          0.5735766291618347,
          -5.161189520208609e-08,
          -0.5500030517578125
        ],
        [
          -6.276403752281112e-08,
          2.7053592699388673e-10,
          1.0,
          1.7000000476837158
        ],
        [
          0.0,
          0.0,
          0.0,
          1.0
        ]
      ],
      "matrix_ego_from_sensor_bevfusion": [
        [
          0.8191518187522888,
          -3.5664754705067025e-08,
          0.5735765695571899,
          1.2999992370605469
        ],
        [
          -0.5735766291618347,
          -5.161189520208609e-08,
          0.8191519379615784,
          0.5500030517578125
        ],
        [
          2.7053592699388673e-10,
          -1.0,
          -6.276403752281112e-08,
          1.7000000476837158
        ],
        [
          0.0,
          0.0,
          0.0,
          1.0
        ]
      ],
      "camera_intrinsics": [
        [
          685.5110473632812,
          0.0,
          480.0
        ],
        [
          0.0,
          685.5110473632812,
          270.0
        ],
        [
          0.0,
          0.0,
          1.0
        ]
      ],
      "data_path": "D:\\Agent-AI\\outputs\\s3a_left_v3\\sample_000013\\images\\CAM_FRONT_LEFT.png",
      "raw_layout": "bgra8"
    },
    "CAM_BACK": {
      "type_id": "sensor.camera.rgb",
      "blueprint_attributes": {
        "role_name": "front",
        "ros_name": "sensor.camera.rgb",
        "chromatic_aberration_offset": "0.0",
        "sensor_tick": "0.100000",
        "fstop": "1.4",
        "image_size_x": "960",
        "image_size_y": "540",
        "fov": "70.00",
        "lens_circle_falloff": "5.0",
        "lens_circle_multiplier": "0.0",
        "exposure_compensation": "0.0",
        "lens_y_size": "0.08",
        "lens_k": "-1.0",
        "exposure_mode": "histogram",
        "lens_kcube": "0.0",
        "lens_x_size": "0.08",
        "exposure_max_bright": "12.0",
        "shutter_speed": "200.0",
        "bloom_intensity": "0.675",
        "iso": "100.0",
        "enable_postprocess_effects": "false",
        "gamma": "2.2",
        "motion_blur_intensity": "0.0",
        "motion_blur_max_distortion": "0.35",
        "lens_flare_intensity": "0.1",
        "motion_blur_min_object_screen_size": "0.1",
        "exposure_min_bright": "10.0",
        "exposure_speed_up": "3.0",
        "exposure_speed_down": "1.0",
        "tint": "0.0",
        "calibration_constant": "16.0",
        "focal_distance": "1000.0",
        "min_fstop": "1.2",
        "blade_count": "5",
        "blur_amount": "0.0",
        "blur_radius": "0.0",
        "slope": "0.88",
        "toe": "0.55",
        "white_clip": "0.04",
        "shoulder": "0.26",
        "black_clip": "0.0",
        "temp": "6500.0",
        "chromatic_aberration_intensity": "0.0"
      },
      "transform_carla": {
        "location": {
          "x": 109.68941497802734,
          "y": -25.756120681762695,
          "z": 1.6811742782592773
        },
        "rotation": {
          "roll": -0.37278851866722107,
          "pitch": -0.46790891885757446,
          "yaw": 84.48853302001953
        }
      },
      "matrix_world_from_sensor_carla": [
        [
          0.09604178369045258,
          -0.9953508377075195,
          0.007260593120008707,
          109.68941497802734
        ],
        [
          0.9953438639640808,
          0.09609584510326385,
          0.007503633387386799,
          -25.756120681762695
        ],
        [
          -0.008166461251676083,
          0.006506124045699835,
          0.9999455213546753,
          1.6811742782592773
        ],
        [
          0.0,
          0.0,
          0.0,
          1.0
        ]
      ],
      "matrix_world_from_sensor_bevfusion": [
        [
          -0.9953508377075195,
          -0.007260593120008707,
          0.09604178369045258,
          109.68941497802734
        ],
        [
          -0.09609584510326385,
          0.007503633387386799,
          -0.9953438639640808,
          25.756120681762695
        ],
        [
          0.006506124045699835,
          -0.9999455213546753,
          -0.008166461251676083,
          1.6811742782592773
        ],
        [
          0.0,
          0.0,
          0.0,
          1.0
        ]
      ],
      "matrix_ego_from_sensor_carla": [
        [
          -1.0,
          -1.449333950631626e-07,
          1.205817889982086e-09,
          -1.5500011444091797
        ],
        [
          1.4835147510439128e-07,
          -1.0,
          2.4048150137900848e-09,
          7.62939453125e-06
        ],
        [
          1.14363696290809e-09,
          2.795249143261458e-09,
          1.0,
          1.6999998092651367
        ],
        [
          0.0,
          0.0,
          0.0,
          1.0
        ]
      ],
      "matrix_ego_from_sensor_bevfusion": [
        [
          -1.449333950631626e-07,
          -1.205817889982086e-09,
          -1.0,
          -1.5500011444091797
        ],
        [
          1.0,
          2.4048150137900848e-09,
          -1.4835147510439128e-07,
          -7.62939453125e-06
        ],
        [
          2.795249143261458e-09,
          -1.0,
          1.14363696290809e-09,
          1.6999998092651367
        ],
        [
          0.0,
          0.0,
          0.0,
          1.0
        ]
      ],
      "camera_intrinsics": [
        [
          685.5110473632812,
          0.0,
          480.0
        ],
        [
          0.0,
          685.5110473632812,
          270.0
        ],
        [
          0.0,
          0.0,
          1.0
        ]
      ],
      "data_path": "D:\\Agent-AI\\outputs\\s3a_left_v3\\sample_000013\\images\\CAM_BACK.png",
      "raw_layout": "bgra8"
    },
    "CAM_BACK_LEFT": {
      "type_id": "sensor.camera.rgb",
      "blueprint_attributes": {
        "role_name": "front",
        "ros_name": "sensor.camera.rgb",
        "chromatic_aberration_offset": "0.0",
        "sensor_tick": "0.100000",
        "fstop": "1.4",
        "image_size_x": "960",
        "image_size_y": "540",
        "fov": "70.00",
        "lens_circle_falloff": "5.0",
        "lens_circle_multiplier": "0.0",
        "exposure_compensation": "0.0",
        "lens_y_size": "0.08",
        "lens_k": "-1.0",
        "exposure_mode": "histogram",
        "lens_kcube": "0.0",
        "lens_x_size": "0.08",
        "exposure_max_bright": "12.0",
        "shutter_speed": "200.0",
        "bloom_intensity": "0.675",
        "iso": "100.0",
        "enable_postprocess_effects": "false",
        "gamma": "2.2",
        "motion_blur_intensity": "0.0",
        "motion_blur_max_distortion": "0.35",
        "lens_flare_intensity": "0.1",
        "motion_blur_min_object_screen_size": "0.1",
        "exposure_min_bright": "10.0",
        "exposure_speed_up": "3.0",
        "exposure_speed_down": "1.0",
        "tint": "0.0",
        "calibration_constant": "16.0",
        "focal_distance": "1000.0",
        "min_fstop": "1.2",
        "blade_count": "5",
        "blur_amount": "0.0",
        "blur_radius": "0.0",
        "slope": "0.88",
        "toe": "0.55",
        "white_clip": "0.04",
        "shoulder": "0.26",
        "black_clip": "0.0",
        "temp": "6500.0",
        "chromatic_aberration_intensity": "0.0"
      },
      "transform_carla": {
        "location": {
          "x": 109.11795806884766,
          "y": -25.952104568481445,
          "z": 1.6867942810058594
        },
        "rotation": {
          "roll": -0.5971091985702515,
          "pitch": 0.03698547184467316,
          "yaw": 139.48680114746094
        }
      },
      "matrix_world_from_sensor_carla": [
        [
          -0.760256290435791,
          -0.6495827436447144,
          0.0072606708854436874,
          109.11795806884766
        ],
        [
          0.6496230363845825,
          -0.7602194547653198,
          0.007503563072532415,
          -25.952104568481445
        ],
        [
          0.0006455181865021586,
          0.010421330109238625,
          0.9999455213546753,
          1.6867942810058594
        ],
        [
          0.0,
          0.0,
          0.0,
          1.0
        ]
      ],
      "matrix_world_from_sensor_bevfusion": [
        [
          -0.6495827436447144,
          -0.0072606708854436874,
          -0.760256290435791,
          109.11795806884766
        ],
        [
          0.7602194547653198,
          0.007503563072532415,
          -0.6496230363845825,
          25.952104568481445
        ],
        [
          0.010421330109238625,
          -0.9999455213546753,
          0.0006455181865021586,
          1.6867942810058594
        ],
        [
          0.0,
          0.0,
          0.0,
          1.0
        ]
      ],
      "matrix_ego_from_sensor_carla": [
        [
          -0.5735767483711243,
          0.819151759147644,
          6.453575451814686e-08,
          -1.3000001907348633
        ],
        [
          -0.8191518783569336,
          -0.5735767483711243,
          8.622384939371841e-08,
          -0.54998779296875
        ],
        [
          1.0769437608360022e-07,
          -1.1856585713232448e-09,
          1.0,
          1.6999998092651367
        ],
        [
          0.0,
          0.0,
          0.0,
          1.0
        ]
      ],
      "matrix_ego_from_sensor_bevfusion": [
        [
          0.819151759147644,
          -6.453575451814686e-08,
          -0.5735767483711243,
          -1.3000001907348633
        ],
        [
          0.5735767483711243,
          8.622384939371841e-08,
          0.8191518783569336,
          0.54998779296875
        ],
        [
          -1.1856585713232448e-09,
          -1.0,
          1.0769437608360022e-07,
          1.6999998092651367
        ],
        [
          0.0,
          0.0,
          0.0,
          1.0
        ]
      ],
      "camera_intrinsics": [
        [
          685.5110473632812,
          0.0,
          480.0
        ],
        [
          0.0,
          685.5110473632812,
          270.0
        ],
        [
          0.0,
          0.0,
          1.0
        ]
      ],
      "data_path": "D:\\Agent-AI\\outputs\\s3a_left_v3\\sample_000013\\images\\CAM_BACK_LEFT.png",
      "raw_layout": "bgra8"
    },
    "CAM_BACK_RIGHT": {
      "type_id": "sensor.camera.rgb",
      "blueprint_attributes": {
        "role_name": "front",
        "ros_name": "sensor.camera.rgb",
        "chromatic_aberration_offset": "0.0",
        "sensor_tick": "0.100000",
        "fstop": "1.4",
        "image_size_x": "960",
        "image_size_y": "540",
        "fov": "70.00",
        "lens_circle_falloff": "5.0",
        "lens_circle_multiplier": "0.0",
        "exposure_compensation": "0.0",
        "lens_y_size": "0.08",
        "lens_k": "-1.0",
        "exposure_mode": "histogram",
        "lens_kcube": "0.0",
        "lens_x_size": "0.08",
        "exposure_max_bright": "12.0",
        "shutter_speed": "200.0",
        "bloom_intensity": "0.675",
        "iso": "100.0",
        "enable_postprocess_effects": "false",
        "gamma": "2.2",
        "motion_blur_intensity": "0.0",
        "motion_blur_max_distortion": "0.35",
        "lens_flare_intensity": "0.1",
        "motion_blur_min_object_screen_size": "0.1",
        "exposure_min_bright": "10.0",
        "exposure_speed_up": "3.0",
        "exposure_speed_down": "1.0",
        "tint": "0.0",
        "calibration_constant": "16.0",
        "focal_distance": "1000.0",
        "min_fstop": "1.2",
        "blade_count": "5",
        "blur_amount": "0.0",
        "blur_radius": "0.0",
        "slope": "0.88",
        "toe": "0.55",
        "white_clip": "0.04",
        "shoulder": "0.26",
        "black_clip": "0.0",
        "temp": "6500.0",
        "chromatic_aberration_intensity": "0.0"
      },
      "transform_carla": {
        "location": {
          "x": 110.21283721923828,
          "y": -26.057809829711914,
          "z": 1.6796375513076782
        },
        "rotation": {
          "roll": 0.16947901248931885,
          "pitch": -0.573742687702179,
          "yaw": 29.48615074157715
        }
      },
      "matrix_world_from_sensor_carla": [
        [
          0.8704310655593872,
          -0.49223682284355164,
          0.007260539568960667,
          110.21283721923828
        ],
        [
          0.4921885132789612,
          0.8704562783241272,
          0.007503601722419262,
          -26.057809829711914
        ],
        [
          -0.01001353096216917,
          -0.0029578139074146748,
          0.9999455213546753,
          1.6796375513076782
        ],
        [
          0.0,
          0.0,
          0.0,
          1.0
        ]
      ],
      "matrix_world_from_sensor_bevfusion": [
        [
          -0.49223682284355164,
          -0.007260539568960667,
          0.8704310655593872,
          110.21283721923828
        ],
        [
          -0.8704562783241272,
          0.007503601722419262,
          -0.4921885132789612,
          26.057809829711914
        ],
        [
          -0.0029578139074146748,
          -0.9999455213546753,
          -0.01001353096216917,
          1.6796375513076782
        ],
        [
          0.0,
          0.0,
          0.0,
          1.0
        ]
      ],
      "matrix_ego_from_sensor_carla": [
        [
          -0.5735761523246765,
          -0.8191521167755127,
          3.845872242891346e-08,
          -1.2999992370605469
        ],
        [
          0.8191522359848022,
          -0.5735761523246765,
          -4.7886604903624175e-08,
          0.5500030517578125
        ],
        [
          6.090139237358017e-08,
          3.4548177652027334e-09,
          1.0,
          1.6999998092651367
        ],
        [
          0.0,
          0.0,
          0.0,
          1.0
        ]
      ],
      "matrix_ego_from_sensor_bevfusion": [
        [
          -0.8191521167755127,
          -3.845872242891346e-08,
          -0.5735761523246765,
          -1.2999992370605469
        ],
        [
          0.5735761523246765,
          -4.7886604903624175e-08,
          -0.8191522359848022,
          -0.5500030517578125
        ],
        [
          3.4548177652027334e-09,
          -1.0,
          6.090139237358017e-08,
          1.6999998092651367
        ],
        [
          0.0,
          0.0,
          0.0,
          1.0
        ]
      ],
      "camera_intrinsics": [
        [
          685.5110473632812,
          0.0,
          480.0
        ],
        [
          0.0,
          685.5110473632812,
          270.0
        ],
        [
          0.0,
          0.0,
          1.0
        ]
      ],
      "data_path": "D:\\Agent-AI\\outputs\\s3a_left_v3\\sample_000013\\images\\CAM_BACK_RIGHT.png",
      "raw_layout": "bgra8"
    },
    "LIDAR_TOP": {
      "type_id": "sensor.lidar.ray_cast",
      "blueprint_attributes": {
        "atmosphere_attenuation_rate": "0.004",
        "role_name": "front",
        "noise_seed": "0",
        "upper_fov": "10.0",
        "ros_name": "sensor.lidar.ray_cast",
        "sensor_tick": "0.100000",
        "channels": "32",
        "range": "120.0",
        "points_per_second": "360000",
        "lower_fov": "-30.0",
        "rotation_frequency": "10.000000",
        "horizontal_fov": "360.0",
        "dropoff_general_rate": "0.0",
        "dropoff_intensity_limit": "1.0",
        "noise_stddev": "0.0",
        "dropoff_zero_intensity": "0.0"
      },
      "transform_carla": {
        "location": {
          "x": 109.54417419433594,
          "y": -27.295150756835938,
          "z": 2.193804979324341
        },
        "rotation": {
          "roll": 0.3727884590625763,
          "pitch": 0.46790891885757446,
          "yaw": -95.51145935058594
        }
      },
      "matrix_world_from_sensor_carla": [
        [
          -0.09604163467884064,
          0.9953508377075195,
          0.0072605907917022705,
          109.54417419433594
        ],
        [
          -0.9953438639640808,
          -0.09609569609165192,
          0.007503634784370661,
          -27.295150756835938
        ],
        [
          0.008166461251676083,
          -0.006506122648715973,
          0.9999455213546753,
          2.193804979324341
        ],
        [
          0.0,
          0.0,
          0.0,
          1.0
        ]
      ],
      "matrix_world_from_sensor_bevfusion": [
        [
          -0.09604163467884064,
          -0.9953508377075195,
          0.0072605907917022705,
          109.54417419433594
        ],
        [
          0.9953438639640808,
          -0.09609569609165192,
          -0.007503634784370661,
          27.295150756835938
        ],
        [
          0.008166461251676083,
          0.006506122648715973,
          0.9999455213546753,
          2.193804979324341
        ],
        [
          0.0,
          0.0,
          0.0,
          1.0
        ]
      ],
      "matrix_ego_from_sensor_carla": [
        [
          1.0,
          -3.3719569358936496e-09,
          2.7449531536660743e-10,
          0.0
        ],
        [
          6.601403312878062e-10,
          1.0,
          7.650857725138849e-11,
          7.62939453125e-06
        ],
        [
          -2.1231444380376274e-10,
          -4.670188680222509e-10,
          1.0,
          2.1999998092651367
        ],
        [
          0.0,
          0.0,
          0.0,
          1.0
        ]
      ],
      "matrix_ego_from_sensor_bevfusion": [
        [
          1.0,
          3.3719569358936496e-09,
          2.7449531536660743e-10,
          0.0
        ],
        [
          -6.601403312878062e-10,
          1.0,
          -7.650857725138849e-11,
          -7.62939453125e-06
        ],
        [
          -2.1231444380376274e-10,
          4.670188680222509e-10,
          1.0,
          2.1999998092651367
        ],
        [
          0.0,
          0.0,
          0.0,
          1.0
        ]
      ],
      "data_path": "D:\\Agent-AI\\outputs\\s3a_left_v3\\sample_000013\\lidar\\LIDAR_TOP.npy",
      "raw_layout": [
        "x",
        "y",
        "z",
        "intensity"
      ]
    },
    "RADAR_FRONT": {
      "type_id": "sensor.other.radar",
      "blueprint_attributes": {
        "sensor_tick": "0.100000",
        "role_name": "default",
        "noise_seed": "0",
        "ros_name": "sensor.other.radar",
        "horizontal_fov": "35.0",
        "points_per_second": "1500",
        "vertical_fov": "20.0",
        "range": "120.0"
      },
      "transform_carla": {
        "location": {
          "x": 109.3426513671875,
          "y": -29.29559326171875,
          "z": 0.9102088212966919
        },
        "rotation": {
          "roll": 0.3727884590625763,
          "pitch": 0.46790891885757446,
          "yaw": -95.51145935058594
        }
      },
      "matrix_world_from_sensor_carla": [
        [
          -0.09604163467884064,
          0.9953508377075195,
          0.0072605907917022705,
          109.3426513671875
        ],
        [
          -0.9953438639640808,
          -0.09609569609165192,
          0.007503634784370661,
          -29.29559326171875
        ],
        [
          0.008166461251676083,
          -0.006506122648715973,
          0.9999455213546753,
          0.9102088212966919
        ],
        [
          0.0,
          0.0,
          0.0,
          1.0
        ]
      ],
      "matrix_world_from_sensor_bevfusion": [
        [
          -0.09604163467884064,
          -0.9953508377075195,
          0.0072605907917022705,
          109.3426513671875
        ],
        [
          0.9953438639640808,
          -0.09609569609165192,
          -0.007503634784370661,
          29.29559326171875
        ],
        [
          0.008166461251676083,
          0.006506122648715973,
          0.9999455213546753,
          0.9102088212966919
        ],
        [
          0.0,
          0.0,
          0.0,
          1.0
        ]
      ],
      "matrix_ego_from_sensor_carla": [
        [
          1.0,
          -3.3719569358936496e-09,
          2.7449531536660743e-10,
          2.0
        ],
        [
          6.601403312878062e-10,
          1.0,
          7.650857725138849e-11,
          0.0
        ],
        [
          -2.1231444380376274e-10,
          -4.670188680222509e-10,
          1.0,
          0.8999999761581421
        ],
        [
          0.0,
          0.0,
          0.0,
          1.0
        ]
      ],
      "matrix_ego_from_sensor_bevfusion": [
        [
          1.0,
          3.3719569358936496e-09,
          2.7449531536660743e-10,
          2.0
        ],
        [
          -6.601403312878062e-10,
          1.0,
          -7.650857725138849e-11,
          0.0
        ],
        [
          -2.1231444380376274e-10,
          4.670188680222509e-10,
          1.0,
          0.8999999761581421
        ],
        [
          0.0,
          0.0,
          0.0,
          1.0
        ]
      ],
      "data_path": "D:\\Agent-AI\\outputs\\s3a_left_v3\\sample_000013\\radar\\RADAR_FRONT.npy",
      "raw_layout": [
        "velocity",
        "altitude",
        "azimuth",
        "depth"
      ]
    },
    "RADAR_FRONT_LEFT": {
      "type_id": "sensor.other.radar",
      "blueprint_attributes": {
        "sensor_tick": "0.100000",
        "role_name": "default",
        "noise_seed": "0",
        "ros_name": "sensor.other.radar",
        "horizontal_fov": "35.0",
        "points_per_second": "1500",
        "vertical_fov": "20.0",
        "range": "120.0"
      },
      "transform_carla": {
        "location": {
          "x": 108.62975311279297,
          "y": -28.875150680541992,
          "z": 0.9122301340103149
        },
        "rotation": {
          "roll": -0.0672709196805954,
          "pitch": 0.5944518446922302,
          "yaw": -140.5133514404297
        }
      },
      "matrix_world_from_sensor_carla": [
        [
          -0.7717313170433044,
          0.6359072923660278,
          0.007260496262460947,
          108.62975311279297
        ],
        [
          -0.6358641386032104,
          -0.7717645764350891,
          0.007503550499677658,
          -28.875150680541992
        ],
        [
          0.010374955832958221,
          0.0011740355985239148,
          0.9999454617500305,
          0.9122301340103149
        ],
        [
          0.0,
          0.0,
          0.0,
          1.0
        ]
      ],
      "matrix_world_from_sensor_bevfusion": [
        [
          -0.7717313170433044,
          -0.6359072923660278,
          0.007260496262460947,
          108.62975311279297
        ],
        [
          0.6358641386032104,
          -0.7717645764350891,
          -0.007503550499677658,
          28.875150680541992
        ],
        [
          0.010374955832958221,
          -0.0011740355985239148,
          0.9999454617500305,
          0.9122301340103149
        ],
        [
          0.0,
          0.0,
          0.0,
          1.0
        ]
      ],
      "matrix_ego_from_sensor_carla": [
        [
          0.7071064114570618,
          0.7071070671081543,
          9.291999703009424e-08,
          1.6499996185302734
        ],
        [
          -0.7071070671081543,
          0.7071064710617065,
          -8.568303400124933e-08,
          -0.7499923706054688
        ],
        [
          -1.2717900688130612e-07,
          -5.589355200896762e-09,
          0.9999999403953552,
          0.8999998569488525
        ],
        [
          0.0,
          0.0,
          0.0,
          1.0
        ]
      ],
      "matrix_ego_from_sensor_bevfusion": [
        [
          0.7071064114570618,
          -0.7071070671081543,
          9.291999703009424e-08,
          1.6499996185302734
        ],
        [
          0.7071070671081543,
          0.7071064710617065,
          8.568303400124933e-08,
          0.7499923706054688
        ],
        [
          -1.2717900688130612e-07,
          5.589355200896762e-09,
          0.9999999403953552,
          0.8999998569488525
        ],
        [
          0.0,
          0.0,
          0.0,
          1.0
        ]
      ],
      "data_path": "D:\\Agent-AI\\outputs\\s3a_left_v3\\sample_000013\\radar\\RADAR_FRONT_LEFT.npy",
      "raw_layout": [
        "velocity",
        "altitude",
        "azimuth",
        "depth"
      ]
    },
    "RADAR_FRONT_RIGHT": {
      "type_id": "sensor.other.radar",
      "blueprint_attributes": {
        "sensor_tick": "0.100000",
        "role_name": "default",
        "noise_seed": "0",
        "ros_name": "sensor.other.radar",
        "horizontal_fov": "35.0",
        "points_per_second": "1500",
        "vertical_fov": "20.0",
        "range": "120.0"
