{
  "schema_version": "stage1.v1",
  "sample_name": "sample_000033",
  "sequence_index": 33,
  "previous_sample_name": "sample_000032",
  "frame_id": 726306,
  "timestamp": 5000.4946247674525,
  "platform_timestamp": 16813380.978342,
  "delta_seconds": 0.10000000149011612,
  "town": "Carla/Maps/Town10HD_Opt",
  "weather": {
    "cloudiness": 20.0,
    "dust_storm": 0.0,
    "fog_density": 2.0,
    "fog_distance": 0.75,
    "fog_falloff": 0.10000000149011612,
    "mie_scattering_scale": 0.029999999329447746,
    "precipitation": 0.0,
    "precipitation_deposits": 0.0,
    "rayleigh_scattering_scale": 0.03310000151395798,
    "scattering_intensity": 1.0,
    "sun_altitude_angle": 45.0,
    "sun_azimuth_angle": 300.0,
    "wetness": 0.0,
    "wind_intensity": 10.0
  },
  "sensor_names": [
    "CAM_FRONT",
    "CAM_FRONT_RIGHT",
    "CAM_FRONT_LEFT",
    "CAM_BACK",
    "CAM_BACK_LEFT",
    "CAM_BACK_RIGHT",
    "LIDAR_TOP",
    "RADAR_FRONT",
    "RADAR_FRONT_LEFT",
    "RADAR_FRONT_RIGHT",
    "RADAR_BACK_LEFT",
    "RADAR_BACK_RIGHT"
  ],
  "camera_order_for_model": [
    "CAM_FRONT",
    "CAM_FRONT_RIGHT",
    "CAM_FRONT_LEFT",
    "CAM_BACK",
    "CAM_BACK_LEFT",
    "CAM_BACK_RIGHT"
  ],
  "radar_order_for_model": [
    "RADAR_FRONT",
    "RADAR_FRONT_LEFT",
    "RADAR_FRONT_RIGHT",
    "RADAR_BACK_LEFT",
    "RADAR_BACK_RIGHT"
  ],
  "coordinate_notes": {
    "carla_world": "left-handed x-forward y-right z-up",
    "bevfusion_lidar": "x-forward y-left z-up",
    "camera_frame_for_model": "OpenCV style x-right y-down z-forward"
  },
  "ego": {
    "actor_id": 49,
    "transform_carla": {
      "location": {
        "x": 104.28105926513672,
        "y": -35.50374984741211,
        "z": -0.004167594946920872
      },
      "rotation": {
        "roll": 0.02349276654422283,
        "pitch": -0.08944815397262573,
        "yaw": -106.19617462158203
      }
    },
    "velocity_carla": [
      -0.8536999225616455,
      -2.7585887908935547,
      3.271102741564391e-06
    ],
    "angular_velocity_carla": [
      -0.29678863286972046,
      0.07208625972270966,
      -2.632861852645874
    ],
    "matrix_world_from_ego_carla": [
      [
        -0.2789265811443329,
        0.9603124260902405,
        -4.169755266048014e-05,
        104.28105926513672
      ],
      [
        -0.9603111743927002,
        -0.2789262533187866,
        -0.0016135723562911153,
        -35.50374984741211
      ],
      [
        -0.0015611641574651003,
        -0.0004100256192032248,
        0.9999987483024597,
        -0.004167594946920872
      ],
      [
        0.0,
        0.0,
        0.0,
        1.0
      ]
    ],
    "matrix_world_from_ego_bevfusion": [
      [
        -0.2789265811443329,
        -0.9603124260902405,
        -4.169755266048014e-05,
        104.28105926513672
      ],
      [
        0.9603111743927002,
        -0.2789262533187866,
        0.0016135723562911153,
        35.50374984741211
      ],
      [
        -0.0015611641574651003,
        0.0004100256192032248,
        0.9999987483024597,
        -0.004167594946920872
      ],
      [
        0.0,
        0.0,
        0.0,
        1.0
      ]
    ]
  },
  "sensors": {
    "CAM_FRONT": {
      "type_id": "sensor.camera.rgb",
      "blueprint_attributes": {
        "role_name": "front",
        "ros_name": "sensor.camera.rgb",
        "chromatic_aberration_offset": "0.0",
        "sensor_tick": "0.100000",
        "fstop": "1.4",
        "image_size_x": "960",
        "image_size_y": "540",
        "fov": "70.00",
        "lens_circle_falloff": "5.0",
        "lens_circle_multiplier": "0.0",
        "exposure_compensation": "0.0",
        "lens_y_size": "0.08",
        "lens_k": "-1.0",
        "exposure_mode": "histogram",
        "lens_kcube": "0.0",
        "lens_x_size": "0.08",
        "exposure_max_bright": "12.0",
        "shutter_speed": "200.0",
        "bloom_intensity": "0.675",
        "iso": "100.0",
        "enable_postprocess_effects": "false",
        "gamma": "2.2",
        "motion_blur_intensity": "0.0",
        "motion_blur_max_distortion": "0.35",
        "lens_flare_intensity": "0.1",
        "motion_blur_min_object_screen_size": "0.1",
        "exposure_min_bright": "10.0",
        "exposure_speed_up": "3.0",
        "exposure_speed_down": "1.0",
        "tint": "0.0",
        "calibration_constant": "16.0",
        "focal_distance": "1000.0",
        "min_fstop": "1.2",
        "blade_count": "5",
        "blur_amount": "0.0",
        "blur_radius": "0.0",
        "slope": "0.88",
        "toe": "0.55",
        "white_clip": "0.04",
        "shoulder": "0.26",
        "black_clip": "0.0",
        "temp": "6500.0",
        "chromatic_aberration_intensity": "0.0"
      },
      "transform_carla": {
        "location": {
          "x": 103.84866333007812,
          "y": -36.99497604370117,
          "z": 1.6934103965759277
        },
        "rotation": {
          "roll": 0.02349276654422283,
          "pitch": -0.08944815397262573,
          "yaw": -106.19617462158203
        }
      },
      "matrix_world_from_sensor_carla": [
        [
          -0.2789265811443329,
          0.9603124260902405,
          -4.169755266048014e-05,
          103.84866333007812
        ],
        [
          -0.9603111743927002,
          -0.2789262533187866,
          -0.0016135723562911153,
          -36.99497604370117
        ],
        [
          -0.0015611641574651003,
          -0.0004100256192032248,
          0.9999987483024597,
          1.6934103965759277
        ],
        [
          0.0,
          0.0,
          0.0,
          1.0
        ]
      ],
      "matrix_world_from_sensor_bevfusion": [
        [
          0.9603124260902405,
          4.169755266048014e-05,
          -0.2789265811443329,
          103.84866333007812
        ],
        [
          0.2789262533187866,
          -0.0016135723562911153,
          0.9603111743927002,
          36.99497604370117
        ],
        [
          -0.0004100256192032248,
          -0.9999987483024597,
          -0.0015611641574651003,
          1.6934103965759277
        ],
        [
          0.0,
          0.0,
          0.0,
          1.0
        ]
      ],
      "matrix_ego_from_sensor_carla": [
        [
          1.0,
          1.0308087716737191e-08,
          -2.4955280897298593e-11,
          1.5499978065490723
        ],
        [
          9.125190381098491e-09,
          1.0,
          1.84628683869148e-11,
          1.52587890625e-05
        ],
        [
          -7.168050875083765e-11,
          -1.9969687362064725e-11,
          1.0,
          1.6999999284744263
        ],
        [
          0.0,
          0.0,
          0.0,
          1.0
        ]
      ],
      "matrix_ego_from_sensor_bevfusion": [
        [
          1.0308087716737191e-08,
          2.4955280897298593e-11,
          1.0,
          1.5499978065490723
        ],
        [
          -1.0,
          1.84628683869148e-11,
          -9.125190381098491e-09,
          -1.52587890625e-05
        ],
        [
          -1.9969687362064725e-11,
          -1.0,
          -7.168050875083765e-11,
          1.6999999284744263
        ],
        [
          0.0,
          0.0,
          0.0,
          1.0
        ]
      ],
      "camera_intrinsics": [
        [
          685.5110473632812,
          0.0,
          480.0
        ],
        [
          0.0,
          685.5110473632812,
          270.0
        ],
        [
          0.0,
          0.0,
          1.0
        ]
      ],
      "data_path": "D:\\Agent-AI\\outputs\\s3a_ml_long_v1\\sample_000033\\images\\CAM_FRONT.png",
      "raw_layout": "bgra8"
    },
    "CAM_FRONT_RIGHT": {
      "type_id": "sensor.camera.rgb",
      "blueprint_attributes": {
        "role_name": "front",
        "ros_name": "sensor.camera.rgb",
        "chromatic_aberration_offset": "0.0",
        "sensor_tick": "0.100000",
        "fstop": "1.4",
        "image_size_x": "960",
        "image_size_y": "540",
        "fov": "70.00",
        "lens_circle_falloff": "5.0",
        "lens_circle_multiplier": "0.0",
        "exposure_compensation": "0.0",
        "lens_y_size": "0.08",
        "lens_k": "-1.0",
        "exposure_mode": "histogram",
        "lens_kcube": "0.0",
        "lens_x_size": "0.08",
        "exposure_max_bright": "12.0",
        "shutter_speed": "200.0",
        "bloom_intensity": "0.675",
        "iso": "100.0",
        "enable_postprocess_effects": "false",
        "gamma": "2.2",
        "motion_blur_intensity": "0.0",
        "motion_blur_max_distortion": "0.35",
        "lens_flare_intensity": "0.1",
        "motion_blur_min_object_screen_size": "0.1",
        "exposure_min_bright": "10.0",
        "exposure_speed_up": "3.0",
        "exposure_speed_down": "1.0",
        "tint": "0.0",
        "calibration_constant": "16.0",
        "focal_distance": "1000.0",
        "min_fstop": "1.2",
        "blade_count": "5",
        "blur_amount": "0.0",
        "blur_radius": "0.0",
        "slope": "0.88",
        "toe": "0.55",
        "white_clip": "0.04",
        "shoulder": "0.26",
        "black_clip": "0.0",
        "temp": "6500.0",
        "chromatic_aberration_intensity": "0.0"
      },
      "transform_carla": {
        "location": {
          "x": 104.44656372070312,
          "y": -36.90830993652344,
          "z": 1.693575143814087
        },
        "rotation": {
          "roll": -0.05979584902524948,
          "pitch": -0.07054218649864197,
          "yaw": -51.19613265991211
        }
      },
      "matrix_world_from_sensor_carla": [
        [
          0.6266559362411499,
          0.7792961001396179,
          -4.176504444330931e-05,
          104.44656372070312
        ],
        [
          -0.7792950868606567,
          0.6266550421714783,
          -0.0016134630423039198,
          -36.90830993652344
        ],
        [
          -0.0012311930768191814,
          0.001043633441440761,
          0.9999986886978149,
          1.693575143814087
        ],
        [
          0.0,
          0.0,
          0.0,
          1.0
        ]
      ],
      "matrix_world_from_sensor_bevfusion": [
        [
          0.7792961001396179,
          4.176504444330931e-05,
          0.6266559362411499,
          104.44656372070312
        ],
        [
          -0.6266550421714783,
          -0.0016134630423039198,
          0.7792950868606567,
          36.90830993652344
        ],
        [
          0.001043633441440761,
          -0.9999986886978149,
          -0.0012311930768191814,
          1.693575143814087
        ],
        [
          0.0,
          0.0,
          0.0,
          1.0
        ]
      ],
      "matrix_ego_from_sensor_carla": [
        [
          0.5735766887664795,
          -0.8191518187522888,
          -8.607923973613651e-08,
          1.300001621246338
        ],
        [
          0.8191518187522888,
          0.5735767483711243,
          -9.527214217541768e-08,
          0.5500106811523438
        ],
        [
          1.275328145311505e-07,
          -1.5866223890270703e-08,
          0.9999999403953552,
          1.6999999284744263
        ],
        [
          0.0,
          0.0,
          0.0,
          1.0
        ]
      ],
      "matrix_ego_from_sensor_bevfusion": [
        [
          -0.8191518187522888,
          8.607923973613651e-08,
          0.5735766887664795,
          1.300001621246338
        ],
        [
          -0.5735767483711243,
          -9.527214217541768e-08,
          -0.8191518187522888,
          -0.5500106811523438
        ],
        [
          -1.5866223890270703e-08,
          -0.9999999403953552,
          1.275328145311505e-07,
          1.6999999284744263
        ],
        [
          0.0,
          0.0,
          0.0,
          1.0
        ]
      ],
      "camera_intrinsics": [
        [
          685.5110473632812,
          0.0,
          480.0
        ],
        [
          0.0,
          685.5110473632812,
          270.0
        ],
        [
          0.0,
          0.0,
          1.0
        ]
      ],
      "data_path": "D:\\Agent-AI\\outputs\\s3a_ml_long_v1\\sample_000033\\images\\CAM_FRONT_RIGHT.png",
      "raw_layout": "bgra8"
    },
    "CAM_FRONT_LEFT": {
      "type_id": "sensor.camera.rgb",
      "blueprint_attributes": {
        "role_name": "front",
        "ros_name": "sensor.camera.rgb",
        "chromatic_aberration_offset": "0.0",
        "sensor_tick": "0.100000",
        "fstop": "1.4",
        "image_size_x": "960",
        "image_size_y": "540",
        "fov": "70.00",
        "lens_circle_falloff": "5.0",
        "lens_circle_multiplier": "0.0",
        "exposure_compensation": "0.0",
        "lens_y_size": "0.08",
        "lens_k": "-1.0",
        "exposure_mode": "histogram",
        "lens_kcube": "0.0",
        "lens_x_size": "0.08",
        "exposure_max_bright": "12.0",
        "shutter_speed": "200.0",
        "bloom_intensity": "0.675",
        "iso": "100.0",
        "enable_postprocess_effects": "false",
        "gamma": "2.2",
        "motion_blur_intensity": "0.0",
        "motion_blur_max_distortion": "0.35",
        "lens_flare_intensity": "0.1",
        "motion_blur_min_object_screen_size": "0.1",
        "exposure_min_bright": "10.0",
        "exposure_speed_up": "3.0",
        "exposure_speed_down": "1.0",
        "tint": "0.0",
        "calibration_constant": "16.0",
        "focal_distance": "1000.0",
        "min_fstop": "1.2",
        "blade_count": "5",
        "blur_amount": "0.0",
        "blur_radius": "0.0",
        "slope": "0.88",
        "toe": "0.55",
        "white_clip": "0.04",
        "shoulder": "0.26",
        "black_clip": "0.0",
        "temp": "6500.0",
        "chromatic_aberration_intensity": "0.0"
      },
      "transform_carla": {
        "location": {
          "x": 103.39021301269531,
          "y": -36.60149002075195,
          "z": 1.6940261125564575
        },
        "rotation": {
          "roll": 0.08674559742212296,
          "pitch": -0.032060906291007996,
          "yaw": -161.19615173339844
        }
      },
      "matrix_world_from_sensor_carla": [
        [
          -0.9466274380683899,
          0.32232969999313354,
          -4.169711610302329e-05,
          103.39021301269531
        ],
        [
          -0.32232919335365295,
          -0.9466262459754944,
          -0.0016135552432388067,
          -36.60149002075195
        ],
        [
          -0.0005595682887360454,
          -0.0015139954630285501,
          0.9999986886978149,
          1.6940261125564575
        ],
        [
          0.0,
          0.0,
          0.0,
          1.0
        ]
      ],
      "matrix_world_from_sensor_bevfusion": [
        [
          0.32232969999313354,
          4.169711610302329e-05,
          -0.9466274380683899,
          103.39021301269531
        ],
        [
          0.9466262459754944,
          -0.0016135552432388067,
          0.32232919335365295,
          36.60149002075195
        ],
        [
          -0.0015139954630285501,
          -0.9999986886978149,
          -0.0005595682887360454,
          1.6940261125564575
        ],
        [
          0.0,
          0.0,
          0.0,
          1.0
        ]
      ],
      "matrix_ego_from_sensor_carla": [
        [
          0.5735767483711243,
          0.8191518187522888,
          -1.6462879059986335e-08,
          1.300002098083496
        ],
        [
          -0.819151759147644,
          0.5735767483711243,
          -4.3226724422140705e-09,
          -0.5500030517578125
        ],
        [
          5.889390308766451e-09,
          1.6161800786562708e-08,
          0.9999999403953552,
          1.6999998092651367
        ],
        [
          0.0,
          0.0,
          0.0,
          1.0
        ]
      ],
      "matrix_ego_from_sensor_bevfusion": [
        [
          0.8191518187522888,
          1.6462879059986335e-08,
          0.5735767483711243,
          1.300002098083496
        ],
        [
          -0.5735767483711243,
          -4.3226724422140705e-09,
          0.819151759147644,
          0.5500030517578125
        ],
        [
          1.6161800786562708e-08,
          -0.9999999403953552,
          5.889390308766451e-09,
          1.6999998092651367
        ],
        [
          0.0,
          0.0,
          0.0,
          1.0
        ]
      ],
      "camera_intrinsics": [
        [
          685.5110473632812,
          0.0,
          480.0
        ],
        [
          0.0,
          685.5110473632812,
          270.0
        ],
        [
          0.0,
          0.0,
          1.0
        ]
      ],
      "data_path": "D:\\Agent-AI\\outputs\\s3a_ml_long_v1\\sample_000033\\images\\CAM_FRONT_LEFT.png",
      "raw_layout": "bgra8"
    },
    "CAM_BACK": {
      "type_id": "sensor.camera.rgb",
      "blueprint_attributes": {
        "role_name": "front",
        "ros_name": "sensor.camera.rgb",
        "chromatic_aberration_offset": "0.0",
        "sensor_tick": "0.100000",
        "fstop": "1.4",
        "image_size_x": "960",
        "image_size_y": "540",
        "fov": "70.00",
        "lens_circle_falloff": "5.0",
        "lens_circle_multiplier": "0.0",
        "exposure_compensation": "0.0",
        "lens_y_size": "0.08",
        "lens_k": "-1.0",
        "exposure_mode": "histogram",
        "lens_kcube": "0.0",
        "lens_x_size": "0.08",
        "exposure_max_bright": "12.0",
        "shutter_speed": "200.0",
        "bloom_intensity": "0.675",
        "iso": "100.0",
        "enable_postprocess_effects": "false",
        "gamma": "2.2",
        "motion_blur_intensity": "0.0",
        "motion_blur_max_distortion": "0.35",
        "lens_flare_intensity": "0.1",
        "motion_blur_min_object_screen_size": "0.1",
        "exposure_min_bright": "10.0",
        "exposure_speed_up": "3.0",
        "exposure_speed_down": "1.0",
        "tint": "0.0",
        "calibration_constant": "16.0",
        "focal_distance": "1000.0",
        "min_fstop": "1.2",
        "blade_count": "5",
        "blur_amount": "0.0",
        "blur_radius": "0.0",
        "slope": "0.88",
        "toe": "0.55",
        "white_clip": "0.04",
        "shoulder": "0.26",
        "black_clip": "0.0",
        "temp": "6500.0",
        "chromatic_aberration_intensity": "0.0"
      },
      "transform_carla": {
        "location": {
          "x": 104.71332550048828,
          "y": -34.01801300048828,
          "z": 1.6982498168945312
        },
        "rotation": {
          "roll": -0.02349272556602955,
          "pitch": 0.08944815397262573,
          "yaw": 73.80382537841797
        }
      },
      "matrix_world_from_sensor_carla": [
        [
          0.2789266109466553,
          -0.9603124260902405,
          -4.16982511524111e-05,
          104.71332550048828
        ],
        [
          0.9603111743927002,
          0.278926283121109,
          -0.0016135721234604716,
          -34.01801300048828
        ],
        [
          0.0015611641574651003,
          0.0004100249207112938,
          0.9999987483024597,
          1.6982498168945312
        ],
        [
          0.0,
          0.0,
          0.0,
          1.0
        ]
      ],
      "matrix_world_from_sensor_bevfusion": [
        [
          -0.9603124260902405,
          4.16982511524111e-05,
          0.2789266109466553,
          104.71332550048828
        ],
        [
          -0.278926283121109,
          -0.0016135721234604716,
          -0.9603111743927002,
          34.01801300048828
        ],
        [
          0.0004100249207112938,
          -0.9999987483024597,
          0.0015611641574651003,
          1.6982498168945312
        ],
        [
          0.0,
          0.0,
          0.0,
          1.0
        ]
      ],
      "matrix_ego_from_sensor_carla": [
        [
          -1.0,
          -3.892646560643698e-08,
          -2.4955280897298593e-11,
          -1.5499975681304932
        ],
        [
          2.067713289477524e-08,
          -1.0,
          -7.091329190522799e-10,
          7.62939453125e-06
        ],
        [
          7.168050875083765e-11,
          -7.367289556192702e-10,
          1.0,
          1.6999998092651367
        ],
        [
          0.0,
          0.0,
          0.0,
          1.0
        ]
      ],
      "matrix_ego_from_sensor_bevfusion": [
        [
          -3.892646560643698e-08,
          2.4955280897298593e-11,
          -1.0,
          -1.5499975681304932
        ],
        [
          1.0,
          -7.091329190522799e-10,
          -2.067713289477524e-08,
          -7.62939453125e-06
        ],
        [
          -7.367289556192702e-10,
          -1.0,
          7.168050875083765e-11,
          1.6999998092651367
        ],
        [
          0.0,
          0.0,
          0.0,
          1.0
        ]
      ],
      "camera_intrinsics": [
        [
          685.5110473632812,
          0.0,
          480.0
        ],
        [
          0.0,
          685.5110473632812,
          270.0
        ],
        [
          0.0,
          0.0,
          1.0
        ]
      ],
      "data_path": "D:\\Agent-AI\\outputs\\s3a_ml_long_v1\\sample_000033\\images\\CAM_BACK.png",
      "raw_layout": "bgra8"
    },
    "CAM_BACK_LEFT": {
      "type_id": "sensor.camera.rgb",
      "blueprint_attributes": {
        "role_name": "front",
        "ros_name": "sensor.camera.rgb",
        "chromatic_aberration_offset": "0.0",
        "sensor_tick": "0.100000",
        "fstop": "1.4",
        "image_size_x": "960",
        "image_size_y": "540",
        "fov": "70.00",
        "lens_circle_falloff": "5.0",
        "lens_circle_multiplier": "0.0",
        "exposure_compensation": "0.0",
        "lens_y_size": "0.08",
        "lens_k": "-1.0",
        "exposure_mode": "histogram",
        "lens_kcube": "0.0",
        "lens_x_size": "0.08",
        "exposure_max_bright": "12.0",
        "shutter_speed": "200.0",
        "bloom_intensity": "0.675",
        "iso": "100.0",
        "enable_postprocess_effects": "false",
        "gamma": "2.2",
        "motion_blur_intensity": "0.0",
        "motion_blur_max_distortion": "0.35",
        "lens_flare_intensity": "0.1",
        "motion_blur_min_object_screen_size": "0.1",
        "exposure_min_bright": "10.0",
        "exposure_speed_up": "3.0",
        "exposure_speed_down": "1.0",
        "tint": "0.0",
        "calibration_constant": "16.0",
        "focal_distance": "1000.0",
        "min_fstop": "1.2",
        "blade_count": "5",
        "blur_amount": "0.0",
        "blur_radius": "0.0",
        "slope": "0.88",
        "toe": "0.55",
        "white_clip": "0.04",
        "shoulder": "0.26",
        "black_clip": "0.0",
        "temp": "6500.0",
        "chromatic_aberration_intensity": "0.0"
      },
      "transform_carla": {
        "location": {
          "x": 104.11542510986328,
          "y": -34.10468292236328,
          "z": 1.6980851888656616
        },
        "rotation": {
          "roll": 0.05979585647583008,
          "pitch": 0.07054218649864197,
          "yaw": 128.80386352539062
        }
      },
      "matrix_world_from_sensor_carla": [
        [
          -0.6266558170318604,
          -0.7792962193489075,
          -4.17654518969357e-05,
          104.11542510986328
        ],
        [
          0.7792952060699463,
          -0.6266549229621887,
          -0.0016134630423039198,
          -34.10468292236328
        ],
        [
          0.0012311930768191814,
          -0.001043633557856083,
          0.9999986886978149,
          1.6980851888656616
        ],
        [
          0.0,
          0.0,
          0.0,
          1.0
        ]
      ],
      "matrix_world_from_sensor_bevfusion": [
        [
          -0.7792962193489075,
          4.17654518969357e-05,
          -0.6266558170318604,
          104.11542510986328
        ],
        [
          0.6266549229621887,
          -0.0016134630423039198,
          -0.7792952060699463,
          34.10468292236328
        ],
        [
          -0.001043633557856083,
          -0.9999986886978149,
          0.0012311930768191814,
          1.6980851888656616
        ],
        [
          0.0,
          0.0,
          0.0,
          1.0
        ]
      ],
      "matrix_ego_from_sensor_carla": [
        [
          -0.5735768675804138,
          0.819151759147644,
          -8.596282441430958e-08,
          -1.2999961376190186
        ],
        [
          -0.819151759147644,
          -0.5735769271850586,
          -9.565049197135522e-08,
          -0.54998779296875
        ],
        [
          -1.2776564517480438e-07,
          1.55169779247899e-08,
          0.9999999403953552,
          1.6999999284744263
        ],
        [
          0.0,
          0.0,
          0.0,
          1.0
        ]
      ],
      "matrix_ego_from_sensor_bevfusion": [
        [
          0.819151759147644,
          8.596282441430958e-08,
          -0.5735768675804138,
          -1.2999961376190186
        ],
        [
          0.5735769271850586,
          -9.565049197135522e-08,
          0.819151759147644,
          0.54998779296875
        ],
        [
          1.55169779247899e-08,
          -0.9999999403953552,
          -1.2776564517480438e-07,
          1.6999999284744263
        ],
        [
          0.0,
          0.0,
          0.0,
          1.0
        ]
      ],
      "camera_intrinsics": [
        [
          685.5110473632812,
          0.0,
          480.0
        ],
        [
          0.0,
          685.5110473632812,
          270.0
        ],
        [
          0.0,
          0.0,
          1.0
        ]
      ],
      "data_path": "D:\\Agent-AI\\outputs\\s3a_ml_long_v1\\sample_000033\\images\\CAM_BACK_LEFT.png",
      "raw_layout": "bgra8"
    },
    "CAM_BACK_RIGHT": {
      "type_id": "sensor.camera.rgb",
      "blueprint_attributes": {
        "role_name": "front",
        "ros_name": "sensor.camera.rgb",
        "chromatic_aberration_offset": "0.0",
        "sensor_tick": "0.100000",
        "fstop": "1.4",
        "image_size_x": "960",
        "image_size_y": "540",
        "fov": "70.00",
        "lens_circle_falloff": "5.0",
        "lens_circle_multiplier": "0.0",
        "exposure_compensation": "0.0",
        "lens_y_size": "0.08",
        "lens_k": "-1.0",
        "exposure_mode": "histogram",
        "lens_kcube": "0.0",
        "lens_x_size": "0.08",
        "exposure_max_bright": "12.0",
        "shutter_speed": "200.0",
        "bloom_intensity": "0.675",
        "iso": "100.0",
        "enable_postprocess_effects": "false",
        "gamma": "2.2",
        "motion_blur_intensity": "0.0",
        "motion_blur_max_distortion": "0.35",
        "lens_flare_intensity": "0.1",
        "motion_blur_min_object_screen_size": "0.1",
        "exposure_min_bright": "10.0",
        "exposure_speed_up": "3.0",
        "exposure_speed_down": "1.0",
        "tint": "0.0",
        "calibration_constant": "16.0",
        "focal_distance": "1000.0",
        "min_fstop": "1.2",
        "blade_count": "5",
        "blur_amount": "0.0",
        "blur_radius": "0.0",
        "slope": "0.88",
        "toe": "0.55",
        "white_clip": "0.04",
        "shoulder": "0.26",
        "black_clip": "0.0",
        "temp": "6500.0",
        "chromatic_aberration_intensity": "0.0"
      },
      "transform_carla": {
        "location": {
          "x": 105.17176818847656,
          "y": -34.4114990234375,
          "z": 1.6976341009140015
        },
        "rotation": {
          "roll": -0.08674559742212296,
          "pitch": 0.032060906291007996,
          "yaw": 18.803829193115234
        }
      },
      "matrix_world_from_sensor_carla": [
        [
          0.9466275572776794,
          -0.32232940196990967,
          -4.169763997197151e-05,
          105.17176818847656
        ],
        [
          0.3223288953304291,
          0.9466263651847839,
          -0.001613555126823485,
          -34.4114990234375
        ],
        [
          0.0005595682887360454,
          0.0015139954630285501,
          0.9999986886978149,
          1.6976341009140015
        ],
        [
          0.0,
          0.0,
          0.0,
          1.0
        ]
      ],
      "matrix_world_from_sensor_bevfusion": [
        [
          -0.32232940196990967,
          4.169763997197151e-05,
          0.9466275572776794,
          105.17176818847656
        ],
        [
          -0.9466263651847839,
          -0.001613555126823485,
          -0.3223288953304291,
          34.4114990234375
        ],
        [
          0.0015139954630285501,
          -0.9999986886978149,
          0.0005595682887360454,
          1.6976341009140015
        ],
        [
          0.0,
          0.0,
          0.0,
          1.0
        ]
      ],
      "matrix_ego_from_sensor_carla": [
        [
          -0.5735765099525452,
          -0.8191520571708679,
          -1.63464637381594e-08,
          -1.2999999523162842
        ],
        [
          0.8191519975662231,
          -0.5735765099525452,
          -4.846541390435277e-09,
          0.5500106811523438
        ],
        [
          -5.423729021458712e-09,
          -1.6278216108389643e-08,
          0.9999999403953552,
          1.6999998092651367
        ],
        [
          0.0,
          0.0,
          0.0,
          1.0
        ]
      ],
      "matrix_ego_from_sensor_bevfusion": [
        [
          -0.8191520571708679,
          1.63464637381594e-08,
          -0.5735765099525452,
          -1.2999999523162842
        ],
        [
          0.5735765099525452,
          -4.846541390435277e-09,
          -0.8191519975662231,
          -0.5500106811523438
        ],
        [
          -1.6278216108389643e-08,
          -0.9999999403953552,
          -5.423729021458712e-09,
          1.6999998092651367
        ],
        [
          0.0,
          0.0,
          0.0,
          1.0
        ]
      ],
      "camera_intrinsics": [
        [
          685.5110473632812,
          0.0,
          480.0
        ],
        [
          0.0,
          685.5110473632812,
          270.0
        ],
        [
          0.0,
          0.0,
          1.0
        ]
      ],
      "data_path": "D:\\Agent-AI\\outputs\\s3a_ml_long_v1\\sample_000033\\images\\CAM_BACK_RIGHT.png",
      "raw_layout": "bgra8"
    },
    "LIDAR_TOP": {
      "type_id": "sensor.lidar.ray_cast",
      "blueprint_attributes": {
        "atmosphere_attenuation_rate": "0.004",
        "role_name": "front",
        "noise_seed": "0",
        "upper_fov": "10.0",
        "ros_name": "sensor.lidar.ray_cast",
        "sensor_tick": "0.100000",
        "channels": "32",
        "range": "120.0",
        "points_per_second": "360000",
        "lower_fov": "-30.0",
        "rotation_frequency": "10.000000",
        "horizontal_fov": "360.0",
        "dropoff_general_rate": "0.0",
        "dropoff_intensity_limit": "1.0",
        "noise_stddev": "0.0",
        "dropoff_zero_intensity": "0.0"
      },
      "transform_carla": {
        "location": {
          "x": 104.28097534179688,
          "y": -35.507301330566406,
          "z": 2.195829391479492
        },
        "rotation": {
          "roll": 0.02349276654422283,
          "pitch": -0.08944815397262573,
          "yaw": -106.19617462158203
        }
      },
      "matrix_world_from_sensor_carla": [
        [
          -0.2789265811443329,
          0.9603124260902405,
          -4.169755266048014e-05,
          104.28097534179688
        ],
        [
          -0.9603111743927002,
          -0.2789262533187866,
          -0.0016135723562911153,
          -35.507301330566406
        ],
        [
          -0.0015611641574651003,
          -0.0004100256192032248,
          0.9999987483024597,
          2.195829391479492
        ],
        [
          0.0,
          0.0,
          0.0,
          1.0
        ]
      ],
      "matrix_world_from_sensor_bevfusion": [
        [
          -0.2789265811443329,
          -0.9603124260902405,
          -4.169755266048014e-05,
          104.28097534179688
        ],
        [
          0.9603111743927002,
          -0.2789262533187866,
          0.0016135723562911153,
          35.507301330566406
        ],
        [
          -0.0015611641574651003,
          0.0004100256192032248,
          0.9999987483024597,
          2.195829391479492
        ],
        [
          0.0,
          0.0,
          0.0,
          1.0
        ]
      ],
      "matrix_ego_from_sensor_carla": [
        [
          1.0,
          1.0308087716737191e-08,
          -2.4955280897298593e-11,
          0.0
        ],
        [
          9.125190381098491e-09,
          1.0,
          1.84628683869148e-11,
          1.52587890625e-05
        ],
        [
          -7.168050875083765e-11,
          -1.9969687362064725e-11,
          1.0,
          2.1999995708465576
        ],
        [
          0.0,
          0.0,
          0.0,
          1.0
        ]
      ],
      "matrix_ego_from_sensor_bevfusion": [
        [
          1.0,
          -1.0308087716737191e-08,
          -2.4955280897298593e-11,
          0.0
        ],
        [
          -9.125190381098491e-09,
          1.0,
          -1.84628683869148e-11,
          -1.52587890625e-05
        ],
        [
          -7.168050875083765e-11,
          1.9969687362064725e-11,
          1.0,
          2.1999995708465576
        ],
        [
          0.0,
          0.0,
          0.0,
          1.0
        ]
      ],
      "data_path": "D:\\Agent-AI\\outputs\\s3a_ml_long_v1\\sample_000033\\lidar\\LIDAR_TOP.npy",
      "raw_layout": [
        "x",
        "y",
        "z",
        "intensity"
      ]
    },
    "RADAR_FRONT": {
      "type_id": "sensor.other.radar",
      "blueprint_attributes": {
        "sensor_tick": "0.100000",
        "role_name": "default",
        "noise_seed": "0",
        "ros_name": "sensor.other.radar",
        "horizontal_fov": "35.0",
        "points_per_second": "1500",
        "vertical_fov": "20.0",
        "range": "120.0"
      },
      "transform_carla": {
        "location": {
          "x": 103.72317504882812,
          "y": -37.42582702636719,
          "z": 0.8927088975906372
        },
        "rotation": {
          "roll": 0.02349276654422283,
          "pitch": -0.08944815397262573,
          "yaw": -106.19617462158203
        }
      },
      "matrix_world_from_sensor_carla": [
        [
          -0.2789265811443329,
          0.9603124260902405,
          -4.169755266048014e-05,
          103.72317504882812
        ],
        [
          -0.9603111743927002,
          -0.2789262533187866,
          -0.0016135723562911153,
          -37.42582702636719
        ],
        [
          -0.0015611641574651003,
          -0.0004100256192032248,
          0.9999987483024597,
          0.8927088975906372
        ],
        [
          0.0,
          0.0,
          0.0,
          1.0
        ]
      ],
      "matrix_world_from_sensor_bevfusion": [
        [
          -0.2789265811443329,
          -0.9603124260902405,
          -4.169755266048014e-05,
          103.72317504882812
        ],
        [
          0.9603111743927002,
          -0.2789262533187866,
          0.0016135723562911153,
          37.42582702636719
        ],
        [
          -0.0015611641574651003,
          0.0004100256192032248,
          0.9999987483024597,
          0.8927088975906372
        ],
        [
          0.0,
          0.0,
          0.0,
          1.0
        ]
      ],
      "matrix_ego_from_sensor_carla": [
        [
          1.0,
          1.0308087716737191e-08,
          -2.4955280897298593e-11,
          2.000001907348633
        ],
        [
          9.125190381098491e-09,
          1.0,
          1.84628683869148e-11,
          7.62939453125e-06
        ],
        [
          -7.168050875083765e-11,
          -1.9969687362064725e-11,
          1.0,
          0.8999999165534973
        ],
        [
          0.0,
          0.0,
          0.0,
          1.0
        ]
      ],
      "matrix_ego_from_sensor_bevfusion": [
        [
          1.0,
          -1.0308087716737191e-08,
          -2.4955280897298593e-11,
          2.000001907348633
        ],
        [
          -9.125190381098491e-09,
          1.0,
          -1.84628683869148e-11,
          -7.62939453125e-06
        ],
        [
          -7.168050875083765e-11,
          1.9969687362064725e-11,
          1.0,
          0.8999999165534973
        ],
        [
          0.0,
          0.0,
          0.0,
          1.0
        ]
      ],
      "data_path": "D:\\Agent-AI\\outputs\\s3a_ml_long_v1\\sample_000033\\radar\\RADAR_FRONT.npy",
      "raw_layout": [
        "velocity",
        "altitude",
        "azimuth",
        "depth"
      ]
    },
    "RADAR_FRONT_LEFT": {
      "type_id": "sensor.other.radar",
      "blueprint_attributes": {
        "sensor_tick": "0.100000",
        "role_name": "default",
        "noise_seed": "0",
        "ros_name": "sensor.other.radar",
        "horizontal_fov": "35.0",
        "points_per_second": "1500",
        "vertical_fov": "20.0",
        "range": "120.0"
      },
      "transform_carla": {
        "location": {
          "x": 103.1005630493164,
          "y": -36.88051986694336,
          "z": 0.893562912940979
        },
        "rotation": {
          "roll": 0.07986048609018326,
          "pitch": -0.04663652926683426,
          "yaw": -151.1961669921875
        }
      },
      "matrix_world_from_sensor_carla": [
        [
          -0.8762741684913635,
          0.48181280493736267,
          -4.1688967030495405e-05,
          103.1005630493164
        ],
        [
          -0.48181208968162537,
          -0.8762730956077576,
          -0.0016135518671944737,
          -36.88051986694336
        ],
        [
          -0.0008139608544297516,
          -0.001393827493302524,
          0.9999986886978149,
          0.893562912940979
        ],
        [
          0.0,
          0.0,
          0.0,
          1.0
        ]
      ],
      "matrix_world_from_sensor_bevfusion": [
        [
          -0.8762741684913635,
          -0.48181280493736267,
          -4.1688967030495405e-05,
          103.1005630493164
        ],
        [
          0.48181208968162537,
          -0.8762730956077576,
          0.0016135518671944737,
          36.88051986694336
        ],
        [
          -0.0008139608544297516,
          0.001393827493302524,
          0.9999986886978149,
          0.893562912940979
        ],
        [
          0.0,
          0.0,
          0.0,
          1.0
        ]
      ],
      "matrix_ego_from_sensor_carla": [
        [
          0.70710688829422,
          0.7071066498756409,
          -2.193439918585227e-08,
          1.6499981880187988
        ],
        [
          -0.7071065306663513,
          0.7071070075035095,
          2.574935598076422e-09,
          -0.7499923706054688
        ],
        [
          1.729759446789103e-08,
          1.4018000982218837e-08,
          0.9999999403953552,
          0.8999999761581421
        ],
        [
          0.0,
          0.0,
          0.0,
          1.0
        ]
      ],
      "matrix_ego_from_sensor_bevfusion": [
        [
          0.70710688829422,
          -0.7071066498756409,
          -2.193439918585227e-08,
          1.6499981880187988
        ],
        [
          0.7071065306663513,
          0.7071070075035095,
          -2.574935598076422e-09,
          0.7499923706054688
        ],
        [
          1.729759446789103e-08,
          -1.4018000982218837e-08,
          0.9999999403953552,
          0.8999999761581421
        ],
        [
          0.0,
          0.0,
          0.0,
          1.0
        ]
      ],
      "data_path": "D:\\Agent-AI\\outputs\\s3a_ml_long_v1\\sample_000033\\radar\\RADAR_FRONT_LEFT.npy",
      "raw_layout": [
        "velocity",
        "altitude",
        "azimuth",
        "depth"
      ]
    },
    "RADAR_FRONT_RIGHT": {
      "type_id": "sensor.other.radar",
