{
  "schema_version": "stage1.v1",
  "sample_name": "sample_000003",
  "sequence_index": 3,
  "previous_sample_name": "sample_000002",
  "frame_id": 726276,
  "timestamp": 4997.494624722749,
  "platform_timestamp": 16813366.2957208,
  "delta_seconds": 0.10000000149011612,
  "town": "Carla/Maps/Town10HD_Opt",
  "weather": {
    "cloudiness": 20.0,
    "dust_storm": 0.0,
    "fog_density": 2.0,
    "fog_distance": 0.75,
    "fog_falloff": 0.10000000149011612,
    "mie_scattering_scale": 0.029999999329447746,
    "precipitation": 0.0,
    "precipitation_deposits": 0.0,
    "rayleigh_scattering_scale": 0.03310000151395798,
    "scattering_intensity": 1.0,
    "sun_altitude_angle": 45.0,
    "sun_azimuth_angle": 300.0,
    "wetness": 0.0,
    "wind_intensity": 10.0
  },
  "sensor_names": [
    "CAM_FRONT",
    "CAM_FRONT_RIGHT",
    "CAM_FRONT_LEFT",
    "CAM_BACK",
    "CAM_BACK_LEFT",
    "CAM_BACK_RIGHT",
    "LIDAR_TOP",
    "RADAR_FRONT",
    "RADAR_FRONT_LEFT",
    "RADAR_FRONT_RIGHT",
    "RADAR_BACK_LEFT",
    "RADAR_BACK_RIGHT"
  ],
  "camera_order_for_model": [
    "CAM_FRONT",
    "CAM_FRONT_RIGHT",
    "CAM_FRONT_LEFT",
    "CAM_BACK",
    "CAM_BACK_LEFT",
    "CAM_BACK_RIGHT"
  ],
  "radar_order_for_model": [
    "RADAR_FRONT",
    "RADAR_FRONT_LEFT",
    "RADAR_FRONT_RIGHT",
    "RADAR_BACK_LEFT",
    "RADAR_BACK_RIGHT"
  ],
  "coordinate_notes": {
    "carla_world": "left-handed x-forward y-right z-up",
    "bevfusion_lidar": "x-forward y-left z-up",
    "camera_frame_for_model": "OpenCV style x-right y-down z-forward"
  },
  "ego": {
    "actor_id": 49,
    "transform_carla": {
      "location": {
        "x": 106.38628387451172,
        "y": -22.089046478271484,
        "z": -0.006550521589815617
      },
      "rotation": {
        "roll": 0.03184052184224129,
        "pitch": 0.5880860686302185,
        "yaw": -91.10628509521484
      }
    },
    "velocity_carla": [
      -0.1348544806241989,
      -5.18204927444458,
      0.0037925243377685547
    ],
    "angular_velocity_carla": [
      -0.0578046552836895,
      0.02401132881641388,
      -1.4223524332046509
    ],
    "matrix_world_from_ego_carla": [
      [
        -0.019306035712361336,
        0.9998133182525635,
        0.0007537831552326679,
        106.38628387451172
      ],
      [
        -0.9997609257698059,
        -0.019312752410769463,
        0.010251212865114212,
        -22.089046478271484
      ],
      [
        0.010263857431709766,
        -0.000555692648049444,
        0.9999471306800842,
        -0.006550521589815617
      ],
      [
        0.0,
        0.0,
        0.0,
        1.0
      ]
    ],
    "matrix_world_from_ego_bevfusion": [
      [
        -0.019306035712361336,
        -0.9998133182525635,
        0.0007537831552326679,
        106.38628387451172
      ],
      [
        0.9997609257698059,
        -0.019312752410769463,
        -0.010251212865114212,
        22.089046478271484
      ],
      [
        0.010263857431709766,
        0.000555692648049444,
        0.9999471306800842,
        -0.006550521589815617
      ],
      [
        0.0,
        0.0,
        0.0,
        1.0
      ]
    ]
  },
  "sensors": {
    "CAM_FRONT": {
      "type_id": "sensor.camera.rgb",
      "blueprint_attributes": {
        "role_name": "front",
        "ros_name": "sensor.camera.rgb",
        "chromatic_aberration_offset": "0.0",
        "sensor_tick": "0.100000",
        "fstop": "1.4",
        "image_size_x": "960",
        "image_size_y": "540",
        "fov": "70.00",
        "lens_circle_falloff": "5.0",
        "lens_circle_multiplier": "0.0",
        "exposure_compensation": "0.0",
        "lens_y_size": "0.08",
        "lens_k": "-1.0",
        "exposure_mode": "histogram",
        "lens_kcube": "0.0",
        "lens_x_size": "0.08",
        "exposure_max_bright": "12.0",
        "shutter_speed": "200.0",
        "bloom_intensity": "0.675",
        "iso": "100.0",
        "enable_postprocess_effects": "false",
        "gamma": "2.2",
        "motion_blur_intensity": "0.0",
        "motion_blur_max_distortion": "0.35",
        "lens_flare_intensity": "0.1",
        "motion_blur_min_object_screen_size": "0.1",
        "exposure_min_bright": "10.0",
        "exposure_speed_up": "3.0",
        "exposure_speed_down": "1.0",
        "tint": "0.0",
        "calibration_constant": "16.0",
        "focal_distance": "1000.0",
        "min_fstop": "1.2",
        "blade_count": "5",
        "blur_amount": "0.0",
        "blur_radius": "0.0",
        "slope": "0.88",
        "toe": "0.55",
        "white_clip": "0.04",
        "shoulder": "0.26",
        "black_clip": "0.0",
        "temp": "6500.0",
        "chromatic_aberration_intensity": "0.0"
      },
      "transform_carla": {
        "location": {
          "x": 106.3576431274414,
          "y": -23.62125015258789,
          "z": 1.7092684507369995
        },
        "rotation": {
          "roll": 0.03184052184224129,
          "pitch": 0.5880860686302185,
          "yaw": -91.10628509521484
        }
      },
      "matrix_world_from_sensor_carla": [
        [
          -0.019306035712361336,
          0.9998133182525635,
          0.0007537831552326679,
          106.3576431274414
        ],
        [
          -0.9997609257698059,
          -0.019312752410769463,
          0.010251212865114212,
          -23.62125015258789
        ],
        [
          0.010263857431709766,
          -0.000555692648049444,
          0.9999471306800842,
          1.7092684507369995
        ],
        [
          0.0,
          0.0,
          0.0,
          1.0
        ]
      ],
      "matrix_world_from_sensor_bevfusion": [
        [
          0.9998133182525635,
          -0.0007537831552326679,
          -0.019306035712361336,
          106.3576431274414
        ],
        [
          0.019312752410769463,
          0.010251212865114212,
          0.9997609257698059,
          23.62125015258789
        ],
        [
          -0.000555692648049444,
          -0.9999471306800842,
          0.010263857431709766,
          1.7092684507369995
        ],
        [
          0.0,
          0.0,
          0.0,
          1.0
        ]
      ],
      "matrix_ego_from_sensor_carla": [
        [
          0.9999999403953552,
          1.8538091894892972e-10,
          3.178988738916644e-10,
          1.5500011444091797
        ],
        [
          -1.6778616274137903e-09,
          1.0000001192092896,
          -1.5773299333332602e-11,
          7.62939453125e-06
        ],
        [
          -1.6501244815003702e-12,
          9.309421289405151e-12,
          1.0,
          1.6999998092651367
        ],
        [
          0.0,
          0.0,
          0.0,
          1.0
        ]
      ],
      "matrix_ego_from_sensor_bevfusion": [
        [
          1.8538091894892972e-10,
          -3.178988738916644e-10,
          0.9999999403953552,
          1.5500011444091797
        ],
        [
          -1.0000001192092896,
          -1.5773299333332602e-11,
          1.6778616274137903e-09,
          -7.62939453125e-06
        ],
        [
          9.309421289405151e-12,
          -1.0,
          -1.6501244815003702e-12,
          1.6999998092651367
        ],
        [
          0.0,
          0.0,
          0.0,
          1.0
        ]
      ],
      "camera_intrinsics": [
        [
          685.5110473632812,
          0.0,
          480.0
        ],
        [
          0.0,
          685.5110473632812,
          270.0
        ],
        [
          0.0,
          0.0,
          1.0
        ]
      ],
      "data_path": "D:\\Agent-AI\\outputs\\s3a_ml_long_v1\\sample_000003\\images\\CAM_FRONT.png",
      "raw_layout": "bgra8"
    },
    "CAM_FRONT_RIGHT": {
      "type_id": "sensor.camera.rgb",
      "blueprint_attributes": {
        "role_name": "front",
        "ros_name": "sensor.camera.rgb",
        "chromatic_aberration_offset": "0.0",
        "sensor_tick": "0.100000",
        "fstop": "1.4",
        "image_size_x": "960",
        "image_size_y": "540",
        "fov": "70.00",
        "lens_circle_falloff": "5.0",
        "lens_circle_multiplier": "0.0",
        "exposure_compensation": "0.0",
        "lens_y_size": "0.08",
        "lens_k": "-1.0",
        "exposure_mode": "histogram",
        "lens_kcube": "0.0",
        "lens_x_size": "0.08",
        "exposure_max_bright": "12.0",
        "shutter_speed": "200.0",
        "bloom_intensity": "0.675",
        "iso": "100.0",
        "enable_postprocess_effects": "false",
        "gamma": "2.2",
        "motion_blur_intensity": "0.0",
        "motion_blur_max_distortion": "0.35",
        "lens_flare_intensity": "0.1",
        "motion_blur_min_object_screen_size": "0.1",
        "exposure_min_bright": "10.0",
        "exposure_speed_up": "3.0",
        "exposure_speed_down": "1.0",
        "tint": "0.0",
        "calibration_constant": "16.0",
        "focal_distance": "1000.0",
        "min_fstop": "1.2",
        "blade_count": "5",
        "blur_amount": "0.0",
        "blur_radius": "0.0",
        "slope": "0.88",
        "toe": "0.55",
        "white_clip": "0.04",
        "shoulder": "0.26",
        "black_clip": "0.0",
        "temp": "6500.0",
        "chromatic_aberration_intensity": "0.0"
      },
      "transform_carla": {
        "location": {
          "x": 106.91236877441406,
          "y": -23.38193130493164,
          "z": 1.7063970565795898
        },
        "rotation": {
          "roll": 0.499999076128006,
          "pitch": 0.3112243711948395,
          "yaw": -36.1051025390625
        }
      },
      "matrix_world_from_sensor_carla": [
        [
          0.8079254627227783,
          0.5892841815948486,
          0.0007538232021033764,
          106.91236877441406
        ],
        [
          -0.5892596244812012,
          0.8078786730766296,
          0.010251183994114399,
          -23.38193130493164
        ],
        [
          0.005431863479316235,
          -0.008726390078663826,
          0.9999471306800842,
          1.7063970565795898
        ],
        [
          0.0,
          0.0,
          0.0,
          1.0
        ]
      ],
      "matrix_world_from_sensor_bevfusion": [
        [
          0.5892841815948486,
          -0.0007538232021033764,
          0.8079254627227783,
          106.91236877441406
        ],
        [
          -0.8078786730766296,
          0.010251183994114399,
          0.5892596244812012,
          23.38193130493164
        ],
        [
          -0.008726390078663826,
          -0.9999471306800842,
          0.005431863479316235,
          1.7063970565795898
        ],
        [
          0.0,
          0.0,
          0.0,
          1.0
        ]
      ],
      "matrix_ego_from_sensor_carla": [
        [
          0.5735766291618347,
          -0.8191518783569336,
          2.8257575834800264e-08,
          1.2999992370605469
        ],
        [
          0.8191518187522888,
          0.5735766887664795,
          4.0613173268866376e-08,
          0.5500106811523438
        ],
        [
          -4.8902247584692304e-08,
          -1.664990367800101e-10,
          1.0,
          1.7000000476837158
        ],
        [
          0.0,
          0.0,
          0.0,
          1.0
        ]
      ],
      "matrix_ego_from_sensor_bevfusion": [
        [
          -0.8191518783569336,
          -2.8257575834800264e-08,
          0.5735766291618347,
          1.2999992370605469
        ],
        [
          -0.5735766887664795,
          4.0613173268866376e-08,
          -0.8191518187522888,
          -0.5500106811523438
        ],
        [
          -1.664990367800101e-10,
          -1.0,
          -4.8902247584692304e-08,
          1.7000000476837158
        ],
        [
          0.0,
          0.0,
          0.0,
          1.0
        ]
      ],
      "camera_intrinsics": [
        [
          685.5110473632812,
          0.0,
          480.0
        ],
        [
          0.0,
          685.5110473632812,
          270.0
        ],
        [
          0.0,
          0.0,
          1.0
        ]
      ],
      "data_path": "D:\\Agent-AI\\outputs\\s3a_ml_long_v1\\sample_000003\\images\\CAM_FRONT_RIGHT.png",
      "raw_layout": "bgra8"
    },
    "CAM_FRONT_LEFT": {
      "type_id": "sensor.camera.rgb",
      "blueprint_attributes": {
        "role_name": "front",
        "ros_name": "sensor.camera.rgb",
        "chromatic_aberration_offset": "0.0",
        "sensor_tick": "0.100000",
        "fstop": "1.4",
        "image_size_x": "960",
        "image_size_y": "540",
        "fov": "70.00",
        "lens_circle_falloff": "5.0",
        "lens_circle_multiplier": "0.0",
        "exposure_compensation": "0.0",
        "lens_y_size": "0.08",
        "lens_k": "-1.0",
        "exposure_mode": "histogram",
        "lens_kcube": "0.0",
        "lens_x_size": "0.08",
        "exposure_max_bright": "12.0",
        "shutter_speed": "200.0",
        "bloom_intensity": "0.675",
        "iso": "100.0",
        "enable_postprocess_effects": "false",
        "gamma": "2.2",
        "motion_blur_intensity": "0.0",
        "motion_blur_max_distortion": "0.35",
        "lens_flare_intensity": "0.1",
        "motion_blur_min_object_screen_size": "0.1",
        "exposure_min_bright": "10.0",
        "exposure_speed_up": "3.0",
        "exposure_speed_down": "1.0",
        "tint": "0.0",
        "calibration_constant": "16.0",
        "focal_distance": "1000.0",
        "min_fstop": "1.2",
        "blade_count": "5",
        "blur_amount": "0.0",
        "blur_radius": "0.0",
        "slope": "0.88",
        "toe": "0.55",
        "white_clip": "0.04",
        "shoulder": "0.26",
        "black_clip": "0.0",
        "temp": "6500.0",
        "chromatic_aberration_intensity": "0.0"
      },
      "transform_carla": {
        "location": {
          "x": 105.81257629394531,
          "y": -23.360687255859375,
          "z": 1.7070083618164062
        },
        "rotation": {
          "roll": -0.46347570419311523,
          "pitch": 0.3633865416049957,
          "yaw": -146.10789489746094
        }
      },
      "matrix_world_from_sensor_carla": [
        [
          -0.8300724625587463,
          0.5576550364494324,
          0.0007537351921200752,
          105.81257629394531
        ],
        [
          -0.5576195120811462,
          -0.8300333619117737,
          0.01025118213146925,
          -23.360687255859375
        ],
        [
          0.0063422489911317825,
          0.008088926784694195,
          0.999947190284729,
          1.7070083618164062
        ],
        [
          0.0,
          0.0,
          0.0,
          1.0
        ]
      ],
      "matrix_world_from_sensor_bevfusion": [
        [
          0.5576550364494324,
          -0.0007537351921200752,
          -0.8300724625587463,
          105.81257629394531
        ],
        [
          0.8300333619117737,
          0.01025118213146925,
          0.5576195120811462,
          23.360687255859375
        ],
        [
          0.008088926784694195,
          -0.999947190284729,
          0.0063422489911317825,
          1.7070083618164062
        ],
        [
          0.0,
          0.0,
          0.0,
          1.0
        ]
      ],
      "matrix_ego_from_sensor_carla": [
        [
          0.5735766887664795,
          0.8191518187522888,
          3.2594641652394785e-08,
          1.3000011444091797
        ],
        [
          -0.8191518783569336,
          0.5735767483711243,
          -4.7371724321010333e-08,
          -0.54998779296875
        ],
        [
          -5.739823549788525e-08,
          1.2344639754857667e-09,
          1.0,
          1.7000000476837158
        ],
        [
          0.0,
          0.0,
          0.0,
          1.0
        ]
      ],
      "matrix_ego_from_sensor_bevfusion": [
        [
          0.8191518187522888,
          -3.2594641652394785e-08,
          0.5735766887664795,
          1.3000011444091797
        ],
        [
          -0.5735767483711243,
          -4.7371724321010333e-08,
          0.8191518783569336,
          0.54998779296875
        ],
        [
          1.2344639754857667e-09,
          -1.0,
          -5.739823549788525e-08,
          1.7000000476837158
        ],
        [
          0.0,
          0.0,
          0.0,
          1.0
        ]
      ],
      "camera_intrinsics": [
        [
          685.5110473632812,
          0.0,
          480.0
        ],
        [
          0.0,
          685.5110473632812,
          270.0
        ],
        [
          0.0,
          0.0,
          1.0
        ]
      ],
      "data_path": "D:\\Agent-AI\\outputs\\s3a_ml_long_v1\\sample_000003\\images\\CAM_FRONT_LEFT.png",
      "raw_layout": "bgra8"
    },
    "CAM_BACK": {
      "type_id": "sensor.camera.rgb",
      "blueprint_attributes": {
        "role_name": "front",
        "ros_name": "sensor.camera.rgb",
        "chromatic_aberration_offset": "0.0",
        "sensor_tick": "0.100000",
        "fstop": "1.4",
        "image_size_x": "960",
        "image_size_y": "540",
        "fov": "70.00",
        "lens_circle_falloff": "5.0",
        "lens_circle_multiplier": "0.0",
        "exposure_compensation": "0.0",
        "lens_y_size": "0.08",
        "lens_k": "-1.0",
        "exposure_mode": "histogram",
        "lens_kcube": "0.0",
        "lens_x_size": "0.08",
        "exposure_max_bright": "12.0",
        "shutter_speed": "200.0",
        "bloom_intensity": "0.675",
        "iso": "100.0",
        "enable_postprocess_effects": "false",
        "gamma": "2.2",
        "motion_blur_intensity": "0.0",
        "motion_blur_max_distortion": "0.35",
        "lens_flare_intensity": "0.1",
        "motion_blur_min_object_screen_size": "0.1",
        "exposure_min_bright": "10.0",
        "exposure_speed_up": "3.0",
        "exposure_speed_down": "1.0",
        "tint": "0.0",
        "calibration_constant": "16.0",
        "focal_distance": "1000.0",
        "min_fstop": "1.2",
        "blade_count": "5",
        "blur_amount": "0.0",
        "blur_radius": "0.0",
        "slope": "0.88",
        "toe": "0.55",
        "white_clip": "0.04",
        "shoulder": "0.26",
        "black_clip": "0.0",
        "temp": "6500.0",
        "chromatic_aberration_intensity": "0.0"
      },
      "transform_carla": {
        "location": {
          "x": 106.41748809814453,
          "y": -20.521991729736328,
          "z": 1.6774505376815796
        },
        "rotation": {
          "roll": -0.0318407341837883,
          "pitch": -0.5880860686302185,
          "yaw": 88.89370727539062
        }
      },
      "matrix_world_from_sensor_carla": [
        [
          0.019306186586618423,
          -0.9998133182525635,
          0.000753788452129811,
          106.41748809814453
        ],
        [
          0.9997609257698059,
          0.01931290328502655,
          0.010251212865114212,
          -20.521991729736328
        ],
        [
          -0.010263857431709766,
          0.0005556963733397424,
          0.9999471306800842,
          1.6774505376815796
        ],
        [
          0.0,
          0.0,
          0.0,
          1.0
        ]
      ],
      "matrix_world_from_sensor_bevfusion": [
        [
          -0.9998133182525635,
          -0.000753788452129811,
          0.019306186586618423,
          106.41748809814453
        ],
        [
          -0.01931290328502655,
          0.010251212865114212,
          -0.9997609257698059,
          20.521991729736328
        ],
        [
          0.0005556963733397424,
          -0.9999471306800842,
          -0.010263857431709766,
          1.6774505376815796
        ],
        [
          0.0,
          0.0,
          0.0,
          1.0
        ]
      ],
      "matrix_ego_from_sensor_carla": [
        [
          -0.9999999403953552,
          -1.509850164893578e-07,
          3.178988738916644e-10,
          -1.549997329711914
        ],
        [
          1.525521184930767e-07,
          -1.0000001192092896,
          5.2811239825700795e-09,
          7.62939453125e-06
        ],
        [
          1.6501244815003702e-12,
          5.287390969499484e-09,
          1.0,
          1.6999998092651367
        ],
        [
          0.0,
          0.0,
          0.0,
          1.0
        ]
      ],
      "matrix_ego_from_sensor_bevfusion": [
        [
          -1.509850164893578e-07,
          -3.178988738916644e-10,
          -0.9999999403953552,
          -1.549997329711914
        ],
        [
          1.0000001192092896,
          5.2811239825700795e-09,
          -1.525521184930767e-07,
          -7.62939453125e-06
        ],
        [
          5.287390969499484e-09,
          -1.0,
          1.6501244815003702e-12,
          1.6999998092651367
        ],
        [
          0.0,
          0.0,
          0.0,
          1.0
        ]
      ],
      "camera_intrinsics": [
        [
          685.5110473632812,
          0.0,
          480.0
        ],
        [
          0.0,
          685.5110473632812,
          270.0
        ],
        [
          0.0,
          0.0,
          1.0
        ]
      ],
      "data_path": "D:\\Agent-AI\\outputs\\s3a_ml_long_v1\\sample_000003\\images\\CAM_BACK.png",
      "raw_layout": "bgra8"
    },
    "CAM_BACK_LEFT": {
      "type_id": "sensor.camera.rgb",
      "blueprint_attributes": {
        "role_name": "front",
        "ros_name": "sensor.camera.rgb",
        "chromatic_aberration_offset": "0.0",
        "sensor_tick": "0.100000",
        "fstop": "1.4",
        "image_size_x": "960",
        "image_size_y": "540",
        "fov": "70.00",
        "lens_circle_falloff": "5.0",
        "lens_circle_multiplier": "0.0",
        "exposure_compensation": "0.0",
        "lens_y_size": "0.08",
        "lens_k": "-1.0",
        "exposure_mode": "histogram",
        "lens_kcube": "0.0",
        "lens_x_size": "0.08",
        "exposure_max_bright": "12.0",
        "shutter_speed": "200.0",
        "bloom_intensity": "0.675",
        "iso": "100.0",
        "enable_postprocess_effects": "false",
        "gamma": "2.2",
        "motion_blur_intensity": "0.0",
        "motion_blur_max_distortion": "0.35",
        "lens_flare_intensity": "0.1",
        "motion_blur_min_object_screen_size": "0.1",
        "exposure_min_bright": "10.0",
        "exposure_speed_up": "3.0",
        "exposure_speed_down": "1.0",
        "tint": "0.0",
        "calibration_constant": "16.0",
        "focal_distance": "1000.0",
        "min_fstop": "1.2",
        "blade_count": "5",
        "blur_amount": "0.0",
        "blur_radius": "0.0",
        "slope": "0.88",
        "toe": "0.55",
        "white_clip": "0.04",
        "shoulder": "0.26",
        "black_clip": "0.0",
        "temp": "6500.0",
        "chromatic_aberration_intensity": "0.0"
      },
      "transform_carla": {
        "location": {
          "x": 105.8627700805664,
          "y": -20.761308670043945,
          "z": 1.6803221702575684
        },
        "rotation": {
          "roll": -0.4999990165233612,
          "pitch": -0.3112243711948395,
          "yaw": 143.8948974609375
        }
      },
      "matrix_world_from_sensor_carla": [
        [
          -0.8079255223274231,
          -0.5892841219902039,
          0.0007538218051195145,
          105.8627700805664
        ],
        [
          0.5892595648765564,
          -0.8078787326812744,
          0.010251183994114399,
          -20.761308670043945
        ],
        [
          -0.005431863479316235,
          0.008726389147341251,
          0.9999471306800842,
          1.6803221702575684
        ],
        [
          0.0,
          0.0,
          0.0,
          1.0
        ]
      ],
      "matrix_world_from_sensor_bevfusion": [
        [
          -0.5892841219902039,
          -0.0007538218051195145,
          -0.8079255223274231,
          105.8627700805664
        ],
        [
          0.8078787326812744,
          0.010251183994114399,
          -0.5892595648765564,
          20.761308670043945
        ],
        [
          0.008726389147341251,
          -0.9999471306800842,
          -0.005431863479316235,
          1.6803221702575684
        ],
        [
          0.0,
          0.0,
          0.0,
          1.0
        ]
      ],
      "matrix_ego_from_sensor_carla": [
        [
          -0.5735765695571899,
          0.8191519379615784,
          2.8257575834800264e-08,
          -1.2999992370605469
        ],
        [
          -0.8191518783569336,
          -0.5735766291618347,
          3.921618940694316e-08,
          -0.5499954223632812
        ],
        [
          4.8436586297384565e-08,
          -1.696096929570956e-09,
          1.0,
          1.6999998092651367
        ],
        [
          0.0,
          0.0,
          0.0,
          1.0
        ]
      ],
      "matrix_ego_from_sensor_bevfusion": [
        [
          0.8191519379615784,
          -2.8257575834800264e-08,
          -0.5735765695571899,
          -1.2999992370605469
        ],
        [
          0.5735766291618347,
          3.921618940694316e-08,
          0.8191518783569336,
          0.5499954223632812
        ],
        [
          -1.696096929570956e-09,
          -1.0,
          4.8436586297384565e-08,
          1.6999998092651367
        ],
        [
          0.0,
          0.0,
          0.0,
          1.0
        ]
      ],
      "camera_intrinsics": [
        [
          685.5110473632812,
          0.0,
          480.0
        ],
        [
          0.0,
          685.5110473632812,
          270.0
        ],
        [
          0.0,
          0.0,
          1.0
        ]
      ],
      "data_path": "D:\\Agent-AI\\outputs\\s3a_ml_long_v1\\sample_000003\\images\\CAM_BACK_LEFT.png",
      "raw_layout": "bgra8"
    },
    "CAM_BACK_RIGHT": {
      "type_id": "sensor.camera.rgb",
      "blueprint_attributes": {
        "role_name": "front",
        "ros_name": "sensor.camera.rgb",
        "chromatic_aberration_offset": "0.0",
        "sensor_tick": "0.100000",
        "fstop": "1.4",
        "image_size_x": "960",
        "image_size_y": "540",
        "fov": "70.00",
        "lens_circle_falloff": "5.0",
        "lens_circle_multiplier": "0.0",
        "exposure_compensation": "0.0",
        "lens_y_size": "0.08",
        "lens_k": "-1.0",
        "exposure_mode": "histogram",
        "lens_kcube": "0.0",
        "lens_x_size": "0.08",
        "exposure_max_bright": "12.0",
        "shutter_speed": "200.0",
        "bloom_intensity": "0.675",
        "iso": "100.0",
        "enable_postprocess_effects": "false",
        "gamma": "2.2",
        "motion_blur_intensity": "0.0",
        "motion_blur_max_distortion": "0.35",
        "lens_flare_intensity": "0.1",
        "motion_blur_min_object_screen_size": "0.1",
        "exposure_min_bright": "10.0",
        "exposure_speed_up": "3.0",
        "exposure_speed_down": "1.0",
        "tint": "0.0",
        "calibration_constant": "16.0",
        "focal_distance": "1000.0",
        "min_fstop": "1.2",
        "blade_count": "5",
        "blur_amount": "0.0",
        "blur_radius": "0.0",
        "slope": "0.88",
        "toe": "0.55",
        "white_clip": "0.04",
        "shoulder": "0.26",
        "black_clip": "0.0",
        "temp": "6500.0",
        "chromatic_aberration_intensity": "0.0"
      },
      "transform_carla": {
        "location": {
          "x": 106.96256256103516,
          "y": -20.78255271911621,
          "z": 1.6797109842300415
        },
        "rotation": {
          "roll": 0.4634757339954376,
          "pitch": -0.3633865416049957,
          "yaw": 33.89207077026367
        }
      },
      "matrix_world_from_sensor_carla": [
        [
          0.8300727605819702,
          -0.5576545596122742,
          0.0007537407800555229,
          106.96256256103516
        ],
        [
          0.557619035243988,
          0.8300336599349976,
          0.010251181200146675,
          -20.78255271911621
        ],
        [
          -0.0063422489911317825,
          -0.008088926784694195,
          0.999947190284729,
          1.6797109842300415
        ],
        [
          0.0,
          0.0,
          0.0,
          1.0
        ]
      ],
      "matrix_world_from_sensor_bevfusion": [
        [
          -0.5576545596122742,
          -0.0007537407800555229,
          0.8300727605819702,
          106.96256256103516
        ],
        [
          -0.8300336599349976,
          0.010251181200146675,
          -0.557619035243988,
          20.78255271911621
        ],
        [
          -0.008088926784694195,
          -0.999947190284729,
          -0.0063422489911317825,
          1.6797109842300415
        ],
        [
          0.0,
          0.0,
          0.0,
          1.0
        ]
      ],
      "matrix_ego_from_sensor_carla": [
        [
          -0.5735762119293213,
          -0.8191521763801575,
          3.352596422701026e-08,
          -1.2999992370605469
        ],
        [
          0.8191522359848022,
          -0.5735762715339661,
          -4.178378887331746e-08,
          0.5500106811523438
        ],
        [
          5.274162262480786e-08,
          2.490826211953845e-09,
          1.0,
          1.7000000476837158
        ],
        [
          0.0,
          0.0,
          0.0,
          1.0
        ]
      ],
      "matrix_ego_from_sensor_bevfusion": [
        [
          -0.8191521763801575,
          -3.352596422701026e-08,
          -0.5735762119293213,
          -1.2999992370605469
        ],
        [
          0.5735762715339661,
          -4.178378887331746e-08,
          -0.8191522359848022,
          -0.5500106811523438
        ],
        [
          2.490826211953845e-09,
          -1.0,
          5.274162262480786e-08,
          1.7000000476837158
        ],
        [
          0.0,
          0.0,
          0.0,
          1.0
        ]
      ],
      "camera_intrinsics": [
        [
          685.5110473632812,
          0.0,
          480.0
        ],
        [
          0.0,
          685.5110473632812,
          270.0
        ],
        [
          0.0,
          0.0,
          1.0
        ]
      ],
      "data_path": "D:\\Agent-AI\\outputs\\s3a_ml_long_v1\\sample_000003\\images\\CAM_BACK_RIGHT.png",
      "raw_layout": "bgra8"
    },
    "LIDAR_TOP": {
      "type_id": "sensor.lidar.ray_cast",
      "blueprint_attributes": {
        "atmosphere_attenuation_rate": "0.004",
        "role_name": "front",
        "noise_seed": "0",
        "upper_fov": "10.0",
        "ros_name": "sensor.lidar.ray_cast",
        "sensor_tick": "0.100000",
        "channels": "32",
        "range": "120.0",
        "points_per_second": "360000",
        "lower_fov": "-30.0",
        "rotation_frequency": "10.000000",
        "horizontal_fov": "360.0",
        "dropoff_general_rate": "0.0",
        "dropoff_intensity_limit": "1.0",
        "noise_stddev": "0.0",
        "dropoff_zero_intensity": "0.0"
      },
      "transform_carla": {
        "location": {
          "x": 106.38794708251953,
          "y": -22.06649398803711,
          "z": 2.193333148956299
        },
        "rotation": {
          "roll": 0.03184052184224129,
          "pitch": 0.5880860686302185,
          "yaw": -91.10628509521484
        }
      },
      "matrix_world_from_sensor_carla": [
        [
          -0.019306035712361336,
          0.9998133182525635,
          0.0007537831552326679,
          106.38794708251953
        ],
        [
          -0.9997609257698059,
          -0.019312752410769463,
          0.010251212865114212,
          -22.06649398803711
        ],
        [
          0.010263857431709766,
          -0.000555692648049444,
          0.9999471306800842,
          2.193333148956299
        ],
        [
          0.0,
          0.0,
          0.0,
          1.0
        ]
      ],
      "matrix_world_from_sensor_bevfusion": [
        [
          -0.019306035712361336,
          -0.9998133182525635,
          0.0007537831552326679,
          106.38794708251953
        ],
        [
          0.9997609257698059,
          -0.019312752410769463,
          -0.010251212865114212,
          22.06649398803711
        ],
        [
          0.010263857431709766,
          0.000555692648049444,
          0.9999471306800842,
          2.193333148956299
        ],
        [
          0.0,
          0.0,
          0.0,
          1.0
        ]
      ],
      "matrix_ego_from_sensor_carla": [
        [
          0.9999999403953552,
          1.8538091894892972e-10,
          3.178988738916644e-10,
          0.0
        ],
        [
          -1.6778616274137903e-09,
          1.0000001192092896,
          -1.5773299333332602e-11,
          7.62939453125e-06
        ],
        [
          -1.6501244815003702e-12,
          9.309421289405151e-12,
          1.0,
          2.1999998092651367
        ],
        [
          0.0,
          0.0,
          0.0,
          1.0
        ]
      ],
      "matrix_ego_from_sensor_bevfusion": [
        [
          0.9999999403953552,
          -1.8538091894892972e-10,
          3.178988738916644e-10,
          0.0
        ],
        [
          1.6778616274137903e-09,
          1.0000001192092896,
          1.5773299333332602e-11,
          -7.62939453125e-06
        ],
        [
          -1.6501244815003702e-12,
          -9.309421289405151e-12,
          1.0,
          2.1999998092651367
        ],
        [
          0.0,
          0.0,
          0.0,
          1.0
        ]
      ],
      "data_path": "D:\\Agent-AI\\outputs\\s3a_ml_long_v1\\sample_000003\\lidar\\LIDAR_TOP.npy",
      "raw_layout": [
        "x",
        "y",
        "z",
        "intensity"
      ]
    },
    "RADAR_FRONT": {
      "type_id": "sensor.other.radar",
      "blueprint_attributes": {
        "sensor_tick": "0.100000",
        "role_name": "default",
        "noise_seed": "0",
        "ros_name": "sensor.other.radar",
        "horizontal_fov": "35.0",
        "points_per_second": "1500",
        "vertical_fov": "20.0",
        "range": "120.0"
      },
      "transform_carla": {
        "location": {
          "x": 106.34835815429688,
          "y": -24.079341888427734,
          "z": 0.9139295816421509
        },
        "rotation": {
          "roll": 0.03184052184224129,
          "pitch": 0.5880860686302185,
          "yaw": -91.10628509521484
        }
      },
      "matrix_world_from_sensor_carla": [
        [
          -0.019306035712361336,
          0.9998133182525635,
          0.0007537831552326679,
          106.34835815429688
        ],
        [
          -0.9997609257698059,
          -0.019312752410769463,
          0.010251212865114212,
          -24.079341888427734
        ],
        [
          0.010263857431709766,
          -0.000555692648049444,
          0.9999471306800842,
          0.9139295816421509
        ],
        [
          0.0,
          0.0,
          0.0,
          1.0
        ]
      ],
      "matrix_world_from_sensor_bevfusion": [
        [
          -0.019306035712361336,
          -0.9998133182525635,
          0.0007537831552326679,
          106.34835815429688
        ],
        [
          0.9997609257698059,
          -0.019312752410769463,
          -0.010251212865114212,
          24.079341888427734
        ],
        [
          0.010263857431709766,
          0.000555692648049444,
          0.9999471306800842,
          0.9139295816421509
        ],
        [
          0.0,
          0.0,
          0.0,
          1.0
        ]
      ],
      "matrix_ego_from_sensor_carla": [
        [
          0.9999999403953552,
          1.8538091894892972e-10,
          3.178988738916644e-10,
          2.0
        ],
        [
          -1.6778616274137903e-09,
          1.0000001192092896,
          -1.5773299333332602e-11,
          1.52587890625e-05
        ],
        [
          -1.6501244815003702e-12,
          9.309421289405151e-12,
          1.0,
          0.8999999761581421
        ],
        [
          0.0,
          0.0,
          0.0,
          1.0
        ]
      ],
      "matrix_ego_from_sensor_bevfusion": [
        [
          0.9999999403953552,
          -1.8538091894892972e-10,
          3.178988738916644e-10,
          2.0
        ],
        [
          1.6778616274137903e-09,
          1.0000001192092896,
          1.5773299333332602e-11,
          -1.52587890625e-05
        ],
        [
          -1.6501244815003702e-12,
          -9.309421289405151e-12,
          1.0,
          0.8999999761581421
        ],
        [
          0.0,
          0.0,
          0.0,
          1.0
        ]
      ],
      "data_path": "D:\\Agent-AI\\outputs\\s3a_ml_long_v1\\sample_000003\\radar\\RADAR_FRONT.npy",
      "raw_layout": [
        "velocity",
        "altitude",
        "azimuth",
        "depth"
      ]
    },
    "RADAR_FRONT_LEFT": {
      "type_id": "sensor.other.radar",
      "blueprint_attributes": {
        "sensor_tick": "0.100000",
        "role_name": "default",
        "noise_seed": "0",
        "ros_name": "sensor.other.radar",
        "horizontal_fov": "35.0",
        "points_per_second": "1500",
        "vertical_fov": "20.0",
        "range": "120.0"
      },
      "transform_carla": {
        "location": {
          "x": 105.60525512695312,
          "y": -23.714941024780273,
          "z": 0.9107540845870972
        },
        "rotation": {
          "roll": -0.39333340525627136,
          "pitch": 0.43834784626960754,
          "yaw": -136.1079559326172
        }
      },
      "matrix_world_from_sensor_carla": [
        [
          -0.7206262350082397,
          0.6933233141899109,
          0.0007537566125392914,
          105.60525512695312
        ],
        [
          -0.6932815313339233,
          -0.7205939292907715,
          0.010251185856759548,
          -23.714941024780273
        ],
        [
          0.0076505388133227825,
          0.006864708382636309,
          0.999947190284729,
          0.9107540845870972
        ],
        [
          0.0,
          0.0,
          0.0,
          1.0
        ]
      ],
      "matrix_world_from_sensor_bevfusion": [
        [
          -0.7206262350082397,
          -0.6933233141899109,
          0.0007537566125392914,
          105.60525512695312
        ],
        [
          0.6932815313339233,
          -0.7205939292907715,
          -0.010251185856759548,
          23.714941024780273
        ],
        [
          0.0076505388133227825,
          -0.006864708382636309,
          0.999947190284729,
          0.9107540845870972
        ],
        [
          0.0,
          0.0,
          0.0,
          1.0
        ]
      ],
      "matrix_ego_from_sensor_carla": [
        [
          0.7071067094802856,
          0.7071067690849304,
          2.7938027002960553e-08,
          1.6499996185302734
        ],
        [
          -0.7071068286895752,
          0.7071067690849304,
          -2.6067720426681262e-08,
          -0.7499847412109375
        ],
        [
          -3.847866736350625e-08,
          -1.1701362101490531e-09,
          1.0,
          0.9000000357627869
        ],
        [
          0.0,
          0.0,
          0.0,
          1.0
        ]
      ],
      "matrix_ego_from_sensor_bevfusion": [
        [
          0.7071067094802856,
          -0.7071067690849304,
          2.7938027002960553e-08,
          1.6499996185302734
        ],
        [
          0.7071068286895752,
          0.7071067690849304,
          2.6067720426681262e-08,
          0.7499847412109375
        ],
        [
          -3.847866736350625e-08,
          1.1701362101490531e-09,
          1.0,
          0.9000000357627869
        ],
        [
          0.0,
          0.0,
          0.0,
          1.0
        ]
      ],
      "data_path": "D:\\Agent-AI\\outputs\\s3a_ml_long_v1\\sample_000003\\radar\\RADAR_FRONT_LEFT.npy",
      "raw_layout": [
        "velocity",
        "altitude",
        "azimuth",
        "depth"
      ]
    },
    "RADAR_FRONT_RIGHT": {
