{
  "schema_version": "stage1.v1",
  "sample_name": "sample_000039",
  "sequence_index": 39,
  "previous_sample_name": "sample_000038",
  "frame_id": 60040,
  "timestamp": 438.9197008088231,
  "platform_timestamp": 16814578.6860571,
  "delta_seconds": 0.10000000149011612,
  "town": "Carla/Maps/Town10HD_Opt",
  "weather": {
    "cloudiness": 20.0,
    "dust_storm": 0.0,
    "fog_density": 2.0,
    "fog_distance": 0.75,
    "fog_falloff": 0.10000000149011612,
    "mie_scattering_scale": 0.029999999329447746,
    "precipitation": 0.0,
    "precipitation_deposits": 0.0,
    "rayleigh_scattering_scale": 0.03310000151395798,
    "scattering_intensity": 1.0,
    "sun_altitude_angle": 45.0,
    "sun_azimuth_angle": 300.0,
    "wetness": 0.0,
    "wind_intensity": 10.0
  },
  "sensor_names": [
    "CAM_FRONT",
    "CAM_FRONT_RIGHT",
    "CAM_FRONT_LEFT",
    "CAM_BACK",
    "CAM_BACK_LEFT",
    "CAM_BACK_RIGHT",
    "LIDAR_TOP",
    "RADAR_FRONT",
    "RADAR_FRONT_LEFT",
    "RADAR_FRONT_RIGHT",
    "RADAR_BACK_LEFT",
    "RADAR_BACK_RIGHT"
  ],
  "camera_order_for_model": [
    "CAM_FRONT",
    "CAM_FRONT_RIGHT",
    "CAM_FRONT_LEFT",
    "CAM_BACK",
    "CAM_BACK_LEFT",
    "CAM_BACK_RIGHT"
  ],
  "radar_order_for_model": [
    "RADAR_FRONT",
    "RADAR_FRONT_LEFT",
    "RADAR_FRONT_RIGHT",
    "RADAR_BACK_LEFT",
    "RADAR_BACK_RIGHT"
  ],
  "coordinate_notes": {
    "carla_world": "left-handed x-forward y-right z-up",
    "bevfusion_lidar": "x-forward y-left z-up",
    "camera_frame_for_model": "OpenCV style x-right y-down z-forward"
  },
  "ego": {
    "actor_id": 28,
    "transform_carla": {
      "location": {
        "x": 97.88978576660156,
        "y": -47.99496841430664,
        "z": -0.004816551227122545
      },
      "rotation": {
        "roll": 0.7016198635101318,
        "pitch": 0.13189777731895447,
        "yaw": -126.1431884765625
      }
    },
    "velocity_carla": [
      -5.154619216918945,
      -6.581276893615723,
      -0.00014015196938998997
    ],
    "angular_velocity_carla": [
      1.3008224964141846,
      0.9920869469642639,
      -16.65761375427246
    ],
    "matrix_world_from_ego_carla": [
      [
        -0.5898036360740662,
        0.8074683547019958,
        0.011246271431446075,
        97.88978576660156
      ],
      [
        -0.8075433969497681,
        -0.5897837281227112,
        -0.0053634545765817165,
        -47.99496841430664
      ],
      [
        0.0023020482622087,
        -0.0122452387586236,
        0.9999223947525024,
        -0.004816551227122545
      ],
      [
        0.0,
        0.0,
        0.0,
        1.0
      ]
    ],
    "matrix_world_from_ego_bevfusion": [
      [
        -0.5898036360740662,
        -0.8074683547019958,
        0.011246271431446075,
        97.88978576660156
      ],
      [
        0.8075433969497681,
        -0.5897837281227112,
        0.0053634545765817165,
        47.99496841430664
      ],
      [
        0.0023020482622087,
        0.0122452387586236,
        0.9999223947525024,
        -0.004816551227122545
      ],
      [
        0.0,
        0.0,
        0.0,
        1.0
      ]
    ]
  },
  "sensors": {
    "CAM_FRONT": {
      "type_id": "sensor.camera.rgb",
      "blueprint_attributes": {
        "role_name": "front",
        "ros_name": "sensor.camera.rgb",
        "chromatic_aberration_offset": "0.0",
        "sensor_tick": "0.100000",
        "fstop": "1.4",
        "image_size_x": "960",
        "image_size_y": "540",
        "fov": "70.00",
        "lens_circle_falloff": "5.0",
        "lens_circle_multiplier": "0.0",
        "exposure_compensation": "0.0",
        "lens_y_size": "0.08",
        "lens_k": "-1.0",
        "exposure_mode": "histogram",
        "lens_kcube": "0.0",
        "lens_x_size": "0.08",
        "exposure_max_bright": "12.0",
        "shutter_speed": "200.0",
        "bloom_intensity": "0.675",
        "iso": "100.0",
        "enable_postprocess_effects": "false",
        "gamma": "2.2",
        "motion_blur_intensity": "0.0",
        "motion_blur_max_distortion": "0.35",
        "lens_flare_intensity": "0.1",
        "motion_blur_min_object_screen_size": "0.1",
        "exposure_min_bright": "10.0",
        "exposure_speed_up": "3.0",
        "exposure_speed_down": "1.0",
        "tint": "0.0",
        "calibration_constant": "16.0",
        "focal_distance": "1000.0",
        "min_fstop": "1.2",
        "blade_count": "5",
        "blur_amount": "0.0",
        "blur_radius": "0.0",
        "slope": "0.88",
        "toe": "0.55",
        "white_clip": "0.04",
        "shoulder": "0.26",
        "black_clip": "0.0",
        "temp": "6500.0",
        "chromatic_aberration_intensity": "0.0"
      },
      "transform_carla": {
        "location": {
          "x": 96.99470520019531,
          "y": -49.25577926635742,
          "z": 1.6986196041107178
        },
        "rotation": {
          "roll": 0.7016198635101318,
          "pitch": 0.13189777731895447,
          "yaw": -126.1431884765625
        }
      },
      "matrix_world_from_sensor_carla": [
        [
          -0.5898036360740662,
          0.8074683547019958,
          0.011246271431446075,
          96.99470520019531
        ],
        [
          -0.8075433969497681,
          -0.5897837281227112,
          -0.0053634545765817165,
          -49.25577926635742
        ],
        [
          0.0023020482622087,
          -0.0122452387586236,
          0.9999223947525024,
          1.6986196041107178
        ],
        [
          0.0,
          0.0,
          0.0,
          1.0
        ]
      ],
      "matrix_world_from_sensor_bevfusion": [
        [
          0.8074683547019958,
          -0.011246271431446075,
          -0.5898036360740662,
          96.99470520019531
        ],
        [
          0.5897837281227112,
          -0.0053634545765817165,
          0.8075433969497681,
          49.25577926635742
        ],
        [
          -0.0122452387586236,
          -0.9999223947525024,
          0.0023020482622087,
          1.6986196041107178
        ],
        [
          0.0,
          0.0,
          0.0,
          1.0
        ]
      ],
      "matrix_ego_from_sensor_carla": [
        [
          1.0,
          4.362687633374662e-08,
          3.957578986746313e-10,
          1.5500068664550781
        ],
        [
          -2.999985815321793e-09,
          1.0,
          -5.856364282408322e-10,
          0.0
        ],
        [
          2.5852706087015065e-10,
          1.4430895367567587e-10,
          1.0,
          1.6999999284744263
        ],
        [
          0.0,
          0.0,
          0.0,
          1.0
        ]
      ],
      "matrix_ego_from_sensor_bevfusion": [
        [
          4.362687633374662e-08,
          -3.957578986746313e-10,
          1.0,
          1.5500068664550781
        ],
        [
          -1.0,
          -5.856364282408322e-10,
          2.999985815321793e-09,
          0.0
        ],
        [
          1.4430895367567587e-10,
          -1.0,
          2.5852706087015065e-10,
          1.6999999284744263
        ],
        [
          0.0,
          0.0,
          0.0,
          1.0
        ]
      ],
      "camera_intrinsics": [
        [
          685.5110473632812,
          0.0,
          480.0
        ],
        [
          0.0,
          685.5110473632812,
          270.0
        ],
        [
          0.0,
          0.0,
          1.0
        ]
      ],
      "data_path": "D:\\Agent-AI\\outputs\\s3a_ml_long_v2\\sample_000039\\images\\CAM_FRONT.png",
      "raw_layout": "bgra8"
    },
    "CAM_FRONT_RIGHT": {
      "type_id": "sensor.camera.rgb",
      "blueprint_attributes": {
        "role_name": "front",
        "ros_name": "sensor.camera.rgb",
        "chromatic_aberration_offset": "0.0",
        "sensor_tick": "0.100000",
        "fstop": "1.4",
        "image_size_x": "960",
        "image_size_y": "540",
        "fov": "70.00",
        "lens_circle_falloff": "5.0",
        "lens_circle_multiplier": "0.0",
        "exposure_compensation": "0.0",
        "lens_y_size": "0.08",
        "lens_k": "-1.0",
        "exposure_mode": "histogram",
        "lens_kcube": "0.0",
        "lens_x_size": "0.08",
        "exposure_max_bright": "12.0",
        "shutter_speed": "200.0",
        "bloom_intensity": "0.675",
        "iso": "100.0",
        "enable_postprocess_effects": "false",
        "gamma": "2.2",
        "motion_blur_intensity": "0.0",
        "motion_blur_max_distortion": "0.35",
        "lens_flare_intensity": "0.1",
        "motion_blur_min_object_screen_size": "0.1",
        "exposure_min_bright": "10.0",
        "exposure_speed_up": "3.0",
        "exposure_speed_down": "1.0",
        "tint": "0.0",
        "calibration_constant": "16.0",
        "focal_distance": "1000.0",
        "min_fstop": "1.2",
        "blade_count": "5",
        "blur_amount": "0.0",
        "blur_radius": "0.0",
        "slope": "0.88",
        "toe": "0.55",
        "white_clip": "0.04",
        "shoulder": "0.26",
        "black_clip": "0.0",
        "temp": "6500.0",
        "chromatic_aberration_intensity": "0.0"
      },
      "transform_carla": {
        "location": {
          "x": 97.58626556396484,
          "y": -49.37827682495117,
          "z": 1.6913092136383057
        },
        "rotation": {
          "roll": 0.5104919075965881,
          "pitch": -0.4990682303905487,
          "yaw": -71.14623260498047
        }
      },
      "matrix_world_from_sensor_carla": [
        [
          0.32314160466194153,
          0.9462838172912598,
          0.011246259324252605,
          97.58626556396484
        ],
        [
          -0.9463105797767639,
          0.32321447134017944,
          -0.005363423377275467,
          -49.37827682495117
        ],
        [
          -0.008710273541510105,
          -0.008909308351576328,
          0.9999223947525024,
          1.6913092136383057
        ],
        [
          0.0,
          0.0,
          0.0,
          1.0
        ]
      ],
      "matrix_world_from_sensor_bevfusion": [
        [
          0.9462838172912598,
          -0.011246259324252605,
          0.32314160466194153,
          97.58626556396484
        ],
        [
          -0.32321447134017944,
          -0.005363423377275467,
          0.9463105797767639,
          49.37827682495117
        ],
        [
          -0.008909308351576328,
          -0.9999223947525024,
          -0.008710273541510105,
          1.6913092136383057
        ],
        [
          0.0,
          0.0,
          0.0,
          1.0
        ]
      ],
      "matrix_ego_from_sensor_carla": [
        [
          0.573576807975769,
          -0.8191518783569336,
          -1.799786275569204e-08,
          1.3000049591064453
        ],
        [
          0.8191518783569336,
          0.5735766887664795,
          -2.759399109208971e-08,
          0.5499954223632812
        ],
        [
          3.573217455254962e-08,
          2.7614106556939078e-09,
          1.0,
          1.6999999284744263
        ],
        [
          0.0,
          0.0,
          0.0,
          1.0
        ]
      ],
      "matrix_ego_from_sensor_bevfusion": [
        [
          -0.8191518783569336,
          1.799786275569204e-08,
          0.573576807975769,
          1.3000049591064453
        ],
        [
          -0.5735766887664795,
          -2.759399109208971e-08,
          -0.8191518783569336,
          -0.5499954223632812
        ],
        [
          2.7614106556939078e-09,
          -1.0,
          3.573217455254962e-08,
          1.6999999284744263
        ],
        [
          0.0,
          0.0,
          0.0,
          1.0
        ]
      ],
      "camera_intrinsics": [
        [
          685.5110473632812,
          0.0,
          480.0
        ],
        [
          0.0,
          685.5110473632812,
          270.0
        ],
        [
          0.0,
          0.0,
          1.0
        ]
      ],
      "data_path": "D:\\Agent-AI\\outputs\\s3a_ml_long_v2\\sample_000039\\images\\CAM_FRONT_RIGHT.png",
      "raw_layout": "bgra8"
    },
    "CAM_FRONT_LEFT": {
      "type_id": "sensor.camera.rgb",
      "blueprint_attributes": {
        "role_name": "front",
        "ros_name": "sensor.camera.rgb",
        "chromatic_aberration_offset": "0.0",
        "sensor_tick": "0.100000",
        "fstop": "1.4",
        "image_size_x": "960",
        "image_size_y": "540",
        "fov": "70.00",
        "lens_circle_falloff": "5.0",
        "lens_circle_multiplier": "0.0",
        "exposure_compensation": "0.0",
        "lens_y_size": "0.08",
        "lens_k": "-1.0",
        "exposure_mode": "histogram",
        "lens_kcube": "0.0",
        "lens_x_size": "0.08",
        "exposure_max_bright": "12.0",
        "shutter_speed": "200.0",
        "bloom_intensity": "0.675",
        "iso": "100.0",
        "enable_postprocess_effects": "false",
        "gamma": "2.2",
        "motion_blur_intensity": "0.0",
        "motion_blur_max_distortion": "0.35",
        "lens_flare_intensity": "0.1",
        "motion_blur_min_object_screen_size": "0.1",
        "exposure_min_bright": "10.0",
        "exposure_speed_up": "3.0",
        "exposure_speed_down": "1.0",
        "tint": "0.0",
        "calibration_constant": "16.0",
        "focal_distance": "1000.0",
        "min_fstop": "1.2",
        "blade_count": "5",
        "blur_amount": "0.0",
        "blur_radius": "0.0",
        "slope": "0.88",
        "toe": "0.55",
        "white_clip": "0.04",
        "shoulder": "0.26",
        "black_clip": "0.0",
        "temp": "6500.0",
        "chromatic_aberration_intensity": "0.0"
      },
      "transform_carla": {
        "location": {
          "x": 96.69804382324219,
          "y": -48.72951126098633,
          "z": 1.704779028892517
        },
        "rotation": {
          "roll": 0.2943975329399109,
          "pitch": 0.650384247303009,
          "yaw": 178.857666015625
        }
      },
      "matrix_world_from_sensor_carla": [
        [
          -0.9997368454933167,
          -0.019994156435132027,
          0.011246261186897755,
          96.69804382324219
        ],
        [
          0.019934821873903275,
          -0.999786913394928,
          -0.0053634559735655785,
          -48.72951126098633
        ],
        [
          0.011351102031767368,
          -0.005137852393090725,
          0.9999223947525024,
          1.704779028892517
        ],
        [
          0.0,
          0.0,
          0.0,
          1.0
        ]
      ],
      "matrix_world_from_sensor_bevfusion": [
        [
          -0.019994156435132027,
          -0.011246261186897755,
          -0.9997368454933167,
          96.69804382324219
        ],
        [
          0.999786913394928,
          -0.0053634559735655785,
          -0.019934821873903275,
          48.72951126098633
        ],
        [
          -0.005137852393090725,
          -0.9999223947525024,
          0.011351102031767368,
          1.704779028892517
        ],
        [
          0.0,
          0.0,
          0.0,
          1.0
        ]
      ],
      "matrix_ego_from_sensor_carla": [
        [
          0.5735762715339661,
          0.8191521763801575,
          7.3806774025797495e-09,
          1.3000106811523438
        ],
        [
          -0.8191521763801575,
          0.5735763907432556,
          -8.03621702516466e-09,
          -0.5500030517578125
        ],
        [
          -1.1726376314413756e-08,
          -5.068380715123055e-10,
          1.0,
          1.6999999284744263
        ],
        [
          0.0,
          0.0,
          0.0,
          1.0
        ]
      ],
      "matrix_ego_from_sensor_bevfusion": [
        [
          0.8191521763801575,
          -7.3806774025797495e-09,
          0.5735762715339661,
          1.3000106811523438
        ],
        [
          -0.5735763907432556,
          -8.03621702516466e-09,
          0.8191521763801575,
          0.5500030517578125
        ],
        [
          -5.068380715123055e-10,
          -1.0,
          -1.1726376314413756e-08,
          1.6999999284744263
        ],
        [
          0.0,
          0.0,
          0.0,
          1.0
        ]
      ],
      "camera_intrinsics": [
        [
          685.5110473632812,
          0.0,
          480.0
        ],
        [
          0.0,
          685.5110473632812,
          270.0
        ],
        [
          0.0,
          0.0,
          1.0
        ]
      ],
      "data_path": "D:\\Agent-AI\\outputs\\s3a_ml_long_v2\\sample_000039\\images\\CAM_FRONT_LEFT.png",
      "raw_layout": "bgra8"
    },
    "CAM_BACK": {
      "type_id": "sensor.camera.rgb",
      "blueprint_attributes": {
        "role_name": "front",
        "ros_name": "sensor.camera.rgb",
        "chromatic_aberration_offset": "0.0",
        "sensor_tick": "0.100000",
        "fstop": "1.4",
        "image_size_x": "960",
        "image_size_y": "540",
        "fov": "70.00",
        "lens_circle_falloff": "5.0",
        "lens_circle_multiplier": "0.0",
        "exposure_compensation": "0.0",
        "lens_y_size": "0.08",
        "lens_k": "-1.0",
        "exposure_mode": "histogram",
        "lens_kcube": "0.0",
        "lens_x_size": "0.08",
        "exposure_max_bright": "12.0",
        "shutter_speed": "200.0",
        "bloom_intensity": "0.675",
        "iso": "100.0",
        "enable_postprocess_effects": "false",
        "gamma": "2.2",
        "motion_blur_intensity": "0.0",
        "motion_blur_max_distortion": "0.35",
        "lens_flare_intensity": "0.1",
        "motion_blur_min_object_screen_size": "0.1",
        "exposure_min_bright": "10.0",
        "exposure_speed_up": "3.0",
        "exposure_speed_down": "1.0",
        "tint": "0.0",
        "calibration_constant": "16.0",
        "focal_distance": "1000.0",
        "min_fstop": "1.2",
        "blade_count": "5",
        "blur_amount": "0.0",
        "blur_radius": "0.0",
        "slope": "0.88",
        "toe": "0.55",
        "white_clip": "0.04",
        "shoulder": "0.26",
        "black_clip": "0.0",
        "temp": "6500.0",
        "chromatic_aberration_intensity": "0.0"
      },
      "transform_carla": {
        "location": {
          "x": 98.8230972290039,
          "y": -46.75239562988281,
          "z": 1.6914832592010498
        },
        "rotation": {
          "roll": -0.7016198039054871,
          "pitch": -0.13189777731895447,
          "yaw": 53.85683822631836
        }
      },
      "matrix_world_from_sensor_carla": [
        [
          0.5898033380508423,
          -0.807468593120575,
          0.011246273294091225,
          98.8230972290039
        ],
        [
          0.8075436353683472,
          0.5897834300994873,
          -0.0053634499199688435,
          -46.75239562988281
        ],
        [
          -0.0023020482622087,
          0.012245237827301025,
          0.9999223947525024,
          1.6914832592010498
        ],
        [
          0.0,
          0.0,
          0.0,
          1.0
        ]
      ],
      "matrix_world_from_sensor_bevfusion": [
        [
          -0.807468593120575,
          -0.011246273294091225,
          0.5898033380508423,
          98.8230972290039
        ],
        [
          -0.5897834300994873,
          -0.0053634499199688435,
          -0.8075436353683472,
          46.75239562988281
        ],
        [
          0.012245237827301025,
          -0.9999223947525024,
          -0.0023020482622087,
          1.6914832592010498
        ],
        [
          0.0,
          0.0,
          0.0,
          1.0
        ]
      ],
      "matrix_ego_from_sensor_carla": [
        [
          -1.0,
          3.4604943266458577e-07,
          -4.493685423767602e-09,
          -1.5499916076660156
        ],
        [
          -3.760355582471675e-07,
          -1.0,
          -5.856364282408322e-10,
          0.0
        ],
        [
          -4.915139850680816e-09,
          -2.0068817718765786e-09,
          1.0,
          1.6999996900558472
        ],
        [
          0.0,
          0.0,
          0.0,
          1.0
        ]
      ],
      "matrix_ego_from_sensor_bevfusion": [
        [
          3.4604943266458577e-07,
          4.493685423767602e-09,
          -1.0,
          -1.5499916076660156
        ],
        [
          1.0,
          -5.856364282408322e-10,
          3.760355582471675e-07,
          0.0
        ],
        [
          -2.0068817718765786e-09,
          -1.0,
          -4.915139850680816e-09,
          1.6999996900558472
        ],
        [
          0.0,
          0.0,
          0.0,
          1.0
        ]
      ],
      "camera_intrinsics": [
        [
          685.5110473632812,
          0.0,
          480.0
        ],
        [
          0.0,
          685.5110473632812,
          270.0
        ],
        [
          0.0,
          0.0,
          1.0
        ]
      ],
      "data_path": "D:\\Agent-AI\\outputs\\s3a_ml_long_v2\\sample_000039\\images\\CAM_BACK.png",
      "raw_layout": "bgra8"
    },
    "CAM_BACK_LEFT": {
      "type_id": "sensor.camera.rgb",
      "blueprint_attributes": {
        "role_name": "front",
        "ros_name": "sensor.camera.rgb",
        "chromatic_aberration_offset": "0.0",
        "sensor_tick": "0.100000",
        "fstop": "1.4",
        "image_size_x": "960",
        "image_size_y": "540",
        "fov": "70.00",
        "lens_circle_falloff": "5.0",
        "lens_circle_multiplier": "0.0",
        "exposure_compensation": "0.0",
        "lens_y_size": "0.08",
        "lens_k": "-1.0",
        "exposure_mode": "histogram",
        "lens_kcube": "0.0",
        "lens_x_size": "0.08",
        "exposure_max_bright": "12.0",
        "shutter_speed": "200.0",
        "bloom_intensity": "0.675",
        "iso": "100.0",
        "enable_postprocess_effects": "false",
        "gamma": "2.2",
        "motion_blur_intensity": "0.0",
        "motion_blur_max_distortion": "0.35",
        "lens_flare_intensity": "0.1",
        "motion_blur_min_object_screen_size": "0.1",
        "exposure_min_bright": "10.0",
        "exposure_speed_up": "3.0",
        "exposure_speed_down": "1.0",
        "tint": "0.0",
        "calibration_constant": "16.0",
        "focal_distance": "1000.0",
        "min_fstop": "1.2",
        "blade_count": "5",
        "blur_amount": "0.0",
        "blur_radius": "0.0",
        "slope": "0.88",
        "toe": "0.55",
        "white_clip": "0.04",
        "shoulder": "0.26",
        "black_clip": "0.0",
        "temp": "6500.0",
        "chromatic_aberration_intensity": "0.0"
      },
      "transform_carla": {
        "location": {
          "x": 98.2315444946289,
          "y": -46.62990188598633,
          "z": 1.6987937688827515
        },
        "rotation": {
          "roll": -0.5104917883872986,
          "pitch": 0.4990682303905487,
          "yaw": 108.8537826538086
        }
      },
      "matrix_world_from_sensor_carla": [
        [
          -0.3231419324874878,
          -0.9462836980819702,
          0.011246259324252605,
          98.2315444946289
        ],
        [
          0.9463104605674744,
          -0.3232147991657257,
          -0.005363420117646456,
          -46.62990188598633
        ],
        [
          0.008710273541510105,
          0.008909306488931179,
          0.9999223947525024,
          1.6987937688827515
        ],
        [
          0.0,
          0.0,
          0.0,
          1.0
        ]
      ],
      "matrix_world_from_sensor_bevfusion": [
        [
          -0.9462836980819702,
          -0.011246259324252605,
          -0.3231419324874878,
          98.2315444946289
        ],
        [
          0.3232147991657257,
          -0.005363420117646456,
          -0.9463104605674744,
          46.62990188598633
        ],
        [
          0.008909306488931179,
          -0.9999223947525024,
          0.008710273541510105,
          1.6987937688827515
        ],
        [
          0.0,
          0.0,
          0.0,
          1.0
        ]
      ],
      "matrix_ego_from_sensor_carla": [
        [
          -0.5735765099525452,
          0.8191520571708679,
          -2.0558999835884606e-08,
          -1.2999954223632812
        ],
        [
          -0.8191521167755127,
          -0.5735763907432556,
          -2.9456636241320666e-08,
          -0.5500030517578125
        ],
        [
          -3.9457464851011537e-08,
          -1.8299433079960181e-09,
          1.0,
          1.7000001668930054
        ],
        [
          0.0,
          0.0,
          0.0,
          1.0
        ]
      ],
      "matrix_ego_from_sensor_bevfusion": [
        [
          0.8191520571708679,
          2.0558999835884606e-08,
          -0.5735765099525452,
          -1.2999954223632812
        ],
        [
          0.5735763907432556,
          -2.9456636241320666e-08,
          0.8191521167755127,
          0.5500030517578125
        ],
        [
          -1.8299433079960181e-09,
          -1.0,
          -3.9457464851011537e-08,
          1.7000001668930054
        ],
        [
          0.0,
          0.0,
          0.0,
          1.0
        ]
      ],
      "camera_intrinsics": [
        [
          685.5110473632812,
          0.0,
          480.0
        ],
        [
          0.0,
          685.5110473632812,
          270.0
        ],
        [
          0.0,
          0.0,
          1.0
        ]
      ],
      "data_path": "D:\\Agent-AI\\outputs\\s3a_ml_long_v2\\sample_000039\\images\\CAM_BACK_LEFT.png",
      "raw_layout": "bgra8"
    },
    "CAM_BACK_RIGHT": {
      "type_id": "sensor.camera.rgb",
      "blueprint_attributes": {
        "role_name": "front",
        "ros_name": "sensor.camera.rgb",
        "chromatic_aberration_offset": "0.0",
        "sensor_tick": "0.100000",
        "fstop": "1.4",
        "image_size_x": "960",
        "image_size_y": "540",
        "fov": "70.00",
        "lens_circle_falloff": "5.0",
        "lens_circle_multiplier": "0.0",
        "exposure_compensation": "0.0",
        "lens_y_size": "0.08",
        "lens_k": "-1.0",
        "exposure_mode": "histogram",
        "lens_kcube": "0.0",
        "lens_x_size": "0.08",
        "exposure_max_bright": "12.0",
        "shutter_speed": "200.0",
        "bloom_intensity": "0.675",
        "iso": "100.0",
        "enable_postprocess_effects": "false",
        "gamma": "2.2",
        "motion_blur_intensity": "0.0",
        "motion_blur_max_distortion": "0.35",
        "lens_flare_intensity": "0.1",
        "motion_blur_min_object_screen_size": "0.1",
        "exposure_min_bright": "10.0",
        "exposure_speed_up": "3.0",
        "exposure_speed_down": "1.0",
        "tint": "0.0",
        "calibration_constant": "16.0",
        "focal_distance": "1000.0",
        "min_fstop": "1.2",
        "blade_count": "5",
        "blur_amount": "0.0",
        "blur_radius": "0.0",
        "slope": "0.88",
        "toe": "0.55",
        "white_clip": "0.04",
        "shoulder": "0.26",
        "black_clip": "0.0",
        "temp": "6500.0",
        "chromatic_aberration_intensity": "0.0"
      },
      "transform_carla": {
        "location": {
          "x": 99.1197509765625,
          "y": -47.27865982055664,
          "z": 1.685323715209961
        },
        "rotation": {
          "roll": -0.29439741373062134,
          "pitch": -0.650384247303009,
          "yaw": -1.1423313617706299
        }
      },
      "matrix_world_from_sensor_carla": [
        [
          0.9997368454933167,
          0.01999417133629322,
          0.011246261186897755,
          99.1197509765625
        ],
        [
          -0.01993483677506447,
          0.999786913394928,
          -0.005363454110920429,
          -47.27865982055664
        ],
        [
          -0.011351102031767368,
          0.005137850064784288,
          0.9999223947525024,
          1.685323715209961
        ],
        [
          0.0,
          0.0,
          0.0,
          1.0
        ]
      ],
      "matrix_world_from_sensor_bevfusion": [
        [
          0.01999417133629322,
          -0.011246261186897755,
          0.9997368454933167,
          99.1197509765625
        ],
        [
          -0.999786913394928,
          -0.005363454110920429,
          0.01993483677506447,
          47.27865982055664
        ],
        [
          0.005137850064784288,
          -0.9999223947525024,
          -0.011351102031767368,
          1.685323715209961
        ],
        [
          0.0,
          0.0,
          0.0,
          1.0
        ]
      ],
      "matrix_ego_from_sensor_carla": [
        [
          -0.5735762715339661,
          -0.8191522359848022,
          5.983693540656532e-09,
          -1.2999935150146484
        ],
        [
          0.8191521763801575,
          -0.5735763907432556,
          -8.967539599780139e-09,
          0.5499954223632812
        ],
        [
          1.1726376314413756e-08,
          -1.8212875652068305e-09,
          1.0,
          1.6999996900558472
        ],
        [
          0.0,
          0.0,
          0.0,
          1.0
        ]
      ],
      "matrix_ego_from_sensor_bevfusion": [
        [
          -0.8191522359848022,
          -5.983693540656532e-09,
          -0.5735762715339661,
          -1.2999935150146484
        ],
        [
          0.5735763907432556,
          -8.967539599780139e-09,
          -0.8191521763801575,
          -0.5499954223632812
        ],
        [
          -1.8212875652068305e-09,
          -1.0,
          1.1726376314413756e-08,
          1.6999996900558472
        ],
        [
          0.0,
          0.0,
          0.0,
          1.0
        ]
      ],
      "camera_intrinsics": [
        [
          685.5110473632812,
          0.0,
          480.0
        ],
        [
          0.0,
          685.5110473632812,
          270.0
        ],
        [
          0.0,
          0.0,
          1.0
        ]
      ],
      "data_path": "D:\\Agent-AI\\outputs\\s3a_ml_long_v2\\sample_000039\\images\\CAM_BACK_RIGHT.png",
      "raw_layout": "bgra8"
    },
    "LIDAR_TOP": {
      "type_id": "sensor.lidar.ray_cast",
      "blueprint_attributes": {
        "atmosphere_attenuation_rate": "0.004",
        "role_name": "front",
        "noise_seed": "0",
        "upper_fov": "10.0",
        "ros_name": "sensor.lidar.ray_cast",
        "sensor_tick": "0.100000",
        "channels": "32",
        "range": "120.0",
        "points_per_second": "360000",
        "lower_fov": "-30.0",
        "rotation_frequency": "10.000000",
        "horizontal_fov": "360.0",
        "dropoff_general_rate": "0.0",
        "dropoff_intensity_limit": "1.0",
        "noise_stddev": "0.0",
        "dropoff_zero_intensity": "0.0"
      },
      "transform_carla": {
        "location": {
          "x": 97.9145278930664,
          "y": -48.006771087646484,
          "z": 2.1950125694274902
        },
        "rotation": {
          "roll": 0.7016198635101318,
          "pitch": 0.13189777731895447,
          "yaw": -126.1431884765625
        }
      },
      "matrix_world_from_sensor_carla": [
        [
          -0.5898036360740662,
          0.8074683547019958,
          0.011246271431446075,
          97.9145278930664
        ],
        [
          -0.8075433969497681,
          -0.5897837281227112,
          -0.0053634545765817165,
          -48.006771087646484
        ],
        [
          0.0023020482622087,
          -0.0122452387586236,
          0.9999223947525024,
          2.1950125694274902
        ],
        [
          0.0,
          0.0,
          0.0,
          1.0
        ]
      ],
      "matrix_world_from_sensor_bevfusion": [
        [
          -0.5898036360740662,
          -0.8074683547019958,
          0.011246271431446075,
          97.9145278930664
        ],
        [
          0.8075433969497681,
          -0.5897837281227112,
          0.0053634545765817165,
          48.006771087646484
        ],
        [
          0.0023020482622087,
          0.0122452387586236,
          0.9999223947525024,
          2.1950125694274902
        ],
        [
          0.0,
          0.0,
          0.0,
          1.0
        ]
      ],
      "matrix_ego_from_sensor_carla": [
        [
          1.0,
          4.362687633374662e-08,
          3.957578986746313e-10,
          5.7220458984375e-06
        ],
        [
          -2.999985815321793e-09,
          1.0,
          -5.856364282408322e-10,
          0.0
        ],
        [
          2.5852706087015065e-10,
          1.4430895367567587e-10,
          1.0,
          2.1999998092651367
        ],
        [
          0.0,
          0.0,
          0.0,
          1.0
        ]
      ],
      "matrix_ego_from_sensor_bevfusion": [
        [
          1.0,
          -4.362687633374662e-08,
          3.957578986746313e-10,
          5.7220458984375e-06
        ],
        [
          2.999985815321793e-09,
          1.0,
          5.856364282408322e-10,
          0.0
        ],
        [
          2.5852706087015065e-10,
          -1.4430895367567587e-10,
          1.0,
          2.1999998092651367
        ],
        [
          0.0,
          0.0,
          0.0,
          1.0
        ]
      ],
      "data_path": "D:\\Agent-AI\\outputs\\s3a_ml_long_v2\\sample_000039\\lidar\\LIDAR_TOP.npy",
      "raw_layout": [
        "x",
        "y",
        "z",
        "intensity"
      ]
    },
    "RADAR_FRONT": {
      "type_id": "sensor.other.radar",
      "blueprint_attributes": {
        "sensor_tick": "0.100000",
        "role_name": "default",
        "noise_seed": "0",
        "ros_name": "sensor.other.radar",
        "horizontal_fov": "35.0",
        "points_per_second": "1500",
        "vertical_fov": "20.0",
        "range": "120.0"
      },
      "transform_carla": {
        "location": {
          "x": 96.72029876708984,
          "y": -49.61488342285156,
          "z": 0.8997176885604858
        },
        "rotation": {
          "roll": 0.7016198635101318,
          "pitch": 0.13189777731895447,
          "yaw": -126.1431884765625
        }
      },
      "matrix_world_from_sensor_carla": [
        [
          -0.5898036360740662,
          0.8074683547019958,
          0.011246271431446075,
          96.72029876708984
        ],
        [
          -0.8075433969497681,
          -0.5897837281227112,
          -0.0053634545765817165,
          -49.61488342285156
        ],
        [
          0.0023020482622087,
          -0.0122452387586236,
          0.9999223947525024,
          0.8997176885604858
        ],
        [
          0.0,
          0.0,
          0.0,
          1.0
        ]
      ],
      "matrix_world_from_sensor_bevfusion": [
        [
          -0.5898036360740662,
          -0.8074683547019958,
          0.011246271431446075,
          96.72029876708984
        ],
        [
          0.8075433969497681,
          -0.5897837281227112,
          0.0053634545765817165,
          49.61488342285156
        ],
        [
          0.0023020482622087,
          0.0122452387586236,
          0.9999223947525024,
          0.8997176885604858
        ],
        [
          0.0,
          0.0,
          0.0,
          1.0
        ]
      ],
      "matrix_ego_from_sensor_carla": [
        [
          1.0,
          4.362687633374662e-08,
          3.957578986746313e-10,
          2.0000057220458984
        ],
        [
          -2.999985815321793e-09,
          1.0,
          -5.856364282408322e-10,
          0.0
        ],
        [
          2.5852706087015065e-10,
          1.4430895367567587e-10,
          1.0,
          0.8999999761581421
        ],
        [
          0.0,
          0.0,
          0.0,
          1.0
        ]
      ],
      "matrix_ego_from_sensor_bevfusion": [
        [
          1.0,
          -4.362687633374662e-08,
          3.957578986746313e-10,
          2.0000057220458984
        ],
        [
          2.999985815321793e-09,
          1.0,
          5.856364282408322e-10,
          0.0
        ],
        [
          2.5852706087015065e-10,
          -1.4430895367567587e-10,
          1.0,
          0.8999999761581421
        ],
        [
          0.0,
          0.0,
          0.0,
          1.0
        ]
      ],
      "data_path": "D:\\Agent-AI\\outputs\\s3a_ml_long_v2\\sample_000039\\radar\\RADAR_FRONT.npy",
      "raw_layout": [
        "velocity",
        "altitude",
        "azimuth",
        "depth"
      ]
    },
    "RADAR_FRONT_LEFT": {
      "type_id": "sensor.other.radar",
      "blueprint_attributes": {
        "sensor_tick": "0.100000",
        "role_name": "default",
        "noise_seed": "0",
        "ros_name": "sensor.other.radar",
        "horizontal_fov": "35.0",
        "points_per_second": "1500",
        "vertical_fov": "20.0",
        "range": "120.0"
      },
      "transform_carla": {
        "location": {
          "x": 96.32112884521484,
          "y": -48.88990783691406,
          "z": 0.9080958366394043
        },
        "rotation": {
          "roll": 0.40286538004875183,
          "pitch": 0.5893838405609131,
          "yaw": -171.14190673828125
        }
      },
      "matrix_world_from_sensor_carla": [
        [
          -0.9880204796791077,
          0.1539124846458435,
          0.011246295645833015,
          96.32112884521484
        ],
        [
          -0.1539796143770218,
          -0.9880594611167908,
          -0.0053634485229849815,
          -48.88990783691406
        ],
        [
          0.010286507196724415,
          -0.007030897308140993,
          0.9999223351478577,
          0.9080958366394043
        ],
        [
          0.0,
          0.0,
          0.0,
          1.0
        ]
      ],
      "matrix_world_from_sensor_bevfusion": [
        [
          -0.9880204796791077,
          -0.1539124846458435,
          0.011246295645833015,
          96.32112884521484
        ],
        [
          0.1539796143770218,
          -0.9880594611167908,
          0.0053634485229849815,
          48.88990783691406
        ],
        [
          0.010286507196724415,
          0.007030897308140993,
          0.9999223351478577,
          0.9080958366394043
        ],
        [
          0.0,
          0.0,
          0.0,
          1.0
        ]
      ],
      "matrix_ego_from_sensor_carla": [
        [
          0.7071069478988647,
          0.7071065902709961,
          -1.906639823801015e-08,
          1.6500072479248047
        ],
        [
          -0.7071065902709961,
          0.7071070075035095,
          1.6908042965724235e-08,
          -0.7500076293945312
        ],
        [
          2.3457772613255656e-08,
          3.5582001789435935e-09,
          0.9999999403953552,
          0.8999999761581421
        ],
        [
          0.0,
          0.0,
          0.0,
          1.0
        ]
      ],
      "matrix_ego_from_sensor_bevfusion": [
        [
          0.7071069478988647,
          -0.7071065902709961,
          -1.906639823801015e-08,
          1.6500072479248047
        ],
        [
          0.7071065902709961,
          0.7071070075035095,
          -1.6908042965724235e-08,
          0.7500076293945312
        ],
        [
          2.3457772613255656e-08,
          -3.5582001789435935e-09,
          0.9999999403953552,
          0.8999999761581421
        ],
        [
          0.0,
          0.0,
          0.0,
          1.0
        ]
      ],
      "data_path": "D:\\Agent-AI\\outputs\\s3a_ml_long_v2\\sample_000039\\radar\\RADAR_FRONT_LEFT.npy",
      "raw_layout": [
        "velocity",
        "altitude",
        "azimuth",
        "depth"
      ]
    },
    "RADAR_FRONT_RIGHT": {
      "type_id": "sensor.other.radar",
      "blueprint_attributes": {
        "sensor_tick": "0.100000",
        "role_name": "default",
        "noise_seed": "0",
        "ros_name": "sensor.other.radar",
        "horizontal_fov": "35.0",
        "points_per_second": "1500",
        "vertical_fov": "20.0",
        "range": "120.0"
      },
      "transform_carla": {
        "location": {
