{
  "schema_version": "stage1.v1",
  "sample_name": "sample_000068",
  "sequence_index": 68,
  "previous_sample_name": "sample_000067",
  "frame_id": 60069,
  "timestamp": 441.8197008520365,
  "platform_timestamp": 16814592.677153,
  "delta_seconds": 0.10000000149011612,
  "town": "Carla/Maps/Town10HD_Opt",
  "weather": {
    "cloudiness": 20.0,
    "dust_storm": 0.0,
    "fog_density": 2.0,
    "fog_distance": 0.75,
    "fog_falloff": 0.10000000149011612,
    "mie_scattering_scale": 0.029999999329447746,
    "precipitation": 0.0,
    "precipitation_deposits": 0.0,
    "rayleigh_scattering_scale": 0.03310000151395798,
    "scattering_intensity": 1.0,
    "sun_altitude_angle": 45.0,
    "sun_azimuth_angle": 300.0,
    "wetness": 0.0,
    "wind_intensity": 10.0
  },
  "sensor_names": [
    "CAM_FRONT",
    "CAM_FRONT_RIGHT",
    "CAM_FRONT_LEFT",
    "CAM_BACK",
    "CAM_BACK_LEFT",
    "CAM_BACK_RIGHT",
    "LIDAR_TOP",
    "RADAR_FRONT",
    "RADAR_FRONT_LEFT",
    "RADAR_FRONT_RIGHT",
    "RADAR_BACK_LEFT",
    "RADAR_BACK_RIGHT"
  ],
  "camera_order_for_model": [
    "CAM_FRONT",
    "CAM_FRONT_RIGHT",
    "CAM_FRONT_LEFT",
    "CAM_BACK",
    "CAM_BACK_LEFT",
    "CAM_BACK_RIGHT"
  ],
  "radar_order_for_model": [
    "RADAR_FRONT",
    "RADAR_FRONT_LEFT",
    "RADAR_FRONT_RIGHT",
    "RADAR_BACK_LEFT",
    "RADAR_BACK_RIGHT"
  ],
  "coordinate_notes": {
    "carla_world": "left-handed x-forward y-right z-up",
    "bevfusion_lidar": "x-forward y-left z-up",
    "camera_frame_for_model": "OpenCV style x-right y-down z-forward"
  },
  "ego": {
    "actor_id": 28,
    "transform_carla": {
      "location": {
        "x": 82.47019958496094,
        "y": -60.36309814453125,
        "z": -0.0022593687754124403
      },
      "rotation": {
        "roll": 0.1298912912607193,
        "pitch": -0.6400160193443298,
        "yaw": -154.19822692871094
      }
    },
    "velocity_carla": [
      -1.5289815664291382,
      -0.633170485496521,
      0.0013330363435670733
    ],
    "angular_velocity_carla": [
      -2.1619958877563477,
      4.13859224319458,
      -3.431133985519409
    ],
    "matrix_world_from_ego_carla": [
      [
        -0.9002491235733032,
        0.4352806508541107,
        -0.009069778956472874,
        82.47019958496094
      ],
      [
        -0.4352318048477173,
        -0.9002919793128967,
        -0.006902915425598621,
        -60.36309814453125
      ],
      [
        -0.011170154437422752,
        -0.002266887342557311,
        0.9999350309371948,
        -0.0022593687754124403
      ],
      [
        0.0,
        0.0,
        0.0,
        1.0
      ]
    ],
    "matrix_world_from_ego_bevfusion": [
      [
        -0.9002491235733032,
        -0.4352806508541107,
        -0.009069778956472874,
        82.47019958496094
      ],
      [
        0.4352318048477173,
        -0.9002919793128967,
        0.006902915425598621,
        60.36309814453125
      ],
      [
        -0.011170154437422752,
        0.002266887342557311,
        0.9999350309371948,
        -0.0022593687754124403
      ],
      [
        0.0,
        0.0,
        0.0,
        1.0
      ]
    ]
  },
  "sensors": {
    "CAM_FRONT": {
      "type_id": "sensor.camera.rgb",
      "blueprint_attributes": {
        "role_name": "front",
        "ros_name": "sensor.camera.rgb",
        "chromatic_aberration_offset": "0.0",
        "sensor_tick": "0.100000",
        "fstop": "1.4",
        "image_size_x": "960",
        "image_size_y": "540",
        "fov": "70.00",
        "lens_circle_falloff": "5.0",
        "lens_circle_multiplier": "0.0",
        "exposure_compensation": "0.0",
        "lens_y_size": "0.08",
        "lens_k": "-1.0",
        "exposure_mode": "histogram",
        "lens_kcube": "0.0",
        "lens_x_size": "0.08",
        "exposure_max_bright": "12.0",
        "shutter_speed": "200.0",
        "bloom_intensity": "0.675",
        "iso": "100.0",
        "enable_postprocess_effects": "false",
        "gamma": "2.2",
        "motion_blur_intensity": "0.0",
        "motion_blur_max_distortion": "0.35",
        "lens_flare_intensity": "0.1",
        "motion_blur_min_object_screen_size": "0.1",
        "exposure_min_bright": "10.0",
        "exposure_speed_up": "3.0",
        "exposure_speed_down": "1.0",
        "tint": "0.0",
        "calibration_constant": "16.0",
        "focal_distance": "1000.0",
        "min_fstop": "1.2",
        "blade_count": "5",
        "blur_amount": "0.0",
        "blur_radius": "0.0",
        "slope": "0.88",
        "toe": "0.55",
        "white_clip": "0.04",
        "shoulder": "0.26",
        "black_clip": "0.0",
        "temp": "6500.0",
        "chromatic_aberration_intensity": "0.0"
      },
      "transform_carla": {
        "location": {
          "x": 81.05939483642578,
          "y": -61.049442291259766,
          "z": 1.68031644821167
        },
        "rotation": {
          "roll": 0.1298912912607193,
          "pitch": -0.6400160193443298,
          "yaw": -154.19822692871094
        }
      },
      "matrix_world_from_sensor_carla": [
        [
          -0.9002491235733032,
          0.4352806508541107,
          -0.009069778956472874,
          81.05939483642578
        ],
        [
          -0.4352318048477173,
          -0.9002919793128967,
          -0.006902915425598621,
          -61.049442291259766
        ],
        [
          -0.011170154437422752,
          -0.002266887342557311,
          0.9999350309371948,
          1.68031644821167
        ],
        [
          0.0,
          0.0,
          0.0,
          1.0
        ]
      ],
      "matrix_world_from_sensor_bevfusion": [
        [
          0.4352806508541107,
          0.009069778956472874,
          -0.9002491235733032,
          81.05939483642578
        ],
        [
          0.9002919793128967,
          -0.006902915425598621,
          0.4352318048477173,
          61.049442291259766
        ],
        [
          -0.002266887342557311,
          -0.9999350309371948,
          -0.011170154437422752,
          1.68031644821167
        ],
        [
          0.0,
          0.0,
          0.0,
          1.0
        ]
      ],
      "matrix_ego_from_sensor_carla": [
        [
          0.9999999403953552,
          3.010037330497539e-09,
          2.1417956297398177e-10,
          1.5500030517578125
        ],
        [
          3.010037330497539e-09,
          1.0,
          1.2857934161836226e-10,
          7.62939453125e-06
        ],
        [
          2.1417956297398177e-10,
          1.2857934161836226e-10,
          1.0,
          1.7000000476837158
        ],
        [
          0.0,
          0.0,
          0.0,
          1.0
        ]
      ],
      "matrix_ego_from_sensor_bevfusion": [
        [
          3.010037330497539e-09,
          -2.1417956297398177e-10,
          0.9999999403953552,
          1.5500030517578125
        ],
        [
          -1.0,
          1.2857934161836226e-10,
          -3.010037330497539e-09,
          -7.62939453125e-06
        ],
        [
          1.2857934161836226e-10,
          -1.0,
          2.1417956297398177e-10,
          1.7000000476837158
        ],
        [
          0.0,
          0.0,
          0.0,
          1.0
        ]
      ],
      "camera_intrinsics": [
        [
          685.5110473632812,
          0.0,
          480.0
        ],
        [
          0.0,
          685.5110473632812,
          270.0
        ],
        [
          0.0,
          0.0,
          1.0
        ]
      ],
      "data_path": "D:\\Agent-AI\\outputs\\s3a_ml_long_v2\\sample_000068\\images\\CAM_FRONT.png",
      "raw_layout": "bgra8"
    },
    "CAM_FRONT_RIGHT": {
      "type_id": "sensor.camera.rgb",
      "blueprint_attributes": {
        "role_name": "front",
        "ros_name": "sensor.camera.rgb",
        "chromatic_aberration_offset": "0.0",
        "sensor_tick": "0.100000",
        "fstop": "1.4",
        "image_size_x": "960",
        "image_size_y": "540",
        "fov": "70.00",
        "lens_circle_falloff": "5.0",
        "lens_circle_multiplier": "0.0",
        "exposure_compensation": "0.0",
        "lens_y_size": "0.08",
        "lens_k": "-1.0",
        "exposure_mode": "histogram",
        "lens_kcube": "0.0",
        "lens_x_size": "0.08",
        "exposure_max_bright": "12.0",
        "shutter_speed": "200.0",
        "bloom_intensity": "0.675",
        "iso": "100.0",
        "enable_postprocess_effects": "false",
        "gamma": "2.2",
        "motion_blur_intensity": "0.0",
        "motion_blur_max_distortion": "0.35",
        "lens_flare_intensity": "0.1",
        "motion_blur_min_object_screen_size": "0.1",
        "exposure_min_bright": "10.0",
        "exposure_speed_up": "3.0",
        "exposure_speed_down": "1.0",
        "tint": "0.0",
        "calibration_constant": "16.0",
        "focal_distance": "1000.0",
        "min_fstop": "1.2",
        "blade_count": "5",
        "blur_amount": "0.0",
        "blur_radius": "0.0",
        "slope": "0.88",
        "toe": "0.55",
        "white_clip": "0.04",
        "shoulder": "0.26",
        "black_clip": "0.0",
        "temp": "6500.0",
        "chromatic_aberration_intensity": "0.0"
      },
      "transform_carla": {
        "location": {
          "x": 81.52386474609375,
          "y": -61.435794830322266,
          "z": 1.6818621158599854
        },
        "rotation": {
          "roll": -0.4497804045677185,
          "pitch": -0.4734891653060913,
          "yaw": -99.19564819335938
        }
      },
      "matrix_world_from_sensor_carla": [
        [
          -0.15980078279972076,
          0.9871076345443726,
          -0.009069755673408508,
          81.52386474609375
        ],
        [
          -0.987114667892456,
          -0.1598653644323349,
          -0.006902906112372875,
          -61.435794830322266
        ],
        [
          -0.008263850584626198,
          0.00784979946911335,
          0.9999350309371948,
          1.6818621158599854
        ],
        [
          0.0,
          0.0,
          0.0,
          1.0
        ]
      ],
      "matrix_world_from_sensor_bevfusion": [
        [
          0.9871076345443726,
          0.009069755673408508,
          -0.15980078279972076,
          81.52386474609375
        ],
        [
          0.1598653644323349,
          -0.006902906112372875,
          0.987114667892456,
          61.435794830322266
        ],
        [
          0.00784979946911335,
          -0.9999350309371948,
          -0.008263850584626198,
          1.6818621158599854
        ],
        [
          0.0,
          0.0,
          0.0,
          1.0
        ]
      ],
      "matrix_ego_from_sensor_carla": [
        [
          0.5735765695571899,
          -0.8191519975662231,
          -2.4000208043162274e-08,
          1.2999992370605469
        ],
        [
          0.8191519379615784,
          0.5735765099525452,
          1.991224518604895e-09,
          0.5500030517578125
        ],
        [
          1.3491340489224513e-08,
          -2.104976282168991e-08,
          1.0,
          1.6999998092651367
        ],
        [
          0.0,
          0.0,
          0.0,
          1.0
        ]
      ],
      "matrix_ego_from_sensor_bevfusion": [
        [
          -0.8191519975662231,
          2.4000208043162274e-08,
          0.5735765695571899,
          1.2999992370605469
        ],
        [
          -0.5735765099525452,
          1.991224518604895e-09,
          -0.8191519379615784,
          -0.5500030517578125
        ],
        [
          -2.104976282168991e-08,
          -1.0,
          1.3491340489224513e-08,
          1.6999998092651367
        ],
        [
          0.0,
          0.0,
          0.0,
          1.0
        ]
      ],
      "camera_intrinsics": [
        [
          685.5110473632812,
          0.0,
          480.0
        ],
        [
          0.0,
          685.5110473632812,
          270.0
        ],
        [
          0.0,
          0.0,
          1.0
        ]
      ],
      "data_path": "D:\\Agent-AI\\outputs\\s3a_ml_long_v2\\sample_000068\\images\\CAM_FRONT_RIGHT.png",
      "raw_layout": "bgra8"
    },
    "CAM_FRONT_LEFT": {
      "type_id": "sensor.camera.rgb",
      "blueprint_attributes": {
        "role_name": "front",
        "ros_name": "sensor.camera.rgb",
        "chromatic_aberration_offset": "0.0",
        "sensor_tick": "0.100000",
        "fstop": "1.4",
        "image_size_x": "960",
        "image_size_y": "540",
        "fov": "70.00",
        "lens_circle_falloff": "5.0",
        "lens_circle_multiplier": "0.0",
        "exposure_compensation": "0.0",
        "lens_y_size": "0.08",
        "lens_k": "-1.0",
        "exposure_mode": "histogram",
        "lens_kcube": "0.0",
        "lens_x_size": "0.08",
        "exposure_max_bright": "12.0",
        "shutter_speed": "200.0",
        "bloom_intensity": "0.675",
        "iso": "100.0",
        "enable_postprocess_effects": "false",
        "gamma": "2.2",
        "motion_blur_intensity": "0.0",
        "motion_blur_max_distortion": "0.35",
        "lens_flare_intensity": "0.1",
        "motion_blur_min_object_screen_size": "0.1",
        "exposure_min_bright": "10.0",
        "exposure_speed_up": "3.0",
        "exposure_speed_down": "1.0",
        "tint": "0.0",
        "calibration_constant": "16.0",
        "focal_distance": "1000.0",
        "min_fstop": "1.2",
        "blade_count": "5",
        "blur_amount": "0.0",
        "blur_radius": "0.0",
        "slope": "0.88",
        "toe": "0.55",
        "white_clip": "0.04",
        "shoulder": "0.26",
        "black_clip": "0.0",
        "temp": "6500.0",
        "chromatic_aberration_intensity": "0.0"
      },
      "transform_carla": {
        "location": {
          "x": 81.04505920410156,
          "y": -60.44547653198242,
          "z": 1.6843558549880981
        },
        "rotation": {
          "roll": 0.5987732410430908,
          "pitch": -0.2606946527957916,
          "yaw": 150.80113220214844
        }
      },
      "matrix_world_from_sensor_carla": [
        [
          -0.8729227185249329,
          -0.48777416348457336,
          -0.00906972587108612,
          81.04505920410156
        ],
        [
          0.4878372550010681,
          -0.872907280921936,
          -0.0069029200822114944,
          -60.44547653198242
        ],
        [
          -0.00454996433109045,
          -0.010450266301631927,
          0.9999350309371948,
          1.6843558549880981
        ],
        [
          0.0,
          0.0,
          0.0,
          1.0
        ]
      ],
      "matrix_world_from_sensor_bevfusion": [
        [
          -0.48777416348457336,
          0.00906972587108612,
          -0.8729227185249329,
          81.04505920410156
        ],
        [
          0.872907280921936,
          -0.0069029200822114944,
          -0.4878372550010681,
          60.44547653198242
        ],
        [
          -0.010450266301631927,
          -0.9999350309371948,
          -0.00454996433109045,
          1.6843558549880981
        ],
        [
          0.0,
          0.0,
          0.0,
          1.0
        ]
      ],
      "matrix_ego_from_sensor_carla": [
        [
          0.5735764503479004,
          0.8191519975662231,
          -4.542062725931828e-08,
          1.2999916076660156
        ],
        [
          -0.8191520571708679,
          0.5735764503479004,
          2.7136934477312025e-08,
          -0.54998779296875
        ],
        [
          4.7875111874873255e-08,
          2.143027089118732e-08,
          1.0,
          1.7000000476837158
        ],
        [
          0.0,
          0.0,
          0.0,
          1.0
        ]
      ],
      "matrix_ego_from_sensor_bevfusion": [
        [
          0.8191519975662231,
          4.542062725931828e-08,
          0.5735764503479004,
          1.2999916076660156
        ],
        [
          -0.5735764503479004,
          2.7136934477312025e-08,
          0.8191520571708679,
          0.54998779296875
        ],
        [
          2.143027089118732e-08,
          -1.0,
          4.7875111874873255e-08,
          1.7000000476837158
        ],
        [
          0.0,
          0.0,
          0.0,
          1.0
        ]
      ],
      "camera_intrinsics": [
        [
          685.5110473632812,
          0.0,
          480.0
        ],
        [
          0.0,
          685.5110473632812,
          270.0
        ],
        [
          0.0,
          0.0,
          1.0
        ]
      ],
      "data_path": "D:\\Agent-AI\\outputs\\s3a_ml_long_v2\\sample_000068\\images\\CAM_FRONT_LEFT.png",
      "raw_layout": "bgra8"
    },
    "CAM_BACK": {
      "type_id": "sensor.camera.rgb",
      "blueprint_attributes": {
        "role_name": "front",
        "ros_name": "sensor.camera.rgb",
        "chromatic_aberration_offset": "0.0",
        "sensor_tick": "0.100000",
        "fstop": "1.4",
        "image_size_x": "960",
        "image_size_y": "540",
        "fov": "70.00",
        "lens_circle_falloff": "5.0",
        "lens_circle_multiplier": "0.0",
        "exposure_compensation": "0.0",
        "lens_y_size": "0.08",
        "lens_k": "-1.0",
        "exposure_mode": "histogram",
        "lens_kcube": "0.0",
        "lens_x_size": "0.08",
        "exposure_max_bright": "12.0",
        "shutter_speed": "200.0",
        "bloom_intensity": "0.675",
        "iso": "100.0",
        "enable_postprocess_effects": "false",
        "gamma": "2.2",
        "motion_blur_intensity": "0.0",
        "motion_blur_max_distortion": "0.35",
        "lens_flare_intensity": "0.1",
        "motion_blur_min_object_screen_size": "0.1",
        "exposure_min_bright": "10.0",
        "exposure_speed_up": "3.0",
        "exposure_speed_down": "1.0",
        "tint": "0.0",
        "calibration_constant": "16.0",
        "focal_distance": "1000.0",
        "min_fstop": "1.2",
        "blade_count": "5",
        "blur_amount": "0.0",
        "blur_radius": "0.0",
        "slope": "0.88",
        "toe": "0.55",
        "white_clip": "0.04",
        "shoulder": "0.26",
        "black_clip": "0.0",
        "temp": "6500.0",
        "chromatic_aberration_intensity": "0.0"
      },
      "transform_carla": {
        "location": {
          "x": 83.85017395019531,
          "y": -59.70022201538086,
          "z": 1.714943766593933
        },
        "rotation": {
          "roll": -0.129891037940979,
          "pitch": 0.6400160193443298,
          "yaw": 25.801773071289062
        }
      },
      "matrix_world_from_sensor_carla": [
        [
          0.9002491235733032,
          -0.4352806508541107,
          -0.009069780819118023,
          83.85017395019531
        ],
        [
          0.4352318048477173,
          0.9002919793128967,
          -0.006902911700308323,
          -59.70022201538086
        ],
        [
          0.011170154437422752,
          0.0022668829187750816,
          0.9999350309371948,
          1.714943766593933
        ],
        [
          0.0,
          0.0,
          0.0,
          1.0
        ]
      ],
      "matrix_world_from_sensor_bevfusion": [
        [
          -0.4352806508541107,
          0.009069780819118023,
          0.9002491235733032,
          83.85017395019531
        ],
        [
          -0.9002919793128967,
          -0.006902911700308323,
          -0.4352318048477173,
          59.70022201538086
        ],
        [
          0.0022668829187750816,
          -0.9999350309371948,
          0.011170154437422752,
          1.714943766593933
        ],
        [
          0.0,
          0.0,
          0.0,
          1.0
        ]
      ],
      "matrix_ego_from_sensor_carla": [
        [
          -0.9999999403953552,
          -2.960623080028313e-09,
          2.1417956297398177e-10,
          -1.5500068664550781
        ],
        [
          -3.010037330497539e-09,
          -1.0,
          -4.0623722163957154e-09,
          0.0
        ],
        [
          -2.1417956297398177e-10,
          -4.552074273078688e-09,
          1.0,
          1.6999998092651367
        ],
        [
          0.0,
          0.0,
          0.0,
          1.0
        ]
      ],
      "matrix_ego_from_sensor_bevfusion": [
        [
          -2.960623080028313e-09,
          -2.1417956297398177e-10,
          -0.9999999403953552,
          -1.5500068664550781
        ],
        [
          1.0,
          -4.0623722163957154e-09,
          3.010037330497539e-09,
          0.0
        ],
        [
          -4.552074273078688e-09,
          -1.0,
          -2.1417956297398177e-10,
          1.6999998092651367
        ],
        [
          0.0,
          0.0,
          0.0,
          1.0
        ]
      ],
      "camera_intrinsics": [
        [
          685.5110473632812,
          0.0,
          480.0
        ],
        [
          0.0,
          685.5110473632812,
          270.0
        ],
        [
          0.0,
          0.0,
          1.0
        ]
      ],
      "data_path": "D:\\Agent-AI\\outputs\\s3a_ml_long_v2\\sample_000068\\images\\CAM_BACK.png",
      "raw_layout": "bgra8"
    },
    "CAM_BACK_LEFT": {
      "type_id": "sensor.camera.rgb",
      "blueprint_attributes": {
        "role_name": "front",
        "ros_name": "sensor.camera.rgb",
        "chromatic_aberration_offset": "0.0",
        "sensor_tick": "0.100000",
        "fstop": "1.4",
        "image_size_x": "960",
        "image_size_y": "540",
        "fov": "70.00",
        "lens_circle_falloff": "5.0",
        "lens_circle_multiplier": "0.0",
        "exposure_compensation": "0.0",
        "lens_y_size": "0.08",
        "lens_k": "-1.0",
        "exposure_mode": "histogram",
        "lens_kcube": "0.0",
        "lens_x_size": "0.08",
        "exposure_max_bright": "12.0",
        "shutter_speed": "200.0",
        "bloom_intensity": "0.675",
        "iso": "100.0",
        "enable_postprocess_effects": "false",
        "gamma": "2.2",
        "motion_blur_intensity": "0.0",
        "motion_blur_max_distortion": "0.35",
        "lens_flare_intensity": "0.1",
        "motion_blur_min_object_screen_size": "0.1",
        "exposure_min_bright": "10.0",
        "exposure_speed_up": "3.0",
        "exposure_speed_down": "1.0",
        "tint": "0.0",
        "calibration_constant": "16.0",
        "focal_distance": "1000.0",
        "min_fstop": "1.2",
        "blade_count": "5",
        "blur_amount": "0.0",
        "blur_radius": "0.0",
        "slope": "0.88",
        "toe": "0.55",
        "white_clip": "0.04",
        "shoulder": "0.26",
        "black_clip": "0.0",
        "temp": "6500.0",
        "chromatic_aberration_intensity": "0.0"
      },
      "transform_carla": {
        "location": {
          "x": 83.38570404052734,
          "y": -59.31386947631836,
          "z": 1.7133980989456177
        },
        "rotation": {
          "roll": 0.44978052377700806,
          "pitch": 0.4734891653060913,
          "yaw": 80.80433654785156
        }
      },
      "matrix_world_from_sensor_carla": [
        [
          0.15980105102062225,
          -0.9871075749397278,
          -0.009069759398698807,
          83.38570404052734
        ],
        [
          0.9871146082878113,
          0.1598656326532364,
          -0.006902902387082577,
          -59.31386947631836
        ],
        [
          0.008263850584626198,
          -0.0078498013317585,
          0.9999350309371948,
          1.7133980989456177
        ],
        [
          0.0,
          0.0,
          0.0,
          1.0
        ]
      ],
      "matrix_world_from_sensor_bevfusion": [
        [
          -0.9871075749397278,
          0.009069759398698807,
          0.15980105102062225,
          83.38570404052734
        ],
        [
          -0.1598656326532364,
          -0.006902902387082577,
          -0.9871146082878113,
          59.31386947631836
        ],
        [
          -0.0078498013317585,
          -0.9999350309371948,
          0.008263850584626198,
          1.7133980989456177
        ],
        [
          0.0,
          0.0,
          0.0,
          1.0
        ]
      ],
      "matrix_ego_from_sensor_carla": [
        [
          -0.5735767483711243,
          0.8191518187522888,
          -2.3068885468546796e-08,
          -1.3000068664550781
        ],
        [
          -0.819151759147644,
          -0.5735767483711243,
          -3.131049641780237e-09,
          -0.5499954223632812
        ],
        [
          -1.535398652663389e-08,
          1.7324593315493075e-08,
          1.0,
          1.6999998092651367
        ],
        [
          0.0,
          0.0,
          0.0,
          1.0
        ]
      ],
      "matrix_ego_from_sensor_bevfusion": [
        [
          0.8191518187522888,
          2.3068885468546796e-08,
          -0.5735767483711243,
          -1.3000068664550781
        ],
        [
          0.5735767483711243,
          -3.131049641780237e-09,
          0.819151759147644,
          0.5499954223632812
        ],
        [
          1.7324593315493075e-08,
          -1.0,
          -1.535398652663389e-08,
          1.6999998092651367
        ],
        [
          0.0,
          0.0,
          0.0,
          1.0
        ]
      ],
      "camera_intrinsics": [
        [
          685.5110473632812,
          0.0,
          480.0
        ],
        [
          0.0,
          685.5110473632812,
          270.0
        ],
        [
          0.0,
          0.0,
          1.0
        ]
      ],
      "data_path": "D:\\Agent-AI\\outputs\\s3a_ml_long_v2\\sample_000068\\images\\CAM_BACK_LEFT.png",
      "raw_layout": "bgra8"
    },
    "CAM_BACK_RIGHT": {
      "type_id": "sensor.camera.rgb",
      "blueprint_attributes": {
        "role_name": "front",
        "ros_name": "sensor.camera.rgb",
        "chromatic_aberration_offset": "0.0",
        "sensor_tick": "0.100000",
        "fstop": "1.4",
        "image_size_x": "960",
        "image_size_y": "540",
        "fov": "70.00",
        "lens_circle_falloff": "5.0",
        "lens_circle_multiplier": "0.0",
        "exposure_compensation": "0.0",
        "lens_y_size": "0.08",
        "lens_k": "-1.0",
        "exposure_mode": "histogram",
        "lens_kcube": "0.0",
        "lens_x_size": "0.08",
        "exposure_max_bright": "12.0",
        "shutter_speed": "200.0",
        "bloom_intensity": "0.675",
        "iso": "100.0",
        "enable_postprocess_effects": "false",
        "gamma": "2.2",
        "motion_blur_intensity": "0.0",
        "motion_blur_max_distortion": "0.35",
        "lens_flare_intensity": "0.1",
        "motion_blur_min_object_screen_size": "0.1",
        "exposure_min_bright": "10.0",
        "exposure_speed_up": "3.0",
        "exposure_speed_down": "1.0",
        "tint": "0.0",
        "calibration_constant": "16.0",
        "focal_distance": "1000.0",
        "min_fstop": "1.2",
        "blade_count": "5",
        "blur_amount": "0.0",
        "blur_radius": "0.0",
        "slope": "0.88",
        "toe": "0.55",
        "white_clip": "0.04",
        "shoulder": "0.26",
        "black_clip": "0.0",
        "temp": "6500.0",
        "chromatic_aberration_intensity": "0.0"
      },
      "transform_carla": {
        "location": {
          "x": 83.86450958251953,
          "y": -60.30419158935547,
          "z": 1.7109044790267944
        },
        "rotation": {
          "roll": -0.5987733006477356,
          "pitch": 0.2606946527957916,
          "yaw": -29.198862075805664
        }
      },
      "matrix_world_from_sensor_carla": [
        [
          0.8729227185249329,
          0.487774133682251,
          -0.009069726802408695,
          83.86450958251953
        ],
        [
          -0.4878372251987457,
          0.872907280921936,
          -0.006902921013534069,
          -60.30419158935547
        ],
        [
          0.00454996433109045,
          0.010450267232954502,
          0.9999350309371948,
          1.7109044790267944
        ],
        [
          0.0,
          0.0,
          0.0,
          1.0
        ]
      ],
      "matrix_world_from_sensor_bevfusion": [
        [
          0.487774133682251,
          0.009069726802408695,
          0.8729227185249329,
          83.86450958251953
        ],
        [
          -0.872907280921936,
          -0.006902921013534069,
          0.4878372251987457,
          60.30419158935547
        ],
        [
          0.010450267232954502,
          -0.9999350309371948,
          0.00454996433109045,
          1.7109044790267944
        ],
        [
          0.0,
          0.0,
          0.0,
          1.0
        ]
      ],
      "matrix_ego_from_sensor_carla": [
        [
          -0.5735764503479004,
          -0.8191519379615784,
          -4.355798211008732e-08,
          -1.3000030517578125
        ],
        [
          0.8191519975662231,
          -0.5735764503479004,
          2.8068257051927503e-08,
          0.5500030517578125
        ],
        [
          -4.8340773162180994e-08,
          -2.049900871270438e-08,
          1.0,
          1.6999998092651367
        ],
        [
          0.0,
          0.0,
          0.0,
          1.0
        ]
      ],
      "matrix_ego_from_sensor_bevfusion": [
        [
          -0.8191519379615784,
          4.355798211008732e-08,
          -0.5735764503479004,
          -1.3000030517578125
        ],
        [
          0.5735764503479004,
          2.8068257051927503e-08,
          -0.8191519975662231,
          -0.5500030517578125
        ],
        [
          -2.049900871270438e-08,
          -1.0,
          -4.8340773162180994e-08,
          1.6999998092651367
        ],
        [
          0.0,
          0.0,
          0.0,
          1.0
        ]
      ],
      "camera_intrinsics": [
        [
          685.5110473632812,
          0.0,
          480.0
        ],
        [
          0.0,
          685.5110473632812,
          270.0
        ],
        [
          0.0,
          0.0,
          1.0
        ]
      ],
      "data_path": "D:\\Agent-AI\\outputs\\s3a_ml_long_v2\\sample_000068\\images\\CAM_BACK_RIGHT.png",
      "raw_layout": "bgra8"
    },
    "LIDAR_TOP": {
      "type_id": "sensor.lidar.ray_cast",
      "blueprint_attributes": {
        "atmosphere_attenuation_rate": "0.004",
        "role_name": "front",
        "noise_seed": "0",
        "upper_fov": "10.0",
        "ros_name": "sensor.lidar.ray_cast",
        "sensor_tick": "0.100000",
        "channels": "32",
        "range": "120.0",
        "points_per_second": "360000",
        "lower_fov": "-30.0",
        "rotation_frequency": "10.000000",
        "horizontal_fov": "360.0",
        "dropoff_general_rate": "0.0",
        "dropoff_intensity_limit": "1.0",
        "noise_stddev": "0.0",
        "dropoff_zero_intensity": "0.0"
      },
      "transform_carla": {
        "location": {
          "x": 82.45024871826172,
          "y": -60.3782844543457,
          "z": 2.1975975036621094
        },
        "rotation": {
          "roll": 0.1298912912607193,
          "pitch": -0.6400160193443298,
          "yaw": -154.19822692871094
        }
      },
      "matrix_world_from_sensor_carla": [
        [
          -0.9002491235733032,
          0.4352806508541107,
          -0.009069778956472874,
          82.45024871826172
        ],
        [
          -0.4352318048477173,
          -0.9002919793128967,
          -0.006902915425598621,
          -60.3782844543457
        ],
        [
          -0.011170154437422752,
          -0.002266887342557311,
          0.9999350309371948,
          2.1975975036621094
        ],
        [
          0.0,
          0.0,
          0.0,
          1.0
        ]
      ],
      "matrix_world_from_sensor_bevfusion": [
        [
          -0.9002491235733032,
          -0.4352806508541107,
          -0.009069778956472874,
          82.45024871826172
        ],
        [
          0.4352318048477173,
          -0.9002919793128967,
          0.006902915425598621,
          60.3782844543457
        ],
        [
          -0.011170154437422752,
          0.002266887342557311,
          0.9999350309371948,
          2.1975975036621094
        ],
        [
          0.0,
          0.0,
          0.0,
          1.0
        ]
      ],
      "matrix_ego_from_sensor_carla": [
        [
          0.9999999403953552,
          3.010037330497539e-09,
          2.1417956297398177e-10,
          0.0
        ],
        [
          3.010037330497539e-09,
          1.0,
          1.2857934161836226e-10,
          0.0
        ],
        [
          2.1417956297398177e-10,
          1.2857934161836226e-10,
          1.0,
          2.1999998092651367
        ],
        [
          0.0,
          0.0,
          0.0,
          1.0
        ]
      ],
      "matrix_ego_from_sensor_bevfusion": [
        [
          0.9999999403953552,
          -3.010037330497539e-09,
          2.1417956297398177e-10,
          0.0
        ],
        [
          -3.010037330497539e-09,
          1.0,
          -1.2857934161836226e-10,
          0.0
        ],
        [
          2.1417956297398177e-10,
          -1.2857934161836226e-10,
          1.0,
          2.1999998092651367
        ],
        [
          0.0,
          0.0,
          0.0,
          1.0
        ]
      ],
      "data_path": "D:\\Agent-AI\\outputs\\s3a_ml_long_v2\\sample_000068\\lidar\\LIDAR_TOP.npy",
      "raw_layout": [
        "x",
        "y",
        "z",
        "intensity"
      ]
    },
    "RADAR_FRONT": {
      "type_id": "sensor.other.radar",
      "blueprint_attributes": {
        "sensor_tick": "0.100000",
        "role_name": "default",
        "noise_seed": "0",
        "ros_name": "sensor.other.radar",
        "horizontal_fov": "35.0",
        "points_per_second": "1500",
        "vertical_fov": "20.0",
        "range": "120.0"
      },
      "transform_carla": {
        "location": {
          "x": 80.66154479980469,
          "y": -61.23977279663086,
          "z": 0.8753419518470764
        },
        "rotation": {
          "roll": 0.1298912912607193,
          "pitch": -0.6400160193443298,
          "yaw": -154.19822692871094
        }
      },
      "matrix_world_from_sensor_carla": [
        [
          -0.9002491235733032,
          0.4352806508541107,
          -0.009069778956472874,
          80.66154479980469
        ],
        [
          -0.4352318048477173,
          -0.9002919793128967,
          -0.006902915425598621,
          -61.23977279663086
        ],
        [
          -0.011170154437422752,
          -0.002266887342557311,
          0.9999350309371948,
          0.8753419518470764
        ],
        [
          0.0,
          0.0,
          0.0,
          1.0
        ]
      ],
      "matrix_world_from_sensor_bevfusion": [
        [
          -0.9002491235733032,
          -0.4352806508541107,
          -0.009069778956472874,
          80.66154479980469
        ],
        [
          0.4352318048477173,
          -0.9002919793128967,
          0.006902915425598621,
          61.23977279663086
        ],
        [
          -0.011170154437422752,
          0.002266887342557311,
          0.9999350309371948,
          0.8753419518470764
        ],
        [
          0.0,
          0.0,
          0.0,
          1.0
        ]
      ],
      "matrix_ego_from_sensor_carla": [
        [
          0.9999999403953552,
          3.010037330497539e-09,
          2.1417956297398177e-10,
          1.9999923706054688
        ],
        [
          3.010037330497539e-09,
          1.0,
          1.2857934161836226e-10,
          7.62939453125e-06
        ],
        [
          2.1417956297398177e-10,
          1.2857934161836226e-10,
          1.0,
          0.8999999761581421
        ],
        [
          0.0,
          0.0,
          0.0,
          1.0
        ]
      ],
      "matrix_ego_from_sensor_bevfusion": [
        [
          0.9999999403953552,
          -3.010037330497539e-09,
          2.1417956297398177e-10,
          1.9999923706054688
        ],
        [
          -3.010037330497539e-09,
          1.0,
          -1.2857934161836226e-10,
          -7.62939453125e-06
        ],
        [
          2.1417956297398177e-10,
          -1.2857934161836226e-10,
          1.0,
          0.8999999761581421
        ],
        [
          0.0,
          0.0,
          0.0,
          1.0
        ]
      ],
      "data_path": "D:\\Agent-AI\\outputs\\s3a_ml_long_v2\\sample_000068\\radar\\RADAR_FRONT.npy",
      "raw_layout": [
        "velocity",
        "altitude",
        "azimuth",
        "depth"
      ]
    },
    "RADAR_FRONT_LEFT": {
      "type_id": "sensor.other.radar",
      "blueprint_attributes": {
        "sensor_tick": "0.100000",
        "role_name": "default",
        "noise_seed": "0",
        "ros_name": "sensor.other.radar",
        "horizontal_fov": "35.0",
        "points_per_second": "1500",
        "vertical_fov": "20.0",
        "range": "120.0"
      },
      "transform_carla": {
        "location": {
          "x": 80.6501693725586,
          "y": -60.41222381591797,
          "z": 0.8809515833854675
        },
        "rotation": {
          "roll": 0.5444093942642212,
          "pitch": -0.3607091009616852,
          "yaw": 160.80078125
        }
      },
      "matrix_world_from_sensor_carla": [
        [
          -0.9443621039390564,
          -0.32878243923187256,
          -0.009069735184311867,
          80.6501693725586
        ],
        [
          0.3288472890853882,
          -0.9443578720092773,
          -0.006902910303324461,
          -60.41222381591797
        ],
        [
          -0.006295519880950451,
          -0.00950140506029129,
          0.9999350905418396,
          0.8809515833854675
        ],
        [
          0.0,
          0.0,
          0.0,
          1.0
        ]
      ],
      "matrix_world_from_sensor_bevfusion": [
        [
          -0.9443621039390564,
          0.32878243923187256,
          -0.009069735184311867,
          80.6501693725586
        ],
        [
          -0.3288472890853882,
          -0.9443578720092773,
          0.006902910303324461,
          60.41222381591797
        ],
        [
          -0.006295519880950451,
          0.00950140506029129,
          0.9999350905418396,
          0.8809515833854675
        ],
        [
          0.0,
          0.0,
          0.0,
          1.0
        ]
      ],
      "matrix_ego_from_sensor_carla": [
        [
          0.7071066498756409,
          0.7071068286895752,
          -4.142980714050282e-08,
          1.6499900817871094
        ],
        [
          -0.70710688829422,
          0.7071067094802856,
          1.4428962025192504e-08,
          -0.75
        ],
        [
          3.97446271449553e-08,
          1.8456965733548714e-08,
          1.0,
          0.8999999165534973
        ],
        [
          0.0,
          0.0,
          0.0,
          1.0
        ]
      ],
      "matrix_ego_from_sensor_bevfusion": [
        [
          0.7071066498756409,
          -0.7071068286895752,
          -4.142980714050282e-08,
          1.6499900817871094
        ],
        [
          0.70710688829422,
          0.7071067094802856,
          -1.4428962025192504e-08,
          0.75
        ],
        [
          3.97446271449553e-08,
          -1.8456965733548714e-08,
          1.0,
          0.8999999165534973
        ],
        [
          0.0,
          0.0,
          0.0,
          1.0
        ]
      ],
      "data_path": "D:\\Agent-AI\\outputs\\s3a_ml_long_v2\\sample_000068\\radar\\RADAR_FRONT_LEFT.npy",
      "raw_layout": [
        "velocity",
        "altitude",
        "azimuth",
        "depth"
      ]
    },
    "RADAR_FRONT_RIGHT": {
      "type_id": "sensor.other.radar",
      "blueprint_attributes": {
        "sensor_tick": "0.100000",
        "role_name": "default",
        "noise_seed": "0",
        "ros_name": "sensor.other.radar",
        "horizontal_fov": "35.0",
        "points_per_second": "1500",
