{
  "schema_version": "stage1.v1",
  "sample_name": "sample_000042",
  "sequence_index": 42,
  "previous_sample_name": "sample_000041",
  "frame_id": 3962,
  "timestamp": 43.33108660951257,
  "platform_timestamp": 16816501.1616781,
  "delta_seconds": 0.10000000149011612,
  "town": "Carla/Maps/Town10HD_Opt",
  "weather": {
    "cloudiness": 20.0,
    "dust_storm": 0.0,
    "fog_density": 2.0,
    "fog_distance": 0.75,
    "fog_falloff": 0.10000000149011612,
    "mie_scattering_scale": 0.029999999329447746,
    "precipitation": 0.0,
    "precipitation_deposits": 0.0,
    "rayleigh_scattering_scale": 0.03310000151395798,
    "scattering_intensity": 1.0,
    "sun_altitude_angle": 45.0,
    "sun_azimuth_angle": 300.0,
    "wetness": 0.0,
    "wind_intensity": 10.0
  },
  "sensor_names": [
    "CAM_FRONT",
    "CAM_FRONT_RIGHT",
    "CAM_FRONT_LEFT",
    "CAM_BACK",
    "CAM_BACK_LEFT",
    "CAM_BACK_RIGHT",
    "LIDAR_TOP",
    "RADAR_FRONT",
    "RADAR_FRONT_LEFT",
    "RADAR_FRONT_RIGHT",
    "RADAR_BACK_LEFT",
    "RADAR_BACK_RIGHT"
  ],
  "camera_order_for_model": [
    "CAM_FRONT",
    "CAM_FRONT_RIGHT",
    "CAM_FRONT_LEFT",
    "CAM_BACK",
    "CAM_BACK_LEFT",
    "CAM_BACK_RIGHT"
  ],
  "radar_order_for_model": [
    "RADAR_FRONT",
    "RADAR_FRONT_LEFT",
    "RADAR_FRONT_RIGHT",
    "RADAR_BACK_LEFT",
    "RADAR_BACK_RIGHT"
  ],
  "coordinate_notes": {
    "carla_world": "left-handed x-forward y-right z-up",
    "bevfusion_lidar": "x-forward y-left z-up",
    "camera_frame_for_model": "OpenCV style x-right y-down z-forward"
  },
  "ego": {
    "actor_id": 24,
    "transform_carla": {
      "location": {
        "x": 107.0016098022461,
        "y": -38.242801666259766,
        "z": -0.0041245268657803535
      },
      "rotation": {
        "roll": 0.05091322585940361,
        "pitch": -0.10144196450710297,
        "yaw": -108.98365783691406
      }
    },
    "velocity_carla": [
      -1.03520929813385,
      -2.768505811691284,
      1.4400482086784905e-06
    ],
    "angular_velocity_carla": [
      -0.4499701261520386,
      0.10994219034910202,
      -2.928711414337158
    ],
    "matrix_world_from_ego_carla": [
      [
        -0.3252979815006256,
        0.9456115365028381,
        0.00026433420134708285,
        107.0016098022461
      ],
      [
        -0.9456099271774292,
        -0.3252968490123749,
        -0.001963261282071471,
        -38.242801666259766
      ],
      [
        -0.0017704953206703067,
        -0.0008886018767952919,
        0.9999980330467224,
        -0.0041245268657803535
      ],
      [
        0.0,
        0.0,
        0.0,
        1.0
      ]
    ],
    "matrix_world_from_ego_bevfusion": [
      [
        -0.3252979815006256,
        -0.9456115365028381,
        0.00026433420134708285,
        107.0016098022461
      ],
      [
        0.9456099271774292,
        -0.3252968490123749,
        0.001963261282071471,
        38.242801666259766
      ],
      [
        -0.0017704953206703067,
        0.0008886018767952919,
        0.9999980330467224,
        -0.0041245268657803535
      ],
      [
        0.0,
        0.0,
        0.0,
        1.0
      ]
    ]
  },
  "sensors": {
    "CAM_FRONT": {
      "type_id": "sensor.camera.rgb",
      "blueprint_attributes": {
        "role_name": "front",
        "ros_name": "sensor.camera.rgb",
        "chromatic_aberration_offset": "0.0",
        "sensor_tick": "0.100000",
        "fstop": "1.4",
        "image_size_x": "960",
        "image_size_y": "540",
        "fov": "70.00",
        "lens_circle_falloff": "5.0",
        "lens_circle_multiplier": "0.0",
        "exposure_compensation": "0.0",
        "lens_y_size": "0.08",
        "lens_k": "-1.0",
        "exposure_mode": "histogram",
        "lens_kcube": "0.0",
        "lens_x_size": "0.08",
        "exposure_max_bright": "12.0",
        "shutter_speed": "200.0",
        "bloom_intensity": "0.675",
        "iso": "100.0",
        "enable_postprocess_effects": "false",
        "gamma": "2.2",
        "motion_blur_intensity": "0.0",
        "motion_blur_max_distortion": "0.35",
        "lens_flare_intensity": "0.1",
        "motion_blur_min_object_screen_size": "0.1",
        "exposure_min_bright": "10.0",
        "exposure_speed_up": "3.0",
        "exposure_speed_down": "1.0",
        "tint": "0.0",
        "calibration_constant": "16.0",
        "focal_distance": "1000.0",
        "min_fstop": "1.2",
        "blade_count": "5",
        "blur_amount": "0.0",
        "blur_radius": "0.0",
        "slope": "0.88",
        "toe": "0.55",
        "white_clip": "0.04",
        "shoulder": "0.26",
        "black_clip": "0.0",
        "temp": "6500.0",
        "chromatic_aberration_intensity": "0.0"
      },
      "transform_carla": {
        "location": {
          "x": 106.49784851074219,
          "y": -39.71183395385742,
          "z": 1.6931277513504028
        },
        "rotation": {
          "roll": 0.05091322585940361,
          "pitch": -0.10144196450710297,
          "yaw": -108.98365783691406
        }
      },
      "matrix_world_from_sensor_carla": [
        [
          -0.3252979815006256,
          0.9456115365028381,
          0.00026433420134708285,
          106.49784851074219
        ],
        [
          -0.9456099271774292,
          -0.3252968490123749,
          -0.001963261282071471,
          -39.71183395385742
        ],
        [
          -0.0017704953206703067,
          -0.0008886018767952919,
          0.9999980330467224,
          1.6931277513504028
        ],
        [
          0.0,
          0.0,
          0.0,
          1.0
        ]
      ],
      "matrix_world_from_sensor_bevfusion": [
        [
          0.9456115365028381,
          -0.00026433420134708285,
          -0.3252979815006256,
          106.49784851074219
        ],
        [
          0.3252968490123749,
          -0.001963261282071471,
          0.9456099271774292,
          39.71183395385742
        ],
        [
          -0.0008886018767952919,
          -0.9999980330467224,
          -0.0017704953206703067,
          1.6931277513504028
        ],
        [
          0.0,
          0.0,
          0.0,
          1.0
        ]
      ],
      "matrix_ego_from_sensor_carla": [
        [
          1.0,
          -2.1407654315908076e-08,
          -1.2639317370499725e-10,
          1.5499978065490723
        ],
        [
          -3.6393108526766582e-09,
          1.0,
          5.981631856499803e-11,
          7.62939453125e-06
        ],
        [
          -1.2639339574960218e-10,
          -5.659911428423925e-11,
          1.0,
          1.6999998092651367
        ],
        [
          0.0,
          0.0,
          0.0,
          1.0
        ]
      ],
      "matrix_ego_from_sensor_bevfusion": [
        [
          -2.1407654315908076e-08,
          1.2639317370499725e-10,
          1.0,
          1.5499978065490723
        ],
        [
          -1.0,
          5.981631856499803e-11,
          3.6393108526766582e-09,
          -7.62939453125e-06
        ],
        [
          -5.659911428423925e-11,
          -1.0,
          -1.2639339574960218e-10,
          1.6999998092651367
        ],
        [
          0.0,
          0.0,
          0.0,
          1.0
        ]
      ],
      "camera_intrinsics": [
        [
          685.5110473632812,
          0.0,
          480.0
        ],
        [
          0.0,
          685.5110473632812,
          270.0
        ],
        [
          0.0,
          0.0,
          1.0
        ]
      ],
      "data_path": "D:\\Agent-AI\\outputs\\s3a_left_v3\\sample_000042\\images\\CAM_FRONT.png",
      "raw_layout": "bgra8"
    },
    "CAM_FRONT_RIGHT": {
      "type_id": "sensor.camera.rgb",
      "blueprint_attributes": {
        "role_name": "front",
        "ros_name": "sensor.camera.rgb",
        "chromatic_aberration_offset": "0.0",
        "sensor_tick": "0.100000",
        "fstop": "1.4",
        "image_size_x": "960",
        "image_size_y": "540",
        "fov": "70.00",
        "lens_circle_falloff": "5.0",
        "lens_circle_multiplier": "0.0",
        "exposure_compensation": "0.0",
        "lens_y_size": "0.08",
        "lens_k": "-1.0",
        "exposure_mode": "histogram",
        "lens_kcube": "0.0",
        "lens_x_size": "0.08",
        "exposure_max_bright": "12.0",
        "shutter_speed": "200.0",
        "bloom_intensity": "0.675",
        "iso": "100.0",
        "enable_postprocess_effects": "false",
        "gamma": "2.2",
        "motion_blur_intensity": "0.0",
        "motion_blur_max_distortion": "0.35",
        "lens_flare_intensity": "0.1",
        "motion_blur_min_object_screen_size": "0.1",
        "exposure_min_bright": "10.0",
        "exposure_speed_up": "3.0",
        "exposure_speed_down": "1.0",
        "tint": "0.0",
        "calibration_constant": "16.0",
        "focal_distance": "1000.0",
        "min_fstop": "1.2",
        "blade_count": "5",
        "blur_amount": "0.0",
        "blur_radius": "0.0",
        "slope": "0.88",
        "toe": "0.55",
        "white_clip": "0.04",
        "shoulder": "0.26",
        "black_clip": "0.0",
        "temp": "6500.0",
        "chromatic_aberration_intensity": "0.0"
      },
      "transform_carla": {
        "location": {
          "x": 107.09925842285156,
          "y": -39.65434646606445,
          "z": 1.6930819749832153
        },
        "rotation": {
          "roll": -0.053892582654953,
          "pitch": -0.09988468140363693,
          "yaw": -53.983577728271484
        }
      },
      "matrix_world_from_sensor_carla": [
        [
          0.5880162119865417,
          0.8088490962982178,
          0.0002642936888150871,
          107.09925842285156
        ],
        [
          -0.8088473081588745,
          0.5880155563354492,
          -0.0019631683826446533,
          -39.65434646606445
        ],
        [
          -0.0017433156026527286,
          0.0009406015160493553,
          0.9999980926513672,
          1.6930819749832153
        ],
        [
          0.0,
          0.0,
          0.0,
          1.0
        ]
      ],
      "matrix_world_from_sensor_bevfusion": [
        [
          0.8088490962982178,
          -0.0002642936888150871,
          0.5880162119865417,
          107.09925842285156
        ],
        [
          -0.5880155563354492,
          -0.0019631683826446533,
          0.8088473081588745,
          39.65434646606445
        ],
        [
          0.0009406015160493553,
          -0.9999980926513672,
          -0.0017433156026527286,
          1.6930819749832153
        ],
        [
          0.0,
          0.0,
          0.0,
          1.0
        ]
      ],
      "matrix_ego_from_sensor_carla": [
        [
          0.5735766291618347,
          -0.8191519379615784,
          -7.485414244001731e-08,
          1.3000004291534424
        ],
        [
          0.8191519975662231,
          0.5735765695571899,
          -6.850356726317841e-08,
          0.5500030517578125
        ],
        [
          9.900600161927287e-08,
          -2.1873555411389134e-08,
          1.0,
          1.7000001668930054
        ],
        [
          0.0,
          0.0,
          0.0,
          1.0
        ]
      ],
      "matrix_ego_from_sensor_bevfusion": [
        [
          -0.8191519379615784,
          7.485414244001731e-08,
          0.5735766291618347,
          1.3000004291534424
        ],
        [
          -0.5735765695571899,
          -6.850356726317841e-08,
          -0.8191519975662231,
          -0.5500030517578125
        ],
        [
          -2.1873555411389134e-08,
          -1.0,
          9.900600161927287e-08,
          1.7000001668930054
        ],
        [
          0.0,
          0.0,
          0.0,
          1.0
        ]
      ],
      "camera_intrinsics": [
        [
          685.5110473632812,
          0.0,
          480.0
        ],
        [
          0.0,
          685.5110473632812,
          270.0
        ],
        [
          0.0,
          0.0,
          1.0
        ]
      ],
      "data_path": "D:\\Agent-AI\\outputs\\s3a_left_v3\\sample_000042\\images\\CAM_FRONT_RIGHT.png",
      "raw_layout": "bgra8"
    },
    "CAM_FRONT_LEFT": {
      "type_id": "sensor.camera.rgb",
      "blueprint_attributes": {
        "role_name": "front",
        "ros_name": "sensor.camera.rgb",
        "chromatic_aberration_offset": "0.0",
        "sensor_tick": "0.100000",
        "fstop": "1.4",
        "image_size_x": "960",
        "image_size_y": "540",
        "fov": "70.00",
        "lens_circle_falloff": "5.0",
        "lens_circle_multiplier": "0.0",
        "exposure_compensation": "0.0",
        "lens_y_size": "0.08",
        "lens_k": "-1.0",
        "exposure_mode": "histogram",
        "lens_kcube": "0.0",
        "lens_x_size": "0.08",
        "exposure_max_bright": "12.0",
        "shutter_speed": "200.0",
        "bloom_intensity": "0.675",
        "iso": "100.0",
        "enable_postprocess_effects": "false",
        "gamma": "2.2",
        "motion_blur_intensity": "0.0",
        "motion_blur_max_distortion": "0.35",
        "lens_flare_intensity": "0.1",
        "motion_blur_min_object_screen_size": "0.1",
        "exposure_min_bright": "10.0",
        "exposure_speed_up": "3.0",
        "exposure_speed_down": "1.0",
        "tint": "0.0",
        "calibration_constant": "16.0",
        "focal_distance": "1000.0",
        "min_fstop": "1.2",
        "blade_count": "5",
        "blur_amount": "0.0",
        "blur_radius": "0.0",
        "slope": "0.88",
        "toe": "0.55",
        "white_clip": "0.04",
        "shoulder": "0.26",
        "black_clip": "0.0",
        "temp": "6500.0",
        "chromatic_aberration_intensity": "0.0"
      },
      "transform_carla": {
        "location": {
          "x": 106.05908966064453,
          "y": -39.29651641845703,
          "z": 1.694059133529663
        },
        "rotation": {
          "roll": 0.11229772120714188,
          "pitch": -0.016481244936585426,
          "yaw": -163.98361206054688
        }
      },
      "matrix_world_from_sensor_carla": [
        [
          -0.961182713508606,
          0.2759123742580414,
          0.0002642926119733602,
          106.05908966064453
        ],
        [
          -0.275912344455719,
          -0.9611807465553284,
          -0.001963249873369932,
          -39.29651641845703
        ],
        [
          -0.0002876519865822047,
          -0.001959963468834758,
          0.9999980330467224,
          1.694059133529663
        ],
        [
          0.0,
          0.0,
          0.0,
          1.0
        ]
      ],
      "matrix_world_from_sensor_bevfusion": [
        [
          0.2759123742580414,
          -0.0002642926119733602,
          -0.961182713508606,
          106.05908966064453
        ],
        [
          0.9611807465553284,
          -0.001963249873369932,
          0.275912344455719,
          39.29651641845703
        ],
        [
          -0.001959963468834758,
          -0.9999980330467224,
          -0.0002876519865822047,
          1.694059133529663
        ],
        [
          0.0,
          0.0,
          0.0,
          1.0
        ]
      ],
      "matrix_ego_from_sensor_carla": [
        [
          0.5735767483711243,
          0.8191516995429993,
          2.6675746056525895e-09,
          1.299994707107544
        ],
        [
          -0.819151759147644,
          0.5735767483711243,
          -4.301385203575592e-08,
          -0.5499954223632812
        ],
        [
          -3.69199355532146e-08,
          2.2248777042932488e-08,
          1.0,
          1.6999998092651367
        ],
        [
          0.0,
          0.0,
          0.0,
          1.0
        ]
      ],
      "matrix_ego_from_sensor_bevfusion": [
        [
          0.8191516995429993,
          -2.6675746056525895e-09,
          0.5735767483711243,
          1.299994707107544
        ],
        [
          -0.5735767483711243,
          -4.301385203575592e-08,
          0.819151759147644,
          0.5499954223632812
        ],
        [
          2.2248777042932488e-08,
          -1.0,
          -3.69199355532146e-08,
          1.6999998092651367
        ],
        [
          0.0,
          0.0,
          0.0,
          1.0
        ]
      ],
      "camera_intrinsics": [
        [
          685.5110473632812,
          0.0,
          480.0
        ],
        [
          0.0,
          685.5110473632812,
          270.0
        ],
        [
          0.0,
          0.0,
          1.0
        ]
      ],
      "data_path": "D:\\Agent-AI\\outputs\\s3a_left_v3\\sample_000042\\images\\CAM_FRONT_LEFT.png",
      "raw_layout": "bgra8"
    },
    "CAM_BACK": {
      "type_id": "sensor.camera.rgb",
      "blueprint_attributes": {
        "role_name": "front",
        "ros_name": "sensor.camera.rgb",
        "chromatic_aberration_offset": "0.0",
        "sensor_tick": "0.100000",
        "fstop": "1.4",
        "image_size_x": "960",
        "image_size_y": "540",
        "fov": "70.00",
        "lens_circle_falloff": "5.0",
        "lens_circle_multiplier": "0.0",
        "exposure_compensation": "0.0",
        "lens_y_size": "0.08",
        "lens_k": "-1.0",
        "exposure_mode": "histogram",
        "lens_kcube": "0.0",
        "lens_x_size": "0.08",
        "exposure_max_bright": "12.0",
        "shutter_speed": "200.0",
        "bloom_intensity": "0.675",
        "iso": "100.0",
        "enable_postprocess_effects": "false",
        "gamma": "2.2",
        "motion_blur_intensity": "0.0",
        "motion_blur_max_distortion": "0.35",
        "lens_flare_intensity": "0.1",
        "motion_blur_min_object_screen_size": "0.1",
        "exposure_min_bright": "10.0",
        "exposure_speed_up": "3.0",
        "exposure_speed_down": "1.0",
        "tint": "0.0",
        "calibration_constant": "16.0",
        "focal_distance": "1000.0",
        "min_fstop": "1.2",
        "blade_count": "5",
        "blur_amount": "0.0",
        "blur_radius": "0.0",
        "slope": "0.88",
        "toe": "0.55",
        "white_clip": "0.04",
        "shoulder": "0.26",
        "black_clip": "0.0",
        "temp": "6500.0",
        "chromatic_aberration_intensity": "0.0"
      },
      "transform_carla": {
        "location": {
          "x": 107.50626373291016,
          "y": -36.78044509887695,
          "z": 1.6986162662506104
        },
        "rotation": {
          "roll": -0.05091318488121033,
          "pitch": 0.10144196450710297,
          "yaw": 71.01631927490234
        }
      },
      "matrix_world_from_sensor_carla": [
        [
          0.32529833912849426,
          -0.9456113576889038,
          0.00026433274615556,
          107.50626373291016
        ],
        [
          0.9456097483634949,
          0.32529720664024353,
          -0.0019632610492408276,
          -36.78044509887695
        ],
        [
          0.0017704953206703067,
          0.0008886011783033609,
          0.9999980330467224,
          1.6986162662506104
        ],
        [
          0.0,
          0.0,
          0.0,
          1.0
        ]
      ],
      "matrix_world_from_sensor_bevfusion": [
        [
          -0.9456113576889038,
          -0.00026433274615556,
          0.32529833912849426,
          107.50626373291016
        ],
        [
          -0.32529720664024353,
          -0.0019632610492408276,
          -0.9456097483634949,
          36.78044509887695
        ],
        [
          0.0008886011783033609,
          -0.9999980330467224,
          0.0017704953206703067,
          1.6986162662506104
        ],
        [
          0.0,
          0.0,
          0.0,
          1.0
        ]
      ],
      "matrix_ego_from_sensor_carla": [
        [
          -0.9999999403953552,
          -3.763722702387895e-07,
          1.0643746994887238e-10,
          -1.549999475479126
        ],
        [
          3.896325040386728e-07,
          -0.9999999403953552,
          -1.395375148760536e-09,
          -7.62939453125e-06
        ],
        [
          4.756393612304066e-10,
          -1.3403833598601977e-09,
          1.0,
          1.6999998092651367
        ],
        [
          0.0,
          0.0,
          0.0,
          1.0
        ]
      ],
      "matrix_ego_from_sensor_bevfusion": [
        [
          -3.763722702387895e-07,
          -1.0643746994887238e-10,
          -0.9999999403953552,
          -1.549999475479126
        ],
        [
          0.9999999403953552,
          -1.395375148760536e-09,
          -3.896325040386728e-07,
          7.62939453125e-06
        ],
        [
          -1.3403833598601977e-09,
          -1.0,
          4.756393612304066e-10,
          1.6999998092651367
        ],
        [
          0.0,
          0.0,
          0.0,
          1.0
        ]
      ],
      "camera_intrinsics": [
        [
          685.5110473632812,
          0.0,
          480.0
        ],
        [
          0.0,
          685.5110473632812,
          270.0
        ],
        [
          0.0,
          0.0,
          1.0
        ]
      ],
      "data_path": "D:\\Agent-AI\\outputs\\s3a_left_v3\\sample_000042\\images\\CAM_BACK.png",
      "raw_layout": "bgra8"
    },
    "CAM_BACK_LEFT": {
      "type_id": "sensor.camera.rgb",
      "blueprint_attributes": {
        "role_name": "front",
        "ros_name": "sensor.camera.rgb",
        "chromatic_aberration_offset": "0.0",
        "sensor_tick": "0.100000",
        "fstop": "1.4",
        "image_size_x": "960",
        "image_size_y": "540",
        "fov": "70.00",
        "lens_circle_falloff": "5.0",
        "lens_circle_multiplier": "0.0",
        "exposure_compensation": "0.0",
        "lens_y_size": "0.08",
        "lens_k": "-1.0",
        "exposure_mode": "histogram",
        "lens_kcube": "0.0",
        "lens_x_size": "0.08",
        "exposure_max_bright": "12.0",
        "shutter_speed": "200.0",
        "bloom_intensity": "0.675",
        "iso": "100.0",
        "enable_postprocess_effects": "false",
        "gamma": "2.2",
        "motion_blur_intensity": "0.0",
        "motion_blur_max_distortion": "0.35",
        "lens_flare_intensity": "0.1",
        "motion_blur_min_object_screen_size": "0.1",
        "exposure_min_bright": "10.0",
        "exposure_speed_up": "3.0",
        "exposure_speed_down": "1.0",
        "tint": "0.0",
        "calibration_constant": "16.0",
        "focal_distance": "1000.0",
        "min_fstop": "1.2",
        "blade_count": "5",
        "blur_amount": "0.0",
        "blur_radius": "0.0",
        "slope": "0.88",
        "toe": "0.55",
        "white_clip": "0.04",
        "shoulder": "0.26",
        "black_clip": "0.0",
        "temp": "6500.0",
        "chromatic_aberration_intensity": "0.0"
      },
      "transform_carla": {
        "location": {
          "x": 106.90486145019531,
          "y": -36.83793258666992,
          "z": 1.6986624002456665
        },
        "rotation": {
          "roll": 0.0538925901055336,
          "pitch": 0.09988468140363693,
          "yaw": 126.01641082763672
        }
      },
      "matrix_world_from_sensor_carla": [
        [
          -0.588016152381897,
          -0.8088491559028625,
          0.0002642934559844434,
          106.90486145019531
        ],
        [
          0.8088473677635193,
          -0.5880154967308044,
          -0.0019631683826446533,
          -36.83793258666992
        ],
        [
          0.0017433156026527286,
          -0.0009406016324646771,
          0.9999980926513672,
          1.6986624002456665
        ],
        [
          0.0,
          0.0,
          0.0,
          1.0
        ]
      ],
      "matrix_world_from_sensor_bevfusion": [
        [
          -0.8088491559028625,
          -0.0002642934559844434,
          -0.588016152381897,
          106.90486145019531
        ],
        [
          0.5880154967308044,
          -0.0019631683826446533,
          -0.8088473677635193,
          36.83793258666992
        ],
        [
          -0.0009406016324646771,
          -0.9999980926513672,
          0.0017433156026527286,
          1.6986624002456665
        ],
        [
          0.0,
          0.0,
          0.0,
          1.0
        ]
      ],
      "matrix_ego_from_sensor_carla": [
        [
          -0.5735766887664795,
          0.8191519379615784,
          -7.473772711819038e-08,
          -1.300002098083496
        ],
        [
          -0.8191519379615784,
          -0.5735766887664795,
          -6.873639790683228e-08,
          -0.5500030517578125
        ],
        [
          -9.91224169410998e-08,
          2.1640724767735264e-08,
          1.0,
          1.6999998092651367
        ],
        [
          0.0,
          0.0,
          0.0,
          1.0
        ]
      ],
      "matrix_ego_from_sensor_bevfusion": [
        [
          0.8191519379615784,
          7.473772711819038e-08,
          -0.5735766887664795,
          -1.300002098083496
        ],
        [
          0.5735766887664795,
          -6.873639790683228e-08,
          0.8191519379615784,
          0.5500030517578125
        ],
        [
          2.1640724767735264e-08,
          -1.0,
          -9.91224169410998e-08,
          1.6999998092651367
        ],
        [
          0.0,
          0.0,
          0.0,
          1.0
        ]
      ],
      "camera_intrinsics": [
        [
          685.5110473632812,
          0.0,
          480.0
        ],
        [
          0.0,
          685.5110473632812,
          270.0
        ],
        [
          0.0,
          0.0,
          1.0
        ]
      ],
      "data_path": "D:\\Agent-AI\\outputs\\s3a_left_v3\\sample_000042\\images\\CAM_BACK_LEFT.png",
      "raw_layout": "bgra8"
    },
    "CAM_BACK_RIGHT": {
      "type_id": "sensor.camera.rgb",
      "blueprint_attributes": {
        "role_name": "front",
        "ros_name": "sensor.camera.rgb",
        "chromatic_aberration_offset": "0.0",
        "sensor_tick": "0.100000",
        "fstop": "1.4",
        "image_size_x": "960",
        "image_size_y": "540",
        "fov": "70.00",
        "lens_circle_falloff": "5.0",
        "lens_circle_multiplier": "0.0",
        "exposure_compensation": "0.0",
        "lens_y_size": "0.08",
        "lens_k": "-1.0",
        "exposure_mode": "histogram",
        "lens_kcube": "0.0",
        "lens_x_size": "0.08",
        "exposure_max_bright": "12.0",
        "shutter_speed": "200.0",
        "bloom_intensity": "0.675",
        "iso": "100.0",
        "enable_postprocess_effects": "false",
        "gamma": "2.2",
        "motion_blur_intensity": "0.0",
        "motion_blur_max_distortion": "0.35",
        "lens_flare_intensity": "0.1",
        "motion_blur_min_object_screen_size": "0.1",
        "exposure_min_bright": "10.0",
        "exposure_speed_up": "3.0",
        "exposure_speed_down": "1.0",
        "tint": "0.0",
        "calibration_constant": "16.0",
        "focal_distance": "1000.0",
        "min_fstop": "1.2",
        "blade_count": "5",
        "blur_amount": "0.0",
        "blur_radius": "0.0",
        "slope": "0.88",
        "toe": "0.55",
        "white_clip": "0.04",
        "shoulder": "0.26",
        "black_clip": "0.0",
        "temp": "6500.0",
        "chromatic_aberration_intensity": "0.0"
      },
      "transform_carla": {
        "location": {
          "x": 107.94503021240234,
          "y": -37.195762634277344,
          "z": 1.69768488407135
        },
        "rotation": {
          "roll": -0.11229772120714188,
          "pitch": 0.016481244936585426,
          "yaw": 16.016361236572266
        }
      },
      "matrix_world_from_sensor_carla": [
        [
          0.9611828923225403,
          -0.2759118378162384,
          0.0002642915060278028,
          107.94503021240234
        ],
        [
          0.275911808013916,
          0.9611809253692627,
          -0.001963250106200576,
          -37.195762634277344
        ],
        [
          0.0002876519865822047,
          0.001959963468834758,
          0.9999980330467224,
          1.69768488407135
        ],
        [
          0.0,
          0.0,
          0.0,
          1.0
        ]
      ],
      "matrix_world_from_sensor_bevfusion": [
        [
          -0.2759118378162384,
          -0.0002642915060278028,
          0.9611828923225403,
          107.94503021240234
        ],
        [
          -0.9611809253692627,
          -0.001963250106200576,
          -0.275911808013916,
          37.195762634277344
        ],
        [
          0.001959963468834758,
          -0.9999980330467224,
          0.0002876519865822047,
          1.69768488407135
        ],
        [
          0.0,
          0.0,
          0.0,
          1.0
        ]
      ],
      "matrix_ego_from_sensor_carla": [
        [
          -0.5735762715339661,
          -0.8191520571708679,
          3.2496512147872636e-09,
          -1.2999963760375977
        ],
        [
          0.8191521167755127,
          -0.5735762715339661,
          -4.3945174610371396e-08,
          0.5499954223632812
        ],
        [
          3.802588111057048e-08,
          -2.2481607686586358e-08,
          1.0,
          1.6999998092651367
        ],
        [
          0.0,
          0.0,
          0.0,
          1.0
        ]
      ],
      "matrix_ego_from_sensor_bevfusion": [
        [
          -0.8191520571708679,
          -3.2496512147872636e-09,
          -0.5735762715339661,
          -1.2999963760375977
        ],
        [
          0.5735762715339661,
          -4.3945174610371396e-08,
          -0.8191521167755127,
          -0.5499954223632812
        ],
        [
          -2.2481607686586358e-08,
          -1.0,
          3.802588111057048e-08,
          1.6999998092651367
        ],
        [
          0.0,
          0.0,
          0.0,
          1.0
        ]
      ],
      "camera_intrinsics": [
        [
          685.5110473632812,
          0.0,
          480.0
        ],
        [
          0.0,
          685.5110473632812,
          270.0
        ],
        [
          0.0,
          0.0,
          1.0
        ]
      ],
      "data_path": "D:\\Agent-AI\\outputs\\s3a_left_v3\\sample_000042\\images\\CAM_BACK_RIGHT.png",
      "raw_layout": "bgra8"
    },
    "LIDAR_TOP": {
      "type_id": "sensor.lidar.ray_cast",
      "blueprint_attributes": {
        "atmosphere_attenuation_rate": "0.004",
        "role_name": "front",
        "noise_seed": "0",
        "upper_fov": "10.0",
        "ros_name": "sensor.lidar.ray_cast",
        "sensor_tick": "0.100000",
        "channels": "32",
        "range": "120.0",
        "points_per_second": "360000",
        "lower_fov": "-30.0",
        "rotation_frequency": "10.000000",
        "horizontal_fov": "360.0",
        "dropoff_general_rate": "0.0",
        "dropoff_intensity_limit": "1.0",
        "noise_stddev": "0.0",
        "dropoff_zero_intensity": "0.0"
      },
      "transform_carla": {
        "location": {
          "x": 107.002197265625,
          "y": -38.24711990356445,
          "z": 2.195871114730835
        },
        "rotation": {
          "roll": 0.05091322585940361,
          "pitch": -0.10144196450710297,
          "yaw": -108.98365783691406
        }
      },
      "matrix_world_from_sensor_carla": [
        [
          -0.3252979815006256,
          0.9456115365028381,
          0.00026433420134708285,
          107.002197265625
        ],
        [
          -0.9456099271774292,
          -0.3252968490123749,
          -0.001963261282071471,
          -38.24711990356445
        ],
        [
          -0.0017704953206703067,
          -0.0008886018767952919,
          0.9999980330467224,
          2.195871114730835
        ],
        [
          0.0,
          0.0,
          0.0,
          1.0
        ]
      ],
      "matrix_world_from_sensor_bevfusion": [
        [
          -0.3252979815006256,
          -0.9456115365028381,
          0.00026433420134708285,
          107.002197265625
        ],
        [
          0.9456099271774292,
          -0.3252968490123749,
          0.001963261282071471,
          38.24711990356445
        ],
        [
          -0.0017704953206703067,
          0.0008886018767952919,
          0.9999980330467224,
          2.195871114730835
        ],
        [
          0.0,
          0.0,
          0.0,
          1.0
        ]
      ],
      "matrix_ego_from_sensor_carla": [
        [
          1.0,
          -2.1407654315908076e-08,
          -1.2639317370499725e-10,
          -2.86102294921875e-06
        ],
        [
          -3.6393108526766582e-09,
          1.0,
          5.981631856499803e-11,
          0.0
        ],
        [
          -1.2639339574960218e-10,
          -5.659911428423925e-11,
          1.0,
          2.1999998092651367
        ],
        [
          0.0,
          0.0,
          0.0,
          1.0
        ]
      ],
      "matrix_ego_from_sensor_bevfusion": [
        [
          1.0,
          2.1407654315908076e-08,
          -1.2639317370499725e-10,
          -2.86102294921875e-06
        ],
        [
          3.6393108526766582e-09,
          1.0,
          -5.981631856499803e-11,
          0.0
        ],
        [
          -1.2639339574960218e-10,
          5.659911428423925e-11,
          1.0,
          2.1999998092651367
        ],
        [
          0.0,
          0.0,
          0.0,
          1.0
        ]
      ],
      "data_path": "D:\\Agent-AI\\outputs\\s3a_left_v3\\sample_000042\\lidar\\LIDAR_TOP.npy",
      "raw_layout": [
        "x",
        "y",
        "z",
        "intensity"
      ]
    },
    "RADAR_FRONT": {
      "type_id": "sensor.other.radar",
      "blueprint_attributes": {
        "sensor_tick": "0.100000",
        "role_name": "default",
        "noise_seed": "0",
        "ros_name": "sensor.other.radar",
        "horizontal_fov": "35.0",
        "points_per_second": "1500",
        "vertical_fov": "20.0",
        "range": "120.0"
      },
      "transform_carla": {
        "location": {
          "x": 106.35124969482422,
          "y": -40.13578796386719,
          "z": 0.8923327326774597
        },
        "rotation": {
          "roll": 0.05091322585940361,
          "pitch": -0.10144196450710297,
          "yaw": -108.98365783691406
        }
      },
      "matrix_world_from_sensor_carla": [
        [
          -0.3252979815006256,
          0.9456115365028381,
          0.00026433420134708285,
          106.35124969482422
        ],
        [
          -0.9456099271774292,
          -0.3252968490123749,
          -0.001963261282071471,
          -40.13578796386719
        ],
        [
          -0.0017704953206703067,
          -0.0008886018767952919,
          0.9999980330467224,
          0.8923327326774597
        ],
        [
          0.0,
          0.0,
          0.0,
          1.0
        ]
      ],
      "matrix_world_from_sensor_bevfusion": [
        [
          -0.3252979815006256,
          -0.9456115365028381,
          0.00026433420134708285,
          106.35124969482422
        ],
        [
          0.9456099271774292,
          -0.3252968490123749,
          0.001963261282071471,
          40.13578796386719
        ],
        [
          -0.0017704953206703067,
          0.0008886018767952919,
          0.9999980330467224,
          0.8923327326774597
        ],
        [
          0.0,
          0.0,
          0.0,
          1.0
        ]
      ],
      "matrix_ego_from_sensor_carla": [
        [
          1.0,
          -2.1407654315908076e-08,
          -1.2639317370499725e-10,
          1.9999983310699463
        ],
        [
          -3.6393108526766582e-09,
          1.0,
          5.981631856499803e-11,
          0.0
        ],
        [
          -1.2639339574960218e-10,
          -5.659911428423925e-11,
          1.0,
          0.8999999761581421
        ],
        [
          0.0,
          0.0,
          0.0,
          1.0
        ]
      ],
      "matrix_ego_from_sensor_bevfusion": [
        [
          1.0,
          2.1407654315908076e-08,
          -1.2639317370499725e-10,
          1.9999983310699463
        ],
        [
          3.6393108526766582e-09,
          1.0,
          -5.981631856499803e-11,
          0.0
        ],
        [
          -1.2639339574960218e-10,
          5.659911428423925e-11,
          1.0,
          0.8999999761581421
        ],
        [
          0.0,
          0.0,
          0.0,
          1.0
        ]
      ],
      "data_path": "D:\\Agent-AI\\outputs\\s3a_left_v3\\sample_000042\\radar\\RADAR_FRONT.npy",
      "raw_layout": [
        "velocity",
        "altitude",
        "azimuth",
        "depth"
      ]
    },
    "RADAR_FRONT_LEFT": {
      "type_id": "sensor.other.radar",
      "blueprint_attributes": {
        "sensor_tick": "0.100000",
        "role_name": "default",
        "noise_seed": "0",
        "ros_name": "sensor.other.radar",
        "horizontal_fov": "35.0",
        "points_per_second": "1500",
        "vertical_fov": "20.0",
        "range": "120.0"
      },
      "transform_carla": {
        "location": {
          "x": 105.75589752197266,
          "y": -39.56085205078125,
          "z": 0.8936188817024231
        },
        "rotation": {
          "roll": 0.10773026943206787,
          "pitch": -0.03572871908545494,
          "yaw": -153.98365783691406
        }
      },
      "matrix_world_from_sensor_carla": [
        [
          -0.8986687660217285,
          0.43862786889076233,
          0.00026433373568579555,
          105.75589752197266
        ],
        [
          -0.4386275112628937,
          -0.8986667990684509,
          -0.001963239861652255,
          -39.56085205078125
        ],
        [
          -0.0006235837354324758,
          -0.0018802463309839368,
          0.9999980330467224,
          0.8936188817024231
        ],
        [
          0.0,
          0.0,
          0.0,
          1.0
        ]
      ],
      "matrix_world_from_sensor_bevfusion": [
        [
          -0.8986687660217285,
          -0.43862786889076233,
          0.00026433373568579555,
          105.75589752197266
        ],
        [
          0.4386275112628937,
          -0.8986667990684509,
          0.001963239861652255,
          39.56085205078125
        ],
        [
          -0.0006235837354324758,
          0.0018802463309839368,
          0.9999980330467224,
          0.8936188817024231
        ],
        [
          0.0,
          0.0,
          0.0,
          1.0
        ]
      ],
      "matrix_ego_from_sensor_carla": [
        [
          0.7071067690849304,
          0.7071067690849304,
          -2.0149828472426634e-08,
          1.6499991416931152
        ],
        [
          -0.7071068286895752,
          0.7071067690849304,
          -7.390764444892284e-09,
          -0.75
        ],
        [
          8.909971427328855e-09,
          1.9181594979045258e-08,
          1.0,
          0.8999999761581421
        ],
        [
          0.0,
          0.0,
          0.0,
          1.0
        ]
      ],
      "matrix_ego_from_sensor_bevfusion": [
        [
          0.7071067690849304,
          -0.7071067690849304,
          -2.0149828472426634e-08,
          1.6499991416931152
        ],
        [
          0.7071068286895752,
          0.7071067690849304,
          7.390764444892284e-09,
          0.75
        ],
        [
          8.909971427328855e-09,
          -1.9181594979045258e-08,
          1.0,
          0.8999999761581421
        ],
        [
          0.0,
          0.0,
          0.0,
          1.0
        ]
      ],
      "data_path": "D:\\Agent-AI\\outputs\\s3a_left_v3\\sample_000042\\radar\\RADAR_FRONT_LEFT.npy",
      "raw_layout": [
        "velocity",
        "altitude",
        "azimuth",
        "depth"
      ]
    },
    "RADAR_FRONT_RIGHT": {
      "type_id": "sensor.other.radar",
      "blueprint_attributes": {
        "sensor_tick": "0.100000",
        "role_name": "default",
        "noise_seed": "0",
        "ros_name": "sensor.other.radar",
