{
  "schema_version": "stage1.v1",
  "sample_name": "sample_000045",
  "sequence_index": 45,
  "previous_sample_name": "sample_000044",
  "frame_id": 3965,
  "timestamp": 43.631086613982916,
  "platform_timestamp": 16816502.6533295,
  "delta_seconds": 0.10000000149011612,
  "town": "Carla/Maps/Town10HD_Opt",
  "weather": {
    "cloudiness": 20.0,
    "dust_storm": 0.0,
    "fog_density": 2.0,
    "fog_distance": 0.75,
    "fog_falloff": 0.10000000149011612,
    "mie_scattering_scale": 0.029999999329447746,
    "precipitation": 0.0,
    "precipitation_deposits": 0.0,
    "rayleigh_scattering_scale": 0.03310000151395798,
    "scattering_intensity": 1.0,
    "sun_altitude_angle": 45.0,
    "sun_azimuth_angle": 300.0,
    "wetness": 0.0,
    "wind_intensity": 10.0
  },
  "sensor_names": [
    "CAM_FRONT",
    "CAM_FRONT_RIGHT",
    "CAM_FRONT_LEFT",
    "CAM_BACK",
    "CAM_BACK_LEFT",
    "CAM_BACK_RIGHT",
    "LIDAR_TOP",
    "RADAR_FRONT",
    "RADAR_FRONT_LEFT",
    "RADAR_FRONT_RIGHT",
    "RADAR_BACK_LEFT",
    "RADAR_BACK_RIGHT"
  ],
  "camera_order_for_model": [
    "CAM_FRONT",
    "CAM_FRONT_RIGHT",
    "CAM_FRONT_LEFT",
    "CAM_BACK",
    "CAM_BACK_LEFT",
    "CAM_BACK_RIGHT"
  ],
  "radar_order_for_model": [
    "RADAR_FRONT",
    "RADAR_FRONT_LEFT",
    "RADAR_FRONT_RIGHT",
    "RADAR_BACK_LEFT",
    "RADAR_BACK_RIGHT"
  ],
  "coordinate_notes": {
    "carla_world": "left-handed x-forward y-right z-up",
    "bevfusion_lidar": "x-forward y-left z-up",
    "camera_frame_for_model": "OpenCV style x-right y-down z-forward"
  },
  "ego": {
    "actor_id": 24,
    "transform_carla": {
      "location": {
        "x": 106.65809631347656,
        "y": -39.1683349609375,
        "z": -0.004642448388040066
      },
      "rotation": {
        "roll": 0.030164415016770363,
        "pitch": 0.03820807486772537,
        "yaw": -109.72703552246094
      }
    },
    "velocity_carla": [
      -1.1132636070251465,
      -2.9513309001922607,
      7.44819635656313e-06
    ],
    "angular_velocity_carla": [
      1.1637928485870361,
      -0.4928975999355316,
      -1.9614722728729248
    ],
    "matrix_world_from_ego_carla": [
      [
        -0.337539404630661,
        0.9413111209869385,
        0.0007206610171124339,
        106.65809631347656
      ],
      [
        -0.9413111209869385,
        -0.33753979206085205,
        0.0004500158247537911,
        -39.1683349609375
      ],
      [
        0.0006668566493317485,
        -0.0005264682113192976,
        0.9999996423721313,
        -0.004642448388040066
      ],
      [
        0.0,
        0.0,
        0.0,
        1.0
      ]
    ],
    "matrix_world_from_ego_bevfusion": [
      [
        -0.337539404630661,
        -0.9413111209869385,
        0.0007206610171124339,
        106.65809631347656
      ],
      [
        0.9413111209869385,
        -0.33753979206085205,
        -0.0004500158247537911,
        39.1683349609375
      ],
      [
        0.0006668566493317485,
        0.0005264682113192976,
        0.9999996423721313,
        -0.004642448388040066
      ],
      [
        0.0,
        0.0,
        0.0,
        1.0
      ]
    ]
  },
  "sensors": {
    "CAM_FRONT": {
      "type_id": "sensor.camera.rgb",
      "blueprint_attributes": {
        "role_name": "front",
        "ros_name": "sensor.camera.rgb",
        "chromatic_aberration_offset": "0.0",
        "sensor_tick": "0.100000",
        "fstop": "1.4",
        "image_size_x": "960",
        "image_size_y": "540",
        "fov": "70.00",
        "lens_circle_falloff": "5.0",
        "lens_circle_multiplier": "0.0",
        "exposure_compensation": "0.0",
        "lens_y_size": "0.08",
        "lens_k": "-1.0",
        "exposure_mode": "histogram",
        "lens_kcube": "0.0",
        "lens_x_size": "0.08",
        "exposure_max_bright": "12.0",
        "shutter_speed": "200.0",
        "bloom_intensity": "0.675",
        "iso": "100.0",
        "enable_postprocess_effects": "false",
        "gamma": "2.2",
        "motion_blur_intensity": "0.0",
        "motion_blur_max_distortion": "0.35",
        "lens_flare_intensity": "0.1",
        "motion_blur_min_object_screen_size": "0.1",
        "exposure_min_bright": "10.0",
        "exposure_speed_up": "3.0",
        "exposure_speed_down": "1.0",
        "tint": "0.0",
        "calibration_constant": "16.0",
        "focal_distance": "1000.0",
        "min_fstop": "1.2",
        "blade_count": "5",
        "blur_amount": "0.0",
        "blur_radius": "0.0",
        "slope": "0.88",
        "toe": "0.55",
        "white_clip": "0.04",
        "shoulder": "0.26",
        "black_clip": "0.0",
        "temp": "6500.0",
        "chromatic_aberration_intensity": "0.0"
      },
      "transform_carla": {
        "location": {
          "x": 106.1361312866211,
          "y": -40.62660217285156,
          "z": 1.6963905096054077
        },
        "rotation": {
          "roll": 0.030164415016770363,
          "pitch": 0.03820807486772537,
          "yaw": -109.72703552246094
        }
      },
      "matrix_world_from_sensor_carla": [
        [
          -0.337539404630661,
          0.9413111209869385,
          0.0007206610171124339,
          106.1361312866211
        ],
        [
          -0.9413111209869385,
          -0.33753979206085205,
          0.0004500158247537911,
          -40.62660217285156
        ],
        [
          0.0006668566493317485,
          -0.0005264682113192976,
          0.9999996423721313,
          1.6963905096054077
        ],
        [
          0.0,
          0.0,
          0.0,
          1.0
        ]
      ],
      "matrix_world_from_sensor_bevfusion": [
        [
          0.9413111209869385,
          -0.0007206610171124339,
          -0.337539404630661,
          106.1361312866211
        ],
        [
          0.33753979206085205,
          0.0004500158247537911,
          0.9413111209869385,
          40.62660217285156
        ],
        [
          -0.0005264682113192976,
          -0.9999996423721313,
          0.0006668566493317485,
          1.6963905096054077
        ],
        [
          0.0,
          0.0,
          0.0,
          1.0
        ]
      ],
      "matrix_ego_from_sensor_carla": [
        [
          0.9999999403953552,
          6.956947462555263e-09,
          5.255176155349872e-11,
          1.5500011444091797
        ],
        [
          -1.1412843115010674e-08,
          1.0,
          1.3656700770248165e-11,
          0.0
        ],
        [
          -5.655878543286974e-12,
          1.3656721586929876e-11,
          1.0,
          1.7000000476837158
        ],
        [
          0.0,
          0.0,
          0.0,
          1.0
        ]
      ],
      "matrix_ego_from_sensor_bevfusion": [
        [
          6.956947462555263e-09,
          -5.255176155349872e-11,
          0.9999999403953552,
          1.5500011444091797
        ],
        [
          -1.0,
          1.3656700770248165e-11,
          1.1412843115010674e-08,
          0.0
        ],
        [
          1.3656721586929876e-11,
          -1.0,
          -5.655878543286974e-12,
          1.7000000476837158
        ],
        [
          0.0,
          0.0,
          0.0,
          1.0
        ]
      ],
      "camera_intrinsics": [
        [
          685.5110473632812,
          0.0,
          480.0
        ],
        [
          0.0,
          685.5110473632812,
          270.0
        ],
        [
          0.0,
          0.0,
          1.0
        ]
      ],
      "data_path": "D:\\Agent-AI\\outputs\\s3a_left_v3\\sample_000045\\images\\CAM_FRONT.png",
      "raw_layout": "bgra8"
    },
    "CAM_FRONT_RIGHT": {
      "type_id": "sensor.camera.rgb",
      "blueprint_attributes": {
        "role_name": "front",
        "ros_name": "sensor.camera.rgb",
        "chromatic_aberration_offset": "0.0",
        "sensor_tick": "0.100000",
        "fstop": "1.4",
        "image_size_x": "960",
        "image_size_y": "540",
        "fov": "70.00",
        "lens_circle_falloff": "5.0",
        "lens_circle_multiplier": "0.0",
        "exposure_compensation": "0.0",
        "lens_y_size": "0.08",
        "lens_k": "-1.0",
        "exposure_mode": "histogram",
        "lens_kcube": "0.0",
        "lens_x_size": "0.08",
        "exposure_max_bright": "12.0",
        "shutter_speed": "200.0",
        "bloom_intensity": "0.675",
        "iso": "100.0",
        "enable_postprocess_effects": "false",
        "gamma": "2.2",
        "motion_blur_intensity": "0.0",
        "motion_blur_max_distortion": "0.35",
        "lens_flare_intensity": "0.1",
        "motion_blur_min_object_screen_size": "0.1",
        "exposure_min_bright": "10.0",
        "exposure_speed_up": "3.0",
        "exposure_speed_down": "1.0",
        "tint": "0.0",
        "calibration_constant": "16.0",
        "focal_distance": "1000.0",
        "min_fstop": "1.2",
        "blade_count": "5",
        "blur_amount": "0.0",
        "blur_radius": "0.0",
        "slope": "0.88",
        "toe": "0.55",
        "white_clip": "0.04",
        "shoulder": "0.26",
        "black_clip": "0.0",
        "temp": "6500.0",
        "chromatic_aberration_intensity": "0.0"
      },
      "transform_carla": {
        "location": {
          "x": 106.73824310302734,
          "y": -40.57691955566406,
          "z": 1.6959342956542969
        },
        "rotation": {
          "roll": 0.04859981685876846,
          "pitch": -0.0027935472317039967,
          "yaw": -54.72706604003906
        }
      },
      "matrix_world_from_sensor_carla": [
        [
          0.5774720311164856,
          0.8164101839065552,
          0.0007206567679531872,
          106.73824310302734
        ],
        [
          -0.816410481929779,
          0.577471911907196,
          0.0004500218201428652,
          -40.57691955566406
        ],
        [
          -4.8756595788290724e-05,
          -0.0008482267148792744,
          0.9999996423721313,
          1.6959342956542969
        ],
        [
          0.0,
          0.0,
          0.0,
          1.0
        ]
      ],
      "matrix_world_from_sensor_bevfusion": [
        [
          0.8164101839065552,
          -0.0007206567679531872,
          0.5774720311164856,
          106.73824310302734
        ],
        [
          -0.577471911907196,
          0.0004500218201428652,
          0.816410481929779,
          40.57691955566406
        ],
        [
          -0.0008482267148792744,
          -0.9999996423721313,
          -4.8756595788290724e-05,
          1.6959342956542969
        ],
        [
          0.0,
          0.0,
          0.0,
          1.0
        ]
      ],
      "matrix_ego_from_sensor_carla": [
        [
          0.5735766887664795,
          -0.8191519379615784,
          -4.196607505946304e-09,
          1.2999985218048096
        ],
        [
          0.8191518187522888,
          0.5735766887664795,
          -6.039940103619301e-09,
          0.5500030517578125
        ],
        [
          7.395257739517547e-09,
          1.2872652943585194e-10,
          1.0,
          1.7000000476837158
        ],
        [
          0.0,
          0.0,
          0.0,
          1.0
        ]
      ],
      "matrix_ego_from_sensor_bevfusion": [
        [
          -0.8191519379615784,
          4.196607505946304e-09,
          0.5735766887664795,
          1.2999985218048096
        ],
        [
          -0.5735766887664795,
          -6.039940103619301e-09,
          -0.8191518187522888,
          -0.5500030517578125
        ],
        [
          1.2872652943585194e-10,
          -1.0,
          7.395257739517547e-09,
          1.7000000476837158
        ],
        [
          0.0,
          0.0,
          0.0,
          1.0
        ]
      ],
      "camera_intrinsics": [
        [
          685.5110473632812,
          0.0,
          480.0
        ],
        [
          0.0,
          685.5110473632812,
          270.0
        ],
        [
          0.0,
          0.0,
          1.0
        ]
      ],
      "data_path": "D:\\Agent-AI\\outputs\\s3a_left_v3\\sample_000045\\images\\CAM_FRONT_RIGHT.png",
      "raw_layout": "bgra8"
    },
    "CAM_FRONT_LEFT": {
      "type_id": "sensor.camera.rgb",
      "blueprint_attributes": {
        "role_name": "front",
        "ros_name": "sensor.camera.rgb",
        "chromatic_aberration_offset": "0.0",
        "sensor_tick": "0.100000",
        "fstop": "1.4",
        "image_size_x": "960",
        "image_size_y": "540",
        "fov": "70.00",
        "lens_circle_falloff": "5.0",
        "lens_circle_multiplier": "0.0",
        "exposure_compensation": "0.0",
        "lens_y_size": "0.08",
        "lens_k": "-1.0",
        "exposure_mode": "histogram",
        "lens_kcube": "0.0",
        "lens_x_size": "0.08",
        "exposure_max_bright": "12.0",
        "shutter_speed": "200.0",
        "bloom_intensity": "0.675",
        "iso": "100.0",
        "enable_postprocess_effects": "false",
        "gamma": "2.2",
        "motion_blur_intensity": "0.0",
        "motion_blur_max_distortion": "0.35",
        "lens_flare_intensity": "0.1",
        "motion_blur_min_object_screen_size": "0.1",
        "exposure_min_bright": "10.0",
        "exposure_speed_up": "3.0",
        "exposure_speed_down": "1.0",
        "tint": "0.0",
        "calibration_constant": "16.0",
        "focal_distance": "1000.0",
        "min_fstop": "1.2",
        "blade_count": "5",
        "blur_amount": "0.0",
        "blur_radius": "0.0",
        "slope": "0.88",
        "toe": "0.55",
        "white_clip": "0.04",
        "shoulder": "0.26",
        "black_clip": "0.0",
        "temp": "6500.0",
        "chromatic_aberration_intensity": "0.0"
      },
      "transform_carla": {
        "location": {
          "x": 105.70279693603516,
          "y": -40.20562744140625,
          "z": 1.696513295173645
        },
        "rotation": {
          "roll": -0.013996622525155544,
          "pitch": 0.04661604017019272,
          "yaw": -164.72703552246094
        }
      },
      "matrix_world_from_sensor_carla": [
        [
          -0.9646814465522766,
          0.2634180784225464,
          0.0007205185829661787,
          105.70279693603516
        ],
        [
          -0.2634178400039673,
          -0.9646816849708557,
          0.00044997702934779227,
          -40.20562744140625
        ],
        [
          0.0008136032847687602,
          0.00024428704637102783,
          0.9999995827674866,
          1.696513295173645
        ],
        [
          0.0,
          0.0,
          0.0,
          1.0
        ]
      ],
      "matrix_world_from_sensor_bevfusion": [
        [
          0.2634180784225464,
          -0.0007205185829661787,
          -0.9646814465522766,
          105.70279693603516
        ],
        [
          0.9646816849708557,
          0.00044997702934779227,
          0.2634178400039673,
          40.20562744140625
        ],
        [
          0.00024428704637102783,
          -0.9999995827674866,
          0.0008136032847687602,
          1.696513295173645
        ],
        [
          0.0,
          0.0,
          0.0,
          1.0
        ]
      ],
      "matrix_ego_from_sensor_carla": [
        [
          0.5735767483711243,
          0.8191518187522888,
          8.458853528736654e-08,
          1.2999999523162842
        ],
        [
          -0.8191518187522888,
          0.5735766887664795,
          -1.209104851795928e-07,
          -0.5499954223632812
        ],
        [
          -1.475563493613663e-07,
          8.725913047680223e-11,
          0.9999999403953552,
          1.6999999284744263
        ],
        [
          0.0,
          0.0,
          0.0,
          1.0
        ]
      ],
      "matrix_ego_from_sensor_bevfusion": [
        [
          0.8191518187522888,
          -8.458853528736654e-08,
          0.5735767483711243,
          1.2999999523162842
        ],
        [
          -0.5735766887664795,
          -1.209104851795928e-07,
          0.8191518187522888,
          0.5499954223632812
        ],
        [
          8.725913047680223e-11,
          -0.9999999403953552,
          -1.475563493613663e-07,
          1.6999999284744263
        ],
        [
          0.0,
          0.0,
          0.0,
          1.0
        ]
      ],
      "camera_intrinsics": [
        [
          685.5110473632812,
          0.0,
          480.0
        ],
        [
          0.0,
          685.5110473632812,
          270.0
        ],
        [
          0.0,
          0.0,
          1.0
        ]
      ],
      "data_path": "D:\\Agent-AI\\outputs\\s3a_left_v3\\sample_000045\\images\\CAM_FRONT_LEFT.png",
      "raw_layout": "bgra8"
    },
    "CAM_BACK": {
      "type_id": "sensor.camera.rgb",
      "blueprint_attributes": {
        "role_name": "front",
        "ros_name": "sensor.camera.rgb",
        "chromatic_aberration_offset": "0.0",
        "sensor_tick": "0.100000",
        "fstop": "1.4",
        "image_size_x": "960",
        "image_size_y": "540",
        "fov": "70.00",
        "lens_circle_falloff": "5.0",
        "lens_circle_multiplier": "0.0",
        "exposure_compensation": "0.0",
        "lens_y_size": "0.08",
        "lens_k": "-1.0",
        "exposure_mode": "histogram",
        "lens_kcube": "0.0",
        "lens_x_size": "0.08",
        "exposure_max_bright": "12.0",
        "shutter_speed": "200.0",
        "bloom_intensity": "0.675",
        "iso": "100.0",
        "enable_postprocess_effects": "false",
        "gamma": "2.2",
        "motion_blur_intensity": "0.0",
        "motion_blur_max_distortion": "0.35",
        "lens_flare_intensity": "0.1",
        "motion_blur_min_object_screen_size": "0.1",
        "exposure_min_bright": "10.0",
        "exposure_speed_up": "3.0",
        "exposure_speed_down": "1.0",
        "tint": "0.0",
        "calibration_constant": "16.0",
        "focal_distance": "1000.0",
        "min_fstop": "1.2",
        "blade_count": "5",
        "blur_amount": "0.0",
        "blur_radius": "0.0",
        "slope": "0.88",
        "toe": "0.55",
        "white_clip": "0.04",
        "shoulder": "0.26",
        "black_clip": "0.0",
        "temp": "6500.0",
        "chromatic_aberration_intensity": "0.0"
      },
      "transform_carla": {
        "location": {
          "x": 107.18251037597656,
          "y": -37.70853805541992,
          "z": 1.694323182106018
        },
        "rotation": {
          "roll": -0.03016442246735096,
          "pitch": -0.03820807486772537,
          "yaw": 70.27294158935547
        }
      },
      "matrix_world_from_sensor_carla": [
        [
          0.33753976225852966,
          -0.9413110017776489,
          0.0007206613663583994,
          107.18251037597656
        ],
        [
          0.9413110017776489,
          0.3375401496887207,
          0.0004500155337154865,
          -37.70853805541992
        ],
        [
          -0.0006668566493317485,
          0.0005264683859422803,
          0.9999996423721313,
          1.694323182106018
        ],
        [
          0.0,
          0.0,
          0.0,
          1.0
        ]
      ],
      "matrix_world_from_sensor_bevfusion": [
        [
          -0.9413110017776489,
          -0.0007206613663583994,
          0.33753976225852966,
          107.18251037597656
        ],
        [
          -0.3375401496887207,
          0.0004500155337154865,
          -0.9413110017776489,
          37.70853805541992
        ],
        [
          0.0005264683859422803,
          -0.9999996423721313,
          -0.0006668566493317485,
          1.694323182106018
        ],
        [
          0.0,
          0.0,
          0.0,
          1.0
        ]
      ],
      "matrix_ego_from_sensor_carla": [
        [
          -0.9999999403953552,
          -3.7339825098570145e-07,
          1.6896709031932744e-10,
          -1.550001621246338
        ],
        [
          3.794762619691028e-07,
          -1.0,
          4.793179742001996e-10,
          7.62939453125e-06
        ],
        [
          1.802788612836892e-10,
          3.9379682847950903e-10,
          1.0,
          1.6999999284744263
        ],
        [
          0.0,
          0.0,
          0.0,
          1.0
        ]
      ],
      "matrix_ego_from_sensor_bevfusion": [
        [
          -3.7339825098570145e-07,
          -1.6896709031932744e-10,
          -0.9999999403953552,
          -1.550001621246338
        ],
        [
          1.0,
          4.793179742001996e-10,
          -3.794762619691028e-07,
          -7.62939453125e-06
        ],
        [
          3.9379682847950903e-10,
          -1.0,
          1.802788612836892e-10,
          1.6999999284744263
        ],
        [
          0.0,
          0.0,
          0.0,
          1.0
        ]
      ],
      "camera_intrinsics": [
        [
          685.5110473632812,
          0.0,
          480.0
        ],
        [
          0.0,
          685.5110473632812,
          270.0
        ],
        [
          0.0,
          0.0,
          1.0
        ]
      ],
      "data_path": "D:\\Agent-AI\\outputs\\s3a_left_v3\\sample_000045\\images\\CAM_BACK.png",
      "raw_layout": "bgra8"
    },
    "CAM_BACK_LEFT": {
      "type_id": "sensor.camera.rgb",
      "blueprint_attributes": {
        "role_name": "front",
        "ros_name": "sensor.camera.rgb",
        "chromatic_aberration_offset": "0.0",
        "sensor_tick": "0.100000",
        "fstop": "1.4",
        "image_size_x": "960",
        "image_size_y": "540",
        "fov": "70.00",
        "lens_circle_falloff": "5.0",
        "lens_circle_multiplier": "0.0",
        "exposure_compensation": "0.0",
        "lens_y_size": "0.08",
        "lens_k": "-1.0",
        "exposure_mode": "histogram",
        "lens_kcube": "0.0",
        "lens_x_size": "0.08",
        "exposure_max_bright": "12.0",
        "shutter_speed": "200.0",
        "bloom_intensity": "0.675",
        "iso": "100.0",
        "enable_postprocess_effects": "false",
        "gamma": "2.2",
        "motion_blur_intensity": "0.0",
        "motion_blur_max_distortion": "0.35",
        "lens_flare_intensity": "0.1",
        "motion_blur_min_object_screen_size": "0.1",
        "exposure_min_bright": "10.0",
        "exposure_speed_up": "3.0",
        "exposure_speed_down": "1.0",
        "tint": "0.0",
        "calibration_constant": "16.0",
        "focal_distance": "1000.0",
        "min_fstop": "1.2",
        "blade_count": "5",
        "blur_amount": "0.0",
        "blur_radius": "0.0",
        "slope": "0.88",
        "toe": "0.55",
        "white_clip": "0.04",
        "shoulder": "0.26",
        "black_clip": "0.0",
        "temp": "6500.0",
        "chromatic_aberration_intensity": "0.0"
      },
      "transform_carla": {
        "location": {
          "x": 106.58039855957031,
          "y": -37.758216857910156,
          "z": 1.6947795152664185
        },
        "rotation": {
          "roll": -0.048599813133478165,
          "pitch": 0.0027935472317039967,
          "yaw": 125.2729263305664
        }
      },
      "matrix_world_from_sensor_carla": [
        [
          -0.5774718523025513,
          -0.8164103031158447,
          0.0007206568261608481,
          106.58039855957031
        ],
        [
          0.8164106011390686,
          -0.5774717330932617,
          0.000450021616416052,
          -37.758216857910156
        ],
        [
          4.8756595788290724e-05,
          0.0008482266566716135,
          0.9999996423721313,
          1.6947795152664185
        ],
        [
          0.0,
          0.0,
          0.0,
          1.0
        ]
      ],
      "matrix_world_from_sensor_bevfusion": [
        [
          -0.8164103031158447,
          -0.0007206568261608481,
          -0.5774718523025513,
          106.58039855957031
        ],
        [
          0.5774717330932617,
          0.000450021616416052,
          -0.8164106011390686,
          37.758216857910156
        ],
        [
          0.0008482266566716135,
          -0.9999996423721313,
          4.8756595788290724e-05,
          1.6947795152664185
        ],
        [
          0.0,
          0.0,
          0.0,
          1.0
        ]
      ],
      "matrix_ego_from_sensor_carla": [
        [
          -0.5735768675804138,
          0.8191518187522888,
          -4.0219845232059015e-09,
          -1.2999987602233887
        ],
        [
          -0.8191516995429993,
          -0.5735768675804138,
          -5.865317120878899e-09,
          -0.5500030517578125
        ],
        [
          -7.224272735584236e-09,
          -1.8693416259374374e-10,
          1.0,
          1.7000000476837158
        ],
        [
          0.0,
          0.0,
          0.0,
          1.0
        ]
      ],
      "matrix_ego_from_sensor_bevfusion": [
        [
          0.8191518187522888,
          4.0219845232059015e-09,
          -0.5735768675804138,
          -1.2999987602233887
        ],
        [
          0.5735768675804138,
          -5.865317120878899e-09,
          0.8191516995429993,
          0.5500030517578125
        ],
        [
          -1.8693416259374374e-10,
          -1.0,
          -7.224272735584236e-09,
          1.7000000476837158
        ],
        [
          0.0,
          0.0,
          0.0,
          1.0
        ]
      ],
      "camera_intrinsics": [
        [
          685.5110473632812,
          0.0,
          480.0
        ],
        [
          0.0,
          685.5110473632812,
          270.0
        ],
        [
          0.0,
          0.0,
          1.0
        ]
      ],
      "data_path": "D:\\Agent-AI\\outputs\\s3a_left_v3\\sample_000045\\images\\CAM_BACK_LEFT.png",
      "raw_layout": "bgra8"
    },
    "CAM_BACK_RIGHT": {
      "type_id": "sensor.camera.rgb",
      "blueprint_attributes": {
        "role_name": "front",
        "ros_name": "sensor.camera.rgb",
        "chromatic_aberration_offset": "0.0",
        "sensor_tick": "0.100000",
        "fstop": "1.4",
        "image_size_x": "960",
        "image_size_y": "540",
        "fov": "70.00",
        "lens_circle_falloff": "5.0",
        "lens_circle_multiplier": "0.0",
        "exposure_compensation": "0.0",
        "lens_y_size": "0.08",
        "lens_k": "-1.0",
        "exposure_mode": "histogram",
        "lens_kcube": "0.0",
        "lens_x_size": "0.08",
        "exposure_max_bright": "12.0",
        "shutter_speed": "200.0",
        "bloom_intensity": "0.675",
        "iso": "100.0",
        "enable_postprocess_effects": "false",
        "gamma": "2.2",
        "motion_blur_intensity": "0.0",
        "motion_blur_max_distortion": "0.35",
        "lens_flare_intensity": "0.1",
        "motion_blur_min_object_screen_size": "0.1",
        "exposure_min_bright": "10.0",
        "exposure_speed_up": "3.0",
        "exposure_speed_down": "1.0",
        "tint": "0.0",
        "calibration_constant": "16.0",
        "focal_distance": "1000.0",
        "min_fstop": "1.2",
        "blade_count": "5",
        "blur_amount": "0.0",
        "blur_radius": "0.0",
        "slope": "0.88",
        "toe": "0.55",
        "white_clip": "0.04",
        "shoulder": "0.26",
        "black_clip": "0.0",
        "temp": "6500.0",
        "chromatic_aberration_intensity": "0.0"
      },
      "transform_carla": {
        "location": {
          "x": 107.61583709716797,
          "y": -38.12950897216797,
          "z": 1.6942003965377808
        },
        "rotation": {
          "roll": 0.013996630907058716,
          "pitch": -0.04661604017019272,
          "yaw": 15.27293872833252
        }
      },
      "matrix_world_from_sensor_carla": [
        [
          0.9646815657615662,
          -0.2634176015853882,
          0.0007205187575891614,
          107.61583709716797
        ],
        [
          0.2634173631668091,
          0.9646818041801453,
          0.00044997682562097907,
          -38.12950897216797
        ],
        [
          -0.0008136032847687602,
          -0.0002442871918901801,
          0.9999995827674866,
          1.6942003965377808
        ],
        [
          0.0,
          0.0,
          0.0,
          1.0
        ]
      ],
      "matrix_world_from_sensor_bevfusion": [
        [
          -0.2634176015853882,
          -0.0007205187575891614,
          0.9646815657615662,
          107.61583709716797
        ],
        [
          -0.9646818041801453,
          0.00044997682562097907,
          -0.2634173631668091,
          38.12950897216797
        ],
        [
          -0.0002442871918901801,
          -0.9999995827674866,
          -0.0008136032847687602,
          1.6942003965377808
        ],
        [
          0.0,
          0.0,
          0.0,
          1.0
        ]
      ],
      "matrix_ego_from_sensor_carla": [
        [
          -0.5735763311386108,
          -0.8191521167755127,
          8.470495060919347e-08,
          -1.3000003099441528
        ],
        [
          0.8191520571708679,
          -0.5735762715339661,
          -1.2067765453593893e-07,
          0.5499954223632812
        ],
        [
          1.4743993403953937e-07,
          1.7467539914495234e-10,
          0.9999999403953552,
          1.6999999284744263
        ],
        [
          0.0,
          0.0,
          0.0,
          1.0
        ]
      ],
      "matrix_ego_from_sensor_bevfusion": [
        [
          -0.8191521167755127,
          -8.470495060919347e-08,
          -0.5735763311386108,
          -1.3000003099441528
        ],
        [
          0.5735762715339661,
          -1.2067765453593893e-07,
          -0.8191520571708679,
          -0.5499954223632812
        ],
        [
          1.7467539914495234e-10,
          -0.9999999403953552,
          1.4743993403953937e-07,
          1.6999999284744263
        ],
        [
          0.0,
          0.0,
          0.0,
          1.0
        ]
      ],
      "camera_intrinsics": [
        [
          685.5110473632812,
          0.0,
          480.0
        ],
        [
          0.0,
          685.5110473632812,
          270.0
        ],
        [
          0.0,
          0.0,
          1.0
        ]
      ],
      "data_path": "D:\\Agent-AI\\outputs\\s3a_left_v3\\sample_000045\\images\\CAM_BACK_RIGHT.png",
      "raw_layout": "bgra8"
    },
    "LIDAR_TOP": {
      "type_id": "sensor.lidar.ray_cast",
      "blueprint_attributes": {
        "atmosphere_attenuation_rate": "0.004",
        "role_name": "front",
        "noise_seed": "0",
        "upper_fov": "10.0",
        "ros_name": "sensor.lidar.ray_cast",
        "sensor_tick": "0.100000",
        "channels": "32",
        "range": "120.0",
        "points_per_second": "360000",
        "lower_fov": "-30.0",
        "rotation_frequency": "10.000000",
        "horizontal_fov": "360.0",
        "dropoff_general_rate": "0.0",
        "dropoff_intensity_limit": "1.0",
        "noise_stddev": "0.0",
        "dropoff_zero_intensity": "0.0"
      },
      "transform_carla": {
        "location": {
          "x": 106.65967559814453,
          "y": -39.16734313964844,
          "z": 2.195356607437134
        },
        "rotation": {
          "roll": 0.030164415016770363,
          "pitch": 0.03820807486772537,
          "yaw": -109.72703552246094
        }
      },
      "matrix_world_from_sensor_carla": [
        [
          -0.337539404630661,
          0.9413111209869385,
          0.0007206610171124339,
          106.65967559814453
        ],
        [
          -0.9413111209869385,
          -0.33753979206085205,
          0.0004500158247537911,
          -39.16734313964844
        ],
        [
          0.0006668566493317485,
          -0.0005264682113192976,
          0.9999996423721313,
          2.195356607437134
        ],
        [
          0.0,
          0.0,
          0.0,
          1.0
        ]
      ],
      "matrix_world_from_sensor_bevfusion": [
        [
          -0.337539404630661,
          -0.9413111209869385,
          0.0007206610171124339,
          106.65967559814453
        ],
        [
          0.9413111209869385,
          -0.33753979206085205,
          -0.0004500158247537911,
          39.16734313964844
        ],
        [
          0.0006668566493317485,
          0.0005264682113192976,
          0.9999996423721313,
          2.195356607437134
        ],
        [
          0.0,
          0.0,
          0.0,
          1.0
        ]
      ],
      "matrix_ego_from_sensor_carla": [
        [
          0.9999999403953552,
          6.956947462555263e-09,
          5.255176155349872e-11,
          1.3113021850585938e-06
        ],
        [
          -1.1412843115010674e-08,
          1.0,
          1.3656700770248165e-11,
          0.0
        ],
        [
          -5.655878543286974e-12,
          1.3656721586929876e-11,
          1.0,
          2.1999998092651367
        ],
        [
          0.0,
          0.0,
          0.0,
          1.0
        ]
      ],
      "matrix_ego_from_sensor_bevfusion": [
        [
          0.9999999403953552,
          -6.956947462555263e-09,
          5.255176155349872e-11,
          1.3113021850585938e-06
        ],
        [
          1.1412843115010674e-08,
          1.0,
          -1.3656700770248165e-11,
          0.0
        ],
        [
          -5.655878543286974e-12,
          -1.3656721586929876e-11,
          1.0,
          2.1999998092651367
        ],
        [
          0.0,
          0.0,
          0.0,
          1.0
        ]
      ],
      "data_path": "D:\\Agent-AI\\outputs\\s3a_left_v3\\sample_000045\\lidar\\LIDAR_TOP.npy",
      "raw_layout": [
        "x",
        "y",
        "z",
        "intensity"
      ]
    },
    "RADAR_FRONT": {
      "type_id": "sensor.other.radar",
      "blueprint_attributes": {
        "sensor_tick": "0.100000",
        "role_name": "default",
        "noise_seed": "0",
        "ros_name": "sensor.other.radar",
        "horizontal_fov": "35.0",
        "points_per_second": "1500",
        "vertical_fov": "20.0",
        "range": "120.0"
      },
      "transform_carla": {
        "location": {
          "x": 105.98365783691406,
          "y": -41.05055236816406,
          "z": 0.8966909646987915
        },
        "rotation": {
          "roll": 0.030164415016770363,
          "pitch": 0.03820807486772537,
          "yaw": -109.72703552246094
        }
      },
      "matrix_world_from_sensor_carla": [
        [
          -0.337539404630661,
          0.9413111209869385,
          0.0007206610171124339,
          105.98365783691406
        ],
        [
          -0.9413111209869385,
          -0.33753979206085205,
          0.0004500158247537911,
          -41.05055236816406
        ],
        [
          0.0006668566493317485,
          -0.0005264682113192976,
          0.9999996423721313,
          0.8966909646987915
        ],
        [
          0.0,
          0.0,
          0.0,
          1.0
        ]
      ],
      "matrix_world_from_sensor_bevfusion": [
        [
          -0.337539404630661,
          -0.9413111209869385,
          0.0007206610171124339,
          105.98365783691406
        ],
        [
          0.9413111209869385,
          -0.33753979206085205,
          -0.0004500158247537911,
          41.05055236816406
        ],
        [
          0.0006668566493317485,
          0.0005264682113192976,
          0.9999996423721313,
          0.8966909646987915
        ],
        [
          0.0,
          0.0,
          0.0,
          1.0
        ]
      ],
      "matrix_ego_from_sensor_carla": [
        [
          0.9999999403953552,
          6.956947462555263e-09,
          5.255176155349872e-11,
          2.000004768371582
        ],
        [
          -1.1412843115010674e-08,
          1.0,
          1.3656700770248165e-11,
          -7.62939453125e-06
        ],
        [
          -5.655878543286974e-12,
          1.3656721586929876e-11,
          1.0,
          0.9000000357627869
        ],
        [
          0.0,
          0.0,
          0.0,
          1.0
        ]
      ],
      "matrix_ego_from_sensor_bevfusion": [
        [
          0.9999999403953552,
          -6.956947462555263e-09,
          5.255176155349872e-11,
          2.000004768371582
        ],
        [
          1.1412843115010674e-08,
          1.0,
          -1.3656700770248165e-11,
          7.62939453125e-06
        ],
        [
          -5.655878543286974e-12,
          -1.3656721586929876e-11,
          1.0,
          0.9000000357627869
        ],
        [
          0.0,
          0.0,
          0.0,
          1.0
        ]
      ],
      "data_path": "D:\\Agent-AI\\outputs\\s3a_left_v3\\sample_000045\\radar\\RADAR_FRONT.npy",
      "raw_layout": [
        "velocity",
        "altitude",
        "azimuth",
        "depth"
      ]
    },
    "RADAR_FRONT_LEFT": {
      "type_id": "sensor.other.radar",
      "blueprint_attributes": {
        "sensor_tick": "0.100000",
        "role_name": "default",
        "noise_seed": "0",
        "ros_name": "sensor.other.radar",
        "horizontal_fov": "35.0",
        "points_per_second": "1500",
        "vertical_fov": "20.0",
        "range": "120.0"
      },
      "transform_carla": {
        "location": {
          "x": 105.39582061767578,
          "y": -40.46793746948242,
          "z": 0.8968523740768433
        },
        "rotation": {
          "roll": -0.005687725264579058,
          "pitch": 0.04834407567977905,
          "yaw": -154.72706604003906
        }
      },
      "matrix_world_from_sensor_carla": [
        [
          -0.9042840003967285,
          0.42693087458610535,
          0.000720620562788099,
          105.39582061767578
        ],
        [
          -0.42693063616752625,
          -0.9042842388153076,
          0.00044999635429121554,
          -40.46793746948242
        ],
        [
          0.000843763176817447,
          9.926949860528111e-05,
          0.9999996423721313,
          0.8968523740768433
        ],
        [
          0.0,
          0.0,
          0.0,
          1.0
        ]
      ],
      "matrix_world_from_sensor_bevfusion": [
        [
          -0.9042840003967285,
          -0.42693087458610535,
          0.000720620562788099,
          105.39582061767578
        ],
        [
          0.42693063616752625,
          -0.9042842388153076,
          -0.00044999635429121554,
          40.46793746948242
        ],
        [
          0.000843763176817447,
          -9.926949860528111e-05,
          0.9999996423721313,
          0.8968523740768433
        ],
        [
          0.0,
          0.0,
          0.0,
          1.0
        ]
      ],
      "matrix_ego_from_sensor_carla": [
        [
          0.7071066498756409,
          0.7071069478988647,
          3.2008557582230424e-08,
          1.6500005722045898
        ],
        [
          -0.70710688829422,
          0.7071065902709961,
          -3.147668792280456e-08,
          -0.75
        ],
        [
          -4.49470292096521e-08,
          -3.0471197787207416e-10,
          1.0,
          0.8999999761581421
        ],
        [
          0.0,
          0.0,
          0.0,
          1.0
        ]
      ],
      "matrix_ego_from_sensor_bevfusion": [
        [
          0.7071066498756409,
          -0.7071069478988647,
          3.2008557582230424e-08,
          1.6500005722045898
        ],
        [
          0.70710688829422,
          0.7071065902709961,
          3.147668792280456e-08,
          0.75
        ],
        [
          -4.49470292096521e-08,
          3.0471197787207416e-10,
          1.0,
          0.8999999761581421
        ],
        [
          0.0,
          0.0,
          0.0,
          1.0
        ]
      ],
      "data_path": "D:\\Agent-AI\\outputs\\s3a_left_v3\\sample_000045\\radar\\RADAR_FRONT_LEFT.npy",
      "raw_layout": [
        "velocity",
        "altitude",
        "azimuth",
        "depth"
      ]
    },
    "RADAR_FRONT_RIGHT": {
      "type_id": "sensor.other.radar",
      "blueprint_attributes": {
