{
  "schema_version": "stage1.v1",
  "sample_name": "sample_000071",
  "sequence_index": 71,
  "previous_sample_name": "sample_000070",
  "frame_id": 60072,
  "timestamp": 442.1197008565068,
  "platform_timestamp": 16814594.1207648,
  "delta_seconds": 0.10000000149011612,
  "town": "Carla/Maps/Town10HD_Opt",
  "weather": {
    "cloudiness": 20.0,
    "dust_storm": 0.0,
    "fog_density": 2.0,
    "fog_distance": 0.75,
    "fog_falloff": 0.10000000149011612,
    "mie_scattering_scale": 0.029999999329447746,
    "precipitation": 0.0,
    "precipitation_deposits": 0.0,
    "rayleigh_scattering_scale": 0.03310000151395798,
    "scattering_intensity": 1.0,
    "sun_altitude_angle": 45.0,
    "sun_azimuth_angle": 300.0,
    "wetness": 0.0,
    "wind_intensity": 10.0
  },
  "sensor_names": [
    "CAM_FRONT",
    "CAM_FRONT_RIGHT",
    "CAM_FRONT_LEFT",
    "CAM_BACK",
    "CAM_BACK_LEFT",
    "CAM_BACK_RIGHT",
    "LIDAR_TOP",
    "RADAR_FRONT",
    "RADAR_FRONT_LEFT",
    "RADAR_FRONT_RIGHT",
    "RADAR_BACK_LEFT",
    "RADAR_BACK_RIGHT"
  ],
  "camera_order_for_model": [
    "CAM_FRONT",
    "CAM_FRONT_RIGHT",
    "CAM_FRONT_LEFT",
    "CAM_BACK",
    "CAM_BACK_LEFT",
    "CAM_BACK_RIGHT"
  ],
  "radar_order_for_model": [
    "RADAR_FRONT",
    "RADAR_FRONT_LEFT",
    "RADAR_FRONT_RIGHT",
    "RADAR_BACK_LEFT",
    "RADAR_BACK_RIGHT"
  ],
  "coordinate_notes": {
    "carla_world": "left-handed x-forward y-right z-up",
    "bevfusion_lidar": "x-forward y-left z-up",
    "camera_frame_for_model": "OpenCV style x-right y-down z-forward"
  },
  "ego": {
    "actor_id": 28,
    "transform_carla": {
      "location": {
        "x": 81.83758544921875,
        "y": -60.629486083984375,
        "z": -0.00520339934155345
      },
      "rotation": {
        "roll": 0.1013040691614151,
        "pitch": 0.19064423441886902,
        "yaw": -155.39732360839844
      }
    },
    "velocity_carla": [
      -2.746764659881592,
      -1.1260565519332886,
      6.0052869230275974e-05
    ],
    "angular_velocity_carla": [
      -0.7090890407562256,
      1.628482699394226,
      -4.542151927947998
    ],
    "matrix_world_from_ego_carla": [
      [
        -0.9092115759849548,
        0.41631728410720825,
        0.0037613860331475735,
        81.83758544921875
      ],
      [
        -0.4163209795951843,
        -0.9092176556587219,
        -0.00022231880575418472,
        -60.629486083984375
      ],
      [
        0.0033273634035140276,
        -0.0017680787714198232,
        0.9999929070472717,
        -0.00520339934155345
      ],
      [
        0.0,
        0.0,
        0.0,
        1.0
      ]
    ],
    "matrix_world_from_ego_bevfusion": [
      [
        -0.9092115759849548,
        -0.41631728410720825,
        0.0037613860331475735,
        81.83758544921875
      ],
      [
        0.4163209795951843,
        -0.9092176556587219,
        0.00022231880575418472,
        60.629486083984375
      ],
      [
        0.0033273634035140276,
        0.0017680787714198232,
        0.9999929070472717,
        -0.00520339934155345
      ],
      [
        0.0,
        0.0,
        0.0,
        1.0
      ]
    ]
  },
  "sensors": {
    "CAM_FRONT": {
      "type_id": "sensor.camera.rgb",
      "blueprint_attributes": {
        "role_name": "front",
        "ros_name": "sensor.camera.rgb",
        "chromatic_aberration_offset": "0.0",
        "sensor_tick": "0.100000",
        "fstop": "1.4",
        "image_size_x": "960",
        "image_size_y": "540",
        "fov": "70.00",
        "lens_circle_falloff": "5.0",
        "lens_circle_multiplier": "0.0",
        "exposure_compensation": "0.0",
        "lens_y_size": "0.08",
        "lens_k": "-1.0",
        "exposure_mode": "histogram",
        "lens_kcube": "0.0",
        "lens_x_size": "0.08",
        "exposure_max_bright": "12.0",
        "shutter_speed": "200.0",
        "bloom_intensity": "0.675",
        "iso": "100.0",
        "enable_postprocess_effects": "false",
        "gamma": "2.2",
        "motion_blur_intensity": "0.0",
        "motion_blur_max_distortion": "0.35",
        "lens_flare_intensity": "0.1",
        "motion_blur_min_object_screen_size": "0.1",
        "exposure_min_bright": "10.0",
        "exposure_speed_up": "3.0",
        "exposure_speed_down": "1.0",
        "tint": "0.0",
        "calibration_constant": "16.0",
        "focal_distance": "1000.0",
        "min_fstop": "1.2",
        "blade_count": "5",
        "blur_amount": "0.0",
        "blur_radius": "0.0",
        "slope": "0.88",
        "toe": "0.55",
        "white_clip": "0.04",
        "shoulder": "0.26",
        "black_clip": "0.0",
        "temp": "6500.0",
        "chromatic_aberration_intensity": "0.0"
      },
      "transform_carla": {
        "location": {
          "x": 80.43470001220703,
          "y": -61.2751579284668,
          "z": 1.6999419927597046
        },
        "rotation": {
          "roll": 0.1013040691614151,
          "pitch": 0.19064423441886902,
          "yaw": -155.39732360839844
        }
      },
      "matrix_world_from_sensor_carla": [
        [
          -0.9092115759849548,
          0.41631728410720825,
          0.0037613860331475735,
          80.43470001220703
        ],
        [
          -0.4163209795951843,
          -0.9092176556587219,
          -0.00022231880575418472,
          -61.2751579284668
        ],
        [
          0.0033273634035140276,
          -0.0017680787714198232,
          0.9999929070472717,
          1.6999419927597046
        ],
        [
          0.0,
          0.0,
          0.0,
          1.0
        ]
      ],
      "matrix_world_from_sensor_bevfusion": [
        [
          0.41631728410720825,
          -0.0037613860331475735,
          -0.9092115759849548,
          80.43470001220703
        ],
        [
          0.9092176556587219,
          -0.00022231880575418472,
          0.4163209795951843,
          61.2751579284668
        ],
        [
          -0.0017680787714198232,
          -0.9999929070472717,
          0.0033273634035140276,
          1.6999419927597046
        ],
        [
          0.0,
          0.0,
          0.0,
          1.0
        ]
      ],
      "matrix_ego_from_sensor_carla": [
        [
          1.0,
          1.0583337761715939e-08,
          1.4789267033243902e-10,
          1.5500030517578125
        ],
        [
          8.301439535784993e-09,
          1.0,
          -3.195478603945645e-11,
          -7.62939453125e-06
        ],
        [
          1.4789432178918815e-10,
          -3.1955611767831016e-11,
          1.0,
          1.7000000476837158
        ],
        [
          0.0,
          0.0,
          0.0,
          1.0
        ]
      ],
      "matrix_ego_from_sensor_bevfusion": [
        [
          1.0583337761715939e-08,
          -1.4789267033243902e-10,
          1.0,
          1.5500030517578125
        ],
        [
          -1.0,
          -3.195478603945645e-11,
          -8.301439535784993e-09,
          7.62939453125e-06
        ],
        [
          -3.1955611767831016e-11,
          -1.0,
          1.4789432178918815e-10,
          1.7000000476837158
        ],
        [
          0.0,
          0.0,
          0.0,
          1.0
        ]
      ],
      "camera_intrinsics": [
        [
          685.5110473632812,
          0.0,
          480.0
        ],
        [
          0.0,
          685.5110473632812,
          270.0
        ],
        [
          0.0,
          0.0,
          1.0
        ]
      ],
      "data_path": "D:\\Agent-AI\\outputs\\s3a_ml_long_v2\\sample_000071\\images\\CAM_FRONT.png",
      "raw_layout": "bgra8"
    },
    "CAM_FRONT_RIGHT": {
      "type_id": "sensor.camera.rgb",
      "blueprint_attributes": {
        "role_name": "front",
        "ros_name": "sensor.camera.rgb",
        "chromatic_aberration_offset": "0.0",
        "sensor_tick": "0.100000",
        "fstop": "1.4",
        "image_size_x": "960",
        "image_size_y": "540",
        "fov": "70.00",
        "lens_circle_falloff": "5.0",
        "lens_circle_multiplier": "0.0",
        "exposure_compensation": "0.0",
        "lens_y_size": "0.08",
        "lens_k": "-1.0",
        "exposure_mode": "histogram",
        "lens_kcube": "0.0",
        "lens_x_size": "0.08",
        "exposure_max_bright": "12.0",
        "shutter_speed": "200.0",
        "bloom_intensity": "0.675",
        "iso": "100.0",
        "enable_postprocess_effects": "false",
        "gamma": "2.2",
        "motion_blur_intensity": "0.0",
        "motion_blur_max_distortion": "0.35",
        "lens_flare_intensity": "0.1",
        "motion_blur_min_object_screen_size": "0.1",
        "exposure_min_bright": "10.0",
        "exposure_speed_up": "3.0",
        "exposure_speed_down": "1.0",
        "tint": "0.0",
        "calibration_constant": "16.0",
        "focal_distance": "1000.0",
        "min_fstop": "1.2",
        "blade_count": "5",
        "blur_amount": "0.0",
        "blur_radius": "0.0",
        "slope": "0.88",
        "toe": "0.55",
        "white_clip": "0.04",
        "shoulder": "0.26",
        "black_clip": "0.0",
        "temp": "6500.0",
        "chromatic_aberration_intensity": "0.0"
      },
      "transform_carla": {
        "location": {
          "x": 80.89097595214844,
          "y": -61.67115020751953,
          "z": 1.698137640953064
        },
        "rotation": {
          "roll": 0.21427209675312042,
          "pitch": 0.026357699185609818,
          "yaw": -100.3974609375
        }
      },
      "matrix_world_from_sensor_carla": [
        [
          -0.18047557771205902,
          0.9835723042488098,
          0.0037613597232848406,
          80.89097595214844
        ],
        [
          -0.9835793375968933,
          -0.18047603964805603,
          -0.0002224611525889486,
          -61.67115020751953
        ],
        [
          0.00046002859016880393,
          -0.0037397444248199463,
          0.9999929070472717,
          1.698137640953064
        ],
        [
          0.0,
          0.0,
          0.0,
          1.0
        ]
      ],
      "matrix_world_from_sensor_bevfusion": [
        [
          0.9835723042488098,
          -0.0037613597232848406,
          -0.18047557771205902,
          80.89097595214844
        ],
        [
          0.18047603964805603,
          -0.0002224611525889486,
          0.9835793375968933,
          61.67115020751953
        ],
        [
          -0.0037397444248199463,
          -0.9999929070472717,
          0.00046002859016880393,
          1.698137640953064
        ],
        [
          0.0,
          0.0,
          0.0,
          1.0
        ]
      ],
      "matrix_ego_from_sensor_carla": [
        [
          0.573576807975769,
          -0.8191518783569336,
          8.30356015057987e-08,
          1.2999992370605469
        ],
        [
          0.8191518187522888,
          0.573576807975769,
          1.1836242919116557e-07,
          0.5499954223632812
        ],
        [
          -1.447657780317968e-07,
          4.487983318313127e-10,
          1.0,
          1.7000000476837158
        ],
        [
          0.0,
          0.0,
          0.0,
          1.0
        ]
      ],
      "matrix_ego_from_sensor_bevfusion": [
        [
          -0.8191518783569336,
          -8.30356015057987e-08,
          0.573576807975769,
          1.2999992370605469
        ],
        [
          -0.573576807975769,
          1.1836242919116557e-07,
          -0.8191518187522888,
          -0.5499954223632812
        ],
        [
          4.487983318313127e-10,
          -1.0,
          -1.447657780317968e-07,
          1.7000000476837158
        ],
        [
          0.0,
          0.0,
          0.0,
          1.0
        ]
      ],
      "camera_intrinsics": [
        [
          685.5110473632812,
          0.0,
          480.0
        ],
        [
          0.0,
          685.5110473632812,
          270.0
        ],
        [
          0.0,
          0.0,
          1.0
        ]
      ],
      "data_path": "D:\\Agent-AI\\outputs\\s3a_ml_long_v2\\sample_000071\\images\\CAM_FRONT_RIGHT.png",
      "raw_layout": "bgra8"
    },
    "CAM_FRONT_LEFT": {
      "type_id": "sensor.camera.rgb",
      "blueprint_attributes": {
        "role_name": "front",
        "ros_name": "sensor.camera.rgb",
        "chromatic_aberration_offset": "0.0",
        "sensor_tick": "0.100000",
        "fstop": "1.4",
        "image_size_x": "960",
        "image_size_y": "540",
        "fov": "70.00",
        "lens_circle_falloff": "5.0",
        "lens_circle_multiplier": "0.0",
        "exposure_compensation": "0.0",
        "lens_y_size": "0.08",
        "lens_k": "-1.0",
        "exposure_mode": "histogram",
        "lens_kcube": "0.0",
        "lens_x_size": "0.08",
        "exposure_max_bright": "12.0",
        "shutter_speed": "200.0",
        "bloom_intensity": "0.675",
        "iso": "100.0",
        "enable_postprocess_effects": "false",
        "gamma": "2.2",
        "motion_blur_intensity": "0.0",
        "motion_blur_max_distortion": "0.35",
        "lens_flare_intensity": "0.1",
        "motion_blur_min_object_screen_size": "0.1",
        "exposure_min_bright": "10.0",
        "exposure_speed_up": "3.0",
        "exposure_speed_down": "1.0",
        "tint": "0.0",
        "calibration_constant": "16.0",
        "focal_distance": "1000.0",
        "min_fstop": "1.2",
        "blade_count": "5",
        "blur_amount": "0.0",
        "blur_radius": "0.0",
        "slope": "0.88",
        "toe": "0.55",
        "white_clip": "0.04",
        "shoulder": "0.26",
        "black_clip": "0.0",
        "temp": "6500.0",
        "chromatic_aberration_intensity": "0.0"
      },
      "transform_carla": {
        "location": {
          "x": 80.43302917480469,
          "y": -60.6710090637207,
          "z": 1.700082540512085
        },
        "rotation": {
          "roll": -0.09806163609027863,
          "pitch": 0.19233810901641846,
          "yaw": 149.6023406982422
        }
      },
      "matrix_world_from_sensor_carla": [
        [
          -0.862529456615448,
          -0.5059927701950073,
          0.00376147567294538,
          80.43302917480469
        ],
        [
          0.5059956312179565,
          -0.8625359535217285,
          -0.00022237200755625963,
          -60.6710090637207
        ],
        [
          0.0033569270744919777,
          0.0017114878864958882,
          0.999992847442627,
          1.700082540512085
        ],
        [
          0.0,
          0.0,
          0.0,
          1.0
        ]
      ],
      "matrix_world_from_sensor_bevfusion": [
        [
          -0.5059927701950073,
          -0.00376147567294538,
          -0.862529456615448,
          80.43302917480469
        ],
        [
          0.8625359535217285,
          -0.00022237200755625963,
          -0.5059956312179565,
          60.6710090637207
        ],
        [
          0.0017114878864958882,
          -0.999992847442627,
          0.0033569270744919777,
          1.700082540512085
        ],
        [
          0.0,
          0.0,
          0.0,
          1.0
        ]
      ],
      "matrix_ego_from_sensor_carla": [
        [
          0.5735763907432556,
          0.8191520571708679,
          -5.942224845512101e-08,
          1.3000030517578125
        ],
        [
          -0.8191521167755127,
          0.5735763907432556,
          8.575510435093747e-08,
          -0.5500030517578125
        ],
        [
          1.0471199374251228e-07,
          -4.979704981700195e-10,
          0.9999999403953552,
          1.7000000476837158
        ],
        [
          0.0,
          0.0,
          0.0,
          1.0
        ]
      ],
      "matrix_ego_from_sensor_bevfusion": [
        [
          0.8191520571708679,
          5.942224845512101e-08,
          0.5735763907432556,
          1.3000030517578125
        ],
        [
          -0.5735763907432556,
          8.575510435093747e-08,
          0.8191521167755127,
          0.5500030517578125
        ],
        [
          -4.979704981700195e-10,
          -0.9999999403953552,
          1.0471199374251228e-07,
          1.7000000476837158
        ],
        [
          0.0,
          0.0,
          0.0,
          1.0
        ]
      ],
      "camera_intrinsics": [
        [
          685.5110473632812,
          0.0,
          480.0
        ],
        [
          0.0,
          685.5110473632812,
          270.0
        ],
        [
          0.0,
          0.0,
          1.0
        ]
      ],
      "data_path": "D:\\Agent-AI\\outputs\\s3a_ml_long_v2\\sample_000071\\images\\CAM_FRONT_LEFT.png",
      "raw_layout": "bgra8"
    },
    "CAM_BACK": {
      "type_id": "sensor.camera.rgb",
      "blueprint_attributes": {
        "role_name": "front",
        "ros_name": "sensor.camera.rgb",
        "chromatic_aberration_offset": "0.0",
        "sensor_tick": "0.100000",
        "fstop": "1.4",
        "image_size_x": "960",
        "image_size_y": "540",
        "fov": "70.00",
        "lens_circle_falloff": "5.0",
        "lens_circle_multiplier": "0.0",
        "exposure_compensation": "0.0",
        "lens_y_size": "0.08",
        "lens_k": "-1.0",
        "exposure_mode": "histogram",
        "lens_kcube": "0.0",
        "lens_x_size": "0.08",
        "exposure_max_bright": "12.0",
        "shutter_speed": "200.0",
        "bloom_intensity": "0.675",
        "iso": "100.0",
        "enable_postprocess_effects": "false",
        "gamma": "2.2",
        "motion_blur_intensity": "0.0",
        "motion_blur_max_distortion": "0.35",
        "lens_flare_intensity": "0.1",
        "motion_blur_min_object_screen_size": "0.1",
        "exposure_min_bright": "10.0",
        "exposure_speed_up": "3.0",
        "exposure_speed_down": "1.0",
        "tint": "0.0",
        "calibration_constant": "16.0",
        "focal_distance": "1000.0",
        "min_fstop": "1.2",
        "blade_count": "5",
        "blur_amount": "0.0",
        "blur_radius": "0.0",
        "slope": "0.88",
        "toe": "0.55",
        "white_clip": "0.04",
        "shoulder": "0.26",
        "black_clip": "0.0",
        "temp": "6500.0",
        "chromatic_aberration_intensity": "0.0"
      },
      "transform_carla": {
        "location": {
          "x": 83.25325775146484,
          "y": -59.98456573486328,
          "z": 1.6896270513534546
        },
        "rotation": {
          "roll": -0.10130412876605988,
          "pitch": -0.19064423441886902,
          "yaw": 24.602685928344727
        }
      },
      "matrix_world_from_sensor_carla": [
        [
          0.9092115163803101,
          -0.4163174331188202,
          0.0037613864988088608,
          83.25325775146484
        ],
        [
          0.41632112860679626,
          0.9092175960540771,
          -0.0002223191550001502,
          -59.98456573486328
        ],
        [
          -0.0033273634035140276,
          0.0017680798191577196,
          0.9999929070472717,
          1.6896270513534546
        ],
        [
          0.0,
          0.0,
          0.0,
          1.0
        ]
      ],
      "matrix_world_from_sensor_bevfusion": [
        [
          -0.4163174331188202,
          -0.0037613864988088608,
          0.9092115163803101,
          83.25325775146484
        ],
        [
          -0.9092175960540771,
          -0.0002223191550001502,
          -0.41632112860679626,
          59.98456573486328
        ],
        [
          0.0017680798191577196,
          -0.9999929070472717,
          -0.0033273634035140276,
          1.6896270513534546
        ],
        [
          0.0,
          0.0,
          0.0,
          1.0
        ]
      ],
      "matrix_ego_from_sensor_carla": [
        [
          -1.0,
          1.6324641194387368e-07,
          -8.49379733214306e-11,
          -1.5499992370605469
        ],
        [
          -1.7358755144414317e-07,
          -1.0,
          4.337065151460706e-10,
          -7.62939453125e-06
        ],
        [
          -3.8072495156527e-10,
          6.140247754693462e-10,
          1.0,
          1.7000000476837158
        ],
        [
          0.0,
          0.0,
          0.0,
          1.0
        ]
      ],
      "matrix_ego_from_sensor_bevfusion": [
        [
          1.6324641194387368e-07,
          8.49379733214306e-11,
          -1.0,
          -1.5499992370605469
        ],
        [
          1.0,
          4.337065151460706e-10,
          1.7358755144414317e-07,
          7.62939453125e-06
        ],
        [
          6.140247754693462e-10,
          -1.0,
          -3.8072495156527e-10,
          1.7000000476837158
        ],
        [
          0.0,
          0.0,
          0.0,
          1.0
        ]
      ],
      "camera_intrinsics": [
        [
          685.5110473632812,
          0.0,
          480.0
        ],
        [
          0.0,
          685.5110473632812,
          270.0
        ],
        [
          0.0,
          0.0,
          1.0
        ]
      ],
      "data_path": "D:\\Agent-AI\\outputs\\s3a_ml_long_v2\\sample_000071\\images\\CAM_BACK.png",
      "raw_layout": "bgra8"
    },
    "CAM_BACK_LEFT": {
      "type_id": "sensor.camera.rgb",
      "blueprint_attributes": {
        "role_name": "front",
        "ros_name": "sensor.camera.rgb",
        "chromatic_aberration_offset": "0.0",
        "sensor_tick": "0.100000",
        "fstop": "1.4",
        "image_size_x": "960",
        "image_size_y": "540",
        "fov": "70.00",
        "lens_circle_falloff": "5.0",
        "lens_circle_multiplier": "0.0",
        "exposure_compensation": "0.0",
        "lens_y_size": "0.08",
        "lens_k": "-1.0",
        "exposure_mode": "histogram",
        "lens_kcube": "0.0",
        "lens_x_size": "0.08",
        "exposure_max_bright": "12.0",
        "shutter_speed": "200.0",
        "bloom_intensity": "0.675",
        "iso": "100.0",
        "enable_postprocess_effects": "false",
        "gamma": "2.2",
        "motion_blur_intensity": "0.0",
        "motion_blur_max_distortion": "0.35",
        "lens_flare_intensity": "0.1",
        "motion_blur_min_object_screen_size": "0.1",
        "exposure_min_bright": "10.0",
        "exposure_speed_up": "3.0",
        "exposure_speed_down": "1.0",
        "tint": "0.0",
        "calibration_constant": "16.0",
        "focal_distance": "1000.0",
        "min_fstop": "1.2",
        "blade_count": "5",
        "blur_amount": "0.0",
        "blur_radius": "0.0",
        "slope": "0.88",
        "toe": "0.55",
        "white_clip": "0.04",
        "shoulder": "0.26",
        "black_clip": "0.0",
        "temp": "6500.0",
        "chromatic_aberration_intensity": "0.0"
      },
      "transform_carla": {
        "location": {
          "x": 82.79698181152344,
          "y": -59.58857727050781,
          "z": 1.6914314031600952
        },
        "rotation": {
          "roll": -0.21427211165428162,
          "pitch": -0.026357699185609818,
          "yaw": 79.60255432128906
        }
      },
      "matrix_world_from_sensor_carla": [
        [
          0.18047524988651276,
          -0.9835723638534546,
          0.0037613599561154842,
          82.79698181152344
        ],
        [
          0.9835793972015381,
          0.18047571182250977,
          -0.00022245995933189988,
          -59.58857727050781
        ],
        [
          -0.00046002859016880393,
          0.00373974465765059,
          0.9999929070472717,
          1.6914314031600952
        ],
        [
          0.0,
          0.0,
          0.0,
          1.0
        ]
      ],
      "matrix_world_from_sensor_bevfusion": [
        [
          -0.9835723638534546,
          -0.0037613599561154842,
          0.18047524988651276,
          82.79698181152344
        ],
        [
          -0.18047571182250977,
          -0.00022245995933189988,
          -0.9835793972015381,
          59.58857727050781
        ],
        [
          0.00373974465765059,
          -0.9999929070472717,
          -0.00046002859016880393,
          1.6914314031600952
        ],
        [
          0.0,
          0.0,
          0.0,
          1.0
        ]
      ],
      "matrix_ego_from_sensor_carla": [
        [
          -0.5735765099525452,
          0.8191520571708679,
          8.256994021849096e-08,
          -1.2999992370605469
        ],
        [
          -0.8191519975662231,
          -0.5735765695571899,
          1.174311066165501e-07,
          -0.5499954223632812
        ],
        [
          1.4354341715261398e-07,
          -4.487999971658496e-10,
          1.0,
          1.7000000476837158
        ],
        [
          0.0,
          0.0,
          0.0,
          1.0
        ]
      ],
      "matrix_ego_from_sensor_bevfusion": [
        [
          0.8191520571708679,
          -8.256994021849096e-08,
          -0.5735765099525452,
          -1.2999992370605469
        ],
        [
          0.5735765695571899,
          1.174311066165501e-07,
          0.8191519975662231,
          0.5499954223632812
        ],
        [
          -4.487999971658496e-10,
          -1.0,
          1.4354341715261398e-07,
          1.7000000476837158
        ],
        [
          0.0,
          0.0,
          0.0,
          1.0
        ]
      ],
      "camera_intrinsics": [
        [
          685.5110473632812,
          0.0,
          480.0
        ],
        [
          0.0,
          685.5110473632812,
          270.0
        ],
        [
          0.0,
          0.0,
          1.0
        ]
      ],
      "data_path": "D:\\Agent-AI\\outputs\\s3a_ml_long_v2\\sample_000071\\images\\CAM_BACK_LEFT.png",
      "raw_layout": "bgra8"
    },
    "CAM_BACK_RIGHT": {
      "type_id": "sensor.camera.rgb",
      "blueprint_attributes": {
        "role_name": "front",
        "ros_name": "sensor.camera.rgb",
        "chromatic_aberration_offset": "0.0",
        "sensor_tick": "0.100000",
        "fstop": "1.4",
        "image_size_x": "960",
        "image_size_y": "540",
        "fov": "70.00",
        "lens_circle_falloff": "5.0",
        "lens_circle_multiplier": "0.0",
        "exposure_compensation": "0.0",
        "lens_y_size": "0.08",
        "lens_k": "-1.0",
        "exposure_mode": "histogram",
        "lens_kcube": "0.0",
        "lens_x_size": "0.08",
        "exposure_max_bright": "12.0",
        "shutter_speed": "200.0",
        "bloom_intensity": "0.675",
        "iso": "100.0",
        "enable_postprocess_effects": "false",
        "gamma": "2.2",
        "motion_blur_intensity": "0.0",
        "motion_blur_max_distortion": "0.35",
        "lens_flare_intensity": "0.1",
        "motion_blur_min_object_screen_size": "0.1",
        "exposure_min_bright": "10.0",
        "exposure_speed_up": "3.0",
        "exposure_speed_down": "1.0",
        "tint": "0.0",
        "calibration_constant": "16.0",
        "focal_distance": "1000.0",
        "min_fstop": "1.2",
        "blade_count": "5",
        "blur_amount": "0.0",
        "blur_radius": "0.0",
        "slope": "0.88",
        "toe": "0.55",
        "white_clip": "0.04",
        "shoulder": "0.26",
        "black_clip": "0.0",
        "temp": "6500.0",
        "chromatic_aberration_intensity": "0.0"
      },
      "transform_carla": {
        "location": {
          "x": 83.25492858886719,
          "y": -60.588714599609375,
          "z": 1.6894865036010742
        },
        "rotation": {
          "roll": 0.09806165844202042,
          "pitch": -0.19233810901641846,
          "yaw": -30.397659301757812
        }
      },
      "matrix_world_from_sensor_carla": [
        [
          0.862529456615448,
          0.5059927701950073,
          0.003761475905776024,
          83.25492858886719
        ],
        [
          -0.5059956312179565,
          0.8625359535217285,
          -0.00022237165831029415,
          -60.588714599609375
        ],
        [
          -0.0033569270744919777,
          -0.0017114883521571755,
          0.999992847442627,
          1.6894865036010742
        ],
        [
          0.0,
          0.0,
          0.0,
          1.0
        ]
      ],
      "matrix_world_from_sensor_bevfusion": [
        [
          0.5059927701950073,
          -0.003761475905776024,
          0.862529456615448,
          83.25492858886719
        ],
        [
          -0.8625359535217285,
          -0.00022237165831029415,
          0.5059956312179565,
          60.588714599609375
        ],
        [
          -0.0017114883521571755,
          -0.999992847442627,
          -0.0033569270744919777,
          1.6894865036010742
        ],
        [
          0.0,
          0.0,
          0.0,
          1.0
        ]
      ],
      "matrix_ego_from_sensor_carla": [
        [
          -0.5735763907432556,
          -0.8191520571708679,
          -5.988790974242875e-08,
          -1.2999992370605469
        ],
        [
          0.8191521167755127,
          -0.5735763907432556,
          8.55222737072836e-08,
          0.5499954223632812
        ],
        [
          -1.0471199374251228e-07,
          3.231250683688458e-11,
          0.9999999403953552,
          1.7000000476837158
        ],
        [
          0.0,
          0.0,
          0.0,
          1.0
        ]
      ],
      "matrix_ego_from_sensor_bevfusion": [
        [
          -0.8191520571708679,
          5.988790974242875e-08,
          -0.5735763907432556,
          -1.2999992370605469
        ],
        [
          0.5735763907432556,
          8.55222737072836e-08,
          -0.8191521167755127,
          -0.5499954223632812
        ],
        [
          3.231250683688458e-11,
          -0.9999999403953552,
          -1.0471199374251228e-07,
          1.7000000476837158
        ],
        [
          0.0,
          0.0,
          0.0,
          1.0
        ]
      ],
      "camera_intrinsics": [
        [
          685.5110473632812,
          0.0,
          480.0
        ],
        [
          0.0,
          685.5110473632812,
          270.0
        ],
        [
          0.0,
          0.0,
          1.0
        ]
      ],
      "data_path": "D:\\Agent-AI\\outputs\\s3a_ml_long_v2\\sample_000071\\images\\CAM_BACK_RIGHT.png",
      "raw_layout": "bgra8"
    },
    "LIDAR_TOP": {
      "type_id": "sensor.lidar.ray_cast",
      "blueprint_attributes": {
        "atmosphere_attenuation_rate": "0.004",
        "role_name": "front",
        "noise_seed": "0",
        "upper_fov": "10.0",
        "ros_name": "sensor.lidar.ray_cast",
        "sensor_tick": "0.100000",
        "channels": "32",
        "range": "120.0",
        "points_per_second": "360000",
        "lower_fov": "-30.0",
        "rotation_frequency": "10.000000",
        "horizontal_fov": "360.0",
        "dropoff_general_rate": "0.0",
        "dropoff_intensity_limit": "1.0",
        "noise_stddev": "0.0",
        "dropoff_zero_intensity": "0.0"
      },
      "transform_carla": {
        "location": {
          "x": 81.84586334228516,
          "y": -60.629974365234375,
          "z": 2.1947810649871826
        },
        "rotation": {
          "roll": 0.1013040691614151,
          "pitch": 0.19064423441886902,
          "yaw": -155.39732360839844
        }
      },
      "matrix_world_from_sensor_carla": [
        [
          -0.9092115759849548,
          0.41631728410720825,
          0.0037613860331475735,
          81.84586334228516
        ],
        [
          -0.4163209795951843,
          -0.9092176556587219,
          -0.00022231880575418472,
          -60.629974365234375
        ],
        [
          0.0033273634035140276,
          -0.0017680787714198232,
          0.9999929070472717,
          2.1947810649871826
        ],
        [
          0.0,
          0.0,
          0.0,
          1.0
        ]
      ],
      "matrix_world_from_sensor_bevfusion": [
        [
          -0.9092115759849548,
          -0.41631728410720825,
          0.0037613860331475735,
          81.84586334228516
        ],
        [
          0.4163209795951843,
          -0.9092176556587219,
          0.00022231880575418472,
          60.629974365234375
        ],
        [
          0.0033273634035140276,
          0.0017680787714198232,
          0.9999929070472717,
          2.1947810649871826
        ],
        [
          0.0,
          0.0,
          0.0,
          1.0
        ]
      ],
      "matrix_ego_from_sensor_carla": [
        [
          1.0,
          1.0583337761715939e-08,
          1.4789267033243902e-10,
          -7.62939453125e-06
        ],
        [
          8.301439535784993e-09,
          1.0,
          -3.195478603945645e-11,
          -7.62939453125e-06
        ],
        [
          1.4789432178918815e-10,
          -3.1955611767831016e-11,
          1.0,
          2.200000047683716
        ],
        [
          0.0,
          0.0,
          0.0,
          1.0
        ]
      ],
      "matrix_ego_from_sensor_bevfusion": [
        [
          1.0,
          -1.0583337761715939e-08,
          1.4789267033243902e-10,
          -7.62939453125e-06
        ],
        [
          -8.301439535784993e-09,
          1.0,
          3.195478603945645e-11,
          7.62939453125e-06
        ],
        [
          1.4789432178918815e-10,
          3.1955611767831016e-11,
          1.0,
          2.200000047683716
        ],
        [
          0.0,
          0.0,
          0.0,
          1.0
        ]
      ],
      "data_path": "D:\\Agent-AI\\outputs\\s3a_ml_long_v2\\sample_000071\\lidar\\LIDAR_TOP.npy",
      "raw_layout": [
        "x",
        "y",
        "z",
        "intensity"
      ]
    },
    "RADAR_FRONT": {
      "type_id": "sensor.other.radar",
      "blueprint_attributes": {
        "sensor_tick": "0.100000",
        "role_name": "default",
        "noise_seed": "0",
        "ros_name": "sensor.other.radar",
        "horizontal_fov": "35.0",
        "points_per_second": "1500",
        "vertical_fov": "20.0",
        "range": "120.0"
      },
      "transform_carla": {
        "location": {
          "x": 80.02254486083984,
          "y": -61.46232604980469,
          "z": 0.9014449119567871
        },
        "rotation": {
          "roll": 0.1013040691614151,
          "pitch": 0.19064423441886902,
          "yaw": -155.39732360839844
        }
      },
      "matrix_world_from_sensor_carla": [
        [
          -0.9092115759849548,
          0.41631728410720825,
          0.0037613860331475735,
          80.02254486083984
        ],
        [
          -0.4163209795951843,
          -0.9092176556587219,
          -0.00022231880575418472,
          -61.46232604980469
        ],
        [
          0.0033273634035140276,
          -0.0017680787714198232,
          0.9999929070472717,
          0.9014449119567871
        ],
        [
          0.0,
          0.0,
          0.0,
          1.0
        ]
      ],
      "matrix_world_from_sensor_bevfusion": [
        [
          -0.9092115759849548,
          -0.41631728410720825,
          0.0037613860331475735,
          80.02254486083984
        ],
        [
          0.4163209795951843,
          -0.9092176556587219,
          0.00022231880575418472,
          61.46232604980469
        ],
        [
          0.0033273634035140276,
          0.0017680787714198232,
          0.9999929070472717,
          0.9014449119567871
        ],
        [
          0.0,
          0.0,
          0.0,
          1.0
        ]
      ],
      "matrix_ego_from_sensor_carla": [
        [
          1.0,
          1.0583337761715939e-08,
          1.4789267033243902e-10,
          2.0
        ],
        [
          8.301439535784993e-09,
          1.0,
          -3.195478603945645e-11,
          -7.62939453125e-06
        ],
        [
          1.4789432178918815e-10,
          -3.1955611767831016e-11,
          1.0,
          0.8999999761581421
        ],
        [
          0.0,
          0.0,
          0.0,
          1.0
        ]
      ],
      "matrix_ego_from_sensor_bevfusion": [
        [
          1.0,
          -1.0583337761715939e-08,
          1.4789267033243902e-10,
          2.0
        ],
        [
          -8.301439535784993e-09,
          1.0,
          3.195478603945645e-11,
          7.62939453125e-06
        ],
        [
          1.4789432178918815e-10,
          3.1955611767831016e-11,
          1.0,
          0.8999999761581421
        ],
        [
          0.0,
          0.0,
          0.0,
          1.0
        ]
      ],
      "data_path": "D:\\Agent-AI\\outputs\\s3a_ml_long_v2\\sample_000071\\radar\\RADAR_FRONT.npy",
      "raw_layout": [
        "velocity",
        "altitude",
        "azimuth",
        "depth"
      ]
    },
    "RADAR_FRONT_LEFT": {
      "type_id": "sensor.other.radar",
      "blueprint_attributes": {
        "sensor_tick": "0.100000",
        "role_name": "default",
        "noise_seed": "0",
        "ros_name": "sensor.other.radar",
        "horizontal_fov": "35.0",
        "points_per_second": "1500",
        "vertical_fov": "20.0",
        "range": "120.0"
      },
      "transform_carla": {
        "location": {
          "x": 80.02853393554688,
          "y": -60.634700775146484,
          "z": 0.9016063213348389
        },
        "rotation": {
          "roll": -0.06317363679409027,
          "pitch": 0.20643562078475952,
          "yaw": 159.6024169921875
        }
      },
      "matrix_world_from_sensor_carla": [
        [
          -0.9372905492782593,
          -0.3485286831855774,
          0.003761340631172061,
          80.02853393554688
        ],
        [
          0.3485303521156311,
          -0.9372974634170532,
          -0.00022230134345591068,
          -60.634700775146484
        ],
        [
          0.0036029736511409283,
          0.0011025804560631514,
          0.9999929070472717,
          0.9016063213348389
        ],
        [
          0.0,
          0.0,
          0.0,
          1.0
        ]
      ],
      "matrix_world_from_sensor_bevfusion": [
        [
          -0.9372905492782593,
          0.3485286831855774,
          0.003761340631172061,
          80.02853393554688
        ],
        [
          -0.3485303521156311,
          -0.9372974634170532,
          0.00022230134345591068,
          60.634700775146484
        ],
        [
          0.0036029736511409283,
          -0.0011025804560631514,
          0.9999929070472717,
          0.9016063213348389
        ],
        [
          0.0,
          0.0,
          0.0,
          1.0
        ]
      ],
      "matrix_ego_from_sensor_carla": [
        [
          0.7071069478988647,
          0.7071066498756409,
          3.414116633848607e-08,
          1.6500015258789062
        ],
        [
          -0.7071065902709961,
          0.7071069478988647,
          -3.484013433308064e-08,
          -0.75
        ],
        [
          -4.837312417294015e-08,
          5.613521314451475e-10,
          1.0,
          0.8999999761581421
        ],
        [
          0.0,
          0.0,
          0.0,
          1.0
        ]
      ],
      "matrix_ego_from_sensor_bevfusion": [
        [
          0.7071069478988647,
          -0.7071066498756409,
          3.414116633848607e-08,
          1.6500015258789062
        ],
        [
          0.7071065902709961,
          0.7071069478988647,
          3.484013433308064e-08,
          0.75
        ],
        [
          -4.837312417294015e-08,
          -5.613521314451475e-10,
          1.0,
          0.8999999761581421
        ],
        [
          0.0,
          0.0,
          0.0,
          1.0
        ]
      ],
      "data_path": "D:\\Agent-AI\\outputs\\s3a_ml_long_v2\\sample_000071\\radar\\RADAR_FRONT_LEFT.npy",
      "raw_layout": [
        "velocity",
        "altitude",
        "azimuth",
        "depth"
      ]
    },
    "RADAR_FRONT_RIGHT": {
      "type_id": "sensor.other.radar",
      "blueprint_attributes": {
        "sensor_tick": "0.100000",
        "role_name": "default",
        "noise_seed": "0",
