{
  "schema_version": "stage1.v1",
  "sample_name": "sample_000007",
  "sequence_index": 7,
  "previous_sample_name": "sample_000006",
  "frame_id": 60008,
  "timestamp": 435.7197007611394,
  "platform_timestamp": 16814563.8715507,
  "delta_seconds": 0.10000000149011612,
  "town": "Carla/Maps/Town10HD_Opt",
  "weather": {
    "cloudiness": 20.0,
    "dust_storm": 0.0,
    "fog_density": 2.0,
    "fog_distance": 0.75,
    "fog_falloff": 0.10000000149011612,
    "mie_scattering_scale": 0.029999999329447746,
    "precipitation": 0.0,
    "precipitation_deposits": 0.0,
    "rayleigh_scattering_scale": 0.03310000151395798,
    "scattering_intensity": 1.0,
    "sun_altitude_angle": 45.0,
    "sun_azimuth_angle": 300.0,
    "wetness": 0.0,
    "wind_intensity": 10.0
  },
  "sensor_names": [
    "CAM_FRONT",
    "CAM_FRONT_RIGHT",
    "CAM_FRONT_LEFT",
    "CAM_BACK",
    "CAM_BACK_LEFT",
    "CAM_BACK_RIGHT",
    "LIDAR_TOP",
    "RADAR_FRONT",
    "RADAR_FRONT_LEFT",
    "RADAR_FRONT_RIGHT",
    "RADAR_BACK_LEFT",
    "RADAR_BACK_RIGHT"
  ],
  "camera_order_for_model": [
    "CAM_FRONT",
    "CAM_FRONT_RIGHT",
    "CAM_FRONT_LEFT",
    "CAM_BACK",
    "CAM_BACK_LEFT",
    "CAM_BACK_RIGHT"
  ],
  "radar_order_for_model": [
    "RADAR_FRONT",
    "RADAR_FRONT_LEFT",
    "RADAR_FRONT_RIGHT",
    "RADAR_BACK_LEFT",
    "RADAR_BACK_RIGHT"
  ],
  "coordinate_notes": {
    "carla_world": "left-handed x-forward y-right z-up",
    "bevfusion_lidar": "x-forward y-left z-up",
    "camera_frame_for_model": "OpenCV style x-right y-down z-forward"
  },
  "ego": {
    "actor_id": 28,
    "transform_carla": {
      "location": {
        "x": 106.29727172851562,
        "y": -24.317169189453125,
        "z": -0.005886687897145748
      },
      "rotation": {
        "roll": 0.2179907113313675,
        "pitch": 0.43799951672554016,
        "yaw": -92.55146789550781
      }
    },
    "velocity_carla": [
      -0.4226171374320984,
      -6.430042743682861,
      -0.00040067671216093004
    ],
    "angular_velocity_carla": [
      -1.2333301305770874,
      0.04762653261423111,
      -6.414843559265137
    ],
    "matrix_world_from_ego_carla": [
      [
        -0.04451549053192139,
        0.9990001320838928,
        0.004141178913414478,
        106.29727172851562
      ],
      [
        -0.9989794492721558,
        -0.044545527547597885,
        0.007467455230653286,
        -24.317169189453125
      ],
      [
        0.007644459139555693,
        -0.003804535372182727,
        0.9999635815620422,
        -0.005886687897145748
      ],
      [
        0.0,
        0.0,
        0.0,
        1.0
      ]
    ],
    "matrix_world_from_ego_bevfusion": [
      [
        -0.04451549053192139,
        -0.9990001320838928,
        0.004141178913414478,
        106.29727172851562
      ],
      [
        0.9989794492721558,
        -0.044545527547597885,
        -0.007467455230653286,
        24.317169189453125
      ],
      [
        0.007644459139555693,
        0.003804535372182727,
        0.9999635815620422,
        -0.005886687897145748
      ],
      [
        0.0,
        0.0,
        0.0,
        1.0
      ]
    ]
  },
  "sensors": {
    "CAM_FRONT": {
      "type_id": "sensor.camera.rgb",
      "blueprint_attributes": {
        "role_name": "front",
        "ros_name": "sensor.camera.rgb",
        "chromatic_aberration_offset": "0.0",
        "sensor_tick": "0.100000",
        "fstop": "1.4",
        "image_size_x": "960",
        "image_size_y": "540",
        "fov": "70.00",
        "lens_circle_falloff": "5.0",
        "lens_circle_multiplier": "0.0",
        "exposure_compensation": "0.0",
        "lens_y_size": "0.08",
        "lens_k": "-1.0",
        "exposure_mode": "histogram",
        "lens_kcube": "0.0",
        "lens_x_size": "0.08",
        "exposure_max_bright": "12.0",
        "shutter_speed": "200.0",
        "bloom_intensity": "0.675",
        "iso": "100.0",
        "enable_postprocess_effects": "false",
        "gamma": "2.2",
        "motion_blur_intensity": "0.0",
        "motion_blur_max_distortion": "0.35",
        "lens_flare_intensity": "0.1",
        "motion_blur_min_object_screen_size": "0.1",
        "exposure_min_bright": "10.0",
        "exposure_speed_up": "3.0",
        "exposure_speed_down": "1.0",
        "tint": "0.0",
        "calibration_constant": "16.0",
        "focal_distance": "1000.0",
        "min_fstop": "1.2",
        "blade_count": "5",
        "blur_amount": "0.0",
        "blur_radius": "0.0",
        "slope": "0.88",
        "toe": "0.55",
        "white_clip": "0.04",
        "shoulder": "0.26",
        "black_clip": "0.0",
        "temp": "6500.0",
        "chromatic_aberration_intensity": "0.0"
      },
      "transform_carla": {
        "location": {
          "x": 106.23531341552734,
          "y": -25.85289192199707,
          "z": 1.7059001922607422
        },
        "rotation": {
          "roll": 0.2179907113313675,
          "pitch": 0.43799951672554016,
          "yaw": -92.55146789550781
        }
      },
      "matrix_world_from_sensor_carla": [
        [
          -0.04451549053192139,
          0.9990001320838928,
          0.004141178913414478,
          106.23531341552734
        ],
        [
          -0.9989794492721558,
          -0.044545527547597885,
          0.007467455230653286,
          -25.85289192199707
        ],
        [
          0.007644459139555693,
          -0.003804535372182727,
          0.9999635815620422,
          1.7059001922607422
        ],
        [
          0.0,
          0.0,
          0.0,
          1.0
        ]
      ],
      "matrix_world_from_sensor_bevfusion": [
        [
          0.9990001320838928,
          -0.004141178913414478,
          -0.04451549053192139,
          106.23531341552734
        ],
        [
          0.044545527547597885,
          0.007467455230653286,
          0.9989794492721558,
          25.85289192199707
        ],
        [
          -0.003804535372182727,
          -0.9999635815620422,
          0.007644459139555693,
          1.7059001922607422
        ],
        [
          0.0,
          0.0,
          0.0,
          1.0
        ]
      ],
      "matrix_ego_from_sensor_carla": [
        [
          1.0,
          2.1981689801719995e-09,
          -3.994723718481197e-10,
          1.5499992370605469
        ],
        [
          2.2053667780852493e-09,
          1.0,
          2.5381613477648557e-10,
          0.0
        ],
        [
          7.620493125415351e-11,
          1.493977164201965e-11,
          1.0,
          1.6999999284744263
        ],
        [
          0.0,
          0.0,
          0.0,
          1.0
        ]
      ],
      "matrix_ego_from_sensor_bevfusion": [
        [
          2.1981689801719995e-09,
          3.994723718481197e-10,
          1.0,
          1.5499992370605469
        ],
        [
          -1.0,
          2.5381613477648557e-10,
          -2.2053667780852493e-09,
          0.0
        ],
        [
          1.493977164201965e-11,
          -1.0,
          7.620493125415351e-11,
          1.6999999284744263
        ],
        [
          0.0,
          0.0,
          0.0,
          1.0
        ]
      ],
      "camera_intrinsics": [
        [
          685.5110473632812,
          0.0,
          480.0
        ],
        [
          0.0,
          685.5110473632812,
          270.0
        ],
        [
          0.0,
          0.0,
          1.0
        ]
      ],
      "data_path": "D:\\Agent-AI\\outputs\\s3a_ml_long_v2\\sample_000007\\images\\CAM_FRONT.png",
      "raw_layout": "bgra8"
    },
    "CAM_FRONT_RIGHT": {
      "type_id": "sensor.camera.rgb",
      "blueprint_attributes": {
        "role_name": "front",
        "ros_name": "sensor.camera.rgb",
        "chromatic_aberration_offset": "0.0",
        "sensor_tick": "0.100000",
        "fstop": "1.4",
        "image_size_x": "960",
        "image_size_y": "540",
        "fov": "70.00",
        "lens_circle_falloff": "5.0",
        "lens_circle_multiplier": "0.0",
        "exposure_compensation": "0.0",
        "lens_y_size": "0.08",
        "lens_k": "-1.0",
        "exposure_mode": "histogram",
        "lens_kcube": "0.0",
        "lens_x_size": "0.08",
        "exposure_max_bright": "12.0",
        "shutter_speed": "200.0",
        "bloom_intensity": "0.675",
        "iso": "100.0",
        "enable_postprocess_effects": "false",
        "gamma": "2.2",
        "motion_blur_intensity": "0.0",
        "motion_blur_max_distortion": "0.35",
        "lens_flare_intensity": "0.1",
        "motion_blur_min_object_screen_size": "0.1",
        "exposure_min_bright": "10.0",
        "exposure_speed_up": "3.0",
        "exposure_speed_down": "1.0",
        "tint": "0.0",
        "calibration_constant": "16.0",
        "focal_distance": "1000.0",
        "min_fstop": "1.2",
        "blade_count": "5",
        "blur_amount": "0.0",
        "blur_radius": "0.0",
        "slope": "0.88",
        "toe": "0.55",
        "white_clip": "0.04",
        "shoulder": "0.26",
        "black_clip": "0.0",
        "temp": "6500.0",
        "chromatic_aberration_intensity": "0.0"
      },
      "transform_carla": {
        "location": {
          "x": 106.7958984375,
          "y": -25.627647399902344,
          "z": 1.7018966674804688
        },
        "rotation": {
          "roll": 0.48382118344306946,
          "pitch": 0.07266637682914734,
          "yaw": -37.5519905090332
        }
      },
      "matrix_world_from_sensor_carla": [
        [
          0.7928000092506409,
          0.6094678640365601,
          0.004141116514801979,
          106.7958984375
        ],
        [
          -0.609480619430542,
          0.7927657961845398,
          0.007467502262443304,
          -25.627647399902344
        ],
        [
          0.0012682671658694744,
          -0.00844416581094265,
          0.9999635815620422,
          1.7018966674804688
        ],
        [
          0.0,
          0.0,
          0.0,
          1.0
        ]
      ],
      "matrix_world_from_sensor_bevfusion": [
        [
          0.6094678640365601,
          -0.004141116514801979,
          0.7928000092506409,
          106.7958984375
        ],
        [
          -0.7927657961845398,
          0.007467502262443304,
          0.609480619430542,
          25.627647399902344
        ],
        [
          -0.00844416581094265,
          -0.9999635815620422,
          0.0012682671658694744,
          1.7018966674804688
        ],
        [
          0.0,
          0.0,
          0.0,
          1.0
        ]
      ],
      "matrix_ego_from_sensor_carla": [
        [
          0.5735764503479004,
          -0.8191520571708679,
          -4.41716316856855e-08,
          1.2999992370605469
        ],
        [
          0.8191520571708679,
          0.5735764503479004,
          -6.424027532148102e-08,
          0.5499954223632812
        ],
        [
          7.899897980223614e-08,
          -2.4113200325359685e-10,
          1.0,
          1.7000000476837158
        ],
        [
          0.0,
          0.0,
          0.0,
          1.0
        ]
      ],
      "matrix_ego_from_sensor_bevfusion": [
        [
          -0.8191520571708679,
          4.41716316856855e-08,
          0.5735764503479004,
          1.2999992370605469
        ],
        [
          -0.5735764503479004,
          -6.424027532148102e-08,
          -0.8191520571708679,
          -0.5499954223632812
        ],
        [
          -2.4113200325359685e-10,
          -1.0,
          7.899897980223614e-08,
          1.7000000476837158
        ],
        [
          0.0,
          0.0,
          0.0,
          1.0
        ]
      ],
      "camera_intrinsics": [
        [
          685.5110473632812,
          0.0,
          480.0
        ],
        [
          0.0,
          685.5110473632812,
          270.0
        ],
        [
          0.0,
          0.0,
          1.0
        ]
      ],
      "data_path": "D:\\Agent-AI\\outputs\\s3a_ml_long_v2\\sample_000007\\images\\CAM_FRONT_RIGHT.png",
      "raw_layout": "bgra8"
    },
    "CAM_FRONT_LEFT": {
      "type_id": "sensor.camera.rgb",
      "blueprint_attributes": {
        "role_name": "front",
        "ros_name": "sensor.camera.rgb",
        "chromatic_aberration_offset": "0.0",
        "sensor_tick": "0.100000",
        "fstop": "1.4",
        "image_size_x": "960",
        "image_size_y": "540",
        "fov": "70.00",
        "lens_circle_falloff": "5.0",
        "lens_circle_multiplier": "0.0",
        "exposure_compensation": "0.0",
        "lens_y_size": "0.08",
        "lens_k": "-1.0",
        "exposure_mode": "histogram",
        "lens_kcube": "0.0",
        "lens_x_size": "0.08",
        "exposure_max_bright": "12.0",
        "shutter_speed": "200.0",
        "bloom_intensity": "0.675",
        "iso": "100.0",
        "enable_postprocess_effects": "false",
        "gamma": "2.2",
        "motion_blur_intensity": "0.0",
        "motion_blur_max_distortion": "0.35",
        "lens_flare_intensity": "0.1",
        "motion_blur_min_object_screen_size": "0.1",
        "exposure_min_bright": "10.0",
        "exposure_speed_up": "3.0",
        "exposure_speed_down": "1.0",
        "tint": "0.0",
        "calibration_constant": "16.0",
        "focal_distance": "1000.0",
        "min_fstop": "1.2",
        "blade_count": "5",
        "blur_amount": "0.0",
        "blur_radius": "0.0",
        "slope": "0.88",
        "toe": "0.55",
        "white_clip": "0.04",
        "shoulder": "0.26",
        "black_clip": "0.0",
        "temp": "6500.0",
        "chromatic_aberration_intensity": "0.0"
      },
      "transform_carla": {
        "location": {
          "x": 105.69699096679688,
          "y": -25.578649520874023,
          "z": 1.706081509590149
        },
        "rotation": {
          "roll": -0.2337615042924881,
          "pitch": 0.42978963255882263,
          "yaw": -147.55316162109375
        }
      },
      "matrix_world_from_sensor_carla": [
        [
          -0.8438659310340881,
          0.5365381240844727,
          0.004141177050769329,
          105.69699096679688
        ],
        [
          -0.5365017056465149,
          -0.843866229057312,
          0.007467454299330711,
          -25.578649520874023
        ],
        [
          0.007501173764467239,
          0.00407978193834424,
          0.9999635219573975,
          1.706081509590149
        ],
        [
          0.0,
          0.0,
          0.0,
          1.0
        ]
      ],
      "matrix_world_from_sensor_bevfusion": [
        [
          0.5365381240844727,
          -0.004141177050769329,
          -0.8438659310340881,
          105.69699096679688
        ],
        [
          0.843866229057312,
          0.007467454299330711,
          0.5365017056465149,
          25.578649520874023
        ],
        [
          0.00407978193834424,
          -0.9999635219573975,
          0.007501173764467239,
          1.706081509590149
        ],
        [
          0.0,
          0.0,
          0.0,
          1.0
        ]
      ],
      "matrix_ego_from_sensor_carla": [
        [
          0.5735766291618347,
          0.8191519379615784,
          5.418662185618928e-10,
          1.3000011444091797
        ],
        [
          -0.8191519379615784,
          0.5735765695571899,
          -1.3820611322046261e-09,
          -0.5500106811523438
        ],
        [
          -1.6819443615645469e-09,
          6.548138697937134e-10,
          0.9999999403953552,
          1.6999999284744263
        ],
        [
          0.0,
          0.0,
          0.0,
          1.0
        ]
      ],
      "matrix_ego_from_sensor_bevfusion": [
        [
          0.8191519379615784,
          -5.418662185618928e-10,
          0.5735766291618347,
          1.3000011444091797
        ],
        [
          -0.5735765695571899,
          -1.3820611322046261e-09,
          0.8191519379615784,
          0.5500106811523438
        ],
        [
          6.548138697937134e-10,
          -0.9999999403953552,
          -1.6819443615645469e-09,
          1.6999999284744263
        ],
        [
          0.0,
          0.0,
          0.0,
          1.0
        ]
      ],
      "camera_intrinsics": [
        [
          685.5110473632812,
          0.0,
          480.0
        ],
        [
          0.0,
          685.5110473632812,
          270.0
        ],
        [
          0.0,
          0.0,
          1.0
        ]
      ],
      "data_path": "D:\\Agent-AI\\outputs\\s3a_ml_long_v2\\sample_000007\\images\\CAM_FRONT_LEFT.png",
      "raw_layout": "bgra8"
    },
    "CAM_BACK": {
      "type_id": "sensor.camera.rgb",
      "blueprint_attributes": {
        "role_name": "front",
        "ros_name": "sensor.camera.rgb",
        "chromatic_aberration_offset": "0.0",
        "sensor_tick": "0.100000",
        "fstop": "1.4",
        "image_size_x": "960",
        "image_size_y": "540",
        "fov": "70.00",
        "lens_circle_falloff": "5.0",
        "lens_circle_multiplier": "0.0",
        "exposure_compensation": "0.0",
        "lens_y_size": "0.08",
        "lens_k": "-1.0",
        "exposure_mode": "histogram",
        "lens_kcube": "0.0",
        "lens_x_size": "0.08",
        "exposure_max_bright": "12.0",
        "shutter_speed": "200.0",
        "bloom_intensity": "0.675",
        "iso": "100.0",
        "enable_postprocess_effects": "false",
        "gamma": "2.2",
        "motion_blur_intensity": "0.0",
        "motion_blur_max_distortion": "0.35",
        "lens_flare_intensity": "0.1",
        "motion_blur_min_object_screen_size": "0.1",
        "exposure_min_bright": "10.0",
        "exposure_speed_up": "3.0",
        "exposure_speed_down": "1.0",
        "tint": "0.0",
        "calibration_constant": "16.0",
        "focal_distance": "1000.0",
        "min_fstop": "1.2",
        "blade_count": "5",
        "blur_amount": "0.0",
        "blur_radius": "0.0",
        "slope": "0.88",
        "toe": "0.55",
        "white_clip": "0.04",
        "shoulder": "0.26",
        "black_clip": "0.0",
        "temp": "6500.0",
        "chromatic_aberration_intensity": "0.0"
      },
      "transform_carla": {
        "location": {
          "x": 106.37330627441406,
          "y": -22.75605583190918,
          "z": 1.6822024583816528
        },
        "rotation": {
          "roll": -0.21799078583717346,
          "pitch": -0.43799951672554016,
          "yaw": 87.44851684570312
        }
      },
      "matrix_world_from_sensor_carla": [
        [
          0.044515762478113174,
          -0.999000072479248,
          0.004141182638704777,
          106.37330627441406
        ],
        [
          0.998979389667511,
          0.04454579949378967,
          0.007467453833669424,
          -22.75605583190918
        ],
        [
          -0.007644459139555693,
          0.003804536769166589,
          0.9999635815620422,
          1.6822024583816528
        ],
        [
          0.0,
          0.0,
          0.0,
          1.0
        ]
      ],
      "matrix_world_from_sensor_bevfusion": [
        [
          -0.999000072479248,
          -0.004141182638704777,
          0.044515762478113174,
          106.37330627441406
        ],
        [
          -0.04454579949378967,
          0.007467453833669424,
          -0.998979389667511,
          22.75605583190918
        ],
        [
          0.003804536769166589,
          -0.9999635815620422,
          -0.007644459139555693,
          1.6822024583816528
        ],
        [
          0.0,
          0.0,
          0.0,
          1.0
        ]
      ],
      "matrix_ego_from_sensor_carla": [
        [
          -0.9999999403953552,
          -2.775824725631537e-07,
          9.975115178306737e-10,
          -1.5500011444091797
        ],
        [
          2.7239474320595036e-07,
          -0.9999999403953552,
          3.979106377727248e-09,
          -1.52587890625e-05
        ],
        [
          3.8945635605358575e-10,
          3.4774689794403457e-09,
          1.0,
          1.7000000476837158
        ],
        [
          0.0,
          0.0,
          0.0,
          1.0
        ]
      ],
      "matrix_ego_from_sensor_bevfusion": [
        [
          -2.775824725631537e-07,
          -9.975115178306737e-10,
          -0.9999999403953552,
          -1.5500011444091797
        ],
        [
          0.9999999403953552,
          3.979106377727248e-09,
          -2.7239474320595036e-07,
          1.52587890625e-05
        ],
        [
          3.4774689794403457e-09,
          -1.0,
          3.8945635605358575e-10,
          1.7000000476837158
        ],
        [
          0.0,
          0.0,
          0.0,
          1.0
        ]
      ],
      "camera_intrinsics": [
        [
          685.5110473632812,
          0.0,
          480.0
        ],
        [
          0.0,
          685.5110473632812,
          270.0
        ],
        [
          0.0,
          0.0,
          1.0
        ]
      ],
      "data_path": "D:\\Agent-AI\\outputs\\s3a_ml_long_v2\\sample_000007\\images\\CAM_BACK.png",
      "raw_layout": "bgra8"
    },
    "CAM_BACK_LEFT": {
      "type_id": "sensor.camera.rgb",
      "blueprint_attributes": {
        "role_name": "front",
        "ros_name": "sensor.camera.rgb",
        "chromatic_aberration_offset": "0.0",
        "sensor_tick": "0.100000",
        "fstop": "1.4",
        "image_size_x": "960",
        "image_size_y": "540",
        "fov": "70.00",
        "lens_circle_falloff": "5.0",
        "lens_circle_multiplier": "0.0",
        "exposure_compensation": "0.0",
        "lens_y_size": "0.08",
        "lens_k": "-1.0",
        "exposure_mode": "histogram",
        "lens_kcube": "0.0",
        "lens_x_size": "0.08",
        "exposure_max_bright": "12.0",
        "shutter_speed": "200.0",
        "bloom_intensity": "0.675",
        "iso": "100.0",
        "enable_postprocess_effects": "false",
        "gamma": "2.2",
        "motion_blur_intensity": "0.0",
        "motion_blur_max_distortion": "0.35",
        "lens_flare_intensity": "0.1",
        "motion_blur_min_object_screen_size": "0.1",
        "exposure_min_bright": "10.0",
        "exposure_speed_up": "3.0",
        "exposure_speed_down": "1.0",
        "tint": "0.0",
        "calibration_constant": "16.0",
        "focal_distance": "1000.0",
        "min_fstop": "1.2",
        "blade_count": "5",
        "blur_amount": "0.0",
        "blur_radius": "0.0",
        "slope": "0.88",
        "toe": "0.55",
        "white_clip": "0.04",
        "shoulder": "0.26",
        "black_clip": "0.0",
        "temp": "6500.0",
        "chromatic_aberration_intensity": "0.0"
      },
      "transform_carla": {
        "location": {
          "x": 105.81272888183594,
          "y": -22.98130226135254,
          "z": 1.6862058639526367
        },
        "rotation": {
          "roll": -0.48382118344306946,
          "pitch": -0.07266637682914734,
          "yaw": 142.44801330566406
        }
      },
      "matrix_world_from_sensor_carla": [
        [
          -0.7928000092506409,
          -0.6094678640365601,
          0.004141116514801979,
          105.81272888183594
        ],
        [
          0.609480619430542,
          -0.7927657961845398,
          0.007467502262443304,
          -22.98130226135254
        ],
        [
          -0.0012682671658694744,
          0.00844416581094265,
          0.9999635815620422,
          1.6862058639526367
        ],
        [
          0.0,
          0.0,
          0.0,
          1.0
        ]
      ],
      "matrix_world_from_sensor_bevfusion": [
        [
          -0.6094678640365601,
          -0.004141116514801979,
          -0.7928000092506409,
          105.81272888183594
        ],
        [
          0.7927657961845398,
          0.007467502262443304,
          -0.609480619430542,
          22.98130226135254
        ],
        [
          0.00844416581094265,
          -0.9999635815620422,
          -0.0012682671658694744,
          1.6862058639526367
        ],
        [
          0.0,
          0.0,
          0.0,
          1.0
        ]
      ],
      "matrix_ego_from_sensor_carla": [
        [
          -0.5735764503479004,
          0.8191520571708679,
          -4.41716316856855e-08,
          -1.2999992370605469
        ],
        [
          -0.8191520571708679,
          -0.5735764503479004,
          -6.424027532148102e-08,
          -0.5500106811523438
        ],
        [
          -7.899897980223614e-08,
          2.4113200325359685e-10,
          1.0,
          1.6999998092651367
        ],
        [
          0.0,
          0.0,
          0.0,
          1.0
        ]
      ],
      "matrix_ego_from_sensor_bevfusion": [
        [
          0.8191520571708679,
          4.41716316856855e-08,
          -0.5735764503479004,
          -1.2999992370605469
        ],
        [
          0.5735764503479004,
          -6.424027532148102e-08,
          0.8191520571708679,
          0.5500106811523438
        ],
        [
          2.4113200325359685e-10,
          -1.0,
          -7.899897980223614e-08,
          1.6999998092651367
        ],
        [
          0.0,
          0.0,
          0.0,
          1.0
        ]
      ],
      "camera_intrinsics": [
        [
          685.5110473632812,
          0.0,
          480.0
        ],
        [
          0.0,
          685.5110473632812,
          270.0
        ],
        [
          0.0,
          0.0,
          1.0
        ]
      ],
      "data_path": "D:\\Agent-AI\\outputs\\s3a_ml_long_v2\\sample_000007\\images\\CAM_BACK_LEFT.png",
      "raw_layout": "bgra8"
    },
    "CAM_BACK_RIGHT": {
      "type_id": "sensor.camera.rgb",
      "blueprint_attributes": {
        "role_name": "front",
        "ros_name": "sensor.camera.rgb",
        "chromatic_aberration_offset": "0.0",
        "sensor_tick": "0.100000",
        "fstop": "1.4",
        "image_size_x": "960",
        "image_size_y": "540",
        "fov": "70.00",
        "lens_circle_falloff": "5.0",
        "lens_circle_multiplier": "0.0",
        "exposure_compensation": "0.0",
        "lens_y_size": "0.08",
        "lens_k": "-1.0",
        "exposure_mode": "histogram",
        "lens_kcube": "0.0",
        "lens_x_size": "0.08",
        "exposure_max_bright": "12.0",
        "shutter_speed": "200.0",
        "bloom_intensity": "0.675",
        "iso": "100.0",
        "enable_postprocess_effects": "false",
        "gamma": "2.2",
        "motion_blur_intensity": "0.0",
        "motion_blur_max_distortion": "0.35",
        "lens_flare_intensity": "0.1",
        "motion_blur_min_object_screen_size": "0.1",
        "exposure_min_bright": "10.0",
        "exposure_speed_up": "3.0",
        "exposure_speed_down": "1.0",
        "tint": "0.0",
        "calibration_constant": "16.0",
        "focal_distance": "1000.0",
        "min_fstop": "1.2",
        "blade_count": "5",
        "blur_amount": "0.0",
        "blur_radius": "0.0",
        "slope": "0.88",
        "toe": "0.55",
        "white_clip": "0.04",
        "shoulder": "0.26",
        "black_clip": "0.0",
        "temp": "6500.0",
        "chromatic_aberration_intensity": "0.0"
      },
      "transform_carla": {
        "location": {
          "x": 106.91162872314453,
          "y": -23.030302047729492,
          "z": 1.6820210218429565
        },
        "rotation": {
          "roll": 0.23376160860061646,
          "pitch": -0.42978963255882263,
          "yaw": 32.446815490722656
        }
      },
      "matrix_world_from_sensor_carla": [
        [
          0.8438661098480225,
          -0.5365378260612488,
          0.004141178913414478,
          106.91162872314453
        ],
        [
          0.536501407623291,
          0.8438664078712463,
          0.007467454299330711,
          -23.030302047729492
        ],
        [
          -0.007501173764467239,
          -0.004079783800989389,
          0.9999635219573975,
          1.6820210218429565
        ],
        [
          0.0,
          0.0,
          0.0,
          1.0
        ]
      ],
      "matrix_world_from_sensor_bevfusion": [
        [
          -0.5365378260612488,
          -0.004141178913414478,
          0.8438661098480225,
          106.91162872314453
        ],
        [
          -0.8438664078712463,
          0.007467454299330711,
          -0.536501407623291,
          23.030302047729492
        ],
        [
          -0.004079783800989389,
          -0.9999635219573975,
          -0.007501173764467239,
          1.6820210218429565
        ],
        [
          0.0,
          0.0,
          0.0,
          1.0
        ]
      ],
      "matrix_ego_from_sensor_carla": [
        [
          -0.5735763311386108,
          -0.8191521167755127,
          7.620493125415351e-11,
          -1.2999992370605469
        ],
        [
          0.8191521167755127,
          -0.5735762715339661,
          4.805840725374821e-10,
          0.54998779296875
        ],
        [
          2.849604996413291e-10,
          -1.8908463683686705e-10,
          0.9999999403953552,
          1.6999999284744263
        ],
        [
          0.0,
          0.0,
          0.0,
          1.0
        ]
      ],
      "matrix_ego_from_sensor_bevfusion": [
        [
          -0.8191521167755127,
          -7.620493125415351e-11,
          -0.5735763311386108,
          -1.2999992370605469
        ],
        [
          0.5735762715339661,
          4.805840725374821e-10,
          -0.8191521167755127,
          -0.54998779296875
        ],
        [
          -1.8908463683686705e-10,
          -0.9999999403953552,
          2.849604996413291e-10,
          1.6999999284744263
        ],
        [
          0.0,
          0.0,
          0.0,
          1.0
        ]
      ],
      "camera_intrinsics": [
        [
          685.5110473632812,
          0.0,
          480.0
        ],
        [
          0.0,
          685.5110473632812,
          270.0
        ],
        [
          0.0,
          0.0,
          1.0
        ]
      ],
      "data_path": "D:\\Agent-AI\\outputs\\s3a_ml_long_v2\\sample_000007\\images\\CAM_BACK_RIGHT.png",
      "raw_layout": "bgra8"
    },
    "LIDAR_TOP": {
      "type_id": "sensor.lidar.ray_cast",
      "blueprint_attributes": {
        "atmosphere_attenuation_rate": "0.004",
        "role_name": "front",
        "noise_seed": "0",
        "upper_fov": "10.0",
        "ros_name": "sensor.lidar.ray_cast",
        "sensor_tick": "0.100000",
        "channels": "32",
        "range": "120.0",
        "points_per_second": "360000",
        "lower_fov": "-30.0",
        "rotation_frequency": "10.000000",
        "horizontal_fov": "360.0",
        "dropoff_general_rate": "0.0",
        "dropoff_intensity_limit": "1.0",
        "noise_stddev": "0.0",
        "dropoff_zero_intensity": "0.0"
      },
      "transform_carla": {
        "location": {
          "x": 106.30638122558594,
          "y": -24.30074119567871,
          "z": 2.194032907485962
        },
        "rotation": {
          "roll": 0.2179907113313675,
          "pitch": 0.43799951672554016,
          "yaw": -92.55146789550781
        }
      },
      "matrix_world_from_sensor_carla": [
        [
          -0.04451549053192139,
          0.9990001320838928,
          0.004141178913414478,
          106.30638122558594
        ],
        [
          -0.9989794492721558,
          -0.044545527547597885,
          0.007467455230653286,
          -24.30074119567871
        ],
        [
          0.007644459139555693,
          -0.003804535372182727,
          0.9999635815620422,
          2.194032907485962
        ],
        [
          0.0,
          0.0,
          0.0,
          1.0
        ]
      ],
      "matrix_world_from_sensor_bevfusion": [
        [
          -0.04451549053192139,
          -0.9990001320838928,
          0.004141178913414478,
          106.30638122558594
        ],
        [
          0.9989794492721558,
          -0.044545527547597885,
          -0.007467455230653286,
          24.30074119567871
        ],
        [
          0.007644459139555693,
          0.003804535372182727,
          0.9999635815620422,
          2.194032907485962
        ],
        [
          0.0,
          0.0,
          0.0,
          1.0
        ]
      ],
      "matrix_ego_from_sensor_carla": [
        [
          1.0,
          2.1981689801719995e-09,
          -3.994723718481197e-10,
          0.0
        ],
        [
          2.2053667780852493e-09,
          1.0,
          2.5381613477648557e-10,
          -7.62939453125e-06
        ],
        [
          7.620493125415351e-11,
          1.493977164201965e-11,
          1.0,
          2.1999995708465576
        ],
        [
          0.0,
          0.0,
          0.0,
          1.0
        ]
      ],
      "matrix_ego_from_sensor_bevfusion": [
        [
          1.0,
          -2.1981689801719995e-09,
          -3.994723718481197e-10,
          0.0
        ],
        [
          -2.2053667780852493e-09,
          1.0,
          -2.5381613477648557e-10,
          7.62939453125e-06
        ],
        [
          7.620493125415351e-11,
          -1.493977164201965e-11,
          1.0,
          2.1999995708465576
        ],
        [
          0.0,
          0.0,
          0.0,
          1.0
        ]
      ],
      "data_path": "D:\\Agent-AI\\outputs\\s3a_ml_long_v2\\sample_000007\\lidar\\LIDAR_TOP.npy",
      "raw_layout": [
        "x",
        "y",
        "z",
        "intensity"
      ]
    },
    "RADAR_FRONT": {
      "type_id": "sensor.other.radar",
      "blueprint_attributes": {
        "sensor_tick": "0.100000",
        "role_name": "default",
        "noise_seed": "0",
        "ros_name": "sensor.other.radar",
        "horizontal_fov": "35.0",
        "points_per_second": "1500",
        "vertical_fov": "20.0",
        "range": "120.0"
      },
      "transform_carla": {
        "location": {
          "x": 106.21196746826172,
          "y": -26.308406829833984,
          "z": 0.9093694090843201
        },
        "rotation": {
          "roll": 0.2179907113313675,
          "pitch": 0.43799951672554016,
          "yaw": -92.55146789550781
        }
      },
      "matrix_world_from_sensor_carla": [
        [
          -0.04451549053192139,
          0.9990001320838928,
          0.004141178913414478,
          106.21196746826172
        ],
        [
          -0.9989794492721558,
          -0.044545527547597885,
          0.007467455230653286,
          -26.308406829833984
        ],
        [
          0.007644459139555693,
          -0.003804535372182727,
          0.9999635815620422,
          0.9093694090843201
        ],
        [
          0.0,
          0.0,
          0.0,
          1.0
        ]
      ],
      "matrix_world_from_sensor_bevfusion": [
        [
          -0.04451549053192139,
          -0.9990001320838928,
          0.004141178913414478,
          106.21196746826172
        ],
        [
          0.9989794492721558,
          -0.044545527547597885,
          -0.007467455230653286,
          26.308406829833984
        ],
        [
          0.007644459139555693,
          0.003804535372182727,
          0.9999635815620422,
          0.9093694090843201
        ],
        [
          0.0,
          0.0,
          0.0,
          1.0
        ]
      ],
      "matrix_ego_from_sensor_carla": [
        [
          1.0,
          2.1981689801719995e-09,
          -3.994723718481197e-10,
          2.0
        ],
        [
          2.2053667780852493e-09,
          1.0,
          2.5381613477648557e-10,
          0.0
        ],
        [
          7.620493125415351e-11,
          1.493977164201965e-11,
          1.0,
          0.8999999761581421
        ],
        [
          0.0,
          0.0,
          0.0,
          1.0
        ]
      ],
      "matrix_ego_from_sensor_bevfusion": [
        [
          1.0,
          -2.1981689801719995e-09,
          -3.994723718481197e-10,
          2.0
        ],
        [
          -2.2053667780852493e-09,
          1.0,
          -2.5381613477648557e-10,
          0.0
        ],
        [
          7.620493125415351e-11,
          -1.493977164201965e-11,
          1.0,
          0.8999999761581421
        ],
        [
          0.0,
          0.0,
          0.0,
          1.0
        ]
      ],
      "data_path": "D:\\Agent-AI\\outputs\\s3a_ml_long_v2\\sample_000007\\radar\\RADAR_FRONT.npy",
      "raw_layout": [
        "velocity",
        "altitude",
        "azimuth",
        "depth"
      ]
    },
    "RADAR_FRONT_LEFT": {
      "type_id": "sensor.other.radar",
      "blueprint_attributes": {
        "sensor_tick": "0.100000",
        "role_name": "default",
        "noise_seed": "0",
        "ros_name": "sensor.other.radar",
        "horizontal_fov": "35.0",
        "points_per_second": "1500",
        "vertical_fov": "20.0",
        "range": "120.0"
      },
      "transform_carla": {
        "location": {
          "x": 105.47830200195312,
          "y": -25.925355911254883,
          "z": 0.9095472693443298
        },
        "rotation": {
          "roll": -0.15557681024074554,
          "pitch": 0.46385177969932556,
          "yaw": -137.55291748046875
        }
      },
      "matrix_world_from_sensor_carla": [
        [
          -0.737876832485199,
          0.6749226450920105,
          0.004141171462833881,
          105.47830200195312
        ],
        [
          -0.6748868227005005,
          -0.737883448600769,
          0.007467448711395264,
          -25.925355911254883
        ],
        [
          0.008095651865005493,
          0.0027152353432029486,
          0.9999635219573975,
          0.9095472693443298
        ],
        [
          0.0,
          0.0,
          0.0,
          1.0
        ]
      ],
      "matrix_world_from_sensor_bevfusion": [
        [
          -0.737876832485199,
          -0.6749226450920105,
          0.004141171462833881,
          105.47830200195312
        ],
        [
          0.6748868227005005,
          -0.737883448600769,
          -0.007467448711395264,
          25.925355911254883
        ],
        [
          0.008095651865005493,
          -0.0027152353432029486,
          0.9999635219573975,
          0.9095472693443298
        ],
        [
          0.0,
          0.0,
          0.0,
          1.0
        ]
      ],
      "matrix_ego_from_sensor_carla": [
        [
          0.70710688829422,
          0.7071066498756409,
          6.129801555232461e-09,
          1.6499996185302734
        ],
        [
          -0.7071065902709961,
          0.7071068286895752,
          -6.7371659362436276e-09,
          -0.75
        ],
        [
          -1.0328825794658769e-08,
          8.378756022331402e-10,
          0.9999999403953552,
          0.9000000953674316
        ],
        [
          0.0,
          0.0,
          0.0,
          1.0
        ]
      ],
      "matrix_ego_from_sensor_bevfusion": [
        [
          0.70710688829422,
          -0.7071066498756409,
          6.129801555232461e-09,
          1.6499996185302734
        ],
        [
          0.7071065902709961,
          0.7071068286895752,
          6.7371659362436276e-09,
          0.75
        ],
        [
          -1.0328825794658769e-08,
          -8.378756022331402e-10,
          0.9999999403953552,
          0.9000000953674316
        ],
        [
          0.0,
          0.0,
          0.0,
          1.0
        ]
      ],
      "data_path": "D:\\Agent-AI\\outputs\\s3a_ml_long_v2\\sample_000007\\radar\\RADAR_FRONT_LEFT.npy",
      "raw_layout": [
        "velocity",
        "altitude",
        "azimuth",
        "depth"
      ]
    },
    "RADAR_FRONT_RIGHT": {
      "type_id": "sensor.other.radar",
      "blueprint_attributes": {
        "sensor_tick": "0.100000",
        "role_name": "default",
        "noise_seed": "0",
        "ros_name": "sensor.other.radar",
        "horizontal_fov": "35.0",
