{
  "schema_version": "stage1.v1",
  "sample_name": "sample_000027",
  "sequence_index": 27,
  "previous_sample_name": "sample_000026",
  "frame_id": 3947,
  "timestamp": 41.831086587160826,
  "platform_timestamp": 16816493.7722803,
  "delta_seconds": 0.10000000149011612,
  "town": "Carla/Maps/Town10HD_Opt",
  "weather": {
    "cloudiness": 20.0,
    "dust_storm": 0.0,
    "fog_density": 2.0,
    "fog_distance": 0.75,
    "fog_falloff": 0.10000000149011612,
    "mie_scattering_scale": 0.029999999329447746,
    "precipitation": 0.0,
    "precipitation_deposits": 0.0,
    "rayleigh_scattering_scale": 0.03310000151395798,
    "scattering_intensity": 1.0,
    "sun_altitude_angle": 45.0,
    "sun_azimuth_angle": 300.0,
    "wetness": 0.0,
    "wind_intensity": 10.0
  },
  "sensor_names": [
    "CAM_FRONT",
    "CAM_FRONT_RIGHT",
    "CAM_FRONT_LEFT",
    "CAM_BACK",
    "CAM_BACK_LEFT",
    "CAM_BACK_RIGHT",
    "LIDAR_TOP",
    "RADAR_FRONT",
    "RADAR_FRONT_LEFT",
    "RADAR_FRONT_RIGHT",
    "RADAR_BACK_LEFT",
    "RADAR_BACK_RIGHT"
  ],
  "camera_order_for_model": [
    "CAM_FRONT",
    "CAM_FRONT_RIGHT",
    "CAM_FRONT_LEFT",
    "CAM_BACK",
    "CAM_BACK_LEFT",
    "CAM_BACK_RIGHT"
  ],
  "radar_order_for_model": [
    "RADAR_FRONT",
    "RADAR_FRONT_LEFT",
    "RADAR_FRONT_RIGHT",
    "RADAR_BACK_LEFT",
    "RADAR_BACK_RIGHT"
  ],
  "coordinate_notes": {
    "carla_world": "left-handed x-forward y-right z-up",
    "bevfusion_lidar": "x-forward y-left z-up",
    "camera_frame_for_model": "OpenCV style x-right y-down z-forward"
  },
  "ego": {
    "actor_id": 24,
    "transform_carla": {
      "location": {
        "x": 108.38290405273438,
        "y": -33.96908950805664,
        "z": -0.004066657740622759
      },
      "rotation": {
        "roll": 0.11904267966747284,
        "pitch": -0.12232185155153275,
        "yaw": -103.78852844238281
      }
    },
    "velocity_carla": [
      -0.45162445306777954,
      -1.4398527145385742,
      0.0004147338913753629
    ],
    "angular_velocity_carla": [
      -1.9453346729278564,
      0.8333430886268616,
      -4.6448283195495605
    ],
    "matrix_world_from_ego_carla": [
      [
        -0.23833848536014557,
        0.9711809754371643,
        0.001508977496996522,
        108.38290405273438
      ],
      [
        -0.9711797833442688,
        -0.23833420872688293,
        -0.0025685823056846857,
        -33.96908950805664
      ],
      [
        -0.002134917303919792,
        -0.0020776805467903614,
        0.9999955892562866,
        -0.004066657740622759
      ],
      [
        0.0,
        0.0,
        0.0,
        1.0
      ]
    ],
    "matrix_world_from_ego_bevfusion": [
      [
        -0.23833848536014557,
        -0.9711809754371643,
        0.001508977496996522,
        108.38290405273438
      ],
      [
        0.9711797833442688,
        -0.23833420872688293,
        0.0025685823056846857,
        33.96908950805664
      ],
      [
        -0.002134917303919792,
        0.0020776805467903614,
        0.9999955892562866,
        -0.004066657740622759
      ],
      [
        0.0,
        0.0,
        0.0,
        1.0
      ]
    ]
  },
  "sensors": {
    "CAM_FRONT": {
      "type_id": "sensor.camera.rgb",
      "blueprint_attributes": {
        "role_name": "front",
        "ros_name": "sensor.camera.rgb",
        "chromatic_aberration_offset": "0.0",
        "sensor_tick": "0.100000",
        "fstop": "1.4",
        "image_size_x": "960",
        "image_size_y": "540",
        "fov": "70.00",
        "lens_circle_falloff": "5.0",
        "lens_circle_multiplier": "0.0",
        "exposure_compensation": "0.0",
        "lens_y_size": "0.08",
        "lens_k": "-1.0",
        "exposure_mode": "histogram",
        "lens_kcube": "0.0",
        "lens_x_size": "0.08",
        "exposure_max_bright": "12.0",
        "shutter_speed": "200.0",
        "bloom_intensity": "0.675",
        "iso": "100.0",
        "enable_postprocess_effects": "false",
        "gamma": "2.2",
        "motion_blur_intensity": "0.0",
        "motion_blur_max_distortion": "0.35",
        "lens_flare_intensity": "0.1",
        "motion_blur_min_object_screen_size": "0.1",
        "exposure_min_bright": "10.0",
        "exposure_speed_up": "3.0",
        "exposure_speed_down": "1.0",
        "tint": "0.0",
        "calibration_constant": "16.0",
        "focal_distance": "1000.0",
        "min_fstop": "1.2",
        "blade_count": "5",
        "blur_amount": "0.0",
        "blur_radius": "0.0",
        "slope": "0.88",
        "toe": "0.55",
        "white_clip": "0.04",
        "shoulder": "0.26",
        "black_clip": "0.0",
        "temp": "6500.0",
        "chromatic_aberration_intensity": "0.0"
      },
      "transform_carla": {
        "location": {
          "x": 108.01605224609375,
          "y": -35.47878646850586,
          "z": 1.6926168203353882
        },
        "rotation": {
          "roll": 0.11904267966747284,
          "pitch": -0.12232185155153275,
          "yaw": -103.78852844238281
        }
      },
      "matrix_world_from_sensor_carla": [
        [
          -0.23833848536014557,
          0.9711809754371643,
          0.001508977496996522,
          108.01605224609375
        ],
        [
          -0.9711797833442688,
          -0.23833420872688293,
          -0.0025685823056846857,
          -35.47878646850586
        ],
        [
          -0.002134917303919792,
          -0.0020776805467903614,
          0.9999955892562866,
          1.6926168203353882
        ],
        [
          0.0,
          0.0,
          0.0,
          1.0
        ]
      ],
      "matrix_world_from_sensor_bevfusion": [
        [
          0.9711809754371643,
          -0.001508977496996522,
          -0.23833848536014557,
          108.01605224609375
        ],
        [
          0.23833420872688293,
          -0.0025685823056846857,
          0.9711797833442688,
          35.47878646850586
        ],
        [
          -0.0020776805467903614,
          -0.9999955892562866,
          -0.002134917303919792,
          1.6926168203353882
        ],
        [
          0.0,
          0.0,
          0.0,
          1.0
        ]
      ],
      "matrix_ego_from_sensor_carla": [
        [
          1.0,
          5.0677093632600645e-09,
          1.0334733069328195e-10,
          1.5500011444091797
        ],
        [
          -9.138142686992978e-09,
          0.9999999403953552,
          -1.4910933598955012e-10,
          1.52587890625e-05
        ],
        [
          -2.2323254356138023e-12,
          -2.5269925041371266e-11,
          1.0,
          1.7000000476837158
        ],
        [
          0.0,
          0.0,
          0.0,
          1.0
        ]
      ],
      "matrix_ego_from_sensor_bevfusion": [
        [
          5.0677093632600645e-09,
          -1.0334733069328195e-10,
          1.0,
          1.5500011444091797
        ],
        [
          -0.9999999403953552,
          -1.4910933598955012e-10,
          9.138142686992978e-09,
          -1.52587890625e-05
        ],
        [
          -2.5269925041371266e-11,
          -1.0,
          -2.2323254356138023e-12,
          1.7000000476837158
        ],
        [
          0.0,
          0.0,
          0.0,
          1.0
        ]
      ],
      "camera_intrinsics": [
        [
          685.5110473632812,
          0.0,
          480.0
        ],
        [
          0.0,
          685.5110473632812,
          270.0
        ],
        [
          0.0,
          0.0,
          1.0
        ]
      ],
      "data_path": "D:\\Agent-AI\\outputs\\s3a_left_v3\\sample_000027\\images\\CAM_FRONT.png",
      "raw_layout": "bgra8"
    },
    "CAM_FRONT_RIGHT": {
      "type_id": "sensor.camera.rgb",
      "blueprint_attributes": {
        "role_name": "front",
        "ros_name": "sensor.camera.rgb",
        "chromatic_aberration_offset": "0.0",
        "sensor_tick": "0.100000",
        "fstop": "1.4",
        "image_size_x": "960",
        "image_size_y": "540",
        "fov": "70.00",
        "lens_circle_falloff": "5.0",
        "lens_circle_multiplier": "0.0",
        "exposure_compensation": "0.0",
        "lens_y_size": "0.08",
        "lens_k": "-1.0",
        "exposure_mode": "histogram",
        "lens_kcube": "0.0",
        "lens_x_size": "0.08",
        "exposure_max_bright": "12.0",
        "shutter_speed": "200.0",
        "bloom_intensity": "0.675",
        "iso": "100.0",
        "enable_postprocess_effects": "false",
        "gamma": "2.2",
        "motion_blur_intensity": "0.0",
        "motion_blur_max_distortion": "0.35",
        "lens_flare_intensity": "0.1",
        "motion_blur_min_object_screen_size": "0.1",
        "exposure_min_bright": "10.0",
        "exposure_speed_up": "3.0",
        "exposure_speed_down": "1.0",
        "tint": "0.0",
        "calibration_constant": "16.0",
        "focal_distance": "1000.0",
        "min_fstop": "1.2",
        "blade_count": "5",
        "blur_amount": "0.0",
        "blur_radius": "0.0",
        "slope": "0.88",
        "toe": "0.55",
        "white_clip": "0.04",
        "shoulder": "0.26",
        "black_clip": "0.0",
        "temp": "6500.0",
        "chromatic_aberration_intensity": "0.0"
      },
      "transform_carla": {
        "location": {
          "x": 108.60977935791016,
          "y": -35.36707305908203,
          "z": 1.6920078992843628
        },
        "rotation": {
          "roll": -0.031914275139570236,
          "pitch": -0.1676674783229828,
          "yaw": -48.78833770751953
        }
      },
      "matrix_world_from_sensor_carla": [
        [
          0.658839762210846,
          0.7522817850112915,
          0.0015089730732142925,
          108.60977935791016
        ],
        [
          -0.7522776126861572,
          0.6588411927223206,
          -0.0025684144347906113,
          -35.36707305908203
        ],
        [
          -0.0029263452161103487,
          0.0005570068024098873,
          0.9999955296516418,
          1.6920078992843628
        ],
        [
          0.0,
          0.0,
          0.0,
          1.0
        ]
      ],
      "matrix_world_from_sensor_bevfusion": [
        [
          0.7522817850112915,
          -0.0015089730732142925,
          0.658839762210846,
          108.60977935791016
        ],
        [
          -0.6588411927223206,
          -0.0025684144347906113,
          0.7522776126861572,
          35.36707305908203
        ],
        [
          0.0005570068024098873,
          -0.9999955296516418,
          -0.0029263452161103487,
          1.6920078992843628
        ],
        [
          0.0,
          0.0,
          0.0,
          1.0
        ]
      ],
      "matrix_ego_from_sensor_carla": [
        [
          0.5735762119293213,
          -0.8191521763801575,
          -1.6181952844362968e-07,
          1.3000001907348633
        ],
        [
          0.8191522359848022,
          0.5735762715339661,
          -4.426309274663254e-08,
          0.5500030517578125
        ],
        [
          1.2926427928050543e-07,
          -1.0726380139658431e-07,
          0.9999999403953552,
          1.7000000476837158
        ],
        [
          0.0,
          0.0,
          0.0,
          1.0
        ]
      ],
      "matrix_ego_from_sensor_bevfusion": [
        [
          -0.8191521763801575,
          1.6181952844362968e-07,
          0.5735762119293213,
          1.3000001907348633
        ],
        [
          -0.5735762715339661,
          -4.426309274663254e-08,
          -0.8191522359848022,
          -0.5500030517578125
        ],
        [
          -1.0726380139658431e-07,
          -0.9999999403953552,
          1.2926427928050543e-07,
          1.7000000476837158
        ],
        [
          0.0,
          0.0,
          0.0,
          1.0
        ]
      ],
      "camera_intrinsics": [
        [
          685.5110473632812,
          0.0,
          480.0
        ],
        [
          0.0,
          685.5110473632812,
          270.0
        ],
        [
          0.0,
          0.0,
          1.0
        ]
      ],
      "data_path": "D:\\Agent-AI\\outputs\\s3a_left_v3\\sample_000027\\images\\CAM_FRONT_RIGHT.png",
      "raw_layout": "bgra8"
    },
    "CAM_FRONT_LEFT": {
      "type_id": "sensor.camera.rgb",
      "blueprint_attributes": {
        "role_name": "front",
        "ros_name": "sensor.camera.rgb",
        "chromatic_aberration_offset": "0.0",
        "sensor_tick": "0.100000",
        "fstop": "1.4",
        "image_size_x": "960",
        "image_size_y": "540",
        "fov": "70.00",
        "lens_circle_falloff": "5.0",
        "lens_circle_multiplier": "0.0",
        "exposure_compensation": "0.0",
        "lens_y_size": "0.08",
        "lens_k": "-1.0",
        "exposure_mode": "histogram",
        "lens_kcube": "0.0",
        "lens_x_size": "0.08",
        "exposure_max_bright": "12.0",
        "shutter_speed": "200.0",
        "bloom_intensity": "0.675",
        "iso": "100.0",
        "enable_postprocess_effects": "false",
        "gamma": "2.2",
        "motion_blur_intensity": "0.0",
        "motion_blur_max_distortion": "0.35",
        "lens_flare_intensity": "0.1",
        "motion_blur_min_object_screen_size": "0.1",
        "exposure_min_bright": "10.0",
        "exposure_speed_up": "3.0",
        "exposure_speed_down": "1.0",
        "tint": "0.0",
        "calibration_constant": "16.0",
        "focal_distance": "1000.0",
        "min_fstop": "1.2",
        "blade_count": "5",
        "blur_amount": "0.0",
        "blur_radius": "0.0",
        "slope": "0.88",
        "toe": "0.55",
        "white_clip": "0.04",
        "shoulder": "0.26",
        "black_clip": "0.0",
        "temp": "6500.0",
        "chromatic_aberration_intensity": "0.0"
      },
      "transform_carla": {
        "location": {
          "x": 107.5414810180664,
          "y": -35.10490798950195,
          "z": 1.6942933797836304
        },
        "rotation": {
          "roll": 0.16847418248653412,
          "pitch": 0.027354905381798744,
          "yaw": -158.78834533691406
        }
      },
      "matrix_world_from_sensor_carla": [
        [
          -0.9322501420974731,
          0.3618112802505493,
          0.0015089726075530052,
          107.5414810180664
        ],
        [
          -0.36181414127349854,
          -0.932246744632721,
          -0.0025684707798063755,
          -35.10490798950195
        ],
        [
          0.000477433146443218,
          -0.002940424485132098,
          0.9999955296516418,
          1.6942933797836304
        ],
        [
          0.0,
          0.0,
          0.0,
          1.0
        ]
      ],
      "matrix_world_from_sensor_bevfusion": [
        [
          0.3618112802505493,
          -0.0015089726075530052,
          -0.9322501420974731,
          107.5414810180664
        ],
        [
          0.932246744632721,
          -0.0025684707798063755,
          0.36181414127349854,
          35.10490798950195
        ],
        [
          -0.002940424485132098,
          -0.9999955296516418,
          0.000477433146443218,
          1.6942933797836304
        ],
        [
          0.0,
          0.0,
          0.0,
          1.0
        ]
      ],
      "matrix_ego_from_sensor_carla": [
        [
          0.5735766887664795,
          0.8191519379615784,
          -1.0687149654131645e-07,
          1.3000030517578125
        ],
        [
          -0.8191519379615784,
          0.5735765695571899,
          -3.145740734566971e-08,
          -0.5499954223632812
        ],
        [
          3.5933517494868283e-08,
          1.0627697832887861e-07,
          0.9999999403953552,
          1.700000286102295
        ],
        [
          0.0,
          0.0,
          0.0,
          1.0
        ]
      ],
      "matrix_ego_from_sensor_bevfusion": [
        [
          0.8191519379615784,
          1.0687149654131645e-07,
          0.5735766887664795,
          1.3000030517578125
        ],
        [
          -0.5735765695571899,
          -3.145740734566971e-08,
          0.8191519379615784,
          0.5499954223632812
        ],
        [
          1.0627697832887861e-07,
          -0.9999999403953552,
          3.5933517494868283e-08,
          1.700000286102295
        ],
        [
          0.0,
          0.0,
          0.0,
          1.0
        ]
      ],
      "camera_intrinsics": [
        [
          685.5110473632812,
          0.0,
          480.0
        ],
        [
          0.0,
          685.5110473632812,
          270.0
        ],
        [
          0.0,
          0.0,
          1.0
        ]
      ],
      "data_path": "D:\\Agent-AI\\outputs\\s3a_left_v3\\sample_000027\\images\\CAM_FRONT_LEFT.png",
      "raw_layout": "bgra8"
    },
    "CAM_BACK": {
      "type_id": "sensor.camera.rgb",
      "blueprint_attributes": {
        "role_name": "front",
        "ros_name": "sensor.camera.rgb",
        "chromatic_aberration_offset": "0.0",
        "sensor_tick": "0.100000",
        "fstop": "1.4",
        "image_size_x": "960",
        "image_size_y": "540",
        "fov": "70.00",
        "lens_circle_falloff": "5.0",
        "lens_circle_multiplier": "0.0",
        "exposure_compensation": "0.0",
        "lens_y_size": "0.08",
        "lens_k": "-1.0",
        "exposure_mode": "histogram",
        "lens_kcube": "0.0",
        "lens_x_size": "0.08",
        "exposure_max_bright": "12.0",
        "shutter_speed": "200.0",
        "bloom_intensity": "0.675",
        "iso": "100.0",
        "enable_postprocess_effects": "false",
        "gamma": "2.2",
        "motion_blur_intensity": "0.0",
        "motion_blur_max_distortion": "0.35",
        "lens_flare_intensity": "0.1",
        "motion_blur_min_object_screen_size": "0.1",
        "exposure_min_bright": "10.0",
        "exposure_speed_up": "3.0",
        "exposure_speed_down": "1.0",
        "tint": "0.0",
        "calibration_constant": "16.0",
        "focal_distance": "1000.0",
        "min_fstop": "1.2",
        "blade_count": "5",
        "blur_amount": "0.0",
        "blur_radius": "0.0",
        "slope": "0.88",
        "toe": "0.55",
        "white_clip": "0.04",
        "shoulder": "0.26",
        "black_clip": "0.0",
        "temp": "6500.0",
        "chromatic_aberration_intensity": "0.0"
      },
      "transform_carla": {
        "location": {
          "x": 108.75489807128906,
          "y": -32.4681282043457,
          "z": 1.6992347240447998
        },
        "rotation": {
          "roll": -0.11904262751340866,
          "pitch": 0.12232185155153275,
          "yaw": 76.21146392822266
        }
      },
      "matrix_world_from_sensor_carla": [
        [
          0.2383386343717575,
          -0.9711809754371643,
          0.0015089762164279819,
          108.75489807128906
        ],
        [
          0.9711797833442688,
          0.23833435773849487,
          -0.0025685823056846857,
          -32.4681282043457
        ],
        [
          0.002134917303919792,
          0.002077679615467787,
          0.9999955892562866,
          1.6992347240447998
        ],
        [
          0.0,
          0.0,
          0.0,
          1.0
        ]
      ],
      "matrix_world_from_sensor_bevfusion": [
        [
          -0.9711809754371643,
          -0.0015089762164279819,
          0.2383386343717575,
          108.75489807128906
        ],
        [
          -0.23833435773849487,
          -0.0025685823056846857,
          -0.9711797833442688,
          32.4681282043457
        ],
        [
          0.002077679615467787,
          -0.9999955892562866,
          0.002134917303919792,
          1.6992347240447998
        ],
        [
          0.0,
          0.0,
          0.0,
          1.0
        ]
      ],
      "matrix_ego_from_sensor_carla": [
        [
          -1.0,
          -1.497831476626743e-07,
          3.361779743471516e-10,
          -1.5499982833862305
        ],
        [
          1.432485987606924e-07,
          -1.0,
          -1.3132626097700495e-09,
          7.62939453125e-06
        ],
        [
          2.3506296908948343e-10,
          -1.3717097457899285e-09,
          1.0,
          1.6999998092651367
        ],
        [
          0.0,
          0.0,
          0.0,
          1.0
        ]
      ],
      "matrix_ego_from_sensor_bevfusion": [
        [
          -1.497831476626743e-07,
          -3.361779743471516e-10,
          -1.0,
          -1.5499982833862305
        ],
        [
          1.0,
          -1.3132626097700495e-09,
          -1.432485987606924e-07,
          -7.62939453125e-06
        ],
        [
          -1.3717097457899285e-09,
          -1.0,
          2.3506296908948343e-10,
          1.6999998092651367
        ],
        [
          0.0,
          0.0,
          0.0,
          1.0
        ]
      ],
      "camera_intrinsics": [
        [
          685.5110473632812,
          0.0,
          480.0
        ],
        [
          0.0,
          685.5110473632812,
          270.0
        ],
        [
          0.0,
          0.0,
          1.0
        ]
      ],
      "data_path": "D:\\Agent-AI\\outputs\\s3a_left_v3\\sample_000027\\images\\CAM_BACK.png",
      "raw_layout": "bgra8"
    },
    "CAM_BACK_LEFT": {
      "type_id": "sensor.camera.rgb",
      "blueprint_attributes": {
        "role_name": "front",
        "ros_name": "sensor.camera.rgb",
        "chromatic_aberration_offset": "0.0",
        "sensor_tick": "0.100000",
        "fstop": "1.4",
        "image_size_x": "960",
        "image_size_y": "540",
        "fov": "70.00",
        "lens_circle_falloff": "5.0",
        "lens_circle_multiplier": "0.0",
        "exposure_compensation": "0.0",
        "lens_y_size": "0.08",
        "lens_k": "-1.0",
        "exposure_mode": "histogram",
        "lens_kcube": "0.0",
        "lens_x_size": "0.08",
        "exposure_max_bright": "12.0",
        "shutter_speed": "200.0",
        "bloom_intensity": "0.675",
        "iso": "100.0",
        "enable_postprocess_effects": "false",
        "gamma": "2.2",
        "motion_blur_intensity": "0.0",
        "motion_blur_max_distortion": "0.35",
        "lens_flare_intensity": "0.1",
        "motion_blur_min_object_screen_size": "0.1",
        "exposure_min_bright": "10.0",
        "exposure_speed_up": "3.0",
        "exposure_speed_down": "1.0",
        "tint": "0.0",
        "calibration_constant": "16.0",
        "focal_distance": "1000.0",
        "min_fstop": "1.2",
        "blade_count": "5",
        "blur_amount": "0.0",
        "blur_radius": "0.0",
        "slope": "0.88",
        "toe": "0.55",
        "white_clip": "0.04",
        "shoulder": "0.26",
        "black_clip": "0.0",
        "temp": "6500.0",
        "chromatic_aberration_intensity": "0.0"
      },
      "transform_carla": {
        "location": {
          "x": 108.16116333007812,
          "y": -32.57984161376953,
          "z": 1.6998437643051147
        },
        "rotation": {
          "roll": 0.03191428631544113,
          "pitch": 0.1676674783229828,
          "yaw": 131.21165466308594
        }
      },
      "matrix_world_from_sensor_carla": [
        [
          -0.6588396430015564,
          -0.752281904220581,
          0.0015089726075530052,
          108.16116333007812
        ],
        [
          0.7522777318954468,
          -0.658841073513031,
          -0.002568414667621255,
          -32.57984161376953
        ],
        [
          0.0029263452161103487,
          -0.0005570069770328701,
          0.9999955296516418,
          1.6998437643051147
        ],
        [
          0.0,
          0.0,
          0.0,
          1.0
        ]
      ],
      "matrix_world_from_sensor_bevfusion": [
        [
          -0.752281904220581,
          -0.0015089726075530052,
          -0.6588396430015564,
          108.16116333007812
        ],
        [
          0.658841073513031,
          -0.002568414667621255,
          -0.7522777318954468,
          32.57984161376953
        ],
        [
          -0.0005570069770328701,
          -0.9999955296516418,
          0.0029263452161103487,
          1.6998437643051147
        ],
        [
          0.0,
          0.0,
          0.0,
          1.0
        ]
      ],
      "matrix_ego_from_sensor_carla": [
        [
          -0.5735763907432556,
          0.8191521167755127,
          -1.6135386715632194e-07,
          -1.2999958992004395
        ],
        [
          -0.8191521167755127,
          -0.5735763311386108,
          -4.472875403394028e-08,
          -0.54998779296875
        ],
        [
          -1.2926427928050543e-07,
          1.0650710180470924e-07,
          0.9999999403953552,
          1.6999998092651367
        ],
        [
          0.0,
          0.0,
          0.0,
          1.0
        ]
      ],
      "matrix_ego_from_sensor_bevfusion": [
        [
          0.8191521167755127,
          1.6135386715632194e-07,
          -0.5735763907432556,
          -1.2999958992004395
        ],
        [
          0.5735763311386108,
          -4.472875403394028e-08,
          0.8191521167755127,
          0.54998779296875
        ],
        [
          1.0650710180470924e-07,
          -0.9999999403953552,
          -1.2926427928050543e-07,
          1.6999998092651367
        ],
        [
          0.0,
          0.0,
          0.0,
          1.0
        ]
      ],
      "camera_intrinsics": [
        [
          685.5110473632812,
          0.0,
          480.0
        ],
        [
          0.0,
          685.5110473632812,
          270.0
        ],
        [
          0.0,
          0.0,
          1.0
        ]
      ],
      "data_path": "D:\\Agent-AI\\outputs\\s3a_left_v3\\sample_000027\\images\\CAM_BACK_LEFT.png",
      "raw_layout": "bgra8"
    },
    "CAM_BACK_RIGHT": {
      "type_id": "sensor.camera.rgb",
      "blueprint_attributes": {
        "role_name": "front",
        "ros_name": "sensor.camera.rgb",
        "chromatic_aberration_offset": "0.0",
        "sensor_tick": "0.100000",
        "fstop": "1.4",
        "image_size_x": "960",
        "image_size_y": "540",
        "fov": "70.00",
        "lens_circle_falloff": "5.0",
        "lens_circle_multiplier": "0.0",
        "exposure_compensation": "0.0",
        "lens_y_size": "0.08",
        "lens_k": "-1.0",
        "exposure_mode": "histogram",
        "lens_kcube": "0.0",
        "lens_x_size": "0.08",
        "exposure_max_bright": "12.0",
        "shutter_speed": "200.0",
        "bloom_intensity": "0.675",
        "iso": "100.0",
        "enable_postprocess_effects": "false",
        "gamma": "2.2",
        "motion_blur_intensity": "0.0",
        "motion_blur_max_distortion": "0.35",
        "lens_flare_intensity": "0.1",
        "motion_blur_min_object_screen_size": "0.1",
        "exposure_min_bright": "10.0",
        "exposure_speed_up": "3.0",
        "exposure_speed_down": "1.0",
        "tint": "0.0",
        "calibration_constant": "16.0",
        "focal_distance": "1000.0",
        "min_fstop": "1.2",
        "blade_count": "5",
        "blur_amount": "0.0",
        "blur_radius": "0.0",
        "slope": "0.88",
        "toe": "0.55",
        "white_clip": "0.04",
        "shoulder": "0.26",
        "black_clip": "0.0",
        "temp": "6500.0",
        "chromatic_aberration_intensity": "0.0"
      },
      "transform_carla": {
        "location": {
          "x": 109.22946166992188,
          "y": -32.84200668334961,
          "z": 1.6975582838058472
        },
        "rotation": {
          "roll": -0.16847413778305054,
          "pitch": -0.027354905381798744,
          "yaw": 21.21162986755371
        }
      },
      "matrix_world_from_sensor_carla": [
        [
          0.9322502613067627,
          -0.3618108928203583,
          0.0015089712105691433,
          109.22946166992188
        ],
        [
          0.3618137538433075,
          0.9322468638420105,
          -0.002568470314145088,
          -32.84200668334961
        ],
        [
          -0.000477433146443218,
          0.0029404237866401672,
          0.9999955296516418,
          1.6975582838058472
        ],
        [
          0.0,
          0.0,
          0.0,
          1.0
        ]
      ],
      "matrix_world_from_sensor_bevfusion": [
        [
          -0.3618108928203583,
          -0.0015089712105691433,
          0.9322502613067627,
          109.22946166992188
        ],
        [
          -0.9322468638420105,
          -0.002568470314145088,
          -0.3618137538433075,
          32.84200668334961
        ],
        [
          0.0029404237866401672,
          -0.9999955296516418,
          -0.000477433146443218,
          1.6975582838058472
        ],
        [
          0.0,
          0.0,
          0.0,
          1.0
        ]
      ],
      "matrix_ego_from_sensor_carla": [
        [
          -0.5735763311386108,
          -0.8191521763801575,
          -1.0710432718497032e-07,
          -1.2999987602233887
        ],
        [
          0.8191521167755127,
          -0.5735762715339661,
          -3.2854391207592926e-08,
          0.5500106811523438
        ],
        [
          -3.471115661568547e-08,
          -1.0674263961618635e-07,
          0.9999999403953552,
          1.6999998092651367
        ],
        [
          0.0,
          0.0,
          0.0,
          1.0
        ]
      ],
      "matrix_ego_from_sensor_bevfusion": [
        [
          -0.8191521763801575,
          1.0710432718497032e-07,
          -0.5735763311386108,
          -1.2999987602233887
        ],
        [
          0.5735762715339661,
          -3.2854391207592926e-08,
          -0.8191521167755127,
          -0.5500106811523438
        ],
        [
          -1.0674263961618635e-07,
          -0.9999999403953552,
          -3.471115661568547e-08,
          1.6999998092651367
        ],
        [
          0.0,
          0.0,
          0.0,
          1.0
        ]
      ],
      "camera_intrinsics": [
        [
          685.5110473632812,
          0.0,
          480.0
        ],
        [
          0.0,
          685.5110473632812,
          270.0
        ],
        [
          0.0,
          0.0,
          1.0
        ]
      ],
      "data_path": "D:\\Agent-AI\\outputs\\s3a_left_v3\\sample_000027\\images\\CAM_BACK_RIGHT.png",
      "raw_layout": "bgra8"
    },
    "LIDAR_TOP": {
      "type_id": "sensor.lidar.ray_cast",
      "blueprint_attributes": {
        "atmosphere_attenuation_rate": "0.004",
        "role_name": "front",
        "noise_seed": "0",
        "upper_fov": "10.0",
        "ros_name": "sensor.lidar.ray_cast",
        "sensor_tick": "0.100000",
        "channels": "32",
        "range": "120.0",
        "points_per_second": "360000",
        "lower_fov": "-30.0",
        "rotation_frequency": "10.000000",
        "horizontal_fov": "360.0",
        "dropoff_general_rate": "0.0",
        "dropoff_intensity_limit": "1.0",
        "noise_stddev": "0.0",
        "dropoff_zero_intensity": "0.0"
      },
      "transform_carla": {
        "location": {
          "x": 108.38623046875,
          "y": -33.97473907470703,
          "z": 2.1959235668182373
        },
        "rotation": {
          "roll": 0.11904267966747284,
          "pitch": -0.12232185155153275,
          "yaw": -103.78852844238281
        }
      },
      "matrix_world_from_sensor_carla": [
        [
          -0.23833848536014557,
          0.9711809754371643,
          0.001508977496996522,
          108.38623046875
        ],
        [
          -0.9711797833442688,
          -0.23833420872688293,
          -0.0025685823056846857,
          -33.97473907470703
        ],
        [
          -0.002134917303919792,
          -0.0020776805467903614,
          0.9999955892562866,
          2.1959235668182373
        ],
        [
          0.0,
          0.0,
          0.0,
          1.0
        ]
      ],
      "matrix_world_from_sensor_bevfusion": [
        [
          -0.23833848536014557,
          -0.9711809754371643,
          0.001508977496996522,
          108.38623046875
        ],
        [
          0.9711797833442688,
          -0.23833420872688293,
          0.0025685823056846857,
          33.97473907470703
        ],
        [
          -0.002134917303919792,
          0.0020776805467903614,
          0.9999955892562866,
          2.1959235668182373
        ],
        [
          0.0,
          0.0,
          0.0,
          1.0
        ]
      ],
      "matrix_ego_from_sensor_carla": [
        [
          1.0,
          5.0677093632600645e-09,
          1.0334733069328195e-10,
          -9.5367431640625e-07
        ],
        [
          -9.138142686992978e-09,
          0.9999999403953552,
          -1.4910933598955012e-10,
          7.62939453125e-06
        ],
        [
          -2.2323254356138023e-12,
          -2.5269925041371266e-11,
          1.0,
          2.1999998092651367
        ],
        [
          0.0,
          0.0,
          0.0,
          1.0
        ]
      ],
      "matrix_ego_from_sensor_bevfusion": [
        [
          1.0,
          -5.0677093632600645e-09,
          1.0334733069328195e-10,
          -9.5367431640625e-07
        ],
        [
          9.138142686992978e-09,
          0.9999999403953552,
          1.4910933598955012e-10,
          -7.62939453125e-06
        ],
        [
          -2.2323254356138023e-12,
          2.5269925041371266e-11,
          1.0,
          2.1999998092651367
        ],
        [
          0.0,
          0.0,
          0.0,
          1.0
        ]
      ],
      "data_path": "D:\\Agent-AI\\outputs\\s3a_left_v3\\sample_000027\\lidar\\LIDAR_TOP.npy",
      "raw_layout": [
        "x",
        "y",
        "z",
        "intensity"
      ]
    },
    "RADAR_FRONT": {
      "type_id": "sensor.other.radar",
      "blueprint_attributes": {
        "sensor_tick": "0.100000",
        "role_name": "default",
        "noise_seed": "0",
        "ros_name": "sensor.other.radar",
        "horizontal_fov": "35.0",
        "points_per_second": "1500",
        "vertical_fov": "20.0",
        "range": "120.0"
      },
      "transform_carla": {
        "location": {
          "x": 107.90758514404297,
          "y": -35.913761138916016,
          "z": 0.891659677028656
        },
        "rotation": {
          "roll": 0.11904267966747284,
          "pitch": -0.12232185155153275,
          "yaw": -103.78852844238281
        }
      },
      "matrix_world_from_sensor_carla": [
        [
          -0.23833848536014557,
          0.9711809754371643,
          0.001508977496996522,
          107.90758514404297
        ],
        [
          -0.9711797833442688,
          -0.23833420872688293,
          -0.0025685823056846857,
          -35.913761138916016
        ],
        [
          -0.002134917303919792,
          -0.0020776805467903614,
          0.9999955892562866,
          0.891659677028656
        ],
        [
          0.0,
          0.0,
          0.0,
          1.0
        ]
      ],
      "matrix_world_from_sensor_bevfusion": [
        [
          -0.23833848536014557,
          -0.9711809754371643,
          0.001508977496996522,
          107.90758514404297
        ],
        [
          0.9711797833442688,
          -0.23833420872688293,
          0.0025685823056846857,
          35.913761138916016
        ],
        [
          -0.002134917303919792,
          0.0020776805467903614,
          0.9999955892562866,
          0.891659677028656
        ],
        [
          0.0,
          0.0,
          0.0,
          1.0
        ]
      ],
      "matrix_ego_from_sensor_carla": [
        [
          1.0,
          5.0677093632600645e-09,
          1.0334733069328195e-10,
          2.000001907348633
        ],
        [
          -9.138142686992978e-09,
          0.9999999403953552,
          -1.4910933598955012e-10,
          0.0
        ],
        [
          -2.2323254356138023e-12,
          -2.5269925041371266e-11,
          1.0,
          0.9000001549720764
        ],
        [
          0.0,
          0.0,
          0.0,
          1.0
        ]
      ],
      "matrix_ego_from_sensor_bevfusion": [
        [
          1.0,
          -5.0677093632600645e-09,
          1.0334733069328195e-10,
          2.000001907348633
        ],
        [
          9.138142686992978e-09,
          0.9999999403953552,
          1.4910933598955012e-10,
          0.0
        ],
        [
          -2.2323254356138023e-12,
          2.5269925041371266e-11,
          1.0,
          0.9000001549720764
        ],
        [
          0.0,
          0.0,
          0.0,
          1.0
        ]
      ],
      "data_path": "D:\\Agent-AI\\outputs\\s3a_left_v3\\sample_000027\\radar\\RADAR_FRONT.npy",
      "raw_layout": [
        "velocity",
        "altitude",
        "azimuth",
        "depth"
      ]
    },
    "RADAR_FRONT_LEFT": {
      "type_id": "sensor.other.radar",
      "blueprint_attributes": {
        "sensor_tick": "0.100000",
        "role_name": "default",
        "noise_seed": "0",
        "ros_name": "sensor.other.radar",
        "horizontal_fov": "35.0",
        "points_per_second": "1500",
        "vertical_fov": "20.0",
        "range": "120.0"
      },
      "transform_carla": {
        "location": {
          "x": 107.26262664794922,
          "y": -35.39509963989258,
          "z": 0.8939653038978577
        },
        "rotation": {
          "roll": 0.1706651747226715,
          "pitch": -0.002315433928743005,
          "yaw": -148.7883758544922
        }
      },
      "matrix_world_from_sensor_carla": [
        [
          -0.8552591800689697,
          0.5181983709335327,
          0.0015089830849319696,
          107.26262664794922
        ],
        [
          -0.5182005167007446,
          -0.8552553653717041,
          -0.0025684719439595938,
          -35.39509963989258
        ],
        [
          -4.041194551973604e-05,
          -0.0029786648228764534,
          0.9999955892562866,
          0.8939653038978577
        ],
        [
          0.0,
          0.0,
          0.0,
          1.0
        ]
      ],
      "matrix_world_from_sensor_bevfusion": [
        [
          -0.8552591800689697,
          -0.5181983709335327,
          0.0015089830849319696,
          107.26262664794922
        ],
        [
          0.5182005167007446,
          -0.8552553653717041,
          0.0025684719439595938,
          35.39509963989258
        ],
        [
          -4.041194551973604e-05,
          0.0029786648228764534,
          0.9999955892562866,
          0.8939653038978577
        ],
        [
          0.0,
          0.0,
          0.0,
          1.0
        ]
      ],
      "matrix_ego_from_sensor_carla": [
        [
          0.7071071267127991,
          0.7071065306663513,
          -1.0839573150178694e-07,
          1.6500024795532227
        ],
        [
          -0.7071064710617065,
          0.7071072459220886,
          -2.0871036454650493e-08,
          -0.7499847412109375
        ],
        [
          6.204448510516158e-08,
          9.201242789913522e-08,
          1.0,
          0.900000274181366
        ],
        [
          0.0,
          0.0,
          0.0,
          1.0
        ]
      ],
      "matrix_ego_from_sensor_bevfusion": [
        [
          0.7071071267127991,
          -0.7071065306663513,
          -1.0839573150178694e-07,
          1.6500024795532227
        ],
        [
          0.7071064710617065,
          0.7071072459220886,
          2.0871036454650493e-08,
          0.7499847412109375
        ],
        [
          6.204448510516158e-08,
          -9.201242789913522e-08,
          1.0,
          0.900000274181366
        ],
        [
          0.0,
          0.0,
          0.0,
          1.0
        ]
      ],
      "data_path": "D:\\Agent-AI\\outputs\\s3a_left_v3\\sample_000027\\radar\\RADAR_FRONT_LEFT.npy",
      "raw_layout": [
        "velocity",
        "altitude",
        "azimuth",
        "depth"
      ]
    },
