{
  "schema_version": "stage1.v1",
  "sample_name": "sample_000086",
  "sequence_index": 86,
  "previous_sample_name": "sample_000085",
  "frame_id": 60087,
  "timestamp": 443.61970087885857,
  "platform_timestamp": 16814601.3248211,
  "delta_seconds": 0.10000000149011612,
  "town": "Carla/Maps/Town10HD_Opt",
  "weather": {
    "cloudiness": 20.0,
    "dust_storm": 0.0,
    "fog_density": 2.0,
    "fog_distance": 0.75,
    "fog_falloff": 0.10000000149011612,
    "mie_scattering_scale": 0.029999999329447746,
    "precipitation": 0.0,
    "precipitation_deposits": 0.0,
    "rayleigh_scattering_scale": 0.03310000151395798,
    "scattering_intensity": 1.0,
    "sun_altitude_angle": 45.0,
    "sun_azimuth_angle": 300.0,
    "wetness": 0.0,
    "wind_intensity": 10.0
  },
  "sensor_names": [
    "CAM_FRONT",
    "CAM_FRONT_RIGHT",
    "CAM_FRONT_LEFT",
    "CAM_BACK",
    "CAM_BACK_LEFT",
    "CAM_BACK_RIGHT",
    "LIDAR_TOP",
    "RADAR_FRONT",
    "RADAR_FRONT_LEFT",
    "RADAR_FRONT_RIGHT",
    "RADAR_BACK_LEFT",
    "RADAR_BACK_RIGHT"
  ],
  "camera_order_for_model": [
    "CAM_FRONT",
    "CAM_FRONT_RIGHT",
    "CAM_FRONT_LEFT",
    "CAM_BACK",
    "CAM_BACK_LEFT",
    "CAM_BACK_RIGHT"
  ],
  "radar_order_for_model": [
    "RADAR_FRONT",
    "RADAR_FRONT_LEFT",
    "RADAR_FRONT_RIGHT",
    "RADAR_BACK_LEFT",
    "RADAR_BACK_RIGHT"
  ],
  "coordinate_notes": {
    "carla_world": "left-handed x-forward y-right z-up",
    "bevfusion_lidar": "x-forward y-left z-up",
    "camera_frame_for_model": "OpenCV style x-right y-down z-forward"
  },
  "ego": {
    "actor_id": 28,
    "transform_carla": {
      "location": {
        "x": 77.38742065429688,
        "y": -62.2502326965332,
        "z": -0.003680343506857753
      },
      "rotation": {
        "roll": 0.10487071424722672,
        "pitch": -0.22088830173015594,
        "yaw": -161.49737548828125
      }
    },
    "velocity_carla": [
      -2.1168315410614014,
      -0.5861719250679016,
      -2.344131462450605e-05
    ],
    "angular_velocity_carla": [
      -0.15017051994800568,
      -1.135041356086731,
      -4.377231121063232
    ],
    "matrix_world_from_ego_carla": [
      [
        -0.9483020305633545,
        0.3173542320728302,
        -0.0030750788282603025,
        77.38742065429688
      ],
      [
        -0.3173457086086273,
        -0.9483052492141724,
        -0.002959170378744602,
        -62.2502326965332
      ],
      [
        -0.003855218645185232,
        -0.0018303245306015015,
        0.9999908804893494,
        -0.003680343506857753
      ],
      [
        0.0,
        0.0,
        0.0,
        1.0
      ]
    ],
    "matrix_world_from_ego_bevfusion": [
      [
        -0.9483020305633545,
        -0.3173542320728302,
        -0.0030750788282603025,
        77.38742065429688
      ],
      [
        0.3173457086086273,
        -0.9483052492141724,
        0.002959170378744602,
        62.2502326965332
      ],
      [
        -0.003855218645185232,
        0.0018303245306015015,
        0.9999908804893494,
        -0.003680343506857753
      ],
      [
        0.0,
        0.0,
        0.0,
        1.0
      ]
    ]
  },
  "sensors": {
    "CAM_FRONT": {
      "type_id": "sensor.camera.rgb",
      "blueprint_attributes": {
        "role_name": "front",
        "ros_name": "sensor.camera.rgb",
        "chromatic_aberration_offset": "0.0",
        "sensor_tick": "0.100000",
        "fstop": "1.4",
        "image_size_x": "960",
        "image_size_y": "540",
        "fov": "70.00",
        "lens_circle_falloff": "5.0",
        "lens_circle_multiplier": "0.0",
        "exposure_compensation": "0.0",
        "lens_y_size": "0.08",
        "lens_k": "-1.0",
        "exposure_mode": "histogram",
        "lens_kcube": "0.0",
        "lens_x_size": "0.08",
        "exposure_max_bright": "12.0",
        "shutter_speed": "200.0",
        "bloom_intensity": "0.675",
        "iso": "100.0",
        "enable_postprocess_effects": "false",
        "gamma": "2.2",
        "motion_blur_intensity": "0.0",
        "motion_blur_max_distortion": "0.35",
        "lens_flare_intensity": "0.1",
        "motion_blur_min_object_screen_size": "0.1",
        "exposure_min_bright": "10.0",
        "exposure_speed_up": "3.0",
        "exposure_speed_down": "1.0",
        "tint": "0.0",
        "calibration_constant": "16.0",
        "focal_distance": "1000.0",
        "min_fstop": "1.2",
        "blade_count": "5",
        "blur_amount": "0.0",
        "blur_radius": "0.0",
        "slope": "0.88",
        "toe": "0.55",
        "white_clip": "0.04",
        "shoulder": "0.26",
        "black_clip": "0.0",
        "temp": "6500.0",
        "chromatic_aberration_intensity": "0.0"
      },
      "transform_carla": {
        "location": {
          "x": 75.91232299804688,
          "y": -62.74714660644531,
          "z": 1.690328598022461
        },
        "rotation": {
          "roll": 0.10487071424722672,
          "pitch": -0.22088830173015594,
          "yaw": -161.49737548828125
        }
      },
      "matrix_world_from_sensor_carla": [
        [
          -0.9483020305633545,
          0.3173542320728302,
          -0.0030750788282603025,
          75.91232299804688
        ],
        [
          -0.3173457086086273,
          -0.9483052492141724,
          -0.002959170378744602,
          -62.74714660644531
        ],
        [
          -0.003855218645185232,
          -0.0018303245306015015,
          0.9999908804893494,
          1.690328598022461
        ],
        [
          0.0,
          0.0,
          0.0,
          1.0
        ]
      ],
      "matrix_world_from_sensor_bevfusion": [
        [
          0.3173542320728302,
          0.0030750788282603025,
          -0.9483020305633545,
          75.91232299804688
        ],
        [
          0.9483052492141724,
          -0.002959170378744602,
          0.3173457086086273,
          62.74714660644531
        ],
        [
          -0.0018303245306015015,
          -0.9999908804893494,
          -0.003855218645185232,
          1.690328598022461
        ],
        [
          0.0,
          0.0,
          0.0,
          1.0
        ]
      ],
      "matrix_ego_from_sensor_carla": [
        [
          1.0,
          -1.0117474857906927e-08,
          2.845501612114276e-13,
          1.5500030517578125
        ],
        [
          -5.49982503983415e-10,
          1.0,
          4.4271968036024845e-11,
          -7.62939453125e-06
        ],
        [
          2.3311094721201187e-10,
          1.6068835151372696e-10,
          1.0,
          1.6999999284744263
        ],
        [
          0.0,
          0.0,
          0.0,
          1.0
        ]
      ],
      "matrix_ego_from_sensor_bevfusion": [
        [
          -1.0117474857906927e-08,
          -2.845501612114276e-13,
          1.0,
          1.5500030517578125
        ],
        [
          -1.0,
          4.4271968036024845e-11,
          5.49982503983415e-10,
          7.62939453125e-06
        ],
        [
          1.6068835151372696e-10,
          -1.0,
          2.3311094721201187e-10,
          1.6999999284744263
        ],
        [
          0.0,
          0.0,
          0.0,
          1.0
        ]
      ],
      "camera_intrinsics": [
        [
          685.5110473632812,
          0.0,
          480.0
        ],
        [
          0.0,
          685.5110473632812,
          270.0
        ],
        [
          0.0,
          0.0,
          1.0
        ]
      ],
      "data_path": "D:\\Agent-AI\\outputs\\s3a_ml_long_v2\\sample_000086\\images\\CAM_FRONT.png",
      "raw_layout": "bgra8"
    },
    "CAM_FRONT_RIGHT": {
      "type_id": "sensor.camera.rgb",
      "blueprint_attributes": {
        "role_name": "front",
        "ros_name": "sensor.camera.rgb",
        "chromatic_aberration_offset": "0.0",
        "sensor_tick": "0.100000",
        "fstop": "1.4",
        "image_size_x": "960",
        "image_size_y": "540",
        "fov": "70.00",
        "lens_circle_falloff": "5.0",
        "lens_circle_multiplier": "0.0",
        "exposure_compensation": "0.0",
        "lens_y_size": "0.08",
        "lens_k": "-1.0",
        "exposure_mode": "histogram",
        "lens_kcube": "0.0",
        "lens_x_size": "0.08",
        "exposure_max_bright": "12.0",
        "shutter_speed": "200.0",
        "bloom_intensity": "0.675",
        "iso": "100.0",
        "enable_postprocess_effects": "false",
        "gamma": "2.2",
        "motion_blur_intensity": "0.0",
        "motion_blur_max_distortion": "0.35",
        "lens_flare_intensity": "0.1",
        "motion_blur_min_object_screen_size": "0.1",
        "exposure_min_bright": "10.0",
        "exposure_speed_up": "3.0",
        "exposure_speed_down": "1.0",
        "tint": "0.0",
        "calibration_constant": "16.0",
        "focal_distance": "1000.0",
        "min_fstop": "1.2",
        "blade_count": "5",
        "blur_amount": "0.0",
        "blur_radius": "0.0",
        "slope": "0.88",
        "toe": "0.55",
        "white_clip": "0.04",
        "shoulder": "0.26",
        "black_clip": "0.0",
        "temp": "6500.0",
        "chromatic_aberration_intensity": "0.0"
      },
      "transform_carla": {
        "location": {
          "x": 76.32394409179688,
          "y": -63.18937683105469,
          "z": 1.690285563468933
        },
        "rotation": {
          "roll": -0.12078895419836044,
          "pitch": -0.21259646117687225,
          "yaw": -106.49695587158203
        }
      },
      "matrix_world_from_sensor_carla": [
        [
          -0.28396251797676086,
          0.9588305354118347,
          -0.0030750278383493423,
          76.32394409179688
        ],
        [
          -0.9588282704353333,
          -0.2839713394641876,
          -0.002959104720503092,
          -63.18937683105469
        ],
        [
          -0.0037104994989931583,
          0.002108148764818907,
          0.9999909400939941,
          1.690285563468933
        ],
        [
          0.0,
          0.0,
          0.0,
          1.0
        ]
      ],
      "matrix_world_from_sensor_bevfusion": [
        [
          0.9588305354118347,
          0.0030750278383493423,
          -0.28396251797676086,
          76.32394409179688
        ],
        [
          0.2839713394641876,
          -0.002959104720503092,
          0.9588282704353333,
          63.18937683105469
        ],
        [
          0.002108148764818907,
          -0.9999909400939941,
          -0.0037104994989931583,
          1.690285563468933
        ],
        [
          0.0,
          0.0,
          0.0,
          1.0
        ]
      ],
      "matrix_ego_from_sensor_carla": [
        [
          0.5735766291618347,
          -0.8191520571708679,
          -6.938020646884979e-08,
          1.2999992370605469
        ],
        [
          0.8191520571708679,
          0.5735766291618347,
          -4.616529025724958e-08,
          0.5499954223632812
        ],
        [
          7.807576452023568e-08,
          -3.016832650359902e-08,
          1.0,
          1.6999998092651367
        ],
        [
          0.0,
          0.0,
          0.0,
          1.0
        ]
      ],
      "matrix_ego_from_sensor_bevfusion": [
        [
          -0.8191520571708679,
          6.938020646884979e-08,
          0.5735766291618347,
          1.2999992370605469
        ],
        [
          -0.5735766291618347,
          -4.616529025724958e-08,
          -0.8191520571708679,
          -0.5499954223632812
        ],
        [
          -3.016832650359902e-08,
          -1.0,
          7.807576452023568e-08,
          1.6999998092651367
        ],
        [
          0.0,
          0.0,
          0.0,
          1.0
        ]
      ],
      "camera_intrinsics": [
        [
          685.5110473632812,
          0.0,
          480.0
        ],
        [
          0.0,
          685.5110473632812,
          270.0
        ],
        [
          0.0,
          0.0,
          1.0
        ]
      ],
      "data_path": "D:\\Agent-AI\\outputs\\s3a_ml_long_v2\\sample_000086\\images\\CAM_FRONT_RIGHT.png",
      "raw_layout": "bgra8"
    },
    "CAM_FRONT_LEFT": {
      "type_id": "sensor.camera.rgb",
      "blueprint_attributes": {
        "role_name": "front",
        "ros_name": "sensor.camera.rgb",
        "chromatic_aberration_offset": "0.0",
        "sensor_tick": "0.100000",
        "fstop": "1.4",
        "image_size_x": "960",
        "image_size_y": "540",
        "fov": "70.00",
        "lens_circle_falloff": "5.0",
        "lens_circle_multiplier": "0.0",
        "exposure_compensation": "0.0",
        "lens_y_size": "0.08",
        "lens_k": "-1.0",
        "exposure_mode": "histogram",
        "lens_kcube": "0.0",
        "lens_x_size": "0.08",
        "exposure_max_bright": "12.0",
        "shutter_speed": "200.0",
        "bloom_intensity": "0.675",
        "iso": "100.0",
        "enable_postprocess_effects": "false",
        "gamma": "2.2",
        "motion_blur_intensity": "0.0",
        "motion_blur_max_distortion": "0.35",
        "lens_flare_intensity": "0.1",
        "motion_blur_min_object_screen_size": "0.1",
        "exposure_min_bright": "10.0",
        "exposure_speed_up": "3.0",
        "exposure_speed_down": "1.0",
        "tint": "0.0",
        "calibration_constant": "16.0",
        "focal_distance": "1000.0",
        "min_fstop": "1.2",
        "blade_count": "5",
        "blur_amount": "0.0",
        "blur_radius": "0.0",
        "slope": "0.88",
        "toe": "0.55",
        "white_clip": "0.04",
        "shoulder": "0.26",
        "black_clip": "0.0",
        "temp": "6500.0",
        "chromatic_aberration_intensity": "0.0"
      },
      "transform_carla": {
        "location": {
          "x": 75.974853515625,
          "y": -62.146244049072266,
          "z": 1.6922991275787354
        },
        "rotation": {
          "roll": 0.2410905957221985,
          "pitch": -0.0407898873090744,
          "yaw": 143.50274658203125
        }
      },
      "matrix_world_from_sensor_carla": [
        [
          -0.8038851022720337,
          -0.5947766900062561,
          -0.003075036220252514,
          75.974853515625
        ],
        [
          0.5947842597961426,
          -0.8038799166679382,
          -0.002959164557978511,
          -62.146244049072266
        ],
        [
          -0.0007119177607819438,
          -0.004207811318337917,
          0.9999908804893494,
          1.6922991275787354
        ],
        [
          0.0,
          0.0,
          0.0,
          1.0
        ]
      ],
      "matrix_world_from_sensor_bevfusion": [
        [
          -0.5947766900062561,
          0.003075036220252514,
          -0.8038851022720337,
          75.974853515625
        ],
        [
          0.8038799166679382,
          -0.002959164557978511,
          -0.5947842597961426,
          62.146244049072266
        ],
        [
          -0.004207811318337917,
          -0.9999908804893494,
          -0.0007119177607819438,
          1.6922991275787354
        ],
        [
          0.0,
          0.0,
          0.0,
          1.0
        ]
      ],
      "matrix_ego_from_sensor_carla": [
        [
          0.5735764503479004,
          0.8191521167755127,
          -4.237489292790997e-08,
          1.2999992370605469
        ],
        [
          -0.8191521763801575,
          0.5735763907432556,
          8.076929347566875e-09,
          -0.5499954223632812
        ],
        [
          3.047389895982633e-08,
          3.0456938304723735e-08,
          1.0,
          1.7000000476837158
        ],
        [
          0.0,
          0.0,
          0.0,
          1.0
        ]
      ],
      "matrix_ego_from_sensor_bevfusion": [
        [
          0.8191521167755127,
          4.237489292790997e-08,
          0.5735764503479004,
          1.2999992370605469
        ],
        [
          -0.5735763907432556,
          8.076929347566875e-09,
          0.8191521763801575,
          0.5499954223632812
        ],
        [
          3.0456938304723735e-08,
          -1.0,
          3.047389895982633e-08,
          1.7000000476837158
        ],
        [
          0.0,
          0.0,
          0.0,
          1.0
        ]
      ],
      "camera_intrinsics": [
        [
          685.5110473632812,
          0.0,
          480.0
        ],
        [
          0.0,
          685.5110473632812,
          270.0
        ],
        [
          0.0,
          0.0,
          1.0
        ]
      ],
      "data_path": "D:\\Agent-AI\\outputs\\s3a_ml_long_v2\\sample_000086\\images\\CAM_FRONT_LEFT.png",
      "raw_layout": "bgra8"
    },
    "CAM_BACK": {
      "type_id": "sensor.camera.rgb",
      "blueprint_attributes": {
        "role_name": "front",
        "ros_name": "sensor.camera.rgb",
        "chromatic_aberration_offset": "0.0",
        "sensor_tick": "0.100000",
        "fstop": "1.4",
        "image_size_x": "960",
        "image_size_y": "540",
        "fov": "70.00",
        "lens_circle_falloff": "5.0",
        "lens_circle_multiplier": "0.0",
        "exposure_compensation": "0.0",
        "lens_y_size": "0.08",
        "lens_k": "-1.0",
        "exposure_mode": "histogram",
        "lens_kcube": "0.0",
        "lens_x_size": "0.08",
        "exposure_max_bright": "12.0",
        "shutter_speed": "200.0",
        "bloom_intensity": "0.675",
        "iso": "100.0",
        "enable_postprocess_effects": "false",
        "gamma": "2.2",
        "motion_blur_intensity": "0.0",
        "motion_blur_max_distortion": "0.35",
        "lens_flare_intensity": "0.1",
        "motion_blur_min_object_screen_size": "0.1",
        "exposure_min_bright": "10.0",
        "exposure_speed_up": "3.0",
        "exposure_speed_down": "1.0",
        "tint": "0.0",
        "calibration_constant": "16.0",
        "focal_distance": "1000.0",
        "min_fstop": "1.2",
        "blade_count": "5",
        "blur_amount": "0.0",
        "blur_radius": "0.0",
        "slope": "0.88",
        "toe": "0.55",
        "white_clip": "0.04",
        "shoulder": "0.26",
        "black_clip": "0.0",
        "temp": "6500.0",
        "chromatic_aberration_intensity": "0.0"
      },
      "transform_carla": {
        "location": {
          "x": 78.85205841064453,
          "y": -61.76337814331055,
          "z": 1.7022795677185059
        },
        "rotation": {
          "roll": -0.10487061738967896,
          "pitch": 0.22088830173015594,
          "yaw": 18.502647399902344
        }
      },
      "matrix_world_from_sensor_carla": [
        [
          0.9483019113540649,
          -0.31735464930534363,
          -0.0030750781297683716,
          78.85205841064453
        ],
        [
          0.31734612584114075,
          0.9483051300048828,
          -0.002959170378744602,
          -61.76337814331055
        ],
        [
          0.003855218645185232,
          0.0018303229007869959,
          0.9999908804893494,
          1.7022795677185059
        ],
        [
          0.0,
          0.0,
          0.0,
          1.0
        ]
      ],
      "matrix_world_from_sensor_bevfusion": [
        [
          -0.31735464930534363,
          0.0030750781297683716,
          0.9483019113540649,
          78.85205841064453
        ],
        [
          -0.9483051300048828,
          -0.002959170378744602,
          -0.31734612584114075,
          61.76337814331055
        ],
        [
          0.0018303229007869959,
          -0.9999908804893494,
          0.003855218645185232,
          1.7022795677185059
        ],
        [
          0.0,
          0.0,
          0.0,
          1.0
        ]
      ],
      "matrix_ego_from_sensor_carla": [
        [
          -1.0,
          4.3538483396332595e-07,
          -6.982073808003975e-10,
          -1.5499954223632812
        ],
        [
          -4.2491618046369695e-07,
          -1.0000001192092896,
          2.771026186287884e-10,
          7.62939453125e-06
        ],
        [
          -1.164433549583066e-09,
          -1.606734884029848e-10,
          1.0,
          1.6999998092651367
        ],
        [
          0.0,
          0.0,
          0.0,
          1.0
        ]
      ],
      "matrix_ego_from_sensor_bevfusion": [
        [
          4.3538483396332595e-07,
          6.982073808003975e-10,
          -1.0,
          -1.5499954223632812
        ],
        [
          1.0000001192092896,
          2.771026186287884e-10,
          4.2491618046369695e-07,
          -7.62939453125e-06
        ],
        [
          -1.606734884029848e-10,
          -1.0,
          -1.164433549583066e-09,
          1.6999998092651367
        ],
        [
          0.0,
          0.0,
          0.0,
          1.0
        ]
      ],
      "camera_intrinsics": [
        [
          685.5110473632812,
          0.0,
          480.0
        ],
        [
          0.0,
          685.5110473632812,
          270.0
        ],
        [
          0.0,
          0.0,
          1.0
        ]
      ],
      "data_path": "D:\\Agent-AI\\outputs\\s3a_ml_long_v2\\sample_000086\\images\\CAM_BACK.png",
      "raw_layout": "bgra8"
    },
    "CAM_BACK_LEFT": {
      "type_id": "sensor.camera.rgb",
      "blueprint_attributes": {
        "role_name": "front",
        "ros_name": "sensor.camera.rgb",
        "chromatic_aberration_offset": "0.0",
        "sensor_tick": "0.100000",
        "fstop": "1.4",
        "image_size_x": "960",
        "image_size_y": "540",
        "fov": "70.00",
        "lens_circle_falloff": "5.0",
        "lens_circle_multiplier": "0.0",
        "exposure_compensation": "0.0",
        "lens_y_size": "0.08",
        "lens_k": "-1.0",
        "exposure_mode": "histogram",
        "lens_kcube": "0.0",
        "lens_x_size": "0.08",
        "exposure_max_bright": "12.0",
        "shutter_speed": "200.0",
        "bloom_intensity": "0.675",
        "iso": "100.0",
        "enable_postprocess_effects": "false",
        "gamma": "2.2",
        "motion_blur_intensity": "0.0",
        "motion_blur_max_distortion": "0.35",
        "lens_flare_intensity": "0.1",
        "motion_blur_min_object_screen_size": "0.1",
        "exposure_min_bright": "10.0",
        "exposure_speed_up": "3.0",
        "exposure_speed_down": "1.0",
        "tint": "0.0",
        "calibration_constant": "16.0",
        "focal_distance": "1000.0",
        "min_fstop": "1.2",
        "blade_count": "5",
        "blur_amount": "0.0",
        "blur_radius": "0.0",
        "slope": "0.88",
        "toe": "0.55",
        "white_clip": "0.04",
        "shoulder": "0.26",
        "black_clip": "0.0",
        "temp": "6500.0",
        "chromatic_aberration_intensity": "0.0"
      },
      "transform_carla": {
        "location": {
          "x": 78.44043731689453,
          "y": -61.32114791870117,
          "z": 1.7023226022720337
        },
        "rotation": {
          "roll": 0.12078898400068283,
          "pitch": 0.21259646117687225,
          "yaw": 73.50302124023438
        }
      },
      "matrix_world_from_sensor_carla": [
        [
          0.2839628756046295,
          -0.9588304162025452,
          -0.0030750297009944916,
          78.44043731689453
        ],
        [
          0.9588281512260437,
          0.2839716970920563,
          -0.00295910332351923,
          -61.32114791870117
        ],
        [
          0.0037104994989931583,
          -0.0021081494633108377,
          0.9999909400939941,
          1.7023226022720337
        ],
        [
          0.0,
          0.0,
          0.0,
          1.0
        ]
      ],
      "matrix_world_from_sensor_bevfusion": [
        [
          -0.9588304162025452,
          0.0030750297009944916,
          0.2839628756046295,
          78.44043731689453
        ],
        [
          -0.2839716970920563,
          -0.00295910332351923,
          -0.9588281512260437,
          61.32114791870117
        ],
        [
          -0.0021081494633108377,
          -0.9999909400939941,
          0.0037104994989931583,
          1.7023226022720337
        ],
        [
          0.0,
          0.0,
          0.0,
          1.0
        ]
      ],
      "matrix_ego_from_sensor_carla": [
        [
          -0.5735769271850586,
          0.8191518187522888,
          -6.798322260692657e-08,
          -1.2999992370605469
        ],
        [
          -0.8191518783569336,
          -0.5735769271850586,
          -4.802793540648054e-08,
          -0.5499954223632812
        ],
        [
          -7.877425645119729e-08,
          2.807285603978471e-08,
          1.0,
          1.6999999284744263
        ],
        [
          0.0,
          0.0,
          0.0,
          1.0
        ]
      ],
      "matrix_ego_from_sensor_bevfusion": [
        [
          0.8191518187522888,
          6.798322260692657e-08,
          -0.5735769271850586,
          -1.2999992370605469
        ],
        [
          0.5735769271850586,
          -4.802793540648054e-08,
          0.8191518783569336,
          0.5499954223632812
        ],
        [
          2.807285603978471e-08,
          -1.0,
          -7.877425645119729e-08,
          1.6999999284744263
        ],
        [
          0.0,
          0.0,
          0.0,
          1.0
        ]
      ],
      "camera_intrinsics": [
        [
          685.5110473632812,
          0.0,
          480.0
        ],
        [
          0.0,
          685.5110473632812,
          270.0
        ],
        [
          0.0,
          0.0,
          1.0
        ]
      ],
      "data_path": "D:\\Agent-AI\\outputs\\s3a_ml_long_v2\\sample_000086\\images\\CAM_BACK_LEFT.png",
      "raw_layout": "bgra8"
    },
    "CAM_BACK_RIGHT": {
      "type_id": "sensor.camera.rgb",
      "blueprint_attributes": {
        "role_name": "front",
        "ros_name": "sensor.camera.rgb",
        "chromatic_aberration_offset": "0.0",
        "sensor_tick": "0.100000",
        "fstop": "1.4",
        "image_size_x": "960",
        "image_size_y": "540",
        "fov": "70.00",
        "lens_circle_falloff": "5.0",
        "lens_circle_multiplier": "0.0",
        "exposure_compensation": "0.0",
        "lens_y_size": "0.08",
        "lens_k": "-1.0",
        "exposure_mode": "histogram",
        "lens_kcube": "0.0",
        "lens_x_size": "0.08",
        "exposure_max_bright": "12.0",
        "shutter_speed": "200.0",
        "bloom_intensity": "0.675",
        "iso": "100.0",
        "enable_postprocess_effects": "false",
        "gamma": "2.2",
        "motion_blur_intensity": "0.0",
        "motion_blur_max_distortion": "0.35",
        "lens_flare_intensity": "0.1",
        "motion_blur_min_object_screen_size": "0.1",
        "exposure_min_bright": "10.0",
        "exposure_speed_up": "3.0",
        "exposure_speed_down": "1.0",
        "tint": "0.0",
        "calibration_constant": "16.0",
        "focal_distance": "1000.0",
        "min_fstop": "1.2",
        "blade_count": "5",
        "blur_amount": "0.0",
        "blur_radius": "0.0",
        "slope": "0.88",
        "toe": "0.55",
        "white_clip": "0.04",
        "shoulder": "0.26",
        "black_clip": "0.0",
        "temp": "6500.0",
        "chromatic_aberration_intensity": "0.0"
      },
      "transform_carla": {
        "location": {
          "x": 78.7895278930664,
          "y": -62.364280700683594,
          "z": 1.700309157371521
        },
        "rotation": {
          "roll": -0.2410905957221985,
          "pitch": 0.0407898873090744,
          "yaw": -36.49724578857422
        }
      },
      "matrix_world_from_sensor_carla": [
        [
          0.803885281085968,
          0.594776451587677,
          -0.0030750352889299393,
          78.7895278930664
        ],
        [
          -0.5947840213775635,
          0.8038800954818726,
          -0.002959165256470442,
          -62.364280700683594
        ],
        [
          0.0007119177607819438,
          0.004207811318337917,
          0.9999908804893494,
          1.700309157371521
        ],
        [
          0.0,
          0.0,
          0.0,
          1.0
        ]
      ],
      "matrix_world_from_sensor_bevfusion": [
        [
          0.594776451587677,
          0.0030750352889299393,
          0.803885281085968,
          78.7895278930664
        ],
        [
          -0.8038800954818726,
          -0.002959165256470442,
          0.5947840213775635,
          62.364280700683594
        ],
        [
          0.004207811318337917,
          -0.9999908804893494,
          0.0007119177607819438,
          1.700309157371521
        ],
        [
          0.0,
          0.0,
          0.0,
          1.0
        ]
      ],
      "matrix_ego_from_sensor_carla": [
        [
          -0.5735766887664795,
          -0.8191519379615784,
          -4.307338485887158e-08,
          -1.2999992370605469
        ],
        [
          0.8191519975662231,
          -0.5735766291618347,
          9.008251922182353e-09,
          0.5500030517578125
        ],
        [
          -3.1870882821749547e-08,
          -2.9991277017415996e-08,
          1.0,
          1.6999998092651367
        ],
        [
          0.0,
          0.0,
          0.0,
          1.0
        ]
      ],
      "matrix_ego_from_sensor_bevfusion": [
        [
          -0.8191519379615784,
          4.307338485887158e-08,
          -0.5735766887664795,
          -1.2999992370605469
        ],
        [
          0.5735766291618347,
          9.008251922182353e-09,
          -0.8191519975662231,
          -0.5500030517578125
        ],
        [
          -2.9991277017415996e-08,
          -1.0,
          -3.1870882821749547e-08,
          1.6999998092651367
        ],
        [
          0.0,
          0.0,
          0.0,
          1.0
        ]
      ],
      "camera_intrinsics": [
        [
          685.5110473632812,
          0.0,
          480.0
        ],
        [
          0.0,
          685.5110473632812,
          270.0
        ],
        [
          0.0,
          0.0,
          1.0
        ]
      ],
      "data_path": "D:\\Agent-AI\\outputs\\s3a_ml_long_v2\\sample_000086\\images\\CAM_BACK_RIGHT.png",
      "raw_layout": "bgra8"
    },
    "LIDAR_TOP": {
      "type_id": "sensor.lidar.ray_cast",
      "blueprint_attributes": {
        "atmosphere_attenuation_rate": "0.004",
        "role_name": "front",
        "noise_seed": "0",
        "upper_fov": "10.0",
        "ros_name": "sensor.lidar.ray_cast",
        "sensor_tick": "0.100000",
        "channels": "32",
        "range": "120.0",
        "points_per_second": "360000",
        "lower_fov": "-30.0",
        "rotation_frequency": "10.000000",
        "horizontal_fov": "360.0",
        "dropoff_general_rate": "0.0",
        "dropoff_intensity_limit": "1.0",
        "noise_stddev": "0.0",
        "dropoff_zero_intensity": "0.0"
      },
      "transform_carla": {
        "location": {
          "x": 77.38066101074219,
          "y": -62.25674057006836,
          "z": 2.1962997913360596
        },
        "rotation": {
          "roll": 0.10487071424722672,
          "pitch": -0.22088830173015594,
          "yaw": -161.49737548828125
        }
      },
      "matrix_world_from_sensor_carla": [
        [
          -0.9483020305633545,
          0.3173542320728302,
          -0.0030750788282603025,
          77.38066101074219
        ],
        [
          -0.3173457086086273,
          -0.9483052492141724,
          -0.002959170378744602,
          -62.25674057006836
        ],
        [
          -0.003855218645185232,
          -0.0018303245306015015,
          0.9999908804893494,
          2.1962997913360596
        ],
        [
          0.0,
          0.0,
          0.0,
          1.0
        ]
      ],
      "matrix_world_from_sensor_bevfusion": [
        [
          -0.9483020305633545,
          -0.3173542320728302,
          -0.0030750788282603025,
          77.38066101074219
        ],
        [
          0.3173457086086273,
          -0.9483052492141724,
          0.002959170378744602,
          62.25674057006836
        ],
        [
          -0.003855218645185232,
          0.0018303245306015015,
          0.9999908804893494,
          2.1962997913360596
        ],
        [
          0.0,
          0.0,
          0.0,
          1.0
        ]
      ],
      "matrix_ego_from_sensor_carla": [
        [
          1.0,
          -1.0117474857906927e-08,
          2.845501612114276e-13,
          -1.1444091796875e-05
        ],
        [
          -5.49982503983415e-10,
          1.0,
          4.4271968036024845e-11,
          0.0
        ],
        [
          2.3311094721201187e-10,
          1.6068835151372696e-10,
          1.0,
          2.200000047683716
        ],
        [
          0.0,
          0.0,
          0.0,
          1.0
        ]
      ],
      "matrix_ego_from_sensor_bevfusion": [
        [
          1.0,
          1.0117474857906927e-08,
          2.845501612114276e-13,
          -1.1444091796875e-05
        ],
        [
          5.49982503983415e-10,
          1.0,
          -4.4271968036024845e-11,
          0.0
        ],
        [
          2.3311094721201187e-10,
          -1.6068835151372696e-10,
          1.0,
          2.200000047683716
        ],
        [
          0.0,
          0.0,
          0.0,
          1.0
        ]
      ],
      "data_path": "D:\\Agent-AI\\outputs\\s3a_ml_long_v2\\sample_000086\\lidar\\LIDAR_TOP.npy",
      "raw_layout": [
        "x",
        "y",
        "z",
        "intensity"
      ]
    },
    "RADAR_FRONT": {
      "type_id": "sensor.other.radar",
      "blueprint_attributes": {
        "sensor_tick": "0.100000",
        "role_name": "default",
        "noise_seed": "0",
        "ros_name": "sensor.other.radar",
        "horizontal_fov": "35.0",
        "points_per_second": "1500",
        "vertical_fov": "20.0",
        "range": "120.0"
      },
      "transform_carla": {
        "location": {
          "x": 75.48805236816406,
          "y": -62.8875846862793,
          "z": 0.8886011242866516
        },
        "rotation": {
          "roll": 0.10487071424722672,
          "pitch": -0.22088830173015594,
          "yaw": -161.49737548828125
        }
      },
      "matrix_world_from_sensor_carla": [
        [
          -0.9483020305633545,
          0.3173542320728302,
          -0.0030750788282603025,
          75.48805236816406
        ],
        [
          -0.3173457086086273,
          -0.9483052492141724,
          -0.002959170378744602,
          -62.8875846862793
        ],
        [
          -0.003855218645185232,
          -0.0018303245306015015,
          0.9999908804893494,
          0.8886011242866516
        ],
        [
          0.0,
          0.0,
          0.0,
          1.0
        ]
      ],
      "matrix_world_from_sensor_bevfusion": [
        [
          -0.9483020305633545,
          -0.3173542320728302,
          -0.0030750788282603025,
          75.48805236816406
        ],
        [
          0.3173457086086273,
          -0.9483052492141724,
          0.002959170378744602,
          62.8875846862793
        ],
        [
          -0.003855218645185232,
          0.0018303245306015015,
          0.9999908804893494,
          0.8886011242866516
        ],
        [
          0.0,
          0.0,
          0.0,
          1.0
        ]
      ],
      "matrix_ego_from_sensor_carla": [
        [
          1.0,
          -1.0117474857906927e-08,
          2.845501612114276e-13,
          1.9999961853027344
        ],
        [
          -5.49982503983415e-10,
          1.0,
          4.4271968036024845e-11,
          0.0
        ],
        [
          2.3311094721201187e-10,
          1.6068835151372696e-10,
          1.0,
          0.9000000953674316
        ],
        [
          0.0,
          0.0,
          0.0,
          1.0
        ]
      ],
      "matrix_ego_from_sensor_bevfusion": [
        [
          1.0,
          1.0117474857906927e-08,
          2.845501612114276e-13,
          1.9999961853027344
        ],
        [
          5.49982503983415e-10,
          1.0,
          -4.4271968036024845e-11,
          0.0
        ],
        [
          2.3311094721201187e-10,
          -1.6068835151372696e-10,
          1.0,
          0.9000000953674316
        ],
        [
          0.0,
          0.0,
          0.0,
          1.0
        ]
      ],
      "data_path": "D:\\Agent-AI\\outputs\\s3a_ml_long_v2\\sample_000086\\radar\\RADAR_FRONT.npy",
      "raw_layout": [
        "velocity",
        "altitude",
        "azimuth",
        "depth"
      ]
    },
    "RADAR_FRONT_LEFT": {
      "type_id": "sensor.other.radar",
      "blueprint_attributes": {
        "sensor_tick": "0.100000",
        "role_name": "default",
        "noise_seed": "0",
        "ros_name": "sensor.other.radar",
        "horizontal_fov": "35.0",
        "points_per_second": "1500",
        "vertical_fov": "20.0",
        "range": "120.0"
      },
      "transform_carla": {
        "location": {
          "x": 75.58193969726562,
          "y": -62.06528854370117,
          "z": 0.8913231492042542
        },
        "rotation": {
          "roll": 0.23034480214118958,
          "pitch": -0.08203739672899246,
          "yaw": 153.50267028808594
        }
      },
      "matrix_world_from_sensor_carla": [
        [
          -0.894954264163971,
          -0.4461473822593689,
          -0.0030750720761716366,
          75.58193969726562
        ],
        [
          0.44615569710731506,
          -0.8949504494667053,
          -0.0029591452330350876,
          -62.06528854370117
        ],
        [
          -0.0014318221947178245,
          -0.00402026018127799,
          0.9999908804893494,
          0.8913231492042542
        ],
        [
          0.0,
          0.0,
          0.0,
          1.0
        ]
      ],
      "matrix_world_from_sensor_bevfusion": [
        [
          -0.894954264163971,
          0.4461473822593689,
          -0.0030750720761716366,
          75.58193969726562
        ],
        [
          -0.44615569710731506,
          -0.8949504494667053,
          0.0029591452330350876,
          62.06528854370117
        ],
        [
          -0.0014318221947178245,
          0.00402026018127799,
          0.9999908804893494,
          0.8913231492042542
        ],
        [
          0.0,
          0.0,
          0.0,
          1.0
        ]
      ],
      "matrix_ego_from_sensor_carla": [
        [
          0.7071070075035095,
          0.7071067094802856,
          -1.4435215689445613e-08,
          1.6499977111816406
        ],
        [
          -0.7071067690849304,
          0.70710688829422,
          -2.1608977718301503e-08,
          -0.75
        ],
        [
          -5.103272471274067e-09,
          2.595259651627657e-08,
          1.0,
          0.9000000357627869
        ],
        [
          0.0,
          0.0,
          0.0,
          1.0
        ]
      ],
      "matrix_ego_from_sensor_bevfusion": [
        [
          0.7071070075035095,
          -0.7071067094802856,
          -1.4435215689445613e-08,
          1.6499977111816406
        ],
        [
          0.7071067690849304,
          0.70710688829422,
          2.1608977718301503e-08,
          0.75
        ],
        [
          -5.103272471274067e-09,
          -2.595259651627657e-08,
          1.0,
          0.9000000357627869
        ],
        [
          0.0,
          0.0,
          0.0,
          1.0
        ]
      ],
      "data_path": "D:\\Agent-AI\\outputs\\s3a_ml_long_v2\\sample_000086\\radar\\RADAR_FRONT_LEFT.npy",
      "raw_layout": [
        "velocity",
        "altitude",
        "azimuth",
        "depth"
      ]
    },
    "RADAR_FRONT_RIGHT": {
      "type_id": "sensor.other.radar",
      "blueprint_attributes": {
        "sensor_tick": "0.100000",
        "role_name": "default",
        "noise_seed": "0",
        "ros_name": "sensor.other.radar",
        "horizontal_fov": "35.0",
        "points_per_second": "1500",
