{
  "schema_version": "stage1.v1",
  "sample_name": "sample_000001",
  "sequence_index": 1,
  "previous_sample_name": "sample_000000",
  "frame_id": 3921,
  "timestamp": 39.23108654841781,
  "platform_timestamp": 16816480.8460276,
  "delta_seconds": 0.10000000149011612,
  "town": "Carla/Maps/Town10HD_Opt",
  "weather": {
    "cloudiness": 20.0,
    "dust_storm": 0.0,
    "fog_density": 2.0,
    "fog_distance": 0.75,
    "fog_falloff": 0.10000000149011612,
    "mie_scattering_scale": 0.029999999329447746,
    "precipitation": 0.0,
    "precipitation_deposits": 0.0,
    "rayleigh_scattering_scale": 0.03310000151395798,
    "scattering_intensity": 1.0,
    "sun_altitude_angle": 45.0,
    "sun_azimuth_angle": 300.0,
    "wetness": 0.0,
    "wind_intensity": 10.0
  },
  "sensor_names": [
    "CAM_FRONT",
    "CAM_FRONT_RIGHT",
    "CAM_FRONT_LEFT",
    "CAM_BACK",
    "CAM_BACK_LEFT",
    "CAM_BACK_RIGHT",
    "LIDAR_TOP",
    "RADAR_FRONT",
    "RADAR_FRONT_LEFT",
    "RADAR_FRONT_RIGHT",
    "RADAR_BACK_LEFT",
    "RADAR_BACK_RIGHT"
  ],
  "camera_order_for_model": [
    "CAM_FRONT",
    "CAM_FRONT_RIGHT",
    "CAM_FRONT_LEFT",
    "CAM_BACK",
    "CAM_BACK_LEFT",
    "CAM_BACK_RIGHT"
  ],
  "radar_order_for_model": [
    "RADAR_FRONT",
    "RADAR_FRONT_LEFT",
    "RADAR_FRONT_RIGHT",
    "RADAR_BACK_LEFT",
    "RADAR_BACK_RIGHT"
  ],
  "coordinate_notes": {
    "carla_world": "left-handed x-forward y-right z-up",
    "bevfusion_lidar": "x-forward y-left z-up",
    "camera_frame_for_model": "OpenCV style x-right y-down z-forward"
  },
  "ego": {
    "actor_id": 24,
    "transform_carla": {
      "location": {
        "x": 109.92324829101562,
        "y": -20.417537689208984,
        "z": -0.006116409320384264
      },
      "rotation": {
        "roll": 0.03302111476659775,
        "pitch": 0.434980571269989,
        "yaw": -90.54845428466797
      }
    },
    "velocity_carla": [
      -0.07405921071767807,
      -2.979600667953491,
      -2.0122527075727703e-06
    ],
    "angular_velocity_carla": [
      -0.5730918049812317,
      0.04260947182774544,
      -1.7409409284591675
    ],
    "matrix_world_from_ego_carla": [
      [
        -0.009571889415383339,
        0.9999539256095886,
        0.0006489703082479537,
        109.92324829101562
      ],
      [
        -0.9999253749847412,
        -0.00957653857767582,
        0.007585904095321894,
        -20.417537689208984
      ],
      [
        0.007591770030558109,
        -0.0005763105000369251,
        0.9999710321426392,
        -0.006116409320384264
      ],
      [
        0.0,
        0.0,
        0.0,
        1.0
      ]
    ],
    "matrix_world_from_ego_bevfusion": [
      [
        -0.009571889415383339,
        -0.9999539256095886,
        0.0006489703082479537,
        109.92324829101562
      ],
      [
        0.9999253749847412,
        -0.00957653857767582,
        -0.007585904095321894,
        20.417537689208984
      ],
      [
        0.007591770030558109,
        0.0005763105000369251,
        0.9999710321426392,
        -0.006116409320384264
      ],
      [
        0.0,
        0.0,
        0.0,
        1.0
      ]
    ]
  },
  "sensors": {
    "CAM_FRONT": {
      "type_id": "sensor.camera.rgb",
      "blueprint_attributes": {
        "role_name": "front",
        "ros_name": "sensor.camera.rgb",
        "chromatic_aberration_offset": "0.0",
        "sensor_tick": "0.100000",
        "fstop": "1.4",
        "image_size_x": "960",
        "image_size_y": "540",
        "fov": "70.00",
        "lens_circle_falloff": "5.0",
        "lens_circle_multiplier": "0.0",
        "exposure_compensation": "0.0",
        "lens_y_size": "0.08",
        "lens_k": "-1.0",
        "exposure_mode": "histogram",
        "lens_kcube": "0.0",
        "lens_x_size": "0.08",
        "exposure_max_bright": "12.0",
        "shutter_speed": "200.0",
        "bloom_intensity": "0.675",
        "iso": "100.0",
        "enable_postprocess_effects": "false",
        "gamma": "2.2",
        "motion_blur_intensity": "0.0",
        "motion_blur_max_distortion": "0.35",
        "lens_flare_intensity": "0.1",
        "motion_blur_min_object_screen_size": "0.1",
        "exposure_min_bright": "10.0",
        "exposure_speed_up": "3.0",
        "exposure_speed_down": "1.0",
        "tint": "0.0",
        "calibration_constant": "16.0",
        "focal_distance": "1000.0",
        "min_fstop": "1.2",
        "blade_count": "5",
        "blur_amount": "0.0",
        "blur_radius": "0.0",
        "slope": "0.88",
        "toe": "0.55",
        "white_clip": "0.04",
        "shoulder": "0.26",
        "black_clip": "0.0",
        "temp": "6500.0",
        "chromatic_aberration_intensity": "0.0"
      },
      "transform_carla": {
        "location": {
          "x": 109.90951538085938,
          "y": -21.954524993896484,
          "z": 1.705601453781128
        },
        "rotation": {
          "roll": 0.03302111476659775,
          "pitch": 0.434980571269989,
          "yaw": -90.54845428466797
        }
      },
      "matrix_world_from_sensor_carla": [
        [
          -0.009571889415383339,
          0.9999539256095886,
          0.0006489703082479537,
          109.90951538085938
        ],
        [
          -0.9999253749847412,
          -0.00957653857767582,
          0.007585904095321894,
          -21.954524993896484
        ],
        [
          0.007591770030558109,
          -0.0005763105000369251,
          0.9999710321426392,
          1.705601453781128
        ],
        [
          0.0,
          0.0,
          0.0,
          1.0
        ]
      ],
      "matrix_world_from_sensor_bevfusion": [
        [
          0.9999539256095886,
          -0.0006489703082479537,
          -0.009571889415383339,
          109.90951538085938
        ],
        [
          0.00957653857767582,
          0.007585904095321894,
          0.9999253749847412,
          21.954524993896484
        ],
        [
          -0.0005763105000369251,
          -0.9999710321426392,
          0.007591770030558109,
          1.705601453781128
        ],
        [
          0.0,
          0.0,
          0.0,
          1.0
        ]
      ],
      "matrix_ego_from_sensor_carla": [
        [
          1.0,
          7.431196769047688e-10,
          -1.2517026304337264e-10,
          1.5499992370605469
        ],
        [
          -1.8802938372974864e-10,
          1.0,
          4.708765322103403e-11,
          0.0
        ],
        [
          -1.1202722083325511e-10,
          -3.497519981965347e-11,
          1.0,
          1.6999998092651367
        ],
        [
          0.0,
          0.0,
          0.0,
          1.0
        ]
      ],
      "matrix_ego_from_sensor_bevfusion": [
        [
          7.431196769047688e-10,
          1.2517026304337264e-10,
          1.0,
          1.5499992370605469
        ],
        [
          -1.0,
          4.708765322103403e-11,
          1.8802938372974864e-10,
          0.0
        ],
        [
          -3.497519981965347e-11,
          -1.0,
          -1.1202722083325511e-10,
          1.6999998092651367
        ],
        [
          0.0,
          0.0,
          0.0,
          1.0
        ]
      ],
      "camera_intrinsics": [
        [
          685.5110473632812,
          0.0,
          480.0
        ],
        [
          0.0,
          685.5110473632812,
          270.0
        ],
        [
          0.0,
          0.0,
          1.0
        ]
      ],
      "data_path": "D:\\Agent-AI\\outputs\\s3a_left_v3\\sample_000001\\images\\CAM_FRONT.png",
      "raw_layout": "bgra8"
    },
    "CAM_FRONT_RIGHT": {
      "type_id": "sensor.camera.rgb",
      "blueprint_attributes": {
        "role_name": "front",
        "ros_name": "sensor.camera.rgb",
        "chromatic_aberration_offset": "0.0",
        "sensor_tick": "0.100000",
        "fstop": "1.4",
        "image_size_x": "960",
        "image_size_y": "540",
        "fov": "70.00",
        "lens_circle_falloff": "5.0",
        "lens_circle_multiplier": "0.0",
        "exposure_compensation": "0.0",
        "lens_y_size": "0.08",
        "lens_k": "-1.0",
        "exposure_mode": "histogram",
        "lens_kcube": "0.0",
        "lens_x_size": "0.08",
        "exposure_max_bright": "12.0",
        "shutter_speed": "200.0",
        "bloom_intensity": "0.675",
        "iso": "100.0",
        "enable_postprocess_effects": "false",
        "gamma": "2.2",
        "motion_blur_intensity": "0.0",
        "motion_blur_max_distortion": "0.35",
        "lens_flare_intensity": "0.1",
        "motion_blur_min_object_screen_size": "0.1",
        "exposure_min_bright": "10.0",
        "exposure_speed_up": "3.0",
        "exposure_speed_down": "1.0",
        "tint": "0.0",
        "calibration_constant": "16.0",
        "focal_distance": "1000.0",
        "min_fstop": "1.2",
        "blade_count": "5",
        "blur_amount": "0.0",
        "blur_radius": "0.0",
        "slope": "0.88",
        "toe": "0.55",
        "white_clip": "0.04",
        "shoulder": "0.26",
        "black_clip": "0.0",
        "temp": "6500.0",
        "chromatic_aberration_intensity": "0.0"
      },
      "transform_carla": {
        "location": {
          "x": 110.46188354492188,
          "y": -21.70981216430664,
          "z": 1.7033865451812744
        },
        "rotation": {
          "roll": 0.37525674700737,
          "pitch": 0.22244559228420258,
          "yaw": -35.54785919189453
        }
      },
      "matrix_world_from_sensor_carla": [
        [
          0.8136240243911743,
          0.5813910365104675,
          0.0006489511579275131,
          110.46188354492188
        ],
        [
          -0.5813784599304199,
          0.8135979175567627,
          0.007585915736854076,
          -21.70981216430664
        ],
        [
          0.0038823981303721666,
          -0.006549369543790817,
          0.9999710321426392,
          1.7033865451812744
        ],
        [
          0.0,
          0.0,
          0.0,
          1.0
        ]
      ],
      "matrix_world_from_sensor_bevfusion": [
        [
          0.5813910365104675,
          -0.0006489511579275131,
          0.8136240243911743,
          110.46188354492188
        ],
        [
          -0.8135979175567627,
          0.007585915736854076,
          0.5813784599304199,
          21.70981216430664
        ],
        [
          -0.006549369543790817,
          -0.9999710321426392,
          0.0038823981303721666,
          1.7033865451812744
        ],
        [
          0.0,
          0.0,
          0.0,
          1.0
        ]
      ],
      "matrix_ego_from_sensor_carla": [
        [
          0.5735766291618347,
          -0.8191519379615784,
          -1.17667022792034e-08,
          1.3000011444091797
        ],
        [
          0.8191519975662231,
          0.5735766291618347,
          -1.921964809525889e-08,
          0.5500030517578125
        ],
        [
          2.2112779163308005e-08,
          1.984415520794869e-09,
          1.0,
          1.6999998092651367
        ],
        [
          0.0,
          0.0,
          0.0,
          1.0
        ]
      ],
      "matrix_ego_from_sensor_bevfusion": [
        [
          -0.8191519379615784,
          1.17667022792034e-08,
          0.5735766291618347,
          1.3000011444091797
        ],
        [
          -0.5735766291618347,
          -1.921964809525889e-08,
          -0.8191519975662231,
          -0.5500030517578125
        ],
        [
          1.984415520794869e-09,
          -1.0,
          2.2112779163308005e-08,
          1.6999998092651367
        ],
        [
          0.0,
          0.0,
          0.0,
          1.0
        ]
      ],
      "camera_intrinsics": [
        [
          685.5110473632812,
          0.0,
          480.0
        ],
        [
          0.0,
          685.5110473632812,
          270.0
        ],
        [
          0.0,
          0.0,
          1.0
        ]
      ],
      "data_path": "D:\\Agent-AI\\outputs\\s3a_left_v3\\sample_000001\\images\\CAM_FRONT_RIGHT.png",
      "raw_layout": "bgra8"
    },
    "CAM_FRONT_LEFT": {
      "type_id": "sensor.camera.rgb",
      "blueprint_attributes": {
        "role_name": "front",
        "ros_name": "sensor.camera.rgb",
        "chromatic_aberration_offset": "0.0",
        "sensor_tick": "0.100000",
        "fstop": "1.4",
        "image_size_x": "960",
        "image_size_y": "540",
        "fov": "70.00",
        "lens_circle_falloff": "5.0",
        "lens_circle_multiplier": "0.0",
        "exposure_compensation": "0.0",
        "lens_y_size": "0.08",
        "lens_k": "-1.0",
        "exposure_mode": "histogram",
        "lens_kcube": "0.0",
        "lens_x_size": "0.08",
        "exposure_max_bright": "12.0",
        "shutter_speed": "200.0",
        "bloom_intensity": "0.675",
        "iso": "100.0",
        "enable_postprocess_effects": "false",
        "gamma": "2.2",
        "motion_blur_intensity": "0.0",
        "motion_blur_max_distortion": "0.35",
        "lens_flare_intensity": "0.1",
        "motion_blur_min_object_screen_size": "0.1",
        "exposure_min_bright": "10.0",
        "exposure_speed_up": "3.0",
        "exposure_speed_down": "1.0",
        "tint": "0.0",
        "calibration_constant": "16.0",
        "focal_distance": "1000.0",
        "min_fstop": "1.2",
        "blade_count": "5",
        "blur_amount": "0.0",
        "blur_radius": "0.0",
        "slope": "0.88",
        "toe": "0.55",
        "white_clip": "0.04",
        "shoulder": "0.26",
        "black_clip": "0.0",
        "temp": "6500.0",
        "chromatic_aberration_intensity": "0.0"
      },
      "transform_carla": {
        "location": {
          "x": 109.36193084716797,
          "y": -21.69927978515625,
          "z": 1.704020380973816
        },
        "rotation": {
          "roll": -0.33737799525260925,
          "pitch": 0.27654069662094116,
          "yaw": -145.54937744140625
        }
      },
      "matrix_world_from_sensor_carla": [
        [
          -0.8246043920516968,
          0.5657093524932861,
          0.0006489537190645933,
          109.36193084716797
        ],
        [
          -0.565689206123352,
          -0.8245835900306702,
          0.007585891522467136,
          -21.69927978515625
        ],
        [
          0.004826527088880539,
          0.005888254381716251,
          0.9999710321426392,
          1.704020380973816
        ],
        [
          0.0,
          0.0,
          0.0,
          1.0
        ]
      ],
      "matrix_world_from_sensor_bevfusion": [
        [
          0.5657093524932861,
          -0.0006489537190645933,
          -0.8246043920516968,
          109.36193084716797
        ],
        [
          0.8245835900306702,
          0.007585891522467136,
          0.565689206123352,
          21.69927978515625
        ],
        [
          0.005888254381716251,
          -0.9999710321426392,
          0.004826527088880539,
          1.704020380973816
        ],
        [
          0.0,
          0.0,
          0.0,
          1.0
        ]
      ],
      "matrix_ego_from_sensor_carla": [
        [
          0.5735766887664795,
          0.8191518783569336,
          1.2447684660799041e-08,
          1.3000011444091797
        ],
        [
          -0.8191519379615784,
          0.5735766291618347,
          -1.6425680371412454e-08,
          -0.5500106811523438
        ],
        [
          -2.0892542806905112e-08,
          -2.3387902725602316e-11,
          1.0,
          1.6999996900558472
        ],
        [
          0.0,
          0.0,
          0.0,
          1.0
        ]
      ],
      "matrix_ego_from_sensor_bevfusion": [
        [
          0.8191518783569336,
          -1.2447684660799041e-08,
          0.5735766887664795,
          1.3000011444091797
        ],
        [
          -0.5735766291618347,
          -1.6425680371412454e-08,
          0.8191519379615784,
          0.5500106811523438
        ],
        [
          -2.3387902725602316e-11,
          -1.0,
          -2.0892542806905112e-08,
          1.6999996900558472
        ],
        [
          0.0,
          0.0,
          0.0,
          1.0
        ]
      ],
      "camera_intrinsics": [
        [
          685.5110473632812,
          0.0,
          480.0
        ],
        [
          0.0,
          685.5110473632812,
          270.0
        ],
        [
          0.0,
          0.0,
          1.0
        ]
      ],
      "data_path": "D:\\Agent-AI\\outputs\\s3a_left_v3\\sample_000001\\images\\CAM_FRONT_LEFT.png",
      "raw_layout": "bgra8"
    },
    "CAM_BACK": {
      "type_id": "sensor.camera.rgb",
      "blueprint_attributes": {
        "role_name": "front",
        "ros_name": "sensor.camera.rgb",
        "chromatic_aberration_offset": "0.0",
        "sensor_tick": "0.100000",
        "fstop": "1.4",
        "image_size_x": "960",
        "image_size_y": "540",
        "fov": "70.00",
        "lens_circle_falloff": "5.0",
        "lens_circle_multiplier": "0.0",
        "exposure_compensation": "0.0",
        "lens_y_size": "0.08",
        "lens_k": "-1.0",
        "exposure_mode": "histogram",
        "lens_kcube": "0.0",
        "lens_x_size": "0.08",
        "exposure_max_bright": "12.0",
        "shutter_speed": "200.0",
        "bloom_intensity": "0.675",
        "iso": "100.0",
        "enable_postprocess_effects": "false",
        "gamma": "2.2",
        "motion_blur_intensity": "0.0",
        "motion_blur_max_distortion": "0.35",
        "lens_flare_intensity": "0.1",
        "motion_blur_min_object_screen_size": "0.1",
        "exposure_min_bright": "10.0",
        "exposure_speed_up": "3.0",
        "exposure_speed_down": "1.0",
        "tint": "0.0",
        "calibration_constant": "16.0",
        "focal_distance": "1000.0",
        "min_fstop": "1.2",
        "blade_count": "5",
        "blur_amount": "0.0",
        "blur_radius": "0.0",
        "slope": "0.88",
        "toe": "0.55",
        "white_clip": "0.04",
        "shoulder": "0.26",
        "black_clip": "0.0",
        "temp": "6500.0",
        "chromatic_aberration_intensity": "0.0"
      },
      "transform_carla": {
        "location": {
          "x": 109.9391860961914,
          "y": -18.85475730895996,
          "z": 1.6820669174194336
        },
        "rotation": {
          "roll": -0.03302124887704849,
          "pitch": -0.434980571269989,
          "yaw": 89.4515380859375
        }
      },
      "matrix_world_from_sensor_carla": [
        [
          0.009572040289640427,
          -0.9999539256095886,
          0.0006489738589152694,
          109.9391860961914
        ],
        [
          0.9999253749847412,
          0.009576689451932907,
          0.007585904095321894,
          -18.85475730895996
        ],
        [
          -0.007591770030558109,
          0.0005763128865510225,
          0.9999710321426392,
          1.6820669174194336
        ],
        [
          0.0,
          0.0,
          0.0,
          1.0
        ]
      ],
      "matrix_world_from_sensor_bevfusion": [
        [
          -0.9999539256095886,
          -0.0006489738589152694,
          0.009572040289640427,
          109.9391860961914
        ],
        [
          -0.009576689451932907,
          0.007585904095321894,
          -0.9999253749847412,
          18.85475730895996
        ],
        [
          0.0005763128865510225,
          -0.9999710321426392,
          -0.007591770030558109,
          1.6820669174194336
        ],
        [
          0.0,
          0.0,
          0.0,
          1.0
        ]
      ],
      "matrix_ego_from_sensor_carla": [
        [
          -1.0,
          -1.515883383262917e-07,
          -1.2517026304337264e-10,
          -1.5499992370605469
        ],
        [
          1.5106228090644436e-07,
          -1.0,
          3.5977549828203337e-09,
          0.0
        ],
        [
          1.1202722083325511e-10,
          3.5855731717049366e-09,
          1.0,
          1.6999998092651367
        ],
        [
          0.0,
          0.0,
          0.0,
          1.0
        ]
      ],
      "matrix_ego_from_sensor_bevfusion": [
        [
          -1.515883383262917e-07,
          1.2517026304337264e-10,
          -1.0,
          -1.5499992370605469
        ],
        [
          1.0,
          3.5977549828203337e-09,
          -1.5106228090644436e-07,
          0.0
        ],
        [
          3.5855731717049366e-09,
          -1.0,
          1.1202722083325511e-10,
          1.6999998092651367
        ],
        [
          0.0,
          0.0,
          0.0,
          1.0
        ]
      ],
      "camera_intrinsics": [
        [
          685.5110473632812,
          0.0,
          480.0
        ],
        [
          0.0,
          685.5110473632812,
          270.0
        ],
        [
          0.0,
          0.0,
          1.0
        ]
      ],
      "data_path": "D:\\Agent-AI\\outputs\\s3a_left_v3\\sample_000001\\images\\CAM_BACK.png",
      "raw_layout": "bgra8"
    },
    "CAM_BACK_LEFT": {
      "type_id": "sensor.camera.rgb",
      "blueprint_attributes": {
        "role_name": "front",
        "ros_name": "sensor.camera.rgb",
        "chromatic_aberration_offset": "0.0",
        "sensor_tick": "0.100000",
        "fstop": "1.4",
        "image_size_x": "960",
        "image_size_y": "540",
        "fov": "70.00",
        "lens_circle_falloff": "5.0",
        "lens_circle_multiplier": "0.0",
        "exposure_compensation": "0.0",
        "lens_y_size": "0.08",
        "lens_k": "-1.0",
        "exposure_mode": "histogram",
        "lens_kcube": "0.0",
        "lens_x_size": "0.08",
        "exposure_max_bright": "12.0",
        "shutter_speed": "200.0",
        "bloom_intensity": "0.675",
        "iso": "100.0",
        "enable_postprocess_effects": "false",
        "gamma": "2.2",
        "motion_blur_intensity": "0.0",
        "motion_blur_max_distortion": "0.35",
        "lens_flare_intensity": "0.1",
        "motion_blur_min_object_screen_size": "0.1",
        "exposure_min_bright": "10.0",
        "exposure_speed_up": "3.0",
        "exposure_speed_down": "1.0",
        "tint": "0.0",
        "calibration_constant": "16.0",
        "focal_distance": "1000.0",
        "min_fstop": "1.2",
        "blade_count": "5",
        "blur_amount": "0.0",
        "blur_radius": "0.0",
        "slope": "0.88",
        "toe": "0.55",
        "white_clip": "0.04",
        "shoulder": "0.26",
        "black_clip": "0.0",
        "temp": "6500.0",
        "chromatic_aberration_intensity": "0.0"
      },
      "transform_carla": {
        "location": {
          "x": 109.38682556152344,
          "y": -19.099472045898438,
          "z": 1.684281826019287
        },
        "rotation": {
          "roll": -0.3752567768096924,
          "pitch": -0.22244559228420258,
          "yaw": 144.45213317871094
        }
      },
      "matrix_world_from_sensor_carla": [
        [
          -0.8136239647865295,
          -0.5813910961151123,
          0.0006489520892500877,
          109.38682556152344
        ],
        [
          0.5813785195350647,
          -0.8135978579521179,
          0.007585915736854076,
          -19.099472045898438
        ],
        [
          -0.0038823981303721666,
          0.006549370009452105,
          0.9999710321426392,
          1.684281826019287
        ],
        [
          0.0,
          0.0,
          0.0,
          1.0
        ]
      ],
      "matrix_world_from_sensor_bevfusion": [
        [
          -0.5813910961151123,
          -0.0006489520892500877,
          -0.8136239647865295,
          109.38682556152344
        ],
        [
          0.8135978579521179,
          0.007585915736854076,
          -0.5813785195350647,
          19.099472045898438
        ],
        [
          0.006549370009452105,
          -0.9999710321426392,
          -0.0038823981303721666,
          1.684281826019287
        ],
        [
          0.0,
          0.0,
          0.0,
          1.0
        ]
      ],
      "matrix_ego_from_sensor_carla": [
        [
          -0.5735766887664795,
          0.8191518783569336,
          -1.17667022792034e-08,
          -1.2999992370605469
        ],
        [
          -0.8191519379615784,
          -0.5735766887664795,
          -1.828832552064341e-08,
          -0.5499954223632812
        ],
        [
          -2.1647117876000266e-08,
          -1.0531064909002907e-09,
          1.0,
          1.6999998092651367
        ],
        [
          0.0,
          0.0,
          0.0,
          1.0
        ]
      ],
      "matrix_ego_from_sensor_bevfusion": [
        [
          0.8191518783569336,
          1.17667022792034e-08,
          -0.5735766887664795,
          -1.2999992370605469
        ],
        [
          0.5735766887664795,
          -1.828832552064341e-08,
          0.8191519379615784,
          0.5499954223632812
        ],
        [
          -1.0531064909002907e-09,
          -1.0,
          -2.1647117876000266e-08,
          1.6999998092651367
        ],
        [
          0.0,
          0.0,
          0.0,
          1.0
        ]
      ],
      "camera_intrinsics": [
        [
          685.5110473632812,
          0.0,
          480.0
        ],
        [
          0.0,
          685.5110473632812,
          270.0
        ],
        [
          0.0,
          0.0,
          1.0
        ]
      ],
      "data_path": "D:\\Agent-AI\\outputs\\s3a_left_v3\\sample_000001\\images\\CAM_BACK_LEFT.png",
      "raw_layout": "bgra8"
    },
    "CAM_BACK_RIGHT": {
      "type_id": "sensor.camera.rgb",
      "blueprint_attributes": {
        "role_name": "front",
        "ros_name": "sensor.camera.rgb",
        "chromatic_aberration_offset": "0.0",
        "sensor_tick": "0.100000",
        "fstop": "1.4",
        "image_size_x": "960",
        "image_size_y": "540",
        "fov": "70.00",
        "lens_circle_falloff": "5.0",
        "lens_circle_multiplier": "0.0",
        "exposure_compensation": "0.0",
        "lens_y_size": "0.08",
        "lens_k": "-1.0",
        "exposure_mode": "histogram",
        "lens_kcube": "0.0",
        "lens_x_size": "0.08",
        "exposure_max_bright": "12.0",
        "shutter_speed": "200.0",
        "bloom_intensity": "0.675",
        "iso": "100.0",
        "enable_postprocess_effects": "false",
        "gamma": "2.2",
        "motion_blur_intensity": "0.0",
        "motion_blur_max_distortion": "0.35",
        "lens_flare_intensity": "0.1",
        "motion_blur_min_object_screen_size": "0.1",
        "exposure_min_bright": "10.0",
        "exposure_speed_up": "3.0",
        "exposure_speed_down": "1.0",
        "tint": "0.0",
        "calibration_constant": "16.0",
        "focal_distance": "1000.0",
        "min_fstop": "1.2",
        "blade_count": "5",
        "blur_amount": "0.0",
        "blur_radius": "0.0",
        "slope": "0.88",
        "toe": "0.55",
        "white_clip": "0.04",
        "shoulder": "0.26",
        "black_clip": "0.0",
        "temp": "6500.0",
        "chromatic_aberration_intensity": "0.0"
      },
      "transform_carla": {
        "location": {
          "x": 110.48677825927734,
          "y": -19.11000633239746,
          "z": 1.6836479902267456
        },
        "rotation": {
          "roll": 0.33737802505493164,
          "pitch": -0.27654069662094116,
          "yaw": 34.450599670410156
        }
      },
      "matrix_world_from_sensor_carla": [
        [
          0.8246046304702759,
          -0.5657090544700623,
          0.0006489560473710299,
          110.48677825927734
        ],
        [
          0.5656889081001282,
          0.8245838284492493,
          0.007585892453789711,
          -19.11000633239746
        ],
        [
          -0.004826527088880539,
          -0.005888254847377539,
          0.9999710321426392,
          1.6836479902267456
        ],
        [
          0.0,
          0.0,
          0.0,
          1.0
        ]
      ],
      "matrix_world_from_sensor_bevfusion": [
        [
          -0.5657090544700623,
          -0.0006489560473710299,
          0.8246046304702759,
          110.48677825927734
        ],
        [
          -0.8245838284492493,
          0.007585892453789711,
          -0.5656889081001282,
          19.11000633239746
        ],
        [
          -0.005888254847377539,
          -0.9999710321426392,
          -0.004826527088880539,
          1.6836479902267456
        ],
        [
          0.0,
          0.0,
          0.0,
          1.0
        ]
      ],
      "matrix_ego_from_sensor_carla": [
        [
          -0.5735763907432556,
          -0.8191521167755127,
          1.1516362086183562e-08,
          -1.2999992370605469
        ],
        [
          0.8191521763801575,
          -0.5735763311386108,
          -1.4097373934873758e-08,
          0.5500030517578125
        ],
        [
          1.8564236370366416e-08,
          1.4203852538585693e-09,
          1.0,
          1.6999999284744263
        ],
        [
          0.0,
          0.0,
          0.0,
          1.0
        ]
      ],
      "matrix_ego_from_sensor_bevfusion": [
        [
          -0.8191521167755127,
          -1.1516362086183562e-08,
          -0.5735763907432556,
          -1.2999992370605469
        ],
        [
          0.5735763311386108,
          -1.4097373934873758e-08,
          -0.8191521763801575,
          -0.5500030517578125
        ],
        [
          1.4203852538585693e-09,
          -1.0,
          1.8564236370366416e-08,
          1.6999999284744263
        ],
        [
          0.0,
          0.0,
          0.0,
          1.0
        ]
      ],
      "camera_intrinsics": [
        [
          685.5110473632812,
          0.0,
          480.0
        ],
        [
          0.0,
          685.5110473632812,
          270.0
        ],
        [
          0.0,
          0.0,
          1.0
        ]
      ],
      "data_path": "D:\\Agent-AI\\outputs\\s3a_left_v3\\sample_000001\\images\\CAM_BACK_RIGHT.png",
      "raw_layout": "bgra8"
    },
    "LIDAR_TOP": {
      "type_id": "sensor.lidar.ray_cast",
      "blueprint_attributes": {
        "atmosphere_attenuation_rate": "0.004",
        "role_name": "front",
        "noise_seed": "0",
        "upper_fov": "10.0",
        "ros_name": "sensor.lidar.ray_cast",
        "sensor_tick": "0.100000",
        "channels": "32",
        "range": "120.0",
        "points_per_second": "360000",
        "lower_fov": "-30.0",
        "rotation_frequency": "10.000000",
        "horizontal_fov": "360.0",
        "dropoff_general_rate": "0.0",
        "dropoff_intensity_limit": "1.0",
        "noise_stddev": "0.0",
        "dropoff_zero_intensity": "0.0"
      },
      "transform_carla": {
        "location": {
          "x": 109.92467498779297,
          "y": -20.400848388671875,
          "z": 2.193819761276245
        },
        "rotation": {
          "roll": 0.03302111476659775,
          "pitch": 0.434980571269989,
          "yaw": -90.54845428466797
        }
      },
      "matrix_world_from_sensor_carla": [
        [
          -0.009571889415383339,
          0.9999539256095886,
          0.0006489703082479537,
          109.92467498779297
        ],
        [
          -0.9999253749847412,
          -0.00957653857767582,
          0.007585904095321894,
          -20.400848388671875
        ],
        [
          0.007591770030558109,
          -0.0005763105000369251,
          0.9999710321426392,
          2.193819761276245
        ],
        [
          0.0,
          0.0,
          0.0,
          1.0
        ]
      ],
      "matrix_world_from_sensor_bevfusion": [
        [
          -0.009571889415383339,
          -0.9999539256095886,
          0.0006489703082479537,
          109.92467498779297
        ],
        [
          0.9999253749847412,
          -0.00957653857767582,
          -0.007585904095321894,
          20.400848388671875
        ],
        [
          0.007591770030558109,
          0.0005763105000369251,
          0.9999710321426392,
          2.193819761276245
        ],
        [
          0.0,
          0.0,
          0.0,
          1.0
        ]
      ],
      "matrix_ego_from_sensor_carla": [
        [
          1.0,
          7.431196769047688e-10,
          -1.2517026304337264e-10,
          0.0
        ],
        [
          -1.8802938372974864e-10,
          1.0,
          4.708765322103403e-11,
          -7.62939453125e-06
        ],
        [
          -1.1202722083325511e-10,
          -3.497519981965347e-11,
          1.0,
          2.1999998092651367
        ],
        [
          0.0,
          0.0,
          0.0,
          1.0
        ]
      ],
      "matrix_ego_from_sensor_bevfusion": [
        [
          1.0,
          -7.431196769047688e-10,
          -1.2517026304337264e-10,
          0.0
        ],
        [
          1.8802938372974864e-10,
          1.0,
          -4.708765322103403e-11,
          7.62939453125e-06
        ],
        [
          -1.1202722083325511e-10,
          3.497519981965347e-11,
          1.0,
          2.1999998092651367
        ],
        [
          0.0,
          0.0,
          0.0,
          1.0
        ]
      ],
      "data_path": "D:\\Agent-AI\\outputs\\s3a_left_v3\\sample_000001\\lidar\\LIDAR_TOP.npy",
      "raw_layout": [
        "x",
        "y",
        "z",
        "intensity"
      ]
    },
    "RADAR_FRONT": {
      "type_id": "sensor.other.radar",
      "blueprint_attributes": {
        "sensor_tick": "0.100000",
        "role_name": "default",
        "noise_seed": "0",
        "ros_name": "sensor.other.radar",
        "horizontal_fov": "35.0",
        "points_per_second": "1500",
        "vertical_fov": "20.0",
        "range": "120.0"
      },
      "transform_carla": {
        "location": {
          "x": 109.9046859741211,
          "y": -22.410560607910156,
          "z": 0.9090410470962524
        },
        "rotation": {
          "roll": 0.03302111476659775,
          "pitch": 0.434980571269989,
          "yaw": -90.54845428466797
        }
      },
      "matrix_world_from_sensor_carla": [
        [
          -0.009571889415383339,
          0.9999539256095886,
          0.0006489703082479537,
          109.9046859741211
        ],
        [
          -0.9999253749847412,
          -0.00957653857767582,
          0.007585904095321894,
          -22.410560607910156
        ],
        [
          0.007591770030558109,
          -0.0005763105000369251,
          0.9999710321426392,
          0.9090410470962524
        ],
        [
          0.0,
          0.0,
          0.0,
          1.0
        ]
      ],
      "matrix_world_from_sensor_bevfusion": [
        [
          -0.009571889415383339,
          -0.9999539256095886,
          0.0006489703082479537,
          109.9046859741211
        ],
        [
          0.9999253749847412,
          -0.00957653857767582,
          -0.007585904095321894,
          22.410560607910156
        ],
        [
          0.007591770030558109,
          0.0005763105000369251,
          0.9999710321426392,
          0.9090410470962524
        ],
        [
          0.0,
          0.0,
          0.0,
          1.0
        ]
      ],
      "matrix_ego_from_sensor_carla": [
        [
          1.0,
          7.431196769047688e-10,
          -1.2517026304337264e-10,
          2.0
        ],
        [
          -1.8802938372974864e-10,
          1.0,
          4.708765322103403e-11,
          -7.62939453125e-06
        ],
        [
          -1.1202722083325511e-10,
          -3.497519981965347e-11,
          1.0,
          0.8999999165534973
        ],
        [
          0.0,
          0.0,
          0.0,
          1.0
        ]
      ],
      "matrix_ego_from_sensor_bevfusion": [
        [
          1.0,
          -7.431196769047688e-10,
          -1.2517026304337264e-10,
          2.0
        ],
        [
          1.8802938372974864e-10,
          1.0,
          -4.708765322103403e-11,
          7.62939453125e-06
        ],
        [
          -1.1202722083325511e-10,
          3.497519981965347e-11,
          1.0,
          0.8999999165534973
        ],
        [
          0.0,
          0.0,
          0.0,
          1.0
        ]
      ],
      "data_path": "D:\\Agent-AI\\outputs\\s3a_left_v3\\sample_000001\\radar\\RADAR_FRONT.npy",
      "raw_layout": [
        "velocity",
        "altitude",
        "azimuth",
        "depth"
      ]
    },
    "RADAR_FRONT_LEFT": {
      "type_id": "sensor.other.radar",
      "blueprint_attributes": {
        "sensor_tick": "0.100000",
        "role_name": "default",
        "noise_seed": "0",
        "ros_name": "sensor.other.radar",
        "horizontal_fov": "35.0",
        "points_per_second": "1500",
        "vertical_fov": "20.0",
        "range": "120.0"
      },
      "transform_carla": {
        "location": {
          "x": 109.15807342529297,
          "y": -22.05340576171875,
          "z": 0.9068160653114319
        },
        "rotation": {
          "roll": -0.2842317819595337,
          "pitch": 0.3309294879436493,
          "yaw": -135.54940795898438
        }
      },
      "matrix_world_from_sensor_carla": [
        [
          -0.7138426899909973,
          0.7003058195114136,
          0.0006490240339189768,
          109.15807342529297
        ],
        [
          -0.7002822756767273,
          -0.7138257622718811,
          0.007585953455418348,
          -22.05340576171875
        ],
        [
          0.005775777157396078,
          0.004960677120834589,
          0.9999710321426392,
          0.9068160653114319
        ],
        [
          0.0,
          0.0,
          0.0,
          1.0
        ]
      ],
      "matrix_world_from_sensor_bevfusion": [
        [
          -0.7138426899909973,
          -0.7003058195114136,
          0.0006490240339189768,
          109.15807342529297
        ],
        [
          0.7002822756767273,
          -0.7138257622718811,
          -0.007585953455418348,
          22.05340576171875
        ],
        [
          0.005775777157396078,
          -0.004960677120834589,
          0.9999710321426392,
          0.9068160653114319
        ],
        [
          0.0,
          0.0,
          0.0,
          1.0
        ]
      ],
      "matrix_ego_from_sensor_carla": [
        [
          0.7071067094802856,
          0.70710688829422,
          -4.99509269502596e-08,
          1.6499996185302734
        ],
        [
          -0.7071069478988647,
          0.7071067690849304,
          5.33070974029215e-08,
          -0.75
        ],
        [
          7.262507040195487e-08,
          -2.9004965096390833e-09,
          1.0,
          0.8999998569488525
        ],
        [
          0.0,
          0.0,
          0.0,
          1.0
        ]
      ],
      "matrix_ego_from_sensor_bevfusion": [
        [
          0.7071067094802856,
          -0.70710688829422,
          -4.99509269502596e-08,
          1.6499996185302734
        ],
        [
          0.7071069478988647,
          0.7071067690849304,
          -5.33070974029215e-08,
          0.75
        ],
        [
          7.262507040195487e-08,
          2.9004965096390833e-09,
          1.0,
          0.8999998569488525
        ],
        [
          0.0,
          0.0,
          0.0,
          1.0
        ]
      ],
      "data_path": "D:\\Agent-AI\\outputs\\s3a_left_v3\\sample_000001\\radar\\RADAR_FRONT_LEFT.npy",
      "raw_layout": [
        "velocity",
        "altitude",
        "azimuth",
        "depth"
      ]
    },
    "RADAR_FRONT_RIGHT": {
      "type_id": "sensor.other.radar",
      "blueprint_attributes": {
        "sensor_tick": "0.100000",
        "role_name": "default",
        "noise_seed": "0",
        "ros_name": "sensor.other.radar",
        "horizontal_fov": "35.0",
        "points_per_second": "1500",
        "vertical_fov": "20.0",
        "range": "120.0"
      },
