{
  "schema_version": "stage1.v1",
  "sample_name": "sample_000049",
  "sequence_index": 49,
  "previous_sample_name": "sample_000048",
  "frame_id": 60050,
  "timestamp": 439.91970082372427,
  "platform_timestamp": 16814583.4664662,
  "delta_seconds": 0.10000000149011612,
  "town": "Carla/Maps/Town10HD_Opt",
  "weather": {
    "cloudiness": 20.0,
    "dust_storm": 0.0,
    "fog_density": 2.0,
    "fog_distance": 0.75,
    "fog_falloff": 0.10000000149011612,
    "mie_scattering_scale": 0.029999999329447746,
    "precipitation": 0.0,
    "precipitation_deposits": 0.0,
    "rayleigh_scattering_scale": 0.03310000151395798,
    "scattering_intensity": 1.0,
    "sun_altitude_angle": 45.0,
    "sun_azimuth_angle": 300.0,
    "wetness": 0.0,
    "wind_intensity": 10.0
  },
  "sensor_names": [
    "CAM_FRONT",
    "CAM_FRONT_RIGHT",
    "CAM_FRONT_LEFT",
    "CAM_BACK",
    "CAM_BACK_LEFT",
    "CAM_BACK_RIGHT",
    "LIDAR_TOP",
    "RADAR_FRONT",
    "RADAR_FRONT_LEFT",
    "RADAR_FRONT_RIGHT",
    "RADAR_BACK_LEFT",
    "RADAR_BACK_RIGHT"
  ],
  "camera_order_for_model": [
    "CAM_FRONT",
    "CAM_FRONT_RIGHT",
    "CAM_FRONT_LEFT",
    "CAM_BACK",
    "CAM_BACK_LEFT",
    "CAM_BACK_RIGHT"
  ],
  "radar_order_for_model": [
    "RADAR_FRONT",
    "RADAR_FRONT_LEFT",
    "RADAR_FRONT_RIGHT",
    "RADAR_BACK_LEFT",
    "RADAR_BACK_RIGHT"
  ],
  "coordinate_notes": {
    "carla_world": "left-handed x-forward y-right z-up",
    "bevfusion_lidar": "x-forward y-left z-up",
    "camera_frame_for_model": "OpenCV style x-right y-down z-forward"
  },
  "ego": {
    "actor_id": 28,
    "transform_carla": {
      "location": {
        "x": 92.44426727294922,
        "y": -53.884735107421875,
        "z": -0.003925895784050226
      },
      "rotation": {
        "roll": 0.6676106452941895,
        "pitch": -0.10839509963989258,
        "yaw": -137.1846923828125
      }
    },
    "velocity_carla": [
      -5.861807823181152,
      -5.068206310272217,
      -0.00013133048196323216
    ],
    "angular_velocity_carla": [
      1.5588911771774292,
      0.5238014459609985,
      -15.81208324432373
    ],
    "matrix_world_from_ego_carla": [
      [
        -0.7335469722747803,
        0.6796073317527771,
        0.006531288381665945,
        92.44426727294922
      ],
      [
        -0.6796361207962036,
        -0.7334834933280945,
        -0.009832799434661865,
        -53.884735107421875
      ],
      [
        -0.0018918502610176802,
        -0.0116517199203372,
        0.9999303221702576,
        -0.003925895784050226
      ],
      [
        0.0,
        0.0,
        0.0,
        1.0
      ]
    ],
    "matrix_world_from_ego_bevfusion": [
      [
        -0.7335469722747803,
        -0.6796073317527771,
        0.006531288381665945,
        92.44426727294922
      ],
      [
        0.6796361207962036,
        -0.7334834933280945,
        0.009832799434661865,
        53.884735107421875
      ],
      [
        -0.0018918502610176802,
        0.0116517199203372,
        0.9999303221702576,
        -0.003925895784050226
      ],
      [
        0.0,
        0.0,
        0.0,
        1.0
      ]
    ]
  },
  "sensors": {
    "CAM_FRONT": {
      "type_id": "sensor.camera.rgb",
      "blueprint_attributes": {
        "role_name": "front",
        "ros_name": "sensor.camera.rgb",
        "chromatic_aberration_offset": "0.0",
        "sensor_tick": "0.100000",
        "fstop": "1.4",
        "image_size_x": "960",
        "image_size_y": "540",
        "fov": "70.00",
        "lens_circle_falloff": "5.0",
        "lens_circle_multiplier": "0.0",
        "exposure_compensation": "0.0",
        "lens_y_size": "0.08",
        "lens_k": "-1.0",
        "exposure_mode": "histogram",
        "lens_kcube": "0.0",
        "lens_x_size": "0.08",
        "exposure_max_bright": "12.0",
        "shutter_speed": "200.0",
        "bloom_intensity": "0.675",
        "iso": "100.0",
        "enable_postprocess_effects": "false",
        "gamma": "2.2",
        "motion_blur_intensity": "0.0",
        "motion_blur_max_distortion": "0.35",
        "lens_flare_intensity": "0.1",
        "motion_blur_min_object_screen_size": "0.1",
        "exposure_min_bright": "10.0",
        "exposure_speed_up": "3.0",
        "exposure_speed_down": "1.0",
        "tint": "0.0",
        "calibration_constant": "16.0",
        "focal_distance": "1000.0",
        "min_fstop": "1.2",
        "blade_count": "5",
        "blur_amount": "0.0",
        "blur_radius": "0.0",
        "slope": "0.88",
        "toe": "0.55",
        "white_clip": "0.04",
        "shoulder": "0.26",
        "black_clip": "0.0",
        "temp": "6500.0",
        "chromatic_aberration_intensity": "0.0"
      },
      "transform_carla": {
        "location": {
          "x": 91.31836700439453,
          "y": -54.95488739013672,
          "z": 1.6930230855941772
        },
        "rotation": {
          "roll": 0.6676106452941895,
          "pitch": -0.10839509963989258,
          "yaw": -137.1846923828125
        }
      },
      "matrix_world_from_sensor_carla": [
        [
          -0.7335469722747803,
          0.6796073317527771,
          0.006531288381665945,
          91.31836700439453
        ],
        [
          -0.6796361207962036,
          -0.7334834933280945,
          -0.009832799434661865,
          -54.95488739013672
        ],
        [
          -0.0018918502610176802,
          -0.0116517199203372,
          0.9999303221702576,
          1.6930230855941772
        ],
        [
          0.0,
          0.0,
          0.0,
          1.0
        ]
      ],
      "matrix_world_from_sensor_bevfusion": [
        [
          0.6796073317527771,
          -0.006531288381665945,
          -0.7335469722747803,
          91.31836700439453
        ],
        [
          0.7334834933280945,
          -0.009832799434661865,
          0.6796361207962036,
          54.95488739013672
        ],
        [
          -0.0116517199203372,
          -0.9999303221702576,
          -0.0018918502610176802,
          1.6930230855941772
        ],
        [
          0.0,
          0.0,
          0.0,
          1.0
        ]
      ],
      "matrix_ego_from_sensor_carla": [
        [
          1.0,
          2.841439084022568e-08,
          3.789230040851521e-11,
          1.5500068664550781
        ],
        [
          9.315926696729093e-09,
          1.0,
          6.845943256728049e-10,
          0.0
        ],
        [
          -1.9495456637930175e-10,
          6.845943256728049e-10,
          1.0,
          1.6999996900558472
        ],
        [
          0.0,
          0.0,
          0.0,
          1.0
        ]
      ],
      "matrix_ego_from_sensor_bevfusion": [
        [
          2.841439084022568e-08,
          -3.789230040851521e-11,
          1.0,
          1.5500068664550781
        ],
        [
          -1.0,
          6.845943256728049e-10,
          -9.315926696729093e-09,
          0.0
        ],
        [
          6.845943256728049e-10,
          -1.0,
          -1.9495456637930175e-10,
          1.6999996900558472
        ],
        [
          0.0,
          0.0,
          0.0,
          1.0
        ]
      ],
      "camera_intrinsics": [
        [
          685.5110473632812,
          0.0,
          480.0
        ],
        [
          0.0,
          685.5110473632812,
          270.0
        ],
        [
          0.0,
          0.0,
          1.0
        ]
      ],
      "data_path": "D:\\Agent-AI\\outputs\\s3a_ml_long_v2\\sample_000049\\images\\CAM_FRONT.png",
      "raw_layout": "bgra8"
    },
    "CAM_FRONT_RIGHT": {
      "type_id": "sensor.camera.rgb",
      "blueprint_attributes": {
        "role_name": "front",
        "ros_name": "sensor.camera.rgb",
        "chromatic_aberration_offset": "0.0",
        "sensor_tick": "0.100000",
        "fstop": "1.4",
        "image_size_x": "960",
        "image_size_y": "540",
        "fov": "70.00",
        "lens_circle_falloff": "5.0",
        "lens_circle_multiplier": "0.0",
        "exposure_compensation": "0.0",
        "lens_y_size": "0.08",
        "lens_k": "-1.0",
        "exposure_mode": "histogram",
        "lens_kcube": "0.0",
        "lens_x_size": "0.08",
        "exposure_max_bright": "12.0",
        "shutter_speed": "200.0",
        "bloom_intensity": "0.675",
        "iso": "100.0",
        "enable_postprocess_effects": "false",
        "gamma": "2.2",
        "motion_blur_intensity": "0.0",
        "motion_blur_max_distortion": "0.35",
        "lens_flare_intensity": "0.1",
        "motion_blur_min_object_screen_size": "0.1",
        "exposure_min_bright": "10.0",
        "exposure_speed_up": "3.0",
        "exposure_speed_down": "1.0",
        "tint": "0.0",
        "calibration_constant": "16.0",
        "focal_distance": "1000.0",
        "min_fstop": "1.2",
        "blade_count": "5",
        "blur_amount": "0.0",
        "blur_radius": "0.0",
        "slope": "0.88",
        "toe": "0.55",
        "white_clip": "0.04",
        "shoulder": "0.26",
        "black_clip": "0.0",
        "temp": "6500.0",
        "chromatic_aberration_intensity": "0.0"
      },
      "transform_carla": {
        "location": {
          "x": 91.87554168701172,
          "y": -55.188392639160156,
          "z": 1.6870876550674438
        },
        "rotation": {
          "roll": 0.29413971304893494,
          "pitch": -0.6090479493141174,
          "yaw": -82.18565368652344
        }
      },
      "matrix_world_from_sensor_carla": [
        [
          0.13595598936080933,
          0.9906933903694153,
          0.006531245075166225,
          91.87554168701172
        ],
        [
          -0.9906578660011292,
          0.13601595163345337,
          -0.009832849726080894,
          -55.188392639160156
        ],
        [
          -0.010629692114889622,
          -0.005133394151926041,
          0.9999303221702576,
          1.6870876550674438
        ],
        [
          0.0,
          0.0,
          0.0,
          1.0
        ]
      ],
      "matrix_world_from_sensor_bevfusion": [
        [
          0.9906933903694153,
          -0.006531245075166225,
          0.13595598936080933,
          91.87554168701172
        ],
        [
          -0.13601595163345337,
          -0.009832849726080894,
          0.9906578660011292,
          55.188392639160156
        ],
        [
          -0.005133394151926041,
          -0.9999303221702576,
          -0.010629692114889622,
          1.6870876550674438
        ],
        [
          0.0,
          0.0,
          0.0,
          1.0
        ]
      ],
      "matrix_ego_from_sensor_carla": [
        [
          0.5735768675804138,
          -0.8191518187522888,
          6.592896539814319e-08,
          1.3000011444091797
        ],
        [
          0.8191518187522888,
          0.5735768675804138,
          8.135175200152389e-09,
          0.5499954223632812
        ],
        [
          -4.351973004190768e-08,
          5.1278636448159887e-08,
          1.0,
          1.6999996900558472
        ],
        [
          0.0,
          0.0,
          0.0,
          1.0
        ]
      ],
      "matrix_ego_from_sensor_bevfusion": [
        [
          -0.8191518187522888,
          -6.592896539814319e-08,
          0.5735768675804138,
          1.3000011444091797
        ],
        [
          -0.5735768675804138,
          8.135175200152389e-09,
          -0.8191518187522888,
          -0.5499954223632812
        ],
        [
          5.1278636448159887e-08,
          -1.0,
          -4.351973004190768e-08,
          1.6999996900558472
        ],
        [
          0.0,
          0.0,
          0.0,
          1.0
        ]
      ],
      "camera_intrinsics": [
        [
          685.5110473632812,
          0.0,
          480.0
        ],
        [
          0.0,
          685.5110473632812,
          270.0
        ],
        [
          0.0,
          0.0,
          1.0
        ]
      ],
      "data_path": "D:\\Agent-AI\\outputs\\s3a_ml_long_v2\\sample_000049\\images\\CAM_FRONT_RIGHT.png",
      "raw_layout": "bgra8"
    },
    "CAM_FRONT_LEFT": {
      "type_id": "sensor.camera.rgb",
      "blueprint_attributes": {
        "role_name": "front",
        "ros_name": "sensor.camera.rgb",
        "chromatic_aberration_offset": "0.0",
        "sensor_tick": "0.100000",
        "fstop": "1.4",
        "image_size_x": "960",
        "image_size_y": "540",
        "fov": "70.00",
        "lens_circle_falloff": "5.0",
        "lens_circle_multiplier": "0.0",
        "exposure_compensation": "0.0",
        "lens_y_size": "0.08",
        "lens_k": "-1.0",
        "exposure_mode": "histogram",
        "lens_kcube": "0.0",
        "lens_x_size": "0.08",
        "exposure_max_bright": "12.0",
        "shutter_speed": "200.0",
        "bloom_intensity": "0.675",
        "iso": "100.0",
        "enable_postprocess_effects": "false",
        "gamma": "2.2",
        "motion_blur_intensity": "0.0",
        "motion_blur_max_distortion": "0.35",
        "lens_flare_intensity": "0.1",
        "motion_blur_min_object_screen_size": "0.1",
        "exposure_min_bright": "10.0",
        "exposure_speed_up": "3.0",
        "exposure_speed_down": "1.0",
        "tint": "0.0",
        "calibration_constant": "16.0",
        "focal_distance": "1000.0",
        "min_fstop": "1.2",
        "blade_count": "5",
        "blur_amount": "0.0",
        "blur_radius": "0.0",
        "slope": "0.88",
        "toe": "0.55",
        "white_clip": "0.04",
        "shoulder": "0.26",
        "black_clip": "0.0",
        "temp": "6500.0",
        "chromatic_aberration_intensity": "0.0"
      },
      "transform_carla": {
        "location": {
          "x": 91.12797546386719,
          "y": -54.381561279296875,
          "z": 1.6999045610427856
        },
        "rotation": {
          "roll": 0.4717332720756531,
          "pitch": 0.48469069600105286,
          "yaw": 167.81787109375
        }
      },
      "matrix_world_from_sensor_carla": [
        [
          -0.9774468541145325,
          -0.21108084917068481,
          0.006531208753585815,
          91.12797546386719
        ],
        [
          0.21101237833499908,
          -0.9774339199066162,
          -0.009832838550209999,
          -54.381561279296875
        ],
        [
          0.008459348231554031,
          -0.008232911117374897,
          0.9999303221702576,
          1.6999045610427856
        ],
        [
          0.0,
          0.0,
          0.0,
          1.0
        ]
      ],
      "matrix_world_from_sensor_bevfusion": [
        [
          -0.21108084917068481,
          -0.006531208753585815,
          -0.9774468541145325,
          91.12797546386719
        ],
        [
          0.9774339199066162,
          -0.009832838550209999,
          -0.21101237833499908,
          54.381561279296875
        ],
        [
          -0.008232911117374897,
          -0.9999303221702576,
          0.008459348231554031,
          1.6999045610427856
        ],
        [
          0.0,
          0.0,
          0.0,
          1.0
        ]
      ],
      "matrix_ego_from_sensor_carla": [
        [
          0.5735755562782288,
          0.8191526532173157,
          8.53703241432413e-08,
          1.3000030517578125
        ],
        [
          -0.81915283203125,
          0.573575496673584,
          -2.446111579956778e-08,
          -0.5500030517578125
        ],
        [
          -7.161367676644659e-08,
          -5.592267982024168e-08,
          1.0,
          1.6999999284744263
        ],
        [
          0.0,
          0.0,
          0.0,
          1.0
        ]
      ],
      "matrix_ego_from_sensor_bevfusion": [
        [
          0.8191526532173157,
          -8.53703241432413e-08,
          0.5735755562782288,
          1.3000030517578125
        ],
        [
          -0.573575496673584,
          -2.446111579956778e-08,
          0.81915283203125,
          0.5500030517578125
        ],
        [
          -5.592267982024168e-08,
          -1.0,
          -7.161367676644659e-08,
          1.6999999284744263
        ],
        [
          0.0,
          0.0,
          0.0,
          1.0
        ]
      ],
      "camera_intrinsics": [
        [
          685.5110473632812,
          0.0,
          480.0
        ],
        [
          0.0,
          685.5110473632812,
          270.0
        ],
        [
          0.0,
          0.0,
          1.0
        ]
      ],
      "data_path": "D:\\Agent-AI\\outputs\\s3a_ml_long_v2\\sample_000049\\images\\CAM_FRONT_LEFT.png",
      "raw_layout": "bgra8"
    },
    "CAM_BACK": {
      "type_id": "sensor.camera.rgb",
      "blueprint_attributes": {
        "role_name": "front",
        "ros_name": "sensor.camera.rgb",
        "chromatic_aberration_offset": "0.0",
        "sensor_tick": "0.100000",
        "fstop": "1.4",
        "image_size_x": "960",
        "image_size_y": "540",
        "fov": "70.00",
        "lens_circle_falloff": "5.0",
        "lens_circle_multiplier": "0.0",
        "exposure_compensation": "0.0",
        "lens_y_size": "0.08",
        "lens_k": "-1.0",
        "exposure_mode": "histogram",
        "lens_kcube": "0.0",
        "lens_x_size": "0.08",
        "exposure_max_bright": "12.0",
        "shutter_speed": "200.0",
        "bloom_intensity": "0.675",
        "iso": "100.0",
        "enable_postprocess_effects": "false",
        "gamma": "2.2",
        "motion_blur_intensity": "0.0",
        "motion_blur_max_distortion": "0.35",
        "lens_flare_intensity": "0.1",
        "motion_blur_min_object_screen_size": "0.1",
        "exposure_min_bright": "10.0",
        "exposure_speed_up": "3.0",
        "exposure_speed_down": "1.0",
        "tint": "0.0",
        "calibration_constant": "16.0",
        "focal_distance": "1000.0",
        "min_fstop": "1.2",
        "blade_count": "5",
        "blur_amount": "0.0",
        "blur_radius": "0.0",
        "slope": "0.88",
        "toe": "0.55",
        "white_clip": "0.04",
        "shoulder": "0.26",
        "black_clip": "0.0",
        "temp": "6500.0",
        "chromatic_aberration_intensity": "0.0"
      },
      "transform_carla": {
        "location": {
          "x": 93.59236907958984,
          "y": -52.84801483154297,
          "z": 1.6988880634307861
        },
        "rotation": {
          "roll": -0.6676105260848999,
          "pitch": 0.10839509963989258,
          "yaw": 42.8152961730957
        }
      },
      "matrix_world_from_sensor_carla": [
        [
          0.7335471510887146,
          -0.6796072125434875,
          0.006531285122036934,
          93.59236907958984
        ],
        [
          0.6796360015869141,
          0.7334836721420288,
          -0.009832799434661865,
          -52.84801483154297
        ],
        [
          0.0018918502610176802,
          0.011651718057692051,
          0.9999303221702576,
          1.6988880634307861
        ],
        [
          0.0,
          0.0,
          0.0,
          1.0
        ]
      ],
      "matrix_world_from_sensor_bevfusion": [
        [
          -0.6796072125434875,
          -0.006531285122036934,
          0.7335471510887146,
          93.59236907958984
        ],
        [
          -0.7334836721420288,
          -0.009832799434661865,
          -0.6796360015869141,
          52.84801483154297
        ],
        [
          0.011651718057692051,
          -0.9999303221702576,
          0.0018918502610176802,
          1.6988880634307861
        ],
        [
          0.0,
          0.0,
          0.0,
          1.0
        ]
      ],
      "matrix_ego_from_sensor_carla": [
        [
          -1.0000001192092896,
          -2.3934452997309563e-07,
          2.3661987924583627e-09,
          -1.549997329711914
        ],
        [
          1.973321843706799e-07,
          -1.0,
          -2.1093733426624794e-09,
          0.0
        ],
        [
          2.7560915771829286e-09,
          -2.547109634321032e-09,
          1.0,
          1.6999999284744263
        ],
        [
          0.0,
          0.0,
          0.0,
          1.0
        ]
      ],
      "matrix_ego_from_sensor_bevfusion": [
        [
          -2.3934452997309563e-07,
          -2.3661987924583627e-09,
          -1.0000001192092896,
          -1.549997329711914
        ],
        [
          1.0,
          -2.1093733426624794e-09,
          -1.973321843706799e-07,
          0.0
        ],
        [
          -2.547109634321032e-09,
          -1.0,
          2.7560915771829286e-09,
          1.6999999284744263
        ],
        [
          0.0,
          0.0,
          0.0,
          1.0
        ]
      ],
      "camera_intrinsics": [
        [
          685.5110473632812,
          0.0,
          480.0
        ],
        [
          0.0,
          685.5110473632812,
          270.0
        ],
        [
          0.0,
          0.0,
          1.0
        ]
      ],
      "data_path": "D:\\Agent-AI\\outputs\\s3a_ml_long_v2\\sample_000049\\images\\CAM_BACK.png",
      "raw_layout": "bgra8"
    },
    "CAM_BACK_LEFT": {
      "type_id": "sensor.camera.rgb",
      "blueprint_attributes": {
        "role_name": "front",
        "ros_name": "sensor.camera.rgb",
        "chromatic_aberration_offset": "0.0",
        "sensor_tick": "0.100000",
        "fstop": "1.4",
        "image_size_x": "960",
        "image_size_y": "540",
        "fov": "70.00",
        "lens_circle_falloff": "5.0",
        "lens_circle_multiplier": "0.0",
        "exposure_compensation": "0.0",
        "lens_y_size": "0.08",
        "lens_k": "-1.0",
        "exposure_mode": "histogram",
        "lens_kcube": "0.0",
        "lens_x_size": "0.08",
        "exposure_max_bright": "12.0",
        "shutter_speed": "200.0",
        "bloom_intensity": "0.675",
        "iso": "100.0",
        "enable_postprocess_effects": "false",
        "gamma": "2.2",
        "motion_blur_intensity": "0.0",
        "motion_blur_max_distortion": "0.35",
        "lens_flare_intensity": "0.1",
        "motion_blur_min_object_screen_size": "0.1",
        "exposure_min_bright": "10.0",
        "exposure_speed_up": "3.0",
        "exposure_speed_down": "1.0",
        "tint": "0.0",
        "calibration_constant": "16.0",
        "focal_distance": "1000.0",
        "min_fstop": "1.2",
        "blade_count": "5",
        "blur_amount": "0.0",
        "blur_radius": "0.0",
        "slope": "0.88",
        "toe": "0.55",
        "white_clip": "0.04",
        "shoulder": "0.26",
        "black_clip": "0.0",
        "temp": "6500.0",
        "chromatic_aberration_intensity": "0.0"
      },
      "transform_carla": {
        "location": {
          "x": 93.03519439697266,
          "y": -52.61450958251953,
          "z": 1.70482337474823
        },
        "rotation": {
          "roll": -0.294139564037323,
          "pitch": 0.6090479493141174,
          "yaw": 97.81433868408203
        }
      },
      "matrix_world_from_sensor_carla": [
        [
          -0.1359558403491974,
          -0.9906933903694153,
          0.00653124088421464,
          93.03519439697266
        ],
        [
          0.9906578660011292,
          -0.13601580262184143,
          -0.009832850657403469,
          -52.61450958251953
        ],
        [
          0.010629692114889622,
          0.005133391357958317,
          0.9999303221702576,
          1.70482337474823
        ],
        [
          0.0,
          0.0,
          0.0,
          1.0
        ]
      ],
      "matrix_world_from_sensor_bevfusion": [
        [
          -0.9906933903694153,
          -0.00653124088421464,
          -0.1359558403491974,
          93.03519439697266
        ],
        [
          0.13601580262184143,
          -0.009832850657403469,
          -0.9906578660011292,
          52.61450958251953
        ],
        [
          0.005133391357958317,
          -0.9999303221702576,
          0.010629692114889622,
          1.70482337474823
        ],
        [
          0.0,
          0.0,
          0.0,
          1.0
        ]
      ],
      "matrix_ego_from_sensor_carla": [
        [
          -0.5735769867897034,
          0.8191516995429993,
          6.977067101843204e-08,
          -1.2999897003173828
        ],
        [
          -0.8191516995429993,
          -0.5735769867897034,
          6.272529606832222e-09,
          -0.5500030517578125
        ],
        [
          4.445105261652316e-08,
          -5.5469392634677206e-08,
          1.0,
          1.6999999284744263
        ],
        [
          0.0,
          0.0,
          0.0,
          1.0
        ]
      ],
      "matrix_ego_from_sensor_bevfusion": [
        [
          0.8191516995429993,
          -6.977067101843204e-08,
          -0.5735769867897034,
          -1.2999897003173828
        ],
        [
          0.5735769867897034,
          6.272529606832222e-09,
          0.8191516995429993,
          0.5500030517578125
        ],
        [
          -5.5469392634677206e-08,
          -1.0,
          4.445105261652316e-08,
          1.6999999284744263
        ],
        [
          0.0,
          0.0,
          0.0,
          1.0
        ]
      ],
      "camera_intrinsics": [
        [
          685.5110473632812,
          0.0,
          480.0
        ],
        [
          0.0,
          685.5110473632812,
          270.0
        ],
        [
          0.0,
          0.0,
          1.0
        ]
      ],
      "data_path": "D:\\Agent-AI\\outputs\\s3a_ml_long_v2\\sample_000049\\images\\CAM_BACK_LEFT.png",
      "raw_layout": "bgra8"
    },
    "CAM_BACK_RIGHT": {
      "type_id": "sensor.camera.rgb",
      "blueprint_attributes": {
        "role_name": "front",
        "ros_name": "sensor.camera.rgb",
        "chromatic_aberration_offset": "0.0",
        "sensor_tick": "0.100000",
        "fstop": "1.4",
        "image_size_x": "960",
        "image_size_y": "540",
        "fov": "70.00",
        "lens_circle_falloff": "5.0",
        "lens_circle_multiplier": "0.0",
        "exposure_compensation": "0.0",
        "lens_y_size": "0.08",
        "lens_k": "-1.0",
        "exposure_mode": "histogram",
        "lens_kcube": "0.0",
        "lens_x_size": "0.08",
        "exposure_max_bright": "12.0",
        "shutter_speed": "200.0",
        "bloom_intensity": "0.675",
        "iso": "100.0",
        "enable_postprocess_effects": "false",
        "gamma": "2.2",
        "motion_blur_intensity": "0.0",
        "motion_blur_max_distortion": "0.35",
        "lens_flare_intensity": "0.1",
        "motion_blur_min_object_screen_size": "0.1",
        "exposure_min_bright": "10.0",
        "exposure_speed_up": "3.0",
        "exposure_speed_down": "1.0",
        "tint": "0.0",
        "calibration_constant": "16.0",
        "focal_distance": "1000.0",
        "min_fstop": "1.2",
        "blade_count": "5",
        "blur_amount": "0.0",
        "blur_radius": "0.0",
        "slope": "0.88",
        "toe": "0.55",
        "white_clip": "0.04",
        "shoulder": "0.26",
        "black_clip": "0.0",
        "temp": "6500.0",
        "chromatic_aberration_intensity": "0.0"
      },
      "transform_carla": {
        "location": {
          "x": 93.78276062011719,
          "y": -53.42134094238281,
          "z": 1.6920065879821777
        },
        "rotation": {
          "roll": -0.4717331826686859,
          "pitch": -0.48469069600105286,
          "yaw": -12.182121276855469
        }
      },
      "matrix_world_from_sensor_carla": [
        [
          0.9774468541145325,
          0.21108072996139526,
          0.00653120968490839,
          93.78276062011719
        ],
        [
          -0.21101225912570953,
          0.9774339199066162,
          -0.00983283668756485,
          -53.42134094238281
        ],
        [
          -0.008459348231554031,
          0.008232910186052322,
          0.9999303221702576,
          1.6920065879821777
        ],
        [
          0.0,
          0.0,
          0.0,
          1.0
        ]
      ],
      "matrix_world_from_sensor_bevfusion": [
        [
          0.21108072996139526,
          -0.00653120968490839,
          0.9774468541145325,
          93.78276062011719
        ],
        [
          -0.9774339199066162,
          -0.00983283668756485,
          0.21101225912570953,
          53.42134094238281
        ],
        [
          0.008232910186052322,
          -0.9999303221702576,
          -0.008459348231554031,
          1.6920065879821777
        ],
        [
          0.0,
          0.0,
          0.0,
          1.0
        ]
      ],
      "matrix_ego_from_sensor_carla": [
        [
          -0.5735756158828735,
          -0.8191525936126709,
          8.315843302852954e-08,
          -1.2999935150146484
        ],
        [
          0.8191527128219604,
          -0.5735756158828735,
          -2.5392438374183257e-08,
          0.5500030517578125
        ],
        [
          7.068235419183111e-08,
          5.406010217257062e-08,
          1.0,
          1.6999999284744263
        ],
        [
          0.0,
          0.0,
          0.0,
          1.0
        ]
      ],
      "matrix_ego_from_sensor_bevfusion": [
        [
          -0.8191525936126709,
          -8.315843302852954e-08,
          -0.5735756158828735,
          -1.2999935150146484
        ],
        [
          0.5735756158828735,
          -2.5392438374183257e-08,
          -0.8191527128219604,
          -0.5500030517578125
        ],
        [
          5.406010217257062e-08,
          -1.0,
          7.068235419183111e-08,
          1.6999999284744263
        ],
        [
          0.0,
          0.0,
          0.0,
          1.0
        ]
      ],
      "camera_intrinsics": [
        [
          685.5110473632812,
          0.0,
          480.0
        ],
        [
          0.0,
          685.5110473632812,
          270.0
        ],
        [
          0.0,
          0.0,
          1.0
        ]
      ],
      "data_path": "D:\\Agent-AI\\outputs\\s3a_ml_long_v2\\sample_000049\\images\\CAM_BACK_RIGHT.png",
      "raw_layout": "bgra8"
    },
    "LIDAR_TOP": {
      "type_id": "sensor.lidar.ray_cast",
      "blueprint_attributes": {
        "atmosphere_attenuation_rate": "0.004",
        "role_name": "front",
        "noise_seed": "0",
        "upper_fov": "10.0",
        "ros_name": "sensor.lidar.ray_cast",
        "sensor_tick": "0.100000",
        "channels": "32",
        "range": "120.0",
        "points_per_second": "360000",
        "lower_fov": "-30.0",
        "rotation_frequency": "10.000000",
        "horizontal_fov": "360.0",
        "dropoff_general_rate": "0.0",
        "dropoff_intensity_limit": "1.0",
        "noise_stddev": "0.0",
        "dropoff_zero_intensity": "0.0"
      },
      "transform_carla": {
        "location": {
          "x": 92.45863342285156,
          "y": -53.90636444091797,
          "z": 2.195920705795288
        },
        "rotation": {
          "roll": 0.6676106452941895,
          "pitch": -0.10839509963989258,
          "yaw": -137.1846923828125
        }
      },
      "matrix_world_from_sensor_carla": [
        [
          -0.7335469722747803,
          0.6796073317527771,
          0.006531288381665945,
          92.45863342285156
        ],
        [
          -0.6796361207962036,
          -0.7334834933280945,
          -0.009832799434661865,
          -53.90636444091797
        ],
        [
          -0.0018918502610176802,
          -0.0116517199203372,
          0.9999303221702576,
          2.195920705795288
        ],
        [
          0.0,
          0.0,
          0.0,
          1.0
        ]
      ],
      "matrix_world_from_sensor_bevfusion": [
        [
          -0.7335469722747803,
          -0.6796073317527771,
          0.006531288381665945,
          92.45863342285156
        ],
        [
          0.6796361207962036,
          -0.7334834933280945,
          0.009832799434661865,
          53.90636444091797
        ],
        [
          -0.0018918502610176802,
          0.0116517199203372,
          0.9999303221702576,
          2.195920705795288
        ],
        [
          0.0,
          0.0,
          0.0,
          1.0
        ]
      ],
      "matrix_ego_from_sensor_carla": [
        [
          1.0,
          2.841439084022568e-08,
          3.789230040851521e-11,
          0.0
        ],
        [
          9.315926696729093e-09,
          1.0,
          6.845943256728049e-10,
          -7.62939453125e-06
        ],
        [
          -1.9495456637930175e-10,
          6.845943256728049e-10,
          1.0,
          2.1999998092651367
        ],
        [
          0.0,
          0.0,
          0.0,
          1.0
        ]
      ],
      "matrix_ego_from_sensor_bevfusion": [
        [
          1.0,
          -2.841439084022568e-08,
          3.789230040851521e-11,
          0.0
        ],
        [
          -9.315926696729093e-09,
          1.0,
          -6.845943256728049e-10,
          7.62939453125e-06
        ],
        [
          -1.9495456637930175e-10,
          -6.845943256728049e-10,
          1.0,
          2.1999998092651367
        ],
        [
          0.0,
          0.0,
          0.0,
          1.0
        ]
      ],
      "data_path": "D:\\Agent-AI\\outputs\\s3a_ml_long_v2\\sample_000049\\lidar\\LIDAR_TOP.npy",
      "raw_layout": [
        "x",
        "y",
        "z",
        "intensity"
      ]
    },
    "RADAR_FRONT": {
      "type_id": "sensor.other.radar",
      "blueprint_attributes": {
        "sensor_tick": "0.100000",
        "role_name": "default",
        "noise_seed": "0",
        "ros_name": "sensor.other.radar",
        "horizontal_fov": "35.0",
        "points_per_second": "1500",
        "vertical_fov": "20.0",
        "range": "120.0"
      },
      "transform_carla": {
        "location": {
          "x": 90.98304748535156,
          "y": -55.25285339355469,
          "z": 0.8922275900840759
        },
        "rotation": {
          "roll": 0.6676106452941895,
          "pitch": -0.10839509963989258,
          "yaw": -137.1846923828125
        }
      },
      "matrix_world_from_sensor_carla": [
        [
          -0.7335469722747803,
          0.6796073317527771,
          0.006531288381665945,
          90.98304748535156
        ],
        [
          -0.6796361207962036,
          -0.7334834933280945,
          -0.009832799434661865,
          -55.25285339355469
        ],
        [
          -0.0018918502610176802,
          -0.0116517199203372,
          0.9999303221702576,
          0.8922275900840759
        ],
        [
          0.0,
          0.0,
          0.0,
          1.0
        ]
      ],
      "matrix_world_from_sensor_bevfusion": [
        [
          -0.7335469722747803,
          -0.6796073317527771,
          0.006531288381665945,
          90.98304748535156
        ],
        [
          0.6796361207962036,
          -0.7334834933280945,
          0.009832799434661865,
          55.25285339355469
        ],
        [
          -0.0018918502610176802,
          0.0116517199203372,
          0.9999303221702576,
          0.8922275900840759
        ],
        [
          0.0,
          0.0,
          0.0,
          1.0
        ]
      ],
      "matrix_ego_from_sensor_carla": [
        [
          1.0,
          2.841439084022568e-08,
          3.789230040851521e-11,
          2.0
        ],
        [
          9.315926696729093e-09,
          1.0,
          6.845943256728049e-10,
          -7.62939453125e-06
        ],
        [
          -1.9495456637930175e-10,
          6.845943256728049e-10,
          1.0,
          0.899999737739563
        ],
        [
          0.0,
          0.0,
          0.0,
          1.0
        ]
      ],
      "matrix_ego_from_sensor_bevfusion": [
        [
          1.0,
          -2.841439084022568e-08,
          3.789230040851521e-11,
          2.0
        ],
        [
          -9.315926696729093e-09,
          1.0,
          -6.845943256728049e-10,
          7.62939453125e-06
        ],
        [
          -1.9495456637930175e-10,
          -6.845943256728049e-10,
          1.0,
          0.899999737739563
        ],
        [
          0.0,
          0.0,
          0.0,
          1.0
        ]
      ],
      "data_path": "D:\\Agent-AI\\outputs\\s3a_ml_long_v2\\sample_000049\\radar\\RADAR_FRONT.npy",
      "raw_layout": [
        "velocity",
        "altitude",
        "azimuth",
        "depth"
      ]
    },
    "RADAR_FRONT_LEFT": {
      "type_id": "sensor.other.radar",
      "blueprint_attributes": {
        "sensor_tick": "0.100000",
        "role_name": "default",
        "noise_seed": "0",
        "ros_name": "sensor.other.radar",
        "horizontal_fov": "35.0",
        "points_per_second": "1500",
        "vertical_fov": "20.0",
        "range": "120.0"
      },
      "transform_carla": {
        "location": {
          "x": 90.73008728027344,
          "y": -54.46487045288086,
          "z": 0.9016285538673401
        },
        "rotation": {
          "roll": 0.5487311482429504,
          "pitch": 0.39541327953338623,
          "yaw": 177.8177947998047
        }
      },
      "matrix_world_from_sensor_carla": [
        [
          -0.9992509484291077,
          -0.038141895085573196,
          0.006531217601150274,
          90.73008728027344
        ],
        [
          0.03807668760418892,
          -0.9992265105247498,
          -0.009832842275500298,
          -54.46487045288086
        ],
        [
          0.0069012087769806385,
          -0.00957679096609354,
          0.9999303221702576,
          0.9016285538673401
        ],
        [
          0.0,
          0.0,
          0.0,
          1.0
        ]
      ],
      "matrix_world_from_sensor_bevfusion": [
        [
          -0.9992509484291077,
          0.038141895085573196,
          0.006531217601150274,
          90.73008728027344
        ],
        [
          -0.03807668760418892,
          -0.9992265105247498,
          0.009832842275500298,
          54.46487045288086
        ],
        [
          0.0069012087769806385,
          0.00957679096609354,
          0.9999303221702576,
          0.9016285538673401
        ],
        [
          0.0,
          0.0,
          0.0,
          1.0
        ]
      ],
      "matrix_ego_from_sensor_carla": [
        [
          0.7071061730384827,
          0.707107424736023,
          8.129578787929859e-08,
          1.650003433227539
        ],
        [
          -0.7071073651313782,
          0.7071062922477722,
          -1.6079212628028472e-08,
          -0.75
        ],
        [
          -6.968233634552234e-08,
          -4.5171759666118305e-08,
          1.0,
          0.8999999761581421
        ],
        [
          0.0,
          0.0,
          0.0,
          1.0
        ]
      ],
      "matrix_ego_from_sensor_bevfusion": [
        [
          0.7071061730384827,
          -0.707107424736023,
          8.129578787929859e-08,
          1.650003433227539
        ],
        [
          0.7071073651313782,
          0.7071062922477722,
          1.6079212628028472e-08,
          0.75
        ],
        [
          -6.968233634552234e-08,
          4.5171759666118305e-08,
          1.0,
          0.8999999761581421
        ],
        [
          0.0,
          0.0,
          0.0,
          1.0
        ]
      ],
      "data_path": "D:\\Agent-AI\\outputs\\s3a_ml_long_v2\\sample_000049\\radar\\RADAR_FRONT_LEFT.npy",
      "raw_layout": [
        "velocity",
        "altitude",
        "azimuth",
        "depth"
      ]
    },
    "RADAR_FRONT_RIGHT": {
      "type_id": "sensor.other.radar",
      "blueprint_attributes": {
        "sensor_tick": "0.100000",
        "role_name": "default",
        "noise_seed": "0",
        "ros_name": "sensor.other.radar",
        "horizontal_fov": "35.0",
        "points_per_second": "1500",
        "vertical_fov": "20.0",
        "range": "120.0"
      },
      "transform_carla": {
        "location": {
