{
  "schema_version": "stage1.v1",
  "sample_name": "sample_000023",
  "sequence_index": 23,
  "previous_sample_name": "sample_000022",
  "frame_id": 726296,
  "timestamp": 4999.494624752551,
  "platform_timestamp": 16813376.0591954,
  "delta_seconds": 0.10000000149011612,
  "town": "Carla/Maps/Town10HD_Opt",
  "weather": {
    "cloudiness": 20.0,
    "dust_storm": 0.0,
    "fog_density": 2.0,
    "fog_distance": 0.75,
    "fog_falloff": 0.10000000149011612,
    "mie_scattering_scale": 0.029999999329447746,
    "precipitation": 0.0,
    "precipitation_deposits": 0.0,
    "rayleigh_scattering_scale": 0.03310000151395798,
    "scattering_intensity": 1.0,
    "sun_altitude_angle": 45.0,
    "sun_azimuth_angle": 300.0,
    "wetness": 0.0,
    "wind_intensity": 10.0
  },
  "sensor_names": [
    "CAM_FRONT",
    "CAM_FRONT_RIGHT",
    "CAM_FRONT_LEFT",
    "CAM_BACK",
    "CAM_BACK_LEFT",
    "CAM_BACK_RIGHT",
    "LIDAR_TOP",
    "RADAR_FRONT",
    "RADAR_FRONT_LEFT",
    "RADAR_FRONT_RIGHT",
    "RADAR_BACK_LEFT",
    "RADAR_BACK_RIGHT"
  ],
  "camera_order_for_model": [
    "CAM_FRONT",
    "CAM_FRONT_RIGHT",
    "CAM_FRONT_LEFT",
    "CAM_BACK",
    "CAM_BACK_LEFT",
    "CAM_BACK_RIGHT"
  ],
  "radar_order_for_model": [
    "RADAR_FRONT",
    "RADAR_FRONT_LEFT",
    "RADAR_FRONT_RIGHT",
    "RADAR_BACK_LEFT",
    "RADAR_BACK_RIGHT"
  ],
  "coordinate_notes": {
    "carla_world": "left-handed x-forward y-right z-up",
    "bevfusion_lidar": "x-forward y-left z-up",
    "camera_frame_for_model": "OpenCV style x-right y-down z-forward"
  },
  "ego": {
    "actor_id": 49,
    "transform_carla": {
      "location": {
        "x": 105.05764770507812,
        "y": -32.86460876464844,
        "z": -0.002890739357098937
      },
      "rotation": {
        "roll": 0.040336064994335175,
        "pitch": -0.4490097761154175,
        "yaw": -102.81532287597656
      }
    },
    "velocity_carla": [
      -0.3048126995563507,
      -1.2157162427902222,
      0.0006971263792365789
    ],
    "angular_velocity_carla": [
      -2.8006443977355957,
      0.4706833064556122,
      -2.050837278366089
    ],
    "matrix_world_from_ego_carla": [
      [
        -0.2218024581670761,
        0.9750910997390747,
        -0.0010517735499888659,
        105.05764770507812
      ],
      [
        -0.9750601649284363,
        -0.22180382907390594,
        -0.007797560188919306,
        -32.86460876464844
      ],
      [
        -0.007836618460714817,
        -0.0007039755000732839,
        0.9999690651893616,
        -0.002890739357098937
      ],
      [
        0.0,
        0.0,
        0.0,
        1.0
      ]
    ],
    "matrix_world_from_ego_bevfusion": [
      [
        -0.2218024581670761,
        -0.9750910997390747,
        -0.0010517735499888659,
        105.05764770507812
      ],
      [
        0.9750601649284363,
        -0.22180382907390594,
        0.007797560188919306,
        32.86460876464844
      ],
      [
        -0.007836618460714817,
        0.0007039755000732839,
        0.9999690651893616,
        -0.002890739357098937
      ],
      [
        0.0,
        0.0,
        0.0,
        1.0
      ]
    ]
  },
  "sensors": {
    "CAM_FRONT": {
      "type_id": "sensor.camera.rgb",
      "blueprint_attributes": {
        "role_name": "front",
        "ros_name": "sensor.camera.rgb",
        "chromatic_aberration_offset": "0.0",
        "sensor_tick": "0.100000",
        "fstop": "1.4",
        "image_size_x": "960",
        "image_size_y": "540",
        "fov": "70.00",
        "lens_circle_falloff": "5.0",
        "lens_circle_multiplier": "0.0",
        "exposure_compensation": "0.0",
        "lens_y_size": "0.08",
        "lens_k": "-1.0",
        "exposure_mode": "histogram",
        "lens_kcube": "0.0",
        "lens_x_size": "0.08",
        "exposure_max_bright": "12.0",
        "shutter_speed": "200.0",
        "bloom_intensity": "0.675",
        "iso": "100.0",
        "enable_postprocess_effects": "false",
        "gamma": "2.2",
        "motion_blur_intensity": "0.0",
        "motion_blur_max_distortion": "0.35",
        "lens_flare_intensity": "0.1",
        "motion_blur_min_object_screen_size": "0.1",
        "exposure_min_bright": "10.0",
        "exposure_speed_up": "3.0",
        "exposure_speed_down": "1.0",
        "tint": "0.0",
        "calibration_constant": "16.0",
        "focal_distance": "1000.0",
        "min_fstop": "1.2",
        "blade_count": "5",
        "blur_amount": "0.0",
        "blur_radius": "0.0",
        "slope": "0.88",
        "toe": "0.55",
        "white_clip": "0.04",
        "shoulder": "0.26",
        "black_clip": "0.0",
        "temp": "6500.0",
        "chromatic_aberration_intensity": "0.0"
      },
      "transform_carla": {
        "location": {
          "x": 104.7120590209961,
          "y": -34.38920974731445,
          "z": 1.6849099397659302
        },
        "rotation": {
          "roll": 0.040336064994335175,
          "pitch": -0.4490097761154175,
          "yaw": -102.81532287597656
        }
      },
      "matrix_world_from_sensor_carla": [
        [
          -0.2218024581670761,
          0.9750910997390747,
          -0.0010517735499888659,
          104.7120590209961
        ],
        [
          -0.9750601649284363,
          -0.22180382907390594,
          -0.007797560188919306,
          -34.38920974731445
        ],
        [
          -0.007836618460714817,
          -0.0007039755000732839,
          0.9999690651893616,
          1.6849099397659302
        ],
        [
          0.0,
          0.0,
          0.0,
          1.0
        ]
      ],
      "matrix_world_from_sensor_bevfusion": [
        [
          0.9750910997390747,
          0.0010517735499888659,
          -0.2218024581670761,
          104.7120590209961
        ],
        [
          0.22180382907390594,
          -0.007797560188919306,
          0.9750601649284363,
          34.38920974731445
        ],
        [
          -0.0007039755000732839,
          -0.9999690651893616,
          -0.007836618460714817,
          1.6849099397659302
        ],
        [
          0.0,
          0.0,
          0.0,
          1.0
        ]
      ],
      "matrix_ego_from_sensor_carla": [
        [
          1.0,
          1.2193043907871015e-08,
          -6.50883846819994e-10,
          1.550004005432129
        ],
        [
          -4.0177905447080775e-09,
          1.0000001192092896,
          -5.052585433373835e-11,
          0.0
        ],
        [
          -1.8378498722881886e-10,
          4.9643816835143184e-11,
          1.0,
          1.7000000476837158
        ],
        [
          0.0,
          0.0,
          0.0,
          1.0
        ]
      ],
      "matrix_ego_from_sensor_bevfusion": [
        [
          1.2193043907871015e-08,
          6.50883846819994e-10,
          1.0,
          1.550004005432129
        ],
        [
          -1.0000001192092896,
          -5.052585433373835e-11,
          4.0177905447080775e-09,
          0.0
        ],
        [
          4.9643816835143184e-11,
          -1.0,
          -1.8378498722881886e-10,
          1.7000000476837158
        ],
        [
          0.0,
          0.0,
          0.0,
          1.0
        ]
      ],
      "camera_intrinsics": [
        [
          685.5110473632812,
          0.0,
          480.0
        ],
        [
          0.0,
          685.5110473632812,
          270.0
        ],
        [
          0.0,
          0.0,
          1.0
        ]
      ],
      "data_path": "D:\\Agent-AI\\outputs\\s3a_ml_long_v1\\sample_000023\\images\\CAM_FRONT.png",
      "raw_layout": "bgra8"
    },
    "CAM_FRONT_RIGHT": {
      "type_id": "sensor.camera.rgb",
      "blueprint_attributes": {
        "role_name": "front",
        "ros_name": "sensor.camera.rgb",
        "chromatic_aberration_offset": "0.0",
        "sensor_tick": "0.100000",
        "fstop": "1.4",
        "image_size_x": "960",
        "image_size_y": "540",
        "fov": "70.00",
        "lens_circle_falloff": "5.0",
        "lens_circle_multiplier": "0.0",
        "exposure_compensation": "0.0",
        "lens_y_size": "0.08",
        "lens_k": "-1.0",
        "exposure_mode": "histogram",
        "lens_kcube": "0.0",
        "lens_x_size": "0.08",
        "exposure_max_bright": "12.0",
        "shutter_speed": "200.0",
        "bloom_intensity": "0.675",
        "iso": "100.0",
        "enable_postprocess_effects": "false",
        "gamma": "2.2",
        "motion_blur_intensity": "0.0",
        "motion_blur_max_distortion": "0.35",
        "lens_flare_intensity": "0.1",
        "motion_blur_min_object_screen_size": "0.1",
        "exposure_min_bright": "10.0",
        "exposure_speed_up": "3.0",
        "exposure_speed_down": "1.0",
        "tint": "0.0",
        "calibration_constant": "16.0",
        "focal_distance": "1000.0",
        "min_fstop": "1.2",
        "blade_count": "5",
        "blur_amount": "0.0",
        "blur_radius": "0.0",
        "slope": "0.88",
        "toe": "0.55",
        "white_clip": "0.04",
        "shoulder": "0.26",
        "black_clip": "0.0",
        "temp": "6500.0",
        "chromatic_aberration_intensity": "0.0"
      },
      "transform_carla": {
        "location": {
          "x": 105.30381774902344,
          "y": -34.26743698120117,
          "z": 1.6864819526672363
        },
        "rotation": {
          "roll": -0.34467098116874695,
          "pitch": -0.2905767261981964,
          "yaw": -47.814266204833984
        }
      },
      "matrix_world_from_sensor_carla": [
        [
          0.6715275049209595,
          0.7409788966178894,
          -0.0010517621412873268,
          105.30381774902344
        ],
        [
          -0.7409622669219971,
          0.6715013980865479,
          -0.0077974675223231316,
          -34.26743698120117
        ],
        [
          -0.005071498453617096,
          0.006015529856085777,
          0.9999690055847168,
          1.6864819526672363
        ],
        [
          0.0,
          0.0,
          0.0,
          1.0
        ]
      ],
      "matrix_world_from_sensor_bevfusion": [
        [
          0.7409788966178894,
          0.0010517621412873268,
          0.6715275049209595,
          105.30381774902344
        ],
        [
          -0.6715013980865479,
          -0.0077974675223231316,
          0.7409622669219971,
          34.26743698120117
        ],
        [
          0.006015529856085777,
          -0.9999690055847168,
          -0.005071498453617096,
          1.6864819526672363
        ],
        [
          0.0,
          0.0,
          0.0,
          1.0
        ]
      ],
      "matrix_ego_from_sensor_carla": [
        [
          0.5735760927200317,
          -0.819152295589447,
          -9.238471676553672e-08,
          1.3000030517578125
        ],
        [
          0.819152295589447,
          0.5735760927200317,
          -9.37999899974784e-09,
          0.5500030517578125
        ],
        [
          6.126190044142277e-08,
          -7.096382859117512e-08,
          0.9999999403953552,
          1.7000000476837158
        ],
        [
          0.0,
          0.0,
          0.0,
          1.0
        ]
      ],
      "matrix_ego_from_sensor_bevfusion": [
        [
          -0.819152295589447,
          9.238471676553672e-08,
          0.5735760927200317,
          1.3000030517578125
        ],
        [
          -0.5735760927200317,
          -9.37999899974784e-09,
          -0.819152295589447,
          -0.5500030517578125
        ],
        [
          -7.096382859117512e-08,
          -0.9999999403953552,
          6.126190044142277e-08,
          1.7000000476837158
        ],
        [
          0.0,
          0.0,
          0.0,
          1.0
        ]
      ],
      "camera_intrinsics": [
        [
          685.5110473632812,
          0.0,
          480.0
        ],
        [
          0.0,
          685.5110473632812,
          270.0
        ],
        [
          0.0,
          0.0,
          1.0
        ]
      ],
      "data_path": "D:\\Agent-AI\\outputs\\s3a_ml_long_v1\\sample_000023\\images\\CAM_FRONT_RIGHT.png",
      "raw_layout": "bgra8"
    },
    "CAM_FRONT_LEFT": {
      "type_id": "sensor.camera.rgb",
      "blueprint_attributes": {
        "role_name": "front",
        "ros_name": "sensor.camera.rgb",
        "chromatic_aberration_offset": "0.0",
        "sensor_tick": "0.100000",
        "fstop": "1.4",
        "image_size_x": "960",
        "image_size_y": "540",
        "fov": "70.00",
        "lens_circle_falloff": "5.0",
        "lens_circle_multiplier": "0.0",
        "exposure_compensation": "0.0",
        "lens_y_size": "0.08",
        "lens_k": "-1.0",
        "exposure_mode": "histogram",
        "lens_kcube": "0.0",
        "lens_x_size": "0.08",
        "exposure_max_bright": "12.0",
        "shutter_speed": "200.0",
        "bloom_intensity": "0.675",
        "iso": "100.0",
        "enable_postprocess_effects": "false",
        "gamma": "2.2",
        "motion_blur_intensity": "0.0",
        "motion_blur_max_distortion": "0.35",
        "lens_flare_intensity": "0.1",
        "motion_blur_min_object_screen_size": "0.1",
        "exposure_min_bright": "10.0",
        "exposure_speed_up": "3.0",
        "exposure_speed_down": "1.0",
        "tint": "0.0",
        "calibration_constant": "16.0",
        "focal_distance": "1000.0",
        "min_fstop": "1.2",
        "blade_count": "5",
        "blur_amount": "0.0",
        "blur_radius": "0.0",
        "slope": "0.88",
        "toe": "0.55",
        "white_clip": "0.04",
        "shoulder": "0.26",
        "black_clip": "0.0",
        "temp": "6500.0",
        "chromatic_aberration_intensity": "0.0"
      },
      "transform_carla": {
        "location": {
          "x": 104.23120880126953,
          "y": -34.02345275878906,
          "z": 1.6872563362121582
        },
        "rotation": {
          "roll": 0.39094075560569763,
          "pitch": -0.22449465095996857,
          "yaw": -157.81591796875
        }
      },
      "matrix_world_from_sensor_carla": [
        [
          -0.9259684085845947,
          0.3775995075702667,
          -0.001051726983860135,
          104.23120880126953
        ],
        [
          -0.3775806427001953,
          -0.9259438514709473,
          -0.007797468453645706,
          -34.02345275878906
        ],
        [
          -0.003918160684406757,
          -0.006823097821325064,
          0.9999690055847168,
          1.6872563362121582
        ],
        [
          0.0,
          0.0,
          0.0,
          1.0
        ]
      ],
      "matrix_world_from_sensor_bevfusion": [
        [
          0.3775995075702667,
          0.001051726983860135,
          -0.9259684085845947,
          104.23120880126953
        ],
        [
          0.9259438514709473,
          -0.007797468453645706,
          0.3775806427001953,
          34.02345275878906
        ],
        [
          -0.006823097821325064,
          -0.9999690055847168,
          -0.003918160684406757,
          1.6872563362121582
        ],
        [
          0.0,
          0.0,
          0.0,
          1.0
        ]
      ],
      "matrix_ego_from_sensor_carla": [
        [
          0.5735765695571899,
          0.8191518783569336,
          -9.983529736246055e-08,
          1.3000049591064453
        ],
        [
          -0.8191519379615784,
          0.5735766291618347,
          2.5020728600111397e-08,
          -0.5500030517578125
        ],
        [
          7.720327488414114e-08,
          6.712292588417768e-08,
          0.9999999403953552,
          1.7000000476837158
        ],
        [
          0.0,
          0.0,
          0.0,
          1.0
        ]
      ],
      "matrix_ego_from_sensor_bevfusion": [
        [
          0.8191518783569336,
          9.983529736246055e-08,
          0.5735765695571899,
          1.3000049591064453
        ],
        [
          -0.5735766291618347,
          2.5020728600111397e-08,
          0.8191519379615784,
          0.5500030517578125
        ],
        [
          6.712292588417768e-08,
          -0.9999999403953552,
          7.720327488414114e-08,
          1.7000000476837158
        ],
        [
          0.0,
          0.0,
          0.0,
          1.0
        ]
      ],
      "camera_intrinsics": [
        [
          685.5110473632812,
          0.0,
          480.0
        ],
        [
          0.0,
          685.5110473632812,
          270.0
        ],
        [
          0.0,
          0.0,
          1.0
        ]
      ],
      "data_path": "D:\\Agent-AI\\outputs\\s3a_ml_long_v1\\sample_000023\\images\\CAM_FRONT_LEFT.png",
      "raw_layout": "bgra8"
    },
    "CAM_BACK": {
      "type_id": "sensor.camera.rgb",
      "blueprint_attributes": {
        "role_name": "front",
        "ros_name": "sensor.camera.rgb",
        "chromatic_aberration_offset": "0.0",
        "sensor_tick": "0.100000",
        "fstop": "1.4",
        "image_size_x": "960",
        "image_size_y": "540",
        "fov": "70.00",
        "lens_circle_falloff": "5.0",
        "lens_circle_multiplier": "0.0",
        "exposure_compensation": "0.0",
        "lens_y_size": "0.08",
        "lens_k": "-1.0",
        "exposure_mode": "histogram",
        "lens_kcube": "0.0",
        "lens_x_size": "0.08",
        "exposure_max_bright": "12.0",
        "shutter_speed": "200.0",
        "bloom_intensity": "0.675",
        "iso": "100.0",
        "enable_postprocess_effects": "false",
        "gamma": "2.2",
        "motion_blur_intensity": "0.0",
        "motion_blur_max_distortion": "0.35",
        "lens_flare_intensity": "0.1",
        "motion_blur_min_object_screen_size": "0.1",
        "exposure_min_bright": "10.0",
        "exposure_speed_up": "3.0",
        "exposure_speed_down": "1.0",
        "tint": "0.0",
        "calibration_constant": "16.0",
        "focal_distance": "1000.0",
        "min_fstop": "1.2",
        "blade_count": "5",
        "blur_amount": "0.0",
        "blur_radius": "0.0",
        "slope": "0.88",
        "toe": "0.55",
        "white_clip": "0.04",
        "shoulder": "0.26",
        "black_clip": "0.0",
        "temp": "6500.0",
        "chromatic_aberration_intensity": "0.0"
      },
      "transform_carla": {
        "location": {
          "x": 105.39964294433594,
          "y": -31.366519927978516,
          "z": 1.7092031240463257
        },
        "rotation": {
          "roll": -0.04033590853214264,
          "pitch": 0.4490097761154175,
          "yaw": 77.1846694946289
        }
      },
      "matrix_world_from_sensor_carla": [
        [
          0.22180260717868805,
          -0.9750910401344299,
          -0.001051777508109808,
          105.39964294433594
        ],
        [
          0.9750601053237915,
          0.22180397808551788,
          -0.007797559257596731,
          -31.366519927978516
        ],
        [
          0.007836618460714817,
          0.000703972764313221,
          0.9999690651893616,
          1.7092031240463257
        ],
        [
          0.0,
          0.0,
          0.0,
          1.0
        ]
      ],
      "matrix_world_from_sensor_bevfusion": [
        [
          -0.9750910401344299,
          0.001051777508109808,
          0.22180260717868805,
          105.39964294433594
        ],
        [
          -0.22180397808551788,
          -0.007797559257596731,
          -0.9750601053237915,
          31.366519927978516
        ],
        [
          0.000703972764313221,
          -0.9999690651893616,
          0.007836618460714817,
          1.7092031240463257
        ],
        [
          0.0,
          0.0,
          0.0,
          1.0
        ]
      ],
      "matrix_ego_from_sensor_carla": [
        [
          -0.9999999403953552,
          -1.7236818905530527e-07,
          -6.50883846819994e-10,
          -1.5499987602233887
        ],
        [
          1.6624981924451276e-07,
          -1.0,
          -4.1250620697041995e-09,
          -7.62939453125e-06
        ],
        [
          1.8378498722881886e-10,
          -3.949472304753954e-09,
          1.0,
          1.6999996900558472
        ],
        [
          0.0,
          0.0,
          0.0,
          1.0
        ]
      ],
      "matrix_ego_from_sensor_bevfusion": [
        [
          -1.7236818905530527e-07,
          6.50883846819994e-10,
          -0.9999999403953552,
          -1.5499987602233887
        ],
        [
          1.0,
          -4.1250620697041995e-09,
          -1.6624981924451276e-07,
          7.62939453125e-06
        ],
        [
          -3.949472304753954e-09,
          -1.0,
          1.8378498722881886e-10,
          1.6999996900558472
        ],
        [
          0.0,
          0.0,
          0.0,
          1.0
        ]
      ],
      "camera_intrinsics": [
        [
          685.5110473632812,
          0.0,
          480.0
        ],
        [
          0.0,
          685.5110473632812,
          270.0
        ],
        [
          0.0,
          0.0,
          1.0
        ]
      ],
      "data_path": "D:\\Agent-AI\\outputs\\s3a_ml_long_v1\\sample_000023\\images\\CAM_BACK.png",
      "raw_layout": "bgra8"
    },
    "CAM_BACK_LEFT": {
      "type_id": "sensor.camera.rgb",
      "blueprint_attributes": {
        "role_name": "front",
        "ros_name": "sensor.camera.rgb",
        "chromatic_aberration_offset": "0.0",
        "sensor_tick": "0.100000",
        "fstop": "1.4",
        "image_size_x": "960",
        "image_size_y": "540",
        "fov": "70.00",
        "lens_circle_falloff": "5.0",
        "lens_circle_multiplier": "0.0",
        "exposure_compensation": "0.0",
        "lens_y_size": "0.08",
        "lens_k": "-1.0",
        "exposure_mode": "histogram",
        "lens_kcube": "0.0",
        "lens_x_size": "0.08",
        "exposure_max_bright": "12.0",
        "shutter_speed": "200.0",
        "bloom_intensity": "0.675",
        "iso": "100.0",
        "enable_postprocess_effects": "false",
        "gamma": "2.2",
        "motion_blur_intensity": "0.0",
        "motion_blur_max_distortion": "0.35",
        "lens_flare_intensity": "0.1",
        "motion_blur_min_object_screen_size": "0.1",
        "exposure_min_bright": "10.0",
        "exposure_speed_up": "3.0",
        "exposure_speed_down": "1.0",
        "tint": "0.0",
        "calibration_constant": "16.0",
        "focal_distance": "1000.0",
        "min_fstop": "1.2",
        "blade_count": "5",
        "blur_amount": "0.0",
        "blur_radius": "0.0",
        "slope": "0.88",
        "toe": "0.55",
        "white_clip": "0.04",
        "shoulder": "0.26",
        "black_clip": "0.0",
        "temp": "6500.0",
        "chromatic_aberration_intensity": "0.0"
      },
      "transform_carla": {
        "location": {
          "x": 104.80789947509766,
          "y": -31.48829460144043,
          "z": 1.7076313495635986
        },
        "rotation": {
          "roll": 0.34467101097106934,
          "pitch": 0.2905767261981964,
          "yaw": 132.18572998046875
        }
      },
      "matrix_world_from_sensor_carla": [
        [
          -0.6715274453163147,
          -0.7409789562225342,
          -0.0010517635382711887,
          104.80789947509766
        ],
        [
          0.7409623265266418,
          -0.6715013384819031,
          -0.0077974675223231316,
          -31.48829460144043
        ],
        [
          0.005071498453617096,
          -0.006015530321747065,
          0.9999690055847168,
          1.7076313495635986
        ],
        [
          0.0,
          0.0,
          0.0,
          1.0
        ]
      ],
      "matrix_world_from_sensor_bevfusion": [
        [
          -0.7409789562225342,
          0.0010517635382711887,
          -0.6715274453163147,
          104.80789947509766
        ],
        [
          0.6715013384819031,
          -0.0077974675223231316,
          -0.7409623265266418,
          31.48829460144043
        ],
        [
          -0.006015530321747065,
          -0.9999690055847168,
          0.005071498453617096,
          1.7076313495635986
        ],
        [
          0.0,
          0.0,
          0.0,
          1.0
        ]
      ],
      "matrix_ego_from_sensor_carla": [
        [
          -0.5735761523246765,
          0.8191522359848022,
          -9.238471676553672e-08,
          -1.2999982833862305
        ],
        [
          -0.8191522359848022,
          -0.5735761523246765,
          -1.0776982861671058e-08,
          -0.5500030517578125
        ],
        [
          -6.219322301603825e-08,
          7.003252022741435e-08,
          0.9999999403953552,
          1.6999998092651367
        ],
        [
          0.0,
          0.0,
          0.0,
          1.0
        ]
      ],
      "matrix_ego_from_sensor_bevfusion": [
        [
          0.8191522359848022,
          9.238471676553672e-08,
          -0.5735761523246765,
          -1.2999982833862305
        ],
        [
          0.5735761523246765,
          -1.0776982861671058e-08,
          0.8191522359848022,
          0.5500030517578125
        ],
        [
          7.003252022741435e-08,
          -0.9999999403953552,
          -6.219322301603825e-08,
          1.6999998092651367
        ],
        [
          0.0,
          0.0,
          0.0,
          1.0
        ]
      ],
      "camera_intrinsics": [
        [
          685.5110473632812,
          0.0,
          480.0
        ],
        [
          0.0,
          685.5110473632812,
          270.0
        ],
        [
          0.0,
          0.0,
          1.0
        ]
      ],
      "data_path": "D:\\Agent-AI\\outputs\\s3a_ml_long_v1\\sample_000023\\images\\CAM_BACK_LEFT.png",
      "raw_layout": "bgra8"
    },
    "CAM_BACK_RIGHT": {
      "type_id": "sensor.camera.rgb",
      "blueprint_attributes": {
        "role_name": "front",
        "ros_name": "sensor.camera.rgb",
        "chromatic_aberration_offset": "0.0",
        "sensor_tick": "0.100000",
        "fstop": "1.4",
        "image_size_x": "960",
        "image_size_y": "540",
        "fov": "70.00",
        "lens_circle_falloff": "5.0",
        "lens_circle_multiplier": "0.0",
        "exposure_compensation": "0.0",
        "lens_y_size": "0.08",
        "lens_k": "-1.0",
        "exposure_mode": "histogram",
        "lens_kcube": "0.0",
        "lens_x_size": "0.08",
        "exposure_max_bright": "12.0",
        "shutter_speed": "200.0",
        "bloom_intensity": "0.675",
        "iso": "100.0",
        "enable_postprocess_effects": "false",
        "gamma": "2.2",
        "motion_blur_intensity": "0.0",
        "motion_blur_max_distortion": "0.35",
        "lens_flare_intensity": "0.1",
        "motion_blur_min_object_screen_size": "0.1",
        "exposure_min_bright": "10.0",
        "exposure_speed_up": "3.0",
        "exposure_speed_down": "1.0",
        "tint": "0.0",
        "calibration_constant": "16.0",
        "focal_distance": "1000.0",
        "min_fstop": "1.2",
        "blade_count": "5",
        "blur_amount": "0.0",
        "blur_radius": "0.0",
        "slope": "0.88",
        "toe": "0.55",
        "white_clip": "0.04",
        "shoulder": "0.26",
        "black_clip": "0.0",
        "temp": "6500.0",
        "chromatic_aberration_intensity": "0.0"
      },
      "transform_carla": {
        "location": {
          "x": 105.8804931640625,
          "y": -31.732276916503906,
          "z": 1.7068568468093872
        },
        "rotation": {
          "roll": -0.39094075560569763,
          "pitch": 0.22449465095996857,
          "yaw": 22.184059143066406
        }
      },
      "matrix_world_from_sensor_carla": [
        [
          0.925968587398529,
          -0.37759914994239807,
          -0.0010517300106585026,
          105.8804931640625
        ],
        [
          0.37758028507232666,
          0.9259440302848816,
          -0.007797468453645706,
          -31.732276916503906
        ],
        [
          0.003918160684406757,
          0.006823097821325064,
          0.9999690055847168,
          1.7068568468093872
        ],
        [
          0.0,
          0.0,
          0.0,
          1.0
        ]
      ],
      "matrix_world_from_sensor_bevfusion": [
        [
          -0.37759914994239807,
          0.0010517300106585026,
          0.925968587398529,
          105.8804931640625
        ],
        [
          -0.9259440302848816,
          -0.007797468453645706,
          -0.37758028507232666,
          31.732276916503906
        ],
        [
          0.006823097821325064,
          -0.9999690055847168,
          0.003918160684406757,
          1.7068568468093872
        ],
        [
          0.0,
          0.0,
          0.0,
          1.0
        ]
      ],
      "matrix_ego_from_sensor_carla": [
        [
          -0.5735762715339661,
          -0.8191521167755127,
          -9.890397478784507e-08,
          -1.2999982833862305
        ],
        [
          0.8191521763801575,
          -0.5735762715339661,
          2.2110345554438027e-08,
          0.5499954223632812
        ],
        [
          -7.487496844760244e-08,
          -6.898557103340863e-08,
          0.9999999403953552,
          1.6999996900558472
        ],
        [
          0.0,
          0.0,
          0.0,
          1.0
        ]
      ],
      "matrix_ego_from_sensor_bevfusion": [
        [
          -0.8191521167755127,
          9.890397478784507e-08,
          -0.5735762715339661,
          -1.2999982833862305
        ],
        [
          0.5735762715339661,
          2.2110345554438027e-08,
          -0.8191521763801575,
          -0.5499954223632812
        ],
        [
          -6.898557103340863e-08,
          -0.9999999403953552,
          -7.487496844760244e-08,
          1.6999996900558472
        ],
        [
          0.0,
          0.0,
          0.0,
          1.0
        ]
      ],
      "camera_intrinsics": [
        [
          685.5110473632812,
          0.0,
          480.0
        ],
        [
          0.0,
          685.5110473632812,
          270.0
        ],
        [
          0.0,
          0.0,
          1.0
        ]
      ],
      "data_path": "D:\\Agent-AI\\outputs\\s3a_ml_long_v1\\sample_000023\\images\\CAM_BACK_RIGHT.png",
      "raw_layout": "bgra8"
    },
    "LIDAR_TOP": {
      "type_id": "sensor.lidar.ray_cast",
      "blueprint_attributes": {
        "atmosphere_attenuation_rate": "0.004",
        "role_name": "front",
        "noise_seed": "0",
        "upper_fov": "10.0",
        "ros_name": "sensor.lidar.ray_cast",
        "sensor_tick": "0.100000",
        "channels": "32",
        "range": "120.0",
        "points_per_second": "360000",
        "lower_fov": "-30.0",
        "rotation_frequency": "10.000000",
        "horizontal_fov": "360.0",
        "dropoff_general_rate": "0.0",
        "dropoff_intensity_limit": "1.0",
        "noise_stddev": "0.0",
        "dropoff_zero_intensity": "0.0"
      },
      "transform_carla": {
        "location": {
          "x": 105.05532836914062,
          "y": -32.88176345825195,
          "z": 2.1970410346984863
        },
        "rotation": {
          "roll": 0.040336064994335175,
          "pitch": -0.4490097761154175,
          "yaw": -102.81532287597656
        }
      },
      "matrix_world_from_sensor_carla": [
        [
          -0.2218024581670761,
          0.9750910997390747,
          -0.0010517735499888659,
          105.05532836914062
        ],
        [
          -0.9750601649284363,
          -0.22180382907390594,
          -0.007797560188919306,
          -32.88176345825195
        ],
        [
          -0.007836618460714817,
          -0.0007039755000732839,
          0.9999690651893616,
          2.1970410346984863
        ],
        [
          0.0,
          0.0,
          0.0,
          1.0
        ]
      ],
      "matrix_world_from_sensor_bevfusion": [
        [
          -0.2218024581670761,
          -0.9750910997390747,
          -0.0010517735499888659,
          105.05532836914062
        ],
        [
          0.9750601649284363,
          -0.22180382907390594,
          0.007797560188919306,
          32.88176345825195
        ],
        [
          -0.007836618460714817,
          0.0007039755000732839,
          0.9999690651893616,
          2.1970410346984863
        ],
        [
          0.0,
          0.0,
          0.0,
          1.0
        ]
      ],
      "matrix_ego_from_sensor_carla": [
        [
          1.0,
          1.2193043907871015e-08,
          -6.50883846819994e-10,
          1.9073486328125e-06
        ],
        [
          -4.0177905447080775e-09,
          1.0000001192092896,
          -5.052585433373835e-11,
          -7.62939453125e-06
        ],
        [
          -1.8378498722881886e-10,
          4.9643816835143184e-11,
          1.0,
          2.1999998092651367
        ],
        [
          0.0,
          0.0,
          0.0,
          1.0
        ]
      ],
      "matrix_ego_from_sensor_bevfusion": [
        [
          1.0,
          -1.2193043907871015e-08,
          -6.50883846819994e-10,
          1.9073486328125e-06
        ],
        [
          4.0177905447080775e-09,
          1.0000001192092896,
          5.052585433373835e-11,
          7.62939453125e-06
        ],
        [
          -1.8378498722881886e-10,
          -4.9643816835143184e-11,
          1.0,
          2.1999998092651367
        ],
        [
          0.0,
          0.0,
          0.0,
          1.0
        ]
      ],
      "data_path": "D:\\Agent-AI\\outputs\\s3a_ml_long_v1\\sample_000023\\lidar\\LIDAR_TOP.npy",
      "raw_layout": [
        "x",
        "y",
        "z",
        "intensity"
      ]
    },
    "RADAR_FRONT": {
      "type_id": "sensor.other.radar",
      "blueprint_attributes": {
        "sensor_tick": "0.100000",
        "role_name": "default",
        "noise_seed": "0",
        "ros_name": "sensor.other.radar",
        "horizontal_fov": "35.0",
        "points_per_second": "1500",
        "vertical_fov": "20.0",
        "range": "120.0"
      },
      "transform_carla": {
        "location": {
          "x": 104.61309051513672,
          "y": -34.821746826171875,
          "z": 0.8814082145690918
        },
        "rotation": {
          "roll": 0.040336064994335175,
          "pitch": -0.4490097761154175,
          "yaw": -102.81532287597656
        }
      },
      "matrix_world_from_sensor_carla": [
        [
          -0.2218024581670761,
          0.9750910997390747,
          -0.0010517735499888659,
          104.61309051513672
        ],
        [
          -0.9750601649284363,
          -0.22180382907390594,
          -0.007797560188919306,
          -34.821746826171875
        ],
        [
          -0.007836618460714817,
          -0.0007039755000732839,
          0.9999690651893616,
          0.8814082145690918
        ],
        [
          0.0,
          0.0,
          0.0,
          1.0
        ]
      ],
      "matrix_world_from_sensor_bevfusion": [
        [
          -0.2218024581670761,
          -0.9750910997390747,
          -0.0010517735499888659,
          104.61309051513672
        ],
        [
          0.9750601649284363,
          -0.22180382907390594,
          0.007797560188919306,
          34.821746826171875
        ],
        [
          -0.007836618460714817,
          0.0007039755000732839,
          0.9999690651893616,
          0.8814082145690918
        ],
        [
          0.0,
          0.0,
          0.0,
          1.0
        ]
      ],
      "matrix_ego_from_sensor_carla": [
        [
          1.0,
          1.2193043907871015e-08,
          -6.50883846819994e-10,
          2.0000009536743164
        ],
        [
          -4.0177905447080775e-09,
          1.0000001192092896,
          -5.052585433373835e-11,
          0.0
        ],
        [
          -1.8378498722881886e-10,
          4.9643816835143184e-11,
          1.0,
          0.8999999761581421
        ],
        [
          0.0,
          0.0,
          0.0,
          1.0
        ]
      ],
      "matrix_ego_from_sensor_bevfusion": [
        [
          1.0,
          -1.2193043907871015e-08,
          -6.50883846819994e-10,
          2.0000009536743164
        ],
        [
          4.0177905447080775e-09,
          1.0000001192092896,
          5.052585433373835e-11,
          0.0
        ],
        [
          -1.8378498722881886e-10,
          -4.9643816835143184e-11,
          1.0,
          0.8999999761581421
        ],
        [
          0.0,
          0.0,
          0.0,
          1.0
        ]
      ],
      "data_path": "D:\\Agent-AI\\outputs\\s3a_ml_long_v1\\sample_000023\\radar\\RADAR_FRONT.npy",
      "raw_layout": [
        "velocity",
        "altitude",
        "azimuth",
        "depth"
      ]
    },
    "RADAR_FRONT_LEFT": {
      "type_id": "sensor.other.radar",
      "blueprint_attributes": {
        "sensor_tick": "0.100000",
        "role_name": "default",
        "noise_seed": "0",
        "ros_name": "sensor.other.radar",
        "horizontal_fov": "35.0",
        "points_per_second": "1500",
        "vertical_fov": "20.0",
        "range": "120.0"
      },
      "transform_carla": {
        "location": {
          "x": 103.95940399169922,
          "y": -34.31412124633789,
          "z": 0.8846790790557861
        },
        "rotation": {
          "roll": 0.3460187315940857,
          "pitch": -0.28896480798721313,
          "yaw": -147.8159942626953
        }
      },
      "matrix_world_from_sensor_carla": [
        [
          -0.8463311195373535,
          0.5326561331748962,
          -0.0010516515467315912,
          103.95940399169922
        ],
        [
          -0.532633364200592,
          -0.8463101983070374,
          -0.00779741769656539,
          -34.31412124633789
        ],
        [
          -0.005043365992605686,
          -0.00603905227035284,
          0.9999690651893616,
          0.8846790790557861
        ],
        [
          0.0,
          0.0,
          0.0,
          1.0
        ]
      ],
      "matrix_world_from_sensor_bevfusion": [
        [
          -0.8463311195373535,
          -0.5326561331748962,
          -0.0010516515467315912,
          103.95940399169922
        ],
        [
          0.532633364200592,
          -0.8463101983070374,
          0.00779741769656539,
          34.31412124633789
        ],
        [
          -0.005043365992605686,
          0.00603905227035284,
          0.9999690651893616,
          0.8846790790557861
        ],
        [
          0.0,
          0.0,
          0.0,
          1.0
        ]
      ],
      "matrix_ego_from_sensor_carla": [
        [
          0.7071073651313782,
          0.7071062326431274,
          -1.6642630384922086e-07,
          1.6499996185302734
        ],
        [
          -0.7071062326431274,
          0.7071072459220886,
          8.731917233717468e-08,
          -0.7500076293945312
        ],
        [
          1.7913357908128091e-07,
          5.5860411407593347e-08,
          1.0,
          0.9000000953674316
        ],
        [
          0.0,
          0.0,
          0.0,
          1.0
        ]
      ],
      "matrix_ego_from_sensor_bevfusion": [
        [
          0.7071073651313782,
          -0.7071062326431274,
          -1.6642630384922086e-07,
          1.6499996185302734
        ],
        [
          0.7071062326431274,
          0.7071072459220886,
          -8.731917233717468e-08,
          0.7500076293945312
        ],
        [
          1.7913357908128091e-07,
          -5.5860411407593347e-08,
          1.0,
          0.9000000953674316
        ],
        [
          0.0,
          0.0,
          0.0,
          1.0
        ]
      ],
      "data_path": "D:\\Agent-AI\\outputs\\s3a_ml_long_v1\\sample_000023\\radar\\RADAR_FRONT_LEFT.npy",
      "raw_layout": [
        "velocity",
        "altitude",
        "azimuth",
        "depth"
      ]
    },
    "RADAR_FRONT_RIGHT": {
