{
  "schema_version": "stage1.v1",
  "sample_name": "sample_000006",
  "sequence_index": 6,
  "previous_sample_name": "sample_000005",
  "frame_id": 60007,
  "timestamp": 435.6197007596493,
  "platform_timestamp": 16814563.4154209,
  "delta_seconds": 0.10000000149011612,
  "town": "Carla/Maps/Town10HD_Opt",
  "weather": {
    "cloudiness": 20.0,
    "dust_storm": 0.0,
    "fog_density": 2.0,
    "fog_distance": 0.75,
    "fog_falloff": 0.10000000149011612,
    "mie_scattering_scale": 0.029999999329447746,
    "precipitation": 0.0,
    "precipitation_deposits": 0.0,
    "rayleigh_scattering_scale": 0.03310000151395798,
    "scattering_intensity": 1.0,
    "sun_altitude_angle": 45.0,
    "sun_azimuth_angle": 300.0,
    "wetness": 0.0,
    "wind_intensity": 10.0
  },
  "sensor_names": [
    "CAM_FRONT",
    "CAM_FRONT_RIGHT",
    "CAM_FRONT_LEFT",
    "CAM_BACK",
    "CAM_BACK_LEFT",
    "CAM_BACK_RIGHT",
    "LIDAR_TOP",
    "RADAR_FRONT",
    "RADAR_FRONT_LEFT",
    "RADAR_FRONT_RIGHT",
    "RADAR_BACK_LEFT",
    "RADAR_BACK_RIGHT"
  ],
  "camera_order_for_model": [
    "CAM_FRONT",
    "CAM_FRONT_RIGHT",
    "CAM_FRONT_LEFT",
    "CAM_BACK",
    "CAM_BACK_LEFT",
    "CAM_BACK_RIGHT"
  ],
  "radar_order_for_model": [
    "RADAR_FRONT",
    "RADAR_FRONT_LEFT",
    "RADAR_FRONT_RIGHT",
    "RADAR_BACK_LEFT",
    "RADAR_BACK_RIGHT"
  ],
  "coordinate_notes": {
    "carla_world": "left-handed x-forward y-right z-up",
    "bevfusion_lidar": "x-forward y-left z-up",
    "camera_frame_for_model": "OpenCV style x-right y-down z-forward"
  },
  "ego": {
    "actor_id": 28,
    "transform_carla": {
      "location": {
        "x": 106.33378601074219,
        "y": -23.70038604736328,
        "z": -0.005285072140395641
      },
      "rotation": {
        "roll": 0.18814212083816528,
        "pitch": 0.2835621237754822,
        "yaw": -91.84999084472656
      }
    },
    "velocity_carla": [
      -0.35356199741363525,
      -5.686525821685791,
      -0.0003416919498704374
    ],
    "angular_velocity_carla": [
      -0.8469774127006531,
      1.937606930732727,
      -8.138679504394531
    ],
    "matrix_world_from_ego_carla": [
      [
        -0.032282471656799316,
        0.9994728565216064,
        0.003441751468926668,
        106.33378601074219
      ],
      [
        -0.9994665384292603,
        -0.03229893743991852,
        0.0048404596745967865,
        -23.70038604736328
      ],
      [
        0.00494907284155488,
        -0.0032836536411195993,
        0.9999824166297913,
        -0.005285072140395641
      ],
      [
        0.0,
        0.0,
        0.0,
        1.0
      ]
    ],
    "matrix_world_from_ego_bevfusion": [
      [
        -0.032282471656799316,
        -0.9994728565216064,
        0.003441751468926668,
        106.33378601074219
      ],
      [
        0.9994665384292603,
        -0.03229893743991852,
        -0.0048404596745967865,
        23.70038604736328
      ],
      [
        0.00494907284155488,
        0.0032836536411195993,
        0.9999824166297913,
        -0.005285072140395641
      ],
      [
        0.0,
        0.0,
        0.0,
        1.0
      ]
    ]
  },
  "sensors": {
    "CAM_FRONT": {
      "type_id": "sensor.camera.rgb",
      "blueprint_attributes": {
        "role_name": "front",
        "ros_name": "sensor.camera.rgb",
        "chromatic_aberration_offset": "0.0",
        "sensor_tick": "0.100000",
        "fstop": "1.4",
        "image_size_x": "960",
        "image_size_y": "540",
        "fov": "70.00",
        "lens_circle_falloff": "5.0",
        "lens_circle_multiplier": "0.0",
        "exposure_compensation": "0.0",
        "lens_y_size": "0.08",
        "lens_k": "-1.0",
        "exposure_mode": "histogram",
        "lens_kcube": "0.0",
        "lens_x_size": "0.08",
        "exposure_max_bright": "12.0",
        "shutter_speed": "200.0",
        "bloom_intensity": "0.675",
        "iso": "100.0",
        "enable_postprocess_effects": "false",
        "gamma": "2.2",
        "motion_blur_intensity": "0.0",
        "motion_blur_max_distortion": "0.35",
        "lens_flare_intensity": "0.1",
        "motion_blur_min_object_screen_size": "0.1",
        "exposure_min_bright": "10.0",
        "exposure_speed_up": "3.0",
        "exposure_speed_down": "1.0",
        "tint": "0.0",
        "calibration_constant": "16.0",
        "focal_distance": "1000.0",
        "min_fstop": "1.2",
        "blade_count": "5",
        "blur_amount": "0.0",
        "blur_radius": "0.0",
        "slope": "0.88",
        "toe": "0.55",
        "white_clip": "0.04",
        "shoulder": "0.26",
        "black_clip": "0.0",
        "temp": "6500.0",
        "chromatic_aberration_intensity": "0.0"
      },
      "transform_carla": {
        "location": {
          "x": 106.28959655761719,
          "y": -25.241329193115234,
          "z": 1.7023561000823975
        },
        "rotation": {
          "roll": 0.18814212083816528,
          "pitch": 0.2835621237754822,
          "yaw": -91.84999084472656
        }
      },
      "matrix_world_from_sensor_carla": [
        [
          -0.032282471656799316,
          0.9994728565216064,
          0.003441751468926668,
          106.28959655761719
        ],
        [
          -0.9994665384292603,
          -0.03229893743991852,
          0.0048404596745967865,
          -25.241329193115234
        ],
        [
          0.00494907284155488,
          -0.0032836536411195993,
          0.9999824166297913,
          1.7023561000823975
        ],
        [
          0.0,
          0.0,
          0.0,
          1.0
        ]
      ],
      "matrix_world_from_sensor_bevfusion": [
        [
          0.9994728565216064,
          -0.003441751468926668,
          -0.032282471656799316,
          106.28959655761719
        ],
        [
          0.03229893743991852,
          0.0048404596745967865,
          0.9994665384292603,
          25.241329193115234
        ],
        [
          -0.0032836536411195993,
          -0.9999824166297913,
          0.00494907284155488,
          1.7023561000823975
        ],
        [
          0.0,
          0.0,
          0.0,
          1.0
        ]
      ],
      "matrix_ego_from_sensor_carla": [
        [
          1.0,
          1.625626411261294e-09,
          5.728076346578348e-11,
          1.5499992370605469
        ],
        [
          1.6279310122158108e-09,
          1.0,
          -4.3102049707144374e-12,
          -7.62939453125e-06
        ],
        [
          -6.70334066033007e-11,
          1.54309356958926e-10,
          1.0,
          1.7000000476837158
        ],
        [
          0.0,
          0.0,
          0.0,
          1.0
        ]
      ],
      "matrix_ego_from_sensor_bevfusion": [
        [
          1.625626411261294e-09,
          -5.728076346578348e-11,
          1.0,
          1.5499992370605469
        ],
        [
          -1.0,
          -4.3102049707144374e-12,
          -1.6279310122158108e-09,
          7.62939453125e-06
        ],
        [
          1.54309356958926e-10,
          -1.0,
          -6.70334066033007e-11,
          1.7000000476837158
        ],
        [
          0.0,
          0.0,
          0.0,
          1.0
        ]
      ],
      "camera_intrinsics": [
        [
          685.5110473632812,
          0.0,
          480.0
        ],
        [
          0.0,
          685.5110473632812,
          270.0
        ],
        [
          0.0,
          0.0,
          1.0
        ]
      ],
      "data_path": "D:\\Agent-AI\\outputs\\s3a_ml_long_v2\\sample_000006\\images\\CAM_FRONT.png",
      "raw_layout": "bgra8"
    },
    "CAM_FRONT_RIGHT": {
      "type_id": "sensor.camera.rgb",
      "blueprint_attributes": {
        "role_name": "front",
        "ros_name": "sensor.camera.rgb",
        "chromatic_aberration_offset": "0.0",
        "sensor_tick": "0.100000",
        "fstop": "1.4",
        "image_size_x": "960",
        "image_size_y": "540",
        "fov": "70.00",
        "lens_circle_falloff": "5.0",
        "lens_circle_multiplier": "0.0",
        "exposure_compensation": "0.0",
        "lens_y_size": "0.08",
        "lens_k": "-1.0",
        "exposure_mode": "histogram",
        "lens_kcube": "0.0",
        "lens_x_size": "0.08",
        "exposure_max_bright": "12.0",
        "shutter_speed": "200.0",
        "bloom_intensity": "0.675",
        "iso": "100.0",
        "enable_postprocess_effects": "false",
        "gamma": "2.2",
        "motion_blur_intensity": "0.0",
        "motion_blur_max_distortion": "0.35",
        "lens_flare_intensity": "0.1",
        "motion_blur_min_object_screen_size": "0.1",
        "exposure_min_bright": "10.0",
        "exposure_speed_up": "3.0",
        "exposure_speed_down": "1.0",
        "tint": "0.0",
        "calibration_constant": "16.0",
        "focal_distance": "1000.0",
        "min_fstop": "1.2",
        "blade_count": "5",
        "blur_amount": "0.0",
        "blur_radius": "0.0",
        "slope": "0.88",
        "toe": "0.55",
        "white_clip": "0.04",
        "shoulder": "0.26",
        "black_clip": "0.0",
        "temp": "6500.0",
        "chromatic_aberration_intensity": "0.0"
      },
      "transform_carla": {
        "location": {
          "x": 106.84738159179688,
          "y": -25.009227752685547,
          "z": 1.699312686920166
        },
        "rotation": {
          "roll": 0.34019386768341064,
          "pitch": 0.008530905470252037,
          "yaw": -36.850433349609375
        }
      },
      "matrix_world_from_sensor_carla": [
        [
          0.8002037405967712,
          0.5997183322906494,
          0.0034417251590639353,
          106.84738159179688
        ],
        [
          -0.5997282266616821,
          0.8001890778541565,
          0.0048404778353869915,
          -25.009227752685547
        ],
        [
          0.00014889238809701055,
          -0.005937468260526657,
          0.9999823570251465,
          1.699312686920166
        ],
        [
          0.0,
          0.0,
          0.0,
          1.0
        ]
      ],
      "matrix_world_from_sensor_bevfusion": [
        [
          0.5997183322906494,
          -0.0034417251590639353,
          0.8002037405967712,
          106.84738159179688
        ],
        [
          -0.8001890778541565,
          0.0048404778353869915,
          0.5997282266616821,
          25.009227752685547
        ],
        [
          -0.005937468260526657,
          -0.9999823570251465,
          0.00014889238809701055,
          1.699312686920166
        ],
        [
          0.0,
          0.0,
          0.0,
          1.0
        ]
      ],
      "matrix_ego_from_sensor_carla": [
        [
          0.5735764503479004,
          -0.8191519975662231,
          -1.7467174373564376e-08,
          1.2999992370605469
        ],
        [
          0.8191519975662231,
          0.5735764503479004,
          -2.6584112688965433e-08,
          0.5500030517578125
        ],
        [
          3.220150546212608e-08,
          8.00375543619225e-10,
          0.9999999403953552,
          1.6999999284744263
        ],
        [
          0.0,
          0.0,
          0.0,
          1.0
        ]
      ],
      "matrix_ego_from_sensor_bevfusion": [
        [
          -0.8191519975662231,
          1.7467174373564376e-08,
          0.5735764503479004,
          1.2999992370605469
        ],
        [
          -0.5735764503479004,
          -2.6584112688965433e-08,
          -0.8191519975662231,
          -0.5500030517578125
        ],
        [
          8.00375543619225e-10,
          -0.9999999403953552,
          3.220150546212608e-08,
          1.6999999284744263
        ],
        [
          0.0,
          0.0,
          0.0,
          1.0
        ]
      ],
      "camera_intrinsics": [
        [
          685.5110473632812,
          0.0,
          480.0
        ],
        [
          0.0,
          685.5110473632812,
          270.0
        ],
        [
          0.0,
          0.0,
          1.0
        ]
      ],
      "data_path": "D:\\Agent-AI\\outputs\\s3a_ml_long_v2\\sample_000006\\images\\CAM_FRONT_RIGHT.png",
      "raw_layout": "bgra8"
    },
    "CAM_FRONT_LEFT": {
      "type_id": "sensor.camera.rgb",
      "blueprint_attributes": {
        "role_name": "front",
        "ros_name": "sensor.camera.rgb",
        "chromatic_aberration_offset": "0.0",
        "sensor_tick": "0.100000",
        "fstop": "1.4",
        "image_size_x": "960",
        "image_size_y": "540",
        "fov": "70.00",
        "lens_circle_falloff": "5.0",
        "lens_circle_multiplier": "0.0",
        "exposure_compensation": "0.0",
        "lens_y_size": "0.08",
        "lens_k": "-1.0",
        "exposure_mode": "histogram",
        "lens_kcube": "0.0",
        "lens_x_size": "0.08",
        "exposure_max_bright": "12.0",
        "shutter_speed": "200.0",
        "bloom_intensity": "0.675",
        "iso": "100.0",
        "enable_postprocess_effects": "false",
        "gamma": "2.2",
        "motion_blur_intensity": "0.0",
        "motion_blur_max_distortion": "0.35",
        "lens_flare_intensity": "0.1",
        "motion_blur_min_object_screen_size": "0.1",
        "exposure_min_bright": "10.0",
        "exposure_speed_up": "3.0",
        "exposure_speed_down": "1.0",
        "tint": "0.0",
        "calibration_constant": "16.0",
        "focal_distance": "1000.0",
        "min_fstop": "1.2",
        "blade_count": "5",
        "blur_amount": "0.0",
        "blur_radius": "0.0",
        "slope": "0.88",
        "toe": "0.55",
        "white_clip": "0.04",
        "shoulder": "0.26",
        "black_clip": "0.0",
        "temp": "6500.0",
        "chromatic_aberration_intensity": "0.0"
      },
      "transform_carla": {
        "location": {
          "x": 105.74795532226562,
          "y": -24.973697662353516,
          "z": 1.7029247283935547
        },
        "rotation": {
          "roll": -0.12436913698911667,
          "pitch": 0.31676366925239563,
          "yaw": -146.8507843017578
        }
      },
      "matrix_world_from_sensor_carla": [
        [
          -0.8372365832328796,
          0.5468300580978394,
          0.00344179873354733,
          105.74795532226562
        ],
        [
          -0.5468129515647888,
          -0.8372408151626587,
          0.004840491339564323,
          -24.973697662353516
        ],
        [
          0.005528540816158056,
          0.0021706162951886654,
          0.9999823570251465,
          1.7029247283935547
        ],
        [
          0.0,
          0.0,
          0.0,
          1.0
        ]
      ],
      "matrix_world_from_sensor_bevfusion": [
        [
          0.5468300580978394,
          -0.00344179873354733,
          -0.8372365832328796,
          105.74795532226562
        ],
        [
          0.8372408151626587,
          0.004840491339564323,
          0.5468129515647888,
          24.973697662353516
        ],
        [
          0.0021706162951886654,
          -0.9999823570251465,
          0.005528540816158056,
          1.7029247283935547
        ],
        [
          0.0,
          0.0,
          0.0,
          1.0
        ]
      ],
      "matrix_ego_from_sensor_carla": [
        [
          0.5735766887664795,
          0.8191518783569336,
          -3.329965991838435e-08,
          1.2999992370605469
        ],
        [
          -0.8191519379615784,
          0.5735766291618347,
          4.652470764199279e-08,
          -0.5500106811523438
        ],
        [
          5.673011571616371e-08,
          1.155701867538994e-09,
          0.9999999403953552,
          1.6999999284744263
        ],
        [
          0.0,
          0.0,
          0.0,
          1.0
        ]
      ],
      "matrix_ego_from_sensor_bevfusion": [
        [
          0.8191518783569336,
          3.329965991838435e-08,
          0.5735766887664795,
          1.2999992370605469
        ],
        [
          -0.5735766291618347,
          4.652470764199279e-08,
          0.8191519379615784,
          0.5500106811523438
        ],
        [
          1.155701867538994e-09,
          -0.9999999403953552,
          5.673011571616371e-08,
          1.6999999284744263
        ],
        [
          0.0,
          0.0,
          0.0,
          1.0
        ]
      ],
      "camera_intrinsics": [
        [
          685.5110473632812,
          0.0,
          480.0
        ],
        [
          0.0,
          685.5110473632812,
          270.0
        ],
        [
          0.0,
          0.0,
          1.0
        ]
      ],
      "data_path": "D:\\Agent-AI\\outputs\\s3a_ml_long_v2\\sample_000006\\images\\CAM_FRONT_LEFT.png",
      "raw_layout": "bgra8"
    },
    "CAM_BACK": {
      "type_id": "sensor.camera.rgb",
      "blueprint_attributes": {
        "role_name": "front",
        "ros_name": "sensor.camera.rgb",
        "chromatic_aberration_offset": "0.0",
        "sensor_tick": "0.100000",
        "fstop": "1.4",
        "image_size_x": "960",
        "image_size_y": "540",
        "fov": "70.00",
        "lens_circle_falloff": "5.0",
        "lens_circle_multiplier": "0.0",
        "exposure_compensation": "0.0",
        "lens_y_size": "0.08",
        "lens_k": "-1.0",
        "exposure_mode": "histogram",
        "lens_kcube": "0.0",
        "lens_x_size": "0.08",
        "exposure_max_bright": "12.0",
        "shutter_speed": "200.0",
        "bloom_intensity": "0.675",
        "iso": "100.0",
        "enable_postprocess_effects": "false",
        "gamma": "2.2",
        "motion_blur_intensity": "0.0",
        "motion_blur_max_distortion": "0.35",
        "lens_flare_intensity": "0.1",
        "motion_blur_min_object_screen_size": "0.1",
        "exposure_min_bright": "10.0",
        "exposure_speed_up": "3.0",
        "exposure_speed_down": "1.0",
        "tint": "0.0",
        "calibration_constant": "16.0",
        "focal_distance": "1000.0",
        "min_fstop": "1.2",
        "blade_count": "5",
        "blur_amount": "0.0",
        "blur_radius": "0.0",
        "slope": "0.88",
        "toe": "0.55",
        "white_clip": "0.04",
        "shoulder": "0.26",
        "black_clip": "0.0",
        "temp": "6500.0",
        "chromatic_aberration_intensity": "0.0"
      },
      "transform_carla": {
        "location": {
          "x": 106.38967895507812,
          "y": -22.142982482910156,
          "z": 1.687013864517212
        },
        "rotation": {
          "roll": -0.18814218044281006,
          "pitch": -0.2835621237754822,
          "yaw": 88.1500015258789
        }
      },
      "matrix_world_from_sensor_carla": [
        [
          0.032282620668411255,
          -0.9994728565216064,
          0.0034417533315718174,
          106.38967895507812
        ],
        [
          0.9994665384292603,
          0.03229908645153046,
          0.004840458743274212,
          -22.142982482910156
        ],
        [
          -0.00494907284155488,
          0.003283654572442174,
          0.9999824166297913,
          1.687013864517212
        ],
        [
          0.0,
          0.0,
          0.0,
          1.0
        ]
      ],
      "matrix_world_from_sensor_bevfusion": [
        [
          -0.9994728565216064,
          -0.0034417533315718174,
          0.032282620668411255,
          106.38967895507812
        ],
        [
          -0.03229908645153046,
          0.004840458743274212,
          -0.9994665384292603,
          22.142982482910156
        ],
        [
          0.003283654572442174,
          -0.9999824166297913,
          -0.00494907284155488,
          1.687013864517212
        ],
        [
          0.0,
          0.0,
          0.0,
          1.0
        ]
      ],
      "matrix_ego_from_sensor_carla": [
        [
          -1.0,
          -1.5055441338063247e-07,
          9.886033103256864e-10,
          -1.5500030517578125
        ],
        [
          1.473836874765766e-07,
          -1.0,
          2.091165685058627e-09,
          0.0
        ],
        [
          5.326946661554643e-10,
          1.708319263826752e-09,
          1.0,
          1.6999999284744263
        ],
        [
          0.0,
          0.0,
          0.0,
          1.0
        ]
      ],
      "matrix_ego_from_sensor_bevfusion": [
        [
          -1.5055441338063247e-07,
          -9.886033103256864e-10,
          -1.0,
          -1.5500030517578125
        ],
        [
          1.0,
          2.091165685058627e-09,
          -1.473836874765766e-07,
          0.0
        ],
        [
          1.708319263826752e-09,
          -1.0,
          5.326946661554643e-10,
          1.6999999284744263
        ],
        [
          0.0,
          0.0,
          0.0,
          1.0
        ]
      ],
      "camera_intrinsics": [
        [
          685.5110473632812,
          0.0,
          480.0
        ],
        [
          0.0,
          685.5110473632812,
          270.0
        ],
        [
          0.0,
          0.0,
          1.0
        ]
      ],
      "data_path": "D:\\Agent-AI\\outputs\\s3a_ml_long_v2\\sample_000006\\images\\CAM_BACK.png",
      "raw_layout": "bgra8"
    },
    "CAM_BACK_LEFT": {
      "type_id": "sensor.camera.rgb",
      "blueprint_attributes": {
        "role_name": "front",
        "ros_name": "sensor.camera.rgb",
        "chromatic_aberration_offset": "0.0",
        "sensor_tick": "0.100000",
        "fstop": "1.4",
        "image_size_x": "960",
        "image_size_y": "540",
        "fov": "70.00",
        "lens_circle_falloff": "5.0",
        "lens_circle_multiplier": "0.0",
        "exposure_compensation": "0.0",
        "lens_y_size": "0.08",
        "lens_k": "-1.0",
        "exposure_mode": "histogram",
        "lens_kcube": "0.0",
        "lens_x_size": "0.08",
        "exposure_max_bright": "12.0",
        "shutter_speed": "200.0",
        "bloom_intensity": "0.675",
        "iso": "100.0",
        "enable_postprocess_effects": "false",
        "gamma": "2.2",
        "motion_blur_intensity": "0.0",
        "motion_blur_max_distortion": "0.35",
        "lens_flare_intensity": "0.1",
        "motion_blur_min_object_screen_size": "0.1",
        "exposure_min_bright": "10.0",
        "exposure_speed_up": "3.0",
        "exposure_speed_down": "1.0",
        "tint": "0.0",
        "calibration_constant": "16.0",
        "focal_distance": "1000.0",
        "min_fstop": "1.2",
        "blade_count": "5",
        "blur_amount": "0.0",
        "blur_radius": "0.0",
        "slope": "0.88",
        "toe": "0.55",
        "white_clip": "0.04",
        "shoulder": "0.26",
        "black_clip": "0.0",
        "temp": "6500.0",
        "chromatic_aberration_intensity": "0.0"
      },
      "transform_carla": {
        "location": {
          "x": 105.83189392089844,
          "y": -22.375085830688477,
          "z": 1.6900571584701538
        },
        "rotation": {
          "roll": -0.34019386768341064,
          "pitch": -0.008530905470252037,
          "yaw": 143.14955139160156
        }
      },
      "matrix_world_from_sensor_carla": [
        [
          -0.8002036213874817,
          -0.5997185111045837,
          0.00344172609038651,
          105.83189392089844
        ],
        [
          0.5997284054756165,
          -0.8001889586448669,
          0.004840476904064417,
          -22.375085830688477
        ],
        [
          -0.00014889238809701055,
          0.005937468260526657,
          0.9999823570251465,
          1.6900571584701538
        ],
        [
          0.0,
          0.0,
          0.0,
          1.0
        ]
      ],
      "matrix_world_from_sensor_bevfusion": [
        [
          -0.5997185111045837,
          -0.00344172609038651,
          -0.8002036213874817,
          105.83189392089844
        ],
        [
          0.8001889586448669,
          0.004840476904064417,
          -0.5997284054756165,
          22.375085830688477
        ],
        [
          0.005937468260526657,
          -0.9999823570251465,
          -0.00014889238809701055,
          1.6900571584701538
        ],
        [
          0.0,
          0.0,
          0.0,
          1.0
        ]
      ],
      "matrix_ego_from_sensor_carla": [
        [
          -0.5735766291618347,
          0.8191518783569336,
          -1.6535851798948897e-08,
          -1.3000011444091797
        ],
        [
          -0.8191519379615784,
          -0.5735766291618347,
          -2.5652790114349955e-08,
          -0.5499954223632812
        ],
        [
          -3.086272926111633e-08,
          -8.00375543619225e-10,
          0.9999999403953552,
          1.6999999284744263
        ],
        [
          0.0,
          0.0,
          0.0,
          1.0
        ]
      ],
      "matrix_ego_from_sensor_bevfusion": [
        [
          0.8191518783569336,
          1.6535851798948897e-08,
          -0.5735766291618347,
          -1.3000011444091797
        ],
        [
          0.5735766291618347,
          -2.5652790114349955e-08,
          0.8191519379615784,
          0.5499954223632812
        ],
        [
          -8.00375543619225e-10,
          -0.9999999403953552,
          -3.086272926111633e-08,
          1.6999999284744263
        ],
        [
          0.0,
          0.0,
          0.0,
          1.0
        ]
      ],
      "camera_intrinsics": [
        [
          685.5110473632812,
          0.0,
          480.0
        ],
        [
          0.0,
          685.5110473632812,
          270.0
        ],
        [
          0.0,
          0.0,
          1.0
        ]
      ],
      "data_path": "D:\\Agent-AI\\outputs\\s3a_ml_long_v2\\sample_000006\\images\\CAM_BACK_LEFT.png",
      "raw_layout": "bgra8"
    },
    "CAM_BACK_RIGHT": {
      "type_id": "sensor.camera.rgb",
      "blueprint_attributes": {
        "role_name": "front",
        "ros_name": "sensor.camera.rgb",
        "chromatic_aberration_offset": "0.0",
        "sensor_tick": "0.100000",
        "fstop": "1.4",
        "image_size_x": "960",
        "image_size_y": "540",
        "fov": "70.00",
        "lens_circle_falloff": "5.0",
        "lens_circle_multiplier": "0.0",
        "exposure_compensation": "0.0",
        "lens_y_size": "0.08",
        "lens_k": "-1.0",
        "exposure_mode": "histogram",
        "lens_kcube": "0.0",
        "lens_x_size": "0.08",
        "exposure_max_bright": "12.0",
        "shutter_speed": "200.0",
        "bloom_intensity": "0.675",
        "iso": "100.0",
        "enable_postprocess_effects": "false",
        "gamma": "2.2",
        "motion_blur_intensity": "0.0",
        "motion_blur_max_distortion": "0.35",
        "lens_flare_intensity": "0.1",
        "motion_blur_min_object_screen_size": "0.1",
        "exposure_min_bright": "10.0",
        "exposure_speed_up": "3.0",
        "exposure_speed_down": "1.0",
        "tint": "0.0",
        "calibration_constant": "16.0",
        "focal_distance": "1000.0",
        "min_fstop": "1.2",
        "blade_count": "5",
        "blur_amount": "0.0",
        "blur_radius": "0.0",
        "slope": "0.88",
        "toe": "0.55",
        "white_clip": "0.04",
        "shoulder": "0.26",
        "black_clip": "0.0",
        "temp": "6500.0",
        "chromatic_aberration_intensity": "0.0"
      },
      "transform_carla": {
        "location": {
          "x": 106.93131256103516,
          "y": -22.410614013671875,
          "z": 1.6864451169967651
        },
        "rotation": {
          "roll": 0.12436917424201965,
          "pitch": -0.31676366925239563,
          "yaw": 33.149192810058594
        }
      },
      "matrix_world_from_sensor_carla": [
        [
          0.837236762046814,
          -0.5468297600746155,
          0.003441800130531192,
          106.93131256103516
        ],
        [
          0.5468126535415649,
          0.837240993976593,
          0.004840490408241749,
          -22.410614013671875
        ],
        [
          -0.005528540816158056,
          -0.0021706167608499527,
          0.9999823570251465,
          1.6864451169967651
        ],
        [
          0.0,
          0.0,
          0.0,
          1.0
        ]
      ],
      "matrix_world_from_sensor_bevfusion": [
        [
          -0.5468297600746155,
          -0.003441800130531192,
          0.837236762046814,
          106.93131256103516
        ],
        [
          -0.837240993976593,
          0.004840490408241749,
          -0.5468126535415649,
          22.410614013671875
        ],
        [
          -0.0021706167608499527,
          -0.9999823570251465,
          -0.005528540816158056,
          1.6864451169967651
        ],
        [
          0.0,
          0.0,
          0.0,
          1.0
        ]
      ],
      "matrix_ego_from_sensor_carla": [
        [
          -0.5735763907432556,
          -0.8191520571708679,
          -3.236833734376887e-08,
          -1.3000011444091797
        ],
        [
          0.8191521167755127,
          -0.5735763311386108,
          4.792169150391601e-08,
          0.5499954223632812
        ],
        [
          -5.766143829077919e-08,
          4.741208536884756e-10,
          0.9999999403953552,
          1.6999999284744263
        ],
        [
          0.0,
          0.0,
          0.0,
          1.0
        ]
      ],
      "matrix_ego_from_sensor_bevfusion": [
        [
          -0.8191520571708679,
          3.236833734376887e-08,
          -0.5735763907432556,
          -1.3000011444091797
        ],
        [
          0.5735763311386108,
          4.792169150391601e-08,
          -0.8191521167755127,
          -0.5499954223632812
        ],
        [
          4.741208536884756e-10,
          -0.9999999403953552,
          -5.766143829077919e-08,
          1.6999999284744263
        ],
        [
          0.0,
          0.0,
          0.0,
          1.0
        ]
      ],
      "camera_intrinsics": [
        [
          685.5110473632812,
          0.0,
          480.0
        ],
        [
          0.0,
          685.5110473632812,
          270.0
        ],
        [
          0.0,
          0.0,
          1.0
        ]
      ],
      "data_path": "D:\\Agent-AI\\outputs\\s3a_ml_long_v2\\sample_000006\\images\\CAM_BACK_RIGHT.png",
      "raw_layout": "bgra8"
    },
    "LIDAR_TOP": {
      "type_id": "sensor.lidar.ray_cast",
      "blueprint_attributes": {
        "atmosphere_attenuation_rate": "0.004",
        "role_name": "front",
        "noise_seed": "0",
        "upper_fov": "10.0",
        "ros_name": "sensor.lidar.ray_cast",
        "sensor_tick": "0.100000",
        "channels": "32",
        "range": "120.0",
        "points_per_second": "360000",
        "lower_fov": "-30.0",
        "rotation_frequency": "10.000000",
        "horizontal_fov": "360.0",
        "dropoff_general_rate": "0.0",
        "dropoff_intensity_limit": "1.0",
        "noise_stddev": "0.0",
        "dropoff_zero_intensity": "0.0"
      },
      "transform_carla": {
        "location": {
          "x": 106.34135437011719,
          "y": -23.689735412597656,
          "z": 2.194676160812378
        },
        "rotation": {
          "roll": 0.18814212083816528,
          "pitch": 0.2835621237754822,
          "yaw": -91.84999084472656
        }
      },
      "matrix_world_from_sensor_carla": [
        [
          -0.032282471656799316,
          0.9994728565216064,
          0.003441751468926668,
          106.34135437011719
        ],
        [
          -0.9994665384292603,
          -0.03229893743991852,
          0.0048404596745967865,
          -23.689735412597656
        ],
        [
          0.00494907284155488,
          -0.0032836536411195993,
          0.9999824166297913,
          2.194676160812378
        ],
        [
          0.0,
          0.0,
          0.0,
          1.0
        ]
      ],
      "matrix_world_from_sensor_bevfusion": [
        [
          -0.032282471656799316,
          -0.9994728565216064,
          0.003441751468926668,
          106.34135437011719
        ],
        [
          0.9994665384292603,
          -0.03229893743991852,
          -0.0048404596745967865,
          23.689735412597656
        ],
        [
          0.00494907284155488,
          0.0032836536411195993,
          0.9999824166297913,
          2.194676160812378
        ],
        [
          0.0,
          0.0,
          0.0,
          1.0
        ]
      ],
      "matrix_ego_from_sensor_carla": [
        [
          1.0,
          1.625626411261294e-09,
          5.728076346578348e-11,
          0.0
        ],
        [
          1.6279310122158108e-09,
          1.0,
          -4.3102049707144374e-12,
          -1.52587890625e-05
        ],
        [
          -6.70334066033007e-11,
          1.54309356958926e-10,
          1.0,
          2.1999998092651367
        ],
        [
          0.0,
          0.0,
          0.0,
          1.0
        ]
      ],
      "matrix_ego_from_sensor_bevfusion": [
        [
          1.0,
          -1.625626411261294e-09,
          5.728076346578348e-11,
          0.0
        ],
        [
          -1.6279310122158108e-09,
          1.0,
          4.3102049707144374e-12,
          1.52587890625e-05
        ],
        [
          -6.70334066033007e-11,
          -1.54309356958926e-10,
          1.0,
          2.1999998092651367
        ],
        [
          0.0,
          0.0,
          0.0,
          1.0
        ]
      ],
      "data_path": "D:\\Agent-AI\\outputs\\s3a_ml_long_v2\\sample_000006\\lidar\\LIDAR_TOP.npy",
      "raw_layout": [
        "x",
        "y",
        "z",
        "intensity"
      ]
    },
    "RADAR_FRONT": {
      "type_id": "sensor.other.radar",
      "blueprint_attributes": {
        "sensor_tick": "0.100000",
        "role_name": "default",
        "noise_seed": "0",
        "ros_name": "sensor.other.radar",
        "horizontal_fov": "35.0",
        "points_per_second": "1500",
        "vertical_fov": "20.0",
        "range": "120.0"
      },
      "transform_carla": {
        "location": {
          "x": 106.27232360839844,
          "y": -25.69495964050293,
          "z": 0.9045971632003784
        },
        "rotation": {
          "roll": 0.18814212083816528,
          "pitch": 0.2835621237754822,
          "yaw": -91.84999084472656
        }
      },
      "matrix_world_from_sensor_carla": [
        [
          -0.032282471656799316,
          0.9994728565216064,
          0.003441751468926668,
          106.27232360839844
        ],
        [
          -0.9994665384292603,
          -0.03229893743991852,
          0.0048404596745967865,
          -25.69495964050293
        ],
        [
          0.00494907284155488,
          -0.0032836536411195993,
          0.9999824166297913,
          0.9045971632003784
        ],
        [
          0.0,
          0.0,
          0.0,
          1.0
        ]
      ],
      "matrix_world_from_sensor_bevfusion": [
        [
          -0.032282471656799316,
          -0.9994728565216064,
          0.003441751468926668,
          106.27232360839844
        ],
        [
          0.9994665384292603,
          -0.03229893743991852,
          -0.0048404596745967865,
          25.69495964050293
        ],
        [
          0.00494907284155488,
          0.0032836536411195993,
          0.9999824166297913,
          0.9045971632003784
        ],
        [
          0.0,
          0.0,
          0.0,
          1.0
        ]
      ],
      "matrix_ego_from_sensor_carla": [
        [
          1.0,
          1.625626411261294e-09,
          5.728076346578348e-11,
          1.9999961853027344
        ],
        [
          1.6279310122158108e-09,
          1.0,
          -4.3102049707144374e-12,
          0.0
        ],
        [
          -6.70334066033007e-11,
          1.54309356958926e-10,
          1.0,
          0.8999999165534973
        ],
        [
          0.0,
          0.0,
          0.0,
          1.0
        ]
      ],
      "matrix_ego_from_sensor_bevfusion": [
        [
          1.0,
          -1.625626411261294e-09,
          5.728076346578348e-11,
          1.9999961853027344
        ],
        [
          -1.6279310122158108e-09,
          1.0,
          4.3102049707144374e-12,
          0.0
        ],
        [
          -6.70334066033007e-11,
          -1.54309356958926e-10,
          1.0,
          0.8999999165534973
        ],
        [
          0.0,
          0.0,
          0.0,
          1.0
        ]
      ],
      "data_path": "D:\\Agent-AI\\outputs\\s3a_ml_long_v2\\sample_000006\\radar\\RADAR_FRONT.npy",
      "raw_layout": [
        "velocity",
        "altitude",
        "azimuth",
        "depth"
      ]
    },
    "RADAR_FRONT_LEFT": {
      "type_id": "sensor.other.radar",
      "blueprint_attributes": {
        "sensor_tick": "0.100000",
        "role_name": "default",
        "noise_seed": "0",
        "ros_name": "sensor.other.radar",
        "horizontal_fov": "35.0",
        "points_per_second": "1500",
        "vertical_fov": "20.0",
        "range": "120.0"
      },
      "transform_carla": {
        "location": {
          "x": 105.53401184082031,
          "y": -25.320924758911133,
          "z": 0.9053277373313904
        },
        "rotation": {
          "roll": -0.06747430562973022,
          "pitch": 0.33353862166404724,
          "yaw": -136.85064697265625
        }
      },
      "matrix_world_from_sensor_carla": [
        [
          -0.7295610308647156,
          0.6839070916175842,
          0.0034416757989674807,
          105.53401184082031
        ],
        [
          -0.6838909983634949,
          -0.7295681238174438,
          0.00484038982540369,
          -25.320924758911133
        ],
        [
          0.005821314174681902,
          0.0011776286410167813,
          0.9999823570251465,
          0.9053277373313904
        ],
        [
          0.0,
          0.0,
          0.0,
          1.0
        ]
      ],
      "matrix_world_from_sensor_bevfusion": [
        [
          -0.7295610308647156,
          -0.6839070916175842,
          0.0034416757989674807,
          105.53401184082031
        ],
        [
          0.6838909983634949,
          -0.7295681238174438,
          -0.00484038982540369,
          25.320924758911133
        ],
        [
          0.005821314174681902,
          -0.0011776286410167813,
          0.9999823570251465,
          0.9053277373313904
        ],
        [
          0.0,
          0.0,
          0.0,
          1.0
        ]
      ],
      "matrix_ego_from_sensor_carla": [
        [
          0.7071070075035095,
          0.7071065306663513,
          7.19397945658784e-08,
          1.6499996185302734
        ],
        [
          -0.7071066498756409,
          0.7071070075035095,
          -7.315023964338252e-08,
          -0.7500076293945312
        ],
        [
          -1.030522795986144e-07,
          1.2718465169925253e-09,
          0.9999999403953552,
          0.8999999165534973
        ],
        [
          0.0,
          0.0,
          0.0,
          1.0
        ]
      ],
      "matrix_ego_from_sensor_bevfusion": [
        [
          0.7071070075035095,
          -0.7071065306663513,
          7.19397945658784e-08,
          1.6499996185302734
        ],
        [
          0.7071066498756409,
          0.7071070075035095,
          7.315023964338252e-08,
          0.7500076293945312
        ],
        [
          -1.030522795986144e-07,
          -1.2718465169925253e-09,
          0.9999999403953552,
          0.8999999165534973
        ],
        [
          0.0,
          0.0,
          0.0,
          1.0
        ]
      ],
      "data_path": "D:\\Agent-AI\\outputs\\s3a_ml_long_v2\\sample_000006\\radar\\RADAR_FRONT_LEFT.npy",
      "raw_layout": [
        "velocity",
        "altitude",
        "azimuth",
        "depth"
      ]
    },
    "RADAR_FRONT_RIGHT": {
      "type_id": "sensor.other.radar",
      "blueprint_attributes": {
        "sensor_tick": "0.100000",
        "role_name": "default",
        "noise_seed": "0",
