{
  "schema_version": "stage1.v1",
  "sample_name": "sample_000027",
  "sequence_index": 27,
  "previous_sample_name": "sample_000026",
  "frame_id": 2204,
  "timestamp": 34.24063231423497,
  "platform_timestamp": 16781889.6852934,
  "delta_seconds": 0.05000000074505806,
  "town": "Carla/Maps/Town10HD_Opt",
  "weather": {
    "cloudiness": 20.0,
    "dust_storm": 0.0,
    "fog_density": 2.0,
    "fog_distance": 0.75,
    "fog_falloff": 0.10000000149011612,
    "mie_scattering_scale": 0.029999999329447746,
    "precipitation": 0.0,
    "precipitation_deposits": 0.0,
    "rayleigh_scattering_scale": 0.03310000151395798,
    "scattering_intensity": 1.0,
    "sun_altitude_angle": 45.0,
    "sun_azimuth_angle": 300.0,
    "wetness": 0.0,
    "wind_intensity": 10.0
  },
  "sensor_names": [
    "CAM_FRONT",
    "CAM_FRONT_RIGHT",
    "CAM_FRONT_LEFT",
    "CAM_BACK",
    "CAM_BACK_LEFT",
    "CAM_BACK_RIGHT",
    "LIDAR_TOP",
    "RADAR_FRONT",
    "RADAR_FRONT_LEFT",
    "RADAR_FRONT_RIGHT",
    "RADAR_BACK_LEFT",
    "RADAR_BACK_RIGHT"
  ],
  "camera_order_for_model": [
    "CAM_FRONT",
    "CAM_FRONT_RIGHT",
    "CAM_FRONT_LEFT",
    "CAM_BACK",
    "CAM_BACK_LEFT",
    "CAM_BACK_RIGHT"
  ],
  "radar_order_for_model": [
    "RADAR_FRONT",
    "RADAR_FRONT_LEFT",
    "RADAR_FRONT_RIGHT",
    "RADAR_BACK_LEFT",
    "RADAR_BACK_RIGHT"
  ],
  "coordinate_notes": {
    "carla_world": "left-handed x-forward y-right z-up",
    "bevfusion_lidar": "x-forward y-left z-up",
    "camera_frame_for_model": "OpenCV style x-right y-down z-forward"
  },
  "ego": {
    "actor_id": 24,
    "transform_carla": {
      "location": {
        "x": -53.84721374511719,
        "y": 21.0659122467041,
        "z": -0.004174461122602224
      },
      "rotation": {
        "roll": 1.3113019466400146,
        "pitch": -0.04724441468715668,
        "yaw": -31.847612380981445
      }
    },
    "velocity_carla": [
      6.440028667449951,
      -4.439436435699463,
      7.050514250295237e-05
    ],
    "angular_velocity_carla": [
      0.8142861723899841,
      -0.6005812883377075,
      -21.716856002807617
    ],
    "matrix_world_from_ego_carla": [
      [
        0.8494542241096497,
        0.5275076031684875,
        0.012775549665093422,
        -53.84721374511719
      ],
      [
        -0.5276616811752319,
        0.8492419719696045,
        0.019004395231604576,
        21.0659122467041
      ],
      [
        -0.0008245704811997712,
        -0.022884530946612358,
        0.9997377395629883,
        -0.004174461122602224
      ],
      [
        0.0,
        0.0,
        0.0,
        1.0
      ]
    ],
    "matrix_world_from_ego_bevfusion": [
      [
        0.8494542241096497,
        -0.5275076031684875,
        0.012775549665093422,
        -53.84721374511719
      ],
      [
        0.5276616811752319,
        0.8492419719696045,
        -0.019004395231604576,
        -21.0659122467041
      ],
      [
        -0.0008245704811997712,
        0.022884530946612358,
        0.9997377395629883,
        -0.004174461122602224
      ],
      [
        0.0,
        0.0,
        0.0,
        1.0
      ]
    ]
  },
  "sensors": {
    "CAM_FRONT": {
      "type_id": "sensor.camera.rgb",
      "blueprint_attributes": {
        "role_name": "front",
        "ros_name": "sensor.camera.rgb",
        "chromatic_aberration_offset": "0.0",
        "sensor_tick": "0.050000",
        "fstop": "1.4",
        "image_size_x": "1600",
        "image_size_y": "900",
        "fov": "70.00",
        "lens_circle_falloff": "5.0",
        "lens_circle_multiplier": "0.0",
        "exposure_compensation": "0.0",
        "lens_y_size": "0.08",
        "lens_k": "-1.0",
        "exposure_mode": "histogram",
        "lens_kcube": "0.0",
        "lens_x_size": "0.08",
        "exposure_max_bright": "12.0",
        "shutter_speed": "200.0",
        "bloom_intensity": "0.675",
        "iso": "100.0",
        "enable_postprocess_effects": "false",
        "gamma": "2.2",
        "motion_blur_intensity": "0.0",
        "motion_blur_max_distortion": "0.35",
        "lens_flare_intensity": "0.1",
        "motion_blur_min_object_screen_size": "0.1",
        "exposure_min_bright": "10.0",
        "exposure_speed_up": "3.0",
        "exposure_speed_down": "1.0",
        "tint": "0.0",
        "calibration_constant": "16.0",
        "focal_distance": "1000.0",
        "min_fstop": "1.2",
        "blade_count": "5",
        "blur_amount": "0.0",
        "blur_radius": "0.0",
        "slope": "0.88",
        "toe": "0.55",
        "white_clip": "0.04",
        "shoulder": "0.26",
        "black_clip": "0.0",
        "temp": "6500.0",
        "chromatic_aberration_intensity": "0.0"
      },
      "transform_carla": {
        "location": {
          "x": -52.50884246826172,
          "y": 20.280345916748047,
          "z": 1.6941016912460327
        },
        "rotation": {
          "roll": 1.3113019466400146,
          "pitch": -0.04724441468715668,
          "yaw": -31.847612380981445
        }
      },
      "matrix_world_from_sensor_carla": [
        [
          0.8494542241096497,
          0.5275076031684875,
          0.012775549665093422,
          -52.50884246826172
        ],
        [
          -0.5276616811752319,
          0.8492419719696045,
          0.019004395231604576,
          20.280345916748047
        ],
        [
          -0.0008245704811997712,
          -0.022884530946612358,
          0.9997377395629883,
          1.6941016912460327
        ],
        [
          0.0,
          0.0,
          0.0,
          1.0
        ]
      ],
      "matrix_world_from_sensor_bevfusion": [
        [
          0.5275076031684875,
          -0.012775549665093422,
          0.8494542241096497,
          -52.50884246826172
        ],
        [
          -0.8492419719696045,
          0.019004395231604576,
          0.5276616811752319,
          -20.280345916748047
        ],
        [
          -0.022884530946612358,
          -0.9997377395629883,
          -0.0008245704811997712,
          1.6941016912460327
        ],
        [
          0.0,
          0.0,
          0.0,
          1.0
        ]
      ],
      "matrix_ego_from_sensor_carla": [
        [
          0.9999999403953552,
          -1.3437081669565032e-08,
          -2.8039071064966947e-10,
          1.5499992370605469
        ],
        [
          1.4728096964233828e-08,
          1.0,
          2.6490454274608055e-10,
          1.9073486328125e-06
        ],
        [
          1.9443686938291904e-10,
          -1.0996082933090179e-09,
          1.0,
          1.7000001668930054
        ],
        [
          0.0,
          0.0,
          0.0,
          1.0
        ]
      ],
      "matrix_ego_from_sensor_bevfusion": [
        [
          -1.3437081669565032e-08,
          2.8039071064966947e-10,
          0.9999999403953552,
          1.5499992370605469
        ],
        [
          -1.0,
          2.6490454274608055e-10,
          -1.4728096964233828e-08,
          -1.9073486328125e-06
        ],
        [
          -1.0996082933090179e-09,
          -1.0,
          1.9443686938291904e-10,
          1.7000001668930054
        ],
        [
          0.0,
          0.0,
          0.0,
          1.0
        ]
      ],
      "camera_intrinsics": [
        [
          1142.5184326171875,
          0.0,
          800.0
        ],
        [
          0.0,
          1142.5184326171875,
          450.0
        ],
        [
          0.0,
          0.0,
          1.0
        ]
      ],
      "data_path": "D:\\Agent-AI\\outputs\\samples\\sample_000027\\images\\CAM_FRONT.png",
      "raw_layout": "bgra8"
    },
    "CAM_FRONT_RIGHT": {
      "type_id": "sensor.camera.rgb",
      "blueprint_attributes": {
        "role_name": "front",
        "ros_name": "sensor.camera.rgb",
        "chromatic_aberration_offset": "0.0",
        "sensor_tick": "0.050000",
        "fstop": "1.4",
        "image_size_x": "1600",
        "image_size_y": "900",
        "fov": "70.00",
        "lens_circle_falloff": "5.0",
        "lens_circle_multiplier": "0.0",
        "exposure_compensation": "0.0",
        "lens_y_size": "0.08",
        "lens_k": "-1.0",
        "exposure_mode": "histogram",
        "lens_kcube": "0.0",
        "lens_x_size": "0.08",
        "exposure_max_bright": "12.0",
        "shutter_speed": "200.0",
        "bloom_intensity": "0.675",
        "iso": "100.0",
        "enable_postprocess_effects": "false",
        "gamma": "2.2",
        "motion_blur_intensity": "0.0",
        "motion_blur_max_distortion": "0.35",
        "lens_flare_intensity": "0.1",
        "motion_blur_min_object_screen_size": "0.1",
        "exposure_min_bright": "10.0",
        "exposure_speed_up": "3.0",
        "exposure_speed_down": "1.0",
        "tint": "0.0",
        "calibration_constant": "16.0",
        "focal_distance": "1000.0",
        "min_fstop": "1.2",
        "blade_count": "5",
        "blur_amount": "0.0",
        "blur_radius": "0.0",
        "slope": "0.88",
        "toe": "0.55",
        "white_clip": "0.04",
        "shoulder": "0.26",
        "black_clip": "0.0",
        "temp": "6500.0",
        "chromatic_aberration_intensity": "0.0"
      },
      "transform_carla": {
        "location": {
          "x": -52.43107604980469,
          "y": 20.879343032836914,
          "z": 1.6817213296890259
        },
        "rotation": {
          "roll": 0.7135187387466431,
          "pitch": -1.1012245416641235,
          "yaw": 23.14606285095215
        }
      },
      "matrix_world_from_sensor_carla": [
        [
          0.9193359017372131,
          -0.39326605200767517,
          0.012775484472513199,
          -52.43107604980469
        ],
        [
          0.3930038809776306,
          0.9193404316902161,
          0.019004417583346367,
          20.879343032836914
        ],
        [
          -0.01921881176531315,
          -0.012450628913939,
          0.9997377395629883,
          1.6817213296890259
        ],
        [
          0.0,
          0.0,
          0.0,
          1.0
        ]
      ],
      "matrix_world_from_sensor_bevfusion": [
        [
          -0.39326605200767517,
          -0.012775484472513199,
          0.9193359017372131,
          -52.43107604980469
        ],
        [
          -0.9193404316902161,
          0.019004417583346367,
          -0.3930038809776306,
          -20.879343032836914
        ],
        [
          -0.012450628913939,
          -0.9997377395629883,
          -0.01921881176531315,
          1.6817213296890259
        ],
        [
          0.0,
          0.0,
          0.0,
          1.0
        ]
      ],
      "matrix_ego_from_sensor_carla": [
        [
          0.5735765099525452,
          -0.8191519975662231,
          -6.797589691132089e-08,
          1.2999954223632812
        ],
        [
          0.8191519975662231,
          0.5735765695571899,
          -1.4636256651101576e-08,
          0.5500001907348633
        ],
        [
          5.102473110696337e-08,
          -4.628648753168818e-08,
          1.0,
          1.7000000476837158
        ],
        [
          0.0,
          0.0,
          0.0,
          1.0
        ]
      ],
      "matrix_ego_from_sensor_bevfusion": [
        [
          -0.8191519975662231,
          6.797589691132089e-08,
          0.5735765099525452,
          1.2999954223632812
        ],
        [
          -0.5735765695571899,
          -1.4636256651101576e-08,
          -0.8191519975662231,
          -0.5500001907348633
        ],
        [
          -4.628648753168818e-08,
          -1.0,
          5.102473110696337e-08,
          1.7000000476837158
        ],
        [
          0.0,
          0.0,
          0.0,
          1.0
        ]
      ],
      "camera_intrinsics": [
        [
          1142.5184326171875,
          0.0,
          800.0
        ],
        [
          0.0,
          1142.5184326171875,
          450.0
        ],
        [
          0.0,
          0.0,
          1.0
        ]
      ],
      "data_path": "D:\\Agent-AI\\outputs\\samples\\sample_000027\\images\\CAM_FRONT_RIGHT.png",
      "raw_layout": "bgra8"
    },
    "CAM_FRONT_LEFT": {
      "type_id": "sensor.camera.rgb",
      "blueprint_attributes": {
        "role_name": "front",
        "ros_name": "sensor.camera.rgb",
        "chromatic_aberration_offset": "0.0",
        "sensor_tick": "0.050000",
        "fstop": "1.4",
        "image_size_x": "1600",
        "image_size_y": "900",
        "fov": "70.00",
        "lens_circle_falloff": "5.0",
        "lens_circle_multiplier": "0.0",
        "exposure_compensation": "0.0",
        "lens_y_size": "0.08",
        "lens_k": "-1.0",
        "exposure_mode": "histogram",
        "lens_kcube": "0.0",
        "lens_x_size": "0.08",
        "exposure_max_bright": "12.0",
        "shutter_speed": "200.0",
        "bloom_intensity": "0.675",
        "iso": "100.0",
        "enable_postprocess_effects": "false",
        "gamma": "2.2",
        "motion_blur_intensity": "0.0",
        "motion_blur_max_distortion": "0.35",
        "lens_flare_intensity": "0.1",
        "motion_blur_min_object_screen_size": "0.1",
        "exposure_min_bright": "10.0",
        "exposure_speed_up": "3.0",
        "exposure_speed_down": "1.0",
        "tint": "0.0",
        "calibration_constant": "16.0",
        "focal_distance": "1000.0",
        "min_fstop": "1.2",
        "blade_count": "5",
        "blur_amount": "0.0",
        "blur_radius": "0.0",
        "slope": "0.88",
        "toe": "0.55",
        "white_clip": "0.04",
        "shoulder": "0.26",
        "black_clip": "0.0",
        "temp": "6500.0",
        "chromatic_aberration_intensity": "0.0"
      },
      "transform_carla": {
        "location": {
          "x": -53.01133728027344,
          "y": 19.94517707824707,
          "z": 1.7068943977355957
        },
        "rotation": {
          "roll": 0.7909209132194519,
          "pitch": 1.0470200777053833,
          "yaw": -86.83982849121094
        }
      },
      "matrix_world_from_sensor_carla": [
        [
          0.05511818826198578,
          0.9983980655670166,
          0.012775501236319542,
          -53.01133728027344
        ],
        [
          -0.9983125925064087,
          0.05487029254436493,
          0.019004369154572487,
          19.94517707824707
        ],
        [
          0.01827293075621128,
          -0.013801430352032185,
          0.9997377991676331,
          1.7068943977355957
        ],
        [
          0.0,
          0.0,
          0.0,
          1.0
        ]
      ],
      "matrix_world_from_sensor_bevfusion": [
        [
          0.9983980655670166,
          -0.012775501236319542,
          0.05511818826198578,
          -53.01133728027344
        ],
        [
          -0.05487029254436493,
          0.019004369154572487,
          0.9983125925064087,
          -19.94517707824707
        ],
        [
          -0.013801430352032185,
          -0.9997377991676331,
          0.01827293075621128,
          1.7068943977355957
        ],
        [
          0.0,
          0.0,
          0.0,
          1.0
        ]
      ],
      "matrix_ego_from_sensor_carla": [
        [
          0.5735765695571899,
          0.8191518783569336,
          -2.7570724370207245e-08,
          1.2999954223632812
        ],
        [
          -0.8191519379615784,
          0.5735766291618347,
          -4.766524952515283e-08,
          -0.5500001907348633
        ],
        [
          -2.280607169780069e-08,
          4.9918419620098575e-08,
          1.0,
          1.7000001668930054
        ],
        [
          0.0,
          0.0,
          0.0,
          1.0
        ]
      ],
      "matrix_ego_from_sensor_bevfusion": [
        [
          0.8191518783569336,
          2.7570724370207245e-08,
          0.5735765695571899,
          1.2999954223632812
        ],
        [
          -0.5735766291618347,
          -4.766524952515283e-08,
          0.8191519379615784,
          0.5500001907348633
        ],
        [
          4.9918419620098575e-08,
          -1.0,
          -2.280607169780069e-08,
          1.7000001668930054
        ],
        [
          0.0,
          0.0,
          0.0,
          1.0
        ]
      ],
      "camera_intrinsics": [
        [
          1142.5184326171875,
          0.0,
          800.0
        ],
        [
          0.0,
          1142.5184326171875,
          450.0
        ],
        [
          0.0,
          0.0,
          1.0
        ]
      ],
      "data_path": "D:\\Agent-AI\\outputs\\samples\\sample_000027\\images\\CAM_FRONT_LEFT.png",
      "raw_layout": "bgra8"
    },
    "CAM_BACK": {
      "type_id": "sensor.camera.rgb",
      "blueprint_attributes": {
        "role_name": "front",
        "ros_name": "sensor.camera.rgb",
        "chromatic_aberration_offset": "0.0",
        "sensor_tick": "0.050000",
        "fstop": "1.4",
        "image_size_x": "1600",
        "image_size_y": "900",
        "fov": "70.00",
        "lens_circle_falloff": "5.0",
        "lens_circle_multiplier": "0.0",
        "exposure_compensation": "0.0",
        "lens_y_size": "0.08",
        "lens_k": "-1.0",
        "exposure_mode": "histogram",
        "lens_kcube": "0.0",
        "lens_x_size": "0.08",
        "exposure_max_bright": "12.0",
        "shutter_speed": "200.0",
        "bloom_intensity": "0.675",
        "iso": "100.0",
        "enable_postprocess_effects": "false",
        "gamma": "2.2",
        "motion_blur_intensity": "0.0",
        "motion_blur_max_distortion": "0.35",
        "lens_flare_intensity": "0.1",
        "motion_blur_min_object_screen_size": "0.1",
        "exposure_min_bright": "10.0",
        "exposure_speed_up": "3.0",
        "exposure_speed_down": "1.0",
        "tint": "0.0",
        "calibration_constant": "16.0",
        "focal_distance": "1000.0",
        "min_fstop": "1.2",
        "blade_count": "5",
        "blur_amount": "0.0",
        "blur_radius": "0.0",
        "slope": "0.88",
        "toe": "0.55",
        "white_clip": "0.04",
        "shoulder": "0.26",
        "black_clip": "0.0",
        "temp": "6500.0",
        "chromatic_aberration_intensity": "0.0"
      },
      "transform_carla": {
        "location": {
          "x": -55.14215087890625,
          "y": 21.916095733642578,
          "z": 1.696657657623291
        },
        "rotation": {
          "roll": -1.3113017082214355,
          "pitch": 0.04724441468715668,
          "yaw": 148.15240478515625
        }
      },
      "matrix_world_from_sensor_carla": [
        [
          -0.8494543433189392,
          -0.5275073647499084,
          0.012775542214512825,
          -55.14215087890625
        ],
        [
          0.5276614427566528,
          -0.849242091178894,
          0.019004393368959427,
          21.916095733642578
        ],
        [
          0.0008245704811997712,
          0.02288452535867691,
          0.9997377395629883,
          1.696657657623291
        ],
        [
          0.0,
          0.0,
          0.0,
          1.0
        ]
      ],
      "matrix_world_from_sensor_bevfusion": [
        [
          -0.5275073647499084,
          -0.012775542214512825,
          -0.8494543433189392,
          -55.14215087890625
        ],
        [
          0.849242091178894,
          0.019004393368959427,
          -0.5276614427566528,
          -21.916095733642578
        ],
        [
          0.02288452535867691,
          -0.9997377395629883,
          0.0008245704811997712,
          1.696657657623291
        ],
        [
          0.0,
          0.0,
          0.0,
          1.0
        ]
      ],
      "matrix_ego_from_sensor_carla": [
        [
          -0.9999999403953552,
          2.849585882813699e-07,
          -5.810118608451376e-09,
          -1.5500030517578125
        ],
        [
          -2.7680809466801293e-07,
          -0.9999999403953552,
          -5.3230309049467905e-09,
          0.0
        ],
        [
          -5.665957036882219e-09,
          -4.486861993058255e-09,
          1.0,
          1.6999998092651367
        ],
        [
          0.0,
          0.0,
          0.0,
          1.0
        ]
      ],
      "matrix_ego_from_sensor_bevfusion": [
        [
          2.849585882813699e-07,
          5.810118608451376e-09,
          -0.9999999403953552,
          -1.5500030517578125
        ],
        [
          0.9999999403953552,
          -5.3230309049467905e-09,
          2.7680809466801293e-07,
          0.0
        ],
        [
          -4.486861993058255e-09,
          -1.0,
          -5.665957036882219e-09,
          1.6999998092651367
        ],
        [
          0.0,
          0.0,
          0.0,
          1.0
        ]
      ],
      "camera_intrinsics": [
        [
          1142.5184326171875,
          0.0,
          800.0
        ],
        [
          0.0,
          1142.5184326171875,
          450.0
        ],
        [
          0.0,
          0.0,
          1.0
        ]
      ],
      "data_path": "D:\\Agent-AI\\outputs\\samples\\sample_000027\\images\\CAM_BACK.png",
      "raw_layout": "bgra8"
    },
    "CAM_BACK_LEFT": {
      "type_id": "sensor.camera.rgb",
      "blueprint_attributes": {
        "role_name": "front",
        "ros_name": "sensor.camera.rgb",
        "chromatic_aberration_offset": "0.0",
        "sensor_tick": "0.050000",
        "fstop": "1.4",
        "image_size_x": "1600",
        "image_size_y": "900",
        "fov": "70.00",
        "lens_circle_falloff": "5.0",
        "lens_circle_multiplier": "0.0",
        "exposure_compensation": "0.0",
        "lens_y_size": "0.08",
        "lens_k": "-1.0",
        "exposure_mode": "histogram",
        "lens_kcube": "0.0",
        "lens_x_size": "0.08",
        "exposure_max_bright": "12.0",
        "shutter_speed": "200.0",
        "bloom_intensity": "0.675",
        "iso": "100.0",
        "enable_postprocess_effects": "false",
        "gamma": "2.2",
        "motion_blur_intensity": "0.0",
        "motion_blur_max_distortion": "0.35",
        "lens_flare_intensity": "0.1",
        "motion_blur_min_object_screen_size": "0.1",
        "exposure_min_bright": "10.0",
        "exposure_speed_up": "3.0",
        "exposure_speed_down": "1.0",
        "tint": "0.0",
        "calibration_constant": "16.0",
        "focal_distance": "1000.0",
        "min_fstop": "1.2",
        "blade_count": "5",
        "blur_amount": "0.0",
        "blur_radius": "0.0",
        "slope": "0.88",
        "toe": "0.55",
        "white_clip": "0.04",
        "shoulder": "0.26",
        "black_clip": "0.0",
        "temp": "6500.0",
        "chromatic_aberration_intensity": "0.0"
      },
      "transform_carla": {
        "location": {
          "x": -55.21991729736328,
          "y": 21.317096710205078,
          "z": 1.7090380191802979
        },
        "rotation": {
          "roll": -0.7135183811187744,
          "pitch": 1.101231336593628,
          "yaw": -156.85391235351562
        }
      },
      "matrix_world_from_sensor_carla": [
        [
          -0.9193357825279236,
          0.3932664096355438,
          0.012775588780641556,
          -55.21991729736328
        ],
        [
          -0.39300423860549927,
          -0.9193403124809265,
          0.01900446228682995,
          21.317096710205078
        ],
        [
          0.01921892911195755,
          0.012450622394680977,
          0.9997377395629883,
          1.7090380191802979
        ],
        [
          0.0,
          0.0,
          0.0,
          1.0
        ]
      ],
      "matrix_world_from_sensor_bevfusion": [
        [
          0.3932664096355438,
          -0.012775588780641556,
          -0.9193357825279236,
          -55.21991729736328
        ],
        [
          0.9193403124809265,
          0.01900446228682995,
          0.39300423860549927,
          -21.317096710205078
        ],
        [
          0.012450622394680977,
          -0.9997377395629883,
          0.01921892911195755,
          1.7090380191802979
        ],
        [
          0.0,
          0.0,
          0.0,
          1.0
        ]
      ],
      "matrix_ego_from_sensor_carla": [
        [
          -0.5735762715339661,
          0.8191521763801575,
          -2.143035970902929e-09,
          -1.2999992370605469
        ],
        [
          -0.8191522359848022,
          -0.5735762715339661,
          7.849600081044628e-08,
          -0.5500001907348633
        ],
        [
          6.070320779372196e-08,
          4.6288196386967684e-08,
          1.0,
          1.6999998092651367
        ],
        [
          0.0,
          0.0,
          0.0,
          1.0
        ]
      ],
      "matrix_ego_from_sensor_bevfusion": [
        [
          0.8191521763801575,
          2.143035970902929e-09,
          -0.5735762715339661,
          -1.2999992370605469
        ],
        [
          0.5735762715339661,
          7.849600081044628e-08,
          0.8191522359848022,
          0.5500001907348633
        ],
        [
          4.6288196386967684e-08,
          -1.0,
          6.070320779372196e-08,
          1.6999998092651367
        ],
        [
          0.0,
          0.0,
          0.0,
          1.0
        ]
      ],
      "camera_intrinsics": [
        [
          1142.5184326171875,
          0.0,
          800.0
        ],
        [
          0.0,
          1142.5184326171875,
          450.0
        ],
        [
          0.0,
          0.0,
          1.0
        ]
      ],
      "data_path": "D:\\Agent-AI\\outputs\\samples\\sample_000027\\images\\CAM_BACK_LEFT.png",
      "raw_layout": "bgra8"
    },
    "CAM_BACK_RIGHT": {
      "type_id": "sensor.camera.rgb",
      "blueprint_attributes": {
        "role_name": "front",
        "ros_name": "sensor.camera.rgb",
        "chromatic_aberration_offset": "0.0",
        "sensor_tick": "0.050000",
        "fstop": "1.4",
        "image_size_x": "1600",
        "image_size_y": "900",
        "fov": "70.00",
        "lens_circle_falloff": "5.0",
        "lens_circle_multiplier": "0.0",
        "exposure_compensation": "0.0",
        "lens_y_size": "0.08",
        "lens_k": "-1.0",
        "exposure_mode": "histogram",
        "lens_kcube": "0.0",
        "lens_x_size": "0.08",
        "exposure_max_bright": "12.0",
        "shutter_speed": "200.0",
        "bloom_intensity": "0.675",
        "iso": "100.0",
        "enable_postprocess_effects": "false",
        "gamma": "2.2",
        "motion_blur_intensity": "0.0",
        "motion_blur_max_distortion": "0.35",
        "lens_flare_intensity": "0.1",
        "motion_blur_min_object_screen_size": "0.1",
        "exposure_min_bright": "10.0",
        "exposure_speed_up": "3.0",
        "exposure_speed_down": "1.0",
        "tint": "0.0",
        "calibration_constant": "16.0",
        "focal_distance": "1000.0",
        "min_fstop": "1.2",
        "blade_count": "5",
        "blur_amount": "0.0",
        "blur_radius": "0.0",
        "slope": "0.88",
        "toe": "0.55",
        "white_clip": "0.04",
        "shoulder": "0.26",
        "black_clip": "0.0",
        "temp": "6500.0",
        "chromatic_aberration_intensity": "0.0"
      },
      "transform_carla": {
        "location": {
          "x": -54.63965606689453,
          "y": 22.251264572143555,
          "z": 1.6838650703430176
        },
        "rotation": {
          "roll": -0.7909206748008728,
          "pitch": -1.0470200777053833,
          "yaw": 93.16017150878906
        }
      },
      "matrix_world_from_sensor_carla": [
        [
          -0.05511827394366264,
          -0.9983980655670166,
          0.01277549471706152,
          -54.63965606689453
        ],
        [
          0.9983125925064087,
          -0.054870378226041794,
          0.019004371017217636,
          22.251264572143555
        ],
        [
          -0.01827293075621128,
          0.013801425695419312,
          0.9997377991676331,
          1.6838650703430176
        ],
        [
          0.0,
          0.0,
          0.0,
          1.0
        ]
      ],
      "matrix_world_from_sensor_bevfusion": [
        [
          -0.9983980655670166,
          -0.01277549471706152,
          -0.05511827394366264,
          -54.63965606689453
        ],
        [
          0.054870378226041794,
          0.019004371017217636,
          -0.9983125925064087,
          -22.251264572143555
        ],
        [
          0.013801425695419312,
          -0.9997377991676331,
          -0.01827293075621128,
          1.6838650703430176
        ],
        [
          0.0,
          0.0,
          0.0,
          1.0
        ]
      ],
      "matrix_ego_from_sensor_carla": [
        [
          -0.5735766887664795,
          -0.8191518187522888,
          -3.4089982392515594e-08,
          -1.2999992370605469
        ],
        [
          0.8191518783569336,
          -0.5735767483711243,
          -5.1390539823614745e-08,
          0.5500020980834961
        ],
        [
          2.0943426548569732e-08,
          -5.643645550890142e-08,
          1.0,
          1.6999999284744263
        ],
        [
          0.0,
          0.0,
          0.0,
          1.0
        ]
      ],
      "matrix_ego_from_sensor_bevfusion": [
        [
          -0.8191518187522888,
          3.4089982392515594e-08,
          -0.5735766887664795,
          -1.2999992370605469
        ],
        [
          0.5735767483711243,
          -5.1390539823614745e-08,
          -0.8191518783569336,
          -0.5500020980834961
        ],
        [
          -5.643645550890142e-08,
          -1.0,
          2.0943426548569732e-08,
          1.6999999284744263
        ],
        [
          0.0,
          0.0,
          0.0,
          1.0
        ]
      ],
      "camera_intrinsics": [
        [
          1142.5184326171875,
          0.0,
          800.0
        ],
        [
          0.0,
          1142.5184326171875,
          450.0
        ],
        [
          0.0,
          0.0,
          1.0
        ]
      ],
      "data_path": "D:\\Agent-AI\\outputs\\samples\\sample_000027\\images\\CAM_BACK_RIGHT.png",
      "raw_layout": "bgra8"
    },
    "LIDAR_TOP": {
      "type_id": "sensor.lidar.ray_cast",
      "blueprint_attributes": {
        "atmosphere_attenuation_rate": "0.004",
        "role_name": "front",
        "noise_seed": "0",
        "upper_fov": "10.0",
        "ros_name": "sensor.lidar.ray_cast",
        "sensor_tick": "0.050000",
        "channels": "32",
        "range": "120.0",
        "points_per_second": "360000",
        "lower_fov": "-30.0",
        "rotation_frequency": "20.000000",
        "horizontal_fov": "360.0",
        "dropoff_general_rate": "0.0",
        "dropoff_intensity_limit": "1.0",
        "noise_stddev": "0.0",
        "dropoff_zero_intensity": "0.0"
      },
      "transform_carla": {
        "location": {
          "x": -53.81911087036133,
          "y": 21.10772132873535,
          "z": 2.195248603820801
        },
        "rotation": {
          "roll": 1.3113019466400146,
          "pitch": -0.04724441468715668,
          "yaw": -31.847612380981445
        }
      },
      "matrix_world_from_sensor_carla": [
        [
          0.8494542241096497,
          0.5275076031684875,
          0.012775549665093422,
          -53.81911087036133
        ],
        [
          -0.5276616811752319,
          0.8492419719696045,
          0.019004395231604576,
          21.10772132873535
        ],
        [
          -0.0008245704811997712,
          -0.022884530946612358,
          0.9997377395629883,
          2.195248603820801
        ],
        [
          0.0,
          0.0,
          0.0,
          1.0
        ]
      ],
      "matrix_world_from_sensor_bevfusion": [
        [
          0.8494542241096497,
          -0.5275076031684875,
          0.012775549665093422,
          -53.81911087036133
        ],
        [
          0.5276616811752319,
          0.8492419719696045,
          -0.019004395231604576,
          -21.10772132873535
        ],
        [
          -0.0008245704811997712,
          0.022884530946612358,
          0.9997377395629883,
          2.195248603820801
        ],
        [
          0.0,
          0.0,
          0.0,
          1.0
        ]
      ],
      "matrix_ego_from_sensor_carla": [
        [
          0.9999999403953552,
          -1.3437081669565032e-08,
          -2.8039071064966947e-10,
          -3.814697265625e-06
        ],
        [
          1.4728096964233828e-08,
          1.0,
          2.6490454274608055e-10,
          -2.86102294921875e-06
        ],
        [
          1.9443686938291904e-10,
          -1.0996082933090179e-09,
          1.0,
          2.1999998092651367
        ],
        [
          0.0,
          0.0,
          0.0,
          1.0
        ]
      ],
      "matrix_ego_from_sensor_bevfusion": [
        [
          0.9999999403953552,
          1.3437081669565032e-08,
          -2.8039071064966947e-10,
          -3.814697265625e-06
        ],
        [
          -1.4728096964233828e-08,
          1.0,
          -2.6490454274608055e-10,
          2.86102294921875e-06
        ],
        [
          1.9443686938291904e-10,
          1.0996082933090179e-09,
          1.0,
          2.1999998092651367
        ],
        [
          0.0,
          0.0,
          0.0,
          1.0
        ]
      ],
      "data_path": "D:\\Agent-AI\\outputs\\samples\\sample_000027\\lidar\\LIDAR_TOP.npy",
      "raw_layout": [
        "x",
        "y",
        "z",
        "intensity"
      ]
    },
    "RADAR_FRONT": {
      "type_id": "sensor.other.radar",
      "blueprint_attributes": {
        "sensor_tick": "0.050000",
        "role_name": "default",
        "noise_seed": "0",
        "ros_name": "sensor.other.radar",
        "horizontal_fov": "35.0",
        "points_per_second": "1500",
        "vertical_fov": "20.0",
        "range": "120.0"
      },
      "transform_carla": {
        "location": {
          "x": -52.136810302734375,
          "y": 20.027692794799805,
          "z": 0.8939405679702759
        },
        "rotation": {
          "roll": 1.3113019466400146,
          "pitch": -0.04724441468715668,
          "yaw": -31.847612380981445
        }
      },
      "matrix_world_from_sensor_carla": [
        [
          0.8494542241096497,
          0.5275076031684875,
          0.012775549665093422,
          -52.136810302734375
        ],
        [
          -0.5276616811752319,
          0.8492419719696045,
          0.019004395231604576,
          20.027692794799805
        ],
        [
          -0.0008245704811997712,
          -0.022884530946612358,
          0.9997377395629883,
          0.8939405679702759
        ],
        [
          0.0,
          0.0,
          0.0,
          1.0
        ]
      ],
      "matrix_world_from_sensor_bevfusion": [
        [
          0.8494542241096497,
          -0.5275076031684875,
          0.012775549665093422,
          -52.136810302734375
        ],
        [
          0.5276616811752319,
          0.8492419719696045,
          -0.019004395231604576,
          -20.027692794799805
        ],
        [
          -0.0008245704811997712,
          0.022884530946612358,
          0.9997377395629883,
          0.8939405679702759
        ],
        [
          0.0,
          0.0,
          0.0,
          1.0
        ]
      ],
      "matrix_ego_from_sensor_carla": [
        [
          0.9999999403953552,
          -1.3437081669565032e-08,
          -2.8039071064966947e-10,
          2.0
        ],
        [
          1.4728096964233828e-08,
          1.0,
          2.6490454274608055e-10,
          -9.5367431640625e-07
        ],
        [
          1.9443686938291904e-10,
          -1.0996082933090179e-09,
          1.0,
          0.9000000953674316
        ],
        [
          0.0,
          0.0,
          0.0,
          1.0
        ]
      ],
      "matrix_ego_from_sensor_bevfusion": [
        [
          0.9999999403953552,
          1.3437081669565032e-08,
          -2.8039071064966947e-10,
          2.0
        ],
        [
          -1.4728096964233828e-08,
          1.0,
          -2.6490454274608055e-10,
          9.5367431640625e-07
        ],
        [
          1.9443686938291904e-10,
          1.0996082933090179e-09,
          1.0,
          0.9000000953674316
        ],
        [
          0.0,
          0.0,
          0.0,
          1.0
        ]
      ],
      "data_path": "D:\\Agent-AI\\outputs\\samples\\sample_000027\\radar\\RADAR_FRONT.npy",
      "raw_layout": [
        "velocity",
        "altitude",
        "azimuth",
        "depth"
      ]
    },
    "RADAR_FRONT_LEFT": {
      "type_id": "sensor.other.radar",
      "blueprint_attributes": {
        "sensor_tick": "0.050000",
        "role_name": "default",
        "noise_seed": "0",
        "ros_name": "sensor.other.radar",
        "horizontal_fov": "35.0",
        "points_per_second": "1500",
        "vertical_fov": "20.0",
        "range": "120.0"
      },
      "transform_carla": {
        "location": {
          "x": -52.829750061035156,
          "y": 19.575443267822266,
          "z": 0.9113925099372864
        },
        "rotation": {
          "roll": 0.960715651512146,
          "pitch": 0.8937780261039734,
          "yaw": -76.83953857421875
        }
      },
      "matrix_world_from_sensor_carla": [
        [
          0.22765125334262848,
          0.9736589193344116,
          0.012775499373674393,
          -52.829750061035156
        ],
        [
          -0.9736177921295166,
          0.2273922860622406,
          0.01900438219308853,
          19.575443267822266
        ],
        [
          0.015598736703395844,
          -0.016764825209975243,
          0.9997377991676331,
          0.9113925099372864
        ],
        [
          0.0,
          0.0,
          0.0,
          1.0
        ]
      ],
      "matrix_world_from_sensor_bevfusion": [
        [
          0.22765125334262848,
          -0.9736589193344116,
          0.012775499373674393,
          -52.829750061035156
        ],
        [
          0.9736177921295166,
          0.2273922860622406,
          -0.01900438219308853,
          -19.575443267822266
        ],
        [
          0.015598736703395844,
          0.016764825209975243,
          0.9997377991676331,
          0.9113925099372864
        ],
        [
          0.0,
          0.0,
          0.0,
          1.0
        ]
      ],
      "matrix_ego_from_sensor_carla": [
        [
          0.7071072459220886,
          0.707106351852417,
          -3.6301873507227356e-08,
          1.6499977111816406
        ],
        [
          -0.707106351852417,
          0.7071073055267334,
          -3.8352023778998046e-08,
          -0.75
        ],
        [
          -5.643223666140784e-10,
          5.2062635091942866e-08,
          1.0,
          0.9000000953674316
        ],
        [
          0.0,
          0.0,
          0.0,
          1.0
        ]
      ],
      "matrix_ego_from_sensor_bevfusion": [
        [
          0.7071072459220886,
          -0.707106351852417,
          -3.6301873507227356e-08,
          1.6499977111816406
        ],
        [
          0.707106351852417,
          0.7071073055267334,
          3.8352023778998046e-08,
          0.75
        ],
        [
          -5.643223666140784e-10,
          -5.2062635091942866e-08,
          1.0,
          0.9000000953674316
        ],
        [
          0.0,
          0.0,
          0.0,
          1.0
        ]
      ],
      "data_path": "D:\\Agent-AI\\outputs\\samples\\sample_000027\\radar\\RADAR_FRONT_LEFT.npy",
      "raw_layout": [
        "velocity",
        "altitude",
        "azimuth",
        "depth"
      ]
    },
    "RADAR_FRONT_RIGHT": {
      "type_id": "sensor.other.radar",
      "blueprint_attributes": {
        "sensor_tick": "0.050000",
        "role_name": "default",
        "noise_seed": "0",
        "ros_name": "sensor.other.radar",
