{
  "schema_version": "stage1.v1",
  "sample_name": "sample_000023",
  "sequence_index": 23,
  "previous_sample_name": "sample_000022",
  "frame_id": 2200,
  "timestamp": 34.04063231125474,
  "platform_timestamp": 16781885.1264991,
  "delta_seconds": 0.05000000074505806,
  "town": "Carla/Maps/Town10HD_Opt",
  "weather": {
    "cloudiness": 20.0,
    "dust_storm": 0.0,
    "fog_density": 2.0,
    "fog_distance": 0.75,
    "fog_falloff": 0.10000000149011612,
    "mie_scattering_scale": 0.029999999329447746,
    "precipitation": 0.0,
    "precipitation_deposits": 0.0,
    "rayleigh_scattering_scale": 0.03310000151395798,
    "scattering_intensity": 1.0,
    "sun_altitude_angle": 45.0,
    "sun_azimuth_angle": 300.0,
    "wetness": 0.0,
    "wind_intensity": 10.0
  },
  "sensor_names": [
    "CAM_FRONT",
    "CAM_FRONT_RIGHT",
    "CAM_FRONT_LEFT",
    "CAM_BACK",
    "CAM_BACK_LEFT",
    "CAM_BACK_RIGHT",
    "LIDAR_TOP",
    "RADAR_FRONT",
    "RADAR_FRONT_LEFT",
    "RADAR_FRONT_RIGHT",
    "RADAR_BACK_LEFT",
    "RADAR_BACK_RIGHT"
  ],
  "camera_order_for_model": [
    "CAM_FRONT",
    "CAM_FRONT_RIGHT",
    "CAM_FRONT_LEFT",
    "CAM_BACK",
    "CAM_BACK_LEFT",
    "CAM_BACK_RIGHT"
  ],
  "radar_order_for_model": [
    "RADAR_FRONT",
    "RADAR_FRONT_LEFT",
    "RADAR_FRONT_RIGHT",
    "RADAR_BACK_LEFT",
    "RADAR_BACK_RIGHT"
  ],
  "coordinate_notes": {
    "carla_world": "left-handed x-forward y-right z-up",
    "bevfusion_lidar": "x-forward y-left z-up",
    "camera_frame_for_model": "OpenCV style x-right y-down z-forward"
  },
  "ego": {
    "actor_id": 24,
    "transform_carla": {
      "location": {
        "x": -55.17612838745117,
        "y": 21.885356903076172,
        "z": -0.0047775269486010075
      },
      "rotation": {
        "roll": 1.2222583293914795,
        "pitch": 0.11788906157016754,
        "yaw": -26.223915100097656
      }
    },
    "velocity_carla": [
      6.989295482635498,
      -3.8669662475585938,
      -7.862090569688007e-05
    ],
    "angular_velocity_carla": [
      1.0158510208129883,
      1.454550862312317,
      -23.483510971069336
    ],
    "matrix_world_from_ego_carla": [
      [
        0.8970720767974854,
        0.4418191909790039,
        0.007580311503261328,
        -55.17612838745117
      ],
      [
        -0.44187939167022705,
        0.8968505263328552,
        0.020044300705194473,
        21.885356903076172
      ],
      [
        0.0020575509406626225,
        -0.02133076637983322,
        0.9997703433036804,
        -0.0047775269486010075
      ],
      [
        0.0,
        0.0,
        0.0,
        1.0
      ]
    ],
    "matrix_world_from_ego_bevfusion": [
      [
        0.8970720767974854,
        -0.4418191909790039,
        0.007580311503261328,
        -55.17612838745117
      ],
      [
        0.44187939167022705,
        0.8968505263328552,
        -0.020044300705194473,
        -21.885356903076172
      ],
      [
        0.0020575509406626225,
        0.02133076637983322,
        0.9997703433036804,
        -0.0047775269486010075
      ],
      [
        0.0,
        0.0,
        0.0,
        1.0
      ]
    ]
  },
  "sensors": {
    "CAM_FRONT": {
      "type_id": "sensor.camera.rgb",
      "blueprint_attributes": {
        "role_name": "front",
        "ros_name": "sensor.camera.rgb",
        "chromatic_aberration_offset": "0.0",
        "sensor_tick": "0.050000",
        "fstop": "1.4",
        "image_size_x": "1600",
        "image_size_y": "900",
        "fov": "70.00",
        "lens_circle_falloff": "5.0",
        "lens_circle_multiplier": "0.0",
        "exposure_compensation": "0.0",
        "lens_y_size": "0.08",
        "lens_k": "-1.0",
        "exposure_mode": "histogram",
        "lens_kcube": "0.0",
        "lens_x_size": "0.08",
        "exposure_max_bright": "12.0",
        "shutter_speed": "200.0",
        "bloom_intensity": "0.675",
        "iso": "100.0",
        "enable_postprocess_effects": "false",
        "gamma": "2.2",
        "motion_blur_intensity": "0.0",
        "motion_blur_max_distortion": "0.35",
        "lens_flare_intensity": "0.1",
        "motion_blur_min_object_screen_size": "0.1",
        "exposure_min_bright": "10.0",
        "exposure_speed_up": "3.0",
        "exposure_speed_down": "1.0",
        "tint": "0.0",
        "calibration_constant": "16.0",
        "focal_distance": "1000.0",
        "min_fstop": "1.2",
        "blade_count": "5",
        "blur_amount": "0.0",
        "blur_radius": "0.0",
        "slope": "0.88",
        "toe": "0.55",
        "white_clip": "0.04",
        "shoulder": "0.26",
        "black_clip": "0.0",
        "temp": "6500.0",
        "chromatic_aberration_intensity": "0.0"
      },
      "transform_carla": {
        "location": {
          "x": -53.77277755737305,
          "y": 21.23451805114746,
          "z": 1.698021411895752
        },
        "rotation": {
          "roll": 1.2222583293914795,
          "pitch": 0.11788906157016754,
          "yaw": -26.223915100097656
        }
      },
      "matrix_world_from_sensor_carla": [
        [
          0.8970720767974854,
          0.4418191909790039,
          0.007580311503261328,
          -53.77277755737305
        ],
        [
          -0.44187939167022705,
          0.8968505263328552,
          0.020044300705194473,
          21.23451805114746
        ],
        [
          0.0020575509406626225,
          -0.02133076637983322,
          0.9997703433036804,
          1.698021411895752
        ],
        [
          0.0,
          0.0,
          0.0,
          1.0
        ]
      ],
      "matrix_world_from_sensor_bevfusion": [
        [
          0.4418191909790039,
          -0.007580311503261328,
          0.8970720767974854,
          -53.77277755737305
        ],
        [
          -0.8968505263328552,
          0.020044300705194473,
          0.44187939167022705,
          -21.23451805114746
        ],
        [
          -0.02133076637983322,
          -0.9997703433036804,
          0.0020575509406626225,
          1.698021411895752
        ],
        [
          0.0,
          0.0,
          0.0,
          1.0
        ]
      ],
      "matrix_ego_from_sensor_carla": [
        [
          1.0,
          -2.6149022946952982e-09,
          1.1596201776598036e-10,
          1.5500068664550781
        ],
        [
          -9.162283376440428e-09,
          1.0,
          -3.4057201503401302e-12,
          4.76837158203125e-07
        ],
        [
          -1.1697556812073628e-10,
          -3.4057201503401302e-12,
          1.0,
          1.7000001668930054
        ],
        [
          0.0,
          0.0,
          0.0,
          1.0
        ]
      ],
      "matrix_ego_from_sensor_bevfusion": [
        [
          -2.6149022946952982e-09,
          -1.1596201776598036e-10,
          1.0,
          1.5500068664550781
        ],
        [
          -1.0,
          -3.4057201503401302e-12,
          9.162283376440428e-09,
          -4.76837158203125e-07
        ],
        [
          -3.4057201503401302e-12,
          -1.0,
          -1.1697556812073628e-10,
          1.7000001668930054
        ],
        [
          0.0,
          0.0,
          0.0,
          1.0
        ]
      ],
      "camera_intrinsics": [
        [
          1142.5184326171875,
          0.0,
          800.0
        ],
        [
          0.0,
          1142.5184326171875,
          450.0
        ],
        [
          0.0,
          0.0,
          1.0
        ]
      ],
      "data_path": "D:\\Agent-AI\\outputs\\samples\\sample_000023\\images\\CAM_FRONT.png",
      "raw_layout": "bgra8"
    },
    "CAM_FRONT_RIGHT": {
      "type_id": "sensor.camera.rgb",
      "blueprint_attributes": {
        "role_name": "front",
        "ros_name": "sensor.camera.rgb",
        "chromatic_aberration_offset": "0.0",
        "sensor_tick": "0.050000",
        "fstop": "1.4",
        "image_size_x": "1600",
        "image_size_y": "900",
        "fov": "70.00",
        "lens_circle_falloff": "5.0",
        "lens_circle_multiplier": "0.0",
        "exposure_compensation": "0.0",
        "lens_y_size": "0.08",
        "lens_k": "-1.0",
        "exposure_mode": "histogram",
        "lens_kcube": "0.0",
        "lens_x_size": "0.08",
        "exposure_max_bright": "12.0",
        "shutter_speed": "200.0",
        "bloom_intensity": "0.675",
        "iso": "100.0",
        "enable_postprocess_effects": "false",
        "gamma": "2.2",
        "motion_blur_intensity": "0.0",
        "motion_blur_max_distortion": "0.35",
        "lens_flare_intensity": "0.1",
        "motion_blur_min_object_screen_size": "0.1",
        "exposure_min_bright": "10.0",
        "exposure_speed_up": "3.0",
        "exposure_speed_down": "1.0",
        "tint": "0.0",
        "calibration_constant": "16.0",
        "focal_distance": "1000.0",
        "min_fstop": "1.2",
        "blade_count": "5",
        "blur_amount": "0.0",
        "blur_radius": "0.0",
        "slope": "0.88",
        "toe": "0.55",
        "white_clip": "0.04",
        "shoulder": "0.26",
        "black_clip": "0.0",
        "temp": "6500.0",
        "chromatic_aberration_intensity": "0.0"
      },
      "transform_carla": {
        "location": {
          "x": -53.75404739379883,
          "y": 21.8382568359375,
          "z": 1.6857749223709106
        },
        "rotation": {
          "roll": 0.7977047562599182,
          "pitch": -0.9335570335388184,
          "yaw": 28.768293380737305
        }
      },
      "matrix_world_from_sensor_carla": [
        [
          0.8764567971229553,
          -0.4814208447933197,
          0.007580271922051907,
          -53.75404739379883
        ],
        [
          0.4812047481536865,
          0.8763790130615234,
          0.020044272765517235,
          21.8382568359375
        ],
        [
          -0.01629292219877243,
          -0.013920276425778866,
          0.9997703433036804,
          1.6857749223709106
        ],
        [
          0.0,
          0.0,
          0.0,
          1.0
        ]
      ],
      "matrix_world_from_sensor_bevfusion": [
        [
          -0.4814208447933197,
          -0.007580271922051907,
          0.8764567971229553,
          -53.75404739379883
        ],
        [
          -0.8763790130615234,
          0.020044272765517235,
          -0.4812047481536865,
          -21.8382568359375
        ],
        [
          -0.013920276425778866,
          -0.9997703433036804,
          -0.01629292219877243,
          1.6857749223709106
        ],
        [
          0.0,
          0.0,
          0.0,
          1.0
        ]
      ],
      "matrix_ego_from_sensor_carla": [
        [
          0.5735769867897034,
          -0.819151759147644,
          -2.2934271370900206e-08,
          1.3000030517578125
        ],
        [
          0.8191516399383545,
          0.5735769271850586,
          -4.284424548472998e-08,
          0.5499992370605469
        ],
        [
          4.6290708155538596e-08,
          5.2422324259282504e-09,
          1.0,
          1.6999999284744263
        ],
        [
          0.0,
          0.0,
          0.0,
          1.0
        ]
      ],
      "matrix_ego_from_sensor_bevfusion": [
        [
          -0.819151759147644,
          2.2934271370900206e-08,
          0.5735769867897034,
          1.3000030517578125
        ],
        [
          -0.5735769271850586,
          -4.284424548472998e-08,
          -0.8191516399383545,
          -0.5499992370605469
        ],
        [
          5.2422324259282504e-09,
          -1.0,
          4.6290708155538596e-08,
          1.6999999284744263
        ],
        [
          0.0,
          0.0,
          0.0,
          1.0
        ]
      ],
      "camera_intrinsics": [
        [
          1142.5184326171875,
          0.0,
          800.0
        ],
        [
          0.0,
          1142.5184326171875,
          450.0
        ],
        [
          0.0,
          0.0,
          1.0
        ]
      ],
      "data_path": "D:\\Agent-AI\\outputs\\samples\\sample_000023\\images\\CAM_FRONT_RIGHT.png",
      "raw_layout": "bgra8"
    },
    "CAM_FRONT_LEFT": {
      "type_id": "sensor.camera.rgb",
      "blueprint_attributes": {
        "role_name": "front",
        "ros_name": "sensor.camera.rgb",
        "chromatic_aberration_offset": "0.0",
        "sensor_tick": "0.050000",
        "fstop": "1.4",
        "image_size_x": "1600",
        "image_size_y": "900",
        "fov": "70.00",
        "lens_circle_falloff": "5.0",
        "lens_circle_multiplier": "0.0",
        "exposure_compensation": "0.0",
        "lens_y_size": "0.08",
        "lens_k": "-1.0",
        "exposure_mode": "histogram",
        "lens_kcube": "0.0",
        "lens_x_size": "0.08",
        "exposure_max_bright": "12.0",
        "shutter_speed": "200.0",
        "bloom_intensity": "0.675",
        "iso": "100.0",
        "enable_postprocess_effects": "false",
        "gamma": "2.2",
        "motion_blur_intensity": "0.0",
        "motion_blur_max_distortion": "0.35",
        "lens_flare_intensity": "0.1",
        "motion_blur_min_object_screen_size": "0.1",
        "exposure_min_bright": "10.0",
        "exposure_speed_up": "3.0",
        "exposure_speed_down": "1.0",
        "tint": "0.0",
        "calibration_constant": "16.0",
        "focal_distance": "1000.0",
        "min_fstop": "1.2",
        "blade_count": "5",
        "blur_amount": "0.0",
        "blur_radius": "0.0",
        "slope": "0.88",
        "toe": "0.55",
        "white_clip": "0.04",
        "shoulder": "0.26",
        "black_clip": "0.0",
        "temp": "6500.0",
        "chromatic_aberration_intensity": "0.0"
      },
      "transform_carla": {
        "location": {
          "x": -54.240047454833984,
          "y": 20.851720809936523,
          "z": 1.709238886833191
        },
        "rotation": {
          "roll": 0.6045512557029724,
          "pitch": 1.0688152313232422,
          "yaw": -81.21952819824219
        }
      },
      "matrix_world_from_sensor_carla": [
        [
          0.15262246131896973,
          0.988255500793457,
          0.007580315228551626,
          -54.240047454833984
        ],
        [
          -0.9881085157394409,
          0.15244601666927338,
          0.02004426158964634,
          20.851720809936523
        ],
        [
          0.0186532624065876,
          -0.010549378581345081,
          0.9997703433036804,
          1.709238886833191
        ],
        [
          0.0,
          0.0,
          0.0,
          1.0
        ]
      ],
      "matrix_world_from_sensor_bevfusion": [
        [
          0.988255500793457,
          -0.007580315228551626,
          0.15262246131896973,
          -54.240047454833984
        ],
        [
          -0.15244601666927338,
          0.02004426158964634,
          0.9881085157394409,
          -20.851720809936523
        ],
        [
          -0.010549378581345081,
          -0.9997703433036804,
          0.0186532624065876,
          1.709238886833191
        ],
        [
          0.0,
          0.0,
          0.0,
          1.0
        ]
      ],
      "matrix_ego_from_sensor_carla": [
        [
          0.5735765695571899,
          0.8191519975662231,
          2.0837889636027285e-08,
          1.3000030517578125
        ],
        [
          -0.8191519379615784,
          0.5735765099525452,
          -3.3531019738575196e-08,
          -0.5500001907348633
        ],
        [
          -4.074097148532019e-08,
          1.2967391604945533e-09,
          1.0,
          1.7000000476837158
        ],
        [
          0.0,
          0.0,
          0.0,
          1.0
        ]
      ],
      "matrix_ego_from_sensor_bevfusion": [
        [
          0.8191519975662231,
          -2.0837889636027285e-08,
          0.5735765695571899,
          1.3000030517578125
        ],
        [
          -0.5735765099525452,
          -3.3531019738575196e-08,
          0.8191519379615784,
          0.5500001907348633
        ],
        [
          1.2967391604945533e-09,
          -1.0,
          -4.074097148532019e-08,
          1.7000000476837158
        ],
        [
          0.0,
          0.0,
          0.0,
          1.0
        ]
      ],
      "camera_intrinsics": [
        [
          1142.5184326171875,
          0.0,
          800.0
        ],
        [
          0.0,
          1142.5184326171875,
          450.0
        ],
        [
          0.0,
          0.0,
          1.0
        ]
      ],
      "data_path": "D:\\Agent-AI\\outputs\\samples\\sample_000023\\images\\CAM_FRONT_LEFT.png",
      "raw_layout": "bgra8"
    },
    "CAM_BACK": {
      "type_id": "sensor.camera.rgb",
      "blueprint_attributes": {
        "role_name": "front",
        "ros_name": "sensor.camera.rgb",
        "chromatic_aberration_offset": "0.0",
        "sensor_tick": "0.050000",
        "fstop": "1.4",
        "image_size_x": "1600",
        "image_size_y": "900",
        "fov": "70.00",
        "lens_circle_falloff": "5.0",
        "lens_circle_multiplier": "0.0",
        "exposure_compensation": "0.0",
        "lens_y_size": "0.08",
        "lens_k": "-1.0",
        "exposure_mode": "histogram",
        "lens_kcube": "0.0",
        "lens_x_size": "0.08",
        "exposure_max_bright": "12.0",
        "shutter_speed": "200.0",
        "bloom_intensity": "0.675",
        "iso": "100.0",
        "enable_postprocess_effects": "false",
        "gamma": "2.2",
        "motion_blur_intensity": "0.0",
        "motion_blur_max_distortion": "0.35",
        "lens_flare_intensity": "0.1",
        "motion_blur_min_object_screen_size": "0.1",
        "exposure_min_bright": "10.0",
        "exposure_speed_up": "3.0",
        "exposure_speed_down": "1.0",
        "tint": "0.0",
        "calibration_constant": "16.0",
        "focal_distance": "1000.0",
        "min_fstop": "1.2",
        "blade_count": "5",
        "blur_amount": "0.0",
        "blur_radius": "0.0",
        "slope": "0.88",
        "toe": "0.55",
        "white_clip": "0.04",
        "shoulder": "0.26",
        "black_clip": "0.0",
        "temp": "6500.0",
        "chromatic_aberration_intensity": "0.0"
      },
      "transform_carla": {
        "location": {
          "x": -56.5536994934082,
          "y": 22.604345321655273,
          "z": 1.6916427612304688
        },
        "rotation": {
          "roll": -1.22225821018219,
          "pitch": -0.11788906157016754,
          "yaw": 153.77609252929688
        }
      },
      "matrix_world_from_sensor_carla": [
        [
          -0.8970721960067749,
          -0.4418190121650696,
          0.007580306846648455,
          -56.5536994934082
        ],
        [
          0.4418792128562927,
          -0.8968506455421448,
          0.020044302567839622,
          22.604345321655273
        ],
        [
          -0.0020575509406626225,
          0.021330764517188072,
          0.9997703433036804,
          1.6916427612304688
        ],
        [
          0.0,
          0.0,
          0.0,
          1.0
        ]
      ],
      "matrix_world_from_sensor_bevfusion": [
        [
          -0.4418190121650696,
          -0.007580306846648455,
          -0.8970721960067749,
          -56.5536994934082
        ],
        [
          0.8968506455421448,
          0.020044302567839622,
          -0.4418792128562927,
          -22.604345321655273
        ],
        [
          0.021330764517188072,
          -0.9997703433036804,
          -0.0020575509406626225,
          1.6916427612304688
        ],
        [
          0.0,
          0.0,
          0.0,
          1.0
        ]
      ],
      "matrix_ego_from_sensor_carla": [
        [
          -1.0,
          2.0430061908882635e-07,
          -4.773481609987584e-09,
          -1.5499954223632812
        ],
        [
          -2.1080811052343051e-07,
          -1.0,
          -3.4057201503401302e-12,
          1.9073486328125e-06
        ],
        [
          -4.306806467013757e-09,
          -3.7214569204024883e-09,
          1.0,
          1.6999999284744263
        ],
        [
          0.0,
          0.0,
          0.0,
          1.0
        ]
      ],
      "matrix_ego_from_sensor_bevfusion": [
        [
          2.0430061908882635e-07,
          4.773481609987584e-09,
          -1.0,
          -1.5499954223632812
        ],
        [
          1.0,
          -3.4057201503401302e-12,
          2.1080811052343051e-07,
          -1.9073486328125e-06
        ],
        [
          -3.7214569204024883e-09,
          -1.0,
          -4.306806467013757e-09,
          1.6999999284744263
        ],
        [
          0.0,
          0.0,
          0.0,
          1.0
        ]
      ],
      "camera_intrinsics": [
        [
          1142.5184326171875,
          0.0,
          800.0
        ],
        [
          0.0,
          1142.5184326171875,
          450.0
        ],
        [
          0.0,
          0.0,
          1.0
        ]
      ],
      "data_path": "D:\\Agent-AI\\outputs\\samples\\sample_000023\\images\\CAM_BACK.png",
      "raw_layout": "bgra8"
    },
    "CAM_BACK_LEFT": {
      "type_id": "sensor.camera.rgb",
      "blueprint_attributes": {
        "role_name": "front",
        "ros_name": "sensor.camera.rgb",
        "chromatic_aberration_offset": "0.0",
        "sensor_tick": "0.050000",
        "fstop": "1.4",
        "image_size_x": "1600",
        "image_size_y": "900",
        "fov": "70.00",
        "lens_circle_falloff": "5.0",
        "lens_circle_multiplier": "0.0",
        "exposure_compensation": "0.0",
        "lens_y_size": "0.08",
        "lens_k": "-1.0",
        "exposure_mode": "histogram",
        "lens_kcube": "0.0",
        "lens_x_size": "0.08",
        "exposure_max_bright": "12.0",
        "shutter_speed": "200.0",
        "bloom_intensity": "0.675",
        "iso": "100.0",
        "enable_postprocess_effects": "false",
        "gamma": "2.2",
        "motion_blur_intensity": "0.0",
        "motion_blur_max_distortion": "0.35",
        "lens_flare_intensity": "0.1",
        "motion_blur_min_object_screen_size": "0.1",
        "exposure_min_bright": "10.0",
        "exposure_speed_up": "3.0",
        "exposure_speed_down": "1.0",
        "tint": "0.0",
        "calibration_constant": "16.0",
        "focal_distance": "1000.0",
        "min_fstop": "1.2",
        "blade_count": "5",
        "blur_amount": "0.0",
        "blur_radius": "0.0",
        "slope": "0.88",
        "toe": "0.55",
        "white_clip": "0.04",
        "shoulder": "0.26",
        "black_clip": "0.0",
        "temp": "6500.0",
        "chromatic_aberration_intensity": "0.0"
      },
      "transform_carla": {
        "location": {
          "x": -56.57243347167969,
          "y": 22.000606536865234,
          "z": 1.7038891315460205
        },
        "rotation": {
          "roll": -0.7977045178413391,
          "pitch": 0.9335570335388184,
          "yaw": -151.231689453125
        }
      },
      "matrix_world_from_sensor_carla": [
        [
          -0.876456618309021,
          0.48142120242118835,
          0.007580266334116459,
          -56.57243347167969
        ],
        [
          -0.4812051057815552,
          -0.8763788342475891,
          0.020044274628162384,
          22.000606536865234
        ],
        [
          0.01629292219877243,
          0.013920272700488567,
          0.9997703433036804,
          1.7038891315460205
        ],
        [
          0.0,
          0.0,
          0.0,
          1.0
        ]
      ],
      "matrix_world_from_sensor_bevfusion": [
        [
          0.48142120242118835,
          -0.007580266334116459,
          -0.876456618309021,
          -56.57243347167969
        ],
        [
          0.8763788342475891,
          0.020044274628162384,
          0.4812051057815552,
          -22.000606536865234
        ],
        [
          0.013920272700488567,
          -0.9997703433036804,
          0.01629292219877243,
          1.7038891315460205
        ],
        [
          0.0,
          0.0,
          0.0,
          1.0
        ]
      ],
      "matrix_ego_from_sensor_carla": [
        [
          -0.5735766887664795,
          0.8191519975662231,
          -2.8755037462246946e-08,
          -1.2999954223632812
        ],
        [
          -0.8191518783569336,
          -0.5735766291618347,
          -4.284424548472998e-08,
          -0.5500006675720215
        ],
        [
          -5.3741288752462424e-08,
          -2.4474093862636437e-09,
          1.0,
          1.6999999284744263
        ],
        [
          0.0,
          0.0,
          0.0,
          1.0
        ]
      ],
      "matrix_ego_from_sensor_bevfusion": [
        [
          0.8191519975662231,
          2.8755037462246946e-08,
          -0.5735766887664795,
          -1.2999954223632812
        ],
        [
          0.5735766291618347,
          -4.284424548472998e-08,
          0.8191518783569336,
          0.5500006675720215
        ],
        [
          -2.4474093862636437e-09,
          -1.0,
          -5.3741288752462424e-08,
          1.6999999284744263
        ],
        [
          0.0,
          0.0,
          0.0,
          1.0
        ]
      ],
      "camera_intrinsics": [
        [
          1142.5184326171875,
          0.0,
          800.0
        ],
        [
          0.0,
          1142.5184326171875,
          450.0
        ],
        [
          0.0,
          0.0,
          1.0
        ]
      ],
      "data_path": "D:\\Agent-AI\\outputs\\samples\\sample_000023\\images\\CAM_BACK_LEFT.png",
      "raw_layout": "bgra8"
    },
    "CAM_BACK_RIGHT": {
      "type_id": "sensor.camera.rgb",
      "blueprint_attributes": {
        "role_name": "front",
        "ros_name": "sensor.camera.rgb",
        "chromatic_aberration_offset": "0.0",
        "sensor_tick": "0.050000",
        "fstop": "1.4",
        "image_size_x": "1600",
        "image_size_y": "900",
        "fov": "70.00",
        "lens_circle_falloff": "5.0",
        "lens_circle_multiplier": "0.0",
        "exposure_compensation": "0.0",
        "lens_y_size": "0.08",
        "lens_k": "-1.0",
        "exposure_mode": "histogram",
        "lens_kcube": "0.0",
        "lens_x_size": "0.08",
        "exposure_max_bright": "12.0",
        "shutter_speed": "200.0",
        "bloom_intensity": "0.675",
        "iso": "100.0",
        "enable_postprocess_effects": "false",
        "gamma": "2.2",
        "motion_blur_intensity": "0.0",
        "motion_blur_max_distortion": "0.35",
        "lens_flare_intensity": "0.1",
        "motion_blur_min_object_screen_size": "0.1",
        "exposure_min_bright": "10.0",
        "exposure_speed_up": "3.0",
        "exposure_speed_down": "1.0",
        "tint": "0.0",
        "calibration_constant": "16.0",
        "focal_distance": "1000.0",
        "min_fstop": "1.2",
        "blade_count": "5",
        "blur_amount": "0.0",
        "blur_radius": "0.0",
        "slope": "0.88",
        "toe": "0.55",
        "white_clip": "0.04",
        "shoulder": "0.26",
        "black_clip": "0.0",
        "temp": "6500.0",
        "chromatic_aberration_intensity": "0.0"
      },
      "transform_carla": {
        "location": {
          "x": -56.08643341064453,
          "y": 22.98714256286621,
          "z": 1.6804251670837402
        },
        "rotation": {
          "roll": -0.6045511364936829,
          "pitch": -1.0688152313232422,
          "yaw": 98.78043365478516
        }
      },
      "matrix_world_from_sensor_carla": [
        [
          -0.15262183547019958,
          -0.9882555603981018,
          0.007580325938761234,
          -56.08643341064453
        ],
        [
          0.9881085753440857,
          -0.15244539082050323,
          0.02004425600171089,
          22.98714256286621
        ],
        [
          -0.0186532624065876,
          0.010549376718699932,
          0.9997703433036804,
          1.6804251670837402
        ],
        [
          0.0,
          0.0,
          0.0,
          1.0
        ]
      ],
      "matrix_world_from_sensor_bevfusion": [
        [
          -0.9882555603981018,
          -0.007580325938761234,
          -0.15262183547019958,
          -56.08643341064453
        ],
        [
          0.15244539082050323,
          0.02004425600171089,
          -0.9881085753440857,
          -22.98714256286621
        ],
        [
          0.010549376718699932,
          -0.9997703433036804,
          -0.0186532624065876,
          1.6804251670837402
        ],
        [
          0.0,
          0.0,
          0.0,
          1.0
        ]
      ],
      "matrix_ego_from_sensor_carla": [
        [
          -0.573576033115387,
          -0.8191523551940918,
          3.2945081329671666e-08,
          -1.2999992370605469
        ],
        [
          0.8191522359848022,
          -0.5735759735107422,
          -3.3531019738575196e-08,
          0.5499992370605469
        ],
        [
          4.632890693301306e-08,
          8.948236818184796e-09,
          1.0,
          1.6999998092651367
        ],
        [
          0.0,
          0.0,
          0.0,
          1.0
        ]
      ],
      "matrix_ego_from_sensor_bevfusion": [
        [
          -0.8191523551940918,
          -3.2945081329671666e-08,
          -0.573576033115387,
          -1.2999992370605469
        ],
        [
          0.5735759735107422,
          -3.3531019738575196e-08,
          -0.8191522359848022,
          -0.5499992370605469
        ],
        [
          8.948236818184796e-09,
          -1.0,
          4.632890693301306e-08,
          1.6999998092651367
        ],
        [
          0.0,
          0.0,
          0.0,
          1.0
        ]
      ],
      "camera_intrinsics": [
        [
          1142.5184326171875,
          0.0,
          800.0
        ],
        [
          0.0,
          1142.5184326171875,
          450.0
        ],
        [
          0.0,
          0.0,
          1.0
        ]
      ],
      "data_path": "D:\\Agent-AI\\outputs\\samples\\sample_000023\\images\\CAM_BACK_RIGHT.png",
      "raw_layout": "bgra8"
    },
    "LIDAR_TOP": {
      "type_id": "sensor.lidar.ray_cast",
      "blueprint_attributes": {
        "atmosphere_attenuation_rate": "0.004",
        "role_name": "front",
        "noise_seed": "0",
        "upper_fov": "10.0",
        "ros_name": "sensor.lidar.ray_cast",
        "sensor_tick": "0.050000",
        "channels": "32",
        "range": "120.0",
        "points_per_second": "360000",
        "lower_fov": "-30.0",
        "rotation_frequency": "20.000000",
        "horizontal_fov": "360.0",
        "dropoff_general_rate": "0.0",
        "dropoff_intensity_limit": "1.0",
        "noise_stddev": "0.0",
        "dropoff_zero_intensity": "0.0"
      },
      "transform_carla": {
        "location": {
          "x": -55.15945053100586,
          "y": 21.929452896118164,
          "z": 2.1947171688079834
        },
        "rotation": {
          "roll": 1.2222583293914795,
          "pitch": 0.11788906157016754,
          "yaw": -26.223915100097656
        }
      },
      "matrix_world_from_sensor_carla": [
        [
          0.8970720767974854,
          0.4418191909790039,
          0.007580311503261328,
          -55.15945053100586
        ],
        [
          -0.44187939167022705,
          0.8968505263328552,
          0.020044300705194473,
          21.929452896118164
        ],
        [
          0.0020575509406626225,
          -0.02133076637983322,
          0.9997703433036804,
          2.1947171688079834
        ],
        [
          0.0,
          0.0,
          0.0,
          1.0
        ]
      ],
      "matrix_world_from_sensor_bevfusion": [
        [
          0.8970720767974854,
          -0.4418191909790039,
          0.007580311503261328,
          -55.15945053100586
        ],
        [
          0.44187939167022705,
          0.8968505263328552,
          -0.020044300705194473,
          -21.929452896118164
        ],
        [
          0.0020575509406626225,
          0.02133076637983322,
          0.9997703433036804,
          2.1947171688079834
        ],
        [
          0.0,
          0.0,
          0.0,
          1.0
        ]
      ],
      "matrix_ego_from_sensor_carla": [
        [
          1.0,
          -2.6149022946952982e-09,
          1.1596201776598036e-10,
          3.814697265625e-06
        ],
        [
          -9.162283376440428e-09,
          1.0,
          -3.4057201503401302e-12,
          -1.430511474609375e-06
        ],
        [
          -1.1697556812073628e-10,
          -3.4057201503401302e-12,
          1.0,
          2.1999998092651367
        ],
        [
          0.0,
          0.0,
          0.0,
          1.0
        ]
      ],
      "matrix_ego_from_sensor_bevfusion": [
        [
          1.0,
          2.6149022946952982e-09,
          1.1596201776598036e-10,
          3.814697265625e-06
        ],
        [
          9.162283376440428e-09,
          1.0,
          3.4057201503401302e-12,
          1.430511474609375e-06
        ],
        [
          -1.1697556812073628e-10,
          3.4057201503401302e-12,
          1.0,
          2.1999998092651367
        ],
        [
          0.0,
          0.0,
          0.0,
          1.0
        ]
      ],
      "data_path": "D:\\Agent-AI\\outputs\\samples\\sample_000023\\lidar\\LIDAR_TOP.npy",
      "raw_layout": [
        "x",
        "y",
        "z",
        "intensity"
      ]
    },
    "RADAR_FRONT": {
      "type_id": "sensor.other.radar",
      "blueprint_attributes": {
        "sensor_tick": "0.050000",
        "role_name": "default",
        "noise_seed": "0",
        "ros_name": "sensor.other.radar",
        "horizontal_fov": "35.0",
        "points_per_second": "1500",
        "vertical_fov": "20.0",
        "range": "120.0"
      },
      "transform_carla": {
        "location": {
          "x": -53.375160217285156,
          "y": 21.019636154174805,
          "z": 0.8991308212280273
        },
        "rotation": {
          "roll": 1.2222583293914795,
          "pitch": 0.11788906157016754,
          "yaw": -26.223915100097656
        }
      },
      "matrix_world_from_sensor_carla": [
        [
          0.8970720767974854,
          0.4418191909790039,
          0.007580311503261328,
          -53.375160217285156
        ],
        [
          -0.44187939167022705,
          0.8968505263328552,
          0.020044300705194473,
          21.019636154174805
        ],
        [
          0.0020575509406626225,
          -0.02133076637983322,
          0.9997703433036804,
          0.8991308212280273
        ],
        [
          0.0,
          0.0,
          0.0,
          1.0
        ]
      ],
      "matrix_world_from_sensor_bevfusion": [
        [
          0.8970720767974854,
          -0.4418191909790039,
          0.007580311503261328,
          -53.375160217285156
        ],
        [
          0.44187939167022705,
          0.8968505263328552,
          -0.020044300705194473,
          -21.019636154174805
        ],
        [
          0.0020575509406626225,
          0.02133076637983322,
          0.9997703433036804,
          0.8991308212280273
        ],
        [
          0.0,
          0.0,
          0.0,
          1.0
        ]
      ],
      "matrix_ego_from_sensor_carla": [
        [
          1.0,
          -2.6149022946952982e-09,
          1.1596201776598036e-10,
          2.0000038146972656
        ],
        [
          -9.162283376440428e-09,
          1.0,
          -3.4057201503401302e-12,
          -1.430511474609375e-06
        ],
        [
          -1.1697556812073628e-10,
          -3.4057201503401302e-12,
          1.0,
          0.8999998569488525
        ],
        [
          0.0,
          0.0,
          0.0,
          1.0
        ]
      ],
      "matrix_ego_from_sensor_bevfusion": [
        [
          1.0,
          2.6149022946952982e-09,
          1.1596201776598036e-10,
          2.0000038146972656
        ],
        [
          9.162283376440428e-09,
          1.0,
          3.4057201503401302e-12,
          1.430511474609375e-06
        ],
        [
          -1.1697556812073628e-10,
          3.4057201503401302e-12,
          1.0,
          0.8999998569488525
        ],
        [
          0.0,
          0.0,
          0.0,
          1.0
        ]
      ],
      "data_path": "D:\\Agent-AI\\outputs\\samples\\sample_000023\\radar\\RADAR_FRONT.npy",
      "raw_layout": [
        "velocity",
        "altitude",
        "azimuth",
        "depth"
      ]
    },
    "RADAR_FRONT_LEFT": {
      "type_id": "sensor.other.radar",
      "blueprint_attributes": {
        "sensor_tick": "0.050000",
        "role_name": "default",
        "noise_seed": "0",
        "ros_name": "sensor.other.radar",
        "horizontal_fov": "35.0",
        "points_per_second": "1500",
        "vertical_fov": "20.0",
        "range": "120.0"
      },
      "transform_carla": {
        "location": {
          "x": -54.02050018310547,
          "y": 20.501657485961914,
          "z": 0.9144088625907898
        },
        "rotation": {
          "roll": 0.780970573425293,
          "pitch": 0.9475998878479004,
          "yaw": -71.21871948242188
        }
      },
      "matrix_world_from_sensor_carla": [
        [
          0.32191240787506104,
          0.946739137172699,
          0.00758033012971282,
          -54.02050018310547
        ],
        [
          -0.9466250538825989,
          0.32171308994293213,
          0.020044248551130295,
          20.501657485961914
        ],
        [
          0.01653798297047615,
          -0.013628222048282623,
          0.9997703433036804,
          0.9144088625907898
        ],
        [
          0.0,
          0.0,
          0.0,
          1.0
        ]
      ],
      "matrix_world_from_sensor_bevfusion": [
        [
          0.32191240787506104,
          -0.946739137172699,
          0.00758033012971282,
          -54.02050018310547
        ],
        [
          0.9466250538825989,
          0.32171308994293213,
          -0.020044248551130295,
          -20.501657485961914
        ],
        [
          0.01653798297047615,
          0.013628222048282623,
          0.9997703433036804,
          0.9144088625907898
        ],
        [
          0.0,
          0.0,
          0.0,
          1.0
        ]
      ],
      "matrix_ego_from_sensor_carla": [
        [
          0.7071068286895752,
          0.70710688829422,
          3.9930000639287755e-08,
          1.6500015258789062
        ],
        [
          -0.7071067690849304,
          0.7071067094802856,
          -3.911895518626807e-08,
          -0.7500004768371582
        ],
        [
          -5.600442776199088e-08,
          -1.2940435389907634e-09,
          1.0,
          0.9000000357627869
        ],
        [
          0.0,
          0.0,
          0.0,
          1.0
        ]
      ],
      "matrix_ego_from_sensor_bevfusion": [
        [
          0.7071068286895752,
          -0.70710688829422,
          3.9930000639287755e-08,
          1.6500015258789062
        ],
        [
          0.7071067690849304,
          0.7071067094802856,
          3.911895518626807e-08,
          0.7500004768371582
        ],
        [
          -5.600442776199088e-08,
          1.2940435389907634e-09,
          1.0,
          0.9000000357627869
        ],
        [
          0.0,
          0.0,
          0.0,
          1.0
        ]
      ],
      "data_path": "D:\\Agent-AI\\outputs\\samples\\sample_000023\\radar\\RADAR_FRONT_LEFT.npy",
      "raw_layout": [
        "velocity",
        "altitude",
        "azimuth",
        "depth"
      ]
    },
    "RADAR_FRONT_RIGHT": {
      "type_id": "sensor.other.radar",
      "blueprint_attributes": {
        "sensor_tick": "0.050000",
        "role_name": "default",
        "noise_seed": "0",
        "ros_name": "sensor.other.radar",
        "horizontal_fov": "35.0",
