{
  "schema_version": "stage1.v1",
  "sample_name": "sample_000059",
  "sequence_index": 59,
  "previous_sample_name": "sample_000058",
  "frame_id": 60060,
  "timestamp": 440.91970083862543,
  "platform_timestamp": 16814588.3476742,
  "delta_seconds": 0.10000000149011612,
  "town": "Carla/Maps/Town10HD_Opt",
  "weather": {
    "cloudiness": 20.0,
    "dust_storm": 0.0,
    "fog_density": 2.0,
    "fog_distance": 0.75,
    "fog_falloff": 0.10000000149011612,
    "mie_scattering_scale": 0.029999999329447746,
    "precipitation": 0.0,
    "precipitation_deposits": 0.0,
    "rayleigh_scattering_scale": 0.03310000151395798,
    "scattering_intensity": 1.0,
    "sun_altitude_angle": 45.0,
    "sun_azimuth_angle": 300.0,
    "wetness": 0.0,
    "wind_intensity": 10.0
  },
  "sensor_names": [
    "CAM_FRONT",
    "CAM_FRONT_RIGHT",
    "CAM_FRONT_LEFT",
    "CAM_BACK",
    "CAM_BACK_LEFT",
    "CAM_BACK_RIGHT",
    "LIDAR_TOP",
    "RADAR_FRONT",
    "RADAR_FRONT_LEFT",
    "RADAR_FRONT_RIGHT",
    "RADAR_BACK_LEFT",
    "RADAR_BACK_RIGHT"
  ],
  "camera_order_for_model": [
    "CAM_FRONT",
    "CAM_FRONT_RIGHT",
    "CAM_FRONT_LEFT",
    "CAM_BACK",
    "CAM_BACK_LEFT",
    "CAM_BACK_RIGHT"
  ],
  "radar_order_for_model": [
    "RADAR_FRONT",
    "RADAR_FRONT_LEFT",
    "RADAR_FRONT_RIGHT",
    "RADAR_BACK_LEFT",
    "RADAR_BACK_RIGHT"
  ],
  "coordinate_notes": {
    "carla_world": "left-handed x-forward y-right z-up",
    "bevfusion_lidar": "x-forward y-left z-up",
    "camera_frame_for_model": "OpenCV style x-right y-down z-forward"
  },
  "ego": {
    "actor_id": 28,
    "transform_carla": {
      "location": {
        "x": 85.98161315917969,
        "y": -58.529911041259766,
        "z": -0.00437305448576808
      },
      "rotation": {
        "roll": 0.6285523772239685,
        "pitch": 0.00909098144620657,
        "yaw": -149.14285278320312
      }
    },
    "velocity_carla": [
      -6.935099124908447,
      -3.9289817810058594,
      1.1291504051769152e-05
    ],
    "angular_velocity_carla": [
      -0.8375817537307739,
      -0.16726738214492798,
      -11.598798751831055
    ],
    "matrix_world_from_ego_carla": [
      [
        -0.8584487438201904,
        0.5128670334815979,
        0.005762751679867506,
        85.98161315917969
      ],
      [
        -0.5128993988037109,
        -0.8583979606628418,
        -0.009335883893072605,
        -58.529911041259766
      ],
      [
        0.00015866756439208984,
        -0.01097008865326643,
        0.9999397993087769,
        -0.00437305448576808
      ],
      [
        0.0,
        0.0,
        0.0,
        1.0
      ]
    ],
    "matrix_world_from_ego_bevfusion": [
      [
        -0.8584487438201904,
        -0.5128670334815979,
        0.005762751679867506,
        85.98161315917969
      ],
      [
        0.5128993988037109,
        -0.8583979606628418,
        0.009335883893072605,
        58.529911041259766
      ],
      [
        0.00015866756439208984,
        0.01097008865326643,
        0.9999397993087769,
        -0.00437305448576808
      ],
      [
        0.0,
        0.0,
        0.0,
        1.0
      ]
    ]
  },
  "sensors": {
    "CAM_FRONT": {
      "type_id": "sensor.camera.rgb",
      "blueprint_attributes": {
        "role_name": "front",
        "ros_name": "sensor.camera.rgb",
        "chromatic_aberration_offset": "0.0",
        "sensor_tick": "0.100000",
        "fstop": "1.4",
        "image_size_x": "960",
        "image_size_y": "540",
        "fov": "70.00",
        "lens_circle_falloff": "5.0",
        "lens_circle_multiplier": "0.0",
        "exposure_compensation": "0.0",
        "lens_y_size": "0.08",
        "lens_k": "-1.0",
        "exposure_mode": "histogram",
        "lens_kcube": "0.0",
        "lens_x_size": "0.08",
        "exposure_max_bright": "12.0",
        "shutter_speed": "200.0",
        "bloom_intensity": "0.675",
        "iso": "100.0",
        "enable_postprocess_effects": "false",
        "gamma": "2.2",
        "motion_blur_intensity": "0.0",
        "motion_blur_max_distortion": "0.35",
        "lens_flare_intensity": "0.1",
        "motion_blur_min_object_screen_size": "0.1",
        "exposure_min_bright": "10.0",
        "exposure_speed_up": "3.0",
        "exposure_speed_down": "1.0",
        "tint": "0.0",
        "calibration_constant": "16.0",
        "focal_distance": "1000.0",
        "min_fstop": "1.2",
        "blade_count": "5",
        "blur_amount": "0.0",
        "blur_radius": "0.0",
        "slope": "0.88",
        "toe": "0.55",
        "white_clip": "0.04",
        "shoulder": "0.26",
        "black_clip": "0.0",
        "temp": "6500.0",
        "chromatic_aberration_intensity": "0.0"
      },
      "transform_carla": {
        "location": {
          "x": 84.66081237792969,
          "y": -59.34077453613281,
          "z": 1.6957707405090332
        },
        "rotation": {
          "roll": 0.6285523772239685,
          "pitch": 0.00909098144620657,
          "yaw": -149.14285278320312
        }
      },
      "matrix_world_from_sensor_carla": [
        [
          -0.8584487438201904,
          0.5128670334815979,
          0.005762751679867506,
          84.66081237792969
        ],
        [
          -0.5128993988037109,
          -0.8583979606628418,
          -0.009335883893072605,
          -59.34077453613281
        ],
        [
          0.00015866756439208984,
          -0.01097008865326643,
          0.9999397993087769,
          1.6957707405090332
        ],
        [
          0.0,
          0.0,
          0.0,
          1.0
        ]
      ],
      "matrix_world_from_sensor_bevfusion": [
        [
          0.5128670334815979,
          -0.005762751679867506,
          -0.8584487438201904,
          84.66081237792969
        ],
        [
          0.8583979606628418,
          -0.009335883893072605,
          0.5128993988037109,
          59.34077453613281
        ],
        [
          -0.01097008865326643,
          -0.9999397993087769,
          0.00015866756439208984,
          1.6957707405090332
        ],
        [
          0.0,
          0.0,
          0.0,
          1.0
        ]
      ],
      "matrix_ego_from_sensor_carla": [
        [
          0.9999999403953552,
          -3.0258615169032055e-08,
          -3.841694184991695e-10,
          1.5499992370605469
        ],
        [
          -8.900384429466612e-09,
          1.0,
          9.927036970225345e-11,
          0.0
        ],
        [
          3.781508439715253e-11,
          9.921430343950988e-11,
          1.0,
          1.7000001668930054
        ],
        [
          0.0,
          0.0,
          0.0,
          1.0
        ]
      ],
      "matrix_ego_from_sensor_bevfusion": [
        [
          -3.0258615169032055e-08,
          3.841694184991695e-10,
          0.9999999403953552,
          1.5499992370605469
        ],
        [
          -1.0,
          9.927036970225345e-11,
          8.900384429466612e-09,
          0.0
        ],
        [
          9.921430343950988e-11,
          -1.0,
          3.781508439715253e-11,
          1.7000001668930054
        ],
        [
          0.0,
          0.0,
          0.0,
          1.0
        ]
      ],
      "camera_intrinsics": [
        [
          685.5110473632812,
          0.0,
          480.0
        ],
        [
          0.0,
          685.5110473632812,
          270.0
        ],
        [
          0.0,
          0.0,
          1.0
        ]
      ],
      "data_path": "D:\\Agent-AI\\outputs\\s3a_ml_long_v2\\sample_000059\\images\\CAM_FRONT.png",
      "raw_layout": "bgra8"
    },
    "CAM_FRONT_RIGHT": {
      "type_id": "sensor.camera.rgb",
      "blueprint_attributes": {
        "role_name": "front",
        "ros_name": "sensor.camera.rgb",
        "chromatic_aberration_offset": "0.0",
        "sensor_tick": "0.100000",
        "fstop": "1.4",
        "image_size_x": "960",
        "image_size_y": "540",
        "fov": "70.00",
        "lens_circle_falloff": "5.0",
        "lens_circle_multiplier": "0.0",
        "exposure_compensation": "0.0",
        "lens_y_size": "0.08",
        "lens_k": "-1.0",
        "exposure_mode": "histogram",
        "lens_kcube": "0.0",
        "lens_x_size": "0.08",
        "exposure_max_bright": "12.0",
        "shutter_speed": "200.0",
        "bloom_intensity": "0.675",
        "iso": "100.0",
        "enable_postprocess_effects": "false",
        "gamma": "2.2",
        "motion_blur_intensity": "0.0",
        "motion_blur_max_distortion": "0.35",
        "lens_flare_intensity": "0.1",
        "motion_blur_min_object_screen_size": "0.1",
        "exposure_min_bright": "10.0",
        "exposure_speed_up": "3.0",
        "exposure_speed_down": "1.0",
        "tint": "0.0",
        "calibration_constant": "16.0",
        "focal_distance": "1000.0",
        "min_fstop": "1.2",
        "blade_count": "5",
        "blur_amount": "0.0",
        "blur_radius": "0.0",
        "slope": "0.88",
        "toe": "0.55",
        "white_clip": "0.04",
        "shoulder": "0.26",
        "black_clip": "0.0",
        "temp": "6500.0",
        "chromatic_aberration_intensity": "0.0"
      },
      "transform_carla": {
        "location": {
          "x": 85.15750122070312,
          "y": -59.68467330932617,
          "z": 1.6896973848342896
        },
        "rotation": {
          "roll": 0.36797967553138733,
          "pitch": -0.509661853313446,
          "yaw": -94.14456176757812
        }
      },
      "matrix_world_from_sensor_carla": [
        [
          -0.07227031141519547,
          0.9973683953285217,
          0.005762748885899782,
          85.15750122070312
        ],
        [
          -0.9973453879356384,
          -0.07221470028162003,
          -0.00933588296175003,
          -59.68467330932617
        ],
        [
          -0.00889515969902277,
          -0.00642215833067894,
          0.9999397993087769,
          1.6896973848342896
        ],
        [
          0.0,
          0.0,
          0.0,
          1.0
        ]
      ],
      "matrix_world_from_sensor_bevfusion": [
        [
          0.9973683953285217,
          -0.005762748885899782,
          -0.07227031141519547,
          85.15750122070312
        ],
        [
          0.07221470028162003,
          -0.00933588296175003,
          0.9973453879356384,
          59.68467330932617
        ],
        [
          -0.00642215833067894,
          -0.9999397993087769,
          -0.00889515969902277,
          1.6896973848342896
        ],
        [
          0.0,
          0.0,
          0.0,
          1.0
        ]
      ],
      "matrix_ego_from_sensor_carla": [
        [
          0.5735766887664795,
          -0.819151759147644,
          1.4639237599922694e-09,
          1.2999954223632812
        ],
        [
          0.819151759147644,
          0.5735767483711243,
          -2.694697354144182e-09,
          0.5499954223632812
        ],
        [
          -1.5717982471130654e-11,
          2.913469909771038e-09,
          1.0,
          1.6999999284744263
        ],
        [
          0.0,
          0.0,
          0.0,
          1.0
        ]
      ],
      "matrix_ego_from_sensor_bevfusion": [
        [
          -0.819151759147644,
          -1.4639237599922694e-09,
          0.5735766887664795,
          1.2999954223632812
        ],
        [
          -0.5735767483711243,
          -2.694697354144182e-09,
          -0.819151759147644,
          -0.5499954223632812
        ],
        [
          2.913469909771038e-09,
          -1.0,
          -1.5717982471130654e-11,
          1.6999999284744263
        ],
        [
          0.0,
          0.0,
          0.0,
          1.0
        ]
      ],
      "camera_intrinsics": [
        [
          685.5110473632812,
          0.0,
          480.0
        ],
        [
          0.0,
          685.5110473632812,
          270.0
        ],
        [
          0.0,
          0.0,
          1.0
        ]
      ],
      "data_path": "D:\\Agent-AI\\outputs\\s3a_ml_long_v2\\sample_000059\\images\\CAM_FRONT_RIGHT.png",
      "raw_layout": "bgra8"
    },
    "CAM_FRONT_LEFT": {
      "type_id": "sensor.camera.rgb",
      "blueprint_attributes": {
        "role_name": "front",
        "ros_name": "sensor.camera.rgb",
        "chromatic_aberration_offset": "0.0",
        "sensor_tick": "0.100000",
        "fstop": "1.4",
        "image_size_x": "960",
        "image_size_y": "540",
        "fov": "70.00",
        "lens_circle_falloff": "5.0",
        "lens_circle_multiplier": "0.0",
        "exposure_compensation": "0.0",
        "lens_y_size": "0.08",
        "lens_k": "-1.0",
        "exposure_mode": "histogram",
        "lens_kcube": "0.0",
        "lens_x_size": "0.08",
        "exposure_max_bright": "12.0",
        "shutter_speed": "200.0",
        "bloom_intensity": "0.675",
        "iso": "100.0",
        "enable_postprocess_effects": "false",
        "gamma": "2.2",
        "motion_blur_intensity": "0.0",
        "motion_blur_max_distortion": "0.35",
        "lens_flare_intensity": "0.1",
        "motion_blur_min_object_screen_size": "0.1",
        "exposure_min_bright": "10.0",
        "exposure_speed_up": "3.0",
        "exposure_speed_down": "1.0",
        "tint": "0.0",
        "calibration_constant": "16.0",
        "focal_distance": "1000.0",
        "min_fstop": "1.2",
        "blade_count": "5",
        "blur_amount": "0.0",
        "blur_radius": "0.0",
        "slope": "0.88",
        "toe": "0.55",
        "white_clip": "0.04",
        "shoulder": "0.26",
        "black_clip": "0.0",
        "temp": "6500.0",
        "chromatic_aberration_intensity": "0.0"
      },
      "transform_carla": {
        "location": {
          "x": 84.59334564208984,
          "y": -58.74043273925781,
          "z": 1.701764464378357
        },
        "rotation": {
          "roll": 0.3530855178833008,
          "pitch": 0.5200915336608887,
          "yaw": 155.8586883544922
        }
      },
      "matrix_world_from_sensor_carla": [
        [
          -0.9125019311904907,
          -0.40903180837631226,
          0.005762754939496517,
          84.59334564208984
        ],
        [
          0.4089716970920563,
          -0.9124993085861206,
          -0.009335887618362904,
          -58.74043273925781
        ],
        [
          0.009077184833586216,
          -0.006162211764603853,
          0.9999397993087769,
          1.701764464378357
        ],
        [
          0.0,
          0.0,
          0.0,
          1.0
        ]
      ],
      "matrix_world_from_sensor_bevfusion": [
        [
          -0.40903180837631226,
          -0.005762754939496517,
          -0.9125019311904907,
          84.59334564208984
        ],
        [
          0.9124993085861206,
          -0.009335887618362904,
          -0.4089716970920563,
          58.74043273925781
        ],
        [
          -0.006162211764603853,
          -0.9999397993087769,
          0.009077184833586216,
          1.701764464378357
        ],
        [
          0.0,
          0.0,
          0.0,
          1.0
        ]
      ],
      "matrix_ego_from_sensor_carla": [
        [
          0.5735762119293213,
          0.8191521763801575,
          -1.2718363029406987e-09,
          1.2999992370605469
        ],
        [
          -0.8191522359848022,
          0.5735762119293213,
          4.755883242779646e-09,
          -0.5500030517578125
        ],
        [
          4.890162941251219e-09,
          -2.956606071080614e-09,
          1.0,
          1.6999999284744263
        ],
        [
          0.0,
          0.0,
          0.0,
          1.0
        ]
      ],
      "matrix_ego_from_sensor_bevfusion": [
        [
          0.8191521763801575,
          1.2718363029406987e-09,
          0.5735762119293213,
          1.2999992370605469
        ],
        [
          -0.5735762119293213,
          4.755883242779646e-09,
          0.8191522359848022,
          0.5500030517578125
        ],
        [
          -2.956606071080614e-09,
          -1.0,
          4.890162941251219e-09,
          1.6999999284744263
        ],
        [
          0.0,
          0.0,
          0.0,
          1.0
        ]
      ],
      "camera_intrinsics": [
        [
          685.5110473632812,
          0.0,
          480.0
        ],
        [
          0.0,
          685.5110473632812,
          270.0
        ],
        [
          0.0,
          0.0,
          1.0
        ]
      ],
      "data_path": "D:\\Agent-AI\\outputs\\s3a_ml_long_v2\\sample_000059\\images\\CAM_FRONT_LEFT.png",
      "raw_layout": "bgra8"
    },
    "CAM_BACK": {
      "type_id": "sensor.camera.rgb",
      "blueprint_attributes": {
        "role_name": "front",
        "ros_name": "sensor.camera.rgb",
        "chromatic_aberration_offset": "0.0",
        "sensor_tick": "0.100000",
        "fstop": "1.4",
        "image_size_x": "960",
        "image_size_y": "540",
        "fov": "70.00",
        "lens_circle_falloff": "5.0",
        "lens_circle_multiplier": "0.0",
        "exposure_compensation": "0.0",
        "lens_y_size": "0.08",
        "lens_k": "-1.0",
        "exposure_mode": "histogram",
        "lens_kcube": "0.0",
        "lens_x_size": "0.08",
        "exposure_max_bright": "12.0",
        "shutter_speed": "200.0",
        "bloom_intensity": "0.675",
        "iso": "100.0",
        "enable_postprocess_effects": "false",
        "gamma": "2.2",
        "motion_blur_intensity": "0.0",
        "motion_blur_max_distortion": "0.35",
        "lens_flare_intensity": "0.1",
        "motion_blur_min_object_screen_size": "0.1",
        "exposure_min_bright": "10.0",
        "exposure_speed_up": "3.0",
        "exposure_speed_down": "1.0",
        "tint": "0.0",
        "calibration_constant": "16.0",
        "focal_distance": "1000.0",
        "min_fstop": "1.2",
        "blade_count": "5",
        "blur_amount": "0.0",
        "blur_radius": "0.0",
        "slope": "0.88",
        "toe": "0.55",
        "white_clip": "0.04",
        "shoulder": "0.26",
        "black_clip": "0.0",
        "temp": "6500.0",
        "chromatic_aberration_intensity": "0.0"
      },
      "transform_carla": {
        "location": {
          "x": 87.3219985961914,
          "y": -57.750789642333984,
          "z": 1.6952786445617676
        },
        "rotation": {
          "roll": -0.628552258014679,
          "pitch": -0.00909098144620657,
          "yaw": 30.857152938842773
        }
      },
      "matrix_world_from_sensor_carla": [
        [
          0.8584486842155457,
          -0.5128670334815979,
          0.005762750748544931,
          87.3219985961914
        ],
        [
          0.5128993988037109,
          0.858397901058197,
          -0.009335881099104881,
          -57.750789642333984
        ],
        [
          -0.00015866756439208984,
          0.01097008679062128,
          0.9999397993087769,
          1.6952786445617676
        ],
        [
          0.0,
          0.0,
          0.0,
          1.0
        ]
      ],
      "matrix_world_from_sensor_bevfusion": [
        [
          -0.5128670334815979,
          -0.005762750748544931,
          0.8584486842155457,
          87.3219985961914
        ],
        [
          -0.858397901058197,
          -0.009335881099104881,
          -0.5128993988037109,
          57.750789642333984
        ],
        [
          0.01097008679062128,
          -0.9999397993087769,
          -0.00015866756439208984,
          1.6952786445617676
        ],
        [
          0.0,
          0.0,
          0.0,
          1.0
        ]
      ],
      "matrix_ego_from_sensor_carla": [
        [
          -0.9999998807907104,
          6.082950676500332e-08,
          -8.789345362636425e-10,
          -1.5499954223632812
        ],
        [
          -2.09019379582287e-08,
          -0.9999999403953552,
          -2.694697354144182e-09,
          -7.62939453125e-06
        ],
        [
          -3.781508439715253e-11,
          -1.0304247455295013e-09,
          1.0,
          1.6999999284744263
        ],
        [
          0.0,
          0.0,
          0.0,
          1.0
        ]
      ],
      "matrix_ego_from_sensor_bevfusion": [
        [
          6.082950676500332e-08,
          8.789345362636425e-10,
          -0.9999998807907104,
          -1.5499954223632812
        ],
        [
          0.9999999403953552,
          -2.694697354144182e-09,
          2.09019379582287e-08,
          7.62939453125e-06
        ],
        [
          -1.0304247455295013e-09,
          -1.0,
          -3.781508439715253e-11,
          1.6999999284744263
        ],
        [
          0.0,
          0.0,
          0.0,
          1.0
        ]
      ],
      "camera_intrinsics": [
        [
          685.5110473632812,
          0.0,
          480.0
        ],
        [
          0.0,
          685.5110473632812,
          270.0
        ],
        [
          0.0,
          0.0,
          1.0
        ]
      ],
      "data_path": "D:\\Agent-AI\\outputs\\s3a_ml_long_v2\\sample_000059\\images\\CAM_BACK.png",
      "raw_layout": "bgra8"
    },
    "CAM_BACK_LEFT": {
      "type_id": "sensor.camera.rgb",
      "blueprint_attributes": {
        "role_name": "front",
        "ros_name": "sensor.camera.rgb",
        "chromatic_aberration_offset": "0.0",
        "sensor_tick": "0.100000",
        "fstop": "1.4",
        "image_size_x": "960",
        "image_size_y": "540",
        "fov": "70.00",
        "lens_circle_falloff": "5.0",
        "lens_circle_multiplier": "0.0",
        "exposure_compensation": "0.0",
        "lens_y_size": "0.08",
        "lens_k": "-1.0",
        "exposure_mode": "histogram",
        "lens_kcube": "0.0",
        "lens_x_size": "0.08",
        "exposure_max_bright": "12.0",
        "shutter_speed": "200.0",
        "bloom_intensity": "0.675",
        "iso": "100.0",
        "enable_postprocess_effects": "false",
        "gamma": "2.2",
        "motion_blur_intensity": "0.0",
        "motion_blur_max_distortion": "0.35",
        "lens_flare_intensity": "0.1",
        "motion_blur_min_object_screen_size": "0.1",
        "exposure_min_bright": "10.0",
        "exposure_speed_up": "3.0",
        "exposure_speed_down": "1.0",
        "tint": "0.0",
        "calibration_constant": "16.0",
        "focal_distance": "1000.0",
        "min_fstop": "1.2",
        "blade_count": "5",
        "blur_amount": "0.0",
        "blur_radius": "0.0",
        "slope": "0.88",
        "toe": "0.55",
        "white_clip": "0.04",
        "shoulder": "0.26",
        "black_clip": "0.0",
        "temp": "6500.0",
        "chromatic_aberration_intensity": "0.0"
      },
      "transform_carla": {
        "location": {
          "x": 86.82530975341797,
          "y": -57.40689468383789,
          "z": 1.7013518810272217
        },
        "rotation": {
          "roll": -0.3679795563220978,
          "pitch": 0.509661853313446,
          "yaw": 85.85542297363281
        }
      },
      "matrix_world_from_sensor_carla": [
        [
          0.07227057963609695,
          -0.9973683953285217,
          0.005762744694948196,
          86.82530975341797
        ],
        [
          0.9973453879356384,
          0.07221496850252151,
          -0.009335883893072605,
          -57.40689468383789
        ],
        [
          0.00889515969902277,
          0.006422156468033791,
          0.9999397993087769,
          1.7013518810272217
        ],
        [
          0.0,
          0.0,
          0.0,
          1.0
        ]
      ],
      "matrix_world_from_sensor_bevfusion": [
        [
          -0.9973683953285217,
          -0.005762744694948196,
          0.07227057963609695,
          86.82530975341797
        ],
        [
          -0.07221496850252151,
          -0.009335883893072605,
          -0.9973453879356384,
          57.40689468383789
        ],
        [
          0.006422156468033791,
          -0.9999397993087769,
          0.00889515969902277,
          1.7013518810272217
        ],
        [
          0.0,
          0.0,
          0.0,
          1.0
        ]
      ],
      "matrix_ego_from_sensor_carla": [
        [
          -0.5735769271850586,
          0.8191516399383545,
          5.669427149967987e-09,
          -1.2999954223632812
        ],
        [
          -0.8191516399383545,
          -0.5735769867897034,
          -3.6260199287596606e-09,
          -0.5500030517578125
        ],
        [
          1.87836324272439e-09,
          -7.104309140970599e-09,
          1.0,
          1.6999999284744263
        ],
        [
          0.0,
          0.0,
          0.0,
          1.0
        ]
      ],
      "matrix_ego_from_sensor_bevfusion": [
        [
          0.8191516399383545,
          -5.669427149967987e-09,
          -0.5735769271850586,
          -1.2999954223632812
        ],
        [
          0.5735769867897034,
          -3.6260199287596606e-09,
          0.8191516399383545,
          0.5500030517578125
        ],
        [
          -7.104309140970599e-09,
          -1.0,
          1.87836324272439e-09,
          1.6999999284744263
        ],
        [
          0.0,
          0.0,
          0.0,
          1.0
        ]
      ],
      "camera_intrinsics": [
        [
          685.5110473632812,
          0.0,
          480.0
        ],
        [
          0.0,
          685.5110473632812,
          270.0
        ],
        [
          0.0,
          0.0,
          1.0
        ]
      ],
      "data_path": "D:\\Agent-AI\\outputs\\s3a_ml_long_v2\\sample_000059\\images\\CAM_BACK_LEFT.png",
      "raw_layout": "bgra8"
    },
    "CAM_BACK_RIGHT": {
      "type_id": "sensor.camera.rgb",
      "blueprint_attributes": {
        "role_name": "front",
        "ros_name": "sensor.camera.rgb",
        "chromatic_aberration_offset": "0.0",
        "sensor_tick": "0.100000",
        "fstop": "1.4",
        "image_size_x": "960",
        "image_size_y": "540",
        "fov": "70.00",
        "lens_circle_falloff": "5.0",
        "lens_circle_multiplier": "0.0",
        "exposure_compensation": "0.0",
        "lens_y_size": "0.08",
        "lens_k": "-1.0",
        "exposure_mode": "histogram",
        "lens_kcube": "0.0",
        "lens_x_size": "0.08",
        "exposure_max_bright": "12.0",
        "shutter_speed": "200.0",
        "bloom_intensity": "0.675",
        "iso": "100.0",
        "enable_postprocess_effects": "false",
        "gamma": "2.2",
        "motion_blur_intensity": "0.0",
        "motion_blur_max_distortion": "0.35",
        "lens_flare_intensity": "0.1",
        "motion_blur_min_object_screen_size": "0.1",
        "exposure_min_bright": "10.0",
        "exposure_speed_up": "3.0",
        "exposure_speed_down": "1.0",
        "tint": "0.0",
        "calibration_constant": "16.0",
        "focal_distance": "1000.0",
        "min_fstop": "1.2",
        "blade_count": "5",
        "blur_amount": "0.0",
        "blur_radius": "0.0",
        "slope": "0.88",
        "toe": "0.55",
        "white_clip": "0.04",
        "shoulder": "0.26",
        "black_clip": "0.0",
        "temp": "6500.0",
        "chromatic_aberration_intensity": "0.0"
      },
      "transform_carla": {
        "location": {
          "x": 87.38947296142578,
          "y": -58.351131439208984,
          "z": 1.6892848014831543
        },
        "rotation": {
          "roll": -0.35308539867401123,
          "pitch": -0.5200915336608887,
          "yaw": -24.14130401611328
        }
      },
      "matrix_world_from_sensor_carla": [
        [
          0.9125019907951355,
          0.4090316891670227,
          0.005762757267802954,
          87.38947296142578
        ],
        [
          -0.4089715778827667,
          0.9124993681907654,
          -0.00933588482439518,
          -58.351131439208984
        ],
        [
          -0.009077184833586216,
          0.006162209901958704,
          0.9999397993087769,
          1.6892848014831543
        ],
        [
          0.0,
          0.0,
          0.0,
          1.0
        ]
      ],
      "matrix_world_from_sensor_bevfusion": [
        [
          0.4090316891670227,
          -0.005762757267802954,
          0.9125019907951355,
          87.38947296142578
        ],
        [
          -0.9124993681907654,
          -0.00933588482439518,
          0.4089715778827667,
          58.351131439208984
        ],
        [
          0.006162209901958704,
          -0.9999397993087769,
          -0.009077184833586216,
          1.6892848014831543
        ],
        [
          0.0,
          0.0,
          0.0,
          1.0
        ]
      ],
      "matrix_ego_from_sensor_carla": [
        [
          -0.5735763311386108,
          -0.8191521167755127,
          -4.56056925557391e-09,
          -1.3000068664550781
        ],
        [
          0.8191521763801575,
          -0.5735763311386108,
          3.8245606681641675e-09,
          0.5499954223632812
        ],
        [
          -4.890162941251219e-09,
          -3.0291086305922477e-10,
          1.0,
          1.6999999284744263
        ],
        [
          0.0,
          0.0,
          0.0,
          1.0
        ]
      ],
      "matrix_ego_from_sensor_bevfusion": [
        [
          -0.8191521167755127,
          4.56056925557391e-09,
          -0.5735763311386108,
          -1.3000068664550781
        ],
        [
          0.5735763311386108,
          3.8245606681641675e-09,
          -0.8191521763801575,
          -0.5499954223632812
        ],
        [
          -3.0291086305922477e-10,
          -1.0,
          -4.890162941251219e-09,
          1.6999999284744263
        ],
        [
          0.0,
          0.0,
          0.0,
          1.0
        ]
      ],
      "camera_intrinsics": [
        [
          685.5110473632812,
          0.0,
          480.0
        ],
        [
          0.0,
          685.5110473632812,
          270.0
        ],
        [
          0.0,
          0.0,
          1.0
        ]
      ],
      "data_path": "D:\\Agent-AI\\outputs\\s3a_ml_long_v2\\sample_000059\\images\\CAM_BACK_RIGHT.png",
      "raw_layout": "bgra8"
    },
    "LIDAR_TOP": {
      "type_id": "sensor.lidar.ray_cast",
      "blueprint_attributes": {
        "atmosphere_attenuation_rate": "0.004",
        "role_name": "front",
        "noise_seed": "0",
        "upper_fov": "10.0",
        "ros_name": "sensor.lidar.ray_cast",
        "sensor_tick": "0.100000",
        "channels": "32",
        "range": "120.0",
        "points_per_second": "360000",
        "lower_fov": "-30.0",
        "rotation_frequency": "10.000000",
        "horizontal_fov": "360.0",
        "dropoff_general_rate": "0.0",
        "dropoff_intensity_limit": "1.0",
        "noise_stddev": "0.0",
        "dropoff_zero_intensity": "0.0"
      },
      "transform_carla": {
        "location": {
          "x": 85.9942855834961,
          "y": -58.55044937133789,
          "z": 2.1954944133758545
        },
        "rotation": {
          "roll": 0.6285523772239685,
          "pitch": 0.00909098144620657,
          "yaw": -149.14285278320312
        }
      },
      "matrix_world_from_sensor_carla": [
        [
          -0.8584487438201904,
          0.5128670334815979,
          0.005762751679867506,
          85.9942855834961
        ],
        [
          -0.5128993988037109,
          -0.8583979606628418,
          -0.009335883893072605,
          -58.55044937133789
        ],
        [
          0.00015866756439208984,
          -0.01097008865326643,
          0.9999397993087769,
          2.1954944133758545
        ],
        [
          0.0,
          0.0,
          0.0,
          1.0
        ]
      ],
      "matrix_world_from_sensor_bevfusion": [
        [
          -0.8584487438201904,
          -0.5128670334815979,
          0.005762751679867506,
          85.9942855834961
        ],
        [
          0.5128993988037109,
          -0.8583979606628418,
          0.009335883893072605,
          58.55044937133789
        ],
        [
          0.00015866756439208984,
          0.01097008865326643,
          0.9999397993087769,
          2.1954944133758545
        ],
        [
          0.0,
          0.0,
          0.0,
          1.0
        ]
      ],
      "matrix_ego_from_sensor_carla": [
        [
          0.9999999403953552,
          -3.0258615169032055e-08,
          -3.841694184991695e-10,
          3.814697265625e-06
        ],
        [
          -8.900384429466612e-09,
          1.0,
          9.927036970225345e-11,
          -7.62939453125e-06
        ],
        [
          3.781508439715253e-11,
          9.921430343950988e-11,
          1.0,
          2.1999998092651367
        ],
        [
          0.0,
          0.0,
          0.0,
          1.0
        ]
      ],
      "matrix_ego_from_sensor_bevfusion": [
        [
          0.9999999403953552,
          3.0258615169032055e-08,
          -3.841694184991695e-10,
          3.814697265625e-06
        ],
        [
          8.900384429466612e-09,
          1.0,
          -9.927036970225345e-11,
          7.62939453125e-06
        ],
        [
          3.781508439715253e-11,
          -9.921430343950988e-11,
          1.0,
          2.1999998092651367
        ],
        [
          0.0,
          0.0,
          0.0,
          1.0
        ]
      ],
      "data_path": "D:\\Agent-AI\\outputs\\s3a_ml_long_v2\\sample_000059\\lidar\\LIDAR_TOP.npy",
      "raw_layout": [
        "x",
        "y",
        "z",
        "intensity"
      ]
    },
    "RADAR_FRONT": {
      "type_id": "sensor.other.radar",
      "blueprint_attributes": {
        "sensor_tick": "0.100000",
        "role_name": "default",
        "noise_seed": "0",
        "ros_name": "sensor.other.radar",
        "horizontal_fov": "35.0",
        "points_per_second": "1500",
        "vertical_fov": "20.0",
        "range": "120.0"
      },
      "transform_carla": {
        "location": {
          "x": 84.2698974609375,
          "y": -59.564109802246094,
          "z": 0.8958899974822998
        },
        "rotation": {
          "roll": 0.6285523772239685,
          "pitch": 0.00909098144620657,
          "yaw": -149.14285278320312
        }
      },
      "matrix_world_from_sensor_carla": [
        [
          -0.8584487438201904,
          0.5128670334815979,
          0.005762751679867506,
          84.2698974609375
        ],
        [
          -0.5128993988037109,
          -0.8583979606628418,
          -0.009335883893072605,
          -59.564109802246094
        ],
        [
          0.00015866756439208984,
          -0.01097008865326643,
          0.9999397993087769,
          0.8958899974822998
        ],
        [
          0.0,
          0.0,
          0.0,
          1.0
        ]
      ],
      "matrix_world_from_sensor_bevfusion": [
        [
          -0.8584487438201904,
          -0.5128670334815979,
          0.005762751679867506,
          84.2698974609375
        ],
        [
          0.5128993988037109,
          -0.8583979606628418,
          0.009335883893072605,
          59.564109802246094
        ],
        [
          0.00015866756439208984,
          0.01097008865326643,
          0.9999397993087769,
          0.8958899974822998
        ],
        [
          0.0,
          0.0,
          0.0,
          1.0
        ]
      ],
      "matrix_ego_from_sensor_carla": [
        [
          0.9999999403953552,
          -3.0258615169032055e-08,
          -3.841694184991695e-10,
          1.9999961853027344
        ],
        [
          -8.900384429466612e-09,
          1.0,
          9.927036970225345e-11,
          -7.62939453125e-06
        ],
        [
          3.781508439715253e-11,
          9.921430343950988e-11,
          1.0,
          0.8999998569488525
        ],
        [
          0.0,
          0.0,
          0.0,
          1.0
        ]
      ],
      "matrix_ego_from_sensor_bevfusion": [
        [
          0.9999999403953552,
          3.0258615169032055e-08,
          -3.841694184991695e-10,
          1.9999961853027344
        ],
        [
          8.900384429466612e-09,
          1.0,
          -9.927036970225345e-11,
          7.62939453125e-06
        ],
        [
          3.781508439715253e-11,
          -9.921430343950988e-11,
          1.0,
          0.8999998569488525
        ],
        [
          0.0,
          0.0,
          0.0,
          1.0
        ]
      ],
      "data_path": "D:\\Agent-AI\\outputs\\s3a_ml_long_v2\\sample_000059\\radar\\RADAR_FRONT.npy",
      "raw_layout": [
        "velocity",
        "altitude",
        "azimuth",
        "depth"
      ]
    },
    "RADAR_FRONT_LEFT": {
      "type_id": "sensor.other.radar",
      "blueprint_attributes": {
        "sensor_tick": "0.100000",
        "role_name": "default",
        "noise_seed": "0",
        "ros_name": "sensor.other.radar",
        "horizontal_fov": "35.0",
        "points_per_second": "1500",
        "vertical_fov": "20.0",
        "range": "120.0"
      },
      "transform_carla": {
        "location": {
          "x": 84.18569946289062,
          "y": -58.74079895019531,
          "z": 0.9040621519088745
        },
        "rotation": {
          "roll": 0.4380342662334442,
          "pitch": 0.4508744180202484,
          "yaw": 165.8587646484375
        }
      },
      "matrix_world_from_sensor_carla": [
        [
          -0.9696664810180664,
          -0.24436411261558533,
          0.00576268695294857,
          84.18569946289062
        ],
        [
          0.24430535733699799,
          -0.9696534276008606,
          -0.009335874579846859,
          -58.74079895019531
        ],
        [
          0.007869161665439606,
          -0.007644828874617815,
          0.9999398589134216,
          0.9040621519088745
        ],
        [
          0.0,
          0.0,
          0.0,
          1.0
        ]
      ],
      "matrix_world_from_sensor_bevfusion": [
        [
          -0.9696664810180664,
          0.24436411261558533,
          0.00576268695294857,
          84.18569946289062
        ],
        [
          -0.24430535733699799,
          -0.9696534276008606,
          0.009335874579846859,
          58.74079895019531
        ],
        [
          0.007869161665439606,
          0.007644828874617815,
          0.9999398589134216,
          0.9040621519088745
        ],
        [
          0.0,
          0.0,
          0.0,
          1.0
        ]
      ],
      "matrix_ego_from_sensor_carla": [
        [
          0.7071061134338379,
          0.7071074843406677,
          5.073161446489394e-08,
          1.6500053405761719
        ],
        [
          -0.7071074843406677,
          0.7071061134338379,
          -4.2464112226525685e-08,
          -0.7500076293945312
        ],
        [
          -6.580968658909114e-08,
          -7.299949977834785e-09,
          1.0,
          0.8999998569488525
        ],
        [
          0.0,
          0.0,
          0.0,
          1.0
        ]
      ],
      "matrix_ego_from_sensor_bevfusion": [
        [
          0.7071061134338379,
          -0.7071074843406677,
          5.073161446489394e-08,
          1.6500053405761719
        ],
        [
          0.7071074843406677,
          0.7071061134338379,
          4.2464112226525685e-08,
          0.7500076293945312
        ],
        [
          -6.580968658909114e-08,
          7.299949977834785e-09,
          1.0,
          0.8999998569488525
        ],
        [
          0.0,
          0.0,
          0.0,
          1.0
        ]
      ],
      "data_path": "D:\\Agent-AI\\outputs\\s3a_ml_long_v2\\sample_000059\\radar\\RADAR_FRONT_LEFT.npy",
      "raw_layout": [
        "velocity",
        "altitude",
        "azimuth",
        "depth"
      ]
    },
    "RADAR_FRONT_RIGHT": {
      "type_id": "sensor.other.radar",
      "blueprint_attributes": {
        "sensor_tick": "0.100000",
        "role_name": "default",
        "noise_seed": "0",
