{
  "schema_version": "stage1.v1",
  "sample_name": "sample_000052",
  "sequence_index": 52,
  "previous_sample_name": "sample_000051",
  "frame_id": 726325,
  "timestamp": 5002.394624795765,
  "platform_timestamp": 16813390.0150116,
  "delta_seconds": 0.10000000149011612,
  "town": "Carla/Maps/Town10HD_Opt",
  "weather": {
    "cloudiness": 20.0,
    "dust_storm": 0.0,
    "fog_density": 2.0,
    "fog_distance": 0.75,
    "fog_falloff": 0.10000000149011612,
    "mie_scattering_scale": 0.029999999329447746,
    "precipitation": 0.0,
    "precipitation_deposits": 0.0,
    "rayleigh_scattering_scale": 0.03310000151395798,
    "scattering_intensity": 1.0,
    "sun_altitude_angle": 45.0,
    "sun_azimuth_angle": 300.0,
    "wetness": 0.0,
    "wind_intensity": 10.0
  },
  "sensor_names": [
    "CAM_FRONT",
    "CAM_FRONT_RIGHT",
    "CAM_FRONT_LEFT",
    "CAM_BACK",
    "CAM_BACK_LEFT",
    "CAM_BACK_RIGHT",
    "LIDAR_TOP",
    "RADAR_FRONT",
    "RADAR_FRONT_LEFT",
    "RADAR_FRONT_RIGHT",
    "RADAR_BACK_LEFT",
    "RADAR_BACK_RIGHT"
  ],
  "camera_order_for_model": [
    "CAM_FRONT",
    "CAM_FRONT_RIGHT",
    "CAM_FRONT_LEFT",
    "CAM_BACK",
    "CAM_BACK_LEFT",
    "CAM_BACK_RIGHT"
  ],
  "radar_order_for_model": [
    "RADAR_FRONT",
    "RADAR_FRONT_LEFT",
    "RADAR_FRONT_RIGHT",
    "RADAR_BACK_LEFT",
    "RADAR_BACK_RIGHT"
  ],
  "coordinate_notes": {
    "carla_world": "left-handed x-forward y-right z-up",
    "bevfusion_lidar": "x-forward y-left z-up",
    "camera_frame_for_model": "OpenCV style x-right y-down z-forward"
  },
  "ego": {
    "actor_id": 49,
    "transform_carla": {
      "location": {
        "x": 103.61875915527344,
        "y": -37.355953216552734,
        "z": -0.004463004879653454
      },
      "rotation": {
        "roll": -0.000732421875,
        "pitch": -0.010040377266705036,
        "yaw": -109.1600341796875
      }
    },
    "velocity_carla": [
      5.0844297220464796e-05,
      0.00012322919792495668,
      -2.19345088225964e-06
    ],
    "angular_velocity_carla": [
      -0.037753064185380936,
      0.01597561314702034,
      1.8879352865042165e-05
    ],
    "matrix_world_from_ego_carla": [
      [
        -0.3282078504562378,
        0.9446055293083191,
        -6.958942685741931e-05,
        103.61875915527344
      ],
      [
        -0.9446055293083191,
        -0.3282078504562378,
        -0.00016133491590153426,
        -37.355953216552734
      ],
      [
        -0.0001752376410877332,
        1.2783173588104546e-05,
        1.0,
        -0.004463004879653454
      ],
      [
        0.0,
        0.0,
        0.0,
        1.0
      ]
    ],
    "matrix_world_from_ego_bevfusion": [
      [
        -0.3282078504562378,
        -0.9446055293083191,
        -6.958942685741931e-05,
        103.61875915527344
      ],
      [
        0.9446055293083191,
        -0.3282078504562378,
        0.00016133491590153426,
        37.355953216552734
      ],
      [
        -0.0001752376410877332,
        -1.2783173588104546e-05,
        1.0,
        -0.004463004879653454
      ],
      [
        0.0,
        0.0,
        0.0,
        1.0
      ]
    ]
  },
  "sensors": {
    "CAM_FRONT": {
      "type_id": "sensor.camera.rgb",
      "blueprint_attributes": {
        "role_name": "front",
        "ros_name": "sensor.camera.rgb",
        "chromatic_aberration_offset": "0.0",
        "sensor_tick": "0.100000",
        "fstop": "1.4",
        "image_size_x": "960",
        "image_size_y": "540",
        "fov": "70.00",
        "lens_circle_falloff": "5.0",
        "lens_circle_multiplier": "0.0",
        "exposure_compensation": "0.0",
        "lens_y_size": "0.08",
        "lens_k": "-1.0",
        "exposure_mode": "histogram",
        "lens_kcube": "0.0",
        "lens_x_size": "0.08",
        "exposure_max_bright": "12.0",
        "shutter_speed": "200.0",
        "bloom_intensity": "0.675",
        "iso": "100.0",
        "enable_postprocess_effects": "false",
        "gamma": "2.2",
        "motion_blur_intensity": "0.0",
        "motion_blur_max_distortion": "0.35",
        "lens_flare_intensity": "0.1",
        "motion_blur_min_object_screen_size": "0.1",
        "exposure_min_bright": "10.0",
        "exposure_speed_up": "3.0",
        "exposure_speed_down": "1.0",
        "tint": "0.0",
        "calibration_constant": "16.0",
        "focal_distance": "1000.0",
        "min_fstop": "1.2",
        "blade_count": "5",
        "blur_amount": "0.0",
        "blur_radius": "0.0",
        "slope": "0.88",
        "toe": "0.55",
        "white_clip": "0.04",
        "shoulder": "0.26",
        "black_clip": "0.0",
        "temp": "6500.0",
        "chromatic_aberration_intensity": "0.0"
      },
      "transform_carla": {
        "location": {
          "x": 103.10991668701172,
          "y": -38.82036590576172,
          "z": 1.6952651739120483
        },
        "rotation": {
          "roll": -0.000732421875,
          "pitch": -0.010040377266705036,
          "yaw": -109.1600341796875
        }
      },
      "matrix_world_from_sensor_carla": [
        [
          -0.3282078504562378,
          0.9446055293083191,
          -6.958942685741931e-05,
          103.10991668701172
        ],
        [
          -0.9446055293083191,
          -0.3282078504562378,
          -0.00016133491590153426,
          -38.82036590576172
        ],
        [
          -0.0001752376410877332,
          1.2783173588104546e-05,
          1.0,
          1.6952651739120483
        ],
        [
          0.0,
          0.0,
          0.0,
          1.0
        ]
      ],
      "matrix_world_from_sensor_bevfusion": [
        [
          0.9446055293083191,
          6.958942685741931e-05,
          -0.3282078504562378,
          103.10991668701172
        ],
        [
          0.3282078504562378,
          -0.00016133491590153426,
          0.9446055293083191,
          38.82036590576172
        ],
        [
          1.2783173588104546e-05,
          -1.0,
          -0.0001752376410877332,
          1.6952651739120483
        ],
        [
          0.0,
          0.0,
          0.0,
          1.0
        ]
      ],
      "matrix_ego_from_sensor_carla": [
        [
          1.0,
          4.379642870588896e-09,
          1.4551915228366852e-11,
          1.5500004291534424
        ],
        [
          4.3796433146781055e-09,
          1.0,
          -1.8189894035458565e-12,
          0.0
        ],
        [
          1.0444977348311735e-11,
          -5.309410029685768e-12,
          1.0,
          1.6999996900558472
        ],
        [
          0.0,
          0.0,
          0.0,
          1.0
        ]
      ],
      "matrix_ego_from_sensor_bevfusion": [
        [
          4.379642870588896e-09,
          -1.4551915228366852e-11,
          1.0,
          1.5500004291534424
        ],
        [
          -1.0,
          -1.8189894035458565e-12,
          -4.3796433146781055e-09,
          0.0
        ],
        [
          -5.309410029685768e-12,
          -1.0,
          1.0444977348311735e-11,
          1.6999996900558472
        ],
        [
          0.0,
          0.0,
          0.0,
          1.0
        ]
      ],
      "camera_intrinsics": [
        [
          685.5110473632812,
          0.0,
          480.0
        ],
        [
          0.0,
          685.5110473632812,
          270.0
        ],
        [
          0.0,
          0.0,
          1.0
        ]
      ],
      "data_path": "D:\\Agent-AI\\outputs\\s3a_ml_long_v1\\sample_000052\\images\\CAM_FRONT.png",
      "raw_layout": "bgra8"
    },
    "CAM_FRONT_RIGHT": {
      "type_id": "sensor.camera.rgb",
      "blueprint_attributes": {
        "role_name": "front",
        "ros_name": "sensor.camera.rgb",
        "chromatic_aberration_offset": "0.0",
        "sensor_tick": "0.100000",
        "fstop": "1.4",
        "image_size_x": "960",
        "image_size_y": "540",
        "fov": "70.00",
        "lens_circle_falloff": "5.0",
        "lens_circle_multiplier": "0.0",
        "exposure_compensation": "0.0",
        "lens_y_size": "0.08",
        "lens_k": "-1.0",
        "exposure_mode": "histogram",
        "lens_kcube": "0.0",
        "lens_x_size": "0.08",
        "exposure_max_bright": "12.0",
        "shutter_speed": "200.0",
        "bloom_intensity": "0.675",
        "iso": "100.0",
        "enable_postprocess_effects": "false",
        "gamma": "2.2",
        "motion_blur_intensity": "0.0",
        "motion_blur_max_distortion": "0.35",
        "lens_flare_intensity": "0.1",
        "motion_blur_min_object_screen_size": "0.1",
        "exposure_min_bright": "10.0",
        "exposure_speed_up": "3.0",
        "exposure_speed_down": "1.0",
        "tint": "0.0",
        "calibration_constant": "16.0",
        "focal_distance": "1000.0",
        "min_fstop": "1.2",
        "blade_count": "5",
        "blur_amount": "0.0",
        "blur_radius": "0.0",
        "slope": "0.88",
        "toe": "0.55",
        "white_clip": "0.04",
        "shoulder": "0.26",
        "black_clip": "0.0",
        "temp": "6500.0",
        "chromatic_aberration_intensity": "0.0"
      },
      "transform_carla": {
        "location": {
          "x": 103.71150207519531,
          "y": -38.764732360839844,
          "z": 1.6953160762786865
        },
        "rotation": {
          "roll": -0.008644617162644863,
          "pitch": -0.0051636225543916225,
          "yaw": -54.16004943847656
        }
      },
      "matrix_world_from_sensor_carla": [
        [
          0.5855230689048767,
          0.8106557726860046,
          -6.954070704523474e-05,
          103.71150207519531
        ],
        [
          -0.8106557726860046,
          0.5855230689048767,
          -0.00016140007937792689,
          -38.764732360839844
        ],
        [
          -9.012221562443301e-05,
          0.00015087703650351614,
          1.0,
          1.6953160762786865
        ],
        [
          0.0,
          0.0,
          0.0,
          1.0
        ]
      ],
      "matrix_world_from_sensor_bevfusion": [
        [
          0.8106557726860046,
          6.954070704523474e-05,
          0.5855230689048767,
          103.71150207519531
        ],
        [
          -0.5855230689048767,
          -0.00016140007937792689,
          0.8106557726860046,
          38.764732360839844
        ],
        [
          0.00015087703650351614,
          -1.0,
          -9.012221562443301e-05,
          1.6953160762786865
        ],
        [
          0.0,
          0.0,
          0.0,
          1.0
        ]
      ],
      "matrix_ego_from_sensor_carla": [
        [
          0.5735766291618347,
          -0.8191519379615784,
          4.557659849524498e-08,
          1.3000037670135498
        ],
        [
          0.8191518783569336,
          0.5735766887664795,
          6.740538083249703e-08,
          0.5500030517578125
        ],
        [
          -8.135438633871672e-08,
          -1.3477691185315166e-09,
          1.0,
          1.6999998092651367
        ],
        [
          0.0,
          0.0,
          0.0,
          1.0
        ]
      ],
      "matrix_ego_from_sensor_bevfusion": [
        [
          -0.8191519379615784,
          -4.557659849524498e-08,
          0.5735766291618347,
          1.3000037670135498
        ],
        [
          -0.5735766887664795,
          6.740538083249703e-08,
          -0.8191518783569336,
          -0.5500030517578125
        ],
        [
          -1.3477691185315166e-09,
          -1.0,
          -8.135438633871672e-08,
          1.6999998092651367
        ],
        [
          0.0,
          0.0,
          0.0,
          1.0
        ]
      ],
      "camera_intrinsics": [
        [
          685.5110473632812,
          0.0,
          480.0
        ],
        [
          0.0,
          685.5110473632812,
          270.0
        ],
        [
          0.0,
          0.0,
          1.0
        ]
      ],
      "data_path": "D:\\Agent-AI\\outputs\\s3a_ml_long_v1\\sample_000052\\images\\CAM_FRONT_RIGHT.png",
      "raw_layout": "bgra8"
    },
    "CAM_FRONT_LEFT": {
      "type_id": "sensor.camera.rgb",
      "blueprint_attributes": {
        "role_name": "front",
        "ros_name": "sensor.camera.rgb",
        "chromatic_aberration_offset": "0.0",
        "sensor_tick": "0.100000",
        "fstop": "1.4",
        "image_size_x": "960",
        "image_size_y": "540",
        "fov": "70.00",
        "lens_circle_falloff": "5.0",
        "lens_circle_multiplier": "0.0",
        "exposure_compensation": "0.0",
        "lens_y_size": "0.08",
        "lens_k": "-1.0",
        "exposure_mode": "histogram",
        "lens_kcube": "0.0",
        "lens_x_size": "0.08",
        "exposure_max_bright": "12.0",
        "shutter_speed": "200.0",
        "bloom_intensity": "0.675",
        "iso": "100.0",
        "enable_postprocess_effects": "false",
        "gamma": "2.2",
        "motion_blur_intensity": "0.0",
        "motion_blur_max_distortion": "0.35",
        "lens_flare_intensity": "0.1",
        "motion_blur_min_object_screen_size": "0.1",
        "exposure_min_bright": "10.0",
        "exposure_speed_up": "3.0",
        "exposure_speed_down": "1.0",
        "tint": "0.0",
        "calibration_constant": "16.0",
        "focal_distance": "1000.0",
        "min_fstop": "1.2",
        "blade_count": "5",
        "blur_amount": "0.0",
        "blur_radius": "0.0",
        "slope": "0.88",
        "toe": "0.55",
        "white_clip": "0.04",
        "shoulder": "0.26",
        "black_clip": "0.0",
        "temp": "6500.0",
        "chromatic_aberration_intensity": "0.0"
      },
      "transform_carla": {
        "location": {
          "x": 102.67243957519531,
          "y": -38.40370178222656,
          "z": 1.695302128791809
        },
        "rotation": {
          "roll": 0.007804417982697487,
          "pitch": -0.00635890569537878,
          "yaw": -164.16001892089844
        }
      },
      "matrix_world_from_sensor_carla": [
        [
          -0.9620277285575867,
          0.2729516327381134,
          -6.959003076190129e-05,
          102.67243957519531
        ],
        [
          -0.2729516327381134,
          -0.9620277285575867,
          -0.0001613337080925703,
          -38.40370178222656
        ],
        [
          -0.00011098384129581973,
          -0.00013621279504150152,
          1.0,
          1.695302128791809
        ],
        [
          0.0,
          0.0,
          0.0,
          1.0
        ]
      ],
      "matrix_world_from_sensor_bevfusion": [
        [
          0.2729516327381134,
          6.959003076190129e-05,
          -0.9620277285575867,
          102.67243957519531
        ],
        [
          0.9620277285575867,
          -0.0001613337080925703,
          0.2729516327381134,
          38.40370178222656
        ],
        [
          -0.00013621279504150152,
          -1.0,
          -0.00011098384129581973,
          1.695302128791809
        ],
        [
          0.0,
          0.0,
          0.0,
          1.0
        ]
      ],
      "matrix_ego_from_sensor_carla": [
        [
          0.5735766887664795,
          0.8191518187522888,
          -9.313225746154785e-10,
          1.3000023365020752
        ],
        [
          -0.8191518187522888,
          0.5735766887664795,
          -9.658833732828498e-10,
          -0.5500030517578125
        ],
        [
          -2.4804336362649337e-10,
          1.317791320509798e-09,
          1.0,
          1.6999999284744263
        ],
        [
          0.0,
          0.0,
          0.0,
          1.0
        ]
      ],
      "matrix_ego_from_sensor_bevfusion": [
        [
          0.8191518187522888,
          9.313225746154785e-10,
          0.5735766887664795,
          1.3000023365020752
        ],
        [
          -0.5735766887664795,
          -9.658833732828498e-10,
          0.8191518187522888,
          0.5500030517578125
        ],
        [
          1.317791320509798e-09,
          -1.0,
          -2.4804336362649337e-10,
          1.6999999284744263
        ],
        [
          0.0,
          0.0,
          0.0,
          1.0
        ]
      ],
      "camera_intrinsics": [
        [
          685.5110473632812,
          0.0,
          480.0
        ],
        [
          0.0,
          685.5110473632812,
          270.0
        ],
        [
          0.0,
          0.0,
          1.0
        ]
      ],
      "data_path": "D:\\Agent-AI\\outputs\\s3a_ml_long_v1\\sample_000052\\images\\CAM_FRONT_LEFT.png",
      "raw_layout": "bgra8"
    },
    "CAM_BACK": {
      "type_id": "sensor.camera.rgb",
      "blueprint_attributes": {
        "role_name": "front",
        "ros_name": "sensor.camera.rgb",
        "chromatic_aberration_offset": "0.0",
        "sensor_tick": "0.100000",
        "fstop": "1.4",
        "image_size_x": "960",
        "image_size_y": "540",
        "fov": "70.00",
        "lens_circle_falloff": "5.0",
        "lens_circle_multiplier": "0.0",
        "exposure_compensation": "0.0",
        "lens_y_size": "0.08",
        "lens_k": "-1.0",
        "exposure_mode": "histogram",
        "lens_kcube": "0.0",
        "lens_x_size": "0.08",
        "exposure_max_bright": "12.0",
        "shutter_speed": "200.0",
        "bloom_intensity": "0.675",
        "iso": "100.0",
        "enable_postprocess_effects": "false",
        "gamma": "2.2",
        "motion_blur_intensity": "0.0",
        "motion_blur_max_distortion": "0.35",
        "lens_flare_intensity": "0.1",
        "motion_blur_min_object_screen_size": "0.1",
        "exposure_min_bright": "10.0",
        "exposure_speed_up": "3.0",
        "exposure_speed_down": "1.0",
        "tint": "0.0",
        "calibration_constant": "16.0",
        "focal_distance": "1000.0",
        "min_fstop": "1.2",
        "blade_count": "5",
        "blur_amount": "0.0",
        "blur_radius": "0.0",
        "slope": "0.88",
        "toe": "0.55",
        "white_clip": "0.04",
        "shoulder": "0.26",
        "black_clip": "0.0",
        "temp": "6500.0",
        "chromatic_aberration_intensity": "0.0"
      },
      "transform_carla": {
        "location": {
          "x": 104.12735748291016,
          "y": -35.89208984375,
          "z": 1.6958085298538208
        },
        "rotation": {
          "roll": 0.0007324247853830457,
          "pitch": 0.010040377266705036,
          "yaw": 70.8399658203125
        }
      },
      "matrix_world_from_sensor_carla": [
        [
          0.3282078802585602,
          -0.9446055293083191,
          -6.958947778912261e-05,
          104.12735748291016
        ],
        [
          0.9446055293083191,
          0.3282078802585602,
          -0.00016133490134961903,
          -35.89208984375
        ],
        [
          0.0001752376410877332,
          -1.2783223610313144e-05,
          1.0,
          1.6958085298538208
        ],
        [
          0.0,
          0.0,
          0.0,
          1.0
        ]
      ],
      "matrix_world_from_sensor_bevfusion": [
        [
          -0.9446055293083191,
          6.958947778912261e-05,
          0.3282078802585602,
          104.12735748291016
        ],
        [
          -0.3282078802585602,
          -0.00016133490134961903,
          -0.9446055293083191,
          35.89208984375
        ],
        [
          -1.2783223610313144e-05,
          -1.0,
          0.0001752376410877332,
          1.6958085298538208
        ],
        [
          0.0,
          0.0,
          0.0,
          1.0
        ]
      ],
      "matrix_ego_from_sensor_carla": [
        [
          -1.0,
          -3.253107294654001e-08,
          1.4551915228366852e-11,
          -1.5499964952468872
        ],
        [
          2.5422679073017207e-08,
          -1.0,
          -5.093170329928398e-11,
          -7.62939453125e-06
        ],
        [
          -1.0444977348311735e-11,
          -5.016976417637764e-11,
          1.0,
          1.6999998092651367
        ],
        [
          0.0,
          0.0,
          0.0,
          1.0
        ]
      ],
      "matrix_ego_from_sensor_bevfusion": [
        [
          -3.253107294654001e-08,
          -1.4551915228366852e-11,
          -1.0,
          -1.5499964952468872
        ],
        [
          1.0,
          -5.093170329928398e-11,
          -2.5422679073017207e-08,
          7.62939453125e-06
        ],
        [
          -5.016976417637764e-11,
          -1.0,
          -1.0444977348311735e-11,
          1.6999998092651367
        ],
        [
          0.0,
          0.0,
          0.0,
          1.0
        ]
      ],
      "camera_intrinsics": [
        [
          685.5110473632812,
          0.0,
          480.0
        ],
        [
          0.0,
          685.5110473632812,
          270.0
        ],
        [
          0.0,
          0.0,
          1.0
        ]
      ],
      "data_path": "D:\\Agent-AI\\outputs\\s3a_ml_long_v1\\sample_000052\\images\\CAM_BACK.png",
      "raw_layout": "bgra8"
    },
    "CAM_BACK_LEFT": {
      "type_id": "sensor.camera.rgb",
      "blueprint_attributes": {
        "role_name": "front",
        "ros_name": "sensor.camera.rgb",
        "chromatic_aberration_offset": "0.0",
        "sensor_tick": "0.100000",
        "fstop": "1.4",
        "image_size_x": "960",
        "image_size_y": "540",
        "fov": "70.00",
        "lens_circle_falloff": "5.0",
        "lens_circle_multiplier": "0.0",
        "exposure_compensation": "0.0",
        "lens_y_size": "0.08",
        "lens_k": "-1.0",
        "exposure_mode": "histogram",
        "lens_kcube": "0.0",
        "lens_x_size": "0.08",
        "exposure_max_bright": "12.0",
        "shutter_speed": "200.0",
        "bloom_intensity": "0.675",
        "iso": "100.0",
        "enable_postprocess_effects": "false",
        "gamma": "2.2",
        "motion_blur_intensity": "0.0",
        "motion_blur_max_distortion": "0.35",
        "lens_flare_intensity": "0.1",
        "motion_blur_min_object_screen_size": "0.1",
        "exposure_min_bright": "10.0",
        "exposure_speed_up": "3.0",
        "exposure_speed_down": "1.0",
        "tint": "0.0",
        "calibration_constant": "16.0",
        "focal_distance": "1000.0",
        "min_fstop": "1.2",
        "blade_count": "5",
        "blur_amount": "0.0",
        "blur_radius": "0.0",
        "slope": "0.88",
        "toe": "0.55",
        "white_clip": "0.04",
        "shoulder": "0.26",
        "black_clip": "0.0",
        "temp": "6500.0",
        "chromatic_aberration_intensity": "0.0"
      },
      "transform_carla": {
        "location": {
          "x": 103.5257797241211,
          "y": -35.94772720336914,
          "z": 1.695757508277893
        },
        "rotation": {
          "roll": 0.008644616231322289,
          "pitch": 0.0051636225543916225,
          "yaw": 125.8399429321289
        }
      },
      "matrix_world_from_sensor_carla": [
        [
          -0.5855228900909424,
          -0.8106558918952942,
          -6.954072159714997e-05,
          103.5257797241211
        ],
        [
          0.8106558918952942,
          -0.5855228900909424,
          -0.00016140005027409643,
          -35.94772720336914
        ],
        [
          9.012221562443301e-05,
          -0.00015087700739968568,
          1.0,
          1.695757508277893
        ],
        [
          0.0,
          0.0,
          0.0,
          1.0
        ]
      ],
      "matrix_world_from_sensor_bevfusion": [
        [
          -0.8106558918952942,
          6.954072159714997e-05,
          -0.5855228900909424,
          103.5257797241211
        ],
        [
          0.5855228900909424,
          -0.00016140005027409643,
          -0.8106558918952942,
          35.94772720336914
        ],
        [
          -0.00015087700739968568,
          -1.0,
          9.012221562443301e-05,
          1.695757508277893
        ],
        [
          0.0,
          0.0,
          0.0,
          1.0
        ]
      ],
      "matrix_ego_from_sensor_carla": [
        [
          -0.573576807975769,
          0.8191518187522888,
          4.5547494664788246e-08,
          -1.3000000715255737
        ],
        [
          -0.8191518187522888,
          -0.5735768675804138,
          6.738082447554916e-08,
          -0.5500030517578125
        ],
        [
          8.132528250825999e-08,
          1.3623210337598834e-09,
          1.0,
          1.6999996900558472
        ],
        [
          0.0,
          0.0,
          0.0,
          1.0
        ]
      ],
      "matrix_ego_from_sensor_bevfusion": [
        [
          0.8191518187522888,
          -4.5547494664788246e-08,
          -0.573576807975769,
          -1.3000000715255737
        ],
        [
          0.5735768675804138,
          6.738082447554916e-08,
          0.8191518187522888,
          0.5500030517578125
        ],
        [
          1.3623210337598834e-09,
          -1.0,
          8.132528250825999e-08,
          1.6999996900558472
        ],
        [
          0.0,
          0.0,
          0.0,
          1.0
        ]
      ],
      "camera_intrinsics": [
        [
          685.5110473632812,
          0.0,
          480.0
        ],
        [
          0.0,
          685.5110473632812,
          270.0
        ],
        [
          0.0,
          0.0,
          1.0
        ]
      ],
      "data_path": "D:\\Agent-AI\\outputs\\s3a_ml_long_v1\\sample_000052\\images\\CAM_BACK_LEFT.png",
      "raw_layout": "bgra8"
    },
    "CAM_BACK_RIGHT": {
      "type_id": "sensor.camera.rgb",
      "blueprint_attributes": {
        "role_name": "front",
        "ros_name": "sensor.camera.rgb",
        "chromatic_aberration_offset": "0.0",
        "sensor_tick": "0.100000",
        "fstop": "1.4",
        "image_size_x": "960",
        "image_size_y": "540",
        "fov": "70.00",
        "lens_circle_falloff": "5.0",
        "lens_circle_multiplier": "0.0",
        "exposure_compensation": "0.0",
        "lens_y_size": "0.08",
        "lens_k": "-1.0",
        "exposure_mode": "histogram",
        "lens_kcube": "0.0",
        "lens_x_size": "0.08",
        "exposure_max_bright": "12.0",
        "shutter_speed": "200.0",
        "bloom_intensity": "0.675",
        "iso": "100.0",
        "enable_postprocess_effects": "false",
        "gamma": "2.2",
        "motion_blur_intensity": "0.0",
        "motion_blur_max_distortion": "0.35",
        "lens_flare_intensity": "0.1",
        "motion_blur_min_object_screen_size": "0.1",
        "exposure_min_bright": "10.0",
        "exposure_speed_up": "3.0",
        "exposure_speed_down": "1.0",
        "tint": "0.0",
        "calibration_constant": "16.0",
        "focal_distance": "1000.0",
        "min_fstop": "1.2",
        "blade_count": "5",
        "blur_amount": "0.0",
        "blur_radius": "0.0",
        "slope": "0.88",
        "toe": "0.55",
        "white_clip": "0.04",
        "shoulder": "0.26",
        "black_clip": "0.0",
        "temp": "6500.0",
        "chromatic_aberration_intensity": "0.0"
      },
      "transform_carla": {
        "location": {
          "x": 104.5648422241211,
          "y": -36.30875778198242,
          "z": 1.6957716941833496
        },
        "rotation": {
          "roll": -0.007804418448358774,
          "pitch": 0.00635890569537878,
          "yaw": 15.839972496032715
        }
      },
      "matrix_world_from_sensor_carla": [
        [
          0.9620277881622314,
          -0.2729514539241791,
          -6.959005986573175e-05,
          104.5648422241211
        ],
        [
          0.2729514539241791,
          0.9620277881622314,
          -0.00016133369354065508,
          -36.30875778198242
        ],
        [
          0.00011098384129581973,
          0.00013621279504150152,
          1.0,
          1.6957716941833496
        ],
        [
          0.0,
          0.0,
          0.0,
          1.0
        ]
      ],
      "matrix_world_from_sensor_bevfusion": [
        [
          -0.2729514539241791,
          6.959005986573175e-05,
          0.9620277881622314,
          104.5648422241211
        ],
        [
          -0.9620277881622314,
          -0.00016133369354065508,
          -0.2729514539241791,
          36.30875778198242
        ],
        [
          0.00013621279504150152,
          -1.0,
          0.00011098384129581973,
          1.6957716941833496
        ],
        [
          0.0,
          0.0,
          0.0,
          1.0
        ]
      ],
      "matrix_ego_from_sensor_carla": [
        [
          -0.5735765099525452,
          -0.8191519379615784,
          -9.313225746154785e-10,
          -1.2999948263168335
        ],
        [
          0.8191519379615784,
          -0.5735765099525452,
          -1.000444171950221e-09,
          0.5499954223632812
        ],
        [
          2.771471940832271e-10,
          -1.3323432357381648e-09,
          1.0,
          1.6999998092651367
        ],
        [
          0.0,
          0.0,
          0.0,
          1.0
        ]
      ],
      "matrix_ego_from_sensor_bevfusion": [
        [
          -0.8191519379615784,
          9.313225746154785e-10,
          -0.5735765099525452,
          -1.2999948263168335
        ],
        [
          0.5735765099525452,
          -1.000444171950221e-09,
          -0.8191519379615784,
          -0.5499954223632812
        ],
        [
          -1.3323432357381648e-09,
          -1.0,
          2.771471940832271e-10,
          1.6999998092651367
        ],
        [
          0.0,
          0.0,
          0.0,
          1.0
        ]
      ],
      "camera_intrinsics": [
        [
          685.5110473632812,
          0.0,
          480.0
        ],
        [
          0.0,
          685.5110473632812,
          270.0
        ],
        [
          0.0,
          0.0,
          1.0
        ]
      ],
      "data_path": "D:\\Agent-AI\\outputs\\s3a_ml_long_v1\\sample_000052\\images\\CAM_BACK_RIGHT.png",
      "raw_layout": "bgra8"
    },
    "LIDAR_TOP": {
      "type_id": "sensor.lidar.ray_cast",
      "blueprint_attributes": {
        "atmosphere_attenuation_rate": "0.004",
        "role_name": "front",
        "noise_seed": "0",
        "upper_fov": "10.0",
        "ros_name": "sensor.lidar.ray_cast",
        "sensor_tick": "0.100000",
        "channels": "32",
        "range": "120.0",
        "points_per_second": "360000",
        "lower_fov": "-30.0",
        "rotation_frequency": "10.000000",
        "horizontal_fov": "360.0",
        "dropoff_general_rate": "0.0",
        "dropoff_intensity_limit": "1.0",
        "noise_stddev": "0.0",
        "dropoff_zero_intensity": "0.0"
      },
      "transform_carla": {
        "location": {
          "x": 103.61859893798828,
          "y": -37.35630798339844,
          "z": 2.1955368518829346
        },
        "rotation": {
          "roll": -0.000732421875,
          "pitch": -0.010040377266705036,
          "yaw": -109.1600341796875
        }
      },
      "matrix_world_from_sensor_carla": [
        [
          -0.3282078504562378,
          0.9446055293083191,
          -6.958942685741931e-05,
          103.61859893798828
        ],
        [
          -0.9446055293083191,
          -0.3282078504562378,
          -0.00016133491590153426,
          -37.35630798339844
        ],
        [
          -0.0001752376410877332,
          1.2783173588104546e-05,
          1.0,
          2.1955368518829346
        ],
        [
          0.0,
          0.0,
          0.0,
          1.0
        ]
      ],
      "matrix_world_from_sensor_bevfusion": [
        [
          -0.3282078504562378,
          -0.9446055293083191,
          -6.958942685741931e-05,
          103.61859893798828
        ],
        [
          0.9446055293083191,
          -0.3282078504562378,
          0.00016133491590153426,
          37.35630798339844
        ],
        [
          -0.0001752376410877332,
          -1.2783173588104546e-05,
          1.0,
          2.1955368518829346
        ],
        [
          0.0,
          0.0,
          0.0,
          1.0
        ]
      ],
      "matrix_ego_from_sensor_carla": [
        [
          1.0,
          4.379642870588896e-09,
          1.4551915228366852e-11,
          1.430511474609375e-06
        ],
        [
          4.3796433146781055e-09,
          1.0,
          -1.8189894035458565e-12,
          -7.62939453125e-06
        ],
        [
          1.0444977348311735e-11,
          -5.309410029685768e-12,
          1.0,
          2.1999998092651367
        ],
        [
          0.0,
          0.0,
          0.0,
          1.0
        ]
      ],
      "matrix_ego_from_sensor_bevfusion": [
        [
          1.0,
          -4.379642870588896e-09,
          1.4551915228366852e-11,
          1.430511474609375e-06
        ],
        [
          -4.3796433146781055e-09,
          1.0,
          1.8189894035458565e-12,
          7.62939453125e-06
        ],
        [
          1.0444977348311735e-11,
          5.309410029685768e-12,
          1.0,
          2.1999998092651367
        ],
        [
          0.0,
          0.0,
          0.0,
          1.0
        ]
      ],
      "data_path": "D:\\Agent-AI\\outputs\\s3a_ml_long_v1\\sample_000052\\lidar\\LIDAR_TOP.npy",
      "raw_layout": [
        "x",
        "y",
        "z",
        "intensity"
      ]
    },
    "RADAR_FRONT": {
      "type_id": "sensor.other.radar",
      "blueprint_attributes": {
        "sensor_tick": "0.100000",
        "role_name": "default",
        "noise_seed": "0",
        "ros_name": "sensor.other.radar",
        "horizontal_fov": "35.0",
        "points_per_second": "1500",
        "vertical_fov": "20.0",
        "range": "120.0"
      },
      "transform_carla": {
        "location": {
          "x": 102.9622802734375,
          "y": -39.24530792236328,
          "z": 0.8951864242553711
        },
        "rotation": {
          "roll": -0.000732421875,
          "pitch": -0.010040377266705036,
          "yaw": -109.1600341796875
        }
      },
      "matrix_world_from_sensor_carla": [
        [
          -0.3282078504562378,
          0.9446055293083191,
          -6.958942685741931e-05,
          102.9622802734375
        ],
        [
          -0.9446055293083191,
          -0.3282078504562378,
          -0.00016133491590153426,
          -39.24530792236328
        ],
        [
          -0.0001752376410877332,
          1.2783173588104546e-05,
          1.0,
          0.8951864242553711
        ],
        [
          0.0,
          0.0,
          0.0,
          1.0
        ]
      ],
      "matrix_world_from_sensor_bevfusion": [
        [
          -0.3282078504562378,
          -0.9446055293083191,
          -6.958942685741931e-05,
          102.9622802734375
        ],
        [
          0.9446055293083191,
          -0.3282078504562378,
          0.00016133491590153426,
          39.24530792236328
        ],
        [
          -0.0001752376410877332,
          -1.2783173588104546e-05,
          1.0,
          0.8951864242553711
        ],
        [
          0.0,
          0.0,
          0.0,
          1.0
        ]
      ],
      "matrix_ego_from_sensor_carla": [
        [
          1.0,
          4.379642870588896e-09,
          1.4551915228366852e-11,
          1.9999973773956299
        ],
        [
          4.3796433146781055e-09,
          1.0,
          -1.8189894035458565e-12,
          -1.52587890625e-05
        ],
        [
          1.0444977348311735e-11,
          -5.309410029685768e-12,
          1.0,
          0.8999998569488525
        ],
        [
          0.0,
          0.0,
          0.0,
          1.0
        ]
      ],
      "matrix_ego_from_sensor_bevfusion": [
        [
          1.0,
          -4.379642870588896e-09,
          1.4551915228366852e-11,
          1.9999973773956299
        ],
        [
          -4.3796433146781055e-09,
          1.0,
          1.8189894035458565e-12,
          1.52587890625e-05
        ],
        [
          1.0444977348311735e-11,
          5.309410029685768e-12,
          1.0,
          0.8999998569488525
        ],
        [
          0.0,
          0.0,
          0.0,
          1.0
        ]
      ],
      "data_path": "D:\\Agent-AI\\outputs\\s3a_ml_long_v1\\sample_000052\\radar\\RADAR_FRONT.npy",
      "raw_layout": [
        "velocity",
        "altitude",
        "azimuth",
        "depth"
      ]
    },
    "RADAR_FRONT_LEFT": {
      "type_id": "sensor.other.radar",
      "blueprint_attributes": {
        "sensor_tick": "0.100000",
        "role_name": "default",
        "noise_seed": "0",
        "ros_name": "sensor.other.radar",
        "horizontal_fov": "35.0",
        "points_per_second": "1500",
        "vertical_fov": "20.0",
        "range": "120.0"
      },
      "transform_carla": {
        "location": {
          "x": 102.36869812011719,
          "y": -38.668540954589844,
          "z": 0.8952383399009705
        },
        "rotation": {
          "roll": 0.006581650581210852,
          "pitch": -0.0076156603172421455,
          "yaw": -154.16004943847656
        }
      },
      "matrix_world_from_sensor_carla": [
        [
          -0.9000150561332703,
          0.4358587861061096,
          -6.956076686037704e-05,
          102.36869812011719
        ],
        [
          -0.4358587861061096,
          -0.9000150561332703,
          -0.00016131968004629016,
          -38.668540954589844
        ],
        [
          -0.00013291834329720587,
          -0.0001148714727605693,
          1.0,
          0.8952383399009705
        ],
        [
          0.0,
          0.0,
          0.0,
          1.0
        ]
      ],
      "matrix_world_from_sensor_bevfusion": [
        [
          -0.9000150561332703,
          -0.4358587861061096,
          -6.956076686037704e-05,
          102.36869812011719
        ],
        [
          0.4358587861061096,
          -0.9000150561332703,
          0.00016131968004629016,
          38.668540954589844
        ],
        [
          -0.00013291834329720587,
          0.0001148714727605693,
          1.0,
          0.8952383399009705
        ],
        [
          0.0,
          0.0,
          0.0,
          1.0
        ]
      ],
      "matrix_ego_from_sensor_carla": [
        [
          0.7071066498756409,
          0.7071069478988647,
          -2.3792381398379803e-08,
          1.6500005722045898
        ],
        [
          -0.7071069478988647,
          0.7071066498756409,
          2.207070792792365e-08,
          -0.7500076293945312
        ],
        [
          3.242958968030507e-08,
          1.2146558203696145e-09,
          1.0,
          0.9000000357627869
        ],
        [
          0.0,
          0.0,
          0.0,
          1.0
        ]
      ],
      "matrix_ego_from_sensor_bevfusion": [
        [
          0.7071066498756409,
          -0.7071069478988647,
          -2.3792381398379803e-08,
          1.6500005722045898
        ],
        [
          0.7071069478988647,
          0.7071066498756409,
          -2.207070792792365e-08,
          0.7500076293945312
        ],
        [
          3.242958968030507e-08,
          -1.2146558203696145e-09,
          1.0,
          0.9000000357627869
        ],
        [
          0.0,
          0.0,
          0.0,
          1.0
        ]
      ],
      "data_path": "D:\\Agent-AI\\outputs\\s3a_ml_long_v1\\sample_000052\\radar\\RADAR_FRONT_LEFT.npy",
      "raw_layout": [
        "velocity",
        "altitude",
        "azimuth",
        "depth"
      ]
    },
    "RADAR_FRONT_RIGHT": {
      "type_id": "sensor.other.radar",
      "blueprint_attributes": {
        "sensor_tick": "0.100000",
        "role_name": "default",
        "noise_seed": "0",
        "ros_name": "sensor.other.radar",
        "horizontal_fov": "35.0",
        "points_per_second": "1500",
        "vertical_fov": "20.0",
        "range": "120.0"
      },
      "transform_carla": {
        "location": {
