{
  "schema_version": "stage1.v1",
  "sample_name": "sample_000021",
  "sequence_index": 21,
  "previous_sample_name": "sample_000020",
  "frame_id": 726294,
  "timestamp": 4999.294624749571,
  "platform_timestamp": 16813375.1301112,
  "delta_seconds": 0.10000000149011612,
  "town": "Carla/Maps/Town10HD_Opt",
  "weather": {
    "cloudiness": 20.0,
    "dust_storm": 0.0,
    "fog_density": 2.0,
    "fog_distance": 0.75,
    "fog_falloff": 0.10000000149011612,
    "mie_scattering_scale": 0.029999999329447746,
    "precipitation": 0.0,
    "precipitation_deposits": 0.0,
    "rayleigh_scattering_scale": 0.03310000151395798,
    "scattering_intensity": 1.0,
    "sun_altitude_angle": 45.0,
    "sun_azimuth_angle": 300.0,
    "wetness": 0.0,
    "wind_intensity": 10.0
  },
  "sensor_names": [
    "CAM_FRONT",
    "CAM_FRONT_RIGHT",
    "CAM_FRONT_LEFT",
    "CAM_BACK",
    "CAM_BACK_LEFT",
    "CAM_BACK_RIGHT",
    "LIDAR_TOP",
    "RADAR_FRONT",
    "RADAR_FRONT_LEFT",
    "RADAR_FRONT_RIGHT",
    "RADAR_BACK_LEFT",
    "RADAR_BACK_RIGHT"
  ],
  "camera_order_for_model": [
    "CAM_FRONT",
    "CAM_FRONT_RIGHT",
    "CAM_FRONT_LEFT",
    "CAM_BACK",
    "CAM_BACK_LEFT",
    "CAM_BACK_RIGHT"
  ],
  "radar_order_for_model": [
    "RADAR_FRONT",
    "RADAR_FRONT_LEFT",
    "RADAR_FRONT_RIGHT",
    "RADAR_BACK_LEFT",
    "RADAR_BACK_RIGHT"
  ],
  "coordinate_notes": {
    "carla_world": "left-handed x-forward y-right z-up",
    "bevfusion_lidar": "x-forward y-left z-up",
    "camera_frame_for_model": "OpenCV style x-right y-down z-forward"
  },
  "ego": {
    "actor_id": 49,
    "transform_carla": {
      "location": {
        "x": 105.11162567138672,
        "y": -32.64483642578125,
        "z": -0.00040790557977743447
      },
      "rotation": {
        "roll": 0.08508066833019257,
        "pitch": -1.1484006643295288,
        "yaw": -102.62320709228516
      }
    },
    "velocity_carla": [
      -0.25229376554489136,
      -0.9939352869987488,
      0.001142806955613196
    ],
    "angular_velocity_carla": [
      -4.287084579467773,
      0.5601460933685303,
      -1.5981985330581665
    ],
    "matrix_world_from_ego_carla": [
      [
        -0.21849453449249268,
        0.9758337736129761,
        -0.002930905669927597,
        105.11162567138672
      ],
      [
        -0.9756323099136353,
        -0.21850915253162384,
        -0.0198820773512125,
        -32.64483642578125
      ],
      [
        -0.02004203200340271,
        -0.0014846388949081302,
        0.999798059463501,
        -0.00040790557977743447
      ],
      [
        0.0,
        0.0,
        0.0,
        1.0
      ]
    ],
    "matrix_world_from_ego_bevfusion": [
      [
        -0.21849453449249268,
        -0.9758337736129761,
        -0.002930905669927597,
        105.11162567138672
      ],
      [
        0.9756323099136353,
        -0.21850915253162384,
        0.0198820773512125,
        32.64483642578125
      ],
      [
        -0.02004203200340271,
        0.0014846388949081302,
        0.999798059463501,
        -0.00040790557977743447
      ],
      [
        0.0,
        0.0,
        0.0,
        1.0
      ]
    ]
  },
  "sensors": {
    "CAM_FRONT": {
      "type_id": "sensor.camera.rgb",
      "blueprint_attributes": {
        "role_name": "front",
        "ros_name": "sensor.camera.rgb",
        "chromatic_aberration_offset": "0.0",
        "sensor_tick": "0.100000",
        "fstop": "1.4",
        "image_size_x": "960",
        "image_size_y": "540",
        "fov": "70.00",
        "lens_circle_falloff": "5.0",
        "lens_circle_multiplier": "0.0",
        "exposure_compensation": "0.0",
        "lens_y_size": "0.08",
        "lens_k": "-1.0",
        "exposure_mode": "histogram",
        "lens_kcube": "0.0",
        "lens_x_size": "0.08",
        "exposure_max_bright": "12.0",
        "shutter_speed": "200.0",
        "bloom_intensity": "0.675",
        "iso": "100.0",
        "enable_postprocess_effects": "false",
        "gamma": "2.2",
        "motion_blur_intensity": "0.0",
        "motion_blur_max_distortion": "0.35",
        "lens_flare_intensity": "0.1",
        "motion_blur_min_object_screen_size": "0.1",
        "exposure_min_bright": "10.0",
        "exposure_speed_up": "3.0",
        "exposure_speed_down": "1.0",
        "tint": "0.0",
        "calibration_constant": "16.0",
        "focal_distance": "1000.0",
        "min_fstop": "1.2",
        "blade_count": "5",
        "blur_amount": "0.0",
        "blur_radius": "0.0",
        "slope": "0.88",
        "toe": "0.55",
        "white_clip": "0.04",
        "shoulder": "0.26",
        "black_clip": "0.0",
        "temp": "6500.0",
        "chromatic_aberration_intensity": "0.0"
      },
      "transform_carla": {
        "location": {
          "x": 104.76797485351562,
          "y": -34.19086837768555,
          "z": 1.668183445930481
        },
        "rotation": {
          "roll": 0.08508066833019257,
          "pitch": -1.1484006643295288,
          "yaw": -102.62320709228516
        }
      },
      "matrix_world_from_sensor_carla": [
        [
          -0.21849453449249268,
          0.9758337736129761,
          -0.002930905669927597,
          104.76797485351562
        ],
        [
          -0.9756323099136353,
          -0.21850915253162384,
          -0.0198820773512125,
          -34.19086837768555
        ],
        [
          -0.02004203200340271,
          -0.0014846388949081302,
          0.999798059463501,
          1.668183445930481
        ],
        [
          0.0,
          0.0,
          0.0,
          1.0
        ]
      ],
      "matrix_world_from_sensor_bevfusion": [
        [
          0.9758337736129761,
          0.002930905669927597,
          -0.21849453449249268,
          104.76797485351562
        ],
        [
          0.21850915253162384,
          -0.0198820773512125,
          0.9756323099136353,
          34.19086837768555
        ],
        [
          -0.0014846388949081302,
          -0.999798059463501,
          -0.02004203200340271,
          1.668183445930481
        ],
        [
          0.0,
          0.0,
          0.0,
          1.0
        ]
      ],
      "matrix_ego_from_sensor_carla": [
        [
          1.0,
          -1.0202105826806473e-08,
          -2.2921398112885072e-10,
          1.550002098083496
        ],
        [
          -8.322575517638597e-09,
          1.0,
          -7.707057214645374e-11,
          0.0
        ],
        [
          9.653842170109783e-10,
          1.2781262159755613e-10,
          1.0,
          1.6999998092651367
        ],
        [
          0.0,
          0.0,
          0.0,
          1.0
        ]
      ],
      "matrix_ego_from_sensor_bevfusion": [
        [
          -1.0202105826806473e-08,
          2.2921398112885072e-10,
          1.0,
          1.550002098083496
        ],
        [
          -1.0,
          -7.707057214645374e-11,
          8.322575517638597e-09,
          0.0
        ],
        [
          1.2781262159755613e-10,
          -1.0,
          9.653842170109783e-10,
          1.6999998092651367
        ],
        [
          0.0,
          0.0,
          0.0,
          1.0
        ]
      ],
      "camera_intrinsics": [
        [
          685.5110473632812,
          0.0,
          480.0
        ],
        [
          0.0,
          685.5110473632812,
          270.0
        ],
        [
          0.0,
          0.0,
          1.0
        ]
      ],
      "data_path": "D:\\Agent-AI\\outputs\\s3a_ml_long_v1\\sample_000021\\images\\CAM_FRONT.png",
      "raw_layout": "bgra8"
    },
    "CAM_FRONT_RIGHT": {
      "type_id": "sensor.camera.rgb",
      "blueprint_attributes": {
        "role_name": "front",
        "ros_name": "sensor.camera.rgb",
        "chromatic_aberration_offset": "0.0",
        "sensor_tick": "0.100000",
        "fstop": "1.4",
        "image_size_x": "960",
        "image_size_y": "540",
        "fov": "70.00",
        "lens_circle_falloff": "5.0",
        "lens_circle_multiplier": "0.0",
        "exposure_compensation": "0.0",
        "lens_y_size": "0.08",
        "lens_k": "-1.0",
        "exposure_mode": "histogram",
        "lens_kcube": "0.0",
        "lens_x_size": "0.08",
        "exposure_max_bright": "12.0",
        "shutter_speed": "200.0",
        "bloom_intensity": "0.675",
        "iso": "100.0",
        "enable_postprocess_effects": "false",
        "gamma": "2.2",
        "motion_blur_intensity": "0.0",
        "motion_blur_max_distortion": "0.35",
        "lens_flare_intensity": "0.1",
        "motion_blur_min_object_screen_size": "0.1",
        "exposure_min_bright": "10.0",
        "exposure_speed_up": "3.0",
        "exposure_speed_down": "1.0",
        "tint": "0.0",
        "calibration_constant": "16.0",
        "focal_distance": "1000.0",
        "min_fstop": "1.2",
        "blade_count": "5",
        "blur_amount": "0.0",
        "blur_radius": "0.0",
        "slope": "0.88",
        "toe": "0.55",
        "white_clip": "0.04",
        "shoulder": "0.26",
        "black_clip": "0.0",
        "temp": "6500.0",
        "chromatic_aberration_intensity": "0.0"
      },
      "transform_carla": {
        "location": {
          "x": 105.35931396484375,
          "y": -34.067138671875,
          "z": 1.6723774671554565
        },
        "rotation": {
          "roll": -0.891974151134491,
          "pitch": -0.7283576726913452,
          "yaw": -47.61665725708008
        }
      },
      "matrix_world_from_sensor_carla": [
        [
          0.6740332245826721,
          0.7386952042579651,
          -0.0029308805242180824,
          105.35931396484375
        ],
        [
          -0.7385916113853455,
          0.6738598942756653,
          -0.019882217049598694,
          -34.067138671875
        ],
        [
          -0.012711896561086178,
          0.01556599885225296,
          0.9997979998588562,
          1.6723774671554565
        ],
        [
          0.0,
          0.0,
          0.0,
          1.0
        ]
      ],
      "matrix_world_from_sensor_bevfusion": [
        [
          0.7386952042579651,
          0.0029308805242180824,
          0.6740332245826721,
          105.35931396484375
        ],
        [
          -0.6738598942756653,
          -0.019882217049598694,
          0.7385916113853455,
          34.067138671875
        ],
        [
          0.01556599885225296,
          -0.9997979998588562,
          -0.012711896561086178,
          1.6723774671554565
        ],
        [
          0.0,
          0.0,
          0.0,
          1.0
        ]
      ],
      "matrix_ego_from_sensor_carla": [
        [
          0.573576033115387,
          -0.8191523551940918,
          1.3321319158876577e-07,
          1.3000001907348633
        ],
        [
          0.8191523551940918,
          0.573576033115387,
          5.4959453876790576e-08,
          0.550018310546875
        ],
        [
          -1.2092337442481949e-07,
          7.43168513395176e-08,
          0.9999999403953552,
          1.6999998092651367
        ],
        [
          0.0,
          0.0,
          0.0,
          1.0
        ]
      ],
      "matrix_ego_from_sensor_bevfusion": [
        [
          -0.8191523551940918,
          -1.3321319158876577e-07,
          0.573576033115387,
          1.3000001907348633
        ],
        [
          -0.573576033115387,
          5.4959453876790576e-08,
          -0.8191523551940918,
          -0.550018310546875
        ],
        [
          7.43168513395176e-08,
          -0.9999999403953552,
          -1.2092337442481949e-07,
          1.6999998092651367
        ],
        [
          0.0,
          0.0,
          0.0,
          1.0
        ]
      ],
      "camera_intrinsics": [
        [
          685.5110473632812,
          0.0,
          480.0
        ],
        [
          0.0,
          685.5110473632812,
          270.0
        ],
        [
          0.0,
          0.0,
          1.0
        ]
      ],
      "data_path": "D:\\Agent-AI\\outputs\\s3a_ml_long_v1\\sample_000021\\images\\CAM_FRONT_RIGHT.png",
      "raw_layout": "bgra8"
    },
    "CAM_FRONT_LEFT": {
      "type_id": "sensor.camera.rgb",
      "blueprint_attributes": {
        "role_name": "front",
        "ros_name": "sensor.camera.rgb",
        "chromatic_aberration_offset": "0.0",
        "sensor_tick": "0.100000",
        "fstop": "1.4",
        "image_size_x": "960",
        "image_size_y": "540",
        "fov": "70.00",
        "lens_circle_falloff": "5.0",
        "lens_circle_multiplier": "0.0",
        "exposure_compensation": "0.0",
        "lens_y_size": "0.08",
        "lens_k": "-1.0",
        "exposure_mode": "histogram",
        "lens_kcube": "0.0",
        "lens_x_size": "0.08",
        "exposure_max_bright": "12.0",
        "shutter_speed": "200.0",
        "bloom_intensity": "0.675",
        "iso": "100.0",
        "enable_postprocess_effects": "false",
        "gamma": "2.2",
        "motion_blur_intensity": "0.0",
        "motion_blur_max_distortion": "0.35",
        "lens_flare_intensity": "0.1",
        "motion_blur_min_object_screen_size": "0.1",
        "exposure_min_bright": "10.0",
        "exposure_speed_up": "3.0",
        "exposure_speed_down": "1.0",
        "tint": "0.0",
        "calibration_constant": "16.0",
        "focal_distance": "1000.0",
        "min_fstop": "1.2",
        "blade_count": "5",
        "blur_amount": "0.0",
        "blur_radius": "0.0",
        "slope": "0.88",
        "toe": "0.55",
        "white_clip": "0.04",
        "shoulder": "0.26",
        "black_clip": "0.0",
        "temp": "6500.0",
        "chromatic_aberration_intensity": "0.0"
      },
      "transform_carla": {
        "location": {
          "x": 104.28589630126953,
          "y": -33.826778411865234,
          "z": 1.6740103960037231
        },
        "rotation": {
          "roll": 0.9895485639572144,
          "pitch": -0.5889876484870911,
          "yaw": -157.62744140625
        }
      },
      "matrix_world_from_sensor_carla": [
        [
          -0.9246795773506165,
          0.38073503971099854,
          -0.002930966205894947,
          104.28589630126953
        ],
        [
          -0.38060757517814636,
          -0.924522876739502,
          -0.019882192835211754,
          -33.826778411865234
        ],
        [
          -0.01027959305793047,
          -0.017269108444452286,
          0.999798059463501,
          1.6740103960037231
        ],
        [
          0.0,
          0.0,
          0.0,
          1.0
        ]
      ],
      "matrix_world_from_sensor_bevfusion": [
        [
          0.38073503971099854,
          0.002930966205894947,
          -0.9246795773506165,
          104.28589630126953
        ],
        [
          0.924522876739502,
          -0.019882192835211754,
          0.38060757517814636,
          33.826778411865234
        ],
        [
          -0.017269108444452286,
          -0.999798059463501,
          -0.01027959305793047,
          1.6740103960037231
        ],
        [
          0.0,
          0.0,
          0.0,
          1.0
        ]
      ],
      "matrix_ego_from_sensor_carla": [
        [
          0.5735765695571899,
          0.8191520571708679,
          1.2643064906114887e-07,
          1.2999992370605469
        ],
        [
          -0.8191520571708679,
          0.5735764503479004,
          -3.395392766947225e-08,
          -0.54998779296875
        ],
        [
          -9.909028619858873e-08,
          -8.232840542632403e-08,
          1.0,
          1.6999995708465576
        ],
        [
          0.0,
          0.0,
          0.0,
          1.0
        ]
      ],
      "matrix_ego_from_sensor_bevfusion": [
        [
          0.8191520571708679,
          -1.2643064906114887e-07,
          0.5735765695571899,
          1.2999992370605469
        ],
        [
          -0.5735764503479004,
          -3.395392766947225e-08,
          0.8191520571708679,
          0.54998779296875
        ],
        [
          -8.232840542632403e-08,
          -1.0,
          -9.909028619858873e-08,
          1.6999995708465576
        ],
        [
          0.0,
          0.0,
          0.0,
          1.0
        ]
      ],
      "camera_intrinsics": [
        [
          685.5110473632812,
          0.0,
          480.0
        ],
        [
          0.0,
          685.5110473632812,
          270.0
        ],
        [
          0.0,
          0.0,
          1.0
        ]
      ],
      "data_path": "D:\\Agent-AI\\outputs\\s3a_ml_long_v1\\sample_000021\\images\\CAM_FRONT_LEFT.png",
      "raw_layout": "bgra8"
    },
    "CAM_BACK": {
      "type_id": "sensor.camera.rgb",
      "blueprint_attributes": {
        "role_name": "front",
        "ros_name": "sensor.camera.rgb",
        "chromatic_aberration_offset": "0.0",
        "sensor_tick": "0.100000",
        "fstop": "1.4",
        "image_size_x": "960",
        "image_size_y": "540",
        "fov": "70.00",
        "lens_circle_falloff": "5.0",
        "lens_circle_multiplier": "0.0",
        "exposure_compensation": "0.0",
        "lens_y_size": "0.08",
        "lens_k": "-1.0",
        "exposure_mode": "histogram",
        "lens_kcube": "0.0",
        "lens_x_size": "0.08",
        "exposure_max_bright": "12.0",
        "shutter_speed": "200.0",
        "bloom_intensity": "0.675",
        "iso": "100.0",
        "enable_postprocess_effects": "false",
        "gamma": "2.2",
        "motion_blur_intensity": "0.0",
        "motion_blur_max_distortion": "0.35",
        "lens_flare_intensity": "0.1",
        "motion_blur_min_object_screen_size": "0.1",
        "exposure_min_bright": "10.0",
        "exposure_speed_up": "3.0",
        "exposure_speed_down": "1.0",
        "tint": "0.0",
        "calibration_constant": "16.0",
        "focal_distance": "1000.0",
        "min_fstop": "1.2",
        "blade_count": "5",
        "blur_amount": "0.0",
        "blur_radius": "0.0",
        "slope": "0.88",
        "toe": "0.55",
        "white_clip": "0.04",
        "shoulder": "0.26",
        "black_clip": "0.0",
        "temp": "6500.0",
        "chromatic_aberration_intensity": "0.0"
      },
      "transform_carla": {
        "location": {
          "x": 105.4453125,
          "y": -31.16640853881836,
          "z": 1.7303141355514526
        },
        "rotation": {
          "roll": -0.08508029580116272,
          "pitch": 1.1484006643295288,
          "yaw": 77.37677764892578
        }
      },
      "matrix_world_from_sensor_carla": [
        [
          0.21849492192268372,
          -0.9758336544036865,
          -0.0029309201054275036,
          105.4453125
        ],
        [
          0.9756321907043457,
          0.21850953996181488,
          -0.019882075488567352,
          -31.16640853881836
        ],
        [
          0.02004203200340271,
          0.0014846324920654297,
          0.999798059463501,
          1.7303141355514526
        ],
        [
          0.0,
          0.0,
          0.0,
          1.0
        ]
      ],
      "matrix_world_from_sensor_bevfusion": [
        [
          -0.9758336544036865,
          0.0029309201054275036,
          0.21849492192268372,
          105.4453125
        ],
        [
          -0.21850953996181488,
          -0.019882075488567352,
          -0.9756321907043457,
          31.16640853881836
        ],
        [
          0.0014846324920654297,
          -0.999798059463501,
          0.02004203200340271,
          1.7303141355514526
        ],
        [
          0.0,
          0.0,
          0.0,
          1.0
        ]
      ],
      "matrix_ego_from_sensor_carla": [
        [
          -1.0,
          -3.9746151969666244e-07,
          1.6334311681021063e-09,
          -1.5499982833862305
        ],
        [
          4.068995451689261e-07,
          -1.0,
          -1.462898602255791e-08,
          0.0
        ],
        [
          8.972609322199787e-10,
          -1.4445603824242426e-08,
          1.0,
          1.700000286102295
        ],
        [
          0.0,
          0.0,
          0.0,
          1.0
        ]
      ],
      "matrix_ego_from_sensor_bevfusion": [
        [
          -3.9746151969666244e-07,
          -1.6334311681021063e-09,
          -1.0,
          -1.5499982833862305
        ],
        [
          1.0,
          -1.462898602255791e-08,
          -4.068995451689261e-07,
          0.0
        ],
        [
          -1.4445603824242426e-08,
          -1.0,
          8.972609322199787e-10,
          1.700000286102295
        ],
        [
          0.0,
          0.0,
          0.0,
          1.0
        ]
      ],
      "camera_intrinsics": [
        [
          685.5110473632812,
          0.0,
          480.0
        ],
        [
          0.0,
          685.5110473632812,
          270.0
        ],
        [
          0.0,
          0.0,
          1.0
        ]
      ],
      "data_path": "D:\\Agent-AI\\outputs\\s3a_ml_long_v1\\sample_000021\\images\\CAM_BACK.png",
      "raw_layout": "bgra8"
    },
    "CAM_BACK_LEFT": {
      "type_id": "sensor.camera.rgb",
      "blueprint_attributes": {
        "role_name": "front",
        "ros_name": "sensor.camera.rgb",
        "chromatic_aberration_offset": "0.0",
        "sensor_tick": "0.100000",
        "fstop": "1.4",
        "image_size_x": "960",
        "image_size_y": "540",
        "fov": "70.00",
        "lens_circle_falloff": "5.0",
        "lens_circle_multiplier": "0.0",
        "exposure_compensation": "0.0",
        "lens_y_size": "0.08",
        "lens_k": "-1.0",
        "exposure_mode": "histogram",
        "lens_kcube": "0.0",
        "lens_x_size": "0.08",
        "exposure_max_bright": "12.0",
        "shutter_speed": "200.0",
        "bloom_intensity": "0.675",
        "iso": "100.0",
        "enable_postprocess_effects": "false",
        "gamma": "2.2",
        "motion_blur_intensity": "0.0",
        "motion_blur_max_distortion": "0.35",
        "lens_flare_intensity": "0.1",
        "motion_blur_min_object_screen_size": "0.1",
        "exposure_min_bright": "10.0",
        "exposure_speed_up": "3.0",
        "exposure_speed_down": "1.0",
        "tint": "0.0",
        "calibration_constant": "16.0",
        "focal_distance": "1000.0",
        "min_fstop": "1.2",
        "blade_count": "5",
        "blur_amount": "0.0",
        "blur_radius": "0.0",
        "slope": "0.88",
        "toe": "0.55",
        "white_clip": "0.04",
        "shoulder": "0.26",
        "black_clip": "0.0",
        "temp": "6500.0",
        "chromatic_aberration_intensity": "0.0"
      },
      "transform_carla": {
        "location": {
          "x": 104.8539810180664,
          "y": -31.290136337280273,
          "z": 1.726120114326477
        },
        "rotation": {
          "roll": 0.8919742107391357,
          "pitch": 0.7283576726913452,
          "yaw": 132.38331604003906
        }
      },
      "matrix_world_from_sensor_carla": [
        [
          -0.6740328073501587,
          -0.7386955618858337,
          -0.0029308926314115524,
          104.8539810180664
        ],
        [
          0.7385919690132141,
          -0.6738594770431519,
          -0.019882217049598694,
          -31.290136337280273
        ],
        [
          0.012711896561086178,
          -0.015565999783575535,
          0.9997979998588562,
          1.726120114326477
        ],
        [
          0.0,
          0.0,
          0.0,
          1.0
        ]
      ],
      "matrix_world_from_sensor_bevfusion": [
        [
          -0.7386955618858337,
          0.0029308926314115524,
          -0.6740328073501587,
          104.8539810180664
        ],
        [
          0.6738594770431519,
          -0.019882217049598694,
          -0.7385919690132141,
          31.290136337280273
        ],
        [
          -0.015565999783575535,
          -0.9997979998588562,
          0.012711896561086178,
          1.726120114326477
        ],
        [
          0.0,
          0.0,
          0.0,
          1.0
        ]
      ],
      "matrix_ego_from_sensor_carla": [
        [
          -0.5735765099525452,
          0.8191520571708679,
          1.3507583673799672e-07,
          -1.2999978065490723
        ],
        [
          -0.8191519975662231,
          -0.5735765099525452,
          4.3317921694097095e-08,
          -0.5499954223632812
        ],
        [
          1.1254147125328018e-07,
          -8.176724719533013e-08,
          0.9999999403953552,
          1.7000000476837158
        ],
        [
          0.0,
          0.0,
          0.0,
          1.0
        ]
      ],
      "matrix_ego_from_sensor_bevfusion": [
        [
          0.8191520571708679,
          -1.3507583673799672e-07,
          -0.5735765099525452,
          -1.2999978065490723
        ],
        [
          0.5735765099525452,
          4.3317921694097095e-08,
          0.8191519975662231,
          0.5499954223632812
        ],
        [
          -8.176724719533013e-08,
          -0.9999999403953552,
          1.1254147125328018e-07,
          1.7000000476837158
        ],
        [
          0.0,
          0.0,
          0.0,
          1.0
        ]
      ],
      "camera_intrinsics": [
        [
          685.5110473632812,
          0.0,
          480.0
        ],
        [
          0.0,
          685.5110473632812,
          270.0
        ],
        [
          0.0,
          0.0,
          1.0
        ]
      ],
      "data_path": "D:\\Agent-AI\\outputs\\s3a_ml_long_v1\\sample_000021\\images\\CAM_BACK_LEFT.png",
      "raw_layout": "bgra8"
    },
    "CAM_BACK_RIGHT": {
      "type_id": "sensor.camera.rgb",
      "blueprint_attributes": {
        "role_name": "front",
        "ros_name": "sensor.camera.rgb",
        "chromatic_aberration_offset": "0.0",
        "sensor_tick": "0.100000",
        "fstop": "1.4",
        "image_size_x": "960",
        "image_size_y": "540",
        "fov": "70.00",
        "lens_circle_falloff": "5.0",
        "lens_circle_multiplier": "0.0",
        "exposure_compensation": "0.0",
        "lens_y_size": "0.08",
        "lens_k": "-1.0",
        "exposure_mode": "histogram",
        "lens_kcube": "0.0",
        "lens_x_size": "0.08",
        "exposure_max_bright": "12.0",
        "shutter_speed": "200.0",
        "bloom_intensity": "0.675",
        "iso": "100.0",
        "enable_postprocess_effects": "false",
        "gamma": "2.2",
        "motion_blur_intensity": "0.0",
        "motion_blur_max_distortion": "0.35",
        "lens_flare_intensity": "0.1",
        "motion_blur_min_object_screen_size": "0.1",
        "exposure_min_bright": "10.0",
        "exposure_speed_up": "3.0",
        "exposure_speed_down": "1.0",
        "tint": "0.0",
        "calibration_constant": "16.0",
        "focal_distance": "1000.0",
        "min_fstop": "1.2",
        "blade_count": "5",
        "blur_amount": "0.0",
        "blur_radius": "0.0",
        "slope": "0.88",
        "toe": "0.55",
        "white_clip": "0.04",
        "shoulder": "0.26",
        "black_clip": "0.0",
        "temp": "6500.0",
        "chromatic_aberration_intensity": "0.0"
      },
      "transform_carla": {
        "location": {
          "x": 105.92739868164062,
          "y": -31.530494689941406,
          "z": 1.7244869470596313
        },
        "rotation": {
          "roll": -0.9895485639572144,
          "pitch": 0.5889876484870911,
          "yaw": 22.372533798217773
        }
      },
      "matrix_world_from_sensor_carla": [
        [
          0.9246798157691956,
          -0.38073450326919556,
          -0.002930978313088417,
          105.92739868164062
        ],
        [
          0.3806070387363434,
          0.924523115158081,
          -0.019882190972566605,
          -31.530494689941406
        ],
        [
          0.01027959305793047,
          0.017269108444452286,
          0.999798059463501,
          1.7244869470596313
        ],
        [
          0.0,
          0.0,
          0.0,
          1.0
        ]
      ],
      "matrix_world_from_sensor_bevfusion": [
        [
          -0.38073450326919556,
          0.002930978313088417,
          0.9246798157691956,
          105.92739868164062
        ],
        [
          -0.924523115158081,
          -0.019882190972566605,
          -0.3806070387363434,
          31.530494689941406
        ],
        [
          0.017269108444452286,
          -0.999798059463501,
          0.01027959305793047,
          1.7244869470596313
        ],
        [
          0.0,
          0.0,
          0.0,
          1.0
        ]
      ],
      "matrix_ego_from_sensor_carla": [
        [
          -0.5735760927200317,
          -0.8191524147987366,
          1.2643064906114887e-07,
          -1.3000006675720215
        ],
        [
          0.8191524147987366,
          -0.5735759735107422,
          -4.629395178312734e-08,
          0.5500030517578125
        ],
        [
          1.0840351194474351e-07,
          7.674046997863115e-08,
          1.0,
          1.7000000476837158
        ],
        [
          0.0,
          0.0,
          0.0,
          1.0
        ]
      ],
      "matrix_ego_from_sensor_bevfusion": [
        [
          -0.8191524147987366,
          -1.2643064906114887e-07,
          -0.5735760927200317,
          -1.3000006675720215
        ],
        [
          0.5735759735107422,
          -4.629395178312734e-08,
          -0.8191524147987366,
          -0.5500030517578125
        ],
        [
          7.674046997863115e-08,
          -1.0,
          1.0840351194474351e-07,
          1.7000000476837158
        ],
        [
          0.0,
          0.0,
          0.0,
          1.0
        ]
      ],
      "camera_intrinsics": [
        [
          685.5110473632812,
          0.0,
          480.0
        ],
        [
          0.0,
          685.5110473632812,
          270.0
        ],
        [
          0.0,
          0.0,
          1.0
        ]
      ],
      "data_path": "D:\\Agent-AI\\outputs\\s3a_ml_long_v1\\sample_000021\\images\\CAM_BACK_RIGHT.png",
      "raw_layout": "bgra8"
    },
    "LIDAR_TOP": {
      "type_id": "sensor.lidar.ray_cast",
      "blueprint_attributes": {
        "atmosphere_attenuation_rate": "0.004",
        "role_name": "front",
        "noise_seed": "0",
        "upper_fov": "10.0",
        "ros_name": "sensor.lidar.ray_cast",
        "sensor_tick": "0.100000",
        "channels": "32",
        "range": "120.0",
        "points_per_second": "360000",
        "lower_fov": "-30.0",
        "rotation_frequency": "10.000000",
        "horizontal_fov": "360.0",
        "dropoff_general_rate": "0.0",
        "dropoff_intensity_limit": "1.0",
        "noise_stddev": "0.0",
        "dropoff_zero_intensity": "0.0"
      },
      "transform_carla": {
        "location": {
          "x": 105.10518646240234,
          "y": -32.68857955932617,
          "z": 2.1991477012634277
        },
        "rotation": {
          "roll": 0.08508066833019257,
          "pitch": -1.1484006643295288,
          "yaw": -102.62320709228516
        }
      },
      "matrix_world_from_sensor_carla": [
        [
          -0.21849453449249268,
          0.9758337736129761,
          -0.002930905669927597,
          105.10518646240234
        ],
        [
          -0.9756323099136353,
          -0.21850915253162384,
          -0.0198820773512125,
          -32.68857955932617
        ],
        [
          -0.02004203200340271,
          -0.0014846388949081302,
          0.999798059463501,
          2.1991477012634277
        ],
        [
          0.0,
          0.0,
          0.0,
          1.0
        ]
      ],
      "matrix_world_from_sensor_bevfusion": [
        [
          -0.21849453449249268,
          -0.9758337736129761,
          -0.002930905669927597,
          105.10518646240234
        ],
        [
          0.9756323099136353,
          -0.21850915253162384,
          0.0198820773512125,
          32.68857955932617
        ],
        [
          -0.02004203200340271,
          0.0014846388949081302,
          0.999798059463501,
          2.1991477012634277
        ],
        [
          0.0,
          0.0,
          0.0,
          1.0
        ]
      ],
      "matrix_ego_from_sensor_carla": [
        [
          1.0,
          -1.0202105826806473e-08,
          -2.2921398112885072e-10,
          9.5367431640625e-07
        ],
        [
          -8.322575517638597e-09,
          1.0,
          -7.707057214645374e-11,
          1.52587890625e-05
        ],
        [
          9.653842170109783e-10,
          1.2781262159755613e-10,
          1.0,
          2.1999998092651367
        ],
        [
          0.0,
          0.0,
          0.0,
          1.0
        ]
      ],
      "matrix_ego_from_sensor_bevfusion": [
        [
          1.0,
          1.0202105826806473e-08,
          -2.2921398112885072e-10,
          9.5367431640625e-07
        ],
        [
          8.322575517638597e-09,
          1.0,
          7.707057214645374e-11,
          -1.52587890625e-05
        ],
        [
          9.653842170109783e-10,
          -1.2781262159755613e-10,
          1.0,
          2.1999998092651367
        ],
        [
          0.0,
          0.0,
          0.0,
          1.0
        ]
      ],
      "data_path": "D:\\Agent-AI\\outputs\\s3a_ml_long_v1\\sample_000021\\lidar\\LIDAR_TOP.npy",
      "raw_layout": [
        "x",
        "y",
        "z",
        "intensity"
      ]
    },
    "RADAR_FRONT": {
      "type_id": "sensor.other.radar",
      "blueprint_attributes": {
        "sensor_tick": "0.100000",
        "role_name": "default",
        "noise_seed": "0",
        "ros_name": "sensor.other.radar",
        "horizontal_fov": "35.0",
        "points_per_second": "1500",
        "vertical_fov": "20.0",
        "range": "120.0"
      },
      "transform_carla": {
        "location": {
          "x": 104.6719970703125,
          "y": -34.61399459838867,
          "z": 0.8593260049819946
        },
        "rotation": {
          "roll": 0.08508066833019257,
          "pitch": -1.1484006643295288,
          "yaw": -102.62320709228516
        }
      },
      "matrix_world_from_sensor_carla": [
        [
          -0.21849453449249268,
          0.9758337736129761,
          -0.002930905669927597,
          104.6719970703125
        ],
        [
          -0.9756323099136353,
          -0.21850915253162384,
          -0.0198820773512125,
          -34.61399459838867
        ],
        [
          -0.02004203200340271,
          -0.0014846388949081302,
          0.999798059463501,
          0.8593260049819946
        ],
        [
          0.0,
          0.0,
          0.0,
          1.0
        ]
      ],
      "matrix_world_from_sensor_bevfusion": [
        [
          -0.21849453449249268,
          -0.9758337736129761,
          -0.002930905669927597,
          104.6719970703125
        ],
        [
          0.9756323099136353,
          -0.21850915253162384,
          0.0198820773512125,
          34.61399459838867
        ],
        [
          -0.02004203200340271,
          0.0014846388949081302,
          0.999798059463501,
          0.8593260049819946
        ],
        [
          0.0,
          0.0,
          0.0,
          1.0
        ]
      ],
      "matrix_ego_from_sensor_carla": [
        [
          1.0,
          -1.0202105826806473e-08,
          -2.2921398112885072e-10,
          2.0000009536743164
        ],
        [
          -8.322575517638597e-09,
          1.0,
          -7.707057214645374e-11,
          7.62939453125e-06
        ],
        [
          9.653842170109783e-10,
          1.2781262159755613e-10,
          1.0,
          0.8999997973442078
        ],
        [
          0.0,
          0.0,
          0.0,
          1.0
        ]
      ],
      "matrix_ego_from_sensor_bevfusion": [
        [
          1.0,
          1.0202105826806473e-08,
          -2.2921398112885072e-10,
          2.0000009536743164
        ],
        [
          8.322575517638597e-09,
          1.0,
          7.707057214645374e-11,
          -7.62939453125e-06
        ],
        [
          9.653842170109783e-10,
          -1.2781262159755613e-10,
          1.0,
          0.8999997973442078
        ],
        [
          0.0,
          0.0,
          0.0,
          1.0
        ]
      ],
      "data_path": "D:\\Agent-AI\\outputs\\s3a_ml_long_v1\\sample_000021\\radar\\RADAR_FRONT.npy",
      "raw_layout": [
        "velocity",
        "altitude",
        "azimuth",
        "depth"
      ]
    },
    "RADAR_FRONT_LEFT": {
      "type_id": "sensor.other.radar",
      "blueprint_attributes": {
        "sensor_tick": "0.100000",
        "role_name": "default",
        "noise_seed": "0",
        "ros_name": "sensor.other.radar",
        "horizontal_fov": "35.0",
        "points_per_second": "1500",
        "vertical_fov": "20.0",
        "range": "120.0"
      },
      "transform_carla": {
        "location": {
          "x": 104.0166015625,
          "y": -34.108642578125,
          "z": 0.8674542307853699
        },
        "rotation": {
          "roll": 0.8722493648529053,
          "pitch": -0.7518671751022339,
          "yaw": -147.62802124023438
        }
      },
      "matrix_world_from_sensor_carla": [
        [
          -0.844517171382904,
          0.5355204939842224,
          -0.002930954098701477,
          104.0166015625
        ],
        [
          -0.5353676676750183,
          -0.8443850874900818,
          -0.0198822058737278,
          -34.108642578125
        ],
        [
          -0.01312218140810728,
          -0.015221724286675453,
          0.9997979998588562,
          0.8674542307853699
        ],
        [
          0.0,
          0.0,
          0.0,
          1.0
        ]
      ],
      "matrix_world_from_sensor_bevfusion": [
        [
          -0.844517171382904,
          -0.5355204939842224,
          -0.002930954098701477,
          104.0166015625
        ],
        [
          0.5353676676750183,
          -0.8443850874900818,
          0.0198822058737278,
          34.108642578125
        ],
        [
          -0.01312218140810728,
          0.015221724286675453,
          0.9997979998588562,
          0.8674542307853699
        ],
        [
          0.0,
          0.0,
          0.0,
          1.0
        ]
      ],
      "matrix_ego_from_sensor_carla": [
        [
          0.707107424736023,
          0.7071061730384827,
          1.3693848188722768e-07,
          1.6499996185302734
        ],
        [
          -0.7071061134338379,
          0.707107424736023,
          -1.919710790332374e-08,
          -0.7499923706054688
        ],
        [
          -1.0882629197794813e-07,
          -7.959910419685912e-08,
          0.9999999403953552,
          0.8999997973442078
        ],
        [
          0.0,
          0.0,
          0.0,
          1.0
        ]
      ],
      "matrix_ego_from_sensor_bevfusion": [
        [
          0.707107424736023,
          -0.7071061730384827,
          1.3693848188722768e-07,
          1.6499996185302734
        ],
        [
          0.7071061134338379,
          0.707107424736023,
          1.919710790332374e-08,
          0.7499923706054688
        ],
        [
          -1.0882629197794813e-07,
          7.959910419685912e-08,
          0.9999999403953552,
          0.8999997973442078
        ],
        [
          0.0,
          0.0,
          0.0,
          1.0
        ]
      ],
      "data_path": "D:\\Agent-AI\\outputs\\s3a_ml_long_v1\\sample_000021\\radar\\RADAR_FRONT_LEFT.npy",
      "raw_layout": [
        "velocity",
        "altitude",
        "azimuth",
        "depth"
      ]
    },
    "RADAR_FRONT_RIGHT": {
      "type_id": "sensor.other.radar",
      "blueprint_attributes": {
        "sensor_tick": "0.100000",
        "role_name": "default",
        "noise_seed": "0",
        "ros_name": "sensor.other.radar",
        "horizontal_fov": "35.0",
