{
  "schema_version": "stage1.v1",
  "sample_name": "sample_000096",
  "sequence_index": 96,
  "previous_sample_name": "sample_000095",
  "frame_id": 60097,
  "timestamp": 444.6197008937597,
  "platform_timestamp": 16814606.194231,
  "delta_seconds": 0.10000000149011612,
  "town": "Carla/Maps/Town10HD_Opt",
  "weather": {
    "cloudiness": 20.0,
    "dust_storm": 0.0,
    "fog_density": 2.0,
    "fog_distance": 0.75,
    "fog_falloff": 0.10000000149011612,
    "mie_scattering_scale": 0.029999999329447746,
    "precipitation": 0.0,
    "precipitation_deposits": 0.0,
    "rayleigh_scattering_scale": 0.03310000151395798,
    "scattering_intensity": 1.0,
    "sun_altitude_angle": 45.0,
    "sun_azimuth_angle": 300.0,
    "wetness": 0.0,
    "wind_intensity": 10.0
  },
  "sensor_names": [
    "CAM_FRONT",
    "CAM_FRONT_RIGHT",
    "CAM_FRONT_LEFT",
    "CAM_BACK",
    "CAM_BACK_LEFT",
    "CAM_BACK_RIGHT",
    "LIDAR_TOP",
    "RADAR_FRONT",
    "RADAR_FRONT_LEFT",
    "RADAR_FRONT_RIGHT",
    "RADAR_BACK_LEFT",
    "RADAR_BACK_RIGHT"
  ],
  "camera_order_for_model": [
    "CAM_FRONT",
    "CAM_FRONT_RIGHT",
    "CAM_FRONT_LEFT",
    "CAM_BACK",
    "CAM_BACK_LEFT",
    "CAM_BACK_RIGHT"
  ],
  "radar_order_for_model": [
    "RADAR_FRONT",
    "RADAR_FRONT_LEFT",
    "RADAR_FRONT_RIGHT",
    "RADAR_BACK_LEFT",
    "RADAR_BACK_RIGHT"
  ],
  "coordinate_notes": {
    "carla_world": "left-handed x-forward y-right z-up",
    "bevfusion_lidar": "x-forward y-left z-up",
    "camera_frame_for_model": "OpenCV style x-right y-down z-forward"
  },
  "ego": {
    "actor_id": 28,
    "transform_carla": {
      "location": {
        "x": 77.28775787353516,
        "y": -62.27983856201172,
        "z": -0.0043731690384447575
      },
      "rotation": {
        "roll": -0.0030822744593024254,
        "pitch": -0.03399385139346123,
        "yaw": -161.72349548339844
      }
    },
    "velocity_carla": [
      0.0002985618484672159,
      6.941526953596622e-05,
      -4.158020146860508e-06
    ],
    "angular_velocity_carla": [
      -0.02048511803150177,
      0.09221441298723221,
      8.12853395473212e-05
    ],
    "matrix_world_from_ego_carla": [
      [
        -0.9495539665222168,
        0.313603013753891,
        -0.0005802453961223364,
        77.28775787353516
      ],
      [
        -0.3136029839515686,
        -0.9495541453361511,
        -0.0001349800731986761,
        -62.27983856201172
      ],
      [
        -0.0005933045758865774,
        5.3795825806446373e-05,
        0.9999998211860657,
        -0.0043731690384447575
      ],
      [
        0.0,
        0.0,
        0.0,
        1.0
      ]
    ],
    "matrix_world_from_ego_bevfusion": [
      [
        -0.9495539665222168,
        -0.313603013753891,
        -0.0005802453961223364,
        77.28775787353516
      ],
      [
        0.3136029839515686,
        -0.9495541453361511,
        0.0001349800731986761,
        62.27983856201172
      ],
      [
        -0.0005933045758865774,
        -5.3795825806446373e-05,
        0.9999998211860657,
        -0.0043731690384447575
      ],
      [
        0.0,
        0.0,
        0.0,
        1.0
      ]
    ]
  },
  "sensors": {
    "CAM_FRONT": {
      "type_id": "sensor.camera.rgb",
      "blueprint_attributes": {
        "role_name": "front",
        "ros_name": "sensor.camera.rgb",
        "chromatic_aberration_offset": "0.0",
        "sensor_tick": "0.100000",
        "fstop": "1.4",
        "image_size_x": "960",
        "image_size_y": "540",
        "fov": "70.00",
        "lens_circle_falloff": "5.0",
        "lens_circle_multiplier": "0.0",
        "exposure_compensation": "0.0",
        "lens_y_size": "0.08",
        "lens_k": "-1.0",
        "exposure_mode": "histogram",
        "lens_kcube": "0.0",
        "lens_x_size": "0.08",
        "exposure_max_bright": "12.0",
        "shutter_speed": "200.0",
        "bloom_intensity": "0.675",
        "iso": "100.0",
        "enable_postprocess_effects": "false",
        "gamma": "2.2",
        "motion_blur_intensity": "0.0",
        "motion_blur_max_distortion": "0.35",
        "lens_flare_intensity": "0.1",
        "motion_blur_min_object_screen_size": "0.1",
        "exposure_min_bright": "10.0",
        "exposure_speed_up": "3.0",
        "exposure_speed_down": "1.0",
        "tint": "0.0",
        "calibration_constant": "16.0",
        "focal_distance": "1000.0",
        "min_fstop": "1.2",
        "blade_count": "5",
        "blur_amount": "0.0",
        "blur_radius": "0.0",
        "slope": "0.88",
        "toe": "0.55",
        "white_clip": "0.04",
        "shoulder": "0.26",
        "black_clip": "0.0",
        "temp": "6500.0",
        "chromatic_aberration_intensity": "0.0"
      },
      "transform_carla": {
        "location": {
          "x": 75.8149642944336,
          "y": -62.766151428222656,
          "z": 1.6947067975997925
        },
        "rotation": {
          "roll": -0.0030822744593024254,
          "pitch": -0.03399385139346123,
          "yaw": -161.72349548339844
        }
      },
      "matrix_world_from_sensor_carla": [
        [
          -0.9495539665222168,
          0.313603013753891,
          -0.0005802453961223364,
          75.8149642944336
        ],
        [
          -0.3136029839515686,
          -0.9495541453361511,
          -0.0001349800731986761,
          -62.766151428222656
        ],
        [
          -0.0005933045758865774,
          5.3795825806446373e-05,
          0.9999998211860657,
          1.6947067975997925
        ],
        [
          0.0,
          0.0,
          0.0,
          1.0
        ]
      ],
      "matrix_world_from_sensor_bevfusion": [
        [
          0.313603013753891,
          0.0005802453961223364,
          -0.9495539665222168,
          75.8149642944336
        ],
        [
          0.9495541453361511,
          -0.0001349800731986761,
          0.3136029839515686,
          62.766151428222656
        ],
        [
          5.3795825806446373e-05,
          -0.9999998211860657,
          -0.0005933045758865774,
          1.6947067975997925
        ],
        [
          0.0,
          0.0,
          0.0,
          1.0
        ]
      ],
      "matrix_ego_from_sensor_carla": [
        [
          1.0,
          -7.375903887663071e-09,
          -1.0324185950594256e-11,
          1.5499992370605469
        ],
        [
          -1.6982626860340133e-08,
          1.0,
          -5.981465323046109e-12,
          0.0
        ],
        [
          4.7883464554532296e-11,
          -5.981464455684371e-12,
          1.0,
          1.6999999284744263
        ],
        [
          0.0,
          0.0,
          0.0,
          1.0
        ]
      ],
      "matrix_ego_from_sensor_bevfusion": [
        [
          -7.375903887663071e-09,
          1.0324185950594256e-11,
          1.0,
          1.5499992370605469
        ],
        [
          -1.0,
          -5.981465323046109e-12,
          1.6982626860340133e-08,
          0.0
        ],
        [
          -5.981464455684371e-12,
          -1.0,
          4.7883464554532296e-11,
          1.6999999284744263
        ],
        [
          0.0,
          0.0,
          0.0,
          1.0
        ]
      ],
      "camera_intrinsics": [
        [
          685.5110473632812,
          0.0,
          480.0
        ],
        [
          0.0,
          685.5110473632812,
          270.0
        ],
        [
          0.0,
          0.0,
          1.0
        ]
      ],
      "data_path": "D:\\Agent-AI\\outputs\\s3a_ml_long_v2\\sample_000096\\images\\CAM_FRONT.png",
      "raw_layout": "bgra8"
    },
    "CAM_FRONT_RIGHT": {
      "type_id": "sensor.camera.rgb",
      "blueprint_attributes": {
        "role_name": "front",
        "ros_name": "sensor.camera.rgb",
        "chromatic_aberration_offset": "0.0",
        "sensor_tick": "0.100000",
        "fstop": "1.4",
        "image_size_x": "960",
        "image_size_y": "540",
        "fov": "70.00",
        "lens_circle_falloff": "5.0",
        "lens_circle_multiplier": "0.0",
        "exposure_compensation": "0.0",
        "lens_y_size": "0.08",
        "lens_k": "-1.0",
        "exposure_mode": "histogram",
        "lens_kcube": "0.0",
        "lens_x_size": "0.08",
        "exposure_max_bright": "12.0",
        "shutter_speed": "200.0",
        "bloom_intensity": "0.675",
        "iso": "100.0",
        "enable_postprocess_effects": "false",
        "gamma": "2.2",
        "motion_blur_intensity": "0.0",
        "motion_blur_max_distortion": "0.35",
        "lens_flare_intensity": "0.1",
        "motion_blur_min_object_screen_size": "0.1",
        "exposure_min_bright": "10.0",
        "exposure_speed_up": "3.0",
        "exposure_speed_down": "1.0",
        "tint": "0.0",
        "calibration_constant": "16.0",
        "focal_distance": "1000.0",
        "min_fstop": "1.2",
        "blade_count": "5",
        "blur_amount": "0.0",
        "blur_radius": "0.0",
        "slope": "0.88",
        "toe": "0.55",
        "white_clip": "0.04",
        "shoulder": "0.26",
        "black_clip": "0.0",
        "temp": "6500.0",
        "chromatic_aberration_intensity": "0.0"
      },
      "transform_carla": {
        "location": {
          "x": 76.2248306274414,
          "y": -63.21000289916992,
          "z": 1.6948847770690918
        },
        "rotation": {
          "roll": -0.029616281390190125,
          "pitch": -0.016973018646240234,
          "yaw": -106.72352600097656
        }
      },
      "matrix_world_from_sensor_carla": [
        [
          -0.287753701210022,
          0.9577042460441589,
          -0.0005802817177027464,
          76.2248306274414
        ],
        [
          -0.9577043652534485,
          -0.2877538502216339,
          -0.00013496523024514318,
          -63.21000289916992
        ],
        [
          -0.00029623505542986095,
          0.0005169015494175255,
          0.9999998211860657,
          1.6948847770690918
        ],
        [
          0.0,
          0.0,
          0.0,
          1.0
        ]
      ],
      "matrix_world_from_sensor_bevfusion": [
        [
          0.9577042460441589,
          0.0005802817177027464,
          -0.287753701210022,
          76.2248306274414
        ],
        [
          0.2877538502216339,
          -0.00013496523024514318,
          0.9577043652534485,
          63.21000289916992
        ],
        [
          0.0005169015494175255,
          -0.9999998211860657,
          -0.00029623505542986095,
          1.6948847770690918
        ],
        [
          0.0,
          0.0,
          0.0,
          1.0
        ]
      ],
      "matrix_ego_from_sensor_carla": [
        [
          0.573576807975769,
          -0.819151759147644,
          2.9850205862658186e-08,
          1.3000030517578125
        ],
        [
          0.819151759147644,
          0.573576807975769,
          -2.5497298494769893e-08,
          0.5499954223632812
        ],
        [
          3.749157428956096e-09,
          3.9023117182068745e-08,
          1.0,
          1.6999999284744263
        ],
        [
          0.0,
          0.0,
          0.0,
          1.0
        ]
      ],
      "matrix_ego_from_sensor_bevfusion": [
        [
          -0.819151759147644,
          -2.9850205862658186e-08,
          0.573576807975769,
          1.3000030517578125
        ],
        [
          -0.573576807975769,
          -2.5497298494769893e-08,
          -0.819151759147644,
          -0.5499954223632812
        ],
        [
          3.9023117182068745e-08,
          -1.0,
          3.749157428956096e-09,
          1.6999999284744263
        ],
        [
          0.0,
          0.0,
          0.0,
          1.0
        ]
      ],
      "camera_intrinsics": [
        [
          685.5110473632812,
          0.0,
          480.0
        ],
        [
          0.0,
          685.5110473632812,
          270.0
        ],
        [
          0.0,
          0.0,
          1.0
        ]
      ],
      "data_path": "D:\\Agent-AI\\outputs\\s3a_ml_long_v2\\sample_000096\\images\\CAM_FRONT_RIGHT.png",
      "raw_layout": "bgra8"
    },
    "CAM_FRONT_LEFT": {
      "type_id": "sensor.camera.rgb",
      "blueprint_attributes": {
        "role_name": "front",
        "ros_name": "sensor.camera.rgb",
        "chromatic_aberration_offset": "0.0",
        "sensor_tick": "0.100000",
        "fstop": "1.4",
        "image_size_x": "960",
        "image_size_y": "540",
        "fov": "70.00",
        "lens_circle_falloff": "5.0",
        "lens_circle_multiplier": "0.0",
        "exposure_compensation": "0.0",
        "lens_y_size": "0.08",
        "lens_k": "-1.0",
        "exposure_mode": "histogram",
        "lens_kcube": "0.0",
        "lens_x_size": "0.08",
        "exposure_max_bright": "12.0",
        "shutter_speed": "200.0",
        "bloom_intensity": "0.675",
        "iso": "100.0",
        "enable_postprocess_effects": "false",
        "gamma": "2.2",
        "motion_blur_intensity": "0.0",
        "motion_blur_max_distortion": "0.35",
        "lens_flare_intensity": "0.1",
        "motion_blur_min_object_screen_size": "0.1",
        "exposure_min_bright": "10.0",
        "exposure_speed_up": "3.0",
        "exposure_speed_down": "1.0",
        "tint": "0.0",
        "calibration_constant": "16.0",
        "focal_distance": "1000.0",
        "min_fstop": "1.2",
        "blade_count": "5",
        "blur_amount": "0.0",
        "blur_radius": "0.0",
        "slope": "0.88",
        "toe": "0.55",
        "white_clip": "0.04",
        "shoulder": "0.26",
        "black_clip": "0.0",
        "temp": "6500.0",
        "chromatic_aberration_intensity": "0.0"
      },
      "transform_carla": {
        "location": {
          "x": 75.87986755371094,
          "y": -62.165496826171875,
          "z": 1.694825530052185
        },
        "rotation": {
          "roll": 0.02608044631779194,
          "pitch": -0.022027358412742615,
          "yaw": 143.2764892578125
        }
      },
      "matrix_world_from_sensor_carla": [
        [
          -0.8015302419662476,
          -0.5979540348052979,
          -0.0005803307867608964,
          75.87986755371094
        ],
        [
          0.5979541540145874,
          -0.8015303015708923,
          -0.000134964837343432,
          -62.165496826171875
        ],
        [
          -0.0003844499296974391,
          -0.0004551895835902542,
          0.9999998211860657,
          1.694825530052185
        ],
        [
          0.0,
          0.0,
          0.0,
          1.0
        ]
      ],
      "matrix_world_from_sensor_bevfusion": [
        [
          -0.5979540348052979,
          0.0005803307867608964,
          -0.8015302419662476,
          75.87986755371094
        ],
        [
          0.8015303015708923,
          -0.000134964837343432,
          -0.5979541540145874,
          62.165496826171875
        ],
        [
          -0.0004551895835902542,
          -0.9999998211860657,
          -0.0003844499296974391,
          1.694825530052185
        ],
        [
          0.0,
          0.0,
          0.0,
          1.0
        ]
      ],
      "matrix_ego_from_sensor_carla": [
        [
          0.5735762715339661,
          0.819152295589447,
          7.624171161069171e-08,
          1.3000030517578125
        ],
        [
          -0.8191521763801575,
          0.5735762715339661,
          -4.124974850583385e-08,
          -0.5499954223632812
        ],
        [
          -7.752206698796726e-08,
          -3.883042865027164e-08,
          1.0,
          1.6999999284744263
        ],
        [
          0.0,
          0.0,
          0.0,
          1.0
        ]
      ],
      "matrix_ego_from_sensor_bevfusion": [
        [
          0.819152295589447,
          -7.624171161069171e-08,
          0.5735762715339661,
          1.3000030517578125
        ],
        [
          -0.5735762715339661,
          -4.124974850583385e-08,
          0.8191521763801575,
          0.5499954223632812
        ],
        [
          -3.883042865027164e-08,
          -1.0,
          -7.752206698796726e-08,
          1.6999999284744263
        ],
        [
          0.0,
          0.0,
          0.0,
          1.0
        ]
      ],
      "camera_intrinsics": [
        [
          685.5110473632812,
          0.0,
          480.0
        ],
        [
          0.0,
          685.5110473632812,
          270.0
        ],
        [
          0.0,
          0.0,
          1.0
        ]
      ],
      "data_path": "D:\\Agent-AI\\outputs\\s3a_ml_long_v2\\sample_000096\\images\\CAM_FRONT_LEFT.png",
      "raw_layout": "bgra8"
    },
    "CAM_BACK": {
      "type_id": "sensor.camera.rgb",
      "blueprint_attributes": {
        "role_name": "front",
        "ros_name": "sensor.camera.rgb",
        "chromatic_aberration_offset": "0.0",
        "sensor_tick": "0.100000",
        "fstop": "1.4",
        "image_size_x": "960",
        "image_size_y": "540",
        "fov": "70.00",
        "lens_circle_falloff": "5.0",
        "lens_circle_multiplier": "0.0",
        "exposure_compensation": "0.0",
        "lens_y_size": "0.08",
        "lens_k": "-1.0",
        "exposure_mode": "histogram",
        "lens_kcube": "0.0",
        "lens_x_size": "0.08",
        "exposure_max_bright": "12.0",
        "shutter_speed": "200.0",
        "bloom_intensity": "0.675",
        "iso": "100.0",
        "enable_postprocess_effects": "false",
        "gamma": "2.2",
        "motion_blur_intensity": "0.0",
        "motion_blur_max_distortion": "0.35",
        "lens_flare_intensity": "0.1",
        "motion_blur_min_object_screen_size": "0.1",
        "exposure_min_bright": "10.0",
        "exposure_speed_up": "3.0",
        "exposure_speed_down": "1.0",
        "tint": "0.0",
        "calibration_constant": "16.0",
        "focal_distance": "1000.0",
        "min_fstop": "1.2",
        "blade_count": "5",
        "blur_amount": "0.0",
        "blur_radius": "0.0",
        "slope": "0.88",
        "toe": "0.55",
        "white_clip": "0.04",
        "shoulder": "0.26",
        "black_clip": "0.0",
        "temp": "6500.0",
        "chromatic_aberration_intensity": "0.0"
      },
      "transform_carla": {
        "location": {
          "x": 78.75857543945312,
          "y": -61.793983459472656,
          "z": 1.6965460777282715
        },
        "rotation": {
          "roll": 0.0030822858680039644,
          "pitch": 0.03399385139346123,
          "yaw": 18.276504516601562
        }
      },
      "matrix_world_from_sensor_carla": [
        [
          0.9495539665222168,
          -0.3136030435562134,
          -0.0005802454543299973,
          78.75857543945312
        ],
        [
          0.313603013753891,
          0.9495541453361511,
          -0.00013497989857569337,
          -61.793983459472656
        ],
        [
          0.0005933045758865774,
          -5.3796025895280764e-05,
          0.9999998211860657,
          1.6965460777282715
        ],
        [
          0.0,
          0.0,
          0.0,
          1.0
        ]
      ],
      "matrix_world_from_sensor_bevfusion": [
        [
          -0.3136030435562134,
          0.0005802454543299973,
          0.9495539665222168,
          78.75857543945312
        ],
        [
          -0.9495541453361511,
          -0.00013497989857569337,
          -0.313603013753891,
          61.793983459472656
        ],
        [
          -5.3796025895280764e-05,
          -0.9999998211860657,
          0.0005933045758865774,
          1.6965460777282715
        ],
        [
          0.0,
          0.0,
          0.0,
          1.0
        ]
      ],
      "matrix_ego_from_sensor_carla": [
        [
          -1.0,
          3.7178345735355833e-08,
          -1.0324185950594256e-11,
          -1.5499954223632812
        ],
        [
          -1.1316293679897171e-08,
          -1.0,
          -1.8788040567763176e-10,
          0.0
        ],
        [
          -4.7883464554532296e-11,
          -1.7955541220526783e-10,
          1.0,
          1.6999999284744263
        ],
        [
          0.0,
          0.0,
          0.0,
          1.0
        ]
      ],
      "matrix_ego_from_sensor_bevfusion": [
        [
          3.7178345735355833e-08,
          1.0324185950594256e-11,
          -1.0,
          -1.5499954223632812
        ],
        [
          1.0,
          -1.8788040567763176e-10,
          1.1316293679897171e-08,
          0.0
        ],
        [
          -1.7955541220526783e-10,
          -1.0,
          -4.7883464554532296e-11,
          1.6999999284744263
        ],
        [
          0.0,
          0.0,
          0.0,
          1.0
        ]
      ],
      "camera_intrinsics": [
        [
          685.5110473632812,
          0.0,
          480.0
        ],
        [
          0.0,
          685.5110473632812,
          270.0
        ],
        [
          0.0,
          0.0,
          1.0
        ]
      ],
      "data_path": "D:\\Agent-AI\\outputs\\s3a_ml_long_v2\\sample_000096\\images\\CAM_BACK.png",
      "raw_layout": "bgra8"
    },
    "CAM_BACK_LEFT": {
      "type_id": "sensor.camera.rgb",
      "blueprint_attributes": {
        "role_name": "front",
        "ros_name": "sensor.camera.rgb",
        "chromatic_aberration_offset": "0.0",
        "sensor_tick": "0.100000",
        "fstop": "1.4",
        "image_size_x": "960",
        "image_size_y": "540",
        "fov": "70.00",
        "lens_circle_falloff": "5.0",
        "lens_circle_multiplier": "0.0",
        "exposure_compensation": "0.0",
        "lens_y_size": "0.08",
        "lens_k": "-1.0",
        "exposure_mode": "histogram",
        "lens_kcube": "0.0",
        "lens_x_size": "0.08",
        "exposure_max_bright": "12.0",
        "shutter_speed": "200.0",
        "bloom_intensity": "0.675",
        "iso": "100.0",
        "enable_postprocess_effects": "false",
        "gamma": "2.2",
        "motion_blur_intensity": "0.0",
        "motion_blur_max_distortion": "0.35",
        "lens_flare_intensity": "0.1",
        "motion_blur_min_object_screen_size": "0.1",
        "exposure_min_bright": "10.0",
        "exposure_speed_up": "3.0",
        "exposure_speed_down": "1.0",
        "tint": "0.0",
        "calibration_constant": "16.0",
        "focal_distance": "1000.0",
        "min_fstop": "1.2",
        "blade_count": "5",
        "blur_amount": "0.0",
        "blur_radius": "0.0",
        "slope": "0.88",
        "toe": "0.55",
        "white_clip": "0.04",
        "shoulder": "0.26",
        "black_clip": "0.0",
        "temp": "6500.0",
        "chromatic_aberration_intensity": "0.0"
      },
      "transform_carla": {
        "location": {
          "x": 78.34870910644531,
          "y": -61.35013198852539,
          "z": 1.6963682174682617
        },
        "rotation": {
          "roll": 0.029616285115480423,
          "pitch": 0.016973018646240234,
          "yaw": 73.27645111083984
        }
      },
      "matrix_world_from_sensor_carla": [
        [
          0.2877541780471802,
          -0.9577041268348694,
          -0.0005802818341180682,
          78.34870910644531
        ],
        [
          0.9577042460441589,
          0.2877543270587921,
          -0.0001349649392068386,
          -61.35013198852539
        ],
        [
          0.00029623505542986095,
          -0.0005169016076251864,
          0.9999998211860657,
          1.6963682174682617
        ],
        [
          0.0,
          0.0,
          0.0,
          1.0
        ]
      ],
      "matrix_world_from_sensor_bevfusion": [
        [
          -0.9577041268348694,
          0.0005802818341180682,
          0.2877541780471802,
          78.34870910644531
        ],
        [
          -0.2877543270587921,
          -0.0001349649392068386,
          -0.9577042460441589,
          61.35013198852539
        ],
        [
          -0.0005169016076251864,
          -0.9999998211860657,
          0.00029623505542986095,
          1.6963682174682617
        ],
        [
          0.0,
          0.0,
          0.0,
          1.0
        ]
      ],
      "matrix_ego_from_sensor_carla": [
        [
          -0.5735772848129272,
          0.8191515207290649,
          2.9850205862658186e-08,
          -1.2999992370605469
        ],
        [
          -0.8191515207290649,
          -0.5735772848129272,
          -2.5799250735758505e-08,
          -0.5499954223632812
        ],
        [
          -4.011091903066699e-09,
          -3.919774016480915e-08,
          1.0,
          1.6999999284744263
        ],
        [
          0.0,
          0.0,
          0.0,
          1.0
        ]
      ],
      "matrix_ego_from_sensor_bevfusion": [
        [
          0.8191515207290649,
          -2.9850205862658186e-08,
          -0.5735772848129272,
          -1.2999992370605469
        ],
        [
          0.5735772848129272,
          -2.5799250735758505e-08,
          0.8191515207290649,
          0.5499954223632812
        ],
        [
          -3.919774016480915e-08,
          -1.0,
          -4.011091903066699e-09,
          1.6999999284744263
        ],
        [
          0.0,
          0.0,
          0.0,
          1.0
        ]
      ],
      "camera_intrinsics": [
        [
          685.5110473632812,
          0.0,
          480.0
        ],
        [
          0.0,
          685.5110473632812,
          270.0
        ],
        [
          0.0,
          0.0,
          1.0
        ]
      ],
      "data_path": "D:\\Agent-AI\\outputs\\s3a_ml_long_v2\\sample_000096\\images\\CAM_BACK_LEFT.png",
      "raw_layout": "bgra8"
    },
    "CAM_BACK_RIGHT": {
      "type_id": "sensor.camera.rgb",
      "blueprint_attributes": {
        "role_name": "front",
        "ros_name": "sensor.camera.rgb",
        "chromatic_aberration_offset": "0.0",
        "sensor_tick": "0.100000",
        "fstop": "1.4",
        "image_size_x": "960",
        "image_size_y": "540",
        "fov": "70.00",
        "lens_circle_falloff": "5.0",
        "lens_circle_multiplier": "0.0",
        "exposure_compensation": "0.0",
        "lens_y_size": "0.08",
        "lens_k": "-1.0",
        "exposure_mode": "histogram",
        "lens_kcube": "0.0",
        "lens_x_size": "0.08",
        "exposure_max_bright": "12.0",
        "shutter_speed": "200.0",
        "bloom_intensity": "0.675",
        "iso": "100.0",
        "enable_postprocess_effects": "false",
        "gamma": "2.2",
        "motion_blur_intensity": "0.0",
        "motion_blur_max_distortion": "0.35",
        "lens_flare_intensity": "0.1",
        "motion_blur_min_object_screen_size": "0.1",
        "exposure_min_bright": "10.0",
        "exposure_speed_up": "3.0",
        "exposure_speed_down": "1.0",
        "tint": "0.0",
        "calibration_constant": "16.0",
        "focal_distance": "1000.0",
        "min_fstop": "1.2",
        "blade_count": "5",
        "blur_amount": "0.0",
        "blur_radius": "0.0",
        "slope": "0.88",
        "toe": "0.55",
        "white_clip": "0.04",
        "shoulder": "0.26",
        "black_clip": "0.0",
        "temp": "6500.0",
        "chromatic_aberration_intensity": "0.0"
      },
      "transform_carla": {
        "location": {
          "x": 78.69367218017578,
          "y": -62.39463806152344,
          "z": 1.6964274644851685
        },
        "rotation": {
          "roll": -0.026080448180437088,
          "pitch": 0.022027358412742615,
          "yaw": -36.7235107421875
        }
      },
      "matrix_world_from_sensor_carla": [
        [
          0.8015303015708923,
          0.5979539155960083,
          -0.0005803307867608964,
          78.69367218017578
        ],
        [
          -0.5979540348052979,
          0.8015303611755371,
          -0.00013496496831066906,
          -62.39463806152344
        ],
        [
          0.0003844499296974391,
          0.0004551896417979151,
          0.9999998211860657,
          1.6964274644851685
        ],
        [
          0.0,
          0.0,
          0.0,
          1.0
        ]
      ],
      "matrix_world_from_sensor_bevfusion": [
        [
          0.5979539155960083,
          0.0005803307867608964,
          0.8015303015708923,
          78.69367218017578
        ],
        [
          -0.8015303611755371,
          -0.00013496496831066906,
          0.5979540348052979,
          62.39463806152344
        ],
        [
          0.0004551896417979151,
          -0.9999998211860657,
          0.0003844499296974391,
          1.6964274644851685
        ],
        [
          0.0,
          0.0,
          0.0,
          1.0
        ]
      ],
      "matrix_ego_from_sensor_carla": [
        [
          -0.5735763311386108,
          -0.8191521763801575,
          7.629991927160518e-08,
          -1.2999992370605469
        ],
        [
          0.8191521167755127,
          -0.5735763907432556,
          -4.112605722639273e-08,
          0.5500030517578125
        ],
        [
          7.74638593270538e-08,
          3.8917740141641843e-08,
          1.0,
          1.7000000476837158
        ],
        [
          0.0,
          0.0,
          0.0,
          1.0
        ]
      ],
      "matrix_ego_from_sensor_bevfusion": [
        [
          -0.8191521763801575,
          -7.629991927160518e-08,
          -0.5735763311386108,
          -1.2999992370605469
        ],
        [
          0.5735763907432556,
          -4.112605722639273e-08,
          -0.8191521167755127,
          -0.5500030517578125
        ],
        [
          3.8917740141641843e-08,
          -1.0,
          7.74638593270538e-08,
          1.7000000476837158
        ],
        [
          0.0,
          0.0,
          0.0,
          1.0
        ]
      ],
      "camera_intrinsics": [
        [
          685.5110473632812,
          0.0,
          480.0
        ],
        [
          0.0,
          685.5110473632812,
          270.0
        ],
        [
          0.0,
          0.0,
          1.0
        ]
      ],
      "data_path": "D:\\Agent-AI\\outputs\\s3a_ml_long_v2\\sample_000096\\images\\CAM_BACK_RIGHT.png",
      "raw_layout": "bgra8"
    },
    "LIDAR_TOP": {
      "type_id": "sensor.lidar.ray_cast",
      "blueprint_attributes": {
        "atmosphere_attenuation_rate": "0.004",
        "role_name": "front",
        "noise_seed": "0",
        "upper_fov": "10.0",
        "ros_name": "sensor.lidar.ray_cast",
        "sensor_tick": "0.100000",
        "channels": "32",
        "range": "120.0",
        "points_per_second": "360000",
        "lower_fov": "-30.0",
        "rotation_frequency": "10.000000",
        "horizontal_fov": "360.0",
        "dropoff_general_rate": "0.0",
        "dropoff_intensity_limit": "1.0",
        "noise_stddev": "0.0",
        "dropoff_zero_intensity": "0.0"
      },
      "transform_carla": {
        "location": {
          "x": 77.28648376464844,
          "y": -62.28013610839844,
          "z": 2.1956262588500977
        },
        "rotation": {
          "roll": -0.0030822744593024254,
          "pitch": -0.03399385139346123,
          "yaw": -161.72349548339844
        }
      },
      "matrix_world_from_sensor_carla": [
        [
          -0.9495539665222168,
          0.313603013753891,
          -0.0005802453961223364,
          77.28648376464844
        ],
        [
          -0.3136029839515686,
          -0.9495541453361511,
          -0.0001349800731986761,
          -62.28013610839844
        ],
        [
          -0.0005933045758865774,
          5.3795825806446373e-05,
          0.9999998211860657,
          2.1956262588500977
        ],
        [
          0.0,
          0.0,
          0.0,
          1.0
        ]
      ],
      "matrix_world_from_sensor_bevfusion": [
        [
          -0.9495539665222168,
          -0.313603013753891,
          -0.0005802453961223364,
          77.28648376464844
        ],
        [
          0.3136029839515686,
          -0.9495541453361511,
          0.0001349800731986761,
          62.28013610839844
        ],
        [
          -0.0005933045758865774,
          -5.3795825806446373e-05,
          0.9999998211860657,
          2.1956262588500977
        ],
        [
          0.0,
          0.0,
          0.0,
          1.0
        ]
      ],
      "matrix_ego_from_sensor_carla": [
        [
          1.0,
          -7.375903887663071e-09,
          -1.0324185950594256e-11,
          -3.814697265625e-06
        ],
        [
          -1.6982626860340133e-08,
          1.0,
          -5.981465323046109e-12,
          0.0
        ],
        [
          4.7883464554532296e-11,
          -5.981464455684371e-12,
          1.0,
          2.1999998092651367
        ],
        [
          0.0,
          0.0,
          0.0,
          1.0
        ]
      ],
      "matrix_ego_from_sensor_bevfusion": [
        [
          1.0,
          7.375903887663071e-09,
          -1.0324185950594256e-11,
          -3.814697265625e-06
        ],
        [
          1.6982626860340133e-08,
          1.0,
          5.981465323046109e-12,
          0.0
        ],
        [
          4.7883464554532296e-11,
          5.981464455684371e-12,
          1.0,
          2.1999998092651367
        ],
        [
          0.0,
          0.0,
          0.0,
          1.0
        ]
      ],
      "data_path": "D:\\Agent-AI\\outputs\\s3a_ml_long_v2\\sample_000096\\lidar\\LIDAR_TOP.npy",
      "raw_layout": [
        "x",
        "y",
        "z",
        "intensity"
      ]
    },
    "RADAR_FRONT": {
      "type_id": "sensor.other.radar",
      "blueprint_attributes": {
        "sensor_tick": "0.100000",
        "role_name": "default",
        "noise_seed": "0",
        "ros_name": "sensor.other.radar",
        "horizontal_fov": "35.0",
        "points_per_second": "1500",
        "vertical_fov": "20.0",
        "range": "120.0"
      },
      "transform_carla": {
        "location": {
          "x": 75.38813018798828,
          "y": -62.90716552734375,
          "z": 0.8944399952888489
        },
        "rotation": {
          "roll": -0.0030822744593024254,
          "pitch": -0.03399385139346123,
          "yaw": -161.72349548339844
        }
      },
      "matrix_world_from_sensor_carla": [
        [
          -0.9495539665222168,
          0.313603013753891,
          -0.0005802453961223364,
          75.38813018798828
        ],
        [
          -0.3136029839515686,
          -0.9495541453361511,
          -0.0001349800731986761,
          -62.90716552734375
        ],
        [
          -0.0005933045758865774,
          5.3795825806446373e-05,
          0.9999998211860657,
          0.8944399952888489
        ],
        [
          0.0,
          0.0,
          0.0,
          1.0
        ]
      ],
      "matrix_world_from_sensor_bevfusion": [
        [
          -0.9495539665222168,
          -0.313603013753891,
          -0.0005802453961223364,
          75.38813018798828
        ],
        [
          0.3136029839515686,
          -0.9495541453361511,
          0.0001349800731986761,
          62.90716552734375
        ],
        [
          -0.0005933045758865774,
          -5.3795825806446373e-05,
          0.9999998211860657,
          0.8944399952888489
        ],
        [
          0.0,
          0.0,
          0.0,
          1.0
        ]
      ],
      "matrix_ego_from_sensor_carla": [
        [
          1.0,
          -7.375903887663071e-09,
          -1.0324185950594256e-11,
          1.9999961853027344
        ],
        [
          -1.6982626860340133e-08,
          1.0,
          -5.981465323046109e-12,
          0.0
        ],
        [
          4.7883464554532296e-11,
          -5.981464455684371e-12,
          1.0,
          0.8999999165534973
        ],
        [
          0.0,
          0.0,
          0.0,
          1.0
        ]
      ],
      "matrix_ego_from_sensor_bevfusion": [
        [
          1.0,
          7.375903887663071e-09,
          -1.0324185950594256e-11,
          1.9999961853027344
        ],
        [
          1.6982626860340133e-08,
          1.0,
          5.981465323046109e-12,
          0.0
        ],
        [
          4.7883464554532296e-11,
          5.981464455684371e-12,
          1.0,
          0.8999999165534973
        ],
        [
          0.0,
          0.0,
          0.0,
          1.0
        ]
      ],
      "data_path": "D:\\Agent-AI\\outputs\\s3a_ml_long_v2\\sample_000096\\radar\\RADAR_FRONT.npy",
      "raw_layout": [
        "velocity",
        "altitude",
        "azimuth",
        "depth"
      ]
    },
    "RADAR_FRONT_LEFT": {
      "type_id": "sensor.other.radar",
      "blueprint_attributes": {
        "sensor_tick": "0.100000",
        "role_name": "default",
        "noise_seed": "0",
        "ros_name": "sensor.other.radar",
        "horizontal_fov": "35.0",
        "points_per_second": "1500",
        "vertical_fov": "20.0",
        "range": "120.0"
      },
      "transform_carla": {
        "location": {
          "x": 75.48526763916016,
          "y": -62.08523941040039,
          "z": 0.8946073055267334
        },
        "rotation": {
          "roll": 0.02185971476137638,
          "pitch": -0.02622109465301037,
          "yaw": 153.2764892578125
        }
      },
      "matrix_world_from_sensor_carla": [
        [
          -0.8931868672370911,
          -0.44968530535697937,
          -0.0005803278181701899,
          75.48526763916016
        ],
        [
          0.4496854245662689,
          -0.8931869864463806,
          -0.00013497623149305582,
          -62.08523941040039
        ],
        [
          -0.0004576444043777883,
          -0.0003815239469986409,
          0.9999998211860657,
          0.8946073055267334
        ],
        [
          0.0,
          0.0,
          0.0,
          1.0
        ]
      ],
      "matrix_world_from_sensor_bevfusion": [
        [
          -0.8931868672370911,
          0.44968530535697937,
          -0.0005803278181701899,
          75.48526763916016
        ],
        [
          -0.4496854245662689,
          -0.8931869864463806,
          0.00013497623149305582,
          62.08523941040039
        ],
        [
          -0.0004576444043777883,
          0.0003815239469986409,
          0.9999998211860657,
          0.8946073055267334
        ],
        [
          0.0,
          0.0,
          0.0,
          1.0
        ]
      ],
      "matrix_ego_from_sensor_carla": [
        [
          0.7071068286895752,
          0.70710688829422,
          7.705661886348025e-08,
          1.6500053405761719
        ],
        [
          -0.7071068286895752,
          0.7071067690849304,
          -2.9499075182570778e-08,
          -0.75
        ],
        [
          -7.532619150651954e-08,
          -3.360490907766689e-08,
          1.0,
          0.8999999165534973
        ],
        [
          0.0,
          0.0,
          0.0,
          1.0
        ]
      ],
      "matrix_ego_from_sensor_bevfusion": [
        [
          0.7071068286895752,
          -0.70710688829422,
          7.705661886348025e-08,
          1.6500053405761719
        ],
        [
          0.7071068286895752,
          0.7071067690849304,
          2.9499075182570778e-08,
          0.75
        ],
        [
          -7.532619150651954e-08,
          3.360490907766689e-08,
          1.0,
          0.8999999165534973
        ],
        [
          0.0,
          0.0,
          0.0,
          1.0
        ]
      ],
      "data_path": "D:\\Agent-AI\\outputs\\s3a_ml_long_v2\\sample_000096\\radar\\RADAR_FRONT_LEFT.npy",
      "raw_layout": [
        "velocity",
        "altitude",
        "azimuth",
        "depth"
      ]
    },
    "RADAR_FRONT_RIGHT": {
      "type_id": "sensor.other.radar",
      "blueprint_attributes": {
        "sensor_tick": "0.100000",
        "role_name": "default",
        "noise_seed": "0",
        "ros_name": "sensor.other.radar",
        "horizontal_fov": "35.0",
