{
  "schema_version": "stage1.v1",
  "sample_name": "sample_000008",
  "sequence_index": 8,
  "previous_sample_name": "sample_000007",
  "frame_id": 60009,
  "timestamp": 435.8197007626295,
  "platform_timestamp": 16814564.3306177,
  "delta_seconds": 0.10000000149011612,
  "town": "Carla/Maps/Town10HD_Opt",
  "weather": {
    "cloudiness": 20.0,
    "dust_storm": 0.0,
    "fog_density": 2.0,
    "fog_distance": 0.75,
    "fog_falloff": 0.10000000149011612,
    "mie_scattering_scale": 0.029999999329447746,
    "precipitation": 0.0,
    "precipitation_deposits": 0.0,
    "rayleigh_scattering_scale": 0.03310000151395798,
    "scattering_intensity": 1.0,
    "sun_altitude_angle": 45.0,
    "sun_azimuth_angle": 300.0,
    "wetness": 0.0,
    "wind_intensity": 10.0
  },
  "sensor_names": [
    "CAM_FRONT",
    "CAM_FRONT_RIGHT",
    "CAM_FRONT_LEFT",
    "CAM_BACK",
    "CAM_BACK_LEFT",
    "CAM_BACK_RIGHT",
    "LIDAR_TOP",
    "RADAR_FRONT",
    "RADAR_FRONT_LEFT",
    "RADAR_FRONT_RIGHT",
    "RADAR_BACK_LEFT",
    "RADAR_BACK_RIGHT"
  ],
  "camera_order_for_model": [
    "CAM_FRONT",
    "CAM_FRONT_RIGHT",
    "CAM_FRONT_LEFT",
    "CAM_BACK",
    "CAM_BACK_LEFT",
    "CAM_BACK_RIGHT"
  ],
  "radar_order_for_model": [
    "RADAR_FRONT",
    "RADAR_FRONT_LEFT",
    "RADAR_FRONT_RIGHT",
    "RADAR_BACK_LEFT",
    "RADAR_BACK_RIGHT"
  ],
  "coordinate_notes": {
    "carla_world": "left-handed x-forward y-right z-up",
    "bevfusion_lidar": "x-forward y-left z-up",
    "camera_frame_for_model": "OpenCV style x-right y-down z-forward"
  },
  "ego": {
    "actor_id": 28,
    "transform_carla": {
      "location": {
        "x": 106.25437927246094,
        "y": -24.996707916259766,
        "z": -0.006288452073931694
      },
      "rotation": {
        "roll": 0.1892455816268921,
        "pitch": 0.5387448072433472,
        "yaw": -93.08895874023438
      }
    },
    "velocity_carla": [
      -0.4814176857471466,
      -7.074020862579346,
      -0.00031266213045455515
    ],
    "angular_velocity_carla": [
      -0.9088606834411621,
      -0.106428362429142,
      -5.740920543670654
    ],
    "matrix_world_from_ego_carla": [
      [
        -0.05388394743204117,
        0.998539924621582,
        0.0038048294372856617,
        106.25437927246094
      ],
      [
        -0.9985029101371765,
        -0.0539170503616333,
        0.009211034514009953,
        -24.996707916259766
      ],
      [
        0.00940273143351078,
        -0.0033028065226972103,
        0.9999502897262573,
        -0.006288452073931694
      ],
      [
        0.0,
        0.0,
        0.0,
        1.0
      ]
    ],
    "matrix_world_from_ego_bevfusion": [
      [
        -0.05388394743204117,
        -0.998539924621582,
        0.0038048294372856617,
        106.25437927246094
      ],
      [
        0.9985029101371765,
        -0.0539170503616333,
        -0.009211034514009953,
        24.996707916259766
      ],
      [
        0.00940273143351078,
        0.0033028065226972103,
        0.9999502897262573,
        -0.006288452073931694
      ],
      [
        0.0,
        0.0,
        0.0,
        1.0
      ]
    ]
  },
  "sensors": {
    "CAM_FRONT": {
      "type_id": "sensor.camera.rgb",
      "blueprint_attributes": {
        "role_name": "front",
        "ros_name": "sensor.camera.rgb",
        "chromatic_aberration_offset": "0.0",
        "sensor_tick": "0.100000",
        "fstop": "1.4",
        "image_size_x": "960",
        "image_size_y": "540",
        "fov": "70.00",
        "lens_circle_falloff": "5.0",
        "lens_circle_multiplier": "0.0",
        "exposure_compensation": "0.0",
        "lens_y_size": "0.08",
        "lens_k": "-1.0",
        "exposure_mode": "histogram",
        "lens_kcube": "0.0",
        "lens_x_size": "0.08",
        "exposure_max_bright": "12.0",
        "shutter_speed": "200.0",
        "bloom_intensity": "0.675",
        "iso": "100.0",
        "enable_postprocess_effects": "false",
        "gamma": "2.2",
        "motion_blur_intensity": "0.0",
        "motion_blur_max_distortion": "0.35",
        "lens_flare_intensity": "0.1",
        "motion_blur_min_object_screen_size": "0.1",
        "exposure_min_bright": "10.0",
        "exposure_speed_up": "3.0",
        "exposure_speed_down": "1.0",
        "tint": "0.0",
        "calibration_constant": "16.0",
        "focal_distance": "1000.0",
        "min_fstop": "1.2",
        "blade_count": "5",
        "blur_amount": "0.0",
        "blur_radius": "0.0",
        "slope": "0.88",
        "toe": "0.55",
        "white_clip": "0.04",
        "shoulder": "0.26",
        "black_clip": "0.0",
        "temp": "6500.0",
        "chromatic_aberration_intensity": "0.0"
      },
      "transform_carla": {
        "location": {
          "x": 106.17733001708984,
          "y": -26.528730392456055,
          "z": 1.708201289176941
        },
        "rotation": {
          "roll": 0.1892455816268921,
          "pitch": 0.5387448072433472,
          "yaw": -93.08895874023438
        }
      },
      "matrix_world_from_sensor_carla": [
        [
          -0.05388394743204117,
          0.998539924621582,
          0.0038048294372856617,
          106.17733001708984
        ],
        [
          -0.9985029101371765,
          -0.0539170503616333,
          0.009211034514009953,
          -26.528730392456055
        ],
        [
          0.00940273143351078,
          -0.0033028065226972103,
          0.9999502897262573,
          1.708201289176941
        ],
        [
          0.0,
          0.0,
          0.0,
          1.0
        ]
      ],
      "matrix_world_from_sensor_bevfusion": [
        [
          0.998539924621582,
          -0.0038048294372856617,
          -0.05388394743204117,
          106.17733001708984
        ],
        [
          0.0539170503616333,
          0.009211034514009953,
          0.9985029101371765,
          26.528730392456055
        ],
        [
          -0.0033028065226972103,
          -0.9999502897262573,
          0.00940273143351078,
          1.708201289176941
        ],
        [
          0.0,
          0.0,
          0.0,
          1.0
        ]
      ],
      "matrix_ego_from_sensor_carla": [
        [
          1.0,
          -9.753281515756385e-10,
          -8.197436063284158e-10,
          1.5500011444091797
        ],
        [
          -4.645623885579653e-10,
          1.0,
          3.782416047037884e-11,
          7.62939453125e-06
        ],
        [
          3.0114932769720326e-10,
          -1.2308198904520395e-10,
          1.0,
          1.7000000476837158
        ],
        [
          0.0,
          0.0,
          0.0,
          1.0
        ]
      ],
      "matrix_ego_from_sensor_bevfusion": [
        [
          -9.753281515756385e-10,
          8.197436063284158e-10,
          1.0,
          1.5500011444091797
        ],
        [
          -1.0,
          3.782416047037884e-11,
          4.645623885579653e-10,
          -7.62939453125e-06
        ],
        [
          -1.2308198904520395e-10,
          -1.0,
          3.0114932769720326e-10,
          1.7000000476837158
        ],
        [
          0.0,
          0.0,
          0.0,
          1.0
        ]
      ],
      "camera_intrinsics": [
        [
          685.5110473632812,
          0.0,
          480.0
        ],
        [
          0.0,
          685.5110473632812,
          270.0
        ],
        [
          0.0,
          0.0,
          1.0
        ]
      ],
      "data_path": "D:\\Agent-AI\\outputs\\s3a_ml_long_v2\\sample_000008\\images\\CAM_FRONT.png",
      "raw_layout": "bgra8"
    },
    "CAM_FRONT_RIGHT": {
      "type_id": "sensor.camera.rgb",
      "blueprint_attributes": {
        "role_name": "front",
        "ros_name": "sensor.camera.rgb",
        "chromatic_aberration_offset": "0.0",
        "sensor_tick": "0.100000",
        "fstop": "1.4",
        "image_size_x": "960",
        "image_size_y": "540",
        "fov": "70.00",
        "lens_circle_falloff": "5.0",
        "lens_circle_multiplier": "0.0",
        "exposure_compensation": "0.0",
        "lens_y_size": "0.08",
        "lens_k": "-1.0",
        "exposure_mode": "histogram",
        "lens_kcube": "0.0",
        "lens_x_size": "0.08",
        "exposure_max_bright": "12.0",
        "shutter_speed": "200.0",
        "bloom_intensity": "0.675",
        "iso": "100.0",
        "enable_postprocess_effects": "false",
        "gamma": "2.2",
        "motion_blur_intensity": "0.0",
        "motion_blur_max_distortion": "0.35",
        "lens_flare_intensity": "0.1",
        "motion_blur_min_object_screen_size": "0.1",
        "exposure_min_bright": "10.0",
        "exposure_speed_up": "3.0",
        "exposure_speed_down": "1.0",
        "tint": "0.0",
        "calibration_constant": "16.0",
        "focal_distance": "1000.0",
        "min_fstop": "1.2",
        "blade_count": "5",
        "blur_amount": "0.0",
        "blur_radius": "0.0",
        "slope": "0.88",
        "toe": "0.55",
        "white_clip": "0.04",
        "shoulder": "0.26",
        "black_clip": "0.0",
        "temp": "6500.0",
        "chromatic_aberration_intensity": "0.0"
      },
      "transform_carla": {
        "location": {
          "x": 106.73999786376953,
          "y": -26.308759689331055,
          "z": 1.7040340900421143
        },
        "rotation": {
          "roll": 0.5498596429824829,
          "pitch": 0.15399344265460968,
          "yaw": -38.08909606933594
        }
      },
      "matrix_world_from_sensor_carla": [
        [
          0.7870495915412903,
          0.6168779730796814,
          0.0038048240821808577,
          106.73999786376953
        ],
        [
          -0.6168838143348694,
          0.787000298500061,
          0.009211039170622826,
          -26.308759689331055
        ],
        [
          0.002687689382582903,
          -0.009596679359674454,
          0.9999502897262573,
          1.7040340900421143
        ],
        [
          0.0,
          0.0,
          0.0,
          1.0
        ]
      ],
      "matrix_world_from_sensor_bevfusion": [
        [
          0.6168779730796814,
          -0.0038048240821808577,
          0.7870495915412903,
          106.73999786376953
        ],
        [
          -0.787000298500061,
          0.009211039170622826,
          0.6168838143348694,
          26.308759689331055
        ],
        [
          -0.009596679359674454,
          -0.9999502897262573,
          0.002687689382582903,
          1.7040340900421143
        ],
        [
          0.0,
          0.0,
          0.0,
          1.0
        ]
      ],
      "matrix_ego_from_sensor_carla": [
        [
          0.5735762715339661,
          -0.8191521763801575,
          -4.545033682745725e-09,
          1.3000011444091797
        ],
        [
          0.8191521763801575,
          0.5735763311386108,
          -5.5501114815115216e-09,
          0.5499954223632812
        ],
        [
          7.111500721634911e-09,
          3.709033080667723e-12,
          1.0,
          1.7000000476837158
        ],
        [
          0.0,
          0.0,
          0.0,
          1.0
        ]
      ],
      "matrix_ego_from_sensor_bevfusion": [
        [
          -0.8191521763801575,
          4.545033682745725e-09,
          0.5735762715339661,
          1.3000011444091797
        ],
        [
          -0.5735763311386108,
          -5.5501114815115216e-09,
          -0.8191521763801575,
          -0.5499954223632812
        ],
        [
          3.709033080667723e-12,
          -1.0,
          7.111500721634911e-09,
          1.7000000476837158
        ],
        [
          0.0,
          0.0,
          0.0,
          1.0
        ]
      ],
      "camera_intrinsics": [
        [
          685.5110473632812,
          0.0,
          480.0
        ],
        [
          0.0,
          685.5110473632812,
          270.0
        ],
        [
          0.0,
          0.0,
          1.0
        ]
      ],
      "data_path": "D:\\Agent-AI\\outputs\\s3a_ml_long_v2\\sample_000008\\images\\CAM_FRONT_RIGHT.png",
      "raw_layout": "bgra8"
    },
    "CAM_FRONT_LEFT": {
      "type_id": "sensor.camera.rgb",
      "blueprint_attributes": {
        "role_name": "front",
        "ros_name": "sensor.camera.rgb",
        "chromatic_aberration_offset": "0.0",
        "sensor_tick": "0.100000",
        "fstop": "1.4",
        "image_size_x": "960",
        "image_size_y": "540",
        "fov": "70.00",
        "lens_circle_falloff": "5.0",
        "lens_circle_multiplier": "0.0",
        "exposure_compensation": "0.0",
        "lens_y_size": "0.08",
        "lens_k": "-1.0",
        "exposure_mode": "histogram",
        "lens_kcube": "0.0",
        "lens_x_size": "0.08",
        "exposure_max_bright": "12.0",
        "shutter_speed": "200.0",
        "bloom_intensity": "0.675",
        "iso": "100.0",
        "enable_postprocess_effects": "false",
        "gamma": "2.2",
        "motion_blur_intensity": "0.0",
        "motion_blur_max_distortion": "0.35",
        "lens_flare_intensity": "0.1",
        "motion_blur_min_object_screen_size": "0.1",
        "exposure_min_bright": "10.0",
        "exposure_speed_up": "3.0",
        "exposure_speed_down": "1.0",
        "tint": "0.0",
        "calibration_constant": "16.0",
        "focal_distance": "1000.0",
        "min_fstop": "1.2",
        "blade_count": "5",
        "blur_amount": "0.0",
        "blur_radius": "0.0",
        "slope": "0.88",
        "toe": "0.55",
        "white_clip": "0.04",
        "shoulder": "0.26",
        "black_clip": "0.0",
        "temp": "6500.0",
        "chromatic_aberration_intensity": "0.0"
      },
      "transform_carla": {
        "location": {
          "x": 105.64160919189453,
          "y": -26.24945068359375,
          "z": 1.7076672315597534
        },
        "rotation": {
          "roll": -0.33277833461761475,
          "pitch": 0.46402254700660706,
          "yaw": -148.09117126464844
        }
      },
      "matrix_world_from_sensor_carla": [
        [
          -0.84886234998703,
          0.5286002159118652,
          0.003804780077189207,
          105.64160919189453
        ],
        [
          -0.5285518765449524,
          -0.8488510251045227,
          0.009211008436977863,
          -26.24945068359375
        ],
        [
          0.008098633028566837,
          0.005807854700833559,
          0.9999503493309021,
          1.7076672315597534
        ],
        [
          0.0,
          0.0,
          0.0,
          1.0
        ]
      ],
      "matrix_world_from_sensor_bevfusion": [
        [
          0.5286002159118652,
          -0.003804780077189207,
          -0.84886234998703,
          105.64160919189453
        ],
        [
          0.8488510251045227,
          0.009211008436977863,
          0.5285518765449524,
          26.24945068359375
        ],
        [
          0.005807854700833559,
          -0.9999503493309021,
          0.008098633028566837,
          1.7076672315597534
        ],
        [
          0.0,
          0.0,
          0.0,
          1.0
        ]
      ],
      "matrix_ego_from_sensor_carla": [
        [
          0.5735768675804138,
          0.8191518187522888,
          2.861170322887574e-08,
          1.3000011444091797
        ],
        [
          -0.8191518187522888,
          0.573576807975769,
          -4.812214982052865e-08,
          -0.54998779296875
        ],
        [
          -5.516783474490694e-08,
          3.951930338530474e-09,
          1.0000001192092896,
          1.7000000476837158
        ],
        [
          0.0,
          0.0,
          0.0,
          1.0
        ]
      ],
      "matrix_ego_from_sensor_bevfusion": [
        [
          0.8191518187522888,
          -2.861170322887574e-08,
          0.5735768675804138,
          1.3000011444091797
        ],
        [
          -0.573576807975769,
          -4.812214982052865e-08,
          0.8191518187522888,
          0.54998779296875
        ],
        [
          3.951930338530474e-09,
          -1.0000001192092896,
          -5.516783474490694e-08,
          1.7000000476837158
        ],
        [
          0.0,
          0.0,
          0.0,
          1.0
        ]
      ],
      "camera_intrinsics": [
        [
          685.5110473632812,
          0.0,
          480.0
        ],
        [
          0.0,
          685.5110473632812,
          270.0
        ],
        [
          0.0,
          0.0,
          1.0
        ]
      ],
      "data_path": "D:\\Agent-AI\\outputs\\s3a_ml_long_v2\\sample_000008\\images\\CAM_FRONT_LEFT.png",
      "raw_layout": "bgra8"
    },
    "CAM_BACK": {
      "type_id": "sensor.camera.rgb",
      "blueprint_attributes": {
        "role_name": "front",
        "ros_name": "sensor.camera.rgb",
        "chromatic_aberration_offset": "0.0",
        "sensor_tick": "0.100000",
        "fstop": "1.4",
        "image_size_x": "960",
        "image_size_y": "540",
        "fov": "70.00",
        "lens_circle_falloff": "5.0",
        "lens_circle_multiplier": "0.0",
        "exposure_compensation": "0.0",
        "lens_y_size": "0.08",
        "lens_k": "-1.0",
        "exposure_mode": "histogram",
        "lens_kcube": "0.0",
        "lens_x_size": "0.08",
        "exposure_max_bright": "12.0",
        "shutter_speed": "200.0",
        "bloom_intensity": "0.675",
        "iso": "100.0",
        "enable_postprocess_effects": "false",
        "gamma": "2.2",
        "motion_blur_intensity": "0.0",
        "motion_blur_max_distortion": "0.35",
        "lens_flare_intensity": "0.1",
        "motion_blur_min_object_screen_size": "0.1",
        "exposure_min_bright": "10.0",
        "exposure_speed_up": "3.0",
        "exposure_speed_down": "1.0",
        "tint": "0.0",
        "calibration_constant": "16.0",
        "focal_distance": "1000.0",
        "min_fstop": "1.2",
        "blade_count": "5",
        "blur_amount": "0.0",
        "blur_radius": "0.0",
        "slope": "0.88",
        "toe": "0.55",
        "white_clip": "0.04",
        "shoulder": "0.26",
        "black_clip": "0.0",
        "temp": "6500.0",
        "chromatic_aberration_intensity": "0.0"
      },
      "transform_carla": {
        "location": {
          "x": 106.34437561035156,
          "y": -23.43337059020996,
          "z": 1.6790528297424316
        },
        "rotation": {
          "roll": -0.18924573063850403,
          "pitch": -0.5387448072433472,
          "yaw": 86.91104888916016
        }
      },
      "matrix_world_from_sensor_carla": [
        [
          0.053883861750364304,
          -0.998539924621582,
          0.003804831299930811,
          106.34437561035156
        ],
        [
          0.9985029101371765,
          0.053916964679956436,
          0.009211034514009953,
          -23.43337059020996
        ],
        [
          -0.00940273143351078,
          0.0033028090838342905,
          0.9999502897262573,
          1.6790528297424316
        ],
        [
          0.0,
          0.0,
          0.0,
          1.0
        ]
      ],
      "matrix_world_from_sensor_bevfusion": [
        [
          -0.998539924621582,
          -0.003804831299930811,
          0.053883861750364304,
          106.34437561035156
        ],
        [
          -0.053916964679956436,
          0.009211034514009953,
          -0.9985029101371765,
          23.43337059020996
        ],
        [
          0.0033028090838342905,
          -0.9999502897262573,
          -0.00940273143351078,
          1.6790528297424316
        ],
        [
          0.0,
          0.0,
          0.0,
          1.0
        ]
      ],
      "matrix_ego_from_sensor_carla": [
        [
          -1.0,
          8.655011640712473e-08,
          -8.197436063284158e-10,
          -1.5500011444091797
        ],
        [
          -8.521711691855671e-08,
          -1.0,
          1.9004693374569115e-09,
          7.62939453125e-06
        ],
        [
          -3.0114932769720326e-10,
          1.7527694851082742e-09,
          1.0,
          1.7000000476837158
        ],
        [
          0.0,
          0.0,
          0.0,
          1.0
        ]
      ],
      "matrix_ego_from_sensor_bevfusion": [
        [
          8.655011640712473e-08,
          8.197436063284158e-10,
          -1.0,
          -1.5500011444091797
        ],
        [
          1.0,
          1.9004693374569115e-09,
          8.521711691855671e-08,
          -7.62939453125e-06
        ],
        [
          1.7527694851082742e-09,
          -1.0,
          -3.0114932769720326e-10,
          1.7000000476837158
        ],
        [
          0.0,
          0.0,
          0.0,
          1.0
        ]
      ],
      "camera_intrinsics": [
        [
          685.5110473632812,
          0.0,
          480.0
        ],
        [
          0.0,
          685.5110473632812,
          270.0
        ],
        [
          0.0,
          0.0,
          1.0
        ]
      ],
      "data_path": "D:\\Agent-AI\\outputs\\s3a_ml_long_v2\\sample_000008\\images\\CAM_BACK.png",
      "raw_layout": "bgra8"
    },
    "CAM_BACK_LEFT": {
      "type_id": "sensor.camera.rgb",
      "blueprint_attributes": {
        "role_name": "front",
        "ros_name": "sensor.camera.rgb",
        "chromatic_aberration_offset": "0.0",
        "sensor_tick": "0.100000",
        "fstop": "1.4",
        "image_size_x": "960",
        "image_size_y": "540",
        "fov": "70.00",
        "lens_circle_falloff": "5.0",
        "lens_circle_multiplier": "0.0",
        "exposure_compensation": "0.0",
        "lens_y_size": "0.08",
        "lens_k": "-1.0",
        "exposure_mode": "histogram",
        "lens_kcube": "0.0",
        "lens_x_size": "0.08",
        "exposure_max_bright": "12.0",
        "shutter_speed": "200.0",
        "bloom_intensity": "0.675",
        "iso": "100.0",
        "enable_postprocess_effects": "false",
        "gamma": "2.2",
        "motion_blur_intensity": "0.0",
        "motion_blur_max_distortion": "0.35",
        "lens_flare_intensity": "0.1",
        "motion_blur_min_object_screen_size": "0.1",
        "exposure_min_bright": "10.0",
        "exposure_speed_up": "3.0",
        "exposure_speed_down": "1.0",
        "tint": "0.0",
        "calibration_constant": "16.0",
        "focal_distance": "1000.0",
        "min_fstop": "1.2",
        "blade_count": "5",
        "blur_amount": "0.0",
        "blur_radius": "0.0",
        "slope": "0.88",
        "toe": "0.55",
        "white_clip": "0.04",
        "shoulder": "0.26",
        "black_clip": "0.0",
        "temp": "6500.0",
        "chromatic_aberration_intensity": "0.0"
      },
      "transform_carla": {
        "location": {
          "x": 105.78170776367188,
          "y": -23.65334129333496,
          "z": 1.6832201480865479
        },
        "rotation": {
          "roll": -0.5498595237731934,
          "pitch": -0.15399344265460968,
          "yaw": 141.91090393066406
        }
      },
      "matrix_world_from_sensor_carla": [
        [
          -0.7870496511459351,
          -0.6168779134750366,
          0.0038048219867050648,
          105.78170776367188
        ],
        [
          0.6168837547302246,
          -0.7870003581047058,
          0.009211038239300251,
          -23.65334129333496
        ],
        [
          -0.002687689382582903,
          0.009596677497029305,
          0.9999502897262573,
          1.6832201480865479
        ],
        [
          0.0,
          0.0,
          0.0,
          1.0
        ]
      ],
      "matrix_world_from_sensor_bevfusion": [
        [
          -0.6168779134750366,
          -0.0038048219867050648,
          -0.7870496511459351,
          105.78170776367188
        ],
        [
          0.7870003581047058,
          0.009211038239300251,
          -0.6168837547302246,
          23.65334129333496
        ],
        [
          0.009596677497029305,
          -0.9999502897262573,
          -0.002687689382582903,
          1.6832201480865479
        ],
        [
          0.0,
          0.0,
          0.0,
          1.0
        ]
      ],
      "matrix_ego_from_sensor_carla": [
        [
          -0.5735762119293213,
          0.8191522359848022,
          -3.6137113301748514e-09,
          -1.2999992370605469
        ],
        [
          -0.8191521763801575,
          -0.5735762715339661,
          -7.645587274396348e-09,
          -0.54998779296875
        ],
        [
          -8.04282329625039e-09,
          -1.866261811755976e-09,
          1.0,
          1.700000286102295
        ],
        [
          0.0,
          0.0,
          0.0,
          1.0
        ]
      ],
      "matrix_ego_from_sensor_bevfusion": [
        [
          0.8191522359848022,
          3.6137113301748514e-09,
          -0.5735762119293213,
          -1.2999992370605469
        ],
        [
          0.5735762715339661,
          -7.645587274396348e-09,
          0.8191521763801575,
          0.54998779296875
        ],
        [
          -1.866261811755976e-09,
          -1.0,
          -8.04282329625039e-09,
          1.700000286102295
        ],
        [
          0.0,
          0.0,
          0.0,
          1.0
        ]
      ],
      "camera_intrinsics": [
        [
          685.5110473632812,
          0.0,
          480.0
        ],
        [
          0.0,
          685.5110473632812,
          270.0
        ],
        [
          0.0,
          0.0,
          1.0
        ]
      ],
      "data_path": "D:\\Agent-AI\\outputs\\s3a_ml_long_v2\\sample_000008\\images\\CAM_BACK_LEFT.png",
      "raw_layout": "bgra8"
    },
    "CAM_BACK_RIGHT": {
      "type_id": "sensor.camera.rgb",
      "blueprint_attributes": {
        "role_name": "front",
        "ros_name": "sensor.camera.rgb",
        "chromatic_aberration_offset": "0.0",
        "sensor_tick": "0.100000",
        "fstop": "1.4",
        "image_size_x": "960",
        "image_size_y": "540",
        "fov": "70.00",
        "lens_circle_falloff": "5.0",
        "lens_circle_multiplier": "0.0",
        "exposure_compensation": "0.0",
        "lens_y_size": "0.08",
        "lens_k": "-1.0",
        "exposure_mode": "histogram",
        "lens_kcube": "0.0",
        "lens_x_size": "0.08",
        "exposure_max_bright": "12.0",
        "shutter_speed": "200.0",
        "bloom_intensity": "0.675",
        "iso": "100.0",
        "enable_postprocess_effects": "false",
        "gamma": "2.2",
        "motion_blur_intensity": "0.0",
        "motion_blur_max_distortion": "0.35",
        "lens_flare_intensity": "0.1",
        "motion_blur_min_object_screen_size": "0.1",
        "exposure_min_bright": "10.0",
        "exposure_speed_up": "3.0",
        "exposure_speed_down": "1.0",
        "tint": "0.0",
        "calibration_constant": "16.0",
        "focal_distance": "1000.0",
        "min_fstop": "1.2",
        "blade_count": "5",
        "blur_amount": "0.0",
        "blur_radius": "0.0",
        "slope": "0.88",
        "toe": "0.55",
        "white_clip": "0.04",
        "shoulder": "0.26",
        "black_clip": "0.0",
        "temp": "6500.0",
        "chromatic_aberration_intensity": "0.0"
      },
      "transform_carla": {
        "location": {
          "x": 106.88009643554688,
          "y": -23.712650299072266,
          "z": 1.6795870065689087
        },
        "rotation": {
          "roll": 0.33277836441993713,
          "pitch": -0.46402254700660706,
          "yaw": 31.9088077545166
        }
      },
      "matrix_world_from_sensor_carla": [
        [
          0.8488626480102539,
          -0.5285997986793518,
          0.00380478473380208,
          106.88009643554688
        ],
        [
          0.528551459312439,
          0.8488513231277466,
          0.009211007505655289,
          -23.712650299072266
        ],
        [
          -0.008098633028566837,
          -0.005807855166494846,
          0.9999503493309021,
          1.6795870065689087
        ],
        [
          0.0,
          0.0,
          0.0,
          1.0
        ]
      ],
      "matrix_world_from_sensor_bevfusion": [
        [
          -0.5285997986793518,
          -0.00380478473380208,
          0.8488626480102539,
          106.88009643554688
        ],
        [
          -0.8488513231277466,
          0.009211007505655289,
          -0.528551459312439,
          23.712650299072266
        ],
        [
          -0.005807855166494846,
          -0.9999503493309021,
          -0.008098633028566837,
          1.6795870065689087
        ],
        [
          0.0,
          0.0,
          0.0,
          1.0
        ]
      ],
      "matrix_ego_from_sensor_carla": [
        [
          -0.5735764503479004,
          -0.8191521167755127,
          2.954302580349122e-08,
          -1.2999992370605469
        ],
        [
          0.8191521167755127,
          -0.5735763907432556,
          -4.3465536947451255e-08,
          0.5500106811523438
        ],
        [
          5.3305189595675984e-08,
          2.390443398780917e-10,
          1.0000001192092896,
          1.7000000476837158
        ],
        [
          0.0,
          0.0,
          0.0,
          1.0
        ]
      ],
      "matrix_ego_from_sensor_bevfusion": [
        [
          -0.8191521167755127,
          -2.954302580349122e-08,
          -0.5735764503479004,
          -1.2999992370605469
        ],
        [
          0.5735763907432556,
          -4.3465536947451255e-08,
          -0.8191521167755127,
          -0.5500106811523438
        ],
        [
          2.390443398780917e-10,
          -1.0000001192092896,
          5.3305189595675984e-08,
          1.7000000476837158
        ],
        [
          0.0,
          0.0,
          0.0,
          1.0
        ]
      ],
      "camera_intrinsics": [
        [
          685.5110473632812,
          0.0,
          480.0
        ],
        [
          0.0,
          685.5110473632812,
          270.0
        ],
        [
          0.0,
          0.0,
          1.0
        ]
      ],
      "data_path": "D:\\Agent-AI\\outputs\\s3a_ml_long_v2\\sample_000008\\images\\CAM_BACK_RIGHT.png",
      "raw_layout": "bgra8"
    },
    "LIDAR_TOP": {
      "type_id": "sensor.lidar.ray_cast",
      "blueprint_attributes": {
        "atmosphere_attenuation_rate": "0.004",
        "role_name": "front",
        "noise_seed": "0",
        "upper_fov": "10.0",
        "ros_name": "sensor.lidar.ray_cast",
        "sensor_tick": "0.100000",
        "channels": "32",
        "range": "120.0",
        "points_per_second": "360000",
        "lower_fov": "-30.0",
        "rotation_frequency": "10.000000",
        "horizontal_fov": "360.0",
        "dropoff_general_rate": "0.0",
        "dropoff_intensity_limit": "1.0",
        "noise_stddev": "0.0",
        "dropoff_zero_intensity": "0.0"
      },
      "transform_carla": {
        "location": {
          "x": 106.26274871826172,
          "y": -24.976444244384766,
          "z": 2.1936023235321045
        },
        "rotation": {
          "roll": 0.1892455816268921,
          "pitch": 0.5387448072433472,
          "yaw": -93.08895874023438
        }
      },
      "matrix_world_from_sensor_carla": [
        [
          -0.05388394743204117,
          0.998539924621582,
          0.0038048294372856617,
          106.26274871826172
        ],
        [
          -0.9985029101371765,
          -0.0539170503616333,
          0.009211034514009953,
          -24.976444244384766
        ],
        [
          0.00940273143351078,
          -0.0033028065226972103,
          0.9999502897262573,
          2.1936023235321045
        ],
        [
          0.0,
          0.0,
          0.0,
          1.0
        ]
      ],
      "matrix_world_from_sensor_bevfusion": [
        [
          -0.05388394743204117,
          -0.998539924621582,
          0.0038048294372856617,
          106.26274871826172
        ],
        [
          0.9985029101371765,
          -0.0539170503616333,
          -0.009211034514009953,
          24.976444244384766
        ],
        [
          0.00940273143351078,
          0.0033028065226972103,
          0.9999502897262573,
          2.1936023235321045
        ],
        [
          0.0,
          0.0,
          0.0,
          1.0
        ]
      ],
      "matrix_ego_from_sensor_carla": [
        [
          1.0,
          -9.753281515756385e-10,
          -8.197436063284158e-10,
          0.0
        ],
        [
          -4.645623885579653e-10,
          1.0,
          3.782416047037884e-11,
          0.0
        ],
        [
          3.0114932769720326e-10,
          -1.2308198904520395e-10,
          1.0,
          2.200000286102295
        ],
        [
          0.0,
          0.0,
          0.0,
          1.0
        ]
      ],
      "matrix_ego_from_sensor_bevfusion": [
        [
          1.0,
          9.753281515756385e-10,
          -8.197436063284158e-10,
          0.0
        ],
        [
          4.645623885579653e-10,
          1.0,
          -3.782416047037884e-11,
          0.0
        ],
        [
          3.0114932769720326e-10,
          1.2308198904520395e-10,
          1.0,
          2.200000286102295
        ],
        [
          0.0,
          0.0,
          0.0,
          1.0
        ]
      ],
      "data_path": "D:\\Agent-AI\\outputs\\s3a_ml_long_v2\\sample_000008\\lidar\\LIDAR_TOP.npy",
      "raw_layout": [
        "x",
        "y",
        "z",
        "intensity"
      ]
    },
    "RADAR_FRONT": {
      "type_id": "sensor.other.radar",
      "blueprint_attributes": {
        "sensor_tick": "0.100000",
        "role_name": "default",
        "noise_seed": "0",
        "ros_name": "sensor.other.radar",
        "horizontal_fov": "35.0",
        "points_per_second": "1500",
        "vertical_fov": "20.0",
        "range": "120.0"
      },
      "transform_carla": {
        "location": {
          "x": 106.15003967285156,
          "y": -26.985424041748047,
          "z": 0.9124723076820374
        },
        "rotation": {
          "roll": 0.1892455816268921,
          "pitch": 0.5387448072433472,
          "yaw": -93.08895874023438
        }
      },
      "matrix_world_from_sensor_carla": [
        [
          -0.05388394743204117,
          0.998539924621582,
          0.0038048294372856617,
          106.15003967285156
        ],
        [
          -0.9985029101371765,
          -0.0539170503616333,
          0.009211034514009953,
          -26.985424041748047
        ],
        [
          0.00940273143351078,
          -0.0033028065226972103,
          0.9999502897262573,
          0.9124723076820374
        ],
        [
          0.0,
          0.0,
          0.0,
          1.0
        ]
      ],
      "matrix_world_from_sensor_bevfusion": [
        [
          -0.05388394743204117,
          -0.998539924621582,
          0.0038048294372856617,
          106.15003967285156
        ],
        [
          0.9985029101371765,
          -0.0539170503616333,
          -0.009211034514009953,
          26.985424041748047
        ],
        [
          0.00940273143351078,
          0.0033028065226972103,
          0.9999502897262573,
          0.9124723076820374
        ],
        [
          0.0,
          0.0,
          0.0,
          1.0
        ]
      ],
      "matrix_ego_from_sensor_carla": [
        [
          1.0,
          -9.753281515756385e-10,
          -8.197436063284158e-10,
          2.0
        ],
        [
          -4.645623885579653e-10,
          1.0,
          3.782416047037884e-11,
          0.0
        ],
        [
          3.0114932769720326e-10,
          -1.2308198904520395e-10,
          1.0,
          0.9000000357627869
        ],
        [
          0.0,
          0.0,
          0.0,
          1.0
        ]
      ],
      "matrix_ego_from_sensor_bevfusion": [
        [
          1.0,
          9.753281515756385e-10,
          -8.197436063284158e-10,
          2.0
        ],
        [
          4.645623885579653e-10,
          1.0,
          -3.782416047037884e-11,
          0.0
        ],
        [
          3.0114932769720326e-10,
          1.2308198904520395e-10,
          1.0,
          0.9000000357627869
        ],
        [
          0.0,
          0.0,
          0.0,
          1.0
        ]
      ],
      "data_path": "D:\\Agent-AI\\outputs\\s3a_ml_long_v2\\sample_000008\\radar\\RADAR_FRONT.npy",
      "raw_layout": [
        "velocity",
        "altitude",
        "azimuth",
        "depth"
      ]
    },
    "RADAR_FRONT_LEFT": {
      "type_id": "sensor.other.radar",
      "blueprint_attributes": {
        "sensor_tick": "0.100000",
        "role_name": "default",
        "noise_seed": "0",
        "ros_name": "sensor.other.radar",
        "horizontal_fov": "35.0",
        "points_per_second": "1500",
        "vertical_fov": "20.0",
        "range": "120.0"
      },
      "transform_carla": {
        "location": {
          "x": 105.41999816894531,
          "y": -26.595510482788086,
          "z": 0.9116584658622742
        },
        "rotation": {
          "roll": -0.24714453518390656,
          "pitch": 0.5147640109062195,
          "yaw": -138.0909423828125
        }
      },
      "matrix_world_from_sensor_carla": [
        [
          -0.7441759705543518,
          0.6679728031158447,
          0.0038048529531806707,
          105.41999816894531
        ],
        [
          -0.6679232120513916,
          -0.7441732287406921,
          0.009211057797074318,
          -26.595510482788086
        ],
        [
          0.008984205313026905,
          0.004313298035413027,
          0.9999503493309021,
          0.9116584658622742
        ],
        [
          0.0,
          0.0,
          0.0,
          1.0
        ]
      ],
      "matrix_world_from_sensor_bevfusion": [
        [
          -0.7441759705543518,
          -0.6679728031158447,
          0.0038048529531806707,
          105.41999816894531
        ],
        [
          0.6679232120513916,
          -0.7441732287406921,
          -0.009211057797074318,
          26.595510482788086
        ],
        [
          0.008984205313026905,
          -0.004313298035413027,
          0.9999503493309021,
          0.9116584658622742
        ],
        [
          0.0,
          0.0,
          0.0,
          1.0
        ]
      ],
      "matrix_ego_from_sensor_carla": [
        [
          0.70710688829422,
          0.7071067094802856,
          -2.4473683524206535e-08,
          1.6499996185302734
        ],
        [
          -0.7071066498756409,
          0.7071069478988647,
          2.195987214292927e-08,
          -0.7499923706054688
        ],
        [
          3.2232176039315164e-08,
          1.2344738564706859e-09,
          1.0000001192092896,
          0.9000001549720764
        ],
        [
          0.0,
          0.0,
          0.0,
          1.0
        ]
      ],
      "matrix_ego_from_sensor_bevfusion": [
        [
          0.70710688829422,
          -0.7071067094802856,
          -2.4473683524206535e-08,
          1.6499996185302734
        ],
        [
          0.7071066498756409,
          0.7071069478988647,
          -2.195987214292927e-08,
          0.7499923706054688
        ],
        [
          3.2232176039315164e-08,
          -1.2344738564706859e-09,
          1.0000001192092896,
          0.9000001549720764
        ],
        [
          0.0,
          0.0,
          0.0,
          1.0
        ]
      ],
      "data_path": "D:\\Agent-AI\\outputs\\s3a_ml_long_v2\\sample_000008\\radar\\RADAR_FRONT_LEFT.npy",
      "raw_layout": [
        "velocity",
        "altitude",
        "azimuth",
        "depth"
      ]
    },
    "RADAR_FRONT_RIGHT": {
      "type_id": "sensor.other.radar",
      "blueprint_attributes": {
        "sensor_tick": "0.100000",
        "role_name": "default",
        "noise_seed": "0",
        "ros_name": "sensor.other.radar",
        "horizontal_fov": "35.0",
        "points_per_second": "1500",
