{
  "schema_version": "stage1.v1",
  "sample_name": "sample_000109",
  "sequence_index": 109,
  "previous_sample_name": "sample_000108",
  "frame_id": 60110,
  "timestamp": 445.91970091313124,
  "platform_timestamp": 16814612.6238019,
  "delta_seconds": 0.10000000149011612,
  "town": "Carla/Maps/Town10HD_Opt",
  "weather": {
    "cloudiness": 20.0,
    "dust_storm": 0.0,
    "fog_density": 2.0,
    "fog_distance": 0.75,
    "fog_falloff": 0.10000000149011612,
    "mie_scattering_scale": 0.029999999329447746,
    "precipitation": 0.0,
    "precipitation_deposits": 0.0,
    "rayleigh_scattering_scale": 0.03310000151395798,
    "scattering_intensity": 1.0,
    "sun_altitude_angle": 45.0,
    "sun_azimuth_angle": 300.0,
    "wetness": 0.0,
    "wind_intensity": 10.0
  },
  "sensor_names": [
    "CAM_FRONT",
    "CAM_FRONT_RIGHT",
    "CAM_FRONT_LEFT",
    "CAM_BACK",
    "CAM_BACK_LEFT",
    "CAM_BACK_RIGHT",
    "LIDAR_TOP",
    "RADAR_FRONT",
    "RADAR_FRONT_LEFT",
    "RADAR_FRONT_RIGHT",
    "RADAR_BACK_LEFT",
    "RADAR_BACK_RIGHT"
  ],
  "camera_order_for_model": [
    "CAM_FRONT",
    "CAM_FRONT_RIGHT",
    "CAM_FRONT_LEFT",
    "CAM_BACK",
    "CAM_BACK_LEFT",
    "CAM_BACK_RIGHT"
  ],
  "radar_order_for_model": [
    "RADAR_FRONT",
    "RADAR_FRONT_LEFT",
    "RADAR_FRONT_RIGHT",
    "RADAR_BACK_LEFT",
    "RADAR_BACK_RIGHT"
  ],
  "coordinate_notes": {
    "carla_world": "left-handed x-forward y-right z-up",
    "bevfusion_lidar": "x-forward y-left z-up",
    "camera_frame_for_model": "OpenCV style x-right y-down z-forward"
  },
  "ego": {
    "actor_id": 28,
    "transform_carla": {
      "location": {
        "x": 77.28752136230469,
        "y": -62.279911041259766,
        "z": -0.004499778617173433
      },
      "rotation": {
        "roll": -3.0517578125e-05,
        "pitch": -0.0003073585103265941,
        "yaw": -161.72349548339844
      }
    },
    "velocity_carla": [
      3.4293086628167657e-06,
      7.103461143742607e-07,
      -2.5081633339141263e-06
    ],
    "angular_velocity_carla": [
      -0.00020726652292069048,
      0.0010571187594905496,
      9.275025263377756e-07
    ],
    "matrix_world_from_ego_carla": [
      [
        -0.9495541453361511,
        0.3136030435562134,
        -5.260840225673746e-06,
        77.28752136230469
      ],
      [
        -0.3136030435562134,
        -0.9495541453361511,
        -1.176534624391934e-06,
        -62.279911041259766
      ],
      [
        -5.364418029785156e-06,
        5.326322138898831e-07,
        1.0,
        -0.004499778617173433
      ],
      [
        0.0,
        0.0,
        0.0,
        1.0
      ]
    ],
    "matrix_world_from_ego_bevfusion": [
      [
        -0.9495541453361511,
        -0.3136030435562134,
        -5.260840225673746e-06,
        77.28752136230469
      ],
      [
        0.3136030435562134,
        -0.9495541453361511,
        1.176534624391934e-06,
        62.279911041259766
      ],
      [
        -5.364418029785156e-06,
        -5.326322138898831e-07,
        1.0,
        -0.004499778617173433
      ],
      [
        0.0,
        0.0,
        0.0,
        1.0
      ]
    ]
  },
  "sensors": {
    "CAM_FRONT": {
      "type_id": "sensor.camera.rgb",
      "blueprint_attributes": {
        "role_name": "front",
        "ros_name": "sensor.camera.rgb",
        "chromatic_aberration_offset": "0.0",
        "sensor_tick": "0.100000",
        "fstop": "1.4",
        "image_size_x": "960",
        "image_size_y": "540",
        "fov": "70.00",
        "lens_circle_falloff": "5.0",
        "lens_circle_multiplier": "0.0",
        "exposure_compensation": "0.0",
        "lens_y_size": "0.08",
        "lens_k": "-1.0",
        "exposure_mode": "histogram",
        "lens_kcube": "0.0",
        "lens_x_size": "0.08",
        "exposure_max_bright": "12.0",
        "shutter_speed": "200.0",
        "bloom_intensity": "0.675",
        "iso": "100.0",
        "enable_postprocess_effects": "false",
        "gamma": "2.2",
        "motion_blur_intensity": "0.0",
        "motion_blur_max_distortion": "0.35",
        "lens_flare_intensity": "0.1",
        "motion_blur_min_object_screen_size": "0.1",
        "exposure_min_bright": "10.0",
        "exposure_speed_up": "3.0",
        "exposure_speed_down": "1.0",
        "tint": "0.0",
        "calibration_constant": "16.0",
        "focal_distance": "1000.0",
        "min_fstop": "1.2",
        "blade_count": "5",
        "blur_amount": "0.0",
        "blur_radius": "0.0",
        "slope": "0.88",
        "toe": "0.55",
        "white_clip": "0.04",
        "shoulder": "0.26",
        "black_clip": "0.0",
        "temp": "6500.0",
        "chromatic_aberration_intensity": "0.0"
      },
      "transform_carla": {
        "location": {
          "x": 75.81570434570312,
          "y": -62.76599884033203,
          "z": 1.6954917907714844
        },
        "rotation": {
          "roll": -3.0517578125e-05,
          "pitch": -0.0003073585103265941,
          "yaw": -161.72349548339844
        }
      },
      "matrix_world_from_sensor_carla": [
        [
          -0.9495541453361511,
          0.3136030435562134,
          -5.260840225673746e-06,
          75.81570434570312
        ],
        [
          -0.3136030435562134,
          -0.9495541453361511,
          -1.176534624391934e-06,
          -62.76599884033203
        ],
        [
          -5.364418029785156e-06,
          5.326322138898831e-07,
          1.0,
          1.6954917907714844
        ],
        [
          0.0,
          0.0,
          0.0,
          1.0
        ]
      ],
      "matrix_world_from_sensor_bevfusion": [
        [
          0.3136030435562134,
          5.260840225673746e-06,
          -0.9495541453361511,
          75.81570434570312
        ],
        [
          0.9495541453361511,
          -1.176534624391934e-06,
          0.3136030435562134,
          62.76599884033203
        ],
        [
          5.326322138898831e-07,
          -1.0,
          -5.364418029785156e-06,
          1.6954917907714844
        ],
        [
          0.0,
          0.0,
          0.0,
          1.0
        ]
      ],
      "matrix_ego_from_sensor_carla": [
        [
          1.0,
          2.153174527563806e-08,
          0.0,
          1.5500030517578125
        ],
        [
          -1.7877297864288266e-08,
          1.0,
          -5.684341886080802e-14,
          0.0
        ],
        [
          -4.547473508864641e-13,
          0.0,
          1.0,
          1.6999999284744263
        ],
        [
          0.0,
          0.0,
          0.0,
          1.0
        ]
      ],
      "matrix_ego_from_sensor_bevfusion": [
        [
          2.153174527563806e-08,
          0.0,
          1.0,
          1.5500030517578125
        ],
        [
          -1.0,
          -5.684341886080802e-14,
          1.7877297864288266e-08,
          0.0
        ],
        [
          0.0,
          -1.0,
          -4.547473508864641e-13,
          1.6999999284744263
        ],
        [
          0.0,
          0.0,
          0.0,
          1.0
        ]
      ],
      "camera_intrinsics": [
        [
          685.5110473632812,
          0.0,
          480.0
        ],
        [
          0.0,
          685.5110473632812,
          270.0
        ],
        [
          0.0,
          0.0,
          1.0
        ]
      ],
      "data_path": "D:\\Agent-AI\\outputs\\s3a_ml_long_v2\\sample_000109\\images\\CAM_FRONT.png",
      "raw_layout": "bgra8"
    },
    "CAM_FRONT_RIGHT": {
      "type_id": "sensor.camera.rgb",
      "blueprint_attributes": {
        "role_name": "front",
        "ros_name": "sensor.camera.rgb",
        "chromatic_aberration_offset": "0.0",
        "sensor_tick": "0.100000",
        "fstop": "1.4",
        "image_size_x": "960",
        "image_size_y": "540",
        "fov": "70.00",
        "lens_circle_falloff": "5.0",
        "lens_circle_multiplier": "0.0",
        "exposure_compensation": "0.0",
        "lens_y_size": "0.08",
        "lens_k": "-1.0",
        "exposure_mode": "histogram",
        "lens_kcube": "0.0",
        "lens_x_size": "0.08",
        "exposure_max_bright": "12.0",
        "shutter_speed": "200.0",
        "bloom_intensity": "0.675",
        "iso": "100.0",
        "enable_postprocess_effects": "false",
        "gamma": "2.2",
        "motion_blur_intensity": "0.0",
        "motion_blur_max_distortion": "0.35",
        "lens_flare_intensity": "0.1",
        "motion_blur_min_object_screen_size": "0.1",
        "exposure_min_bright": "10.0",
        "exposure_speed_up": "3.0",
        "exposure_speed_down": "1.0",
        "tint": "0.0",
        "calibration_constant": "16.0",
        "focal_distance": "1000.0",
        "min_fstop": "1.2",
        "blade_count": "5",
        "blur_amount": "0.0",
        "blur_radius": "0.0",
        "slope": "0.88",
        "toe": "0.55",
        "white_clip": "0.04",
        "shoulder": "0.26",
        "black_clip": "0.0",
        "temp": "6500.0",
        "chromatic_aberration_intensity": "0.0"
      },
      "transform_carla": {
        "location": {
          "x": 76.22557067871094,
          "y": -63.2098503112793,
          "z": 1.6954935789108276
        },
        "rotation": {
          "roll": -0.00026748949312604964,
          "pitch": -0.000150264153489843,
          "yaw": -106.72351837158203
        }
      },
      "matrix_world_from_sensor_carla": [
        [
          -0.2877536118030548,
          0.957704484462738,
          -5.225776476436295e-06,
          76.22557067871094
        ],
        [
          -0.957704484462738,
          -0.2877536118030548,
          -1.16828118734702e-06,
          -63.2098503112793
        ],
        [
          -2.622604142743512e-06,
          4.668572273658356e-06,
          1.0,
          1.6954935789108276
        ],
        [
          0.0,
          0.0,
          0.0,
          1.0
        ]
      ],
      "matrix_world_from_sensor_bevfusion": [
        [
          0.957704484462738,
          5.225776476436295e-06,
          -0.2877536118030548,
          76.22557067871094
        ],
        [
          0.2877536118030548,
          -1.16828118734702e-06,
          0.957704484462738,
          63.2098503112793
        ],
        [
          4.668572273658356e-06,
          -1.0,
          -2.622604142743512e-06,
          1.6954935789108276
        ],
        [
          0.0,
          0.0,
          0.0,
          1.0
        ]
      ],
      "matrix_ego_from_sensor_carla": [
        [
          0.5735766887664795,
          -0.8191518783569336,
          -3.5882749216398224e-08,
          1.3000068664550781
        ],
        [
          0.8191518783569336,
          0.5735767483711243,
          3.1590161597705446e-09,
          0.5499954223632812
        ],
        [
          1.7994352674577385e-08,
          -3.120612745988183e-08,
          1.0,
          1.7000000476837158
        ],
        [
          0.0,
          0.0,
          0.0,
          1.0
        ]
      ],
      "matrix_ego_from_sensor_bevfusion": [
        [
          -0.8191518783569336,
          3.5882749216398224e-08,
          0.5735766887664795,
          1.3000068664550781
        ],
        [
          -0.5735767483711243,
          3.1590161597705446e-09,
          -0.8191518783569336,
          -0.5499954223632812
        ],
        [
          -3.120612745988183e-08,
          -1.0,
          1.7994352674577385e-08,
          1.7000000476837158
        ],
        [
          0.0,
          0.0,
          0.0,
          1.0
        ]
      ],
      "camera_intrinsics": [
        [
          685.5110473632812,
          0.0,
          480.0
        ],
        [
          0.0,
          685.5110473632812,
          270.0
        ],
        [
          0.0,
          0.0,
          1.0
        ]
      ],
      "data_path": "D:\\Agent-AI\\outputs\\s3a_ml_long_v2\\sample_000109\\images\\CAM_FRONT_RIGHT.png",
      "raw_layout": "bgra8"
    },
    "CAM_FRONT_LEFT": {
      "type_id": "sensor.camera.rgb",
      "blueprint_attributes": {
        "role_name": "front",
        "ros_name": "sensor.camera.rgb",
        "chromatic_aberration_offset": "0.0",
        "sensor_tick": "0.100000",
        "fstop": "1.4",
        "image_size_x": "960",
        "image_size_y": "540",
        "fov": "70.00",
        "lens_circle_falloff": "5.0",
        "lens_circle_multiplier": "0.0",
        "exposure_compensation": "0.0",
        "lens_y_size": "0.08",
        "lens_k": "-1.0",
        "exposure_mode": "histogram",
        "lens_kcube": "0.0",
        "lens_x_size": "0.08",
        "exposure_max_bright": "12.0",
        "shutter_speed": "200.0",
        "bloom_intensity": "0.675",
        "iso": "100.0",
        "enable_postprocess_effects": "false",
        "gamma": "2.2",
        "motion_blur_intensity": "0.0",
        "motion_blur_max_distortion": "0.35",
        "lens_flare_intensity": "0.1",
        "motion_blur_min_object_screen_size": "0.1",
        "exposure_min_bright": "10.0",
        "exposure_speed_up": "3.0",
        "exposure_speed_down": "1.0",
        "tint": "0.0",
        "calibration_constant": "16.0",
        "focal_distance": "1000.0",
        "min_fstop": "1.2",
        "blade_count": "5",
        "blur_amount": "0.0",
        "blur_radius": "0.0",
        "slope": "0.88",
        "toe": "0.55",
        "white_clip": "0.04",
        "shoulder": "0.26",
        "black_clip": "0.0",
        "temp": "6500.0",
        "chromatic_aberration_intensity": "0.0"
      },
      "transform_carla": {
        "location": {
          "x": 75.880615234375,
          "y": -62.165340423583984,
          "z": 1.6954929828643799
        },
        "rotation": {
          "roll": 0.0002324811794096604,
          "pitch": -0.00020490566384978592,
          "yaw": 143.27650451660156
        }
      },
      "matrix_world_from_sensor_carla": [
        [
          -0.8015305399894714,
          -0.5979537963867188,
          -5.292730747896712e-06,
          75.880615234375
        ],
        [
          0.5979537963867188,
          -0.8015305399894714,
          -1.1138106401631376e-06,
          -62.165340423583984
        ],
        [
          -3.576278459149762e-06,
          -4.0575619095761795e-06,
          1.0,
          1.6954929828643799
        ],
        [
          0.0,
          0.0,
          0.0,
          1.0
        ]
      ],
      "matrix_world_from_sensor_bevfusion": [
        [
          -0.5979537963867188,
          5.292730747896712e-06,
          -0.8015305399894714,
          75.880615234375
        ],
        [
          0.8015305399894714,
          -1.1138106401631376e-06,
          -0.5979537963867188,
          62.165340423583984
        ],
        [
          -4.0575619095761795e-06,
          -1.0,
          -3.576278459149762e-06,
          1.6954929828643799
        ],
        [
          0.0,
          0.0,
          0.0,
          1.0
        ]
      ],
      "matrix_ego_from_sensor_carla": [
        [
          0.5735765695571899,
          0.8191519975662231,
          1.0611984180286527e-08,
          1.2999992370605469
        ],
        [
          -0.8191519975662231,
          0.5735765695571899,
          -6.956076958886115e-08,
          -0.5500030517578125
        ],
        [
          -6.306754585239105e-08,
          3.120612745988183e-08,
          1.0,
          1.7000000476837158
        ],
        [
          0.0,
          0.0,
          0.0,
          1.0
        ]
      ],
      "matrix_ego_from_sensor_bevfusion": [
        [
          0.8191519975662231,
          -1.0611984180286527e-08,
          0.5735765695571899,
          1.2999992370605469
        ],
        [
          -0.5735765695571899,
          -6.956076958886115e-08,
          0.8191519975662231,
          0.5500030517578125
        ],
        [
          3.120612745988183e-08,
          -1.0,
          -6.306754585239105e-08,
          1.7000000476837158
        ],
        [
          0.0,
          0.0,
          0.0,
          1.0
        ]
      ],
      "camera_intrinsics": [
        [
          685.5110473632812,
          0.0,
          480.0
        ],
        [
          0.0,
          685.5110473632812,
          270.0
        ],
        [
          0.0,
          0.0,
          1.0
        ]
      ],
      "data_path": "D:\\Agent-AI\\outputs\\s3a_ml_long_v2\\sample_000109\\images\\CAM_FRONT_LEFT.png",
      "raw_layout": "bgra8"
    },
    "CAM_BACK": {
      "type_id": "sensor.camera.rgb",
      "blueprint_attributes": {
        "role_name": "front",
        "ros_name": "sensor.camera.rgb",
        "chromatic_aberration_offset": "0.0",
        "sensor_tick": "0.100000",
        "fstop": "1.4",
        "image_size_x": "960",
        "image_size_y": "540",
        "fov": "70.00",
        "lens_circle_falloff": "5.0",
        "lens_circle_multiplier": "0.0",
        "exposure_compensation": "0.0",
        "lens_y_size": "0.08",
        "lens_k": "-1.0",
        "exposure_mode": "histogram",
        "lens_kcube": "0.0",
        "lens_x_size": "0.08",
        "exposure_max_bright": "12.0",
        "shutter_speed": "200.0",
        "bloom_intensity": "0.675",
        "iso": "100.0",
        "enable_postprocess_effects": "false",
        "gamma": "2.2",
        "motion_blur_intensity": "0.0",
        "motion_blur_max_distortion": "0.35",
        "lens_flare_intensity": "0.1",
        "motion_blur_min_object_screen_size": "0.1",
        "exposure_min_bright": "10.0",
        "exposure_speed_up": "3.0",
        "exposure_speed_down": "1.0",
        "tint": "0.0",
        "calibration_constant": "16.0",
        "focal_distance": "1000.0",
        "min_fstop": "1.2",
        "blade_count": "5",
        "blur_amount": "0.0",
        "blur_radius": "0.0",
        "slope": "0.88",
        "toe": "0.55",
        "white_clip": "0.04",
        "shoulder": "0.26",
        "black_clip": "0.0",
        "temp": "6500.0",
        "chromatic_aberration_intensity": "0.0"
      },
      "transform_carla": {
        "location": {
          "x": 78.75932312011719,
          "y": -61.793827056884766,
          "z": 1.6955084800720215
        },
        "rotation": {
          "roll": 3.0517683626385406e-05,
          "pitch": 0.0003073585103265941,
          "yaw": 18.276527404785156
        }
      },
      "matrix_world_from_sensor_carla": [
        [
          0.9495540261268616,
          -0.3136034905910492,
          -5.260840680421097e-06,
          78.75932312011719
        ],
        [
          0.3136034905910492,
          0.9495540261268616,
          -1.176535420199798e-06,
          -61.793827056884766
        ],
        [
          5.364418029785156e-06,
          -5.326340328792867e-07,
          1.0,
          1.6955084800720215
        ],
        [
          0.0,
          0.0,
          0.0,
          1.0
        ]
      ],
      "matrix_world_from_sensor_bevfusion": [
        [
          -0.3136034905910492,
          5.260840680421097e-06,
          0.9495540261268616,
          78.75932312011719
        ],
        [
          -0.9495540261268616,
          -1.176535420199798e-06,
          -0.3136034905910492,
          61.793827056884766
        ],
        [
          -5.326340328792867e-07,
          -1.0,
          5.364418029785156e-06,
          1.6955084800720215
        ],
        [
          0.0,
          0.0,
          0.0,
          1.0
        ]
      ],
      "matrix_ego_from_sensor_carla": [
        [
          -1.0,
          4.628874989975884e-07,
          9.094947017729282e-13,
          -1.5499992370605469
        ],
        [
          -4.6621113369837985e-07,
          -1.0,
          6.252776074688882e-13,
          0.0
        ],
        [
          4.547473508864641e-13,
          7.389644451905042e-13,
          1.0,
          1.6999999284744263
        ],
        [
          0.0,
          0.0,
          0.0,
          1.0
        ]
      ],
      "matrix_ego_from_sensor_bevfusion": [
        [
          4.628874989975884e-07,
          -9.094947017729282e-13,
          -1.0,
          -1.5499992370605469
        ],
        [
          1.0,
          6.252776074688882e-13,
          4.6621113369837985e-07,
          0.0
        ],
        [
          7.389644451905042e-13,
          -1.0,
          4.547473508864641e-13,
          1.6999999284744263
        ],
        [
          0.0,
          0.0,
          0.0,
          1.0
        ]
      ],
      "camera_intrinsics": [
        [
          685.5110473632812,
          0.0,
          480.0
        ],
        [
          0.0,
          685.5110473632812,
          270.0
        ],
        [
          0.0,
          0.0,
          1.0
        ]
      ],
      "data_path": "D:\\Agent-AI\\outputs\\s3a_ml_long_v2\\sample_000109\\images\\CAM_BACK.png",
      "raw_layout": "bgra8"
    },
    "CAM_BACK_LEFT": {
      "type_id": "sensor.camera.rgb",
      "blueprint_attributes": {
        "role_name": "front",
        "ros_name": "sensor.camera.rgb",
        "chromatic_aberration_offset": "0.0",
        "sensor_tick": "0.100000",
        "fstop": "1.4",
        "image_size_x": "960",
        "image_size_y": "540",
        "fov": "70.00",
        "lens_circle_falloff": "5.0",
        "lens_circle_multiplier": "0.0",
        "exposure_compensation": "0.0",
        "lens_y_size": "0.08",
        "lens_k": "-1.0",
        "exposure_mode": "histogram",
        "lens_kcube": "0.0",
        "lens_x_size": "0.08",
        "exposure_max_bright": "12.0",
        "shutter_speed": "200.0",
        "bloom_intensity": "0.675",
        "iso": "100.0",
        "enable_postprocess_effects": "false",
        "gamma": "2.2",
        "motion_blur_intensity": "0.0",
        "motion_blur_max_distortion": "0.35",
        "lens_flare_intensity": "0.1",
        "motion_blur_min_object_screen_size": "0.1",
        "exposure_min_bright": "10.0",
        "exposure_speed_up": "3.0",
        "exposure_speed_down": "1.0",
        "tint": "0.0",
        "calibration_constant": "16.0",
        "focal_distance": "1000.0",
        "min_fstop": "1.2",
        "blade_count": "5",
        "blur_amount": "0.0",
        "blur_radius": "0.0",
        "slope": "0.88",
        "toe": "0.55",
        "white_clip": "0.04",
        "shoulder": "0.26",
        "black_clip": "0.0",
        "temp": "6500.0",
        "chromatic_aberration_intensity": "0.0"
      },
      "transform_carla": {
        "location": {
          "x": 78.34944915771484,
          "y": -61.3499755859375,
          "z": 1.6955066919326782
        },
        "rotation": {
          "roll": 0.00026748949312604964,
          "pitch": 0.000150264153489843,
          "yaw": 73.27648162841797
        }
      },
      "matrix_world_from_sensor_carla": [
        [
          0.2877536416053772,
          -0.957704484462738,
          -5.225776476436295e-06,
          78.34944915771484
        ],
        [
          0.957704484462738,
          0.2877536416053772,
          -1.1682809599733446e-06,
          -61.3499755859375
        ],
        [
          2.622604142743512e-06,
          -4.668572273658356e-06,
          1.0,
          1.6955066919326782
        ],
        [
          0.0,
          0.0,
          0.0,
          1.0
        ]
      ],
      "matrix_world_from_sensor_bevfusion": [
        [
          -0.957704484462738,
          5.225776476436295e-06,
          0.2877536416053772,
          78.34944915771484
        ],
        [
          -0.2877536416053772,
          -1.1682809599733446e-06,
          -0.957704484462738,
          61.3499755859375
        ],
        [
          -4.668572273658356e-06,
          -1.0,
          2.622604142743512e-06,
          1.6955066919326782
        ],
        [
          0.0,
          0.0,
          0.0,
          1.0
        ]
      ],
      "matrix_ego_from_sensor_carla": [
        [
          -0.5735767483711243,
          0.8191518783569336,
          -3.588320396374911e-08,
          -1.2999954223632812
        ],
        [
          -0.8191518783569336,
          -0.5735767483711243,
          3.1587887860951014e-09,
          -0.5500030517578125
        ],
        [
          -1.799458004825283e-08,
          3.120612745988183e-08,
          1.0,
          1.6999998092651367
        ],
        [
          0.0,
          0.0,
          0.0,
          1.0
        ]
      ],
      "matrix_ego_from_sensor_bevfusion": [
        [
          0.8191518783569336,
          3.588320396374911e-08,
          -0.5735767483711243,
          -1.2999954223632812
        ],
        [
          0.5735767483711243,
          3.1587887860951014e-09,
          0.8191518783569336,
          0.5500030517578125
        ],
        [
          3.120612745988183e-08,
          -1.0,
          -1.799458004825283e-08,
          1.6999998092651367
        ],
        [
          0.0,
          0.0,
          0.0,
          1.0
        ]
      ],
      "camera_intrinsics": [
        [
          685.5110473632812,
          0.0,
          480.0
        ],
        [
          0.0,
          685.5110473632812,
          270.0
        ],
        [
          0.0,
          0.0,
          1.0
        ]
      ],
      "data_path": "D:\\Agent-AI\\outputs\\s3a_ml_long_v2\\sample_000109\\images\\CAM_BACK_LEFT.png",
      "raw_layout": "bgra8"
    },
    "CAM_BACK_RIGHT": {
      "type_id": "sensor.camera.rgb",
      "blueprint_attributes": {
        "role_name": "front",
        "ros_name": "sensor.camera.rgb",
        "chromatic_aberration_offset": "0.0",
        "sensor_tick": "0.100000",
        "fstop": "1.4",
        "image_size_x": "960",
        "image_size_y": "540",
        "fov": "70.00",
        "lens_circle_falloff": "5.0",
        "lens_circle_multiplier": "0.0",
        "exposure_compensation": "0.0",
        "lens_y_size": "0.08",
        "lens_k": "-1.0",
        "exposure_mode": "histogram",
        "lens_kcube": "0.0",
        "lens_x_size": "0.08",
        "exposure_max_bright": "12.0",
        "shutter_speed": "200.0",
        "bloom_intensity": "0.675",
        "iso": "100.0",
        "enable_postprocess_effects": "false",
        "gamma": "2.2",
        "motion_blur_intensity": "0.0",
        "motion_blur_max_distortion": "0.35",
        "lens_flare_intensity": "0.1",
        "motion_blur_min_object_screen_size": "0.1",
        "exposure_min_bright": "10.0",
        "exposure_speed_up": "3.0",
        "exposure_speed_down": "1.0",
        "tint": "0.0",
        "calibration_constant": "16.0",
        "focal_distance": "1000.0",
        "min_fstop": "1.2",
        "blade_count": "5",
        "blur_amount": "0.0",
        "blur_radius": "0.0",
        "slope": "0.88",
        "toe": "0.55",
        "white_clip": "0.04",
        "shoulder": "0.26",
        "black_clip": "0.0",
        "temp": "6500.0",
        "chromatic_aberration_intensity": "0.0"
      },
      "transform_carla": {
        "location": {
          "x": 78.69441986083984,
          "y": -62.39448547363281,
          "z": 1.695507287979126
        },
        "rotation": {
          "roll": -0.0002324811794096604,
          "pitch": 0.00020490566384978592,
          "yaw": -36.72349166870117
        }
      },
      "matrix_world_from_sensor_carla": [
        [
          0.8015305399894714,
          0.5979538559913635,
          -5.292731202644063e-06,
          78.69441986083984
        ],
        [
          -0.5979538559913635,
          0.8015305399894714,
          -1.1138104127894621e-06,
          -62.39448547363281
        ],
        [
          3.576278459149762e-06,
          4.0575619095761795e-06,
          1.0,
          1.695507287979126
        ],
        [
          0.0,
          0.0,
          0.0,
          1.0
        ]
      ],
      "matrix_world_from_sensor_bevfusion": [
        [
          0.5979538559913635,
          5.292731202644063e-06,
          0.8015305399894714,
          78.69441986083984
        ],
        [
          -0.8015305399894714,
          -1.1138104127894621e-06,
          0.5979538559913635,
          62.39448547363281
        ],
        [
          4.0575619095761795e-06,
          -1.0,
          3.576278459149762e-06,
          1.695507287979126
        ],
        [
          0.0,
          0.0,
          0.0,
          1.0
        ]
      ],
      "matrix_ego_from_sensor_carla": [
        [
          -0.5735765695571899,
          -0.8191520571708679,
          1.0611984180286527e-08,
          -1.3000030517578125
        ],
        [
          0.8191520571708679,
          -0.5735765099525452,
          -6.956122433621204e-08,
          0.5500030517578125
        ],
        [
          6.306754585239105e-08,
          -3.1206582207232714e-08,
          1.0,
          1.6999998092651367
        ],
        [
          0.0,
          0.0,
          0.0,
          1.0
        ]
      ],
      "matrix_ego_from_sensor_bevfusion": [
        [
          -0.8191520571708679,
          -1.0611984180286527e-08,
          -0.5735765695571899,
          -1.3000030517578125
        ],
        [
          0.5735765099525452,
          -6.956122433621204e-08,
          -0.8191520571708679,
          -0.5500030517578125
        ],
        [
          -3.1206582207232714e-08,
          -1.0,
          6.306754585239105e-08,
          1.6999998092651367
        ],
        [
          0.0,
          0.0,
          0.0,
          1.0
        ]
      ],
      "camera_intrinsics": [
        [
          685.5110473632812,
          0.0,
          480.0
        ],
        [
          0.0,
          685.5110473632812,
          270.0
        ],
        [
          0.0,
          0.0,
          1.0
        ]
      ],
      "data_path": "D:\\Agent-AI\\outputs\\s3a_ml_long_v2\\sample_000109\\images\\CAM_BACK_RIGHT.png",
      "raw_layout": "bgra8"
    },
    "LIDAR_TOP": {
      "type_id": "sensor.lidar.ray_cast",
      "blueprint_attributes": {
        "atmosphere_attenuation_rate": "0.004",
        "role_name": "front",
        "noise_seed": "0",
        "upper_fov": "10.0",
        "ros_name": "sensor.lidar.ray_cast",
        "sensor_tick": "0.100000",
        "channels": "32",
        "range": "120.0",
        "points_per_second": "360000",
        "lower_fov": "-30.0",
        "rotation_frequency": "10.000000",
        "horizontal_fov": "360.0",
        "dropoff_general_rate": "0.0",
        "dropoff_intensity_limit": "1.0",
        "noise_stddev": "0.0",
        "dropoff_zero_intensity": "0.0"
      },
      "transform_carla": {
        "location": {
          "x": 77.28751373291016,
          "y": -62.27991485595703,
          "z": 2.195500135421753
        },
        "rotation": {
          "roll": -3.0517578125e-05,
          "pitch": -0.0003073585103265941,
          "yaw": -161.72349548339844
        }
      },
      "matrix_world_from_sensor_carla": [
        [
          -0.9495541453361511,
          0.3136030435562134,
          -5.260840225673746e-06,
          77.28751373291016
        ],
        [
          -0.3136030435562134,
          -0.9495541453361511,
          -1.176534624391934e-06,
          -62.27991485595703
        ],
        [
          -5.364418029785156e-06,
          5.326322138898831e-07,
          1.0,
          2.195500135421753
        ],
        [
          0.0,
          0.0,
          0.0,
          1.0
        ]
      ],
      "matrix_world_from_sensor_bevfusion": [
        [
          -0.9495541453361511,
          -0.3136030435562134,
          -5.260840225673746e-06,
          77.28751373291016
        ],
        [
          0.3136030435562134,
          -0.9495541453361511,
          1.176534624391934e-06,
          62.27991485595703
        ],
        [
          -5.364418029785156e-06,
          -5.326322138898831e-07,
          1.0,
          2.195500135421753
        ],
        [
          0.0,
          0.0,
          0.0,
          1.0
        ]
      ],
      "matrix_ego_from_sensor_carla": [
        [
          1.0,
          2.153174527563806e-08,
          0.0,
          -3.814697265625e-06
        ],
        [
          -1.7877297864288266e-08,
          1.0,
          -5.684341886080802e-14,
          0.0
        ],
        [
          -4.547473508864641e-13,
          0.0,
          1.0,
          2.1999998092651367
        ],
        [
          0.0,
          0.0,
          0.0,
          1.0
        ]
      ],
      "matrix_ego_from_sensor_bevfusion": [
        [
          1.0,
          -2.153174527563806e-08,
          0.0,
          -3.814697265625e-06
        ],
        [
          1.7877297864288266e-08,
          1.0,
          5.684341886080802e-14,
          0.0
        ],
        [
          -4.547473508864641e-13,
          0.0,
          1.0,
          2.1999998092651367
        ],
        [
          0.0,
          0.0,
          0.0,
          1.0
        ]
      ],
      "data_path": "D:\\Agent-AI\\outputs\\s3a_ml_long_v2\\sample_000109\\lidar\\LIDAR_TOP.npy",
      "raw_layout": [
        "x",
        "y",
        "z",
        "intensity"
      ]
    },
    "RADAR_FRONT": {
      "type_id": "sensor.other.radar",
      "blueprint_attributes": {
        "sensor_tick": "0.100000",
        "role_name": "default",
        "noise_seed": "0",
        "ros_name": "sensor.other.radar",
        "horizontal_fov": "35.0",
        "points_per_second": "1500",
        "vertical_fov": "20.0",
        "range": "120.0"
      },
      "transform_carla": {
        "location": {
          "x": 75.38841247558594,
          "y": -62.9071159362793,
          "z": 0.8954896330833435
        },
        "rotation": {
          "roll": -3.0517578125e-05,
          "pitch": -0.0003073585103265941,
          "yaw": -161.72349548339844
        }
      },
      "matrix_world_from_sensor_carla": [
        [
          -0.9495541453361511,
          0.3136030435562134,
          -5.260840225673746e-06,
          75.38841247558594
        ],
        [
          -0.3136030435562134,
          -0.9495541453361511,
          -1.176534624391934e-06,
          -62.9071159362793
        ],
        [
          -5.364418029785156e-06,
          5.326322138898831e-07,
          1.0,
          0.8954896330833435
        ],
        [
          0.0,
          0.0,
          0.0,
          1.0
        ]
      ],
      "matrix_world_from_sensor_bevfusion": [
        [
          -0.9495541453361511,
          -0.3136030435562134,
          -5.260840225673746e-06,
          75.38841247558594
        ],
        [
          0.3136030435562134,
          -0.9495541453361511,
          1.176534624391934e-06,
          62.9071159362793
        ],
        [
          -5.364418029785156e-06,
          -5.326322138898831e-07,
          1.0,
          0.8954896330833435
        ],
        [
          0.0,
          0.0,
          0.0,
          1.0
        ]
      ],
      "matrix_ego_from_sensor_carla": [
        [
          1.0,
          2.153174527563806e-08,
          0.0,
          2.0
        ],
        [
          -1.7877297864288266e-08,
          1.0,
          -5.684341886080802e-14,
          0.0
        ],
        [
          -4.547473508864641e-13,
          0.0,
          1.0,
          0.9000001549720764
        ],
        [
          0.0,
          0.0,
          0.0,
          1.0
        ]
      ],
      "matrix_ego_from_sensor_bevfusion": [
        [
          1.0,
          -2.153174527563806e-08,
          0.0,
          2.0
        ],
        [
          1.7877297864288266e-08,
          1.0,
          5.684341886080802e-14,
          0.0
        ],
        [
          -4.547473508864641e-13,
          0.0,
          1.0,
          0.9000001549720764
        ],
        [
          0.0,
          0.0,
          0.0,
          1.0
        ]
      ],
      "data_path": "D:\\Agent-AI\\outputs\\s3a_ml_long_v2\\sample_000109\\radar\\RADAR_FRONT.npy",
      "raw_layout": [
        "velocity",
        "altitude",
        "azimuth",
        "depth"
      ]
    },
    "RADAR_FRONT_LEFT": {
      "type_id": "sensor.other.radar",
      "blueprint_attributes": {
        "sensor_tick": "0.100000",
        "role_name": "default",
        "noise_seed": "0",
        "ros_name": "sensor.other.radar",
        "horizontal_fov": "35.0",
        "points_per_second": "1500",
        "vertical_fov": "20.0",
        "range": "120.0"
      },
      "transform_carla": {
        "location": {
          "x": 75.48554992675781,
          "y": -62.08518981933594,
          "z": 0.8954910039901733
        },
        "rotation": {
          "roll": 0.00019421266915742308,
          "pitch": -0.00023222641902975738,
          "yaw": 153.27651977539062
        }
      },
      "matrix_world_from_sensor_carla": [
        [
          -0.8931871652603149,
          -0.4496850371360779,
          -5.144465831108391e-06,
          75.48554992675781
        ],
        [
          0.4496850371360779,
          -0.8931871652603149,
          -1.2049670203850837e-06,
          -62.08518981933594
        ],
        [
          -4.053115389979212e-06,
          -3.389650601093308e-06,
          1.0,
          0.8954910039901733
        ],
        [
          0.0,
          0.0,
          0.0,
          1.0
        ]
      ],
      "matrix_world_from_sensor_bevfusion": [
        [
          -0.8931871652603149,
          0.4496850371360779,
          -5.144465831108391e-06,
          75.48554992675781
        ],
        [
          -0.4496850371360779,
          -0.8931871652603149,
          1.2049670203850837e-06,
          62.08518981933594
        ],
        [
          -4.053115389979212e-06,
          3.389650601093308e-06,
          1.0,
          0.8954910039901733
        ],
        [
          0.0,
          0.0,
          0.0,
          1.0
        ]
      ],
      "matrix_ego_from_sensor_carla": [
        [
          0.7071070075035095,
          0.7071065306663513,
          -1.0158692020922899e-07,
          1.6500053405761719
        ],
        [
          -0.7071065902709961,
          0.7071070075035095,
          6.349347358991508e-08,
          -0.75
        ],
        [
          1.1673000699374825e-07,
          2.6936277208733372e-08,
          1.0,
          0.9000000357627869
        ],
        [
          0.0,
          0.0,
          0.0,
          1.0
        ]
      ],
      "matrix_ego_from_sensor_bevfusion": [
        [
          0.7071070075035095,
          -0.7071065306663513,
          -1.0158692020922899e-07,
          1.6500053405761719
        ],
        [
          0.7071065902709961,
          0.7071070075035095,
          -6.349347358991508e-08,
          0.75
        ],
        [
          1.1673000699374825e-07,
          -2.6936277208733372e-08,
          1.0,
          0.9000000357627869
        ],
        [
          0.0,
          0.0,
          0.0,
          1.0
        ]
      ],
      "data_path": "D:\\Agent-AI\\outputs\\s3a_ml_long_v2\\sample_000109\\radar\\RADAR_FRONT_LEFT.npy",
      "raw_layout": [
        "velocity",
        "altitude",
        "azimuth",
        "depth"
      ]
    },
    "RADAR_FRONT_RIGHT": {
      "type_id": "sensor.other.radar",
      "blueprint_attributes": {
        "sensor_tick": "0.100000",
        "role_name": "default",
        "noise_seed": "0",
        "ros_name": "sensor.other.radar",
        "horizontal_fov": "35.0",
        "points_per_second": "1500",
        "vertical_fov": "20.0",
        "range": "120.0"
      },
      "transform_carla": {
        "location": {
          "x": 75.9559555053711,
          "y": -63.509521484375,
          "z": 0.8954917788505554
        },
        "rotation": {
          "roll": -0.00023737104493193328,
          "pitch": -0.00019807547505479306,
          "yaw": -116.7234878540039
        }
      },
      "matrix_world_from_sensor_carla": [
        [
          -0.449685275554657,
          0.8931871056556702,
          -5.2549835345416795e-06,
