{
  "schema_version": "stage1.v1",
  "sample_name": "sample_000043",
  "sequence_index": 43,
  "previous_sample_name": "sample_000042",
  "frame_id": 726316,
  "timestamp": 5001.494624782354,
  "platform_timestamp": 16813385.7292232,
  "delta_seconds": 0.10000000149011612,
  "town": "Carla/Maps/Town10HD_Opt",
  "weather": {
    "cloudiness": 20.0,
    "dust_storm": 0.0,
    "fog_density": 2.0,
    "fog_distance": 0.75,
    "fog_falloff": 0.10000000149011612,
    "mie_scattering_scale": 0.029999999329447746,
    "precipitation": 0.0,
    "precipitation_deposits": 0.0,
    "rayleigh_scattering_scale": 0.03310000151395798,
    "scattering_intensity": 1.0,
    "sun_altitude_angle": 45.0,
    "sun_azimuth_angle": 300.0,
    "wetness": 0.0,
    "wind_intensity": 10.0
  },
  "sensor_names": [
    "CAM_FRONT",
    "CAM_FRONT_RIGHT",
    "CAM_FRONT_LEFT",
    "CAM_BACK",
    "CAM_BACK_LEFT",
    "CAM_BACK_RIGHT",
    "LIDAR_TOP",
    "RADAR_FRONT",
    "RADAR_FRONT_LEFT",
    "RADAR_FRONT_RIGHT",
    "RADAR_BACK_LEFT",
    "RADAR_BACK_RIGHT"
  ],
  "camera_order_for_model": [
    "CAM_FRONT",
    "CAM_FRONT_RIGHT",
    "CAM_FRONT_LEFT",
    "CAM_BACK",
    "CAM_BACK_LEFT",
    "CAM_BACK_RIGHT"
  ],
  "radar_order_for_model": [
    "RADAR_FRONT",
    "RADAR_FRONT_LEFT",
    "RADAR_FRONT_RIGHT",
    "RADAR_BACK_LEFT",
    "RADAR_BACK_RIGHT"
  ],
  "coordinate_notes": {
    "carla_world": "left-handed x-forward y-right z-up",
    "bevfusion_lidar": "x-forward y-left z-up",
    "camera_frame_for_model": "OpenCV style x-right y-down z-forward"
  },
  "ego": {
    "actor_id": 49,
    "transform_carla": {
      "location": {
        "x": 103.61976623535156,
        "y": -37.35348129272461,
        "z": -0.0029366682283580303
      },
      "rotation": {
        "roll": -0.021209711208939552,
        "pitch": -0.42596471309661865,
        "yaw": -109.15985107421875
      }
    },
    "velocity_carla": [
      0.0025750838685780764,
      0.005039511248469353,
      0.0002062702114926651
    ],
    "angular_velocity_carla": [
      -1.6444878578186035,
      0.660666286945343,
      -0.001576006063260138
    ],
    "matrix_world_from_ego_carla": [
      [
        -0.328195720911026,
        0.9446056485176086,
        -0.0027896855026483536,
        103.61976623535156
      ],
      [
        -0.9445804953575134,
        -0.3282073736190796,
        -0.006901105400174856,
        -37.35348129272461
      ],
      [
        -0.007434418424963951,
        0.0003701690584421158,
        0.9999722838401794,
        -0.0029366682283580303
      ],
      [
        0.0,
        0.0,
        0.0,
        1.0
      ]
    ],
    "matrix_world_from_ego_bevfusion": [
      [
        -0.328195720911026,
        -0.9446056485176086,
        -0.0027896855026483536,
        103.61976623535156
      ],
      [
        0.9445804953575134,
        -0.3282073736190796,
        0.006901105400174856,
        37.35348129272461
      ],
      [
        -0.007434418424963951,
        -0.0003701690584421158,
        0.9999722838401794,
        -0.0029366682283580303
      ],
      [
        0.0,
        0.0,
        0.0,
        1.0
      ]
    ]
  },
  "sensors": {
    "CAM_FRONT": {
      "type_id": "sensor.camera.rgb",
      "blueprint_attributes": {
        "role_name": "front",
        "ros_name": "sensor.camera.rgb",
        "chromatic_aberration_offset": "0.0",
        "sensor_tick": "0.100000",
        "fstop": "1.4",
        "image_size_x": "960",
        "image_size_y": "540",
        "fov": "70.00",
        "lens_circle_falloff": "5.0",
        "lens_circle_multiplier": "0.0",
        "exposure_compensation": "0.0",
        "lens_y_size": "0.08",
        "lens_k": "-1.0",
        "exposure_mode": "histogram",
        "lens_kcube": "0.0",
        "lens_x_size": "0.08",
        "exposure_max_bright": "12.0",
        "shutter_speed": "200.0",
        "bloom_intensity": "0.675",
        "iso": "100.0",
        "enable_postprocess_effects": "false",
        "gamma": "2.2",
        "motion_blur_intensity": "0.0",
        "motion_blur_max_distortion": "0.35",
        "lens_flare_intensity": "0.1",
        "motion_blur_min_object_screen_size": "0.1",
        "exposure_min_bright": "10.0",
        "exposure_speed_up": "3.0",
        "exposure_speed_down": "1.0",
        "tint": "0.0",
        "calibration_constant": "16.0",
        "focal_distance": "1000.0",
        "min_fstop": "1.2",
        "blade_count": "5",
        "blur_amount": "0.0",
        "blur_radius": "0.0",
        "slope": "0.88",
        "toe": "0.55",
        "white_clip": "0.04",
        "shoulder": "0.26",
        "black_clip": "0.0",
        "temp": "6500.0",
        "chromatic_aberration_intensity": "0.0"
      },
      "transform_carla": {
        "location": {
          "x": 103.10631561279297,
          "y": -38.829315185546875,
          "z": 1.6854928731918335
        },
        "rotation": {
          "roll": -0.021209711208939552,
          "pitch": -0.42596471309661865,
          "yaw": -109.15985107421875
        }
      },
      "matrix_world_from_sensor_carla": [
        [
          -0.328195720911026,
          0.9446056485176086,
          -0.0027896855026483536,
          103.10631561279297
        ],
        [
          -0.9445804953575134,
          -0.3282073736190796,
          -0.006901105400174856,
          -38.829315185546875
        ],
        [
          -0.007434418424963951,
          0.0003701690584421158,
          0.9999722838401794,
          1.6854928731918335
        ],
        [
          0.0,
          0.0,
          0.0,
          1.0
        ]
      ],
      "matrix_world_from_sensor_bevfusion": [
        [
          0.9446056485176086,
          0.0027896855026483536,
          -0.328195720911026,
          103.10631561279297
        ],
        [
          0.3282073736190796,
          -0.006901105400174856,
          0.9445804953575134,
          38.829315185546875
        ],
        [
          0.0003701690584421158,
          -0.9999722838401794,
          -0.007434418424963951,
          1.6854928731918335
        ],
        [
          0.0,
          0.0,
          0.0,
          1.0
        ]
      ],
      "matrix_ego_from_sensor_carla": [
        [
          1.0,
          2.1672450500886953e-09,
          2.312402491710941e-10,
          1.5500050783157349
        ],
        [
          3.817588911658731e-09,
          1.0,
          -1.0243279835453478e-10,
          -7.62939453125e-06
        ],
        [
          -2.3442103813664517e-10,
          -7.332412454985615e-11,
          1.0,
          1.7000000476837158
        ],
        [
          0.0,
          0.0,
          0.0,
          1.0
        ]
      ],
      "matrix_ego_from_sensor_bevfusion": [
        [
          2.1672450500886953e-09,
          -2.312402491710941e-10,
          1.0,
          1.5500050783157349
        ],
        [
          -1.0,
          -1.0243279835453478e-10,
          -3.817588911658731e-09,
          7.62939453125e-06
        ],
        [
          -7.332412454985615e-11,
          -1.0,
          -2.3442103813664517e-10,
          1.7000000476837158
        ],
        [
          0.0,
          0.0,
          0.0,
          1.0
        ]
      ],
      "camera_intrinsics": [
        [
          685.5110473632812,
          0.0,
          480.0
        ],
        [
          0.0,
          685.5110473632812,
          270.0
        ],
        [
          0.0,
          0.0,
          1.0
        ]
      ],
      "data_path": "D:\\Agent-AI\\outputs\\s3a_ml_long_v1\\sample_000043\\images\\CAM_FRONT.png",
      "raw_layout": "bgra8"
    },
    "CAM_FRONT_RIGHT": {
      "type_id": "sensor.camera.rgb",
      "blueprint_attributes": {
        "role_name": "front",
        "ros_name": "sensor.camera.rgb",
        "chromatic_aberration_offset": "0.0",
        "sensor_tick": "0.100000",
        "fstop": "1.4",
        "image_size_x": "960",
        "image_size_y": "540",
        "fov": "70.00",
        "lens_circle_falloff": "5.0",
        "lens_circle_multiplier": "0.0",
        "exposure_compensation": "0.0",
        "lens_y_size": "0.08",
        "lens_k": "-1.0",
        "exposure_mode": "histogram",
        "lens_kcube": "0.0",
        "lens_x_size": "0.08",
        "exposure_max_bright": "12.0",
        "shutter_speed": "200.0",
        "bloom_intensity": "0.675",
        "iso": "100.0",
        "enable_postprocess_effects": "false",
        "gamma": "2.2",
        "motion_blur_intensity": "0.0",
        "motion_blur_max_distortion": "0.35",
        "lens_flare_intensity": "0.1",
        "motion_blur_min_object_screen_size": "0.1",
        "exposure_min_bright": "10.0",
        "exposure_speed_up": "3.0",
        "exposure_speed_down": "1.0",
        "tint": "0.0",
        "calibration_constant": "16.0",
        "focal_distance": "1000.0",
        "min_fstop": "1.2",
        "blade_count": "5",
        "blur_amount": "0.0",
        "blur_radius": "0.0",
        "slope": "0.88",
        "toe": "0.55",
        "white_clip": "0.04",
        "shoulder": "0.26",
        "black_clip": "0.0",
        "temp": "6500.0",
        "chromatic_aberration_intensity": "0.0"
      },
      "transform_carla": {
        "location": {
          "x": 103.70790100097656,
          "y": -38.773681640625,
          "z": 1.6875550746917725
        },
        "rotation": {
          "roll": -0.3610966205596924,
          "pitch": -0.22694668173789978,
          "yaw": -54.15922927856445
        }
      },
      "matrix_world_from_sensor_carla": [
        [
          0.5855300426483154,
          0.8106458783149719,
          -0.0027896983083337545,
          103.70790100097656
        ],
        [
          -0.8106409907341003,
          0.5855027437210083,
          -0.006901079788804054,
          -38.773681640625
        ],
        [
          -0.0039609563536942005,
          0.006302233785390854,
          0.9999722838401794,
          1.6875550746917725
        ],
        [
          0.0,
          0.0,
          0.0,
          1.0
        ]
      ],
      "matrix_world_from_sensor_bevfusion": [
        [
          0.8106458783149719,
          0.0027896983083337545,
          0.5855300426483154,
          103.70790100097656
        ],
        [
          -0.5855027437210083,
          -0.006901079788804054,
          0.8106409907341003,
          38.773681640625
        ],
        [
          0.006302233785390854,
          -0.9999722838401794,
          -0.0039609563536942005,
          1.6875550746917725
        ],
        [
          0.0,
          0.0,
          0.0,
          1.0
        ]
      ],
      "matrix_ego_from_sensor_carla": [
        [
          0.5735766291618347,
          -0.8191518187522888,
          -1.9792194549950182e-08,
          1.3000019788742065
        ],
        [
          0.819151759147644,
          0.5735766291618347,
          -2.0620634089141276e-08,
          0.5500030517578125
        ],
        [
          2.7826112969364658e-08,
          -3.776026602508864e-09,
          1.0,
          1.7000000476837158
        ],
        [
          0.0,
          0.0,
          0.0,
          1.0
        ]
      ],
      "matrix_ego_from_sensor_bevfusion": [
        [
          -0.8191518187522888,
          1.9792194549950182e-08,
          0.5735766291618347,
          1.3000019788742065
        ],
        [
          -0.5735766291618347,
          -2.0620634089141276e-08,
          -0.819151759147644,
          -0.5500030517578125
        ],
        [
          -3.776026602508864e-09,
          -1.0,
          2.7826112969364658e-08,
          1.7000000476837158
        ],
        [
          0.0,
          0.0,
          0.0,
          1.0
        ]
      ],
      "camera_intrinsics": [
        [
          685.5110473632812,
          0.0,
          480.0
        ],
        [
          0.0,
          685.5110473632812,
          270.0
        ],
        [
          0.0,
          0.0,
          1.0
        ]
      ],
      "data_path": "D:\\Agent-AI\\outputs\\s3a_ml_long_v1\\sample_000043\\images\\CAM_FRONT_RIGHT.png",
      "raw_layout": "bgra8"
    },
    "CAM_FRONT_LEFT": {
      "type_id": "sensor.camera.rgb",
      "blueprint_attributes": {
        "role_name": "front",
        "ros_name": "sensor.camera.rgb",
        "chromatic_aberration_offset": "0.0",
        "sensor_tick": "0.100000",
        "fstop": "1.4",
        "image_size_x": "960",
        "image_size_y": "540",
        "fov": "70.00",
        "lens_circle_falloff": "5.0",
        "lens_circle_multiplier": "0.0",
        "exposure_compensation": "0.0",
        "lens_y_size": "0.08",
        "lens_k": "-1.0",
        "exposure_mode": "histogram",
        "lens_kcube": "0.0",
        "lens_x_size": "0.08",
        "exposure_max_bright": "12.0",
        "shutter_speed": "200.0",
        "bloom_intensity": "0.675",
        "iso": "100.0",
        "enable_postprocess_effects": "false",
        "gamma": "2.2",
        "motion_blur_intensity": "0.0",
        "motion_blur_max_distortion": "0.35",
        "lens_flare_intensity": "0.1",
        "motion_blur_min_object_screen_size": "0.1",
        "exposure_min_bright": "10.0",
        "exposure_speed_up": "3.0",
        "exposure_speed_down": "1.0",
        "tint": "0.0",
        "calibration_constant": "16.0",
        "focal_distance": "1000.0",
        "min_fstop": "1.2",
        "blade_count": "5",
        "blur_amount": "0.0",
        "blur_radius": "0.0",
        "slope": "0.88",
        "toe": "0.55",
        "white_clip": "0.04",
        "shoulder": "0.26",
        "black_clip": "0.0",
        "temp": "6500.0",
        "chromatic_aberration_intensity": "0.0"
      },
      "transform_carla": {
        "location": {
          "x": 102.66883850097656,
          "y": -38.412654876708984,
          "z": 1.6871479749679565
        },
        "rotation": {
          "roll": 0.3367668092250824,
          "pitch": -0.2616986930370331,
          "yaw": -164.16067504882812
        }
      },
      "matrix_world_from_sensor_carla": [
        [
          -0.9620208740234375,
          0.2729617655277252,
          -0.002789737656712532,
          102.66883850097656
        ],
        [
          -0.2729377746582031,
          -0.9620069265365601,
          -0.006901117507368326,
          -38.412654876708984
        ],
        [
          -0.004567488096654415,
          -0.005877593997865915,
          0.9999722838401794,
          1.6871479749679565
        ],
        [
          0.0,
          0.0,
          0.0,
          1.0
        ]
      ],
      "matrix_world_from_sensor_bevfusion": [
        [
          0.2729617655277252,
          0.002789737656712532,
          -0.9620208740234375,
          102.66883850097656
        ],
        [
          0.9620069265365601,
          -0.006901117507368326,
          0.2729377746582031,
          38.412654876708984
        ],
        [
          -0.005877593997865915,
          -0.9999722838401794,
          -0.004567488096654415,
          1.6871479749679565
        ],
        [
          0.0,
          0.0,
          0.0,
          1.0
        ]
      ],
      "matrix_ego_from_sensor_carla": [
        [
          0.573576807975769,
          0.819151759147644,
          2.86365793300547e-08,
          1.3000010251998901
        ],
        [
          -0.819151759147644,
          0.5735767483711243,
          -4.524247287918115e-08,
          -0.5499954223632812
        ],
        [
          -5.3617689843576954e-08,
          2.716851854600577e-09,
          1.0,
          1.7000000476837158
        ],
        [
          0.0,
          0.0,
          0.0,
          1.0
        ]
      ],
      "matrix_ego_from_sensor_bevfusion": [
        [
          0.819151759147644,
          -2.86365793300547e-08,
          0.573576807975769,
          1.3000010251998901
        ],
        [
          -0.5735767483711243,
          -4.524247287918115e-08,
          0.819151759147644,
          0.5499954223632812
        ],
        [
          2.716851854600577e-09,
          -1.0,
          -5.3617689843576954e-08,
          1.7000000476837158
        ],
        [
          0.0,
          0.0,
          0.0,
          1.0
        ]
      ],
      "camera_intrinsics": [
        [
          685.5110473632812,
          0.0,
          480.0
        ],
        [
          0.0,
          685.5110473632812,
          270.0
        ],
        [
          0.0,
          0.0,
          1.0
        ]
      ],
      "data_path": "D:\\Agent-AI\\outputs\\s3a_ml_long_v1\\sample_000043\\images\\CAM_FRONT_LEFT.png",
      "raw_layout": "bgra8"
    },
    "CAM_BACK": {
      "type_id": "sensor.camera.rgb",
      "blueprint_attributes": {
        "role_name": "front",
        "ros_name": "sensor.camera.rgb",
        "chromatic_aberration_offset": "0.0",
        "sensor_tick": "0.100000",
        "fstop": "1.4",
        "image_size_x": "960",
        "image_size_y": "540",
        "fov": "70.00",
        "lens_circle_falloff": "5.0",
        "lens_circle_multiplier": "0.0",
        "exposure_compensation": "0.0",
        "lens_y_size": "0.08",
        "lens_k": "-1.0",
        "exposure_mode": "histogram",
        "lens_kcube": "0.0",
        "lens_x_size": "0.08",
        "exposure_max_bright": "12.0",
        "shutter_speed": "200.0",
        "bloom_intensity": "0.675",
        "iso": "100.0",
        "enable_postprocess_effects": "false",
        "gamma": "2.2",
        "motion_blur_intensity": "0.0",
        "motion_blur_max_distortion": "0.35",
        "lens_flare_intensity": "0.1",
        "motion_blur_min_object_screen_size": "0.1",
        "exposure_min_bright": "10.0",
        "exposure_speed_up": "3.0",
        "exposure_speed_down": "1.0",
        "tint": "0.0",
        "calibration_constant": "16.0",
        "focal_distance": "1000.0",
        "min_fstop": "1.2",
        "blade_count": "5",
        "blur_amount": "0.0",
        "blur_radius": "0.0",
        "slope": "0.88",
        "toe": "0.55",
        "white_clip": "0.04",
        "shoulder": "0.26",
        "black_clip": "0.0",
        "temp": "6500.0",
        "chromatic_aberration_intensity": "0.0"
      },
      "transform_carla": {
        "location": {
          "x": 104.12372589111328,
          "y": -35.90111541748047,
          "z": 1.7085394859313965
        },
        "rotation": {
          "roll": 0.021209856495261192,
          "pitch": 0.42596471309661865,
          "yaw": 70.84015655517578
        }
      },
      "matrix_world_from_sensor_carla": [
        [
          0.32819563150405884,
          -0.9446056485176086,
          -0.002789687132462859,
          104.12372589111328
        ],
        [
          0.9445804953575134,
          0.3282072842121124,
          -0.006901104934513569,
          -35.90111541748047
        ],
        [
          0.007434418424963951,
          -0.0003701715904753655,
          0.9999722838401794,
          1.7085394859313965
        ],
        [
          0.0,
          0.0,
          0.0,
          1.0
        ]
      ],
      "matrix_world_from_sensor_bevfusion": [
        [
          -0.9446056485176086,
          0.002789687132462859,
          0.32819563150405884,
          104.12372589111328
        ],
        [
          -0.3282072842121124,
          -0.006901104934513569,
          -0.9445804953575134,
          35.90111541748047
        ],
        [
          -0.0003701715904753655,
          -0.9999722838401794,
          0.007434418424963951,
          1.7085394859313965
        ],
        [
          0.0,
          0.0,
          0.0,
          1.0
        ]
      ],
      "matrix_ego_from_sensor_carla": [
        [
          -0.9999999403953552,
          8.230362169570071e-08,
          2.312402491710941e-10,
          -1.5499985218048096
        ],
        [
          -6.342223457522778e-08,
          -0.9999999403953552,
          -1.6449358541947845e-09,
          0.0
        ],
        [
          2.3442103813664517e-10,
          -1.847458519499412e-09,
          1.0,
          1.6999999284744263
        ],
        [
          0.0,
          0.0,
          0.0,
          1.0
        ]
      ],
      "matrix_ego_from_sensor_bevfusion": [
        [
          8.230362169570071e-08,
          -2.312402491710941e-10,
          -0.9999999403953552,
          -1.5499985218048096
        ],
        [
          0.9999999403953552,
          -1.6449358541947845e-09,
          6.342223457522778e-08,
          0.0
        ],
        [
          -1.847458519499412e-09,
          -1.0,
          2.3442103813664517e-10,
          1.6999999284744263
        ],
        [
          0.0,
          0.0,
          0.0,
          1.0
        ]
      ],
      "camera_intrinsics": [
        [
          685.5110473632812,
          0.0,
          480.0
        ],
        [
          0.0,
          685.5110473632812,
          270.0
        ],
        [
          0.0,
          0.0,
          1.0
        ]
      ],
      "data_path": "D:\\Agent-AI\\outputs\\s3a_ml_long_v1\\sample_000043\\images\\CAM_BACK.png",
      "raw_layout": "bgra8"
    },
    "CAM_BACK_LEFT": {
      "type_id": "sensor.camera.rgb",
      "blueprint_attributes": {
        "role_name": "front",
        "ros_name": "sensor.camera.rgb",
        "chromatic_aberration_offset": "0.0",
        "sensor_tick": "0.100000",
        "fstop": "1.4",
        "image_size_x": "960",
        "image_size_y": "540",
        "fov": "70.00",
        "lens_circle_falloff": "5.0",
        "lens_circle_multiplier": "0.0",
        "exposure_compensation": "0.0",
        "lens_y_size": "0.08",
        "lens_k": "-1.0",
        "exposure_mode": "histogram",
        "lens_kcube": "0.0",
        "lens_x_size": "0.08",
        "exposure_max_bright": "12.0",
        "shutter_speed": "200.0",
        "bloom_intensity": "0.675",
        "iso": "100.0",
        "enable_postprocess_effects": "false",
        "gamma": "2.2",
        "motion_blur_intensity": "0.0",
        "motion_blur_max_distortion": "0.35",
        "lens_flare_intensity": "0.1",
        "motion_blur_min_object_screen_size": "0.1",
        "exposure_min_bright": "10.0",
        "exposure_speed_up": "3.0",
        "exposure_speed_down": "1.0",
        "tint": "0.0",
        "calibration_constant": "16.0",
        "focal_distance": "1000.0",
        "min_fstop": "1.2",
        "blade_count": "5",
        "blur_amount": "0.0",
        "blur_radius": "0.0",
        "slope": "0.88",
        "toe": "0.55",
        "white_clip": "0.04",
        "shoulder": "0.26",
        "black_clip": "0.0",
        "temp": "6500.0",
        "chromatic_aberration_intensity": "0.0"
      },
      "transform_carla": {
        "location": {
          "x": 103.52214813232422,
          "y": -35.956748962402344,
          "z": 1.7064772844314575
        },
        "rotation": {
          "roll": 0.3610966205596924,
          "pitch": 0.22694668173789978,
          "yaw": 125.84077453613281
        }
      },
      "matrix_world_from_sensor_carla": [
        [
          -0.5855301022529602,
          -0.8106458783149719,
          -0.002789698075503111,
          103.52214813232422
        ],
        [
          0.8106409907341003,
          -0.5855028033256531,
          -0.006901080720126629,
          -35.956748962402344
        ],
        [
          0.0039609563536942005,
          -0.006302233785390854,
          0.9999722838401794,
          1.7064772844314575
        ],
        [
          0.0,
          0.0,
          0.0,
          1.0
        ]
      ],
      "matrix_world_from_sensor_bevfusion": [
        [
          -0.8106458783149719,
          0.002789698075503111,
          -0.5855301022529602,
          103.52214813232422
        ],
        [
          0.5855028033256531,
          -0.006901080720126629,
          -0.8106409907341003,
          35.956748962402344
        ],
        [
          -0.006302233785390854,
          -0.9999722838401794,
          0.0039609563536942005,
          1.7064772844314575
        ],
        [
          0.0,
          0.0,
          0.0,
          1.0
        ]
      ],
      "matrix_ego_from_sensor_carla": [
        [
          -0.5735766291618347,
          0.8191518783569336,
          -1.9326533262642442e-08,
          -1.2999955415725708
        ],
        [
          -0.8191518187522888,
          -0.5735766291618347,
          -2.0067661310463336e-08,
          -0.5499954223632812
        ],
        [
          -2.7826112969364658e-08,
          4.241687889816603e-09,
          1.0,
          1.6999999284744263
        ],
        [
          0.0,
          0.0,
          0.0,
          1.0
        ]
      ],
      "matrix_ego_from_sensor_bevfusion": [
        [
          0.8191518783569336,
          1.9326533262642442e-08,
          -0.5735766291618347,
          -1.2999955415725708
        ],
        [
          0.5735766291618347,
          -2.0067661310463336e-08,
          0.8191518187522888,
          0.5499954223632812
        ],
        [
          4.241687889816603e-09,
          -1.0,
          -2.7826112969364658e-08,
          1.6999999284744263
        ],
        [
          0.0,
          0.0,
          0.0,
          1.0
        ]
      ],
      "camera_intrinsics": [
        [
          685.5110473632812,
          0.0,
          480.0
        ],
        [
          0.0,
          685.5110473632812,
          270.0
        ],
        [
          0.0,
          0.0,
          1.0
        ]
      ],
      "data_path": "D:\\Agent-AI\\outputs\\s3a_ml_long_v1\\sample_000043\\images\\CAM_BACK_LEFT.png",
      "raw_layout": "bgra8"
    },
    "CAM_BACK_RIGHT": {
      "type_id": "sensor.camera.rgb",
      "blueprint_attributes": {
        "role_name": "front",
        "ros_name": "sensor.camera.rgb",
        "chromatic_aberration_offset": "0.0",
        "sensor_tick": "0.100000",
        "fstop": "1.4",
        "image_size_x": "960",
        "image_size_y": "540",
        "fov": "70.00",
        "lens_circle_falloff": "5.0",
        "lens_circle_multiplier": "0.0",
        "exposure_compensation": "0.0",
        "lens_y_size": "0.08",
        "lens_k": "-1.0",
        "exposure_mode": "histogram",
        "lens_kcube": "0.0",
        "lens_x_size": "0.08",
        "exposure_max_bright": "12.0",
        "shutter_speed": "200.0",
        "bloom_intensity": "0.675",
        "iso": "100.0",
        "enable_postprocess_effects": "false",
        "gamma": "2.2",
        "motion_blur_intensity": "0.0",
        "motion_blur_max_distortion": "0.35",
        "lens_flare_intensity": "0.1",
        "motion_blur_min_object_screen_size": "0.1",
        "exposure_min_bright": "10.0",
        "exposure_speed_up": "3.0",
        "exposure_speed_down": "1.0",
        "tint": "0.0",
        "calibration_constant": "16.0",
        "focal_distance": "1000.0",
        "min_fstop": "1.2",
        "blade_count": "5",
        "blur_amount": "0.0",
        "blur_radius": "0.0",
        "slope": "0.88",
        "toe": "0.55",
        "white_clip": "0.04",
        "shoulder": "0.26",
        "black_clip": "0.0",
        "temp": "6500.0",
        "chromatic_aberration_intensity": "0.0"
      },
      "transform_carla": {
        "location": {
          "x": 104.56121063232422,
          "y": -36.31777572631836,
          "z": 1.7068843841552734
        },
        "rotation": {
          "roll": -0.3367668390274048,
          "pitch": 0.2616986930370331,
          "yaw": 15.839311599731445
        }
      },
      "matrix_world_from_sensor_carla": [
        [
          0.9620209336280823,
          -0.27296149730682373,
          -0.0027897395193576813,
          104.56121063232422
        ],
        [
          0.27293750643730164,
          0.9620069861412048,
          -0.006901117041707039,
          -36.31777572631836
        ],
        [
          0.004567488096654415,
          0.005877594463527203,
          0.9999722838401794,
          1.7068843841552734
        ],
        [
          0.0,
          0.0,
          0.0,
          1.0
        ]
      ],
      "matrix_world_from_sensor_bevfusion": [
        [
          -0.27296149730682373,
          0.0027897395193576813,
          0.9620209336280823,
          104.56121063232422
        ],
        [
          -0.9620069861412048,
          -0.006901117041707039,
          -0.27293750643730164,
          36.31777572631836
        ],
        [
          0.005877594463527203,
          -0.9999722838401794,
          0.004567488096654415,
          1.7068843841552734
        ],
        [
          0.0,
          0.0,
          0.0,
          1.0
        ]
      ],
      "matrix_ego_from_sensor_carla": [
        [
          -0.5735765695571899,
          -0.8191519379615784,
          2.86365793300547e-08,
          -1.29999840259552
        ],
        [
          0.8191518783569336,
          -0.5735765099525452,
          -4.727974101115251e-08,
          0.5500030517578125
        ],
        [
          5.548033499280791e-08,
          -3.182526020495402e-09,
          1.0,
          1.6999998092651367
        ],
        [
          0.0,
          0.0,
          0.0,
          1.0
        ]
      ],
      "matrix_ego_from_sensor_bevfusion": [
        [
          -0.8191519379615784,
          -2.86365793300547e-08,
          -0.5735765695571899,
          -1.29999840259552
        ],
        [
          0.5735765099525452,
          -4.727974101115251e-08,
          -0.8191518783569336,
          -0.5500030517578125
        ],
        [
          -3.182526020495402e-09,
          -1.0,
          5.548033499280791e-08,
          1.6999998092651367
        ],
        [
          0.0,
          0.0,
          0.0,
          1.0
        ]
      ],
      "camera_intrinsics": [
        [
          685.5110473632812,
          0.0,
          480.0
        ],
        [
          0.0,
          685.5110473632812,
          270.0
        ],
        [
          0.0,
          0.0,
          1.0
        ]
      ],
      "data_path": "D:\\Agent-AI\\outputs\\s3a_ml_long_v1\\sample_000043\\images\\CAM_BACK_RIGHT.png",
      "raw_layout": "bgra8"
    },
    "LIDAR_TOP": {
      "type_id": "sensor.lidar.ray_cast",
      "blueprint_attributes": {
        "atmosphere_attenuation_rate": "0.004",
        "role_name": "front",
        "noise_seed": "0",
        "upper_fov": "10.0",
        "ros_name": "sensor.lidar.ray_cast",
        "sensor_tick": "0.100000",
        "channels": "32",
        "range": "120.0",
        "points_per_second": "360000",
        "lower_fov": "-30.0",
        "rotation_frequency": "10.000000",
        "horizontal_fov": "360.0",
        "dropoff_general_rate": "0.0",
        "dropoff_intensity_limit": "1.0",
        "noise_stddev": "0.0",
        "dropoff_zero_intensity": "0.0"
      },
      "transform_carla": {
        "location": {
          "x": 103.61363220214844,
          "y": -37.36866760253906,
          "z": 2.197002410888672
        },
        "rotation": {
          "roll": -0.021209711208939552,
          "pitch": -0.42596471309661865,
          "yaw": -109.15985107421875
        }
      },
      "matrix_world_from_sensor_carla": [
        [
          -0.328195720911026,
          0.9446056485176086,
          -0.0027896855026483536,
          103.61363220214844
        ],
        [
          -0.9445804953575134,
          -0.3282073736190796,
          -0.006901105400174856,
          -37.36866760253906
        ],
        [
          -0.007434418424963951,
          0.0003701690584421158,
          0.9999722838401794,
          2.197002410888672
        ],
        [
          0.0,
          0.0,
          0.0,
          1.0
        ]
      ],
      "matrix_world_from_sensor_bevfusion": [
        [
          -0.328195720911026,
          -0.9446056485176086,
          -0.0027896855026483536,
          103.61363220214844
        ],
        [
          0.9445804953575134,
          -0.3282073736190796,
          0.006901105400174856,
          37.36866760253906
        ],
        [
          -0.007434418424963951,
          -0.0003701690584421158,
          0.9999722838401794,
          2.197002410888672
        ],
        [
          0.0,
          0.0,
          0.0,
          1.0
        ]
      ],
      "matrix_ego_from_sensor_carla": [
        [
          1.0,
          2.1672450500886953e-09,
          2.312402491710941e-10,
          2.9802322387695312e-06
        ],
        [
          3.817588911658731e-09,
          1.0,
          -1.0243279835453478e-10,
          7.62939453125e-06
        ],
        [
          -2.3442103813664517e-10,
          -7.332412454985615e-11,
          1.0,
          2.200000047683716
        ],
        [
          0.0,
          0.0,
          0.0,
          1.0
        ]
      ],
      "matrix_ego_from_sensor_bevfusion": [
        [
          1.0,
          -2.1672450500886953e-09,
          2.312402491710941e-10,
          2.9802322387695312e-06
        ],
        [
          -3.817588911658731e-09,
          1.0,
          1.0243279835453478e-10,
          -7.62939453125e-06
        ],
        [
          -2.3442103813664517e-10,
          7.332412454985615e-11,
          1.0,
          2.200000047683716
        ],
        [
          0.0,
          0.0,
          0.0,
          1.0
        ]
      ],
      "data_path": "D:\\Agent-AI\\outputs\\s3a_ml_long_v1\\sample_000043\\lidar\\LIDAR_TOP.npy",
      "raw_layout": [
        "x",
        "y",
        "z",
        "intensity"
      ]
    },
    "RADAR_FRONT": {
      "type_id": "sensor.other.radar",
      "blueprint_attributes": {
        "sensor_tick": "0.100000",
        "role_name": "default",
        "noise_seed": "0",
        "ros_name": "sensor.other.radar",
        "horizontal_fov": "35.0",
        "points_per_second": "1500",
        "vertical_fov": "20.0",
        "range": "120.0"
      },
      "transform_carla": {
        "location": {
          "x": 102.96085357666016,
          "y": -39.24885559082031,
          "z": 0.8821696043014526
        },
        "rotation": {
          "roll": -0.021209711208939552,
          "pitch": -0.42596471309661865,
          "yaw": -109.15985107421875
        }
      },
      "matrix_world_from_sensor_carla": [
        [
          -0.328195720911026,
          0.9446056485176086,
          -0.0027896855026483536,
          102.96085357666016
        ],
        [
          -0.9445804953575134,
          -0.3282073736190796,
          -0.006901105400174856,
          -39.24885559082031
        ],
        [
          -0.007434418424963951,
          0.0003701690584421158,
          0.9999722838401794,
          0.8821696043014526
        ],
        [
          0.0,
          0.0,
          0.0,
          1.0
        ]
      ],
      "matrix_world_from_sensor_bevfusion": [
        [
          -0.328195720911026,
          -0.9446056485176086,
          -0.0027896855026483536,
          102.96085357666016
        ],
        [
          0.9445804953575134,
          -0.3282073736190796,
          0.006901105400174856,
          39.24885559082031
        ],
        [
          -0.007434418424963951,
          -0.0003701690584421158,
          0.9999722838401794,
          0.8821696043014526
        ],
        [
          0.0,
          0.0,
          0.0,
          1.0
        ]
      ],
      "matrix_ego_from_sensor_carla": [
        [
          1.0,
          2.1672450500886953e-09,
          2.312402491710941e-10,
          2.000004291534424
        ],
        [
          3.817588911658731e-09,
          1.0,
          -1.0243279835453478e-10,
          -7.62939453125e-06
        ],
        [
          -2.3442103813664517e-10,
          -7.332412454985615e-11,
          1.0,
          0.9000000953674316
        ],
        [
          0.0,
          0.0,
          0.0,
          1.0
        ]
      ],
      "matrix_ego_from_sensor_bevfusion": [
        [
          1.0,
          -2.1672450500886953e-09,
          2.312402491710941e-10,
          2.000004291534424
        ],
        [
          -3.817588911658731e-09,
          1.0,
          1.0243279835453478e-10,
          7.62939453125e-06
        ],
        [
          -2.3442103813664517e-10,
          7.332412454985615e-11,
          1.0,
          0.9000000953674316
        ],
        [
          0.0,
          0.0,
          0.0,
          1.0
        ]
      ],
      "data_path": "D:\\Agent-AI\\outputs\\s3a_ml_long_v1\\sample_000043\\radar\\RADAR_FRONT.npy",
      "raw_layout": [
        "velocity",
        "altitude",
        "azimuth",
        "depth"
      ]
    },
    "RADAR_FRONT_LEFT": {
      "type_id": "sensor.other.radar",
      "blueprint_attributes": {
        "sensor_tick": "0.100000",
        "role_name": "default",
        "noise_seed": "0",
        "ros_name": "sensor.other.radar",
        "horizontal_fov": "35.0",
        "points_per_second": "1500",
        "vertical_fov": "20.0",
        "range": "120.0"
      },
      "transform_carla": {
        "location": {
          "x": 102.36727142333984,
          "y": -38.672096252441406,
          "z": 0.8844940066337585
        },
        "rotation": {
          "roll": 0.286207914352417,
          "pitch": -0.3161967694759369,
          "yaw": -154.16073608398438
        }
      },
      "matrix_world_from_sensor_carla": [
        [
          -0.9000065326690674,
          0.43586745858192444,
          -0.0027896619867533445,
          102.36727142333984
        ],
        [
          -0.43584144115448,
          -0.8999969959259033,
          -0.006901087239384651,
          -38.672096252441406
        ],
        [
          -0.005518646910786629,
          -0.004995173774659634,
          0.9999723434448242,
          0.8844940066337585
        ],
        [
          0.0,
          0.0,
          0.0,
          1.0
        ]
      ],
      "matrix_world_from_sensor_bevfusion": [
        [
          -0.9000065326690674,
          -0.43586745858192444,
          -0.0027896619867533445,
          102.36727142333984
        ],
        [
          0.43584144115448,
          -0.8999969959259033,
          0.006901087239384651,
          38.672096252441406
        ],
        [
          -0.005518646910786629,
          0.004995173774659634,
          0.9999723434448242,
          0.8844940066337585
        ],
        [
          0.0,
          0.0,
          0.0,
          1.0
        ]
      ],
      "matrix_ego_from_sensor_carla": [
        [
          0.7071066498756409,
          0.70710688829422,
          -2.535759513477842e-08,
          1.6500040292739868
        ],
        [
          -0.7071068286895752,
          0.7071065902709961,
          1.630508705829925e-08,
          -0.7500076293945312
        ],
        [
          2.8624135950394702e-08,
          5.733567842725051e-09,
          1.0,
          0.9000000953674316
        ],
        [
          0.0,
          0.0,
          0.0,
          1.0
        ]
      ],
      "matrix_ego_from_sensor_bevfusion": [
        [
          0.7071066498756409,
          -0.70710688829422,
          -2.535759513477842e-08,
          1.6500040292739868
        ],
        [
          0.7071068286895752,
          0.7071065902709961,
          -1.630508705829925e-08,
          0.7500076293945312
        ],
        [
          2.8624135950394702e-08,
          -5.733567842725051e-09,
          1.0,
          0.9000000953674316
        ],
        [
          0.0,
          0.0,
          0.0,
          1.0
        ]
      ],
      "data_path": "D:\\Agent-AI\\outputs\\s3a_ml_long_v1\\sample_000043\\radar\\RADAR_FRONT_LEFT.npy",
      "raw_layout": [
        "velocity",
        "altitude",
        "azimuth",
        "depth"
      ]
    },
    "RADAR_FRONT_RIGHT": {
      "type_id": "sensor.other.radar",
      "blueprint_attributes": {
        "sensor_tick": "0.100000",
        "role_name": "default",
