{
  "schema_version": "stage1.v1",
  "sample_name": "sample_000013",
  "sequence_index": 13,
  "previous_sample_name": "sample_000012",
  "frame_id": 2190,
  "timestamp": 33.54063230380416,
  "platform_timestamp": 16781872.8740928,
  "delta_seconds": 0.05000000074505806,
  "town": "Carla/Maps/Town10HD_Opt",
  "weather": {
    "cloudiness": 20.0,
    "dust_storm": 0.0,
    "fog_density": 2.0,
    "fog_distance": 0.75,
    "fog_falloff": 0.10000000149011612,
    "mie_scattering_scale": 0.029999999329447746,
    "precipitation": 0.0,
    "precipitation_deposits": 0.0,
    "rayleigh_scattering_scale": 0.03310000151395798,
    "scattering_intensity": 1.0,
    "sun_altitude_angle": 45.0,
    "sun_azimuth_angle": 300.0,
    "wetness": 0.0,
    "wind_intensity": 10.0
  },
  "sensor_names": [
    "CAM_FRONT",
    "CAM_FRONT_RIGHT",
    "CAM_FRONT_LEFT",
    "CAM_BACK",
    "CAM_BACK_LEFT",
    "CAM_BACK_RIGHT",
    "LIDAR_TOP",
    "RADAR_FRONT",
    "RADAR_FRONT_LEFT",
    "RADAR_FRONT_RIGHT",
    "RADAR_BACK_LEFT",
    "RADAR_BACK_RIGHT"
  ],
  "camera_order_for_model": [
    "CAM_FRONT",
    "CAM_FRONT_RIGHT",
    "CAM_FRONT_LEFT",
    "CAM_BACK",
    "CAM_BACK_LEFT",
    "CAM_BACK_RIGHT"
  ],
  "radar_order_for_model": [
    "RADAR_FRONT",
    "RADAR_FRONT_LEFT",
    "RADAR_FRONT_RIGHT",
    "RADAR_BACK_LEFT",
    "RADAR_BACK_RIGHT"
  ],
  "coordinate_notes": {
    "carla_world": "left-handed x-forward y-right z-up",
    "bevfusion_lidar": "x-forward y-left z-up",
    "camera_frame_for_model": "OpenCV style x-right y-down z-forward"
  },
  "ego": {
    "actor_id": 24,
    "transform_carla": {
      "location": {
        "x": -58.90531539916992,
        "y": 23.420467376708984,
        "z": -0.006409187335520983
      },
      "rotation": {
        "roll": 0.5958321690559387,
        "pitch": 0.5681146383285522,
        "yaw": -14.118093490600586
      }
    },
    "velocity_carla": [
      6.950716972351074,
      -2.0833871364593506,
      -0.0003071689570788294
    ],
    "angular_velocity_carla": [
      0.04392312839627266,
      -0.2699934244155884,
      -13.974272727966309
    ],
    "matrix_world_from_ego_carla": [
      [
        0.9697473645210266,
        0.24400807917118073,
        -0.007078750059008598,
        -58.90531539916992
      ],
      [
        -0.24390926957130432,
        0.9697174429893494,
        0.01250336691737175,
        23.420467376708984
      ],
      [
        0.009915309026837349,
        -0.010398534126579762,
        0.999896764755249,
        -0.006409187335520983
      ],
      [
        0.0,
        0.0,
        0.0,
        1.0
      ]
    ],
    "matrix_world_from_ego_bevfusion": [
      [
        0.9697473645210266,
        -0.24400807917118073,
        -0.007078750059008598,
        -58.90531539916992
      ],
      [
        0.24390926957130432,
        0.9697174429893494,
        -0.01250336691737175,
        -23.420467376708984
      ],
      [
        0.009915309026837349,
        0.010398534126579762,
        0.999896764755249,
        -0.006409187335520983
      ],
      [
        0.0,
        0.0,
        0.0,
        1.0
      ]
    ]
  },
  "sensors": {
    "CAM_FRONT": {
      "type_id": "sensor.camera.rgb",
      "blueprint_attributes": {
        "role_name": "front",
        "ros_name": "sensor.camera.rgb",
        "chromatic_aberration_offset": "0.0",
        "sensor_tick": "0.050000",
        "fstop": "1.4",
        "image_size_x": "1600",
        "image_size_y": "900",
        "fov": "70.00",
        "lens_circle_falloff": "5.0",
        "lens_circle_multiplier": "0.0",
        "exposure_compensation": "0.0",
        "lens_y_size": "0.08",
        "lens_k": "-1.0",
        "exposure_mode": "histogram",
        "lens_kcube": "0.0",
        "lens_x_size": "0.08",
        "exposure_max_bright": "12.0",
        "shutter_speed": "200.0",
        "bloom_intensity": "0.675",
        "iso": "100.0",
        "enable_postprocess_effects": "false",
        "gamma": "2.2",
        "motion_blur_intensity": "0.0",
        "motion_blur_max_distortion": "0.35",
        "lens_flare_intensity": "0.1",
        "motion_blur_min_object_screen_size": "0.1",
        "exposure_min_bright": "10.0",
        "exposure_speed_up": "3.0",
        "exposure_speed_down": "1.0",
        "tint": "0.0",
        "calibration_constant": "16.0",
        "focal_distance": "1000.0",
        "min_fstop": "1.2",
        "blade_count": "5",
        "blur_amount": "0.0",
        "blur_radius": "0.0",
        "slope": "0.88",
        "toe": "0.55",
        "white_clip": "0.04",
        "shoulder": "0.26",
        "black_clip": "0.0",
        "temp": "6500.0",
        "chromatic_aberration_intensity": "0.0"
      },
      "transform_carla": {
        "location": {
          "x": -57.414241790771484,
          "y": 23.063663482666016,
          "z": 1.7087841033935547
        },
        "rotation": {
          "roll": 0.5958321690559387,
          "pitch": 0.5681146383285522,
          "yaw": -14.118093490600586
        }
      },
      "matrix_world_from_sensor_carla": [
        [
          0.9697473645210266,
          0.24400807917118073,
          -0.007078750059008598,
          -57.414241790771484
        ],
        [
          -0.24390926957130432,
          0.9697174429893494,
          0.01250336691737175,
          23.063663482666016
        ],
        [
          0.009915309026837349,
          -0.010398534126579762,
          0.999896764755249,
          1.7087841033935547
        ],
        [
          0.0,
          0.0,
          0.0,
          1.0
        ]
      ],
      "matrix_world_from_sensor_bevfusion": [
        [
          0.24400807917118073,
          0.007078750059008598,
          0.9697473645210266,
          -57.414241790771484
        ],
        [
          -0.9697174429893494,
          0.01250336691737175,
          0.24390926957130432,
          -23.063663482666016
        ],
        [
          -0.010398534126579762,
          -0.999896764755249,
          0.009915309026837349,
          1.7087841033935547
        ],
        [
          0.0,
          0.0,
          0.0,
          1.0
        ]
      ],
      "matrix_ego_from_sensor_carla": [
        [
          1.0,
          5.780685929934748e-10,
          -8.594081002399889e-11,
          1.5499992370605469
        ],
        [
          1.366436269689686e-10,
          1.0,
          6.116096518127279e-10,
          0.0
        ],
        [
          -8.584466471006635e-11,
          6.116096518127279e-10,
          1.0,
          1.7000000476837158
        ],
        [
          0.0,
          0.0,
          0.0,
          1.0
        ]
      ],
      "matrix_ego_from_sensor_bevfusion": [
        [
          5.780685929934748e-10,
          8.594081002399889e-11,
          1.0,
          1.5499992370605469
        ],
        [
          -1.0,
          6.116096518127279e-10,
          -1.366436269689686e-10,
          0.0
        ],
        [
          6.116096518127279e-10,
          -1.0,
          -8.584466471006635e-11,
          1.7000000476837158
        ],
        [
          0.0,
          0.0,
          0.0,
          1.0
        ]
      ],
      "camera_intrinsics": [
        [
          1142.5184326171875,
          0.0,
          800.0
        ],
        [
          0.0,
          1142.5184326171875,
          450.0
        ],
        [
          0.0,
          0.0,
          1.0
        ]
      ],
      "data_path": "D:\\Agent-AI\\outputs\\samples\\sample_000013\\images\\CAM_FRONT.png",
      "raw_layout": "bgra8"
    },
    "CAM_FRONT_RIGHT": {
      "type_id": "sensor.camera.rgb",
      "blueprint_attributes": {
        "role_name": "front",
        "ros_name": "sensor.camera.rgb",
        "chromatic_aberration_offset": "0.0",
        "sensor_tick": "0.050000",
        "fstop": "1.4",
        "image_size_x": "1600",
        "image_size_y": "900",
        "fov": "70.00",
        "lens_circle_falloff": "5.0",
        "lens_circle_multiplier": "0.0",
        "exposure_compensation": "0.0",
        "lens_y_size": "0.08",
        "lens_k": "-1.0",
        "exposure_mode": "histogram",
        "lens_kcube": "0.0",
        "lens_x_size": "0.08",
        "exposure_max_bright": "12.0",
        "shutter_speed": "200.0",
        "bloom_intensity": "0.675",
        "iso": "100.0",
        "enable_postprocess_effects": "false",
        "gamma": "2.2",
        "motion_blur_intensity": "0.0",
        "motion_blur_max_distortion": "0.35",
        "lens_flare_intensity": "0.1",
        "motion_blur_min_object_screen_size": "0.1",
        "exposure_min_bright": "10.0",
        "exposure_speed_up": "3.0",
        "exposure_speed_down": "1.0",
        "tint": "0.0",
        "calibration_constant": "16.0",
        "focal_distance": "1000.0",
        "min_fstop": "1.2",
        "blade_count": "5",
        "blur_amount": "0.0",
        "blur_radius": "0.0",
        "slope": "0.88",
        "toe": "0.55",
        "white_clip": "0.04",
        "shoulder": "0.26",
        "black_clip": "0.0",
        "temp": "6500.0",
        "chromatic_aberration_intensity": "0.0"
      },
      "transform_carla": {
        "location": {
          "x": -57.52247619628906,
          "y": 23.657987594604492,
          "z": 1.7005860805511475
        },
        "rotation": {
          "roll": 0.8071269392967224,
          "pitch": -0.16218966245651245,
          "yaw": 40.87783432006836
        }
      },
      "matrix_world_from_sensor_carla": [
        [
          0.7561036348342896,
          -0.6544135808944702,
          -0.0070787956938147545,
          -57.52247619628906
        ],
        [
          0.6544457674026489,
          0.7560055255889893,
          0.01250332873314619,
          23.657987594604492
        ],
        [
          -0.0028307398315519094,
          -0.014086500741541386,
          0.999896764755249,
          1.7005860805511475
        ],
        [
          0.0,
          0.0,
          0.0,
          1.0
        ]
      ],
      "matrix_world_from_sensor_bevfusion": [
        [
          -0.6544135808944702,
          0.0070787956938147545,
          0.7561036348342896,
          -57.52247619628906
        ],
        [
          -0.7560055255889893,
          0.01250332873314619,
          -0.6544457674026489,
          -23.657987594604492
        ],
        [
          -0.014086500741541386,
          -0.999896764755249,
          -0.0028307398315519094,
          1.7005860805511475
        ],
        [
          0.0,
          0.0,
          0.0,
          1.0
        ]
      ],
      "matrix_ego_from_sensor_carla": [
        [
          0.573576033115387,
          -0.8191522359848022,
          -3.547619797927837e-08,
          1.2999992370605469
        ],
        [
          0.819152295589447,
          0.5735760927200317,
          -4.781716356205834e-08,
          0.5500011444091797
        ],
        [
          5.986713347283512e-08,
          -2.36515496077061e-09,
          1.0,
          1.7000000476837158
        ],
        [
          0.0,
          0.0,
          0.0,
          1.0
        ]
      ],
      "matrix_ego_from_sensor_bevfusion": [
        [
          -0.8191522359848022,
          3.547619797927837e-08,
          0.573576033115387,
          1.2999992370605469
        ],
        [
          -0.5735760927200317,
          -4.781716356205834e-08,
          -0.819152295589447,
          -0.5500011444091797
        ],
        [
          -2.36515496077061e-09,
          -1.0,
          5.986713347283512e-08,
          1.7000000476837158
        ],
        [
          0.0,
          0.0,
          0.0,
          1.0
        ]
      ],
      "camera_intrinsics": [
        [
          1142.5184326171875,
          0.0,
          800.0
        ],
        [
          0.0,
          1142.5184326171875,
          450.0
        ],
        [
          0.0,
          0.0,
          1.0
        ]
      ],
      "data_path": "D:\\Agent-AI\\outputs\\samples\\sample_000013\\images\\CAM_FRONT_RIGHT.png",
      "raw_layout": "bgra8"
    },
    "CAM_FRONT_LEFT": {
      "type_id": "sensor.camera.rgb",
      "blueprint_attributes": {
        "role_name": "front",
        "ros_name": "sensor.camera.rgb",
        "chromatic_aberration_offset": "0.0",
        "sensor_tick": "0.050000",
        "fstop": "1.4",
        "image_size_x": "1600",
        "image_size_y": "900",
        "fov": "70.00",
        "lens_circle_falloff": "5.0",
        "lens_circle_multiplier": "0.0",
        "exposure_compensation": "0.0",
        "lens_y_size": "0.08",
        "lens_k": "-1.0",
        "exposure_mode": "histogram",
        "lens_kcube": "0.0",
        "lens_x_size": "0.08",
        "exposure_max_bright": "12.0",
        "shutter_speed": "200.0",
        "bloom_intensity": "0.675",
        "iso": "100.0",
        "enable_postprocess_effects": "false",
        "gamma": "2.2",
        "motion_blur_intensity": "0.0",
        "motion_blur_max_distortion": "0.35",
        "lens_flare_intensity": "0.1",
        "motion_blur_min_object_screen_size": "0.1",
        "exposure_min_bright": "10.0",
        "exposure_speed_up": "3.0",
        "exposure_speed_down": "1.0",
        "tint": "0.0",
        "calibration_constant": "16.0",
        "focal_distance": "1000.0",
        "min_fstop": "1.2",
        "blade_count": "5",
        "blur_amount": "0.0",
        "blur_radius": "0.0",
        "slope": "0.88",
        "toe": "0.55",
        "white_clip": "0.04",
        "shoulder": "0.26",
        "black_clip": "0.0",
        "temp": "6500.0",
        "chromatic_aberration_intensity": "0.0"
      },
      "transform_carla": {
        "location": {
          "x": -57.7908821105957,
          "y": 22.591299057006836,
          "z": 1.712024450302124
        },
        "rotation": {
          "roll": -0.1236448660492897,
          "pitch": 0.8139262795448303,
          "yaw": -69.12191009521484
        }
      },
      "matrix_world_from_sensor_carla": [
        [
          0.3563447594642639,
          0.9343277812004089,
          -0.007078768685460091,
          -57.7908821105957
        ],
        [
          -0.9342465400695801,
          0.3564085364341736,
          0.012503409758210182,
          22.591299057006836
        ],
        [
          0.014205215498805046,
          0.0021577905863523483,
          0.999896764755249,
          1.712024450302124
        ],
        [
          0.0,
          0.0,
          0.0,
          1.0
        ]
      ],
      "matrix_world_from_sensor_bevfusion": [
        [
          0.9343277812004089,
          0.007078768685460091,
          0.3563447594642639,
          -57.7908821105957
        ],
        [
          -0.3564085364341736,
          0.012503409758210182,
          0.9342465400695801,
          -22.591299057006836
        ],
        [
          0.0021577905863523483,
          -0.999896764755249,
          0.014205215498805046,
          1.712024450302124
        ],
        [
          0.0,
          0.0,
          0.0,
          1.0
        ]
      ],
      "matrix_ego_from_sensor_carla": [
        [
          0.5735766291618347,
          0.8191519379615784,
          -2.8956939956970018e-08,
          1.2999992370605469
        ],
        [
          -0.8191518783569336,
          0.5735766887664795,
          3.6933190727950205e-08,
          -0.5499978065490723
        ],
        [
          4.692028454655883e-08,
          2.620023753507894e-09,
          1.0,
          1.7000000476837158
        ],
        [
          0.0,
          0.0,
          0.0,
          1.0
        ]
      ],
      "matrix_ego_from_sensor_bevfusion": [
        [
          0.8191519379615784,
          2.8956939956970018e-08,
          0.5735766291618347,
          1.2999992370605469
        ],
        [
          -0.5735766887664795,
          3.6933190727950205e-08,
          0.8191518783569336,
          0.5499978065490723
        ],
        [
          2.620023753507894e-09,
          -1.0,
          4.692028454655883e-08,
          1.7000000476837158
        ],
        [
          0.0,
          0.0,
          0.0,
          1.0
        ]
      ],
      "camera_intrinsics": [
        [
          1142.5184326171875,
          0.0,
          800.0
        ],
        [
          0.0,
          1142.5184326171875,
          450.0
        ],
        [
          0.0,
          0.0,
          1.0
        ]
      ],
      "data_path": "D:\\Agent-AI\\outputs\\samples\\sample_000013\\images\\CAM_FRONT_LEFT.png",
      "raw_layout": "bgra8"
    },
    "CAM_BACK": {
      "type_id": "sensor.camera.rgb",
      "blueprint_attributes": {
        "role_name": "front",
        "ros_name": "sensor.camera.rgb",
        "chromatic_aberration_offset": "0.0",
        "sensor_tick": "0.050000",
        "fstop": "1.4",
        "image_size_x": "1600",
        "image_size_y": "900",
        "fov": "70.00",
        "lens_circle_falloff": "5.0",
        "lens_circle_multiplier": "0.0",
        "exposure_compensation": "0.0",
        "lens_y_size": "0.08",
        "lens_k": "-1.0",
        "exposure_mode": "histogram",
        "lens_kcube": "0.0",
        "lens_x_size": "0.08",
        "exposure_max_bright": "12.0",
        "shutter_speed": "200.0",
        "bloom_intensity": "0.675",
        "iso": "100.0",
        "enable_postprocess_effects": "false",
        "gamma": "2.2",
        "motion_blur_intensity": "0.0",
        "motion_blur_max_distortion": "0.35",
        "lens_flare_intensity": "0.1",
        "motion_blur_min_object_screen_size": "0.1",
        "exposure_min_bright": "10.0",
        "exposure_speed_up": "3.0",
        "exposure_speed_down": "1.0",
        "tint": "0.0",
        "calibration_constant": "16.0",
        "focal_distance": "1000.0",
        "min_fstop": "1.2",
        "blade_count": "5",
        "blur_amount": "0.0",
        "blur_radius": "0.0",
        "slope": "0.88",
        "toe": "0.55",
        "white_clip": "0.04",
        "shoulder": "0.26",
        "black_clip": "0.0",
        "temp": "6500.0",
        "chromatic_aberration_intensity": "0.0"
      },
      "transform_carla": {
        "location": {
          "x": -60.42045593261719,
          "y": 23.819782257080078,
          "z": 1.6780465841293335
        },
        "rotation": {
          "roll": -0.5958322882652283,
          "pitch": -0.5681146383285522,
          "yaw": 165.88192749023438
        }
      },
      "matrix_world_from_sensor_carla": [
        [
          -0.9697474241256714,
          -0.24400782585144043,
          -0.0070787519216537476,
          -60.42045593261719
        ],
        [
          0.24390901625156403,
          -0.9697175025939941,
          0.01250336691737175,
          23.819782257080078
        ],
        [
          -0.009915309026837349,
          0.010398536920547485,
          0.999896764755249,
          1.6780465841293335
        ],
        [
          0.0,
          0.0,
          0.0,
          1.0
        ]
      ],
      "matrix_world_from_sensor_bevfusion": [
        [
          -0.24400782585144043,
          0.0070787519216537476,
          -0.9697474241256714,
          -60.42045593261719
        ],
        [
          0.9697175025939941,
          0.01250336691737175,
          -0.24390901625156403,
          -23.819782257080078
        ],
        [
          0.010398536920547485,
          -0.999896764755249,
          -0.009915309026837349,
          1.6780465841293335
        ],
        [
          0.0,
          0.0,
          0.0,
          1.0
        ]
      ],
      "matrix_ego_from_sensor_carla": [
        [
          -1.0,
          2.673067456271383e-07,
          -1.948585959254956e-09,
          -1.5499954223632812
        ],
        [
          -2.6068869374284986e-07,
          -1.0,
          -3.1971292280275065e-10,
          0.0
        ],
        [
          -2.708123059136369e-09,
          3.1942448686095304e-10,
          1.0,
          1.7000000476837158
        ],
        [
          0.0,
          0.0,
          0.0,
          1.0
        ]
      ],
      "matrix_ego_from_sensor_bevfusion": [
        [
          2.673067456271383e-07,
          1.948585959254956e-09,
          -1.0,
          -1.5499954223632812
        ],
        [
          1.0,
          -3.1971292280275065e-10,
          2.6068869374284986e-07,
          0.0
        ],
        [
          3.1942448686095304e-10,
          -1.0,
          -2.708123059136369e-09,
          1.7000000476837158
        ],
        [
          0.0,
          0.0,
          0.0,
          1.0
        ]
      ],
      "camera_intrinsics": [
        [
          1142.5184326171875,
          0.0,
          800.0
        ],
        [
          0.0,
          1142.5184326171875,
          450.0
        ],
        [
          0.0,
          0.0,
          1.0
        ]
      ],
      "data_path": "D:\\Agent-AI\\outputs\\samples\\sample_000013\\images\\CAM_BACK.png",
      "raw_layout": "bgra8"
    },
    "CAM_BACK_LEFT": {
      "type_id": "sensor.camera.rgb",
      "blueprint_attributes": {
        "role_name": "front",
        "ros_name": "sensor.camera.rgb",
        "chromatic_aberration_offset": "0.0",
        "sensor_tick": "0.050000",
        "fstop": "1.4",
        "image_size_x": "1600",
        "image_size_y": "900",
        "fov": "70.00",
        "lens_circle_falloff": "5.0",
        "lens_circle_multiplier": "0.0",
        "exposure_compensation": "0.0",
        "lens_y_size": "0.08",
        "lens_k": "-1.0",
        "exposure_mode": "histogram",
        "lens_kcube": "0.0",
        "lens_x_size": "0.08",
        "exposure_max_bright": "12.0",
        "shutter_speed": "200.0",
        "bloom_intensity": "0.675",
        "iso": "100.0",
        "enable_postprocess_effects": "false",
        "gamma": "2.2",
        "motion_blur_intensity": "0.0",
        "motion_blur_max_distortion": "0.35",
        "lens_flare_intensity": "0.1",
        "motion_blur_min_object_screen_size": "0.1",
        "exposure_min_bright": "10.0",
        "exposure_speed_up": "3.0",
        "exposure_speed_down": "1.0",
        "tint": "0.0",
        "calibration_constant": "16.0",
        "focal_distance": "1000.0",
        "min_fstop": "1.2",
        "blade_count": "5",
        "blur_amount": "0.0",
        "blur_radius": "0.0",
        "slope": "0.88",
        "toe": "0.55",
        "white_clip": "0.04",
        "shoulder": "0.26",
        "black_clip": "0.0",
        "temp": "6500.0",
        "chromatic_aberration_intensity": "0.0"
      },
      "transform_carla": {
        "location": {
          "x": -60.312225341796875,
          "y": 23.225460052490234,
          "z": 1.6862446069717407
        },
        "rotation": {
          "roll": -0.8071269392967224,
          "pitch": 0.16218966245651245,
          "yaw": -139.12216186523438
        }
      },
      "matrix_world_from_sensor_carla": [
        [
          -0.7561035752296448,
          0.654413640499115,
          -0.0070787956938147545,
          -60.312225341796875
        ],
        [
          -0.6544458270072937,
          -0.7560054659843445,
          0.012503327801823616,
          23.225460052490234
        ],
        [
          0.0028307398315519094,
          0.014086500741541386,
          0.999896764755249,
          1.6862446069717407
        ],
        [
          0.0,
          0.0,
          0.0,
          1.0
        ]
      ],
      "matrix_world_from_sensor_bevfusion": [
        [
          0.654413640499115,
          0.0070787956938147545,
          -0.7561035752296448,
          -60.312225341796875
        ],
        [
          0.7560054659843445,
          0.012503327801823616,
          0.6544458270072937,
          -23.225460052490234
        ],
        [
          0.014086500741541386,
          -0.999896764755249,
          0.0028307398315519094,
          1.6862446069717407
        ],
        [
          0.0,
          0.0,
          0.0,
          1.0
        ]
      ],
      "matrix_ego_from_sensor_carla": [
        [
          -0.5735759735107422,
          0.819152295589447,
          -3.547619797927837e-08,
          -1.3000030517578125
        ],
        [
          -0.8191523551940918,
          -0.5735759735107422,
          -4.874848613667382e-08,
          -0.5500001907348633
        ],
        [
          -6.126411733475834e-08,
          2.36515496077061e-09,
          1.0,
          1.7000000476837158
        ],
        [
          0.0,
          0.0,
          0.0,
          1.0
        ]
      ],
      "matrix_ego_from_sensor_bevfusion": [
        [
          0.819152295589447,
          3.547619797927837e-08,
          -0.5735759735107422,
          -1.3000030517578125
        ],
        [
          0.5735759735107422,
          -4.874848613667382e-08,
          0.8191523551940918,
          0.5500001907348633
        ],
        [
          2.36515496077061e-09,
          -1.0,
          -6.126411733475834e-08,
          1.7000000476837158
        ],
        [
          0.0,
          0.0,
          0.0,
          1.0
        ]
      ],
      "camera_intrinsics": [
        [
          1142.5184326171875,
          0.0,
          800.0
        ],
        [
          0.0,
          1142.5184326171875,
          450.0
        ],
        [
          0.0,
          0.0,
          1.0
        ]
      ],
      "data_path": "D:\\Agent-AI\\outputs\\samples\\sample_000013\\images\\CAM_BACK_LEFT.png",
      "raw_layout": "bgra8"
    },
    "CAM_BACK_RIGHT": {
      "type_id": "sensor.camera.rgb",
      "blueprint_attributes": {
        "role_name": "front",
        "ros_name": "sensor.camera.rgb",
        "chromatic_aberration_offset": "0.0",
        "sensor_tick": "0.050000",
        "fstop": "1.4",
        "image_size_x": "1600",
        "image_size_y": "900",
        "fov": "70.00",
        "lens_circle_falloff": "5.0",
        "lens_circle_multiplier": "0.0",
        "exposure_compensation": "0.0",
        "lens_y_size": "0.08",
        "lens_k": "-1.0",
        "exposure_mode": "histogram",
        "lens_kcube": "0.0",
        "lens_x_size": "0.08",
        "exposure_max_bright": "12.0",
        "shutter_speed": "200.0",
        "bloom_intensity": "0.675",
        "iso": "100.0",
        "enable_postprocess_effects": "false",
        "gamma": "2.2",
        "motion_blur_intensity": "0.0",
        "motion_blur_max_distortion": "0.35",
        "lens_flare_intensity": "0.1",
        "motion_blur_min_object_screen_size": "0.1",
        "exposure_min_bright": "10.0",
        "exposure_speed_up": "3.0",
        "exposure_speed_down": "1.0",
        "tint": "0.0",
        "calibration_constant": "16.0",
        "focal_distance": "1000.0",
        "min_fstop": "1.2",
        "blade_count": "5",
        "blur_amount": "0.0",
        "blur_radius": "0.0",
        "slope": "0.88",
        "toe": "0.55",
        "white_clip": "0.04",
        "shoulder": "0.26",
        "black_clip": "0.0",
        "temp": "6500.0",
        "chromatic_aberration_intensity": "0.0"
      },
      "transform_carla": {
        "location": {
          "x": -60.04381561279297,
          "y": 24.292150497436523,
          "z": 1.6748061180114746
        },
        "rotation": {
          "roll": 0.12364500015974045,
          "pitch": -0.8139262795448303,
          "yaw": 110.8780746459961
        }
      },
      "matrix_world_from_sensor_carla": [
        [
          -0.3563444912433624,
          -0.9343278408050537,
          -0.007078767288476229,
          -60.04381561279297
        ],
        [
          0.9342465996742249,
          -0.3564082682132721,
          0.012503409758210182,
          24.292150497436523
        ],
        [
          -0.014205215498805046,
          -0.002157792914658785,
          0.999896764755249,
          1.6748061180114746
        ],
        [
          0.0,
          0.0,
          0.0,
          1.0
        ]
      ],
      "matrix_world_from_sensor_bevfusion": [
        [
          -0.9343278408050537,
          0.007078767288476229,
          -0.3563444912433624,
          -60.04381561279297
        ],
        [
          0.3564082682132721,
          0.012503409758210182,
          -0.9342465996742249,
          -24.292150497436523
        ],
        [
          -0.002157792914658785,
          -0.999896764755249,
          -0.014205215498805046,
          1.6748061180114746
        ],
        [
          0.0,
          0.0,
          0.0,
          1.0
        ]
      ],
      "matrix_ego_from_sensor_carla": [
        [
          -0.5735763907432556,
          -0.8191520571708679,
          -2.709429480773906e-08,
          -1.2999954223632812
        ],
        [
          0.8191519975662231,
          -0.5735764503479004,
          3.786451330256568e-08,
          0.5500001907348633
        ],
        [
          -4.785160712117431e-08,
          -9.899688846459753e-10,
          1.0,
          1.7000000476837158
        ],
        [
          0.0,
          0.0,
          0.0,
          1.0
        ]
      ],
      "matrix_ego_from_sensor_bevfusion": [
        [
          -0.8191520571708679,
          2.709429480773906e-08,
          -0.5735763907432556,
          -1.2999954223632812
        ],
        [
          0.5735764503479004,
          3.786451330256568e-08,
          -0.8191519975662231,
          -0.5500001907348633
        ],
        [
          -9.899688846459753e-10,
          -1.0,
          -4.785160712117431e-08,
          1.7000000476837158
        ],
        [
          0.0,
          0.0,
          0.0,
          1.0
        ]
      ],
      "camera_intrinsics": [
        [
          1142.5184326171875,
          0.0,
          800.0
        ],
        [
          0.0,
          1142.5184326171875,
          450.0
        ],
        [
          0.0,
          0.0,
          1.0
        ]
      ],
      "data_path": "D:\\Agent-AI\\outputs\\samples\\sample_000013\\images\\CAM_BACK_RIGHT.png",
      "raw_layout": "bgra8"
    },
    "LIDAR_TOP": {
      "type_id": "sensor.lidar.ray_cast",
      "blueprint_attributes": {
        "atmosphere_attenuation_rate": "0.004",
        "role_name": "front",
        "noise_seed": "0",
        "upper_fov": "10.0",
        "ros_name": "sensor.lidar.ray_cast",
        "sensor_tick": "0.050000",
        "channels": "32",
        "range": "120.0",
        "points_per_second": "360000",
        "lower_fov": "-30.0",
        "rotation_frequency": "20.000000",
        "horizontal_fov": "360.0",
        "dropoff_general_rate": "0.0",
        "dropoff_intensity_limit": "1.0",
        "noise_stddev": "0.0",
        "dropoff_zero_intensity": "0.0"
      },
      "transform_carla": {
        "location": {
          "x": -58.9208869934082,
          "y": 23.447975158691406,
          "z": 2.193363666534424
        },
        "rotation": {
          "roll": 0.5958321690559387,
          "pitch": 0.5681146383285522,
          "yaw": -14.118093490600586
        }
      },
      "matrix_world_from_sensor_carla": [
        [
          0.9697473645210266,
          0.24400807917118073,
          -0.007078750059008598,
          -58.9208869934082
        ],
        [
          -0.24390926957130432,
          0.9697174429893494,
          0.01250336691737175,
          23.447975158691406
        ],
        [
          0.009915309026837349,
          -0.010398534126579762,
          0.999896764755249,
          2.193363666534424
        ],
        [
          0.0,
          0.0,
          0.0,
          1.0
        ]
      ],
      "matrix_world_from_sensor_bevfusion": [
        [
          0.9697473645210266,
          -0.24400807917118073,
          -0.007078750059008598,
          -58.9208869934082
        ],
        [
          0.24390926957130432,
          0.9697174429893494,
          -0.01250336691737175,
          -23.447975158691406
        ],
        [
          0.009915309026837349,
          0.010398534126579762,
          0.999896764755249,
          2.193363666534424
        ],
        [
          0.0,
          0.0,
          0.0,
          1.0
        ]
      ],
      "matrix_ego_from_sensor_carla": [
        [
          1.0,
          5.780685929934748e-10,
          -8.594081002399889e-11,
          3.814697265625e-06
        ],
        [
          1.366436269689686e-10,
          1.0,
          6.116096518127279e-10,
          0.0
        ],
        [
          -8.584466471006635e-11,
          6.116096518127279e-10,
          1.0,
          2.200000047683716
        ],
        [
          0.0,
          0.0,
          0.0,
          1.0
        ]
      ],
      "matrix_ego_from_sensor_bevfusion": [
        [
          1.0,
          -5.780685929934748e-10,
          -8.594081002399889e-11,
          3.814697265625e-06
        ],
        [
          -1.366436269689686e-10,
          1.0,
          -6.116096518127279e-10,
          0.0
        ],
        [
          -8.584466471006635e-11,
          -6.116096518127279e-10,
          1.0,
          2.200000047683716
        ],
        [
          0.0,
          0.0,
          0.0,
          1.0
        ]
      ],
      "data_path": "D:\\Agent-AI\\outputs\\samples\\sample_000013\\lidar\\LIDAR_TOP.npy",
      "raw_layout": [
        "x",
        "y",
        "z",
        "intensity"
      ]
    },
    "RADAR_FRONT": {
      "type_id": "sensor.other.radar",
      "blueprint_attributes": {
        "sensor_tick": "0.050000",
        "role_name": "default",
        "noise_seed": "0",
        "ros_name": "sensor.other.radar",
        "horizontal_fov": "35.0",
        "points_per_second": "1500",
        "vertical_fov": "20.0",
        "range": "120.0"
      },
      "transform_carla": {
        "location": {
          "x": -56.972190856933594,
          "y": 22.94390296936035,
          "z": 0.9133285284042358
        },
        "rotation": {
          "roll": 0.5958321690559387,
          "pitch": 0.5681146383285522,
          "yaw": -14.118093490600586
        }
      },
      "matrix_world_from_sensor_carla": [
        [
          0.9697473645210266,
          0.24400807917118073,
          -0.007078750059008598,
          -56.972190856933594
        ],
        [
          -0.24390926957130432,
          0.9697174429893494,
          0.01250336691737175,
          22.94390296936035
        ],
        [
          0.009915309026837349,
          -0.010398534126579762,
          0.999896764755249,
          0.9133285284042358
        ],
        [
          0.0,
          0.0,
          0.0,
          1.0
        ]
      ],
      "matrix_world_from_sensor_bevfusion": [
        [
          0.9697473645210266,
          -0.24400807917118073,
          -0.007078750059008598,
          -56.972190856933594
        ],
        [
          0.24390926957130432,
          0.9697174429893494,
          -0.01250336691737175,
          -22.94390296936035
        ],
        [
          0.009915309026837349,
          0.010398534126579762,
          0.999896764755249,
          0.9133285284042358
        ],
        [
          0.0,
          0.0,
          0.0,
          1.0
        ]
      ],
      "matrix_ego_from_sensor_carla": [
        [
          1.0,
          5.780685929934748e-10,
          -8.594081002399889e-11,
          2.0000038146972656
        ],
        [
          1.366436269689686e-10,
          1.0,
          6.116096518127279e-10,
          0.0
        ],
        [
          -8.584466471006635e-11,
          6.116096518127279e-10,
          1.0,
          0.9000000357627869
        ],
        [
          0.0,
          0.0,
          0.0,
          1.0
        ]
      ],
      "matrix_ego_from_sensor_bevfusion": [
        [
          1.0,
          -5.780685929934748e-10,
          -8.594081002399889e-11,
          2.0000038146972656
        ],
        [
          -1.366436269689686e-10,
          1.0,
          -6.116096518127279e-10,
          0.0
        ],
        [
          -8.584466471006635e-11,
          -6.116096518127279e-10,
          1.0,
          0.9000000357627869
        ],
        [
          0.0,
          0.0,
          0.0,
          1.0
        ]
      ],
      "data_path": "D:\\Agent-AI\\outputs\\samples\\sample_000013\\radar\\RADAR_FRONT.npy",
      "raw_layout": [
        "velocity",
        "altitude",
        "azimuth",
        "depth"
      ]
    },
    "RADAR_FRONT_LEFT": {
      "type_id": "sensor.other.radar",
      "blueprint_attributes": {
        "sensor_tick": "0.050000",
        "role_name": "default",
        "noise_seed": "0",
        "ros_name": "sensor.other.radar",
        "horizontal_fov": "35.0",
        "points_per_second": "1500",
        "vertical_fov": "20.0",
        "range": "120.0"
      },
      "transform_carla": {
        "location": {
          "x": -57.49460983276367,
          "y": 22.301984786987305,
          "z": 0.9176571369171143
        },
        "rotation": {
          "roll": 0.019579501822590828,
          "pitch": 0.8230240941047668,
          "yaw": -59.120872497558594
        }
      },
      "matrix_world_from_sensor_carla": [
        [
          0.5131756663322449,
          0.8582543730735779,
          -0.007078720722347498,
          -57.49460983276367
        ],
        [
          -0.8581633567810059,
          0.5132243037223816,
          0.012503301724791527,
          22.301984786987305
        ],
        [
          0.014363986440002918,
          -0.00034169151331298053,
          0.999896764755249,
          0.9176571369171143
        ],
        [
          0.0,
          0.0,
          0.0,
          1.0
        ]
      ],
      "matrix_world_from_sensor_bevfusion": [
        [
          0.5131756663322449,
          -0.8582543730735779,
          -0.007078720722347498,
          -57.49460983276367
        ],
        [
          0.8581633567810059,
          0.5132243037223816,
          -0.012503301724791527,
          -22.301984786987305
        ],
        [
          0.014363986440002918,
          0.00034169151331298053,
          0.999896764755249,
          0.9176571369171143
        ],
        [
          0.0,
          0.0,
          0.0,
          1.0
        ]
      ],
      "matrix_ego_from_sensor_carla": [
        [
          0.7071071267127991,
          0.707106351852417,
          4.4617543437652785e-08,
          1.6499977111816406
        ],
        [
          -0.707106351852417,
          0.7071071267127991,
          -5.619906673359765e-08,
          -0.749997615814209
        ],
        [
          -7.005331070786269e-08,
          8.208044910418266e-09,
          1.0,
          0.9000001549720764
        ],
        [
          0.0,
          0.0,
          0.0,
          1.0
        ]
      ],
      "matrix_ego_from_sensor_bevfusion": [
        [
          0.7071071267127991,
          -0.707106351852417,
          4.4617543437652785e-08,
          1.6499977111816406
        ],
        [
          0.707106351852417,
          0.7071071267127991,
          5.619906673359765e-08,
          0.749997615814209
        ],
        [
          -7.005331070786269e-08,
          -8.208044910418266e-09,
          1.0,
          0.9000001549720764
        ],
        [
          0.0,
          0.0,
          0.0,
          1.0
        ]
      ],
      "data_path": "D:\\Agent-AI\\outputs\\samples\\sample_000013\\radar\\RADAR_FRONT_LEFT.npy",
      "raw_layout": [
        "velocity",
        "altitude",
        "azimuth",
        "depth"
      ]
    },
    "RADAR_FRONT_RIGHT": {
      "type_id": "sensor.other.radar",
      "blueprint_attributes": {
        "sensor_tick": "0.050000",
        "role_name": "default",
        "noise_seed": "0",
        "ros_name": "sensor.other.radar",
        "horizontal_fov": "35.0",
        "points_per_second": "1500",
        "vertical_fov": "20.0",
        "range": "120.0"
      },
      "transform_carla": {
        "location": {
          "x": -57.128597259521484,
