{
  "schema_version": "stage1.v1",
  "sample_name": "sample_000003",
  "sequence_index": 3,
  "previous_sample_name": "sample_000002",
  "frame_id": 60004,
  "timestamp": 435.3197007551789,
  "platform_timestamp": 16814562.0487095,
  "delta_seconds": 0.10000000149011612,
  "town": "Carla/Maps/Town10HD_Opt",
  "weather": {
    "cloudiness": 20.0,
    "dust_storm": 0.0,
    "fog_density": 2.0,
    "fog_distance": 0.75,
    "fog_falloff": 0.10000000149011612,
    "mie_scattering_scale": 0.029999999329447746,
    "precipitation": 0.0,
    "precipitation_deposits": 0.0,
    "rayleigh_scattering_scale": 0.03310000151395798,
    "scattering_intensity": 1.0,
    "sun_altitude_angle": 45.0,
    "sun_azimuth_angle": 300.0,
    "wetness": 0.0,
    "wind_intensity": 10.0
  },
  "sensor_names": [
    "CAM_FRONT",
    "CAM_FRONT_RIGHT",
    "CAM_FRONT_LEFT",
    "CAM_BACK",
    "CAM_BACK_LEFT",
    "CAM_BACK_RIGHT",
    "LIDAR_TOP",
    "RADAR_FRONT",
    "RADAR_FRONT_LEFT",
    "RADAR_FRONT_RIGHT",
    "RADAR_BACK_LEFT",
    "RADAR_BACK_RIGHT"
  ],
  "camera_order_for_model": [
    "CAM_FRONT",
    "CAM_FRONT_RIGHT",
    "CAM_FRONT_LEFT",
    "CAM_BACK",
    "CAM_BACK_LEFT",
    "CAM_BACK_RIGHT"
  ],
  "radar_order_for_model": [
    "RADAR_FRONT",
    "RADAR_FRONT_LEFT",
    "RADAR_FRONT_RIGHT",
    "RADAR_BACK_LEFT",
    "RADAR_BACK_RIGHT"
  ],
  "coordinate_notes": {
    "carla_world": "left-handed x-forward y-right z-up",
    "bevfusion_lidar": "x-forward y-left z-up",
    "camera_frame_for_model": "OpenCV style x-right y-down z-forward"
  },
  "ego": {
    "actor_id": 28,
    "transform_carla": {
      "location": {
        "x": 106.38648223876953,
        "y": -22.087892532348633,
        "z": -0.006551475264132023
      },
      "rotation": {
        "roll": 0.032081037759780884,
        "pitch": 0.5883387923240662,
        "yaw": -91.10258483886719
      }
    },
    "velocity_carla": [
      -0.1348731517791748,
      -5.17716121673584,
      0.0037924288772046566
    ],
    "angular_velocity_carla": [
      -0.057629626244306564,
      0.02594343200325966,
      -1.4410940408706665
    ],
    "matrix_world_from_ego_carla": [
      [
        -0.019241560250520706,
        0.9998145699501038,
        0.0007574039045721292,
        106.38648223876953
      ],
      [
        -0.9997621774673462,
        -0.019248317927122116,
        0.01025559101253748,
        -22.087892532348633
      ],
      [
        0.010268268175423145,
        -0.0005598901771008968,
        0.9999471306800842,
        -0.006551475264132023
      ],
      [
        0.0,
        0.0,
        0.0,
        1.0
      ]
    ],
    "matrix_world_from_ego_bevfusion": [
      [
        -0.019241560250520706,
        -0.9998145699501038,
        0.0007574039045721292,
        106.38648223876953
      ],
      [
        0.9997621774673462,
        -0.019248317927122116,
        -0.01025559101253748,
        22.087892532348633
      ],
      [
        0.010268268175423145,
        0.0005598901771008968,
        0.9999471306800842,
        -0.006551475264132023
      ],
      [
        0.0,
        0.0,
        0.0,
        1.0
      ]
    ]
  },
  "sensors": {
    "CAM_FRONT": {
      "type_id": "sensor.camera.rgb",
      "blueprint_attributes": {
        "role_name": "front",
        "ros_name": "sensor.camera.rgb",
        "chromatic_aberration_offset": "0.0",
        "sensor_tick": "0.100000",
        "fstop": "1.4",
        "image_size_x": "960",
        "image_size_y": "540",
        "fov": "70.00",
        "lens_circle_falloff": "5.0",
        "lens_circle_multiplier": "0.0",
        "exposure_compensation": "0.0",
        "lens_y_size": "0.08",
        "lens_k": "-1.0",
        "exposure_mode": "histogram",
        "lens_kcube": "0.0",
        "lens_x_size": "0.08",
        "exposure_max_bright": "12.0",
        "shutter_speed": "200.0",
        "bloom_intensity": "0.675",
        "iso": "100.0",
        "enable_postprocess_effects": "false",
        "gamma": "2.2",
        "motion_blur_intensity": "0.0",
        "motion_blur_max_distortion": "0.35",
        "lens_flare_intensity": "0.1",
        "motion_blur_min_object_screen_size": "0.1",
        "exposure_min_bright": "10.0",
        "exposure_speed_up": "3.0",
        "exposure_speed_down": "1.0",
        "tint": "0.0",
        "calibration_constant": "16.0",
        "focal_distance": "1000.0",
        "min_fstop": "1.2",
        "blade_count": "5",
        "blur_amount": "0.0",
        "blur_radius": "0.0",
        "slope": "0.88",
        "toe": "0.55",
        "white_clip": "0.04",
        "shoulder": "0.26",
        "black_clip": "0.0",
        "temp": "6500.0",
        "chromatic_aberration_intensity": "0.0"
      },
      "transform_carla": {
        "location": {
          "x": 106.35794830322266,
          "y": -23.62009048461914,
          "z": 1.709274411201477
        },
        "rotation": {
          "roll": 0.032081037759780884,
          "pitch": 0.5883387923240662,
          "yaw": -91.10258483886719
        }
      },
      "matrix_world_from_sensor_carla": [
        [
          -0.019241560250520706,
          0.9998145699501038,
          0.0007574039045721292,
          106.35794830322266
        ],
        [
          -0.9997621774673462,
          -0.019248317927122116,
          0.01025559101253748,
          -23.62009048461914
        ],
        [
          0.010268268175423145,
          -0.0005598901771008968,
          0.9999471306800842,
          1.709274411201477
        ],
        [
          0.0,
          0.0,
          0.0,
          1.0
        ]
      ],
      "matrix_world_from_sensor_bevfusion": [
        [
          0.9998145699501038,
          -0.0007574039045721292,
          -0.019241560250520706,
          106.35794830322266
        ],
        [
          0.019248317927122116,
          0.01025559101253748,
          0.9997621774673462,
          23.62009048461914
        ],
        [
          -0.0005598901771008968,
          -0.9999471306800842,
          0.010268268175423145,
          1.709274411201477
        ],
        [
          0.0,
          0.0,
          0.0,
          1.0
        ]
      ],
      "matrix_ego_from_sensor_carla": [
        [
          1.0,
          2.296964618508923e-09,
          -8.465674827817793e-10,
          1.5500030517578125
        ],
        [
          1.5806708164589622e-09,
          1.0,
          -2.6686514109641735e-11,
          0.0
        ],
        [
          1.0160283725468844e-09,
          3.152114680382567e-11,
          1.0,
          1.7000000476837158
        ],
        [
          0.0,
          0.0,
          0.0,
          1.0
        ]
      ],
      "matrix_ego_from_sensor_bevfusion": [
        [
          2.296964618508923e-09,
          8.465674827817793e-10,
          1.0,
          1.5500030517578125
        ],
        [
          -1.0,
          -2.6686514109641735e-11,
          -1.5806708164589622e-09,
          0.0
        ],
        [
          3.152114680382567e-11,
          -1.0,
          1.0160283725468844e-09,
          1.7000000476837158
        ],
        [
          0.0,
          0.0,
          0.0,
          1.0
        ]
      ],
      "camera_intrinsics": [
        [
          685.5110473632812,
          0.0,
          480.0
        ],
        [
          0.0,
          685.5110473632812,
          270.0
        ],
        [
          0.0,
          0.0,
          1.0
        ]
      ],
      "data_path": "D:\\Agent-AI\\outputs\\s3a_ml_long_v2\\sample_000003\\images\\CAM_FRONT.png",
      "raw_layout": "bgra8"
    },
    "CAM_FRONT_RIGHT": {
      "type_id": "sensor.camera.rgb",
      "blueprint_attributes": {
        "role_name": "front",
        "ros_name": "sensor.camera.rgb",
        "chromatic_aberration_offset": "0.0",
        "sensor_tick": "0.100000",
        "fstop": "1.4",
        "image_size_x": "960",
        "image_size_y": "540",
        "fov": "70.00",
        "lens_circle_falloff": "5.0",
        "lens_circle_multiplier": "0.0",
        "exposure_compensation": "0.0",
        "lens_y_size": "0.08",
        "lens_k": "-1.0",
        "exposure_mode": "histogram",
        "lens_kcube": "0.0",
        "lens_x_size": "0.08",
        "exposure_max_bright": "12.0",
        "shutter_speed": "200.0",
        "bloom_intensity": "0.675",
        "iso": "100.0",
        "enable_postprocess_effects": "false",
        "gamma": "2.2",
        "motion_blur_intensity": "0.0",
        "motion_blur_max_distortion": "0.35",
        "lens_flare_intensity": "0.1",
        "motion_blur_min_object_screen_size": "0.1",
        "exposure_min_bright": "10.0",
        "exposure_speed_up": "3.0",
        "exposure_speed_down": "1.0",
        "tint": "0.0",
        "calibration_constant": "16.0",
        "focal_distance": "1000.0",
        "min_fstop": "1.2",
        "blade_count": "5",
        "blur_amount": "0.0",
        "blur_radius": "0.0",
        "slope": "0.88",
        "toe": "0.55",
        "white_clip": "0.04",
        "shoulder": "0.26",
        "black_clip": "0.0",
        "temp": "6500.0",
        "chromatic_aberration_intensity": "0.0"
      },
      "transform_carla": {
        "location": {
          "x": 106.91265106201172,
          "y": -23.380733489990234,
          "z": 1.7063993215560913
        },
        "rotation": {
          "roll": 0.5003439784049988,
          "pitch": 0.3111765682697296,
          "yaw": -36.10141372680664
        }
      },
      "matrix_world_from_sensor_carla": [
        [
          0.8079634308815002,
          0.5892321467399597,
          0.0007573836483061314,
          106.91265106201172
        ],
        [
          -0.5892075896263123,
          0.8079165816307068,
          0.010255604982376099,
          -23.380733489990234
        ],
        [
          0.005431029014289379,
          -0.00873241014778614,
          0.9999471306800842,
          1.7063993215560913
        ],
        [
          0.0,
          0.0,
          0.0,
          1.0
        ]
      ],
      "matrix_world_from_sensor_bevfusion": [
        [
          0.5892321467399597,
          -0.0007573836483061314,
          0.8079634308815002,
          106.91265106201172
        ],
        [
          -0.8079165816307068,
          0.010255604982376099,
          0.5892075896263123,
          23.380733489990234
        ],
        [
          -0.00873241014778614,
          -0.9999471306800842,
          0.005431029014289379,
          1.7063993215560913
        ],
        [
          0.0,
          0.0,
          0.0,
          1.0
        ]
      ],
      "matrix_ego_from_sensor_carla": [
        [
          0.5735767483711243,
          -0.819151759147644,
          -1.3885083305353874e-08,
          1.2999992370605469
        ],
        [
          0.8191518187522888,
          0.5735767483711243,
          -2.0573990511252305e-08,
          0.5500030517578125
        ],
        [
          2.4858252345438814e-08,
          -2.5941127024253774e-10,
          1.0,
          1.6999999284744263
        ],
        [
          0.0,
          0.0,
          0.0,
          1.0
        ]
      ],
      "matrix_ego_from_sensor_bevfusion": [
        [
          -0.819151759147644,
          1.3885083305353874e-08,
          0.5735767483711243,
          1.2999992370605469
        ],
        [
          -0.5735767483711243,
          -2.0573990511252305e-08,
          -0.8191518187522888,
          -0.5500030517578125
        ],
        [
          -2.5941127024253774e-10,
          -1.0,
          2.4858252345438814e-08,
          1.6999999284744263
        ],
        [
          0.0,
          0.0,
          0.0,
          1.0
        ]
      ],
      "camera_intrinsics": [
        [
          685.5110473632812,
          0.0,
          480.0
        ],
        [
          0.0,
          685.5110473632812,
          270.0
        ],
        [
          0.0,
          0.0,
          1.0
        ]
      ],
      "data_path": "D:\\Agent-AI\\outputs\\s3a_ml_long_v2\\sample_000003\\images\\CAM_FRONT_RIGHT.png",
      "raw_layout": "bgra8"
    },
    "CAM_FRONT_LEFT": {
      "type_id": "sensor.camera.rgb",
      "blueprint_attributes": {
        "role_name": "front",
        "ros_name": "sensor.camera.rgb",
        "chromatic_aberration_offset": "0.0",
        "sensor_tick": "0.100000",
        "fstop": "1.4",
        "image_size_x": "960",
        "image_size_y": "540",
        "fov": "70.00",
        "lens_circle_falloff": "5.0",
        "lens_circle_multiplier": "0.0",
        "exposure_compensation": "0.0",
        "lens_y_size": "0.08",
        "lens_k": "-1.0",
        "exposure_mode": "histogram",
        "lens_kcube": "0.0",
        "lens_x_size": "0.08",
        "exposure_max_bright": "12.0",
        "shutter_speed": "200.0",
        "bloom_intensity": "0.675",
        "iso": "100.0",
        "enable_postprocess_effects": "false",
        "gamma": "2.2",
        "motion_blur_intensity": "0.0",
        "motion_blur_max_distortion": "0.35",
        "lens_flare_intensity": "0.1",
        "motion_blur_min_object_screen_size": "0.1",
        "exposure_min_bright": "10.0",
        "exposure_speed_up": "3.0",
        "exposure_speed_down": "1.0",
        "tint": "0.0",
        "calibration_constant": "16.0",
        "focal_distance": "1000.0",
        "min_fstop": "1.2",
        "blade_count": "5",
        "blur_amount": "0.0",
        "blur_radius": "0.0",
        "slope": "0.88",
        "toe": "0.55",
        "white_clip": "0.04",
        "shoulder": "0.26",
        "black_clip": "0.0",
        "temp": "6500.0",
        "chromatic_aberration_intensity": "0.0"
      },
      "transform_carla": {
        "location": {
          "x": 105.81285858154297,
          "y": -23.359561920166016,
          "z": 1.7070153951644897
        },
        "rotation": {
          "roll": -0.4635447561740875,
          "pitch": 0.36372804641723633,
          "yaw": -146.10421752929688
        }
      },
      "matrix_world_from_sensor_carla": [
        [
          -0.8300366401672363,
          0.5577083230018616,
          0.000757352914661169,
          105.81285858154297
        ],
        [
          -0.5576727390289307,
          -0.8299975395202637,
          0.01025555469095707,
          -23.359561920166016
        ],
        [
          0.006348208989948034,
          0.008090130984783173,
          0.9999471306800842,
          1.7070153951644897
        ],
        [
          0.0,
          0.0,
          0.0,
          1.0
        ]
      ],
      "matrix_world_from_sensor_bevfusion": [
        [
          0.5577083230018616,
          -0.000757352914661169,
          -0.8300366401672363,
          105.81285858154297
        ],
        [
          0.8299975395202637,
          0.01025555469095707,
          0.5576727390289307,
          23.359561920166016
        ],
        [
          0.008090130984783173,
          -0.9999471306800842,
          0.006348208989948034,
          1.7070153951644897
        ],
        [
          0.0,
          0.0,
          0.0,
          1.0
        ]
      ],
      "matrix_ego_from_sensor_carla": [
        [
          0.5735765099525452,
          0.8191519975662231,
          3.640633394752513e-08,
          1.3000011444091797
        ],
        [
          -0.8191520571708679,
          0.5735764503479004,
          -5.031810701439099e-08,
          -0.5500030517578125
        ],
        [
          -6.274797925698294e-08,
          -1.173984021107799e-09,
          1.0,
          1.7000001668930054
        ],
        [
          0.0,
          0.0,
          0.0,
          1.0
        ]
      ],
      "matrix_ego_from_sensor_bevfusion": [
        [
          0.8191519975662231,
          -3.640633394752513e-08,
          0.5735765099525452,
          1.3000011444091797
        ],
        [
          -0.5735764503479004,
          -5.031810701439099e-08,
          0.8191520571708679,
          0.5500030517578125
        ],
        [
          -1.173984021107799e-09,
          -1.0,
          -6.274797925698294e-08,
          1.7000001668930054
        ],
        [
          0.0,
          0.0,
          0.0,
          1.0
        ]
      ],
      "camera_intrinsics": [
        [
          685.5110473632812,
          0.0,
          480.0
        ],
        [
          0.0,
          685.5110473632812,
          270.0
        ],
        [
          0.0,
          0.0,
          1.0
        ]
      ],
      "data_path": "D:\\Agent-AI\\outputs\\s3a_ml_long_v2\\sample_000003\\images\\CAM_FRONT_LEFT.png",
      "raw_layout": "bgra8"
    },
    "CAM_BACK": {
      "type_id": "sensor.camera.rgb",
      "blueprint_attributes": {
        "role_name": "front",
        "ros_name": "sensor.camera.rgb",
        "chromatic_aberration_offset": "0.0",
        "sensor_tick": "0.100000",
        "fstop": "1.4",
        "image_size_x": "960",
        "image_size_y": "540",
        "fov": "70.00",
        "lens_circle_falloff": "5.0",
        "lens_circle_multiplier": "0.0",
        "exposure_compensation": "0.0",
        "lens_y_size": "0.08",
        "lens_k": "-1.0",
        "exposure_mode": "histogram",
        "lens_kcube": "0.0",
        "lens_x_size": "0.08",
        "exposure_max_bright": "12.0",
        "shutter_speed": "200.0",
        "bloom_intensity": "0.675",
        "iso": "100.0",
        "enable_postprocess_effects": "false",
        "gamma": "2.2",
        "motion_blur_intensity": "0.0",
        "motion_blur_max_distortion": "0.35",
        "lens_flare_intensity": "0.1",
        "motion_blur_min_object_screen_size": "0.1",
        "exposure_min_bright": "10.0",
        "exposure_speed_up": "3.0",
        "exposure_speed_down": "1.0",
        "tint": "0.0",
        "calibration_constant": "16.0",
        "focal_distance": "1000.0",
        "min_fstop": "1.2",
        "blade_count": "5",
        "blur_amount": "0.0",
        "blur_radius": "0.0",
        "slope": "0.88",
        "toe": "0.55",
        "white_clip": "0.04",
        "shoulder": "0.26",
        "black_clip": "0.0",
        "temp": "6500.0",
        "chromatic_aberration_intensity": "0.0"
      },
      "transform_carla": {
        "location": {
          "x": 106.41759490966797,
          "y": -20.52082633972168,
          "z": 1.6774427890777588
        },
        "rotation": {
          "roll": -0.03208122402429581,
          "pitch": -0.5883387923240662,
          "yaw": 88.89739990234375
        }
      },
      "matrix_world_from_sensor_carla": [
        [
          0.019241830334067345,
          -0.9998145699501038,
          0.0007574099581688643,
          106.41759490966797
        ],
        [
          0.9997621774673462,
          0.019248588010668755,
          0.01025559101253748,
          -20.52082633972168
        ],
        [
          -0.010268268175423145,
          0.000559893436729908,
          0.9999471306800842,
          1.6774427890777588
        ],
        [
          0.0,
          0.0,
          0.0,
          1.0
        ]
      ],
      "matrix_world_from_sensor_bevfusion": [
        [
          -0.9998145699501038,
          -0.0007574099581688643,
          0.019241830334067345,
          106.41759490966797
        ],
        [
          -0.019248588010668755,
          0.01025559101253748,
          -0.9997621774673462,
          20.52082633972168
        ],
        [
          0.000559893436729908,
          -0.9999471306800842,
          -0.010268268175423145,
          1.6774427890777588
        ],
        [
          0.0,
          0.0,
          0.0,
          1.0
        ]
      ],
      "matrix_ego_from_sensor_carla": [
        [
          -1.0,
          -2.7228293220105115e-07,
          -8.465674827817793e-10,
          -1.549997329711914
        ],
        [
          2.6850287326851685e-07,
          -1.0,
          6.0269100821130905e-09,
          0.0
        ],
        [
          -8.47058534425571e-11,
          6.021903420361241e-09,
          1.0,
          1.7000000476837158
        ],
        [
          0.0,
          0.0,
          0.0,
          1.0
        ]
      ],
      "matrix_ego_from_sensor_bevfusion": [
        [
          -2.7228293220105115e-07,
          8.465674827817793e-10,
          -1.0,
          -1.549997329711914
        ],
        [
          1.0,
          6.0269100821130905e-09,
          -2.6850287326851685e-07,
          0.0
        ],
        [
          6.021903420361241e-09,
          -1.0,
          -8.47058534425571e-11,
          1.7000000476837158
        ],
        [
          0.0,
          0.0,
          0.0,
          1.0
        ]
      ],
      "camera_intrinsics": [
        [
          685.5110473632812,
          0.0,
          480.0
        ],
        [
          0.0,
          685.5110473632812,
          270.0
        ],
        [
          0.0,
          0.0,
          1.0
        ]
      ],
      "data_path": "D:\\Agent-AI\\outputs\\s3a_ml_long_v2\\sample_000003\\images\\CAM_BACK.png",
      "raw_layout": "bgra8"
    },
    "CAM_BACK_LEFT": {
      "type_id": "sensor.camera.rgb",
      "blueprint_attributes": {
        "role_name": "front",
        "ros_name": "sensor.camera.rgb",
        "chromatic_aberration_offset": "0.0",
        "sensor_tick": "0.100000",
        "fstop": "1.4",
        "image_size_x": "960",
        "image_size_y": "540",
        "fov": "70.00",
        "lens_circle_falloff": "5.0",
        "lens_circle_multiplier": "0.0",
        "exposure_compensation": "0.0",
        "lens_y_size": "0.08",
        "lens_k": "-1.0",
        "exposure_mode": "histogram",
        "lens_kcube": "0.0",
        "lens_x_size": "0.08",
        "exposure_max_bright": "12.0",
        "shutter_speed": "200.0",
        "bloom_intensity": "0.675",
        "iso": "100.0",
        "enable_postprocess_effects": "false",
        "gamma": "2.2",
        "motion_blur_intensity": "0.0",
        "motion_blur_max_distortion": "0.35",
        "lens_flare_intensity": "0.1",
        "motion_blur_min_object_screen_size": "0.1",
        "exposure_min_bright": "10.0",
        "exposure_speed_up": "3.0",
        "exposure_speed_down": "1.0",
        "tint": "0.0",
        "calibration_constant": "16.0",
        "focal_distance": "1000.0",
        "min_fstop": "1.2",
        "blade_count": "5",
        "blur_amount": "0.0",
        "blur_radius": "0.0",
        "slope": "0.88",
        "toe": "0.55",
        "white_clip": "0.04",
        "shoulder": "0.26",
        "black_clip": "0.0",
        "temp": "6500.0",
        "chromatic_aberration_intensity": "0.0"
      },
      "transform_carla": {
        "location": {
          "x": 105.86288452148438,
          "y": -20.76017951965332,
          "z": 1.6803176403045654
        },
        "rotation": {
          "roll": -0.5003439784049988,
          "pitch": -0.3111765682697296,
          "yaw": 143.89857482910156
        }
      },
      "matrix_world_from_sensor_carla": [
        [
          -0.8079633116722107,
          -0.589232325553894,
          0.0007573859766125679,
          105.86288452148438
        ],
        [
          0.5892077684402466,
          -0.8079164624214172,
          0.010255604982376099,
          -20.76017951965332
        ],
        [
          -0.005431029014289379,
          0.00873241014778614,
          0.9999471306800842,
          1.6803176403045654
        ],
        [
          0.0,
          0.0,
          0.0,
          1.0
        ]
      ],
      "matrix_world_from_sensor_bevfusion": [
        [
          -0.589232325553894,
          -0.0007573859766125679,
          -0.8079633116722107,
          105.86288452148438
        ],
        [
          0.8079164624214172,
          0.010255604982376099,
          -0.5892077684402466,
          20.76017951965332
        ],
        [
          0.00873241014778614,
          -0.9999471306800842,
          -0.005431029014289379,
          1.6803176403045654
        ],
        [
          0.0,
          0.0,
          0.0,
          1.0
        ]
      ],
      "matrix_ego_from_sensor_carla": [
        [
          -0.5735769271850586,
          0.8191516399383545,
          -1.3885083305353874e-08,
          -1.2999992370605469
        ],
        [
          -0.8191516995429993,
          -0.5735769271850586,
          -1.824568407471361e-08,
          -0.5500030517578125
        ],
        [
          -2.2995607196207857e-08,
          1.1907338448580163e-09,
          1.0,
          1.6999999284744263
        ],
        [
          0.0,
          0.0,
          0.0,
          1.0
        ]
      ],
      "matrix_ego_from_sensor_bevfusion": [
        [
          0.8191516399383545,
          1.3885083305353874e-08,
          -0.5735769271850586,
          -1.2999992370605469
        ],
        [
          0.5735769271850586,
          -1.824568407471361e-08,
          0.8191516995429993,
          0.5500030517578125
        ],
        [
          1.1907338448580163e-09,
          -1.0,
          -2.2995607196207857e-08,
          1.6999999284744263
        ],
        [
          0.0,
          0.0,
          0.0,
          1.0
        ]
      ],
      "camera_intrinsics": [
        [
          685.5110473632812,
          0.0,
          480.0
        ],
        [
          0.0,
          685.5110473632812,
          270.0
        ],
        [
          0.0,
          0.0,
          1.0
        ]
      ],
      "data_path": "D:\\Agent-AI\\outputs\\s3a_ml_long_v2\\sample_000003\\images\\CAM_BACK_LEFT.png",
      "raw_layout": "bgra8"
    },
    "CAM_BACK_RIGHT": {
      "type_id": "sensor.camera.rgb",
      "blueprint_attributes": {
        "role_name": "front",
        "ros_name": "sensor.camera.rgb",
        "chromatic_aberration_offset": "0.0",
        "sensor_tick": "0.100000",
        "fstop": "1.4",
        "image_size_x": "960",
        "image_size_y": "540",
        "fov": "70.00",
        "lens_circle_falloff": "5.0",
        "lens_circle_multiplier": "0.0",
        "exposure_compensation": "0.0",
        "lens_y_size": "0.08",
        "lens_k": "-1.0",
        "exposure_mode": "histogram",
        "lens_kcube": "0.0",
        "lens_x_size": "0.08",
        "exposure_max_bright": "12.0",
        "shutter_speed": "200.0",
        "bloom_intensity": "0.675",
        "iso": "100.0",
        "enable_postprocess_effects": "false",
        "gamma": "2.2",
        "motion_blur_intensity": "0.0",
        "motion_blur_max_distortion": "0.35",
        "lens_flare_intensity": "0.1",
        "motion_blur_min_object_screen_size": "0.1",
        "exposure_min_bright": "10.0",
        "exposure_speed_up": "3.0",
        "exposure_speed_down": "1.0",
        "tint": "0.0",
        "calibration_constant": "16.0",
        "focal_distance": "1000.0",
        "min_fstop": "1.2",
        "blade_count": "5",
        "blur_amount": "0.0",
        "blur_radius": "0.0",
        "slope": "0.88",
        "toe": "0.55",
        "white_clip": "0.04",
        "shoulder": "0.26",
        "black_clip": "0.0",
        "temp": "6500.0",
        "chromatic_aberration_intensity": "0.0"
      },
      "transform_carla": {
        "location": {
          "x": 106.96268463134766,
          "y": -20.781354904174805,
          "z": 1.679701805114746
        },
        "rotation": {
          "roll": 0.4635447859764099,
          "pitch": -0.36372804641723633,
          "yaw": 33.89576721191406
        }
      },
      "matrix_world_from_sensor_carla": [
        [
          0.8300367593765259,
          -0.5577081441879272,
          0.0007573552429676056,
          106.96268463134766
        ],
        [
          0.5576725602149963,
          0.8299976587295532,
          0.010255553759634495,
          -20.781354904174805
        ],
        [
          -0.006348208989948034,
          -0.008090130984783173,
          0.9999471306800842,
          1.679701805114746
        ],
        [
          0.0,
          0.0,
          0.0,
          1.0
        ]
      ],
      "matrix_world_from_sensor_bevfusion": [
        [
          -0.5577081441879272,
          -0.0007573552429676056,
          0.8300367593765259,
          106.96268463134766
        ],
        [
          -0.8299976587295532,
          0.010255553759634495,
          -0.5576725602149963,
          20.781354904174805
        ],
        [
          -0.008090130984783173,
          -0.9999471306800842,
          -0.006348208989948034,
          1.679701805114746
        ],
        [
          0.0,
          0.0,
          0.0,
          1.0
        ]
      ],
      "matrix_ego_from_sensor_carla": [
        [
          -0.5735763311386108,
          -0.8191521167755127,
          3.7337656522140605e-08,
          -1.299997329711914
        ],
        [
          0.8191521763801575,
          -0.5735762715339661,
          -4.798980057785229e-08,
          0.5500030517578125
        ],
        [
          6.088533410775199e-08,
          2.1053065957232775e-09,
          1.0,
          1.6999999284744263
        ],
        [
          0.0,
          0.0,
          0.0,
          1.0
        ]
      ],
      "matrix_ego_from_sensor_bevfusion": [
        [
          -0.8191521167755127,
          -3.7337656522140605e-08,
          -0.5735763311386108,
          -1.299997329711914
        ],
        [
          0.5735762715339661,
          -4.798980057785229e-08,
          -0.8191521763801575,
          -0.5500030517578125
        ],
        [
          2.1053065957232775e-09,
          -1.0,
          6.088533410775199e-08,
          1.6999999284744263
        ],
        [
          0.0,
          0.0,
          0.0,
          1.0
        ]
      ],
      "camera_intrinsics": [
        [
          685.5110473632812,
          0.0,
          480.0
        ],
        [
          0.0,
          685.5110473632812,
          270.0
        ],
        [
          0.0,
          0.0,
          1.0
        ]
      ],
      "data_path": "D:\\Agent-AI\\outputs\\s3a_ml_long_v2\\sample_000003\\images\\CAM_BACK_RIGHT.png",
      "raw_layout": "bgra8"
    },
    "LIDAR_TOP": {
      "type_id": "sensor.lidar.ray_cast",
      "blueprint_attributes": {
        "atmosphere_attenuation_rate": "0.004",
        "role_name": "front",
        "noise_seed": "0",
        "upper_fov": "10.0",
        "ros_name": "sensor.lidar.ray_cast",
        "sensor_tick": "0.100000",
        "channels": "32",
        "range": "120.0",
        "points_per_second": "360000",
        "lower_fov": "-30.0",
        "rotation_frequency": "10.000000",
        "horizontal_fov": "360.0",
        "dropoff_general_rate": "0.0",
        "dropoff_intensity_limit": "1.0",
        "noise_stddev": "0.0",
        "dropoff_zero_intensity": "0.0"
      },
      "transform_carla": {
        "location": {
          "x": 106.38815307617188,
          "y": -22.06532859802246,
          "z": 2.1933321952819824
        },
        "rotation": {
          "roll": 0.032081037759780884,
          "pitch": 0.5883387923240662,
          "yaw": -91.10258483886719
        }
      },
      "matrix_world_from_sensor_carla": [
        [
          -0.019241560250520706,
          0.9998145699501038,
          0.0007574039045721292,
          106.38815307617188
        ],
        [
          -0.9997621774673462,
          -0.019248317927122116,
          0.01025559101253748,
          -22.06532859802246
        ],
        [
          0.010268268175423145,
          -0.0005598901771008968,
          0.9999471306800842,
          2.1933321952819824
        ],
        [
          0.0,
          0.0,
          0.0,
          1.0
        ]
      ],
      "matrix_world_from_sensor_bevfusion": [
        [
          -0.019241560250520706,
          -0.9998145699501038,
          0.0007574039045721292,
          106.38815307617188
        ],
        [
          0.9997621774673462,
          -0.019248317927122116,
          -0.01025559101253748,
          22.06532859802246
        ],
        [
          0.010268268175423145,
          0.0005598901771008968,
          0.9999471306800842,
          2.1933321952819824
        ],
        [
          0.0,
          0.0,
          0.0,
          1.0
        ]
      ],
      "matrix_ego_from_sensor_carla": [
        [
          1.0,
          2.296964618508923e-09,
          -8.465674827817793e-10,
          0.0
        ],
        [
          1.5806708164589622e-09,
          1.0,
          -2.6686514109641735e-11,
          0.0
        ],
        [
          1.0160283725468844e-09,
          3.152114680382567e-11,
          1.0,
          2.200000047683716
        ],
        [
          0.0,
          0.0,
          0.0,
          1.0
        ]
      ],
      "matrix_ego_from_sensor_bevfusion": [
        [
          1.0,
          -2.296964618508923e-09,
          -8.465674827817793e-10,
          0.0
        ],
        [
          -1.5806708164589622e-09,
          1.0,
          2.6686514109641735e-11,
          0.0
        ],
        [
          1.0160283725468844e-09,
          -3.152114680382567e-11,
          1.0,
          2.200000047683716
        ],
        [
          0.0,
          0.0,
          0.0,
          1.0
        ]
      ],
      "data_path": "D:\\Agent-AI\\outputs\\s3a_ml_long_v2\\sample_000003\\lidar\\LIDAR_TOP.npy",
      "raw_layout": [
        "x",
        "y",
        "z",
        "intensity"
      ]
    },
    "RADAR_FRONT": {
      "type_id": "sensor.other.radar",
      "blueprint_attributes": {
        "sensor_tick": "0.100000",
        "role_name": "default",
        "noise_seed": "0",
        "ros_name": "sensor.other.radar",
        "horizontal_fov": "35.0",
        "points_per_second": "1500",
        "vertical_fov": "20.0",
        "range": "120.0"
      },
      "transform_carla": {
        "location": {
          "x": 106.34867858886719,
          "y": -24.07818603515625,
          "z": 0.913937509059906
        },
        "rotation": {
          "roll": 0.032081037759780884,
          "pitch": 0.5883387923240662,
          "yaw": -91.10258483886719
        }
      },
      "matrix_world_from_sensor_carla": [
        [
          -0.019241560250520706,
          0.9998145699501038,
          0.0007574039045721292,
          106.34867858886719
        ],
        [
          -0.9997621774673462,
          -0.019248317927122116,
          0.01025559101253748,
          -24.07818603515625
        ],
        [
          0.010268268175423145,
          -0.0005598901771008968,
          0.9999471306800842,
          0.913937509059906
        ],
        [
          0.0,
          0.0,
          0.0,
          1.0
        ]
      ],
      "matrix_world_from_sensor_bevfusion": [
        [
          -0.019241560250520706,
          -0.9998145699501038,
          0.0007574039045721292,
          106.34867858886719
        ],
        [
          0.9997621774673462,
          -0.019248317927122116,
          -0.01025559101253748,
          24.07818603515625
        ],
        [
          0.010268268175423145,
          0.0005598901771008968,
          0.9999471306800842,
          0.913937509059906
        ],
        [
          0.0,
          0.0,
          0.0,
          1.0
        ]
      ],
      "matrix_ego_from_sensor_carla": [
        [
          1.0,
          2.296964618508923e-09,
          -8.465674827817793e-10,
          2.0
        ],
        [
          1.5806708164589622e-09,
          1.0,
          -2.6686514109641735e-11,
          -7.62939453125e-06
        ],
        [
          1.0160283725468844e-09,
          3.152114680382567e-11,
          1.0,
          0.9000000953674316
        ],
        [
          0.0,
          0.0,
          0.0,
          1.0
        ]
      ],
      "matrix_ego_from_sensor_bevfusion": [
        [
          1.0,
          -2.296964618508923e-09,
          -8.465674827817793e-10,
          2.0
        ],
        [
          -1.5806708164589622e-09,
          1.0,
          2.6686514109641735e-11,
          7.62939453125e-06
        ],
        [
          1.0160283725468844e-09,
          -3.152114680382567e-11,
          1.0,
          0.9000000953674316
        ],
        [
          0.0,
          0.0,
          0.0,
          1.0
        ]
      ],
      "data_path": "D:\\Agent-AI\\outputs\\s3a_ml_long_v2\\sample_000003\\radar\\RADAR_FRONT.npy",
      "raw_layout": [
        "velocity",
        "altitude",
        "azimuth",
        "depth"
      ]
    },
    "RADAR_FRONT_LEFT": {
      "type_id": "sensor.other.radar",
      "blueprint_attributes": {
        "sensor_tick": "0.100000",
        "role_name": "default",
        "noise_seed": "0",
        "ros_name": "sensor.other.radar",
        "horizontal_fov": "35.0",
        "points_per_second": "1500",
        "vertical_fov": "20.0",
        "range": "120.0"
      },
      "transform_carla": {
        "location": {
          "x": 105.60555267333984,
          "y": -23.71383285522461,
          "z": 0.9107633829116821
        },
        "rotation": {
          "roll": -0.3933420479297638,
          "pitch": 0.4386962056159973,
          "yaw": -136.10426330566406
        }
      },
      "matrix_world_from_sensor_carla": [
        [
          -0.7205815315246582,
          0.6933697462081909,
          0.000757372472435236,
          105.60555267333984
        ],
        [
          -0.6933279037475586,
          -0.7205492854118347,
          0.010255558416247368,
          -23.71383285522461
        ],
        [
          0.007656618021428585,
          0.006864858791232109,
          0.9999471306800842,
          0.9107633829116821
        ],
        [
          0.0,
          0.0,
          0.0,
          1.0
        ]
      ],
      "matrix_world_from_sensor_bevfusion": [
        [
          -0.7205815315246582,
          -0.6933697462081909,
          0.000757372472435236,
          105.60555267333984
        ],
        [
          0.6933279037475586,
          -0.7205492854118347,
          -0.010255558416247368,
          23.71383285522461
        ],
        [
          0.007656618021428585,
          -0.006864858791232109,
          0.9999471306800842,
          0.9107633829116821
        ],
        [
          0.0,
          0.0,
          0.0,
          1.0
        ]
      ],
      "matrix_ego_from_sensor_carla": [
        [
          0.7071067094802856,
          0.70710688829422,
          3.268104364906321e-08,
          1.6499996185302734
        ],
        [
          -0.7071067690849304,
          0.7071067094802856,
          -3.081854060837941e-08,
          -0.7500076293945312
        ],
        [
          -4.484401117110792e-08,
          -1.1215953721332994e-09,
          1.0,
          0.8999998569488525
        ],
        [
          0.0,
          0.0,
          0.0,
          1.0
        ]
      ],
      "matrix_ego_from_sensor_bevfusion": [
        [
          0.7071067094802856,
          -0.70710688829422,
          3.268104364906321e-08,
          1.6499996185302734
        ],
        [
          0.7071067690849304,
          0.7071067094802856,
          3.081854060837941e-08,
          0.7500076293945312
        ],
        [
          -4.484401117110792e-08,
          1.1215953721332994e-09,
          1.0,
          0.8999998569488525
        ],
        [
          0.0,
          0.0,
          0.0,
          1.0
        ]
      ],
      "data_path": "D:\\Agent-AI\\outputs\\s3a_ml_long_v2\\sample_000003\\radar\\RADAR_FRONT_LEFT.npy",
      "raw_layout": [
        "velocity",
        "altitude",
        "azimuth",
        "depth"
      ]
    },
    "RADAR_FRONT_RIGHT": {
      "type_id": "sensor.other.radar",
      "blueprint_attributes": {
        "sensor_tick": "0.100000",
        "role_name": "default",
        "noise_seed": "0",
        "ros_name": "sensor.other.radar",
        "horizontal_fov": "35.0",
        "points_per_second": "1500",
        "vertical_fov": "20.0",
        "range": "120.0"
      },
