{
  "schema_version": "stage1.v1",
  "sample_name": "sample_000076",
  "sequence_index": 76,
  "previous_sample_name": "sample_000075",
  "frame_id": 60077,
  "timestamp": 442.6197008639574,
  "platform_timestamp": 16814596.5499856,
  "delta_seconds": 0.10000000149011612,
  "town": "Carla/Maps/Town10HD_Opt",
  "weather": {
    "cloudiness": 20.0,
    "dust_storm": 0.0,
    "fog_density": 2.0,
    "fog_distance": 0.75,
    "fog_falloff": 0.10000000149011612,
    "mie_scattering_scale": 0.029999999329447746,
    "precipitation": 0.0,
    "precipitation_deposits": 0.0,
    "rayleigh_scattering_scale": 0.03310000151395798,
    "scattering_intensity": 1.0,
    "sun_altitude_angle": 45.0,
    "sun_azimuth_angle": 300.0,
    "wetness": 0.0,
    "wind_intensity": 10.0
  },
  "sensor_names": [
    "CAM_FRONT",
    "CAM_FRONT_RIGHT",
    "CAM_FRONT_LEFT",
    "CAM_BACK",
    "CAM_BACK_LEFT",
    "CAM_BACK_RIGHT",
    "LIDAR_TOP",
    "RADAR_FRONT",
    "RADAR_FRONT_LEFT",
    "RADAR_FRONT_RIGHT",
    "RADAR_BACK_LEFT",
    "RADAR_BACK_RIGHT"
  ],
  "camera_order_for_model": [
    "CAM_FRONT",
    "CAM_FRONT_RIGHT",
    "CAM_FRONT_LEFT",
    "CAM_BACK",
    "CAM_BACK_LEFT",
    "CAM_BACK_RIGHT"
  ],
  "radar_order_for_model": [
    "RADAR_FRONT",
    "RADAR_FRONT_LEFT",
    "RADAR_FRONT_RIGHT",
    "RADAR_BACK_LEFT",
    "RADAR_BACK_RIGHT"
  ],
  "coordinate_notes": {
    "carla_world": "left-handed x-forward y-right z-up",
    "bevfusion_lidar": "x-forward y-left z-up",
    "camera_frame_for_model": "OpenCV style x-right y-down z-forward"
  },
  "ego": {
    "actor_id": 28,
    "transform_carla": {
      "location": {
        "x": 80.26535034179688,
        "y": -61.27510452270508,
        "z": -0.004096717573702335
      },
      "rotation": {
        "roll": 0.028337789699435234,
        "pitch": -0.10858634114265442,
        "yaw": -157.11476135253906
      }
    },
    "velocity_carla": [
      -2.63136625289917,
      -1.0540655851364136,
      8.430481102550402e-06
    ],
    "angular_velocity_carla": [
      0.28450024127960205,
      -0.903767466545105,
      -2.0473880767822266
    ],
    "matrix_world_from_ego_carla": [
      [
        -0.9212839603424072,
        0.3888874351978302,
        -0.0015536707360297441,
        80.26535034179688
      ],
      [
        -0.3888859450817108,
        -0.9212851524353027,
        -0.001192669733427465,
        -61.27510452270508
      ],
      [
        -0.0018951880047097802,
        -0.000494586827699095,
        0.9999980926513672,
        -0.004096717573702335
      ],
      [
        0.0,
        0.0,
        0.0,
        1.0
      ]
    ],
    "matrix_world_from_ego_bevfusion": [
      [
        -0.9212839603424072,
        -0.3888874351978302,
        -0.0015536707360297441,
        80.26535034179688
      ],
      [
        0.3888859450817108,
        -0.9212851524353027,
        0.001192669733427465,
        61.27510452270508
      ],
      [
        -0.0018951880047097802,
        0.000494586827699095,
        0.9999980926513672,
        -0.004096717573702335
      ],
      [
        0.0,
        0.0,
        0.0,
        1.0
      ]
    ]
  },
  "sensors": {
    "CAM_FRONT": {
      "type_id": "sensor.camera.rgb",
      "blueprint_attributes": {
        "role_name": "front",
        "ros_name": "sensor.camera.rgb",
        "chromatic_aberration_offset": "0.0",
        "sensor_tick": "0.100000",
        "fstop": "1.4",
        "image_size_x": "960",
        "image_size_y": "540",
        "fov": "70.00",
        "lens_circle_falloff": "5.0",
        "lens_circle_multiplier": "0.0",
        "exposure_compensation": "0.0",
        "lens_y_size": "0.08",
        "lens_k": "-1.0",
        "exposure_mode": "histogram",
        "lens_kcube": "0.0",
        "lens_x_size": "0.08",
        "exposure_max_bright": "12.0",
        "shutter_speed": "200.0",
        "bloom_intensity": "0.675",
        "iso": "100.0",
        "enable_postprocess_effects": "false",
        "gamma": "2.2",
        "motion_blur_intensity": "0.0",
        "motion_blur_max_distortion": "0.35",
        "lens_flare_intensity": "0.1",
        "motion_blur_min_object_screen_size": "0.1",
        "exposure_min_bright": "10.0",
        "exposure_speed_up": "3.0",
        "exposure_speed_down": "1.0",
        "tint": "0.0",
        "calibration_constant": "16.0",
        "focal_distance": "1000.0",
        "min_fstop": "1.2",
        "blade_count": "5",
        "blur_amount": "0.0",
        "blur_radius": "0.0",
        "slope": "0.88",
        "toe": "0.55",
        "white_clip": "0.04",
        "shoulder": "0.26",
        "black_clip": "0.0",
        "temp": "6500.0",
        "chromatic_aberration_intensity": "0.0"
      },
      "transform_carla": {
        "location": {
          "x": 78.834716796875,
          "y": -61.879905700683594,
          "z": 1.692962646484375
        },
        "rotation": {
          "roll": 0.028337789699435234,
          "pitch": -0.10858634114265442,
          "yaw": -157.11476135253906
        }
      },
      "matrix_world_from_sensor_carla": [
        [
          -0.9212839603424072,
          0.3888874351978302,
          -0.0015536707360297441,
          78.834716796875
        ],
        [
          -0.3888859450817108,
          -0.9212851524353027,
          -0.001192669733427465,
          -61.879905700683594
        ],
        [
          -0.0018951880047097802,
          -0.000494586827699095,
          0.9999980926513672,
          1.692962646484375
        ],
        [
          0.0,
          0.0,
          0.0,
          1.0
        ]
      ],
      "matrix_world_from_sensor_bevfusion": [
        [
          0.3888874351978302,
          0.0015536707360297441,
          -0.9212839603424072,
          78.834716796875
        ],
        [
          0.9212851524353027,
          -0.001192669733427465,
          0.3888859450817108,
          61.879905700683594
        ],
        [
          -0.000494586827699095,
          -0.9999980926513672,
          -0.0018951880047097802,
          1.692962646484375
        ],
        [
          0.0,
          0.0,
          0.0,
          1.0
        ]
      ],
      "matrix_ego_from_sensor_carla": [
        [
          0.9999999403953552,
          -1.4067944142936994e-08,
          5.909273070869858e-12,
          1.5500068664550781
        ],
        [
          1.338839705766759e-08,
          1.0,
          1.2026823981159396e-11,
          0.0
        ],
        [
          -1.1050604875606496e-10,
          7.023459591692927e-11,
          1.0,
          1.7000001668930054
        ],
        [
          0.0,
          0.0,
          0.0,
          1.0
        ]
      ],
      "matrix_ego_from_sensor_bevfusion": [
        [
          -1.4067944142936994e-08,
          -5.909273070869858e-12,
          0.9999999403953552,
          1.5500068664550781
        ],
        [
          -1.0,
          1.2026823981159396e-11,
          -1.338839705766759e-08,
          0.0
        ],
        [
          7.023459591692927e-11,
          -1.0,
          -1.1050604875606496e-10,
          1.7000001668930054
        ],
        [
          0.0,
          0.0,
          0.0,
          1.0
        ]
      ],
      "camera_intrinsics": [
        [
          685.5110473632812,
          0.0,
          480.0
        ],
        [
          0.0,
          685.5110473632812,
          270.0
        ],
        [
          0.0,
          0.0,
          1.0
        ]
      ],
      "data_path": "D:\\Agent-AI\\outputs\\s3a_ml_long_v2\\sample_000076\\images\\CAM_FRONT.png",
      "raw_layout": "bgra8"
    },
    "CAM_FRONT_RIGHT": {
      "type_id": "sensor.camera.rgb",
      "blueprint_attributes": {
        "role_name": "front",
        "ros_name": "sensor.camera.rgb",
        "chromatic_aberration_offset": "0.0",
        "sensor_tick": "0.100000",
        "fstop": "1.4",
        "image_size_x": "960",
        "image_size_y": "540",
        "fov": "70.00",
        "lens_circle_falloff": "5.0",
        "lens_circle_multiplier": "0.0",
        "exposure_compensation": "0.0",
        "lens_y_size": "0.08",
        "lens_k": "-1.0",
        "exposure_mode": "histogram",
        "lens_kcube": "0.0",
        "lens_x_size": "0.08",
        "exposure_max_bright": "12.0",
        "shutter_speed": "200.0",
        "bloom_intensity": "0.675",
        "iso": "100.0",
        "enable_postprocess_effects": "false",
        "gamma": "2.2",
        "motion_blur_intensity": "0.0",
        "motion_blur_max_distortion": "0.35",
        "lens_flare_intensity": "0.1",
        "motion_blur_min_object_screen_size": "0.1",
        "exposure_min_bright": "10.0",
        "exposure_speed_up": "3.0",
        "exposure_speed_down": "1.0",
        "tint": "0.0",
        "calibration_constant": "16.0",
        "focal_distance": "1000.0",
        "min_fstop": "1.2",
        "blade_count": "5",
        "blur_amount": "0.0",
        "blur_radius": "0.0",
        "slope": "0.88",
        "toe": "0.55",
        "white_clip": "0.04",
        "shoulder": "0.26",
        "black_clip": "0.0",
        "temp": "6500.0",
        "chromatic_aberration_intensity": "0.0"
      },
      "transform_carla": {
        "location": {
          "x": 79.2789306640625,
          "y": -62.28939437866211,
          "z": 1.693164348602295
        },
        "rotation": {
          "roll": -0.0726909413933754,
          "pitch": -0.08549347519874573,
          "yaw": -102.11469268798828
        }
      },
      "matrix_world_from_sensor_carla": [
        [
          -0.20986898243427277,
          0.9777281880378723,
          -0.0015535957645624876,
          79.2789306640625
        ],
        [
          -0.9777283072471619,
          -0.20987088978290558,
          -0.0011926498264074326,
          -62.28939437866211
        ],
        [
          -0.0014921420952305198,
          0.001268694526515901,
          0.9999980330467224,
          1.693164348602295
        ],
        [
          0.0,
          0.0,
          0.0,
          1.0
        ]
      ],
      "matrix_world_from_sensor_bevfusion": [
        [
          0.9777281880378723,
          0.0015535957645624876,
          -0.20986898243427277,
          79.2789306640625
        ],
        [
          0.20987088978290558,
          -0.0011926498264074326,
          0.9777283072471619,
          62.28939437866211
        ],
        [
          0.001268694526515901,
          -0.9999980330467224,
          -0.0014921420952305198,
          1.693164348602295
        ],
        [
          0.0,
          0.0,
          0.0,
          1.0
        ]
      ],
      "matrix_ego_from_sensor_carla": [
        [
          0.5735765099525452,
          -0.8191518783569336,
          -7.671523860608431e-08,
          1.3000030517578125
        ],
        [
          0.8191518783569336,
          0.5735765099525452,
          1.0868131283814364e-08,
          0.5500030517578125
        ],
        [
          3.4976665119756944e-08,
          -6.877657909853951e-08,
          0.9999999403953552,
          1.7000000476837158
        ],
        [
          0.0,
          0.0,
          0.0,
          1.0
        ]
      ],
      "matrix_ego_from_sensor_bevfusion": [
        [
          -0.8191518783569336,
          7.671523860608431e-08,
          0.5735765099525452,
          1.3000030517578125
        ],
        [
          -0.5735765099525452,
          1.0868131283814364e-08,
          -0.8191518783569336,
          -0.5500030517578125
        ],
        [
          -6.877657909853951e-08,
          -0.9999999403953552,
          3.4976665119756944e-08,
          1.7000000476837158
        ],
        [
          0.0,
          0.0,
          0.0,
          1.0
        ]
      ],
      "camera_intrinsics": [
        [
          685.5110473632812,
          0.0,
          480.0
        ],
        [
          0.0,
          685.5110473632812,
          270.0
        ],
        [
          0.0,
          0.0,
          1.0
        ]
      ],
      "data_path": "D:\\Agent-AI\\outputs\\s3a_ml_long_v2\\sample_000076\\images\\CAM_FRONT_RIGHT.png",
      "raw_layout": "bgra8"
    },
    "CAM_FRONT_LEFT": {
      "type_id": "sensor.camera.rgb",
      "blueprint_attributes": {
        "role_name": "front",
        "ros_name": "sensor.camera.rgb",
        "chromatic_aberration_offset": "0.0",
        "sensor_tick": "0.100000",
        "fstop": "1.4",
        "image_size_x": "960",
        "image_size_y": "540",
        "fov": "70.00",
        "lens_circle_falloff": "5.0",
        "lens_circle_multiplier": "0.0",
        "exposure_compensation": "0.0",
        "lens_y_size": "0.08",
        "lens_k": "-1.0",
        "exposure_mode": "histogram",
        "lens_kcube": "0.0",
        "lens_x_size": "0.08",
        "exposure_max_bright": "12.0",
        "shutter_speed": "200.0",
        "bloom_intensity": "0.675",
        "iso": "100.0",
        "enable_postprocess_effects": "false",
        "gamma": "2.2",
        "motion_blur_intensity": "0.0",
        "motion_blur_max_distortion": "0.35",
        "lens_flare_intensity": "0.1",
        "motion_blur_min_object_screen_size": "0.1",
        "exposure_min_bright": "10.0",
        "exposure_speed_up": "3.0",
        "exposure_speed_down": "1.0",
        "tint": "0.0",
        "calibration_constant": "16.0",
        "focal_distance": "1000.0",
        "min_fstop": "1.2",
        "blade_count": "5",
        "blur_amount": "0.0",
        "blur_radius": "0.0",
        "slope": "0.88",
        "toe": "0.55",
        "white_clip": "0.04",
        "shoulder": "0.26",
        "black_clip": "0.0",
        "temp": "6500.0",
        "chromatic_aberration_intensity": "0.0"
      },
      "transform_carla": {
        "location": {
          "x": 78.85115051269531,
          "y": -61.27598190307617,
          "z": 1.6937084197998047
        },
        "rotation": {
          "roll": 0.10519864410161972,
          "pitch": -0.03906184807419777,
          "yaw": 147.88519287109375
        }
      },
      "matrix_world_from_sensor_carla": [
        [
          -0.8469843864440918,
          -0.5316154956817627,
          -0.0015535197453573346,
          78.85115051269531
        ],
        [
          0.5316173434257507,
          -0.846983790397644,
          -0.0011926820734515786,
          -61.27598190307617
        ],
        [
          -0.0006817578105255961,
          -0.0018360611284151673,
          0.9999980926513672,
          1.6937084197998047
        ],
        [
          0.0,
          0.0,
          0.0,
          1.0
        ]
      ],
      "matrix_world_from_sensor_bevfusion": [
        [
          -0.5316154956817627,
          0.0015535197453573346,
          -0.8469843864440918,
          78.85115051269531
        ],
        [
          0.846983790397644,
          -0.0011926820734515786,
          -0.5316173434257507,
          61.27598190307617
        ],
        [
          -0.0018360611284151673,
          -0.9999980926513672,
          -0.0006817578105255961,
          1.6937084197998047
        ],
        [
          0.0,
          0.0,
          0.0,
          1.0
        ]
      ],
      "matrix_ego_from_sensor_carla": [
        [
          0.5735759735107422,
          0.8191523551940918,
          -1.3433736967272125e-07,
          1.3000030517578125
        ],
        [
          -0.8191524147987366,
          0.5735758543014526,
          7.009405322833118e-08,
          -0.5499954223632812
        ],
        [
          1.342466475762194e-07,
          6.962591214687563e-08,
          1.0,
          1.7000001668930054
        ],
        [
          0.0,
          0.0,
          0.0,
          1.0
        ]
      ],
      "matrix_ego_from_sensor_bevfusion": [
        [
          0.8191523551940918,
          1.3433736967272125e-07,
          0.5735759735107422,
          1.3000030517578125
        ],
        [
          -0.5735758543014526,
          7.009405322833118e-08,
          0.8191524147987366,
          0.5499954223632812
        ],
        [
          6.962591214687563e-08,
          -1.0,
          1.342466475762194e-07,
          1.7000001668930054
        ],
        [
          0.0,
          0.0,
          0.0,
          1.0
        ]
      ],
      "camera_intrinsics": [
        [
          685.5110473632812,
          0.0,
          480.0
        ],
        [
          0.0,
          685.5110473632812,
          270.0
        ],
        [
          0.0,
          0.0,
          1.0
        ]
      ],
      "data_path": "D:\\Agent-AI\\outputs\\s3a_ml_long_v2\\sample_000076\\images\\CAM_FRONT_LEFT.png",
      "raw_layout": "bgra8"
    },
    "CAM_BACK": {
      "type_id": "sensor.camera.rgb",
      "blueprint_attributes": {
        "role_name": "front",
        "ros_name": "sensor.camera.rgb",
        "chromatic_aberration_offset": "0.0",
        "sensor_tick": "0.100000",
        "fstop": "1.4",
        "image_size_x": "960",
        "image_size_y": "540",
        "fov": "70.00",
        "lens_circle_falloff": "5.0",
        "lens_circle_multiplier": "0.0",
        "exposure_compensation": "0.0",
        "lens_y_size": "0.08",
        "lens_k": "-1.0",
        "exposure_mode": "histogram",
        "lens_kcube": "0.0",
        "lens_x_size": "0.08",
        "exposure_max_bright": "12.0",
        "shutter_speed": "200.0",
        "bloom_intensity": "0.675",
        "iso": "100.0",
        "enable_postprocess_effects": "false",
        "gamma": "2.2",
        "motion_blur_intensity": "0.0",
        "motion_blur_max_distortion": "0.35",
        "lens_flare_intensity": "0.1",
        "motion_blur_min_object_screen_size": "0.1",
        "exposure_min_bright": "10.0",
        "exposure_speed_up": "3.0",
        "exposure_speed_down": "1.0",
        "tint": "0.0",
        "calibration_constant": "16.0",
        "focal_distance": "1000.0",
        "min_fstop": "1.2",
        "blade_count": "5",
        "blur_amount": "0.0",
        "blur_radius": "0.0",
        "slope": "0.88",
        "toe": "0.55",
        "white_clip": "0.04",
        "shoulder": "0.26",
        "black_clip": "0.0",
        "temp": "6500.0",
        "chromatic_aberration_intensity": "0.0"
      },
      "transform_carla": {
        "location": {
          "x": 81.6906967163086,
          "y": -60.67435836791992,
          "z": 1.6988375186920166
        },
        "rotation": {
          "roll": -0.028337743133306503,
          "pitch": 0.10858634114265442,
          "yaw": 22.885238647460938
        }
      },
      "matrix_world_from_sensor_carla": [
        [
          0.9212839603424072,
          -0.3888874053955078,
          -0.0015536709688603878,
          81.6906967163086
        ],
        [
          0.3888859152793884,
          0.9212851524353027,
          -0.0011926689185202122,
          -60.67435836791992
        ],
        [
          0.0018951880047097802,
          0.0004945860709995031,
          0.9999980926513672,
          1.6988375186920166
        ],
        [
          0.0,
          0.0,
          0.0,
          1.0
        ]
      ],
      "matrix_world_from_sensor_bevfusion": [
        [
          -0.3888874053955078,
          0.0015536709688603878,
          0.9212839603424072,
          81.6906967163086
        ],
        [
          -0.9212851524353027,
          -0.0011926689185202122,
          -0.3888859152793884,
          60.67435836791992
        ],
        [
          0.0004945860709995031,
          -0.9999980926513672,
          0.0018951880047097802,
          1.6988375186920166
        ],
        [
          0.0,
          0.0,
          0.0,
          1.0
        ]
      ],
      "matrix_ego_from_sensor_carla": [
        [
          -0.9999999403953552,
          -1.5732943836610502e-08,
          -1.1050604875606496e-10,
          -1.5499992370605469
        ],
        [
          1.4068054277061037e-08,
          -1.0,
          -8.028804288073843e-10,
          0.0
        ],
        [
          1.1050604875606496e-10,
          -8.85140405415541e-10,
          1.0,
          1.6999999284744263
        ],
        [
          0.0,
          0.0,
          0.0,
          1.0
        ]
      ],
      "matrix_ego_from_sensor_bevfusion": [
        [
          -1.5732943836610502e-08,
          1.1050604875606496e-10,
          -0.9999999403953552,
          -1.5499992370605469
        ],
        [
          1.0,
          -8.028804288073843e-10,
          -1.4068054277061037e-08,
          0.0
        ],
        [
          -8.85140405415541e-10,
          -1.0,
          1.1050604875606496e-10,
          1.6999999284744263
        ],
        [
          0.0,
          0.0,
          0.0,
          1.0
        ]
      ],
      "camera_intrinsics": [
        [
          685.5110473632812,
          0.0,
          480.0
        ],
        [
          0.0,
          685.5110473632812,
          270.0
        ],
        [
          0.0,
          0.0,
          1.0
        ]
      ],
      "data_path": "D:\\Agent-AI\\outputs\\s3a_ml_long_v2\\sample_000076\\images\\CAM_BACK.png",
      "raw_layout": "bgra8"
    },
    "CAM_BACK_LEFT": {
      "type_id": "sensor.camera.rgb",
      "blueprint_attributes": {
        "role_name": "front",
        "ros_name": "sensor.camera.rgb",
        "chromatic_aberration_offset": "0.0",
        "sensor_tick": "0.100000",
        "fstop": "1.4",
        "image_size_x": "960",
        "image_size_y": "540",
        "fov": "70.00",
        "lens_circle_falloff": "5.0",
        "lens_circle_multiplier": "0.0",
        "exposure_compensation": "0.0",
        "lens_y_size": "0.08",
        "lens_k": "-1.0",
        "exposure_mode": "histogram",
        "lens_kcube": "0.0",
        "lens_x_size": "0.08",
        "exposure_max_bright": "12.0",
        "shutter_speed": "200.0",
        "bloom_intensity": "0.675",
        "iso": "100.0",
        "enable_postprocess_effects": "false",
        "gamma": "2.2",
        "motion_blur_intensity": "0.0",
        "motion_blur_max_distortion": "0.35",
        "lens_flare_intensity": "0.1",
        "motion_blur_min_object_screen_size": "0.1",
        "exposure_min_bright": "10.0",
        "exposure_speed_up": "3.0",
        "exposure_speed_down": "1.0",
        "tint": "0.0",
        "calibration_constant": "16.0",
        "focal_distance": "1000.0",
        "min_fstop": "1.2",
        "blade_count": "5",
        "blur_amount": "0.0",
        "blur_radius": "0.0",
        "slope": "0.88",
        "toe": "0.55",
        "white_clip": "0.04",
        "shoulder": "0.26",
        "black_clip": "0.0",
        "temp": "6500.0",
        "chromatic_aberration_intensity": "0.0"
      },
      "transform_carla": {
        "location": {
          "x": 81.24649047851562,
          "y": -60.26487731933594,
          "z": 1.6986356973648071
        },
        "rotation": {
          "roll": 0.0726909413933754,
          "pitch": 0.08549347519874573,
          "yaw": 77.88528442382812
        }
      },
      "matrix_world_from_sensor_carla": [
        [
          0.20986948907375336,
          -0.9777281284332275,
          -0.0015535964630544186,
          81.24649047851562
        ],
        [
          0.9777282476425171,
          0.20987139642238617,
          -0.0011926491279155016,
          -60.26487731933594
        ],
        [
          0.0014921420952305198,
          -0.001268694526515901,
          0.9999980330467224,
          1.6986356973648071
        ],
        [
          0.0,
          0.0,
          0.0,
          1.0
        ]
      ],
      "matrix_world_from_sensor_bevfusion": [
        [
          -0.9777281284332275,
          0.0015535964630544186,
          0.20986948907375336,
          81.24649047851562
        ],
        [
          -0.20987139642238617,
          -0.0011926491279155016,
          -0.9777282476425171,
          60.26487731933594
        ],
        [
          -0.001268694526515901,
          -0.9999980330467224,
          0.0014921420952305198,
          1.6986356973648071
        ],
        [
          0.0,
          0.0,
          0.0,
          1.0
        ]
      ],
      "matrix_ego_from_sensor_carla": [
        [
          -0.5735769271850586,
          0.8191515803337097,
          -7.636599264060351e-08,
          -1.2999992370605469
        ],
        [
          -0.8191516399383545,
          -0.5735769867897034,
          9.936808709198885e-09,
          -0.5499954223632812
        ],
        [
          -3.5675157050718553e-08,
          6.80780871675779e-08,
          0.9999999403953552,
          1.6999999284744263
        ],
        [
          0.0,
          0.0,
          0.0,
          1.0
        ]
      ],
      "matrix_ego_from_sensor_bevfusion": [
        [
          0.8191515803337097,
          7.636599264060351e-08,
          -0.5735769271850586,
          -1.2999992370605469
        ],
        [
          0.5735769867897034,
          9.936808709198885e-09,
          0.8191516399383545,
          0.5499954223632812
        ],
        [
          6.80780871675779e-08,
          -0.9999999403953552,
          -3.5675157050718553e-08,
          1.6999999284744263
        ],
        [
          0.0,
          0.0,
          0.0,
          1.0
        ]
      ],
      "camera_intrinsics": [
        [
          685.5110473632812,
          0.0,
          480.0
        ],
        [
          0.0,
          685.5110473632812,
          270.0
        ],
        [
          0.0,
          0.0,
          1.0
        ]
      ],
      "data_path": "D:\\Agent-AI\\outputs\\s3a_ml_long_v2\\sample_000076\\images\\CAM_BACK_LEFT.png",
      "raw_layout": "bgra8"
    },
    "CAM_BACK_RIGHT": {
      "type_id": "sensor.camera.rgb",
      "blueprint_attributes": {
        "role_name": "front",
        "ros_name": "sensor.camera.rgb",
        "chromatic_aberration_offset": "0.0",
        "sensor_tick": "0.100000",
        "fstop": "1.4",
        "image_size_x": "960",
        "image_size_y": "540",
        "fov": "70.00",
        "lens_circle_falloff": "5.0",
        "lens_circle_multiplier": "0.0",
        "exposure_compensation": "0.0",
        "lens_y_size": "0.08",
        "lens_k": "-1.0",
        "exposure_mode": "histogram",
        "lens_kcube": "0.0",
        "lens_x_size": "0.08",
        "exposure_max_bright": "12.0",
        "shutter_speed": "200.0",
        "bloom_intensity": "0.675",
        "iso": "100.0",
        "enable_postprocess_effects": "false",
        "gamma": "2.2",
        "motion_blur_intensity": "0.0",
        "motion_blur_max_distortion": "0.35",
        "lens_flare_intensity": "0.1",
        "motion_blur_min_object_screen_size": "0.1",
        "exposure_min_bright": "10.0",
        "exposure_speed_up": "3.0",
        "exposure_speed_down": "1.0",
        "tint": "0.0",
        "calibration_constant": "16.0",
        "focal_distance": "1000.0",
        "min_fstop": "1.2",
        "blade_count": "5",
        "blur_amount": "0.0",
        "blur_radius": "0.0",
        "slope": "0.88",
        "toe": "0.55",
        "white_clip": "0.04",
        "shoulder": "0.26",
        "black_clip": "0.0",
        "temp": "6500.0",
        "chromatic_aberration_intensity": "0.0"
      },
      "transform_carla": {
        "location": {
          "x": 81.67426300048828,
          "y": -61.278289794921875,
          "z": 1.698091745376587
        },
        "rotation": {
          "roll": -0.10519865155220032,
          "pitch": 0.03906184807419777,
          "yaw": -32.114776611328125
        }
      },
      "matrix_world_from_sensor_carla": [
        [
          0.8469846844673157,
          0.5316150784492493,
          -0.0015535193961113691,
          81.67426300048828
        ],
        [
          -0.5316169261932373,
          0.8469840884208679,
          -0.001192683121189475,
          -61.278289794921875
        ],
        [
          0.0006817578105255961,
          0.001836061361245811,
          0.9999980926513672,
          1.698091745376587
        ],
        [
          0.0,
          0.0,
          0.0,
          1.0
        ]
      ],
      "matrix_world_from_sensor_bevfusion": [
        [
          0.5316150784492493,
          0.0015535193961113691,
          0.8469846844673157,
          81.67426300048828
        ],
        [
          -0.8469840884208679,
          -0.001192683121189475,
          0.5316169261932373,
          61.278289794921875
        ],
        [
          0.001836061361245811,
          -0.9999980926513672,
          0.0006817578105255961,
          1.698091745376587
        ],
        [
          0.0,
          0.0,
          0.0,
          1.0
        ]
      ],
      "matrix_ego_from_sensor_carla": [
        [
          -0.5735763907432556,
          -0.8191520571708679,
          -1.3422095435089432e-07,
          -1.2999916076660156
        ],
        [
          0.8191521763801575,
          -0.5735763311386108,
          7.119999878568706e-08,
          0.5500030517578125
        ],
        [
          -1.3523617781174835e-07,
          -6.91602508595679e-08,
          1.0,
          1.7000000476837158
        ],
        [
          0.0,
          0.0,
          0.0,
          1.0
        ]
      ],
      "matrix_ego_from_sensor_bevfusion": [
        [
          -0.8191520571708679,
          1.3422095435089432e-07,
          -0.5735763907432556,
          -1.2999916076660156
        ],
        [
          0.5735763311386108,
          7.119999878568706e-08,
          -0.8191521763801575,
          -0.5500030517578125
        ],
        [
          -6.91602508595679e-08,
          -1.0,
          -1.3523617781174835e-07,
          1.7000000476837158
        ],
        [
          0.0,
          0.0,
          0.0,
          1.0
        ]
      ],
      "camera_intrinsics": [
        [
          685.5110473632812,
          0.0,
          480.0
        ],
        [
          0.0,
          685.5110473632812,
          270.0
        ],
        [
          0.0,
          0.0,
          1.0
        ]
      ],
      "data_path": "D:\\Agent-AI\\outputs\\s3a_ml_long_v2\\sample_000076\\images\\CAM_BACK_RIGHT.png",
      "raw_layout": "bgra8"
    },
    "LIDAR_TOP": {
      "type_id": "sensor.lidar.ray_cast",
      "blueprint_attributes": {
        "atmosphere_attenuation_rate": "0.004",
        "role_name": "front",
        "noise_seed": "0",
        "upper_fov": "10.0",
        "ros_name": "sensor.lidar.ray_cast",
        "sensor_tick": "0.100000",
        "channels": "32",
        "range": "120.0",
        "points_per_second": "360000",
        "lower_fov": "-30.0",
        "rotation_frequency": "10.000000",
        "horizontal_fov": "360.0",
        "dropoff_general_rate": "0.0",
        "dropoff_intensity_limit": "1.0",
        "noise_stddev": "0.0",
        "dropoff_zero_intensity": "0.0"
      },
      "transform_carla": {
        "location": {
          "x": 80.26193237304688,
          "y": -61.27772903442383,
          "z": 2.19589900970459
        },
        "rotation": {
          "roll": 0.028337789699435234,
          "pitch": -0.10858634114265442,
          "yaw": -157.11476135253906
        }
      },
      "matrix_world_from_sensor_carla": [
        [
          -0.9212839603424072,
          0.3888874351978302,
          -0.0015536707360297441,
          80.26193237304688
        ],
        [
          -0.3888859450817108,
          -0.9212851524353027,
          -0.001192669733427465,
          -61.27772903442383
        ],
        [
          -0.0018951880047097802,
          -0.000494586827699095,
          0.9999980926513672,
          2.19589900970459
        ],
        [
          0.0,
          0.0,
          0.0,
          1.0
        ]
      ],
      "matrix_world_from_sensor_bevfusion": [
        [
          -0.9212839603424072,
          -0.3888874351978302,
          -0.0015536707360297441,
          80.26193237304688
        ],
        [
          0.3888859450817108,
          -0.9212851524353027,
          0.001192669733427465,
          61.27772903442383
        ],
        [
          -0.0018951880047097802,
          0.000494586827699095,
          0.9999980926513672,
          2.19589900970459
        ],
        [
          0.0,
          0.0,
          0.0,
          1.0
        ]
      ],
      "matrix_ego_from_sensor_carla": [
        [
          0.9999999403953552,
          -1.4067944142936994e-08,
          5.909273070869858e-12,
          3.814697265625e-06
        ],
        [
          1.338839705766759e-08,
          1.0,
          1.2026823981159396e-11,
          7.62939453125e-06
        ],
        [
          -1.1050604875606496e-10,
          7.023459591692927e-11,
          1.0,
          2.200000047683716
        ],
        [
          0.0,
          0.0,
          0.0,
          1.0
        ]
      ],
      "matrix_ego_from_sensor_bevfusion": [
        [
          0.9999999403953552,
          1.4067944142936994e-08,
          5.909273070869858e-12,
          3.814697265625e-06
        ],
        [
          -1.338839705766759e-08,
          1.0,
          -1.2026823981159396e-11,
          -7.62939453125e-06
        ],
        [
          -1.1050604875606496e-10,
          -7.023459591692927e-11,
          1.0,
          2.200000047683716
        ],
        [
          0.0,
          0.0,
          0.0,
          1.0
        ]
      ],
      "data_path": "D:\\Agent-AI\\outputs\\s3a_ml_long_v2\\sample_000076\\lidar\\LIDAR_TOP.npy",
      "raw_layout": [
        "x",
        "y",
        "z",
        "intensity"
      ]
    },
    "RADAR_FRONT": {
      "type_id": "sensor.other.radar",
      "blueprint_attributes": {
        "sensor_tick": "0.100000",
        "role_name": "default",
        "noise_seed": "0",
        "ros_name": "sensor.other.radar",
        "horizontal_fov": "35.0",
        "points_per_second": "1500",
        "vertical_fov": "20.0",
        "range": "120.0"
      },
      "transform_carla": {
        "location": {
          "x": 78.42138671875,
          "y": -62.05394744873047,
          "z": 0.8921113610267639
        },
        "rotation": {
          "roll": 0.028337789699435234,
          "pitch": -0.10858634114265442,
          "yaw": -157.11476135253906
        }
      },
      "matrix_world_from_sensor_carla": [
        [
          -0.9212839603424072,
          0.3888874351978302,
          -0.0015536707360297441,
          78.42138671875
        ],
        [
          -0.3888859450817108,
          -0.9212851524353027,
          -0.001192669733427465,
          -62.05394744873047
        ],
        [
          -0.0018951880047097802,
          -0.000494586827699095,
          0.9999980926513672,
          0.8921113610267639
        ],
        [
          0.0,
          0.0,
          0.0,
          1.0
        ]
      ],
      "matrix_world_from_sensor_bevfusion": [
        [
          -0.9212839603424072,
          -0.3888874351978302,
          -0.0015536707360297441,
          78.42138671875
        ],
        [
          0.3888859450817108,
          -0.9212851524353027,
          0.001192669733427465,
          62.05394744873047
        ],
        [
          -0.0018951880047097802,
          0.000494586827699095,
          0.9999980926513672,
          0.8921113610267639
        ],
        [
          0.0,
          0.0,
          0.0,
          1.0
        ]
      ],
      "matrix_ego_from_sensor_carla": [
        [
          0.9999999403953552,
          -1.4067944142936994e-08,
          5.909273070869858e-12,
          1.9999961853027344
        ],
        [
          1.338839705766759e-08,
          1.0,
          1.2026823981159396e-11,
          0.0
        ],
        [
          -1.1050604875606496e-10,
          7.023459591692927e-11,
          1.0,
          0.9000002145767212
        ],
        [
          0.0,
          0.0,
          0.0,
          1.0
        ]
      ],
      "matrix_ego_from_sensor_bevfusion": [
        [
          0.9999999403953552,
          1.4067944142936994e-08,
          5.909273070869858e-12,
          1.9999961853027344
        ],
        [
          -1.338839705766759e-08,
          1.0,
          -1.2026823981159396e-11,
          0.0
        ],
        [
          -1.1050604875606496e-10,
          -7.023459591692927e-11,
          1.0,
          0.9000002145767212
        ],
        [
          0.0,
          0.0,
          0.0,
          1.0
        ]
      ],
      "data_path": "D:\\Agent-AI\\outputs\\s3a_ml_long_v2\\sample_000076\\radar\\RADAR_FRONT.npy",
      "raw_layout": [
        "velocity",
        "altitude",
        "azimuth",
        "depth"
      ]
    },
    "RADAR_FRONT_LEFT": {
      "type_id": "sensor.other.radar",
      "blueprint_attributes": {
        "sensor_tick": "0.100000",
        "role_name": "default",
        "noise_seed": "0",
        "ros_name": "sensor.other.radar",
        "horizontal_fov": "35.0",
        "points_per_second": "1500",
        "vertical_fov": "20.0",
        "range": "120.0"
      },
      "transform_carla": {
        "location": {
          "x": 78.45216369628906,
          "y": -61.22687911987305,
          "z": 0.8931455612182617
        },
        "rotation": {
          "roll": 0.09681657701730728,
          "pitch": -0.05674520879983902,
          "yaw": 157.88522338867188
        }
      },
      "matrix_world_from_sensor_carla": [
        [
          -0.9264311194419861,
          -0.3764612078666687,
          -0.0015536631690338254,
          78.45216369628906
        ],
        [
          0.3764631152153015,
          -0.926430881023407,
          -0.0011926083825528622,
          -61.22687911987305
        ],
        [
          -0.0009903906611725688,
          -0.0016897664172574878,
          0.9999980926513672,
          0.8931455612182617
        ],
        [
          0.0,
          0.0,
          0.0,
          1.0
        ]
      ],
      "matrix_world_from_sensor_bevfusion": [
        [
          -0.9264311194419861,
          0.3764612078666687,
          -0.0015536631690338254,
          78.45216369628906
        ],
        [
          -0.3764631152153015,
          -0.926430881023407,
          0.0011926083825528622,
          61.22687911987305
        ],
        [
          -0.0009903906611725688,
          0.0016897664172574878,
          0.9999980926513672,
          0.8931455612182617
        ],
        [
          0.0,
          0.0,
          0.0,
          1.0
        ]
      ],
      "matrix_ego_from_sensor_carla": [
        [
          0.7071067690849304,
          0.7071068286895752,
          -3.084415212128988e-08,
          1.6500091552734375
        ],
        [
          -0.7071068286895752,
          0.7071068286895752,
          -5.3539022104587275e-08,
          -0.7499923706054688
        ],
        [
          -1.6155354387592524e-08,
          5.956798787565276e-08,
          1.0,
          0.9000000953674316
        ],
        [
          0.0,
          0.0,
          0.0,
          1.0
        ]
      ],
      "matrix_ego_from_sensor_bevfusion": [
        [
          0.7071067690849304,
          -0.7071068286895752,
          -3.084415212128988e-08,
          1.6500091552734375
        ],
        [
          0.7071068286895752,
          0.7071068286895752,
          5.3539022104587275e-08,
          0.7499923706054688
        ],
        [
          -1.6155354387592524e-08,
          -5.956798787565276e-08,
          1.0,
          0.9000000953674316
        ],
        [
          0.0,
          0.0,
          0.0,
          1.0
        ]
      ],
      "data_path": "D:\\Agent-AI\\outputs\\s3a_ml_long_v2\\sample_000076\\radar\\RADAR_FRONT_LEFT.npy",
      "raw_layout": [
        "velocity",
        "altitude",
        "azimuth",
        "depth"
      ]
    },
    "RADAR_FRONT_RIGHT": {
      "type_id": "sensor.other.radar",
      "blueprint_attributes": {
        "sensor_tick": "0.100000",
