{
  "schema_version": "stage1.v1",
  "sample_name": "sample_000041",
  "sequence_index": 41,
  "previous_sample_name": "sample_000040",
  "frame_id": 60042,
  "timestamp": 439.11970081180334,
  "platform_timestamp": 16814579.6396943,
  "delta_seconds": 0.10000000149011612,
  "town": "Carla/Maps/Town10HD_Opt",
  "weather": {
    "cloudiness": 20.0,
    "dust_storm": 0.0,
    "fog_density": 2.0,
    "fog_distance": 0.75,
    "fog_falloff": 0.10000000149011612,
    "mie_scattering_scale": 0.029999999329447746,
    "precipitation": 0.0,
    "precipitation_deposits": 0.0,
    "rayleigh_scattering_scale": 0.03310000151395798,
    "scattering_intensity": 1.0,
    "sun_altitude_angle": 45.0,
    "sun_azimuth_angle": 300.0,
    "wetness": 0.0,
    "wind_intensity": 10.0
  },
  "sensor_names": [
    "CAM_FRONT",
    "CAM_FRONT_RIGHT",
    "CAM_FRONT_LEFT",
    "CAM_BACK",
    "CAM_BACK_LEFT",
    "CAM_BACK_RIGHT",
    "LIDAR_TOP",
    "RADAR_FRONT",
    "RADAR_FRONT_LEFT",
    "RADAR_FRONT_RIGHT",
    "RADAR_BACK_LEFT",
    "RADAR_BACK_RIGHT"
  ],
  "camera_order_for_model": [
    "CAM_FRONT",
    "CAM_FRONT_RIGHT",
    "CAM_FRONT_LEFT",
    "CAM_BACK",
    "CAM_BACK_LEFT",
    "CAM_BACK_RIGHT"
  ],
  "radar_order_for_model": [
    "RADAR_FRONT",
    "RADAR_FRONT_LEFT",
    "RADAR_FRONT_RIGHT",
    "RADAR_BACK_LEFT",
    "RADAR_BACK_RIGHT"
  ],
  "coordinate_notes": {
    "carla_world": "left-handed x-forward y-right z-up",
    "bevfusion_lidar": "x-forward y-left z-up",
    "camera_frame_for_model": "OpenCV style x-right y-down z-forward"
  },
  "ego": {
    "actor_id": 28,
    "transform_carla": {
      "location": {
        "x": 96.88018035888672,
        "y": -49.27094650268555,
        "z": -0.004135856404900551
      },
      "rotation": {
        "roll": 0.5367777347564697,
        "pitch": -0.0565812848508358,
        "yaw": -128.47499084472656
      }
    },
    "velocity_carla": [
      -4.996031761169434,
      -6.1176018714904785,
      0.00011060714314226061
    ],
    "angular_velocity_carla": [
      0.16493892669677734,
      -1.4588302373886108,
      -7.62595272064209
    ],
    "matrix_world_from_ego_carla": [
      [
        -0.6221725940704346,
        0.7828513383865356,
        0.006719945929944515,
        96.88018035888672
      ],
      [
        -0.7828795313835144,
        -0.6221383213996887,
        -0.006601848639547825,
        -49.27094650268555
      ],
      [
        -0.00098752963822335,
        -0.009368397295475006,
        0.9999556541442871,
        -0.004135856404900551
      ],
      [
        0.0,
        0.0,
        0.0,
        1.0
      ]
    ],
    "matrix_world_from_ego_bevfusion": [
      [
        -0.6221725940704346,
        -0.7828513383865356,
        0.006719945929944515,
        96.88018035888672
      ],
      [
        0.7828795313835144,
        -0.6221383213996887,
        0.006601848639547825,
        49.27094650268555
      ],
      [
        -0.00098752963822335,
        0.009368397295475006,
        0.9999556541442871,
        -0.004135856404900551
      ],
      [
        0.0,
        0.0,
        0.0,
        1.0
      ]
    ]
  },
  "sensors": {
    "CAM_FRONT": {
      "type_id": "sensor.camera.rgb",
      "blueprint_attributes": {
        "role_name": "front",
        "ros_name": "sensor.camera.rgb",
        "chromatic_aberration_offset": "0.0",
        "sensor_tick": "0.100000",
        "fstop": "1.4",
        "image_size_x": "960",
        "image_size_y": "540",
        "fov": "70.00",
        "lens_circle_falloff": "5.0",
        "lens_circle_multiplier": "0.0",
        "exposure_compensation": "0.0",
        "lens_y_size": "0.08",
        "lens_k": "-1.0",
        "exposure_mode": "histogram",
        "lens_kcube": "0.0",
        "lens_x_size": "0.08",
        "exposure_max_bright": "12.0",
        "shutter_speed": "200.0",
        "bloom_intensity": "0.675",
        "iso": "100.0",
        "enable_postprocess_effects": "false",
        "gamma": "2.2",
        "motion_blur_intensity": "0.0",
        "motion_blur_max_distortion": "0.35",
        "lens_flare_intensity": "0.1",
        "motion_blur_min_object_screen_size": "0.1",
        "exposure_min_bright": "10.0",
        "exposure_speed_up": "3.0",
        "exposure_speed_down": "1.0",
        "tint": "0.0",
        "calibration_constant": "16.0",
        "focal_distance": "1000.0",
        "min_fstop": "1.2",
        "blade_count": "5",
        "blur_amount": "0.0",
        "blur_radius": "0.0",
        "slope": "0.88",
        "toe": "0.55",
        "white_clip": "0.04",
        "shoulder": "0.26",
        "black_clip": "0.0",
        "temp": "6500.0",
        "chromatic_aberration_intensity": "0.0"
      },
      "transform_carla": {
        "location": {
          "x": 95.92724609375,
          "y": -50.49563217163086,
          "z": 1.6942579746246338
        },
        "rotation": {
          "roll": 0.5367777347564697,
          "pitch": -0.0565812848508358,
          "yaw": -128.47499084472656
        }
      },
      "matrix_world_from_sensor_carla": [
        [
          -0.6221725940704346,
          0.7828513383865356,
          0.006719945929944515,
          95.92724609375
        ],
        [
          -0.7828795313835144,
          -0.6221383213996887,
          -0.006601848639547825,
          -50.49563217163086
        ],
        [
          -0.00098752963822335,
          -0.009368397295475006,
          0.9999556541442871,
          1.6942579746246338
        ],
        [
          0.0,
          0.0,
          0.0,
          1.0
        ]
      ],
      "matrix_world_from_sensor_bevfusion": [
        [
          0.7828513383865356,
          -0.006719945929944515,
          -0.6221725940704346,
          95.92724609375
        ],
        [
          0.6221383213996887,
          -0.006601848639547825,
          0.7828795313835144,
          50.49563217163086
        ],
        [
          -0.009368397295475006,
          -0.9999556541442871,
          -0.00098752963822335,
          1.6942579746246338
        ],
        [
          0.0,
          0.0,
          0.0,
          1.0
        ]
      ],
      "matrix_ego_from_sensor_carla": [
        [
          0.9999999403953552,
          -2.1497200464182242e-08,
          -4.449547952312116e-10,
          1.5499935150146484
        ],
        [
          -1.4221977373551908e-08,
          1.0,
          7.968514736944599e-11,
          7.62939453125e-06
        ],
        [
          -3.8611408514910295e-10,
          -2.931961340379985e-10,
          1.0,
          1.6999998092651367
        ],
        [
          0.0,
          0.0,
          0.0,
          1.0
        ]
      ],
      "matrix_ego_from_sensor_bevfusion": [
        [
          -2.1497200464182242e-08,
          4.449547952312116e-10,
          0.9999999403953552,
          1.5499935150146484
        ],
        [
          -1.0,
          7.968514736944599e-11,
          1.4221977373551908e-08,
          -7.62939453125e-06
        ],
        [
          -2.931961340379985e-10,
          -1.0,
          -3.8611408514910295e-10,
          1.6999998092651367
        ],
        [
          0.0,
          0.0,
          0.0,
          1.0
        ]
      ],
      "camera_intrinsics": [
        [
          685.5110473632812,
          0.0,
          480.0
        ],
        [
          0.0,
          685.5110473632812,
          270.0
        ],
        [
          0.0,
          0.0,
          1.0
        ]
      ],
      "data_path": "D:\\Agent-AI\\outputs\\s3a_ml_long_v2\\sample_000041\\images\\CAM_FRONT.png",
      "raw_layout": "bgra8"
    },
    "CAM_FRONT_RIGHT": {
      "type_id": "sensor.camera.rgb",
      "blueprint_attributes": {
        "role_name": "front",
        "ros_name": "sensor.camera.rgb",
        "chromatic_aberration_offset": "0.0",
        "sensor_tick": "0.100000",
        "fstop": "1.4",
        "image_size_x": "960",
        "image_size_y": "540",
        "fov": "70.00",
        "lens_circle_falloff": "5.0",
        "lens_circle_multiplier": "0.0",
        "exposure_compensation": "0.0",
        "lens_y_size": "0.08",
        "lens_k": "-1.0",
        "exposure_mode": "histogram",
        "lens_kcube": "0.0",
        "lens_x_size": "0.08",
        "exposure_max_bright": "12.0",
        "shutter_speed": "200.0",
        "bloom_intensity": "0.675",
        "iso": "100.0",
        "enable_postprocess_effects": "false",
        "gamma": "2.2",
        "motion_blur_intensity": "0.0",
        "motion_blur_max_distortion": "0.35",
        "lens_flare_intensity": "0.1",
        "motion_blur_min_object_screen_size": "0.1",
        "exposure_min_bright": "10.0",
        "exposure_speed_up": "3.0",
        "exposure_speed_down": "1.0",
        "tint": "0.0",
        "calibration_constant": "16.0",
        "focal_distance": "1000.0",
        "min_fstop": "1.2",
        "blade_count": "5",
        "blur_amount": "0.0",
        "blur_radius": "0.0",
        "slope": "0.88",
        "toe": "0.55",
        "white_clip": "0.04",
        "shoulder": "0.26",
        "black_clip": "0.0",
        "temp": "6500.0",
        "chromatic_aberration_intensity": "0.0"
      },
      "transform_carla": {
        "location": {
          "x": 96.51334381103516,
          "y": -50.64208984375,
          "z": 1.68935227394104
        },
        "rotation": {
          "roll": 0.2615410089492798,
          "pitch": -0.4721504747867584,
          "yaw": -73.47581481933594
        }
      },
      "matrix_world_from_sensor_carla": [
        [
          0.28441038727760315,
          0.9586790800094604,
          0.00671994686126709,
          96.51334381103516
        ],
        [
          -0.9586672186851501,
          0.2844531238079071,
          -0.006601769011467695,
          -50.64208984375
        ],
        [
          -0.008240487426519394,
          -0.004564580973237753,
          0.9999555945396423,
          1.68935227394104
        ],
        [
          0.0,
          0.0,
          0.0,
          1.0
        ]
      ],
      "matrix_world_from_sensor_bevfusion": [
        [
          0.9586790800094604,
          -0.00671994686126709,
          0.28441038727760315,
          96.51334381103516
        ],
        [
          -0.2844531238079071,
          -0.006601769011467695,
          0.9586672186851501,
          50.64208984375
        ],
        [
          -0.004564580973237753,
          -0.9999555945396423,
          -0.008240487426519394,
          1.68935227394104
        ],
        [
          0.0,
          0.0,
          0.0,
          1.0
        ]
      ],
      "matrix_ego_from_sensor_carla": [
        [
          0.5735767483711243,
          -0.819151759147644,
          -6.325036849830212e-08,
          1.3000011444091797
        ],
        [
          0.8191518187522888,
          0.5735766887664795,
          -4.779068873972392e-08,
          0.5500030517578125
        ],
        [
          7.628131726278298e-08,
          -2.315340452696546e-08,
          0.9999999403953552,
          1.6999998092651367
        ],
        [
          0.0,
          0.0,
          0.0,
          1.0
        ]
      ],
      "matrix_ego_from_sensor_bevfusion": [
        [
          -0.819151759147644,
          6.325036849830212e-08,
          0.5735767483711243,
          1.3000011444091797
        ],
        [
          -0.5735766887664795,
          -4.779068873972392e-08,
          -0.8191518187522888,
          -0.5500030517578125
        ],
        [
          -2.315340452696546e-08,
          -0.9999999403953552,
          7.628131726278298e-08,
          1.6999998092651367
        ],
        [
          0.0,
          0.0,
          0.0,
          1.0
        ]
      ],
      "camera_intrinsics": [
        [
          685.5110473632812,
          0.0,
          480.0
        ],
        [
          0.0,
          685.5110473632812,
          270.0
        ],
        [
          0.0,
          0.0,
          1.0
        ]
      ],
      "data_path": "D:\\Agent-AI\\outputs\\s3a_ml_long_v2\\sample_000041\\images\\CAM_FRONT_RIGHT.png",
      "raw_layout": "bgra8"
    },
    "CAM_FRONT_LEFT": {
      "type_id": "sensor.camera.rgb",
      "blueprint_attributes": {
        "role_name": "front",
        "ros_name": "sensor.camera.rgb",
        "chromatic_aberration_offset": "0.0",
        "sensor_tick": "0.100000",
        "fstop": "1.4",
        "image_size_x": "960",
        "image_size_y": "540",
        "fov": "70.00",
        "lens_circle_falloff": "5.0",
        "lens_circle_multiplier": "0.0",
        "exposure_compensation": "0.0",
        "lens_y_size": "0.08",
        "lens_k": "-1.0",
        "exposure_mode": "histogram",
        "lens_kcube": "0.0",
        "lens_x_size": "0.08",
        "exposure_max_bright": "12.0",
        "shutter_speed": "200.0",
        "bloom_intensity": "0.675",
        "iso": "100.0",
        "enable_postprocess_effects": "false",
        "gamma": "2.2",
        "motion_blur_intensity": "0.0",
        "motion_blur_max_distortion": "0.35",
        "lens_flare_intensity": "0.1",
        "motion_blur_min_object_screen_size": "0.1",
        "exposure_min_bright": "10.0",
        "exposure_speed_up": "3.0",
        "exposure_speed_down": "1.0",
        "tint": "0.0",
        "calibration_constant": "16.0",
        "focal_distance": "1000.0",
        "min_fstop": "1.2",
        "blade_count": "5",
        "blur_amount": "0.0",
        "blur_radius": "0.0",
        "slope": "0.88",
        "toe": "0.55",
        "white_clip": "0.04",
        "shoulder": "0.26",
        "black_clip": "0.0",
        "temp": "6500.0",
        "chromatic_aberration_intensity": "0.0"
      },
      "transform_carla": {
        "location": {
          "x": 95.65221405029297,
          "y": -49.95773696899414,
          "z": 1.6996574401855469
        },
        "rotation": {
          "roll": 0.3542368710041046,
          "pitch": 0.40724316239356995,
          "yaw": 176.52651977539062
        }
      },
      "matrix_world_from_sensor_carla": [
        [
          -0.9981377124786377,
          -0.06062937155365944,
          0.006719900295138359,
          95.65221405029297
        ],
        [
          0.0605851374566555,
          -0.9981411695480347,
          -0.006601824425160885,
          -49.95773696899414
        ],
        [
          0.007107674144208431,
          -0.006182403769344091,
          0.9999555945396423,
          1.6996574401855469
        ],
        [
          0.0,
          0.0,
          0.0,
          1.0
        ]
      ],
      "matrix_world_from_sensor_bevfusion": [
        [
          -0.06062937155365944,
          -0.006719900295138359,
          -0.9981377124786377,
          95.65221405029297
        ],
        [
          0.9981411695480347,
          -0.006601824425160885,
          -0.0605851374566555,
          49.95773696899414
        ],
        [
          -0.006182403769344091,
          -0.9999555945396423,
          0.007107674144208431,
          1.6996574401855469
        ],
        [
          0.0,
          0.0,
          0.0,
          1.0
        ]
      ],
      "matrix_ego_from_sensor_carla": [
        [
          0.5735759735107422,
          0.8191522359848022,
          9.043547244402816e-09,
          1.299997329711914
        ],
        [
          -0.819152295589447,
          0.573576033115387,
          -4.9653333888954876e-08,
          -0.5500030517578125
        ],
        [
          -4.646731710522545e-08,
          2.1212745338061723e-08,
          0.9999999403953552,
          1.6999998092651367
        ],
        [
          0.0,
          0.0,
          0.0,
          1.0
        ]
      ],
      "matrix_ego_from_sensor_bevfusion": [
        [
          0.8191522359848022,
          -9.043547244402816e-09,
          0.5735759735107422,
          1.299997329711914
        ],
        [
          -0.573576033115387,
          -4.9653333888954876e-08,
          0.819152295589447,
          0.5500030517578125
        ],
        [
          2.1212745338061723e-08,
          -0.9999999403953552,
          -4.646731710522545e-08,
          1.6999998092651367
        ],
        [
          0.0,
          0.0,
          0.0,
          1.0
        ]
      ],
      "camera_intrinsics": [
        [
          685.5110473632812,
          0.0,
          480.0
        ],
        [
          0.0,
          685.5110473632812,
          270.0
        ],
        [
          0.0,
          0.0,
          1.0
        ]
      ],
      "data_path": "D:\\Agent-AI\\outputs\\s3a_ml_long_v2\\sample_000041\\images\\CAM_FRONT_LEFT.png",
      "raw_layout": "bgra8"
    },
    "CAM_BACK": {
      "type_id": "sensor.camera.rgb",
      "blueprint_attributes": {
        "role_name": "front",
        "ros_name": "sensor.camera.rgb",
        "chromatic_aberration_offset": "0.0",
        "sensor_tick": "0.100000",
        "fstop": "1.4",
        "image_size_x": "960",
        "image_size_y": "540",
        "fov": "70.00",
        "lens_circle_falloff": "5.0",
        "lens_circle_multiplier": "0.0",
        "exposure_compensation": "0.0",
        "lens_y_size": "0.08",
        "lens_k": "-1.0",
        "exposure_mode": "histogram",
        "lens_kcube": "0.0",
        "lens_x_size": "0.08",
        "exposure_max_bright": "12.0",
        "shutter_speed": "200.0",
        "bloom_intensity": "0.675",
        "iso": "100.0",
        "enable_postprocess_effects": "false",
        "gamma": "2.2",
        "motion_blur_intensity": "0.0",
        "motion_blur_max_distortion": "0.35",
        "lens_flare_intensity": "0.1",
        "motion_blur_min_object_screen_size": "0.1",
        "exposure_min_bright": "10.0",
        "exposure_speed_up": "3.0",
        "exposure_speed_down": "1.0",
        "tint": "0.0",
        "calibration_constant": "16.0",
        "focal_distance": "1000.0",
        "min_fstop": "1.2",
        "blade_count": "5",
        "blur_amount": "0.0",
        "blur_radius": "0.0",
        "slope": "0.88",
        "toe": "0.55",
        "white_clip": "0.04",
        "shoulder": "0.26",
        "black_clip": "0.0",
        "temp": "6500.0",
        "chromatic_aberration_intensity": "0.0"
      },
      "transform_carla": {
        "location": {
          "x": 97.85597229003906,
          "y": -48.06870651245117,
          "z": 1.6973192691802979
        },
        "rotation": {
          "roll": -0.5367776155471802,
          "pitch": 0.0565812848508358,
          "yaw": 51.525028228759766
        }
      },
      "matrix_world_from_sensor_carla": [
        [
          0.6221724152565002,
          -0.7828514575958252,
          0.006719945929944515,
          97.85597229003906
        ],
        [
          0.782879650592804,
          0.6221381425857544,
          -0.006601846311241388,
          -48.06870651245117
        ],
        [
          0.00098752963822335,
          0.009368395432829857,
          0.9999556541442871,
          1.6973192691802979
        ],
        [
          0.0,
          0.0,
          0.0,
          1.0
        ]
      ],
      "matrix_world_from_sensor_bevfusion": [
        [
          -0.7828514575958252,
          -0.006719945929944515,
          0.6221724152565002,
          97.85597229003906
        ],
        [
          -0.6221381425857544,
          -0.006601846311241388,
          -0.782879650592804,
          48.06870651245117
        ],
        [
          0.009368395432829857,
          -0.9999556541442871,
          0.00098752963822335,
          1.6973192691802979
        ],
        [
          0.0,
          0.0,
          0.0,
          1.0
        ]
      ],
      "matrix_ego_from_sensor_carla": [
        [
          -0.9999999403953552,
          2.5089542532441556e-07,
          -2.3075998889510174e-09,
          -1.5500011444091797
        ],
        [
          -2.08954375580106e-07,
          -1.0,
          -8.516374272460325e-10,
          7.62939453125e-06
        ],
        [
          -1.8257769740515073e-09,
          -1.569366303577624e-09,
          1.0,
          1.6999998092651367
        ],
        [
          0.0,
          0.0,
          0.0,
          1.0
        ]
      ],
      "matrix_ego_from_sensor_bevfusion": [
        [
          2.5089542532441556e-07,
          2.3075998889510174e-09,
          -0.9999999403953552,
          -1.5500011444091797
        ],
        [
          1.0,
          -8.516374272460325e-10,
          2.08954375580106e-07,
          -7.62939453125e-06
        ],
        [
          -1.569366303577624e-09,
          -1.0,
          -1.8257769740515073e-09,
          1.6999998092651367
        ],
        [
          0.0,
          0.0,
          0.0,
          1.0
        ]
      ],
      "camera_intrinsics": [
        [
          685.5110473632812,
          0.0,
          480.0
        ],
        [
          0.0,
          685.5110473632812,
          270.0
        ],
        [
          0.0,
          0.0,
          1.0
        ]
      ],
      "data_path": "D:\\Agent-AI\\outputs\\s3a_ml_long_v2\\sample_000041\\images\\CAM_BACK.png",
      "raw_layout": "bgra8"
    },
    "CAM_BACK_LEFT": {
      "type_id": "sensor.camera.rgb",
      "blueprint_attributes": {
        "role_name": "front",
        "ros_name": "sensor.camera.rgb",
        "chromatic_aberration_offset": "0.0",
        "sensor_tick": "0.100000",
        "fstop": "1.4",
        "image_size_x": "960",
        "image_size_y": "540",
        "fov": "70.00",
        "lens_circle_falloff": "5.0",
        "lens_circle_multiplier": "0.0",
        "exposure_compensation": "0.0",
        "lens_y_size": "0.08",
        "lens_k": "-1.0",
        "exposure_mode": "histogram",
        "lens_kcube": "0.0",
        "lens_x_size": "0.08",
        "exposure_max_bright": "12.0",
        "shutter_speed": "200.0",
        "bloom_intensity": "0.675",
        "iso": "100.0",
        "enable_postprocess_effects": "false",
        "gamma": "2.2",
        "motion_blur_intensity": "0.0",
        "motion_blur_max_distortion": "0.35",
        "lens_flare_intensity": "0.1",
        "motion_blur_min_object_screen_size": "0.1",
        "exposure_min_bright": "10.0",
        "exposure_speed_up": "3.0",
        "exposure_speed_down": "1.0",
        "tint": "0.0",
        "calibration_constant": "16.0",
        "focal_distance": "1000.0",
        "min_fstop": "1.2",
        "blade_count": "5",
        "blur_amount": "0.0",
        "blur_radius": "0.0",
        "slope": "0.88",
        "toe": "0.55",
        "white_clip": "0.04",
        "shoulder": "0.26",
        "black_clip": "0.0",
        "temp": "6500.0",
        "chromatic_aberration_intensity": "0.0"
      },
      "transform_carla": {
        "location": {
          "x": 97.26985931396484,
          "y": -47.92224884033203,
          "z": 1.7022249698638916
        },
        "rotation": {
          "roll": -0.26154085993766785,
          "pitch": 0.4721504747867584,
          "yaw": 106.52420806884766
        }
      },
      "matrix_world_from_sensor_carla": [
        [
          -0.2844107151031494,
          -0.9586789608001709,
          0.006719945929944515,
          97.26985931396484
        ],
        [
          0.9586670994758606,
          -0.28445345163345337,
          -0.006601767148822546,
          -47.92224884033203
        ],
        [
          0.008240487426519394,
          0.004564578179270029,
          0.9999555945396423,
          1.7022249698638916
        ],
        [
          0.0,
          0.0,
          0.0,
          1.0
        ]
      ],
      "matrix_world_from_sensor_bevfusion": [
        [
          -0.9586789608001709,
          -0.006719945929944515,
          -0.2844107151031494,
          97.26985931396484
        ],
        [
          0.28445345163345337,
          -0.006601767148822546,
          -0.9586670994758606,
          47.92224884033203
        ],
        [
          0.004564578179270029,
          -0.9999555945396423,
          0.008240487426519394,
          1.7022249698638916
        ],
        [
          0.0,
          0.0,
          0.0,
          1.0
        ]
      ],
      "matrix_ego_from_sensor_carla": [
        [
          -0.5735763907432556,
          0.8191519975662231,
          -6.41816910729176e-08,
          -1.3000011444091797
        ],
        [
          -0.8191519975662231,
          -0.5735763907432556,
          -4.9653333888954876e-08,
          -0.5499954223632812
        ],
        [
          -7.814396241201393e-08,
          2.3153528871944218e-08,
          0.9999999403953552,
          1.6999998092651367
        ],
        [
          0.0,
          0.0,
          0.0,
          1.0
        ]
      ],
      "matrix_ego_from_sensor_bevfusion": [
        [
          0.8191519975662231,
          6.41816910729176e-08,
          -0.5735763907432556,
          -1.3000011444091797
        ],
        [
          0.5735763907432556,
          -4.9653333888954876e-08,
          0.8191519975662231,
          0.5499954223632812
        ],
        [
          2.3153528871944218e-08,
          -0.9999999403953552,
          -7.814396241201393e-08,
          1.6999998092651367
        ],
        [
          0.0,
          0.0,
          0.0,
          1.0
        ]
      ],
      "camera_intrinsics": [
        [
          685.5110473632812,
          0.0,
          480.0
        ],
        [
          0.0,
          685.5110473632812,
          270.0
        ],
        [
          0.0,
          0.0,
          1.0
        ]
      ],
      "data_path": "D:\\Agent-AI\\outputs\\s3a_ml_long_v2\\sample_000041\\images\\CAM_BACK_LEFT.png",
      "raw_layout": "bgra8"
    },
    "CAM_BACK_RIGHT": {
      "type_id": "sensor.camera.rgb",
      "blueprint_attributes": {
        "role_name": "front",
        "ros_name": "sensor.camera.rgb",
        "chromatic_aberration_offset": "0.0",
        "sensor_tick": "0.100000",
        "fstop": "1.4",
        "image_size_x": "960",
        "image_size_y": "540",
        "fov": "70.00",
        "lens_circle_falloff": "5.0",
        "lens_circle_multiplier": "0.0",
        "exposure_compensation": "0.0",
        "lens_y_size": "0.08",
        "lens_k": "-1.0",
        "exposure_mode": "histogram",
        "lens_kcube": "0.0",
        "lens_x_size": "0.08",
        "exposure_max_bright": "12.0",
        "shutter_speed": "200.0",
        "bloom_intensity": "0.675",
        "iso": "100.0",
        "enable_postprocess_effects": "false",
        "gamma": "2.2",
        "motion_blur_intensity": "0.0",
        "motion_blur_max_distortion": "0.35",
        "lens_flare_intensity": "0.1",
        "motion_blur_min_object_screen_size": "0.1",
        "exposure_min_bright": "10.0",
        "exposure_speed_up": "3.0",
        "exposure_speed_down": "1.0",
        "tint": "0.0",
        "calibration_constant": "16.0",
        "focal_distance": "1000.0",
        "min_fstop": "1.2",
        "blade_count": "5",
        "blur_amount": "0.0",
        "blur_radius": "0.0",
        "slope": "0.88",
        "toe": "0.55",
        "white_clip": "0.04",
        "shoulder": "0.26",
        "black_clip": "0.0",
        "temp": "6500.0",
        "chromatic_aberration_intensity": "0.0"
      },
      "transform_carla": {
        "location": {
          "x": 98.1310043334961,
          "y": -48.60660171508789,
          "z": 1.6919198036193848
        },
        "rotation": {
          "roll": -0.35423681139945984,
          "pitch": -0.40724316239356995,
          "yaw": -3.47349214553833
        }
      },
      "matrix_world_from_sensor_carla": [
        [
          0.9981377124786377,
          0.06062944978475571,
          0.006719899829477072,
          98.1310043334961
        ],
        [
          -0.06058521568775177,
          0.9981411695480347,
          -0.00660182349383831,
          -48.60660171508789
        ],
        [
          -0.007107674144208431,
          0.0061824023723602295,
          0.9999555945396423,
          1.6919198036193848
        ],
        [
          0.0,
          0.0,
          0.0,
          1.0
        ]
      ],
      "matrix_world_from_sensor_bevfusion": [
        [
          0.06062944978475571,
          -0.006719899829477072,
          0.9981377124786377,
          98.1310043334961
        ],
        [
          -0.9981411695480347,
          -0.00660182349383831,
          0.06058521568775177,
          48.60660171508789
        ],
        [
          0.0061824023723602295,
          -0.9999555945396423,
          -0.007107674144208431,
          1.6919198036193848
        ],
        [
          0.0,
          0.0,
          0.0,
          1.0
        ]
      ],
      "matrix_ego_from_sensor_carla": [
        [
          -0.5735759139060974,
          -0.819152295589447,
          8.810716600748947e-09,
          -1.300008773803711
        ],
        [
          0.8191523551940918,
          -0.5735759735107422,
          -5.0584656463570354e-08,
          0.5500030517578125
        ],
        [
          4.693297839253319e-08,
          -2.2144005740187822e-08,
          0.9999999403953552,
          1.6999998092651367
        ],
        [
          0.0,
          0.0,
          0.0,
          1.0
        ]
      ],
      "matrix_ego_from_sensor_bevfusion": [
        [
          -0.819152295589447,
          -8.810716600748947e-09,
          -0.5735759139060974,
          -1.300008773803711
        ],
        [
          0.5735759735107422,
          -5.0584656463570354e-08,
          -0.8191523551940918,
          -0.5500030517578125
        ],
        [
          -2.2144005740187822e-08,
          -0.9999999403953552,
          4.693297839253319e-08,
          1.6999998092651367
        ],
        [
          0.0,
          0.0,
          0.0,
          1.0
        ]
      ],
      "camera_intrinsics": [
        [
          685.5110473632812,
          0.0,
          480.0
        ],
        [
          0.0,
          685.5110473632812,
          270.0
        ],
        [
          0.0,
          0.0,
          1.0
        ]
      ],
      "data_path": "D:\\Agent-AI\\outputs\\s3a_ml_long_v2\\sample_000041\\images\\CAM_BACK_RIGHT.png",
      "raw_layout": "bgra8"
    },
    "LIDAR_TOP": {
      "type_id": "sensor.lidar.ray_cast",
      "blueprint_attributes": {
        "atmosphere_attenuation_rate": "0.004",
        "role_name": "front",
        "noise_seed": "0",
        "upper_fov": "10.0",
        "ros_name": "sensor.lidar.ray_cast",
        "sensor_tick": "0.100000",
        "channels": "32",
        "range": "120.0",
        "points_per_second": "360000",
        "lower_fov": "-30.0",
        "rotation_frequency": "10.000000",
        "horizontal_fov": "360.0",
        "dropoff_general_rate": "0.0",
        "dropoff_intensity_limit": "1.0",
        "noise_stddev": "0.0",
        "dropoff_zero_intensity": "0.0"
      },
      "transform_carla": {
        "location": {
          "x": 96.89496612548828,
          "y": -49.28547286987305,
          "z": 2.1957664489746094
        },
        "rotation": {
          "roll": 0.5367777347564697,
          "pitch": -0.0565812848508358,
          "yaw": -128.47499084472656
        }
      },
      "matrix_world_from_sensor_carla": [
        [
          -0.6221725940704346,
          0.7828513383865356,
          0.006719945929944515,
          96.89496612548828
        ],
        [
          -0.7828795313835144,
          -0.6221383213996887,
          -0.006601848639547825,
          -49.28547286987305
        ],
        [
          -0.00098752963822335,
          -0.009368397295475006,
          0.9999556541442871,
          2.1957664489746094
        ],
        [
          0.0,
          0.0,
          0.0,
          1.0
        ]
      ],
      "matrix_world_from_sensor_bevfusion": [
        [
          -0.6221725940704346,
          -0.7828513383865356,
          0.006719945929944515,
          96.89496612548828
        ],
        [
          0.7828795313835144,
          -0.6221383213996887,
          0.006601848639547825,
          49.28547286987305
        ],
        [
          -0.00098752963822335,
          0.009368397295475006,
          0.9999556541442871,
          2.1957664489746094
        ],
        [
          0.0,
          0.0,
          0.0,
          1.0
        ]
      ],
      "matrix_ego_from_sensor_carla": [
        [
          0.9999999403953552,
          -2.1497200464182242e-08,
          -4.449547952312116e-10,
          0.0
        ],
        [
          -1.4221977373551908e-08,
          1.0,
          7.968514736944599e-11,
          7.62939453125e-06
        ],
        [
          -3.8611408514910295e-10,
          -2.931961340379985e-10,
          1.0,
          2.1999998092651367
        ],
        [
          0.0,
          0.0,
          0.0,
          1.0
        ]
      ],
      "matrix_ego_from_sensor_bevfusion": [
        [
          0.9999999403953552,
          2.1497200464182242e-08,
          -4.449547952312116e-10,
          0.0
        ],
        [
          1.4221977373551908e-08,
          1.0,
          -7.968514736944599e-11,
          -7.62939453125e-06
        ],
        [
          -3.8611408514910295e-10,
          2.931961340379985e-10,
          1.0,
          2.1999998092651367
        ],
        [
          0.0,
          0.0,
          0.0,
          1.0
        ]
      ],
      "data_path": "D:\\Agent-AI\\outputs\\s3a_ml_long_v2\\sample_000041\\lidar\\LIDAR_TOP.npy",
      "raw_layout": [
        "x",
        "y",
        "z",
        "intensity"
      ]
    },
    "RADAR_FRONT": {
      "type_id": "sensor.other.radar",
      "blueprint_attributes": {
        "sensor_tick": "0.100000",
        "role_name": "default",
        "noise_seed": "0",
        "ros_name": "sensor.other.radar",
        "horizontal_fov": "35.0",
        "points_per_second": "1500",
        "vertical_fov": "20.0",
        "range": "120.0"
      },
      "transform_carla": {
        "location": {
          "x": 95.64188385009766,
          "y": -50.84264373779297,
          "z": 0.8938491344451904
        },
        "rotation": {
          "roll": 0.5367777347564697,
          "pitch": -0.0565812848508358,
          "yaw": -128.47499084472656
        }
      },
      "matrix_world_from_sensor_carla": [
        [
          -0.6221725940704346,
          0.7828513383865356,
          0.006719945929944515,
          95.64188385009766
        ],
        [
          -0.7828795313835144,
          -0.6221383213996887,
          -0.006601848639547825,
          -50.84264373779297
        ],
        [
          -0.00098752963822335,
          -0.009368397295475006,
          0.9999556541442871,
          0.8938491344451904
        ],
        [
          0.0,
          0.0,
          0.0,
          1.0
        ]
      ],
      "matrix_world_from_sensor_bevfusion": [
        [
          -0.6221725940704346,
          -0.7828513383865356,
          0.006719945929944515,
          95.64188385009766
        ],
        [
          0.7828795313835144,
          -0.6221383213996887,
          0.006601848639547825,
          50.84264373779297
        ],
        [
          -0.00098752963822335,
          0.009368397295475006,
          0.9999556541442871,
          0.8938491344451904
        ],
        [
          0.0,
          0.0,
          0.0,
          1.0
        ]
      ],
      "matrix_ego_from_sensor_carla": [
        [
          0.9999999403953552,
          -2.1497200464182242e-08,
          -4.449547952312116e-10,
          1.9999942779541016
        ],
        [
          -1.4221977373551908e-08,
          1.0,
          7.968514736944599e-11,
          -7.62939453125e-06
        ],
        [
          -3.8611408514910295e-10,
          -2.931961340379985e-10,
          1.0,
          0.8999999761581421
        ],
        [
          0.0,
          0.0,
          0.0,
          1.0
        ]
      ],
      "matrix_ego_from_sensor_bevfusion": [
        [
          0.9999999403953552,
          2.1497200464182242e-08,
          -4.449547952312116e-10,
          1.9999942779541016
        ],
        [
          1.4221977373551908e-08,
          1.0,
          -7.968514736944599e-11,
          7.62939453125e-06
        ],
        [
          -3.8611408514910295e-10,
          2.931961340379985e-10,
          1.0,
          0.8999999761581421
        ],
        [
          0.0,
          0.0,
          0.0,
          1.0
        ]
      ],
      "data_path": "D:\\Agent-AI\\outputs\\s3a_ml_long_v2\\sample_000041\\radar\\RADAR_FRONT.npy",
      "raw_layout": [
        "velocity",
        "altitude",
        "azimuth",
        "depth"
      ]
    },
    "RADAR_FRONT_LEFT": {
      "type_id": "sensor.other.radar",
      "blueprint_attributes": {
        "sensor_tick": "0.100000",
        "role_name": "default",
        "noise_seed": "0",
        "ros_name": "sensor.other.radar",
        "horizontal_fov": "35.0",
        "points_per_second": "1500",
        "vertical_fov": "20.0",
        "range": "120.0"
      },
      "transform_carla": {
        "location": {
          "x": 95.27250671386719,
          "y": -50.10203552246094,
          "z": 0.9012211561203003
        },
        "rotation": {
          "roll": 0.41957229375839233,
          "pitch": 0.33954235911369324,
          "yaw": -173.47349548339844
        }
      },
      "matrix_world_from_sensor_carla": [
        [
          -0.9935019016265869,
          0.11361658573150635,
          0.006719870492815971,
          95.27250671386719
        ],
        [
          -0.11366075277328491,
          -0.9934976696968079,
          -0.006601836532354355,
          -50.10203552246094
        ],
        [
          0.005926097743213177,
          -0.0073227230459451675,
          0.9999555945396423,
          0.9012211561203003
        ],
        [
          0.0,
          0.0,
          0.0,
          1.0
        ]
      ],
      "matrix_world_from_sensor_bevfusion": [
        [
          -0.9935019016265869,
          -0.11361658573150635,
          0.006719870492815971,
          95.27250671386719
        ],
        [
          0.11366075277328491,
          -0.9934976696968079,
          0.006601836532354355,
          50.10203552246094
        ],
        [
          0.005926097743213177,
          0.0073227230459451675,
          0.9999555945396423,
          0.9012211561203003
        ],
        [
          0.0,
          0.0,
          0.0,
          1.0
        ]
      ],
      "matrix_ego_from_sensor_carla": [
        [
          0.7071064114570618,
          0.7071070075035095,
          3.709963891651569e-08,
          1.6499977111816406
        ],
        [
          -0.7071070671081543,
          0.7071064710617065,
          -6.548582121013169e-08,
          -0.75
        ],
        [
          -7.316129568835095e-08,
          2.016074418520475e-08,
          0.9999999403953552,
          0.8999999761581421
        ],
        [
          0.0,
          0.0,
          0.0,
          1.0
        ]
      ],
      "matrix_ego_from_sensor_bevfusion": [
        [
          0.7071064114570618,
          -0.7071070075035095,
          3.709963891651569e-08,
          1.6499977111816406
        ],
        [
          0.7071070671081543,
          0.7071064710617065,
          6.548582121013169e-08,
          0.75
        ],
        [
          -7.316129568835095e-08,
          -2.016074418520475e-08,
          0.9999999403953552,
          0.8999999761581421
        ],
        [
          0.0,
          0.0,
          0.0,
          1.0
        ]
      ],
      "data_path": "D:\\Agent-AI\\outputs\\s3a_ml_long_v2\\sample_000041\\radar\\RADAR_FRONT_LEFT.npy",
      "raw_layout": [
        "velocity",
        "altitude",
        "azimuth",
        "depth"
      ]
    },
    "RADAR_FRONT_RIGHT": {
      "type_id": "sensor.other.radar",
      "blueprint_attributes": {
