{
  "schema_version": "stage1.v1",
  "sample_name": "sample_000006",
  "sequence_index": 6,
  "previous_sample_name": "sample_000005",
  "frame_id": 3926,
  "timestamp": 39.73108655586839,
  "platform_timestamp": 16816483.24879,
  "delta_seconds": 0.10000000149011612,
  "town": "Carla/Maps/Town10HD_Opt",
  "weather": {
    "cloudiness": 20.0,
    "dust_storm": 0.0,
    "fog_density": 2.0,
    "fog_distance": 0.75,
    "fog_falloff": 0.10000000149011612,
    "mie_scattering_scale": 0.029999999329447746,
    "precipitation": 0.0,
    "precipitation_deposits": 0.0,
    "rayleigh_scattering_scale": 0.03310000151395798,
    "scattering_intensity": 1.0,
    "sun_altitude_angle": 45.0,
    "sun_azimuth_angle": 300.0,
    "wetness": 0.0,
    "wind_intensity": 10.0
  },
  "sensor_names": [
    "CAM_FRONT",
    "CAM_FRONT_RIGHT",
    "CAM_FRONT_LEFT",
    "CAM_BACK",
    "CAM_BACK_LEFT",
    "CAM_BACK_RIGHT",
    "LIDAR_TOP",
    "RADAR_FRONT",
    "RADAR_FRONT_LEFT",
    "RADAR_FRONT_RIGHT",
    "RADAR_BACK_LEFT",
    "RADAR_BACK_RIGHT"
  ],
  "camera_order_for_model": [
    "CAM_FRONT",
    "CAM_FRONT_RIGHT",
    "CAM_FRONT_LEFT",
    "CAM_BACK",
    "CAM_BACK_LEFT",
    "CAM_BACK_RIGHT"
  ],
  "radar_order_for_model": [
    "RADAR_FRONT",
    "RADAR_FRONT_LEFT",
    "RADAR_FRONT_RIGHT",
    "RADAR_BACK_LEFT",
    "RADAR_BACK_RIGHT"
  ],
  "coordinate_notes": {
    "carla_world": "left-handed x-forward y-right z-up",
    "bevfusion_lidar": "x-forward y-left z-up",
    "camera_frame_for_model": "OpenCV style x-right y-down z-forward"
  },
  "ego": {
    "actor_id": 24,
    "transform_carla": {
      "location": {
        "x": 109.86868286132812,
        "y": -22.60793113708496,
        "z": -0.006182289216667414
      },
      "rotation": {
        "roll": 0.026649165898561478,
        "pitch": 0.5339363217353821,
        "yaw": -91.30496978759766
      }
    },
    "velocity_carla": [
      -0.1472657173871994,
      -5.361241817474365,
      0.0006295203929767013
    ],
    "angular_velocity_carla": [
      1.431465744972229,
      -0.08609483391046524,
      -1.1102827787399292
    ],
    "matrix_world_from_ego_carla": [
      [
        -0.02277309261262417,
        0.9997404217720032,
        0.0006772223860025406,
        109.86868286132812
      ],
      [
        -0.9996972680091858,
        -0.022778412327170372,
        0.00930580124258995,
        -22.60793113708496
      ],
      [
        0.009318811818957329,
        -0.0004650954797398299,
        0.999956488609314,
        -0.006182289216667414
      ],
      [
        0.0,
        0.0,
        0.0,
        1.0
      ]
    ],
    "matrix_world_from_ego_bevfusion": [
      [
        -0.02277309261262417,
        -0.9997404217720032,
        0.0006772223860025406,
        109.86868286132812
      ],
      [
        0.9996972680091858,
        -0.022778412327170372,
        -0.00930580124258995,
        22.60793113708496
      ],
      [
        0.009318811818957329,
        0.0004650954797398299,
        0.999956488609314,
        -0.006182289216667414
      ],
      [
        0.0,
        0.0,
        0.0,
        1.0
      ]
    ]
  },
  "sensors": {
    "CAM_FRONT": {
      "type_id": "sensor.camera.rgb",
      "blueprint_attributes": {
        "role_name": "front",
        "ros_name": "sensor.camera.rgb",
        "chromatic_aberration_offset": "0.0",
        "sensor_tick": "0.100000",
        "fstop": "1.4",
        "image_size_x": "960",
        "image_size_y": "540",
        "fov": "70.00",
        "lens_circle_falloff": "5.0",
        "lens_circle_multiplier": "0.0",
        "exposure_compensation": "0.0",
        "lens_y_size": "0.08",
        "lens_k": "-1.0",
        "exposure_mode": "histogram",
        "lens_kcube": "0.0",
        "lens_x_size": "0.08",
        "exposure_max_bright": "12.0",
        "shutter_speed": "200.0",
        "bloom_intensity": "0.675",
        "iso": "100.0",
        "enable_postprocess_effects": "false",
        "gamma": "2.2",
        "motion_blur_intensity": "0.0",
        "motion_blur_max_distortion": "0.35",
        "lens_flare_intensity": "0.1",
        "motion_blur_min_object_screen_size": "0.1",
        "exposure_min_bright": "10.0",
        "exposure_speed_up": "3.0",
        "exposure_speed_down": "1.0",
        "tint": "0.0",
        "calibration_constant": "16.0",
        "focal_distance": "1000.0",
        "min_fstop": "1.2",
        "blade_count": "5",
        "blur_amount": "0.0",
        "blur_radius": "0.0",
        "slope": "0.88",
        "toe": "0.55",
        "white_clip": "0.04",
        "shoulder": "0.26",
        "black_clip": "0.0",
        "temp": "6500.0",
        "chromatic_aberration_intensity": "0.0"
      },
      "transform_carla": {
        "location": {
          "x": 109.83452606201172,
          "y": -24.14164161682129,
          "z": 1.7081878185272217
        },
        "rotation": {
          "roll": 0.026649165898561478,
          "pitch": 0.5339363217353821,
          "yaw": -91.30496978759766
        }
      },
      "matrix_world_from_sensor_carla": [
        [
          -0.02277309261262417,
          0.9997404217720032,
          0.0006772223860025406,
          109.83452606201172
        ],
        [
          -0.9996972680091858,
          -0.022778412327170372,
          0.00930580124258995,
          -24.14164161682129
        ],
        [
          0.009318811818957329,
          -0.0004650954797398299,
          0.999956488609314,
          1.7081878185272217
        ],
        [
          0.0,
          0.0,
          0.0,
          1.0
        ]
      ],
      "matrix_world_from_sensor_bevfusion": [
        [
          0.9997404217720032,
          -0.0006772223860025406,
          -0.02277309261262417,
          109.83452606201172
        ],
        [
          0.022778412327170372,
          0.00930580124258995,
          0.9996972680091858,
          24.14164161682129
        ],
        [
          -0.0004650954797398299,
          -0.999956488609314,
          0.009318811818957329,
          1.7081878185272217
        ],
        [
          0.0,
          0.0,
          0.0,
          1.0
        ]
      ],
      "matrix_ego_from_sensor_carla": [
        [
          1.0,
          5.017405935170416e-10,
          -3.491013034206958e-10,
          1.5500011444091797
        ],
        [
          1.8587282824000795e-09,
          1.0,
          -1.931487261797038e-11,
          -7.62939453125e-06
        ],
        [
          2.6736279856720557e-11,
          3.7510806960572296e-11,
          1.0,
          1.6999999284744263
        ],
        [
          0.0,
          0.0,
          0.0,
          1.0
        ]
      ],
      "matrix_ego_from_sensor_bevfusion": [
        [
          5.017405935170416e-10,
          3.491013034206958e-10,
          1.0,
          1.5500011444091797
        ],
        [
          -1.0,
          -1.931487261797038e-11,
          -1.8587282824000795e-09,
          7.62939453125e-06
        ],
        [
          3.7510806960572296e-11,
          -1.0,
          2.6736279856720557e-11,
          1.6999999284744263
        ],
        [
          0.0,
          0.0,
          0.0,
          1.0
        ]
      ],
      "camera_intrinsics": [
        [
          685.5110473632812,
          0.0,
          480.0
        ],
        [
          0.0,
          685.5110473632812,
          270.0
        ],
        [
          0.0,
          0.0,
          1.0
        ]
      ],
      "data_path": "D:\\Agent-AI\\outputs\\s3a_left_v3\\sample_000006\\images\\CAM_FRONT.png",
      "raw_layout": "bgra8"
    },
    "CAM_FRONT_RIGHT": {
      "type_id": "sensor.camera.rgb",
      "blueprint_attributes": {
        "role_name": "front",
        "ros_name": "sensor.camera.rgb",
        "chromatic_aberration_offset": "0.0",
        "sensor_tick": "0.100000",
        "fstop": "1.4",
        "image_size_x": "960",
        "image_size_y": "540",
        "fov": "70.00",
        "lens_circle_falloff": "5.0",
        "lens_circle_multiplier": "0.0",
        "exposure_compensation": "0.0",
        "lens_y_size": "0.08",
        "lens_k": "-1.0",
        "exposure_mode": "histogram",
        "lens_kcube": "0.0",
        "lens_x_size": "0.08",
        "exposure_max_bright": "12.0",
        "shutter_speed": "200.0",
        "bloom_intensity": "0.675",
        "iso": "100.0",
        "enable_postprocess_effects": "false",
        "gamma": "2.2",
        "motion_blur_intensity": "0.0",
        "motion_blur_max_distortion": "0.35",
        "lens_flare_intensity": "0.1",
        "motion_blur_min_object_screen_size": "0.1",
        "exposure_min_bright": "10.0",
        "exposure_speed_up": "3.0",
        "exposure_speed_down": "1.0",
        "tint": "0.0",
        "calibration_constant": "16.0",
        "focal_distance": "1000.0",
        "min_fstop": "1.2",
        "blade_count": "5",
        "blur_amount": "0.0",
        "blur_radius": "0.0",
        "slope": "0.88",
        "toe": "0.55",
        "white_clip": "0.04",
        "shoulder": "0.26",
        "black_clip": "0.0",
        "temp": "6500.0",
        "chromatic_aberration_intensity": "0.0"
      },
      "transform_carla": {
        "location": {
          "x": 110.39008331298828,
          "y": -23.904247283935547,
          "z": 1.7056024074554443
        },
        "rotation": {
          "roll": 0.4526636600494385,
          "pitch": 0.2844159007072449,
          "yaw": -36.30398178100586
        }
      },
      "matrix_world_from_sensor_carla": [
        [
          0.8058772087097168,
          0.5920823216438293,
          0.0006772992201149464,
          110.39008331298828
        ],
        [
          -0.5920618772506714,
          0.8058387637138367,
          0.009305746294558048,
          -23.904247283935547
        ],
        [
          0.0049639735370874405,
          -0.007900291122496128,
          0.9999564290046692,
          1.7056024074554443
        ],
        [
          0.0,
          0.0,
          0.0,
          1.0
        ]
      ],
      "matrix_world_from_sensor_bevfusion": [
        [
          0.5920823216438293,
          -0.0006772992201149464,
          0.8058772087097168,
          110.39008331298828
        ],
        [
          -0.8058387637138367,
          0.009305746294558048,
          0.5920618772506714,
          23.904247283935547
        ],
        [
          -0.007900291122496128,
          -0.9999564290046692,
          0.0049639735370874405,
          1.7056024074554443
        ],
        [
          0.0,
          0.0,
          0.0,
          1.0
        ]
      ],
      "matrix_ego_from_sensor_carla": [
        [
          0.5735765695571899,
          -0.8191519379615784,
          5.2180840981463916e-08,
          1.3000011444091797
        ],
        [
          0.8191518783569336,
          0.5735765695571899,
          7.809398283598057e-08,
          0.5499954223632812
        ],
        [
          -9.428200797856334e-08,
          -1.2971275165085672e-09,
          0.9999999403953552,
          1.6999999284744263
        ],
        [
          0.0,
          0.0,
          0.0,
          1.0
        ]
      ],
      "matrix_ego_from_sensor_bevfusion": [
        [
          -0.8191519379615784,
          -5.2180840981463916e-08,
          0.5735765695571899,
          1.3000011444091797
        ],
        [
          -0.5735765695571899,
          7.809398283598057e-08,
          -0.8191518783569336,
          -0.5499954223632812
        ],
        [
          -1.2971275165085672e-09,
          -0.9999999403953552,
          -9.428200797856334e-08,
          1.6999999284744263
        ],
        [
          0.0,
          0.0,
          0.0,
          1.0
        ]
      ],
      "camera_intrinsics": [
        [
          685.5110473632812,
          0.0,
          480.0
        ],
        [
          0.0,
          685.5110473632812,
          270.0
        ],
        [
          0.0,
          0.0,
          1.0
        ]
      ],
      "data_path": "D:\\Agent-AI\\outputs\\s3a_left_v3\\sample_000006\\images\\CAM_FRONT_RIGHT.png",
      "raw_layout": "bgra8"
    },
    "CAM_FRONT_LEFT": {
      "type_id": "sensor.camera.rgb",
      "blueprint_attributes": {
        "role_name": "front",
        "ros_name": "sensor.camera.rgb",
        "chromatic_aberration_offset": "0.0",
        "sensor_tick": "0.100000",
        "fstop": "1.4",
        "image_size_x": "960",
        "image_size_y": "540",
        "fov": "70.00",
        "lens_circle_falloff": "5.0",
        "lens_circle_multiplier": "0.0",
        "exposure_compensation": "0.0",
        "lens_y_size": "0.08",
        "lens_k": "-1.0",
        "exposure_mode": "histogram",
        "lens_kcube": "0.0",
        "lens_x_size": "0.08",
        "exposure_max_bright": "12.0",
        "shutter_speed": "200.0",
        "bloom_intensity": "0.675",
        "iso": "100.0",
        "enable_postprocess_effects": "false",
        "gamma": "2.2",
        "motion_blur_intensity": "0.0",
        "motion_blur_max_distortion": "0.35",
        "lens_flare_intensity": "0.1",
        "motion_blur_min_object_screen_size": "0.1",
        "exposure_min_bright": "10.0",
        "exposure_speed_up": "3.0",
        "exposure_speed_down": "1.0",
        "tint": "0.0",
        "calibration_constant": "16.0",
        "focal_distance": "1000.0",
        "min_fstop": "1.2",
        "blade_count": "5",
        "blur_amount": "0.0",
        "blur_radius": "0.0",
        "slope": "0.88",
        "toe": "0.55",
        "white_clip": "0.04",
        "shoulder": "0.26",
        "black_clip": "0.0",
        "temp": "6500.0",
        "chromatic_aberration_intensity": "0.0"
      },
      "transform_carla": {
        "location": {
          "x": 109.29036712646484,
          "y": -23.87919044494629,
          "z": 1.7061138153076172
        },
        "rotation": {
          "roll": -0.42209479212760925,
          "pitch": 0.32808127999305725,
          "yaw": -146.3062744140625
        }
      },
      "matrix_world_from_sensor_carla": [
        [
          -0.8320012092590332,
          0.5547734498977661,
          0.000677244272083044,
          109.29036712646484
        ],
        [
          -0.5547442436218262,
          -0.8319688439369202,
          0.009305819869041443,
          -23.87919044494629
        ],
        [
          0.00572606734931469,
          0.007366756442934275,
          0.999956488609314,
          1.7061138153076172
        ],
        [
          0.0,
          0.0,
          0.0,
          1.0
        ]
      ],
      "matrix_world_from_sensor_bevfusion": [
        [
          0.5547734498977661,
          -0.000677244272083044,
          -0.8320012092590332,
          109.29036712646484
        ],
        [
          0.8319688439369202,
          0.009305819869041443,
          0.5547442436218262,
          23.87919044494629
        ],
        [
          0.007366756442934275,
          -0.999956488609314,
          0.00572606734931469,
          1.7061138153076172
        ],
        [
          0.0,
          0.0,
          0.0,
          1.0
        ]
      ],
      "matrix_ego_from_sensor_carla": [
        [
          0.5735768675804138,
          0.8191516995429993,
          -1.9906876147501862e-08,
          1.3000011444091797
        ],
        [
          -0.819151759147644,
          0.5735769867897034,
          2.143020871869794e-08,
          -0.5500030517578125
        ],
        [
          2.897499662424252e-08,
          4.520329444090976e-09,
          1.0,
          1.6999998092651367
        ],
        [
          0.0,
          0.0,
          0.0,
          1.0
        ]
      ],
      "matrix_ego_from_sensor_bevfusion": [
        [
          0.8191516995429993,
          1.9906876147501862e-08,
          0.5735768675804138,
          1.3000011444091797
        ],
        [
          -0.5735769867897034,
          2.143020871869794e-08,
          0.819151759147644,
          0.5500030517578125
        ],
        [
          4.520329444090976e-09,
          -1.0,
          2.897499662424252e-08,
          1.6999998092651367
        ],
        [
          0.0,
          0.0,
          0.0,
          1.0
        ]
      ],
      "camera_intrinsics": [
        [
          685.5110473632812,
          0.0,
          480.0
        ],
        [
          0.0,
          685.5110473632812,
          270.0
        ],
        [
          0.0,
          0.0,
          1.0
        ]
      ],
      "data_path": "D:\\Agent-AI\\outputs\\s3a_left_v3\\sample_000006\\images\\CAM_FRONT_LEFT.png",
      "raw_layout": "bgra8"
    },
    "CAM_BACK": {
      "type_id": "sensor.camera.rgb",
      "blueprint_attributes": {
        "role_name": "front",
        "ros_name": "sensor.camera.rgb",
        "chromatic_aberration_offset": "0.0",
        "sensor_tick": "0.100000",
        "fstop": "1.4",
        "image_size_x": "960",
        "image_size_y": "540",
        "fov": "70.00",
        "lens_circle_falloff": "5.0",
        "lens_circle_multiplier": "0.0",
        "exposure_compensation": "0.0",
        "lens_y_size": "0.08",
        "lens_k": "-1.0",
        "exposure_mode": "histogram",
        "lens_kcube": "0.0",
        "lens_x_size": "0.08",
        "exposure_max_bright": "12.0",
        "shutter_speed": "200.0",
        "bloom_intensity": "0.675",
        "iso": "100.0",
        "enable_postprocess_effects": "false",
        "gamma": "2.2",
        "motion_blur_intensity": "0.0",
        "motion_blur_max_distortion": "0.35",
        "lens_flare_intensity": "0.1",
        "motion_blur_min_object_screen_size": "0.1",
        "exposure_min_bright": "10.0",
        "exposure_speed_up": "3.0",
        "exposure_speed_down": "1.0",
        "tint": "0.0",
        "calibration_constant": "16.0",
        "focal_distance": "1000.0",
        "min_fstop": "1.2",
        "blade_count": "5",
        "blur_amount": "0.0",
        "blur_radius": "0.0",
        "slope": "0.88",
        "toe": "0.55",
        "white_clip": "0.04",
        "shoulder": "0.26",
        "black_clip": "0.0",
        "temp": "6500.0",
        "chromatic_aberration_intensity": "0.0"
      },
      "transform_carla": {
        "location": {
          "x": 109.90512084960938,
          "y": -21.042579650878906,
          "z": 1.6792995929718018
        },
        "rotation": {
          "roll": -0.0266493521630764,
          "pitch": -0.5339363217353821,
          "yaw": 88.6950454711914
        }
      },
      "matrix_world_from_sensor_carla": [
        [
          0.022772766649723053,
          -0.9997404217720032,
          0.0006772226188331842,
          109.90512084960938
        ],
        [
          0.9996972680091858,
          0.022778086364269257,
          0.00930580124258995,
          -21.042579650878906
        ],
        [
          -0.009318811818957329,
          0.00046509873936884105,
          0.999956488609314,
          1.6792995929718018
        ],
        [
          0.0,
          0.0,
          0.0,
          1.0
        ]
      ],
      "matrix_world_from_sensor_bevfusion": [
        [
          -0.9997404217720032,
          -0.0006772226188331842,
          0.022772766649723053,
          109.90512084960938
        ],
        [
          -0.022778086364269257,
          0.00930580124258995,
          -0.9996972680091858,
          21.042579650878906
        ],
        [
          0.00046509873936884105,
          -0.999956488609314,
          -0.009318811818957329,
          1.6792995929718018
        ],
        [
          0.0,
          0.0,
          0.0,
          1.0
        ]
      ],
      "matrix_ego_from_sensor_carla": [
        [
          -1.0,
          3.2539284688937187e-07,
          -3.491013034206958e-10,
          -1.5499992370605469
        ],
        [
          -3.2782162406874704e-07,
          -1.0,
          2.135157745053462e-10,
          -7.62939453125e-06
        ],
        [
          -2.6736279856720557e-11,
          1.9517780447397826e-10,
          1.0,
          1.6999999284744263
        ],
        [
          0.0,
          0.0,
          0.0,
          1.0
        ]
      ],
      "matrix_ego_from_sensor_bevfusion": [
        [
          3.2539284688937187e-07,
          3.491013034206958e-10,
          -1.0,
          -1.5499992370605469
        ],
        [
          1.0,
          2.135157745053462e-10,
          3.2782162406874704e-07,
          7.62939453125e-06
        ],
        [
          1.9517780447397826e-10,
          -1.0,
          -2.6736279856720557e-11,
          1.6999999284744263
        ],
        [
          0.0,
          0.0,
          0.0,
          1.0
        ]
      ],
      "camera_intrinsics": [
        [
          685.5110473632812,
          0.0,
          480.0
        ],
        [
          0.0,
          685.5110473632812,
          270.0
        ],
        [
          0.0,
          0.0,
          1.0
        ]
      ],
      "data_path": "D:\\Agent-AI\\outputs\\s3a_left_v3\\sample_000006\\images\\CAM_BACK.png",
      "raw_layout": "bgra8"
    },
    "CAM_BACK_LEFT": {
      "type_id": "sensor.camera.rgb",
      "blueprint_attributes": {
        "role_name": "front",
        "ros_name": "sensor.camera.rgb",
        "chromatic_aberration_offset": "0.0",
        "sensor_tick": "0.100000",
        "fstop": "1.4",
        "image_size_x": "960",
        "image_size_y": "540",
        "fov": "70.00",
        "lens_circle_falloff": "5.0",
        "lens_circle_multiplier": "0.0",
        "exposure_compensation": "0.0",
        "lens_y_size": "0.08",
        "lens_k": "-1.0",
        "exposure_mode": "histogram",
        "lens_kcube": "0.0",
        "lens_x_size": "0.08",
        "exposure_max_bright": "12.0",
        "shutter_speed": "200.0",
        "bloom_intensity": "0.675",
        "iso": "100.0",
        "enable_postprocess_effects": "false",
        "gamma": "2.2",
        "motion_blur_intensity": "0.0",
        "motion_blur_max_distortion": "0.35",
        "lens_flare_intensity": "0.1",
        "motion_blur_min_object_screen_size": "0.1",
        "exposure_min_bright": "10.0",
        "exposure_speed_up": "3.0",
        "exposure_speed_down": "1.0",
        "tint": "0.0",
        "calibration_constant": "16.0",
        "focal_distance": "1000.0",
        "min_fstop": "1.2",
        "blade_count": "5",
        "blur_amount": "0.0",
        "blur_radius": "0.0",
        "slope": "0.88",
        "toe": "0.55",
        "white_clip": "0.04",
        "shoulder": "0.26",
        "black_clip": "0.0",
        "temp": "6500.0",
        "chromatic_aberration_intensity": "0.0"
      },
      "transform_carla": {
        "location": {
          "x": 109.34957885742188,
          "y": -21.279977798461914,
          "z": 1.681885004043579
        },
        "rotation": {
          "roll": -0.45266371965408325,
          "pitch": -0.2844159007072449,
          "yaw": 143.696044921875
        }
      },
      "matrix_world_from_sensor_carla": [
        [
          -0.8058775067329407,
          -0.5920819044113159,
          0.0006772950291633606,
          109.34957885742188
        ],
        [
          0.592061460018158,
          -0.8058390617370605,
          0.009305747225880623,
          -21.279977798461914
        ],
        [
          -0.0049639735370874405,
          0.007900292053818703,
          0.9999564290046692,
          1.681885004043579
        ],
        [
          0.0,
          0.0,
          0.0,
          1.0
        ]
      ],
      "matrix_world_from_sensor_bevfusion": [
        [
          -0.5920819044113159,
          -0.0006772950291633606,
          -0.8058775067329407,
          109.34957885742188
        ],
        [
          0.8058390617370605,
          0.009305747225880623,
          -0.592061460018158,
          21.279977798461914
        ],
        [
          0.007900292053818703,
          -0.9999564290046692,
          -0.0049639735370874405,
          1.681885004043579
        ],
        [
          0.0,
          0.0,
          0.0,
          1.0
        ]
      ],
      "matrix_ego_from_sensor_carla": [
        [
          -0.5735760927200317,
          0.8191522359848022,
          5.124951840684844e-08,
          -1.2999992370605469
        ],
        [
          -0.8191521763801575,
          -0.5735761523246765,
          7.387392741975418e-08,
          -0.5500030517578125
        ],
        [
          9.009105639279369e-08,
          -5.655581558627887e-10,
          0.9999999403953552,
          1.6999998092651367
        ],
        [
          0.0,
          0.0,
          0.0,
          1.0
        ]
      ],
      "matrix_ego_from_sensor_bevfusion": [
        [
          0.8191522359848022,
          -5.124951840684844e-08,
          -0.5735760927200317,
          -1.2999992370605469
        ],
        [
          0.5735761523246765,
          7.387392741975418e-08,
          0.8191521763801575,
          0.5500030517578125
        ],
        [
          -5.655581558627887e-10,
          -0.9999999403953552,
          9.009105639279369e-08,
          1.6999998092651367
        ],
        [
          0.0,
          0.0,
          0.0,
          1.0
        ]
      ],
      "camera_intrinsics": [
        [
          685.5110473632812,
          0.0,
          480.0
        ],
        [
          0.0,
          685.5110473632812,
          270.0
        ],
        [
          0.0,
          0.0,
          1.0
        ]
      ],
      "data_path": "D:\\Agent-AI\\outputs\\s3a_left_v3\\sample_000006\\images\\CAM_BACK_LEFT.png",
      "raw_layout": "bgra8"
    },
    "CAM_BACK_RIGHT": {
      "type_id": "sensor.camera.rgb",
      "blueprint_attributes": {
        "role_name": "front",
        "ros_name": "sensor.camera.rgb",
        "chromatic_aberration_offset": "0.0",
        "sensor_tick": "0.100000",
        "fstop": "1.4",
        "image_size_x": "960",
        "image_size_y": "540",
        "fov": "70.00",
        "lens_circle_falloff": "5.0",
        "lens_circle_multiplier": "0.0",
        "exposure_compensation": "0.0",
        "lens_y_size": "0.08",
        "lens_k": "-1.0",
        "exposure_mode": "histogram",
        "lens_kcube": "0.0",
        "lens_x_size": "0.08",
        "exposure_max_bright": "12.0",
        "shutter_speed": "200.0",
        "bloom_intensity": "0.675",
        "iso": "100.0",
        "enable_postprocess_effects": "false",
        "gamma": "2.2",
        "motion_blur_intensity": "0.0",
        "motion_blur_max_distortion": "0.35",
        "lens_flare_intensity": "0.1",
        "motion_blur_min_object_screen_size": "0.1",
        "exposure_min_bright": "10.0",
        "exposure_speed_up": "3.0",
        "exposure_speed_down": "1.0",
        "tint": "0.0",
        "calibration_constant": "16.0",
        "focal_distance": "1000.0",
        "min_fstop": "1.2",
        "blade_count": "5",
        "blur_amount": "0.0",
        "blur_radius": "0.0",
        "slope": "0.88",
        "toe": "0.55",
        "white_clip": "0.04",
        "shoulder": "0.26",
        "black_clip": "0.0",
        "temp": "6500.0",
        "chromatic_aberration_intensity": "0.0"
      },
      "transform_carla": {
        "location": {
          "x": 110.44929504394531,
          "y": -21.305034637451172,
          "z": 1.6813735961914062
        },
        "rotation": {
          "roll": 0.42209482192993164,
          "pitch": -0.32808127999305725,
          "yaw": 33.69371032714844
        }
      },
      "matrix_world_from_sensor_carla": [
        [
          0.8320013880729675,
          -0.5547731518745422,
          0.0006772470660507679,
          110.44929504394531
        ],
        [
          0.5547439455986023,
          0.8319690227508545,
          0.009305820800364017,
          -21.305034637451172
        ],
        [
          -0.00572606734931469,
          -0.007366757374256849,
          0.999956488609314,
          1.6813735961914062
        ],
        [
          0.0,
          0.0,
          0.0,
          1.0
        ]
      ],
      "matrix_world_from_sensor_bevfusion": [
        [
          -0.5547731518745422,
          -0.0006772470660507679,
          0.8320013880729675,
          110.44929504394531
        ],
        [
          -0.8319690227508545,
          0.009305820800364017,
          -0.5547439455986023,
          21.305034637451172
        ],
        [
          -0.007366757374256849,
          -0.999956488609314,
          -0.00572606734931469,
          1.6813735961914062
        ],
        [
          0.0,
          0.0,
          0.0,
          1.0
        ]
      ],
      "matrix_ego_from_sensor_carla": [
        [
          -0.5735765695571899,
          -0.8191518783569336,
          -2.083819872211734e-08,
          -1.299997329711914
        ],
        [
          0.8191519379615784,
          -0.5735766887664795,
          2.4224176442544376e-08,
          0.5500030517578125
        ],
        [
          -3.130330128442438e-08,
          -3.588966013268191e-09,
          1.0,
          1.7000000476837158
        ],
        [
          0.0,
          0.0,
          0.0,
          1.0
        ]
      ],
      "matrix_ego_from_sensor_bevfusion": [
        [
          -0.8191518783569336,
          2.083819872211734e-08,
          -0.5735765695571899,
          -1.299997329711914
        ],
        [
          0.5735766887664795,
          2.4224176442544376e-08,
          -0.8191519379615784,
          -0.5500030517578125
        ],
        [
          -3.588966013268191e-09,
          -1.0,
          -3.130330128442438e-08,
          1.7000000476837158
        ],
        [
          0.0,
          0.0,
          0.0,
          1.0
        ]
      ],
      "camera_intrinsics": [
        [
          685.5110473632812,
          0.0,
          480.0
        ],
        [
          0.0,
          685.5110473632812,
          270.0
        ],
        [
          0.0,
          0.0,
          1.0
        ]
      ],
      "data_path": "D:\\Agent-AI\\outputs\\s3a_left_v3\\sample_000006\\images\\CAM_BACK_RIGHT.png",
      "raw_layout": "bgra8"
    },
    "LIDAR_TOP": {
      "type_id": "sensor.lidar.ray_cast",
      "blueprint_attributes": {
        "atmosphere_attenuation_rate": "0.004",
        "role_name": "front",
        "noise_seed": "0",
        "upper_fov": "10.0",
        "ros_name": "sensor.lidar.ray_cast",
        "sensor_tick": "0.100000",
        "channels": "32",
        "range": "120.0",
        "points_per_second": "360000",
        "lower_fov": "-30.0",
        "rotation_frequency": "10.000000",
        "horizontal_fov": "360.0",
        "dropoff_general_rate": "0.0",
        "dropoff_intensity_limit": "1.0",
        "noise_stddev": "0.0",
        "dropoff_zero_intensity": "0.0"
      },
      "transform_carla": {
        "location": {
          "x": 109.87017059326172,
          "y": -22.58745765686035,
          "z": 2.1937217712402344
        },
        "rotation": {
          "roll": 0.026649165898561478,
          "pitch": 0.5339363217353821,
          "yaw": -91.30496978759766
        }
      },
      "matrix_world_from_sensor_carla": [
        [
          -0.02277309261262417,
          0.9997404217720032,
          0.0006772223860025406,
          109.87017059326172
        ],
        [
          -0.9996972680091858,
          -0.022778412327170372,
          0.00930580124258995,
          -22.58745765686035
        ],
        [
          0.009318811818957329,
          -0.0004650954797398299,
          0.999956488609314,
          2.1937217712402344
        ],
        [
          0.0,
          0.0,
          0.0,
          1.0
        ]
      ],
      "matrix_world_from_sensor_bevfusion": [
        [
          -0.02277309261262417,
          -0.9997404217720032,
          0.0006772223860025406,
          109.87017059326172
        ],
        [
          0.9996972680091858,
          -0.022778412327170372,
          -0.00930580124258995,
          22.58745765686035
        ],
        [
          0.009318811818957329,
          0.0004650954797398299,
          0.999956488609314,
          2.1937217712402344
        ],
        [
          0.0,
          0.0,
          0.0,
          1.0
        ]
      ],
      "matrix_ego_from_sensor_carla": [
        [
          1.0,
          5.017405935170416e-10,
          -3.491013034206958e-10,
          0.0
        ],
        [
          1.8587282824000795e-09,
          1.0,
          -1.931487261797038e-11,
          -7.62939453125e-06
        ],
        [
          2.6736279856720557e-11,
          3.7510806960572296e-11,
          1.0,
          2.1999998092651367
        ],
        [
          0.0,
          0.0,
          0.0,
          1.0
        ]
      ],
      "matrix_ego_from_sensor_bevfusion": [
        [
          1.0,
          -5.017405935170416e-10,
          -3.491013034206958e-10,
          0.0
        ],
        [
          -1.8587282824000795e-09,
          1.0,
          1.931487261797038e-11,
          7.62939453125e-06
        ],
        [
          2.6736279856720557e-11,
          -3.7510806960572296e-11,
          1.0,
          2.1999998092651367
        ],
        [
          0.0,
          0.0,
          0.0,
          1.0
        ]
      ],
      "data_path": "D:\\Agent-AI\\outputs\\s3a_left_v3\\sample_000006\\lidar\\LIDAR_TOP.npy",
      "raw_layout": [
        "x",
        "y",
        "z",
        "intensity"
      ]
    },
    "RADAR_FRONT": {
      "type_id": "sensor.other.radar",
      "blueprint_attributes": {
        "sensor_tick": "0.100000",
        "role_name": "default",
        "noise_seed": "0",
        "ros_name": "sensor.other.radar",
        "horizontal_fov": "35.0",
        "points_per_second": "1500",
        "vertical_fov": "20.0",
        "range": "120.0"
      },
      "transform_carla": {
        "location": {
          "x": 109.82373809814453,
          "y": -24.59895133972168,
          "z": 0.9124162197113037
        },
        "rotation": {
          "roll": 0.026649165898561478,
          "pitch": 0.5339363217353821,
          "yaw": -91.30496978759766
        }
      },
      "matrix_world_from_sensor_carla": [
        [
          -0.02277309261262417,
          0.9997404217720032,
          0.0006772223860025406,
          109.82373809814453
        ],
        [
          -0.9996972680091858,
          -0.022778412327170372,
          0.00930580124258995,
          -24.59895133972168
        ],
        [
          0.009318811818957329,
          -0.0004650954797398299,
          0.999956488609314,
          0.9124162197113037
        ],
        [
          0.0,
          0.0,
          0.0,
          1.0
        ]
      ],
      "matrix_world_from_sensor_bevfusion": [
        [
          -0.02277309261262417,
          -0.9997404217720032,
          0.0006772223860025406,
          109.82373809814453
        ],
        [
          0.9996972680091858,
          -0.022778412327170372,
          -0.00930580124258995,
          24.59895133972168
        ],
        [
          0.009318811818957329,
          0.0004650954797398299,
          0.999956488609314,
          0.9124162197113037
        ],
        [
          0.0,
          0.0,
          0.0,
          1.0
        ]
      ],
      "matrix_ego_from_sensor_carla": [
        [
          1.0,
          5.017405935170416e-10,
          -3.491013034206958e-10,
          2.000001907348633
        ],
        [
          1.8587282824000795e-09,
          1.0,
          -1.931487261797038e-11,
          -1.52587890625e-05
        ],
        [
          2.6736279856720557e-11,
          3.7510806960572296e-11,
          1.0,
          0.8999999761581421
        ],
        [
          0.0,
          0.0,
          0.0,
          1.0
        ]
      ],
      "matrix_ego_from_sensor_bevfusion": [
        [
          1.0,
          -5.017405935170416e-10,
          -3.491013034206958e-10,
          2.000001907348633
        ],
        [
          -1.8587282824000795e-09,
          1.0,
          1.931487261797038e-11,
          1.52587890625e-05
        ],
        [
          2.6736279856720557e-11,
          -3.7510806960572296e-11,
          1.0,
          0.8999999761581421
        ],
        [
          0.0,
          0.0,
          0.0,
          1.0
        ]
      ],
      "data_path": "D:\\Agent-AI\\outputs\\s3a_left_v3\\sample_000006\\radar\\RADAR_FRONT.npy",
      "raw_layout": [
        "velocity",
        "altitude",
        "azimuth",
        "depth"
      ]
    },
    "RADAR_FRONT_LEFT": {
      "type_id": "sensor.other.radar",
      "blueprint_attributes": {
        "sensor_tick": "0.100000",
        "role_name": "default",
        "noise_seed": "0",
        "ros_name": "sensor.other.radar",
        "horizontal_fov": "35.0",
        "points_per_second": "1500",
        "vertical_fov": "20.0",
        "range": "120.0"
      },
      "transform_carla": {
        "location": {
          "x": 109.0819091796875,
          "y": -24.231971740722656,
          "z": 0.9095032811164856
        },
        "rotation": {
          "roll": -0.35871240496635437,
          "pitch": 0.39639002084732056,
          "yaw": -136.30633544921875
        }
      },
      "matrix_world_from_sensor_carla": [
        [
          -0.7230260968208313,
          0.6908203363418579,
          0.0006772130727767944,
          109.0819091796875
        ],
        [
          -0.6907860040664673,
          -0.7229993343353271,
          0.009305792860686779,
          -24.231971740722656
        ],
        [
          0.0069182557053864,
          0.006260521709918976,
          0.9999564290046692,
          0.9095032811164856
        ],
        [
          0.0,
          0.0,
          0.0,
          1.0
        ]
      ],
      "matrix_world_from_sensor_bevfusion": [
        [
          -0.7230260968208313,
          -0.6908203363418579,
          0.0006772130727767944,
          109.0819091796875
        ],
        [
          0.6907860040664673,
          -0.7229993343353271,
          -0.009305792860686779,
          24.231971740722656
        ],
        [
          0.0069182557053864,
          -0.006260521709918976,
          0.9999564290046692,
          0.9095032811164856
        ],
        [
          0.0,
          0.0,
          0.0,
          1.0
        ]
      ],
      "matrix_ego_from_sensor_carla": [
        [
          0.70710688829422,
          0.7071066498756409,
          7.477357399920948e-09,
          1.6499996185302734
        ],
        [
          -0.7071065902709961,
          0.7071068286895752,
          -9.130196154671921e-09,
          -0.75
        ],
        [
          -1.1793966692152935e-08,
          5.660134583251875e-10,
          0.9999999403953552,
          0.8999998569488525
        ],
        [
          0.0,
          0.0,
          0.0,
          1.0
        ]
      ],
      "matrix_ego_from_sensor_bevfusion": [
        [
          0.70710688829422,
          -0.7071066498756409,
          7.477357399920948e-09,
          1.6499996185302734
        ],
        [
          0.7071065902709961,
          0.7071068286895752,
          9.130196154671921e-09,
          0.75
        ],
        [
          -1.1793966692152935e-08,
          -5.660134583251875e-10,
          0.9999999403953552,
          0.8999998569488525
        ],
        [
          0.0,
          0.0,
          0.0,
          1.0
        ]
      ],
      "data_path": "D:\\Agent-AI\\outputs\\s3a_left_v3\\sample_000006\\radar\\RADAR_FRONT_LEFT.npy",
      "raw_layout": [
        "velocity",
        "altitude",
        "azimuth",
        "depth"
      ]
    },
    "RADAR_FRONT_RIGHT": {
      "type_id": "sensor.other.radar",
      "blueprint_attributes": {
        "sensor_tick": "0.100000",
        "role_name": "default",
        "noise_seed": "0",
        "ros_name": "sensor.other.radar",
