{
  "schema_version": "stage1.v1",
  "sample_name": "sample_000095",
  "sequence_index": 95,
  "previous_sample_name": "sample_000094",
  "frame_id": 60096,
  "timestamp": 444.5197008922696,
  "platform_timestamp": 16814605.7224567,
  "delta_seconds": 0.10000000149011612,
  "town": "Carla/Maps/Town10HD_Opt",
  "weather": {
    "cloudiness": 20.0,
    "dust_storm": 0.0,
    "fog_density": 2.0,
    "fog_distance": 0.75,
    "fog_falloff": 0.10000000149011612,
    "mie_scattering_scale": 0.029999999329447746,
    "precipitation": 0.0,
    "precipitation_deposits": 0.0,
    "rayleigh_scattering_scale": 0.03310000151395798,
    "scattering_intensity": 1.0,
    "sun_altitude_angle": 45.0,
    "sun_azimuth_angle": 300.0,
    "wetness": 0.0,
    "wind_intensity": 10.0
  },
  "sensor_names": [
    "CAM_FRONT",
    "CAM_FRONT_RIGHT",
    "CAM_FRONT_LEFT",
    "CAM_BACK",
    "CAM_BACK_LEFT",
    "CAM_BACK_RIGHT",
    "LIDAR_TOP",
    "RADAR_FRONT",
    "RADAR_FRONT_LEFT",
    "RADAR_FRONT_RIGHT",
    "RADAR_BACK_LEFT",
    "RADAR_BACK_RIGHT"
  ],
  "camera_order_for_model": [
    "CAM_FRONT",
    "CAM_FRONT_RIGHT",
    "CAM_FRONT_LEFT",
    "CAM_BACK",
    "CAM_BACK_LEFT",
    "CAM_BACK_RIGHT"
  ],
  "radar_order_for_model": [
    "RADAR_FRONT",
    "RADAR_FRONT_LEFT",
    "RADAR_FRONT_RIGHT",
    "RADAR_BACK_LEFT",
    "RADAR_BACK_RIGHT"
  ],
  "coordinate_notes": {
    "carla_world": "left-handed x-forward y-right z-up",
    "bevfusion_lidar": "x-forward y-left z-up",
    "camera_frame_for_model": "OpenCV style x-right y-down z-forward"
  },
  "ego": {
    "actor_id": 28,
    "transform_carla": {
      "location": {
        "x": 77.2878189086914,
        "y": -62.27981948852539,
        "z": -0.004339637700468302
      },
      "rotation": {
        "roll": -0.003936767112463713,
        "pitch": -0.042845774441957474,
        "yaw": -161.72349548339844
      }
    },
    "velocity_carla": [
      0.0006430686335079372,
      0.00016321563452947885,
      -5.111694008519407e-06
    ],
    "angular_velocity_carla": [
      -0.04926251620054245,
      0.19848446547985077,
      0.00020368571858853102
    ],
    "matrix_world_from_ego_carla": [
      [
        -0.9495538473129272,
        0.3136029839515686,
        -0.0007316239061765373,
        77.2878189086914
      ],
      [
        -0.3136029541492462,
        -0.9495541453361511,
        -0.0001692688383627683,
        -62.27981948852539
      ],
      [
        -0.000747799756936729,
        6.870952347526327e-05,
        0.9999997019767761,
        -0.004339637700468302
      ],
      [
        0.0,
        0.0,
        0.0,
        1.0
      ]
    ],
    "matrix_world_from_ego_bevfusion": [
      [
        -0.9495538473129272,
        -0.3136029839515686,
        -0.0007316239061765373,
        77.2878189086914
      ],
      [
        0.3136029541492462,
        -0.9495541453361511,
        0.0001692688383627683,
        62.27981948852539
      ],
      [
        -0.000747799756936729,
        -6.870952347526327e-05,
        0.9999997019767761,
        -0.004339637700468302
      ],
      [
        0.0,
        0.0,
        0.0,
        1.0
      ]
    ]
  },
  "sensors": {
    "CAM_FRONT": {
      "type_id": "sensor.camera.rgb",
      "blueprint_attributes": {
        "role_name": "front",
        "ros_name": "sensor.camera.rgb",
        "chromatic_aberration_offset": "0.0",
        "sensor_tick": "0.100000",
        "fstop": "1.4",
        "image_size_x": "960",
        "image_size_y": "540",
        "fov": "70.00",
        "lens_circle_falloff": "5.0",
        "lens_circle_multiplier": "0.0",
        "exposure_compensation": "0.0",
        "lens_y_size": "0.08",
        "lens_k": "-1.0",
        "exposure_mode": "histogram",
        "lens_kcube": "0.0",
        "lens_x_size": "0.08",
        "exposure_max_bright": "12.0",
        "shutter_speed": "200.0",
        "bloom_intensity": "0.675",
        "iso": "100.0",
        "enable_postprocess_effects": "false",
        "gamma": "2.2",
        "motion_blur_intensity": "0.0",
        "motion_blur_max_distortion": "0.35",
        "lens_flare_intensity": "0.1",
        "motion_blur_min_object_screen_size": "0.1",
        "exposure_min_bright": "10.0",
        "exposure_speed_up": "3.0",
        "exposure_speed_down": "1.0",
        "tint": "0.0",
        "calibration_constant": "16.0",
        "focal_distance": "1000.0",
        "min_fstop": "1.2",
        "blade_count": "5",
        "blur_amount": "0.0",
        "blur_radius": "0.0",
        "slope": "0.88",
        "toe": "0.55",
        "white_clip": "0.04",
        "shoulder": "0.26",
        "black_clip": "0.0",
        "temp": "6500.0",
        "chromatic_aberration_intensity": "0.0"
      },
      "transform_carla": {
        "location": {
          "x": 75.81476593017578,
          "y": -62.76618957519531,
          "z": 1.6945008039474487
        },
        "rotation": {
          "roll": -0.003936767112463713,
          "pitch": -0.042845774441957474,
          "yaw": -161.72349548339844
        }
      },
      "matrix_world_from_sensor_carla": [
        [
          -0.9495538473129272,
          0.3136029839515686,
          -0.0007316239061765373,
          75.81476593017578
        ],
        [
          -0.3136029541492462,
          -0.9495541453361511,
          -0.0001692688383627683,
          -62.76618957519531
        ],
        [
          -0.000747799756936729,
          6.870952347526327e-05,
          0.9999997019767761,
          1.6945008039474487
        ],
        [
          0.0,
          0.0,
          0.0,
          1.0
        ]
      ],
      "matrix_world_from_sensor_bevfusion": [
        [
          0.3136029839515686,
          0.0007316239061765373,
          -0.9495538473129272,
          75.81476593017578
        ],
        [
          0.9495541453361511,
          -0.0001692688383627683,
          0.3136029541492462,
          62.76618957519531
        ],
        [
          6.870952347526327e-05,
          -0.9999997019767761,
          -0.000747799756936729,
          1.6945008039474487
        ],
        [
          0.0,
          0.0,
          0.0,
          1.0
        ]
      ],
      "matrix_ego_from_sensor_carla": [
        [
          1.0,
          4.466166103611613e-09,
          4.823872898351844e-11,
          1.5500030517578125
        ],
        [
          -5.140577741258312e-09,
          1.0,
          1.3508304717857467e-12,
          -7.62939453125e-06
        ],
        [
          3.666372760946501e-12,
          -1.829711729350869e-12,
          1.0,
          1.7000001668930054
        ],
        [
          0.0,
          0.0,
          0.0,
          1.0
        ]
      ],
      "matrix_ego_from_sensor_bevfusion": [
        [
          4.466166103611613e-09,
          -4.823872898351844e-11,
          1.0,
          1.5500030517578125
        ],
        [
          -1.0,
          1.3508304717857467e-12,
          5.140577741258312e-09,
          7.62939453125e-06
        ],
        [
          -1.829711729350869e-12,
          -1.0,
          3.666372760946501e-12,
          1.7000001668930054
        ],
        [
          0.0,
          0.0,
          0.0,
          1.0
        ]
      ],
      "camera_intrinsics": [
        [
          685.5110473632812,
          0.0,
          480.0
        ],
        [
          0.0,
          685.5110473632812,
          270.0
        ],
        [
          0.0,
          0.0,
          1.0
        ]
      ],
      "data_path": "D:\\Agent-AI\\outputs\\s3a_ml_long_v2\\sample_000095\\images\\CAM_FRONT.png",
      "raw_layout": "bgra8"
    },
    "CAM_FRONT_RIGHT": {
      "type_id": "sensor.camera.rgb",
      "blueprint_attributes": {
        "role_name": "front",
        "ros_name": "sensor.camera.rgb",
        "chromatic_aberration_offset": "0.0",
        "sensor_tick": "0.100000",
        "fstop": "1.4",
        "image_size_x": "960",
        "image_size_y": "540",
        "fov": "70.00",
        "lens_circle_falloff": "5.0",
        "lens_circle_multiplier": "0.0",
        "exposure_compensation": "0.0",
        "lens_y_size": "0.08",
        "lens_k": "-1.0",
        "exposure_mode": "histogram",
        "lens_kcube": "0.0",
        "lens_x_size": "0.08",
        "exposure_max_bright": "12.0",
        "shutter_speed": "200.0",
        "bloom_intensity": "0.675",
        "iso": "100.0",
        "enable_postprocess_effects": "false",
        "gamma": "2.2",
        "motion_blur_intensity": "0.0",
        "motion_blur_max_distortion": "0.35",
        "lens_flare_intensity": "0.1",
        "motion_blur_min_object_screen_size": "0.1",
        "exposure_min_bright": "10.0",
        "exposure_speed_up": "3.0",
        "exposure_speed_down": "1.0",
        "tint": "0.0",
        "calibration_constant": "16.0",
        "focal_distance": "1000.0",
        "min_fstop": "1.2",
        "blade_count": "5",
        "blur_amount": "0.0",
        "blur_radius": "0.0",
        "slope": "0.88",
        "toe": "0.55",
        "white_clip": "0.04",
        "shoulder": "0.26",
        "black_clip": "0.0",
        "temp": "6500.0",
        "chromatic_aberration_intensity": "0.0"
      },
      "transform_carla": {
        "location": {
          "x": 76.2246322631836,
          "y": -63.21004104614258,
          "z": 1.694725513458252
        },
        "rotation": {
          "roll": -0.03735598176717758,
          "pitch": -0.021351169794797897,
          "yaw": -106.72351837158203
        }
      },
      "matrix_world_from_sensor_carla": [
        [
          -0.2877535820007324,
          0.9577041864395142,
          -0.0007316396222449839,
          76.2246322631836
        ],
        [
          -0.9577044248580933,
          -0.28775379061698914,
          -0.00016927577962633222,
          -63.21004104614258
        ],
        [
          -0.00037264821003191173,
          0.0006519847665913403,
          0.9999997019767761,
          1.694725513458252
        ],
        [
          0.0,
          0.0,
          0.0,
          1.0
        ]
      ],
      "matrix_world_from_sensor_bevfusion": [
        [
          0.9577041864395142,
          0.0007316396222449839,
          -0.2877535820007324,
          76.2246322631836
        ],
        [
          0.28775379061698914,
          -0.00016927577962633222,
          0.9577044248580933,
          63.21004104614258
        ],
        [
          0.0006519847665913403,
          -0.9999997019767761,
          -0.00037264821003191173,
          1.694725513458252
        ],
        [
          0.0,
          0.0,
          0.0,
          1.0
        ]
      ],
      "matrix_ego_from_sensor_carla": [
        [
          0.573576807975769,
          -0.8191518783569336,
          1.7103083393976704e-08,
          1.3000030517578125
        ],
        [
          0.8191518783569336,
          0.573576807975769,
          1.6748210596162494e-09,
          0.54998779296875
        ],
        [
          -1.11743361230765e-08,
          1.3057693593054864e-08,
          1.0,
          1.7000001668930054
        ],
        [
          0.0,
          0.0,
          0.0,
          1.0
        ]
      ],
      "matrix_ego_from_sensor_bevfusion": [
        [
          -0.8191518783569336,
          -1.7103083393976704e-08,
          0.573576807975769,
          1.3000030517578125
        ],
        [
          -0.573576807975769,
          1.6748210596162494e-09,
          -0.8191518783569336,
          -0.54998779296875
        ],
        [
          1.3057693593054864e-08,
          -1.0,
          -1.11743361230765e-08,
          1.7000001668930054
        ],
        [
          0.0,
          0.0,
          0.0,
          1.0
        ]
      ],
      "camera_intrinsics": [
        [
          685.5110473632812,
          0.0,
          480.0
        ],
        [
          0.0,
          685.5110473632812,
          270.0
        ],
        [
          0.0,
          0.0,
          1.0
        ]
      ],
      "data_path": "D:\\Agent-AI\\outputs\\s3a_ml_long_v2\\sample_000095\\images\\CAM_FRONT_RIGHT.png",
      "raw_layout": "bgra8"
    },
    "CAM_FRONT_LEFT": {
      "type_id": "sensor.camera.rgb",
      "blueprint_attributes": {
        "role_name": "front",
        "ros_name": "sensor.camera.rgb",
        "chromatic_aberration_offset": "0.0",
        "sensor_tick": "0.100000",
        "fstop": "1.4",
        "image_size_x": "960",
        "image_size_y": "540",
        "fov": "70.00",
        "lens_circle_falloff": "5.0",
        "lens_circle_multiplier": "0.0",
        "exposure_compensation": "0.0",
        "lens_y_size": "0.08",
        "lens_k": "-1.0",
        "exposure_mode": "histogram",
        "lens_kcube": "0.0",
        "lens_x_size": "0.08",
        "exposure_max_bright": "12.0",
        "shutter_speed": "200.0",
        "bloom_intensity": "0.675",
        "iso": "100.0",
        "enable_postprocess_effects": "false",
        "gamma": "2.2",
        "motion_blur_intensity": "0.0",
        "motion_blur_max_distortion": "0.35",
        "lens_flare_intensity": "0.1",
        "motion_blur_min_object_screen_size": "0.1",
        "exposure_min_bright": "10.0",
        "exposure_speed_up": "3.0",
        "exposure_speed_down": "1.0",
        "tint": "0.0",
        "calibration_constant": "16.0",
        "focal_distance": "1000.0",
        "min_fstop": "1.2",
        "blade_count": "5",
        "blur_amount": "0.0",
        "blur_radius": "0.0",
        "slope": "0.88",
        "toe": "0.55",
        "white_clip": "0.04",
        "shoulder": "0.26",
        "black_clip": "0.0",
        "temp": "6500.0",
        "chromatic_aberration_intensity": "0.0"
      },
      "transform_carla": {
        "location": {
          "x": 75.87966918945312,
          "y": -62.16553497314453,
          "z": 1.6946499347686768
        },
        "rotation": {
          "roll": 0.03283991292119026,
          "pitch": -0.027798868715763092,
          "yaw": 143.27650451660156
        }
      },
      "matrix_world_from_sensor_carla": [
        [
          -0.8015304207801819,
          -0.5979534387588501,
          -0.0007316138362511992,
          75.87966918945312
        ],
        [
          0.597953736782074,
          -0.8015305995941162,
          -0.00016929267439991236,
          -62.16553497314453
        ],
        [
          -0.0004851817502640188,
          -0.000573164492379874,
          0.9999997019767761,
          1.6946499347686768
        ],
        [
          0.0,
          0.0,
          0.0,
          1.0
        ]
      ],
      "matrix_world_from_sensor_bevfusion": [
        [
          -0.5979534387588501,
          0.0007316138362511992,
          -0.8015304207801819,
          75.87966918945312
        ],
        [
          0.8015305995941162,
          -0.00016929267439991236,
          -0.597953736782074,
          62.16553497314453
        ],
        [
          -0.000573164492379874,
          -0.9999997019767761,
          -0.0004851817502640188,
          1.6946499347686768
        ],
        [
          0.0,
          0.0,
          0.0,
          1.0
        ]
      ],
      "matrix_ego_from_sensor_carla": [
        [
          0.5735766887664795,
          0.8191518783569336,
          -2.105444707467541e-09,
          1.3000030517578125
        ],
        [
          -0.8191518783569336,
          0.5735766887664795,
          2.579461977347819e-08,
          -0.5500106811523438
        ],
        [
          2.2263691334956093e-08,
          -1.307648567205888e-08,
          1.0,
          1.7000001668930054
        ],
        [
          0.0,
          0.0,
          0.0,
          1.0
        ]
      ],
      "matrix_ego_from_sensor_bevfusion": [
        [
          0.8191518783569336,
          2.105444707467541e-09,
          0.5735766887664795,
          1.3000030517578125
        ],
        [
          -0.5735766887664795,
          2.579461977347819e-08,
          0.8191518783569336,
          0.5500106811523438
        ],
        [
          -1.307648567205888e-08,
          -1.0,
          2.2263691334956093e-08,
          1.7000001668930054
        ],
        [
          0.0,
          0.0,
          0.0,
          1.0
        ]
      ],
      "camera_intrinsics": [
        [
          685.5110473632812,
          0.0,
          480.0
        ],
        [
          0.0,
          685.5110473632812,
          270.0
        ],
        [
          0.0,
          0.0,
          1.0
        ]
      ],
      "data_path": "D:\\Agent-AI\\outputs\\s3a_ml_long_v2\\sample_000095\\images\\CAM_FRONT_LEFT.png",
      "raw_layout": "bgra8"
    },
    "CAM_BACK": {
      "type_id": "sensor.camera.rgb",
      "blueprint_attributes": {
        "role_name": "front",
        "ros_name": "sensor.camera.rgb",
        "chromatic_aberration_offset": "0.0",
        "sensor_tick": "0.100000",
        "fstop": "1.4",
        "image_size_x": "960",
        "image_size_y": "540",
        "fov": "70.00",
        "lens_circle_falloff": "5.0",
        "lens_circle_multiplier": "0.0",
        "exposure_compensation": "0.0",
        "lens_y_size": "0.08",
        "lens_k": "-1.0",
        "exposure_mode": "histogram",
        "lens_kcube": "0.0",
        "lens_x_size": "0.08",
        "exposure_max_bright": "12.0",
        "shutter_speed": "200.0",
        "bloom_intensity": "0.675",
        "iso": "100.0",
        "enable_postprocess_effects": "false",
        "gamma": "2.2",
        "motion_blur_intensity": "0.0",
        "motion_blur_max_distortion": "0.35",
        "lens_flare_intensity": "0.1",
        "motion_blur_min_object_screen_size": "0.1",
        "exposure_min_bright": "10.0",
        "exposure_speed_up": "3.0",
        "exposure_speed_down": "1.0",
        "tint": "0.0",
        "calibration_constant": "16.0",
        "focal_distance": "1000.0",
        "min_fstop": "1.2",
        "blade_count": "5",
        "blur_amount": "0.0",
        "blur_radius": "0.0",
        "slope": "0.88",
        "toe": "0.55",
        "white_clip": "0.04",
        "shoulder": "0.26",
        "black_clip": "0.0",
        "temp": "6500.0",
        "chromatic_aberration_intensity": "0.0"
      },
      "transform_carla": {
        "location": {
          "x": 78.75838470458984,
          "y": -61.79402160644531,
          "z": 1.6968189477920532
        },
        "rotation": {
          "roll": 0.003936781547963619,
          "pitch": 0.042845774441957474,
          "yaw": 18.276527404785156
        }
      },
      "matrix_world_from_sensor_carla": [
        [
          0.9495537281036377,
          -0.3136034309864044,
          -0.0007316239061765373,
          78.75838470458984
        ],
        [
          0.31360340118408203,
          0.9495540261268616,
          -0.00016926895477809012,
          -61.79402160644531
        ],
        [
          0.000747799756936729,
          -6.870977813377976e-05,
          0.9999997019767761,
          1.6968189477920532
        ],
        [
          0.0,
          0.0,
          0.0,
          1.0
        ]
      ],
      "matrix_world_from_sensor_bevfusion": [
        [
          -0.3136034309864044,
          0.0007316239061765373,
          0.9495537281036377,
          78.75838470458984
        ],
        [
          -0.9495540261268616,
          -0.00016926895477809012,
          -0.31360340118408203,
          61.79402160644531
        ],
        [
          -6.870977813377976e-05,
          -0.9999997019767761,
          0.000747799756936729,
          1.6968189477920532
        ],
        [
          0.0,
          0.0,
          0.0,
          1.0
        ]
      ],
      "matrix_ego_from_sensor_carla": [
        [
          -1.0,
          4.501509351939603e-07,
          4.823872898351844e-11,
          -1.5500068664550781
        ],
        [
          -4.789478680322645e-07,
          -1.0,
          1.1776615793657186e-10,
          -7.62939453125e-06
        ],
        [
          -3.666372760946501e-12,
          8.914126381487364e-11,
          1.0,
          1.7000000476837158
        ],
        [
          0.0,
          0.0,
          0.0,
          1.0
        ]
      ],
      "matrix_ego_from_sensor_bevfusion": [
        [
          4.501509351939603e-07,
          -4.823872898351844e-11,
          -1.0,
          -1.5500068664550781
        ],
        [
          1.0,
          1.1776615793657186e-10,
          4.789478680322645e-07,
          7.62939453125e-06
        ],
        [
          8.914126381487364e-11,
          -1.0,
          -3.666372760946501e-12,
          1.7000000476837158
        ],
        [
          0.0,
          0.0,
          0.0,
          1.0
        ]
      ],
      "camera_intrinsics": [
        [
          685.5110473632812,
          0.0,
          480.0
        ],
        [
          0.0,
          685.5110473632812,
          270.0
        ],
        [
          0.0,
          0.0,
          1.0
        ]
      ],
      "data_path": "D:\\Agent-AI\\outputs\\s3a_ml_long_v2\\sample_000095\\images\\CAM_BACK.png",
      "raw_layout": "bgra8"
    },
    "CAM_BACK_LEFT": {
      "type_id": "sensor.camera.rgb",
      "blueprint_attributes": {
        "role_name": "front",
        "ros_name": "sensor.camera.rgb",
        "chromatic_aberration_offset": "0.0",
        "sensor_tick": "0.100000",
        "fstop": "1.4",
        "image_size_x": "960",
        "image_size_y": "540",
        "fov": "70.00",
        "lens_circle_falloff": "5.0",
        "lens_circle_multiplier": "0.0",
        "exposure_compensation": "0.0",
        "lens_y_size": "0.08",
        "lens_k": "-1.0",
        "exposure_mode": "histogram",
        "lens_kcube": "0.0",
        "lens_x_size": "0.08",
        "exposure_max_bright": "12.0",
        "shutter_speed": "200.0",
        "bloom_intensity": "0.675",
        "iso": "100.0",
        "enable_postprocess_effects": "false",
        "gamma": "2.2",
        "motion_blur_intensity": "0.0",
        "motion_blur_max_distortion": "0.35",
        "lens_flare_intensity": "0.1",
        "motion_blur_min_object_screen_size": "0.1",
        "exposure_min_bright": "10.0",
        "exposure_speed_up": "3.0",
        "exposure_speed_down": "1.0",
        "tint": "0.0",
        "calibration_constant": "16.0",
        "focal_distance": "1000.0",
        "min_fstop": "1.2",
        "blade_count": "5",
        "blur_amount": "0.0",
        "blur_radius": "0.0",
        "slope": "0.88",
        "toe": "0.55",
        "white_clip": "0.04",
        "shoulder": "0.26",
        "black_clip": "0.0",
        "temp": "6500.0",
        "chromatic_aberration_intensity": "0.0"
      },
      "transform_carla": {
        "location": {
          "x": 78.3485107421875,
          "y": -61.35016632080078,
          "z": 1.69659423828125
        },
        "rotation": {
          "roll": 0.03735598176717758,
          "pitch": 0.021351169794797897,
          "yaw": 73.27648162841797
        }
      },
      "matrix_world_from_sensor_carla": [
        [
          0.2877536118030548,
          -0.9577041864395142,
          -0.0007316396222449839,
          78.3485107421875
        ],
        [
          0.9577044248580933,
          0.2877538204193115,
          -0.000169275765074417,
          -61.35016632080078
        ],
        [
          0.00037264821003191173,
          -0.0006519847665913403,
          0.9999997019767761,
          1.69659423828125
        ],
        [
          0.0,
          0.0,
          0.0,
          1.0
        ]
      ],
      "matrix_world_from_sensor_bevfusion": [
        [
          -0.9577041864395142,
          0.0007316396222449839,
          0.2877536118030548,
          78.3485107421875
        ],
        [
          -0.2877538204193115,
          -0.000169275765074417,
          -0.9577044248580933,
          61.35016632080078
        ],
        [
          -0.0006519847665913403,
          -0.9999997019767761,
          0.00037264821003191173,
          1.69659423828125
        ],
        [
          0.0,
          0.0,
          0.0,
          1.0
        ]
      ],
      "matrix_ego_from_sensor_carla": [
        [
          -0.5735768675804138,
          0.8191518187522888,
          1.7103083393976704e-08,
          -1.3000030517578125
        ],
        [
          -0.8191518783569336,
          -0.573576807975769,
          1.6602691443878825e-09,
          -0.5500106811523438
        ],
        [
          1.1145232292619767e-08,
          -1.3057693593054864e-08,
          1.0,
          1.7000001668930054
        ],
        [
          0.0,
          0.0,
          0.0,
          1.0
        ]
      ],
      "matrix_ego_from_sensor_bevfusion": [
        [
          0.8191518187522888,
          -1.7103083393976704e-08,
          -0.5735768675804138,
          -1.3000030517578125
        ],
        [
          0.573576807975769,
          1.6602691443878825e-09,
          0.8191518783569336,
          0.5500106811523438
        ],
        [
          -1.3057693593054864e-08,
          -1.0,
          1.1145232292619767e-08,
          1.7000001668930054
        ],
        [
          0.0,
          0.0,
          0.0,
          1.0
        ]
      ],
      "camera_intrinsics": [
        [
          685.5110473632812,
          0.0,
          480.0
        ],
        [
          0.0,
          685.5110473632812,
          270.0
        ],
        [
          0.0,
          0.0,
          1.0
        ]
      ],
      "data_path": "D:\\Agent-AI\\outputs\\s3a_ml_long_v2\\sample_000095\\images\\CAM_BACK_LEFT.png",
      "raw_layout": "bgra8"
    },
    "CAM_BACK_RIGHT": {
      "type_id": "sensor.camera.rgb",
      "blueprint_attributes": {
        "role_name": "front",
        "ros_name": "sensor.camera.rgb",
        "chromatic_aberration_offset": "0.0",
        "sensor_tick": "0.100000",
        "fstop": "1.4",
        "image_size_x": "960",
        "image_size_y": "540",
        "fov": "70.00",
        "lens_circle_falloff": "5.0",
        "lens_circle_multiplier": "0.0",
        "exposure_compensation": "0.0",
        "lens_y_size": "0.08",
        "lens_k": "-1.0",
        "exposure_mode": "histogram",
        "lens_kcube": "0.0",
        "lens_x_size": "0.08",
        "exposure_max_bright": "12.0",
        "shutter_speed": "200.0",
        "bloom_intensity": "0.675",
        "iso": "100.0",
        "enable_postprocess_effects": "false",
        "gamma": "2.2",
        "motion_blur_intensity": "0.0",
        "motion_blur_max_distortion": "0.35",
        "lens_flare_intensity": "0.1",
        "motion_blur_min_object_screen_size": "0.1",
        "exposure_min_bright": "10.0",
        "exposure_speed_up": "3.0",
        "exposure_speed_down": "1.0",
        "tint": "0.0",
        "calibration_constant": "16.0",
        "focal_distance": "1000.0",
        "min_fstop": "1.2",
        "blade_count": "5",
        "blur_amount": "0.0",
        "blur_radius": "0.0",
        "slope": "0.88",
        "toe": "0.55",
        "white_clip": "0.04",
        "shoulder": "0.26",
        "black_clip": "0.0",
        "temp": "6500.0",
        "chromatic_aberration_intensity": "0.0"
      },
      "transform_carla": {
        "location": {
          "x": 78.69347381591797,
          "y": -62.394676208496094,
          "z": 1.6966699361801147
        },
        "rotation": {
          "roll": -0.03283991292119026,
          "pitch": 0.027798868715763092,
          "yaw": -36.72350311279297
        }
      },
      "matrix_world_from_sensor_carla": [
        [
          0.8015303015708923,
          0.5979536175727844,
          -0.0007316138944588602,
          78.69347381591797
        ],
        [
          -0.5979539155960083,
          0.8015304803848267,
          -0.00016929252888076007,
          -62.394676208496094
        ],
        [
          0.0004851817502640188,
          0.000573164492379874,
          0.9999997019767761,
          1.6966699361801147
        ],
        [
          0.0,
          0.0,
          0.0,
          1.0
        ]
      ],
      "matrix_world_from_sensor_bevfusion": [
        [
          0.5979536175727844,
          0.0007316138944588602,
          0.8015303015708923,
          78.69347381591797
        ],
        [
          -0.8015304803848267,
          -0.00016929252888076007,
          0.5979539155960083,
          62.394676208496094
        ],
        [
          0.000573164492379874,
          -0.9999997019767761,
          0.0004851817502640188,
          1.6966699361801147
        ],
        [
          0.0,
          0.0,
          0.0,
          1.0
        ]
      ],
      "matrix_ego_from_sensor_carla": [
        [
          -0.5735765099525452,
          -0.8191519975662231,
          -2.105444707467541e-09,
          -1.2999992370605469
        ],
        [
          0.8191520571708679,
          -0.5735765099525452,
          2.5641824663580337e-08,
          0.54998779296875
        ],
        [
          -2.217637984358589e-08,
          1.3018278011145412e-08,
          1.0,
          1.700000286102295
        ],
        [
          0.0,
          0.0,
          0.0,
          1.0
        ]
      ],
      "matrix_ego_from_sensor_bevfusion": [
        [
          -0.8191519975662231,
          2.105444707467541e-09,
          -0.5735765099525452,
          -1.2999992370605469
        ],
        [
          0.5735765099525452,
          2.5641824663580337e-08,
          -0.8191520571708679,
          -0.54998779296875
        ],
        [
          1.3018278011145412e-08,
          -1.0,
          -2.217637984358589e-08,
          1.700000286102295
        ],
        [
          0.0,
          0.0,
          0.0,
          1.0
        ]
      ],
      "camera_intrinsics": [
        [
          685.5110473632812,
          0.0,
          480.0
        ],
        [
          0.0,
          685.5110473632812,
          270.0
        ],
        [
          0.0,
          0.0,
          1.0
        ]
      ],
      "data_path": "D:\\Agent-AI\\outputs\\s3a_ml_long_v2\\sample_000095\\images\\CAM_BACK_RIGHT.png",
      "raw_layout": "bgra8"
    },
    "LIDAR_TOP": {
      "type_id": "sensor.lidar.ray_cast",
      "blueprint_attributes": {
        "atmosphere_attenuation_rate": "0.004",
        "role_name": "front",
        "noise_seed": "0",
        "upper_fov": "10.0",
        "ros_name": "sensor.lidar.ray_cast",
        "sensor_tick": "0.100000",
        "channels": "32",
        "range": "120.0",
        "points_per_second": "360000",
        "lower_fov": "-30.0",
        "rotation_frequency": "10.000000",
        "horizontal_fov": "360.0",
        "dropoff_general_rate": "0.0",
        "dropoff_intensity_limit": "1.0",
        "noise_stddev": "0.0",
        "dropoff_zero_intensity": "0.0"
      },
      "transform_carla": {
        "location": {
          "x": 77.28620147705078,
          "y": -62.280189514160156,
          "z": 2.195659637451172
        },
        "rotation": {
          "roll": -0.003936767112463713,
          "pitch": -0.042845774441957474,
          "yaw": -161.72349548339844
        }
      },
      "matrix_world_from_sensor_carla": [
        [
          -0.9495538473129272,
          0.3136029839515686,
          -0.0007316239061765373,
          77.28620147705078
        ],
        [
          -0.3136029541492462,
          -0.9495541453361511,
          -0.0001692688383627683,
          -62.280189514160156
        ],
        [
          -0.000747799756936729,
          6.870952347526327e-05,
          0.9999997019767761,
          2.195659637451172
        ],
        [
          0.0,
          0.0,
          0.0,
          1.0
        ]
      ],
      "matrix_world_from_sensor_bevfusion": [
        [
          -0.9495538473129272,
          -0.3136029839515686,
          -0.0007316239061765373,
          77.28620147705078
        ],
        [
          0.3136029541492462,
          -0.9495541453361511,
          0.0001692688383627683,
          62.280189514160156
        ],
        [
          -0.000747799756936729,
          -6.870952347526327e-05,
          0.9999997019767761,
          2.195659637451172
        ],
        [
          0.0,
          0.0,
          0.0,
          1.0
        ]
      ],
      "matrix_ego_from_sensor_carla": [
        [
          1.0,
          4.466166103611613e-09,
          4.823872898351844e-11,
          7.62939453125e-06
        ],
        [
          -5.140577741258312e-09,
          1.0,
          1.3508304717857467e-12,
          -7.62939453125e-06
        ],
        [
          3.666372760946501e-12,
          -1.829711729350869e-12,
          1.0,
          2.200000047683716
        ],
        [
          0.0,
          0.0,
          0.0,
          1.0
        ]
      ],
      "matrix_ego_from_sensor_bevfusion": [
        [
          1.0,
          -4.466166103611613e-09,
          4.823872898351844e-11,
          7.62939453125e-06
        ],
        [
          5.140577741258312e-09,
          1.0,
          -1.3508304717857467e-12,
          7.62939453125e-06
        ],
        [
          3.666372760946501e-12,
          1.829711729350869e-12,
          1.0,
          2.200000047683716
        ],
        [
          0.0,
          0.0,
          0.0,
          1.0
        ]
      ],
      "data_path": "D:\\Agent-AI\\outputs\\s3a_ml_long_v2\\sample_000095\\lidar\\LIDAR_TOP.npy",
      "raw_layout": [
        "x",
        "y",
        "z",
        "intensity"
      ]
    },
    "RADAR_FRONT": {
      "type_id": "sensor.other.radar",
      "blueprint_attributes": {
        "sensor_tick": "0.100000",
        "role_name": "default",
        "noise_seed": "0",
        "ros_name": "sensor.other.radar",
        "horizontal_fov": "35.0",
        "points_per_second": "1500",
        "vertical_fov": "20.0",
        "range": "120.0"
      },
      "transform_carla": {
        "location": {
          "x": 75.38804626464844,
          "y": -62.90717697143555,
          "z": 0.8941643834114075
        },
        "rotation": {
          "roll": -0.003936767112463713,
          "pitch": -0.042845774441957474,
          "yaw": -161.72349548339844
        }
      },
      "matrix_world_from_sensor_carla": [
        [
          -0.9495538473129272,
          0.3136029839515686,
          -0.0007316239061765373,
          75.38804626464844
        ],
        [
          -0.3136029541492462,
          -0.9495541453361511,
          -0.0001692688383627683,
          -62.90717697143555
        ],
        [
          -0.000747799756936729,
          6.870952347526327e-05,
          0.9999997019767761,
          0.8941643834114075
        ],
        [
          0.0,
          0.0,
          0.0,
          1.0
        ]
      ],
      "matrix_world_from_sensor_bevfusion": [
        [
          -0.9495538473129272,
          -0.3136029839515686,
          -0.0007316239061765373,
          75.38804626464844
        ],
        [
          0.3136029541492462,
          -0.9495541453361511,
          0.0001692688383627683,
          62.90717697143555
        ],
        [
          -0.000747799756936729,
          -6.870952347526327e-05,
          0.9999997019767761,
          0.8941643834114075
        ],
        [
          0.0,
          0.0,
          0.0,
          1.0
        ]
      ],
      "matrix_ego_from_sensor_carla": [
        [
          1.0,
          4.466166103611613e-09,
          4.823872898351844e-11,
          2.0000038146972656
        ],
        [
          -5.140577741258312e-09,
          1.0,
          1.3508304717857467e-12,
          -7.62939453125e-06
        ],
        [
          3.666372760946501e-12,
          -1.829711729350869e-12,
          1.0,
          0.8999999165534973
        ],
        [
          0.0,
          0.0,
          0.0,
          1.0
        ]
      ],
      "matrix_ego_from_sensor_bevfusion": [
        [
          1.0,
          -4.466166103611613e-09,
          4.823872898351844e-11,
          2.0000038146972656
        ],
        [
          5.140577741258312e-09,
          1.0,
          -1.3508304717857467e-12,
          7.62939453125e-06
        ],
        [
          3.666372760946501e-12,
          1.829711729350869e-12,
          1.0,
          0.8999999165534973
        ],
        [
          0.0,
          0.0,
          0.0,
          1.0
        ]
      ],
      "data_path": "D:\\Agent-AI\\outputs\\s3a_ml_long_v2\\sample_000095\\radar\\RADAR_FRONT.npy",
      "raw_layout": [
        "velocity",
        "altitude",
        "azimuth",
        "depth"
      ]
    },
    "RADAR_FRONT_LEFT": {
      "type_id": "sensor.other.radar",
      "blueprint_attributes": {
        "sensor_tick": "0.100000",
        "role_name": "default",
        "noise_seed": "0",
        "ros_name": "sensor.other.radar",
        "horizontal_fov": "35.0",
        "points_per_second": "1500",
        "vertical_fov": "20.0",
        "range": "120.0"
      },
      "transform_carla": {
        "location": {
          "x": 75.48519134521484,
          "y": -62.08524703979492,
          "z": 0.894374668598175
        },
        "rotation": {
          "roll": 0.027513466775417328,
          "pitch": -0.03307860344648361,
          "yaw": 153.27650451660156
        }
      },
      "matrix_world_from_sensor_carla": [
        [
          -0.8931869268417358,
          -0.4496849775314331,
          -0.0007316031842492521,
          75.48519134521484
        ],
        [
          0.4496851861476898,
          -0.8931871056556702,
          -0.00016929194680415094,
          -62.08524703979492
        ],
        [
          -0.0005773304728791118,
          -0.00048020045505836606,
          0.9999997019767761,
          0.894374668598175
        ],
        [
          0.0,
          0.0,
          0.0,
          1.0
        ]
      ],
      "matrix_world_from_sensor_bevfusion": [
        [
          -0.8931869268417358,
          0.4496849775314331,
          -0.0007316031842492521,
          75.48519134521484
        ],
        [
          -0.4496851861476898,
          -0.8931871056556702,
          0.00016929194680415094,
          62.08524703979492
        ],
        [
          -0.0005773304728791118,
          0.00048020045505836606,
          0.9999997019767761,
          0.894374668598175
        ],
        [
          0.0,
          0.0,
          0.0,
          1.0
        ]
      ],
      "matrix_ego_from_sensor_carla": [
        [
          0.7071070075035095,
          0.7071066498756409,
          -1.2408200689151272e-08,
          1.6500053405761719
        ],
        [
          -0.7071065902709961,
          0.7071069478988647,
          2.845034430265514e-08,
          -0.7500076293945312
        ],
        [
          2.8950438490937813e-08,
          -1.1265108845748273e-08,
          1.0,
          0.8999999761581421
        ],
        [
          0.0,
          0.0,
          0.0,
          1.0
        ]
      ],
      "matrix_ego_from_sensor_bevfusion": [
        [
          0.7071070075035095,
          -0.7071066498756409,
          -1.2408200689151272e-08,
          1.6500053405761719
        ],
        [
          0.7071065902709961,
          0.7071069478988647,
          -2.845034430265514e-08,
          0.7500076293945312
        ],
        [
          2.8950438490937813e-08,
          1.1265108845748273e-08,
          1.0,
          0.8999999761581421
        ],
        [
          0.0,
          0.0,
          0.0,
          1.0
        ]
      ],
      "data_path": "D:\\Agent-AI\\outputs\\s3a_ml_long_v2\\sample_000095\\radar\\RADAR_FRONT_LEFT.npy",
      "raw_layout": [
        "velocity",
        "altitude",
        "azimuth",
        "depth"
      ]
    },
    "RADAR_FRONT_RIGHT": {
      "type_id": "sensor.other.radar",
      "blueprint_attributes": {
        "sensor_tick": "0.100000",
        "role_name": "default",
        "noise_seed": "0",
