{
  "schema_version": "stage1.v1",
  "sample_name": "sample_000050",
  "sequence_index": 50,
  "previous_sample_name": "sample_000049",
  "frame_id": 726323,
  "timestamp": 5002.194624792784,
  "platform_timestamp": 16813389.0512206,
  "delta_seconds": 0.10000000149011612,
  "town": "Carla/Maps/Town10HD_Opt",
  "weather": {
    "cloudiness": 20.0,
    "dust_storm": 0.0,
    "fog_density": 2.0,
    "fog_distance": 0.75,
    "fog_falloff": 0.10000000149011612,
    "mie_scattering_scale": 0.029999999329447746,
    "precipitation": 0.0,
    "precipitation_deposits": 0.0,
    "rayleigh_scattering_scale": 0.03310000151395798,
    "scattering_intensity": 1.0,
    "sun_altitude_angle": 45.0,
    "sun_azimuth_angle": 300.0,
    "wetness": 0.0,
    "wind_intensity": 10.0
  },
  "sensor_names": [
    "CAM_FRONT",
    "CAM_FRONT_RIGHT",
    "CAM_FRONT_LEFT",
    "CAM_BACK",
    "CAM_BACK_LEFT",
    "CAM_BACK_RIGHT",
    "LIDAR_TOP",
    "RADAR_FRONT",
    "RADAR_FRONT_LEFT",
    "RADAR_FRONT_RIGHT",
    "RADAR_BACK_LEFT",
    "RADAR_BACK_RIGHT"
  ],
  "camera_order_for_model": [
    "CAM_FRONT",
    "CAM_FRONT_RIGHT",
    "CAM_FRONT_LEFT",
    "CAM_BACK",
    "CAM_BACK_LEFT",
    "CAM_BACK_RIGHT"
  ],
  "radar_order_for_model": [
    "RADAR_FRONT",
    "RADAR_FRONT_LEFT",
    "RADAR_FRONT_RIGHT",
    "RADAR_BACK_LEFT",
    "RADAR_BACK_RIGHT"
  ],
  "coordinate_notes": {
    "carla_world": "left-handed x-forward y-right z-up",
    "bevfusion_lidar": "x-forward y-left z-up",
    "camera_frame_for_model": "OpenCV style x-right y-down z-forward"
  },
  "ego": {
    "actor_id": 49,
    "transform_carla": {
      "location": {
        "x": 103.61878967285156,
        "y": -37.355918884277344,
        "z": -0.004434280097484589
      },
      "rotation": {
        "roll": -0.0013122543459758162,
        "pitch": -0.01760822720825672,
        "yaw": -109.1600341796875
      }
    },
    "velocity_carla": [
      0.00010372232645750046,
      0.00025335585814900696,
      -5.607604634860763e-06
    ],
    "angular_velocity_carla": [
      -0.0776996836066246,
      0.03249368071556091,
      4.1022449295269325e-05
    ],
    "matrix_world_from_ego_carla": [
      [
        -0.3282078206539154,
        0.9446055293083191,
        -0.00012249979772605002,
        103.61878967285156
      ],
      [
        -0.9446054697036743,
        -0.3282078504562378,
        -0.0002827806456480175,
        -37.355918884277344
      ],
      [
        -0.00030732154846191406,
        2.290315751451999e-05,
        0.9999999403953552,
        -0.004434280097484589
      ],
      [
        0.0,
        0.0,
        0.0,
        1.0
      ]
    ],
    "matrix_world_from_ego_bevfusion": [
      [
        -0.3282078206539154,
        -0.9446055293083191,
        -0.00012249979772605002,
        103.61878967285156
      ],
      [
        0.9446054697036743,
        -0.3282078504562378,
        0.0002827806456480175,
        37.355918884277344
      ],
      [
        -0.00030732154846191406,
        -2.290315751451999e-05,
        0.9999999403953552,
        -0.004434280097484589
      ],
      [
        0.0,
        0.0,
        0.0,
        1.0
      ]
    ]
  },
  "sensors": {
    "CAM_FRONT": {
      "type_id": "sensor.camera.rgb",
      "blueprint_attributes": {
        "role_name": "front",
        "ros_name": "sensor.camera.rgb",
        "chromatic_aberration_offset": "0.0",
        "sensor_tick": "0.100000",
        "fstop": "1.4",
        "image_size_x": "960",
        "image_size_y": "540",
        "fov": "70.00",
        "lens_circle_falloff": "5.0",
        "lens_circle_multiplier": "0.0",
        "exposure_compensation": "0.0",
        "lens_y_size": "0.08",
        "lens_k": "-1.0",
        "exposure_mode": "histogram",
        "lens_kcube": "0.0",
        "lens_x_size": "0.08",
        "exposure_max_bright": "12.0",
        "shutter_speed": "200.0",
        "bloom_intensity": "0.675",
        "iso": "100.0",
        "enable_postprocess_effects": "false",
        "gamma": "2.2",
        "motion_blur_intensity": "0.0",
        "motion_blur_max_distortion": "0.35",
        "lens_flare_intensity": "0.1",
        "motion_blur_min_object_screen_size": "0.1",
        "exposure_min_bright": "10.0",
        "exposure_speed_up": "3.0",
        "exposure_speed_down": "1.0",
        "tint": "0.0",
        "calibration_constant": "16.0",
        "focal_distance": "1000.0",
        "min_fstop": "1.2",
        "blade_count": "5",
        "blur_amount": "0.0",
        "blur_radius": "0.0",
        "slope": "0.88",
        "toe": "0.55",
        "white_clip": "0.04",
        "shoulder": "0.26",
        "black_clip": "0.0",
        "temp": "6500.0",
        "chromatic_aberration_intensity": "0.0"
      },
      "transform_carla": {
        "location": {
          "x": 103.10986328125,
          "y": -38.82053756713867,
          "z": 1.6950891017913818
        },
        "rotation": {
          "roll": -0.0013122543459758162,
          "pitch": -0.01760822720825672,
          "yaw": -109.1600341796875
        }
      },
      "matrix_world_from_sensor_carla": [
        [
          -0.3282078206539154,
          0.9446055293083191,
          -0.00012249979772605002,
          103.10986328125
        ],
        [
          -0.9446054697036743,
          -0.3282078504562378,
          -0.0002827806456480175,
          -38.82053756713867
        ],
        [
          -0.00030732154846191406,
          2.290315751451999e-05,
          0.9999999403953552,
          1.6950891017913818
        ],
        [
          0.0,
          0.0,
          0.0,
          1.0
        ]
      ],
      "matrix_world_from_sensor_bevfusion": [
        [
          0.9446055293083191,
          0.00012249979772605002,
          -0.3282078206539154,
          103.10986328125
        ],
        [
          0.3282078504562378,
          -0.0002827806456480175,
          0.9446054697036743,
          38.82053756713867
        ],
        [
          2.290315751451999e-05,
          -0.9999999403953552,
          -0.00030732154846191406,
          1.6950891017913818
        ],
        [
          0.0,
          0.0,
          0.0,
          1.0
        ]
      ],
      "matrix_ego_from_sensor_carla": [
        [
          1.0,
          2.9383423694184785e-08,
          -1.0786036994114845e-11,
          1.5499991178512573
        ],
        [
          9.820711355246203e-09,
          1.0,
          2.272844022363496e-12,
          0.0
        ],
        [
          1.8317791727895383e-11,
          -1.3651345678877824e-12,
          1.0,
          1.6999998092651367
        ],
        [
          0.0,
          0.0,
          0.0,
          1.0
        ]
      ],
      "matrix_ego_from_sensor_bevfusion": [
        [
          2.9383423694184785e-08,
          1.0786036994114845e-11,
          1.0,
          1.5499991178512573
        ],
        [
          -1.0,
          2.272844022363496e-12,
          -9.820711355246203e-09,
          0.0
        ],
        [
          -1.3651345678877824e-12,
          -1.0,
          1.8317791727895383e-11,
          1.6999998092651367
        ],
        [
          0.0,
          0.0,
          0.0,
          1.0
        ]
      ],
      "camera_intrinsics": [
        [
          685.5110473632812,
          0.0,
          480.0
        ],
        [
          0.0,
          685.5110473632812,
          270.0
        ],
        [
          0.0,
          0.0,
          1.0
        ]
      ],
      "data_path": "D:\\Agent-AI\\outputs\\s3a_ml_long_v1\\sample_000050\\images\\CAM_FRONT.png",
      "raw_layout": "bgra8"
    },
    "CAM_FRONT_RIGHT": {
      "type_id": "sensor.camera.rgb",
      "blueprint_attributes": {
        "role_name": "front",
        "ros_name": "sensor.camera.rgb",
        "chromatic_aberration_offset": "0.0",
        "sensor_tick": "0.100000",
        "fstop": "1.4",
        "image_size_x": "960",
        "image_size_y": "540",
        "fov": "70.00",
        "lens_circle_falloff": "5.0",
        "lens_circle_multiplier": "0.0",
        "exposure_compensation": "0.0",
        "lens_y_size": "0.08",
        "lens_k": "-1.0",
        "exposure_mode": "histogram",
        "lens_kcube": "0.0",
        "lens_x_size": "0.08",
        "exposure_max_bright": "12.0",
        "shutter_speed": "200.0",
        "bloom_intensity": "0.675",
        "iso": "100.0",
        "enable_postprocess_effects": "false",
        "gamma": "2.2",
        "motion_blur_intensity": "0.0",
        "motion_blur_max_distortion": "0.35",
        "lens_flare_intensity": "0.1",
        "motion_blur_min_object_screen_size": "0.1",
        "exposure_min_bright": "10.0",
        "exposure_speed_up": "3.0",
        "exposure_speed_down": "1.0",
        "tint": "0.0",
        "calibration_constant": "16.0",
        "focal_distance": "1000.0",
        "min_fstop": "1.2",
        "blade_count": "5",
        "blur_amount": "0.0",
        "blur_radius": "0.0",
        "slope": "0.88",
        "toe": "0.55",
        "white_clip": "0.04",
        "shoulder": "0.26",
        "black_clip": "0.0",
        "temp": "6500.0",
        "chromatic_aberration_intensity": "0.0"
      },
      "transform_carla": {
        "location": {
          "x": 103.71144104003906,
          "y": -38.76490020751953,
          "z": 1.695178747177124
        },
        "rotation": {
          "roll": -0.015176832675933838,
          "pitch": -0.009029509499669075,
          "yaw": -54.16004943847656
        }
      },
      "matrix_world_from_sensor_carla": [
        [
          0.5855230689048767,
          0.8106557130813599,
          -0.0001224558218382299,
          103.71144104003906
        ],
        [
          -0.8106557726860046,
          0.5855229496955872,
          -0.0002828516880981624,
          -38.76490020751953
        ],
        [
          -0.00015759466623421758,
          0.0002648856898304075,
          0.9999999403953552,
          1.695178747177124
        ],
        [
          0.0,
          0.0,
          0.0,
          1.0
        ]
      ],
      "matrix_world_from_sensor_bevfusion": [
        [
          0.8106557130813599,
          0.0001224558218382299,
          0.5855230689048767,
          103.71144104003906
        ],
        [
          -0.5855229496955872,
          -0.0002828516880981624,
          0.8106557726860046,
          38.76490020751953
        ],
        [
          0.0002648856898304075,
          -0.9999999403953552,
          -0.00015759466623421758,
          1.695178747177124
        ],
        [
          0.0,
          0.0,
          0.0,
          1.0
        ]
      ],
      "matrix_ego_from_sensor_carla": [
        [
          0.5735767483711243,
          -0.8191518187522888,
          5.2667147087959165e-08,
          1.3000026941299438
        ],
        [
          0.8191518783569336,
          0.5735766291618347,
          6.485834092018194e-08,
          0.5499954223632812
        ],
        [
          -8.334397705311858e-08,
          5.95049698404182e-09,
          1.0,
          1.7000000476837158
        ],
        [
          0.0,
          0.0,
          0.0,
          1.0
        ]
      ],
      "matrix_ego_from_sensor_bevfusion": [
        [
          -0.8191518187522888,
          -5.2667147087959165e-08,
          0.5735767483711243,
          1.3000026941299438
        ],
        [
          -0.5735766291618347,
          6.485834092018194e-08,
          -0.8191518783569336,
          -0.5499954223632812
        ],
        [
          5.95049698404182e-09,
          -1.0,
          -8.334397705311858e-08,
          1.7000000476837158
        ],
        [
          0.0,
          0.0,
          0.0,
          1.0
        ]
      ],
      "camera_intrinsics": [
        [
          685.5110473632812,
          0.0,
          480.0
        ],
        [
          0.0,
          685.5110473632812,
          270.0
        ],
        [
          0.0,
          0.0,
          1.0
        ]
      ],
      "data_path": "D:\\Agent-AI\\outputs\\s3a_ml_long_v1\\sample_000050\\images\\CAM_FRONT_RIGHT.png",
      "raw_layout": "bgra8"
    },
    "CAM_FRONT_LEFT": {
      "type_id": "sensor.camera.rgb",
      "blueprint_attributes": {
        "role_name": "front",
        "ros_name": "sensor.camera.rgb",
        "chromatic_aberration_offset": "0.0",
        "sensor_tick": "0.100000",
        "fstop": "1.4",
        "image_size_x": "960",
        "image_size_y": "540",
        "fov": "70.00",
        "lens_circle_falloff": "5.0",
        "lens_circle_multiplier": "0.0",
        "exposure_compensation": "0.0",
        "lens_y_size": "0.08",
        "lens_k": "-1.0",
        "exposure_mode": "histogram",
        "lens_kcube": "0.0",
        "lens_x_size": "0.08",
        "exposure_max_bright": "12.0",
        "shutter_speed": "200.0",
        "bloom_intensity": "0.675",
        "iso": "100.0",
        "enable_postprocess_effects": "false",
        "gamma": "2.2",
        "motion_blur_intensity": "0.0",
        "motion_blur_max_distortion": "0.35",
        "lens_flare_intensity": "0.1",
        "motion_blur_min_object_screen_size": "0.1",
        "exposure_min_bright": "10.0",
        "exposure_speed_up": "3.0",
        "exposure_speed_down": "1.0",
        "tint": "0.0",
        "calibration_constant": "16.0",
        "focal_distance": "1000.0",
        "min_fstop": "1.2",
        "blade_count": "5",
        "blur_amount": "0.0",
        "blur_radius": "0.0",
        "slope": "0.88",
        "toe": "0.55",
        "white_clip": "0.04",
        "shoulder": "0.26",
        "black_clip": "0.0",
        "temp": "6500.0",
        "chromatic_aberration_intensity": "0.0"
      },
      "transform_carla": {
        "location": {
          "x": 102.67237091064453,
          "y": -38.403873443603516,
          "z": 1.6951534748077393
        },
        "rotation": {
          "roll": 0.013671476393938065,
          "pitch": -0.011174188926815987,
          "yaw": -164.16001892089844
        }
      },
      "matrix_world_from_sensor_carla": [
        [
          -0.9620277285575867,
          0.2729516923427582,
          -0.0001224911684403196,
          102.67237091064453
        ],
        [
          -0.2729516327381134,
          -0.9620277285575867,
          -0.00028278440004214644,
          -38.403873443603516
        ],
        [
          -0.0001950263831531629,
          -0.0002386122796451673,
          1.0,
          1.6951534748077393
        ],
        [
          0.0,
          0.0,
          0.0,
          1.0
        ]
      ],
      "matrix_world_from_sensor_bevfusion": [
        [
          0.2729516923427582,
          0.0001224911684403196,
          -0.9620277285575867,
          102.67237091064453
        ],
        [
          0.9620277285575867,
          -0.00028278440004214644,
          0.2729516327381134,
          38.403873443603516
        ],
        [
          -0.0002386122796451673,
          -1.0,
          -0.0001950263831531629,
          1.6951534748077393
        ],
        [
          0.0,
          0.0,
          0.0,
          1.0
        ]
      ],
      "matrix_ego_from_sensor_carla": [
        [
          0.5735766887664795,
          0.8191518783569336,
          6.984919309616089e-10,
          1.3000048398971558
        ],
        [
          -0.8191518187522888,
          0.5735767483711243,
          9.38598532229662e-09,
          -0.5500106811523438
        ],
        [
          7.273030178112094e-09,
          -5.966614757824118e-09,
          1.0,
          1.6999999284744263
        ],
        [
          0.0,
          0.0,
          0.0,
          1.0
        ]
      ],
      "matrix_ego_from_sensor_bevfusion": [
        [
          0.8191518783569336,
          -6.984919309616089e-10,
          0.5735766887664795,
          1.3000048398971558
        ],
        [
          -0.5735767483711243,
          9.38598532229662e-09,
          0.8191518187522888,
          0.5500106811523438
        ],
        [
          -5.966614757824118e-09,
          -1.0,
          7.273030178112094e-09,
          1.6999999284744263
        ],
        [
          0.0,
          0.0,
          0.0,
          1.0
        ]
      ],
      "camera_intrinsics": [
        [
          685.5110473632812,
          0.0,
          480.0
        ],
        [
          0.0,
          685.5110473632812,
          270.0
        ],
        [
          0.0,
          0.0,
          1.0
        ]
      ],
      "data_path": "D:\\Agent-AI\\outputs\\s3a_ml_long_v1\\sample_000050\\images\\CAM_FRONT_LEFT.png",
      "raw_layout": "bgra8"
    },
    "CAM_BACK": {
      "type_id": "sensor.camera.rgb",
      "blueprint_attributes": {
        "role_name": "front",
        "ros_name": "sensor.camera.rgb",
        "chromatic_aberration_offset": "0.0",
        "sensor_tick": "0.100000",
        "fstop": "1.4",
        "image_size_x": "960",
        "image_size_y": "540",
        "fov": "70.00",
        "lens_circle_falloff": "5.0",
        "lens_circle_multiplier": "0.0",
        "exposure_compensation": "0.0",
        "lens_y_size": "0.08",
        "lens_k": "-1.0",
        "exposure_mode": "histogram",
        "lens_kcube": "0.0",
        "lens_x_size": "0.08",
        "exposure_max_bright": "12.0",
        "shutter_speed": "200.0",
        "bloom_intensity": "0.675",
        "iso": "100.0",
        "enable_postprocess_effects": "false",
        "gamma": "2.2",
        "motion_blur_intensity": "0.0",
        "motion_blur_max_distortion": "0.35",
        "lens_flare_intensity": "0.1",
        "motion_blur_min_object_screen_size": "0.1",
        "exposure_min_bright": "10.0",
        "exposure_speed_up": "3.0",
        "exposure_speed_down": "1.0",
        "tint": "0.0",
        "calibration_constant": "16.0",
        "focal_distance": "1000.0",
        "min_fstop": "1.2",
        "blade_count": "5",
        "blur_amount": "0.0",
        "blur_radius": "0.0",
        "slope": "0.88",
        "toe": "0.55",
        "white_clip": "0.04",
        "shoulder": "0.26",
        "black_clip": "0.0",
        "temp": "6500.0",
        "chromatic_aberration_intensity": "0.0"
      },
      "transform_carla": {
        "location": {
          "x": 104.12730407714844,
          "y": -35.89226150512695,
          "z": 1.6960421800613403
        },
        "rotation": {
          "roll": 0.0013122593518346548,
          "pitch": 0.01760822720825672,
          "yaw": 70.8399658203125
        }
      },
      "matrix_world_from_sensor_carla": [
        [
          0.3282078504562378,
          -0.9446055293083191,
          -0.0001224998850375414,
          104.12730407714844
        ],
        [
          0.9446054697036743,
          0.3282078802585602,
          -0.00028278061654418707,
          -35.89226150512695
        ],
        [
          0.00030732154846191406,
          -2.290324482601136e-05,
          0.9999999403953552,
          1.6960421800613403
        ],
        [
          0.0,
          0.0,
          0.0,
          1.0
        ]
      ],
      "matrix_world_from_sensor_bevfusion": [
        [
          -0.9446055293083191,
          0.0001224998850375414,
          0.3282078504562378,
          104.12730407714844
        ],
        [
          -0.3282078802585602,
          -0.00028278061654418707,
          -0.9446054697036743,
          35.89226150512695
        ],
        [
          -2.290324482601136e-05,
          -0.9999999403953552,
          0.00030732154846191406,
          1.6960421800613403
        ],
        [
          0.0,
          0.0,
          0.0,
          1.0
        ]
      ],
      "matrix_ego_from_sensor_carla": [
        [
          -1.0,
          -5.753483733883513e-08,
          -1.0786036994114845e-11,
          -1.5499979257583618
        ],
        [
          1.998161103244911e-08,
          -1.0,
          -9.413359675081168e-11,
          0.0
        ],
        [
          -1.8317791727895383e-11,
          -9.50413012179574e-11,
          1.0,
          1.7000001668930054
        ],
        [
          0.0,
          0.0,
          0.0,
          1.0
        ]
      ],
      "matrix_ego_from_sensor_bevfusion": [
        [
          -5.753483733883513e-08,
          1.0786036994114845e-11,
          -1.0,
          -1.5499979257583618
        ],
        [
          1.0,
          -9.413359675081168e-11,
          -1.998161103244911e-08,
          0.0
        ],
        [
          -9.50413012179574e-11,
          -1.0,
          -1.8317791727895383e-11,
          1.7000001668930054
        ],
        [
          0.0,
          0.0,
          0.0,
          1.0
        ]
      ],
      "camera_intrinsics": [
        [
          685.5110473632812,
          0.0,
          480.0
        ],
        [
          0.0,
          685.5110473632812,
          270.0
        ],
        [
          0.0,
          0.0,
          1.0
        ]
      ],
      "data_path": "D:\\Agent-AI\\outputs\\s3a_ml_long_v1\\sample_000050\\images\\CAM_BACK.png",
      "raw_layout": "bgra8"
    },
    "CAM_BACK_LEFT": {
      "type_id": "sensor.camera.rgb",
      "blueprint_attributes": {
        "role_name": "front",
        "ros_name": "sensor.camera.rgb",
        "chromatic_aberration_offset": "0.0",
        "sensor_tick": "0.100000",
        "fstop": "1.4",
        "image_size_x": "960",
        "image_size_y": "540",
        "fov": "70.00",
        "lens_circle_falloff": "5.0",
        "lens_circle_multiplier": "0.0",
        "exposure_compensation": "0.0",
        "lens_y_size": "0.08",
        "lens_k": "-1.0",
        "exposure_mode": "histogram",
        "lens_kcube": "0.0",
        "lens_x_size": "0.08",
        "exposure_max_bright": "12.0",
        "shutter_speed": "200.0",
        "bloom_intensity": "0.675",
        "iso": "100.0",
        "enable_postprocess_effects": "false",
        "gamma": "2.2",
        "motion_blur_intensity": "0.0",
        "motion_blur_max_distortion": "0.35",
        "lens_flare_intensity": "0.1",
        "motion_blur_min_object_screen_size": "0.1",
        "exposure_min_bright": "10.0",
        "exposure_speed_up": "3.0",
        "exposure_speed_down": "1.0",
        "tint": "0.0",
        "calibration_constant": "16.0",
        "focal_distance": "1000.0",
        "min_fstop": "1.2",
        "blade_count": "5",
        "blur_amount": "0.0",
        "blur_radius": "0.0",
        "slope": "0.88",
        "toe": "0.55",
        "white_clip": "0.04",
        "shoulder": "0.26",
        "black_clip": "0.0",
        "temp": "6500.0",
        "chromatic_aberration_intensity": "0.0"
      },
      "transform_carla": {
        "location": {
          "x": 103.52571868896484,
          "y": -35.947898864746094,
          "z": 1.6959524154663086
        },
        "rotation": {
          "roll": 0.015176832675933838,
          "pitch": 0.009029509499669075,
          "yaw": 125.8399429321289
        }
      },
      "matrix_world_from_sensor_carla": [
        [
          -0.5855228900909424,
          -0.8106558322906494,
          -0.00012245586549397558,
          103.52571868896484
        ],
        [
          0.8106558918952942,
          -0.5855227708816528,
          -0.0002828516880981624,
          -35.947898864746094
        ],
        [
          0.00015759466623421758,
          -0.0002648856898304075,
          0.9999999403953552,
          1.6959524154663086
        ],
        [
          0.0,
          0.0,
          0.0,
          1.0
        ]
      ],
      "matrix_world_from_sensor_bevfusion": [
        [
          -0.8106558322906494,
          0.00012245586549397558,
          -0.5855228900909424,
          103.52571868896484
        ],
        [
          0.5855227708816528,
          -0.0002828516880981624,
          -0.8106558918952942,
          35.947898864746094
        ],
        [
          -0.0002648856898304075,
          -0.9999999403953552,
          0.00015759466623421758,
          1.6959524154663086
        ],
        [
          0.0,
          0.0,
          0.0,
          1.0
        ]
      ],
      "matrix_ego_from_sensor_carla": [
        [
          -0.5735769271850586,
          0.8191516995429993,
          5.2667147087959165e-08,
          -1.2999976873397827
        ],
        [
          -0.8191518187522888,
          -0.573576807975769,
          6.481468517449684e-08,
          -0.5499954223632812
        ],
        [
          8.330032130743348e-08,
          -6.008704644955287e-09,
          1.0,
          1.6999998092651367
        ],
        [
          0.0,
          0.0,
          0.0,
          1.0
        ]
      ],
      "matrix_ego_from_sensor_bevfusion": [
        [
          0.8191516995429993,
          -5.2667147087959165e-08,
          -0.5735769271850586,
          -1.2999976873397827
        ],
        [
          0.573576807975769,
          6.481468517449684e-08,
          0.8191518187522888,
          0.5499954223632812
        ],
        [
          -6.008704644955287e-09,
          -1.0,
          8.330032130743348e-08,
          1.6999998092651367
        ],
        [
          0.0,
          0.0,
          0.0,
          1.0
        ]
      ],
      "camera_intrinsics": [
        [
          685.5110473632812,
          0.0,
          480.0
        ],
        [
          0.0,
          685.5110473632812,
          270.0
        ],
        [
          0.0,
          0.0,
          1.0
        ]
      ],
      "data_path": "D:\\Agent-AI\\outputs\\s3a_ml_long_v1\\sample_000050\\images\\CAM_BACK_LEFT.png",
      "raw_layout": "bgra8"
    },
    "CAM_BACK_RIGHT": {
      "type_id": "sensor.camera.rgb",
      "blueprint_attributes": {
        "role_name": "front",
        "ros_name": "sensor.camera.rgb",
        "chromatic_aberration_offset": "0.0",
        "sensor_tick": "0.100000",
        "fstop": "1.4",
        "image_size_x": "960",
        "image_size_y": "540",
        "fov": "70.00",
        "lens_circle_falloff": "5.0",
        "lens_circle_multiplier": "0.0",
        "exposure_compensation": "0.0",
        "lens_y_size": "0.08",
        "lens_k": "-1.0",
        "exposure_mode": "histogram",
        "lens_kcube": "0.0",
        "lens_x_size": "0.08",
        "exposure_max_bright": "12.0",
        "shutter_speed": "200.0",
        "bloom_intensity": "0.675",
        "iso": "100.0",
        "enable_postprocess_effects": "false",
        "gamma": "2.2",
        "motion_blur_intensity": "0.0",
        "motion_blur_max_distortion": "0.35",
        "lens_flare_intensity": "0.1",
        "motion_blur_min_object_screen_size": "0.1",
        "exposure_min_bright": "10.0",
        "exposure_speed_up": "3.0",
        "exposure_speed_down": "1.0",
        "tint": "0.0",
        "calibration_constant": "16.0",
        "focal_distance": "1000.0",
        "min_fstop": "1.2",
        "blade_count": "5",
        "blur_amount": "0.0",
        "blur_radius": "0.0",
        "slope": "0.88",
        "toe": "0.55",
        "white_clip": "0.04",
        "shoulder": "0.26",
        "black_clip": "0.0",
        "temp": "6500.0",
        "chromatic_aberration_intensity": "0.0"
      },
      "transform_carla": {
        "location": {
          "x": 104.56478118896484,
          "y": -36.30892562866211,
          "z": 1.6959776878356934
        },
        "rotation": {
          "roll": -0.013671476393938065,
          "pitch": 0.011174188926815987,
          "yaw": 15.839971542358398
        }
      },
      "matrix_world_from_sensor_carla": [
        [
          0.9620277881622314,
          -0.27295151352882385,
          -0.0001224912266479805,
          104.56478118896484
        ],
        [
          0.2729514539241791,
          0.9620277881622314,
          -0.000282784370938316,
          -36.30892562866211
        ],
        [
          0.0001950263831531629,
          0.0002386122796451673,
          1.0,
          1.6959776878356934
        ],
        [
          0.0,
          0.0,
          0.0,
          1.0
        ]
      ],
      "matrix_world_from_sensor_bevfusion": [
        [
          -0.27295151352882385,
          0.0001224912266479805,
          0.9620277881622314,
          104.56478118896484
        ],
        [
          -0.9620277881622314,
          -0.000282784370938316,
          -0.2729514539241791,
          36.30892562866211
        ],
        [
          0.0002386122796451673,
          -1.0,
          0.0001950263831531629,
          1.6959776878356934
        ],
        [
          0.0,
          0.0,
          0.0,
          1.0
        ]
      ],
      "matrix_ego_from_sensor_carla": [
        [
          -0.5735765695571899,
          -0.8191519975662231,
          6.693881005048752e-10,
          -1.2999961376190186
        ],
        [
          0.8191519379615784,
          -0.5735765695571899,
          9.32413968257606e-09,
          0.5499954223632812
        ],
        [
          -7.229374432426994e-09,
          5.937510927367384e-09,
          1.0,
          1.6999999284744263
        ],
        [
          0.0,
          0.0,
          0.0,
          1.0
        ]
      ],
      "matrix_ego_from_sensor_bevfusion": [
        [
          -0.8191519975662231,
          -6.693881005048752e-10,
          -0.5735765695571899,
          -1.2999961376190186
        ],
        [
          0.5735765695571899,
          9.32413968257606e-09,
          -0.8191519379615784,
          -0.5499954223632812
        ],
        [
          5.937510927367384e-09,
          -1.0,
          -7.229374432426994e-09,
          1.6999999284744263
        ],
        [
          0.0,
          0.0,
          0.0,
          1.0
        ]
      ],
      "camera_intrinsics": [
        [
          685.5110473632812,
          0.0,
          480.0
        ],
        [
          0.0,
          685.5110473632812,
          270.0
        ],
        [
          0.0,
          0.0,
          1.0
        ]
      ],
      "data_path": "D:\\Agent-AI\\outputs\\s3a_ml_long_v1\\sample_000050\\images\\CAM_BACK_RIGHT.png",
      "raw_layout": "bgra8"
    },
    "LIDAR_TOP": {
      "type_id": "sensor.lidar.ray_cast",
      "blueprint_attributes": {
        "atmosphere_attenuation_rate": "0.004",
        "role_name": "front",
        "noise_seed": "0",
        "upper_fov": "10.0",
        "ros_name": "sensor.lidar.ray_cast",
        "sensor_tick": "0.100000",
        "channels": "32",
        "range": "120.0",
        "points_per_second": "360000",
        "lower_fov": "-30.0",
        "rotation_frequency": "10.000000",
        "horizontal_fov": "360.0",
        "dropoff_general_rate": "0.0",
        "dropoff_intensity_limit": "1.0",
        "noise_stddev": "0.0",
        "dropoff_zero_intensity": "0.0"
      },
      "transform_carla": {
        "location": {
          "x": 103.61851501464844,
          "y": -37.35654067993164,
          "z": 2.1955654621124268
        },
        "rotation": {
          "roll": -0.0013122543459758162,
          "pitch": -0.01760822720825672,
          "yaw": -109.1600341796875
        }
      },
      "matrix_world_from_sensor_carla": [
        [
          -0.3282078206539154,
          0.9446055293083191,
          -0.00012249979772605002,
          103.61851501464844
        ],
        [
          -0.9446054697036743,
          -0.3282078504562378,
          -0.0002827806456480175,
          -37.35654067993164
        ],
        [
          -0.00030732154846191406,
          2.290315751451999e-05,
          0.9999999403953552,
          2.1955654621124268
        ],
        [
          0.0,
          0.0,
          0.0,
          1.0
        ]
      ],
      "matrix_world_from_sensor_bevfusion": [
        [
          -0.3282078206539154,
          -0.9446055293083191,
          -0.00012249979772605002,
          103.61851501464844
        ],
        [
          0.9446054697036743,
          -0.3282078504562378,
          0.0002827806456480175,
          37.35654067993164
        ],
        [
          -0.00030732154846191406,
          -2.290315751451999e-05,
          0.9999999403953552,
          2.1955654621124268
        ],
        [
          0.0,
          0.0,
          0.0,
          1.0
        ]
      ],
      "matrix_ego_from_sensor_carla": [
        [
          1.0,
          2.9383423694184785e-08,
          -1.0786036994114845e-11,
          3.0994415283203125e-06
        ],
        [
          9.820711355246203e-09,
          1.0,
          2.272844022363496e-12,
          0.0
        ],
        [
          1.8317791727895383e-11,
          -1.3651345678877824e-12,
          1.0,
          2.200000047683716
        ],
        [
          0.0,
          0.0,
          0.0,
          1.0
        ]
      ],
      "matrix_ego_from_sensor_bevfusion": [
        [
          1.0,
          -2.9383423694184785e-08,
          -1.0786036994114845e-11,
          3.0994415283203125e-06
        ],
        [
          -9.820711355246203e-09,
          1.0,
          -2.272844022363496e-12,
          0.0
        ],
        [
          1.8317791727895383e-11,
          1.3651345678877824e-12,
          1.0,
          2.200000047683716
        ],
        [
          0.0,
          0.0,
          0.0,
          1.0
        ]
      ],
      "data_path": "D:\\Agent-AI\\outputs\\s3a_ml_long_v1\\sample_000050\\lidar\\LIDAR_TOP.npy",
      "raw_layout": [
        "x",
        "y",
        "z",
        "intensity"
      ]
    },
    "RADAR_FRONT": {
      "type_id": "sensor.other.radar",
      "blueprint_attributes": {
        "sensor_tick": "0.100000",
        "role_name": "default",
        "noise_seed": "0",
        "ros_name": "sensor.other.radar",
        "horizontal_fov": "35.0",
        "points_per_second": "1500",
        "vertical_fov": "20.0",
        "range": "120.0"
      },
      "transform_carla": {
        "location": {
          "x": 102.96226501464844,
          "y": -39.245384216308594,
          "z": 0.8949509859085083
        },
        "rotation": {
          "roll": -0.0013122543459758162,
          "pitch": -0.01760822720825672,
          "yaw": -109.1600341796875
        }
      },
      "matrix_world_from_sensor_carla": [
        [
          -0.3282078206539154,
          0.9446055293083191,
          -0.00012249979772605002,
          102.96226501464844
        ],
        [
          -0.9446054697036743,
          -0.3282078504562378,
          -0.0002827806456480175,
          -39.245384216308594
        ],
        [
          -0.00030732154846191406,
          2.290315751451999e-05,
          0.9999999403953552,
          0.8949509859085083
        ],
        [
          0.0,
          0.0,
          0.0,
          1.0
        ]
      ],
      "matrix_world_from_sensor_bevfusion": [
        [
          -0.3282078206539154,
          -0.9446055293083191,
          -0.00012249979772605002,
          102.96226501464844
        ],
        [
          0.9446054697036743,
          -0.3282078504562378,
          0.0002827806456480175,
          39.245384216308594
        ],
        [
          -0.00030732154846191406,
          -2.290315751451999e-05,
          0.9999999403953552,
          0.8949509859085083
        ],
        [
          0.0,
          0.0,
          0.0,
          1.0
        ]
      ],
      "matrix_ego_from_sensor_carla": [
        [
          1.0,
          2.9383423694184785e-08,
          -1.0786036994114845e-11,
          2.0
        ],
        [
          9.820711355246203e-09,
          1.0,
          2.272844022363496e-12,
          7.62939453125e-06
        ],
        [
          1.8317791727895383e-11,
          -1.3651345678877824e-12,
          1.0,
          0.8999999165534973
        ],
        [
          0.0,
          0.0,
          0.0,
          1.0
        ]
      ],
      "matrix_ego_from_sensor_bevfusion": [
        [
          1.0,
          -2.9383423694184785e-08,
          -1.0786036994114845e-11,
          2.0
        ],
        [
          -9.820711355246203e-09,
          1.0,
          -2.272844022363496e-12,
          -7.62939453125e-06
        ],
        [
          1.8317791727895383e-11,
          1.3651345678877824e-12,
          1.0,
          0.8999999165534973
        ],
        [
          0.0,
          0.0,
          0.0,
          1.0
        ]
      ],
      "data_path": "D:\\Agent-AI\\outputs\\s3a_ml_long_v1\\sample_000050\\radar\\RADAR_FRONT.npy",
      "raw_layout": [
        "velocity",
        "altitude",
        "azimuth",
        "depth"
      ]
    },
    "RADAR_FRONT_LEFT": {
      "type_id": "sensor.other.radar",
      "blueprint_attributes": {
        "sensor_tick": "0.100000",
        "role_name": "default",
        "noise_seed": "0",
        "ros_name": "sensor.other.radar",
        "horizontal_fov": "35.0",
        "points_per_second": "1500",
        "vertical_fov": "20.0",
        "range": "120.0"
      },
      "transform_carla": {
        "location": {
          "x": 102.36868286132812,
          "y": -38.668617248535156,
          "z": 0.8950414061546326
        },
        "rotation": {
          "roll": 0.011523286812007427,
          "pitch": -0.013380340300500393,
          "yaw": -154.16004943847656
        }
      },
      "matrix_world_from_sensor_carla": [
        [
          -0.9000150561332703,
          0.435858815908432,
          -0.0001225218002218753,
          102.36868286132812
        ],
        [
          -0.4358587861061096,
          -0.9000150561332703,
          -0.0002827969437930733,
          -38.668617248535156
        ],
        [
          -0.00023353099822998047,
          -0.00020111929916311055,
          1.0,
          0.8950414061546326
        ],
        [
          0.0,
          0.0,
          0.0,
          1.0
        ]
      ],
      "matrix_world_from_sensor_bevfusion": [
        [
          -0.9000150561332703,
          -0.435858815908432,
          -0.0001225218002218753,
          102.36868286132812
        ],
        [
          0.4358587861061096,
          -0.9000150561332703,
          0.0002827969437930733,
          38.668617248535156
        ],
        [
          -0.00023353099822998047,
          0.00020111929916311055,
          1.0,
          0.8950414061546326
        ],
        [
          0.0,
          0.0,
          0.0,
          1.0
        ]
      ],
      "matrix_ego_from_sensor_carla": [
        [
          0.7071066498756409,
          0.7071070075035095,
          2.2584572434425354e-08,
          1.6500033140182495
        ],
        [
          -0.7071069478988647,
          0.7071066498756409,
          -1.5434125089086592e-08,
          -0.75
        ],
        [
          -2.689257172505677e-08,
          -5.066630670569339e-09,
          1.0,
          0.8999999761581421
        ],
        [
          0.0,
          0.0,
          0.0,
          1.0
        ]
      ],
      "matrix_ego_from_sensor_bevfusion": [
        [
          0.7071066498756409,
          -0.7071070075035095,
          2.2584572434425354e-08,
          1.6500033140182495
        ],
        [
          0.7071069478988647,
          0.7071066498756409,
          1.5434125089086592e-08,
          0.75
        ],
        [
          -2.689257172505677e-08,
          5.066630670569339e-09,
          1.0,
          0.8999999761581421
        ],
        [
          0.0,
          0.0,
          0.0,
          1.0
        ]
      ],
      "data_path": "D:\\Agent-AI\\outputs\\s3a_ml_long_v1\\sample_000050\\radar\\RADAR_FRONT_LEFT.npy",
      "raw_layout": [
        "velocity",
        "altitude",
        "azimuth",
        "depth"
      ]
    },
    "RADAR_FRONT_RIGHT": {
      "type_id": "sensor.other.radar",
      "blueprint_attributes": {
        "sensor_tick": "0.100000",
        "role_name": "default",
        "noise_seed": "0",
        "ros_name": "sensor.other.radar",
        "horizontal_fov": "35.0",
        "points_per_second": "1500",
        "vertical_fov": "20.0",
