{
  "schema_version": "stage1.v1",
  "sample_name": "sample_000053",
  "sequence_index": 53,
  "previous_sample_name": "sample_000052",
  "frame_id": 60054,
  "timestamp": 440.31970082968473,
  "platform_timestamp": 16814585.4431949,
  "delta_seconds": 0.10000000149011612,
  "town": "Carla/Maps/Town10HD_Opt",
  "weather": {
    "cloudiness": 20.0,
    "dust_storm": 0.0,
    "fog_density": 2.0,
    "fog_distance": 0.75,
    "fog_falloff": 0.10000000149011612,
    "mie_scattering_scale": 0.029999999329447746,
    "precipitation": 0.0,
    "precipitation_deposits": 0.0,
    "rayleigh_scattering_scale": 0.03310000151395798,
    "scattering_intensity": 1.0,
    "sun_altitude_angle": 45.0,
    "sun_azimuth_angle": 300.0,
    "wetness": 0.0,
    "wind_intensity": 10.0
  },
  "sensor_names": [
    "CAM_FRONT",
    "CAM_FRONT_RIGHT",
    "CAM_FRONT_LEFT",
    "CAM_BACK",
    "CAM_BACK_LEFT",
    "CAM_BACK_RIGHT",
    "LIDAR_TOP",
    "RADAR_FRONT",
    "RADAR_FRONT_LEFT",
    "RADAR_FRONT_RIGHT",
    "RADAR_BACK_LEFT",
    "RADAR_BACK_RIGHT"
  ],
  "camera_order_for_model": [
    "CAM_FRONT",
    "CAM_FRONT_RIGHT",
    "CAM_FRONT_LEFT",
    "CAM_BACK",
    "CAM_BACK_LEFT",
    "CAM_BACK_RIGHT"
  ],
  "radar_order_for_model": [
    "RADAR_FRONT",
    "RADAR_FRONT_LEFT",
    "RADAR_FRONT_RIGHT",
    "RADAR_BACK_LEFT",
    "RADAR_BACK_RIGHT"
  ],
  "coordinate_notes": {
    "carla_world": "left-handed x-forward y-right z-up",
    "bevfusion_lidar": "x-forward y-left z-up",
    "camera_frame_for_model": "OpenCV style x-right y-down z-forward"
  },
  "ego": {
    "actor_id": 28,
    "transform_carla": {
      "location": {
        "x": 89.97054290771484,
        "y": -55.89873504638672,
        "z": -0.004793205298483372
      },
      "rotation": {
        "roll": 0.6601935625076294,
        "pitch": 0.12258139997720718,
        "yaw": -142.17483520507812
      }
    },
    "velocity_carla": [
      -6.710813999176025,
      -4.963246822357178,
      -1.5411376807605848e-05
    ],
    "angular_velocity_carla": [
      -0.6448527574539185,
      -0.2530185580253601,
      -12.450746536254883
    ],
    "matrix_world_from_ego_carla": [
      [
        -0.7898840308189392,
        0.6131937503814697,
        0.008755899965763092,
        89.97054290771484
      ],
      [
        -0.613252580165863,
        -0.7898485064506531,
        -0.007789360359311104,
        -55.89873504638672
      ],
      [
        0.0021394474897533655,
        -0.011522269807755947,
        0.9999313354492188,
        -0.004793205298483372
      ],
      [
        0.0,
        0.0,
        0.0,
        1.0
      ]
    ],
    "matrix_world_from_ego_bevfusion": [
      [
        -0.7898840308189392,
        -0.6131937503814697,
        0.008755899965763092,
        89.97054290771484
      ],
      [
        0.613252580165863,
        -0.7898485064506531,
        0.007789360359311104,
        55.89873504638672
      ],
      [
        0.0021394474897533655,
        0.011522269807755947,
        0.9999313354492188,
        -0.004793205298483372
      ],
      [
        0.0,
        0.0,
        0.0,
        1.0
      ]
    ]
  },
  "sensors": {
    "CAM_FRONT": {
      "type_id": "sensor.camera.rgb",
      "blueprint_attributes": {
        "role_name": "front",
        "ros_name": "sensor.camera.rgb",
        "chromatic_aberration_offset": "0.0",
        "sensor_tick": "0.100000",
        "fstop": "1.4",
        "image_size_x": "960",
        "image_size_y": "540",
        "fov": "70.00",
        "lens_circle_falloff": "5.0",
        "lens_circle_multiplier": "0.0",
        "exposure_compensation": "0.0",
        "lens_y_size": "0.08",
        "lens_k": "-1.0",
        "exposure_mode": "histogram",
        "lens_kcube": "0.0",
        "lens_x_size": "0.08",
        "exposure_max_bright": "12.0",
        "shutter_speed": "200.0",
        "bloom_intensity": "0.675",
        "iso": "100.0",
        "enable_postprocess_effects": "false",
        "gamma": "2.2",
        "motion_blur_intensity": "0.0",
        "motion_blur_max_distortion": "0.35",
        "lens_flare_intensity": "0.1",
        "motion_blur_min_object_screen_size": "0.1",
        "exposure_min_bright": "10.0",
        "exposure_speed_up": "3.0",
        "exposure_speed_down": "1.0",
        "tint": "0.0",
        "calibration_constant": "16.0",
        "focal_distance": "1000.0",
        "min_fstop": "1.2",
        "blade_count": "5",
        "blur_amount": "0.0",
        "blur_radius": "0.0",
        "slope": "0.88",
        "toe": "0.55",
        "white_clip": "0.04",
        "shoulder": "0.26",
        "black_clip": "0.0",
        "temp": "6500.0",
        "chromatic_aberration_intensity": "0.0"
      },
      "transform_carla": {
        "location": {
          "x": 88.7611083984375,
          "y": -56.862518310546875,
          "z": 1.6984062194824219
        },
        "rotation": {
          "roll": 0.6601935625076294,
          "pitch": 0.12258139997720718,
          "yaw": -142.17483520507812
        }
      },
      "matrix_world_from_sensor_carla": [
        [
          -0.7898840308189392,
          0.6131937503814697,
          0.008755899965763092,
          88.7611083984375
        ],
        [
          -0.613252580165863,
          -0.7898485064506531,
          -0.007789360359311104,
          -56.862518310546875
        ],
        [
          0.0021394474897533655,
          -0.011522269807755947,
          0.9999313354492188,
          1.6984062194824219
        ],
        [
          0.0,
          0.0,
          0.0,
          1.0
        ]
      ],
      "matrix_world_from_sensor_bevfusion": [
        [
          0.6131937503814697,
          -0.008755899965763092,
          -0.7898840308189392,
          88.7611083984375
        ],
        [
          0.7898485064506531,
          -0.007789360359311104,
          0.613252580165863,
          56.862518310546875
        ],
        [
          -0.011522269807755947,
          -0.9999313354492188,
          0.0021394474897533655,
          1.6984062194824219
        ],
        [
          0.0,
          0.0,
          0.0,
          1.0
        ]
      ],
      "matrix_ego_from_sensor_carla": [
        [
          1.0,
          3.295428285809976e-08,
          4.776126161232241e-10,
          1.5500030517578125
        ],
        [
          2.042621360942576e-08,
          1.0,
          -4.5277204208105104e-10,
          0.0
        ],
        [
          1.1935341603930283e-11,
          4.786144813806459e-10,
          1.0,
          1.7000000476837158
        ],
        [
          0.0,
          0.0,
          0.0,
          1.0
        ]
      ],
      "matrix_ego_from_sensor_bevfusion": [
        [
          3.295428285809976e-08,
          -4.776126161232241e-10,
          1.0,
          1.5500030517578125
        ],
        [
          -1.0,
          -4.5277204208105104e-10,
          -2.042621360942576e-08,
          0.0
        ],
        [
          4.786144813806459e-10,
          -1.0,
          1.1935341603930283e-11,
          1.7000000476837158
        ],
        [
          0.0,
          0.0,
          0.0,
          1.0
        ]
      ],
      "camera_intrinsics": [
        [
          685.5110473632812,
          0.0,
          480.0
        ],
        [
          0.0,
          685.5110473632812,
          270.0
        ],
        [
          0.0,
          0.0,
          1.0
        ]
      ],
      "data_path": "D:\\Agent-AI\\outputs\\s3a_ml_long_v2\\sample_000053\\images\\CAM_FRONT.png",
      "raw_layout": "bgra8"
    },
    "CAM_FRONT_RIGHT": {
      "type_id": "sensor.camera.rgb",
      "blueprint_attributes": {
        "role_name": "front",
        "ros_name": "sensor.camera.rgb",
        "chromatic_aberration_offset": "0.0",
        "sensor_tick": "0.100000",
        "fstop": "1.4",
        "image_size_x": "960",
        "image_size_y": "540",
        "fov": "70.00",
        "lens_circle_falloff": "5.0",
        "lens_circle_multiplier": "0.0",
        "exposure_compensation": "0.0",
        "lens_y_size": "0.08",
        "lens_k": "-1.0",
        "exposure_mode": "histogram",
        "lens_kcube": "0.0",
        "lens_x_size": "0.08",
        "exposure_max_bright": "12.0",
        "shutter_speed": "200.0",
        "bloom_intensity": "0.675",
        "iso": "100.0",
        "enable_postprocess_effects": "false",
        "gamma": "2.2",
        "motion_blur_intensity": "0.0",
        "motion_blur_max_distortion": "0.35",
        "lens_flare_intensity": "0.1",
        "motion_blur_min_object_screen_size": "0.1",
        "exposure_min_bright": "10.0",
        "exposure_speed_up": "3.0",
        "exposure_speed_down": "1.0",
        "tint": "0.0",
        "calibration_constant": "16.0",
        "focal_distance": "1000.0",
        "min_fstop": "1.2",
        "blade_count": "5",
        "blur_amount": "0.0",
        "blur_radius": "0.0",
        "slope": "0.88",
        "toe": "0.55",
        "white_clip": "0.04",
        "shoulder": "0.26",
        "black_clip": "0.0",
        "temp": "6500.0",
        "chromatic_aberration_intensity": "0.0"
      },
      "transform_carla": {
        "location": {
          "x": 89.29583740234375,
          "y": -57.14362335205078,
          "z": 1.6915339231491089
        },
        "rotation": {
          "roll": 0.47909682989120483,
          "pitch": -0.4704838991165161,
          "yaw": -87.17749786376953
        }
      },
      "matrix_world_from_sensor_carla": [
        [
          0.04924042150378227,
          0.9987485408782959,
          0.008755908347666264,
          89.29583740234375
        ],
        [
          -0.9987531900405884,
          0.04930894076824188,
          -0.007789404597133398,
          -57.14362335205078
        ],
        [
          -0.008211401291191578,
          -0.008361437357962132,
          0.999931275844574,
          1.6915339231491089
        ],
        [
          0.0,
          0.0,
          0.0,
          1.0
        ]
      ],
      "matrix_world_from_sensor_bevfusion": [
        [
          0.9987485408782959,
          -0.008755908347666264,
          0.04924042150378227,
          89.29583740234375
        ],
        [
          -0.04930894076824188,
          -0.007789404597133398,
          0.9987531900405884,
          57.14362335205078
        ],
        [
          -0.008361437357962132,
          -0.999931275844574,
          -0.008211401291191578,
          1.6915339231491089
        ],
        [
          0.0,
          0.0,
          0.0,
          1.0
        ]
      ],
      "matrix_ego_from_sensor_carla": [
        [
          0.5735760927200317,
          -0.8191521763801575,
          2.0373526865569147e-08,
          1.3000068664550781
        ],
        [
          0.8191522359848022,
          0.5735760927200317,
          4.028088085306081e-08,
          0.5500030517578125
        ],
        [
          -4.432146027966155e-08,
          -5.148301340796024e-09,
          0.9999999403953552,
          1.6999998092651367
        ],
        [
          0.0,
          0.0,
          0.0,
          1.0
        ]
      ],
      "matrix_ego_from_sensor_bevfusion": [
        [
          -0.8191521763801575,
          -2.0373526865569147e-08,
          0.5735760927200317,
          1.3000068664550781
        ],
        [
          -0.5735760927200317,
          4.028088085306081e-08,
          -0.8191522359848022,
          -0.5500030517578125
        ],
        [
          -5.148301340796024e-09,
          -0.9999999403953552,
          -4.432146027966155e-08,
          1.6999998092651367
        ],
        [
          0.0,
          0.0,
          0.0,
          1.0
        ]
      ],
      "camera_intrinsics": [
        [
          685.5110473632812,
          0.0,
          480.0
        ],
        [
          0.0,
          685.5110473632812,
          270.0
        ],
        [
          0.0,
          0.0,
          1.0
        ]
      ],
      "data_path": "D:\\Agent-AI\\outputs\\s3a_ml_long_v2\\sample_000053\\images\\CAM_FRONT_RIGHT.png",
      "raw_layout": "bgra8"
    },
    "CAM_FRONT_LEFT": {
      "type_id": "sensor.camera.rgb",
      "blueprint_attributes": {
        "role_name": "front",
        "ros_name": "sensor.camera.rgb",
        "chromatic_aberration_offset": "0.0",
        "sensor_tick": "0.100000",
        "fstop": "1.4",
        "image_size_x": "960",
        "image_size_y": "540",
        "fov": "70.00",
        "lens_circle_falloff": "5.0",
        "lens_circle_multiplier": "0.0",
        "exposure_compensation": "0.0",
        "lens_y_size": "0.08",
        "lens_k": "-1.0",
        "exposure_mode": "histogram",
        "lens_kcube": "0.0",
        "lens_x_size": "0.08",
        "exposure_max_bright": "12.0",
        "shutter_speed": "200.0",
        "bloom_intensity": "0.675",
        "iso": "100.0",
        "enable_postprocess_effects": "false",
        "gamma": "2.2",
        "motion_blur_intensity": "0.0",
        "motion_blur_max_distortion": "0.35",
        "lens_flare_intensity": "0.1",
        "motion_blur_min_object_screen_size": "0.1",
        "exposure_min_bright": "10.0",
        "exposure_speed_up": "3.0",
        "exposure_speed_down": "1.0",
        "tint": "0.0",
        "calibration_constant": "16.0",
        "focal_distance": "1000.0",
        "min_fstop": "1.2",
        "blade_count": "5",
        "blur_amount": "0.0",
        "blur_radius": "0.0",
        "slope": "0.88",
        "toe": "0.55",
        "white_clip": "0.04",
        "shoulder": "0.26",
        "black_clip": "0.0",
        "temp": "6500.0",
        "chromatic_aberration_intensity": "0.0"
      },
      "transform_carla": {
        "location": {
          "x": 88.62132263183594,
          "y": -56.27478790283203,
          "z": 1.7042086124420166
        },
        "rotation": {
          "roll": 0.2782663404941559,
          "pitch": 0.6111106276512146,
          "yaw": 162.82594299316406
        }
      },
      "matrix_world_from_sensor_carla": [
        [
          -0.9553578495979309,
          -0.2953214645385742,
          0.008755962364375591,
          88.62132263183594
        ],
        [
          0.29525867104530334,
          -0.9553855657577515,
          -0.00778937665745616,
          -56.27478790283203
        ],
        [
          0.010665690526366234,
          -0.004856368526816368,
          0.9999313354492188,
          1.7042086124420166
        ],
        [
          0.0,
          0.0,
          0.0,
          1.0
        ]
      ],
      "matrix_world_from_sensor_bevfusion": [
        [
          -0.2953214645385742,
          -0.008755962364375591,
          -0.9553578495979309,
          88.62132263183594
        ],
        [
          0.9553855657577515,
          -0.00778937665745616,
          -0.29525867104530334,
          56.27478790283203
        ],
        [
          -0.004856368526816368,
          -0.9999313354492188,
          0.010665690526366234,
          1.7042086124420166
        ],
        [
          0.0,
          0.0,
          0.0,
          1.0
        ]
      ],
      "matrix_ego_from_sensor_carla": [
        [
          0.5735765695571899,
          0.8191519379615784,
          -3.910359680503461e-08,
          1.2999992370605469
        ],
        [
          -0.8191519975662231,
          0.5735765695571899,
          5.076996956177027e-08,
          -0.5500030517578125
        ],
        [
          6.392595253146283e-08,
          2.3751880462441477e-09,
          1.0,
          1.7000000476837158
        ],
        [
          0.0,
          0.0,
          0.0,
          1.0
        ]
      ],
      "matrix_ego_from_sensor_bevfusion": [
        [
          0.8191519379615784,
          3.910359680503461e-08,
          0.5735765695571899,
          1.2999992370605469
        ],
        [
          -0.5735765695571899,
          5.076996956177027e-08,
          0.8191519975662231,
          0.5500030517578125
        ],
        [
          2.3751880462441477e-09,
          -1.0,
          6.392595253146283e-08,
          1.7000000476837158
        ],
        [
          0.0,
          0.0,
          0.0,
          1.0
        ]
      ],
      "camera_intrinsics": [
        [
          685.5110473632812,
          0.0,
          480.0
        ],
        [
          0.0,
          685.5110473632812,
          270.0
        ],
        [
          0.0,
          0.0,
          1.0
        ]
      ],
      "data_path": "D:\\Agent-AI\\outputs\\s3a_ml_long_v2\\sample_000053\\images\\CAM_FRONT_LEFT.png",
      "raw_layout": "bgra8"
    },
    "CAM_BACK": {
      "type_id": "sensor.camera.rgb",
      "blueprint_attributes": {
        "role_name": "front",
        "ros_name": "sensor.camera.rgb",
        "chromatic_aberration_offset": "0.0",
        "sensor_tick": "0.100000",
        "fstop": "1.4",
        "image_size_x": "960",
        "image_size_y": "540",
        "fov": "70.00",
        "lens_circle_falloff": "5.0",
        "lens_circle_multiplier": "0.0",
        "exposure_compensation": "0.0",
        "lens_y_size": "0.08",
        "lens_k": "-1.0",
        "exposure_mode": "histogram",
        "lens_kcube": "0.0",
        "lens_x_size": "0.08",
        "exposure_max_bright": "12.0",
        "shutter_speed": "200.0",
        "bloom_intensity": "0.675",
        "iso": "100.0",
        "enable_postprocess_effects": "false",
        "gamma": "2.2",
        "motion_blur_intensity": "0.0",
        "motion_blur_max_distortion": "0.35",
        "lens_flare_intensity": "0.1",
        "motion_blur_min_object_screen_size": "0.1",
        "exposure_min_bright": "10.0",
        "exposure_speed_up": "3.0",
        "exposure_speed_down": "1.0",
        "tint": "0.0",
        "calibration_constant": "16.0",
        "focal_distance": "1000.0",
        "min_fstop": "1.2",
        "blade_count": "5",
        "blur_amount": "0.0",
        "blur_radius": "0.0",
        "slope": "0.88",
        "toe": "0.55",
        "white_clip": "0.04",
        "shoulder": "0.26",
        "black_clip": "0.0",
        "temp": "6500.0",
        "chromatic_aberration_intensity": "0.0"
      },
      "transform_carla": {
        "location": {
          "x": 91.20975494384766,
          "y": -54.96143341064453,
          "z": 1.691773772239685
        },
        "rotation": {
          "roll": -0.6601934432983398,
          "pitch": -0.12258139997720718,
          "yaw": 37.82518768310547
        }
      },
      "matrix_world_from_sensor_carla": [
        [
          0.7898837327957153,
          -0.6131941676139832,
          0.00875590369105339,
          91.20975494384766
        ],
        [
          0.6132529973983765,
          0.7898482084274292,
          -0.007789354771375656,
          -54.96143341064453
        ],
        [
          -0.0021394474897533655,
          0.011522267945110798,
          0.9999313354492188,
          1.691773772239685
        ],
        [
          0.0,
          0.0,
          0.0,
          1.0
        ]
      ],
      "matrix_world_from_sensor_bevfusion": [
        [
          -0.6131941676139832,
          -0.00875590369105339,
          0.7898837327957153,
          91.20975494384766
        ],
        [
          -0.7898482084274292,
          -0.007789354771375656,
          -0.6132529973983765,
          54.96143341064453
        ],
        [
          0.011522267945110798,
          -0.9999313354492188,
          -0.0021394474897533655,
          1.691773772239685
        ],
        [
          0.0,
          0.0,
          0.0,
          1.0
        ]
      ],
      "matrix_ego_from_sensor_carla": [
        [
          -1.0,
          4.776320565724745e-07,
          -6.274476049838995e-09,
          -1.5499992370605469
        ],
        [
          -5.585942517427611e-07,
          -1.0,
          -2.315417191312008e-09,
          7.62939453125e-06
        ],
        [
          -6.065532076604541e-09,
          -3.2724543075346446e-09,
          1.0,
          1.6999998092651367
        ],
        [
          0.0,
          0.0,
          0.0,
          1.0
        ]
      ],
      "matrix_ego_from_sensor_bevfusion": [
        [
          4.776320565724745e-07,
          6.274476049838995e-09,
          -1.0,
          -1.5499992370605469
        ],
        [
          1.0,
          -2.315417191312008e-09,
          5.585942517427611e-07,
          -7.62939453125e-06
        ],
        [
          -3.2724543075346446e-09,
          -1.0,
          -6.065532076604541e-09,
          1.6999998092651367
        ],
        [
          0.0,
          0.0,
          0.0,
          1.0
        ]
      ],
      "camera_intrinsics": [
        [
          685.5110473632812,
          0.0,
          480.0
        ],
        [
          0.0,
          685.5110473632812,
          270.0
        ],
        [
          0.0,
          0.0,
          1.0
        ]
      ],
      "data_path": "D:\\Agent-AI\\outputs\\s3a_ml_long_v2\\sample_000053\\images\\CAM_BACK.png",
      "raw_layout": "bgra8"
    },
    "CAM_BACK_LEFT": {
      "type_id": "sensor.camera.rgb",
      "blueprint_attributes": {
        "role_name": "front",
        "ros_name": "sensor.camera.rgb",
        "chromatic_aberration_offset": "0.0",
        "sensor_tick": "0.100000",
        "fstop": "1.4",
        "image_size_x": "960",
        "image_size_y": "540",
        "fov": "70.00",
        "lens_circle_falloff": "5.0",
        "lens_circle_multiplier": "0.0",
        "exposure_compensation": "0.0",
        "lens_y_size": "0.08",
        "lens_k": "-1.0",
        "exposure_mode": "histogram",
        "lens_kcube": "0.0",
        "lens_x_size": "0.08",
        "exposure_max_bright": "12.0",
        "shutter_speed": "200.0",
        "bloom_intensity": "0.675",
        "iso": "100.0",
        "enable_postprocess_effects": "false",
        "gamma": "2.2",
        "motion_blur_intensity": "0.0",
        "motion_blur_max_distortion": "0.35",
        "lens_flare_intensity": "0.1",
        "motion_blur_min_object_screen_size": "0.1",
        "exposure_min_bright": "10.0",
        "exposure_speed_up": "3.0",
        "exposure_speed_down": "1.0",
        "tint": "0.0",
        "calibration_constant": "16.0",
        "focal_distance": "1000.0",
        "min_fstop": "1.2",
        "blade_count": "5",
        "blur_amount": "0.0",
        "blur_radius": "0.0",
        "slope": "0.88",
        "toe": "0.55",
        "white_clip": "0.04",
        "shoulder": "0.26",
        "black_clip": "0.0",
        "temp": "6500.0",
        "chromatic_aberration_intensity": "0.0"
      },
      "transform_carla": {
        "location": {
          "x": 90.67501831054688,
          "y": -54.68033218383789,
          "z": 1.698646068572998
        },
        "rotation": {
          "roll": -0.4790966510772705,
          "pitch": 0.4704838991165161,
          "yaw": 92.82250213623047
        }
      },
      "matrix_world_from_sensor_carla": [
        [
          -0.049240387976169586,
          -0.9987485408782959,
          0.00875590369105339,
          90.67501831054688
        ],
        [
          0.9987531900405884,
          -0.049308907240629196,
          -0.007789405062794685,
          -54.68033218383789
        ],
        [
          0.008211401291191578,
          0.008361433632671833,
          0.999931275844574,
          1.698646068572998
        ],
        [
          0.0,
          0.0,
          0.0,
          1.0
        ]
      ],
      "matrix_world_from_sensor_bevfusion": [
        [
          -0.9987485408782959,
          -0.00875590369105339,
          -0.049240387976169586,
          90.67501831054688
        ],
        [
          0.049308907240629196,
          -0.007789405062794685,
          -0.9987531900405884,
          54.68033218383789
        ],
        [
          0.008361433632671833,
          -0.999931275844574,
          0.008211401291191578,
          1.698646068572998
        ],
        [
          0.0,
          0.0,
          0.0,
          1.0
        ]
      ],
      "matrix_ego_from_sensor_carla": [
        [
          -0.5735761523246765,
          0.8191521763801575,
          2.433164780768493e-08,
          -1.2999916076660156
        ],
        [
          -0.8191522359848022,
          -0.5735760927200317,
          3.841823570382985e-08,
          -0.5499954223632812
        ],
        [
          4.432146027966155e-08,
          1.4232668377189839e-09,
          0.9999999403953552,
          1.7000000476837158
        ],
        [
          0.0,
          0.0,
          0.0,
          1.0
        ]
      ],
      "matrix_ego_from_sensor_bevfusion": [
        [
          0.8191521763801575,
          -2.433164780768493e-08,
          -0.5735761523246765,
          -1.2999916076660156
        ],
        [
          0.5735760927200317,
          3.841823570382985e-08,
          0.8191522359848022,
          0.5499954223632812
        ],
        [
          1.4232668377189839e-09,
          -0.9999999403953552,
          4.432146027966155e-08,
          1.7000000476837158
        ],
        [
          0.0,
          0.0,
          0.0,
          1.0
        ]
      ],
      "camera_intrinsics": [
        [
          685.5110473632812,
          0.0,
          480.0
        ],
        [
          0.0,
          685.5110473632812,
          270.0
        ],
        [
          0.0,
          0.0,
          1.0
        ]
      ],
      "data_path": "D:\\Agent-AI\\outputs\\s3a_ml_long_v2\\sample_000053\\images\\CAM_BACK_LEFT.png",
      "raw_layout": "bgra8"
    },
    "CAM_BACK_RIGHT": {
      "type_id": "sensor.camera.rgb",
      "blueprint_attributes": {
        "role_name": "front",
        "ros_name": "sensor.camera.rgb",
        "chromatic_aberration_offset": "0.0",
        "sensor_tick": "0.100000",
        "fstop": "1.4",
        "image_size_x": "960",
        "image_size_y": "540",
        "fov": "70.00",
        "lens_circle_falloff": "5.0",
        "lens_circle_multiplier": "0.0",
        "exposure_compensation": "0.0",
        "lens_y_size": "0.08",
        "lens_k": "-1.0",
        "exposure_mode": "histogram",
        "lens_kcube": "0.0",
        "lens_x_size": "0.08",
        "exposure_max_bright": "12.0",
        "shutter_speed": "200.0",
        "bloom_intensity": "0.675",
        "iso": "100.0",
        "enable_postprocess_effects": "false",
        "gamma": "2.2",
        "motion_blur_intensity": "0.0",
        "motion_blur_max_distortion": "0.35",
        "lens_flare_intensity": "0.1",
        "motion_blur_min_object_screen_size": "0.1",
        "exposure_min_bright": "10.0",
        "exposure_speed_up": "3.0",
        "exposure_speed_down": "1.0",
        "tint": "0.0",
        "calibration_constant": "16.0",
        "focal_distance": "1000.0",
        "min_fstop": "1.2",
        "blade_count": "5",
        "blur_amount": "0.0",
        "blur_radius": "0.0",
        "slope": "0.88",
        "toe": "0.55",
        "white_clip": "0.04",
        "shoulder": "0.26",
        "black_clip": "0.0",
        "temp": "6500.0",
        "chromatic_aberration_intensity": "0.0"
      },
      "transform_carla": {
        "location": {
          "x": 91.34954071044922,
          "y": -55.549163818359375,
          "z": 1.6859713792800903
        },
        "rotation": {
          "roll": -0.2782662510871887,
          "pitch": -0.6111106276512146,
          "yaw": -17.174055099487305
        }
      },
      "matrix_world_from_sensor_carla": [
        [
          0.9553578495979309,
          0.2953214645385742,
          0.008755962364375591,
          91.34954071044922
        ],
        [
          -0.29525867104530334,
          0.9553855657577515,
          -0.007789375260472298,
          -55.549163818359375
        ],
        [
          -0.010665690526366234,
          0.004856367129832506,
          0.9999313354492188,
          1.6859713792800903
        ],
        [
          0.0,
          0.0,
          0.0,
          1.0
        ]
      ],
      "matrix_world_from_sensor_bevfusion": [
        [
          0.2953214645385742,
          -0.008755962364375591,
          0.9553578495979309,
          91.34954071044922
        ],
        [
          -0.9553855657577515,
          -0.007789375260472298,
          0.29525867104530334,
          55.549163818359375
        ],
        [
          0.004856367129832506,
          -0.9999313354492188,
          -0.010665690526366234,
          1.6859713792800903
        ],
        [
          0.0,
          0.0,
          0.0,
          1.0
        ]
      ],
      "matrix_ego_from_sensor_carla": [
        [
          -0.5735765695571899,
          -0.8191519379615784,
          -3.980208873599622e-08,
          -1.3000030517578125
        ],
        [
          0.8191519975662231,
          -0.5735765695571899,
          4.983864698715479e-08,
          0.5500106811523438
        ],
        [
          -6.392595253146283e-08,
          -3.772075984898038e-09,
          1.0,
          1.6999998092651367
        ],
        [
          0.0,
          0.0,
          0.0,
          1.0
        ]
      ],
      "matrix_ego_from_sensor_bevfusion": [
        [
          -0.8191519379615784,
          3.980208873599622e-08,
          -0.5735765695571899,
          -1.3000030517578125
        ],
        [
          0.5735765695571899,
          4.983864698715479e-08,
          -0.8191519975662231,
          -0.5500106811523438
        ],
        [
          -3.772075984898038e-09,
          -1.0,
          -6.392595253146283e-08,
          1.6999998092651367
        ],
        [
          0.0,
          0.0,
          0.0,
          1.0
        ]
      ],
      "camera_intrinsics": [
        [
          685.5110473632812,
          0.0,
          480.0
        ],
        [
          0.0,
          685.5110473632812,
          270.0
        ],
        [
          0.0,
          0.0,
          1.0
        ]
      ],
      "data_path": "D:\\Agent-AI\\outputs\\s3a_ml_long_v2\\sample_000053\\images\\CAM_BACK_RIGHT.png",
      "raw_layout": "bgra8"
    },
    "LIDAR_TOP": {
      "type_id": "sensor.lidar.ray_cast",
      "blueprint_attributes": {
        "atmosphere_attenuation_rate": "0.004",
        "role_name": "front",
        "noise_seed": "0",
        "upper_fov": "10.0",
        "ros_name": "sensor.lidar.ray_cast",
        "sensor_tick": "0.100000",
        "channels": "32",
        "range": "120.0",
        "points_per_second": "360000",
        "lower_fov": "-30.0",
        "rotation_frequency": "10.000000",
        "horizontal_fov": "360.0",
        "dropoff_general_rate": "0.0",
        "dropoff_intensity_limit": "1.0",
        "noise_stddev": "0.0",
        "dropoff_zero_intensity": "0.0"
      },
      "transform_carla": {
        "location": {
          "x": 89.98981475830078,
          "y": -55.91587448120117,
          "z": 2.1950557231903076
        },
        "rotation": {
          "roll": 0.6601935625076294,
          "pitch": 0.12258139997720718,
          "yaw": -142.17483520507812
        }
      },
      "matrix_world_from_sensor_carla": [
        [
          -0.7898840308189392,
          0.6131937503814697,
          0.008755899965763092,
          89.98981475830078
        ],
        [
          -0.613252580165863,
          -0.7898485064506531,
          -0.007789360359311104,
          -55.91587448120117
        ],
        [
          0.0021394474897533655,
          -0.011522269807755947,
          0.9999313354492188,
          2.1950557231903076
        ],
        [
          0.0,
          0.0,
          0.0,
          1.0
        ]
      ],
      "matrix_world_from_sensor_bevfusion": [
        [
          -0.7898840308189392,
          -0.6131937503814697,
          0.008755899965763092,
          89.98981475830078
        ],
        [
          0.613252580165863,
          -0.7898485064506531,
          0.007789360359311104,
          55.91587448120117
        ],
        [
          0.0021394474897533655,
          0.011522269807755947,
          0.9999313354492188,
          2.1950557231903076
        ],
        [
          0.0,
          0.0,
          0.0,
          1.0
        ]
      ],
      "matrix_ego_from_sensor_carla": [
        [
          1.0,
          3.295428285809976e-08,
          4.776126161232241e-10,
          -3.814697265625e-06
        ],
        [
          2.042621360942576e-08,
          1.0,
          -4.5277204208105104e-10,
          7.62939453125e-06
        ],
        [
          1.1935341603930283e-11,
          4.786144813806459e-10,
          1.0,
          2.200000047683716
        ],
        [
          0.0,
          0.0,
          0.0,
          1.0
        ]
      ],
      "matrix_ego_from_sensor_bevfusion": [
        [
          1.0,
          -3.295428285809976e-08,
          4.776126161232241e-10,
          -3.814697265625e-06
        ],
        [
          -2.042621360942576e-08,
          1.0,
          4.5277204208105104e-10,
          -7.62939453125e-06
        ],
        [
          1.1935341603930283e-11,
          -4.786144813806459e-10,
          1.0,
          2.200000047683716
        ],
        [
          0.0,
          0.0,
          0.0,
          1.0
        ]
      ],
      "data_path": "D:\\Agent-AI\\outputs\\s3a_ml_long_v2\\sample_000053\\lidar\\LIDAR_TOP.npy",
      "raw_layout": [
        "x",
        "y",
        "z",
        "intensity"
      ]
    },
    "RADAR_FRONT": {
      "type_id": "sensor.other.radar",
      "blueprint_attributes": {
        "sensor_tick": "0.100000",
        "role_name": "default",
        "noise_seed": "0",
        "ros_name": "sensor.other.radar",
        "horizontal_fov": "35.0",
        "points_per_second": "1500",
        "vertical_fov": "20.0",
        "range": "120.0"
      },
      "transform_carla": {
        "location": {
          "x": 88.3986587524414,
          "y": -57.13224792480469,
          "z": 0.8994238376617432
        },
        "rotation": {
          "roll": 0.6601935625076294,
          "pitch": 0.12258139997720718,
          "yaw": -142.17483520507812
        }
      },
      "matrix_world_from_sensor_carla": [
        [
          -0.7898840308189392,
          0.6131937503814697,
          0.008755899965763092,
          88.3986587524414
        ],
        [
          -0.613252580165863,
          -0.7898485064506531,
          -0.007789360359311104,
          -57.13224792480469
        ],
        [
          0.0021394474897533655,
          -0.011522269807755947,
          0.9999313354492188,
          0.8994238376617432
        ],
        [
          0.0,
          0.0,
          0.0,
          1.0
        ]
      ],
      "matrix_world_from_sensor_bevfusion": [
        [
          -0.7898840308189392,
          -0.6131937503814697,
          0.008755899965763092,
          88.3986587524414
        ],
        [
          0.613252580165863,
          -0.7898485064506531,
          0.007789360359311104,
          57.13224792480469
        ],
        [
          0.0021394474897533655,
          0.011522269807755947,
          0.9999313354492188,
          0.8994238376617432
        ],
        [
          0.0,
          0.0,
          0.0,
          1.0
        ]
      ],
      "matrix_ego_from_sensor_carla": [
        [
          1.0,
          3.295428285809976e-08,
          4.776126161232241e-10,
          1.9999961853027344
        ],
        [
          2.042621360942576e-08,
          1.0,
          -4.5277204208105104e-10,
          7.62939453125e-06
        ],
        [
          1.1935341603930283e-11,
          4.786144813806459e-10,
          1.0,
          0.8999998569488525
        ],
        [
          0.0,
          0.0,
          0.0,
          1.0
        ]
      ],
      "matrix_ego_from_sensor_bevfusion": [
        [
          1.0,
          -3.295428285809976e-08,
          4.776126161232241e-10,
          1.9999961853027344
        ],
        [
          -2.042621360942576e-08,
          1.0,
          4.5277204208105104e-10,
          -7.62939453125e-06
        ],
        [
          1.1935341603930283e-11,
          -4.786144813806459e-10,
          1.0,
          0.8999998569488525
        ],
        [
          0.0,
          0.0,
          0.0,
          1.0
        ]
      ],
      "data_path": "D:\\Agent-AI\\outputs\\s3a_ml_long_v2\\sample_000053\\radar\\RADAR_FRONT.npy",
      "raw_layout": [
        "velocity",
        "altitude",
        "azimuth",
        "depth"
      ]
    },
    "RADAR_FRONT_LEFT": {
      "type_id": "sensor.other.radar",
      "blueprint_attributes": {
        "sensor_tick": "0.100000",
        "role_name": "default",
        "noise_seed": "0",
        "ros_name": "sensor.other.radar",
        "horizontal_fov": "35.0",
        "points_per_second": "1500",
        "vertical_fov": "20.0",
        "range": "120.0"
      },
      "transform_carla": {
        "location": {
          "x": 88.21522521972656,
          "y": -56.32522201538086,
          "z": 0.9073167443275452
        },
        "rotation": {
          "roll": 0.38015827536582947,
          "pitch": 0.5534980297088623,
          "yaw": 172.82630920410156
        }
      },
      "matrix_world_from_sensor_carla": [
        [
          -0.9921258687973022,
          -0.12493845075368881,
          0.008755825459957123,
          88.21522521972656
        ],
        [
          0.12487178295850754,
          -0.992142379283905,
          -0.00778934545814991,
          -56.32522201538086
        ],
        [
          0.009660213254392147,
          -0.006634654942899942,
          0.9999313354492188,
          0.9073167443275452
        ],
        [
          0.0,
          0.0,
          0.0,
          1.0
        ]
      ],
      "matrix_world_from_sensor_bevfusion": [
        [
          -0.9921258687973022,
          0.12493845075368881,
          0.008755825459957123,
          88.21522521972656
        ],
        [
          -0.12487178295850754,
          -0.992142379283905,
          0.00778934545814991,
          56.32522201538086
        ],
        [
          0.009660213254392147,
          0.006634654942899942,
          0.9999313354492188,
          0.9073167443275452
        ],
        [
          0.0,
          0.0,
          0.0,
          1.0
        ]
      ],
      "matrix_ego_from_sensor_carla": [
        [
          0.7071070671081543,
          0.7071065306663513,
          4.9837709070743585e-08,
          1.649993896484375
        ],
        [
          -0.7071064114570618,
          0.7071071863174438,
          -5.726344909362524e-08,
          -0.7499923706054688
        ],
        [
          -7.751230413077792e-08,
          6.668120278163769e-09,
          1.0,
          0.8999998569488525
        ],
        [
          0.0,
          0.0,
          0.0,
          1.0
        ]
      ],
      "matrix_ego_from_sensor_bevfusion": [
        [
          0.7071070671081543,
          -0.7071065306663513,
          4.9837709070743585e-08,
          1.649993896484375
        ],
        [
          0.7071064114570618,
          0.7071071863174438,
          5.726344909362524e-08,
          0.7499923706054688
        ],
        [
          -7.751230413077792e-08,
          -6.668120278163769e-09,
          1.0,
          0.8999998569488525
        ],
        [
          0.0,
          0.0,
          0.0,
          1.0
        ]
      ],
      "data_path": "D:\\Agent-AI\\outputs\\s3a_ml_long_v2\\sample_000053\\radar\\RADAR_FRONT_LEFT.npy",
      "raw_layout": [
        "velocity",
        "altitude",
        "azimuth",
        "depth"
      ]
    },
    "RADAR_FRONT_RIGHT": {
      "type_id": "sensor.other.radar",
      "blueprint_attributes": {
        "sensor_tick": "0.100000",
        "role_name": "default",
        "noise_seed": "0",
        "ros_name": "sensor.other.radar",
        "horizontal_fov": "35.0",
