{
  "schema_version": "stage1.v1",
  "sample_name": "sample_000018",
  "sequence_index": 18,
  "previous_sample_name": "sample_000017",
  "frame_id": 726291,
  "timestamp": 4998.994624745101,
  "platform_timestamp": 16813373.6343964,
  "delta_seconds": 0.10000000149011612,
  "town": "Carla/Maps/Town10HD_Opt",
  "weather": {
    "cloudiness": 20.0,
    "dust_storm": 0.0,
    "fog_density": 2.0,
    "fog_distance": 0.75,
    "fog_falloff": 0.10000000149011612,
    "mie_scattering_scale": 0.029999999329447746,
    "precipitation": 0.0,
    "precipitation_deposits": 0.0,
    "rayleigh_scattering_scale": 0.03310000151395798,
    "scattering_intensity": 1.0,
    "sun_altitude_angle": 45.0,
    "sun_azimuth_angle": 300.0,
    "wetness": 0.0,
    "wind_intensity": 10.0
  },
  "sensor_names": [
    "CAM_FRONT",
    "CAM_FRONT_RIGHT",
    "CAM_FRONT_LEFT",
    "CAM_BACK",
    "CAM_BACK_LEFT",
    "CAM_BACK_RIGHT",
    "LIDAR_TOP",
    "RADAR_FRONT",
    "RADAR_FRONT_LEFT",
    "RADAR_FRONT_RIGHT",
    "RADAR_BACK_LEFT",
    "RADAR_BACK_RIGHT"
  ],
  "camera_order_for_model": [
    "CAM_FRONT",
    "CAM_FRONT_RIGHT",
    "CAM_FRONT_LEFT",
    "CAM_BACK",
    "CAM_BACK_LEFT",
    "CAM_BACK_RIGHT"
  ],
  "radar_order_for_model": [
    "RADAR_FRONT",
    "RADAR_FRONT_LEFT",
    "RADAR_FRONT_RIGHT",
    "RADAR_BACK_LEFT",
    "RADAR_BACK_RIGHT"
  ],
  "coordinate_notes": {
    "carla_world": "left-handed x-forward y-right z-up",
    "bevfusion_lidar": "x-forward y-left z-up",
    "camera_frame_for_model": "OpenCV style x-right y-down z-forward"
  },
  "ego": {
    "actor_id": 49,
    "transform_carla": {
      "location": {
        "x": 105.21444702148438,
        "y": -32.21399688720703,
        "z": -0.0007338714203797281
      },
      "rotation": {
        "roll": 0.3317301571369171,
        "pitch": -1.0243165493011475,
        "yaw": -102.31781768798828
      }
    },
    "velocity_carla": [
      -0.8105701804161072,
      -3.370824098587036,
      -0.002570838900282979
    ],
    "angular_velocity_carla": [
      4.708446025848389,
      -2.4848132133483887,
      -3.1579384803771973
    ],
    "matrix_world_from_ego_carla": [
      [
        -0.21330013871192932,
        0.9769849181175232,
        0.0018428091425448656,
        105.21444702148438
      ],
      [
        -0.9768231511116028,
        -0.21322953701019287,
        -0.018700066953897476,
        -32.21399688720703
      ],
      [
        -0.017876744270324707,
        -0.005788825917989016,
        0.9998234510421753,
        -0.0007338714203797281
      ],
      [
        0.0,
        0.0,
        0.0,
        1.0
      ]
    ],
    "matrix_world_from_ego_bevfusion": [
      [
        -0.21330013871192932,
        -0.9769849181175232,
        0.0018428091425448656,
        105.21444702148438
      ],
      [
        0.9768231511116028,
        -0.21322953701019287,
        0.018700066953897476,
        32.21399688720703
      ],
      [
        -0.017876744270324707,
        0.005788825917989016,
        0.9998234510421753,
        -0.0007338714203797281
      ],
      [
        0.0,
        0.0,
        0.0,
        1.0
      ]
    ]
  },
  "sensors": {
    "CAM_FRONT": {
      "type_id": "sensor.camera.rgb",
      "blueprint_attributes": {
        "role_name": "front",
        "ros_name": "sensor.camera.rgb",
        "chromatic_aberration_offset": "0.0",
        "sensor_tick": "0.100000",
        "fstop": "1.4",
        "image_size_x": "960",
        "image_size_y": "540",
        "fov": "70.00",
        "lens_circle_falloff": "5.0",
        "lens_circle_multiplier": "0.0",
        "exposure_compensation": "0.0",
        "lens_y_size": "0.08",
        "lens_k": "-1.0",
        "exposure_mode": "histogram",
        "lens_kcube": "0.0",
        "lens_x_size": "0.08",
        "exposure_max_bright": "12.0",
        "shutter_speed": "200.0",
        "bloom_intensity": "0.675",
        "iso": "100.0",
        "enable_postprocess_effects": "false",
        "gamma": "2.2",
        "motion_blur_intensity": "0.0",
        "motion_blur_max_distortion": "0.35",
        "lens_flare_intensity": "0.1",
        "motion_blur_min_object_screen_size": "0.1",
        "exposure_min_bright": "10.0",
        "exposure_speed_up": "3.0",
        "exposure_speed_down": "1.0",
        "tint": "0.0",
        "calibration_constant": "16.0",
        "focal_distance": "1000.0",
        "min_fstop": "1.2",
        "blade_count": "5",
        "blur_amount": "0.0",
        "blur_radius": "0.0",
        "slope": "0.88",
        "toe": "0.55",
        "white_clip": "0.04",
        "shoulder": "0.26",
        "black_clip": "0.0",
        "temp": "6500.0",
        "chromatic_aberration_intensity": "0.0"
      },
      "transform_carla": {
        "location": {
          "x": 104.88697052001953,
          "y": -33.759864807128906,
          "z": 1.6712566614151
        },
        "rotation": {
          "roll": 0.3317301571369171,
          "pitch": -1.0243165493011475,
          "yaw": -102.31781768798828
        }
      },
      "matrix_world_from_sensor_carla": [
        [
          -0.21330013871192932,
          0.9769849181175232,
          0.0018428091425448656,
          104.88697052001953
        ],
        [
          -0.9768231511116028,
          -0.21322953701019287,
          -0.018700066953897476,
          -33.759864807128906
        ],
        [
          -0.017876744270324707,
          -0.005788825917989016,
          0.9998234510421753,
          1.6712566614151
        ],
        [
          0.0,
          0.0,
          0.0,
          1.0
        ]
      ],
      "matrix_world_from_sensor_bevfusion": [
        [
          0.9769849181175232,
          -0.0018428091425448656,
          -0.21330013871192932,
          104.88697052001953
        ],
        [
          0.21322953701019287,
          -0.018700066953897476,
          0.9768231511116028,
          33.759864807128906
        ],
        [
          -0.005788825917989016,
          -0.9998234510421753,
          -0.017876744270324707,
          1.6712566614151
        ],
        [
          0.0,
          0.0,
          0.0,
          1.0
        ]
      ],
      "matrix_ego_from_sensor_carla": [
        [
          1.0,
          7.939330970430092e-09,
          7.993585793286684e-10,
          1.550002098083496
        ],
        [
          7.60814344857863e-09,
          1.0,
          -1.1534279087399568e-10,
          7.62939453125e-06
        ],
        [
          7.996874273885624e-10,
          -1.1534279087399568e-10,
          1.0,
          1.6999998092651367
        ],
        [
          0.0,
          0.0,
          0.0,
          1.0
        ]
      ],
      "matrix_ego_from_sensor_bevfusion": [
        [
          7.939330970430092e-09,
          -7.993585793286684e-10,
          1.0,
          1.550002098083496
        ],
        [
          -1.0,
          -1.1534279087399568e-10,
          -7.60814344857863e-09,
          -7.62939453125e-06
        ],
        [
          -1.1534279087399568e-10,
          -1.0,
          7.996874273885624e-10,
          1.6999998092651367
        ],
        [
          0.0,
          0.0,
          0.0,
          1.0
        ]
      ],
      "camera_intrinsics": [
        [
          685.5110473632812,
          0.0,
          480.0
        ],
        [
          0.0,
          685.5110473632812,
          270.0
        ],
        [
          0.0,
          0.0,
          1.0
        ]
      ],
      "data_path": "D:\\Agent-AI\\outputs\\s3a_ml_long_v1\\sample_000018\\images\\CAM_FRONT.png",
      "raw_layout": "bgra8"
    },
    "CAM_FRONT_RIGHT": {
      "type_id": "sensor.camera.rgb",
      "blueprint_attributes": {
        "role_name": "front",
        "ros_name": "sensor.camera.rgb",
        "chromatic_aberration_offset": "0.0",
        "sensor_tick": "0.100000",
        "fstop": "1.4",
        "image_size_x": "960",
        "image_size_y": "540",
        "fov": "70.00",
        "lens_circle_falloff": "5.0",
        "lens_circle_multiplier": "0.0",
        "exposure_compensation": "0.0",
        "lens_y_size": "0.08",
        "lens_k": "-1.0",
        "exposure_mode": "histogram",
        "lens_kcube": "0.0",
        "lens_x_size": "0.08",
        "exposure_max_bright": "12.0",
        "shutter_speed": "200.0",
        "bloom_intensity": "0.675",
        "iso": "100.0",
        "enable_postprocess_effects": "false",
        "gamma": "2.2",
        "motion_blur_intensity": "0.0",
        "motion_blur_max_distortion": "0.35",
        "lens_flare_intensity": "0.1",
        "motion_blur_min_object_screen_size": "0.1",
        "exposure_min_bright": "10.0",
        "exposure_speed_up": "3.0",
        "exposure_speed_down": "1.0",
        "tint": "0.0",
        "calibration_constant": "16.0",
        "focal_distance": "1000.0",
        "min_fstop": "1.2",
        "blade_count": "5",
        "blur_amount": "0.0",
        "blur_radius": "0.0",
        "slope": "0.88",
        "toe": "0.55",
        "white_clip": "0.04",
        "shoulder": "0.26",
        "black_clip": "0.0",
        "temp": "6500.0",
        "chromatic_aberration_intensity": "0.0"
      },
      "transform_carla": {
        "location": {
          "x": 105.47763061523438,
          "y": -33.6329345703125,
          "z": 1.6725420951843262
        },
        "rotation": {
          "roll": -0.6488764882087708,
          "pitch": -0.8592240810394287,
          "yaw": -47.309967041015625
        }
      },
      "matrix_world_from_sensor_carla": [
        [
          0.6779555678367615,
          0.7351005673408508,
          0.0018428396433591843,
          105.47763061523438
        ],
        [
          -0.7349499464035034,
          0.6778634786605835,
          -0.018700208514928818,
          -33.6329345703125
        ],
        [
          -0.014995726756751537,
          0.011323516257107258,
          0.9998234510421753,
          1.6725420951843262
        ],
        [
          0.0,
          0.0,
          0.0,
          1.0
        ]
      ],
      "matrix_world_from_sensor_bevfusion": [
        [
          0.7351005673408508,
          -0.0018428396433591843,
          0.6779555678367615,
          105.47763061523438
        ],
        [
          -0.6778634786605835,
          -0.018700208514928818,
          0.7349499464035034,
          33.6329345703125
        ],
        [
          0.011323516257107258,
          -0.9998234510421753,
          -0.014995726756751537,
          1.6725420951843262
        ],
        [
          0.0,
          0.0,
          0.0,
          1.0
        ]
      ],
      "matrix_ego_from_sensor_carla": [
        [
          0.5735762119293213,
          -0.8191522359848022,
          1.3304716617312806e-07,
          1.300002098083496
        ],
        [
          0.819152295589447,
          0.5735761523246765,
          5.995496366040243e-08,
          0.5500030517578125
        ],
        [
          -1.213420830481482e-07,
          7.396905488121774e-08,
          1.0,
          1.6999998092651367
        ],
        [
          0.0,
          0.0,
          0.0,
          1.0
        ]
      ],
      "matrix_ego_from_sensor_bevfusion": [
        [
          -0.8191522359848022,
          -1.3304716617312806e-07,
          0.5735762119293213,
          1.300002098083496
        ],
        [
          -0.5735761523246765,
          5.995496366040243e-08,
          -0.819152295589447,
          -0.5500030517578125
        ],
        [
          7.396905488121774e-08,
          -1.0,
          -1.213420830481482e-07,
          1.6999998092651367
        ],
        [
          0.0,
          0.0,
          0.0,
          1.0
        ]
      ],
      "camera_intrinsics": [
        [
          685.5110473632812,
          0.0,
          480.0
        ],
        [
          0.0,
          685.5110473632812,
          270.0
        ],
        [
          0.0,
          0.0,
          1.0
        ]
      ],
      "data_path": "D:\\Agent-AI\\outputs\\s3a_ml_long_v1\\sample_000018\\images\\CAM_FRONT_RIGHT.png",
      "raw_layout": "bgra8"
    },
    "CAM_FRONT_LEFT": {
      "type_id": "sensor.camera.rgb",
      "blueprint_attributes": {
        "role_name": "front",
        "ros_name": "sensor.camera.rgb",
        "chromatic_aberration_offset": "0.0",
        "sensor_tick": "0.100000",
        "fstop": "1.4",
        "image_size_x": "960",
        "image_size_y": "540",
        "fov": "70.00",
        "lens_circle_falloff": "5.0",
        "lens_circle_multiplier": "0.0",
        "exposure_compensation": "0.0",
        "lens_y_size": "0.08",
        "lens_k": "-1.0",
        "exposure_mode": "histogram",
        "lens_kcube": "0.0",
        "lens_x_size": "0.08",
        "exposure_max_bright": "12.0",
        "shutter_speed": "200.0",
        "bloom_intensity": "0.675",
        "iso": "100.0",
        "enable_postprocess_effects": "false",
        "gamma": "2.2",
        "motion_blur_intensity": "0.0",
        "motion_blur_max_distortion": "0.35",
        "lens_flare_intensity": "0.1",
        "motion_blur_min_object_screen_size": "0.1",
        "exposure_min_bright": "10.0",
        "exposure_speed_up": "3.0",
        "exposure_speed_down": "1.0",
        "tint": "0.0",
        "calibration_constant": "16.0",
        "focal_distance": "1000.0",
        "min_fstop": "1.2",
        "blade_count": "5",
        "blur_amount": "0.0",
        "blur_radius": "0.0",
        "slope": "0.88",
        "toe": "0.55",
        "white_clip": "0.04",
        "shoulder": "0.26",
        "black_clip": "0.0",
        "temp": "6500.0",
        "chromatic_aberration_intensity": "0.0"
      },
      "transform_carla": {
        "location": {
          "x": 104.4029541015625,
          "y": -33.39838409423828,
          "z": 1.6789098978042603
        },
        "rotation": {
          "roll": 1.0293430089950562,
          "pitch": -0.31580743193626404,
          "yaw": -157.31768798828125
        }
      },
      "matrix_world_from_sensor_carla": [
        [
          -0.9226431250572205,
          0.3856504261493683,
          0.001842748373746872,
          104.4029541015625
        ],
        [
          -0.38561540842056274,
          -0.9224700331687927,
          -0.01870017871260643,
          -33.39838409423828
        ],
        [
          -0.005511851515620947,
          -0.017964184284210205,
          0.9998234510421753,
          1.6789098978042603
        ],
        [
          0.0,
          0.0,
          0.0,
          1.0
        ]
      ],
      "matrix_world_from_sensor_bevfusion": [
        [
          0.3856504261493683,
          -0.001842748373746872,
          -0.9226431250572205,
          104.4029541015625
        ],
        [
          0.9224700331687927,
          -0.01870017871260643,
          0.38561540842056274,
          33.39838409423828
        ],
        [
          -0.017964184284210205,
          -0.9998234510421753,
          -0.005511851515620947,
          1.6789098978042603
        ],
        [
          0.0,
          0.0,
          0.0,
          1.0
        ]
      ],
      "matrix_ego_from_sensor_carla": [
        [
          0.5735765099525452,
          0.8191519379615784,
          1.2187129527774232e-07,
          1.300002098083496
        ],
        [
          -0.8191520571708679,
          0.5735765695571899,
          -3.550560023768412e-08,
          -0.5499954223632812
        ],
        [
          -9.930630540111451e-08,
          -7.875777185972765e-08,
          1.0,
          1.7000000476837158
        ],
        [
          0.0,
          0.0,
          0.0,
          1.0
        ]
      ],
      "matrix_ego_from_sensor_bevfusion": [
        [
          0.8191519379615784,
          -1.2187129527774232e-07,
          0.5735765099525452,
          1.300002098083496
        ],
        [
          -0.5735765695571899,
          -3.550560023768412e-08,
          0.8191520571708679,
          0.5499954223632812
        ],
        [
          -7.875777185972765e-08,
          -1.0,
          -9.930630540111451e-08,
          1.7000000476837158
        ],
        [
          0.0,
          0.0,
          0.0,
          1.0
        ]
      ],
      "camera_intrinsics": [
        [
          685.5110473632812,
          0.0,
          480.0
        ],
        [
          0.0,
          685.5110473632812,
          270.0
        ],
        [
          0.0,
          0.0,
          1.0
        ]
      ],
      "data_path": "D:\\Agent-AI\\outputs\\s3a_ml_long_v1\\sample_000018\\images\\CAM_FRONT_LEFT.png",
      "raw_layout": "bgra8"
    },
    "CAM_BACK": {
      "type_id": "sensor.camera.rgb",
      "blueprint_attributes": {
        "role_name": "front",
        "ros_name": "sensor.camera.rgb",
        "chromatic_aberration_offset": "0.0",
        "sensor_tick": "0.100000",
        "fstop": "1.4",
        "image_size_x": "960",
        "image_size_y": "540",
        "fov": "70.00",
        "lens_circle_falloff": "5.0",
        "lens_circle_multiplier": "0.0",
        "exposure_compensation": "0.0",
        "lens_y_size": "0.08",
        "lens_k": "-1.0",
        "exposure_mode": "histogram",
        "lens_kcube": "0.0",
        "lens_x_size": "0.08",
        "exposure_max_bright": "12.0",
        "shutter_speed": "200.0",
        "bloom_intensity": "0.675",
        "iso": "100.0",
        "enable_postprocess_effects": "false",
        "gamma": "2.2",
        "motion_blur_intensity": "0.0",
        "motion_blur_max_distortion": "0.35",
        "lens_flare_intensity": "0.1",
        "motion_blur_min_object_screen_size": "0.1",
        "exposure_min_bright": "10.0",
        "exposure_speed_up": "3.0",
        "exposure_speed_down": "1.0",
        "tint": "0.0",
        "calibration_constant": "16.0",
        "focal_distance": "1000.0",
        "min_fstop": "1.2",
        "blade_count": "5",
        "blur_amount": "0.0",
        "blur_radius": "0.0",
        "slope": "0.88",
        "toe": "0.55",
        "white_clip": "0.04",
        "shoulder": "0.26",
        "black_clip": "0.0",
        "temp": "6500.0",
        "chromatic_aberration_intensity": "0.0"
      },
      "transform_carla": {
        "location": {
          "x": 105.54820251464844,
          "y": -30.731712341308594,
          "z": 1.726675033569336
        },
        "rotation": {
          "roll": -0.3317297399044037,
          "pitch": 1.0243165493011475,
          "yaw": 77.68216705322266
        }
      },
      "matrix_world_from_sensor_carla": [
        [
          0.21330039203166962,
          -0.9769848585128784,
          0.001842797501012683,
          105.54820251464844
        ],
        [
          0.976823091506958,
          0.21322979032993317,
          -0.018700066953897476,
          -30.731712341308594
        ],
        [
          0.017876744270324707,
          0.005788818933069706,
          0.9998234510421753,
          1.726675033569336
        ],
        [
          0.0,
          0.0,
          0.0,
          1.0
        ]
      ],
      "matrix_world_from_sensor_bevfusion": [
        [
          -0.9769848585128784,
          -0.001842797501012683,
          0.21330039203166962,
          105.54820251464844
        ],
        [
          -0.21322979032993317,
          -0.018700066953897476,
          -0.976823091506958,
          30.731712341308594
        ],
        [
          0.005788818933069706,
          -0.9998234510421753,
          0.017876744270324707,
          1.726675033569336
        ],
        [
          0.0,
          0.0,
          0.0,
          1.0
        ]
      ],
      "matrix_ego_from_sensor_carla": [
        [
          -1.0,
          -2.552625062435254e-07,
          2.6620037285596254e-09,
          -1.5500006675720215
        ],
        [
          2.584226876933826e-07,
          -1.0,
          -1.129121329768168e-08,
          7.62939453125e-06
        ],
        [
          1.0629577218423947e-09,
          -1.1524956100572581e-08,
          1.0,
          1.700000286102295
        ],
        [
          0.0,
          0.0,
          0.0,
          1.0
        ]
      ],
      "matrix_ego_from_sensor_bevfusion": [
        [
          -2.552625062435254e-07,
          -2.6620037285596254e-09,
          -1.0,
          -1.5500006675720215
        ],
        [
          1.0,
          -1.129121329768168e-08,
          -2.584226876933826e-07,
          -7.62939453125e-06
        ],
        [
          -1.1524956100572581e-08,
          -1.0,
          1.0629577218423947e-09,
          1.700000286102295
        ],
        [
          0.0,
          0.0,
          0.0,
          1.0
        ]
      ],
      "camera_intrinsics": [
        [
          685.5110473632812,
          0.0,
          480.0
        ],
        [
          0.0,
          685.5110473632812,
          270.0
        ],
        [
          0.0,
          0.0,
          1.0
        ]
      ],
      "data_path": "D:\\Agent-AI\\outputs\\s3a_ml_long_v1\\sample_000018\\images\\CAM_BACK.png",
      "raw_layout": "bgra8"
    },
    "CAM_BACK_LEFT": {
      "type_id": "sensor.camera.rgb",
      "blueprint_attributes": {
        "role_name": "front",
        "ros_name": "sensor.camera.rgb",
        "chromatic_aberration_offset": "0.0",
        "sensor_tick": "0.100000",
        "fstop": "1.4",
        "image_size_x": "960",
        "image_size_y": "540",
        "fov": "70.00",
        "lens_circle_falloff": "5.0",
        "lens_circle_multiplier": "0.0",
        "exposure_compensation": "0.0",
        "lens_y_size": "0.08",
        "lens_k": "-1.0",
        "exposure_mode": "histogram",
        "lens_kcube": "0.0",
        "lens_x_size": "0.08",
        "exposure_max_bright": "12.0",
        "shutter_speed": "200.0",
        "bloom_intensity": "0.675",
        "iso": "100.0",
        "enable_postprocess_effects": "false",
        "gamma": "2.2",
        "motion_blur_intensity": "0.0",
        "motion_blur_max_distortion": "0.35",
        "lens_flare_intensity": "0.1",
        "motion_blur_min_object_screen_size": "0.1",
        "exposure_min_bright": "10.0",
        "exposure_speed_up": "3.0",
        "exposure_speed_down": "1.0",
        "tint": "0.0",
        "calibration_constant": "16.0",
        "focal_distance": "1000.0",
        "min_fstop": "1.2",
        "blade_count": "5",
        "blur_amount": "0.0",
        "blur_radius": "0.0",
        "slope": "0.88",
        "toe": "0.55",
        "white_clip": "0.04",
        "shoulder": "0.26",
        "black_clip": "0.0",
        "temp": "6500.0",
        "chromatic_aberration_intensity": "0.0"
      },
      "transform_carla": {
        "location": {
          "x": 104.95752716064453,
          "y": -30.858642578125,
          "z": 1.7253897190093994
        },
        "rotation": {
          "roll": 0.6488766074180603,
          "pitch": 0.8592240810394287,
          "yaw": 132.6900177001953
        }
      },
      "matrix_world_from_sensor_carla": [
        [
          -0.6779553890228271,
          -0.7351007461547852,
          0.001842833124101162,
          104.95752716064453
        ],
        [
          0.7349501252174377,
          -0.6778632998466492,
          -0.018700208514928818,
          -30.858642578125
        ],
        [
          0.014995726756751537,
          -0.011323518119752407,
          0.9998234510421753,
          1.7253897190093994
        ],
        [
          0.0,
          0.0,
          0.0,
          1.0
        ]
      ],
      "matrix_world_from_sensor_bevfusion": [
        [
          -0.7351007461547852,
          -0.001842833124101162,
          -0.6779553890228271,
          104.95752716064453
        ],
        [
          0.6778632998466492,
          -0.018700208514928818,
          -0.7349501252174377,
          30.858642578125
        ],
        [
          -0.011323518119752407,
          -0.9998234510421753,
          0.014995726756751537,
          1.7253897190093994
        ],
        [
          0.0,
          0.0,
          0.0,
          1.0
        ]
      ],
      "matrix_ego_from_sensor_carla": [
        [
          -0.5735763907432556,
          0.8191520571708679,
          1.3304716617312806e-07,
          -1.2999978065490723
        ],
        [
          -0.8191521167755127,
          -0.5735763907432556,
          5.343570563809408e-08,
          -0.5500030517578125
        ],
        [
          1.1854811532430176e-07,
          -7.955666347925217e-08,
          1.0,
          1.700000286102295
        ],
        [
          0.0,
          0.0,
          0.0,
          1.0
        ]
      ],
      "matrix_ego_from_sensor_bevfusion": [
        [
          0.8191520571708679,
          -1.3304716617312806e-07,
          -0.5735763907432556,
          -1.2999978065490723
        ],
        [
          0.5735763907432556,
          5.343570563809408e-08,
          0.8191521167755127,
          0.5500030517578125
        ],
        [
          -7.955666347925217e-08,
          -1.0,
          1.1854811532430176e-07,
          1.700000286102295
        ],
        [
          0.0,
          0.0,
          0.0,
          1.0
        ]
      ],
      "camera_intrinsics": [
        [
          685.5110473632812,
          0.0,
          480.0
        ],
        [
          0.0,
          685.5110473632812,
          270.0
        ],
        [
          0.0,
          0.0,
          1.0
        ]
      ],
      "data_path": "D:\\Agent-AI\\outputs\\s3a_ml_long_v1\\sample_000018\\images\\CAM_BACK_LEFT.png",
      "raw_layout": "bgra8"
    },
    "CAM_BACK_RIGHT": {
      "type_id": "sensor.camera.rgb",
      "blueprint_attributes": {
        "role_name": "front",
        "ros_name": "sensor.camera.rgb",
        "chromatic_aberration_offset": "0.0",
        "sensor_tick": "0.100000",
        "fstop": "1.4",
        "image_size_x": "960",
        "image_size_y": "540",
        "fov": "70.00",
        "lens_circle_falloff": "5.0",
        "lens_circle_multiplier": "0.0",
        "exposure_compensation": "0.0",
        "lens_y_size": "0.08",
        "lens_k": "-1.0",
        "exposure_mode": "histogram",
        "lens_kcube": "0.0",
        "lens_x_size": "0.08",
        "exposure_max_bright": "12.0",
        "shutter_speed": "200.0",
        "bloom_intensity": "0.675",
        "iso": "100.0",
        "enable_postprocess_effects": "false",
        "gamma": "2.2",
        "motion_blur_intensity": "0.0",
        "motion_blur_max_distortion": "0.35",
        "lens_flare_intensity": "0.1",
        "motion_blur_min_object_screen_size": "0.1",
        "exposure_min_bright": "10.0",
        "exposure_speed_up": "3.0",
        "exposure_speed_down": "1.0",
        "tint": "0.0",
        "calibration_constant": "16.0",
        "focal_distance": "1000.0",
        "min_fstop": "1.2",
        "blade_count": "5",
        "blur_amount": "0.0",
        "blur_radius": "0.0",
        "slope": "0.88",
        "toe": "0.55",
        "white_clip": "0.04",
        "shoulder": "0.26",
        "black_clip": "0.0",
        "temp": "6500.0",
        "chromatic_aberration_intensity": "0.0"
      },
      "transform_carla": {
        "location": {
          "x": 106.03221130371094,
          "y": -31.09319496154785,
          "z": 1.7190219163894653
        },
        "rotation": {
          "roll": -1.0293431282043457,
          "pitch": 0.31580743193626404,
          "yaw": 22.68229103088379
        }
      },
      "matrix_world_from_sensor_carla": [
        [
          0.9226433038711548,
          -0.38565003871917725,
          0.0018427413888275623,
          106.03221130371094
        ],
        [
          0.3856150209903717,
          0.922470211982727,
          -0.01870018243789673,
          -31.09319496154785
        ],
        [
          0.005511851515620947,
          0.017964186146855354,
          0.9998234510421753,
          1.7190219163894653
        ],
        [
          0.0,
          0.0,
          0.0,
          1.0
        ]
      ],
      "matrix_world_from_sensor_bevfusion": [
        [
          -0.38565003871917725,
          -0.0018427413888275623,
          0.9226433038711548,
          106.03221130371094
        ],
        [
          -0.922470211982727,
          -0.01870018243789673,
          -0.3856150209903717,
          31.09319496154785
        ],
        [
          0.017964186146855354,
          -0.9998234510421753,
          0.005511851515620947,
          1.7190219163894653
        ],
        [
          0.0,
          0.0,
          0.0,
          1.0
        ]
      ],
      "matrix_ego_from_sensor_carla": [
        [
          -0.5735761523246765,
          -0.8191521763801575,
          1.274592307254352e-07,
          -1.2999987602233887
        ],
        [
          0.819152295589447,
          -0.5735762119293213,
          -4.155919697268473e-08,
          0.5500030517578125
        ],
        [
          1.0675688599803834e-07,
          7.87574450100692e-08,
          1.0,
          1.7000000476837158
        ],
        [
          0.0,
          0.0,
          0.0,
          1.0
        ]
      ],
      "matrix_ego_from_sensor_bevfusion": [
        [
          -0.8191521763801575,
          -1.274592307254352e-07,
          -0.5735761523246765,
          -1.2999987602233887
        ],
        [
          0.5735762119293213,
          -4.155919697268473e-08,
          -0.819152295589447,
          -0.5500030517578125
        ],
        [
          7.87574450100692e-08,
          -1.0,
          1.0675688599803834e-07,
          1.7000000476837158
        ],
        [
          0.0,
          0.0,
          0.0,
          1.0
        ]
      ],
      "camera_intrinsics": [
        [
          685.5110473632812,
          0.0,
          480.0
        ],
        [
          0.0,
          685.5110473632812,
          270.0
        ],
        [
          0.0,
          0.0,
          1.0
        ]
      ],
      "data_path": "D:\\Agent-AI\\outputs\\s3a_ml_long_v1\\sample_000018\\images\\CAM_BACK_RIGHT.png",
      "raw_layout": "bgra8"
    },
    "LIDAR_TOP": {
      "type_id": "sensor.lidar.ray_cast",
      "blueprint_attributes": {
        "atmosphere_attenuation_rate": "0.004",
        "role_name": "front",
        "noise_seed": "0",
        "upper_fov": "10.0",
        "ros_name": "sensor.lidar.ray_cast",
        "sensor_tick": "0.100000",
        "channels": "32",
        "range": "120.0",
        "points_per_second": "360000",
        "lower_fov": "-30.0",
        "rotation_frequency": "10.000000",
        "horizontal_fov": "360.0",
        "dropoff_general_rate": "0.0",
        "dropoff_intensity_limit": "1.0",
        "noise_stddev": "0.0",
        "dropoff_zero_intensity": "0.0"
      },
      "transform_carla": {
        "location": {
          "x": 105.218505859375,
          "y": -32.2551383972168,
          "z": 2.1988775730133057
        },
        "rotation": {
          "roll": 0.3317301571369171,
          "pitch": -1.0243165493011475,
          "yaw": -102.31781768798828
        }
      },
      "matrix_world_from_sensor_carla": [
        [
          -0.21330013871192932,
          0.9769849181175232,
          0.0018428091425448656,
          105.218505859375
        ],
        [
          -0.9768231511116028,
          -0.21322953701019287,
          -0.018700066953897476,
          -32.2551383972168
        ],
        [
          -0.017876744270324707,
          -0.005788825917989016,
          0.9998234510421753,
          2.1988775730133057
        ],
        [
          0.0,
          0.0,
          0.0,
          1.0
        ]
      ],
      "matrix_world_from_sensor_bevfusion": [
        [
          -0.21330013871192932,
          -0.9769849181175232,
          0.0018428091425448656,
          105.218505859375
        ],
        [
          0.9768231511116028,
          -0.21322953701019287,
          0.018700066953897476,
          32.2551383972168
        ],
        [
          -0.017876744270324707,
          0.005788825917989016,
          0.9998234510421753,
          2.1988775730133057
        ],
        [
          0.0,
          0.0,
          0.0,
          1.0
        ]
      ],
      "matrix_ego_from_sensor_carla": [
        [
          1.0,
          7.939330970430092e-09,
          7.993585793286684e-10,
          9.5367431640625e-07
        ],
        [
          7.60814344857863e-09,
          1.0,
          -1.1534279087399568e-10,
          7.62939453125e-06
        ],
        [
          7.996874273885624e-10,
          -1.1534279087399568e-10,
          1.0,
          2.200000047683716
        ],
        [
          0.0,
          0.0,
          0.0,
          1.0
        ]
      ],
      "matrix_ego_from_sensor_bevfusion": [
        [
          1.0,
          -7.939330970430092e-09,
          7.993585793286684e-10,
          9.5367431640625e-07
        ],
        [
          -7.60814344857863e-09,
          1.0,
          1.1534279087399568e-10,
          -7.62939453125e-06
        ],
        [
          7.996874273885624e-10,
          1.1534279087399568e-10,
          1.0,
          2.200000047683716
        ],
        [
          0.0,
          0.0,
          0.0,
          1.0
        ]
      ],
      "data_path": "D:\\Agent-AI\\outputs\\s3a_ml_long_v1\\sample_000018\\lidar\\LIDAR_TOP.npy",
      "raw_layout": [
        "x",
        "y",
        "z",
        "intensity"
      ]
    },
    "RADAR_FRONT": {
      "type_id": "sensor.other.radar",
      "blueprint_attributes": {
        "sensor_tick": "0.100000",
        "role_name": "default",
        "noise_seed": "0",
        "ros_name": "sensor.other.radar",
        "horizontal_fov": "35.0",
        "points_per_second": "1500",
        "vertical_fov": "20.0",
        "range": "120.0"
      },
      "transform_carla": {
        "location": {
          "x": 104.78951263427734,
          "y": -34.18447494506836,
          "z": 0.8633535504341125
        },
        "rotation": {
          "roll": 0.3317301571369171,
          "pitch": -1.0243165493011475,
          "yaw": -102.31781768798828
        }
      },
      "matrix_world_from_sensor_carla": [
        [
          -0.21330013871192932,
          0.9769849181175232,
          0.0018428091425448656,
          104.78951263427734
        ],
        [
          -0.9768231511116028,
          -0.21322953701019287,
          -0.018700066953897476,
          -34.18447494506836
        ],
        [
          -0.017876744270324707,
          -0.005788825917989016,
          0.9998234510421753,
          0.8633535504341125
        ],
        [
          0.0,
          0.0,
          0.0,
          1.0
        ]
      ],
      "matrix_world_from_sensor_bevfusion": [
        [
          -0.21330013871192932,
          -0.9769849181175232,
          0.0018428091425448656,
          104.78951263427734
        ],
        [
          0.9768231511116028,
          -0.21322953701019287,
          0.018700066953897476,
          34.18447494506836
        ],
        [
          -0.017876744270324707,
          0.005788825917989016,
          0.9998234510421753,
          0.8633535504341125
        ],
        [
          0.0,
          0.0,
          0.0,
          1.0
        ]
      ],
      "matrix_ego_from_sensor_carla": [
        [
          1.0,
          7.939330970430092e-09,
          7.993585793286684e-10,
          1.9999990463256836
        ],
        [
          7.60814344857863e-09,
          1.0,
          -1.1534279087399568e-10,
          7.62939453125e-06
        ],
        [
          7.996874273885624e-10,
          -1.1534279087399568e-10,
          1.0,
          0.8999998569488525
        ],
        [
          0.0,
          0.0,
          0.0,
          1.0
        ]
      ],
      "matrix_ego_from_sensor_bevfusion": [
        [
          1.0,
          -7.939330970430092e-09,
          7.993585793286684e-10,
          1.9999990463256836
        ],
        [
          -7.60814344857863e-09,
          1.0,
          1.1534279087399568e-10,
          -7.62939453125e-06
        ],
        [
          7.996874273885624e-10,
          1.1534279087399568e-10,
          1.0,
          0.8999998569488525
        ],
        [
          0.0,
          0.0,
          0.0,
          1.0
        ]
      ],
      "data_path": "D:\\Agent-AI\\outputs\\s3a_ml_long_v1\\sample_000018\\radar\\RADAR_FRONT.npy",
      "raw_layout": [
        "velocity",
        "altitude",
        "azimuth",
        "depth"
      ]
    },
    "RADAR_FRONT_LEFT": {
      "type_id": "sensor.other.radar",
      "blueprint_attributes": {
        "sensor_tick": "0.100000",
        "role_name": "default",
        "noise_seed": "0",
        "ros_name": "sensor.other.radar",
        "horizontal_fov": "35.0",
        "points_per_second": "1500",
        "vertical_fov": "20.0",
        "range": "120.0"
      },
      "transform_carla": {
        "location": {
          "x": 104.13142395019531,
          "y": -33.68266677856445,
          "z": 0.8739520311355591
        },
        "rotation": {
          "roll": 0.9588762521743774,
          "pitch": -0.48974502086639404,
          "yaw": -147.31890869140625
        }
      },
      "matrix_world_from_sensor_carla": [
        [
          -0.8416582345962524,
          0.540007472038269,
          0.00184277119114995,
          104.13142395019531
        ],
        [
          -0.5399429202079773,
          -0.8414939045906067,
          -0.018700186163187027,
          -33.68266677856445
        ],
        [
          -0.008547558449208736,
          -0.016734156757593155,
          0.9998234510421753,
          0.8739520311355591
        ],
        [
          0.0,
          0.0,
          0.0,
          1.0
        ]
      ],
      "matrix_world_from_sensor_bevfusion": [
        [
          -0.8416582345962524,
          -0.540007472038269,
          0.00184277119114995,
          104.13142395019531
        ],
        [
          0.5399429202079773,
          -0.8414939045906067,
          0.018700186163187027,
          33.68266677856445
        ],
        [
          -0.008547558449208736,
          0.016734156757593155,
          0.9998234510421753,
          0.8739520311355591
        ],
        [
          0.0,
          0.0,
          0.0,
          1.0
        ]
      ],
      "matrix_ego_from_sensor_carla": [
        [
          0.707107424736023,
          0.7071062326431274,
          1.2559658557620423e-07,
          1.6500043869018555
        ],
        [
          -0.7071062326431274,
          0.7071074843406677,
          -1.1756874584989419e-08,
          -0.75
        ],
        [
          -9.560626068605416e-08,
          -7.798836776373719e-08,
          1.0,
          0.8999999761581421
        ],
        [
          0.0,
          0.0,
          0.0,
          1.0
        ]
      ],
      "matrix_ego_from_sensor_bevfusion": [
        [
          0.707107424736023,
          -0.7071062326431274,
          1.2559658557620423e-07,
          1.6500043869018555
        ],
        [
          0.7071062326431274,
          0.7071074843406677,
          1.1756874584989419e-08,
          0.75
        ],
        [
          -9.560626068605416e-08,
          7.798836776373719e-08,
          1.0,
          0.8999999761581421
        ],
        [
          0.0,
          0.0,
          0.0,
          1.0
        ]
      ],
      "data_path": "D:\\Agent-AI\\outputs\\s3a_ml_long_v1\\sample_000018\\radar\\RADAR_FRONT_LEFT.npy",
      "raw_layout": [
        "velocity",
        "altitude",
        "azimuth",
        "depth"
      ]
    },
    "RADAR_FRONT_RIGHT": {
      "type_id": "sensor.other.radar",
      "blueprint_attributes": {
        "sensor_tick": "0.100000",
        "role_name": "default",
        "noise_seed": "0",
        "ros_name": "sensor.other.radar",
        "horizontal_fov": "35.0",
        "points_per_second": "1500",
