{
  "schema_version": "stage1.v1",
  "sample_name": "sample_000020",
  "sequence_index": 20,
  "previous_sample_name": "sample_000019",
  "frame_id": 60021,
  "timestamp": 437.0197007805109,
  "platform_timestamp": 16814569.9566248,
  "delta_seconds": 0.10000000149011612,
  "town": "Carla/Maps/Town10HD_Opt",
  "weather": {
    "cloudiness": 20.0,
    "dust_storm": 0.0,
    "fog_density": 2.0,
    "fog_distance": 0.75,
    "fog_falloff": 0.10000000149011612,
    "mie_scattering_scale": 0.029999999329447746,
    "precipitation": 0.0,
    "precipitation_deposits": 0.0,
    "rayleigh_scattering_scale": 0.03310000151395798,
    "scattering_intensity": 1.0,
    "sun_altitude_angle": 45.0,
    "sun_azimuth_angle": 300.0,
    "wetness": 0.0,
    "wind_intensity": 10.0
  },
  "sensor_names": [
    "CAM_FRONT",
    "CAM_FRONT_RIGHT",
    "CAM_FRONT_LEFT",
    "CAM_BACK",
    "CAM_BACK_LEFT",
    "CAM_BACK_RIGHT",
    "LIDAR_TOP",
    "RADAR_FRONT",
    "RADAR_FRONT_LEFT",
    "RADAR_FRONT_RIGHT",
    "RADAR_BACK_LEFT",
    "RADAR_BACK_RIGHT"
  ],
  "camera_order_for_model": [
    "CAM_FRONT",
    "CAM_FRONT_RIGHT",
    "CAM_FRONT_LEFT",
    "CAM_BACK",
    "CAM_BACK_LEFT",
    "CAM_BACK_RIGHT"
  ],
  "radar_order_for_model": [
    "RADAR_FRONT",
    "RADAR_FRONT_LEFT",
    "RADAR_FRONT_RIGHT",
    "RADAR_BACK_LEFT",
    "RADAR_BACK_RIGHT"
  ],
  "coordinate_notes": {
    "carla_world": "left-handed x-forward y-right z-up",
    "bevfusion_lidar": "x-forward y-left z-up",
    "camera_frame_for_model": "OpenCV style x-right y-down z-forward"
  },
  "ego": {
    "actor_id": 28,
    "transform_carla": {
      "location": {
        "x": 104.65190124511719,
        "y": -34.4004020690918,
        "z": -0.003738136263564229
      },
      "rotation": {
        "roll": 0.5673041343688965,
        "pitch": -0.16283853352069855,
        "yaw": -105.38003540039062
      }
    },
    "velocity_carla": [
      -2.112457275390625,
      -6.959399700164795,
      5.599975338554941e-05
    ],
    "angular_velocity_carla": [
      -1.4627176523208618,
      -0.30108317732810974,
      -10.853019714355469
    ],
    "matrix_world_from_ego_carla": [
      [
        -0.2652190327644348,
        0.9641481041908264,
        0.008792845532298088,
        104.65190124511719
      ],
      [
        -0.9641839861869812,
        -0.26517999172210693,
        -0.005366137716919184,
        -34.4004020690918
      ],
      [
        -0.0028420647140592337,
        -0.009901123121380806,
        0.9999469518661499,
        -0.003738136263564229
      ],
      [
        0.0,
        0.0,
        0.0,
        1.0
      ]
    ],
    "matrix_world_from_ego_bevfusion": [
      [
        -0.2652190327644348,
        -0.9641481041908264,
        0.008792845532298088,
        104.65190124511719
      ],
      [
        0.9641839861869812,
        -0.26517999172210693,
        0.005366137716919184,
        34.4004020690918
      ],
      [
        -0.0028420647140592337,
        0.009901123121380806,
        0.9999469518661499,
        -0.003738136263564229
      ],
      [
        0.0,
        0.0,
        0.0,
        1.0
      ]
    ]
  },
  "sensors": {
    "CAM_FRONT": {
      "type_id": "sensor.camera.rgb",
      "blueprint_attributes": {
        "role_name": "front",
        "ros_name": "sensor.camera.rgb",
        "chromatic_aberration_offset": "0.0",
        "sensor_tick": "0.100000",
        "fstop": "1.4",
        "image_size_x": "960",
        "image_size_y": "540",
        "fov": "70.00",
        "lens_circle_falloff": "5.0",
        "lens_circle_multiplier": "0.0",
        "exposure_compensation": "0.0",
        "lens_y_size": "0.08",
        "lens_k": "-1.0",
        "exposure_mode": "histogram",
        "lens_kcube": "0.0",
        "lens_x_size": "0.08",
        "exposure_max_bright": "12.0",
        "shutter_speed": "200.0",
        "bloom_intensity": "0.675",
        "iso": "100.0",
        "enable_postprocess_effects": "false",
        "gamma": "2.2",
        "motion_blur_intensity": "0.0",
        "motion_blur_max_distortion": "0.35",
        "lens_flare_intensity": "0.1",
        "motion_blur_min_object_screen_size": "0.1",
        "exposure_min_bright": "10.0",
        "exposure_speed_up": "3.0",
        "exposure_speed_down": "1.0",
        "tint": "0.0",
        "calibration_constant": "16.0",
        "focal_distance": "1000.0",
        "min_fstop": "1.2",
        "blade_count": "5",
        "blur_amount": "0.0",
        "blur_radius": "0.0",
        "slope": "0.88",
        "toe": "0.55",
        "white_clip": "0.04",
        "shoulder": "0.26",
        "black_clip": "0.0",
        "temp": "6500.0",
        "chromatic_aberration_intensity": "0.0"
      },
      "transform_carla": {
        "location": {
          "x": 104.2557601928711,
          "y": -35.90401077270508,
          "z": 1.6917665004730225
        },
        "rotation": {
          "roll": 0.5673041343688965,
          "pitch": -0.16283853352069855,
          "yaw": -105.38003540039062
        }
      },
      "matrix_world_from_sensor_carla": [
        [
          -0.2652190327644348,
          0.9641481041908264,
          0.008792845532298088,
          104.2557601928711
        ],
        [
          -0.9641839861869812,
          -0.26517999172210693,
          -0.005366137716919184,
          -35.90401077270508
        ],
        [
          -0.0028420647140592337,
          -0.009901123121380806,
          0.9999469518661499,
          1.6917665004730225
        ],
        [
          0.0,
          0.0,
          0.0,
          1.0
        ]
      ],
      "matrix_world_from_sensor_bevfusion": [
        [
          0.9641481041908264,
          -0.008792845532298088,
          -0.2652190327644348,
          104.2557601928711
        ],
        [
          0.26517999172210693,
          -0.005366137716919184,
          0.9641839861869812,
          35.90401077270508
        ],
        [
          -0.009901123121380806,
          -0.9999469518661499,
          -0.0028420647140592337,
          1.6917665004730225
        ],
        [
          0.0,
          0.0,
          0.0,
          1.0
        ]
      ],
      "matrix_ego_from_sensor_carla": [
        [
          1.0,
          -1.1685822087770248e-08,
          -1.0802772565376983e-10,
          1.5499982833862305
        ],
        [
          -1.0622541068983082e-08,
          1.0,
          -2.98768787487802e-11,
          0.0
        ],
        [
          1.248029180000998e-10,
          -9.611500484396629e-10,
          1.0,
          1.6999999284744263
        ],
        [
          0.0,
          0.0,
          0.0,
          1.0
        ]
      ],
      "matrix_ego_from_sensor_bevfusion": [
        [
          -1.1685822087770248e-08,
          1.0802772565376983e-10,
          1.0,
          1.5499982833862305
        ],
        [
          -1.0,
          -2.98768787487802e-11,
          1.0622541068983082e-08,
          0.0
        ],
        [
          -9.611500484396629e-10,
          -1.0,
          1.248029180000998e-10,
          1.6999999284744263
        ],
        [
          0.0,
          0.0,
          0.0,
          1.0
        ]
      ],
      "camera_intrinsics": [
        [
          685.5110473632812,
          0.0,
          480.0
        ],
        [
          0.0,
          685.5110473632812,
          270.0
        ],
        [
          0.0,
          0.0,
          1.0
        ]
      ],
      "data_path": "D:\\Agent-AI\\outputs\\s3a_ml_long_v2\\sample_000020\\images\\CAM_FRONT.png",
      "raw_layout": "bgra8"
    },
    "CAM_FRONT_RIGHT": {
      "type_id": "sensor.camera.rgb",
      "blueprint_attributes": {
        "role_name": "front",
        "ros_name": "sensor.camera.rgb",
        "chromatic_aberration_offset": "0.0",
        "sensor_tick": "0.100000",
        "fstop": "1.4",
        "image_size_x": "960",
        "image_size_y": "540",
        "fov": "70.00",
        "lens_circle_falloff": "5.0",
        "lens_circle_multiplier": "0.0",
        "exposure_compensation": "0.0",
        "lens_y_size": "0.08",
        "lens_k": "-1.0",
        "exposure_mode": "histogram",
        "lens_kcube": "0.0",
        "lens_x_size": "0.08",
        "exposure_max_bright": "12.0",
        "shutter_speed": "200.0",
        "bloom_intensity": "0.675",
        "iso": "100.0",
        "enable_postprocess_effects": "false",
        "gamma": "2.2",
        "motion_blur_intensity": "0.0",
        "motion_blur_max_distortion": "0.35",
        "lens_flare_intensity": "0.1",
        "motion_blur_min_object_screen_size": "0.1",
        "exposure_min_bright": "10.0",
        "exposure_speed_up": "3.0",
        "exposure_speed_down": "1.0",
        "tint": "0.0",
        "calibration_constant": "16.0",
        "focal_distance": "1000.0",
        "min_fstop": "1.2",
        "blade_count": "5",
        "blur_amount": "0.0",
        "blur_radius": "0.0",
        "slope": "0.88",
        "toe": "0.55",
        "white_clip": "0.04",
        "shoulder": "0.26",
        "black_clip": "0.0",
        "temp": "6500.0",
        "chromatic_aberration_intensity": "0.0"
      },
      "transform_carla": {
        "location": {
          "x": 104.85234832763672,
          "y": -35.80881118774414,
          "z": 1.6870313882827759
        },
        "rotation": {
          "roll": 0.19200319051742554,
          "pitch": -0.558108389377594,
          "yaw": -50.38018035888672
        }
      },
      "matrix_world_from_sensor_carla": [
        [
          0.6376602053642273,
          0.7702676057815552,
          0.008792813867330551,
          104.85234832763672
        ],
        [
          -0.7702561616897583,
          0.6377120614051819,
          -0.005366175435483456,
          -35.80881118774414
        ],
        [
          -0.009740674868226051,
          -0.003350922605022788,
          0.9999469518661499,
          1.6870313882827759
        ],
        [
          0.0,
          0.0,
          0.0,
          1.0
        ]
      ],
      "matrix_world_from_sensor_bevfusion": [
        [
          0.7702676057815552,
          -0.008792813867330551,
          0.6376602053642273,
          104.85234832763672
        ],
        [
          -0.6377120614051819,
          -0.005366175435483456,
          0.7702561616897583,
          35.80881118774414
        ],
        [
          -0.003350922605022788,
          -0.9999469518661499,
          -0.009740674868226051,
          1.6870313882827759
        ],
        [
          0.0,
          0.0,
          0.0,
          1.0
        ]
      ],
      "matrix_ego_from_sensor_carla": [
        [
          0.5735766887664795,
          -0.8191518783569336,
          4.459545621671168e-08,
          1.2999958992004395
        ],
        [
          0.8191518187522888,
          0.573576807975769,
          -1.958765061260692e-08,
          0.5500106811523438
        ],
        [
          -9.472630679852045e-09,
          4.8539185115714645e-08,
          1.0,
          1.7000001668930054
        ],
        [
          0.0,
          0.0,
          0.0,
          1.0
        ]
      ],
      "matrix_ego_from_sensor_bevfusion": [
        [
          -0.8191518783569336,
          -4.459545621671168e-08,
          0.5735766887664795,
          1.2999958992004395
        ],
        [
          -0.573576807975769,
          -1.958765061260692e-08,
          -0.8191518187522888,
          -0.5500106811523438
        ],
        [
          4.8539185115714645e-08,
          -1.0,
          -9.472630679852045e-09,
          1.7000001668930054
        ],
        [
          0.0,
          0.0,
          0.0,
          1.0
        ]
      ],
      "camera_intrinsics": [
        [
          685.5110473632812,
          0.0,
          480.0
        ],
        [
          0.0,
          685.5110473632812,
          270.0
        ],
        [
          0.0,
          0.0,
          1.0
        ]
      ],
      "data_path": "D:\\Agent-AI\\outputs\\s3a_ml_long_v2\\sample_000020\\images\\CAM_FRONT_RIGHT.png",
      "raw_layout": "bgra8"
    },
    "CAM_FRONT_LEFT": {
      "type_id": "sensor.camera.rgb",
      "blueprint_attributes": {
        "role_name": "front",
        "ros_name": "sensor.camera.rgb",
        "chromatic_aberration_offset": "0.0",
        "sensor_tick": "0.100000",
        "fstop": "1.4",
        "image_size_x": "960",
        "image_size_y": "540",
        "fov": "70.00",
        "lens_circle_falloff": "5.0",
        "lens_circle_multiplier": "0.0",
        "exposure_compensation": "0.0",
        "lens_y_size": "0.08",
        "lens_k": "-1.0",
        "exposure_mode": "histogram",
        "lens_kcube": "0.0",
        "lens_x_size": "0.08",
        "exposure_max_bright": "12.0",
        "shutter_speed": "200.0",
        "bloom_intensity": "0.675",
        "iso": "100.0",
        "enable_postprocess_effects": "false",
        "gamma": "2.2",
        "motion_blur_intensity": "0.0",
        "motion_blur_max_distortion": "0.35",
        "lens_flare_intensity": "0.1",
        "motion_blur_min_object_screen_size": "0.1",
        "exposure_min_bright": "10.0",
        "exposure_speed_up": "3.0",
        "exposure_speed_down": "1.0",
        "tint": "0.0",
        "calibration_constant": "16.0",
        "focal_distance": "1000.0",
        "min_fstop": "1.2",
        "blade_count": "5",
        "blur_amount": "0.0",
        "blur_radius": "0.0",
        "slope": "0.88",
        "toe": "0.55",
        "white_clip": "0.04",
        "shoulder": "0.26",
        "black_clip": "0.0",
        "temp": "6500.0",
        "chromatic_aberration_intensity": "0.0"
      },
      "transform_carla": {
        "location": {
          "x": 103.79178619384766,
          "y": -35.51711654663086,
          "z": 1.6979224681854248
        },
        "rotation": {
          "roll": 0.45879215002059937,
          "pitch": 0.37129589915275574,
          "yaw": -160.37771606445312
        }
      },
      "matrix_world_from_sensor_carla": [
        [
          -0.9419071674346924,
          0.3357582688331604,
          0.008792775683104992,
          103.79178619384766
        ],
        [
          -0.3358108699321747,
          -0.9419141411781311,
          -0.005366208963096142,
          -35.51711654663086
        ],
        [
          0.006480290554463863,
          -0.008007179945707321,
          0.9999469518661499,
          1.6979224681854248
        ],
        [
          0.0,
          0.0,
          0.0,
          1.0
        ]
      ],
      "matrix_world_from_sensor_bevfusion": [
        [
          0.3357582688331604,
          -0.008792775683104992,
          -0.9419071674346924,
          103.79178619384766
        ],
        [
          0.9419141411781311,
          -0.005366208963096142,
          0.3358108699321747,
          35.51711654663086
        ],
        [
          -0.008007179945707321,
          -0.9999469518661499,
          0.006480290554463863,
          1.6979224681854248
        ],
        [
          0.0,
          0.0,
          0.0,
          1.0
        ]
      ],
      "matrix_ego_from_sensor_carla": [
        [
          0.573576807975769,
          0.8191518187522888,
          8.720346045265615e-08,
          1.2999982833862305
        ],
        [
          -0.8191518783569336,
          0.5735767483711243,
          -4.7527329627428117e-08,
          -0.54998779296875
        ],
        [
          -8.998191702858094e-08,
          -4.3689301065796826e-08,
          1.0,
          1.6999999284744263
        ],
        [
          0.0,
          0.0,
          0.0,
          1.0
        ]
      ],
      "matrix_ego_from_sensor_bevfusion": [
        [
          0.8191518187522888,
          -8.720346045265615e-08,
          0.573576807975769,
          1.2999982833862305
        ],
        [
          -0.5735767483711243,
          -4.7527329627428117e-08,
          0.8191518783569336,
          0.54998779296875
        ],
        [
          -4.3689301065796826e-08,
          -1.0,
          -8.998191702858094e-08,
          1.6999999284744263
        ],
        [
          0.0,
          0.0,
          0.0,
          1.0
        ]
      ],
      "camera_intrinsics": [
        [
          685.5110473632812,
          0.0,
          480.0
        ],
        [
          0.0,
          685.5110473632812,
          270.0
        ],
        [
          0.0,
          0.0,
          1.0
        ]
      ],
      "data_path": "D:\\Agent-AI\\outputs\\s3a_ml_long_v2\\sample_000020\\images\\CAM_FRONT_LEFT.png",
      "raw_layout": "bgra8"
    },
    "CAM_BACK": {
      "type_id": "sensor.camera.rgb",
      "blueprint_attributes": {
        "role_name": "front",
        "ros_name": "sensor.camera.rgb",
        "chromatic_aberration_offset": "0.0",
        "sensor_tick": "0.100000",
        "fstop": "1.4",
        "image_size_x": "960",
        "image_size_y": "540",
        "fov": "70.00",
        "lens_circle_falloff": "5.0",
        "lens_circle_multiplier": "0.0",
        "exposure_compensation": "0.0",
        "lens_y_size": "0.08",
        "lens_k": "-1.0",
        "exposure_mode": "histogram",
        "lens_kcube": "0.0",
        "lens_x_size": "0.08",
        "exposure_max_bright": "12.0",
        "shutter_speed": "200.0",
        "bloom_intensity": "0.675",
        "iso": "100.0",
        "enable_postprocess_effects": "false",
        "gamma": "2.2",
        "motion_blur_intensity": "0.0",
        "motion_blur_max_distortion": "0.35",
        "lens_flare_intensity": "0.1",
        "motion_blur_min_object_screen_size": "0.1",
        "exposure_min_bright": "10.0",
        "exposure_speed_up": "3.0",
        "exposure_speed_down": "1.0",
        "tint": "0.0",
        "calibration_constant": "16.0",
        "focal_distance": "1000.0",
        "min_fstop": "1.2",
        "blade_count": "5",
        "blur_amount": "0.0",
        "blur_radius": "0.0",
        "slope": "0.88",
        "toe": "0.55",
        "white_clip": "0.04",
        "shoulder": "0.26",
        "black_clip": "0.0",
        "temp": "6500.0",
        "chromatic_aberration_intensity": "0.0"
      },
      "transform_carla": {
        "location": {
          "x": 105.07793426513672,
          "y": -32.9150390625,
          "z": 1.700576901435852
        },
        "rotation": {
          "roll": -0.5673039555549622,
          "pitch": 0.16283853352069855,
          "yaw": 74.61995697021484
        }
      },
      "matrix_world_from_sensor_carla": [
        [
          0.2652192711830139,
          -0.9641479849815369,
          0.008792840875685215,
          105.07793426513672
        ],
        [
          0.9641838669776917,
          0.26518023014068604,
          -0.005366139113903046,
          -32.9150390625
        ],
        [
          0.0028420647140592337,
          0.009901119396090508,
          0.9999469518661499,
          1.700576901435852
        ],
        [
          0.0,
          0.0,
          0.0,
          1.0
        ]
      ],
      "matrix_world_from_sensor_bevfusion": [
        [
          -0.9641479849815369,
          -0.008792840875685215,
          0.2652192711830139,
          105.07793426513672
        ],
        [
          -0.26518023014068604,
          -0.005366139113903046,
          -0.9641838669776917,
          32.9150390625
        ],
        [
          0.009901119396090508,
          -0.9999469518661499,
          0.0028420647140592337,
          1.700576901435852
        ],
        [
          0.0,
          0.0,
          0.0,
          1.0
        ]
      ],
      "matrix_ego_from_sensor_carla": [
        [
          -0.9999999403953552,
          -2.479843317360064e-07,
          2.4531092712720692e-09,
          -1.5500011444091797
        ],
        [
          2.8065332458027115e-07,
          -1.0,
          -2.8238447136175182e-09,
          0.0
        ],
        [
          2.6691648891130626e-09,
          -3.6952652049393464e-09,
          1.0,
          1.6999999284744263
        ],
        [
          0.0,
          0.0,
          0.0,
          1.0
        ]
      ],
      "matrix_ego_from_sensor_bevfusion": [
        [
          -2.479843317360064e-07,
          -2.4531092712720692e-09,
          -0.9999999403953552,
          -1.5500011444091797
        ],
        [
          1.0,
          -2.8238447136175182e-09,
          -2.8065332458027115e-07,
          0.0
        ],
        [
          -3.6952652049393464e-09,
          -1.0,
          2.6691648891130626e-09,
          1.6999999284744263
        ],
        [
          0.0,
          0.0,
          0.0,
          1.0
        ]
      ],
      "camera_intrinsics": [
        [
          685.5110473632812,
          0.0,
          480.0
        ],
        [
          0.0,
          685.5110473632812,
          270.0
        ],
        [
          0.0,
          0.0,
          1.0
        ]
      ],
      "data_path": "D:\\Agent-AI\\outputs\\s3a_ml_long_v2\\sample_000020\\images\\CAM_BACK.png",
      "raw_layout": "bgra8"
    },
    "CAM_BACK_LEFT": {
      "type_id": "sensor.camera.rgb",
      "blueprint_attributes": {
        "role_name": "front",
        "ros_name": "sensor.camera.rgb",
        "chromatic_aberration_offset": "0.0",
        "sensor_tick": "0.100000",
        "fstop": "1.4",
        "image_size_x": "960",
        "image_size_y": "540",
        "fov": "70.00",
        "lens_circle_falloff": "5.0",
        "lens_circle_multiplier": "0.0",
        "exposure_compensation": "0.0",
        "lens_y_size": "0.08",
        "lens_k": "-1.0",
        "exposure_mode": "histogram",
        "lens_kcube": "0.0",
        "lens_x_size": "0.08",
        "exposure_max_bright": "12.0",
        "shutter_speed": "200.0",
        "bloom_intensity": "0.675",
        "iso": "100.0",
        "enable_postprocess_effects": "false",
        "gamma": "2.2",
        "motion_blur_intensity": "0.0",
        "motion_blur_max_distortion": "0.35",
        "lens_flare_intensity": "0.1",
        "motion_blur_min_object_screen_size": "0.1",
        "exposure_min_bright": "10.0",
        "exposure_speed_up": "3.0",
        "exposure_speed_down": "1.0",
        "tint": "0.0",
        "calibration_constant": "16.0",
        "focal_distance": "1000.0",
        "min_fstop": "1.2",
        "blade_count": "5",
        "blur_amount": "0.0",
        "blur_radius": "0.0",
        "slope": "0.88",
        "toe": "0.55",
        "white_clip": "0.04",
        "shoulder": "0.26",
        "black_clip": "0.0",
        "temp": "6500.0",
        "chromatic_aberration_intensity": "0.0"
      },
      "transform_carla": {
        "location": {
          "x": 104.48135375976562,
          "y": -33.01023483276367,
          "z": 1.7053120136260986
        },
        "rotation": {
          "roll": -0.1920030564069748,
          "pitch": 0.558108389377594,
          "yaw": 129.6198272705078
        }
      },
      "matrix_world_from_sensor_carla": [
        [
          -0.6376603841781616,
          -0.7702674865722656,
          0.008792813867330551,
          104.48135375976562
        ],
        [
          0.7702560424804688,
          -0.6377122402191162,
          -0.005366175435483456,
          -33.01023483276367
        ],
        [
          0.009740674868226051,
          0.0033509202767163515,
          0.9999469518661499,
          1.7053120136260986
        ],
        [
          0.0,
          0.0,
          0.0,
          1.0
        ]
      ],
      "matrix_world_from_sensor_bevfusion": [
        [
          -0.7702674865722656,
          -0.008792813867330551,
          -0.6376603841781616,
          104.48135375976562
        ],
        [
          0.6377122402191162,
          -0.005366175435483456,
          -0.7702560424804688,
          33.01023483276367
        ],
        [
          0.0033509202767163515,
          -0.9999469518661499,
          0.009740674868226051,
          1.7053120136260986
        ],
        [
          0.0,
          0.0,
          0.0,
          1.0
        ]
      ],
      "matrix_ego_from_sensor_carla": [
        [
          -0.5735765099525452,
          0.8191519975662231,
          4.459545621671168e-08,
          -1.300004005432129
        ],
        [
          -0.8191519379615784,
          -0.5735766291618347,
          -1.958765061260692e-08,
          -0.5499954223632812
        ],
        [
          8.541308105236567e-09,
          -4.9004722058043626e-08,
          1.0,
          1.7000001668930054
        ],
        [
          0.0,
          0.0,
          0.0,
          1.0
        ]
      ],
      "matrix_ego_from_sensor_bevfusion": [
        [
          0.8191519975662231,
          -4.459545621671168e-08,
          -0.5735765099525452,
          -1.300004005432129
        ],
        [
          0.5735766291618347,
          -1.958765061260692e-08,
          0.8191519379615784,
          0.5499954223632812
        ],
        [
          -4.9004722058043626e-08,
          -1.0,
          8.541308105236567e-09,
          1.7000001668930054
        ],
        [
          0.0,
          0.0,
          0.0,
          1.0
        ]
      ],
      "camera_intrinsics": [
        [
          685.5110473632812,
          0.0,
          480.0
        ],
        [
          0.0,
          685.5110473632812,
          270.0
        ],
        [
          0.0,
          0.0,
          1.0
        ]
      ],
      "data_path": "D:\\Agent-AI\\outputs\\s3a_ml_long_v2\\sample_000020\\images\\CAM_BACK_LEFT.png",
      "raw_layout": "bgra8"
    },
    "CAM_BACK_RIGHT": {
      "type_id": "sensor.camera.rgb",
      "blueprint_attributes": {
        "role_name": "front",
        "ros_name": "sensor.camera.rgb",
        "chromatic_aberration_offset": "0.0",
        "sensor_tick": "0.100000",
        "fstop": "1.4",
        "image_size_x": "960",
        "image_size_y": "540",
        "fov": "70.00",
        "lens_circle_falloff": "5.0",
        "lens_circle_multiplier": "0.0",
        "exposure_compensation": "0.0",
        "lens_y_size": "0.08",
        "lens_k": "-1.0",
        "exposure_mode": "histogram",
        "lens_kcube": "0.0",
        "lens_x_size": "0.08",
        "exposure_max_bright": "12.0",
        "shutter_speed": "200.0",
        "bloom_intensity": "0.675",
        "iso": "100.0",
        "enable_postprocess_effects": "false",
        "gamma": "2.2",
        "motion_blur_intensity": "0.0",
        "motion_blur_max_distortion": "0.35",
        "lens_flare_intensity": "0.1",
        "motion_blur_min_object_screen_size": "0.1",
        "exposure_min_bright": "10.0",
        "exposure_speed_up": "3.0",
        "exposure_speed_down": "1.0",
        "tint": "0.0",
        "calibration_constant": "16.0",
        "focal_distance": "1000.0",
        "min_fstop": "1.2",
        "blade_count": "5",
        "blur_amount": "0.0",
        "blur_radius": "0.0",
        "slope": "0.88",
        "toe": "0.55",
        "white_clip": "0.04",
        "shoulder": "0.26",
        "black_clip": "0.0",
        "temp": "6500.0",
        "chromatic_aberration_intensity": "0.0"
      },
      "transform_carla": {
        "location": {
          "x": 105.54190826416016,
          "y": -33.301937103271484,
          "z": 1.6944206953048706
        },
        "rotation": {
          "roll": -0.458792120218277,
          "pitch": -0.37129589915275574,
          "yaw": 19.62225341796875
        }
      },
      "matrix_world_from_sensor_carla": [
        [
          0.9419072866439819,
          -0.3357578217983246,
          0.008792772889137268,
          105.54190826416016
        ],
        [
          0.33581042289733887,
          0.9419142603874207,
          -0.00536621268838644,
          -33.301937103271484
        ],
        [
          -0.006480290554463863,
          0.008007179945707321,
          0.9999469518661499,
          1.6944206953048706
        ],
        [
          0.0,
          0.0,
          0.0,
          1.0
        ]
      ],
      "matrix_world_from_sensor_bevfusion": [
        [
          -0.3357578217983246,
          -0.008792772889137268,
          0.9419072866439819,
          105.54190826416016
        ],
        [
          -0.9419142603874207,
          -0.00536621268838644,
          -0.33581042289733887,
          33.301937103271484
        ],
        [
          0.008007179945707321,
          -0.9999469518661499,
          -0.006480290554463863,
          1.6944206953048706
        ],
        [
          0.0,
          0.0,
          0.0,
          1.0
        ]
      ],
      "matrix_ego_from_sensor_carla": [
        [
          -0.5735763907432556,
          -0.8191520571708679,
          9.13944120384258e-08,
          -1.299997329711914
        ],
        [
          0.8191520571708679,
          -0.5735763311386108,
          -4.9389974776659074e-08,
          0.5500030517578125
        ],
        [
          9.324154603973511e-08,
          4.648326878964326e-08,
          1.0,
          1.6999999284744263
        ],
        [
          0.0,
          0.0,
          0.0,
          1.0
        ]
      ],
      "matrix_ego_from_sensor_bevfusion": [
        [
          -0.8191520571708679,
          -9.13944120384258e-08,
          -0.5735763907432556,
          -1.299997329711914
        ],
        [
          0.5735763311386108,
          -4.9389974776659074e-08,
          -0.8191520571708679,
          -0.5500030517578125
        ],
        [
          4.648326878964326e-08,
          -1.0,
          9.324154603973511e-08,
          1.6999999284744263
        ],
        [
          0.0,
          0.0,
          0.0,
          1.0
        ]
      ],
      "camera_intrinsics": [
        [
          685.5110473632812,
          0.0,
          480.0
        ],
        [
          0.0,
          685.5110473632812,
          270.0
        ],
        [
          0.0,
          0.0,
          1.0
        ]
      ],
      "data_path": "D:\\Agent-AI\\outputs\\s3a_ml_long_v2\\sample_000020\\images\\CAM_BACK_RIGHT.png",
      "raw_layout": "bgra8"
    },
    "LIDAR_TOP": {
      "type_id": "sensor.lidar.ray_cast",
      "blueprint_attributes": {
        "atmosphere_attenuation_rate": "0.004",
        "role_name": "front",
        "noise_seed": "0",
        "upper_fov": "10.0",
        "ros_name": "sensor.lidar.ray_cast",
        "sensor_tick": "0.100000",
        "channels": "32",
        "range": "120.0",
        "points_per_second": "360000",
        "lower_fov": "-30.0",
        "rotation_frequency": "10.000000",
        "horizontal_fov": "360.0",
        "dropoff_general_rate": "0.0",
        "dropoff_intensity_limit": "1.0",
        "noise_stddev": "0.0",
        "dropoff_zero_intensity": "0.0"
      },
      "transform_carla": {
        "location": {
          "x": 104.67124938964844,
          "y": -34.412208557128906,
          "z": 2.1961450576782227
        },
        "rotation": {
          "roll": 0.5673041343688965,
          "pitch": -0.16283853352069855,
          "yaw": -105.38003540039062
        }
      },
      "matrix_world_from_sensor_carla": [
        [
          -0.2652190327644348,
          0.9641481041908264,
          0.008792845532298088,
          104.67124938964844
        ],
        [
          -0.9641839861869812,
          -0.26517999172210693,
          -0.005366137716919184,
          -34.412208557128906
        ],
        [
          -0.0028420647140592337,
          -0.009901123121380806,
          0.9999469518661499,
          2.1961450576782227
        ],
        [
          0.0,
          0.0,
          0.0,
          1.0
        ]
      ],
      "matrix_world_from_sensor_bevfusion": [
        [
          -0.2652190327644348,
          -0.9641481041908264,
          0.008792845532298088,
          104.67124938964844
        ],
        [
          0.9641839861869812,
          -0.26517999172210693,
          0.005366137716919184,
          34.412208557128906
        ],
        [
          -0.0028420647140592337,
          0.009901123121380806,
          0.9999469518661499,
          2.1961450576782227
        ],
        [
          0.0,
          0.0,
          0.0,
          1.0
        ]
      ],
      "matrix_ego_from_sensor_carla": [
        [
          1.0,
          -1.1685822087770248e-08,
          -1.0802772565376983e-10,
          -2.384185791015625e-06
        ],
        [
          -1.0622541068983082e-08,
          1.0,
          -2.98768787487802e-11,
          7.62939453125e-06
        ],
        [
          1.248029180000998e-10,
          -9.611500484396629e-10,
          1.0,
          2.1999998092651367
        ],
        [
          0.0,
          0.0,
          0.0,
          1.0
        ]
      ],
      "matrix_ego_from_sensor_bevfusion": [
        [
          1.0,
          1.1685822087770248e-08,
          -1.0802772565376983e-10,
          -2.384185791015625e-06
        ],
        [
          1.0622541068983082e-08,
          1.0,
          2.98768787487802e-11,
          -7.62939453125e-06
        ],
        [
          1.248029180000998e-10,
          9.611500484396629e-10,
          1.0,
          2.1999998092651367
        ],
        [
          0.0,
          0.0,
          0.0,
          1.0
        ]
      ],
      "data_path": "D:\\Agent-AI\\outputs\\s3a_ml_long_v2\\sample_000020\\lidar\\LIDAR_TOP.npy",
      "raw_layout": [
        "x",
        "y",
        "z",
        "intensity"
      ]
    },
    "RADAR_FRONT": {
      "type_id": "sensor.other.radar",
      "blueprint_attributes": {
        "sensor_tick": "0.100000",
        "role_name": "default",
        "noise_seed": "0",
        "ros_name": "sensor.other.radar",
        "horizontal_fov": "35.0",
        "points_per_second": "1500",
        "vertical_fov": "20.0",
        "range": "120.0"
      },
      "transform_carla": {
        "location": {
          "x": 104.12937927246094,
          "y": -36.33359909057617,
          "z": 0.8905297517776489
        },
        "rotation": {
          "roll": 0.5673041343688965,
          "pitch": -0.16283853352069855,
          "yaw": -105.38003540039062
        }
      },
      "matrix_world_from_sensor_carla": [
        [
          -0.2652190327644348,
          0.9641481041908264,
          0.008792845532298088,
          104.12937927246094
        ],
        [
          -0.9641839861869812,
          -0.26517999172210693,
          -0.005366137716919184,
          -36.33359909057617
        ],
        [
          -0.0028420647140592337,
          -0.009901123121380806,
          0.9999469518661499,
          0.8905297517776489
        ],
        [
          0.0,
          0.0,
          0.0,
          1.0
        ]
      ],
      "matrix_world_from_sensor_bevfusion": [
        [
          -0.2652190327644348,
          -0.9641481041908264,
          0.008792845532298088,
          104.12937927246094
        ],
        [
          0.9641839861869812,
          -0.26517999172210693,
          0.005366137716919184,
          36.33359909057617
        ],
        [
          -0.0028420647140592337,
          0.009901123121380806,
          0.9999469518661499,
          0.8905297517776489
        ],
        [
          0.0,
          0.0,
          0.0,
          1.0
        ]
      ],
      "matrix_ego_from_sensor_carla": [
        [
          1.0,
          -1.1685822087770248e-08,
          -1.0802772565376983e-10,
          1.9999971389770508
        ],
        [
          -1.0622541068983082e-08,
          1.0,
          -2.98768787487802e-11,
          0.0
        ],
        [
          1.248029180000998e-10,
          -9.611500484396629e-10,
          1.0,
          0.899999737739563
        ],
        [
          0.0,
          0.0,
          0.0,
          1.0
        ]
      ],
      "matrix_ego_from_sensor_bevfusion": [
        [
          1.0,
          1.1685822087770248e-08,
          -1.0802772565376983e-10,
          1.9999971389770508
        ],
        [
          1.0622541068983082e-08,
          1.0,
          2.98768787487802e-11,
          0.0
        ],
        [
          1.248029180000998e-10,
          9.611500484396629e-10,
          1.0,
          0.899999737739563
        ],
        [
          0.0,
          0.0,
          0.0,
          1.0
        ]
      ],
      "data_path": "D:\\Agent-AI\\outputs\\s3a_ml_long_v2\\sample_000020\\radar\\RADAR_FRONT.npy",
      "raw_layout": [
        "velocity",
        "altitude",
        "azimuth",
        "depth"
      ]
    },
    "RADAR_FRONT_LEFT": {
      "type_id": "sensor.other.radar",
      "blueprint_attributes": {
        "sensor_tick": "0.100000",
        "role_name": "default",
        "noise_seed": "0",
        "ros_name": "sensor.other.radar",
        "horizontal_fov": "35.0",
        "points_per_second": "1500",
        "vertical_fov": "20.0",
        "range": "120.0"
      },
      "transform_carla": {
        "location": {
          "x": 103.49909210205078,
          "y": -35.79724884033203,
          "z": 0.898950457572937
        },
        "rotation": {
          "roll": 0.5162961483001709,
          "pitch": 0.28599366545677185,
          "yaw": -150.3779296875
        }
      },
      "matrix_world_from_sensor_carla": [
        [
          -0.8692936897277832,
          0.4942176640033722,
          0.008792867884039879,
          103.49909210205078
        ],
        [
          -0.4942706525325775,
          -0.8692914843559265,
          -0.005366167984902859,
          -35.79724884033203
        ],
        [
          0.004991509951651096,
          -0.009010832756757736,
          0.9999469518661499,
          0.898950457572937
        ],
        [
          0.0,
          0.0,
          0.0,
          1.0
        ]
      ],
      "matrix_world_from_sensor_bevfusion": [
        [
          -0.8692936897277832,
          -0.4942176640033722,
          0.008792867884039879,
          103.49909210205078
        ],
        [
          0.4942706525325775,
          -0.8692914843559265,
          0.005366167984902859,
          35.79724884033203
        ],
        [
          0.004991509951651096,
          0.009010832756757736,
          0.9999469518661499,
          0.898950457572937
        ],
        [
          0.0,
          0.0,
          0.0,
          1.0
        ]
      ],
      "matrix_ego_from_sensor_carla": [
        [
          0.70710688829422,
          0.7071065902709961,
          2.3175037000555676e-08,
          1.6499967575073242
        ],
        [
          -0.7071065902709961,
          0.7071069478988647,
          3.070376664027208e-08,
          -0.75
        ],
        [
          4.361936145613754e-09,
          -3.701352113694156e-08,
          1.0,
          0.899999737739563
        ],
        [
          0.0,
          0.0,
          0.0,
          1.0
        ]
      ],
      "matrix_ego_from_sensor_bevfusion": [
        [
          0.70710688829422,
          -0.7071065902709961,
          2.3175037000555676e-08,
          1.6499967575073242
        ],
        [
          0.7071065902709961,
          0.7071069478988647,
          -3.070376664027208e-08,
          0.75
        ],
        [
          4.361936145613754e-09,
          3.701352113694156e-08,
          1.0,
          0.899999737739563
        ],
        [
          0.0,
          0.0,
          0.0,
          1.0
        ]
      ],
      "data_path": "D:\\Agent-AI\\outputs\\s3a_ml_long_v2\\sample_000020\\radar\\RADAR_FRONT_LEFT.npy",
      "raw_layout": [
        "velocity",
        "altitude",
        "azimuth",
        "depth"
      ]
    },
    "RADAR_FRONT_RIGHT": {
      "type_id": "sensor.other.radar",
      "blueprint_attributes": {
        "sensor_tick": "0.100000",
        "role_name": "default",
        "noise_seed": "0",
        "ros_name": "sensor.other.radar",
        "horizontal_fov": "35.0",
        "points_per_second": "1500",
        "vertical_fov": "20.0",
        "range": "120.0"
