{
  "schema_version": "stage1.v1",
  "sample_name": "sample_000040",
  "sequence_index": 40,
  "previous_sample_name": "sample_000039",
  "frame_id": 726313,
  "timestamp": 5001.194624777883,
  "platform_timestamp": 16813384.2267742,
  "delta_seconds": 0.10000000149011612,
  "town": "Carla/Maps/Town10HD_Opt",
  "weather": {
    "cloudiness": 20.0,
    "dust_storm": 0.0,
    "fog_density": 2.0,
    "fog_distance": 0.75,
    "fog_falloff": 0.10000000149011612,
    "mie_scattering_scale": 0.029999999329447746,
    "precipitation": 0.0,
    "precipitation_deposits": 0.0,
    "rayleigh_scattering_scale": 0.03310000151395798,
    "scattering_intensity": 1.0,
    "sun_altitude_angle": 45.0,
    "sun_azimuth_angle": 300.0,
    "wetness": 0.0,
    "wind_intensity": 10.0
  },
  "sensor_names": [
    "CAM_FRONT",
    "CAM_FRONT_RIGHT",
    "CAM_FRONT_LEFT",
    "CAM_BACK",
    "CAM_BACK_LEFT",
    "CAM_BACK_RIGHT",
    "LIDAR_TOP",
    "RADAR_FRONT",
    "RADAR_FRONT_LEFT",
    "RADAR_FRONT_RIGHT",
    "RADAR_BACK_LEFT",
    "RADAR_BACK_RIGHT"
  ],
  "camera_order_for_model": [
    "CAM_FRONT",
    "CAM_FRONT_RIGHT",
    "CAM_FRONT_LEFT",
    "CAM_BACK",
    "CAM_BACK_LEFT",
    "CAM_BACK_RIGHT"
  ],
  "radar_order_for_model": [
    "RADAR_FRONT",
    "RADAR_FRONT_LEFT",
    "RADAR_FRONT_RIGHT",
    "RADAR_BACK_LEFT",
    "RADAR_BACK_RIGHT"
  ],
  "coordinate_notes": {
    "carla_world": "left-handed x-forward y-right z-up",
    "bevfusion_lidar": "x-forward y-left z-up",
    "camera_frame_for_model": "OpenCV style x-right y-down z-forward"
  },
  "ego": {
    "actor_id": 49,
    "transform_carla": {
      "location": {
        "x": 103.62042999267578,
        "y": -37.35169219970703,
        "z": -0.0018028258346021175
      },
      "rotation": {
        "roll": -0.03448484092950821,
        "pitch": -0.7215889692306519,
        "yaw": -109.159423828125
      }
    },
    "velocity_carla": [
      -0.009833459742367268,
      -0.022925814613699913,
      -0.0003524589410517365
    ],
    "angular_velocity_carla": [
      5.438955307006836,
      -2.3898308277130127,
      -0.028887055814266205
    ],
    "matrix_world_from_ego_carla": [
      [
        -0.32817167043685913,
        0.944606363773346,
        -0.004701781552284956,
        103.62042999267578
      ],
      [
        -0.9445341229438782,
        -0.32820481061935425,
        -0.011698653921484947,
        -37.35169219970703
      ],
      [
        -0.012593770399689674,
        0.0006018262356519699,
        0.9999204874038696,
        -0.0018028258346021175
      ],
      [
        0.0,
        0.0,
        0.0,
        1.0
      ]
    ],
    "matrix_world_from_ego_bevfusion": [
      [
        -0.32817167043685913,
        -0.944606363773346,
        -0.004701781552284956,
        103.62042999267578
      ],
      [
        0.9445341229438782,
        -0.32820481061935425,
        0.011698653921484947,
        37.35169219970703
      ],
      [
        -0.012593770399689674,
        -0.0006018262356519699,
        0.9999204874038696,
        -0.0018028258346021175
      ],
      [
        0.0,
        0.0,
        0.0,
        1.0
      ]
    ]
  },
  "sensors": {
    "CAM_FRONT": {
      "type_id": "sensor.camera.rgb",
      "blueprint_attributes": {
        "role_name": "front",
        "ros_name": "sensor.camera.rgb",
        "chromatic_aberration_offset": "0.0",
        "sensor_tick": "0.100000",
        "fstop": "1.4",
        "image_size_x": "960",
        "image_size_y": "540",
        "fov": "70.00",
        "lens_circle_falloff": "5.0",
        "lens_circle_multiplier": "0.0",
        "exposure_compensation": "0.0",
        "lens_y_size": "0.08",
        "lens_k": "-1.0",
        "exposure_mode": "histogram",
        "lens_kcube": "0.0",
        "lens_x_size": "0.08",
        "exposure_max_bright": "12.0",
        "shutter_speed": "200.0",
        "bloom_intensity": "0.675",
        "iso": "100.0",
        "enable_postprocess_effects": "false",
        "gamma": "2.2",
        "motion_blur_intensity": "0.0",
        "motion_blur_max_distortion": "0.35",
        "lens_flare_intensity": "0.1",
        "motion_blur_min_object_screen_size": "0.1",
        "exposure_min_bright": "10.0",
        "exposure_speed_up": "3.0",
        "exposure_speed_down": "1.0",
        "tint": "0.0",
        "calibration_constant": "16.0",
        "focal_distance": "1000.0",
        "min_fstop": "1.2",
        "blade_count": "5",
        "blur_amount": "0.0",
        "blur_radius": "0.0",
        "slope": "0.88",
        "toe": "0.55",
        "white_clip": "0.04",
        "shoulder": "0.26",
        "black_clip": "0.0",
        "temp": "6500.0",
        "chromatic_aberration_intensity": "0.0"
      },
      "transform_carla": {
        "location": {
          "x": 103.10376739501953,
          "y": -38.835609436035156,
          "z": 1.678541660308838
        },
        "rotation": {
          "roll": -0.03448484092950821,
          "pitch": -0.7215889692306519,
          "yaw": -109.159423828125
        }
      },
      "matrix_world_from_sensor_carla": [
        [
          -0.32817167043685913,
          0.944606363773346,
          -0.004701781552284956,
          103.10376739501953
        ],
        [
          -0.9445341229438782,
          -0.32820481061935425,
          -0.011698653921484947,
          -38.835609436035156
        ],
        [
          -0.012593770399689674,
          0.0006018262356519699,
          0.9999204874038696,
          1.678541660308838
        ],
        [
          0.0,
          0.0,
          0.0,
          1.0
        ]
      ],
      "matrix_world_from_sensor_bevfusion": [
        [
          0.944606363773346,
          0.004701781552284956,
          -0.32817167043685913,
          103.10376739501953
        ],
        [
          0.32820481061935425,
          -0.011698653921484947,
          0.9445341229438782,
          38.835609436035156
        ],
        [
          0.0006018262356519699,
          -0.9999204874038696,
          -0.012593770399689674,
          1.678541660308838
        ],
        [
          0.0,
          0.0,
          0.0,
          1.0
        ]
      ],
      "matrix_ego_from_sensor_carla": [
        [
          1.0,
          -5.000575509228611e-09,
          1.916858893835638e-10,
          1.550002932548523
        ],
        [
          5.238519396044694e-09,
          1.0,
          -6.078401670883693e-12,
          -7.62939453125e-06
        ],
        [
          -5.59035373548511e-10,
          -8.66128280208045e-11,
          1.0,
          1.7000000476837158
        ],
        [
          0.0,
          0.0,
          0.0,
          1.0
        ]
      ],
      "matrix_ego_from_sensor_bevfusion": [
        [
          -5.000575509228611e-09,
          -1.916858893835638e-10,
          1.0,
          1.550002932548523
        ],
        [
          -1.0,
          -6.078401670883693e-12,
          -5.238519396044694e-09,
          7.62939453125e-06
        ],
        [
          -8.66128280208045e-11,
          -1.0,
          -5.59035373548511e-10,
          1.7000000476837158
        ],
        [
          0.0,
          0.0,
          0.0,
          1.0
        ]
      ],
      "camera_intrinsics": [
        [
          685.5110473632812,
          0.0,
          480.0
        ],
        [
          0.0,
          685.5110473632812,
          270.0
        ],
        [
          0.0,
          0.0,
          1.0
        ]
      ],
      "data_path": "D:\\Agent-AI\\outputs\\s3a_ml_long_v1\\sample_000040\\images\\CAM_FRONT.png",
      "raw_layout": "bgra8"
    },
    "CAM_FRONT_RIGHT": {
      "type_id": "sensor.camera.rgb",
      "blueprint_attributes": {
        "role_name": "front",
        "ros_name": "sensor.camera.rgb",
        "chromatic_aberration_offset": "0.0",
        "sensor_tick": "0.100000",
        "fstop": "1.4",
        "image_size_x": "960",
        "image_size_y": "540",
        "fov": "70.00",
        "lens_circle_falloff": "5.0",
        "lens_circle_multiplier": "0.0",
        "exposure_compensation": "0.0",
        "lens_y_size": "0.08",
        "lens_k": "-1.0",
        "exposure_mode": "histogram",
        "lens_kcube": "0.0",
        "lens_x_size": "0.08",
        "exposure_max_bright": "12.0",
        "shutter_speed": "200.0",
        "bloom_intensity": "0.675",
        "iso": "100.0",
        "enable_postprocess_effects": "false",
        "gamma": "2.2",
        "motion_blur_intensity": "0.0",
        "motion_blur_max_distortion": "0.35",
        "lens_flare_intensity": "0.1",
        "motion_blur_min_object_screen_size": "0.1",
        "exposure_min_bright": "10.0",
        "exposure_speed_up": "3.0",
        "exposure_speed_down": "1.0",
        "tint": "0.0",
        "calibration_constant": "16.0",
        "focal_distance": "1000.0",
        "min_fstop": "1.2",
        "blade_count": "5",
        "blur_amount": "0.0",
        "blur_radius": "0.0",
        "slope": "0.88",
        "toe": "0.55",
        "white_clip": "0.04",
        "shoulder": "0.26",
        "black_clip": "0.0",
        "temp": "6500.0",
        "chromatic_aberration_intensity": "0.0"
      },
      "transform_carla": {
        "location": {
          "x": 103.70535278320312,
          "y": -38.77998733520508,
          "z": 1.682021141052246
        },
        "rotation": {
          "roll": -0.6108781695365906,
          "pitch": -0.3856256306171417,
          "yaw": -54.157588958740234
        }
      },
      "matrix_world_from_sensor_carla": [
        [
          0.5855445861816406,
          0.8106265664100647,
          -0.004701838828623295,
          103.70535278320312
        ],
        [
          -0.8106122612953186,
          0.5854663848876953,
          -0.01169854961335659,
          -38.77998733520508
        ],
        [
          -0.006730386056005955,
          0.010661391541361809,
          0.9999204874038696,
          1.682021141052246
        ],
        [
          0.0,
          0.0,
          0.0,
          1.0
        ]
      ],
      "matrix_world_from_sensor_bevfusion": [
        [
          0.8106265664100647,
          0.004701838828623295,
          0.5855445861816406,
          103.70535278320312
        ],
        [
          -0.5854663848876953,
          -0.01169854961335659,
          0.8106122612953186,
          38.77998733520508
        ],
        [
          0.010661391541361809,
          -0.9999204874038696,
          -0.006730386056005955,
          1.682021141052246
        ],
        [
          0.0,
          0.0,
          0.0,
          1.0
        ]
      ],
      "matrix_ego_from_sensor_carla": [
        [
          0.5735765695571899,
          -0.8191519975662231,
          -7.990205830310515e-08,
          1.3000000715255737
        ],
        [
          0.8191519379615784,
          0.5735766291618347,
          -8.824888908520734e-08,
          0.5500030517578125
        ],
        [
          1.1798245225236315e-07,
          -1.3545746746501663e-08,
          1.0,
          1.6999999284744263
        ],
        [
          0.0,
          0.0,
          0.0,
          1.0
        ]
      ],
      "matrix_ego_from_sensor_bevfusion": [
        [
          -0.8191519975662231,
          7.990205830310515e-08,
          0.5735765695571899,
          1.3000000715255737
        ],
        [
          -0.5735766291618347,
          -8.824888908520734e-08,
          -0.8191519379615784,
          -0.5500030517578125
        ],
        [
          -1.3545746746501663e-08,
          -1.0,
          1.1798245225236315e-07,
          1.6999999284744263
        ],
        [
          0.0,
          0.0,
          0.0,
          1.0
        ]
      ],
      "camera_intrinsics": [
        [
          685.5110473632812,
          0.0,
          480.0
        ],
        [
          0.0,
          685.5110473632812,
          270.0
        ],
        [
          0.0,
          0.0,
          1.0
        ]
      ],
      "data_path": "D:\\Agent-AI\\outputs\\s3a_ml_long_v1\\sample_000040\\images\\CAM_FRONT_RIGHT.png",
      "raw_layout": "bgra8"
    },
    "CAM_FRONT_LEFT": {
      "type_id": "sensor.camera.rgb",
      "blueprint_attributes": {
        "role_name": "front",
        "ros_name": "sensor.camera.rgb",
        "chromatic_aberration_offset": "0.0",
        "sensor_tick": "0.100000",
        "fstop": "1.4",
        "image_size_x": "960",
        "image_size_y": "540",
        "fov": "70.00",
        "lens_circle_falloff": "5.0",
        "lens_circle_multiplier": "0.0",
        "exposure_compensation": "0.0",
        "lens_y_size": "0.08",
        "lens_k": "-1.0",
        "exposure_mode": "histogram",
        "lens_kcube": "0.0",
        "lens_x_size": "0.08",
        "exposure_max_bright": "12.0",
        "shutter_speed": "200.0",
        "bloom_intensity": "0.675",
        "iso": "100.0",
        "enable_postprocess_effects": "false",
        "gamma": "2.2",
        "motion_blur_intensity": "0.0",
        "motion_blur_max_distortion": "0.35",
        "lens_flare_intensity": "0.1",
        "motion_blur_min_object_screen_size": "0.1",
        "exposure_min_bright": "10.0",
        "exposure_speed_up": "3.0",
        "exposure_speed_down": "1.0",
        "tint": "0.0",
        "calibration_constant": "16.0",
        "focal_distance": "1000.0",
        "min_fstop": "1.2",
        "blade_count": "5",
        "blur_amount": "0.0",
        "blur_radius": "0.0",
        "slope": "0.88",
        "toe": "0.55",
        "white_clip": "0.04",
        "shoulder": "0.26",
        "black_clip": "0.0",
        "temp": "6500.0",
        "chromatic_aberration_intensity": "0.0"
      },
      "transform_carla": {
        "location": {
          "x": 102.66627502441406,
          "y": -38.41896438598633,
          "z": 1.681359052658081
        },
        "rotation": {
          "roll": 0.571323037147522,
          "pitch": -0.44212496280670166,
          "yaw": -164.1618194580078
        }
      },
      "matrix_world_from_sensor_carla": [
        [
          -0.9620077610015869,
          0.27298182249069214,
          -0.004701764322817326,
          102.66627502441406
        ],
        [
          -0.27291324734687805,
          -0.9619675874710083,
          -0.011698637157678604,
          -38.41896438598633
        ],
        [
          -0.007716459687799215,
          -0.009971006773412228,
          0.9999205470085144,
          1.681359052658081
        ],
        [
          0.0,
          0.0,
          0.0,
          1.0
        ]
      ],
      "matrix_world_from_sensor_bevfusion": [
        [
          0.27298182249069214,
          0.004701764322817326,
          -0.9620077610015869,
          102.66627502441406
        ],
        [
          0.9619675874710083,
          -0.011698637157678604,
          0.27291324734687805,
          38.41896438598633
        ],
        [
          -0.009971006773412228,
          -0.9999205470085144,
          -0.007716459687799215,
          1.681359052658081
        ],
        [
          0.0,
          0.0,
          0.0,
          1.0
        ]
      ],
      "matrix_ego_from_sensor_carla": [
        [
          0.5735767483711243,
          0.8191519379615784,
          -2.1979380093739564e-08,
          1.3000057935714722
        ],
        [
          -0.8191519379615784,
          0.5735767483711243,
          1.0798210325901891e-08,
          -0.5499954223632812
        ],
        [
          2.1705970354446436e-08,
          9.91535387129261e-09,
          1.0000001192092896,
          1.6999999284744263
        ],
        [
          0.0,
          0.0,
          0.0,
          1.0
        ]
      ],
      "matrix_ego_from_sensor_bevfusion": [
        [
          0.8191519379615784,
          2.1979380093739564e-08,
          0.5735767483711243,
          1.3000057935714722
        ],
        [
          -0.5735767483711243,
          1.0798210325901891e-08,
          0.8191519379615784,
          0.5499954223632812
        ],
        [
          9.91535387129261e-09,
          -1.0000001192092896,
          2.1705970354446436e-08,
          1.6999999284744263
        ],
        [
          0.0,
          0.0,
          0.0,
          1.0
        ]
      ],
      "camera_intrinsics": [
        [
          685.5110473632812,
          0.0,
          480.0
        ],
        [
          0.0,
          685.5110473632812,
          270.0
        ],
        [
          0.0,
          0.0,
          1.0
        ]
      ],
      "data_path": "D:\\Agent-AI\\outputs\\s3a_ml_long_v1\\sample_000040\\images\\CAM_FRONT_LEFT.png",
      "raw_layout": "bgra8"
    },
    "CAM_BACK": {
      "type_id": "sensor.camera.rgb",
      "blueprint_attributes": {
        "role_name": "front",
        "ros_name": "sensor.camera.rgb",
        "chromatic_aberration_offset": "0.0",
        "sensor_tick": "0.100000",
        "fstop": "1.4",
        "image_size_x": "960",
        "image_size_y": "540",
        "fov": "70.00",
        "lens_circle_falloff": "5.0",
        "lens_circle_multiplier": "0.0",
        "exposure_compensation": "0.0",
        "lens_y_size": "0.08",
        "lens_k": "-1.0",
        "exposure_mode": "histogram",
        "lens_kcube": "0.0",
        "lens_x_size": "0.08",
        "exposure_max_bright": "12.0",
        "shutter_speed": "200.0",
        "bloom_intensity": "0.675",
        "iso": "100.0",
        "enable_postprocess_effects": "false",
        "gamma": "2.2",
        "motion_blur_intensity": "0.0",
        "motion_blur_max_distortion": "0.35",
        "lens_flare_intensity": "0.1",
        "motion_blur_min_object_screen_size": "0.1",
        "exposure_min_bright": "10.0",
        "exposure_speed_up": "3.0",
        "exposure_speed_down": "1.0",
        "tint": "0.0",
        "calibration_constant": "16.0",
        "focal_distance": "1000.0",
        "min_fstop": "1.2",
        "blade_count": "5",
        "blur_amount": "0.0",
        "blur_radius": "0.0",
        "slope": "0.88",
        "toe": "0.55",
        "white_clip": "0.04",
        "shoulder": "0.26",
        "black_clip": "0.0",
        "temp": "6500.0",
        "chromatic_aberration_intensity": "0.0"
      },
      "transform_carla": {
        "location": {
          "x": 104.12110137939453,
          "y": -35.907554626464844,
          "z": 1.71758234500885
        },
        "rotation": {
          "roll": 0.03448505327105522,
          "pitch": 0.7215889692306519,
          "yaw": 70.840576171875
        }
      },
      "matrix_world_from_sensor_carla": [
        [
          0.3281717002391815,
          -0.944606363773346,
          -0.0047017852775752544,
          104.12110137939453
        ],
        [
          0.9445341229438782,
          0.32820484042167664,
          -0.011698652990162373,
          -35.907554626464844
        ],
        [
          0.012593770399689674,
          -0.0006018299027346075,
          0.9999204874038696,
          1.71758234500885
        ],
        [
          0.0,
          0.0,
          0.0,
          1.0
        ]
      ],
      "matrix_world_from_sensor_bevfusion": [
        [
          -0.944606363773346,
          0.0047017852775752544,
          0.3281717002391815,
          104.12110137939453
        ],
        [
          -0.32820484042167664,
          -0.011698652990162373,
          -0.9445341229438782,
          35.907554626464844
        ],
        [
          -0.0006018299027346075,
          -0.9999204874038696,
          0.012593770399689674,
          1.71758234500885
        ],
        [
          0.0,
          0.0,
          0.0,
          1.0
        ]
      ],
      "matrix_ego_from_sensor_carla": [
        [
          -1.0,
          -2.3102558088794467e-08,
          1.916858893835638e-10,
          -1.5499950647354126
        ],
        [
          2.4563803435739828e-08,
          -1.0,
          -4.022406852044469e-09,
          0.0
        ],
        [
          5.59035373548511e-10,
          -3.9294243414644825e-09,
          1.0,
          1.6999999284744263
        ],
        [
          0.0,
          0.0,
          0.0,
          1.0
        ]
      ],
      "matrix_ego_from_sensor_bevfusion": [
        [
          -2.3102558088794467e-08,
          -1.916858893835638e-10,
          -1.0,
          -1.5499950647354126
        ],
        [
          1.0,
          -4.022406852044469e-09,
          -2.4563803435739828e-08,
          0.0
        ],
        [
          -3.9294243414644825e-09,
          -1.0,
          5.59035373548511e-10,
          1.6999999284744263
        ],
        [
          0.0,
          0.0,
          0.0,
          1.0
        ]
      ],
      "camera_intrinsics": [
        [
          685.5110473632812,
          0.0,
          480.0
        ],
        [
          0.0,
          685.5110473632812,
          270.0
        ],
        [
          0.0,
          0.0,
          1.0
        ]
      ],
      "data_path": "D:\\Agent-AI\\outputs\\s3a_ml_long_v1\\sample_000040\\images\\CAM_BACK.png",
      "raw_layout": "bgra8"
    },
    "CAM_BACK_LEFT": {
      "type_id": "sensor.camera.rgb",
      "blueprint_attributes": {
        "role_name": "front",
        "ros_name": "sensor.camera.rgb",
        "chromatic_aberration_offset": "0.0",
        "sensor_tick": "0.100000",
        "fstop": "1.4",
        "image_size_x": "960",
        "image_size_y": "540",
        "fov": "70.00",
        "lens_circle_falloff": "5.0",
        "lens_circle_multiplier": "0.0",
        "exposure_compensation": "0.0",
        "lens_y_size": "0.08",
        "lens_k": "-1.0",
        "exposure_mode": "histogram",
        "lens_kcube": "0.0",
        "lens_x_size": "0.08",
        "exposure_max_bright": "12.0",
        "shutter_speed": "200.0",
        "bloom_intensity": "0.675",
        "iso": "100.0",
        "enable_postprocess_effects": "false",
        "gamma": "2.2",
        "motion_blur_intensity": "0.0",
        "motion_blur_max_distortion": "0.35",
        "lens_flare_intensity": "0.1",
        "motion_blur_min_object_screen_size": "0.1",
        "exposure_min_bright": "10.0",
        "exposure_speed_up": "3.0",
        "exposure_speed_down": "1.0",
        "tint": "0.0",
        "calibration_constant": "16.0",
        "focal_distance": "1000.0",
        "min_fstop": "1.2",
        "blade_count": "5",
        "blur_amount": "0.0",
        "blur_radius": "0.0",
        "slope": "0.88",
        "toe": "0.55",
        "white_clip": "0.04",
        "shoulder": "0.26",
        "black_clip": "0.0",
        "temp": "6500.0",
        "chromatic_aberration_intensity": "0.0"
      },
      "transform_carla": {
        "location": {
          "x": 103.51951599121094,
          "y": -35.963172912597656,
          "z": 1.714102864265442
        },
        "rotation": {
          "roll": 0.6108782291412354,
          "pitch": 0.3856256306171417,
          "yaw": 125.8424072265625
        }
      },
      "matrix_world_from_sensor_carla": [
        [
          -0.5855445861816406,
          -0.8106265664100647,
          -0.004701840691268444,
          103.51951599121094
        ],
        [
          0.8106122612953186,
          -0.5854663848876953,
          -0.01169855147600174,
          -35.963172912597656
        ],
        [
          0.006730386056005955,
          -0.010661393404006958,
          0.9999204874038696,
          1.714102864265442
        ],
        [
          0.0,
          0.0,
          0.0,
          1.0
        ]
      ],
      "matrix_world_from_sensor_bevfusion": [
        [
          -0.8106265664100647,
          0.004701840691268444,
          -0.5855445861816406,
          103.51951599121094
        ],
        [
          0.5854663848876953,
          -0.01169855147600174,
          -0.8106122612953186,
          35.963172912597656
        ],
        [
          -0.010661393404006958,
          -0.9999204874038696,
          0.006730386056005955,
          1.714102864265442
        ],
        [
          0.0,
          0.0,
          0.0,
          1.0
        ]
      ],
      "matrix_ego_from_sensor_carla": [
        [
          -0.5735765695571899,
          0.8191519975662231,
          -7.710809057925871e-08,
          -1.29999577999115
        ],
        [
          -0.8191519379615784,
          -0.5735766291618347,
          -8.952945762530362e-08,
          -0.5500106811523438
        ],
        [
          -1.1798245225236315e-07,
          1.1683249923066796e-08,
          1.0,
          1.6999999284744263
        ],
        [
          0.0,
          0.0,
          0.0,
          1.0
        ]
      ],
      "matrix_ego_from_sensor_bevfusion": [
        [
          0.8191519975662231,
          7.710809057925871e-08,
          -0.5735765695571899,
          -1.29999577999115
        ],
        [
          0.5735766291618347,
          -8.952945762530362e-08,
          0.8191519379615784,
          0.5500106811523438
        ],
        [
          1.1683249923066796e-08,
          -1.0,
          -1.1798245225236315e-07,
          1.6999999284744263
        ],
        [
          0.0,
          0.0,
          0.0,
          1.0
        ]
      ],
      "camera_intrinsics": [
        [
          685.5110473632812,
          0.0,
          480.0
        ],
        [
          0.0,
          685.5110473632812,
          270.0
        ],
        [
          0.0,
          0.0,
          1.0
        ]
      ],
      "data_path": "D:\\Agent-AI\\outputs\\s3a_ml_long_v1\\sample_000040\\images\\CAM_BACK_LEFT.png",
      "raw_layout": "bgra8"
    },
    "CAM_BACK_RIGHT": {
      "type_id": "sensor.camera.rgb",
      "blueprint_attributes": {
        "role_name": "front",
        "ros_name": "sensor.camera.rgb",
        "chromatic_aberration_offset": "0.0",
        "sensor_tick": "0.100000",
        "fstop": "1.4",
        "image_size_x": "960",
        "image_size_y": "540",
        "fov": "70.00",
        "lens_circle_falloff": "5.0",
        "lens_circle_multiplier": "0.0",
        "exposure_compensation": "0.0",
        "lens_y_size": "0.08",
        "lens_k": "-1.0",
        "exposure_mode": "histogram",
        "lens_kcube": "0.0",
        "lens_x_size": "0.08",
        "exposure_max_bright": "12.0",
        "shutter_speed": "200.0",
        "bloom_intensity": "0.675",
        "iso": "100.0",
        "enable_postprocess_effects": "false",
        "gamma": "2.2",
        "motion_blur_intensity": "0.0",
        "motion_blur_max_distortion": "0.35",
        "lens_flare_intensity": "0.1",
        "motion_blur_min_object_screen_size": "0.1",
        "exposure_min_bright": "10.0",
        "exposure_speed_up": "3.0",
        "exposure_speed_down": "1.0",
        "tint": "0.0",
        "calibration_constant": "16.0",
        "focal_distance": "1000.0",
        "min_fstop": "1.2",
        "blade_count": "5",
        "blur_amount": "0.0",
        "blur_radius": "0.0",
        "slope": "0.88",
        "toe": "0.55",
        "white_clip": "0.04",
        "shoulder": "0.26",
        "black_clip": "0.0",
        "temp": "6500.0",
        "chromatic_aberration_intensity": "0.0"
      },
      "transform_carla": {
        "location": {
          "x": 104.55859375,
          "y": -36.32419967651367,
          "z": 1.714764952659607
        },
        "rotation": {
          "roll": -0.5713230967521667,
          "pitch": 0.44212496280670166,
          "yaw": 15.838159561157227
        }
      },
      "matrix_world_from_sensor_carla": [
        [
          0.9620078206062317,
          -0.27298152446746826,
          -0.004701768048107624,
          104.55859375
        ],
        [
          0.2729129493236542,
          0.9619676470756531,
          -0.011698637157678604,
          -36.32419967651367
        ],
        [
          0.007716459687799215,
          0.009971007704734802,
          0.9999205470085144,
          1.714764952659607
        ],
        [
          0.0,
          0.0,
          0.0,
          1.0
        ]
      ],
      "matrix_world_from_sensor_bevfusion": [
        [
          -0.27298152446746826,
          0.004701768048107624,
          0.9620078206062317,
          104.55859375
        ],
        [
          -0.9619676470756531,
          -0.011698637157678604,
          -0.2729129493236542,
          36.32419967651367
        ],
        [
          0.009971007704734802,
          -0.9999205470085144,
          0.007716459687799215,
          1.714764952659607
        ],
        [
          0.0,
          0.0,
          0.0,
          1.0
        ]
      ],
      "matrix_ego_from_sensor_carla": [
        [
          -0.5735765099525452,
          -0.8191521167755127,
          -2.1048057519124086e-08,
          -1.2999978065490723
        ],
        [
          0.8191520571708679,
          -0.5735765099525452,
          7.072920027439977e-09,
          0.5499954223632812
        ],
        [
          -1.844634134329226e-08,
          -1.1778072739332401e-08,
          1.0000001192092896,
          1.7000000476837158
        ],
        [
          0.0,
          0.0,
          0.0,
          1.0
        ]
      ],
      "matrix_ego_from_sensor_bevfusion": [
        [
          -0.8191521167755127,
          2.1048057519124086e-08,
          -0.5735765099525452,
          -1.2999978065490723
        ],
        [
          0.5735765099525452,
          7.072920027439977e-09,
          -0.8191520571708679,
          -0.5499954223632812
        ],
        [
          -1.1778072739332401e-08,
          -1.0000001192092896,
          -1.844634134329226e-08,
          1.7000000476837158
        ],
        [
          0.0,
          0.0,
          0.0,
          1.0
        ]
      ],
      "camera_intrinsics": [
        [
          685.5110473632812,
          0.0,
          480.0
        ],
        [
          0.0,
          685.5110473632812,
          270.0
        ],
        [
          0.0,
          0.0,
          1.0
        ]
      ],
      "data_path": "D:\\Agent-AI\\outputs\\s3a_ml_long_v1\\sample_000040\\images\\CAM_BACK_RIGHT.png",
      "raw_layout": "bgra8"
    },
    "LIDAR_TOP": {
      "type_id": "sensor.lidar.ray_cast",
      "blueprint_attributes": {
        "atmosphere_attenuation_rate": "0.004",
        "role_name": "front",
        "noise_seed": "0",
        "upper_fov": "10.0",
        "ros_name": "sensor.lidar.ray_cast",
        "sensor_tick": "0.100000",
        "channels": "32",
        "range": "120.0",
        "points_per_second": "360000",
        "lower_fov": "-30.0",
        "rotation_frequency": "10.000000",
        "horizontal_fov": "360.0",
        "dropoff_general_rate": "0.0",
        "dropoff_intensity_limit": "1.0",
        "noise_stddev": "0.0",
        "dropoff_zero_intensity": "0.0"
      },
      "transform_carla": {
        "location": {
          "x": 103.6100845336914,
          "y": -37.3774299621582,
          "z": 2.1980223655700684
        },
        "rotation": {
          "roll": -0.03448484092950821,
          "pitch": -0.7215889692306519,
          "yaw": -109.159423828125
        }
      },
      "matrix_world_from_sensor_carla": [
        [
          -0.32817167043685913,
          0.944606363773346,
          -0.004701781552284956,
          103.6100845336914
        ],
        [
          -0.9445341229438782,
          -0.32820481061935425,
          -0.011698653921484947,
          -37.3774299621582
        ],
        [
          -0.012593770399689674,
          0.0006018262356519699,
          0.9999204874038696,
          2.1980223655700684
        ],
        [
          0.0,
          0.0,
          0.0,
          1.0
        ]
      ],
      "matrix_world_from_sensor_bevfusion": [
        [
          -0.32817167043685913,
          -0.944606363773346,
          -0.004701781552284956,
          103.6100845336914
        ],
        [
          0.9445341229438782,
          -0.32820481061935425,
          0.011698653921484947,
          37.3774299621582
        ],
        [
          -0.012593770399689674,
          -0.0006018262356519699,
          0.9999204874038696,
          2.1980223655700684
        ],
        [
          0.0,
          0.0,
          0.0,
          1.0
        ]
      ],
      "matrix_ego_from_sensor_carla": [
        [
          1.0,
          -5.000575509228611e-09,
          1.916858893835638e-10,
          3.6954879760742188e-06
        ],
        [
          5.238519396044694e-09,
          1.0,
          -6.078401670883693e-12,
          0.0
        ],
        [
          -5.59035373548511e-10,
          -8.66128280208045e-11,
          1.0,
          2.200000286102295
        ],
        [
          0.0,
          0.0,
          0.0,
          1.0
        ]
      ],
      "matrix_ego_from_sensor_bevfusion": [
        [
          1.0,
          5.000575509228611e-09,
          1.916858893835638e-10,
          3.6954879760742188e-06
        ],
        [
          -5.238519396044694e-09,
          1.0,
          6.078401670883693e-12,
          0.0
        ],
        [
          -5.59035373548511e-10,
          8.66128280208045e-11,
          1.0,
          2.200000286102295
        ],
        [
          0.0,
          0.0,
          0.0,
          1.0
        ]
      ],
      "data_path": "D:\\Agent-AI\\outputs\\s3a_ml_long_v1\\sample_000040\\lidar\\LIDAR_TOP.npy",
      "raw_layout": [
        "x",
        "y",
        "z",
        "intensity"
      ]
    },
    "RADAR_FRONT": {
      "type_id": "sensor.other.radar",
      "blueprint_attributes": {
        "sensor_tick": "0.100000",
        "role_name": "default",
        "noise_seed": "0",
        "ros_name": "sensor.other.radar",
        "horizontal_fov": "35.0",
        "points_per_second": "1500",
        "vertical_fov": "20.0",
        "range": "120.0"
      },
      "transform_carla": {
        "location": {
          "x": 102.95985412597656,
          "y": -39.25128936767578,
          "z": 0.8729380369186401
        },
        "rotation": {
          "roll": -0.03448484092950821,
          "pitch": -0.7215889692306519,
          "yaw": -109.159423828125
        }
      },
      "matrix_world_from_sensor_carla": [
        [
          -0.32817167043685913,
          0.944606363773346,
          -0.004701781552284956,
          102.95985412597656
        ],
        [
          -0.9445341229438782,
          -0.32820481061935425,
          -0.011698653921484947,
          -39.25128936767578
        ],
        [
          -0.012593770399689674,
          0.0006018262356519699,
          0.9999204874038696,
          0.8729380369186401
        ],
        [
          0.0,
          0.0,
          0.0,
          1.0
        ]
      ],
      "matrix_world_from_sensor_bevfusion": [
        [
          -0.32817167043685913,
          -0.944606363773346,
          -0.004701781552284956,
          102.95985412597656
        ],
        [
          0.9445341229438782,
          -0.32820481061935425,
          0.011698653921484947,
          39.25128936767578
        ],
        [
          -0.012593770399689674,
          -0.0006018262356519699,
          0.9999204874038696,
          0.8729380369186401
        ],
        [
          0.0,
          0.0,
          0.0,
          1.0
        ]
      ],
      "matrix_ego_from_sensor_carla": [
        [
          1.0,
          -5.000575509228611e-09,
          1.916858893835638e-10,
          2.000002384185791
        ],
        [
          5.238519396044694e-09,
          1.0,
          -6.078401670883693e-12,
          0.0
        ],
        [
          -5.59035373548511e-10,
          -8.66128280208045e-11,
          1.0,
          0.8999999165534973
        ],
        [
          0.0,
          0.0,
          0.0,
          1.0
        ]
      ],
      "matrix_ego_from_sensor_bevfusion": [
        [
          1.0,
          5.000575509228611e-09,
          1.916858893835638e-10,
          2.000002384185791
        ],
        [
          -5.238519396044694e-09,
          1.0,
          6.078401670883693e-12,
          0.0
        ],
        [
          -5.59035373548511e-10,
          8.66128280208045e-11,
          1.0,
          0.8999999165534973
        ],
        [
          0.0,
          0.0,
          0.0,
          1.0
        ]
      ],
      "data_path": "D:\\Agent-AI\\outputs\\s3a_ml_long_v1\\sample_000040\\radar\\RADAR_FRONT.npy",
      "raw_layout": [
        "velocity",
        "altitude",
        "azimuth",
        "depth"
      ]
    },
    "RADAR_FRONT_LEFT": {
      "type_id": "sensor.other.radar",
      "blueprint_attributes": {
        "sensor_tick": "0.100000",
        "role_name": "default",
        "noise_seed": "0",
        "ros_name": "sensor.other.radar",
        "horizontal_fov": "35.0",
        "points_per_second": "1500",
        "vertical_fov": "20.0",
        "range": "120.0"
      },
      "transform_carla": {
        "location": {
          "x": 102.36625671386719,
          "y": -38.6745491027832,
          "z": 0.8768945336341858
        },
        "rotation": {
          "roll": 0.4858708083629608,
          "pitch": -0.5346125364303589,
          "yaw": -154.1619110107422
        }
      },
      "matrix_world_from_sensor_carla": [
        [
          -0.8999900221824646,
          0.43588516116142273,
          -0.004701712168753147,
          102.36625671386719
        ],
        [
          -0.4358106553554535,
          -0.899962306022644,
          -0.011698607355356216,
          -38.6745491027832
        ],
        [
          -0.009330613538622856,
          -0.00847957469522953,
          0.9999205470085144,
          0.8768945336341858
        ],
        [
          0.0,
          0.0,
          0.0,
          1.0
        ]
      ],
      "matrix_world_from_sensor_bevfusion": [
        [
          -0.8999900221824646,
          -0.43588516116142273,
          -0.004701712168753147,
          102.36625671386719
        ],
        [
          0.4358106553554535,
          -0.899962306022644,
          0.011698607355356216,
          38.6745491027832
        ],
        [
          -0.009330613538622856,
          0.00847957469522953,
          0.9999205470085144,
          0.8768945336341858
        ],
        [
          0.0,
          0.0,
          0.0,
          1.0
        ]
      ],
      "matrix_ego_from_sensor_carla": [
        [
          0.7071068286895752,
          0.7071068286895752,
          -6.761418802625485e-08,
          1.6500030755996704
        ],
        [
          -0.7071067690849304,
          0.7071067690849304,
          5.037941974705973e-08,
          -0.75
        ],
        [
          8.290010100608924e-08,
          9.694580249686169e-09,
          1.0000001192092896,
          0.8999999761581421
        ],
        [
          0.0,
          0.0,
          0.0,
          1.0
        ]
      ],
      "matrix_ego_from_sensor_bevfusion": [
        [
          0.7071068286895752,
          -0.7071068286895752,
          -6.761418802625485e-08,
          1.6500030755996704
        ],
        [
          0.7071067690849304,
          0.7071067690849304,
          -5.037941974705973e-08,
          0.75
        ],
        [
          8.290010100608924e-08,
          -9.694580249686169e-09,
          1.0000001192092896,
          0.8999999761581421
        ],
        [
          0.0,
          0.0,
          0.0,
          1.0
        ]
      ],
      "data_path": "D:\\Agent-AI\\outputs\\s3a_ml_long_v1\\sample_000040\\radar\\RADAR_FRONT_LEFT.npy",
      "raw_layout": [
        "velocity",
        "altitude",
        "azimuth",
        "depth"
      ]
    },
    "RADAR_FRONT_RIGHT": {
      "type_id": "sensor.other.radar",
      "blueprint_attributes": {
        "sensor_tick": "0.100000",
        "role_name": "default",
        "noise_seed": "0",
        "ros_name": "sensor.other.radar",
        "horizontal_fov": "35.0",
        "points_per_second": "1500",
