{
  "schema_version": "stage1.v1",
  "sample_name": "sample_000036",
  "sequence_index": 36,
  "previous_sample_name": "sample_000035",
  "frame_id": 60037,
  "timestamp": 438.61970080435276,
  "platform_timestamp": 16814577.332116,
  "delta_seconds": 0.10000000149011612,
  "town": "Carla/Maps/Town10HD_Opt",
  "weather": {
    "cloudiness": 20.0,
    "dust_storm": 0.0,
    "fog_density": 2.0,
    "fog_distance": 0.75,
    "fog_falloff": 0.10000000149011612,
    "mie_scattering_scale": 0.029999999329447746,
    "precipitation": 0.0,
    "precipitation_deposits": 0.0,
    "rayleigh_scattering_scale": 0.03310000151395798,
    "scattering_intensity": 1.0,
    "sun_altitude_angle": 45.0,
    "sun_azimuth_angle": 300.0,
    "wetness": 0.0,
    "wind_intensity": 10.0
  },
  "sensor_names": [
    "CAM_FRONT",
    "CAM_FRONT_RIGHT",
    "CAM_FRONT_LEFT",
    "CAM_BACK",
    "CAM_BACK_LEFT",
    "CAM_BACK_RIGHT",
    "LIDAR_TOP",
    "RADAR_FRONT",
    "RADAR_FRONT_LEFT",
    "RADAR_FRONT_RIGHT",
    "RADAR_BACK_LEFT",
    "RADAR_BACK_RIGHT"
  ],
  "camera_order_for_model": [
    "CAM_FRONT",
    "CAM_FRONT_RIGHT",
    "CAM_FRONT_LEFT",
    "CAM_BACK",
    "CAM_BACK_LEFT",
    "CAM_BACK_RIGHT"
  ],
  "radar_order_for_model": [
    "RADAR_FRONT",
    "RADAR_FRONT_LEFT",
    "RADAR_FRONT_RIGHT",
    "RADAR_BACK_LEFT",
    "RADAR_BACK_RIGHT"
  ],
  "coordinate_notes": {
    "carla_world": "left-handed x-forward y-right z-up",
    "bevfusion_lidar": "x-forward y-left z-up",
    "camera_frame_for_model": "OpenCV style x-right y-down z-forward"
  },
  "ego": {
    "actor_id": 28,
    "transform_carla": {
      "location": {
        "x": 99.31710052490234,
        "y": -45.99519348144531,
        "z": -0.003972739912569523
      },
      "rotation": {
        "roll": 0.667105495929718,
        "pitch": -0.09582754969596863,
        "yaw": -122.46112060546875
      }
    },
    "velocity_carla": [
      -4.40571928024292,
      -6.398071765899658,
      -0.00012804985453840345
    ],
    "angular_velocity_carla": [
      0.36205509305000305,
      1.804570198059082,
      -16.25877571105957
    ],
    "matrix_world_from_ego_carla": [
      [
        -0.5367265343666077,
        0.8437090516090393,
        0.008926167152822018,
        99.31710052490234
      ],
      [
        -0.8437546491622925,
        -0.536674439907074,
        -0.007660165429115295,
        -45.99519348144531
      ],
      [
        -0.0016725054010748863,
        -0.011642908677458763,
        0.9999308586120605,
        -0.003972739912569523
      ],
      [
        0.0,
        0.0,
        0.0,
        1.0
      ]
    ],
    "matrix_world_from_ego_bevfusion": [
      [
        -0.5367265343666077,
        -0.8437090516090393,
        0.008926167152822018,
        99.31710052490234
      ],
      [
        0.8437546491622925,
        -0.536674439907074,
        0.007660165429115295,
        45.99519348144531
      ],
      [
        -0.0016725054010748863,
        0.011642908677458763,
        0.9999308586120605,
        -0.003972739912569523
      ],
      [
        0.0,
        0.0,
        0.0,
        1.0
      ]
    ]
  },
  "sensors": {
    "CAM_FRONT": {
      "type_id": "sensor.camera.rgb",
      "blueprint_attributes": {
        "role_name": "front",
        "ros_name": "sensor.camera.rgb",
        "chromatic_aberration_offset": "0.0",
        "sensor_tick": "0.100000",
        "fstop": "1.4",
        "image_size_x": "960",
        "image_size_y": "540",
        "fov": "70.00",
        "lens_circle_falloff": "5.0",
        "lens_circle_multiplier": "0.0",
        "exposure_compensation": "0.0",
        "lens_y_size": "0.08",
        "lens_k": "-1.0",
        "exposure_mode": "histogram",
        "lens_kcube": "0.0",
        "lens_x_size": "0.08",
        "exposure_max_bright": "12.0",
        "shutter_speed": "200.0",
        "bloom_intensity": "0.675",
        "iso": "100.0",
        "enable_postprocess_effects": "false",
        "gamma": "2.2",
        "motion_blur_intensity": "0.0",
        "motion_blur_max_distortion": "0.35",
        "lens_flare_intensity": "0.1",
        "motion_blur_min_object_screen_size": "0.1",
        "exposure_min_bright": "10.0",
        "exposure_speed_up": "3.0",
        "exposure_speed_down": "1.0",
        "tint": "0.0",
        "calibration_constant": "16.0",
        "focal_distance": "1000.0",
        "min_fstop": "1.2",
        "blade_count": "5",
        "blur_amount": "0.0",
        "blur_radius": "0.0",
        "slope": "0.88",
        "toe": "0.55",
        "white_clip": "0.04",
        "shoulder": "0.26",
        "black_clip": "0.0",
        "temp": "6500.0",
        "chromatic_aberration_intensity": "0.0"
      },
      "transform_carla": {
        "location": {
          "x": 98.50035095214844,
          "y": -47.3160400390625,
          "z": 1.693317174911499
        },
        "rotation": {
          "roll": 0.667105495929718,
          "pitch": -0.09582754969596863,
          "yaw": -122.46112060546875
        }
      },
      "matrix_world_from_sensor_carla": [
        [
          -0.5367265343666077,
          0.8437090516090393,
          0.008926167152822018,
          98.50035095214844
        ],
        [
          -0.8437546491622925,
          -0.536674439907074,
          -0.007660165429115295,
          -47.3160400390625
        ],
        [
          -0.0016725054010748863,
          -0.011642908677458763,
          0.9999308586120605,
          1.693317174911499
        ],
        [
          0.0,
          0.0,
          0.0,
          1.0
        ]
      ],
      "matrix_world_from_sensor_bevfusion": [
        [
          0.8437090516090393,
          -0.008926167152822018,
          -0.5367265343666077,
          98.50035095214844
        ],
        [
          0.536674439907074,
          -0.007660165429115295,
          0.8437546491622925,
          47.3160400390625
        ],
        [
          -0.011642908677458763,
          -0.9999308586120605,
          -0.0016725054010748863,
          1.693317174911499
        ],
        [
          0.0,
          0.0,
          0.0,
          1.0
        ]
      ],
      "matrix_ego_from_sensor_carla": [
        [
          1.0,
          1.072653788014577e-08,
          2.7173668870617007e-10,
          1.5500059127807617
        ],
        [
          -1.6887112153085582e-08,
          1.0,
          -5.871614305874573e-10,
          0.0
        ],
        [
          -4.434573264155972e-10,
          1.0681000528478535e-10,
          1.0,
          1.6999999284744263
        ],
        [
          0.0,
          0.0,
          0.0,
          1.0
        ]
      ],
      "matrix_ego_from_sensor_bevfusion": [
        [
          1.072653788014577e-08,
          -2.7173668870617007e-10,
          1.0,
          1.5500059127807617
        ],
        [
          -1.0,
          -5.871614305874573e-10,
          1.6887112153085582e-08,
          0.0
        ],
        [
          1.0681000528478535e-10,
          -1.0,
          -4.434573264155972e-10,
          1.6999999284744263
        ],
        [
          0.0,
          0.0,
          0.0,
          1.0
        ]
      ],
      "camera_intrinsics": [
        [
          685.5110473632812,
          0.0,
          480.0
        ],
        [
          0.0,
          685.5110473632812,
          270.0
        ],
        [
          0.0,
          0.0,
          1.0
        ]
      ],
      "data_path": "D:\\Agent-AI\\outputs\\s3a_ml_long_v2\\sample_000036\\images\\CAM_FRONT.png",
      "raw_layout": "bgra8"
    },
    "CAM_FRONT_RIGHT": {
      "type_id": "sensor.camera.rgb",
      "blueprint_attributes": {
        "role_name": "front",
        "ros_name": "sensor.camera.rgb",
        "chromatic_aberration_offset": "0.0",
        "sensor_tick": "0.100000",
        "fstop": "1.4",
        "image_size_x": "960",
        "image_size_y": "540",
        "fov": "70.00",
        "lens_circle_falloff": "5.0",
        "lens_circle_multiplier": "0.0",
        "exposure_compensation": "0.0",
        "lens_y_size": "0.08",
        "lens_k": "-1.0",
        "exposure_mode": "histogram",
        "lens_kcube": "0.0",
        "lens_x_size": "0.08",
        "exposure_max_bright": "12.0",
        "shutter_speed": "200.0",
        "bloom_intensity": "0.675",
        "iso": "100.0",
        "enable_postprocess_effects": "false",
        "gamma": "2.2",
        "motion_blur_intensity": "0.0",
        "motion_blur_max_distortion": "0.35",
        "lens_flare_intensity": "0.1",
        "motion_blur_min_object_screen_size": "0.1",
        "exposure_min_bright": "10.0",
        "exposure_speed_up": "3.0",
        "exposure_speed_down": "1.0",
        "tint": "0.0",
        "calibration_constant": "16.0",
        "focal_distance": "1000.0",
        "min_fstop": "1.2",
        "blade_count": "5",
        "blur_amount": "0.0",
        "blur_radius": "0.0",
        "slope": "0.88",
        "toe": "0.55",
        "white_clip": "0.04",
        "shoulder": "0.26",
        "black_clip": "0.0",
        "temp": "6500.0",
        "chromatic_aberration_intensity": "0.0"
      },
      "transform_carla": {
        "location": {
          "x": 99.09857177734375,
          "y": -47.4002685546875,
          "z": 1.6873316764831543
        },
        "rotation": {
          "roll": 0.3041497468948364,
          "pitch": -0.6014186143875122,
          "yaw": -67.46216583251953
        }
      },
      "matrix_world_from_sensor_carla": [
        [
          0.38327229022979736,
          0.9235923290252686,
          0.008926168084144592,
          99.09857177734375
        ],
        [
          -0.9235758185386658,
          0.38333946466445923,
          -0.007660078816115856,
          -47.4002685546875
        ],
        [
          -0.010496541857719421,
          -0.0053080967627465725,
          0.9999308586120605,
          1.6873316764831543
        ],
        [
          0.0,
          0.0,
          0.0,
          1.0
        ]
      ],
      "matrix_world_from_sensor_bevfusion": [
        [
          0.9235923290252686,
          -0.008926168084144592,
          0.38327229022979736,
          99.09857177734375
        ],
        [
          -0.38333946466445923,
          -0.007660078816115856,
          0.9235758185386658,
          47.4002685546875
        ],
        [
          -0.0053080967627465725,
          -0.9999308586120605,
          -0.010496541857719421,
          1.6873316764831543
        ],
        [
          0.0,
          0.0,
          0.0,
          1.0
        ]
      ],
      "matrix_ego_from_sensor_carla": [
        [
          0.5735765695571899,
          -0.8191519975662231,
          -7.330274343075871e-08,
          1.3000011444091797
        ],
        [
          0.8191520571708679,
          0.5735765695571899,
          -4.6221966698567485e-08,
          0.5499954223632812
        ],
        [
          8.096456838302402e-08,
          -3.4074464139166594e-08,
          1.0,
          1.6999999284744263
        ],
        [
          0.0,
          0.0,
          0.0,
          1.0
        ]
      ],
      "matrix_ego_from_sensor_bevfusion": [
        [
          -0.8191519975662231,
          7.330274343075871e-08,
          0.5735765695571899,
          1.3000011444091797
        ],
        [
          -0.5735765695571899,
          -4.6221966698567485e-08,
          -0.8191520571708679,
          -0.5499954223632812
        ],
        [
          -3.4074464139166594e-08,
          -1.0,
          8.096456838302402e-08,
          1.6999999284744263
        ],
        [
          0.0,
          0.0,
          0.0,
          1.0
        ]
      ],
      "camera_intrinsics": [
        [
          685.5110473632812,
          0.0,
          480.0
        ],
        [
          0.0,
          685.5110473632812,
          270.0
        ],
        [
          0.0,
          0.0,
          1.0
        ]
      ],
      "data_path": "D:\\Agent-AI\\outputs\\s3a_ml_long_v2\\sample_000036\\images\\CAM_FRONT_RIGHT.png",
      "raw_layout": "bgra8"
    },
    "CAM_FRONT_LEFT": {
      "type_id": "sensor.camera.rgb",
      "blueprint_attributes": {
        "role_name": "front",
        "ros_name": "sensor.camera.rgb",
        "chromatic_aberration_offset": "0.0",
        "sensor_tick": "0.100000",
        "fstop": "1.4",
        "image_size_x": "960",
        "image_size_y": "540",
        "fov": "70.00",
        "lens_circle_falloff": "5.0",
        "lens_circle_multiplier": "0.0",
        "exposure_compensation": "0.0",
        "lens_y_size": "0.08",
        "lens_k": "-1.0",
        "exposure_mode": "histogram",
        "lens_kcube": "0.0",
        "lens_x_size": "0.08",
        "exposure_max_bright": "12.0",
        "shutter_speed": "200.0",
        "bloom_intensity": "0.675",
        "iso": "100.0",
        "enable_postprocess_effects": "false",
        "gamma": "2.2",
        "motion_blur_intensity": "0.0",
        "motion_blur_max_distortion": "0.35",
        "lens_flare_intensity": "0.1",
        "motion_blur_min_object_screen_size": "0.1",
        "exposure_min_bright": "10.0",
        "exposure_speed_up": "3.0",
        "exposure_speed_down": "1.0",
        "tint": "0.0",
        "calibration_constant": "16.0",
        "focal_distance": "1000.0",
        "min_fstop": "1.2",
        "blade_count": "5",
        "blur_amount": "0.0",
        "blur_radius": "0.0",
        "slope": "0.88",
        "toe": "0.55",
        "white_clip": "0.04",
        "shoulder": "0.26",
        "black_clip": "0.0",
        "temp": "6500.0",
        "chromatic_aberration_intensity": "0.0"
      },
      "transform_carla": {
        "location": {
          "x": 98.17048645019531,
          "y": -46.8099250793457,
          "z": 1.7001389265060425
        },
        "rotation": {
          "roll": 0.4611441493034363,
          "pitch": 0.49147990345954895,
          "yaw": -177.45855712890625
        }
      },
      "matrix_world_from_sensor_carla": [
        [
          -0.9989796876907349,
          0.044271547347307205,
          0.008926005102694035,
          98.17048645019531
        ],
        [
          -0.04434031993150711,
          -0.9989871382713318,
          -0.007660135626792908,
          -46.8099250793457
        ],
        [
          0.008577837608754635,
          -0.00804810132831335,
          0.9999308586120605,
          1.7001389265060425
        ],
        [
          0.0,
          0.0,
          0.0,
          1.0
        ]
      ],
      "matrix_world_from_sensor_bevfusion": [
        [
          0.044271547347307205,
          -0.008926005102694035,
          -0.9989796876907349,
          98.17048645019531
        ],
        [
          0.9989871382713318,
          -0.007660135626792908,
          0.04434031993150711,
          46.8099250793457
        ],
        [
          -0.00804810132831335,
          -0.9999308586120605,
          0.008577837608754635,
          1.7001389265060425
        ],
        [
          0.0,
          0.0,
          0.0,
          1.0
        ]
      ],
      "matrix_ego_from_sensor_carla": [
        [
          0.573576807975769,
          0.819151759147644,
          6.173902988848567e-08,
          1.3000011444091797
        ],
        [
          -0.819151759147644,
          0.5735768675804138,
          -1.533240663320612e-07,
          -0.5500106811523438
        ],
        [
          -1.6146120174198586e-07,
          3.7258605090073615e-08,
          1.0,
          1.6999999284744263
        ],
        [
          0.0,
          0.0,
          0.0,
          1.0
        ]
      ],
      "matrix_ego_from_sensor_bevfusion": [
        [
          0.819151759147644,
          -6.173902988848567e-08,
          0.573576807975769,
          1.3000011444091797
        ],
        [
          -0.5735768675804138,
          -1.533240663320612e-07,
          0.819151759147644,
          0.5500106811523438
        ],
        [
          3.7258605090073615e-08,
          -1.0,
          -1.6146120174198586e-07,
          1.6999999284744263
        ],
        [
          0.0,
          0.0,
          0.0,
          1.0
        ]
      ],
      "camera_intrinsics": [
        [
          685.5110473632812,
          0.0,
          480.0
        ],
        [
          0.0,
          685.5110473632812,
          270.0
        ],
        [
          0.0,
          0.0,
          1.0
        ]
      ],
      "data_path": "D:\\Agent-AI\\outputs\\s3a_ml_long_v2\\sample_000036\\images\\CAM_FRONT_LEFT.png",
      "raw_layout": "bgra8"
    },
    "CAM_BACK": {
      "type_id": "sensor.camera.rgb",
      "blueprint_attributes": {
        "role_name": "front",
        "ros_name": "sensor.camera.rgb",
        "chromatic_aberration_offset": "0.0",
        "sensor_tick": "0.100000",
        "fstop": "1.4",
        "image_size_x": "960",
        "image_size_y": "540",
        "fov": "70.00",
        "lens_circle_falloff": "5.0",
        "lens_circle_multiplier": "0.0",
        "exposure_compensation": "0.0",
        "lens_y_size": "0.08",
        "lens_k": "-1.0",
        "exposure_mode": "histogram",
        "lens_kcube": "0.0",
        "lens_x_size": "0.08",
        "exposure_max_bright": "12.0",
        "shutter_speed": "200.0",
        "bloom_intensity": "0.675",
        "iso": "100.0",
        "enable_postprocess_effects": "false",
        "gamma": "2.2",
        "motion_blur_intensity": "0.0",
        "motion_blur_max_distortion": "0.35",
        "lens_flare_intensity": "0.1",
        "motion_blur_min_object_screen_size": "0.1",
        "exposure_min_bright": "10.0",
        "exposure_speed_up": "3.0",
        "exposure_speed_down": "1.0",
        "tint": "0.0",
        "calibration_constant": "16.0",
        "focal_distance": "1000.0",
        "min_fstop": "1.2",
        "blade_count": "5",
        "blur_amount": "0.0",
        "blur_radius": "0.0",
        "slope": "0.88",
        "toe": "0.55",
        "white_clip": "0.04",
        "shoulder": "0.26",
        "black_clip": "0.0",
        "temp": "6500.0",
        "chromatic_aberration_intensity": "0.0"
      },
      "transform_carla": {
        "location": {
          "x": 100.16419982910156,
          "y": -44.70039367675781,
          "z": 1.6985018253326416
        },
        "rotation": {
          "roll": -0.6671053767204285,
          "pitch": 0.09582754969596863,
          "yaw": 57.538902282714844
        }
      },
      "matrix_world_from_sensor_carla": [
        [
          0.536726176738739,
          -0.8437092900276184,
          0.008926168084144592,
          100.16419982910156
        ],
        [
          0.8437548875808716,
          0.5366740822792053,
          -0.007660160772502422,
          -44.70039367675781
        ],
        [
          0.0016725054010748863,
          0.011642906814813614,
          0.9999308586120605,
          1.6985018253326416
        ],
        [
          0.0,
          0.0,
          0.0,
          1.0
        ]
      ],
      "matrix_world_from_sensor_bevfusion": [
        [
          -0.8437092900276184,
          -0.008926168084144592,
          0.536726176738739,
          100.16419982910156
        ],
        [
          -0.5366740822792053,
          -0.007660160772502422,
          -0.8437548875808716,
          44.70039367675781
        ],
        [
          0.011642906814813614,
          -0.9999308586120605,
          0.0016725054010748863,
          1.6985018253326416
        ],
        [
          0.0,
          0.0,
          0.0,
          1.0
        ]
      ],
      "matrix_ego_from_sensor_carla": [
        [
          -1.0,
          4.102361970126367e-07,
          -4.152045374183899e-09,
          -1.5499982833862305
        ],
        [
          -4.090892957719916e-07,
          -0.9999999403953552,
          -2.4498065798184143e-09,
          -7.62939453125e-06
        ],
        [
          -4.678816889480686e-09,
          -1.0380036830071049e-09,
          1.0,
          1.6999996900558472
        ],
        [
          0.0,
          0.0,
          0.0,
          1.0
        ]
      ],
      "matrix_ego_from_sensor_bevfusion": [
        [
          4.102361970126367e-07,
          4.152045374183899e-09,
          -1.0,
          -1.5499982833862305
        ],
        [
          0.9999999403953552,
          -2.4498065798184143e-09,
          4.090892957719916e-07,
          7.62939453125e-06
        ],
        [
          -1.0380036830071049e-09,
          -1.0,
          -4.678816889480686e-09,
          1.6999996900558472
        ],
        [
          0.0,
          0.0,
          0.0,
          1.0
        ]
      ],
      "camera_intrinsics": [
        [
          685.5110473632812,
          0.0,
          480.0
        ],
        [
          0.0,
          685.5110473632812,
          270.0
        ],
        [
          0.0,
          0.0,
          1.0
        ]
      ],
      "data_path": "D:\\Agent-AI\\outputs\\s3a_ml_long_v2\\sample_000036\\images\\CAM_BACK.png",
      "raw_layout": "bgra8"
    },
    "CAM_BACK_LEFT": {
      "type_id": "sensor.camera.rgb",
      "blueprint_attributes": {
        "role_name": "front",
        "ros_name": "sensor.camera.rgb",
        "chromatic_aberration_offset": "0.0",
        "sensor_tick": "0.100000",
        "fstop": "1.4",
        "image_size_x": "960",
        "image_size_y": "540",
        "fov": "70.00",
        "lens_circle_falloff": "5.0",
        "lens_circle_multiplier": "0.0",
        "exposure_compensation": "0.0",
        "lens_y_size": "0.08",
        "lens_k": "-1.0",
        "exposure_mode": "histogram",
        "lens_kcube": "0.0",
        "lens_x_size": "0.08",
        "exposure_max_bright": "12.0",
        "shutter_speed": "200.0",
        "bloom_intensity": "0.675",
        "iso": "100.0",
        "enable_postprocess_effects": "false",
        "gamma": "2.2",
        "motion_blur_intensity": "0.0",
        "motion_blur_max_distortion": "0.35",
        "lens_flare_intensity": "0.1",
        "motion_blur_min_object_screen_size": "0.1",
        "exposure_min_bright": "10.0",
        "exposure_speed_up": "3.0",
        "exposure_speed_down": "1.0",
        "tint": "0.0",
        "calibration_constant": "16.0",
        "focal_distance": "1000.0",
        "min_fstop": "1.2",
        "blade_count": "5",
        "blur_amount": "0.0",
        "blur_radius": "0.0",
        "slope": "0.88",
        "toe": "0.55",
        "white_clip": "0.04",
        "shoulder": "0.26",
        "black_clip": "0.0",
        "temp": "6500.0",
        "chromatic_aberration_intensity": "0.0"
      },
      "transform_carla": {
        "location": {
          "x": 99.56597137451172,
          "y": -44.61616516113281,
          "z": 1.7044874429702759
        },
        "rotation": {
          "roll": -0.3041496276855469,
          "pitch": 0.6014186143875122,
          "yaw": 112.53784942626953
        }
      },
      "matrix_world_from_sensor_carla": [
        [
          -0.38327258825302124,
          -0.923592209815979,
          0.008926168084144592,
          99.56597137451172
        ],
        [
          0.9235756993293762,
          -0.3833397626876831,
          -0.007660076953470707,
          -44.61616516113281
        ],
        [
          0.010496541857719421,
          0.005308094900101423,
          0.9999308586120605,
          1.7044874429702759
        ],
        [
          0.0,
          0.0,
          0.0,
          1.0
        ]
      ],
      "matrix_world_from_sensor_bevfusion": [
        [
          -0.923592209815979,
          -0.008926168084144592,
          -0.38327258825302124,
          99.56597137451172
        ],
        [
          0.3833397626876831,
          -0.007660076953470707,
          -0.9235756993293762,
          44.61616516113281
        ],
        [
          0.005308094900101423,
          -0.9999308586120605,
          0.010496541857719421,
          1.7044874429702759
        ],
        [
          0.0,
          0.0,
          0.0,
          1.0
        ]
      ],
      "matrix_ego_from_sensor_carla": [
        [
          -0.5735762715339661,
          0.8191521763801575,
          -7.481614261450886e-08,
          -1.2999935150146484
        ],
        [
          -0.8191522359848022,
          -0.5735762715339661,
          -4.7153289273182963e-08,
          -0.5500030517578125
        ],
        [
          -8.282721353225497e-08,
          3.547157945149593e-08,
          1.0,
          1.6999999284744263
        ],
        [
          0.0,
          0.0,
          0.0,
          1.0
        ]
      ],
      "matrix_ego_from_sensor_bevfusion": [
        [
          0.8191521763801575,
          7.481614261450886e-08,
          -0.5735762715339661,
          -1.2999935150146484
        ],
        [
          0.5735762715339661,
          -4.7153289273182963e-08,
          0.8191522359848022,
          0.5500030517578125
        ],
        [
          3.547157945149593e-08,
          -1.0,
          -8.282721353225497e-08,
          1.6999999284744263
        ],
        [
          0.0,
          0.0,
          0.0,
          1.0
        ]
      ],
      "camera_intrinsics": [
        [
          685.5110473632812,
          0.0,
          480.0
        ],
        [
          0.0,
          685.5110473632812,
          270.0
        ],
        [
          0.0,
          0.0,
          1.0
        ]
      ],
      "data_path": "D:\\Agent-AI\\outputs\\s3a_ml_long_v2\\sample_000036\\images\\CAM_BACK_LEFT.png",
      "raw_layout": "bgra8"
    },
    "CAM_BACK_RIGHT": {
      "type_id": "sensor.camera.rgb",
      "blueprint_attributes": {
        "role_name": "front",
        "ros_name": "sensor.camera.rgb",
        "chromatic_aberration_offset": "0.0",
        "sensor_tick": "0.100000",
        "fstop": "1.4",
        "image_size_x": "960",
        "image_size_y": "540",
        "fov": "70.00",
        "lens_circle_falloff": "5.0",
        "lens_circle_multiplier": "0.0",
        "exposure_compensation": "0.0",
        "lens_y_size": "0.08",
        "lens_k": "-1.0",
        "exposure_mode": "histogram",
        "lens_kcube": "0.0",
        "lens_x_size": "0.08",
        "exposure_max_bright": "12.0",
        "shutter_speed": "200.0",
        "bloom_intensity": "0.675",
        "iso": "100.0",
        "enable_postprocess_effects": "false",
        "gamma": "2.2",
        "motion_blur_intensity": "0.0",
        "motion_blur_max_distortion": "0.35",
        "lens_flare_intensity": "0.1",
        "motion_blur_min_object_screen_size": "0.1",
        "exposure_min_bright": "10.0",
        "exposure_speed_up": "3.0",
        "exposure_speed_down": "1.0",
        "tint": "0.0",
        "calibration_constant": "16.0",
        "focal_distance": "1000.0",
        "min_fstop": "1.2",
        "blade_count": "5",
        "blur_amount": "0.0",
        "blur_radius": "0.0",
        "slope": "0.88",
        "toe": "0.55",
        "white_clip": "0.04",
        "shoulder": "0.26",
        "black_clip": "0.0",
        "temp": "6500.0",
        "chromatic_aberration_intensity": "0.0"
      },
      "transform_carla": {
        "location": {
          "x": 100.49405670166016,
          "y": -45.20650863647461,
          "z": 1.6916803121566772
        },
        "rotation": {
          "roll": -0.46114403009414673,
          "pitch": -0.49147990345954895,
          "yaw": 2.541431188583374
        }
      },
      "matrix_world_from_sensor_carla": [
        [
          0.9989796876907349,
          -0.04427139461040497,
          0.008926003240048885,
          100.49405670166016
        ],
        [
          0.044340167194604874,
          0.9989871382713318,
          -0.007660134229809046,
          -45.20650863647461
        ],
        [
          -0.008577837608754635,
          0.008048098534345627,
          0.9999308586120605,
          1.6916803121566772
        ],
        [
          0.0,
          0.0,
          0.0,
          1.0
        ]
      ],
      "matrix_world_from_sensor_bevfusion": [
        [
          -0.04427139461040497,
          -0.008926003240048885,
          0.9989796876907349,
          100.49405670166016
        ],
        [
          -0.9989871382713318,
          -0.007660134229809046,
          -0.044340167194604874,
          45.20650863647461
        ],
        [
          0.008048098534345627,
          -0.9999308586120605,
          -0.008577837608754635,
          1.6916803121566772
        ],
        [
          0.0,
          0.0,
          0.0,
          1.0
        ]
      ],
      "matrix_ego_from_sensor_carla": [
        [
          -0.5735766887664795,
          -0.8191518187522888,
          6.197186053213954e-08,
          -1.2999944686889648
        ],
        [
          0.8191518187522888,
          -0.5735767483711243,
          -1.5611803405590763e-07,
          0.54998779296875
        ],
        [
          1.6239252431660134e-07,
          -3.912105484005224e-08,
          1.0,
          1.6999999284744263
        ],
        [
          0.0,
          0.0,
          0.0,
          1.0
        ]
      ],
      "matrix_ego_from_sensor_bevfusion": [
        [
          -0.8191518187522888,
          -6.197186053213954e-08,
          -0.5735766887664795,
          -1.2999944686889648
        ],
        [
          0.5735767483711243,
          -1.5611803405590763e-07,
          -0.8191518187522888,
          -0.54998779296875
        ],
        [
          -3.912105484005224e-08,
          -1.0,
          1.6239252431660134e-07,
          1.6999999284744263
        ],
        [
          0.0,
          0.0,
          0.0,
          1.0
        ]
      ],
      "camera_intrinsics": [
        [
          685.5110473632812,
          0.0,
          480.0
        ],
        [
          0.0,
          685.5110473632812,
          270.0
        ],
        [
          0.0,
          0.0,
          1.0
        ]
      ],
      "data_path": "D:\\Agent-AI\\outputs\\s3a_ml_long_v2\\sample_000036\\images\\CAM_BACK_RIGHT.png",
      "raw_layout": "bgra8"
    },
    "LIDAR_TOP": {
      "type_id": "sensor.lidar.ray_cast",
      "blueprint_attributes": {
        "atmosphere_attenuation_rate": "0.004",
        "role_name": "front",
        "noise_seed": "0",
        "upper_fov": "10.0",
        "ros_name": "sensor.lidar.ray_cast",
        "sensor_tick": "0.100000",
        "channels": "32",
        "range": "120.0",
        "points_per_second": "360000",
        "lower_fov": "-30.0",
        "rotation_frequency": "10.000000",
        "horizontal_fov": "360.0",
        "dropoff_general_rate": "0.0",
        "dropoff_intensity_limit": "1.0",
        "noise_stddev": "0.0",
        "dropoff_zero_intensity": "0.0"
      },
      "transform_carla": {
        "location": {
          "x": 99.33673858642578,
          "y": -46.01204299926758,
          "z": 2.1958749294281006
        },
        "rotation": {
          "roll": 0.667105495929718,
          "pitch": -0.09582754969596863,
          "yaw": -122.46112060546875
        }
      },
      "matrix_world_from_sensor_carla": [
        [
          -0.5367265343666077,
          0.8437090516090393,
          0.008926167152822018,
          99.33673858642578
        ],
        [
          -0.8437546491622925,
          -0.536674439907074,
          -0.007660165429115295,
          -46.01204299926758
        ],
        [
          -0.0016725054010748863,
          -0.011642908677458763,
          0.9999308586120605,
          2.1958749294281006
        ],
        [
          0.0,
          0.0,
          0.0,
          1.0
        ]
      ],
      "matrix_world_from_sensor_bevfusion": [
        [
          -0.5367265343666077,
          -0.8437090516090393,
          0.008926167152822018,
          99.33673858642578
        ],
        [
          0.8437546491622925,
          -0.536674439907074,
          0.007660165429115295,
          46.01204299926758
        ],
        [
          -0.0016725054010748863,
          0.011642908677458763,
          0.9999308586120605,
          2.1958749294281006
        ],
        [
          0.0,
          0.0,
          0.0,
          1.0
        ]
      ],
      "matrix_ego_from_sensor_carla": [
        [
          1.0,
          1.072653788014577e-08,
          2.7173668870617007e-10,
          -1.9073486328125e-06
        ],
        [
          -1.6887112153085582e-08,
          1.0,
          -5.871614305874573e-10,
          -7.62939453125e-06
        ],
        [
          -4.434573264155972e-10,
          1.0681000528478535e-10,
          1.0,
          2.1999998092651367
        ],
        [
          0.0,
          0.0,
          0.0,
          1.0
        ]
      ],
      "matrix_ego_from_sensor_bevfusion": [
        [
          1.0,
          -1.072653788014577e-08,
          2.7173668870617007e-10,
          -1.9073486328125e-06
        ],
        [
          1.6887112153085582e-08,
          1.0,
          5.871614305874573e-10,
          7.62939453125e-06
        ],
        [
          -4.434573264155972e-10,
          -1.0681000528478535e-10,
          1.0,
          2.1999998092651367
        ],
        [
          0.0,
          0.0,
          0.0,
          1.0
        ]
      ],
      "data_path": "D:\\Agent-AI\\outputs\\s3a_ml_long_v2\\sample_000036\\lidar\\LIDAR_TOP.npy",
      "raw_layout": [
        "x",
        "y",
        "z",
        "intensity"
      ]
    },
    "RADAR_FRONT": {
      "type_id": "sensor.other.radar",
      "blueprint_attributes": {
        "sensor_tick": "0.100000",
        "role_name": "default",
        "noise_seed": "0",
        "ros_name": "sensor.other.radar",
        "horizontal_fov": "35.0",
        "points_per_second": "1500",
        "vertical_fov": "20.0",
        "range": "120.0"
      },
      "transform_carla": {
        "location": {
          "x": 98.25167846679688,
          "y": -47.689598083496094,
          "z": 0.8926200866699219
        },
        "rotation": {
          "roll": 0.667105495929718,
          "pitch": -0.09582754969596863,
          "yaw": -122.46112060546875
        }
      },
      "matrix_world_from_sensor_carla": [
        [
          -0.5367265343666077,
          0.8437090516090393,
          0.008926167152822018,
          98.25167846679688
        ],
        [
          -0.8437546491622925,
          -0.536674439907074,
          -0.007660165429115295,
          -47.689598083496094
        ],
        [
          -0.0016725054010748863,
          -0.011642908677458763,
          0.9999308586120605,
          0.8926200866699219
        ],
        [
          0.0,
          0.0,
          0.0,
          1.0
        ]
      ],
      "matrix_world_from_sensor_bevfusion": [
        [
          -0.5367265343666077,
          -0.8437090516090393,
          0.008926167152822018,
          98.25167846679688
        ],
        [
          0.8437546491622925,
          -0.536674439907074,
          0.007660165429115295,
          47.689598083496094
        ],
        [
          -0.0016725054010748863,
          0.011642908677458763,
          0.9999308586120605,
          0.8926200866699219
        ],
        [
          0.0,
          0.0,
          0.0,
          1.0
        ]
      ],
      "matrix_ego_from_sensor_carla": [
        [
          1.0,
          1.072653788014577e-08,
          2.7173668870617007e-10,
          2.0000057220458984
        ],
        [
          -1.6887112153085582e-08,
          1.0,
          -5.871614305874573e-10,
          -7.62939453125e-06
        ],
        [
          -4.434573264155972e-10,
          1.0681000528478535e-10,
          1.0,
          0.8999999761581421
        ],
        [
          0.0,
          0.0,
          0.0,
          1.0
        ]
      ],
      "matrix_ego_from_sensor_bevfusion": [
        [
          1.0,
          -1.072653788014577e-08,
          2.7173668870617007e-10,
          2.0000057220458984
        ],
        [
          1.6887112153085582e-08,
          1.0,
          5.871614305874573e-10,
          7.62939453125e-06
        ],
        [
          -4.434573264155972e-10,
          -1.0681000528478535e-10,
          1.0,
          0.8999999761581421
        ],
        [
          0.0,
          0.0,
          0.0,
          1.0
        ]
      ],
      "data_path": "D:\\Agent-AI\\outputs\\s3a_ml_long_v2\\sample_000036\\radar\\RADAR_FRONT.npy",
      "raw_layout": [
        "velocity",
        "altitude",
        "azimuth",
        "depth"
      ]
    },
    "RADAR_FRONT_LEFT": {
      "type_id": "sensor.other.radar",
      "blueprint_attributes": {
        "sensor_tick": "0.100000",
        "role_name": "default",
        "noise_seed": "0",
        "ros_name": "sensor.other.radar",
        "horizontal_fov": "35.0",
        "points_per_second": "1500",
        "vertical_fov": "20.0",
        "range": "120.0"
      },
      "transform_carla": {
        "location": {
          "x": 97.80675506591797,
          "y": -46.99177551269531,
          "z": 0.9019375443458557
        },
        "rotation": {
          "roll": 0.5394834876060486,
          "pitch": 0.4039510190486908,
          "yaw": -167.4586181640625
        }
      },
      "matrix_world_from_sensor_carla": [
        [
          -0.9761151671409607,
          0.21707028150558472,
          0.008926243521273136,
          97.80675506591797
        ],
        [
          -0.2171393185853958,
          -0.976110577583313,
          -0.007660113275051117,
          -46.99177551269531
        ],
        [
          0.007050217129290104,
          -0.009415390901267529,
          0.9999307990074158,
          0.9019375443458557
        ],
        [
          0.0,
          0.0,
          0.0,
          1.0
        ]
      ],
      "matrix_world_from_sensor_bevfusion": [
        [
          -0.9761151671409607,
          -0.21707028150558472,
          0.008926243521273136,
          97.80675506591797
        ],
        [
          0.2171393185853958,
          -0.976110577583313,
          0.007660113275051117,
          46.99177551269531
        ],
        [
          0.007050217129290104,
          0.009415390901267529,
          0.9999307990074158,
          0.9019375443458557
        ],
        [
          0.0,
          0.0,
          0.0,
          1.0
        ]
      ],
      "matrix_ego_from_sensor_carla": [
        [
          0.7071073055267334,
          0.7071061730384827,
          -8.461175582397118e-08,
          1.649998664855957
        ],
        [
          -0.7071061730384827,
          0.7071073651313782,
          3.642838919404312e-08,
          -0.75
        ],
        [
          8.534701834150837e-08,
          3.501885004197902e-08,
          0.9999999403953552,
          0.8999999761581421
        ],
        [
          0.0,
          0.0,
          0.0,
          1.0
        ]
      ],
      "matrix_ego_from_sensor_bevfusion": [
        [
          0.7071073055267334,
          -0.7071061730384827,
          -8.461175582397118e-08,
          1.649998664855957
        ],
        [
          0.7071061730384827,
          0.7071073651313782,
          -3.642838919404312e-08,
          0.75
        ],
        [
          8.534701834150837e-08,
          -3.501885004197902e-08,
          0.9999999403953552,
          0.8999999761581421
        ],
        [
          0.0,
          0.0,
          0.0,
          1.0
        ]
      ],
      "data_path": "D:\\Agent-AI\\outputs\\s3a_ml_long_v2\\sample_000036\\radar\\RADAR_FRONT_LEFT.npy",
      "raw_layout": [
        "velocity",
        "altitude",
        "azimuth",
        "depth"
      ]
    },
    "RADAR_FRONT_RIGHT": {
      "type_id": "sensor.other.radar",
      "blueprint_attributes": {
        "sensor_tick": "0.100000",
        "role_name": "default",
        "noise_seed": "0",
        "ros_name": "sensor.other.radar",
        "horizontal_fov": "35.0",
