{
  "schema_version": "stage1.v1",
  "sample_name": "sample_000009",
  "sequence_index": 9,
  "previous_sample_name": "sample_000008",
  "frame_id": 60010,
  "timestamp": 435.9197007641196,
  "platform_timestamp": 16814564.7944288,
  "delta_seconds": 0.10000000149011612,
  "town": "Carla/Maps/Town10HD_Opt",
  "weather": {
    "cloudiness": 20.0,
    "dust_storm": 0.0,
    "fog_density": 2.0,
    "fog_distance": 0.75,
    "fog_falloff": 0.10000000149011612,
    "mie_scattering_scale": 0.029999999329447746,
    "precipitation": 0.0,
    "precipitation_deposits": 0.0,
    "rayleigh_scattering_scale": 0.03310000151395798,
    "scattering_intensity": 1.0,
    "sun_altitude_angle": 45.0,
    "sun_azimuth_angle": 300.0,
    "wetness": 0.0,
    "wind_intensity": 10.0
  },
  "sensor_names": [
    "CAM_FRONT",
    "CAM_FRONT_RIGHT",
    "CAM_FRONT_LEFT",
    "CAM_BACK",
    "CAM_BACK_LEFT",
    "CAM_BACK_RIGHT",
    "LIDAR_TOP",
    "RADAR_FRONT",
    "RADAR_FRONT_LEFT",
    "RADAR_FRONT_RIGHT",
    "RADAR_BACK_LEFT",
    "RADAR_BACK_RIGHT"
  ],
  "camera_order_for_model": [
    "CAM_FRONT",
    "CAM_FRONT_RIGHT",
    "CAM_FRONT_LEFT",
    "CAM_BACK",
    "CAM_BACK_LEFT",
    "CAM_BACK_RIGHT"
  ],
  "radar_order_for_model": [
    "RADAR_FRONT",
    "RADAR_FRONT_LEFT",
    "RADAR_FRONT_RIGHT",
    "RADAR_BACK_LEFT",
    "RADAR_BACK_RIGHT"
  ],
  "coordinate_notes": {
    "carla_world": "left-handed x-forward y-right z-up",
    "bevfusion_lidar": "x-forward y-left z-up",
    "camera_frame_for_model": "OpenCV style x-right y-down z-forward"
  },
  "ego": {
    "actor_id": 28,
    "transform_carla": {
      "location": {
        "x": 106.20477294921875,
        "y": -25.74086570739746,
        "z": -0.006564254406839609
      },
      "rotation": {
        "roll": 0.16146138310432434,
        "pitch": 0.6075453162193298,
        "yaw": -93.48870086669922
      }
    },
    "velocity_carla": [
      -0.5408491492271423,
      -7.68843936920166,
      -0.00021961212041787803
    ],
    "angular_velocity_carla": [
      -0.3931853771209717,
      -0.180605947971344,
      -3.484823703765869
    ],
    "matrix_world_from_ego_carla": [
      [
        -0.06084825098514557,
        0.9981409907341003,
        0.0034580426290631294,
        106.20477294921875
      ],
      [
        -0.9980907440185547,
        -0.06088125333189964,
        0.010412294417619705,
        -25.74086570739746
      ],
      [
        0.010603467933833599,
        -0.002817870583385229,
        0.9999397993087769,
        -0.006564254406839609
      ],
      [
        0.0,
        0.0,
        0.0,
        1.0
      ]
    ],
    "matrix_world_from_ego_bevfusion": [
      [
        -0.06084825098514557,
        -0.9981409907341003,
        0.0034580426290631294,
        106.20477294921875
      ],
      [
        0.9980907440185547,
        -0.06088125333189964,
        -0.010412294417619705,
        25.74086570739746
      ],
      [
        0.010603467933833599,
        0.002817870583385229,
        0.9999397993087769,
        -0.006564254406839609
      ],
      [
        0.0,
        0.0,
        0.0,
        1.0
      ]
    ]
  },
  "sensors": {
    "CAM_FRONT": {
      "type_id": "sensor.camera.rgb",
      "blueprint_attributes": {
        "role_name": "front",
        "ros_name": "sensor.camera.rgb",
        "chromatic_aberration_offset": "0.0",
        "sensor_tick": "0.100000",
        "fstop": "1.4",
        "image_size_x": "960",
        "image_size_y": "540",
        "fov": "70.00",
        "lens_circle_falloff": "5.0",
        "lens_circle_multiplier": "0.0",
        "exposure_compensation": "0.0",
        "lens_y_size": "0.08",
        "lens_k": "-1.0",
        "exposure_mode": "histogram",
        "lens_kcube": "0.0",
        "lens_x_size": "0.08",
        "exposure_max_bright": "12.0",
        "shutter_speed": "200.0",
        "bloom_intensity": "0.675",
        "iso": "100.0",
        "enable_postprocess_effects": "false",
        "gamma": "2.2",
        "motion_blur_intensity": "0.0",
        "motion_blur_max_distortion": "0.35",
        "lens_flare_intensity": "0.1",
        "motion_blur_min_object_screen_size": "0.1",
        "exposure_min_bright": "10.0",
        "exposure_speed_up": "3.0",
        "exposure_speed_down": "1.0",
        "tint": "0.0",
        "calibration_constant": "16.0",
        "focal_distance": "1000.0",
        "min_fstop": "1.2",
        "blade_count": "5",
        "blur_amount": "0.0",
        "blur_radius": "0.0",
        "slope": "0.88",
        "toe": "0.55",
        "white_clip": "0.04",
        "shoulder": "0.26",
        "black_clip": "0.0",
        "temp": "6500.0",
        "chromatic_aberration_intensity": "0.0"
      },
      "transform_carla": {
        "location": {
          "x": 106.1163330078125,
          "y": -27.270204544067383,
          "z": 1.7097686529159546
        },
        "rotation": {
          "roll": 0.16146138310432434,
          "pitch": 0.6075453162193298,
          "yaw": -93.48870086669922
        }
      },
      "matrix_world_from_sensor_carla": [
        [
          -0.06084825098514557,
          0.9981409907341003,
          0.0034580426290631294,
          106.1163330078125
        ],
        [
          -0.9980907440185547,
          -0.06088125333189964,
          0.010412294417619705,
          -27.270204544067383
        ],
        [
          0.010603467933833599,
          -0.002817870583385229,
          0.9999397993087769,
          1.7097686529159546
        ],
        [
          0.0,
          0.0,
          0.0,
          1.0
        ]
      ],
      "matrix_world_from_sensor_bevfusion": [
        [
          0.9981409907341003,
          -0.0034580426290631294,
          -0.06084825098514557,
          106.1163330078125
        ],
        [
          0.06088125333189964,
          0.010412294417619705,
          0.9980907440185547,
          27.270204544067383
        ],
        [
          -0.002817870583385229,
          -0.9999397993087769,
          0.010603467933833599,
          1.7097686529159546
        ],
        [
          0.0,
          0.0,
          0.0,
          1.0
        ]
      ],
      "matrix_ego_from_sensor_carla": [
        [
          1.0,
          3.7851002332445205e-09,
          -3.801353676280428e-10,
          1.5500011444091797
        ],
        [
          -4.387251673065862e-11,
          1.0,
          -9.578232651463736e-11,
          7.62939453125e-06
        ],
        [
          -3.801353676280428e-10,
          1.3704831713923227e-10,
          1.0,
          1.6999999284744263
        ],
        [
          0.0,
          0.0,
          0.0,
          1.0
        ]
      ],
      "matrix_ego_from_sensor_bevfusion": [
        [
          3.7851002332445205e-09,
          3.801353676280428e-10,
          1.0,
          1.5500011444091797
        ],
        [
          -1.0,
          -9.578232651463736e-11,
          4.387251673065862e-11,
          -7.62939453125e-06
        ],
        [
          1.3704831713923227e-10,
          -1.0,
          -3.801353676280428e-10,
          1.6999999284744263
        ],
        [
          0.0,
          0.0,
          0.0,
          1.0
        ]
      ],
      "camera_intrinsics": [
        [
          685.5110473632812,
          0.0,
          480.0
        ],
        [
          0.0,
          685.5110473632812,
          270.0
        ],
        [
          0.0,
          0.0,
          1.0
        ]
      ],
      "data_path": "D:\\Agent-AI\\outputs\\s3a_ml_long_v2\\sample_000009\\images\\CAM_FRONT.png",
      "raw_layout": "bgra8"
    },
    "CAM_FRONT_RIGHT": {
      "type_id": "sensor.camera.rgb",
      "blueprint_attributes": {
        "role_name": "front",
        "ros_name": "sensor.camera.rgb",
        "chromatic_aberration_offset": "0.0",
        "sensor_tick": "0.100000",
        "fstop": "1.4",
        "image_size_x": "960",
        "image_size_y": "540",
        "fov": "70.00",
        "lens_circle_falloff": "5.0",
        "lens_circle_multiplier": "0.0",
        "exposure_compensation": "0.0",
        "lens_y_size": "0.08",
        "lens_k": "-1.0",
        "exposure_mode": "histogram",
        "lens_kcube": "0.0",
        "lens_x_size": "0.08",
        "exposure_max_bright": "12.0",
        "shutter_speed": "200.0",
        "bloom_intensity": "0.675",
        "iso": "100.0",
        "enable_postprocess_effects": "false",
        "gamma": "2.2",
        "motion_blur_intensity": "0.0",
        "motion_blur_max_distortion": "0.35",
        "lens_flare_intensity": "0.1",
        "motion_blur_min_object_screen_size": "0.1",
        "exposure_min_bright": "10.0",
        "exposure_speed_up": "3.0",
        "exposure_speed_down": "1.0",
        "tint": "0.0",
        "calibration_constant": "16.0",
        "focal_distance": "1000.0",
        "min_fstop": "1.2",
        "blade_count": "5",
        "blur_amount": "0.0",
        "blur_radius": "0.0",
        "slope": "0.88",
        "toe": "0.55",
        "white_clip": "0.04",
        "shoulder": "0.26",
        "black_clip": "0.0",
        "temp": "6500.0",
        "chromatic_aberration_intensity": "0.0"
      },
      "transform_carla": {
        "location": {
          "x": 106.68052673339844,
          "y": -27.054166793823242,
          "z": 1.7055678367614746
        },
        "rotation": {
          "roll": 0.5902823209762573,
          "pitch": 0.21621645987033844,
          "yaw": -38.488433837890625
        }
      },
      "matrix_world_from_sensor_carla": [
        [
          0.7827282547950745,
          0.6223540902137756,
          0.003458003979176283,
          106.68052673339844
        ],
        [
          -0.6223522424697876,
          0.7826680541038513,
          0.010412320494651794,
          -27.054166793823242
        ],
        [
          0.0037736801896244287,
          -0.010302114300429821,
          0.9999398589134216,
          1.7055678367614746
        ],
        [
          0.0,
          0.0,
          0.0,
          1.0
        ]
      ],
      "matrix_world_from_sensor_bevfusion": [
        [
          0.6223540902137756,
          -0.003458003979176283,
          0.7827282547950745,
          106.68052673339844
        ],
        [
          -0.7826680541038513,
          0.010412320494651794,
          0.6223522424697876,
          27.054166793823242
        ],
        [
          -0.010302114300429821,
          -0.9999398589134216,
          0.0037736801896244287,
          1.7055678367614746
        ],
        [
          0.0,
          0.0,
          0.0,
          1.0
        ]
      ],
      "matrix_ego_from_sensor_carla": [
        [
          0.5735763311386108,
          -0.8191521167755127,
          -2.3031184070987365e-08,
          1.3000011444091797
        ],
        [
          0.8191522359848022,
          0.5735764503479004,
          -4.031060996112501e-08,
          0.5500030517578125
        ],
        [
          4.663068153831773e-08,
          2.727535086677335e-09,
          1.0,
          1.6999998092651367
        ],
        [
          0.0,
          0.0,
          0.0,
          1.0
        ]
      ],
      "matrix_ego_from_sensor_bevfusion": [
        [
          -0.8191521167755127,
          2.3031184070987365e-08,
          0.5735763311386108,
          1.3000011444091797
        ],
        [
          -0.5735764503479004,
          -4.031060996112501e-08,
          -0.8191522359848022,
          -0.5500030517578125
        ],
        [
          2.727535086677335e-09,
          -1.0,
          4.663068153831773e-08,
          1.6999998092651367
        ],
        [
          0.0,
          0.0,
          0.0,
          1.0
        ]
      ],
      "camera_intrinsics": [
        [
          685.5110473632812,
          0.0,
          480.0
        ],
        [
          0.0,
          685.5110473632812,
          270.0
        ],
        [
          0.0,
          0.0,
          1.0
        ]
      ],
      "data_path": "D:\\Agent-AI\\outputs\\s3a_ml_long_v2\\sample_000009\\images\\CAM_FRONT_RIGHT.png",
      "raw_layout": "bgra8"
    },
    "CAM_FRONT_LEFT": {
      "type_id": "sensor.camera.rgb",
      "blueprint_attributes": {
        "role_name": "front",
        "ros_name": "sensor.camera.rgb",
        "chromatic_aberration_offset": "0.0",
        "sensor_tick": "0.100000",
        "fstop": "1.4",
        "image_size_x": "960",
        "image_size_y": "540",
        "fov": "70.00",
        "lens_circle_falloff": "5.0",
        "lens_circle_multiplier": "0.0",
        "exposure_compensation": "0.0",
        "lens_y_size": "0.08",
        "lens_k": "-1.0",
        "exposure_mode": "histogram",
        "lens_kcube": "0.0",
        "lens_x_size": "0.08",
        "exposure_max_bright": "12.0",
        "shutter_speed": "200.0",
        "bloom_intensity": "0.675",
        "iso": "100.0",
        "enable_postprocess_effects": "false",
        "gamma": "2.2",
        "motion_blur_intensity": "0.0",
        "motion_blur_max_distortion": "0.35",
        "lens_flare_intensity": "0.1",
        "motion_blur_min_object_screen_size": "0.1",
        "exposure_min_bright": "10.0",
        "exposure_speed_up": "3.0",
        "exposure_speed_down": "1.0",
        "tint": "0.0",
        "calibration_constant": "16.0",
        "focal_distance": "1000.0",
        "min_fstop": "1.2",
        "blade_count": "5",
        "blur_amount": "0.0",
        "blur_radius": "0.0",
        "slope": "0.88",
        "toe": "0.55",
        "white_clip": "0.04",
        "shoulder": "0.26",
        "black_clip": "0.0",
        "temp": "6500.0",
        "chromatic_aberration_intensity": "0.0"
      },
      "transform_carla": {
        "location": {
          "x": 105.58257293701172,
          "y": -26.987199783325195,
          "z": 1.708667516708374
        },
        "rotation": {
          "roll": -0.4050751328468323,
          "pitch": 0.48072919249534607,
          "yaw": -148.49124145507812
        }
      },
      "matrix_world_from_sensor_carla": [
        [
          -0.8525301814079285,
          0.5226664543151855,
          0.0034580782521516085,
          105.58257293701172
        ],
        [
          -0.5226105451583862,
          -0.8525079488754272,
          0.01041231770068407,
          -26.987199783325195
        ],
        [
          0.008390208706259727,
          0.007069586776196957,
          0.9999397993087769,
          1.708667516708374
        ],
        [
          0.0,
          0.0,
          0.0,
          1.0
        ]
      ],
      "matrix_world_from_sensor_bevfusion": [
        [
          0.5226664543151855,
          -0.0034580782521516085,
          -0.8525301814079285,
          105.58257293701172
        ],
        [
          0.8525079488754272,
          0.01041231770068407,
          0.5226105451583862,
          26.987199783325195
        ],
        [
          0.007069586776196957,
          -0.9999397993087769,
          0.008390208706259727,
          1.708667516708374
        ],
        [
          0.0,
          0.0,
          0.0,
          1.0
        ]
      ],
      "matrix_ego_from_sensor_carla": [
        [
          0.5735766887664795,
          0.8191518783569336,
          -2.5525844549179055e-08,
          1.3000030517578125
        ],
        [
          -0.8191518783569336,
          0.5735767483711243,
          3.4130323456338374e-08,
          -0.5499954223632812
        ],
        [
          4.345263349136985e-08,
          1.4173898721381306e-09,
          1.0,
          1.6999998092651367
        ],
        [
          0.0,
          0.0,
          0.0,
          1.0
        ]
      ],
      "matrix_ego_from_sensor_bevfusion": [
        [
          0.8191518783569336,
          2.5525844549179055e-08,
          0.5735766887664795,
          1.3000030517578125
        ],
        [
          -0.5735767483711243,
          3.4130323456338374e-08,
          0.8191518783569336,
          0.5499954223632812
        ],
        [
          1.4173898721381306e-09,
          -1.0,
          4.345263349136985e-08,
          1.6999998092651367
        ],
        [
          0.0,
          0.0,
          0.0,
          1.0
        ]
      ],
      "camera_intrinsics": [
        [
          685.5110473632812,
          0.0,
          480.0
        ],
        [
          0.0,
          685.5110473632812,
          270.0
        ],
        [
          0.0,
          0.0,
          1.0
        ]
      ],
      "data_path": "D:\\Agent-AI\\outputs\\s3a_ml_long_v2\\sample_000009\\images\\CAM_FRONT_LEFT.png",
      "raw_layout": "bgra8"
    },
    "CAM_BACK": {
      "type_id": "sensor.camera.rgb",
      "blueprint_attributes": {
        "role_name": "front",
        "ros_name": "sensor.camera.rgb",
        "chromatic_aberration_offset": "0.0",
        "sensor_tick": "0.100000",
        "fstop": "1.4",
        "image_size_x": "960",
        "image_size_y": "540",
        "fov": "70.00",
        "lens_circle_falloff": "5.0",
        "lens_circle_multiplier": "0.0",
        "exposure_compensation": "0.0",
        "lens_y_size": "0.08",
        "lens_k": "-1.0",
        "exposure_mode": "histogram",
        "lens_kcube": "0.0",
        "lens_x_size": "0.08",
        "exposure_max_bright": "12.0",
        "shutter_speed": "200.0",
        "bloom_intensity": "0.675",
        "iso": "100.0",
        "enable_postprocess_effects": "false",
        "gamma": "2.2",
        "motion_blur_intensity": "0.0",
        "motion_blur_max_distortion": "0.35",
        "lens_flare_intensity": "0.1",
        "motion_blur_min_object_screen_size": "0.1",
        "exposure_min_bright": "10.0",
        "exposure_speed_up": "3.0",
        "exposure_speed_down": "1.0",
        "tint": "0.0",
        "calibration_constant": "16.0",
        "focal_distance": "1000.0",
        "min_fstop": "1.2",
        "blade_count": "5",
        "blur_amount": "0.0",
        "blur_radius": "0.0",
        "slope": "0.88",
        "toe": "0.55",
        "white_clip": "0.04",
        "shoulder": "0.26",
        "black_clip": "0.0",
        "temp": "6500.0",
        "chromatic_aberration_intensity": "0.0"
      },
      "transform_carla": {
        "location": {
          "x": 106.30496978759766,
          "y": -24.176124572753906,
          "z": 1.6768978834152222
        },
        "rotation": {
          "roll": -0.16146154701709747,
          "pitch": -0.6075453162193298,
          "yaw": 86.51129913330078
        }
      },
      "matrix_world_from_sensor_carla": [
        [
          0.06084828078746796,
          -0.9981409907341003,
          0.0034580461215227842,
          106.30496978759766
        ],
        [
          0.9980907440185547,
          0.06088128313422203,
          0.010412294417619705,
          -24.176124572753906
        ],
        [
          -0.010603467933833599,
          0.0028178736101835966,
          0.9999397993087769,
          1.6768978834152222
        ],
        [
          0.0,
          0.0,
          0.0,
          1.0
        ]
      ],
      "matrix_world_from_sensor_bevfusion": [
        [
          -0.9981409907341003,
          -0.0034580461215227842,
          0.06084828078746796,
          106.30496978759766
        ],
        [
          -0.06088128313422203,
          0.010412294417619705,
          -0.9980907440185547,
          24.176124572753906
        ],
        [
          0.0028178736101835966,
          -0.9999397993087769,
          -0.010603467933833599,
          1.6768978834152222
        ],
        [
          0.0,
          0.0,
          0.0,
          1.0
        ]
      ],
      "matrix_ego_from_sensor_carla": [
        [
          -1.0,
          -3.349893873405563e-08,
          -3.801353676280428e-10,
          -1.5499992370605469
        ],
        [
          2.984619484891482e-08,
          -1.0,
          3.3966773838045583e-09,
          7.62939453125e-06
        ],
        [
          3.801353676280428e-10,
          3.1223985619277528e-09,
          1.0,
          1.6999999284744263
        ],
        [
          0.0,
          0.0,
          0.0,
          1.0
        ]
      ],
      "matrix_ego_from_sensor_bevfusion": [
        [
          -3.349893873405563e-08,
          3.801353676280428e-10,
          -1.0,
          -1.5499992370605469
        ],
        [
          1.0,
          3.3966773838045583e-09,
          -2.984619484891482e-08,
          -7.62939453125e-06
        ],
        [
          3.1223985619277528e-09,
          -1.0,
          3.801353676280428e-10,
          1.6999999284744263
        ],
        [
          0.0,
          0.0,
          0.0,
          1.0
        ]
      ],
      "camera_intrinsics": [
        [
          685.5110473632812,
          0.0,
          480.0
        ],
        [
          0.0,
          685.5110473632812,
          270.0
        ],
        [
          0.0,
          0.0,
          1.0
        ]
      ],
      "data_path": "D:\\Agent-AI\\outputs\\s3a_ml_long_v2\\sample_000009\\images\\CAM_BACK.png",
      "raw_layout": "bgra8"
    },
    "CAM_BACK_LEFT": {
      "type_id": "sensor.camera.rgb",
      "blueprint_attributes": {
        "role_name": "front",
        "ros_name": "sensor.camera.rgb",
        "chromatic_aberration_offset": "0.0",
        "sensor_tick": "0.100000",
        "fstop": "1.4",
        "image_size_x": "960",
        "image_size_y": "540",
        "fov": "70.00",
        "lens_circle_falloff": "5.0",
        "lens_circle_multiplier": "0.0",
        "exposure_compensation": "0.0",
        "lens_y_size": "0.08",
        "lens_k": "-1.0",
        "exposure_mode": "histogram",
        "lens_kcube": "0.0",
        "lens_x_size": "0.08",
        "exposure_max_bright": "12.0",
        "shutter_speed": "200.0",
        "bloom_intensity": "0.675",
        "iso": "100.0",
        "enable_postprocess_effects": "false",
        "gamma": "2.2",
        "motion_blur_intensity": "0.0",
        "motion_blur_max_distortion": "0.35",
        "lens_flare_intensity": "0.1",
        "motion_blur_min_object_screen_size": "0.1",
        "exposure_min_bright": "10.0",
        "exposure_speed_up": "3.0",
        "exposure_speed_down": "1.0",
        "tint": "0.0",
        "calibration_constant": "16.0",
        "focal_distance": "1000.0",
        "min_fstop": "1.2",
        "blade_count": "5",
        "blur_amount": "0.0",
        "blur_radius": "0.0",
        "slope": "0.88",
        "toe": "0.55",
        "white_clip": "0.04",
        "shoulder": "0.26",
        "black_clip": "0.0",
        "temp": "6500.0",
        "chromatic_aberration_intensity": "0.0"
      },
      "transform_carla": {
        "location": {
          "x": 105.74077606201172,
          "y": -24.392162322998047,
          "z": 1.6810989379882812
        },
        "rotation": {
          "roll": -0.5902823209762573,
          "pitch": -0.21621645987033844,
          "yaw": 141.51156616210938
        }
      },
      "matrix_world_from_sensor_carla": [
        [
          -0.7827281951904297,
          -0.6223541498184204,
          0.003458005143329501,
          105.74077606201172
        ],
        [
          0.6223523020744324,
          -0.7826679944992065,
          0.010412320494651794,
          -24.392162322998047
        ],
        [
          -0.0037736801896244287,
          0.010302114300429821,
          0.9999398589134216,
          1.6810989379882812
        ],
        [
          0.0,
          0.0,
          0.0,
          1.0
        ]
      ],
      "matrix_world_from_sensor_bevfusion": [
        [
          -0.6223541498184204,
          -0.003458005143329501,
          -0.7827281951904297,
          105.74077606201172
        ],
        [
          0.7826679944992065,
          0.010412320494651794,
          -0.6223523020744324,
          24.392162322998047
        ],
        [
          0.010302114300429821,
          -0.9999398589134216,
          -0.0037736801896244287,
          1.6810989379882812
        ],
        [
          0.0,
          0.0,
          0.0,
          1.0
        ]
      ],
      "matrix_ego_from_sensor_carla": [
        [
          -0.5735763907432556,
          0.8191520571708679,
          -2.3031184070987365e-08,
          -1.299997329711914
        ],
        [
          -0.8191521763801575,
          -0.5735765099525452,
          -3.914645674285566e-08,
          -0.5500030517578125
        ],
        [
          -4.616502025100999e-08,
          -1.7962124010395542e-09,
          1.0,
          1.7000001668930054
        ],
        [
          0.0,
          0.0,
          0.0,
          1.0
        ]
      ],
      "matrix_ego_from_sensor_bevfusion": [
        [
          0.8191520571708679,
          2.3031184070987365e-08,
          -0.5735763907432556,
          -1.299997329711914
        ],
        [
          0.5735765099525452,
          -3.914645674285566e-08,
          0.8191521763801575,
          0.5500030517578125
        ],
        [
          -1.7962124010395542e-09,
          -1.0,
          -4.616502025100999e-08,
          1.7000001668930054
        ],
        [
          0.0,
          0.0,
          0.0,
          1.0
        ]
      ],
      "camera_intrinsics": [
        [
          685.5110473632812,
          0.0,
          480.0
        ],
        [
          0.0,
          685.5110473632812,
          270.0
        ],
        [
          0.0,
          0.0,
          1.0
        ]
      ],
      "data_path": "D:\\Agent-AI\\outputs\\s3a_ml_long_v2\\sample_000009\\images\\CAM_BACK_LEFT.png",
      "raw_layout": "bgra8"
    },
    "CAM_BACK_RIGHT": {
      "type_id": "sensor.camera.rgb",
      "blueprint_attributes": {
        "role_name": "front",
        "ros_name": "sensor.camera.rgb",
        "chromatic_aberration_offset": "0.0",
        "sensor_tick": "0.100000",
        "fstop": "1.4",
        "image_size_x": "960",
        "image_size_y": "540",
        "fov": "70.00",
        "lens_circle_falloff": "5.0",
        "lens_circle_multiplier": "0.0",
        "exposure_compensation": "0.0",
        "lens_y_size": "0.08",
        "lens_k": "-1.0",
        "exposure_mode": "histogram",
        "lens_kcube": "0.0",
        "lens_x_size": "0.08",
        "exposure_max_bright": "12.0",
        "shutter_speed": "200.0",
        "bloom_intensity": "0.675",
        "iso": "100.0",
        "enable_postprocess_effects": "false",
        "gamma": "2.2",
        "motion_blur_intensity": "0.0",
        "motion_blur_max_distortion": "0.35",
        "lens_flare_intensity": "0.1",
        "motion_blur_min_object_screen_size": "0.1",
        "exposure_min_bright": "10.0",
        "exposure_speed_up": "3.0",
        "exposure_speed_down": "1.0",
        "tint": "0.0",
        "calibration_constant": "16.0",
        "focal_distance": "1000.0",
        "min_fstop": "1.2",
        "blade_count": "5",
        "blur_amount": "0.0",
        "blur_radius": "0.0",
        "slope": "0.88",
        "toe": "0.55",
        "white_clip": "0.04",
        "shoulder": "0.26",
        "black_clip": "0.0",
        "temp": "6500.0",
        "chromatic_aberration_intensity": "0.0"
      },
      "transform_carla": {
        "location": {
          "x": 106.83872985839844,
          "y": -24.45913314819336,
          "z": 1.6779992580413818
        },
        "rotation": {
          "roll": 0.4050751328468323,
          "pitch": -0.48072919249534607,
          "yaw": 31.508737564086914
        }
      },
      "matrix_world_from_sensor_carla": [
        [
          0.8525304198265076,
          -0.5226660966873169,
          0.003458083141595125,
          106.83872985839844
        ],
        [
          0.5226101875305176,
          0.8525081872940063,
          0.010412316769361496,
          -24.45913314819336
        ],
        [
          -0.008390208706259727,
          -0.007069586776196957,
          0.9999397993087769,
          1.6779992580413818
        ],
        [
          0.0,
          0.0,
          0.0,
          1.0
        ]
      ],
      "matrix_world_from_sensor_bevfusion": [
        [
          -0.5226660966873169,
          -0.003458083141595125,
          0.8525304198265076,
          106.83872985839844
        ],
        [
          -0.8525081872940063,
          0.010412316769361496,
          -0.5226101875305176,
          24.45913314819336
        ],
        [
          -0.007069586776196957,
          -0.9999397993087769,
          -0.008390208706259727,
          1.6779992580413818
        ],
        [
          0.0,
          0.0,
          0.0,
          1.0
        ]
      ],
      "matrix_ego_from_sensor_carla": [
        [
          -0.5735763311386108,
          -0.8191521167755127,
          -2.5525844549179055e-08,
          -1.299997329711914
        ],
        [
          0.8191521763801575,
          -0.5735763907432556,
          3.9019766973069636e-08,
          0.5500030517578125
        ],
        [
          -4.624660121521629e-08,
          2.307900537346086e-09,
          1.0,
          1.7000001668930054
        ],
        [
          0.0,
          0.0,
          0.0,
          1.0
        ]
      ],
      "matrix_ego_from_sensor_bevfusion": [
        [
          -0.8191521167755127,
          2.5525844549179055e-08,
          -0.5735763311386108,
          -1.299997329711914
        ],
        [
          0.5735763907432556,
          3.9019766973069636e-08,
          -0.8191521763801575,
          -0.5500030517578125
        ],
        [
          2.307900537346086e-09,
          -1.0,
          -4.624660121521629e-08,
          1.7000001668930054
        ],
        [
          0.0,
          0.0,
          0.0,
          1.0
        ]
      ],
      "camera_intrinsics": [
        [
          685.5110473632812,
          0.0,
          480.0
        ],
        [
          0.0,
          685.5110473632812,
          270.0
        ],
        [
          0.0,
          0.0,
          1.0
        ]
      ],
      "data_path": "D:\\Agent-AI\\outputs\\s3a_ml_long_v2\\sample_000009\\images\\CAM_BACK_RIGHT.png",
      "raw_layout": "bgra8"
    },
    "LIDAR_TOP": {
      "type_id": "sensor.lidar.ray_cast",
      "blueprint_attributes": {
        "atmosphere_attenuation_rate": "0.004",
        "role_name": "front",
        "noise_seed": "0",
        "upper_fov": "10.0",
        "ros_name": "sensor.lidar.ray_cast",
        "sensor_tick": "0.100000",
        "channels": "32",
        "range": "120.0",
        "points_per_second": "360000",
        "lower_fov": "-30.0",
        "rotation_frequency": "10.000000",
        "horizontal_fov": "360.0",
        "dropoff_general_rate": "0.0",
        "dropoff_intensity_limit": "1.0",
        "noise_stddev": "0.0",
        "dropoff_zero_intensity": "0.0"
      },
      "transform_carla": {
        "location": {
          "x": 106.2123794555664,
          "y": -25.717958450317383,
          "z": 2.193303108215332
        },
        "rotation": {
          "roll": 0.16146138310432434,
          "pitch": 0.6075453162193298,
          "yaw": -93.48870086669922
        }
      },
      "matrix_world_from_sensor_carla": [
        [
          -0.06084825098514557,
          0.9981409907341003,
          0.0034580426290631294,
          106.2123794555664
        ],
        [
          -0.9980907440185547,
          -0.06088125333189964,
          0.010412294417619705,
          -25.717958450317383
        ],
        [
          0.010603467933833599,
          -0.002817870583385229,
          0.9999397993087769,
          2.193303108215332
        ],
        [
          0.0,
          0.0,
          0.0,
          1.0
        ]
      ],
      "matrix_world_from_sensor_bevfusion": [
        [
          -0.06084825098514557,
          -0.9981409907341003,
          0.0034580426290631294,
          106.2123794555664
        ],
        [
          0.9980907440185547,
          -0.06088125333189964,
          -0.010412294417619705,
          25.717958450317383
        ],
        [
          0.010603467933833599,
          0.002817870583385229,
          0.9999397993087769,
          2.193303108215332
        ],
        [
          0.0,
          0.0,
          0.0,
          1.0
        ]
      ],
      "matrix_ego_from_sensor_carla": [
        [
          1.0,
          3.7851002332445205e-09,
          -3.801353676280428e-10,
          1.9073486328125e-06
        ],
        [
          -4.387251673065862e-11,
          1.0,
          -9.578232651463736e-11,
          7.62939453125e-06
        ],
        [
          -3.801353676280428e-10,
          1.3704831713923227e-10,
          1.0,
          2.1999995708465576
        ],
        [
          0.0,
          0.0,
          0.0,
          1.0
        ]
      ],
      "matrix_ego_from_sensor_bevfusion": [
        [
          1.0,
          -3.7851002332445205e-09,
          -3.801353676280428e-10,
          1.9073486328125e-06
        ],
        [
          4.387251673065862e-11,
          1.0,
          9.578232651463736e-11,
          -7.62939453125e-06
        ],
        [
          -3.801353676280428e-10,
          -1.3704831713923227e-10,
          1.0,
          2.1999995708465576
        ],
        [
          0.0,
          0.0,
          0.0,
          1.0
        ]
      ],
      "data_path": "D:\\Agent-AI\\outputs\\s3a_ml_long_v2\\sample_000009\\lidar\\LIDAR_TOP.npy",
      "raw_layout": [
        "x",
        "y",
        "z",
        "intensity"
      ]
    },
    "RADAR_FRONT": {
      "type_id": "sensor.other.radar",
      "blueprint_attributes": {
        "sensor_tick": "0.100000",
        "role_name": "default",
        "noise_seed": "0",
        "ros_name": "sensor.other.radar",
        "horizontal_fov": "35.0",
        "points_per_second": "1500",
        "vertical_fov": "20.0",
        "range": "120.0"
      },
      "transform_carla": {
        "location": {
          "x": 106.08618927001953,
          "y": -27.72767448425293,
          "z": 0.914588451385498
        },
        "rotation": {
          "roll": 0.16146138310432434,
          "pitch": 0.6075453162193298,
          "yaw": -93.48870086669922
        }
      },
      "matrix_world_from_sensor_carla": [
        [
          -0.06084825098514557,
          0.9981409907341003,
          0.0034580426290631294,
          106.08618927001953
        ],
        [
          -0.9980907440185547,
          -0.06088125333189964,
          0.010412294417619705,
          -27.72767448425293
        ],
        [
          0.010603467933833599,
          -0.002817870583385229,
          0.9999397993087769,
          0.914588451385498
        ],
        [
          0.0,
          0.0,
          0.0,
          1.0
        ]
      ],
      "matrix_world_from_sensor_bevfusion": [
        [
          -0.06084825098514557,
          -0.9981409907341003,
          0.0034580426290631294,
          106.08618927001953
        ],
        [
          0.9980907440185547,
          -0.06088125333189964,
          -0.010412294417619705,
          27.72767448425293
        ],
        [
          0.010603467933833599,
          0.002817870583385229,
          0.9999397993087769,
          0.914588451385498
        ],
        [
          0.0,
          0.0,
          0.0,
          1.0
        ]
      ],
      "matrix_ego_from_sensor_carla": [
        [
          1.0,
          3.7851002332445205e-09,
          -3.801353676280428e-10,
          1.9999980926513672
        ],
        [
          -4.387251673065862e-11,
          1.0,
          -9.578232651463736e-11,
          0.0
        ],
        [
          -3.801353676280428e-10,
          1.3704831713923227e-10,
          1.0,
          0.8999999165534973
        ],
        [
          0.0,
          0.0,
          0.0,
          1.0
        ]
      ],
      "matrix_ego_from_sensor_bevfusion": [
        [
          1.0,
          -3.7851002332445205e-09,
          -3.801353676280428e-10,
          1.9999980926513672
        ],
        [
          4.387251673065862e-11,
          1.0,
          9.578232651463736e-11,
          0.0
        ],
        [
          -3.801353676280428e-10,
          -1.3704831713923227e-10,
          1.0,
          0.8999999165534973
        ],
        [
          0.0,
          0.0,
          0.0,
          1.0
        ]
      ],
      "data_path": "D:\\Agent-AI\\outputs\\s3a_ml_long_v2\\sample_000009\\radar\\RADAR_FRONT.npy",
      "raw_layout": [
        "velocity",
        "altitude",
        "azimuth",
        "depth"
      ]
    },
    "RADAR_FRONT_LEFT": {
      "type_id": "sensor.other.radar",
      "blueprint_attributes": {
        "sensor_tick": "0.100000",
        "role_name": "default",
        "noise_seed": "0",
        "ros_name": "sensor.other.radar",
        "horizontal_fov": "35.0",
        "points_per_second": "1500",
        "vertical_fov": "20.0",
        "range": "120.0"
      },
      "transform_carla": {
        "location": {
          "x": 105.35888671875,
          "y": -27.332685470581055,
          "z": 0.9129906892776489
        },
        "rotation": {
          "roll": -0.3154432773590088,
          "pitch": 0.5437581539154053,
          "yaw": -138.4910430908203
        }
      },
      "matrix_world_from_sensor_carla": [
        [
          -0.7488184571266174,
          0.66276615858078,
          0.003457974176853895,
          105.35888671875
        ],
        [
          -0.6627072095870972,
          -0.7488062381744385,
          0.01041223295032978,
          -27.332685470581055
        ],
        [
          0.009490227326750755,
          0.0055052475072443485,
          0.9999397993087769,
          0.9129906892776489
        ],
        [
          0.0,
          0.0,
          0.0,
          1.0
        ]
      ],
      "matrix_world_from_sensor_bevfusion": [
        [
          -0.7488184571266174,
          -0.66276615858078,
          0.003457974176853895,
          105.35888671875
        ],
        [
          0.6627072095870972,
          -0.7488062381744385,
          -0.01041223295032978,
          27.332685470581055
        ],
        [
          0.009490227326750755,
          -0.0055052475072443485,
          0.9999397993087769,
          0.9129906892776489
        ],
        [
          0.0,
          0.0,
          0.0,
          1.0
        ]
      ],
      "matrix_ego_from_sensor_carla": [
        [
          0.7071067690849304,
          0.7071067094802856,
          6.48124469648792e-08,
          1.650003433227539
        ],
        [
          -0.7071068286895752,
          0.70710688829422,
          -6.458986945290235e-08,
          -0.7499923706054688
        ],
        [
          -9.261844269303765e-08,
          -3.345300148005492e-10,
          1.0,
          0.8999999761581421
        ],
        [
          0.0,
          0.0,
          0.0,
          1.0
        ]
      ],
      "matrix_ego_from_sensor_bevfusion": [
        [
          0.7071067690849304,
          -0.7071067094802856,
          6.48124469648792e-08,
          1.650003433227539
        ],
        [
          0.7071068286895752,
          0.70710688829422,
          6.458986945290235e-08,
          0.7499923706054688
        ],
        [
          -9.261844269303765e-08,
          3.345300148005492e-10,
          1.0,
          0.8999999761581421
        ],
        [
          0.0,
          0.0,
          0.0,
          1.0
        ]
      ],
      "data_path": "D:\\Agent-AI\\outputs\\s3a_ml_long_v2\\sample_000009\\radar\\RADAR_FRONT_LEFT.npy",
      "raw_layout": [
        "velocity",
        "altitude",
        "azimuth",
        "depth"
      ]
    },
    "RADAR_FRONT_RIGHT": {
      "type_id": "sensor.other.radar",
      "blueprint_attributes": {
        "sensor_tick": "0.100000",
        "role_name": "default",
        "noise_seed": "0",
        "ros_name": "sensor.other.radar",
        "horizontal_fov": "35.0",
