{
  "schema_version": "stage1.v1",
  "sample_name": "sample_000047",
  "sequence_index": 47,
  "previous_sample_name": "sample_000046",
  "frame_id": 726320,
  "timestamp": 5001.894624788314,
  "platform_timestamp": 16813387.725559,
  "delta_seconds": 0.10000000149011612,
  "town": "Carla/Maps/Town10HD_Opt",
  "weather": {
    "cloudiness": 20.0,
    "dust_storm": 0.0,
    "fog_density": 2.0,
    "fog_distance": 0.75,
    "fog_falloff": 0.10000000149011612,
    "mie_scattering_scale": 0.029999999329447746,
    "precipitation": 0.0,
    "precipitation_deposits": 0.0,
    "rayleigh_scattering_scale": 0.03310000151395798,
    "scattering_intensity": 1.0,
    "sun_altitude_angle": 45.0,
    "sun_azimuth_angle": 300.0,
    "wetness": 0.0,
    "wind_intensity": 10.0
  },
  "sensor_names": [
    "CAM_FRONT",
    "CAM_FRONT_RIGHT",
    "CAM_FRONT_LEFT",
    "CAM_BACK",
    "CAM_BACK_LEFT",
    "CAM_BACK_RIGHT",
    "LIDAR_TOP",
    "RADAR_FRONT",
    "RADAR_FRONT_LEFT",
    "RADAR_FRONT_RIGHT",
    "RADAR_BACK_LEFT",
    "RADAR_BACK_RIGHT"
  ],
  "camera_order_for_model": [
    "CAM_FRONT",
    "CAM_FRONT_RIGHT",
    "CAM_FRONT_LEFT",
    "CAM_BACK",
    "CAM_BACK_LEFT",
    "CAM_BACK_RIGHT"
  ],
  "radar_order_for_model": [
    "RADAR_FRONT",
    "RADAR_FRONT_LEFT",
    "RADAR_FRONT_RIGHT",
    "RADAR_BACK_LEFT",
    "RADAR_BACK_RIGHT"
  ],
  "coordinate_notes": {
    "carla_world": "left-handed x-forward y-right z-up",
    "bevfusion_lidar": "x-forward y-left z-up",
    "camera_frame_for_model": "OpenCV style x-right y-down z-forward"
  },
  "ego": {
    "actor_id": 49,
    "transform_carla": {
      "location": {
        "x": 103.61898040771484,
        "y": -37.35560607910156,
        "z": -0.0042343903332948685
      },
      "rotation": {
        "roll": -0.004180909134447575,
        "pitch": -0.0711090937256813,
        "yaw": -109.16004180908203
      }
    },
    "velocity_carla": [
      0.0004037093312945217,
      0.0010158948134630919,
      4.00543194700731e-06
    ],
    "angular_velocity_carla": [
      -0.3129167854785919,
      0.12618336081504822,
      0.00017411775479558855
    ],
    "matrix_world_from_ego_carla": [
      [
        -0.32820770144462585,
        0.9446054697036743,
        -0.00047626325977034867,
        103.61898040771484
      ],
      [
        -0.944604754447937,
        -0.3282080590724945,
        -0.0011483884882181883,
        -37.35560607910156
      ],
      [
        -0.0012410874478518963,
        7.297057163668796e-05,
        0.9999992251396179,
        -0.0042343903332948685
      ],
      [
        0.0,
        0.0,
        0.0,
        1.0
      ]
    ],
    "matrix_world_from_ego_bevfusion": [
      [
        -0.32820770144462585,
        -0.9446054697036743,
        -0.00047626325977034867,
        103.61898040771484
      ],
      [
        0.944604754447937,
        -0.3282080590724945,
        0.0011483884882181883,
        37.35560607910156
      ],
      [
        -0.0012410874478518963,
        -7.297057163668796e-05,
        0.9999992251396179,
        -0.0042343903332948685
      ],
      [
        0.0,
        0.0,
        0.0,
        1.0
      ]
    ]
  },
  "sensors": {
    "CAM_FRONT": {
      "type_id": "sensor.camera.rgb",
      "blueprint_attributes": {
        "role_name": "front",
        "ros_name": "sensor.camera.rgb",
        "chromatic_aberration_offset": "0.0",
        "sensor_tick": "0.100000",
        "fstop": "1.4",
        "image_size_x": "960",
        "image_size_y": "540",
        "fov": "70.00",
        "lens_circle_falloff": "5.0",
        "lens_circle_multiplier": "0.0",
        "exposure_compensation": "0.0",
        "lens_y_size": "0.08",
        "lens_k": "-1.0",
        "exposure_mode": "histogram",
        "lens_kcube": "0.0",
        "lens_x_size": "0.08",
        "exposure_max_bright": "12.0",
        "shutter_speed": "200.0",
        "bloom_intensity": "0.675",
        "iso": "100.0",
        "enable_postprocess_effects": "false",
        "gamma": "2.2",
        "motion_blur_intensity": "0.0",
        "motion_blur_max_distortion": "0.35",
        "lens_flare_intensity": "0.1",
        "motion_blur_min_object_screen_size": "0.1",
        "exposure_min_bright": "10.0",
        "exposure_speed_up": "3.0",
        "exposure_speed_down": "1.0",
        "tint": "0.0",
        "calibration_constant": "16.0",
        "focal_distance": "1000.0",
        "min_fstop": "1.2",
        "blade_count": "5",
        "blur_amount": "0.0",
        "blur_radius": "0.0",
        "slope": "0.88",
        "toe": "0.55",
        "white_clip": "0.04",
        "shoulder": "0.26",
        "black_clip": "0.0",
        "temp": "6500.0",
        "chromatic_aberration_intensity": "0.0"
      },
      "transform_carla": {
        "location": {
          "x": 103.10945129394531,
          "y": -38.821693420410156,
          "z": 1.6938406229019165
        },
        "rotation": {
          "roll": -0.004180909134447575,
          "pitch": -0.0711090937256813,
          "yaw": -109.16004180908203
        }
      },
      "matrix_world_from_sensor_carla": [
        [
          -0.32820770144462585,
          0.9446054697036743,
          -0.00047626325977034867,
          103.10945129394531
        ],
        [
          -0.944604754447937,
          -0.3282080590724945,
          -0.0011483884882181883,
          -38.821693420410156
        ],
        [
          -0.0012410874478518963,
          7.297057163668796e-05,
          0.9999992251396179,
          1.6938406229019165
        ],
        [
          0.0,
          0.0,
          0.0,
          1.0
        ]
      ],
      "matrix_world_from_sensor_bevfusion": [
        [
          0.9446054697036743,
          0.00047626325977034867,
          -0.32820770144462585,
          103.10945129394531
        ],
        [
          0.3282080590724945,
          -0.0011483884882181883,
          0.944604754447937,
          38.821693420410156
        ],
        [
          7.297057163668796e-05,
          -0.9999992251396179,
          -0.0012410874478518963,
          1.6938406229019165
        ],
        [
          0.0,
          0.0,
          0.0,
          1.0
        ]
      ],
      "matrix_ego_from_sensor_carla": [
        [
          1.0,
          -2.1989190912563572e-08,
          3.0346919421830876e-11,
          1.5499943494796753
        ],
        [
          -2.0338307038514358e-08,
          1.0,
          -1.2886276247459083e-11,
          0.0
        ],
        [
          3.0346919421830876e-11,
          1.6656558944616595e-12,
          1.0,
          1.7000000476837158
        ],
        [
          0.0,
          0.0,
          0.0,
          1.0
        ]
      ],
      "matrix_ego_from_sensor_bevfusion": [
        [
          -2.1989190912563572e-08,
          -3.0346919421830876e-11,
          1.0,
          1.5499943494796753
        ],
        [
          -1.0,
          -1.2886276247459083e-11,
          2.0338307038514358e-08,
          0.0
        ],
        [
          1.6656558944616595e-12,
          -1.0,
          3.0346919421830876e-11,
          1.7000000476837158
        ],
        [
          0.0,
          0.0,
          0.0,
          1.0
        ]
      ],
      "camera_intrinsics": [
        [
          685.5110473632812,
          0.0,
          480.0
        ],
        [
          0.0,
          685.5110473632812,
          270.0
        ],
        [
          0.0,
          0.0,
          1.0
        ]
      ],
      "data_path": "D:\\Agent-AI\\outputs\\s3a_ml_long_v1\\sample_000047\\images\\CAM_FRONT.png",
      "raw_layout": "bgra8"
    },
    "CAM_FRONT_RIGHT": {
      "type_id": "sensor.camera.rgb",
      "blueprint_attributes": {
        "role_name": "front",
        "ros_name": "sensor.camera.rgb",
        "chromatic_aberration_offset": "0.0",
        "sensor_tick": "0.100000",
        "fstop": "1.4",
        "image_size_x": "960",
        "image_size_y": "540",
        "fov": "70.00",
        "lens_circle_falloff": "5.0",
        "lens_circle_multiplier": "0.0",
        "exposure_compensation": "0.0",
        "lens_y_size": "0.08",
        "lens_k": "-1.0",
        "exposure_mode": "histogram",
        "lens_kcube": "0.0",
        "lens_x_size": "0.08",
        "exposure_max_bright": "12.0",
        "shutter_speed": "200.0",
        "bloom_intensity": "0.675",
        "iso": "100.0",
        "enable_postprocess_effects": "false",
        "gamma": "2.2",
        "motion_blur_intensity": "0.0",
        "motion_blur_max_distortion": "0.35",
        "lens_flare_intensity": "0.1",
        "motion_blur_min_object_screen_size": "0.1",
        "exposure_min_bright": "10.0",
        "exposure_speed_up": "3.0",
        "exposure_speed_down": "1.0",
        "tint": "0.0",
        "calibration_constant": "16.0",
        "focal_distance": "1000.0",
        "min_fstop": "1.2",
        "blade_count": "5",
        "blur_amount": "0.0",
        "blur_radius": "0.0",
        "slope": "0.88",
        "toe": "0.55",
        "white_clip": "0.04",
        "shoulder": "0.26",
        "black_clip": "0.0",
        "temp": "6500.0",
        "chromatic_aberration_intensity": "0.0"
      },
      "transform_carla": {
        "location": {
          "x": 103.71102905273438,
          "y": -38.76605987548828,
          "z": 1.6941909790039062
        },
        "rotation": {
          "roll": -0.060644667595624924,
          "pitch": -0.037361133843660355,
          "yaw": -54.160037994384766
        }
      },
      "matrix_world_from_sensor_carla": [
        [
          0.5855231285095215,
          0.8106555938720703,
          -0.0004762328462675214,
          103.71102905273438
        ],
        [
          -0.810655415058136,
          0.5855224132537842,
          -0.0011483542621135712,
          -38.76605987548828
        ],
        [
          -0.0006520747556351125,
          0.0010584486881271005,
          0.9999992251396179,
          1.6941909790039062
        ],
        [
          0.0,
          0.0,
          0.0,
          1.0
        ]
      ],
      "matrix_world_from_sensor_bevfusion": [
        [
          0.8106555938720703,
          0.0004762328462675214,
          0.5855231285095215,
          103.71102905273438
        ],
        [
          -0.5855224132537842,
          -0.0011483542621135712,
          0.810655415058136,
          38.76605987548828
        ],
        [
          0.0010584486881271005,
          -0.9999992251396179,
          -0.0006520747556351125,
          1.6941909790039062
        ],
        [
          0.0,
          0.0,
          0.0,
          1.0
        ]
      ],
      "matrix_ego_from_sensor_carla": [
        [
          0.5735765695571899,
          -0.8191519975662231,
          -4.234482986475996e-08,
          1.3000010251998901
        ],
        [
          0.8191519379615784,
          0.5735765695571899,
          1.7478516411983946e-08,
          0.5499954223632812
        ],
        [
          9.934908007380727e-09,
          -4.482514270875981e-08,
          1.0,
          1.6999999284744263
        ],
        [
          0.0,
          0.0,
          0.0,
          1.0
        ]
      ],
      "matrix_ego_from_sensor_bevfusion": [
        [
          -0.8191519975662231,
          4.234482986475996e-08,
          0.5735765695571899,
          1.3000010251998901
        ],
        [
          -0.5735765695571899,
          1.7478516411983946e-08,
          -0.8191519379615784,
          -0.5499954223632812
        ],
        [
          -4.482514270875981e-08,
          -1.0,
          9.934908007380727e-09,
          1.6999999284744263
        ],
        [
          0.0,
          0.0,
          0.0,
          1.0
        ]
      ],
      "camera_intrinsics": [
        [
          685.5110473632812,
          0.0,
          480.0
        ],
        [
          0.0,
          685.5110473632812,
          270.0
        ],
        [
          0.0,
          0.0,
          1.0
        ]
      ],
      "data_path": "D:\\Agent-AI\\outputs\\s3a_ml_long_v1\\sample_000047\\images\\CAM_FRONT_RIGHT.png",
      "raw_layout": "bgra8"
    },
    "CAM_FRONT_LEFT": {
      "type_id": "sensor.camera.rgb",
      "blueprint_attributes": {
        "role_name": "front",
        "ros_name": "sensor.camera.rgb",
        "chromatic_aberration_offset": "0.0",
        "sensor_tick": "0.100000",
        "fstop": "1.4",
        "image_size_x": "960",
        "image_size_y": "540",
        "fov": "70.00",
        "lens_circle_falloff": "5.0",
        "lens_circle_multiplier": "0.0",
        "exposure_compensation": "0.0",
        "lens_y_size": "0.08",
        "lens_k": "-1.0",
        "exposure_mode": "histogram",
        "lens_kcube": "0.0",
        "lens_x_size": "0.08",
        "exposure_max_bright": "12.0",
        "shutter_speed": "200.0",
        "bloom_intensity": "0.675",
        "iso": "100.0",
        "enable_postprocess_effects": "false",
        "gamma": "2.2",
        "motion_blur_intensity": "0.0",
        "motion_blur_max_distortion": "0.35",
        "lens_flare_intensity": "0.1",
        "motion_blur_min_object_screen_size": "0.1",
        "exposure_min_bright": "10.0",
        "exposure_speed_up": "3.0",
        "exposure_speed_down": "1.0",
        "tint": "0.0",
        "calibration_constant": "16.0",
        "focal_distance": "1000.0",
        "min_fstop": "1.2",
        "blade_count": "5",
        "blur_amount": "0.0",
        "blur_radius": "0.0",
        "slope": "0.88",
        "toe": "0.55",
        "white_clip": "0.04",
        "shoulder": "0.26",
        "black_clip": "0.0",
        "temp": "6500.0",
        "chromatic_aberration_intensity": "0.0"
      },
      "transform_carla": {
        "location": {
          "x": 102.67196655273438,
          "y": -38.405029296875,
          "z": 1.694110631942749
        },
        "rotation": {
          "roll": 0.05584852769970894,
          "pitch": -0.04421181231737137,
          "yaw": -164.1600341796875
        }
      },
      "matrix_world_from_sensor_carla": [
        [
          -0.9620275497436523,
          0.27295202016830444,
          -0.000476283545140177,
          102.67196655273438
        ],
        [
          -0.2729513347148895,
          -0.9620271921157837,
          -0.0011483480921015143,
          -38.405029296875
        ],
        [
          -0.0007716416148468852,
          -0.0009747401927597821,
          0.9999992251396179,
          1.694110631942749
        ],
        [
          0.0,
          0.0,
          0.0,
          1.0
        ]
      ],
      "matrix_world_from_sensor_bevfusion": [
        [
          0.27295202016830444,
          0.000476283545140177,
          -0.9620275497436523,
          102.67196655273438
        ],
        [
          0.9620271921157837,
          -0.0011483480921015143,
          0.2729513347148895,
          38.405029296875
        ],
        [
          -0.0009747401927597821,
          -0.9999992251396179,
          -0.0007716416148468852,
          1.694110631942749
        ],
        [
          0.0,
          0.0,
          0.0,
          1.0
        ]
      ],
      "matrix_ego_from_sensor_carla": [
        [
          0.5735769867897034,
          0.8191516995429993,
          -3.151820493485502e-08,
          1.299996256828308
        ],
        [
          -0.8191516995429993,
          0.5735769271850586,
          -3.244910473654272e-08,
          -0.5500030517578125
        ],
        [
          -8.482480495786149e-09,
          4.4469242510558615e-08,
          1.0,
          1.6999999284744263
        ],
        [
          0.0,
          0.0,
          0.0,
          1.0
        ]
      ],
      "matrix_ego_from_sensor_bevfusion": [
        [
          0.8191516995429993,
          3.151820493485502e-08,
          0.5735769867897034,
          1.299996256828308
        ],
        [
          -0.5735769271850586,
          -3.244910473654272e-08,
          0.8191516995429993,
          0.5500030517578125
        ],
        [
          4.4469242510558615e-08,
          -1.0,
          -8.482480495786149e-09,
          1.6999999284744263
        ],
        [
          0.0,
          0.0,
          0.0,
          1.0
        ]
      ],
      "camera_intrinsics": [
        [
          685.5110473632812,
          0.0,
          480.0
        ],
        [
          0.0,
          685.5110473632812,
          270.0
        ],
        [
          0.0,
          0.0,
          1.0
        ]
      ],
      "data_path": "D:\\Agent-AI\\outputs\\s3a_ml_long_v1\\sample_000047\\images\\CAM_FRONT_LEFT.png",
      "raw_layout": "bgra8"
    },
    "CAM_BACK": {
      "type_id": "sensor.camera.rgb",
      "blueprint_attributes": {
        "role_name": "front",
        "ros_name": "sensor.camera.rgb",
        "chromatic_aberration_offset": "0.0",
        "sensor_tick": "0.100000",
        "fstop": "1.4",
        "image_size_x": "960",
        "image_size_y": "540",
        "fov": "70.00",
        "lens_circle_falloff": "5.0",
        "lens_circle_multiplier": "0.0",
        "exposure_compensation": "0.0",
        "lens_y_size": "0.08",
        "lens_k": "-1.0",
        "exposure_mode": "histogram",
        "lens_kcube": "0.0",
        "lens_x_size": "0.08",
        "exposure_max_bright": "12.0",
        "shutter_speed": "200.0",
        "bloom_intensity": "0.675",
        "iso": "100.0",
        "enable_postprocess_effects": "false",
        "gamma": "2.2",
        "motion_blur_intensity": "0.0",
        "motion_blur_max_distortion": "0.35",
        "lens_flare_intensity": "0.1",
        "motion_blur_min_object_screen_size": "0.1",
        "exposure_min_bright": "10.0",
        "exposure_speed_up": "3.0",
        "exposure_speed_down": "1.0",
        "tint": "0.0",
        "calibration_constant": "16.0",
        "focal_distance": "1000.0",
        "min_fstop": "1.2",
        "blade_count": "5",
        "blur_amount": "0.0",
        "blur_radius": "0.0",
        "slope": "0.88",
        "toe": "0.55",
        "white_clip": "0.04",
        "shoulder": "0.26",
        "black_clip": "0.0",
        "temp": "6500.0",
        "chromatic_aberration_intensity": "0.0"
      },
      "transform_carla": {
        "location": {
          "x": 104.12689208984375,
          "y": -35.8934211730957,
          "z": 1.6976879835128784
        },
        "rotation": {
          "roll": 0.004180929157882929,
          "pitch": 0.0711090937256813,
          "yaw": 70.83995819091797
        }
      },
      "matrix_world_from_sensor_carla": [
        [
          0.32820773124694824,
          -0.9446054697036743,
          -0.00047626360901631415,
          104.12689208984375
        ],
        [
          0.944604754447937,
          0.3282080888748169,
          -0.0011483883718028665,
          -35.8934211730957
        ],
        [
          0.0012410874478518963,
          -7.297092088265345e-05,
          0.9999992251396179,
          1.6976879835128784
        ],
        [
          0.0,
          0.0,
          0.0,
          1.0
        ]
      ],
      "matrix_world_from_sensor_bevfusion": [
        [
          -0.9446054697036743,
          0.00047626360901631415,
          0.32820773124694824,
          104.12689208984375
        ],
        [
          -0.3282080888748169,
          -0.0011483883718028665,
          -0.944604754447937,
          35.8934211730957
        ],
        [
          -7.297092088265345e-05,
          -0.9999992251396179,
          0.0012410874478518963,
          1.6976879835128784
        ],
        [
          0.0,
          0.0,
          0.0,
          1.0
        ]
      ],
      "matrix_ego_from_sensor_carla": [
        [
          -1.0,
          -6.16179463008848e-09,
          3.0346919421830876e-11,
          -1.5500013828277588
        ],
        [
          5.014063120256651e-08,
          -1.0,
          -3.985120289318189e-10,
          0.0
        ],
        [
          -3.0346919421830876e-11,
          -3.8729114359981054e-10,
          1.0,
          1.7000000476837158
        ],
        [
          0.0,
          0.0,
          0.0,
          1.0
        ]
      ],
      "matrix_ego_from_sensor_bevfusion": [
        [
          -6.16179463008848e-09,
          -3.0346919421830876e-11,
          -1.0,
          -1.5500013828277588
        ],
        [
          1.0,
          -3.985120289318189e-10,
          -5.014063120256651e-08,
          0.0
        ],
        [
          -3.8729114359981054e-10,
          -1.0,
          -3.0346919421830876e-11,
          1.7000000476837158
        ],
        [
          0.0,
          0.0,
          0.0,
          1.0
        ]
      ],
      "camera_intrinsics": [
        [
          685.5110473632812,
          0.0,
          480.0
        ],
        [
          0.0,
          685.5110473632812,
          270.0
        ],
        [
          0.0,
          0.0,
          1.0
        ]
      ],
      "data_path": "D:\\Agent-AI\\outputs\\s3a_ml_long_v1\\sample_000047\\images\\CAM_BACK.png",
      "raw_layout": "bgra8"
    },
    "CAM_BACK_LEFT": {
      "type_id": "sensor.camera.rgb",
      "blueprint_attributes": {
        "role_name": "front",
        "ros_name": "sensor.camera.rgb",
        "chromatic_aberration_offset": "0.0",
        "sensor_tick": "0.100000",
        "fstop": "1.4",
        "image_size_x": "960",
        "image_size_y": "540",
        "fov": "70.00",
        "lens_circle_falloff": "5.0",
        "lens_circle_multiplier": "0.0",
        "exposure_compensation": "0.0",
        "lens_y_size": "0.08",
        "lens_k": "-1.0",
        "exposure_mode": "histogram",
        "lens_kcube": "0.0",
        "lens_x_size": "0.08",
        "exposure_max_bright": "12.0",
        "shutter_speed": "200.0",
        "bloom_intensity": "0.675",
        "iso": "100.0",
        "enable_postprocess_effects": "false",
        "gamma": "2.2",
        "motion_blur_intensity": "0.0",
        "motion_blur_max_distortion": "0.35",
        "lens_flare_intensity": "0.1",
        "motion_blur_min_object_screen_size": "0.1",
        "exposure_min_bright": "10.0",
        "exposure_speed_up": "3.0",
        "exposure_speed_down": "1.0",
        "tint": "0.0",
        "calibration_constant": "16.0",
        "focal_distance": "1000.0",
        "min_fstop": "1.2",
        "blade_count": "5",
        "blur_amount": "0.0",
        "blur_radius": "0.0",
        "slope": "0.88",
        "toe": "0.55",
        "white_clip": "0.04",
        "shoulder": "0.26",
        "black_clip": "0.0",
        "temp": "6500.0",
        "chromatic_aberration_intensity": "0.0"
      },
      "transform_carla": {
        "location": {
          "x": 103.52530670166016,
          "y": -35.949058532714844,
          "z": 1.6973376274108887
        },
        "rotation": {
          "roll": 0.060644667595624924,
          "pitch": 0.037361133843660355,
          "yaw": 125.83997344970703
        }
      },
      "matrix_world_from_sensor_carla": [
        [
          -0.5855233669281006,
          -0.8106554746627808,
          -0.0004762325552292168,
          103.52530670166016
        ],
        [
          0.8106552958488464,
          -0.5855226516723633,
          -0.001148354378528893,
          -35.949058532714844
        ],
        [
          0.0006520747556351125,
          -0.0010584486881271005,
          0.9999992251396179,
          1.6973376274108887
        ],
        [
          0.0,
          0.0,
          0.0,
          1.0
        ]
      ],
      "matrix_world_from_sensor_bevfusion": [
        [
          -0.8106554746627808,
          0.0004762325552292168,
          -0.5855233669281006,
          103.52530670166016
        ],
        [
          0.5855226516723633,
          -0.001148354378528893,
          -0.8106552958488464,
          35.949058532714844
        ],
        [
          -0.0010584486881271005,
          -0.9999992251396179,
          0.0006520747556351125,
          1.6973376274108887
        ],
        [
          0.0,
          0.0,
          0.0,
          1.0
        ]
      ],
      "matrix_ego_from_sensor_carla": [
        [
          -0.5735763907432556,
          0.8191521763801575,
          -4.2228414542933024e-08,
          -1.3000006675720215
        ],
        [
          -0.8191520571708679,
          -0.5735763907432556,
          1.778410663177965e-08,
          -0.5500030517578125
        ],
        [
          -9.702077363726858e-09,
          4.505797335241368e-08,
          1.0,
          1.7000000476837158
        ],
        [
          0.0,
          0.0,
          0.0,
          1.0
        ]
      ],
      "matrix_ego_from_sensor_bevfusion": [
        [
          0.8191521763801575,
          4.2228414542933024e-08,
          -0.5735763907432556,
          -1.3000006675720215
        ],
        [
          0.5735763907432556,
          1.778410663177965e-08,
          0.8191520571708679,
          0.5500030517578125
        ],
        [
          4.505797335241368e-08,
          -1.0,
          -9.702077363726858e-09,
          1.7000000476837158
        ],
        [
          0.0,
          0.0,
          0.0,
          1.0
        ]
      ],
      "camera_intrinsics": [
        [
          685.5110473632812,
          0.0,
          480.0
        ],
        [
          0.0,
          685.5110473632812,
          270.0
        ],
        [
          0.0,
          0.0,
          1.0
        ]
      ],
      "data_path": "D:\\Agent-AI\\outputs\\s3a_ml_long_v1\\sample_000047\\images\\CAM_BACK_LEFT.png",
      "raw_layout": "bgra8"
    },
    "CAM_BACK_RIGHT": {
      "type_id": "sensor.camera.rgb",
      "blueprint_attributes": {
        "role_name": "front",
        "ros_name": "sensor.camera.rgb",
        "chromatic_aberration_offset": "0.0",
        "sensor_tick": "0.100000",
        "fstop": "1.4",
        "image_size_x": "960",
        "image_size_y": "540",
        "fov": "70.00",
        "lens_circle_falloff": "5.0",
        "lens_circle_multiplier": "0.0",
        "exposure_compensation": "0.0",
        "lens_y_size": "0.08",
        "lens_k": "-1.0",
        "exposure_mode": "histogram",
        "lens_kcube": "0.0",
        "lens_x_size": "0.08",
        "exposure_max_bright": "12.0",
        "shutter_speed": "200.0",
        "bloom_intensity": "0.675",
        "iso": "100.0",
        "enable_postprocess_effects": "false",
        "gamma": "2.2",
        "motion_blur_intensity": "0.0",
        "motion_blur_max_distortion": "0.35",
        "lens_flare_intensity": "0.1",
        "motion_blur_min_object_screen_size": "0.1",
        "exposure_min_bright": "10.0",
        "exposure_speed_up": "3.0",
        "exposure_speed_down": "1.0",
        "tint": "0.0",
        "calibration_constant": "16.0",
        "focal_distance": "1000.0",
        "min_fstop": "1.2",
        "blade_count": "5",
        "blur_amount": "0.0",
        "blur_radius": "0.0",
        "slope": "0.88",
        "toe": "0.55",
        "white_clip": "0.04",
        "shoulder": "0.26",
        "black_clip": "0.0",
        "temp": "6500.0",
        "chromatic_aberration_intensity": "0.0"
      },
      "transform_carla": {
        "location": {
          "x": 104.56436920166016,
          "y": -36.31008529663086,
          "z": 1.6974178552627563
        },
        "rotation": {
          "roll": -0.05584853142499924,
          "pitch": 0.04421181231737137,
          "yaw": 15.839946746826172
        }
      },
      "matrix_world_from_sensor_carla": [
        [
          0.9620276093482971,
          -0.2729516327381134,
          -0.0004762839525938034,
          104.56436920166016
        ],
        [
          0.2729509472846985,
          0.9620272517204285,
          -0.0011483479756861925,
          -36.31008529663086
        ],
        [
          0.0007716416148468852,
          0.0009747403091751039,
          0.9999992251396179,
          1.6974178552627563
        ],
        [
          0.0,
          0.0,
          0.0,
          1.0
        ]
      ],
      "matrix_world_from_sensor_bevfusion": [
        [
          -0.2729516327381134,
          0.0004762839525938034,
          0.9620276093482971,
          104.56436920166016
        ],
        [
          -0.9620272517204285,
          -0.0011483479756861925,
          -0.2729509472846985,
          36.31008529663086
        ],
        [
          0.0009747403091751039,
          -0.9999992251396179,
          0.0007716416148468852,
          1.6974178552627563
        ],
        [
          0.0,
          0.0,
          0.0,
          1.0
        ]
      ],
      "matrix_ego_from_sensor_carla": [
        [
          -0.5735766291618347,
          -0.8191518783569336,
          -3.1401789613028086e-08,
          -1.3000032901763916
        ],
        [
          0.8191518783569336,
          -0.5735766291618347,
          -3.286383432055118e-08,
          0.54998779296875
        ],
        [
          8.88993412218042e-09,
          -4.464386549329902e-08,
          1.0,
          1.7000000476837158
        ],
        [
          0.0,
          0.0,
          0.0,
          1.0
        ]
      ],
      "matrix_ego_from_sensor_bevfusion": [
        [
          -0.8191518783569336,
          3.1401789613028086e-08,
          -0.5735766291618347,
          -1.3000032901763916
        ],
        [
          0.5735766291618347,
          -3.286383432055118e-08,
          -0.8191518783569336,
          -0.54998779296875
        ],
        [
          -4.464386549329902e-08,
          -1.0,
          8.88993412218042e-09,
          1.7000000476837158
        ],
        [
          0.0,
          0.0,
          0.0,
          1.0
        ]
      ],
      "camera_intrinsics": [
        [
          685.5110473632812,
          0.0,
          480.0
        ],
        [
          0.0,
          685.5110473632812,
          270.0
        ],
        [
          0.0,
          0.0,
          1.0
        ]
      ],
      "data_path": "D:\\Agent-AI\\outputs\\s3a_ml_long_v1\\sample_000047\\images\\CAM_BACK_RIGHT.png",
      "raw_layout": "bgra8"
    },
    "LIDAR_TOP": {
      "type_id": "sensor.lidar.ray_cast",
      "blueprint_attributes": {
        "atmosphere_attenuation_rate": "0.004",
        "role_name": "front",
        "noise_seed": "0",
        "upper_fov": "10.0",
        "ros_name": "sensor.lidar.ray_cast",
        "sensor_tick": "0.100000",
        "channels": "32",
        "range": "120.0",
        "points_per_second": "360000",
        "lower_fov": "-30.0",
        "rotation_frequency": "10.000000",
        "horizontal_fov": "360.0",
        "dropoff_general_rate": "0.0",
        "dropoff_intensity_limit": "1.0",
        "noise_stddev": "0.0",
        "dropoff_zero_intensity": "0.0"
      },
      "transform_carla": {
        "location": {
          "x": 103.61793518066406,
          "y": -37.358131408691406,
          "z": 2.1957638263702393
        },
        "rotation": {
          "roll": -0.004180909134447575,
          "pitch": -0.0711090937256813,
          "yaw": -109.16004180908203
        }
      },
      "matrix_world_from_sensor_carla": [
        [
          -0.32820770144462585,
          0.9446054697036743,
          -0.00047626325977034867,
          103.61793518066406
        ],
        [
          -0.944604754447937,
          -0.3282080590724945,
          -0.0011483884882181883,
          -37.358131408691406
        ],
        [
          -0.0012410874478518963,
          7.297057163668796e-05,
          0.9999992251396179,
          2.1957638263702393
        ],
        [
          0.0,
          0.0,
          0.0,
          1.0
        ]
      ],
      "matrix_world_from_sensor_bevfusion": [
        [
          -0.32820770144462585,
          -0.9446054697036743,
          -0.00047626325977034867,
          103.61793518066406
        ],
        [
          0.944604754447937,
          -0.3282080590724945,
          0.0011483884882181883,
          37.358131408691406
        ],
        [
          -0.0012410874478518963,
          -7.297057163668796e-05,
          0.9999992251396179,
          2.1957638263702393
        ],
        [
          0.0,
          0.0,
          0.0,
          1.0
        ]
      ],
      "matrix_ego_from_sensor_carla": [
        [
          1.0,
          -2.1989190912563572e-08,
          3.0346919421830876e-11,
          -5.4836273193359375e-06
        ],
        [
          -2.0338307038514358e-08,
          1.0,
          -1.2886276247459083e-11,
          0.0
        ],
        [
          3.0346919421830876e-11,
          1.6656558944616595e-12,
          1.0,
          2.1999998092651367
        ],
        [
          0.0,
          0.0,
          0.0,
          1.0
        ]
      ],
      "matrix_ego_from_sensor_bevfusion": [
        [
          1.0,
          2.1989190912563572e-08,
          3.0346919421830876e-11,
          -5.4836273193359375e-06
        ],
        [
          2.0338307038514358e-08,
          1.0,
          1.2886276247459083e-11,
          0.0
        ],
        [
          3.0346919421830876e-11,
          -1.6656558944616595e-12,
          1.0,
          2.1999998092651367
        ],
        [
          0.0,
          0.0,
          0.0,
          1.0
        ]
      ],
      "data_path": "D:\\Agent-AI\\outputs\\s3a_ml_long_v1\\sample_000047\\lidar\\LIDAR_TOP.npy",
      "raw_layout": [
        "x",
        "y",
        "z",
        "intensity"
      ]
    },
    "RADAR_FRONT": {
      "type_id": "sensor.other.radar",
      "blueprint_attributes": {
        "sensor_tick": "0.100000",
        "role_name": "default",
        "noise_seed": "0",
        "ros_name": "sensor.other.radar",
        "horizontal_fov": "35.0",
        "points_per_second": "1500",
        "vertical_fov": "20.0",
        "range": "120.0"
      },
      "transform_carla": {
        "location": {
          "x": 102.9621353149414,
          "y": -39.245849609375,
          "z": 0.8932828307151794
        },
        "rotation": {
          "roll": -0.004180909134447575,
          "pitch": -0.0711090937256813,
          "yaw": -109.16004180908203
        }
      },
      "matrix_world_from_sensor_carla": [
        [
          -0.32820770144462585,
          0.9446054697036743,
          -0.00047626325977034867,
          102.9621353149414
        ],
        [
          -0.944604754447937,
          -0.3282080590724945,
          -0.0011483884882181883,
          -39.245849609375
        ],
        [
          -0.0012410874478518963,
          7.297057163668796e-05,
          0.9999992251396179,
          0.8932828307151794
        ],
        [
          0.0,
          0.0,
          0.0,
          1.0
        ]
      ],
      "matrix_world_from_sensor_bevfusion": [
        [
          -0.32820770144462585,
          -0.9446054697036743,
          -0.00047626325977034867,
          102.9621353149414
        ],
        [
          0.944604754447937,
          -0.3282080590724945,
          0.0011483884882181883,
          39.245849609375
        ],
        [
          -0.0012410874478518963,
          -7.297057163668796e-05,
          0.9999992251396179,
          0.8932828307151794
        ],
        [
          0.0,
          0.0,
          0.0,
          1.0
        ]
      ],
      "matrix_ego_from_sensor_carla": [
        [
          1.0,
          -2.1989190912563572e-08,
          3.0346919421830876e-11,
          1.9999991655349731
        ],
        [
          -2.0338307038514358e-08,
          1.0,
          -1.2886276247459083e-11,
          7.62939453125e-06
        ],
        [
          3.0346919421830876e-11,
          1.6656558944616595e-12,
          1.0,
          0.9000000953674316
        ],
        [
          0.0,
          0.0,
          0.0,
          1.0
        ]
      ],
      "matrix_ego_from_sensor_bevfusion": [
        [
          1.0,
          2.1989190912563572e-08,
          3.0346919421830876e-11,
          1.9999991655349731
        ],
        [
          2.0338307038514358e-08,
          1.0,
          1.2886276247459083e-11,
          -7.62939453125e-06
        ],
        [
          3.0346919421830876e-11,
          -1.6656558944616595e-12,
          1.0,
          0.9000000953674316
        ],
        [
          0.0,
          0.0,
          0.0,
          1.0
        ]
      ],
      "data_path": "D:\\Agent-AI\\outputs\\s3a_ml_long_v1\\sample_000047\\radar\\RADAR_FRONT.npy",
      "raw_layout": [
        "velocity",
        "altitude",
        "azimuth",
        "depth"
      ]
    },
    "RADAR_FRONT_LEFT": {
      "type_id": "sensor.other.radar",
      "blueprint_attributes": {
        "sensor_tick": "0.100000",
        "role_name": "default",
        "noise_seed": "0",
        "ros_name": "sensor.other.radar",
        "horizontal_fov": "35.0",
        "points_per_second": "1500",
        "vertical_fov": "20.0",
        "range": "120.0"
      },
      "transform_carla": {
        "location": {
          "x": 102.3685531616211,
          "y": -38.66908264160156,
          "z": 0.8936624526977539
        },
        "rotation": {
          "roll": 0.04732316732406616,
          "pitch": -0.053234491497278214,
          "yaw": -154.1600799560547
        }
      },
      "matrix_world_from_sensor_carla": [
        [
          -0.9000149369239807,
          0.43585890531539917,
          -0.0004762242315337062,
          102.3685531616211
        ],
        [
          -0.43585819005966187,
          -0.9000146389007568,
          -0.0011483263224363327,
          -38.66908264160156
        ],
        [
          -0.0009291170281358063,
          -0.0008259445894509554,
          0.9999992251396179,
          0.8936624526977539
        ],
        [
          0.0,
          0.0,
          0.0,
          1.0
        ]
      ],
      "matrix_world_from_sensor_bevfusion": [
        [
          -0.9000149369239807,
          -0.43585890531539917,
          -0.0004762242315337062,
          102.3685531616211
        ],
        [
          0.43585819005966187,
          -0.9000146389007568,
          0.0011483263224363327,
          38.66908264160156
        ],
        [
          -0.0009291170281358063,
          0.0008259445894509554,
          0.9999992251396179,
          0.8936624526977539
        ],
        [
          0.0,
          0.0,
          0.0,
          1.0
        ]
      ],
      "matrix_ego_from_sensor_carla": [
        [
          0.7071067094802856,
          0.7071068286895752,
          -7.144866032149366e-08,
          1.6499983072280884
        ],
        [
          -0.7071069478988647,
          0.7071066498756409,
          1.6430778515541533e-08,
          -0.7499923706054688
        ],
        [
          6.22454336962619e-08,
          3.8940633828588034e-08,
          1.0,
          0.9000000953674316
        ],
        [
          0.0,
          0.0,
          0.0,
          1.0
        ]
      ],
      "matrix_ego_from_sensor_bevfusion": [
        [
          0.7071067094802856,
          -0.7071068286895752,
          -7.144866032149366e-08,
          1.6499983072280884
        ],
        [
          0.7071069478988647,
          0.7071066498756409,
          -1.6430778515541533e-08,
          0.7499923706054688
        ],
        [
          6.22454336962619e-08,
          -3.8940633828588034e-08,
          1.0,
          0.9000000953674316
        ],
        [
          0.0,
          0.0,
          0.0,
          1.0
        ]
      ],
      "data_path": "D:\\Agent-AI\\outputs\\s3a_ml_long_v1\\sample_000047\\radar\\RADAR_FRONT_LEFT.npy",
      "raw_layout": [
        "velocity",
        "altitude",
        "azimuth",
        "depth"
      ]
    },
    "RADAR_FRONT_RIGHT": {
      "type_id": "sensor.other.radar",
      "blueprint_attributes": {
        "sensor_tick": "0.100000",
        "role_name": "default",
        "noise_seed": "0",
