{
  "schema_version": "stage1.v1",
  "sample_name": "sample_000118",
  "sequence_index": 118,
  "previous_sample_name": "sample_000117",
  "frame_id": 60119,
  "timestamp": 446.8197009265423,
  "platform_timestamp": 16814616.9771192,
  "delta_seconds": 0.10000000149011612,
  "town": "Carla/Maps/Town10HD_Opt",
  "weather": {
    "cloudiness": 20.0,
    "dust_storm": 0.0,
    "fog_density": 2.0,
    "fog_distance": 0.75,
    "fog_falloff": 0.10000000149011612,
    "mie_scattering_scale": 0.029999999329447746,
    "precipitation": 0.0,
    "precipitation_deposits": 0.0,
    "rayleigh_scattering_scale": 0.03310000151395798,
    "scattering_intensity": 1.0,
    "sun_altitude_angle": 45.0,
    "sun_azimuth_angle": 300.0,
    "wetness": 0.0,
    "wind_intensity": 10.0
  },
  "sensor_names": [
    "CAM_FRONT",
    "CAM_FRONT_RIGHT",
    "CAM_FRONT_LEFT",
    "CAM_BACK",
    "CAM_BACK_LEFT",
    "CAM_BACK_RIGHT",
    "LIDAR_TOP",
    "RADAR_FRONT",
    "RADAR_FRONT_LEFT",
    "RADAR_FRONT_RIGHT",
    "RADAR_BACK_LEFT",
    "RADAR_BACK_RIGHT"
  ],
  "camera_order_for_model": [
    "CAM_FRONT",
    "CAM_FRONT_RIGHT",
    "CAM_FRONT_LEFT",
    "CAM_BACK",
    "CAM_BACK_LEFT",
    "CAM_BACK_RIGHT"
  ],
  "radar_order_for_model": [
    "RADAR_FRONT",
    "RADAR_FRONT_LEFT",
    "RADAR_FRONT_RIGHT",
    "RADAR_BACK_LEFT",
    "RADAR_BACK_RIGHT"
  ],
  "coordinate_notes": {
    "carla_world": "left-handed x-forward y-right z-up",
    "bevfusion_lidar": "x-forward y-left z-up",
    "camera_frame_for_model": "OpenCV style x-right y-down z-forward"
  },
  "ego": {
    "actor_id": 28,
    "transform_carla": {
      "location": {
        "x": 77.28752136230469,
        "y": -62.279911041259766,
        "z": -0.004500579554587603
      },
      "rotation": {
        "roll": 0.0,
        "pitch": -9.56226431299001e-05,
        "yaw": -161.72349548339844
      }
    },
    "velocity_carla": [
      1.2533585902474442e-07,
      9.525674471433376e-08,
      -3.166198666804121e-06
    ],
    "angular_velocity_carla": [
      -3.334150824230164e-05,
      3.729836316779256e-05,
      2.9228077735865554e-08
    ],
    "matrix_world_from_ego_carla": [
      [
        -0.9495541453361511,
        0.3136030435562134,
        -1.5847393797230325e-06,
        77.28752136230469
      ],
      [
        -0.3136030435562134,
        -0.9495541453361511,
        -5.233815159044752e-07,
        -62.279911041259766
      ],
      [
        -1.6689299400240998e-06,
        -0.0,
        1.0,
        -0.004500579554587603
      ],
      [
        0.0,
        0.0,
        0.0,
        1.0
      ]
    ],
    "matrix_world_from_ego_bevfusion": [
      [
        -0.9495541453361511,
        -0.3136030435562134,
        -1.5847393797230325e-06,
        77.28752136230469
      ],
      [
        0.3136030435562134,
        -0.9495541453361511,
        5.233815159044752e-07,
        62.279911041259766
      ],
      [
        -1.6689299400240998e-06,
        0.0,
        1.0,
        -0.004500579554587603
      ],
      [
        0.0,
        0.0,
        0.0,
        1.0
      ]
    ]
  },
  "sensors": {
    "CAM_FRONT": {
      "type_id": "sensor.camera.rgb",
      "blueprint_attributes": {
        "role_name": "front",
        "ros_name": "sensor.camera.rgb",
        "chromatic_aberration_offset": "0.0",
        "sensor_tick": "0.100000",
        "fstop": "1.4",
        "image_size_x": "960",
        "image_size_y": "540",
        "fov": "70.00",
        "lens_circle_falloff": "5.0",
        "lens_circle_multiplier": "0.0",
        "exposure_compensation": "0.0",
        "lens_y_size": "0.08",
        "lens_k": "-1.0",
        "exposure_mode": "histogram",
        "lens_kcube": "0.0",
        "lens_x_size": "0.08",
        "exposure_max_bright": "12.0",
        "shutter_speed": "200.0",
        "bloom_intensity": "0.675",
        "iso": "100.0",
        "enable_postprocess_effects": "false",
        "gamma": "2.2",
        "motion_blur_intensity": "0.0",
        "motion_blur_max_distortion": "0.35",
        "lens_flare_intensity": "0.1",
        "motion_blur_min_object_screen_size": "0.1",
        "exposure_min_bright": "10.0",
        "exposure_speed_up": "3.0",
        "exposure_speed_down": "1.0",
        "tint": "0.0",
        "calibration_constant": "16.0",
        "focal_distance": "1000.0",
        "min_fstop": "1.2",
        "blade_count": "5",
        "blur_amount": "0.0",
        "blur_radius": "0.0",
        "slope": "0.88",
        "toe": "0.55",
        "white_clip": "0.04",
        "shoulder": "0.26",
        "black_clip": "0.0",
        "temp": "6500.0",
        "chromatic_aberration_intensity": "0.0"
      },
      "transform_carla": {
        "location": {
          "x": 75.81570434570312,
          "y": -62.765995025634766,
          "z": 1.695496916770935
        },
        "rotation": {
          "roll": 0.0,
          "pitch": -9.56226431299001e-05,
          "yaw": -161.72349548339844
        }
      },
      "matrix_world_from_sensor_carla": [
        [
          -0.9495541453361511,
          0.3136030435562134,
          -1.5847393797230325e-06,
          75.81570434570312
        ],
        [
          -0.3136030435562134,
          -0.9495541453361511,
          -5.233815159044752e-07,
          -62.765995025634766
        ],
        [
          -1.6689299400240998e-06,
          -0.0,
          1.0,
          1.695496916770935
        ],
        [
          0.0,
          0.0,
          0.0,
          1.0
        ]
      ],
      "matrix_world_from_sensor_bevfusion": [
        [
          0.3136030435562134,
          1.5847393797230325e-06,
          -0.9495541453361511,
          75.81570434570312
        ],
        [
          0.9495541453361511,
          -5.233815159044752e-07,
          0.3136030435562134,
          62.765995025634766
        ],
        [
          0.0,
          -1.0,
          -1.6689299400240998e-06,
          1.695496916770935
        ],
        [
          0.0,
          0.0,
          0.0,
          1.0
        ]
      ],
      "matrix_ego_from_sensor_carla": [
        [
          1.0,
          2.1534601657435815e-08,
          0.0,
          1.5500068664550781
        ],
        [
          -1.787444148249051e-08,
          1.0,
          1.1834815489804654e-14,
          0.0
        ],
        [
          -1.1368683772161603e-13,
          -2.4066269403754184e-14,
          1.0,
          1.7000001668930054
        ],
        [
          0.0,
          0.0,
          0.0,
          1.0
        ]
      ],
      "matrix_ego_from_sensor_bevfusion": [
        [
          2.1534601657435815e-08,
          0.0,
          1.0,
          1.5500068664550781
        ],
        [
          -1.0,
          1.1834815489804654e-14,
          1.787444148249051e-08,
          0.0
        ],
        [
          -2.4066269403754184e-14,
          -1.0,
          -1.1368683772161603e-13,
          1.7000001668930054
        ],
        [
          0.0,
          0.0,
          0.0,
          1.0
        ]
      ],
      "camera_intrinsics": [
        [
          685.5110473632812,
          0.0,
          480.0
        ],
        [
          0.0,
          685.5110473632812,
          270.0
        ],
        [
          0.0,
          0.0,
          1.0
        ]
      ],
      "data_path": "D:\\Agent-AI\\outputs\\s3a_ml_long_v2\\sample_000118\\images\\CAM_FRONT.png",
      "raw_layout": "bgra8"
    },
    "CAM_FRONT_RIGHT": {
      "type_id": "sensor.camera.rgb",
      "blueprint_attributes": {
        "role_name": "front",
        "ros_name": "sensor.camera.rgb",
        "chromatic_aberration_offset": "0.0",
        "sensor_tick": "0.100000",
        "fstop": "1.4",
        "image_size_x": "960",
        "image_size_y": "540",
        "fov": "70.00",
        "lens_circle_falloff": "5.0",
        "lens_circle_multiplier": "0.0",
        "exposure_compensation": "0.0",
        "lens_y_size": "0.08",
        "lens_k": "-1.0",
        "exposure_mode": "histogram",
        "lens_kcube": "0.0",
        "lens_x_size": "0.08",
        "exposure_max_bright": "12.0",
        "shutter_speed": "200.0",
        "bloom_intensity": "0.675",
        "iso": "100.0",
        "enable_postprocess_effects": "false",
        "gamma": "2.2",
        "motion_blur_intensity": "0.0",
        "motion_blur_max_distortion": "0.35",
        "lens_flare_intensity": "0.1",
        "motion_blur_min_object_screen_size": "0.1",
        "exposure_min_bright": "10.0",
        "exposure_speed_up": "3.0",
        "exposure_speed_down": "1.0",
        "tint": "0.0",
        "calibration_constant": "16.0",
        "focal_distance": "1000.0",
        "min_fstop": "1.2",
        "blade_count": "5",
        "blur_amount": "0.0",
        "blur_radius": "0.0",
        "slope": "0.88",
        "toe": "0.55",
        "white_clip": "0.04",
        "shoulder": "0.26",
        "black_clip": "0.0",
        "temp": "6500.0",
        "chromatic_aberration_intensity": "0.0"
      },
      "transform_carla": {
        "location": {
          "x": 76.22557067871094,
          "y": -63.2098503112793,
          "z": 1.6954973936080933
        },
        "rotation": {
          "roll": -7.499560160795227e-05,
          "pitch": -5.464151035994291e-05,
          "yaw": -106.72351837158203
        }
      },
      "matrix_world_from_sensor_carla": [
        [
          -0.2877536118030548,
          0.957704484462738,
          -1.527981908111542e-06,
          76.22557067871094
        ],
        [
          -0.957704484462738,
          -0.2877536118030548,
          -5.3669157296099e-07,
          -63.2098503112793
        ],
        [
          -9.536742595628311e-07,
          1.3089202184346505e-06,
          1.0,
          1.6954973936080933
        ],
        [
          0.0,
          0.0,
          0.0,
          1.0
        ]
      ],
      "matrix_world_from_sensor_bevfusion": [
        [
          0.957704484462738,
          1.527981908111542e-06,
          -0.2877536118030548,
          76.22557067871094
        ],
        [
          0.2877536118030548,
          -5.3669157296099e-07,
          0.957704484462738,
          63.2098503112793
        ],
        [
          1.3089202184346505e-06,
          -1.0,
          -9.536742595628311e-07,
          1.6954973936080933
        ],
        [
          0.0,
          0.0,
          0.0,
          1.0
        ]
      ],
      "matrix_ego_from_sensor_carla": [
        [
          0.5735766887664795,
          -0.8191518783569336,
          -4.972014266968472e-08,
          1.3000106811523438
        ],
        [
          0.8191518783569336,
          0.5735767483711243,
          3.0437895759405365e-08,
          0.5499954223632812
        ],
        [
          3.5850575841323007e-09,
          -5.818685622216435e-08,
          1.0,
          1.7000001668930054
        ],
        [
          0.0,
          0.0,
          0.0,
          1.0
        ]
      ],
      "matrix_ego_from_sensor_bevfusion": [
        [
          -0.8191518783569336,
          4.972014266968472e-08,
          0.5735766887664795,
          1.3000106811523438
        ],
        [
          -0.5735767483711243,
          3.0437895759405365e-08,
          -0.8191518783569336,
          -0.5499954223632812
        ],
        [
          -5.818685622216435e-08,
          -1.0,
          3.5850575841323007e-09,
          1.7000001668930054
        ],
        [
          0.0,
          0.0,
          0.0,
          1.0
        ]
      ],
      "camera_intrinsics": [
        [
          685.5110473632812,
          0.0,
          480.0
        ],
        [
          0.0,
          685.5110473632812,
          270.0
        ],
        [
          0.0,
          0.0,
          1.0
        ]
      ],
      "data_path": "D:\\Agent-AI\\outputs\\s3a_ml_long_v2\\sample_000118\\images\\CAM_FRONT_RIGHT.png",
      "raw_layout": "bgra8"
    },
    "CAM_FRONT_LEFT": {
      "type_id": "sensor.camera.rgb",
      "blueprint_attributes": {
        "role_name": "front",
        "ros_name": "sensor.camera.rgb",
        "chromatic_aberration_offset": "0.0",
        "sensor_tick": "0.100000",
        "fstop": "1.4",
        "image_size_x": "960",
        "image_size_y": "540",
        "fov": "70.00",
        "lens_circle_falloff": "5.0",
        "lens_circle_multiplier": "0.0",
        "exposure_compensation": "0.0",
        "lens_y_size": "0.08",
        "lens_k": "-1.0",
        "exposure_mode": "histogram",
        "lens_kcube": "0.0",
        "lens_x_size": "0.08",
        "exposure_max_bright": "12.0",
        "shutter_speed": "200.0",
        "bloom_intensity": "0.675",
        "iso": "100.0",
        "enable_postprocess_effects": "false",
        "gamma": "2.2",
        "motion_blur_intensity": "0.0",
        "motion_blur_max_distortion": "0.35",
        "lens_flare_intensity": "0.1",
        "motion_blur_min_object_screen_size": "0.1",
        "exposure_min_bright": "10.0",
        "exposure_speed_up": "3.0",
        "exposure_speed_down": "1.0",
        "tint": "0.0",
        "calibration_constant": "16.0",
        "focal_distance": "1000.0",
        "min_fstop": "1.2",
        "blade_count": "5",
        "blur_amount": "0.0",
        "blur_radius": "0.0",
        "slope": "0.88",
        "toe": "0.55",
        "white_clip": "0.04",
        "shoulder": "0.26",
        "black_clip": "0.0",
        "temp": "6500.0",
        "chromatic_aberration_intensity": "0.0"
      },
      "transform_carla": {
        "location": {
          "x": 75.880615234375,
          "y": -62.165340423583984,
          "z": 1.6954973936080933
        },
        "rotation": {
          "roll": 7.499560160795227e-05,
          "pitch": -5.464151035994291e-05,
          "yaw": 143.27650451660156
        }
      },
      "matrix_world_from_sensor_carla": [
        [
          -0.8015305399894714,
          -0.5979537963867188,
          -1.5470727703359444e-06,
          75.880615234375
        ],
        [
          0.5979537963867188,
          -0.8015305399894714,
          -4.78886420296476e-07,
          -62.165340423583984
        ],
        [
          -9.536742595628311e-07,
          -1.3089202184346505e-06,
          1.0,
          1.6954973936080933
        ],
        [
          0.0,
          0.0,
          0.0,
          1.0
        ]
      ],
      "matrix_world_from_sensor_bevfusion": [
        [
          -0.5979537963867188,
          1.5470727703359444e-06,
          -0.8015305399894714,
          75.880615234375
        ],
        [
          0.8015305399894714,
          -4.78886420296476e-07,
          -0.5979537963867188,
          62.165340423583984
        ],
        [
          -1.3089202184346505e-06,
          -1.0,
          -9.536742595628311e-07,
          1.6954973936080933
        ],
        [
          0.0,
          0.0,
          0.0,
          1.0
        ]
      ],
      "matrix_ego_from_sensor_carla": [
        [
          0.5735765695571899,
          0.8191519975662231,
          -4.972025635652244e-08,
          1.3000030517578125
        ],
        [
          -0.8191519975662231,
          0.5735765695571899,
          -3.043814800207656e-08,
          -0.5500030517578125
        ],
        [
          3.5848302104568575e-09,
          5.818696990900207e-08,
          1.0,
          1.7000001668930054
        ],
        [
          0.0,
          0.0,
          0.0,
          1.0
        ]
      ],
      "matrix_ego_from_sensor_bevfusion": [
        [
          0.8191519975662231,
          4.972025635652244e-08,
          0.5735765695571899,
          1.3000030517578125
        ],
        [
          -0.5735765695571899,
          -3.043814800207656e-08,
          0.8191519975662231,
          0.5500030517578125
        ],
        [
          5.818696990900207e-08,
          -1.0,
          3.5848302104568575e-09,
          1.7000001668930054
        ],
        [
          0.0,
          0.0,
          0.0,
          1.0
        ]
      ],
      "camera_intrinsics": [
        [
          685.5110473632812,
          0.0,
          480.0
        ],
        [
          0.0,
          685.5110473632812,
          270.0
        ],
        [
          0.0,
          0.0,
          1.0
        ]
      ],
      "data_path": "D:\\Agent-AI\\outputs\\s3a_ml_long_v2\\sample_000118\\images\\CAM_FRONT_LEFT.png",
      "raw_layout": "bgra8"
    },
    "CAM_BACK": {
      "type_id": "sensor.camera.rgb",
      "blueprint_attributes": {
        "role_name": "front",
        "ros_name": "sensor.camera.rgb",
        "chromatic_aberration_offset": "0.0",
        "sensor_tick": "0.100000",
        "fstop": "1.4",
        "image_size_x": "960",
        "image_size_y": "540",
        "fov": "70.00",
        "lens_circle_falloff": "5.0",
        "lens_circle_multiplier": "0.0",
        "exposure_compensation": "0.0",
        "lens_y_size": "0.08",
        "lens_k": "-1.0",
        "exposure_mode": "histogram",
        "lens_kcube": "0.0",
        "lens_x_size": "0.08",
        "exposure_max_bright": "12.0",
        "shutter_speed": "200.0",
        "bloom_intensity": "0.675",
        "iso": "100.0",
        "enable_postprocess_effects": "false",
        "gamma": "2.2",
        "motion_blur_intensity": "0.0",
        "motion_blur_max_distortion": "0.35",
        "lens_flare_intensity": "0.1",
        "motion_blur_min_object_screen_size": "0.1",
        "exposure_min_bright": "10.0",
        "exposure_speed_up": "3.0",
        "exposure_speed_down": "1.0",
        "tint": "0.0",
        "calibration_constant": "16.0",
        "focal_distance": "1000.0",
        "min_fstop": "1.2",
        "blade_count": "5",
        "blur_amount": "0.0",
        "blur_radius": "0.0",
        "slope": "0.88",
        "toe": "0.55",
        "white_clip": "0.04",
        "shoulder": "0.26",
        "black_clip": "0.0",
        "temp": "6500.0",
        "chromatic_aberration_intensity": "0.0"
      },
      "transform_carla": {
        "location": {
          "x": 78.75932312011719,
          "y": -61.793827056884766,
          "z": 1.6955018043518066
        },
        "rotation": {
          "roll": 3.256887814995224e-11,
          "pitch": 9.56226431299001e-05,
          "yaw": 18.276527404785156
        }
      },
      "matrix_world_from_sensor_carla": [
        [
          0.9495540261268616,
          -0.3136034905910492,
          -1.5847393797230325e-06,
          78.75932312011719
        ],
        [
          0.3136034905910492,
          0.9495540261268616,
          -5.233817432781507e-07,
          -61.793827056884766
        ],
        [
          1.6689299400240998e-06,
          -5.684341343979715e-13,
          1.0,
          1.6955018043518066
        ],
        [
          0.0,
          0.0,
          0.0,
          1.0
        ]
      ],
      "matrix_world_from_sensor_bevfusion": [
        [
          -0.3136034905910492,
          1.5847393797230325e-06,
          0.9495540261268616,
          78.75932312011719
        ],
        [
          -0.9495540261268616,
          -5.233817432781507e-07,
          -0.3136034905910492,
          61.793827056884766
        ],
        [
          -5.684341343979715e-13,
          -1.0,
          1.6689299400240998e-06,
          1.6955018043518066
        ],
        [
          0.0,
          0.0,
          0.0,
          1.0
        ]
      ],
      "matrix_ego_from_sensor_carla": [
        [
          -1.0,
          4.6288462840493594e-07,
          1.1368683772161603e-13,
          -1.5499954223632812
        ],
        [
          -4.662140042910323e-07,
          -1.0,
          2.277384552641648e-13,
          0.0
        ],
        [
          0.0,
          2.0014507629353973e-13,
          1.0,
          1.6999998092651367
        ],
        [
          0.0,
          0.0,
          0.0,
          1.0
        ]
      ],
      "matrix_ego_from_sensor_bevfusion": [
        [
          4.6288462840493594e-07,
          -1.1368683772161603e-13,
          -1.0,
          -1.5499954223632812
        ],
        [
          1.0,
          2.277384552641648e-13,
          4.662140042910323e-07,
          0.0
        ],
        [
          2.0014507629353973e-13,
          -1.0,
          0.0,
          1.6999998092651367
        ],
        [
          0.0,
          0.0,
          0.0,
          1.0
        ]
      ],
      "camera_intrinsics": [
        [
          685.5110473632812,
          0.0,
          480.0
        ],
        [
          0.0,
          685.5110473632812,
          270.0
        ],
        [
          0.0,
          0.0,
          1.0
        ]
      ],
      "data_path": "D:\\Agent-AI\\outputs\\s3a_ml_long_v2\\sample_000118\\images\\CAM_BACK.png",
      "raw_layout": "bgra8"
    },
    "CAM_BACK_LEFT": {
      "type_id": "sensor.camera.rgb",
      "blueprint_attributes": {
        "role_name": "front",
        "ros_name": "sensor.camera.rgb",
        "chromatic_aberration_offset": "0.0",
        "sensor_tick": "0.100000",
        "fstop": "1.4",
        "image_size_x": "960",
        "image_size_y": "540",
        "fov": "70.00",
        "lens_circle_falloff": "5.0",
        "lens_circle_multiplier": "0.0",
        "exposure_compensation": "0.0",
        "lens_y_size": "0.08",
        "lens_k": "-1.0",
        "exposure_mode": "histogram",
        "lens_kcube": "0.0",
        "lens_x_size": "0.08",
        "exposure_max_bright": "12.0",
        "shutter_speed": "200.0",
        "bloom_intensity": "0.675",
        "iso": "100.0",
        "enable_postprocess_effects": "false",
        "gamma": "2.2",
        "motion_blur_intensity": "0.0",
        "motion_blur_max_distortion": "0.35",
        "lens_flare_intensity": "0.1",
        "motion_blur_min_object_screen_size": "0.1",
        "exposure_min_bright": "10.0",
        "exposure_speed_up": "3.0",
        "exposure_speed_down": "1.0",
        "tint": "0.0",
        "calibration_constant": "16.0",
        "focal_distance": "1000.0",
        "min_fstop": "1.2",
        "blade_count": "5",
        "blur_amount": "0.0",
        "blur_radius": "0.0",
        "slope": "0.88",
        "toe": "0.55",
        "white_clip": "0.04",
        "shoulder": "0.26",
        "black_clip": "0.0",
        "temp": "6500.0",
        "chromatic_aberration_intensity": "0.0"
      },
      "transform_carla": {
        "location": {
          "x": 78.34944915771484,
          "y": -61.3499755859375,
          "z": 1.6955013275146484
        },
        "rotation": {
          "roll": 7.499560888390988e-05,
          "pitch": 5.464151035994291e-05,
          "yaw": 73.27648162841797
        }
      },
      "matrix_world_from_sensor_carla": [
        [
          0.2877536416053772,
          -0.957704484462738,
          -1.5279820217983797e-06,
          78.34944915771484
        ],
        [
          0.957704484462738,
          0.2877536416053772,
          -5.366915161175712e-07,
          -61.3499755859375
        ],
        [
          9.536742595628311e-07,
          -1.3089203321214882e-06,
          1.0,
          1.6955013275146484
        ],
        [
          0.0,
          0.0,
          0.0,
          1.0
        ]
      ],
      "matrix_world_from_sensor_bevfusion": [
        [
          -0.957704484462738,
          1.5279820217983797e-06,
          0.2877536416053772,
          78.34944915771484
        ],
        [
          -0.2877536416053772,
          -5.366915161175712e-07,
          -0.957704484462738,
          61.3499755859375
        ],
        [
          -1.3089203321214882e-06,
          -1.0,
          9.536742595628311e-07,
          1.6955013275146484
        ],
        [
          0.0,
          0.0,
          0.0,
          1.0
        ]
      ],
      "matrix_ego_from_sensor_carla": [
        [
          -0.5735767483711243,
          0.8191518783569336,
          -4.9720028982847e-08,
          -1.2999916076660156
        ],
        [
          -0.8191518783569336,
          -0.5735767483711243,
          3.043784246870018e-08,
          -0.5500030517578125
        ],
        [
          -3.5850575841323007e-09,
          5.818674253532663e-08,
          1.0,
          1.6999998092651367
        ],
        [
          0.0,
          0.0,
          0.0,
          1.0
        ]
      ],
      "matrix_ego_from_sensor_bevfusion": [
        [
          0.8191518783569336,
          4.9720028982847e-08,
          -0.5735767483711243,
          -1.2999916076660156
        ],
        [
          0.5735767483711243,
          3.043784246870018e-08,
          0.8191518783569336,
          0.5500030517578125
        ],
        [
          5.818674253532663e-08,
          -1.0,
          -3.5850575841323007e-09,
          1.6999998092651367
        ],
        [
          0.0,
          0.0,
          0.0,
          1.0
        ]
      ],
      "camera_intrinsics": [
        [
          685.5110473632812,
          0.0,
          480.0
        ],
        [
          0.0,
          685.5110473632812,
          270.0
        ],
        [
          0.0,
          0.0,
          1.0
        ]
      ],
      "data_path": "D:\\Agent-AI\\outputs\\s3a_ml_long_v2\\sample_000118\\images\\CAM_BACK_LEFT.png",
      "raw_layout": "bgra8"
    },
    "CAM_BACK_RIGHT": {
      "type_id": "sensor.camera.rgb",
      "blueprint_attributes": {
        "role_name": "front",
        "ros_name": "sensor.camera.rgb",
        "chromatic_aberration_offset": "0.0",
        "sensor_tick": "0.100000",
        "fstop": "1.4",
        "image_size_x": "960",
        "image_size_y": "540",
        "fov": "70.00",
        "lens_circle_falloff": "5.0",
        "lens_circle_multiplier": "0.0",
        "exposure_compensation": "0.0",
        "lens_y_size": "0.08",
        "lens_k": "-1.0",
        "exposure_mode": "histogram",
        "lens_kcube": "0.0",
        "lens_x_size": "0.08",
        "exposure_max_bright": "12.0",
        "shutter_speed": "200.0",
        "bloom_intensity": "0.675",
        "iso": "100.0",
        "enable_postprocess_effects": "false",
        "gamma": "2.2",
        "motion_blur_intensity": "0.0",
        "motion_blur_max_distortion": "0.35",
        "lens_flare_intensity": "0.1",
        "motion_blur_min_object_screen_size": "0.1",
        "exposure_min_bright": "10.0",
        "exposure_speed_up": "3.0",
        "exposure_speed_down": "1.0",
        "tint": "0.0",
        "calibration_constant": "16.0",
        "focal_distance": "1000.0",
        "min_fstop": "1.2",
        "blade_count": "5",
        "blur_amount": "0.0",
        "blur_radius": "0.0",
        "slope": "0.88",
        "toe": "0.55",
        "white_clip": "0.04",
        "shoulder": "0.26",
        "black_clip": "0.0",
        "temp": "6500.0",
        "chromatic_aberration_intensity": "0.0"
      },
      "transform_carla": {
        "location": {
          "x": 78.69441986083984,
          "y": -62.39448165893555,
          "z": 1.6955013275146484
        },
        "rotation": {
          "roll": -7.499560888390988e-05,
          "pitch": 5.464151035994291e-05,
          "yaw": -36.72349166870117
        }
      },
      "matrix_world_from_sensor_carla": [
        [
          0.8015305399894714,
          0.5979538559913635,
          -1.5470729977096198e-06,
          78.69441986083984
        ],
        [
          -0.5979538559913635,
          0.8015305399894714,
          -4.788864771398949e-07,
          -62.39448165893555
        ],
        [
          9.536742595628311e-07,
          1.3089203321214882e-06,
          1.0,
          1.6955013275146484
        ],
        [
          0.0,
          0.0,
          0.0,
          1.0
        ]
      ],
      "matrix_world_from_sensor_bevfusion": [
        [
          0.5979538559913635,
          1.5470729977096198e-06,
          0.8015305399894714,
          78.69441986083984
        ],
        [
          -0.8015305399894714,
          -4.788864771398949e-07,
          0.5979538559913635,
          62.39448165893555
        ],
        [
          1.3089203321214882e-06,
          -1.0,
          9.536742595628311e-07,
          1.6955013275146484
        ],
        [
          0.0,
          0.0,
          0.0,
          1.0
        ]
      ],
      "matrix_ego_from_sensor_carla": [
        [
          -0.5735765695571899,
          -0.8191520571708679,
          -4.9719915296009276e-08,
          -1.2999992370605469
        ],
        [
          0.8191520571708679,
          -0.5735765099525452,
          -3.043815155479024e-08,
          0.5499954223632812
        ],
        [
          -3.584716523619136e-09,
          -5.818696990900207e-08,
          1.0,
          1.6999998092651367
        ],
        [
          0.0,
          0.0,
          0.0,
          1.0
        ]
      ],
      "matrix_ego_from_sensor_bevfusion": [
        [
          -0.8191520571708679,
          4.9719915296009276e-08,
          -0.5735765695571899,
          -1.2999992370605469
        ],
        [
          0.5735765099525452,
          -3.043815155479024e-08,
          -0.8191520571708679,
          -0.5499954223632812
        ],
        [
          -5.818696990900207e-08,
          -1.0,
          -3.584716523619136e-09,
          1.6999998092651367
        ],
        [
          0.0,
          0.0,
          0.0,
          1.0
        ]
      ],
      "camera_intrinsics": [
        [
          685.5110473632812,
          0.0,
          480.0
        ],
        [
          0.0,
          685.5110473632812,
          270.0
        ],
        [
          0.0,
          0.0,
          1.0
        ]
      ],
      "data_path": "D:\\Agent-AI\\outputs\\s3a_ml_long_v2\\sample_000118\\images\\CAM_BACK_RIGHT.png",
      "raw_layout": "bgra8"
    },
    "LIDAR_TOP": {
      "type_id": "sensor.lidar.ray_cast",
      "blueprint_attributes": {
        "atmosphere_attenuation_rate": "0.004",
        "role_name": "front",
        "noise_seed": "0",
        "upper_fov": "10.0",
        "ros_name": "sensor.lidar.ray_cast",
        "sensor_tick": "0.100000",
        "channels": "32",
        "range": "120.0",
        "points_per_second": "360000",
        "lower_fov": "-30.0",
        "rotation_frequency": "10.000000",
        "horizontal_fov": "360.0",
        "dropoff_general_rate": "0.0",
        "dropoff_intensity_limit": "1.0",
        "noise_stddev": "0.0",
        "dropoff_zero_intensity": "0.0"
      },
      "transform_carla": {
        "location": {
          "x": 77.28751373291016,
          "y": -62.279911041259766,
          "z": 2.1954994201660156
        },
        "rotation": {
          "roll": 0.0,
          "pitch": -9.56226431299001e-05,
          "yaw": -161.72349548339844
        }
      },
      "matrix_world_from_sensor_carla": [
        [
          -0.9495541453361511,
          0.3136030435562134,
          -1.5847393797230325e-06,
          77.28751373291016
        ],
        [
          -0.3136030435562134,
          -0.9495541453361511,
          -5.233815159044752e-07,
          -62.279911041259766
        ],
        [
          -1.6689299400240998e-06,
          -0.0,
          1.0,
          2.1954994201660156
        ],
        [
          0.0,
          0.0,
          0.0,
          1.0
        ]
      ],
      "matrix_world_from_sensor_bevfusion": [
        [
          -0.9495541453361511,
          -0.3136030435562134,
          -1.5847393797230325e-06,
          77.28751373291016
        ],
        [
          0.3136030435562134,
          -0.9495541453361511,
          5.233815159044752e-07,
          62.279911041259766
        ],
        [
          -1.6689299400240998e-06,
          0.0,
          1.0,
          2.1954994201660156
        ],
        [
          0.0,
          0.0,
          0.0,
          1.0
        ]
      ],
      "matrix_ego_from_sensor_carla": [
        [
          1.0,
          2.1534601657435815e-08,
          0.0,
          0.0
        ],
        [
          -1.787444148249051e-08,
          1.0,
          1.1834815489804654e-14,
          0.0
        ],
        [
          -1.1368683772161603e-13,
          -2.4066269403754184e-14,
          1.0,
          2.200000047683716
        ],
        [
          0.0,
          0.0,
          0.0,
          1.0
        ]
      ],
      "matrix_ego_from_sensor_bevfusion": [
        [
          1.0,
          -2.1534601657435815e-08,
          0.0,
          0.0
        ],
        [
          1.787444148249051e-08,
          1.0,
          -1.1834815489804654e-14,
          0.0
        ],
        [
          -1.1368683772161603e-13,
          2.4066269403754184e-14,
          1.0,
          2.200000047683716
        ],
        [
          0.0,
          0.0,
          0.0,
          1.0
        ]
      ],
      "data_path": "D:\\Agent-AI\\outputs\\s3a_ml_long_v2\\sample_000118\\lidar\\LIDAR_TOP.npy",
      "raw_layout": [
        "x",
        "y",
        "z",
        "intensity"
      ]
    },
    "RADAR_FRONT": {
      "type_id": "sensor.other.radar",
      "blueprint_attributes": {
        "sensor_tick": "0.100000",
        "role_name": "default",
        "noise_seed": "0",
        "ros_name": "sensor.other.radar",
        "horizontal_fov": "35.0",
        "points_per_second": "1500",
        "vertical_fov": "20.0",
        "range": "120.0"
      },
      "transform_carla": {
        "location": {
          "x": 75.3884048461914,
          "y": -62.9071159362793,
          "z": 0.8954961895942688
        },
        "rotation": {
          "roll": 0.0,
          "pitch": -9.56226431299001e-05,
          "yaw": -161.72349548339844
        }
      },
      "matrix_world_from_sensor_carla": [
        [
          -0.9495541453361511,
          0.3136030435562134,
          -1.5847393797230325e-06,
          75.3884048461914
        ],
        [
          -0.3136030435562134,
          -0.9495541453361511,
          -5.233815159044752e-07,
          -62.9071159362793
        ],
        [
          -1.6689299400240998e-06,
          -0.0,
          1.0,
          0.8954961895942688
        ],
        [
          0.0,
          0.0,
          0.0,
          1.0
        ]
      ],
      "matrix_world_from_sensor_bevfusion": [
        [
          -0.9495541453361511,
          -0.3136030435562134,
          -1.5847393797230325e-06,
          75.3884048461914
        ],
        [
          0.3136030435562134,
          -0.9495541453361511,
          5.233815159044752e-07,
          62.9071159362793
        ],
        [
          -1.6689299400240998e-06,
          0.0,
          1.0,
          0.8954961895942688
        ],
        [
          0.0,
          0.0,
          0.0,
          1.0
        ]
      ],
      "matrix_ego_from_sensor_carla": [
        [
          1.0,
          2.1534601657435815e-08,
          0.0,
          2.0000038146972656
        ],
        [
          -1.787444148249051e-08,
          1.0,
          1.1834815489804654e-14,
          -7.62939453125e-06
        ],
        [
          -1.1368683772161603e-13,
          -2.4066269403754184e-14,
          1.0,
          0.9000000953674316
        ],
        [
          0.0,
          0.0,
          0.0,
          1.0
        ]
      ],
      "matrix_ego_from_sensor_bevfusion": [
        [
          1.0,
          -2.1534601657435815e-08,
          0.0,
          2.0000038146972656
        ],
        [
          1.787444148249051e-08,
          1.0,
          -1.1834815489804654e-14,
          7.62939453125e-06
        ],
        [
          -1.1368683772161603e-13,
          2.4066269403754184e-14,
          1.0,
          0.9000000953674316
        ],
        [
          0.0,
          0.0,
          0.0,
          1.0
        ]
      ],
      "data_path": "D:\\Agent-AI\\outputs\\s3a_ml_long_v2\\sample_000118\\radar\\RADAR_FRONT.npy",
      "raw_layout": [
        "velocity",
        "altitude",
        "azimuth",
        "depth"
      ]
    },
    "RADAR_FRONT_LEFT": {
      "type_id": "sensor.other.radar",
      "blueprint_attributes": {
        "sensor_tick": "0.100000",
        "role_name": "default",
        "noise_seed": "0",
        "ros_name": "sensor.other.radar",
        "horizontal_fov": "35.0",
        "points_per_second": "1500",
        "vertical_fov": "20.0",
        "range": "120.0"
      },
      "transform_carla": {
        "location": {
          "x": 75.48554992675781,
          "y": -62.08518981933594,
          "z": 0.8954967856407166
        },
        "rotation": {
          "roll": 6.473755638580769e-05,
          "pitch": -6.830188794992864e-05,
          "yaw": 153.27651977539062
        }
      },
      "matrix_world_from_sensor_carla": [
        [
          -0.8931871652603149,
          -0.4496850371360779,
          -1.5728535345260752e-06,
          75.48554992675781
        ],
        [
          0.4496850371360779,
          -0.8931871652603149,
          -4.7313108098023804e-07,
          -62.08518981933594
        ],
        [
          -1.1920927818209748e-06,
          -1.1298834579065442e-06,
          1.0,
          0.8954967856407166
        ],
        [
          0.0,
          0.0,
          0.0,
          1.0
        ]
      ],
      "matrix_world_from_sensor_bevfusion": [
        [
          -0.8931871652603149,
          0.4496850371360779,
          -1.5728535345260752e-06,
          75.48554992675781
        ],
        [
          -0.4496850371360779,
          -0.8931871652603149,
          4.7313108098023804e-07,
          62.08518981933594
        ],
        [
          -1.1920927818209748e-06,
          1.1298834579065442e-06,
          1.0,
          0.8954967856407166
        ],
        [
          0.0,
          0.0,
          0.0,
          1.0
        ]
      ],
      "matrix_ego_from_sensor_carla": [
        [
          0.7071070075035095,
          0.7071065306663513,
          -2.7044961825595237e-08,
          1.6500091552734375
        ],
        [
          -0.7071065902709961,
          0.7071070075035095,
          -4.39881091551797e-08,
          -0.75
        ],
        [
          -1.1980773706454784e-08,
          5.0227754400111735e-08,
          1.0,
          0.9000000953674316
        ],
        [
          0.0,
          0.0,
          0.0,
          1.0
        ]
      ],
      "matrix_ego_from_sensor_bevfusion": [
        [
          0.7071070075035095,
          -0.7071065306663513,
          -2.7044961825595237e-08,
          1.6500091552734375
        ],
        [
          0.7071065902709961,
          0.7071070075035095,
          4.39881091551797e-08,
          0.75
        ],
        [
          -1.1980773706454784e-08,
          -5.0227754400111735e-08,
          1.0,
          0.9000000953674316
        ],
        [
          0.0,
          0.0,
          0.0,
          1.0
        ]
      ],
      "data_path": "D:\\Agent-AI\\outputs\\s3a_ml_long_v2\\sample_000118\\radar\\RADAR_FRONT_LEFT.npy",
      "raw_layout": [
        "velocity",
        "altitude",
        "azimuth",
        "depth"
      ]
    },
    "RADAR_FRONT_RIGHT": {
      "type_id": "sensor.other.radar",
      "blueprint_attributes": {
        "sensor_tick": "0.100000",
        "role_name": "default",
        "noise_seed": "0",
        "ros_name": "sensor.other.radar",
        "horizontal_fov": "35.0",
        "points_per_second": "1500",
        "vertical_fov": "20.0",
        "range": "120.0"
      },
      "transform_carla": {
        "location": {
          "x": 75.9559555053711,
          "y": -63.509521484375,
          "z": 0.8954967856407166
        },
        "rotation": {
          "roll": -6.473755638580769e-05,
          "pitch": -6.830188794992864e-05,
          "yaw": -116.7234878540039
        }
      },
      "matrix_world_from_sensor_carla": [
        [
          -0.449685275554657,
          0.8931871056556702,
          -1.5452640127477935e-06,
          75.9559555053711
        ],
        [
          -0.8931871056556702,
