{
  "schema_version": "stage1.v1",
  "sample_name": "sample_000034",
  "sequence_index": 34,
  "previous_sample_name": "sample_000033",
  "frame_id": 3954,
  "timestamp": 42.53108659759164,
  "platform_timestamp": 16816497.2482618,
  "delta_seconds": 0.10000000149011612,
  "town": "Carla/Maps/Town10HD_Opt",
  "weather": {
    "cloudiness": 20.0,
    "dust_storm": 0.0,
    "fog_density": 2.0,
    "fog_distance": 0.75,
    "fog_falloff": 0.10000000149011612,
    "mie_scattering_scale": 0.029999999329447746,
    "precipitation": 0.0,
    "precipitation_deposits": 0.0,
    "rayleigh_scattering_scale": 0.03310000151395798,
    "scattering_intensity": 1.0,
    "sun_altitude_angle": 45.0,
    "sun_azimuth_angle": 300.0,
    "wetness": 0.0,
    "wind_intensity": 10.0
  },
  "sensor_names": [
    "CAM_FRONT",
    "CAM_FRONT_RIGHT",
    "CAM_FRONT_LEFT",
    "CAM_BACK",
    "CAM_BACK_LEFT",
    "CAM_BACK_RIGHT",
    "LIDAR_TOP",
    "RADAR_FRONT",
    "RADAR_FRONT_LEFT",
    "RADAR_FRONT_RIGHT",
    "RADAR_BACK_LEFT",
    "RADAR_BACK_RIGHT"
  ],
  "camera_order_for_model": [
    "CAM_FRONT",
    "CAM_FRONT_RIGHT",
    "CAM_FRONT_LEFT",
    "CAM_BACK",
    "CAM_BACK_LEFT",
    "CAM_BACK_RIGHT"
  ],
  "radar_order_for_model": [
    "RADAR_FRONT",
    "RADAR_FRONT_LEFT",
    "RADAR_FRONT_RIGHT",
    "RADAR_BACK_LEFT",
    "RADAR_BACK_RIGHT"
  ],
  "coordinate_notes": {
    "carla_world": "left-handed x-forward y-right z-up",
    "bevfusion_lidar": "x-forward y-left z-up",
    "camera_frame_for_model": "OpenCV style x-right y-down z-forward"
  },
  "ego": {
    "actor_id": 24,
    "transform_carla": {
      "location": {
        "x": 107.8087158203125,
        "y": -35.882423400878906,
        "z": -0.004897575359791517
      },
      "rotation": {
        "roll": 0.04177682846784592,
        "pitch": 0.10597720742225647,
        "yaw": -106.13672637939453
      }
    },
    "velocity_carla": [
      -0.9199541211128235,
      -2.96097731590271,
      8.068084571277723e-05
    ],
    "angular_velocity_carla": [
      1.95558762550354,
      -0.6960614323616028,
      -2.2723770141601562
    ],
    "matrix_world_from_ego_carla": [
      [
        -0.27792999148368835,
        0.9606006145477295,
        0.0012144898064434528,
        107.8087158203125
      ],
      [
        -0.9605995416641235,
        -0.27793169021606445,
        0.0015741245588287711,
        -35.882423400878906
      ],
      [
        0.0018496501725167036,
        -0.0007291418733075261,
        0.9999980330467224,
        -0.004897575359791517
      ],
      [
        0.0,
        0.0,
        0.0,
        1.0
      ]
    ],
    "matrix_world_from_ego_bevfusion": [
      [
        -0.27792999148368835,
        -0.9606006145477295,
        0.0012144898064434528,
        107.8087158203125
      ],
      [
        0.9605995416641235,
        -0.27793169021606445,
        -0.0015741245588287711,
        35.882423400878906
      ],
      [
        0.0018496501725167036,
        0.0007291418733075261,
        0.9999980330467224,
        -0.004897575359791517
      ],
      [
        0.0,
        0.0,
        0.0,
        1.0
      ]
    ]
  },
  "sensors": {
    "CAM_FRONT": {
      "type_id": "sensor.camera.rgb",
      "blueprint_attributes": {
        "role_name": "front",
        "ros_name": "sensor.camera.rgb",
        "chromatic_aberration_offset": "0.0",
        "sensor_tick": "0.100000",
        "fstop": "1.4",
        "image_size_x": "960",
        "image_size_y": "540",
        "fov": "70.00",
        "lens_circle_falloff": "5.0",
        "lens_circle_multiplier": "0.0",
        "exposure_compensation": "0.0",
        "lens_y_size": "0.08",
        "lens_k": "-1.0",
        "exposure_mode": "histogram",
        "lens_kcube": "0.0",
        "lens_x_size": "0.08",
        "exposure_max_bright": "12.0",
        "shutter_speed": "200.0",
        "bloom_intensity": "0.675",
        "iso": "100.0",
        "enable_postprocess_effects": "false",
        "gamma": "2.2",
        "motion_blur_intensity": "0.0",
        "motion_blur_max_distortion": "0.35",
        "lens_flare_intensity": "0.1",
        "motion_blur_min_object_screen_size": "0.1",
        "exposure_min_bright": "10.0",
        "exposure_speed_up": "3.0",
        "exposure_speed_down": "1.0",
        "tint": "0.0",
        "calibration_constant": "16.0",
        "focal_distance": "1000.0",
        "min_fstop": "1.2",
        "blade_count": "5",
        "blur_amount": "0.0",
        "blur_radius": "0.0",
        "slope": "0.88",
        "toe": "0.55",
        "white_clip": "0.04",
        "shoulder": "0.26",
        "black_clip": "0.0",
        "temp": "6500.0",
        "chromatic_aberration_intensity": "0.0"
      },
      "transform_carla": {
        "location": {
          "x": 107.37998962402344,
          "y": -37.368675231933594,
          "z": 1.6979659795761108
        },
        "rotation": {
          "roll": 0.04177682846784592,
          "pitch": 0.10597720742225647,
          "yaw": -106.13672637939453
        }
      },
      "matrix_world_from_sensor_carla": [
        [
          -0.27792999148368835,
          0.9606006145477295,
          0.0012144898064434528,
          107.37998962402344
        ],
        [
          -0.9605995416641235,
          -0.27793169021606445,
          0.0015741245588287711,
          -37.368675231933594
        ],
        [
          0.0018496501725167036,
          -0.0007291418733075261,
          0.9999980330467224,
          1.6979659795761108
        ],
        [
          0.0,
          0.0,
          0.0,
          1.0
        ]
      ],
      "matrix_world_from_sensor_bevfusion": [
        [
          0.9606006145477295,
          -0.0012144898064434528,
          -0.27792999148368835,
          107.37998962402344
        ],
        [
          0.27793169021606445,
          0.0015741245588287711,
          0.9605995416641235,
          37.368675231933594
        ],
        [
          -0.0007291418733075261,
          -0.9999980330467224,
          0.0018496501725167036,
          1.6979659795761108
        ],
        [
          0.0,
          0.0,
          0.0,
          1.0
        ]
      ],
      "matrix_ego_from_sensor_carla": [
        [
          0.9999999403953552,
          -1.8590739614410268e-08,
          8.711482923917657e-11,
          1.5499958992004395
        ],
        [
          1.1211582773285045e-08,
          1.0,
          -2.1003525307872195e-11,
          0.0
        ],
        [
          -2.930049258775824e-11,
          -7.92111862213396e-11,
          1.0,
          1.7000000476837158
        ],
        [
          0.0,
          0.0,
          0.0,
          1.0
        ]
      ],
      "matrix_ego_from_sensor_bevfusion": [
        [
          -1.8590739614410268e-08,
          -8.711482923917657e-11,
          0.9999999403953552,
          1.5499958992004395
        ],
        [
          -1.0,
          -2.1003525307872195e-11,
          -1.1211582773285045e-08,
          0.0
        ],
        [
          -7.92111862213396e-11,
          -1.0,
          -2.930049258775824e-11,
          1.7000000476837158
        ],
        [
          0.0,
          0.0,
          0.0,
          1.0
        ]
      ],
      "camera_intrinsics": [
        [
          685.5110473632812,
          0.0,
          480.0
        ],
        [
          0.0,
          685.5110473632812,
          270.0
        ],
        [
          0.0,
          0.0,
          1.0
        ]
      ],
      "data_path": "D:\\Agent-AI\\outputs\\s3a_left_v3\\sample_000034\\images\\CAM_FRONT.png",
      "raw_layout": "bgra8"
    },
    "CAM_FRONT_RIGHT": {
      "type_id": "sensor.camera.rgb",
      "blueprint_attributes": {
        "role_name": "front",
        "ros_name": "sensor.camera.rgb",
        "chromatic_aberration_offset": "0.0",
        "sensor_tick": "0.100000",
        "fstop": "1.4",
        "image_size_x": "960",
        "image_size_y": "540",
        "fov": "70.00",
        "lens_circle_falloff": "5.0",
        "lens_circle_multiplier": "0.0",
        "exposure_compensation": "0.0",
        "lens_y_size": "0.08",
        "lens_k": "-1.0",
        "exposure_mode": "histogram",
        "lens_kcube": "0.0",
        "lens_x_size": "0.08",
        "exposure_max_bright": "12.0",
        "shutter_speed": "200.0",
        "bloom_intensity": "0.675",
        "iso": "100.0",
        "enable_postprocess_effects": "false",
        "gamma": "2.2",
        "motion_blur_intensity": "0.0",
        "motion_blur_max_distortion": "0.35",
        "lens_flare_intensity": "0.1",
        "motion_blur_min_object_screen_size": "0.1",
        "exposure_min_bright": "10.0",
        "exposure_speed_up": "3.0",
        "exposure_speed_down": "1.0",
        "tint": "0.0",
        "calibration_constant": "16.0",
        "focal_distance": "1000.0",
        "min_fstop": "1.2",
        "blade_count": "5",
        "blur_amount": "0.0",
        "blur_radius": "0.0",
        "slope": "0.88",
        "toe": "0.55",
        "white_clip": "0.04",
        "shoulder": "0.26",
        "black_clip": "0.0",
        "temp": "6500.0",
        "chromatic_aberration_intensity": "0.0"
      },
      "transform_carla": {
        "location": {
          "x": 107.97779846191406,
          "y": -37.28138732910156,
          "z": 1.697102665901184
        },
        "rotation": {
          "roll": 0.11077363044023514,
          "pitch": 0.026562605053186417,
          "yaw": -51.13676452636719
        }
      },
      "matrix_world_from_sensor_carla": [
        [
          0.6274634599685669,
          0.7786450386047363,
          0.0012145108776167035,
          107.97779846191406
        ],
        [
          -0.7786458134651184,
          0.6274616718292236,
          0.00157409836538136,
          -37.28138732910156
        ],
        [
          0.00046360486885532737,
          -0.0019333631498739123,
          0.9999980330467224,
          1.697102665901184
        ],
        [
          0.0,
          0.0,
          0.0,
          1.0
        ]
      ],
      "matrix_world_from_sensor_bevfusion": [
        [
          0.7786450386047363,
          -0.0012145108776167035,
          0.6274634599685669,
          107.97779846191406
        ],
        [
          -0.6274616718292236,
          0.00157409836538136,
          0.7786458134651184,
          37.28138732910156
        ],
        [
          -0.0019333631498739123,
          -0.9999980330467224,
          0.00046360486885532737,
          1.697102665901184
        ],
        [
          0.0,
          0.0,
          0.0,
          1.0
        ]
      ],
      "matrix_ego_from_sensor_carla": [
        [
          0.5735767483711243,
          -0.819151759147644,
          1.9412057739032207e-08,
          1.2999968528747559
        ],
        [
          0.8191516995429993,
          0.5735767483711243,
          2.7511219968801015e-08,
          0.5499954223632812
        ],
        [
          -3.374100998598806e-08,
          -3.8870635876708803e-11,
          1.0,
          1.7000001668930054
        ],
        [
          0.0,
          0.0,
          0.0,
          1.0
        ]
      ],
      "matrix_ego_from_sensor_bevfusion": [
        [
          -0.819151759147644,
          -1.9412057739032207e-08,
          0.5735767483711243,
          1.2999968528747559
        ],
        [
          -0.5735767483711243,
          2.7511219968801015e-08,
          -0.8191516995429993,
          -0.5499954223632812
        ],
        [
          -3.8870635876708803e-11,
          -1.0,
          -3.374100998598806e-08,
          1.7000001668930054
        ],
        [
          0.0,
          0.0,
          0.0,
          1.0
        ]
      ],
      "camera_intrinsics": [
        [
          685.5110473632812,
          0.0,
          480.0
        ],
        [
          0.0,
          685.5110473632812,
          270.0
        ],
        [
          0.0,
          0.0,
          1.0
        ]
      ],
      "data_path": "D:\\Agent-AI\\outputs\\s3a_left_v3\\sample_000034\\images\\CAM_FRONT_RIGHT.png",
      "raw_layout": "bgra8"
    },
    "CAM_FRONT_LEFT": {
      "type_id": "sensor.camera.rgb",
      "blueprint_attributes": {
        "role_name": "front",
        "ros_name": "sensor.camera.rgb",
        "chromatic_aberration_offset": "0.0",
        "sensor_tick": "0.100000",
        "fstop": "1.4",
        "image_size_x": "960",
        "image_size_y": "540",
        "fov": "70.00",
        "lens_circle_falloff": "5.0",
        "lens_circle_multiplier": "0.0",
        "exposure_compensation": "0.0",
        "lens_y_size": "0.08",
        "lens_k": "-1.0",
        "exposure_mode": "histogram",
        "lens_kcube": "0.0",
        "lens_x_size": "0.08",
        "exposure_max_bright": "12.0",
        "shutter_speed": "200.0",
        "bloom_intensity": "0.675",
        "iso": "100.0",
        "enable_postprocess_effects": "false",
        "gamma": "2.2",
        "motion_blur_intensity": "0.0",
        "motion_blur_max_distortion": "0.35",
        "lens_flare_intensity": "0.1",
        "motion_blur_min_object_screen_size": "0.1",
        "exposure_min_bright": "10.0",
        "exposure_speed_up": "3.0",
        "exposure_speed_down": "1.0",
        "tint": "0.0",
        "calibration_constant": "16.0",
        "focal_distance": "1000.0",
        "min_fstop": "1.2",
        "blade_count": "5",
        "blur_amount": "0.0",
        "blur_radius": "0.0",
        "slope": "0.88",
        "toe": "0.55",
        "white_clip": "0.04",
        "shoulder": "0.26",
        "black_clip": "0.0",
        "temp": "6500.0",
        "chromatic_aberration_intensity": "0.0"
      },
      "transform_carla": {
        "location": {
          "x": 106.921142578125,
          "y": -36.97566604614258,
          "z": 1.6979045867919922
        },
        "rotation": {
          "roll": -0.06284932792186737,
          "pitch": 0.09500792622566223,
          "yaw": -161.13681030273438
        }
      },
      "matrix_world_from_sensor_carla": [
        [
          -0.946291983127594,
          0.32331106066703796,
          0.0012144958600401878,
          106.921142578125
        ],
        [
          -0.323309063911438,
          -0.9462921619415283,
          0.0015741267707198858,
          -36.97566604614258
        ],
        [
          0.0016582002863287926,
          0.0010969259310513735,
          0.9999980330467224,
          1.6979045867919922
        ],
        [
          0.0,
          0.0,
          0.0,
          1.0
        ]
      ],
      "matrix_world_from_sensor_bevfusion": [
        [
          0.32331106066703796,
          -0.0012144958600401878,
          -0.946291983127594,
          106.921142578125
        ],
        [
          0.9462921619415283,
          0.0015741267707198858,
          0.323309063911438,
          36.97566604614258
        ],
        [
          0.0010969259310513735,
          -0.9999980330467224,
          0.0016582002863287926,
          1.6979045867919922
        ],
        [
          0.0,
          0.0,
          0.0,
          1.0
        ]
      ],
      "matrix_ego_from_sensor_carla": [
        [
          0.5735765099525452,
          0.8191519975662231,
          -3.754590860438611e-09,
          1.2999987602233887
        ],
        [
          -0.8191519379615784,
          0.5735765695571899,
          5.159478178029531e-09,
          -0.5499954223632812
        ],
        [
          6.400869168032841e-09,
          -1.7854158429475575e-10,
          1.0,
          1.6999999284744263
        ],
        [
          0.0,
          0.0,
          0.0,
          1.0
        ]
      ],
      "matrix_ego_from_sensor_bevfusion": [
        [
          0.8191519975662231,
          3.754590860438611e-09,
          0.5735765099525452,
          1.2999987602233887
        ],
        [
          -0.5735765695571899,
          5.159478178029531e-09,
          0.8191519379615784,
          0.5499954223632812
        ],
        [
          -1.7854158429475575e-10,
          -1.0,
          6.400869168032841e-09,
          1.6999999284744263
        ],
        [
          0.0,
          0.0,
          0.0,
          1.0
        ]
      ],
      "camera_intrinsics": [
        [
          685.5110473632812,
          0.0,
          480.0
        ],
        [
          0.0,
          685.5110473632812,
          270.0
        ],
        [
          0.0,
          0.0,
          1.0
        ]
      ],
      "data_path": "D:\\Agent-AI\\outputs\\s3a_left_v3\\sample_000034\\images\\CAM_FRONT_LEFT.png",
      "raw_layout": "bgra8"
    },
    "CAM_BACK": {
      "type_id": "sensor.camera.rgb",
      "blueprint_attributes": {
        "role_name": "front",
        "ros_name": "sensor.camera.rgb",
        "chromatic_aberration_offset": "0.0",
        "sensor_tick": "0.100000",
        "fstop": "1.4",
        "image_size_x": "960",
        "image_size_y": "540",
        "fov": "70.00",
        "lens_circle_falloff": "5.0",
        "lens_circle_multiplier": "0.0",
        "exposure_compensation": "0.0",
        "lens_y_size": "0.08",
        "lens_k": "-1.0",
        "exposure_mode": "histogram",
        "lens_kcube": "0.0",
        "lens_x_size": "0.08",
        "exposure_max_bright": "12.0",
        "shutter_speed": "200.0",
        "bloom_intensity": "0.675",
        "iso": "100.0",
        "enable_postprocess_effects": "false",
        "gamma": "2.2",
        "motion_blur_intensity": "0.0",
        "motion_blur_max_distortion": "0.35",
        "lens_flare_intensity": "0.1",
        "motion_blur_min_object_screen_size": "0.1",
        "exposure_min_bright": "10.0",
        "exposure_speed_up": "3.0",
        "exposure_speed_down": "1.0",
        "tint": "0.0",
        "calibration_constant": "16.0",
        "focal_distance": "1000.0",
        "min_fstop": "1.2",
        "blade_count": "5",
        "blur_amount": "0.0",
        "blur_radius": "0.0",
        "slope": "0.88",
        "toe": "0.55",
        "white_clip": "0.04",
        "shoulder": "0.26",
        "black_clip": "0.0",
        "temp": "6500.0",
        "chromatic_aberration_intensity": "0.0"
      },
      "transform_carla": {
        "location": {
          "x": 108.24156951904297,
          "y": -34.39081954956055,
          "z": 1.6922320127487183
        },
        "rotation": {
          "roll": -0.041776854544878006,
          "pitch": -0.10597720742225647,
          "yaw": 73.8632583618164
        }
      },
      "matrix_world_from_sensor_carla": [
        [
          0.27793025970458984,
          -0.9606004953384399,
          0.0012144907377660275,
          108.24156951904297
        ],
        [
          0.960599422454834,
          0.27793195843696594,
          0.001574123976752162,
          -34.39081954956055
        ],
        [
          -0.0018496501725167036,
          0.0007291423389688134,
          0.9999980330467224,
          1.6922320127487183
        ],
        [
          0.0,
          0.0,
          0.0,
          1.0
        ]
      ],
      "matrix_world_from_sensor_bevfusion": [
        [
          -0.9606004953384399,
          -0.0012144907377660275,
          0.27793025970458984,
          108.24156951904297
        ],
        [
          -0.27793195843696594,
          0.001574123976752162,
          -0.960599422454834,
          34.39081954956055
        ],
        [
          0.0007291423389688134,
          -0.9999980330467224,
          -0.0018496501725167036,
          1.6922320127487183
        ],
        [
          0.0,
          0.0,
          0.0,
          1.0
        ]
      ],
      "matrix_ego_from_sensor_carla": [
        [
          -0.9999999403953552,
          -2.6886363002631697e-07,
          3.199454590152584e-10,
          -1.549999475479126
        ],
        [
          2.6033896460830874e-07,
          -0.9999999403953552,
          1.0267343641956472e-09,
          -7.62939453125e-06
        ],
        [
          1.4571581441469306e-10,
          1.0687405405107597e-09,
          1.0,
          1.6999999284744263
        ],
        [
          0.0,
          0.0,
          0.0,
          1.0
        ]
      ],
      "matrix_ego_from_sensor_bevfusion": [
        [
          -2.6886363002631697e-07,
          -3.199454590152584e-10,
          -0.9999999403953552,
          -1.549999475479126
        ],
        [
          0.9999999403953552,
          1.0267343641956472e-09,
          -2.6033896460830874e-07,
          7.62939453125e-06
        ],
        [
          1.0687405405107597e-09,
          -1.0,
          1.4571581441469306e-10,
          1.6999999284744263
        ],
        [
          0.0,
          0.0,
          0.0,
          1.0
        ]
      ],
      "camera_intrinsics": [
        [
          685.5110473632812,
          0.0,
          480.0
        ],
        [
          0.0,
          685.5110473632812,
          270.0
        ],
        [
          0.0,
          0.0,
          1.0
        ]
      ],
      "data_path": "D:\\Agent-AI\\outputs\\s3a_left_v3\\sample_000034\\images\\CAM_BACK.png",
      "raw_layout": "bgra8"
    },
    "CAM_BACK_LEFT": {
      "type_id": "sensor.camera.rgb",
      "blueprint_attributes": {
        "role_name": "front",
        "ros_name": "sensor.camera.rgb",
        "chromatic_aberration_offset": "0.0",
        "sensor_tick": "0.100000",
        "fstop": "1.4",
        "image_size_x": "960",
        "image_size_y": "540",
        "fov": "70.00",
        "lens_circle_falloff": "5.0",
        "lens_circle_multiplier": "0.0",
        "exposure_compensation": "0.0",
        "lens_y_size": "0.08",
        "lens_k": "-1.0",
        "exposure_mode": "histogram",
        "lens_kcube": "0.0",
        "lens_x_size": "0.08",
        "exposure_max_bright": "12.0",
        "shutter_speed": "200.0",
        "bloom_intensity": "0.675",
        "iso": "100.0",
        "enable_postprocess_effects": "false",
        "gamma": "2.2",
        "motion_blur_intensity": "0.0",
        "motion_blur_max_distortion": "0.35",
        "lens_flare_intensity": "0.1",
        "motion_blur_min_object_screen_size": "0.1",
        "exposure_min_bright": "10.0",
        "exposure_speed_up": "3.0",
        "exposure_speed_down": "1.0",
        "tint": "0.0",
        "calibration_constant": "16.0",
        "focal_distance": "1000.0",
        "min_fstop": "1.2",
        "blade_count": "5",
        "blur_amount": "0.0",
        "blur_radius": "0.0",
        "slope": "0.88",
        "toe": "0.55",
        "white_clip": "0.04",
        "shoulder": "0.26",
        "black_clip": "0.0",
        "temp": "6500.0",
        "chromatic_aberration_intensity": "0.0"
      },
      "transform_carla": {
        "location": {
          "x": 107.64376068115234,
          "y": -34.47810363769531,
          "z": 1.693095326423645
        },
        "rotation": {
          "roll": -0.11077362298965454,
          "pitch": -0.026562605053186417,
          "yaw": 128.8632354736328
        }
      },
      "matrix_world_from_sensor_carla": [
        [
          -0.6274635791778564,
          -0.7786449790000916,
          0.0012145106447860599,
          107.64376068115234
        ],
        [
          0.7786457538604736,
          -0.6274617910385132,
          0.0015740984817966819,
          -34.47810363769531
        ],
        [
          -0.00046360486885532737,
          0.0019333630334585905,
          0.9999980330467224,
          1.693095326423645
        ],
        [
          0.0,
          0.0,
          0.0,
          1.0
        ]
      ],
      "matrix_world_from_sensor_bevfusion": [
        [
          -0.7786449790000916,
          -0.0012145106447860599,
          -0.6274635791778564,
          107.64376068115234
        ],
        [
          0.6274617910385132,
          0.0015740984817966819,
          -0.7786457538604736,
          34.47810363769531
        ],
        [
          0.0019333630334585905,
          -0.9999980330467224,
          -0.00046360486885532737,
          1.693095326423645
        ],
        [
          0.0,
          0.0,
          0.0,
          1.0
        ]
      ],
      "matrix_ego_from_sensor_carla": [
        [
          -0.5735766291618347,
          0.8191518783569336,
          1.9295642417205272e-08,
          -1.3000035285949707
        ],
        [
          -0.8191518187522888,
          -0.5735766887664795,
          2.7220181664233678e-08,
          -0.5500030517578125
        ],
        [
          3.3479075511877454e-08,
          -1.93959778793662e-10,
          1.0,
          1.6999998092651367
        ],
        [
          0.0,
          0.0,
          0.0,
          1.0
        ]
      ],
      "matrix_ego_from_sensor_bevfusion": [
        [
          0.8191518783569336,
          -1.9295642417205272e-08,
          -0.5735766291618347,
          -1.3000035285949707
        ],
        [
          0.5735766887664795,
          2.7220181664233678e-08,
          0.8191518187522888,
          0.5500030517578125
        ],
        [
          -1.93959778793662e-10,
          -1.0,
          3.3479075511877454e-08,
          1.6999998092651367
        ],
        [
          0.0,
          0.0,
          0.0,
          1.0
        ]
      ],
      "camera_intrinsics": [
        [
          685.5110473632812,
          0.0,
          480.0
        ],
        [
          0.0,
          685.5110473632812,
          270.0
        ],
        [
          0.0,
          0.0,
          1.0
        ]
      ],
      "data_path": "D:\\Agent-AI\\outputs\\s3a_left_v3\\sample_000034\\images\\CAM_BACK_LEFT.png",
      "raw_layout": "bgra8"
    },
    "CAM_BACK_RIGHT": {
      "type_id": "sensor.camera.rgb",
      "blueprint_attributes": {
        "role_name": "front",
        "ros_name": "sensor.camera.rgb",
        "chromatic_aberration_offset": "0.0",
        "sensor_tick": "0.100000",
        "fstop": "1.4",
        "image_size_x": "960",
        "image_size_y": "540",
        "fov": "70.00",
        "lens_circle_falloff": "5.0",
        "lens_circle_multiplier": "0.0",
        "exposure_compensation": "0.0",
        "lens_y_size": "0.08",
        "lens_k": "-1.0",
        "exposure_mode": "histogram",
        "lens_kcube": "0.0",
        "lens_x_size": "0.08",
        "exposure_max_bright": "12.0",
        "shutter_speed": "200.0",
        "bloom_intensity": "0.675",
        "iso": "100.0",
        "enable_postprocess_effects": "false",
        "gamma": "2.2",
        "motion_blur_intensity": "0.0",
        "motion_blur_max_distortion": "0.35",
        "lens_flare_intensity": "0.1",
        "motion_blur_min_object_screen_size": "0.1",
        "exposure_min_bright": "10.0",
        "exposure_speed_up": "3.0",
        "exposure_speed_down": "1.0",
        "tint": "0.0",
        "calibration_constant": "16.0",
        "focal_distance": "1000.0",
        "min_fstop": "1.2",
        "blade_count": "5",
        "blur_amount": "0.0",
        "blur_radius": "0.0",
        "slope": "0.88",
        "toe": "0.55",
        "white_clip": "0.04",
        "shoulder": "0.26",
        "black_clip": "0.0",
        "temp": "6500.0",
        "chromatic_aberration_intensity": "0.0"
      },
      "transform_carla": {
        "location": {
          "x": 108.7004165649414,
          "y": -34.78382873535156,
          "z": 1.692293405532837
        },
        "rotation": {
          "roll": 0.06284933537244797,
          "pitch": -0.09500792622566223,
          "yaw": 18.863182067871094
        }
      },
      "matrix_world_from_sensor_carla": [
        [
          0.946291983127594,
          -0.3233109712600708,
          0.0012144958600401878,
          108.7004165649414
        ],
        [
          0.3233089745044708,
          0.9462921619415283,
          0.0015741267707198858,
          -34.78382873535156
        ],
        [
          -0.0016582002863287926,
          -0.0010969260474666953,
          0.9999980330467224,
          1.692293405532837
        ],
        [
          0.0,
          0.0,
          0.0,
          1.0
        ]
      ],
      "matrix_world_from_sensor_bevfusion": [
        [
          -0.3233109712600708,
          -0.0012144958600401878,
          0.946291983127594,
          108.7004165649414
        ],
        [
          -0.9462921619415283,
          0.0015741267707198858,
          -0.3233089745044708,
          34.78382873535156
        ],
        [
          -0.0010969260474666953,
          -0.9999980330467224,
          -0.0016582002863287926,
          1.692293405532837
        ],
        [
          0.0,
          0.0,
          0.0,
          1.0
        ]
      ],
      "matrix_ego_from_sensor_carla": [
        [
          -0.5735764503479004,
          -0.8191519975662231,
          -3.754590860438611e-09,
          -1.300002098083496
        ],
        [
          0.8191519379615784,
          -0.5735765099525452,
          5.159478178029531e-09,
          0.54998779296875
        ],
        [
          -6.517284489859776e-09,
          6.212649145131977e-11,
          1.0,
          1.6999999284744263
        ],
        [
          0.0,
          0.0,
          0.0,
          1.0
        ]
      ],
      "matrix_ego_from_sensor_bevfusion": [
        [
          -0.8191519975662231,
          3.754590860438611e-09,
          -0.5735764503479004,
          -1.300002098083496
        ],
        [
          0.5735765099525452,
          5.159478178029531e-09,
          -0.8191519379615784,
          -0.54998779296875
        ],
        [
          6.212649145131977e-11,
          -1.0,
          -6.517284489859776e-09,
          1.6999999284744263
        ],
        [
          0.0,
          0.0,
          0.0,
          1.0
        ]
      ],
      "camera_intrinsics": [
        [
          685.5110473632812,
          0.0,
          480.0
        ],
        [
          0.0,
          685.5110473632812,
          270.0
        ],
        [
          0.0,
          0.0,
          1.0
        ]
      ],
      "data_path": "D:\\Agent-AI\\outputs\\s3a_left_v3\\sample_000034\\images\\CAM_BACK_RIGHT.png",
      "raw_layout": "bgra8"
    },
    "LIDAR_TOP": {
      "type_id": "sensor.lidar.ray_cast",
      "blueprint_attributes": {
        "atmosphere_attenuation_rate": "0.004",
        "role_name": "front",
        "noise_seed": "0",
        "upper_fov": "10.0",
        "ros_name": "sensor.lidar.ray_cast",
        "sensor_tick": "0.100000",
        "channels": "32",
        "range": "120.0",
        "points_per_second": "360000",
        "lower_fov": "-30.0",
        "rotation_frequency": "10.000000",
        "horizontal_fov": "360.0",
        "dropoff_general_rate": "0.0",
        "dropoff_intensity_limit": "1.0",
        "noise_stddev": "0.0",
        "dropoff_zero_intensity": "0.0"
      },
      "transform_carla": {
        "location": {
          "x": 107.81139373779297,
          "y": -35.878963470458984,
          "z": 2.1950981616973877
        },
        "rotation": {
          "roll": 0.04177682846784592,
          "pitch": 0.10597720742225647,
          "yaw": -106.13672637939453
        }
      },
      "matrix_world_from_sensor_carla": [
        [
          -0.27792999148368835,
          0.9606006145477295,
          0.0012144898064434528,
          107.81139373779297
        ],
        [
          -0.9605995416641235,
          -0.27793169021606445,
          0.0015741245588287711,
          -35.878963470458984
        ],
        [
          0.0018496501725167036,
          -0.0007291418733075261,
          0.9999980330467224,
          2.1950981616973877
        ],
        [
          0.0,
          0.0,
          0.0,
          1.0
        ]
      ],
      "matrix_world_from_sensor_bevfusion": [
        [
          -0.27792999148368835,
          -0.9606006145477295,
          0.0012144898064434528,
          107.81139373779297
        ],
        [
          0.9605995416641235,
          -0.27793169021606445,
          -0.0015741245588287711,
          35.878963470458984
        ],
        [
          0.0018496501725167036,
          0.0007291418733075261,
          0.9999980330467224,
          2.1950981616973877
        ],
        [
          0.0,
          0.0,
          0.0,
          1.0
        ]
      ],
      "matrix_ego_from_sensor_carla": [
        [
          0.9999999403953552,
          -1.8590739614410268e-08,
          8.711482923917657e-11,
          -4.76837158203125e-07
        ],
        [
          1.1211582773285045e-08,
          1.0,
          -2.1003525307872195e-11,
          0.0
        ],
        [
          -2.930049258775824e-11,
          -7.92111862213396e-11,
          1.0,
          2.200000047683716
        ],
        [
          0.0,
          0.0,
          0.0,
          1.0
        ]
      ],
      "matrix_ego_from_sensor_bevfusion": [
        [
          0.9999999403953552,
          1.8590739614410268e-08,
          8.711482923917657e-11,
          -4.76837158203125e-07
        ],
        [
          -1.1211582773285045e-08,
          1.0,
          2.1003525307872195e-11,
          0.0
        ],
        [
          -2.930049258775824e-11,
          7.92111862213396e-11,
          1.0,
          2.200000047683716
        ],
        [
          0.0,
          0.0,
          0.0,
          1.0
        ]
      ],
      "data_path": "D:\\Agent-AI\\outputs\\s3a_left_v3\\sample_000034\\lidar\\LIDAR_TOP.npy",
      "raw_layout": [
        "x",
        "y",
        "z",
        "intensity"
      ]
    },
    "RADAR_FRONT": {
      "type_id": "sensor.other.radar",
      "blueprint_attributes": {
        "sensor_tick": "0.100000",
        "role_name": "default",
        "noise_seed": "0",
        "ros_name": "sensor.other.radar",
        "horizontal_fov": "35.0",
        "points_per_second": "1500",
        "vertical_fov": "20.0",
        "range": "120.0"
      },
      "transform_carla": {
        "location": {
          "x": 107.25395202636719,
          "y": -37.802207946777344,
          "z": 0.8987998962402344
        },
        "rotation": {
          "roll": 0.04177682846784592,
          "pitch": 0.10597720742225647,
          "yaw": -106.13672637939453
        }
      },
      "matrix_world_from_sensor_carla": [
        [
          -0.27792999148368835,
          0.9606006145477295,
          0.0012144898064434528,
          107.25395202636719
        ],
        [
          -0.9605995416641235,
          -0.27793169021606445,
          0.0015741245588287711,
          -37.802207946777344
        ],
        [
          0.0018496501725167036,
          -0.0007291418733075261,
          0.9999980330467224,
          0.8987998962402344
        ],
        [
          0.0,
          0.0,
          0.0,
          1.0
        ]
      ],
      "matrix_world_from_sensor_bevfusion": [
        [
          -0.27792999148368835,
          -0.9606006145477295,
          0.0012144898064434528,
          107.25395202636719
        ],
        [
          0.9605995416641235,
          -0.27793169021606445,
          -0.0015741245588287711,
          37.802207946777344
        ],
        [
          0.0018496501725167036,
          0.0007291418733075261,
          0.9999980330467224,
          0.8987998962402344
        ],
        [
          0.0,
          0.0,
          0.0,
          1.0
        ]
      ],
      "matrix_ego_from_sensor_carla": [
        [
          0.9999999403953552,
          -1.8590739614410268e-08,
          8.711482923917657e-11,
          1.9999995231628418
        ],
        [
          1.1211582773285045e-08,
          1.0,
          -2.1003525307872195e-11,
          0.0
        ],
        [
          -2.930049258775824e-11,
          -7.92111862213396e-11,
          1.0,
          0.8999999761581421
        ],
        [
          0.0,
          0.0,
          0.0,
          1.0
        ]
      ],
      "matrix_ego_from_sensor_bevfusion": [
        [
          0.9999999403953552,
          1.8590739614410268e-08,
          8.711482923917657e-11,
          1.9999995231628418
        ],
        [
          -1.1211582773285045e-08,
          1.0,
          2.1003525307872195e-11,
          0.0
        ],
        [
          -2.930049258775824e-11,
          7.92111862213396e-11,
          1.0,
          0.8999999761581421
        ],
        [
          0.0,
          0.0,
          0.0,
          1.0
        ]
      ],
      "data_path": "D:\\Agent-AI\\outputs\\s3a_left_v3\\sample_000034\\radar\\RADAR_FRONT.npy",
      "raw_layout": [
        "velocity",
        "altitude",
        "azimuth",
        "depth"
      ]
    },
    "RADAR_FRONT_LEFT": {
      "type_id": "sensor.other.radar",
      "blueprint_attributes": {
        "sensor_tick": "0.100000",
        "role_name": "default",
        "noise_seed": "0",
        "ros_name": "sensor.other.radar",
        "horizontal_fov": "35.0",
        "points_per_second": "1500",
        "vertical_fov": "20.0",
        "range": "120.0"
      },
      "transform_carla": {
        "location": {
          "x": 106.63077545166016,
          "y": -37.25754928588867,
          "z": 0.8986993432044983
        },
        "rotation": {
          "roll": -0.04539661481976509,
          "pitch": 0.10447456687688828,
          "yaw": -151.13681030273438
        }
      },
      "matrix_world_from_sensor_carla": [
        [
          -0.8757733702659607,
          0.48272088170051575,
          0.001214439864270389,
          106.63077545166016
        ],
        [
          -0.48271897435188293,
          -0.8757739067077637,
          0.0015740968519821763,
          -37.25754928588867
        ],
        [
          0.0018234241288155317,
          0.0007923190132714808,
          0.9999980330467224,
          0.8986993432044983
        ],
        [
          0.0,
          0.0,
          0.0,
          1.0
        ]
      ],
      "matrix_world_from_sensor_bevfusion": [
        [
          -0.8757733702659607,
          -0.48272088170051575,
          0.001214439864270389,
          106.63077545166016
        ],
        [
          0.48271897435188293,
          -0.8757739067077637,
          -0.0015740968519821763,
          37.25754928588867
        ],
        [
          0.0018234241288155317,
          -0.0007923190132714808,
          0.9999980330467224,
          0.8986993432044983
        ],
        [
          0.0,
          0.0,
          0.0,
          1.0
        ]
      ],
      "matrix_ego_from_sensor_carla": [
        [
          0.7071067094802856,
          0.70710688829422,
          4.059964808789118e-08,
          1.6499991416931152
        ],
        [
          -0.7071067690849304,
          0.7071066498756409,
          -4.0300704995388514e-08,
          -0.75
        ],
        [
          -5.7021221522290944e-08,
          -3.3609359739728006e-10,
          1.0,
          0.8999999165534973
        ],
        [
          0.0,
          0.0,
          0.0,
          1.0
        ]
      ],
      "matrix_ego_from_sensor_bevfusion": [
        [
          0.7071067094802856,
          -0.70710688829422,
          4.059964808789118e-08,
          1.6499991416931152
        ],
        [
          0.7071067690849304,
          0.7071066498756409,
          4.0300704995388514e-08,
          0.75
        ],
        [
          -5.7021221522290944e-08,
          3.3609359739728006e-10,
          1.0,
          0.8999999165534973
        ],
        [
          0.0,
          0.0,
          0.0,
          1.0
        ]
      ],
      "data_path": "D:\\Agent-AI\\outputs\\s3a_left_v3\\sample_000034\\radar\\RADAR_FRONT_LEFT.npy",
      "raw_layout": [
        "velocity",
        "altitude",
        "azimuth",
        "depth"
      ]
    },
    "RADAR_FRONT_RIGHT": {
      "type_id": "sensor.other.radar",
      "blueprint_attributes": {
        "sensor_tick": "0.100000",
        "role_name": "default",
