{
  "schema_version": "stage1.v1",
  "sample_name": "sample_000026",
  "sequence_index": 26,
  "previous_sample_name": "sample_000025",
  "frame_id": 726299,
  "timestamp": 4999.794624757022,
  "platform_timestamp": 16813377.5786956,
  "delta_seconds": 0.10000000149011612,
  "town": "Carla/Maps/Town10HD_Opt",
  "weather": {
    "cloudiness": 20.0,
    "dust_storm": 0.0,
    "fog_density": 2.0,
    "fog_distance": 0.75,
    "fog_falloff": 0.10000000149011612,
    "mie_scattering_scale": 0.029999999329447746,
    "precipitation": 0.0,
    "precipitation_deposits": 0.0,
    "rayleigh_scattering_scale": 0.03310000151395798,
    "scattering_intensity": 1.0,
    "sun_altitude_angle": 45.0,
    "sun_azimuth_angle": 300.0,
    "wetness": 0.0,
    "wind_intensity": 10.0
  },
  "sensor_names": [
    "CAM_FRONT",
    "CAM_FRONT_RIGHT",
    "CAM_FRONT_LEFT",
    "CAM_BACK",
    "CAM_BACK_LEFT",
    "CAM_BACK_RIGHT",
    "LIDAR_TOP",
    "RADAR_FRONT",
    "RADAR_FRONT_LEFT",
    "RADAR_FRONT_RIGHT",
    "RADAR_BACK_LEFT",
    "RADAR_BACK_RIGHT"
  ],
  "camera_order_for_model": [
    "CAM_FRONT",
    "CAM_FRONT_RIGHT",
    "CAM_FRONT_LEFT",
    "CAM_BACK",
    "CAM_BACK_LEFT",
    "CAM_BACK_RIGHT"
  ],
  "radar_order_for_model": [
    "RADAR_FRONT",
    "RADAR_FRONT_LEFT",
    "RADAR_FRONT_RIGHT",
    "RADAR_BACK_LEFT",
    "RADAR_BACK_RIGHT"
  ],
  "coordinate_notes": {
    "carla_world": "left-handed x-forward y-right z-up",
    "bevfusion_lidar": "x-forward y-left z-up",
    "camera_frame_for_model": "OpenCV style x-right y-down z-forward"
  },
  "ego": {
    "actor_id": 49,
    "transform_carla": {
      "location": {
        "x": 104.91380310058594,
        "y": -33.38410186767578,
        "z": -0.005115394480526447
      },
      "rotation": {
        "roll": 0.11404822766780853,
        "pitch": 0.1679680049419403,
        "yaw": -103.7164535522461
      }
    },
    "velocity_carla": [
      -0.6785891652107239,
      -2.2720820903778076,
      -4.19616708313697e-06
    ],
    "angular_velocity_carla": [
      -1.3861565589904785,
      0.3049570322036743,
      -5.185022354125977
    ],
    "matrix_world_from_ego_carla": [
      [
        -0.23711605370044708,
        0.9714778065681458,
        0.00262887729331851,
        104.91380310058594
      ],
      [
        -0.9714769124984741,
        -0.23712226748466492,
        0.0023759938776493073,
        -33.38410186767578
      ],
      [
        0.002931590424850583,
        -0.001990507123991847,
        0.9999937415122986,
        -0.005115394480526447
      ],
      [
        0.0,
        0.0,
        0.0,
        1.0
      ]
    ],
    "matrix_world_from_ego_bevfusion": [
      [
        -0.23711605370044708,
        -0.9714778065681458,
        0.00262887729331851,
        104.91380310058594
      ],
      [
        0.9714769124984741,
        -0.23712226748466492,
        -0.0023759938776493073,
        33.38410186767578
      ],
      [
        0.002931590424850583,
        0.001990507123991847,
        0.9999937415122986,
        -0.005115394480526447
      ],
      [
        0.0,
        0.0,
        0.0,
        1.0
      ]
    ]
  },
  "sensors": {
    "CAM_FRONT": {
      "type_id": "sensor.camera.rgb",
      "blueprint_attributes": {
        "role_name": "front",
        "ros_name": "sensor.camera.rgb",
        "chromatic_aberration_offset": "0.0",
        "sensor_tick": "0.100000",
        "fstop": "1.4",
        "image_size_x": "960",
        "image_size_y": "540",
        "fov": "70.00",
        "lens_circle_falloff": "5.0",
        "lens_circle_multiplier": "0.0",
        "exposure_compensation": "0.0",
        "lens_y_size": "0.08",
        "lens_k": "-1.0",
        "exposure_mode": "histogram",
        "lens_kcube": "0.0",
        "lens_x_size": "0.08",
        "exposure_max_bright": "12.0",
        "shutter_speed": "200.0",
        "bloom_intensity": "0.675",
        "iso": "100.0",
        "enable_postprocess_effects": "false",
        "gamma": "2.2",
        "motion_blur_intensity": "0.0",
        "motion_blur_max_distortion": "0.35",
        "lens_flare_intensity": "0.1",
        "motion_blur_min_object_screen_size": "0.1",
        "exposure_min_bright": "10.0",
        "exposure_speed_up": "3.0",
        "exposure_speed_down": "1.0",
        "tint": "0.0",
        "calibration_constant": "16.0",
        "focal_distance": "1000.0",
        "min_fstop": "1.2",
        "blade_count": "5",
        "blur_amount": "0.0",
        "blur_radius": "0.0",
        "slope": "0.88",
        "toe": "0.55",
        "white_clip": "0.04",
        "shoulder": "0.26",
        "black_clip": "0.0",
        "temp": "6500.0",
        "chromatic_aberration_intensity": "0.0"
      },
      "transform_carla": {
        "location": {
          "x": 104.55075073242188,
          "y": -34.8858528137207,
          "z": 1.6994178295135498
        },
        "rotation": {
          "roll": 0.11404822766780853,
          "pitch": 0.1679680049419403,
          "yaw": -103.7164535522461
        }
      },
      "matrix_world_from_sensor_carla": [
        [
          -0.23711605370044708,
          0.9714778065681458,
          0.00262887729331851,
          104.55075073242188
        ],
        [
          -0.9714769124984741,
          -0.23712226748466492,
          0.0023759938776493073,
          -34.8858528137207
        ],
        [
          0.002931590424850583,
          -0.001990507123991847,
          0.9999937415122986,
          1.6994178295135498
        ],
        [
          0.0,
          0.0,
          0.0,
          1.0
        ]
      ],
      "matrix_world_from_sensor_bevfusion": [
        [
          0.9714778065681458,
          -0.00262887729331851,
          -0.23711605370044708,
          104.55075073242188
        ],
        [
          0.23712226748466492,
          0.0023759938776493073,
          0.9714769124984741,
          34.8858528137207
        ],
        [
          -0.001990507123991847,
          -0.9999937415122986,
          0.002931590424850583,
          1.6994178295135498
        ],
        [
          0.0,
          0.0,
          0.0,
          1.0
        ]
      ],
      "matrix_ego_from_sensor_carla": [
        [
          1.0,
          4.971330458403145e-09,
          -1.8653241451449531e-10,
          1.5500001907348633
        ],
        [
          4.971330458403145e-09,
          1.0,
          1.1754024142884845e-10,
          7.62939453125e-06
        ],
        [
          1.0439246689308845e-10,
          3.353067823397282e-12,
          1.0,
          1.6999999284744263
        ],
        [
          0.0,
          0.0,
          0.0,
          1.0
        ]
      ],
      "matrix_ego_from_sensor_bevfusion": [
        [
          4.971330458403145e-09,
          1.8653241451449531e-10,
          1.0,
          1.5500001907348633
        ],
        [
          -1.0,
          1.1754024142884845e-10,
          -4.971330458403145e-09,
          -7.62939453125e-06
        ],
        [
          3.353067823397282e-12,
          -1.0,
          1.0439246689308845e-10,
          1.6999999284744263
        ],
        [
          0.0,
          0.0,
          0.0,
          1.0
        ]
      ],
      "camera_intrinsics": [
        [
          685.5110473632812,
          0.0,
          480.0
        ],
        [
          0.0,
          685.5110473632812,
          270.0
        ],
        [
          0.0,
          0.0,
          1.0
        ]
      ],
      "data_path": "D:\\Agent-AI\\outputs\\s3a_ml_long_v1\\sample_000026\\images\\CAM_FRONT.png",
      "raw_layout": "bgra8"
    },
    "CAM_FRONT_RIGHT": {
      "type_id": "sensor.camera.rgb",
      "blueprint_attributes": {
        "role_name": "front",
        "ros_name": "sensor.camera.rgb",
        "chromatic_aberration_offset": "0.0",
        "sensor_tick": "0.100000",
        "fstop": "1.4",
        "image_size_x": "960",
        "image_size_y": "540",
        "fov": "70.00",
        "lens_circle_falloff": "5.0",
        "lens_circle_multiplier": "0.0",
        "exposure_compensation": "0.0",
        "lens_y_size": "0.08",
        "lens_k": "-1.0",
        "exposure_mode": "histogram",
        "lens_kcube": "0.0",
        "lens_x_size": "0.08",
        "exposure_max_bright": "12.0",
        "shutter_speed": "200.0",
        "bloom_intensity": "0.675",
        "iso": "100.0",
        "enable_postprocess_effects": "false",
        "gamma": "2.2",
        "motion_blur_intensity": "0.0",
        "motion_blur_max_distortion": "0.35",
        "lens_flare_intensity": "0.1",
        "motion_blur_min_object_screen_size": "0.1",
        "exposure_min_bright": "10.0",
        "exposure_speed_up": "3.0",
        "exposure_speed_down": "1.0",
        "tint": "0.0",
        "calibration_constant": "16.0",
        "focal_distance": "1000.0",
        "min_fstop": "1.2",
        "blade_count": "5",
        "blur_amount": "0.0",
        "blur_radius": "0.0",
        "slope": "0.88",
        "toe": "0.55",
        "white_clip": "0.04",
        "shoulder": "0.26",
        "black_clip": "0.0",
        "temp": "6500.0",
        "chromatic_aberration_intensity": "0.0"
      },
      "transform_carla": {
        "location": {
          "x": 105.14433288574219,
          "y": -34.77340316772461,
          "z": 1.6975901126861572
        },
        "rotation": {
          "roll": 0.20300662517547607,
          "pitch": 0.002923320746049285,
          "yaw": -48.71660232543945
        }
      },
      "matrix_world_from_sensor_carla": [
        [
          0.6597839593887329,
          0.7514507174491882,
          0.002628838177770376,
          105.14433288574219
        ],
        [
          -0.7514553070068359,
          0.6597797274589539,
          0.002376038348302245,
          -34.77340316772461
        ],
        [
          5.102157228975557e-05,
          -0.003543126629665494,
          0.9999937415122986,
          1.6975901126861572
        ],
        [
          0.0,
          0.0,
          0.0,
          1.0
        ]
      ],
      "matrix_world_from_sensor_bevfusion": [
        [
          0.7514507174491882,
          -0.002628838177770376,
          0.6597839593887329,
          105.14433288574219
        ],
        [
          -0.6597797274589539,
          0.002376038348302245,
          0.7514553070068359,
          34.77340316772461
        ],
        [
          -0.003543126629665494,
          -0.9999937415122986,
          5.102157228975557e-05,
          1.6975901126861572
        ],
        [
          0.0,
          0.0,
          0.0,
          1.0
        ]
      ],
      "matrix_ego_from_sensor_carla": [
        [
          0.5735763311386108,
          -0.8191521763801575,
          -3.394697500880284e-08,
          1.3000030517578125
        ],
        [
          0.8191521167755127,
          0.5735762119293213,
          -4.831123234794177e-08,
          0.5499954223632812
        ],
        [
          5.895486765439273e-08,
          -4.316018376027131e-10,
          1.0,
          1.6999998092651367
        ],
        [
          0.0,
          0.0,
          0.0,
          1.0
        ]
      ],
      "matrix_ego_from_sensor_bevfusion": [
        [
          -0.8191521763801575,
          3.394697500880284e-08,
          0.5735763311386108,
          1.3000030517578125
        ],
        [
          -0.5735762119293213,
          -4.831123234794177e-08,
          -0.8191521167755127,
          -0.5499954223632812
        ],
        [
          -4.316018376027131e-10,
          -1.0,
          5.895486765439273e-08,
          1.6999998092651367
        ],
        [
          0.0,
          0.0,
          0.0,
          1.0
        ]
      ],
      "camera_intrinsics": [
        [
          685.5110473632812,
          0.0,
          480.0
        ],
        [
          0.0,
          685.5110473632812,
          270.0
        ],
        [
          0.0,
          0.0,
          1.0
        ]
      ],
      "data_path": "D:\\Agent-AI\\outputs\\s3a_ml_long_v1\\sample_000026\\images\\CAM_FRONT_RIGHT.png",
      "raw_layout": "bgra8"
    },
    "CAM_FRONT_LEFT": {
      "type_id": "sensor.camera.rgb",
      "blueprint_attributes": {
        "role_name": "front",
        "ros_name": "sensor.camera.rgb",
        "chromatic_aberration_offset": "0.0",
        "sensor_tick": "0.100000",
        "fstop": "1.4",
        "image_size_x": "960",
        "image_size_y": "540",
        "fov": "70.00",
        "lens_circle_falloff": "5.0",
        "lens_circle_multiplier": "0.0",
        "exposure_compensation": "0.0",
        "lens_y_size": "0.08",
        "lens_k": "-1.0",
        "exposure_mode": "histogram",
        "lens_kcube": "0.0",
        "lens_x_size": "0.08",
        "exposure_max_bright": "12.0",
        "shutter_speed": "200.0",
        "bloom_intensity": "0.675",
        "iso": "100.0",
        "enable_postprocess_effects": "false",
        "gamma": "2.2",
        "motion_blur_intensity": "0.0",
        "motion_blur_max_distortion": "0.35",
        "lens_flare_intensity": "0.1",
        "motion_blur_min_object_screen_size": "0.1",
        "exposure_min_bright": "10.0",
        "exposure_speed_up": "3.0",
        "exposure_speed_down": "1.0",
        "tint": "0.0",
        "calibration_constant": "16.0",
        "focal_distance": "1000.0",
        "min_fstop": "1.2",
        "blade_count": "5",
        "blur_amount": "0.0",
        "blur_radius": "0.0",
        "slope": "0.88",
        "toe": "0.55",
        "white_clip": "0.04",
        "shoulder": "0.26",
        "black_clip": "0.0",
        "temp": "6500.0",
        "chromatic_aberration_intensity": "0.0"
      },
      "transform_carla": {
        "location": {
          "x": 104.07571411132812,
          "y": -34.512569427490234,
          "z": 1.699779748916626
        },
        "rotation": {
          "roll": -0.0721765011548996,
          "pitch": 0.1897631287574768,
          "yaw": -158.7167205810547
        }
      },
      "matrix_world_from_sensor_carla": [
        [
          -0.9317920804023743,
          0.362982839345932,
          0.002628845162689686,
          104.07571411132812
        ],
        [
          -0.3629772365093231,
          -0.9317950010299683,
          0.002375982003286481,
          -34.512569427490234
        ],
        [
          0.003311985405161977,
          0.001259710406884551,
          0.9999937415122986,
          1.699779748916626
        ],
        [
          0.0,
          0.0,
          0.0,
          1.0
        ]
      ],
      "matrix_world_from_sensor_bevfusion": [
        [
          0.362982839345932,
          -0.002628845162689686,
          -0.9317920804023743,
          104.07571411132812
        ],
        [
          0.9317950010299683,
          0.002375982003286481,
          0.3629772365093231,
          34.512569427490234
        ],
        [
          0.001259710406884551,
          -0.9999937415122986,
          0.003311985405161977,
          1.699779748916626
        ],
        [
          0.0,
          0.0,
          0.0,
          1.0
        ]
      ],
      "matrix_ego_from_sensor_carla": [
        [
          0.5735765695571899,
          0.8191519975662231,
          1.9138411744279438e-08,
          1.300004005432129
        ],
        [
          -0.8191518783569336,
          0.5735765695571899,
          -2.828779877006582e-08,
          -0.54998779296875
        ],
        [
          -3.37311156783926e-08,
          6.557671072826565e-10,
          1.0,
          1.6999999284744263
        ],
        [
          0.0,
          0.0,
          0.0,
          1.0
        ]
      ],
      "matrix_ego_from_sensor_bevfusion": [
        [
          0.8191519975662231,
          -1.9138411744279438e-08,
          0.5735765695571899,
          1.300004005432129
        ],
        [
          -0.5735765695571899,
          -2.828779877006582e-08,
          0.8191518783569336,
          0.54998779296875
        ],
        [
          6.557671072826565e-10,
          -1.0,
          -3.37311156783926e-08,
          1.6999999284744263
        ],
        [
          0.0,
          0.0,
          0.0,
          1.0
        ]
      ],
      "camera_intrinsics": [
        [
          685.5110473632812,
          0.0,
          480.0
        ],
        [
          0.0,
          685.5110473632812,
          270.0
        ],
        [
          0.0,
          0.0,
          1.0
        ]
      ],
      "data_path": "D:\\Agent-AI\\outputs\\s3a_ml_long_v1\\sample_000026\\images\\CAM_FRONT_LEFT.png",
      "raw_layout": "bgra8"
    },
    "CAM_BACK": {
      "type_id": "sensor.camera.rgb",
      "blueprint_attributes": {
        "role_name": "front",
        "ros_name": "sensor.camera.rgb",
        "chromatic_aberration_offset": "0.0",
        "sensor_tick": "0.100000",
        "fstop": "1.4",
        "image_size_x": "960",
        "image_size_y": "540",
        "fov": "70.00",
        "lens_circle_falloff": "5.0",
        "lens_circle_multiplier": "0.0",
        "exposure_compensation": "0.0",
        "lens_y_size": "0.08",
        "lens_k": "-1.0",
        "exposure_mode": "histogram",
        "lens_kcube": "0.0",
        "lens_x_size": "0.08",
        "exposure_max_bright": "12.0",
        "shutter_speed": "200.0",
        "bloom_intensity": "0.675",
        "iso": "100.0",
        "enable_postprocess_effects": "false",
        "gamma": "2.2",
        "motion_blur_intensity": "0.0",
        "motion_blur_max_distortion": "0.35",
        "lens_flare_intensity": "0.1",
        "motion_blur_min_object_screen_size": "0.1",
        "exposure_min_bright": "10.0",
        "exposure_speed_up": "3.0",
        "exposure_speed_down": "1.0",
        "tint": "0.0",
        "calibration_constant": "16.0",
        "focal_distance": "1000.0",
        "min_fstop": "1.2",
        "blade_count": "5",
        "blur_amount": "0.0",
        "blur_radius": "0.0",
        "slope": "0.88",
        "toe": "0.55",
        "white_clip": "0.04",
        "shoulder": "0.26",
        "black_clip": "0.0",
        "temp": "6500.0",
        "chromatic_aberration_intensity": "0.0"
      },
      "transform_carla": {
        "location": {
          "x": 105.28580474853516,
          "y": -31.8742733001709,
          "z": 1.6903300285339355
        },
        "rotation": {
          "roll": -0.11404826492071152,
          "pitch": -0.1679680049419403,
          "yaw": 76.28356170654297
        }
      },
      "matrix_world_from_sensor_carla": [
        [
          0.23711585998535156,
          -0.9714778661727905,
          0.00262887729331851,
          105.28580474853516
        ],
        [
          0.9714769721031189,
          0.2371220737695694,
          0.0023759943433105946,
          -31.8742733001709
        ],
        [
          -0.002931590424850583,
          0.0019905075896531343,
          0.9999937415122986,
          1.6903300285339355
        ],
        [
          0.0,
          0.0,
          0.0,
          1.0
        ]
      ],
      "matrix_world_from_sensor_bevfusion": [
        [
          -0.9714778661727905,
          -0.00262887729331851,
          0.23711585998535156,
          105.28580474853516
        ],
        [
          -0.2371220737695694,
          0.0023759943433105946,
          -0.9714769721031189,
          31.8742733001709
        ],
        [
          0.0019905075896531343,
          -0.9999937415122986,
          -0.002931590424850583,
          1.6903300285339355
        ],
        [
          0.0,
          0.0,
          0.0,
          1.0
        ]
      ],
      "matrix_ego_from_sensor_carla": [
        [
          -1.0,
          1.9812065943369817e-07,
          -6.521936879444468e-10,
          -1.549999713897705
        ],
        [
          -2.128199696471711e-07,
          -1.0,
          -1.1529040222502118e-10,
          0.0
        ],
        [
          -3.372231105469581e-10,
          -3.356009914412539e-12,
          1.0,
          1.7000000476837158
        ],
        [
          0.0,
          0.0,
          0.0,
          1.0
        ]
      ],
      "matrix_ego_from_sensor_bevfusion": [
        [
          1.9812065943369817e-07,
          6.521936879444468e-10,
          -1.0,
          -1.549999713897705
        ],
        [
          1.0,
          -1.1529040222502118e-10,
          2.128199696471711e-07,
          0.0
        ],
        [
          -3.356009914412539e-12,
          -1.0,
          -3.372231105469581e-10,
          1.7000000476837158
        ],
        [
          0.0,
          0.0,
          0.0,
          1.0
        ]
      ],
      "camera_intrinsics": [
        [
          685.5110473632812,
          0.0,
          480.0
        ],
        [
          0.0,
          685.5110473632812,
          270.0
        ],
        [
          0.0,
          0.0,
          1.0
        ]
      ],
      "data_path": "D:\\Agent-AI\\outputs\\s3a_ml_long_v1\\sample_000026\\images\\CAM_BACK.png",
      "raw_layout": "bgra8"
    },
    "CAM_BACK_LEFT": {
      "type_id": "sensor.camera.rgb",
      "blueprint_attributes": {
        "role_name": "front",
        "ros_name": "sensor.camera.rgb",
        "chromatic_aberration_offset": "0.0",
        "sensor_tick": "0.100000",
        "fstop": "1.4",
        "image_size_x": "960",
        "image_size_y": "540",
        "fov": "70.00",
        "lens_circle_falloff": "5.0",
        "lens_circle_multiplier": "0.0",
        "exposure_compensation": "0.0",
        "lens_y_size": "0.08",
        "lens_k": "-1.0",
        "exposure_mode": "histogram",
        "lens_kcube": "0.0",
        "lens_x_size": "0.08",
        "exposure_max_bright": "12.0",
        "shutter_speed": "200.0",
        "bloom_intensity": "0.675",
        "iso": "100.0",
        "enable_postprocess_effects": "false",
        "gamma": "2.2",
        "motion_blur_intensity": "0.0",
        "motion_blur_max_distortion": "0.35",
        "lens_flare_intensity": "0.1",
        "motion_blur_min_object_screen_size": "0.1",
        "exposure_min_bright": "10.0",
        "exposure_speed_up": "3.0",
        "exposure_speed_down": "1.0",
        "tint": "0.0",
        "calibration_constant": "16.0",
        "focal_distance": "1000.0",
        "min_fstop": "1.2",
        "blade_count": "5",
        "blur_amount": "0.0",
        "blur_radius": "0.0",
        "slope": "0.88",
        "toe": "0.55",
        "white_clip": "0.04",
        "shoulder": "0.26",
        "black_clip": "0.0",
        "temp": "6500.0",
        "chromatic_aberration_intensity": "0.0"
      },
      "transform_carla": {
        "location": {
          "x": 104.69221496582031,
          "y": -31.98672866821289,
          "z": 1.6921577453613281
        },
        "rotation": {
          "roll": -0.20300661027431488,
          "pitch": -0.002923320746049285,
          "yaw": 131.28341674804688
        }
      },
      "matrix_world_from_sensor_carla": [
        [
          -0.6597842574119568,
          -0.7514504790306091,
          0.002628837013617158,
          104.69221496582031
        ],
        [
          0.7514550685882568,
          -0.6597800254821777,
          0.002376039046794176,
          -31.98672866821289
        ],
        [
          -5.102157228975557e-05,
          0.0035431261640042067,
          0.9999937415122986,
          1.6921577453613281
        ],
        [
          0.0,
          0.0,
          0.0,
          1.0
        ]
      ],
      "matrix_world_from_sensor_bevfusion": [
        [
          -0.7514504790306091,
          -0.002628837013617158,
          -0.6597842574119568,
          104.69221496582031
        ],
        [
          0.6597800254821777,
          0.002376039046794176,
          -0.7514550685882568,
          31.98672866821289
        ],
        [
          0.0035431261640042067,
          -0.9999937415122986,
          -5.102157228975557e-05,
          1.6921577453613281
        ],
        [
          0.0,
          0.0,
          0.0,
          1.0
        ]
      ],
      "matrix_ego_from_sensor_carla": [
        [
          -0.5735759735107422,
          0.8191524147987366,
          -3.441263629611058e-08,
          -1.2999978065490723
        ],
        [
          -0.819152295589447,
          -0.5735759139060974,
          -4.9708216209864986e-08,
          -0.5499954223632812
        ],
        [
          -6.033729960108758e-08,
          -3.405650761401091e-11,
          1.0,
          1.7000000476837158
        ],
        [
          0.0,
          0.0,
          0.0,
          1.0
        ]
      ],
      "matrix_ego_from_sensor_bevfusion": [
        [
          0.8191524147987366,
          3.441263629611058e-08,
          -0.5735759735107422,
          -1.2999978065490723
        ],
        [
          0.5735759139060974,
          -4.9708216209864986e-08,
          0.819152295589447,
          0.5499954223632812
        ],
        [
          -3.405650761401091e-11,
          -1.0,
          -6.033729960108758e-08,
          1.7000000476837158
        ],
        [
          0.0,
          0.0,
          0.0,
          1.0
        ]
      ],
      "camera_intrinsics": [
        [
          685.5110473632812,
          0.0,
          480.0
        ],
        [
          0.0,
          685.5110473632812,
          270.0
        ],
        [
          0.0,
          0.0,
          1.0
        ]
      ],
      "data_path": "D:\\Agent-AI\\outputs\\s3a_ml_long_v1\\sample_000026\\images\\CAM_BACK_LEFT.png",
      "raw_layout": "bgra8"
    },
    "CAM_BACK_RIGHT": {
      "type_id": "sensor.camera.rgb",
      "blueprint_attributes": {
        "role_name": "front",
        "ros_name": "sensor.camera.rgb",
        "chromatic_aberration_offset": "0.0",
        "sensor_tick": "0.100000",
        "fstop": "1.4",
        "image_size_x": "960",
        "image_size_y": "540",
        "fov": "70.00",
        "lens_circle_falloff": "5.0",
        "lens_circle_multiplier": "0.0",
        "exposure_compensation": "0.0",
        "lens_y_size": "0.08",
        "lens_k": "-1.0",
        "exposure_mode": "histogram",
        "lens_kcube": "0.0",
        "lens_x_size": "0.08",
        "exposure_max_bright": "12.0",
        "shutter_speed": "200.0",
        "bloom_intensity": "0.675",
        "iso": "100.0",
        "enable_postprocess_effects": "false",
        "gamma": "2.2",
        "motion_blur_intensity": "0.0",
        "motion_blur_max_distortion": "0.35",
        "lens_flare_intensity": "0.1",
        "motion_blur_min_object_screen_size": "0.1",
        "exposure_min_bright": "10.0",
        "exposure_speed_up": "3.0",
        "exposure_speed_down": "1.0",
        "tint": "0.0",
        "calibration_constant": "16.0",
        "focal_distance": "1000.0",
        "min_fstop": "1.2",
        "blade_count": "5",
        "blur_amount": "0.0",
        "blur_radius": "0.0",
        "slope": "0.88",
        "toe": "0.55",
        "white_clip": "0.04",
        "shoulder": "0.26",
        "black_clip": "0.0",
        "temp": "6500.0",
        "chromatic_aberration_intensity": "0.0"
      },
      "transform_carla": {
        "location": {
          "x": 105.76083374023438,
          "y": -32.24755859375,
          "z": 1.6899681091308594
        },
        "rotation": {
          "roll": 0.07217654585838318,
          "pitch": -0.1897631287574768,
          "yaw": 21.283260345458984
        }
      },
      "matrix_world_from_sensor_carla": [
        [
          0.9317921996116638,
          -0.3629826307296753,
          0.002628845628350973,
          105.76083374023438
        ],
        [
          0.3629770278930664,
          0.9317951202392578,
          0.0023759822361171246,
          -32.24755859375
        ],
        [
          -0.003311985405161977,
          -0.001259711105376482,
          0.9999937415122986,
          1.6899681091308594
        ],
        [
          0.0,
          0.0,
          0.0,
          1.0
        ]
      ],
      "matrix_world_from_sensor_bevfusion": [
        [
          -0.3629826307296753,
          -0.002628845628350973,
          0.9317921996116638,
          105.76083374023438
        ],
        [
          -0.9317951202392578,
          0.0023759822361171246,
          -0.3629770278930664,
          32.24755859375
        ],
        [
          -0.001259711105376482,
          -0.9999937415122986,
          -0.003311985405161977,
          1.6899681091308594
        ],
        [
          0.0,
          0.0,
          0.0,
          1.0
        ]
      ],
      "matrix_ego_from_sensor_carla": [
        [
          -0.5735763907432556,
          -0.8191521167755127,
          1.86727504569717e-08,
          -1.2999992370605469
        ],
        [
          0.8191520571708679,
          -0.5735763907432556,
          -2.782213748275808e-08,
          0.5499954223632812
        ],
        [
          3.349828503473873e-08,
          -4.2293207824783963e-10,
          1.0,
          1.7000000476837158
        ],
        [
          0.0,
          0.0,
          0.0,
          1.0
        ]
      ],
      "matrix_ego_from_sensor_bevfusion": [
        [
          -0.8191521167755127,
          -1.86727504569717e-08,
          -0.5735763907432556,
          -1.2999992370605469
        ],
        [
          0.5735763907432556,
          -2.782213748275808e-08,
          -0.8191520571708679,
          -0.5499954223632812
        ],
        [
          -4.2293207824783963e-10,
          -1.0,
          3.349828503473873e-08,
          1.7000000476837158
        ],
        [
          0.0,
          0.0,
          0.0,
          1.0
        ]
      ],
      "camera_intrinsics": [
        [
          685.5110473632812,
          0.0,
          480.0
        ],
        [
          0.0,
          685.5110473632812,
          270.0
        ],
        [
          0.0,
          0.0,
          1.0
        ]
      ],
      "data_path": "D:\\Agent-AI\\outputs\\s3a_ml_long_v1\\sample_000026\\images\\CAM_BACK_RIGHT.png",
      "raw_layout": "bgra8"
    },
    "LIDAR_TOP": {
      "type_id": "sensor.lidar.ray_cast",
      "blueprint_attributes": {
        "atmosphere_attenuation_rate": "0.004",
        "role_name": "front",
        "noise_seed": "0",
        "upper_fov": "10.0",
        "ros_name": "sensor.lidar.ray_cast",
        "sensor_tick": "0.100000",
        "channels": "32",
        "range": "120.0",
        "points_per_second": "360000",
        "lower_fov": "-30.0",
        "rotation_frequency": "10.000000",
        "horizontal_fov": "360.0",
        "dropoff_general_rate": "0.0",
        "dropoff_intensity_limit": "1.0",
        "noise_stddev": "0.0",
        "dropoff_zero_intensity": "0.0"
      },
      "transform_carla": {
        "location": {
          "x": 104.91958618164062,
          "y": -33.378875732421875,
          "z": 2.194870710372925
        },
        "rotation": {
          "roll": 0.11404822766780853,
          "pitch": 0.1679680049419403,
          "yaw": -103.7164535522461
        }
      },
      "matrix_world_from_sensor_carla": [
        [
          -0.23711605370044708,
          0.9714778065681458,
          0.00262887729331851,
          104.91958618164062
        ],
        [
          -0.9714769124984741,
          -0.23712226748466492,
          0.0023759938776493073,
          -33.378875732421875
        ],
        [
          0.002931590424850583,
          -0.001990507123991847,
          0.9999937415122986,
          2.194870710372925
        ],
        [
          0.0,
          0.0,
          0.0,
          1.0
        ]
      ],
      "matrix_world_from_sensor_bevfusion": [
        [
          -0.23711605370044708,
          -0.9714778065681458,
          0.00262887729331851,
          104.91958618164062
        ],
        [
          0.9714769124984741,
          -0.23712226748466492,
          -0.0023759938776493073,
          33.378875732421875
        ],
        [
          0.002931590424850583,
          0.001990507123991847,
          0.9999937415122986,
          2.194870710372925
        ],
        [
          0.0,
          0.0,
          0.0,
          1.0
        ]
      ],
      "matrix_ego_from_sensor_carla": [
        [
          1.0,
          4.971330458403145e-09,
          -1.8653241451449531e-10,
          1.430511474609375e-06
        ],
        [
          4.971330458403145e-09,
          1.0,
          1.1754024142884845e-10,
          -7.62939453125e-06
        ],
        [
          1.0439246689308845e-10,
          3.353067823397282e-12,
          1.0,
          2.1999998092651367
        ],
        [
          0.0,
          0.0,
          0.0,
          1.0
        ]
      ],
      "matrix_ego_from_sensor_bevfusion": [
        [
          1.0,
          -4.971330458403145e-09,
          -1.8653241451449531e-10,
          1.430511474609375e-06
        ],
        [
          -4.971330458403145e-09,
          1.0,
          -1.1754024142884845e-10,
          7.62939453125e-06
        ],
        [
          1.0439246689308845e-10,
          -3.353067823397282e-12,
          1.0,
          2.1999998092651367
        ],
        [
          0.0,
          0.0,
          0.0,
          1.0
        ]
      ],
      "data_path": "D:\\Agent-AI\\outputs\\s3a_ml_long_v1\\sample_000026\\lidar\\LIDAR_TOP.npy",
      "raw_layout": [
        "x",
        "y",
        "z",
        "intensity"
      ]
    },
    "RADAR_FRONT": {
      "type_id": "sensor.other.radar",
      "blueprint_attributes": {
        "sensor_tick": "0.100000",
        "role_name": "default",
        "noise_seed": "0",
        "ros_name": "sensor.other.radar",
        "horizontal_fov": "35.0",
        "points_per_second": "1500",
        "vertical_fov": "20.0",
        "range": "120.0"
      },
      "transform_carla": {
        "location": {
          "x": 104.44194030761719,
          "y": -35.32491683959961,
          "z": 0.9007421731948853
        },
        "rotation": {
          "roll": 0.11404822766780853,
          "pitch": 0.1679680049419403,
          "yaw": -103.7164535522461
        }
      },
      "matrix_world_from_sensor_carla": [
        [
          -0.23711605370044708,
          0.9714778065681458,
          0.00262887729331851,
          104.44194030761719
        ],
        [
          -0.9714769124984741,
          -0.23712226748466492,
          0.0023759938776493073,
          -35.32491683959961
        ],
        [
          0.002931590424850583,
          -0.001990507123991847,
          0.9999937415122986,
          0.9007421731948853
        ],
        [
          0.0,
          0.0,
          0.0,
          1.0
        ]
      ],
      "matrix_world_from_sensor_bevfusion": [
        [
          -0.23711605370044708,
          -0.9714778065681458,
          0.00262887729331851,
          104.44194030761719
        ],
        [
          0.9714769124984741,
          -0.23712226748466492,
          -0.0023759938776493073,
          35.32491683959961
        ],
        [
          0.002931590424850583,
          0.001990507123991847,
          0.9999937415122986,
          0.9007421731948853
        ],
        [
          0.0,
          0.0,
          0.0,
          1.0
        ]
      ],
      "matrix_ego_from_sensor_carla": [
        [
          1.0,
          4.971330458403145e-09,
          -1.8653241451449531e-10,
          2.0
        ],
        [
          4.971330458403145e-09,
          1.0,
          1.1754024142884845e-10,
          7.62939453125e-06
        ],
        [
          1.0439246689308845e-10,
          3.353067823397282e-12,
          1.0,
          0.9000000357627869
        ],
        [
          0.0,
          0.0,
          0.0,
          1.0
        ]
      ],
      "matrix_ego_from_sensor_bevfusion": [
        [
          1.0,
          -4.971330458403145e-09,
          -1.8653241451449531e-10,
          2.0
        ],
        [
          -4.971330458403145e-09,
          1.0,
          -1.1754024142884845e-10,
          -7.62939453125e-06
        ],
        [
          1.0439246689308845e-10,
          -3.353067823397282e-12,
          1.0,
          0.9000000357627869
        ],
        [
          0.0,
          0.0,
          0.0,
          1.0
        ]
      ],
      "data_path": "D:\\Agent-AI\\outputs\\s3a_ml_long_v1\\sample_000026\\radar\\RADAR_FRONT.npy",
      "raw_layout": [
        "velocity",
        "altitude",
        "azimuth",
        "depth"
      ]
    },
    "RADAR_FRONT_LEFT": {
      "type_id": "sensor.other.radar",
      "blueprint_attributes": {
        "sensor_tick": "0.100000",
        "role_name": "default",
        "noise_seed": "0",
        "ros_name": "sensor.other.radar",
        "horizontal_fov": "35.0",
        "points_per_second": "1500",
        "vertical_fov": "20.0",
        "range": "120.0"
      },
      "transform_carla": {
        "location": {
          "x": 103.79632568359375,
          "y": -34.80706024169922,
          "z": 0.9012089371681213
        },
        "rotation": {
          "roll": -0.03812751546502113,
          "pitch": 0.19940736889839172,
          "yaw": -148.71664428710938
        }
      },
      "matrix_world_from_sensor_carla": [
        [
          -0.8546045422554016,
          0.5192726850509644,
          0.002628755522891879,
          103.79632568359375
        ],
        [
          -0.5192676782608032,
          -0.8546083569526672,
          0.002375922631472349,
          -34.80706024169922
        ],
        [
          0.003480308223515749,
          0.0006654465687461197,
          0.9999936819076538,
          0.9012089371681213
        ],
        [
          0.0,
          0.0,
          0.0,
          1.0
        ]
      ],
      "matrix_world_from_sensor_bevfusion": [
        [
          -0.8546045422554016,
          -0.5192726850509644,
          0.002628755522891879,
          103.79632568359375
        ],
        [
          0.5192676782608032,
          -0.8546083569526672,
          -0.002375922631472349,
          34.80706024169922
        ],
        [
          0.003480308223515749,
          -0.0006654465687461197,
          0.9999936819076538,
          0.9012089371681213
        ],
        [
          0.0,
          0.0,
          0.0,
          1.0
        ]
      ],
      "matrix_ego_from_sensor_carla": [
        [
          0.7071071863174438,
          0.707106351852417,
          9.789326327336312e-08,
          1.6499996185302734
        ],
        [
          -0.7071062922477722,
          0.7071072459220886,
          -1.012779762277205e-07,
          -0.7499847412109375
        ],
        [
          -1.4073253851165646e-07,
          2.198489834626116e-09,
          0.9999999403953552,
          0.8999999165534973
        ],
        [
          0.0,
          0.0,
          0.0,
          1.0
        ]
      ],
      "matrix_ego_from_sensor_bevfusion": [
        [
          0.7071071863174438,
          -0.707106351852417,
          9.789326327336312e-08,
          1.6499996185302734
        ],
        [
          0.7071062922477722,
          0.7071072459220886,
          1.012779762277205e-07,
          0.7499847412109375
        ],
        [
          -1.4073253851165646e-07,
          -2.198489834626116e-09,
          0.9999999403953552,
          0.8999999165534973
        ],
        [
          0.0,
          0.0,
          0.0,
          1.0
        ]
      ],
      "data_path": "D:\\Agent-AI\\outputs\\s3a_ml_long_v1\\sample_000026\\radar\\RADAR_FRONT_LEFT.npy",
      "raw_layout": [
        "velocity",
        "altitude",
        "azimuth",
        "depth"
      ]
    },
    "RADAR_FRONT_RIGHT": {
      "type_id": "sensor.other.radar",
      "blueprint_attributes": {
        "sensor_tick": "0.100000",
        "role_name": "default",
        "noise_seed": "0",
        "ros_name": "sensor.other.radar",
        "horizontal_fov": "35.0",
        "points_per_second": "1500",
