{
  "schema_version": "stage1.v1",
  "sample_name": "sample_000024",
  "sequence_index": 24,
  "previous_sample_name": "sample_000023",
  "frame_id": 726297,
  "timestamp": 4999.594624754041,
  "platform_timestamp": 16813376.5119389,
  "delta_seconds": 0.10000000149011612,
  "town": "Carla/Maps/Town10HD_Opt",
  "weather": {
    "cloudiness": 20.0,
    "dust_storm": 0.0,
    "fog_density": 2.0,
    "fog_distance": 0.75,
    "fog_falloff": 0.10000000149011612,
    "mie_scattering_scale": 0.029999999329447746,
    "precipitation": 0.0,
    "precipitation_deposits": 0.0,
    "rayleigh_scattering_scale": 0.03310000151395798,
    "scattering_intensity": 1.0,
    "sun_altitude_angle": 45.0,
    "sun_azimuth_angle": 300.0,
    "wetness": 0.0,
    "wind_intensity": 10.0
  },
  "sensor_names": [
    "CAM_FRONT",
    "CAM_FRONT_RIGHT",
    "CAM_FRONT_LEFT",
    "CAM_BACK",
    "CAM_BACK_LEFT",
    "CAM_BACK_RIGHT",
    "LIDAR_TOP",
    "RADAR_FRONT",
    "RADAR_FRONT_LEFT",
    "RADAR_FRONT_RIGHT",
    "RADAR_BACK_LEFT",
    "RADAR_BACK_RIGHT"
  ],
  "camera_order_for_model": [
    "CAM_FRONT",
    "CAM_FRONT_RIGHT",
    "CAM_FRONT_LEFT",
    "CAM_BACK",
    "CAM_BACK_LEFT",
    "CAM_BACK_RIGHT"
  ],
  "radar_order_for_model": [
    "RADAR_FRONT",
    "RADAR_FRONT_LEFT",
    "RADAR_FRONT_RIGHT",
    "RADAR_BACK_LEFT",
    "RADAR_BACK_RIGHT"
  ],
  "coordinate_notes": {
    "carla_world": "left-handed x-forward y-right z-up",
    "bevfusion_lidar": "x-forward y-left z-up",
    "camera_frame_for_model": "OpenCV style x-right y-down z-forward"
  },
  "ego": {
    "actor_id": 49,
    "transform_carla": {
      "location": {
        "x": 105.02302551269531,
        "y": -33.0048828125,
        "z": -0.0038039397913962603
      },
      "rotation": {
        "roll": 0.03304823860526085,
        "pitch": -0.1929323375225067,
        "yaw": -102.91654205322266
      }
    },
    "velocity_carla": [
      -0.3759723901748657,
      -1.5026620626449585,
      0.0003536701260600239
    ],
    "angular_velocity_carla": [
      -2.1605165004730225,
      0.4192781150341034,
      -2.0256946086883545
    ],
    "matrix_world_from_ego_carla": [
      [
        -0.22353021800518036,
        0.974696934223175,
        -0.0001904914970509708,
        105.02302551269531
      ],
      [
        -0.9746911525726318,
        -0.22352954745292664,
        -0.00341102690435946,
        -33.0048828125
      ],
      [
        -0.0033672982826828957,
        -0.0005767972324974835,
        0.999994158744812,
        -0.0038039397913962603
      ],
      [
        0.0,
        0.0,
        0.0,
        1.0
      ]
    ],
    "matrix_world_from_ego_bevfusion": [
      [
        -0.22353021800518036,
        -0.974696934223175,
        -0.0001904914970509708,
        105.02302551269531
      ],
      [
        0.9746911525726318,
        -0.22352954745292664,
        0.00341102690435946,
        33.0048828125
      ],
      [
        -0.0033672982826828957,
        0.0005767972324974835,
        0.999994158744812,
        -0.0038039397913962603
      ],
      [
        0.0,
        0.0,
        0.0,
        1.0
      ]
    ]
  },
  "sensors": {
    "CAM_FRONT": {
      "type_id": "sensor.camera.rgb",
      "blueprint_attributes": {
        "role_name": "front",
        "ros_name": "sensor.camera.rgb",
        "chromatic_aberration_offset": "0.0",
        "sensor_tick": "0.100000",
        "fstop": "1.4",
        "image_size_x": "960",
        "image_size_y": "540",
        "fov": "70.00",
        "lens_circle_falloff": "5.0",
        "lens_circle_multiplier": "0.0",
        "exposure_compensation": "0.0",
        "lens_y_size": "0.08",
        "lens_k": "-1.0",
        "exposure_mode": "histogram",
        "lens_kcube": "0.0",
        "lens_x_size": "0.08",
        "exposure_max_bright": "12.0",
        "shutter_speed": "200.0",
        "bloom_intensity": "0.675",
        "iso": "100.0",
        "enable_postprocess_effects": "false",
        "gamma": "2.2",
        "motion_blur_intensity": "0.0",
        "motion_blur_max_distortion": "0.35",
        "lens_flare_intensity": "0.1",
        "motion_blur_min_object_screen_size": "0.1",
        "exposure_min_bright": "10.0",
        "exposure_speed_up": "3.0",
        "exposure_speed_down": "1.0",
        "tint": "0.0",
        "calibration_constant": "16.0",
        "focal_distance": "1000.0",
        "min_fstop": "1.2",
        "blade_count": "5",
        "blur_amount": "0.0",
        "blur_radius": "0.0",
        "slope": "0.88",
        "toe": "0.55",
        "white_clip": "0.04",
        "shoulder": "0.26",
        "black_clip": "0.0",
        "temp": "6500.0",
        "chromatic_aberration_intensity": "0.0"
      },
      "transform_carla": {
        "location": {
          "x": 104.67623138427734,
          "y": -34.52145004272461,
          "z": 1.6909667253494263
        },
        "rotation": {
          "roll": 0.03304823860526085,
          "pitch": -0.1929323375225067,
          "yaw": -102.91654205322266
        }
      },
      "matrix_world_from_sensor_carla": [
        [
          -0.22353021800518036,
          0.974696934223175,
          -0.0001904914970509708,
          104.67623138427734
        ],
        [
          -0.9746911525726318,
          -0.22352954745292664,
          -0.00341102690435946,
          -34.52145004272461
        ],
        [
          -0.0033672982826828957,
          -0.0005767972324974835,
          0.999994158744812,
          1.6909667253494263
        ],
        [
          0.0,
          0.0,
          0.0,
          1.0
        ]
      ],
      "matrix_world_from_sensor_bevfusion": [
        [
          0.974696934223175,
          0.0001904914970509708,
          -0.22353021800518036,
          104.67623138427734
        ],
        [
          0.22352954745292664,
          -0.00341102690435946,
          0.9746911525726318,
          34.52145004272461
        ],
        [
          -0.0005767972324974835,
          -0.999994158744812,
          -0.0033672982826828957,
          1.6909667253494263
        ],
        [
          0.0,
          0.0,
          0.0,
          1.0
        ]
      ],
      "matrix_ego_from_sensor_carla": [
        [
          1.0,
          -1.1417583545281218e-09,
          -1.2135614735342415e-10,
          1.5499963760375977
        ],
        [
          -3.182109575838865e-10,
          1.0,
          5.138315467556609e-11,
          0.0
        ],
        [
          -1.2135614735342415e-10,
          -6.824506237901318e-12,
          1.0,
          1.6999999284744263
        ],
        [
          0.0,
          0.0,
          0.0,
          1.0
        ]
      ],
      "matrix_ego_from_sensor_bevfusion": [
        [
          -1.1417583545281218e-09,
          1.2135614735342415e-10,
          1.0,
          1.5499963760375977
        ],
        [
          -1.0,
          5.138315467556609e-11,
          3.182109575838865e-10,
          0.0
        ],
        [
          -6.824506237901318e-12,
          -1.0,
          -1.2135614735342415e-10,
          1.6999999284744263
        ],
        [
          0.0,
          0.0,
          0.0,
          1.0
        ]
      ],
      "camera_intrinsics": [
        [
          685.5110473632812,
          0.0,
          480.0
        ],
        [
          0.0,
          685.5110473632812,
          270.0
        ],
        [
          0.0,
          0.0,
          1.0
        ]
      ],
      "data_path": "D:\\Agent-AI\\outputs\\s3a_ml_long_v1\\sample_000024\\images\\CAM_FRONT.png",
      "raw_layout": "bgra8"
    },
    "CAM_FRONT_RIGHT": {
      "type_id": "sensor.camera.rgb",
      "blueprint_attributes": {
        "role_name": "front",
        "ros_name": "sensor.camera.rgb",
        "chromatic_aberration_offset": "0.0",
        "sensor_tick": "0.100000",
        "fstop": "1.4",
        "image_size_x": "960",
        "image_size_y": "540",
        "fov": "70.00",
        "lens_circle_falloff": "5.0",
        "lens_circle_multiplier": "0.0",
        "exposure_compensation": "0.0",
        "lens_y_size": "0.08",
        "lens_k": "-1.0",
        "exposure_mode": "histogram",
        "lens_kcube": "0.0",
        "lens_x_size": "0.08",
        "exposure_max_bright": "12.0",
        "shutter_speed": "200.0",
        "bloom_intensity": "0.675",
        "iso": "100.0",
        "enable_postprocess_effects": "false",
        "gamma": "2.2",
        "motion_blur_intensity": "0.0",
        "motion_blur_max_distortion": "0.35",
        "lens_flare_intensity": "0.1",
        "motion_blur_min_object_screen_size": "0.1",
        "exposure_min_bright": "10.0",
        "exposure_speed_up": "3.0",
        "exposure_speed_down": "1.0",
        "tint": "0.0",
        "calibration_constant": "16.0",
        "focal_distance": "1000.0",
        "min_fstop": "1.2",
        "blade_count": "5",
        "blur_amount": "0.0",
        "blur_radius": "0.0",
        "slope": "0.88",
        "toe": "0.55",
        "white_clip": "0.04",
        "shoulder": "0.26",
        "black_clip": "0.0",
        "temp": "6500.0",
        "chromatic_aberration_intensity": "0.0"
      },
      "transform_carla": {
        "location": {
          "x": 105.2681884765625,
          "y": -34.400718688964844,
          "z": 1.6914913654327393
        },
        "rotation": {
          "roll": -0.13908535242080688,
          "pitch": -0.13773758709430695,
          "yaw": -47.916290283203125
        }
      },
      "matrix_world_from_sensor_carla": [
        [
          0.6702136993408203,
          0.7421681880950928,
          -0.00019043043721467257,
          105.2681884765625
        ],
        [
          -0.7421642541885376,
          0.6702092885971069,
          -0.0034110872074961662,
          -34.400718688964844
        ],
        [
          -0.0024039719719439745,
          0.002427488099783659,
          0.9999942183494568,
          1.6914913654327393
        ],
        [
          0.0,
          0.0,
          0.0,
          1.0
        ]
      ],
      "matrix_world_from_sensor_bevfusion": [
        [
          0.7421681880950928,
          0.00019043043721467257,
          0.6702136993408203,
          105.2681884765625
        ],
        [
          -0.6702092885971069,
          -0.0034110872074961662,
          0.7421642541885376,
          34.400718688964844
        ],
        [
          0.002427488099783659,
          -0.9999942183494568,
          -0.0024039719719439745,
          1.6914913654327393
        ],
        [
          0.0,
          0.0,
          0.0,
          1.0
        ]
      ],
      "matrix_ego_from_sensor_carla": [
        [
          0.573576033115387,
          -0.819152295589447,
          4.4847080715726406e-08,
          1.2999992370605469
        ],
        [
          0.8191523551940918,
          0.5735761523246765,
          7.300941007315487e-08,
          0.54998779296875
        ],
        [
          -8.56093009815595e-08,
          -4.866351765997479e-09,
          1.0,
          1.6999999284744263
        ],
        [
          0.0,
          0.0,
          0.0,
          1.0
        ]
      ],
      "matrix_ego_from_sensor_bevfusion": [
        [
          -0.819152295589447,
          -4.4847080715726406e-08,
          0.573576033115387,
          1.2999992370605469
        ],
        [
          -0.5735761523246765,
          7.300941007315487e-08,
          -0.8191523551940918,
          -0.54998779296875
        ],
        [
          -4.866351765997479e-09,
          -1.0,
          -8.56093009815595e-08,
          1.6999999284744263
        ],
        [
          0.0,
          0.0,
          0.0,
          1.0
        ]
      ],
      "camera_intrinsics": [
        [
          685.5110473632812,
          0.0,
          480.0
        ],
        [
          0.0,
          685.5110473632812,
          270.0
        ],
        [
          0.0,
          0.0,
          1.0
        ]
      ],
      "data_path": "D:\\Agent-AI\\outputs\\s3a_ml_long_v1\\sample_000024\\images\\CAM_FRONT_RIGHT.png",
      "raw_layout": "bgra8"
    },
    "CAM_FRONT_LEFT": {
      "type_id": "sensor.camera.rgb",
      "blueprint_attributes": {
        "role_name": "front",
        "ros_name": "sensor.camera.rgb",
        "chromatic_aberration_offset": "0.0",
        "sensor_tick": "0.100000",
        "fstop": "1.4",
        "image_size_x": "960",
        "image_size_y": "540",
        "fov": "70.00",
        "lens_circle_falloff": "5.0",
        "lens_circle_multiplier": "0.0",
        "exposure_compensation": "0.0",
        "lens_y_size": "0.08",
        "lens_k": "-1.0",
        "exposure_mode": "histogram",
        "lens_kcube": "0.0",
        "lens_x_size": "0.08",
        "exposure_max_bright": "12.0",
        "shutter_speed": "200.0",
        "bloom_intensity": "0.675",
        "iso": "100.0",
        "enable_postprocess_effects": "false",
        "gamma": "2.2",
        "motion_blur_intensity": "0.0",
        "motion_blur_max_distortion": "0.35",
        "lens_flare_intensity": "0.1",
        "motion_blur_min_object_screen_size": "0.1",
        "exposure_min_bright": "10.0",
        "exposure_speed_up": "3.0",
        "exposure_speed_down": "1.0",
        "tint": "0.0",
        "calibration_constant": "16.0",
        "focal_distance": "1000.0",
        "min_fstop": "1.2",
        "blade_count": "5",
        "blur_amount": "0.0",
        "blur_radius": "0.0",
        "slope": "0.88",
        "toe": "0.55",
        "white_clip": "0.04",
        "shoulder": "0.26",
        "black_clip": "0.0",
        "temp": "6500.0",
        "chromatic_aberration_intensity": "0.0"
      },
      "transform_carla": {
        "location": {
          "x": 104.19602966308594,
          "y": -34.15483856201172,
          "z": 1.6921257972717285
        },
        "rotation": {
          "roll": 0.17699646949768066,
          "pitch": -0.0835946798324585,
          "yaw": -157.91659545898438
        }
      },
      "matrix_world_from_sensor_carla": [
        [
          -0.9266365766525269,
          0.37595826387405396,
          -0.00019056943710893393,
          104.19602966308594
        ],
        [
          -0.3759554624557495,
          -0.926631510257721,
          -0.0034110553096979856,
          -34.15483856201172
        ],
        [
          -0.0014590019127354026,
          -0.0030891629867255688,
          0.999994158744812,
          1.6921257972717285
        ],
        [
          0.0,
          0.0,
          0.0,
          1.0
        ]
      ],
      "matrix_world_from_sensor_bevfusion": [
        [
          0.37595826387405396,
          0.00019056943710893393,
          -0.9266365766525269,
          104.19602966308594
        ],
        [
          0.926631510257721,
          -0.0034110553096979856,
          0.3759554624557495,
          34.15483856201172
        ],
        [
          -0.0030891629867255688,
          -0.999994158744812,
          -0.0014590019127354026,
          1.6921257972717285
        ],
        [
          0.0,
          0.0,
          0.0,
          1.0
        ]
      ],
      "matrix_ego_from_sensor_carla": [
        [
          0.5735766887664795,
          0.8191519975662231,
          4.504778772229656e-08,
          1.2999992370605469
        ],
        [
          -0.8191519379615784,
          0.5735767483711243,
          -6.956497600185685e-08,
          -0.5500030517578125
        ],
        [
          -8.274720642020839e-08,
          3.376258828069467e-09,
          1.0,
          1.6999999284744263
        ],
        [
          0.0,
          0.0,
          0.0,
          1.0
        ]
      ],
      "matrix_ego_from_sensor_bevfusion": [
        [
          0.8191519975662231,
          -4.504778772229656e-08,
          0.5735766887664795,
          1.2999992370605469
        ],
        [
          -0.5735767483711243,
          -6.956497600185685e-08,
          0.8191519379615784,
          0.5500030517578125
        ],
        [
          3.376258828069467e-09,
          -1.0,
          -8.274720642020839e-08,
          1.6999999284744263
        ],
        [
          0.0,
          0.0,
          0.0,
          1.0
        ]
      ],
      "camera_intrinsics": [
        [
          685.5110473632812,
          0.0,
          480.0
        ],
        [
          0.0,
          685.5110473632812,
          270.0
        ],
        [
          0.0,
          0.0,
          1.0
        ]
      ],
      "data_path": "D:\\Agent-AI\\outputs\\s3a_ml_long_v1\\sample_000024\\images\\CAM_FRONT_LEFT.png",
      "raw_layout": "bgra8"
    },
    "CAM_BACK": {
      "type_id": "sensor.camera.rgb",
      "blueprint_attributes": {
        "role_name": "front",
        "ros_name": "sensor.camera.rgb",
        "chromatic_aberration_offset": "0.0",
        "sensor_tick": "0.100000",
        "fstop": "1.4",
        "image_size_x": "960",
        "image_size_y": "540",
        "fov": "70.00",
        "lens_circle_falloff": "5.0",
        "lens_circle_multiplier": "0.0",
        "exposure_compensation": "0.0",
        "lens_y_size": "0.08",
        "lens_k": "-1.0",
        "exposure_mode": "histogram",
        "lens_kcube": "0.0",
        "lens_x_size": "0.08",
        "exposure_max_bright": "12.0",
        "shutter_speed": "200.0",
        "bloom_intensity": "0.675",
        "iso": "100.0",
        "enable_postprocess_effects": "false",
        "gamma": "2.2",
        "motion_blur_intensity": "0.0",
        "motion_blur_max_distortion": "0.35",
        "lens_flare_intensity": "0.1",
        "motion_blur_min_object_screen_size": "0.1",
        "exposure_min_bright": "10.0",
        "exposure_speed_up": "3.0",
        "exposure_speed_down": "1.0",
        "tint": "0.0",
        "calibration_constant": "16.0",
        "focal_distance": "1000.0",
        "min_fstop": "1.2",
        "blade_count": "5",
        "blur_amount": "0.0",
        "blur_radius": "0.0",
        "slope": "0.88",
        "toe": "0.55",
        "white_clip": "0.04",
        "shoulder": "0.26",
        "black_clip": "0.0",
        "temp": "6500.0",
        "chromatic_aberration_intensity": "0.0"
      },
      "transform_carla": {
        "location": {
          "x": 105.36917877197266,
          "y": -31.499908447265625,
          "z": 1.7014052867889404
        },
        "rotation": {
          "roll": -0.03304817155003548,
          "pitch": 0.1929323375225067,
          "yaw": 77.08345031738281
        }
      },
      "matrix_world_from_sensor_carla": [
        [
          0.2235303670167923,
          -0.974696934223175,
          -0.00019049318507313728,
          105.36917877197266
        ],
        [
          0.9746911525726318,
          0.22352969646453857,
          -0.00341102690435946,
          -31.499908447265625
        ],
        [
          0.0033672982826828957,
          0.0005767960683442652,
          0.999994158744812,
          1.7014052867889404
        ],
        [
          0.0,
          0.0,
          0.0,
          1.0
        ]
      ],
      "matrix_world_from_sensor_bevfusion": [
        [
          -0.974696934223175,
          0.00019049318507313728,
          0.2235303670167923,
          105.36917877197266
        ],
        [
          -0.22352969646453857,
          -0.00341102690435946,
          -0.9746911525726318,
          31.499908447265625
        ],
        [
          0.0005767960683442652,
          -0.999994158744812,
          0.0033672982826828957,
          1.7014052867889404
        ],
        [
          0.0,
          0.0,
          0.0,
          1.0
        ]
      ],
      "matrix_ego_from_sensor_carla": [
        [
          -1.0,
          -1.4409471305043553e-07,
          3.443051399543151e-10,
          -1.550004005432129
        ],
        [
          1.4932982139725937e-07,
          -1.0,
          -1.5784313855959908e-09,
          0.0
        ],
        [
          -1.1147449630044548e-10,
          -1.6811908531977338e-09,
          1.0,
          1.6999998092651367
        ],
        [
          0.0,
          0.0,
          0.0,
          1.0
        ]
      ],
      "matrix_ego_from_sensor_bevfusion": [
        [
          -1.4409471305043553e-07,
          -3.443051399543151e-10,
          -1.0,
          -1.550004005432129
        ],
        [
          1.0,
          -1.5784313855959908e-09,
          -1.4932982139725937e-07,
          0.0
        ],
        [
          -1.6811908531977338e-09,
          -1.0,
          -1.1147449630044548e-10,
          1.6999998092651367
        ],
        [
          0.0,
          0.0,
          0.0,
          1.0
        ]
      ],
      "camera_intrinsics": [
        [
          685.5110473632812,
          0.0,
          480.0
        ],
        [
          0.0,
          685.5110473632812,
          270.0
        ],
        [
          0.0,
          0.0,
          1.0
        ]
      ],
      "data_path": "D:\\Agent-AI\\outputs\\s3a_ml_long_v1\\sample_000024\\images\\CAM_BACK.png",
      "raw_layout": "bgra8"
    },
    "CAM_BACK_LEFT": {
      "type_id": "sensor.camera.rgb",
      "blueprint_attributes": {
        "role_name": "front",
        "ros_name": "sensor.camera.rgb",
        "chromatic_aberration_offset": "0.0",
        "sensor_tick": "0.100000",
        "fstop": "1.4",
        "image_size_x": "960",
        "image_size_y": "540",
        "fov": "70.00",
        "lens_circle_falloff": "5.0",
        "lens_circle_multiplier": "0.0",
        "exposure_compensation": "0.0",
        "lens_y_size": "0.08",
        "lens_k": "-1.0",
        "exposure_mode": "histogram",
        "lens_kcube": "0.0",
        "lens_x_size": "0.08",
        "exposure_max_bright": "12.0",
        "shutter_speed": "200.0",
        "bloom_intensity": "0.675",
        "iso": "100.0",
        "enable_postprocess_effects": "false",
        "gamma": "2.2",
        "motion_blur_intensity": "0.0",
        "motion_blur_max_distortion": "0.35",
        "lens_flare_intensity": "0.1",
        "motion_blur_min_object_screen_size": "0.1",
        "exposure_min_bright": "10.0",
        "exposure_speed_up": "3.0",
        "exposure_speed_down": "1.0",
        "tint": "0.0",
        "calibration_constant": "16.0",
        "focal_distance": "1000.0",
        "min_fstop": "1.2",
        "blade_count": "5",
        "blur_amount": "0.0",
        "blur_radius": "0.0",
        "slope": "0.88",
        "toe": "0.55",
        "white_clip": "0.04",
        "shoulder": "0.26",
        "black_clip": "0.0",
        "temp": "6500.0",
        "chromatic_aberration_intensity": "0.0"
      },
      "transform_carla": {
        "location": {
          "x": 104.77720642089844,
          "y": -31.620641708374023,
          "z": 1.700881004333496
        },
        "rotation": {
          "roll": 0.13908538222312927,
          "pitch": 0.13773076236248016,
          "yaw": 132.08370971679688
        }
      },
      "matrix_world_from_sensor_carla": [
        [
          -0.6702138185501099,
          -0.7421681880950928,
          -0.00019051029812544584,
          104.77720642089844
        ],
        [
          0.7421642541885376,
          -0.6702094078063965,
          -0.003410999197512865,
          -31.620641708374023
        ],
        [
          0.0024038529954850674,
          -0.0024274885654449463,
          0.9999942183494568,
          1.700881004333496
        ],
        [
          0.0,
          0.0,
          0.0,
          1.0
        ]
      ],
      "matrix_world_from_sensor_bevfusion": [
        [
          -0.7421681880950928,
          0.00019051029812544584,
          -0.6702138185501099,
          104.77720642089844
        ],
        [
          0.6702094078063965,
          -0.003410999197512865,
          -0.7421642541885376,
          31.620641708374023
        ],
        [
          -0.0024274885654449463,
          -0.9999942183494568,
          0.0024038529954850674,
          1.700881004333496
        ],
        [
          0.0,
          0.0,
          0.0,
          1.0
        ]
      ],
      "matrix_ego_from_sensor_carla": [
        [
          -0.573576033115387,
          0.8191524147987366,
          -2.3139465454846686e-08,
          -1.3000001907348633
        ],
        [
          -0.8191524744033813,
          -0.5735761523246765,
          -2.4546629617816507e-08,
          -0.5500030517578125
        ],
        [
          -3.3366461593686836e-08,
          4.866354430532738e-09,
          1.0,
          1.7000001668930054
        ],
        [
          0.0,
          0.0,
          0.0,
          1.0
        ]
      ],
      "matrix_ego_from_sensor_bevfusion": [
        [
          0.8191524147987366,
          2.3139465454846686e-08,
          -0.573576033115387,
          -1.3000001907348633
        ],
        [
          0.5735761523246765,
          -2.4546629617816507e-08,
          0.8191524744033813,
          0.5500030517578125
        ],
        [
          4.866354430532738e-09,
          -1.0,
          -3.3366461593686836e-08,
          1.7000001668930054
        ],
        [
          0.0,
          0.0,
          0.0,
          1.0
        ]
      ],
      "camera_intrinsics": [
        [
          685.5110473632812,
          0.0,
          480.0
        ],
        [
          0.0,
          685.5110473632812,
          270.0
        ],
        [
          0.0,
          0.0,
          1.0
        ]
      ],
      "data_path": "D:\\Agent-AI\\outputs\\s3a_ml_long_v1\\sample_000024\\images\\CAM_BACK_LEFT.png",
      "raw_layout": "bgra8"
    },
    "CAM_BACK_RIGHT": {
      "type_id": "sensor.camera.rgb",
      "blueprint_attributes": {
        "role_name": "front",
        "ros_name": "sensor.camera.rgb",
        "chromatic_aberration_offset": "0.0",
        "sensor_tick": "0.100000",
        "fstop": "1.4",
        "image_size_x": "960",
        "image_size_y": "540",
        "fov": "70.00",
        "lens_circle_falloff": "5.0",
        "lens_circle_multiplier": "0.0",
        "exposure_compensation": "0.0",
        "lens_y_size": "0.08",
        "lens_k": "-1.0",
        "exposure_mode": "histogram",
        "lens_kcube": "0.0",
        "lens_x_size": "0.08",
        "exposure_max_bright": "12.0",
        "shutter_speed": "200.0",
        "bloom_intensity": "0.675",
        "iso": "100.0",
        "enable_postprocess_effects": "false",
        "gamma": "2.2",
        "motion_blur_intensity": "0.0",
        "motion_blur_max_distortion": "0.35",
        "lens_flare_intensity": "0.1",
        "motion_blur_min_object_screen_size": "0.1",
        "exposure_min_bright": "10.0",
        "exposure_speed_up": "3.0",
        "exposure_speed_down": "1.0",
        "tint": "0.0",
        "calibration_constant": "16.0",
        "focal_distance": "1000.0",
        "min_fstop": "1.2",
        "blade_count": "5",
        "blur_amount": "0.0",
        "blur_radius": "0.0",
        "slope": "0.88",
        "toe": "0.55",
        "white_clip": "0.04",
        "shoulder": "0.26",
        "black_clip": "0.0",
        "temp": "6500.0",
        "chromatic_aberration_intensity": "0.0"
      },
      "transform_carla": {
        "location": {
          "x": 105.84937286376953,
          "y": -31.86652183532715,
          "z": 1.7002465724945068
        },
        "rotation": {
          "roll": -0.17699649930000305,
          "pitch": 0.0835946798324585,
          "yaw": 22.08336639404297
        }
      },
      "matrix_world_from_sensor_carla": [
        [
          0.926636815071106,
          -0.3759576380252838,
          -0.0001905715325847268,
          105.84937286376953
        ],
        [
          0.37595483660697937,
          0.9266317486763,
          -0.0034110555425286293,
          -31.86652183532715
        ],
        [
          0.0014590019127354026,
          0.003089163452386856,
          0.999994158744812,
          1.7002465724945068
        ],
        [
          0.0,
          0.0,
          0.0,
          1.0
        ]
      ],
      "matrix_world_from_sensor_bevfusion": [
        [
          -0.3759576380252838,
          0.0001905715325847268,
          0.926636815071106,
          105.84937286376953
        ],
        [
          -0.9266317486763,
          -0.0034110555425286293,
          -0.37595483660697937,
          31.86652183532715
        ],
        [
          0.003089163452386856,
          -0.999994158744812,
          0.0014590019127354026,
          1.7002465724945068
        ],
        [
          0.0,
          0.0,
          0.0,
          1.0
        ]
      ],
      "matrix_ego_from_sensor_carla": [
        [
          -0.5735760927200317,
          -0.8191523551940918,
          4.574627965325817e-08,
          -1.3000030517578125
        ],
        [
          0.8191523551940918,
          -0.5735762119293213,
          -7.154403647291474e-08,
          0.5499954223632812
        ],
        [
          8.484268221309321e-08,
          -3.8419227799124656e-09,
          1.0,
          1.7000001668930054
        ],
        [
          0.0,
          0.0,
          0.0,
          1.0
        ]
      ],
      "matrix_ego_from_sensor_bevfusion": [
        [
          -0.8191523551940918,
          -4.574627965325817e-08,
          -0.5735760927200317,
          -1.3000030517578125
        ],
        [
          0.5735762119293213,
          -7.154403647291474e-08,
          -0.8191523551940918,
          -0.5499954223632812
        ],
        [
          -3.8419227799124656e-09,
          -1.0,
          8.484268221309321e-08,
          1.7000001668930054
        ],
        [
          0.0,
          0.0,
          0.0,
          1.0
        ]
      ],
      "camera_intrinsics": [
        [
          685.5110473632812,
          0.0,
          480.0
        ],
        [
          0.0,
          685.5110473632812,
          270.0
        ],
        [
          0.0,
          0.0,
          1.0
        ]
      ],
      "data_path": "D:\\Agent-AI\\outputs\\s3a_ml_long_v1\\sample_000024\\images\\CAM_BACK_RIGHT.png",
      "raw_layout": "bgra8"
    },
    "LIDAR_TOP": {
      "type_id": "sensor.lidar.ray_cast",
      "blueprint_attributes": {
        "atmosphere_attenuation_rate": "0.004",
        "role_name": "front",
        "noise_seed": "0",
        "upper_fov": "10.0",
        "ros_name": "sensor.lidar.ray_cast",
        "sensor_tick": "0.100000",
        "channels": "32",
        "range": "120.0",
        "points_per_second": "360000",
        "lower_fov": "-30.0",
        "rotation_frequency": "10.000000",
        "horizontal_fov": "360.0",
        "dropoff_general_rate": "0.0",
        "dropoff_intensity_limit": "1.0",
        "noise_stddev": "0.0",
        "dropoff_zero_intensity": "0.0"
      },
      "transform_carla": {
        "location": {
          "x": 105.0226058959961,
          "y": -33.012386322021484,
          "z": 2.196183204650879
        },
        "rotation": {
          "roll": 0.03304823860526085,
          "pitch": -0.1929323375225067,
          "yaw": -102.91654205322266
        }
      },
      "matrix_world_from_sensor_carla": [
        [
          -0.22353021800518036,
          0.974696934223175,
          -0.0001904914970509708,
          105.0226058959961
        ],
        [
          -0.9746911525726318,
          -0.22352954745292664,
          -0.00341102690435946,
          -33.012386322021484
        ],
        [
          -0.0033672982826828957,
          -0.0005767972324974835,
          0.999994158744812,
          2.196183204650879
        ],
        [
          0.0,
          0.0,
          0.0,
          1.0
        ]
      ],
      "matrix_world_from_sensor_bevfusion": [
        [
          -0.22353021800518036,
          -0.974696934223175,
          -0.0001904914970509708,
          105.0226058959961
        ],
        [
          0.9746911525726318,
          -0.22352954745292664,
          0.00341102690435946,
          33.012386322021484
        ],
        [
          -0.0033672982826828957,
          0.0005767972324974835,
          0.999994158744812,
          2.196183204650879
        ],
        [
          0.0,
          0.0,
          0.0,
          1.0
        ]
      ],
      "matrix_ego_from_sensor_carla": [
        [
          1.0,
          -1.1417583545281218e-09,
          -1.2135614735342415e-10,
          0.0
        ],
        [
          -3.182109575838865e-10,
          1.0,
          5.138315467556609e-11,
          0.0
        ],
        [
          -1.2135614735342415e-10,
          -6.824506237901318e-12,
          1.0,
          2.200000047683716
        ],
        [
          0.0,
          0.0,
          0.0,
          1.0
        ]
      ],
      "matrix_ego_from_sensor_bevfusion": [
        [
          1.0,
          1.1417583545281218e-09,
          -1.2135614735342415e-10,
          0.0
        ],
        [
          3.182109575838865e-10,
          1.0,
          -5.138315467556609e-11,
          0.0
        ],
        [
          -1.2135614735342415e-10,
          6.824506237901318e-12,
          1.0,
          2.200000047683716
        ],
        [
          0.0,
          0.0,
          0.0,
          1.0
        ]
      ],
      "data_path": "D:\\Agent-AI\\outputs\\s3a_ml_long_v1\\sample_000024\\lidar\\LIDAR_TOP.npy",
      "raw_layout": [
        "x",
        "y",
        "z",
        "intensity"
      ]
    },
    "RADAR_FRONT": {
      "type_id": "sensor.other.radar",
      "blueprint_attributes": {
        "sensor_tick": "0.100000",
        "role_name": "default",
        "noise_seed": "0",
        "ros_name": "sensor.other.radar",
        "horizontal_fov": "35.0",
        "points_per_second": "1500",
        "vertical_fov": "20.0",
        "range": "120.0"
      },
      "transform_carla": {
        "location": {
          "x": 104.57579803466797,
          "y": -34.957332611083984,
          "z": 0.8894562125205994
        },
        "rotation": {
          "roll": 0.03304823860526085,
          "pitch": -0.1929323375225067,
          "yaw": -102.91654205322266
        }
      },
      "matrix_world_from_sensor_carla": [
        [
          -0.22353021800518036,
          0.974696934223175,
          -0.0001904914970509708,
          104.57579803466797
        ],
        [
          -0.9746911525726318,
          -0.22352954745292664,
          -0.00341102690435946,
          -34.957332611083984
        ],
        [
          -0.0033672982826828957,
          -0.0005767972324974835,
          0.999994158744812,
          0.8894562125205994
        ],
        [
          0.0,
          0.0,
          0.0,
          1.0
        ]
      ],
      "matrix_world_from_sensor_bevfusion": [
        [
          -0.22353021800518036,
          -0.974696934223175,
          -0.0001904914970509708,
          104.57579803466797
        ],
        [
          0.9746911525726318,
          -0.22352954745292664,
          0.00341102690435946,
          34.957332611083984
        ],
        [
          -0.0033672982826828957,
          0.0005767972324974835,
          0.999994158744812,
          0.8894562125205994
        ],
        [
          0.0,
          0.0,
          0.0,
          1.0
        ]
      ],
      "matrix_ego_from_sensor_carla": [
        [
          1.0,
          -1.1417583545281218e-09,
          -1.2135614735342415e-10,
          1.9999961853027344
        ],
        [
          -3.182109575838865e-10,
          1.0,
          5.138315467556609e-11,
          7.62939453125e-06
        ],
        [
          -1.2135614735342415e-10,
          -6.824506237901318e-12,
          1.0,
          0.8999999761581421
        ],
        [
          0.0,
          0.0,
          0.0,
          1.0
        ]
      ],
      "matrix_ego_from_sensor_bevfusion": [
        [
          1.0,
          1.1417583545281218e-09,
          -1.2135614735342415e-10,
          1.9999961853027344
        ],
        [
          3.182109575838865e-10,
          1.0,
          -5.138315467556609e-11,
          -7.62939453125e-06
        ],
        [
          -1.2135614735342415e-10,
          6.824506237901318e-12,
          1.0,
          0.8999999761581421
        ],
        [
          0.0,
          0.0,
          0.0,
          1.0
        ]
      ],
      "data_path": "D:\\Agent-AI\\outputs\\s3a_ml_long_v1\\sample_000024\\radar\\RADAR_FRONT.npy",
      "raw_layout": [
        "velocity",
        "altitude",
        "azimuth",
        "depth"
      ]
    },
    "RADAR_FRONT_LEFT": {
      "type_id": "sensor.other.radar",
      "blueprint_attributes": {
        "sensor_tick": "0.100000",
        "role_name": "default",
        "noise_seed": "0",
        "ros_name": "sensor.other.radar",
        "horizontal_fov": "35.0",
        "points_per_second": "1500",
        "vertical_fov": "20.0",
        "range": "120.0"
      },
      "transform_carla": {
        "location": {
          "x": 103.92300415039062,
          "y": -34.448543548583984,
          "z": 0.8910673260688782
        },
        "rotation": {
          "roll": 0.15979236364364624,
          "pitch": -0.11305328458547592,
          "yaw": -147.91661071777344
        }
      },
      "matrix_world_from_sensor_carla": [
        [
          -0.8472743034362793,
          0.531155526638031,
          -0.00019046454690396786,
          103.92300415039062
        ],
        [
          -0.5311518907546997,
          -0.8472697734832764,
          -0.003411008045077324,
          -34.448543548583984
        ],
        [
          -0.0019731507636606693,
          -0.0027888936456292868,
          0.999994158744812,
          0.8910673260688782
        ],
        [
          0.0,
          0.0,
          0.0,
          1.0
        ]
      ],
      "matrix_world_from_sensor_bevfusion": [
        [
          -0.8472743034362793,
          -0.531155526638031,
          -0.00019046454690396786,
          103.92300415039062
        ],
        [
          0.5311518907546997,
          -0.8472697734832764,
          0.003411008045077324,
          34.448543548583984
        ],
        [
          -0.0019731507636606693,
          0.0027888936456292868,
          0.999994158744812,
          0.8910673260688782
        ],
        [
          0.0,
          0.0,
          0.0,
          1.0
        ]
      ],
      "matrix_ego_from_sensor_carla": [
        [
          0.7071071267127991,
          0.7071065306663513,
          -2.4568572953853618e-08,
          1.649998664855957
        ],
        [
          -0.7071064710617065,
          0.7071071863174438,
          2.211208638414064e-08,
          -0.7499923706054688
        ],
        [
          3.29460974057838e-08,
          2.3208008848030204e-09,
          1.0,
          0.8999999761581421
        ],
        [
          0.0,
          0.0,
          0.0,
          1.0
        ]
      ],
      "matrix_ego_from_sensor_bevfusion": [
        [
          0.7071071267127991,
          -0.7071065306663513,
          -2.4568572953853618e-08,
          1.649998664855957
        ],
        [
          0.7071064710617065,
          0.7071071863174438,
          -2.211208638414064e-08,
          0.7499923706054688
        ],
        [
          3.29460974057838e-08,
          -2.3208008848030204e-09,
          1.0,
          0.8999999761581421
        ],
        [
          0.0,
          0.0,
          0.0,
          1.0
        ]
      ],
      "data_path": "D:\\Agent-AI\\outputs\\s3a_ml_long_v1\\sample_000024\\radar\\RADAR_FRONT_LEFT.npy",
      "raw_layout": [
        "velocity",
        "altitude",
        "azimuth",
        "depth"
      ]
    },
    "RADAR_FRONT_RIGHT": {
      "type_id": "sensor.other.radar",
      "blueprint_attributes": {
        "sensor_tick": "0.100000",
        "role_name": "default",
        "noise_seed": "0",
        "ros_name": "sensor.other.radar",
        "horizontal_fov": "35.0",
        "points_per_second": "1500",
