{
  "schema_version": "stage1.v1",
  "sample_name": "sample_000019",
  "sequence_index": 19,
  "previous_sample_name": "sample_000018",
  "frame_id": 726292,
  "timestamp": 4999.094624746591,
  "platform_timestamp": 16813374.1664248,
  "delta_seconds": 0.10000000149011612,
  "town": "Carla/Maps/Town10HD_Opt",
  "weather": {
    "cloudiness": 20.0,
    "dust_storm": 0.0,
    "fog_density": 2.0,
    "fog_distance": 0.75,
    "fog_falloff": 0.10000000149011612,
    "mie_scattering_scale": 0.029999999329447746,
    "precipitation": 0.0,
    "precipitation_deposits": 0.0,
    "rayleigh_scattering_scale": 0.03310000151395798,
    "scattering_intensity": 1.0,
    "sun_altitude_angle": 45.0,
    "sun_azimuth_angle": 300.0,
    "wetness": 0.0,
    "wind_intensity": 10.0
  },
  "sensor_names": [
    "CAM_FRONT",
    "CAM_FRONT_RIGHT",
    "CAM_FRONT_LEFT",
    "CAM_BACK",
    "CAM_BACK_LEFT",
    "CAM_BACK_RIGHT",
    "LIDAR_TOP",
    "RADAR_FRONT",
    "RADAR_FRONT_LEFT",
    "RADAR_FRONT_RIGHT",
    "RADAR_BACK_LEFT",
    "RADAR_BACK_RIGHT"
  ],
  "camera_order_for_model": [
    "CAM_FRONT",
    "CAM_FRONT_RIGHT",
    "CAM_FRONT_LEFT",
    "CAM_BACK",
    "CAM_BACK_LEFT",
    "CAM_BACK_RIGHT"
  ],
  "radar_order_for_model": [
    "RADAR_FRONT",
    "RADAR_FRONT_LEFT",
    "RADAR_FRONT_RIGHT",
    "RADAR_BACK_LEFT",
    "RADAR_BACK_RIGHT"
  ],
  "coordinate_notes": {
    "carla_world": "left-handed x-forward y-right z-up",
    "bevfusion_lidar": "x-forward y-left z-up",
    "camera_frame_for_model": "OpenCV style x-right y-down z-forward"
  },
  "ego": {
    "actor_id": 49,
    "transform_carla": {
      "location": {
        "x": 105.15975189208984,
        "y": -32.447933197021484,
        "z": 0.0008379363571293652
      },
      "rotation": {
        "roll": 0.19830946624279022,
        "pitch": -1.4684700965881348,
        "yaw": -102.48542785644531
      }
    },
    "velocity_carla": [
      -0.38373950123786926,
      -1.5725045204162598,
      -0.0010727978078648448
    ],
    "angular_velocity_carla": [
      3.4895031452178955,
      -2.0365779399871826,
      -1.3322229385375977
    ],
    "matrix_world_from_ego_carla": [
      [
        -0.21612024307250977,
        0.9763643741607666,
        -0.0021609703544527292,
        105.15975189208984
      ],
      [
        -0.9760303497314453,
        -0.21610336005687714,
        -0.025768904015421867,
        -32.447933197021484
      ],
      [
        -0.025626832619309425,
        -0.0034600093495100737,
        0.9996656179428101,
        0.0008379363571293652
      ],
      [
        0.0,
        0.0,
        0.0,
        1.0
      ]
    ],
    "matrix_world_from_ego_bevfusion": [
      [
        -0.21612024307250977,
        -0.9763643741607666,
        -0.0021609703544527292,
        105.15975189208984
      ],
      [
        0.9760303497314453,
        -0.21610336005687714,
        0.025768904015421867,
        32.447933197021484
      ],
      [
        -0.025626832619309425,
        0.0034600093495100737,
        0.9996656179428101,
        0.0008379363571293652
      ],
      [
        0.0,
        0.0,
        0.0,
        1.0
      ]
    ]
  },
  "sensors": {
    "CAM_FRONT": {
      "type_id": "sensor.camera.rgb",
      "blueprint_attributes": {
        "role_name": "front",
        "ros_name": "sensor.camera.rgb",
        "chromatic_aberration_offset": "0.0",
        "sensor_tick": "0.100000",
        "fstop": "1.4",
        "image_size_x": "960",
        "image_size_y": "540",
        "fov": "70.00",
        "lens_circle_falloff": "5.0",
        "lens_circle_multiplier": "0.0",
        "exposure_compensation": "0.0",
        "lens_y_size": "0.08",
        "lens_k": "-1.0",
        "exposure_mode": "histogram",
        "lens_kcube": "0.0",
        "lens_x_size": "0.08",
        "exposure_max_bright": "12.0",
        "shutter_speed": "200.0",
        "bloom_intensity": "0.675",
        "iso": "100.0",
        "enable_postprocess_effects": "false",
        "gamma": "2.2",
        "motion_blur_intensity": "0.0",
        "motion_blur_max_distortion": "0.35",
        "lens_flare_intensity": "0.1",
        "motion_blur_min_object_screen_size": "0.1",
        "exposure_min_bright": "10.0",
        "exposure_speed_up": "3.0",
        "exposure_speed_down": "1.0",
        "tint": "0.0",
        "calibration_constant": "16.0",
        "focal_distance": "1000.0",
        "min_fstop": "1.2",
        "blade_count": "5",
        "blur_amount": "0.0",
        "blur_radius": "0.0",
        "slope": "0.88",
        "toe": "0.55",
        "white_clip": "0.04",
        "shoulder": "0.26",
        "black_clip": "0.0",
        "temp": "6500.0",
        "chromatic_aberration_intensity": "0.0"
      },
      "transform_carla": {
        "location": {
          "x": 104.82109069824219,
          "y": -34.00458526611328,
          "z": 1.6605477333068848
        },
        "rotation": {
          "roll": 0.19830946624279022,
          "pitch": -1.4684700965881348,
          "yaw": -102.48542785644531
        }
      },
      "matrix_world_from_sensor_carla": [
        [
          -0.21612024307250977,
          0.9763643741607666,
          -0.0021609703544527292,
          104.82109069824219
        ],
        [
          -0.9760303497314453,
          -0.21610336005687714,
          -0.025768904015421867,
          -34.00458526611328
        ],
        [
          -0.025626832619309425,
          -0.0034600093495100737,
          0.9996656179428101,
          1.6605477333068848
        ],
        [
          0.0,
          0.0,
          0.0,
          1.0
        ]
      ],
      "matrix_world_from_sensor_bevfusion": [
        [
          0.9763643741607666,
          0.0021609703544527292,
          -0.21612024307250977,
          104.82109069824219
        ],
        [
          0.21610336005687714,
          -0.025768904015421867,
          0.9760303497314453,
          34.00458526611328
        ],
        [
          -0.0034600093495100737,
          -0.9996656179428101,
          -0.025626832619309425,
          1.6605477333068848
        ],
        [
          0.0,
          0.0,
          0.0,
          1.0
        ]
      ],
      "matrix_ego_from_sensor_carla": [
        [
          1.0,
          -4.957663612970009e-09,
          -8.77321104653106e-10,
          1.5499982833862305
        ],
        [
          -2.9481901364647456e-09,
          1.0,
          2.9498015141626865e-11,
          0.0
        ],
        [
          6.501571503392256e-10,
          -2.2985278957943223e-10,
          1.0,
          1.6999996900558472
        ],
        [
          0.0,
          0.0,
          0.0,
          1.0
        ]
      ],
      "matrix_ego_from_sensor_bevfusion": [
        [
          -4.957663612970009e-09,
          8.77321104653106e-10,
          1.0,
          1.5499982833862305
        ],
        [
          -1.0,
          2.9498015141626865e-11,
          2.9481901364647456e-09,
          0.0
        ],
        [
          -2.2985278957943223e-10,
          -1.0,
          6.501571503392256e-10,
          1.6999996900558472
        ],
        [
          0.0,
          0.0,
          0.0,
          1.0
        ]
      ],
      "camera_intrinsics": [
        [
          685.5110473632812,
          0.0,
          480.0
        ],
        [
          0.0,
          685.5110473632812,
          270.0
        ],
        [
          0.0,
          0.0,
          1.0
        ]
      ],
      "data_path": "D:\\Agent-AI\\outputs\\s3a_ml_long_v1\\sample_000019\\images\\CAM_FRONT.png",
      "raw_layout": "bgra8"
    },
    "CAM_FRONT_RIGHT": {
      "type_id": "sensor.camera.rgb",
      "blueprint_attributes": {
        "role_name": "front",
        "ros_name": "sensor.camera.rgb",
        "chromatic_aberration_offset": "0.0",
        "sensor_tick": "0.100000",
        "fstop": "1.4",
        "image_size_x": "960",
        "image_size_y": "540",
        "fov": "70.00",
        "lens_circle_falloff": "5.0",
        "lens_circle_multiplier": "0.0",
        "exposure_compensation": "0.0",
        "lens_y_size": "0.08",
        "lens_k": "-1.0",
        "exposure_mode": "histogram",
        "lens_kcube": "0.0",
        "lens_x_size": "0.08",
        "exposure_max_bright": "12.0",
        "shutter_speed": "200.0",
        "bloom_intensity": "0.675",
        "iso": "100.0",
        "enable_postprocess_effects": "false",
        "gamma": "2.2",
        "motion_blur_intensity": "0.0",
        "motion_blur_max_distortion": "0.35",
        "lens_flare_intensity": "0.1",
        "motion_blur_min_object_screen_size": "0.1",
        "exposure_min_bright": "10.0",
        "exposure_speed_up": "3.0",
        "exposure_speed_down": "1.0",
        "tint": "0.0",
        "calibration_constant": "16.0",
        "focal_distance": "1000.0",
        "min_fstop": "1.2",
        "blade_count": "5",
        "blur_amount": "0.0",
        "blur_radius": "0.0",
        "slope": "0.88",
        "toe": "0.55",
        "white_clip": "0.04",
        "shoulder": "0.26",
        "black_clip": "0.0",
        "temp": "6500.0",
        "chromatic_aberration_intensity": "0.0"
      },
      "transform_carla": {
        "location": {
          "x": 105.41212463378906,
          "y": -33.87943649291992,
          "z": 1.6650515794754028
        },
        "rotation": {
          "roll": -1.0892975330352783,
          "pitch": -1.0046319961547852,
          "yaw": -47.47330856323242
        }
      },
      "matrix_world_from_sensor_carla": [
        [
          0.6758297085762024,
          0.737054705619812,
          -0.0021609989926218987,
          105.41212463378906
        ],
        [
          -0.7368492484092712,
          0.6755658388137817,
          -0.025768965482711792,
          -33.87943649291992
        ],
        [
          -0.017533238977193832,
          0.019007761031389236,
          0.9996655583381653,
          1.6650515794754028
        ],
        [
          0.0,
          0.0,
          0.0,
          1.0
        ]
      ],
      "matrix_world_from_sensor_bevfusion": [
        [
          0.737054705619812,
          0.0021609989926218987,
          0.6758297085762024,
          105.41212463378906
        ],
        [
          -0.6755658388137817,
          -0.025768965482711792,
          0.7368492484092712,
          33.87943649291992
        ],
        [
          0.019007761031389236,
          -0.9996655583381653,
          -0.017533238977193832,
          1.6650515794754028
        ],
        [
          0.0,
          0.0,
          0.0,
          1.0
        ]
      ],
      "matrix_ego_from_sensor_carla": [
        [
          0.5735760927200317,
          -0.8191523551940918,
          6.77053790809623e-08,
          1.2999982833862305
        ],
        [
          0.819152295589447,
          0.5735761523246765,
          -1.4432600003999596e-08,
          0.5500030517578125
        ],
        [
          -2.5838380324216814e-08,
          5.982535355997243e-08,
          0.9999999403953552,
          1.6999999284744263
        ],
        [
          0.0,
          0.0,
          0.0,
          1.0
        ]
      ],
      "matrix_ego_from_sensor_bevfusion": [
        [
          -0.8191523551940918,
          -6.77053790809623e-08,
          0.5735760927200317,
          1.2999982833862305
        ],
        [
          -0.5735761523246765,
          -1.4432600003999596e-08,
          -0.819152295589447,
          -0.5500030517578125
        ],
        [
          5.982535355997243e-08,
          -0.9999999403953552,
          -2.5838380324216814e-08,
          1.6999999284744263
        ],
        [
          0.0,
          0.0,
          0.0,
          1.0
        ]
      ],
      "camera_intrinsics": [
        [
          685.5110473632812,
          0.0,
          480.0
        ],
        [
          0.0,
          685.5110473632812,
          270.0
        ],
        [
          0.0,
          0.0,
          1.0
        ]
      ],
      "data_path": "D:\\Agent-AI\\outputs\\s3a_ml_long_v1\\sample_000019\\images\\CAM_FRONT_RIGHT.png",
      "raw_layout": "bgra8"
    },
    "CAM_FRONT_LEFT": {
      "type_id": "sensor.camera.rgb",
      "blueprint_attributes": {
        "role_name": "front",
        "ros_name": "sensor.camera.rgb",
        "chromatic_aberration_offset": "0.0",
        "sensor_tick": "0.100000",
        "fstop": "1.4",
        "image_size_x": "960",
        "image_size_y": "540",
        "fov": "70.00",
        "lens_circle_falloff": "5.0",
        "lens_circle_multiplier": "0.0",
        "exposure_compensation": "0.0",
        "lens_y_size": "0.08",
        "lens_k": "-1.0",
        "exposure_mode": "histogram",
        "lens_kcube": "0.0",
        "lens_x_size": "0.08",
        "exposure_max_bright": "12.0",
        "shutter_speed": "200.0",
        "bloom_intensity": "0.675",
        "iso": "100.0",
        "enable_postprocess_effects": "false",
        "gamma": "2.2",
        "motion_blur_intensity": "0.0",
        "motion_blur_max_distortion": "0.35",
        "lens_flare_intensity": "0.1",
        "motion_blur_min_object_screen_size": "0.1",
        "exposure_min_bright": "10.0",
        "exposure_speed_up": "3.0",
        "exposure_speed_down": "1.0",
        "tint": "0.0",
        "calibration_constant": "16.0",
        "focal_distance": "1000.0",
        "min_fstop": "1.2",
        "blade_count": "5",
        "blur_amount": "0.0",
        "blur_radius": "0.0",
        "slope": "0.88",
        "toe": "0.55",
        "white_clip": "0.04",
        "shoulder": "0.26",
        "black_clip": "0.0",
        "temp": "6500.0",
        "chromatic_aberration_intensity": "0.0"
      },
      "transform_carla": {
        "location": {
          "x": 104.33811950683594,
          "y": -33.641719818115234,
          "z": 1.6688573360443115
        },
        "rotation": {
          "roll": 1.316689372062683,
          "pitch": -0.6798086762428284,
          "yaw": -157.49069213867188
        }
      },
      "matrix_world_from_sensor_carla": [
        [
          -0.9237523078918457,
          0.3829842805862427,
          -0.002160891890525818,
          104.33811950683594
        ],
        [
          -0.38280656933784485,
          -0.9234690070152283,
          -0.025768950581550598,
          -33.641719818115234
        ],
        [
          -0.011864621192216873,
          -0.02297692559659481,
          0.9996655583381653,
          1.6688573360443115
        ],
        [
          0.0,
          0.0,
          0.0,
          1.0
        ]
      ],
      "matrix_world_from_sensor_bevfusion": [
        [
          0.3829842805862427,
          0.002160891890525818,
          -0.9237523078918457,
          104.33811950683594
        ],
        [
          0.9234690070152283,
          -0.025768950581550598,
          0.38280656933784485,
          33.641719818115234
        ],
        [
          -0.02297692559659481,
          -0.9996655583381653,
          -0.011864621192216873,
          1.6688573360443115
        ],
        [
          0.0,
          0.0,
          0.0,
          1.0
        ]
      ],
      "matrix_ego_from_sensor_carla": [
        [
          0.5735765099525452,
          0.8191519975662231,
          3.045247964905684e-08,
          1.299997329711914
        ],
        [
          -0.8191519975662231,
          0.5735765099525452,
          8.684872909725527e-08,
          -0.5500030517578125
        ],
        [
          5.36748459012415e-08,
          -7.533851231755762e-08,
          0.9999999403953552,
          1.6999996900558472
        ],
        [
          0.0,
          0.0,
          0.0,
          1.0
        ]
      ],
      "matrix_ego_from_sensor_bevfusion": [
        [
          0.8191519975662231,
          -3.045247964905684e-08,
          0.5735765099525452,
          1.299997329711914
        ],
        [
          -0.5735765099525452,
          8.684872909725527e-08,
          0.8191519975662231,
          0.5500030517578125
        ],
        [
          -7.533851231755762e-08,
          -0.9999999403953552,
          5.36748459012415e-08,
          1.6999996900558472
        ],
        [
          0.0,
          0.0,
          0.0,
          1.0
        ]
      ],
      "camera_intrinsics": [
        [
          685.5110473632812,
          0.0,
          480.0
        ],
        [
          0.0,
          685.5110473632812,
          270.0
        ],
        [
          0.0,
          0.0,
          1.0
        ]
      ],
      "data_path": "D:\\Agent-AI\\outputs\\s3a_ml_long_v1\\sample_000019\\images\\CAM_FRONT_LEFT.png",
      "raw_layout": "bgra8"
    },
    "CAM_BACK": {
      "type_id": "sensor.camera.rgb",
      "blueprint_attributes": {
        "role_name": "front",
        "ros_name": "sensor.camera.rgb",
        "chromatic_aberration_offset": "0.0",
        "sensor_tick": "0.100000",
        "fstop": "1.4",
        "image_size_x": "960",
        "image_size_y": "540",
        "fov": "70.00",
        "lens_circle_falloff": "5.0",
        "lens_circle_multiplier": "0.0",
        "exposure_compensation": "0.0",
        "lens_y_size": "0.08",
        "lens_k": "-1.0",
        "exposure_mode": "histogram",
        "lens_kcube": "0.0",
        "lens_x_size": "0.08",
        "exposure_max_bright": "12.0",
        "shutter_speed": "200.0",
        "bloom_intensity": "0.675",
        "iso": "100.0",
        "enable_postprocess_effects": "false",
        "gamma": "2.2",
        "motion_blur_intensity": "0.0",
        "motion_blur_max_distortion": "0.35",
        "lens_flare_intensity": "0.1",
        "motion_blur_min_object_screen_size": "0.1",
        "exposure_min_bright": "10.0",
        "exposure_speed_up": "3.0",
        "exposure_speed_down": "1.0",
        "tint": "0.0",
        "calibration_constant": "16.0",
        "focal_distance": "1000.0",
        "min_fstop": "1.2",
        "blade_count": "5",
        "blur_amount": "0.0",
        "blur_radius": "0.0",
        "slope": "0.88",
        "toe": "0.55",
        "white_clip": "0.04",
        "shoulder": "0.26",
        "black_clip": "0.0",
        "temp": "6500.0",
        "chromatic_aberration_intensity": "0.0"
      },
      "transform_carla": {
        "location": {
          "x": 105.49105834960938,
          "y": -30.978891372680664,
          "z": 1.7399910688400269
        },
        "rotation": {
          "roll": -0.1983088254928589,
          "pitch": 1.4684700965881348,
          "yaw": 77.51456451416016
        }
      },
      "matrix_world_from_sensor_carla": [
        [
          0.2161203920841217,
          -0.9763643741607666,
          -0.0021609850227832794,
          105.49105834960938
        ],
        [
          0.9760303497314453,
          0.21610350906848907,
          -0.025768902152776718,
          -30.978891372680664
        ],
        [
          0.025626832619309425,
          0.0034599981736391783,
          0.9996656179428101,
          1.7399910688400269
        ],
        [
          0.0,
          0.0,
          0.0,
          1.0
        ]
      ],
      "matrix_world_from_sensor_bevfusion": [
        [
          -0.9763643741607666,
          0.0021609850227832794,
          0.2161203920841217,
          105.49105834960938
        ],
        [
          -0.21610350906848907,
          -0.025768902152776718,
          -0.9760303497314453,
          30.978891372680664
        ],
        [
          0.0034599981736391783,
          -0.9996656179428101,
          0.025626832619309425,
          1.7399910688400269
        ],
        [
          0.0,
          0.0,
          0.0,
          1.0
        ]
      ],
      "matrix_ego_from_sensor_carla": [
        [
          -1.0,
          -1.401950555646181e-07,
          9.85324044577851e-10,
          -1.5500011444091797
        ],
        [
          1.3705863466384471e-07,
          -1.0,
          -1.4638832368518706e-08,
          -7.62939453125e-06
        ],
        [
          -6.501571503392256e-10,
          -1.4900401801298813e-08,
          1.0,
          1.6999999284744263
        ],
        [
          0.0,
          0.0,
          0.0,
          1.0
        ]
      ],
      "matrix_ego_from_sensor_bevfusion": [
        [
          -1.401950555646181e-07,
          -9.85324044577851e-10,
          -1.0,
          -1.5500011444091797
        ],
        [
          1.0,
          -1.4638832368518706e-08,
          -1.3705863466384471e-07,
          7.62939453125e-06
        ],
        [
          -1.4900401801298813e-08,
          -1.0,
          -6.501571503392256e-10,
          1.6999999284744263
        ],
        [
          0.0,
          0.0,
          0.0,
          1.0
        ]
      ],
      "camera_intrinsics": [
        [
          685.5110473632812,
          0.0,
          480.0
        ],
        [
          0.0,
          685.5110473632812,
          270.0
        ],
        [
          0.0,
          0.0,
          1.0
        ]
      ],
      "data_path": "D:\\Agent-AI\\outputs\\s3a_ml_long_v1\\sample_000019\\images\\CAM_BACK.png",
      "raw_layout": "bgra8"
    },
    "CAM_BACK_LEFT": {
      "type_id": "sensor.camera.rgb",
      "blueprint_attributes": {
        "role_name": "front",
        "ros_name": "sensor.camera.rgb",
        "chromatic_aberration_offset": "0.0",
        "sensor_tick": "0.100000",
        "fstop": "1.4",
        "image_size_x": "960",
        "image_size_y": "540",
        "fov": "70.00",
        "lens_circle_falloff": "5.0",
        "lens_circle_multiplier": "0.0",
        "exposure_compensation": "0.0",
        "lens_y_size": "0.08",
        "lens_k": "-1.0",
        "exposure_mode": "histogram",
        "lens_kcube": "0.0",
        "lens_x_size": "0.08",
        "exposure_max_bright": "12.0",
        "shutter_speed": "200.0",
        "bloom_intensity": "0.675",
        "iso": "100.0",
        "enable_postprocess_effects": "false",
        "gamma": "2.2",
        "motion_blur_intensity": "0.0",
        "motion_blur_max_distortion": "0.35",
        "lens_flare_intensity": "0.1",
        "motion_blur_min_object_screen_size": "0.1",
        "exposure_min_bright": "10.0",
        "exposure_speed_up": "3.0",
        "exposure_speed_down": "1.0",
        "tint": "0.0",
        "calibration_constant": "16.0",
        "focal_distance": "1000.0",
        "min_fstop": "1.2",
        "blade_count": "5",
        "blur_amount": "0.0",
        "blur_radius": "0.0",
        "slope": "0.88",
        "toe": "0.55",
        "white_clip": "0.04",
        "shoulder": "0.26",
        "black_clip": "0.0",
        "temp": "6500.0",
        "chromatic_aberration_intensity": "0.0"
      },
      "transform_carla": {
        "location": {
          "x": 104.90003967285156,
          "y": -31.104042053222656,
          "z": 1.7354873418807983
        },
        "rotation": {
          "roll": 1.0892977714538574,
          "pitch": 1.0046319961547852,
          "yaw": 132.52667236328125
        }
      },
      "matrix_world_from_sensor_carla": [
        [
          -0.6758293509483337,
          -0.7370550036430359,
          -0.0021610138937830925,
          104.90003967285156
        ],
        [
          0.7368495464324951,
          -0.6755654811859131,
          -0.025768965482711792,
          -31.104042053222656
        ],
        [
          0.017533238977193832,
          -0.019007764756679535,
          0.9996655583381653,
          1.7354873418807983
        ],
        [
          0.0,
          0.0,
          0.0,
          1.0
        ]
      ],
      "matrix_world_from_sensor_bevfusion": [
        [
          -0.7370550036430359,
          0.0021610138937830925,
          -0.6758293509483337,
          104.90003967285156
        ],
        [
          0.6755654811859131,
          -0.025768965482711792,
          -0.7368495464324951,
          31.104042053222656
        ],
        [
          -0.019007764756679535,
          -0.9996655583381653,
          0.017533238977193832,
          1.7354873418807983
        ],
        [
          0.0,
          0.0,
          0.0,
          1.0
        ]
      ],
      "matrix_ego_from_sensor_carla": [
        [
          -0.5735764503479004,
          0.8191520571708679,
          7.143066937942422e-08,
          -1.3000035285949707
        ],
        [
          -0.8191520571708679,
          -0.5735765099525452,
          -2.8868099022361093e-08,
          -0.5499954223632812
        ],
        [
          1.652515457806203e-08,
          -7.099997390014323e-08,
          0.9999999403953552,
          1.6999999284744263
        ],
        [
          0.0,
          0.0,
          0.0,
          1.0
        ]
      ],
      "matrix_ego_from_sensor_bevfusion": [
        [
          0.8191520571708679,
          -7.143066937942422e-08,
          -0.5735764503479004,
          -1.3000035285949707
        ],
        [
          0.5735765099525452,
          -2.8868099022361093e-08,
          0.8191520571708679,
          0.5499954223632812
        ],
        [
          -7.099997390014323e-08,
          -0.9999999403953552,
          1.652515457806203e-08,
          1.6999999284744263
        ],
        [
          0.0,
          0.0,
          0.0,
          1.0
        ]
      ],
      "camera_intrinsics": [
        [
          685.5110473632812,
          0.0,
          480.0
        ],
        [
          0.0,
          685.5110473632812,
          270.0
        ],
        [
          0.0,
          0.0,
          1.0
        ]
      ],
      "data_path": "D:\\Agent-AI\\outputs\\s3a_ml_long_v1\\sample_000019\\images\\CAM_BACK_LEFT.png",
      "raw_layout": "bgra8"
    },
    "CAM_BACK_RIGHT": {
      "type_id": "sensor.camera.rgb",
      "blueprint_attributes": {
        "role_name": "front",
        "ros_name": "sensor.camera.rgb",
        "chromatic_aberration_offset": "0.0",
        "sensor_tick": "0.100000",
        "fstop": "1.4",
        "image_size_x": "960",
        "image_size_y": "540",
        "fov": "70.00",
        "lens_circle_falloff": "5.0",
        "lens_circle_multiplier": "0.0",
        "exposure_compensation": "0.0",
        "lens_y_size": "0.08",
        "lens_k": "-1.0",
        "exposure_mode": "histogram",
        "lens_kcube": "0.0",
        "lens_x_size": "0.08",
        "exposure_max_bright": "12.0",
        "shutter_speed": "200.0",
        "bloom_intensity": "0.675",
        "iso": "100.0",
        "enable_postprocess_effects": "false",
        "gamma": "2.2",
        "motion_blur_intensity": "0.0",
        "motion_blur_max_distortion": "0.35",
        "lens_flare_intensity": "0.1",
        "motion_blur_min_object_screen_size": "0.1",
        "exposure_min_bright": "10.0",
        "exposure_speed_up": "3.0",
        "exposure_speed_down": "1.0",
        "tint": "0.0",
        "calibration_constant": "16.0",
        "focal_distance": "1000.0",
        "min_fstop": "1.2",
        "blade_count": "5",
        "blur_amount": "0.0",
        "blur_radius": "0.0",
        "slope": "0.88",
        "toe": "0.55",
        "white_clip": "0.04",
        "shoulder": "0.26",
        "black_clip": "0.0",
        "temp": "6500.0",
        "chromatic_aberration_intensity": "0.0"
      },
      "transform_carla": {
        "location": {
          "x": 105.97403717041016,
          "y": -31.34175682067871,
          "z": 1.7316814661026
        },
        "rotation": {
          "roll": -1.3166894912719727,
          "pitch": 0.6798086762428284,
          "yaw": 22.509288787841797
        }
      },
      "matrix_world_from_sensor_carla": [
        [
          0.9237524271011353,
          -0.3829839527606964,
          -0.0021609002724289894,
          105.97403717041016
        ],
        [
          0.3828062415122986,
          0.9234691262245178,
          -0.025768950581550598,
          -31.34175682067871
        ],
        [
          0.011864621192216873,
          0.02297692745923996,
          0.9996655583381653,
          1.7316814661026
        ],
        [
          0.0,
          0.0,
          0.0,
          1.0
        ]
      ],
      "matrix_world_from_sensor_bevfusion": [
        [
          -0.3829839527606964,
          0.0021609002724289894,
          0.9237524271011353,
          105.97403717041016
        ],
        [
          -0.9234691262245178,
          -0.025768950581550598,
          -0.3828062415122986,
          31.34175682067871
        ],
        [
          0.02297692745923996,
          -0.9996655583381653,
          0.011864621192216873,
          1.7316814661026
        ],
        [
          0.0,
          0.0,
          0.0,
          1.0
        ]
      ],
      "matrix_ego_from_sensor_carla": [
        [
          -0.5735762119293213,
          -0.8191521763801575,
          3.23151247982878e-08,
          -1.3000001907348633
        ],
        [
          0.8191521763801575,
          -0.5735761523246765,
          7.869965656936984e-08,
          0.5500030517578125
        ],
        [
          -4.622426530431767e-08,
          7.347524189071919e-08,
          0.9999999403953552,
          1.6999999284744263
        ],
        [
          0.0,
          0.0,
          0.0,
          1.0
        ]
      ],
      "matrix_ego_from_sensor_bevfusion": [
        [
          -0.8191521763801575,
          -3.23151247982878e-08,
          -0.5735762119293213,
          -1.3000001907348633
        ],
        [
          0.5735761523246765,
          7.869965656936984e-08,
          -0.8191521763801575,
          -0.5500030517578125
        ],
        [
          7.347524189071919e-08,
          -0.9999999403953552,
          -4.622426530431767e-08,
          1.6999999284744263
        ],
        [
          0.0,
          0.0,
          0.0,
          1.0
        ]
      ],
      "camera_intrinsics": [
        [
          685.5110473632812,
          0.0,
          480.0
        ],
        [
          0.0,
          685.5110473632812,
          270.0
        ],
        [
          0.0,
          0.0,
          1.0
        ]
      ],
      "data_path": "D:\\Agent-AI\\outputs\\s3a_ml_long_v1\\sample_000019\\images\\CAM_BACK_RIGHT.png",
      "raw_layout": "bgra8"
    },
    "LIDAR_TOP": {
      "type_id": "sensor.lidar.ray_cast",
      "blueprint_attributes": {
        "atmosphere_attenuation_rate": "0.004",
        "role_name": "front",
        "noise_seed": "0",
        "upper_fov": "10.0",
        "ros_name": "sensor.lidar.ray_cast",
        "sensor_tick": "0.100000",
        "channels": "32",
        "range": "120.0",
        "points_per_second": "360000",
        "lower_fov": "-30.0",
        "rotation_frequency": "10.000000",
        "horizontal_fov": "360.0",
        "dropoff_general_rate": "0.0",
        "dropoff_intensity_limit": "1.0",
        "noise_stddev": "0.0",
        "dropoff_zero_intensity": "0.0"
      },
      "transform_carla": {
        "location": {
          "x": 105.15499877929688,
          "y": -32.50462341308594,
          "z": 2.2001020908355713
        },
        "rotation": {
          "roll": 0.19830946624279022,
          "pitch": -1.4684700965881348,
          "yaw": -102.48542785644531
        }
      },
      "matrix_world_from_sensor_carla": [
        [
          -0.21612024307250977,
          0.9763643741607666,
          -0.0021609703544527292,
          105.15499877929688
        ],
        [
          -0.9760303497314453,
          -0.21610336005687714,
          -0.025768904015421867,
          -32.50462341308594
        ],
        [
          -0.025626832619309425,
          -0.0034600093495100737,
          0.9996656179428101,
          2.2001020908355713
        ],
        [
          0.0,
          0.0,
          0.0,
          1.0
        ]
      ],
      "matrix_world_from_sensor_bevfusion": [
        [
          -0.21612024307250977,
          -0.9763643741607666,
          -0.0021609703544527292,
          105.15499877929688
        ],
        [
          0.9760303497314453,
          -0.21610336005687714,
          0.025768904015421867,
          32.50462341308594
        ],
        [
          -0.025626832619309425,
          0.0034600093495100737,
          0.9996656179428101,
          2.2001020908355713
        ],
        [
          0.0,
          0.0,
          0.0,
          1.0
        ]
      ],
      "matrix_ego_from_sensor_carla": [
        [
          1.0,
          -4.957663612970009e-09,
          -8.77321104653106e-10,
          -9.5367431640625e-07
        ],
        [
          -2.9481901364647456e-09,
          1.0,
          2.9498015141626865e-11,
          0.0
        ],
        [
          6.501571503392256e-10,
          -2.2985278957943223e-10,
          1.0,
          2.1999998092651367
        ],
        [
          0.0,
          0.0,
          0.0,
          1.0
        ]
      ],
      "matrix_ego_from_sensor_bevfusion": [
        [
          1.0,
          4.957663612970009e-09,
          -8.77321104653106e-10,
          -9.5367431640625e-07
        ],
        [
          2.9481901364647456e-09,
          1.0,
          -2.9498015141626865e-11,
          0.0
        ],
        [
          6.501571503392256e-10,
          2.2985278957943223e-10,
          1.0,
          2.1999998092651367
        ],
        [
          0.0,
          0.0,
          0.0,
          1.0
        ]
      ],
      "data_path": "D:\\Agent-AI\\outputs\\s3a_ml_long_v1\\sample_000019\\lidar\\LIDAR_TOP.npy",
      "raw_layout": [
        "x",
        "y",
        "z",
        "intensity"
      ]
    },
    "RADAR_FRONT": {
      "type_id": "sensor.other.radar",
      "blueprint_attributes": {
        "sensor_tick": "0.100000",
        "role_name": "default",
        "noise_seed": "0",
        "ros_name": "sensor.other.radar",
        "horizontal_fov": "35.0",
        "points_per_second": "1500",
        "vertical_fov": "20.0",
        "range": "120.0"
      },
      "transform_carla": {
        "location": {
          "x": 104.7255630493164,
          "y": -34.42318344116211,
          "z": 0.8492830395698547
        },
        "rotation": {
          "roll": 0.19830946624279022,
          "pitch": -1.4684700965881348,
          "yaw": -102.48542785644531
        }
      },
      "matrix_world_from_sensor_carla": [
        [
          -0.21612024307250977,
          0.9763643741607666,
          -0.0021609703544527292,
          104.7255630493164
        ],
        [
          -0.9760303497314453,
          -0.21610336005687714,
          -0.025768904015421867,
          -34.42318344116211
        ],
        [
          -0.025626832619309425,
          -0.0034600093495100737,
          0.9996656179428101,
          0.8492830395698547
        ],
        [
          0.0,
          0.0,
          0.0,
          1.0
        ]
      ],
      "matrix_world_from_sensor_bevfusion": [
        [
          -0.21612024307250977,
          -0.9763643741607666,
          -0.0021609703544527292,
          104.7255630493164
        ],
        [
          0.9760303497314453,
          -0.21610336005687714,
          0.025768904015421867,
          34.42318344116211
        ],
        [
          -0.025626832619309425,
          0.0034600093495100737,
          0.9996656179428101,
          0.8492830395698547
        ],
        [
          0.0,
          0.0,
          0.0,
          1.0
        ]
      ],
      "matrix_ego_from_sensor_carla": [
        [
          1.0,
          -4.957663612970009e-09,
          -8.77321104653106e-10,
          1.9999980926513672
        ],
        [
          -2.9481901364647456e-09,
          1.0,
          2.9498015141626865e-11,
          -7.62939453125e-06
        ],
        [
          6.501571503392256e-10,
          -2.2985278957943223e-10,
          1.0,
          0.8999996185302734
        ],
        [
          0.0,
          0.0,
          0.0,
          1.0
        ]
      ],
      "matrix_ego_from_sensor_bevfusion": [
        [
          1.0,
          4.957663612970009e-09,
          -8.77321104653106e-10,
          1.9999980926513672
        ],
        [
          2.9481901364647456e-09,
          1.0,
          -2.9498015141626865e-11,
          7.62939453125e-06
        ],
        [
          6.501571503392256e-10,
          2.2985278957943223e-10,
          1.0,
          0.8999996185302734
        ],
        [
          0.0,
          0.0,
          0.0,
          1.0
        ]
      ],
      "data_path": "D:\\Agent-AI\\outputs\\s3a_ml_long_v1\\sample_000019\\radar\\RADAR_FRONT.npy",
      "raw_layout": [
        "velocity",
        "altitude",
        "azimuth",
        "depth"
      ]
    },
    "RADAR_FRONT_LEFT": {
      "type_id": "sensor.other.radar",
      "blueprint_attributes": {
        "sensor_tick": "0.100000",
        "role_name": "default",
        "noise_seed": "0",
        "ros_name": "sensor.other.radar",
        "horizontal_fov": "35.0",
        "points_per_second": "1500",
        "vertical_fov": "20.0",
        "range": "120.0"
      },
      "transform_carla": {
        "location": {
          "x": 104.06893157958984,
          "y": -33.91949462890625,
          "z": 0.860847532749176
        },
        "rotation": {
          "roll": 1.1786627769470215,
          "pitch": -0.8981083631515503,
          "yaw": -147.49209594726562
        }
      },
      "matrix_world_from_sensor_carla": [
        [
          -0.843213677406311,
          0.5375742316246033,
          -0.0021609170362353325,
          104.06893157958984
        ],
        [
          -0.5373499989509583,
          -0.8429655432701111,
          -0.025768958032131195,
          -33.91949462890625
        ],
        [
          -0.015674306079745293,
          -0.02056756801903248,
          0.9996655583381653,
          0.860847532749176
        ],
        [
          0.0,
          0.0,
          0.0,
          1.0
        ]
      ],
      "matrix_world_from_sensor_bevfusion": [
        [
          -0.843213677406311,
          -0.5375742316246033,
          -0.0021609170362353325,
          104.06893157958984
        ],
        [
          0.5373499989509583,
          -0.8429655432701111,
          0.025768958032131195,
          33.91949462890625
        ],
        [
          -0.015674306079745293,
          0.02056756801903248,
          0.9996655583381653,
          0.860847532749176
        ],
        [
          0.0,
          0.0,
          0.0,
          1.0
        ]
      ],
      "matrix_ego_from_sensor_carla": [
        [
          0.7071071863174438,
          0.7071064114570618,
          4.349099569367354e-08,
          1.6499996185302734
        ],
        [
          -0.7071064114570618,
          0.7071071863174438,
          6.403132601917605e-08,
          -0.75
        ],
        [
          1.7421330156253134e-08,
          -7.274007174373764e-08,
          0.9999999403953552,
          0.899999737739563
        ],
        [
          0.0,
          0.0,
          0.0,
          1.0
        ]
      ],
      "matrix_ego_from_sensor_bevfusion": [
        [
          0.7071071863174438,
          -0.7071064114570618,
          4.349099569367354e-08,
          1.6499996185302734
        ],
        [
          0.7071064114570618,
          0.7071071863174438,
          -6.403132601917605e-08,
          0.75
        ],
        [
          1.7421330156253134e-08,
          7.274007174373764e-08,
          0.9999999403953552,
          0.899999737739563
        ],
        [
          0.0,
          0.0,
          0.0,
          1.0
        ]
      ],
      "data_path": "D:\\Agent-AI\\outputs\\s3a_ml_long_v1\\sample_000019\\radar\\RADAR_FRONT_LEFT.npy",
      "raw_layout": [
        "velocity",
        "altitude",
        "azimuth",
        "depth"
      ]
    },
    "RADAR_FRONT_RIGHT": {
      "type_id": "sensor.other.radar",
      "blueprint_attributes": {
        "sensor_tick": "0.100000",
        "role_name": "default",
