{
  "schema_version": "stage1.v1",
  "sample_name": "sample_000024",
  "sequence_index": 24,
  "previous_sample_name": "sample_000023",
  "frame_id": 3944,
  "timestamp": 41.53108658269048,
  "platform_timestamp": 16816492.3623094,
  "delta_seconds": 0.10000000149011612,
  "town": "Carla/Maps/Town10HD_Opt",
  "weather": {
    "cloudiness": 20.0,
    "dust_storm": 0.0,
    "fog_density": 2.0,
    "fog_distance": 0.75,
    "fog_falloff": 0.10000000149011612,
    "mie_scattering_scale": 0.029999999329447746,
    "precipitation": 0.0,
    "precipitation_deposits": 0.0,
    "rayleigh_scattering_scale": 0.03310000151395798,
    "scattering_intensity": 1.0,
    "sun_altitude_angle": 45.0,
    "sun_azimuth_angle": 300.0,
    "wetness": 0.0,
    "wind_intensity": 10.0
  },
  "sensor_names": [
    "CAM_FRONT",
    "CAM_FRONT_RIGHT",
    "CAM_FRONT_LEFT",
    "CAM_BACK",
    "CAM_BACK_LEFT",
    "CAM_BACK_RIGHT",
    "LIDAR_TOP",
    "RADAR_FRONT",
    "RADAR_FRONT_LEFT",
    "RADAR_FRONT_RIGHT",
    "RADAR_BACK_LEFT",
    "RADAR_BACK_RIGHT"
  ],
  "camera_order_for_model": [
    "CAM_FRONT",
    "CAM_FRONT_RIGHT",
    "CAM_FRONT_LEFT",
    "CAM_BACK",
    "CAM_BACK_LEFT",
    "CAM_BACK_RIGHT"
  ],
  "radar_order_for_model": [
    "RADAR_FRONT",
    "RADAR_FRONT_LEFT",
    "RADAR_FRONT_RIGHT",
    "RADAR_BACK_LEFT",
    "RADAR_BACK_RIGHT"
  ],
  "coordinate_notes": {
    "carla_world": "left-handed x-forward y-right z-up",
    "bevfusion_lidar": "x-forward y-left z-up",
    "camera_frame_for_model": "OpenCV style x-right y-down z-forward"
  },
  "ego": {
    "actor_id": 24,
    "transform_carla": {
      "location": {
        "x": 108.46878814697266,
        "y": -33.65053939819336,
        "z": 0.000478019705042243
      },
      "rotation": {
        "roll": 0.1129622682929039,
        "pitch": -1.3977024555206299,
        "yaw": -103.4027099609375
      }
    },
    "velocity_carla": [
      -0.12832872569561005,
      -0.49057111144065857,
      0.0012549685779958963
    ],
    "angular_velocity_carla": [
      -6.404932022094727,
      1.309059500694275,
      0.12194480001926422
    ],
    "matrix_world_from_ego_carla": [
      [
        -0.23172497749328613,
        0.9727741479873657,
        -0.0037360608112066984,
        108.46878814697266
      ],
      [
        -0.9724754691123962,
        -0.23174670338630676,
        -0.02418471872806549,
        -33.65053939819336
      ],
      [
        -0.02439209073781967,
        -0.001970975659787655,
        0.9997004866600037,
        0.000478019705042243
      ],
      [
        0.0,
        0.0,
        0.0,
        1.0
      ]
    ],
    "matrix_world_from_ego_bevfusion": [
      [
        -0.23172497749328613,
        -0.9727741479873657,
        -0.0037360608112066984,
        108.46878814697266
      ],
      [
        0.9724754691123962,
        -0.23174670338630676,
        0.02418471872806549,
        33.65053939819336
      ],
      [
        -0.02439209073781967,
        0.001970975659787655,
        0.9997004866600037,
        0.000478019705042243
      ],
      [
        0.0,
        0.0,
        0.0,
        1.0
      ]
    ]
  },
  "sensors": {
    "CAM_FRONT": {
      "type_id": "sensor.camera.rgb",
      "blueprint_attributes": {
        "role_name": "front",
        "ros_name": "sensor.camera.rgb",
        "chromatic_aberration_offset": "0.0",
        "sensor_tick": "0.100000",
        "fstop": "1.4",
        "image_size_x": "960",
        "image_size_y": "540",
        "fov": "70.00",
        "lens_circle_falloff": "5.0",
        "lens_circle_multiplier": "0.0",
        "exposure_compensation": "0.0",
        "lens_y_size": "0.08",
        "lens_k": "-1.0",
        "exposure_mode": "histogram",
        "lens_kcube": "0.0",
        "lens_x_size": "0.08",
        "exposure_max_bright": "12.0",
        "shutter_speed": "200.0",
        "bloom_intensity": "0.675",
        "iso": "100.0",
        "enable_postprocess_effects": "false",
        "gamma": "2.2",
        "motion_blur_intensity": "0.0",
        "motion_blur_max_distortion": "0.35",
        "lens_flare_intensity": "0.1",
        "motion_blur_min_object_screen_size": "0.1",
        "exposure_min_bright": "10.0",
        "exposure_speed_up": "3.0",
        "exposure_speed_down": "1.0",
        "tint": "0.0",
        "calibration_constant": "16.0",
        "focal_distance": "1000.0",
        "min_fstop": "1.2",
        "blade_count": "5",
        "blur_amount": "0.0",
        "blur_radius": "0.0",
        "slope": "0.88",
        "toe": "0.55",
        "white_clip": "0.04",
        "shoulder": "0.26",
        "black_clip": "0.0",
        "temp": "6500.0",
        "chromatic_aberration_intensity": "0.0"
      },
      "transform_carla": {
        "location": {
          "x": 108.10325622558594,
          "y": -35.19899368286133,
          "z": 1.662161111831665
        },
        "rotation": {
          "roll": 0.1129622682929039,
          "pitch": -1.3977024555206299,
          "yaw": -103.4027099609375
        }
      },
      "matrix_world_from_sensor_carla": [
        [
          -0.23172497749328613,
          0.9727741479873657,
          -0.0037360608112066984,
          108.10325622558594
        ],
        [
          -0.9724754691123962,
          -0.23174670338630676,
          -0.02418471872806549,
          -35.19899368286133
        ],
        [
          -0.02439209073781967,
          -0.001970975659787655,
          0.9997004866600037,
          1.662161111831665
        ],
        [
          0.0,
          0.0,
          0.0,
          1.0
        ]
      ],
      "matrix_world_from_sensor_bevfusion": [
        [
          0.9727741479873657,
          0.0037360608112066984,
          -0.23172497749328613,
          108.10325622558594
        ],
        [
          0.23174670338630676,
          -0.02418471872806549,
          0.9724754691123962,
          35.19899368286133
        ],
        [
          -0.001970975659787655,
          -0.9997004866600037,
          -0.02439209073781967,
          1.662161111831665
        ],
        [
          0.0,
          0.0,
          0.0,
          1.0
        ]
      ],
      "matrix_ego_from_sensor_carla": [
        [
          1.0,
          -3.954701011110728e-09,
          -1.40035405493677e-09,
          1.550004005432129
        ],
        [
          -4.354434146591757e-09,
          1.0,
          -1.2486991995963592e-10,
          -7.62939453125e-06
        ],
        [
          -9.915908094626502e-10,
          -2.424886957896888e-10,
          1.0,
          1.7000000476837158
        ],
        [
          0.0,
          0.0,
          0.0,
          1.0
        ]
      ],
      "matrix_ego_from_sensor_bevfusion": [
        [
          -3.954701011110728e-09,
          1.40035405493677e-09,
          1.0,
          1.550004005432129
        ],
        [
          -1.0,
          -1.2486991995963592e-10,
          4.354434146591757e-09,
          7.62939453125e-06
        ],
        [
          -2.424886957896888e-10,
          -1.0,
          -9.915908094626502e-10,
          1.7000000476837158
        ],
        [
          0.0,
          0.0,
          0.0,
          1.0
        ]
      ],
      "camera_intrinsics": [
        [
          685.5110473632812,
          0.0,
          480.0
        ],
        [
          0.0,
          685.5110473632812,
          270.0
        ],
        [
          0.0,
          0.0,
          1.0
        ]
      ],
      "data_path": "D:\\Agent-AI\\outputs\\s3a_left_v3\\sample_000024\\images\\CAM_FRONT.png",
      "raw_layout": "bgra8"
    },
    "CAM_FRONT_RIGHT": {
      "type_id": "sensor.camera.rgb",
      "blueprint_attributes": {
        "role_name": "front",
        "ros_name": "sensor.camera.rgb",
        "chromatic_aberration_offset": "0.0",
        "sensor_tick": "0.100000",
        "fstop": "1.4",
        "image_size_x": "960",
        "image_size_y": "540",
        "fov": "70.00",
        "lens_circle_falloff": "5.0",
        "lens_circle_multiplier": "0.0",
        "exposure_compensation": "0.0",
        "lens_y_size": "0.08",
        "lens_k": "-1.0",
        "exposure_mode": "histogram",
        "lens_kcube": "0.0",
        "lens_x_size": "0.08",
        "exposure_max_bright": "12.0",
        "shutter_speed": "200.0",
        "bloom_intensity": "0.675",
        "iso": "100.0",
        "enable_postprocess_effects": "false",
        "gamma": "2.2",
        "motion_blur_intensity": "0.0",
        "motion_blur_max_distortion": "0.35",
        "lens_flare_intensity": "0.1",
        "motion_blur_min_object_screen_size": "0.1",
        "exposure_min_bright": "10.0",
        "exposure_speed_up": "3.0",
        "exposure_speed_down": "1.0",
        "tint": "0.0",
        "calibration_constant": "16.0",
        "focal_distance": "1000.0",
        "min_fstop": "1.2",
        "blade_count": "5",
        "blur_amount": "0.0",
        "blur_radius": "0.0",
        "slope": "0.88",
        "toe": "0.55",
        "white_clip": "0.04",
        "shoulder": "0.26",
        "black_clip": "0.0",
        "temp": "6500.0",
        "chromatic_aberration_intensity": "0.0"
      },
      "transform_carla": {
        "location": {
          "x": 108.69622039794922,
          "y": -35.083335876464844,
          "z": 1.667175054550171
        },
        "rotation": {
          "roll": -1.0802415609359741,
          "pitch": -0.8941468596458435,
          "yaw": -48.39287185668945
        }
      },
      "matrix_world_from_sensor_carla": [
        [
          0.6639384031295776,
          0.7477778792381287,
          -0.0037361280992627144,
          108.69622039794922
        ],
        [
          -0.747624397277832,
          0.6636812686920166,
          -0.024184681475162506,
          -35.083335876464844
        ],
        [
          -0.015605173073709011,
          0.018850358203053474,
          0.9997004866600037,
          1.667175054550171
        ],
        [
          0.0,
          0.0,
          0.0,
          1.0
        ]
      ],
      "matrix_world_from_sensor_bevfusion": [
        [
          0.7477778792381287,
          0.0037361280992627144,
          0.6639384031295776,
          108.69622039794922
        ],
        [
          -0.6636812686920166,
          -0.024184681475162506,
          0.747624397277832,
          35.083335876464844
        ],
        [
          0.018850358203053474,
          -0.9997004866600037,
          -0.015605173073709011,
          1.667175054550171
        ],
        [
          0.0,
          0.0,
          0.0,
          1.0
        ]
      ],
      "matrix_ego_from_sensor_carla": [
        [
          0.5735759139060974,
          -0.8191523551940918,
          -2.1889450252388087e-08,
          1.300002098083496
        ],
        [
          0.8191524147987366,
          0.5735759139060974,
          -7.416501546231302e-08,
          0.5499954223632812
        ],
        [
          7.22938509056803e-08,
          2.321901249047187e-08,
          1.0,
          1.7000000476837158
        ],
        [
          0.0,
          0.0,
          0.0,
          1.0
        ]
      ],
      "matrix_ego_from_sensor_bevfusion": [
        [
          -0.8191523551940918,
          2.1889450252388087e-08,
          0.5735759139060974,
          1.300002098083496
        ],
        [
          -0.5735759139060974,
          -7.416501546231302e-08,
          -0.8191524147987366,
          -0.5499954223632812
        ],
        [
          2.321901249047187e-08,
          -1.0,
          7.22938509056803e-08,
          1.7000000476837158
        ],
        [
          0.0,
          0.0,
          0.0,
          1.0
        ]
      ],
      "camera_intrinsics": [
        [
          685.5110473632812,
          0.0,
          480.0
        ],
        [
          0.0,
          685.5110473632812,
          270.0
        ],
        [
          0.0,
          0.0,
          1.0
        ]
      ],
      "data_path": "D:\\Agent-AI\\outputs\\s3a_left_v3\\sample_000024\\images\\CAM_FRONT_RIGHT.png",
      "raw_layout": "bgra8"
    },
    "CAM_FRONT_LEFT": {
      "type_id": "sensor.camera.rgb",
      "blueprint_attributes": {
        "role_name": "front",
        "ros_name": "sensor.camera.rgb",
        "chromatic_aberration_offset": "0.0",
        "sensor_tick": "0.100000",
        "fstop": "1.4",
        "image_size_x": "960",
        "image_size_y": "540",
        "fov": "70.00",
        "lens_circle_falloff": "5.0",
        "lens_circle_multiplier": "0.0",
        "exposure_compensation": "0.0",
        "lens_y_size": "0.08",
        "lens_k": "-1.0",
        "exposure_mode": "histogram",
        "lens_kcube": "0.0",
        "lens_x_size": "0.08",
        "exposure_max_bright": "12.0",
        "shutter_speed": "200.0",
        "bloom_intensity": "0.675",
        "iso": "100.0",
        "enable_postprocess_effects": "false",
        "gamma": "2.2",
        "motion_blur_intensity": "0.0",
        "motion_blur_max_distortion": "0.35",
        "lens_flare_intensity": "0.1",
        "motion_blur_min_object_screen_size": "0.1",
        "exposure_min_bright": "10.0",
        "exposure_speed_up": "3.0",
        "exposure_speed_down": "1.0",
        "tint": "0.0",
        "calibration_constant": "16.0",
        "focal_distance": "1000.0",
        "min_fstop": "1.2",
        "blade_count": "5",
        "blur_amount": "0.0",
        "blur_radius": "0.0",
        "slope": "0.88",
        "toe": "0.55",
        "white_clip": "0.04",
        "shoulder": "0.26",
        "black_clip": "0.0",
        "temp": "6500.0",
        "chromatic_aberration_intensity": "0.0"
      },
      "transform_carla": {
        "location": {
          "x": 107.62616729736328,
          "y": -34.82841110229492,
          "z": 1.6693432331085205
        },
        "rotation": {
          "roll": 1.2097750902175903,
          "pitch": -0.7091238498687744,
          "yaw": -158.40879821777344
        }
      },
      "matrix_world_from_sensor_carla": [
        [
          -0.9297617673873901,
          0.3681427836418152,
          -0.003736063838005066,
          107.62616729736328
        ],
        [
          -0.36795365810394287,
          -0.9295295476913452,
          -0.02418476715683937,
          -34.82841110229492
        ],
        [
          -0.012376230210065842,
          -0.021111372858285904,
          0.9997004866600037,
          1.6693432331085205
        ],
        [
          0.0,
          0.0,
          0.0,
          1.0
        ]
      ],
      "matrix_world_from_sensor_bevfusion": [
        [
          0.3681427836418152,
          0.003736063838005066,
          -0.9297617673873901,
          107.62616729736328
        ],
        [
          0.9295295476913452,
          -0.02418476715683937,
          0.36795365810394287,
          34.82841110229492
        ],
        [
          -0.021111372858285904,
          -0.9997004866600037,
          -0.012376230210065842,
          1.6693432331085205
        ],
        [
          0.0,
          0.0,
          0.0,
          1.0
        ]
      ],
      "matrix_ego_from_sensor_carla": [
        [
          0.573576807975769,
          0.8191516995429993,
          4.7028418492800483e-08,
          1.3000001907348633
        ],
        [
          -0.8191518187522888,
          0.5735768675804138,
          8.024202635681377e-09,
          -0.5499954223632812
        ],
        [
          -2.0113255061460222e-08,
          -4.2779014108873525e-08,
          1.0,
          1.7000000476837158
        ],
        [
          0.0,
          0.0,
          0.0,
          1.0
        ]
      ],
      "matrix_ego_from_sensor_bevfusion": [
        [
          0.8191516995429993,
          -4.7028418492800483e-08,
          0.573576807975769,
          1.3000001907348633
        ],
        [
          -0.5735768675804138,
          8.024202635681377e-09,
          0.8191518187522888,
          0.5499954223632812
        ],
        [
          -4.2779014108873525e-08,
          -1.0,
          -2.0113255061460222e-08,
          1.7000000476837158
        ],
        [
          0.0,
          0.0,
          0.0,
          1.0
        ]
      ],
      "camera_intrinsics": [
        [
          685.5110473632812,
          0.0,
          480.0
        ],
        [
          0.0,
          685.5110473632812,
          270.0
        ],
        [
          0.0,
          0.0,
          1.0
        ]
      ],
      "data_path": "D:\\Agent-AI\\outputs\\s3a_left_v3\\sample_000024\\images\\CAM_FRONT_LEFT.png",
      "raw_layout": "bgra8"
    },
    "CAM_BACK": {
      "type_id": "sensor.camera.rgb",
      "blueprint_attributes": {
        "role_name": "front",
        "ros_name": "sensor.camera.rgb",
        "chromatic_aberration_offset": "0.0",
        "sensor_tick": "0.100000",
        "fstop": "1.4",
        "image_size_x": "960",
        "image_size_y": "540",
        "fov": "70.00",
        "lens_circle_falloff": "5.0",
        "lens_circle_multiplier": "0.0",
        "exposure_compensation": "0.0",
        "lens_y_size": "0.08",
        "lens_k": "-1.0",
        "exposure_mode": "histogram",
        "lens_kcube": "0.0",
        "lens_x_size": "0.08",
        "exposure_max_bright": "12.0",
        "shutter_speed": "200.0",
        "bloom_intensity": "0.675",
        "iso": "100.0",
        "enable_postprocess_effects": "false",
        "gamma": "2.2",
        "motion_blur_intensity": "0.0",
        "motion_blur_max_distortion": "0.35",
        "lens_flare_intensity": "0.1",
        "motion_blur_min_object_screen_size": "0.1",
        "exposure_min_bright": "10.0",
        "exposure_speed_up": "3.0",
        "exposure_speed_down": "1.0",
        "tint": "0.0",
        "calibration_constant": "16.0",
        "focal_distance": "1000.0",
        "min_fstop": "1.2",
        "blade_count": "5",
        "blur_amount": "0.0",
        "blur_radius": "0.0",
        "slope": "0.88",
        "toe": "0.55",
        "white_clip": "0.04",
        "shoulder": "0.26",
        "black_clip": "0.0",
        "temp": "6500.0",
        "chromatic_aberration_intensity": "0.0"
      },
      "transform_carla": {
        "location": {
          "x": 108.82160949707031,
          "y": -32.18431854248047,
          "z": 1.737776756286621
        },
        "rotation": {
          "roll": -0.11296173185110092,
          "pitch": 1.3977024555206299,
          "yaw": 76.5973129272461
        }
      },
      "matrix_world_from_sensor_carla": [
        [
          0.2317245453596115,
          -0.9727742671966553,
          -0.0037360594142228365,
          108.82160949707031
        ],
        [
          0.9724755883216858,
          0.23174627125263214,
          -0.02418471872806549,
          -32.18431854248047
        ],
        [
          0.02439209073781967,
          0.0019709663465619087,
          0.9997004866600037,
          1.737776756286621
        ],
        [
          0.0,
          0.0,
          0.0,
          1.0
        ]
      ],
      "matrix_world_from_sensor_bevfusion": [
        [
          -0.9727742671966553,
          0.0037360594142228365,
          0.2317245453596115,
          108.82160949707031
        ],
        [
          -0.23174627125263214,
          -0.02418471872806549,
          -0.9724755883216858,
          32.18431854248047
        ],
        [
          0.0019709663465619087,
          -0.9997004866600037,
          0.02439209073781967,
          1.737776756286621
        ],
        [
          0.0,
          0.0,
          0.0,
          1.0
        ]
      ],
      "matrix_ego_from_sensor_carla": [
        [
          -1.0,
          4.5422166294883937e-07,
          -1.40035405493677e-09,
          -1.5499978065490723
        ],
        [
          -4.405048912303755e-07,
          -1.0000001192092896,
          1.2721139697191575e-09,
          0.0
        ],
        [
          -8.710543397683068e-10,
          1.8750920816046346e-09,
          1.0,
          1.7000000476837158
        ],
        [
          0.0,
          0.0,
          0.0,
          1.0
        ]
      ],
      "matrix_ego_from_sensor_bevfusion": [
        [
          4.5422166294883937e-07,
          1.40035405493677e-09,
          -1.0,
          -1.5499978065490723
        ],
        [
          1.0000001192092896,
          1.2721139697191575e-09,
          4.405048912303755e-07,
          0.0
        ],
        [
          1.8750920816046346e-09,
          -1.0,
          -8.710543397683068e-10,
          1.7000000476837158
        ],
        [
          0.0,
          0.0,
          0.0,
          1.0
        ]
      ],
      "camera_intrinsics": [
        [
          685.5110473632812,
          0.0,
          480.0
        ],
        [
          0.0,
          685.5110473632812,
          270.0
        ],
        [
          0.0,
          0.0,
          1.0
        ]
      ],
      "data_path": "D:\\Agent-AI\\outputs\\s3a_left_v3\\sample_000024\\images\\CAM_BACK.png",
      "raw_layout": "bgra8"
    },
    "CAM_BACK_LEFT": {
      "type_id": "sensor.camera.rgb",
      "blueprint_attributes": {
        "role_name": "front",
        "ros_name": "sensor.camera.rgb",
        "chromatic_aberration_offset": "0.0",
        "sensor_tick": "0.100000",
        "fstop": "1.4",
        "image_size_x": "960",
        "image_size_y": "540",
        "fov": "70.00",
        "lens_circle_falloff": "5.0",
        "lens_circle_multiplier": "0.0",
        "exposure_compensation": "0.0",
        "lens_y_size": "0.08",
        "lens_k": "-1.0",
        "exposure_mode": "histogram",
        "lens_kcube": "0.0",
        "lens_x_size": "0.08",
        "exposure_max_bright": "12.0",
        "shutter_speed": "200.0",
        "bloom_intensity": "0.675",
        "iso": "100.0",
        "enable_postprocess_effects": "false",
        "gamma": "2.2",
        "motion_blur_intensity": "0.0",
        "motion_blur_max_distortion": "0.35",
        "lens_flare_intensity": "0.1",
        "motion_blur_min_object_screen_size": "0.1",
        "exposure_min_bright": "10.0",
        "exposure_speed_up": "3.0",
        "exposure_speed_down": "1.0",
        "tint": "0.0",
        "calibration_constant": "16.0",
        "focal_distance": "1000.0",
        "min_fstop": "1.2",
        "blade_count": "5",
        "blur_amount": "0.0",
        "blur_radius": "0.0",
        "slope": "0.88",
        "toe": "0.55",
        "white_clip": "0.04",
        "shoulder": "0.26",
        "black_clip": "0.0",
        "temp": "6500.0",
        "chromatic_aberration_intensity": "0.0"
      },
      "transform_carla": {
        "location": {
          "x": 108.22865295410156,
          "y": -32.29997634887695,
          "z": 1.7327626943588257
        },
        "rotation": {
          "roll": 1.0802415609359741,
          "pitch": 0.8941468596458435,
          "yaw": 131.6071319580078
        }
      },
      "matrix_world_from_sensor_carla": [
        [
          -0.6639384031295776,
          -0.7477778792381287,
          -0.0037361280992627144,
          108.22865295410156
        ],
        [
          0.747624397277832,
          -0.6636812686920166,
          -0.024184681475162506,
          -32.29997634887695
        ],
        [
          0.015605173073709011,
          -0.018850358203053474,
          0.9997004866600037,
          1.7327626943588257
        ],
        [
          0.0,
          0.0,
          0.0,
          1.0
        ]
      ],
      "matrix_world_from_sensor_bevfusion": [
        [
          -0.7477778792381287,
          0.0037361280992627144,
          -0.6639384031295776,
          108.22865295410156
        ],
        [
          0.6636812686920166,
          -0.024184681475162506,
          -0.747624397277832,
          32.29997634887695
        ],
        [
          -0.018850358203053474,
          -0.9997004866600037,
          0.015605173073709011,
          1.7327626943588257
        ],
        [
          0.0,
          0.0,
          0.0,
          1.0
        ]
      ],
      "matrix_ego_from_sensor_carla": [
        [
          -0.5735759139060974,
          0.8191523551940918,
          -2.1889450252388087e-08,
          -1.3000001907348633
        ],
        [
          -0.8191524147987366,
          -0.5735759139060974,
          -7.416501546231302e-08,
          -0.5500030517578125
        ],
        [
          -7.22938509056803e-08,
          -2.321901249047187e-08,
          1.0,
          1.7000000476837158
        ],
        [
          0.0,
          0.0,
          0.0,
          1.0
        ]
      ],
      "matrix_ego_from_sensor_bevfusion": [
        [
          0.8191523551940918,
          2.1889450252388087e-08,
          -0.5735759139060974,
          -1.3000001907348633
        ],
        [
          0.5735759139060974,
          -7.416501546231302e-08,
          0.8191524147987366,
          0.5500030517578125
        ],
        [
          -2.321901249047187e-08,
          -1.0,
          -7.22938509056803e-08,
          1.7000000476837158
        ],
        [
          0.0,
          0.0,
          0.0,
          1.0
        ]
      ],
      "camera_intrinsics": [
        [
          685.5110473632812,
          0.0,
          480.0
        ],
        [
          0.0,
          685.5110473632812,
          270.0
        ],
        [
          0.0,
          0.0,
          1.0
        ]
      ],
      "data_path": "D:\\Agent-AI\\outputs\\s3a_left_v3\\sample_000024\\images\\CAM_BACK_LEFT.png",
      "raw_layout": "bgra8"
    },
    "CAM_BACK_RIGHT": {
      "type_id": "sensor.camera.rgb",
      "blueprint_attributes": {
        "role_name": "front",
        "ros_name": "sensor.camera.rgb",
        "chromatic_aberration_offset": "0.0",
        "sensor_tick": "0.100000",
        "fstop": "1.4",
        "image_size_x": "960",
        "image_size_y": "540",
        "fov": "70.00",
        "lens_circle_falloff": "5.0",
        "lens_circle_multiplier": "0.0",
        "exposure_compensation": "0.0",
        "lens_y_size": "0.08",
        "lens_k": "-1.0",
        "exposure_mode": "histogram",
        "lens_kcube": "0.0",
        "lens_x_size": "0.08",
        "exposure_max_bright": "12.0",
        "shutter_speed": "200.0",
        "bloom_intensity": "0.675",
        "iso": "100.0",
        "enable_postprocess_effects": "false",
        "gamma": "2.2",
        "motion_blur_intensity": "0.0",
        "motion_blur_max_distortion": "0.35",
        "lens_flare_intensity": "0.1",
        "motion_blur_min_object_screen_size": "0.1",
        "exposure_min_bright": "10.0",
        "exposure_speed_up": "3.0",
        "exposure_speed_down": "1.0",
        "tint": "0.0",
        "calibration_constant": "16.0",
        "focal_distance": "1000.0",
        "min_fstop": "1.2",
        "blade_count": "5",
        "blur_amount": "0.0",
        "blur_radius": "0.0",
        "slope": "0.88",
        "toe": "0.55",
        "white_clip": "0.04",
        "shoulder": "0.26",
        "black_clip": "0.0",
        "temp": "6500.0",
        "chromatic_aberration_intensity": "0.0"
      },
      "transform_carla": {
        "location": {
          "x": 109.29869842529297,
          "y": -32.55489730834961,
          "z": 1.7305946350097656
        },
        "rotation": {
          "roll": -1.2097750902175903,
          "pitch": 0.7091238498687744,
          "yaw": 21.5911922454834
        }
      },
      "matrix_world_from_sensor_carla": [
        [
          0.9297618269920349,
          -0.3681425452232361,
          -0.003736069891601801,
          109.29869842529297
        ],
        [
          0.36795341968536377,
          0.92952960729599,
          -0.02418476529419422,
          -32.55489730834961
        ],
        [
          0.012376230210065842,
          0.021111372858285904,
          0.9997004866600037,
          1.7305946350097656
        ],
        [
          0.0,
          0.0,
          0.0,
          1.0
        ]
      ],
      "matrix_world_from_sensor_bevfusion": [
        [
          -0.3681425452232361,
          0.003736069891601801,
          0.9297618269920349,
          109.29869842529297
        ],
        [
          -0.92952960729599,
          -0.02418476529419422,
          -0.36795341968536377,
          32.55489730834961
        ],
        [
          0.021111372858285904,
          -0.9997004866600037,
          0.012376230210065842,
          1.7305946350097656
        ],
        [
          0.0,
          0.0,
          0.0,
          1.0
        ]
      ],
      "matrix_ego_from_sensor_carla": [
        [
          -0.5735766291618347,
          -0.8191518187522888,
          4.7028418492800483e-08,
          -1.2999978065490723
        ],
        [
          0.8191519379615784,
          -0.5735766291618347,
          1.7377752570268967e-09,
          0.54998779296875
        ],
        [
          2.5701190509153093e-08,
          4.091636895964257e-08,
          1.0,
          1.7000000476837158
        ],
        [
          0.0,
          0.0,
          0.0,
          1.0
        ]
      ],
      "matrix_ego_from_sensor_bevfusion": [
        [
          -0.8191518187522888,
          -4.7028418492800483e-08,
          -0.5735766291618347,
          -1.2999978065490723
        ],
        [
          0.5735766291618347,
          1.7377752570268967e-09,
          -0.8191519379615784,
          -0.54998779296875
        ],
        [
          4.091636895964257e-08,
          -1.0,
          2.5701190509153093e-08,
          1.7000000476837158
        ],
        [
          0.0,
          0.0,
          0.0,
          1.0
        ]
      ],
      "camera_intrinsics": [
        [
          685.5110473632812,
          0.0,
          480.0
        ],
        [
          0.0,
          685.5110473632812,
          270.0
        ],
        [
          0.0,
          0.0,
          1.0
        ]
      ],
      "data_path": "D:\\Agent-AI\\outputs\\s3a_left_v3\\sample_000024\\images\\CAM_BACK_RIGHT.png",
      "raw_layout": "bgra8"
    },
    "LIDAR_TOP": {
      "type_id": "sensor.lidar.ray_cast",
      "blueprint_attributes": {
        "atmosphere_attenuation_rate": "0.004",
        "role_name": "front",
        "noise_seed": "0",
        "upper_fov": "10.0",
        "ros_name": "sensor.lidar.ray_cast",
        "sensor_tick": "0.100000",
        "channels": "32",
        "range": "120.0",
        "points_per_second": "360000",
        "lower_fov": "-30.0",
        "rotation_frequency": "10.000000",
        "horizontal_fov": "360.0",
        "dropoff_general_rate": "0.0",
        "dropoff_intensity_limit": "1.0",
        "noise_stddev": "0.0",
        "dropoff_zero_intensity": "0.0"
      },
      "transform_carla": {
        "location": {
          "x": 108.46056365966797,
          "y": -33.7037467956543,
          "z": 2.1998190879821777
        },
        "rotation": {
          "roll": 0.1129622682929039,
          "pitch": -1.3977024555206299,
          "yaw": -103.4027099609375
        }
      },
      "matrix_world_from_sensor_carla": [
        [
          -0.23172497749328613,
          0.9727741479873657,
          -0.0037360608112066984,
          108.46056365966797
        ],
        [
          -0.9724754691123962,
          -0.23174670338630676,
          -0.02418471872806549,
          -33.7037467956543
        ],
        [
          -0.02439209073781967,
          -0.001970975659787655,
          0.9997004866600037,
          2.1998190879821777
        ],
        [
          0.0,
          0.0,
          0.0,
          1.0
        ]
      ],
      "matrix_world_from_sensor_bevfusion": [
        [
          -0.23172497749328613,
          -0.9727741479873657,
          -0.0037360608112066984,
          108.46056365966797
        ],
        [
          0.9724754691123962,
          -0.23174670338630676,
          0.02418471872806549,
          33.7037467956543
        ],
        [
          -0.02439209073781967,
          0.001970975659787655,
          0.9997004866600037,
          2.1998190879821777
        ],
        [
          0.0,
          0.0,
          0.0,
          1.0
        ]
      ],
      "matrix_ego_from_sensor_carla": [
        [
          1.0,
          -3.954701011110728e-09,
          -1.40035405493677e-09,
          4.76837158203125e-07
        ],
        [
          -4.354434146591757e-09,
          1.0,
          -1.2486991995963592e-10,
          -7.62939453125e-06
        ],
        [
          -9.915908094626502e-10,
          -2.424886957896888e-10,
          1.0,
          2.200000047683716
        ],
        [
          0.0,
          0.0,
          0.0,
          1.0
        ]
      ],
      "matrix_ego_from_sensor_bevfusion": [
        [
          1.0,
          3.954701011110728e-09,
          -1.40035405493677e-09,
          4.76837158203125e-07
        ],
        [
          4.354434146591757e-09,
          1.0,
          1.2486991995963592e-10,
          7.62939453125e-06
        ],
        [
          -9.915908094626502e-10,
          2.424886957896888e-10,
          1.0,
          2.200000047683716
        ],
        [
          0.0,
          0.0,
          0.0,
          1.0
        ]
      ],
      "data_path": "D:\\Agent-AI\\outputs\\s3a_left_v3\\sample_000024\\lidar\\LIDAR_TOP.npy",
      "raw_layout": [
        "x",
        "y",
        "z",
        "intensity"
      ]
    },
    "RADAR_FRONT": {
      "type_id": "sensor.other.radar",
      "blueprint_attributes": {
        "sensor_tick": "0.100000",
        "role_name": "default",
        "noise_seed": "0",
        "ros_name": "sensor.other.radar",
        "horizontal_fov": "35.0",
        "points_per_second": "1500",
        "vertical_fov": "20.0",
        "range": "120.0"
      },
      "transform_carla": {
        "location": {
          "x": 108.00196838378906,
          "y": -35.61725997924805,
          "z": 0.8514242172241211
        },
        "rotation": {
          "roll": 0.1129622682929039,
          "pitch": -1.3977024555206299,
          "yaw": -103.4027099609375
        }
      },
      "matrix_world_from_sensor_carla": [
        [
          -0.23172497749328613,
          0.9727741479873657,
          -0.0037360608112066984,
          108.00196838378906
        ],
        [
          -0.9724754691123962,
          -0.23174670338630676,
          -0.02418471872806549,
          -35.61725997924805
        ],
        [
          -0.02439209073781967,
          -0.001970975659787655,
          0.9997004866600037,
          0.8514242172241211
        ],
        [
          0.0,
          0.0,
          0.0,
          1.0
        ]
      ],
      "matrix_world_from_sensor_bevfusion": [
        [
          -0.23172497749328613,
          -0.9727741479873657,
          -0.0037360608112066984,
          108.00196838378906
        ],
        [
          0.9724754691123962,
          -0.23174670338630676,
          0.02418471872806549,
          35.61725997924805
        ],
        [
          -0.02439209073781967,
          0.001970975659787655,
          0.9997004866600037,
          0.8514242172241211
        ],
        [
          0.0,
          0.0,
          0.0,
          1.0
        ]
      ],
      "matrix_ego_from_sensor_carla": [
        [
          1.0,
          -3.954701011110728e-09,
          -1.40035405493677e-09,
          2.000002861022949
        ],
        [
          -4.354434146591757e-09,
          1.0,
          -1.2486991995963592e-10,
          -7.62939453125e-06
        ],
        [
          -9.915908094626502e-10,
          -2.424886957896888e-10,
          1.0,
          0.8999999761581421
        ],
        [
          0.0,
          0.0,
          0.0,
          1.0
        ]
      ],
      "matrix_ego_from_sensor_bevfusion": [
        [
          1.0,
          3.954701011110728e-09,
          -1.40035405493677e-09,
          2.000002861022949
        ],
        [
          4.354434146591757e-09,
          1.0,
          1.2486991995963592e-10,
          7.62939453125e-06
        ],
        [
          -9.915908094626502e-10,
          2.424886957896888e-10,
          1.0,
          0.8999999761581421
        ],
        [
          0.0,
          0.0,
          0.0,
          1.0
        ]
      ],
      "data_path": "D:\\Agent-AI\\outputs\\s3a_left_v3\\sample_000024\\radar\\RADAR_FRONT.npy",
      "raw_layout": [
        "velocity",
        "altitude",
        "azimuth",
        "depth"
      ]
    },
    "RADAR_FRONT_LEFT": {
      "type_id": "sensor.other.radar",
      "blueprint_attributes": {
        "sensor_tick": "0.100000",
        "role_name": "default",
        "noise_seed": "0",
        "ros_name": "sensor.other.radar",
        "horizontal_fov": "35.0",
        "points_per_second": "1500",
        "vertical_fov": "20.0",
        "range": "120.0"
      },
      "transform_carla": {
        "location": {
          "x": 107.3534927368164,
          "y": -35.103084564208984,
          "z": 0.8614396452903748
        },
        "rotation": {
          "roll": 1.068277359008789,
          "pitch": -0.9084082841873169,
          "yaw": -148.40975952148438
        }
      },
      "matrix_world_from_sensor_carla": [
        [
          -0.8517090678215027,
          0.5240016579627991,
          -0.0037359632551670074,
          107.3534927368164
        ],
        [
          -0.5237751007080078,
          -0.8515132069587708,
          -0.024184711277484894,
          -35.103084564208984
        ],
        [
          -0.01585405133664608,
          -0.018641533330082893,
          0.9997004866600037,
          0.8614396452903748
        ],
        [
          0.0,
          0.0,
          0.0,
          1.0
        ]
      ],
      "matrix_world_from_sensor_bevfusion": [
        [
          -0.8517090678215027,
          -0.5240016579627991,
          -0.0037359632551670074,
          107.3534927368164
        ],
        [
          0.5237751007080078,
          -0.8515132069587708,
          0.024184711277484894,
          35.103084564208984
        ],
        [
          -0.01585405133664608,
          0.018641533330082893,
          0.9997004866600037,
          0.8614396452903748
        ],
        [
          0.0,
          0.0,
          0.0,
          1.0
        ]
      ],
      "matrix_ego_from_sensor_carla": [
        [
          0.707107424736023,
          0.7071061730384827,
          -3.120267777489971e-08,
          1.6500043869018555
        ],
        [
          -0.7071061730384827,
          0.7071073651313782,
          9.300738668116537e-08,
          -0.7500076293945312
        ],
        [
          8.90793785401911e-08,
          -4.477420745274685e-08,
          1.0,
          0.8999999761581421
        ],
        [
          0.0,
          0.0,
          0.0,
          1.0
        ]
      ],
      "matrix_ego_from_sensor_bevfusion": [
        [
          0.707107424736023,
          -0.7071061730384827,
          -3.120267777489971e-08,
          1.6500043869018555
        ],
        [
          0.7071061730384827,
          0.7071073651313782,
          -9.300738668116537e-08,
          0.7500076293945312
        ],
        [
          8.90793785401911e-08,
          4.477420745274685e-08,
          1.0,
          0.8999999761581421
        ],
        [
          0.0,
          0.0,
          0.0,
          1.0
        ]
      ],
      "data_path": "D:\\Agent-AI\\outputs\\s3a_left_v3\\sample_000024\\radar\\RADAR_FRONT_LEFT.npy",
      "raw_layout": [
        "velocity",
        "altitude",
        "azimuth",
        "depth"
      ]
    },
    "RADAR_FRONT_RIGHT": {
      "type_id": "sensor.other.radar",
      "blueprint_attributes": {
        "sensor_tick": "0.100000",
        "role_name": "default",
        "noise_seed": "0",
        "ros_name": "sensor.other.radar",
        "horizontal_fov": "35.0",
        "points_per_second": "1500",
