{
  "schema_version": "stage1.v1",
  "sample_name": "sample_000048",
  "sequence_index": 48,
  "previous_sample_name": "sample_000047",
  "frame_id": 726321,
  "timestamp": 5001.994624789804,
  "platform_timestamp": 16813388.16535,
  "delta_seconds": 0.10000000149011612,
  "town": "Carla/Maps/Town10HD_Opt",
  "weather": {
    "cloudiness": 20.0,
    "dust_storm": 0.0,
    "fog_density": 2.0,
    "fog_distance": 0.75,
    "fog_falloff": 0.10000000149011612,
    "mie_scattering_scale": 0.029999999329447746,
    "precipitation": 0.0,
    "precipitation_deposits": 0.0,
    "rayleigh_scattering_scale": 0.03310000151395798,
    "scattering_intensity": 1.0,
    "sun_altitude_angle": 45.0,
    "sun_azimuth_angle": 300.0,
    "wetness": 0.0,
    "wind_intensity": 10.0
  },
  "sensor_names": [
    "CAM_FRONT",
    "CAM_FRONT_RIGHT",
    "CAM_FRONT_LEFT",
    "CAM_BACK",
    "CAM_BACK_LEFT",
    "CAM_BACK_RIGHT",
    "LIDAR_TOP",
    "RADAR_FRONT",
    "RADAR_FRONT_LEFT",
    "RADAR_FRONT_RIGHT",
    "RADAR_BACK_LEFT",
    "RADAR_BACK_RIGHT"
  ],
  "camera_order_for_model": [
    "CAM_FRONT",
    "CAM_FRONT_RIGHT",
    "CAM_FRONT_LEFT",
    "CAM_BACK",
    "CAM_BACK_LEFT",
    "CAM_BACK_RIGHT"
  ],
  "radar_order_for_model": [
    "RADAR_FRONT",
    "RADAR_FRONT_LEFT",
    "RADAR_FRONT_RIGHT",
    "RADAR_BACK_LEFT",
    "RADAR_BACK_RIGHT"
  ],
  "coordinate_notes": {
    "carla_world": "left-handed x-forward y-right z-up",
    "bevfusion_lidar": "x-forward y-left z-up",
    "camera_frame_for_model": "OpenCV style x-right y-down z-forward"
  },
  "ego": {
    "actor_id": 49,
    "transform_carla": {
      "location": {
        "x": 103.61888122558594,
        "y": -37.35575866699219,
        "z": -0.004332771059125662
      },
      "rotation": {
        "roll": -0.0028381359297782183,
        "pitch": -0.04470358416438103,
        "yaw": -109.16004180908203
      }
    },
    "velocity_carla": [
      0.00025702803395688534,
      0.0006417795084416866,
      -3.3092499052145286e-06
    ],
    "angular_velocity_carla": [
      -0.19729308784008026,
      0.0803404450416565,
      0.00010700184793677181
    ],
    "matrix_world_from_ego_carla": [
      [
        -0.3282078802585602,
        0.9446054697036743,
        -0.00030286682886071503,
        103.61888122558594
      ],
      [
        -0.9446051716804504,
        -0.32820799946784973,
        -0.0007207467569969594,
        -37.35575866699219
      ],
      [
        -0.0007802246836945415,
        4.953480311087333e-05,
        0.9999997019767761,
        -0.004332771059125662
      ],
      [
        0.0,
        0.0,
        0.0,
        1.0
      ]
    ],
    "matrix_world_from_ego_bevfusion": [
      [
        -0.3282078802585602,
        -0.9446054697036743,
        -0.00030286682886071503,
        103.61888122558594
      ],
      [
        0.9446051716804504,
        -0.32820799946784973,
        0.0007207467569969594,
        37.35575866699219
      ],
      [
        -0.0007802246836945415,
        -4.953480311087333e-05,
        0.9999997019767761,
        -0.004332771059125662
      ],
      [
        0.0,
        0.0,
        0.0,
        1.0
      ]
    ]
  },
  "sensors": {
    "CAM_FRONT": {
      "type_id": "sensor.camera.rgb",
      "blueprint_attributes": {
        "role_name": "front",
        "ros_name": "sensor.camera.rgb",
        "chromatic_aberration_offset": "0.0",
        "sensor_tick": "0.100000",
        "fstop": "1.4",
        "image_size_x": "960",
        "image_size_y": "540",
        "fov": "70.00",
        "lens_circle_falloff": "5.0",
        "lens_circle_multiplier": "0.0",
        "exposure_compensation": "0.0",
        "lens_y_size": "0.08",
        "lens_k": "-1.0",
        "exposure_mode": "histogram",
        "lens_kcube": "0.0",
        "lens_x_size": "0.08",
        "exposure_max_bright": "12.0",
        "shutter_speed": "200.0",
        "bloom_intensity": "0.675",
        "iso": "100.0",
        "enable_postprocess_effects": "false",
        "gamma": "2.2",
        "motion_blur_intensity": "0.0",
        "motion_blur_max_distortion": "0.35",
        "lens_flare_intensity": "0.1",
        "motion_blur_min_object_screen_size": "0.1",
        "exposure_min_bright": "10.0",
        "exposure_speed_up": "3.0",
        "exposure_speed_down": "1.0",
        "tint": "0.0",
        "calibration_constant": "16.0",
        "focal_distance": "1000.0",
        "min_fstop": "1.2",
        "blade_count": "5",
        "blur_amount": "0.0",
        "blur_radius": "0.0",
        "slope": "0.88",
        "toe": "0.55",
        "white_clip": "0.04",
        "shoulder": "0.26",
        "black_clip": "0.0",
        "temp": "6500.0",
        "chromatic_aberration_intensity": "0.0"
      },
      "transform_carla": {
        "location": {
          "x": 103.10964965820312,
          "y": -38.82112121582031,
          "z": 1.6944571733474731
        },
        "rotation": {
          "roll": -0.0028381359297782183,
          "pitch": -0.04470358416438103,
          "yaw": -109.16004180908203
        }
      },
      "matrix_world_from_sensor_carla": [
        [
          -0.3282078802585602,
          0.9446054697036743,
          -0.00030286682886071503,
          103.10964965820312
        ],
        [
          -0.9446051716804504,
          -0.32820799946784973,
          -0.0007207467569969594,
          -38.82112121582031
        ],
        [
          -0.0007802246836945415,
          4.953480311087333e-05,
          0.9999997019767761,
          1.6944571733474731
        ],
        [
          0.0,
          0.0,
          0.0,
          1.0
        ]
      ],
      "matrix_world_from_sensor_bevfusion": [
        [
          0.9446054697036743,
          0.00030286682886071503,
          -0.3282078802585602,
          103.10964965820312
        ],
        [
          0.32820799946784973,
          -0.0007207467569969594,
          0.9446051716804504,
          38.82112121582031
        ],
        [
          4.953480311087333e-05,
          -0.9999997019767761,
          -0.0007802246836945415,
          1.6944571733474731
        ],
        [
          0.0,
          0.0,
          0.0,
          1.0
        ]
      ],
      "matrix_ego_from_sensor_carla": [
        [
          1.0,
          -1.888727574339555e-08,
          -3.055680708463626e-13,
          1.5499966144561768
        ],
        [
          -1.0298575325862203e-08,
          1.0,
          3.4273701498416242e-12,
          7.62939453125e-06
        ],
        [
          -3.055680708463626e-13,
          -3.848585512777891e-12,
          1.0,
          1.6999998092651367
        ],
        [
          0.0,
          0.0,
          0.0,
          1.0
        ]
      ],
      "matrix_ego_from_sensor_bevfusion": [
        [
          -1.888727574339555e-08,
          3.055680708463626e-13,
          1.0,
          1.5499966144561768
        ],
        [
          -1.0,
          3.4273701498416242e-12,
          1.0298575325862203e-08,
          -7.62939453125e-06
        ],
        [
          -3.848585512777891e-12,
          -1.0,
          -3.055680708463626e-13,
          1.6999998092651367
        ],
        [
          0.0,
          0.0,
          0.0,
          1.0
        ]
      ],
      "camera_intrinsics": [
        [
          685.5110473632812,
          0.0,
          480.0
        ],
        [
          0.0,
          685.5110473632812,
          270.0
        ],
        [
          0.0,
          0.0,
          1.0
        ]
      ],
      "data_path": "D:\\Agent-AI\\outputs\\s3a_ml_long_v1\\sample_000048\\images\\CAM_FRONT.png",
      "raw_layout": "bgra8"
    },
    "CAM_FRONT_RIGHT": {
      "type_id": "sensor.camera.rgb",
      "blueprint_attributes": {
        "role_name": "front",
        "ros_name": "sensor.camera.rgb",
        "chromatic_aberration_offset": "0.0",
        "sensor_tick": "0.100000",
        "fstop": "1.4",
        "image_size_x": "960",
        "image_size_y": "540",
        "fov": "70.00",
        "lens_circle_falloff": "5.0",
        "lens_circle_multiplier": "0.0",
        "exposure_compensation": "0.0",
        "lens_y_size": "0.08",
        "lens_k": "-1.0",
        "exposure_mode": "histogram",
        "lens_kcube": "0.0",
        "lens_x_size": "0.08",
        "exposure_max_bright": "12.0",
        "shutter_speed": "200.0",
        "bloom_intensity": "0.675",
        "iso": "100.0",
        "enable_postprocess_effects": "false",
        "gamma": "2.2",
        "motion_blur_intensity": "0.0",
        "motion_blur_max_distortion": "0.35",
        "lens_flare_intensity": "0.1",
        "motion_blur_min_object_screen_size": "0.1",
        "exposure_min_bright": "10.0",
        "exposure_speed_up": "3.0",
        "exposure_speed_down": "1.0",
        "tint": "0.0",
        "calibration_constant": "16.0",
        "focal_distance": "1000.0",
        "min_fstop": "1.2",
        "blade_count": "5",
        "blur_amount": "0.0",
        "blur_radius": "0.0",
        "slope": "0.88",
        "toe": "0.55",
        "white_clip": "0.04",
        "shoulder": "0.26",
        "black_clip": "0.0",
        "temp": "6500.0",
        "chromatic_aberration_intensity": "0.0"
      },
      "transform_carla": {
        "location": {
          "x": 103.71122741699219,
          "y": -38.76548385620117,
          "z": 1.6946797370910645
        },
        "rotation": {
          "roll": -0.03825073689222336,
          "pitch": -0.02331826463341713,
          "yaw": -54.16004180908203
        }
      },
      "matrix_world_from_sensor_carla": [
        [
          0.5855230689048767,
          0.8106557130813599,
          -0.0003028983192052692,
          103.71122741699219
        ],
        [
          -0.8106556534767151,
          0.5855227708816528,
          -0.0007208168972283602,
          -38.76548385620117
        ],
        [
          -0.00040698048542253673,
          0.0006676011835224926,
          0.9999997019767761,
          1.6946797370910645
        ],
        [
          0.0,
          0.0,
          0.0,
          1.0
        ]
      ],
      "matrix_world_from_sensor_bevfusion": [
        [
          0.8106557130813599,
          0.0003028983192052692,
          0.5855230689048767,
          103.71122741699219
        ],
        [
          -0.5855227708816528,
          -0.0007208168972283602,
          0.8106556534767151,
          38.76548385620117
        ],
        [
          0.0006676011835224926,
          -0.9999997019767761,
          -0.00040698048542253673,
          1.6946797370910645
        ],
        [
          0.0,
          0.0,
          0.0,
          1.0
        ]
      ],
      "matrix_ego_from_sensor_carla": [
        [
          0.5735765695571899,
          -0.8191519975662231,
          7.660097622874673e-08,
          1.2999999523162842
        ],
        [
          0.8191519975662231,
          0.5735765695571899,
          -6.719557354983863e-09,
          0.5500030517578125
        ],
        [
          -3.8412181879721174e-08,
          6.656522799630693e-08,
          1.0,
          1.7000000476837158
        ],
        [
          0.0,
          0.0,
          0.0,
          1.0
        ]
      ],
      "matrix_ego_from_sensor_bevfusion": [
        [
          -0.8191519975662231,
          -7.660097622874673e-08,
          0.5735765695571899,
          1.2999999523162842
        ],
        [
          -0.5735765695571899,
          -6.719557354983863e-09,
          -0.8191519975662231,
          -0.5500030517578125
        ],
        [
          6.656522799630693e-08,
          -1.0,
          -3.8412181879721174e-08,
          1.7000000476837158
        ],
        [
          0.0,
          0.0,
          0.0,
          1.0
        ]
      ],
      "camera_intrinsics": [
        [
          685.5110473632812,
          0.0,
          480.0
        ],
        [
          0.0,
          685.5110473632812,
          270.0
        ],
        [
          0.0,
          0.0,
          1.0
        ]
      ],
      "data_path": "D:\\Agent-AI\\outputs\\s3a_ml_long_v1\\sample_000048\\images\\CAM_FRONT_RIGHT.png",
      "raw_layout": "bgra8"
    },
    "CAM_FRONT_LEFT": {
      "type_id": "sensor.camera.rgb",
      "blueprint_attributes": {
        "role_name": "front",
        "ros_name": "sensor.camera.rgb",
        "chromatic_aberration_offset": "0.0",
        "sensor_tick": "0.100000",
        "fstop": "1.4",
        "image_size_x": "960",
        "image_size_y": "540",
        "fov": "70.00",
        "lens_circle_falloff": "5.0",
        "lens_circle_multiplier": "0.0",
        "exposure_compensation": "0.0",
        "lens_y_size": "0.08",
        "lens_k": "-1.0",
        "exposure_mode": "histogram",
        "lens_kcube": "0.0",
        "lens_x_size": "0.08",
        "exposure_max_bright": "12.0",
        "shutter_speed": "200.0",
        "bloom_intensity": "0.675",
        "iso": "100.0",
        "enable_postprocess_effects": "false",
        "gamma": "2.2",
        "motion_blur_intensity": "0.0",
        "motion_blur_max_distortion": "0.35",
        "lens_flare_intensity": "0.1",
        "motion_blur_min_object_screen_size": "0.1",
        "exposure_min_bright": "10.0",
        "exposure_speed_up": "3.0",
        "exposure_speed_down": "1.0",
        "tint": "0.0",
        "calibration_constant": "16.0",
        "focal_distance": "1000.0",
        "min_fstop": "1.2",
        "blade_count": "5",
        "blur_amount": "0.0",
        "blur_radius": "0.0",
        "slope": "0.88",
        "toe": "0.55",
        "white_clip": "0.04",
        "shoulder": "0.26",
        "black_clip": "0.0",
        "temp": "6500.0",
        "chromatic_aberration_intensity": "0.0"
      },
      "transform_carla": {
        "location": {
          "x": 102.67216491699219,
          "y": -38.404457092285156,
          "z": 1.6946250200271606
        },
        "rotation": {
          "roll": 0.03499497100710869,
          "pitch": -0.02796962298452854,
          "yaw": -164.16001892089844
        }
      },
      "matrix_world_from_sensor_carla": [
        [
          -0.9620276093482971,
          0.2729518711566925,
          -0.0003029126091860235,
          102.67216491699219
        ],
        [
          -0.272951602935791,
          -0.9620274901390076,
          -0.0007208293536677957,
          -38.404457092285156
        ],
        [
          -0.0004881619825027883,
          -0.000610777351539582,
          0.9999997019767761,
          1.6946250200271606
        ],
        [
          0.0,
          0.0,
          0.0,
          1.0
        ]
      ],
      "matrix_world_from_sensor_bevfusion": [
        [
          0.2729518711566925,
          0.0003029126091860235,
          -0.9620276093482971,
          102.67216491699219
        ],
        [
          0.9620274901390076,
          -0.0007208293536677957,
          0.272951602935791,
          38.404457092285156
        ],
        [
          -0.000610777351539582,
          -0.9999997019767761,
          -0.0004881619825027883,
          1.6946250200271606
        ],
        [
          0.0,
          0.0,
          0.0,
          1.0
        ]
      ],
      "matrix_ego_from_sensor_carla": [
        [
          0.5735769271850586,
          0.8191516995429993,
          9.301553660634454e-08,
          1.2999982833862305
        ],
        [
          -0.8191516399383545,
          0.5735769271850586,
          -1.6134647395915636e-08,
          -0.5499954223632812
        ],
        [
          -6.65895996121435e-08,
          -6.698961385609437e-08,
          1.0,
          1.6999998092651367
        ],
        [
          0.0,
          0.0,
          0.0,
          1.0
        ]
      ],
      "matrix_ego_from_sensor_bevfusion": [
        [
          0.8191516995429993,
          -9.301553660634454e-08,
          0.5735769271850586,
          1.2999982833862305
        ],
        [
          -0.5735769271850586,
          -1.6134647395915636e-08,
          0.8191516399383545,
          0.5499954223632812
        ],
        [
          -6.698961385609437e-08,
          -1.0,
          -6.65895996121435e-08,
          1.6999998092651367
        ],
        [
          0.0,
          0.0,
          0.0,
          1.0
        ]
      ],
      "camera_intrinsics": [
        [
          685.5110473632812,
          0.0,
          480.0
        ],
        [
          0.0,
          685.5110473632812,
          270.0
        ],
        [
          0.0,
          0.0,
          1.0
        ]
      ],
      "data_path": "D:\\Agent-AI\\outputs\\s3a_ml_long_v1\\sample_000048\\images\\CAM_FRONT_LEFT.png",
      "raw_layout": "bgra8"
    },
    "CAM_BACK": {
      "type_id": "sensor.camera.rgb",
      "blueprint_attributes": {
        "role_name": "front",
        "ros_name": "sensor.camera.rgb",
        "chromatic_aberration_offset": "0.0",
        "sensor_tick": "0.100000",
        "fstop": "1.4",
        "image_size_x": "960",
        "image_size_y": "540",
        "fov": "70.00",
        "lens_circle_falloff": "5.0",
        "lens_circle_multiplier": "0.0",
        "exposure_compensation": "0.0",
        "lens_y_size": "0.08",
        "lens_k": "-1.0",
        "exposure_mode": "histogram",
        "lens_kcube": "0.0",
        "lens_x_size": "0.08",
        "exposure_max_bright": "12.0",
        "shutter_speed": "200.0",
        "bloom_intensity": "0.675",
        "iso": "100.0",
        "enable_postprocess_effects": "false",
        "gamma": "2.2",
        "motion_blur_intensity": "0.0",
        "motion_blur_max_distortion": "0.35",
        "lens_flare_intensity": "0.1",
        "motion_blur_min_object_screen_size": "0.1",
        "exposure_min_bright": "10.0",
        "exposure_speed_up": "3.0",
        "exposure_speed_down": "1.0",
        "tint": "0.0",
        "calibration_constant": "16.0",
        "focal_distance": "1000.0",
        "min_fstop": "1.2",
        "blade_count": "5",
        "blur_amount": "0.0",
        "blur_radius": "0.0",
        "slope": "0.88",
        "toe": "0.55",
        "white_clip": "0.04",
        "shoulder": "0.26",
        "black_clip": "0.0",
        "temp": "6500.0",
        "chromatic_aberration_intensity": "0.0"
      },
      "transform_carla": {
        "location": {
          "x": 104.12709045410156,
          "y": -35.892845153808594,
          "z": 1.6968761682510376
        },
        "rotation": {
          "roll": 0.0028381478041410446,
          "pitch": 0.04470358416438103,
          "yaw": 70.83995819091797
        }
      },
      "matrix_world_from_sensor_carla": [
        [
          0.32820791006088257,
          -0.9446054697036743,
          -0.00030286703258752823,
          104.12709045410156
        ],
        [
          0.9446051716804504,
          0.3282080292701721,
          -0.0007207466987892985,
          -35.892845153808594
        ],
        [
          0.0007802246836945415,
          -4.953501047566533e-05,
          0.9999997019767761,
          1.6968761682510376
        ],
        [
          0.0,
          0.0,
          0.0,
          1.0
        ]
      ],
      "matrix_world_from_sensor_bevfusion": [
        [
          -0.9446054697036743,
          0.00030286703258752823,
          0.32820791006088257,
          104.12709045410156
        ],
        [
          -0.3282080292701721,
          -0.0007207466987892985,
          -0.9446051716804504,
          35.892845153808594
        ],
        [
          -4.953501047566533e-05,
          -0.9999997019767761,
          0.0007802246836945415,
          1.6968761682510376
        ],
        [
          0.0,
          0.0,
          0.0,
          1.0
        ]
      ],
      "matrix_ego_from_sensor_carla": [
        [
          -1.0,
          -9.263991351815548e-09,
          -3.055680708463626e-13,
          -1.5500012636184692
        ],
        [
          1.0298575325862203e-08,
          -1.0,
          -2.1848933773327417e-10,
          0.0
        ],
        [
          3.055680708463626e-13,
          -2.2534402122076358e-10,
          1.0,
          1.7000001668930054
        ],
        [
          0.0,
          0.0,
          0.0,
          1.0
        ]
      ],
      "matrix_ego_from_sensor_bevfusion": [
        [
          -9.263991351815548e-09,
          3.055680708463626e-13,
          -1.0,
          -1.5500012636184692
        ],
        [
          1.0,
          -2.1848933773327417e-10,
          -1.0298575325862203e-08,
          0.0
        ],
        [
          -2.2534402122076358e-10,
          -1.0,
          3.055680708463626e-13,
          1.7000001668930054
        ],
        [
          0.0,
          0.0,
          0.0,
          1.0
        ]
      ],
      "camera_intrinsics": [
        [
          685.5110473632812,
          0.0,
          480.0
        ],
        [
          0.0,
          685.5110473632812,
          270.0
        ],
        [
          0.0,
          0.0,
          1.0
        ]
      ],
      "data_path": "D:\\Agent-AI\\outputs\\s3a_ml_long_v1\\sample_000048\\images\\CAM_BACK.png",
      "raw_layout": "bgra8"
    },
    "CAM_BACK_LEFT": {
      "type_id": "sensor.camera.rgb",
      "blueprint_attributes": {
        "role_name": "front",
        "ros_name": "sensor.camera.rgb",
        "chromatic_aberration_offset": "0.0",
        "sensor_tick": "0.100000",
        "fstop": "1.4",
        "image_size_x": "960",
        "image_size_y": "540",
        "fov": "70.00",
        "lens_circle_falloff": "5.0",
        "lens_circle_multiplier": "0.0",
        "exposure_compensation": "0.0",
        "lens_y_size": "0.08",
        "lens_k": "-1.0",
        "exposure_mode": "histogram",
        "lens_kcube": "0.0",
        "lens_x_size": "0.08",
        "exposure_max_bright": "12.0",
        "shutter_speed": "200.0",
        "bloom_intensity": "0.675",
        "iso": "100.0",
        "enable_postprocess_effects": "false",
        "gamma": "2.2",
        "motion_blur_intensity": "0.0",
        "motion_blur_max_distortion": "0.35",
        "lens_flare_intensity": "0.1",
        "motion_blur_min_object_screen_size": "0.1",
        "exposure_min_bright": "10.0",
        "exposure_speed_up": "3.0",
        "exposure_speed_down": "1.0",
        "tint": "0.0",
        "calibration_constant": "16.0",
        "focal_distance": "1000.0",
        "min_fstop": "1.2",
        "blade_count": "5",
        "blur_amount": "0.0",
        "blur_radius": "0.0",
        "slope": "0.88",
        "toe": "0.55",
        "white_clip": "0.04",
        "shoulder": "0.26",
        "black_clip": "0.0",
        "temp": "6500.0",
        "chromatic_aberration_intensity": "0.0"
      },
      "transform_carla": {
        "location": {
          "x": 103.52550506591797,
          "y": -35.948482513427734,
          "z": 1.6966538429260254
        },
        "rotation": {
          "roll": 0.03825074061751366,
          "pitch": 0.02331826463341713,
          "yaw": 125.83995819091797
        }
      },
      "matrix_world_from_sensor_carla": [
        [
          -0.5855230093002319,
          -0.8106557130813599,
          -0.0003028984065167606,
          103.52550506591797
        ],
        [
          0.8106556534767151,
          -0.5855227112770081,
          -0.0007208168972283602,
          -35.948482513427734
        ],
        [
          0.00040698048542253673,
          -0.0006676012417301536,
          0.9999997019767761,
          1.6966538429260254
        ],
        [
          0.0,
          0.0,
          0.0,
          1.0
        ]
      ],
      "matrix_world_from_sensor_bevfusion": [
        [
          -0.8106557130813599,
          0.0003028984065167606,
          -0.5855230093002319,
          103.52550506591797
        ],
        [
          0.5855227112770081,
          -0.0007208168972283602,
          -0.8106556534767151,
          35.948482513427734
        ],
        [
          -0.0006676012417301536,
          -0.9999997019767761,
          0.00040698048542253673,
          1.6966538429260254
        ],
        [
          0.0,
          0.0,
          0.0,
          1.0
        ]
      ],
      "matrix_ego_from_sensor_carla": [
        [
          -0.5735765695571899,
          0.8191519379615784,
          7.660097622874673e-08,
          -1.300000786781311
        ],
        [
          -0.8191519379615784,
          -0.5735766291618347,
          -6.806868846354064e-09,
          -0.5499954223632812
        ],
        [
          3.838307804926444e-08,
          -6.668164331813387e-08,
          1.0,
          1.7000000476837158
        ],
        [
          0.0,
          0.0,
          0.0,
          1.0
        ]
      ],
      "matrix_ego_from_sensor_bevfusion": [
        [
          0.8191519379615784,
          -7.660097622874673e-08,
          -0.5735765695571899,
          -1.300000786781311
        ],
        [
          0.5735766291618347,
          -6.806868846354064e-09,
          0.8191519379615784,
          0.5499954223632812
        ],
        [
          -6.668164331813387e-08,
          -1.0,
          3.838307804926444e-08,
          1.7000000476837158
        ],
        [
          0.0,
          0.0,
          0.0,
          1.0
        ]
      ],
      "camera_intrinsics": [
        [
          685.5110473632812,
          0.0,
          480.0
        ],
        [
          0.0,
          685.5110473632812,
          270.0
        ],
        [
          0.0,
          0.0,
          1.0
        ]
      ],
      "data_path": "D:\\Agent-AI\\outputs\\s3a_ml_long_v1\\sample_000048\\images\\CAM_BACK_LEFT.png",
      "raw_layout": "bgra8"
    },
    "CAM_BACK_RIGHT": {
      "type_id": "sensor.camera.rgb",
      "blueprint_attributes": {
        "role_name": "front",
        "ros_name": "sensor.camera.rgb",
        "chromatic_aberration_offset": "0.0",
        "sensor_tick": "0.100000",
        "fstop": "1.4",
        "image_size_x": "960",
        "image_size_y": "540",
        "fov": "70.00",
        "lens_circle_falloff": "5.0",
        "lens_circle_multiplier": "0.0",
        "exposure_compensation": "0.0",
        "lens_y_size": "0.08",
        "lens_k": "-1.0",
        "exposure_mode": "histogram",
        "lens_kcube": "0.0",
        "lens_x_size": "0.08",
        "exposure_max_bright": "12.0",
        "shutter_speed": "200.0",
        "bloom_intensity": "0.675",
        "iso": "100.0",
        "enable_postprocess_effects": "false",
        "gamma": "2.2",
        "motion_blur_intensity": "0.0",
        "motion_blur_max_distortion": "0.35",
        "lens_flare_intensity": "0.1",
        "motion_blur_min_object_screen_size": "0.1",
        "exposure_min_bright": "10.0",
        "exposure_speed_up": "3.0",
        "exposure_speed_down": "1.0",
        "tint": "0.0",
        "calibration_constant": "16.0",
        "focal_distance": "1000.0",
        "min_fstop": "1.2",
        "blade_count": "5",
        "blur_amount": "0.0",
        "blur_radius": "0.0",
        "slope": "0.88",
        "toe": "0.55",
        "white_clip": "0.04",
        "shoulder": "0.26",
        "black_clip": "0.0",
        "temp": "6500.0",
        "chromatic_aberration_intensity": "0.0"
      },
      "transform_carla": {
        "location": {
          "x": 104.56456756591797,
          "y": -36.30950927734375,
          "z": 1.69670832157135
        },
        "rotation": {
          "roll": -0.03499497100710869,
          "pitch": 0.02796962298452854,
          "yaw": 15.839959144592285
        }
      },
      "matrix_world_from_sensor_carla": [
        [
          0.9620277285575867,
          -0.27295148372650146,
          -0.00030291290022432804,
          104.56456756591797
        ],
        [
          0.2729512155056,
          0.9620276093482971,
          -0.0007208292372524738,
          -36.30950927734375
        ],
        [
          0.0004881619825027883,
          0.000610777351539582,
          0.9999997019767761,
          1.69670832157135
        ],
        [
          0.0,
          0.0,
          0.0,
          1.0
        ]
      ],
      "matrix_world_from_sensor_bevfusion": [
        [
          -0.27295148372650146,
          0.00030291290022432804,
          0.9620277285575867,
          104.56456756591797
        ],
        [
          -0.9620276093482971,
          -0.0007208292372524738,
          -0.2729512155056,
          36.30950927734375
        ],
        [
          0.000610777351539582,
          -0.9999997019767761,
          0.0004881619825027883,
          1.69670832157135
        ],
        [
          0.0,
          0.0,
          0.0,
          1.0
        ]
      ],
      "matrix_ego_from_sensor_carla": [
        [
          -0.5735765695571899,
          -0.8191519379615784,
          9.301553660634454e-08,
          -1.300003170967102
        ],
        [
          0.8191518783569336,
          -0.5735765695571899,
          -1.6436599636904248e-08,
          0.5500030517578125
        ],
        [
          6.68515340862541e-08,
          6.681499087335396e-08,
          1.0,
          1.7000000476837158
        ],
        [
          0.0,
          0.0,
          0.0,
          1.0
        ]
      ],
      "matrix_ego_from_sensor_bevfusion": [
        [
          -0.8191519379615784,
          -9.301553660634454e-08,
          -0.5735765695571899,
          -1.300003170967102
        ],
        [
          0.5735765695571899,
          -1.6436599636904248e-08,
          -0.8191518783569336,
          -0.5500030517578125
        ],
        [
          6.681499087335396e-08,
          -1.0,
          6.68515340862541e-08,
          1.7000000476837158
        ],
        [
          0.0,
          0.0,
          0.0,
          1.0
        ]
      ],
      "camera_intrinsics": [
        [
          685.5110473632812,
          0.0,
          480.0
        ],
        [
          0.0,
          685.5110473632812,
          270.0
        ],
        [
          0.0,
          0.0,
          1.0
        ]
      ],
      "data_path": "D:\\Agent-AI\\outputs\\s3a_ml_long_v1\\sample_000048\\images\\CAM_BACK_RIGHT.png",
      "raw_layout": "bgra8"
    },
    "LIDAR_TOP": {
      "type_id": "sensor.lidar.ray_cast",
      "blueprint_attributes": {
        "atmosphere_attenuation_rate": "0.004",
        "role_name": "front",
        "noise_seed": "0",
        "upper_fov": "10.0",
        "ros_name": "sensor.lidar.ray_cast",
        "sensor_tick": "0.100000",
        "channels": "32",
        "range": "120.0",
        "points_per_second": "360000",
        "lower_fov": "-30.0",
        "rotation_frequency": "10.000000",
        "horizontal_fov": "360.0",
        "dropoff_general_rate": "0.0",
        "dropoff_intensity_limit": "1.0",
        "noise_stddev": "0.0",
        "dropoff_zero_intensity": "0.0"
      },
      "transform_carla": {
        "location": {
          "x": 103.61821746826172,
          "y": -37.35734558105469,
          "z": 2.195666551589966
        },
        "rotation": {
          "roll": -0.0028381359297782183,
          "pitch": -0.04470358416438103,
          "yaw": -109.16004180908203
        }
      },
      "matrix_world_from_sensor_carla": [
        [
          -0.3282078802585602,
          0.9446054697036743,
          -0.00030286682886071503,
          103.61821746826172
        ],
        [
          -0.9446051716804504,
          -0.32820799946784973,
          -0.0007207467569969594,
          -37.35734558105469
        ],
        [
          -0.0007802246836945415,
          4.953480311087333e-05,
          0.9999997019767761,
          2.195666551589966
        ],
        [
          0.0,
          0.0,
          0.0,
          1.0
        ]
      ],
      "matrix_world_from_sensor_bevfusion": [
        [
          -0.3282078802585602,
          -0.9446054697036743,
          -0.00030286682886071503,
          103.61821746826172
        ],
        [
          0.9446051716804504,
          -0.32820799946784973,
          0.0007207467569969594,
          37.35734558105469
        ],
        [
          -0.0007802246836945415,
          -4.953480311087333e-05,
          0.9999997019767761,
          2.195666551589966
        ],
        [
          0.0,
          0.0,
          0.0,
          1.0
        ]
      ],
      "matrix_ego_from_sensor_carla": [
        [
          1.0,
          -1.888727574339555e-08,
          -3.055680708463626e-13,
          -5.960464477539062e-07
        ],
        [
          -1.0298575325862203e-08,
          1.0,
          3.4273701498416242e-12,
          0.0
        ],
        [
          -3.055680708463626e-13,
          -3.848585512777891e-12,
          1.0,
          2.200000047683716
        ],
        [
          0.0,
          0.0,
          0.0,
          1.0
        ]
      ],
      "matrix_ego_from_sensor_bevfusion": [
        [
          1.0,
          1.888727574339555e-08,
          -3.055680708463626e-13,
          -5.960464477539062e-07
        ],
        [
          1.0298575325862203e-08,
          1.0,
          -3.4273701498416242e-12,
          0.0
        ],
        [
          -3.055680708463626e-13,
          3.848585512777891e-12,
          1.0,
          2.200000047683716
        ],
        [
          0.0,
          0.0,
          0.0,
          1.0
        ]
      ],
      "data_path": "D:\\Agent-AI\\outputs\\s3a_ml_long_v1\\sample_000048\\lidar\\LIDAR_TOP.npy",
      "raw_layout": [
        "x",
        "y",
        "z",
        "intensity"
      ]
    },
    "RADAR_FRONT": {
      "type_id": "sensor.other.radar",
      "blueprint_attributes": {
        "sensor_tick": "0.100000",
        "role_name": "default",
        "noise_seed": "0",
        "ros_name": "sensor.other.radar",
        "horizontal_fov": "35.0",
        "points_per_second": "1500",
        "vertical_fov": "20.0",
        "range": "120.0"
      },
      "transform_carla": {
        "location": {
          "x": 102.96219635009766,
          "y": -39.2456169128418,
          "z": 0.8941062688827515
        },
        "rotation": {
          "roll": -0.0028381359297782183,
          "pitch": -0.04470358416438103,
          "yaw": -109.16004180908203
        }
      },
      "matrix_world_from_sensor_carla": [
        [
          -0.3282078802585602,
          0.9446054697036743,
          -0.00030286682886071503,
          102.96219635009766
        ],
        [
          -0.9446051716804504,
          -0.32820799946784973,
          -0.0007207467569969594,
          -39.2456169128418
        ],
        [
          -0.0007802246836945415,
          4.953480311087333e-05,
          0.9999997019767761,
          0.8941062688827515
        ],
        [
          0.0,
          0.0,
          0.0,
          1.0
        ]
      ],
      "matrix_world_from_sensor_bevfusion": [
        [
          -0.3282078802585602,
          -0.9446054697036743,
          -0.00030286682886071503,
          102.96219635009766
        ],
        [
          0.9446051716804504,
          -0.32820799946784973,
          0.0007207467569969594,
          39.2456169128418
        ],
        [
          -0.0007802246836945415,
          -4.953480311087333e-05,
          0.9999997019767761,
          0.8941062688827515
        ],
        [
          0.0,
          0.0,
          0.0,
          1.0
        ]
      ],
      "matrix_ego_from_sensor_carla": [
        [
          1.0,
          -1.888727574339555e-08,
          -3.055680708463626e-13,
          1.9999988079071045
        ],
        [
          -1.0298575325862203e-08,
          1.0,
          3.4273701498416242e-12,
          7.62939453125e-06
        ],
        [
          -3.055680708463626e-13,
          -3.848585512777891e-12,
          1.0,
          0.8999997973442078
        ],
        [
          0.0,
          0.0,
          0.0,
          1.0
        ]
      ],
      "matrix_ego_from_sensor_bevfusion": [
        [
          1.0,
          1.888727574339555e-08,
          -3.055680708463626e-13,
          1.9999988079071045
        ],
        [
          1.0298575325862203e-08,
          1.0,
          -3.4273701498416242e-12,
          -7.62939453125e-06
        ],
        [
          -3.055680708463626e-13,
          3.848585512777891e-12,
          1.0,
          0.8999997973442078
        ],
        [
          0.0,
          0.0,
          0.0,
          1.0
        ]
      ],
      "data_path": "D:\\Agent-AI\\outputs\\s3a_ml_long_v1\\sample_000048\\radar\\RADAR_FRONT.npy",
      "raw_layout": [
        "velocity",
        "altitude",
        "azimuth",
        "depth"
      ]
    },
    "RADAR_FRONT_LEFT": {
      "type_id": "sensor.other.radar",
      "blueprint_attributes": {
        "sensor_tick": "0.100000",
        "role_name": "default",
        "noise_seed": "0",
        "ros_name": "sensor.other.radar",
        "horizontal_fov": "35.0",
        "points_per_second": "1500",
        "vertical_fov": "20.0",
        "range": "120.0"
      },
      "transform_carla": {
        "location": {
          "x": 102.36861419677734,
          "y": -38.66884994506836,
          "z": 0.894342303276062
        },
        "rotation": {
          "roll": 0.029606644064188004,
          "pitch": -0.03361818939447403,
          "yaw": -154.16006469726562
        }
      },
      "matrix_world_from_sensor_carla": [
        [
          -0.9000149965286255,
          0.4358587861061096,
          -0.00030285940738394856,
          102.36861419677734
        ],
        [
          -0.43585848808288574,
          -0.9000149369239807,
          -0.0007208070019260049,
          -38.66884994506836
        ],
        [
          -0.0005867480067536235,
          -0.0005167332710698247,
          0.9999997019767761,
          0.894342303276062
        ],
        [
          0.0,
          0.0,
          0.0,
          1.0
        ]
      ],
      "matrix_world_from_sensor_bevfusion": [
        [
          -0.9000149965286255,
          -0.4358587861061096,
          -0.00030285940738394856,
          102.36861419677734
        ],
        [
          0.43585848808288574,
          -0.9000149369239807,
          0.0007208070019260049,
          38.66884994506836
        ],
        [
          -0.0005867480067536235,
          0.0005167332710698247,
          0.9999997019767761,
          0.894342303276062
        ],
        [
          0.0,
          0.0,
          0.0,
          1.0
        ]
      ],
      "matrix_ego_from_sensor_carla": [
        [
          0.7071067094802856,
          0.7071069478988647,
          5.4482065081629116e-08,
          1.6499981880187988
        ],
        [
          -0.7071068286895752,
          0.7071067094802856,
          2.6789864548959486e-08,
          -0.7499923706054688
        ],
        [
          -1.9499324821481423e-08,
          -5.74133771635843e-08,
          1.0,
          0.8999998569488525
        ],
        [
          0.0,
          0.0,
          0.0,
          1.0
        ]
      ],
      "matrix_ego_from_sensor_bevfusion": [
        [
          0.7071067094802856,
          -0.7071069478988647,
          5.4482065081629116e-08,
          1.6499981880187988
        ],
        [
          0.7071068286895752,
          0.7071067094802856,
          -2.6789864548959486e-08,
          0.7499923706054688
        ],
        [
          -1.9499324821481423e-08,
          5.74133771635843e-08,
          1.0,
          0.8999998569488525
        ],
        [
          0.0,
          0.0,
          0.0,
          1.0
        ]
      ],
      "data_path": "D:\\Agent-AI\\outputs\\s3a_ml_long_v1\\sample_000048\\radar\\RADAR_FRONT_LEFT.npy",
      "raw_layout": [
        "velocity",
        "altitude",
        "azimuth",
        "depth"
      ]
    },
    "RADAR_FRONT_RIGHT": {
      "type_id": "sensor.other.radar",
      "blueprint_attributes": {
        "sensor_tick": "0.100000",
        "role_name": "default",
