{
  "schema_version": "stage1.v1",
  "sample_name": "sample_000009",
  "sequence_index": 9,
  "previous_sample_name": "sample_000008",
  "frame_id": 3929,
  "timestamp": 40.031086560338736,
  "platform_timestamp": 16816484.7270721,
  "delta_seconds": 0.10000000149011612,
  "town": "Carla/Maps/Town10HD_Opt",
  "weather": {
    "cloudiness": 20.0,
    "dust_storm": 0.0,
    "fog_density": 2.0,
    "fog_distance": 0.75,
    "fog_falloff": 0.10000000149011612,
    "mie_scattering_scale": 0.029999999329447746,
    "precipitation": 0.0,
    "precipitation_deposits": 0.0,
    "rayleigh_scattering_scale": 0.03310000151395798,
    "scattering_intensity": 1.0,
    "sun_altitude_angle": 45.0,
    "sun_azimuth_angle": 300.0,
    "wetness": 0.0,
    "wind_intensity": 10.0
  },
  "sensor_names": [
    "CAM_FRONT",
    "CAM_FRONT_RIGHT",
    "CAM_FRONT_LEFT",
    "CAM_BACK",
    "CAM_BACK_LEFT",
    "CAM_BACK_RIGHT",
    "LIDAR_TOP",
    "RADAR_FRONT",
    "RADAR_FRONT_LEFT",
    "RADAR_FRONT_RIGHT",
    "RADAR_BACK_LEFT",
    "RADAR_BACK_RIGHT"
  ],
  "camera_order_for_model": [
    "CAM_FRONT",
    "CAM_FRONT_RIGHT",
    "CAM_FRONT_LEFT",
    "CAM_BACK",
    "CAM_BACK_LEFT",
    "CAM_BACK_RIGHT"
  ],
  "radar_order_for_model": [
    "RADAR_FRONT",
    "RADAR_FRONT_LEFT",
    "RADAR_FRONT_RIGHT",
    "RADAR_BACK_LEFT",
    "RADAR_BACK_RIGHT"
  ],
  "coordinate_notes": {
    "carla_world": "left-handed x-forward y-right z-up",
    "bevfusion_lidar": "x-forward y-left z-up",
    "camera_frame_for_model": "OpenCV style x-right y-down z-forward"
  },
  "ego": {
    "actor_id": 24,
    "transform_carla": {
      "location": {
        "x": 109.77632904052734,
        "y": -24.298858642578125,
        "z": -0.005883140489459038
      },
      "rotation": {
        "roll": 0.15935823321342468,
        "pitch": 0.4367222785949707,
        "yaw": -92.89545440673828
      }
    },
    "velocity_carla": [
      -0.4178735613822937,
      -6.421210765838623,
      -0.00038317678263410926
    ],
    "angular_velocity_carla": [
      -1.2397451400756836,
      -0.09644188731908798,
      -4.3694658279418945
    ],
    "matrix_world_from_ego_carla": [
      [
        -0.050512272864580154,
        0.9987184405326843,
        0.0031627945136278868,
        109.77632904052734
      ],
      [
        -0.9986944198608398,
        -0.05053471401333809,
        0.007471913006156683,
        -24.298858642578125
      ],
      [
        0.007622167933732271,
        -0.0027812416665256023,
        0.999967098236084,
        -0.005883140489459038
      ],
      [
        0.0,
        0.0,
        0.0,
        1.0
      ]
    ],
    "matrix_world_from_ego_bevfusion": [
      [
        -0.050512272864580154,
        -0.9987184405326843,
        0.0031627945136278868,
        109.77632904052734
      ],
      [
        0.9986944198608398,
        -0.05053471401333809,
        -0.007471913006156683,
        24.298858642578125
      ],
      [
        0.007622167933732271,
        0.0027812416665256023,
        0.999967098236084,
        -0.005883140489459038
      ],
      [
        0.0,
        0.0,
        0.0,
        1.0
      ]
    ]
  },
  "sensors": {
    "CAM_FRONT": {
      "type_id": "sensor.camera.rgb",
      "blueprint_attributes": {
        "role_name": "front",
        "ros_name": "sensor.camera.rgb",
        "chromatic_aberration_offset": "0.0",
        "sensor_tick": "0.100000",
        "fstop": "1.4",
        "image_size_x": "960",
        "image_size_y": "540",
        "fov": "70.00",
        "lens_circle_falloff": "5.0",
        "lens_circle_multiplier": "0.0",
        "exposure_compensation": "0.0",
        "lens_y_size": "0.08",
        "lens_k": "-1.0",
        "exposure_mode": "histogram",
        "lens_kcube": "0.0",
        "lens_x_size": "0.08",
        "exposure_max_bright": "12.0",
        "shutter_speed": "200.0",
        "bloom_intensity": "0.675",
        "iso": "100.0",
        "enable_postprocess_effects": "false",
        "gamma": "2.2",
        "motion_blur_intensity": "0.0",
        "motion_blur_max_distortion": "0.35",
        "lens_flare_intensity": "0.1",
        "motion_blur_min_object_screen_size": "0.1",
        "exposure_min_bright": "10.0",
        "exposure_speed_up": "3.0",
        "exposure_speed_down": "1.0",
        "tint": "0.0",
        "calibration_constant": "16.0",
        "focal_distance": "1000.0",
        "min_fstop": "1.2",
        "blade_count": "5",
        "blur_amount": "0.0",
        "blur_radius": "0.0",
        "slope": "0.88",
        "toe": "0.55",
        "white_clip": "0.04",
        "shoulder": "0.26",
        "black_clip": "0.0",
        "temp": "6500.0",
        "chromatic_aberration_intensity": "0.0"
      },
      "transform_carla": {
        "location": {
          "x": 109.70340728759766,
          "y": -25.83413314819336,
          "z": 1.7058751583099365
        },
        "rotation": {
          "roll": 0.15935823321342468,
          "pitch": 0.4367222785949707,
          "yaw": -92.89545440673828
        }
      },
      "matrix_world_from_sensor_carla": [
        [
          -0.050512272864580154,
          0.9987184405326843,
          0.0031627945136278868,
          109.70340728759766
        ],
        [
          -0.9986944198608398,
          -0.05053471401333809,
          0.007471913006156683,
          -25.83413314819336
        ],
        [
          0.007622167933732271,
          -0.0027812416665256023,
          0.999967098236084,
          1.7058751583099365
        ],
        [
          0.0,
          0.0,
          0.0,
          1.0
        ]
      ],
      "matrix_world_from_sensor_bevfusion": [
        [
          0.9987184405326843,
          -0.0031627945136278868,
          -0.050512272864580154,
          109.70340728759766
        ],
        [
          0.05053471401333809,
          0.007471913006156683,
          0.9986944198608398,
          25.83413314819336
        ],
        [
          -0.0027812416665256023,
          -0.999967098236084,
          0.007622167933732271,
          1.7058751583099365
        ],
        [
          0.0,
          0.0,
          0.0,
          1.0
        ]
      ],
      "matrix_ego_from_sensor_carla": [
        [
          1.0,
          7.351627639984315e-10,
          -2.5698199124235543e-10,
          1.5499992370605469
        ],
        [
          -6.922200035397452e-10,
          1.0,
          5.313749440460924e-12,
          -7.62939453125e-06
        ],
        [
          -2.456526371208412e-10,
          -6.174197264563475e-11,
          1.0,
          1.6999998092651367
        ],
        [
          0.0,
          0.0,
          0.0,
          1.0
        ]
      ],
      "matrix_ego_from_sensor_bevfusion": [
        [
          7.351627639984315e-10,
          2.5698199124235543e-10,
          1.0,
          1.5499992370605469
        ],
        [
          -1.0,
          5.313749440460924e-12,
          6.922200035397452e-10,
          7.62939453125e-06
        ],
        [
          -6.174197264563475e-11,
          -1.0,
          -2.456526371208412e-10,
          1.6999998092651367
        ],
        [
          0.0,
          0.0,
          0.0,
          1.0
        ]
      ],
      "camera_intrinsics": [
        [
          685.5110473632812,
          0.0,
          480.0
        ],
        [
          0.0,
          685.5110473632812,
          270.0
        ],
        [
          0.0,
          0.0,
          1.0
        ]
      ],
      "data_path": "D:\\Agent-AI\\outputs\\s3a_left_v3\\sample_000009\\images\\CAM_FRONT.png",
      "raw_layout": "bgra8"
    },
    "CAM_FRONT_RIGHT": {
      "type_id": "sensor.camera.rgb",
      "blueprint_attributes": {
        "role_name": "front",
        "ros_name": "sensor.camera.rgb",
        "chromatic_aberration_offset": "0.0",
        "sensor_tick": "0.100000",
        "fstop": "1.4",
        "image_size_x": "960",
        "image_size_y": "540",
        "fov": "70.00",
        "lens_circle_falloff": "5.0",
        "lens_circle_multiplier": "0.0",
        "exposure_compensation": "0.0",
        "lens_y_size": "0.08",
        "lens_k": "-1.0",
        "exposure_mode": "histogram",
        "lens_kcube": "0.0",
        "lens_x_size": "0.08",
        "exposure_max_bright": "12.0",
        "shutter_speed": "200.0",
        "bloom_intensity": "0.675",
        "iso": "100.0",
        "enable_postprocess_effects": "false",
        "gamma": "2.2",
        "motion_blur_intensity": "0.0",
        "motion_blur_max_distortion": "0.35",
        "lens_flare_intensity": "0.1",
        "motion_blur_min_object_screen_size": "0.1",
        "exposure_min_bright": "10.0",
        "exposure_speed_up": "3.0",
        "exposure_speed_down": "1.0",
        "tint": "0.0",
        "calibration_constant": "16.0",
        "focal_distance": "1000.0",
        "min_fstop": "1.2",
        "blade_count": "5",
        "blur_amount": "0.0",
        "blur_radius": "0.0",
        "slope": "0.88",
        "toe": "0.55",
        "white_clip": "0.04",
        "shoulder": "0.26",
        "black_clip": "0.0",
        "temp": "6500.0",
        "chromatic_aberration_intensity": "0.0"
      },
      "transform_carla": {
        "location": {
          "x": 110.26532745361328,
          "y": -25.612253189086914,
          "z": 1.7024400234222412
        },
        "rotation": {
          "roll": 0.4491453170776367,
          "pitch": 0.11995860934257507,
          "yaw": -37.895572662353516
        }
      },
      "matrix_world_from_sensor_carla": [
        [
          0.7891297936439514,
          0.6142183542251587,
          0.00316276284866035,
          110.26532745361328
        ],
        [
          -0.6142228841781616,
          0.789097249507904,
          0.0074719334952533245,
          -25.612253189086914
        ],
        [
          0.0020936711225658655,
          -0.007838966324925423,
          0.999967098236084,
          1.7024400234222412
        ],
        [
          0.0,
          0.0,
          0.0,
          1.0
        ]
      ],
      "matrix_world_from_sensor_bevfusion": [
        [
          0.6142183542251587,
          -0.00316276284866035,
          0.7891297936439514,
          110.26532745361328
        ],
        [
          -0.789097249507904,
          0.0074719334952533245,
          0.6142228841781616,
          25.612253189086914
        ],
        [
          -0.007838966324925423,
          -0.999967098236084,
          0.0020936711225658655,
          1.7024400234222412
        ],
        [
          0.0,
          0.0,
          0.0,
          1.0
        ]
      ],
      "matrix_ego_from_sensor_carla": [
        [
          0.5735761523246765,
          -0.8191522359848022,
          -1.8883433483551926e-08,
          1.2999992370605469
        ],
        [
          0.8191522359848022,
          0.5735762119293213,
          -3.259097525187826e-08,
          0.5499954223632812
        ],
        [
          3.7858999490936185e-08,
          3.2006726158329e-09,
          1.0,
          1.6999998092651367
        ],
        [
          0.0,
          0.0,
          0.0,
          1.0
        ]
      ],
      "matrix_ego_from_sensor_bevfusion": [
        [
          -0.8191522359848022,
          1.8883433483551926e-08,
          0.5735761523246765,
          1.2999992370605469
        ],
        [
          -0.5735762119293213,
          -3.259097525187826e-08,
          -0.8191522359848022,
          -0.5499954223632812
        ],
        [
          3.2006726158329e-09,
          -1.0,
          3.7858999490936185e-08,
          1.6999998092651367
        ],
        [
          0.0,
          0.0,
          0.0,
          1.0
        ]
      ],
      "camera_intrinsics": [
        [
          685.5110473632812,
          0.0,
          480.0
        ],
        [
          0.0,
          685.5110473632812,
          270.0
        ],
        [
          0.0,
          0.0,
          1.0
        ]
      ],
      "data_path": "D:\\Agent-AI\\outputs\\s3a_left_v3\\sample_000009\\images\\CAM_FRONT_RIGHT.png",
      "raw_layout": "bgra8"
    },
    "CAM_FRONT_LEFT": {
      "type_id": "sensor.camera.rgb",
      "blueprint_attributes": {
        "role_name": "front",
        "ros_name": "sensor.camera.rgb",
        "chromatic_aberration_offset": "0.0",
        "sensor_tick": "0.100000",
        "fstop": "1.4",
        "image_size_x": "960",
        "image_size_y": "540",
        "fov": "70.00",
        "lens_circle_falloff": "5.0",
        "lens_circle_multiplier": "0.0",
        "exposure_compensation": "0.0",
        "lens_y_size": "0.08",
        "lens_k": "-1.0",
        "exposure_mode": "histogram",
        "lens_kcube": "0.0",
        "lens_x_size": "0.08",
        "exposure_max_bright": "12.0",
        "shutter_speed": "200.0",
        "bloom_intensity": "0.675",
        "iso": "100.0",
        "enable_postprocess_effects": "false",
        "gamma": "2.2",
        "motion_blur_intensity": "0.0",
        "motion_blur_max_distortion": "0.35",
        "lens_flare_intensity": "0.1",
        "motion_blur_min_object_screen_size": "0.1",
        "exposure_min_bright": "10.0",
        "exposure_speed_up": "3.0",
        "exposure_speed_down": "1.0",
        "tint": "0.0",
        "calibration_constant": "16.0",
        "focal_distance": "1000.0",
        "min_fstop": "1.2",
        "blade_count": "5",
        "blur_amount": "0.0",
        "blur_radius": "0.0",
        "slope": "0.88",
        "toe": "0.55",
        "white_clip": "0.04",
        "shoulder": "0.26",
        "black_clip": "0.0",
        "temp": "6500.0",
        "chromatic_aberration_intensity": "0.0"
      },
      "transform_carla": {
        "location": {
          "x": 109.166748046875,
          "y": -25.556665420532227,
          "z": 1.7054994106292725
        },
        "rotation": {
          "roll": -0.266343891620636,
          "pitch": 0.3810289204120636,
          "yaw": -147.8969268798828
        }
      },
      "matrix_world_from_sensor_carla": [
        [
          -0.8470746874809265,
          0.5314644575119019,
          0.003162795677781105,
          109.166748046875
        ],
        [
          -0.5314322710037231,
          -0.8470678329467773,
          0.0074719153344631195,
          -25.556665420532227
        ],
        [
          0.006650160066783428,
          0.0046484582126140594,
          0.999967098236084,
          1.7054994106292725
        ],
        [
          0.0,
          0.0,
          0.0,
          1.0
        ]
      ],
      "matrix_world_from_sensor_bevfusion": [
        [
          0.5314644575119019,
          -0.003162795677781105,
          -0.8470746874809265,
          109.166748046875
        ],
        [
          0.8470678329467773,
          0.0074719153344631195,
          0.5314322710037231,
          25.556665420532227
        ],
        [
          0.0046484582126140594,
          -0.999967098236084,
          0.006650160066783428,
          1.7054994106292725
        ],
        [
          0.0,
          0.0,
          0.0,
          1.0
        ]
      ],
      "matrix_ego_from_sensor_carla": [
        [
          0.5735766887664795,
          0.819151759147644,
          -2.5852884277810517e-09,
          1.3000011444091797
        ],
        [
          -0.8191518187522888,
          0.5735767483711243,
          1.169466967709809e-09,
          -0.5499954223632812
        ],
        [
          2.4563957534695646e-09,
          1.380003000761576e-09,
          1.0,
          1.6999999284744263
        ],
        [
          0.0,
          0.0,
          0.0,
          1.0
        ]
      ],
      "matrix_ego_from_sensor_bevfusion": [
        [
          0.819151759147644,
          2.5852884277810517e-09,
          0.5735766887664795,
          1.3000011444091797
        ],
        [
          -0.5735767483711243,
          1.169466967709809e-09,
          0.8191518187522888,
          0.5499954223632812
        ],
        [
          1.380003000761576e-09,
          -1.0,
          2.4563957534695646e-09,
          1.6999999284744263
        ],
        [
          0.0,
          0.0,
          0.0,
          1.0
        ]
      ],
      "camera_intrinsics": [
        [
          685.5110473632812,
          0.0,
          480.0
        ],
        [
          0.0,
          685.5110473632812,
          270.0
        ],
        [
          0.0,
          0.0,
          1.0
        ]
      ],
      "data_path": "D:\\Agent-AI\\outputs\\s3a_left_v3\\sample_000009\\images\\CAM_FRONT_LEFT.png",
      "raw_layout": "bgra8"
    },
    "CAM_BACK": {
      "type_id": "sensor.camera.rgb",
      "blueprint_attributes": {
        "role_name": "front",
        "ros_name": "sensor.camera.rgb",
        "chromatic_aberration_offset": "0.0",
        "sensor_tick": "0.100000",
        "fstop": "1.4",
        "image_size_x": "960",
        "image_size_y": "540",
        "fov": "70.00",
        "lens_circle_falloff": "5.0",
        "lens_circle_multiplier": "0.0",
        "exposure_compensation": "0.0",
        "lens_y_size": "0.08",
        "lens_k": "-1.0",
        "exposure_mode": "histogram",
        "lens_kcube": "0.0",
        "lens_x_size": "0.08",
        "exposure_max_bright": "12.0",
        "shutter_speed": "200.0",
        "bloom_intensity": "0.675",
        "iso": "100.0",
        "enable_postprocess_effects": "false",
        "gamma": "2.2",
        "motion_blur_intensity": "0.0",
        "motion_blur_max_distortion": "0.35",
        "lens_flare_intensity": "0.1",
        "motion_blur_min_object_screen_size": "0.1",
        "exposure_min_bright": "10.0",
        "exposure_speed_up": "3.0",
        "exposure_speed_down": "1.0",
        "tint": "0.0",
        "calibration_constant": "16.0",
        "focal_distance": "1000.0",
        "min_fstop": "1.2",
        "blade_count": "5",
        "blur_amount": "0.0",
        "blur_radius": "0.0",
        "slope": "0.88",
        "toe": "0.55",
        "white_clip": "0.04",
        "shoulder": "0.26",
        "black_clip": "0.0",
        "temp": "6500.0",
        "chromatic_aberration_intensity": "0.0"
      },
      "transform_carla": {
        "location": {
          "x": 109.86000061035156,
          "y": -22.73818016052246,
          "z": 1.6822465658187866
        },
        "rotation": {
          "roll": -0.15935836732387543,
          "pitch": -0.4367222785949707,
          "yaw": 87.10456085205078
        }
      },
      "matrix_world_from_sensor_carla": [
        [
          0.05051194503903389,
          -0.9987184405326843,
          0.003162794280797243,
          109.86000061035156
        ],
        [
          0.9986944198608398,
          0.050534386187791824,
          0.007471913937479258,
          -22.73818016052246
        ],
        [
          -0.007622167933732271,
          0.002781243994832039,
          0.999967098236084,
          1.6822465658187866
        ],
        [
          0.0,
          0.0,
          0.0,
          1.0
        ]
      ],
      "matrix_world_from_sensor_bevfusion": [
        [
          -0.9987184405326843,
          -0.003162794280797243,
          0.05051194503903389,
          109.86000061035156
        ],
        [
          -0.050534386187791824,
          0.007471913937479258,
          -0.9986944198608398,
          22.73818016052246
        ],
        [
          0.002781243994832039,
          -0.999967098236084,
          -0.007622167933732271,
          1.6822465658187866
        ],
        [
          0.0,
          0.0,
          0.0,
          1.0
        ]
      ],
      "matrix_ego_from_sensor_carla": [
        [
          -1.0,
          3.2667884397596936e-07,
          -1.188304565857834e-09,
          -1.5499992370605469
        ],
        [
          -3.2713333553147095e-07,
          -1.0,
          -2.275168942134087e-10,
          7.62939453125e-06
        ],
        [
          -6.85669965250213e-10,
          -1.711654151748121e-10,
          1.0,
          1.6999999284744263
        ],
        [
          0.0,
          0.0,
          0.0,
          1.0
        ]
      ],
      "matrix_ego_from_sensor_bevfusion": [
        [
          3.2667884397596936e-07,
          1.188304565857834e-09,
          -1.0,
          -1.5499992370605469
        ],
        [
          1.0,
          -2.275168942134087e-10,
          3.2713333553147095e-07,
          -7.62939453125e-06
        ],
        [
          -1.711654151748121e-10,
          -1.0,
          -6.85669965250213e-10,
          1.6999999284744263
        ],
        [
          0.0,
          0.0,
          0.0,
          1.0
        ]
      ],
      "camera_intrinsics": [
        [
          685.5110473632812,
          0.0,
          480.0
        ],
        [
          0.0,
          685.5110473632812,
          270.0
        ],
        [
          0.0,
          0.0,
          1.0
        ]
      ],
      "data_path": "D:\\Agent-AI\\outputs\\s3a_left_v3\\sample_000009\\images\\CAM_BACK.png",
      "raw_layout": "bgra8"
    },
    "CAM_BACK_LEFT": {
      "type_id": "sensor.camera.rgb",
      "blueprint_attributes": {
        "role_name": "front",
        "ros_name": "sensor.camera.rgb",
        "chromatic_aberration_offset": "0.0",
        "sensor_tick": "0.100000",
        "fstop": "1.4",
        "image_size_x": "960",
        "image_size_y": "540",
        "fov": "70.00",
        "lens_circle_falloff": "5.0",
        "lens_circle_multiplier": "0.0",
        "exposure_compensation": "0.0",
        "lens_y_size": "0.08",
        "lens_k": "-1.0",
        "exposure_mode": "histogram",
        "lens_kcube": "0.0",
        "lens_x_size": "0.08",
        "exposure_max_bright": "12.0",
        "shutter_speed": "200.0",
        "bloom_intensity": "0.675",
        "iso": "100.0",
        "enable_postprocess_effects": "false",
        "gamma": "2.2",
        "motion_blur_intensity": "0.0",
        "motion_blur_max_distortion": "0.35",
        "lens_flare_intensity": "0.1",
        "motion_blur_min_object_screen_size": "0.1",
        "exposure_min_bright": "10.0",
        "exposure_speed_up": "3.0",
        "exposure_speed_down": "1.0",
        "tint": "0.0",
        "calibration_constant": "16.0",
        "focal_distance": "1000.0",
        "min_fstop": "1.2",
        "blade_count": "5",
        "blur_amount": "0.0",
        "blur_radius": "0.0",
        "slope": "0.88",
        "toe": "0.55",
        "white_clip": "0.04",
        "shoulder": "0.26",
        "black_clip": "0.0",
        "temp": "6500.0",
        "chromatic_aberration_intensity": "0.0"
      },
      "transform_carla": {
        "location": {
          "x": 109.2980728149414,
          "y": -22.960060119628906,
          "z": 1.6856815814971924
        },
        "rotation": {
          "roll": -0.4491453766822815,
          "pitch": -0.11995860934257507,
          "yaw": 142.1044464111328
        }
      },
      "matrix_world_from_sensor_carla": [
        [
          -0.7891300320625305,
          -0.6142180562019348,
          0.0031627612188458443,
          109.2980728149414
        ],
        [
          0.6142225861549377,
          -0.7890974879264832,
          0.007471936289221048,
          -22.960060119628906
        ],
        [
          -0.0020936711225658655,
          0.007838968187570572,
          0.999967098236084,
          1.6856815814971924
        ],
        [
          0.0,
          0.0,
          0.0,
          1.0
        ]
      ],
      "matrix_world_from_sensor_bevfusion": [
        [
          -0.6142180562019348,
          -0.0031627612188458443,
          -0.7891300320625305,
          109.2980728149414
        ],
        [
          0.7890974879264832,
          0.007471936289221048,
          -0.6142225861549377,
          22.960060119628906
        ],
        [
          0.007838968187570572,
          -0.999967098236084,
          -0.0020936711225658655,
          1.6856815814971924
        ],
        [
          0.0,
          0.0,
          0.0,
          1.0
        ]
      ],
      "matrix_ego_from_sensor_carla": [
        [
          -0.5735758543014526,
          0.8191524147987366,
          -2.167740120739836e-08,
          -1.3000011444091797
        ],
        [
          -0.8191524147987366,
          -0.5735759139060974,
          -3.445362040110922e-08,
          -0.5500106811523438
        ],
        [
          -4.088579785843649e-08,
          -2.269411547572986e-09,
          1.0,
          1.6999996900558472
        ],
        [
          0.0,
          0.0,
          0.0,
          1.0
        ]
      ],
      "matrix_ego_from_sensor_bevfusion": [
        [
          0.8191524147987366,
          2.167740120739836e-08,
          -0.5735758543014526,
          -1.3000011444091797
        ],
        [
          0.5735759139060974,
          -3.445362040110922e-08,
          0.8191524147987366,
          0.5500106811523438
        ],
        [
          -2.269411547572986e-09,
          -1.0,
          -4.088579785843649e-08,
          1.6999996900558472
        ],
        [
          0.0,
          0.0,
          0.0,
          1.0
        ]
      ],
      "camera_intrinsics": [
        [
          685.5110473632812,
          0.0,
          480.0
        ],
        [
          0.0,
          685.5110473632812,
          270.0
        ],
        [
          0.0,
          0.0,
          1.0
        ]
      ],
      "data_path": "D:\\Agent-AI\\outputs\\s3a_left_v3\\sample_000009\\images\\CAM_BACK_LEFT.png",
      "raw_layout": "bgra8"
    },
    "CAM_BACK_RIGHT": {
      "type_id": "sensor.camera.rgb",
      "blueprint_attributes": {
        "role_name": "front",
        "ros_name": "sensor.camera.rgb",
        "chromatic_aberration_offset": "0.0",
        "sensor_tick": "0.100000",
        "fstop": "1.4",
        "image_size_x": "960",
        "image_size_y": "540",
        "fov": "70.00",
        "lens_circle_falloff": "5.0",
        "lens_circle_multiplier": "0.0",
        "exposure_compensation": "0.0",
        "lens_y_size": "0.08",
        "lens_k": "-1.0",
        "exposure_mode": "histogram",
        "lens_kcube": "0.0",
        "lens_x_size": "0.08",
        "exposure_max_bright": "12.0",
        "shutter_speed": "200.0",
        "bloom_intensity": "0.675",
        "iso": "100.0",
        "enable_postprocess_effects": "false",
        "gamma": "2.2",
        "motion_blur_intensity": "0.0",
        "motion_blur_max_distortion": "0.35",
        "lens_flare_intensity": "0.1",
        "motion_blur_min_object_screen_size": "0.1",
        "exposure_min_bright": "10.0",
        "exposure_speed_up": "3.0",
        "exposure_speed_down": "1.0",
        "tint": "0.0",
        "calibration_constant": "16.0",
        "focal_distance": "1000.0",
        "min_fstop": "1.2",
        "blade_count": "5",
        "blur_amount": "0.0",
        "blur_radius": "0.0",
        "slope": "0.88",
        "toe": "0.55",
        "white_clip": "0.04",
        "shoulder": "0.26",
        "black_clip": "0.0",
        "temp": "6500.0",
        "chromatic_aberration_intensity": "0.0"
      },
      "transform_carla": {
        "location": {
          "x": 110.39666748046875,
          "y": -23.015649795532227,
          "z": 1.6826223134994507
        },
        "rotation": {
          "roll": 0.26634395122528076,
          "pitch": -0.3810289204120636,
          "yaw": 32.10306930541992
        }
      },
      "matrix_world_from_sensor_carla": [
        [
          0.8470747470855713,
          -0.5314643979072571,
          0.0031627959106117487,
          110.39666748046875
        ],
        [
          0.5314322113990784,
          0.8470678925514221,
          0.0074719153344631195,
          -23.015649795532227
        ],
        [
          -0.006650160066783428,
          -0.004648459143936634,
          0.999967098236084,
          1.6826223134994507
        ],
        [
          0.0,
          0.0,
          0.0,
          1.0
        ]
      ],
      "matrix_world_from_sensor_bevfusion": [
        [
          -0.5314643979072571,
          -0.0031627959106117487,
          0.8470747470855713,
          110.39666748046875
        ],
        [
          -0.8470678925514221,
          0.0074719153344631195,
          -0.5314322113990784,
          23.015649795532227
        ],
        [
          -0.004648459143936634,
          -0.999967098236084,
          -0.006650160066783428,
          1.6826223134994507
        ],
        [
          0.0,
          0.0,
          0.0,
          1.0
        ]
      ],
      "matrix_ego_from_sensor_carla": [
        [
          -0.5735766291618347,
          -0.8191518187522888,
          -2.5852884277810517e-09,
          -1.2999992370605469
        ],
        [
          0.8191518783569336,
          -0.5735766887664795,
          1.4022976113636787e-09,
          0.5500030517578125
        ],
        [
          -2.922057040777304e-09,
          -1.8456336459138356e-09,
          1.0,
          1.6999998092651367
        ],
        [
          0.0,
          0.0,
          0.0,
          1.0
        ]
      ],
      "matrix_ego_from_sensor_bevfusion": [
        [
          -0.8191518187522888,
          2.5852884277810517e-09,
          -0.5735766291618347,
          -1.2999992370605469
        ],
        [
          0.5735766887664795,
          1.4022976113636787e-09,
          -0.8191518783569336,
          -0.5500030517578125
        ],
        [
          -1.8456336459138356e-09,
          -1.0,
          -2.922057040777304e-09,
          1.6999998092651367
        ],
        [
          0.0,
          0.0,
          0.0,
          1.0
        ]
      ],
      "camera_intrinsics": [
        [
          685.5110473632812,
          0.0,
          480.0
        ],
        [
          0.0,
          685.5110473632812,
          270.0
        ],
        [
          0.0,
          0.0,
          1.0
        ]
      ],
      "data_path": "D:\\Agent-AI\\outputs\\s3a_left_v3\\sample_000009\\images\\CAM_BACK_RIGHT.png",
      "raw_layout": "bgra8"
    },
    "LIDAR_TOP": {
      "type_id": "sensor.lidar.ray_cast",
      "blueprint_attributes": {
        "atmosphere_attenuation_rate": "0.004",
        "role_name": "front",
        "noise_seed": "0",
        "upper_fov": "10.0",
        "ros_name": "sensor.lidar.ray_cast",
        "sensor_tick": "0.100000",
        "channels": "32",
        "range": "120.0",
        "points_per_second": "360000",
        "lower_fov": "-30.0",
        "rotation_frequency": "10.000000",
        "horizontal_fov": "360.0",
        "dropoff_general_rate": "0.0",
        "dropoff_intensity_limit": "1.0",
        "noise_stddev": "0.0",
        "dropoff_zero_intensity": "0.0"
      },
      "transform_carla": {
        "location": {
          "x": 109.78328704833984,
          "y": -24.282421112060547,
          "z": 2.194044351577759
        },
        "rotation": {
          "roll": 0.15935823321342468,
          "pitch": 0.4367222785949707,
          "yaw": -92.89545440673828
        }
      },
      "matrix_world_from_sensor_carla": [
        [
          -0.050512272864580154,
          0.9987184405326843,
          0.0031627945136278868,
          109.78328704833984
        ],
        [
          -0.9986944198608398,
          -0.05053471401333809,
          0.007471913006156683,
          -24.282421112060547
        ],
        [
          0.007622167933732271,
          -0.0027812416665256023,
          0.999967098236084,
          2.194044351577759
        ],
        [
          0.0,
          0.0,
          0.0,
          1.0
        ]
      ],
      "matrix_world_from_sensor_bevfusion": [
        [
          -0.050512272864580154,
          -0.9987184405326843,
          0.0031627945136278868,
          109.78328704833984
        ],
        [
          0.9986944198608398,
          -0.05053471401333809,
          -0.007471913006156683,
          24.282421112060547
        ],
        [
          0.007622167933732271,
          0.0027812416665256023,
          0.999967098236084,
          2.194044351577759
        ],
        [
          0.0,
          0.0,
          0.0,
          1.0
        ]
      ],
      "matrix_ego_from_sensor_carla": [
        [
          1.0,
          7.351627639984315e-10,
          -2.5698199124235543e-10,
          0.0
        ],
        [
          -6.922200035397452e-10,
          1.0,
          5.313749440460924e-12,
          0.0
        ],
        [
          -2.456526371208412e-10,
          -6.174197264563475e-11,
          1.0,
          2.1999998092651367
        ],
        [
          0.0,
          0.0,
          0.0,
          1.0
        ]
      ],
      "matrix_ego_from_sensor_bevfusion": [
        [
          1.0,
          -7.351627639984315e-10,
          -2.5698199124235543e-10,
          0.0
        ],
        [
          6.922200035397452e-10,
          1.0,
          -5.313749440460924e-12,
          0.0
        ],
        [
          -2.456526371208412e-10,
          6.174197264563475e-11,
          1.0,
          2.1999998092651367
        ],
        [
          0.0,
          0.0,
          0.0,
          1.0
        ]
      ],
      "data_path": "D:\\Agent-AI\\outputs\\s3a_left_v3\\sample_000009\\lidar\\LIDAR_TOP.npy",
      "raw_layout": [
        "x",
        "y",
        "z",
        "intensity"
      ]
    },
    "RADAR_FRONT": {
      "type_id": "sensor.other.radar",
      "blueprint_attributes": {
        "sensor_tick": "0.100000",
        "role_name": "default",
        "noise_seed": "0",
        "ros_name": "sensor.other.radar",
        "horizontal_fov": "35.0",
        "points_per_second": "1500",
        "vertical_fov": "20.0",
        "range": "120.0"
      },
      "transform_carla": {
        "location": {
          "x": 109.67815399169922,
          "y": -26.28952407836914,
          "z": 0.9093315005302429
        },
        "rotation": {
          "roll": 0.15935823321342468,
          "pitch": 0.4367222785949707,
          "yaw": -92.89545440673828
        }
      },
      "matrix_world_from_sensor_carla": [
        [
          -0.050512272864580154,
          0.9987184405326843,
          0.0031627945136278868,
          109.67815399169922
        ],
        [
          -0.9986944198608398,
          -0.05053471401333809,
          0.007471913006156683,
          -26.28952407836914
        ],
        [
          0.007622167933732271,
          -0.0027812416665256023,
          0.999967098236084,
          0.9093315005302429
        ],
        [
          0.0,
          0.0,
          0.0,
          1.0
        ]
      ],
      "matrix_world_from_sensor_bevfusion": [
        [
          -0.050512272864580154,
          -0.9987184405326843,
          0.0031627945136278868,
          109.67815399169922
        ],
        [
          0.9986944198608398,
          -0.05053471401333809,
          -0.007471913006156683,
          26.28952407836914
        ],
        [
          0.007622167933732271,
          0.0027812416665256023,
          0.999967098236084,
          0.9093315005302429
        ],
        [
          0.0,
          0.0,
          0.0,
          1.0
        ]
      ],
      "matrix_ego_from_sensor_carla": [
        [
          1.0,
          7.351627639984315e-10,
          -2.5698199124235543e-10,
          2.0
        ],
        [
          -6.922200035397452e-10,
          1.0,
          5.313749440460924e-12,
          1.52587890625e-05
        ],
        [
          -2.456526371208412e-10,
          -6.174197264563475e-11,
          1.0,
          0.8999998569488525
        ],
        [
          0.0,
          0.0,
          0.0,
          1.0
        ]
      ],
      "matrix_ego_from_sensor_bevfusion": [
        [
          1.0,
          -7.351627639984315e-10,
          -2.5698199124235543e-10,
          2.0
        ],
        [
          6.922200035397452e-10,
          1.0,
          -5.313749440460924e-12,
          -1.52587890625e-05
        ],
        [
          -2.456526371208412e-10,
          6.174197264563475e-11,
          1.0,
          0.8999998569488525
        ],
        [
          0.0,
          0.0,
          0.0,
          1.0
        ]
      ],
      "data_path": "D:\\Agent-AI\\outputs\\s3a_left_v3\\sample_000009\\radar\\RADAR_FRONT.npy",
      "raw_layout": [
        "velocity",
        "altitude",
        "azimuth",
        "depth"
      ]
    },
    "RADAR_FRONT_LEFT": {
      "type_id": "sensor.other.radar",
      "blueprint_attributes": {
        "sensor_tick": "0.100000",
        "role_name": "default",
        "noise_seed": "0",
        "ros_name": "sensor.other.radar",
        "horizontal_fov": "35.0",
        "points_per_second": "1500",
        "vertical_fov": "20.0",
        "range": "120.0"
      },
      "transform_carla": {
        "location": {
          "x": 108.94678497314453,
          "y": -25.90207862854004,
          "z": 0.9087496995925903
        },
        "rotation": {
          "roll": -0.19613206386566162,
          "pitch": 0.42149093747138977,
          "yaw": -137.89675903320312
        }
      },
      "matrix_world_from_sensor_carla": [
        [
          -0.7419177293777466,
          0.670483410358429,
          0.0031628035940229893,
          108.94678497314453
        ],
        [
          -0.6704505681991577,
          -0.7419165968894958,
          0.00747192557901144,
          -25.90207862854004
        ],
        [
          0.007356338668614626,
          0.003423050744459033,
          0.999967098236084,
          0.9087496995925903
        ],
        [
          0.0,
          0.0,
          0.0,
          1.0
        ]
      ],
      "matrix_world_from_sensor_bevfusion": [
        [
          -0.7419177293777466,
          -0.670483410358429,
          0.0031628035940229893,
          108.94678497314453
        ],
        [
          0.6704505681991577,
          -0.7419165968894958,
          -0.00747192557901144,
          25.90207862854004
        ],
        [
          0.007356338668614626,
          -0.003423050744459033,
          0.999967098236084,
          0.9087496995925903
        ],
        [
          0.0,
          0.0,
          0.0,
          1.0
        ]
      ],
      "matrix_ego_from_sensor_carla": [
        [
          0.7071071863174438,
          0.707106351852417,
          -1.3295498035859055e-08,
          1.6499996185302734
        ],
        [
          -0.707106351852417,
          0.7071071267127991,
          8.387217143024372e-09,
          -0.7500076293945312
        ],
        [
          1.550136374817157e-08,
          3.3540539234877542e-09,
          1.0,
          0.8999998569488525
        ],
        [
          0.0,
          0.0,
          0.0,
          1.0
        ]
      ],
      "matrix_ego_from_sensor_bevfusion": [
        [
          0.7071071863174438,
          -0.707106351852417,
          -1.3295498035859055e-08,
          1.6499996185302734
        ],
        [
          0.707106351852417,
          0.7071071267127991,
          -8.387217143024372e-09,
          0.7500076293945312
        ],
        [
          1.550136374817157e-08,
          -3.3540539234877542e-09,
          1.0,
          0.8999998569488525
        ],
        [
          0.0,
          0.0,
          0.0,
          1.0
        ]
      ],
      "data_path": "D:\\Agent-AI\\outputs\\s3a_left_v3\\sample_000009\\radar\\RADAR_FRONT_LEFT.npy",
      "raw_layout": [
        "velocity",
        "altitude",
        "azimuth",
        "depth"
      ]
    },
    "RADAR_FRONT_RIGHT": {
      "type_id": "sensor.other.radar",
      "blueprint_attributes": {
        "sensor_tick": "0.100000",
        "role_name": "default",
        "noise_seed": "0",
        "ros_name": "sensor.other.radar",
        "horizontal_fov": "35.0",
        "points_per_second": "1500",
        "vertical_fov": "20.0",
        "range": "120.0"
      },
