{
  "schema_version": "stage1.v1",
  "sample_name": "sample_000038",
  "sequence_index": 38,
  "previous_sample_name": "sample_000037",
  "frame_id": 3958,
  "timestamp": 42.9310866035521,
  "platform_timestamp": 16816499.1922921,
  "delta_seconds": 0.10000000149011612,
  "town": "Carla/Maps/Town10HD_Opt",
  "weather": {
    "cloudiness": 20.0,
    "dust_storm": 0.0,
    "fog_density": 2.0,
    "fog_distance": 0.75,
    "fog_falloff": 0.10000000149011612,
    "mie_scattering_scale": 0.029999999329447746,
    "precipitation": 0.0,
    "precipitation_deposits": 0.0,
    "rayleigh_scattering_scale": 0.03310000151395798,
    "scattering_intensity": 1.0,
    "sun_altitude_angle": 45.0,
    "sun_azimuth_angle": 300.0,
    "wetness": 0.0,
    "wind_intensity": 10.0
  },
  "sensor_names": [
    "CAM_FRONT",
    "CAM_FRONT_RIGHT",
    "CAM_FRONT_LEFT",
    "CAM_BACK",
    "CAM_BACK_LEFT",
    "CAM_BACK_RIGHT",
    "LIDAR_TOP",
    "RADAR_FRONT",
    "RADAR_FRONT_LEFT",
    "RADAR_FRONT_RIGHT",
    "RADAR_BACK_LEFT",
    "RADAR_BACK_RIGHT"
  ],
  "camera_order_for_model": [
    "CAM_FRONT",
    "CAM_FRONT_RIGHT",
    "CAM_FRONT_LEFT",
    "CAM_BACK",
    "CAM_BACK_LEFT",
    "CAM_BACK_RIGHT"
  ],
  "radar_order_for_model": [
    "RADAR_FRONT",
    "RADAR_FRONT_LEFT",
    "RADAR_FRONT_RIGHT",
    "RADAR_BACK_LEFT",
    "RADAR_BACK_RIGHT"
  ],
  "coordinate_notes": {
    "carla_world": "left-handed x-forward y-right z-up",
    "bevfusion_lidar": "x-forward y-left z-up",
    "camera_frame_for_model": "OpenCV style x-right y-down z-forward"
  },
  "ego": {
    "actor_id": 24,
    "transform_carla": {
      "location": {
        "x": 107.43685150146484,
        "y": -37.04417037963867,
        "z": -0.004945907276123762
      },
      "rotation": {
        "roll": 0.18691082298755646,
        "pitch": 0.12127683311700821,
        "yaw": -107.26505279541016
      }
    },
    "velocity_carla": [
      -1.2374541759490967,
      -3.296586036682129,
      -4.1542050894349813e-05
    ],
    "angular_velocity_carla": [
      -0.4873274564743042,
      1.6808525323867798,
      -8.595657348632812
    ],
    "matrix_world_from_ego_carla": [
      [
        -0.29679179191589355,
        0.9549348950386047,
        0.0037434259429574013,
        107.43685150146484
      ],
      [
        -0.9549398422241211,
        -0.2967974841594696,
        0.0010530969593673944,
        -37.04417037963867
      ],
      [
        0.0021166782826185226,
        -0.0032621959690004587,
        0.9999924302101135,
        -0.004945907276123762
      ],
      [
        0.0,
        0.0,
        0.0,
        1.0
      ]
    ],
    "matrix_world_from_ego_bevfusion": [
      [
        -0.29679179191589355,
        -0.9549348950386047,
        0.0037434259429574013,
        107.43685150146484
      ],
      [
        0.9549398422241211,
        -0.2967974841594696,
        -0.0010530969593673944,
        37.04417037963867
      ],
      [
        0.0021166782826185226,
        0.0032621959690004587,
        0.9999924302101135,
        -0.004945907276123762
      ],
      [
        0.0,
        0.0,
        0.0,
        1.0
      ]
    ]
  },
  "sensors": {
    "CAM_FRONT": {
      "type_id": "sensor.camera.rgb",
      "blueprint_attributes": {
        "role_name": "front",
        "ros_name": "sensor.camera.rgb",
        "chromatic_aberration_offset": "0.0",
        "sensor_tick": "0.100000",
        "fstop": "1.4",
        "image_size_x": "960",
        "image_size_y": "540",
        "fov": "70.00",
        "lens_circle_falloff": "5.0",
        "lens_circle_multiplier": "0.0",
        "exposure_compensation": "0.0",
        "lens_y_size": "0.08",
        "lens_k": "-1.0",
        "exposure_mode": "histogram",
        "lens_kcube": "0.0",
        "lens_x_size": "0.08",
        "exposure_max_bright": "12.0",
        "shutter_speed": "200.0",
        "bloom_intensity": "0.675",
        "iso": "100.0",
        "enable_postprocess_effects": "false",
        "gamma": "2.2",
        "motion_blur_intensity": "0.0",
        "motion_blur_max_distortion": "0.35",
        "lens_flare_intensity": "0.1",
        "motion_blur_min_object_screen_size": "0.1",
        "exposure_min_bright": "10.0",
        "exposure_speed_up": "3.0",
        "exposure_speed_down": "1.0",
        "tint": "0.0",
        "calibration_constant": "16.0",
        "focal_distance": "1000.0",
        "min_fstop": "1.2",
        "blade_count": "5",
        "blur_amount": "0.0",
        "blur_radius": "0.0",
        "slope": "0.88",
        "toe": "0.55",
        "white_clip": "0.04",
        "shoulder": "0.26",
        "black_clip": "0.0",
        "temp": "6500.0",
        "chromatic_aberration_intensity": "0.0"
      },
      "transform_carla": {
        "location": {
          "x": 106.98319244384766,
          "y": -38.52253723144531,
          "z": 1.698322057723999
        },
        "rotation": {
          "roll": 0.18691082298755646,
          "pitch": 0.12127683311700821,
          "yaw": -107.26505279541016
        }
      },
      "matrix_world_from_sensor_carla": [
        [
          -0.29679179191589355,
          0.9549348950386047,
          0.0037434259429574013,
          106.98319244384766
        ],
        [
          -0.9549398422241211,
          -0.2967974841594696,
          0.0010530969593673944,
          -38.52253723144531
        ],
        [
          0.0021166782826185226,
          -0.0032621959690004587,
          0.9999924302101135,
          1.698322057723999
        ],
        [
          0.0,
          0.0,
          0.0,
          1.0
        ]
      ],
      "matrix_world_from_sensor_bevfusion": [
        [
          0.9549348950386047,
          -0.0037434259429574013,
          -0.29679179191589355,
          106.98319244384766
        ],
        [
          0.2967974841594696,
          0.0010530969593673944,
          0.9549398422241211,
          38.52253723144531
        ],
        [
          -0.0032621959690004587,
          -0.9999924302101135,
          0.0021166782826185226,
          1.698322057723999
        ],
        [
          0.0,
          0.0,
          0.0,
          1.0
        ]
      ],
      "matrix_ego_from_sensor_carla": [
        [
          1.0,
          1.7912123340124708e-08,
          4.250279295181514e-11,
          1.5500006675720215
        ],
        [
          3.002458370815475e-08,
          1.0,
          -2.1873905464708798e-10,
          7.62939453125e-06
        ],
        [
          4.250455543086673e-11,
          1.4089826527730054e-11,
          1.0,
          1.7000000476837158
        ],
        [
          0.0,
          0.0,
          0.0,
          1.0
        ]
      ],
      "matrix_ego_from_sensor_bevfusion": [
        [
          1.7912123340124708e-08,
          -4.250279295181514e-11,
          1.0,
          1.5500006675720215
        ],
        [
          -1.0,
          -2.1873905464708798e-10,
          -3.002458370815475e-08,
          -7.62939453125e-06
        ],
        [
          1.4089826527730054e-11,
          -1.0,
          4.250455543086673e-11,
          1.7000000476837158
        ],
        [
          0.0,
          0.0,
          0.0,
          1.0
        ]
      ],
      "camera_intrinsics": [
        [
          685.5110473632812,
          0.0,
          480.0
        ],
        [
          0.0,
          685.5110473632812,
          270.0
        ],
        [
          0.0,
          0.0,
          1.0
        ]
      ],
      "data_path": "D:\\Agent-AI\\outputs\\s3a_left_v3\\sample_000038\\images\\CAM_FRONT.png",
      "raw_layout": "bgra8"
    },
    "CAM_FRONT_RIGHT": {
      "type_id": "sensor.camera.rgb",
      "blueprint_attributes": {
        "role_name": "front",
        "ros_name": "sensor.camera.rgb",
        "chromatic_aberration_offset": "0.0",
        "sensor_tick": "0.100000",
        "fstop": "1.4",
        "image_size_x": "960",
        "image_size_y": "540",
        "fov": "70.00",
        "lens_circle_falloff": "5.0",
        "lens_circle_multiplier": "0.0",
        "exposure_compensation": "0.0",
        "lens_y_size": "0.08",
        "lens_k": "-1.0",
        "exposure_mode": "histogram",
        "lens_kcube": "0.0",
        "lens_x_size": "0.08",
        "exposure_max_bright": "12.0",
        "shutter_speed": "200.0",
        "bloom_intensity": "0.675",
        "iso": "100.0",
        "enable_postprocess_effects": "false",
        "gamma": "2.2",
        "motion_blur_intensity": "0.0",
        "motion_blur_max_distortion": "0.35",
        "lens_flare_intensity": "0.1",
        "motion_blur_min_object_screen_size": "0.1",
        "exposure_min_bright": "10.0",
        "exposure_speed_up": "3.0",
        "exposure_speed_down": "1.0",
        "tint": "0.0",
        "calibration_constant": "16.0",
        "focal_distance": "1000.0",
        "min_fstop": "1.2",
        "blade_count": "5",
        "blur_amount": "0.0",
        "blur_radius": "0.0",
        "slope": "0.88",
        "toe": "0.55",
        "white_clip": "0.04",
        "shoulder": "0.26",
        "black_clip": "0.0",
        "temp": "6500.0",
        "chromatic_aberration_intensity": "0.0"
      },
      "transform_carla": {
        "location": {
          "x": 107.58260345458984,
          "y": -38.44704055786133,
          "z": 1.6959987878799438
        },
        "rotation": {
          "roll": 0.20655196905136108,
          "pitch": -0.08354003727436066,
          "yaw": -52.265419006347656
        }
      },
      "matrix_world_from_sensor_carla": [
        [
          0.6120038628578186,
          0.7908459305763245,
          0.0037433591205626726,
          107.58260345458984
        ],
        [
          -0.7908534407615662,
          0.6120046973228455,
          0.0010531825246289372,
          -38.44704055786133
        ],
        [
          -0.0014580482384189963,
          -0.003604999976232648,
          0.9999924302101135,
          1.6959987878799438
        ],
        [
          0.0,
          0.0,
          0.0,
          1.0
        ]
      ],
      "matrix_world_from_sensor_bevfusion": [
        [
          0.7908459305763245,
          -0.0037433591205626726,
          0.6120038628578186,
          107.58260345458984
        ],
        [
          -0.6120046973228455,
          0.0010531825246289372,
          0.7908534407615662,
          38.44704055786133
        ],
        [
          -0.003604999976232648,
          -0.9999924302101135,
          -0.0014580482384189963,
          1.6959987878799438
        ],
        [
          0.0,
          0.0,
          0.0,
          1.0
        ]
      ],
      "matrix_ego_from_sensor_carla": [
        [
          0.5735766887664795,
          -0.8191519379615784,
          -6.165761590182228e-08,
          1.3000006675720215
        ],
        [
          0.8191518783569336,
          0.5735766291618347,
          -8.939287710063581e-08,
          0.5500030517578125
        ],
        [
          1.0836032515726401e-07,
          7.463989981637553e-10,
          1.0,
          1.7000000476837158
        ],
        [
          0.0,
          0.0,
          0.0,
          1.0
        ]
      ],
      "matrix_ego_from_sensor_bevfusion": [
        [
          -0.8191519379615784,
          6.165761590182228e-08,
          0.5735766887664795,
          1.3000006675720215
        ],
        [
          -0.5735766291618347,
          -8.939287710063581e-08,
          -0.8191518783569336,
          -0.5500030517578125
        ],
        [
          7.463989981637553e-10,
          -1.0,
          1.0836032515726401e-07,
          1.7000000476837158
        ],
        [
          0.0,
          0.0,
          0.0,
          1.0
        ]
      ],
      "camera_intrinsics": [
        [
          685.5110473632812,
          0.0,
          480.0
        ],
        [
          0.0,
          685.5110473632812,
          270.0
        ],
        [
          0.0,
          0.0,
          1.0
        ]
      ],
      "data_path": "D:\\Agent-AI\\outputs\\s3a_left_v3\\sample_000038\\images\\CAM_FRONT_RIGHT.png",
      "raw_layout": "bgra8"
    },
    "CAM_FRONT_LEFT": {
      "type_id": "sensor.camera.rgb",
      "blueprint_attributes": {
        "role_name": "front",
        "ros_name": "sensor.camera.rgb",
        "chromatic_aberration_offset": "0.0",
        "sensor_tick": "0.100000",
        "fstop": "1.4",
        "image_size_x": "960",
        "image_size_y": "540",
        "fov": "70.00",
        "lens_circle_falloff": "5.0",
        "lens_circle_multiplier": "0.0",
        "exposure_compensation": "0.0",
        "lens_y_size": "0.08",
        "lens_k": "-1.0",
        "exposure_mode": "histogram",
        "lens_kcube": "0.0",
        "lens_x_size": "0.08",
        "exposure_max_bright": "12.0",
        "shutter_speed": "200.0",
        "bloom_intensity": "0.675",
        "iso": "100.0",
        "enable_postprocess_effects": "false",
        "gamma": "2.2",
        "motion_blur_intensity": "0.0",
        "motion_blur_max_distortion": "0.35",
        "lens_flare_intensity": "0.1",
        "motion_blur_min_object_screen_size": "0.1",
        "exposure_min_bright": "10.0",
        "exposure_speed_up": "3.0",
        "exposure_speed_down": "1.0",
        "tint": "0.0",
        "calibration_constant": "16.0",
        "focal_distance": "1000.0",
        "min_fstop": "1.2",
        "blade_count": "5",
        "blur_amount": "0.0",
        "blur_radius": "0.0",
        "slope": "0.88",
        "toe": "0.55",
        "white_clip": "0.04",
        "shoulder": "0.26",
        "black_clip": "0.0",
        "temp": "6500.0",
        "chromatic_aberration_intensity": "0.0"
      },
      "transform_carla": {
        "location": {
          "x": 106.53217315673828,
          "y": -38.12056350708008,
          "z": 1.699587106704712
        },
        "rotation": {
          "roll": 0.007863178849220276,
          "pitch": 0.22267098724842072,
          "yaw": -162.26519775390625
        }
      },
      "matrix_world_from_sensor_carla": [
        [
          -0.9524694085121155,
          0.30461111664772034,
          0.0037434448022395372,
          106.53217315673828
        ],
        [
          -0.3046093285083771,
          -0.9524767994880676,
          0.0010531055741012096,
          -38.12056350708008
        ],
        [
          0.0038863320369273424,
          -0.0001372373226331547,
          0.9999924302101135,
          1.699587106704712
        ],
        [
          0.0,
          0.0,
          0.0,
          1.0
        ]
      ],
      "matrix_world_from_sensor_bevfusion": [
        [
          0.30461111664772034,
          -0.0037434448022395372,
          -0.9524694085121155,
          106.53217315673828
        ],
        [
          0.9524767994880676,
          0.0010531055741012096,
          0.3046093285083771,
          38.12056350708008
        ],
        [
          -0.0001372373226331547,
          -0.9999924302101135,
          0.0038863320369273424,
          1.699587106704712
        ],
        [
          0.0,
          0.0,
          0.0,
          1.0
        ]
      ],
      "matrix_ego_from_sensor_carla": [
        [
          0.5735769271850586,
          0.8191516995429993,
          -1.3694505085481978e-08,
          1.300002098083496
        ],
        [
          -0.8191515803337097,
          0.5735769867897034,
          1.5380914319962358e-08,
          -0.5500030517578125
        ],
        [
          2.110553332101972e-08,
          2.4212896132524975e-09,
          1.0,
          1.7000000476837158
        ],
        [
          0.0,
          0.0,
          0.0,
          1.0
        ]
      ],
      "matrix_ego_from_sensor_bevfusion": [
        [
          0.8191516995429993,
          1.3694505085481978e-08,
          0.5735769271850586,
          1.300002098083496
        ],
        [
          -0.5735769867897034,
          1.5380914319962358e-08,
          0.8191515803337097,
          0.5500030517578125
        ],
        [
          2.4212896132524975e-09,
          -1.0,
          2.110553332101972e-08,
          1.7000000476837158
        ],
        [
          0.0,
          0.0,
          0.0,
          1.0
        ]
      ],
      "camera_intrinsics": [
        [
          685.5110473632812,
          0.0,
          480.0
        ],
        [
          0.0,
          685.5110473632812,
          270.0
        ],
        [
          0.0,
          0.0,
          1.0
        ]
      ],
      "data_path": "D:\\Agent-AI\\outputs\\s3a_left_v3\\sample_000038\\images\\CAM_FRONT_LEFT.png",
      "raw_layout": "bgra8"
    },
    "CAM_BACK": {
      "type_id": "sensor.camera.rgb",
      "blueprint_attributes": {
        "role_name": "front",
        "ros_name": "sensor.camera.rgb",
        "chromatic_aberration_offset": "0.0",
        "sensor_tick": "0.100000",
        "fstop": "1.4",
        "image_size_x": "960",
        "image_size_y": "540",
        "fov": "70.00",
        "lens_circle_falloff": "5.0",
        "lens_circle_multiplier": "0.0",
        "exposure_compensation": "0.0",
        "lens_y_size": "0.08",
        "lens_k": "-1.0",
        "exposure_mode": "histogram",
        "lens_kcube": "0.0",
        "lens_x_size": "0.08",
        "exposure_max_bright": "12.0",
        "shutter_speed": "200.0",
        "bloom_intensity": "0.675",
        "iso": "100.0",
        "enable_postprocess_effects": "false",
        "gamma": "2.2",
        "motion_blur_intensity": "0.0",
        "motion_blur_max_distortion": "0.35",
        "lens_flare_intensity": "0.1",
        "motion_blur_min_object_screen_size": "0.1",
        "exposure_min_bright": "10.0",
        "exposure_speed_up": "3.0",
        "exposure_speed_down": "1.0",
        "tint": "0.0",
        "calibration_constant": "16.0",
        "focal_distance": "1000.0",
        "min_fstop": "1.2",
        "blade_count": "5",
        "blur_amount": "0.0",
        "blur_radius": "0.0",
        "slope": "0.88",
        "toe": "0.55",
        "white_clip": "0.04",
        "shoulder": "0.26",
        "black_clip": "0.0",
        "temp": "6500.0",
        "chromatic_aberration_intensity": "0.0"
      },
      "transform_carla": {
        "location": {
          "x": 107.90323638916016,
          "y": -35.56222152709961,
          "z": 1.6917601823806763
        },
        "rotation": {
          "roll": -0.18691082298755646,
          "pitch": -0.12127683311700821,
          "yaw": 72.73495483398438
        }
      },
      "matrix_world_from_sensor_carla": [
        [
          0.29679161310195923,
          -0.9549349546432495,
          0.003743425477296114,
          107.90323638916016
        ],
        [
          0.9549399018287659,
          0.2967973053455353,
          0.0010530974250286818,
          -35.56222152709961
        ],
        [
          -0.0021166782826185226,
          0.0032621959690004587,
          0.9999924302101135,
          1.6917601823806763
        ],
        [
          0.0,
          0.0,
          0.0,
          1.0
        ]
      ],
      "matrix_world_from_sensor_bevfusion": [
        [
          -0.9549349546432495,
          -0.003743425477296114,
          0.29679161310195923,
          107.90323638916016
        ],
        [
          -0.2967973053455353,
          0.0010530974250286818,
          -0.9549399018287659,
          35.56222152709961
        ],
        [
          0.0032621959690004587,
          -0.9999924302101135,
          -0.0021166782826185226,
          1.6917601823806763
        ],
        [
          0.0,
          0.0,
          0.0,
          1.0
        ]
      ],
      "matrix_ego_from_sensor_carla": [
        [
          -1.0,
          1.826464597343147e-07,
          -1.903278507020545e-10,
          -1.5499985218048096
        ],
        [
          -1.9672631879075198e-07,
          -1.0,
          -9.172309578531213e-10,
          -7.62939453125e-06
        ],
        [
          -7.409964863924756e-10,
          -4.797511277132571e-10,
          1.0,
          1.6999998092651367
        ],
        [
          0.0,
          0.0,
          0.0,
          1.0
        ]
      ],
      "matrix_ego_from_sensor_bevfusion": [
        [
          1.826464597343147e-07,
          1.903278507020545e-10,
          -1.0,
          -1.5499985218048096
        ],
        [
          1.0,
          -9.172309578531213e-10,
          1.9672631879075198e-07,
          7.62939453125e-06
        ],
        [
          -4.797511277132571e-10,
          -1.0,
          -7.409964863924756e-10,
          1.6999998092651367
        ],
        [
          0.0,
          0.0,
          0.0,
          1.0
        ]
      ],
      "camera_intrinsics": [
        [
          685.5110473632812,
          0.0,
          480.0
        ],
        [
          0.0,
          685.5110473632812,
          270.0
        ],
        [
          0.0,
          0.0,
          1.0
        ]
      ],
      "data_path": "D:\\Agent-AI\\outputs\\s3a_left_v3\\sample_000038\\images\\CAM_BACK.png",
      "raw_layout": "bgra8"
    },
    "CAM_BACK_LEFT": {
      "type_id": "sensor.camera.rgb",
      "blueprint_attributes": {
        "role_name": "front",
        "ros_name": "sensor.camera.rgb",
        "chromatic_aberration_offset": "0.0",
        "sensor_tick": "0.100000",
        "fstop": "1.4",
        "image_size_x": "960",
        "image_size_y": "540",
        "fov": "70.00",
        "lens_circle_falloff": "5.0",
        "lens_circle_multiplier": "0.0",
        "exposure_compensation": "0.0",
        "lens_y_size": "0.08",
        "lens_k": "-1.0",
        "exposure_mode": "histogram",
        "lens_kcube": "0.0",
        "lens_x_size": "0.08",
        "exposure_max_bright": "12.0",
        "shutter_speed": "200.0",
        "bloom_intensity": "0.675",
        "iso": "100.0",
        "enable_postprocess_effects": "false",
        "gamma": "2.2",
        "motion_blur_intensity": "0.0",
        "motion_blur_max_distortion": "0.35",
        "lens_flare_intensity": "0.1",
        "motion_blur_min_object_screen_size": "0.1",
        "exposure_min_bright": "10.0",
        "exposure_speed_up": "3.0",
        "exposure_speed_down": "1.0",
        "tint": "0.0",
        "calibration_constant": "16.0",
        "focal_distance": "1000.0",
        "min_fstop": "1.2",
        "blade_count": "5",
        "blur_amount": "0.0",
        "blur_radius": "0.0",
        "slope": "0.88",
        "toe": "0.55",
        "white_clip": "0.04",
        "shoulder": "0.26",
        "black_clip": "0.0",
        "temp": "6500.0",
        "chromatic_aberration_intensity": "0.0"
      },
      "transform_carla": {
        "location": {
          "x": 107.3038330078125,
          "y": -35.637718200683594,
          "z": 1.6940838098526
        },
        "rotation": {
          "roll": -0.2065519541501999,
          "pitch": 0.08354003727436066,
          "yaw": 127.73458099365234
        }
      },
      "matrix_world_from_sensor_carla": [
        [
          -0.6120038032531738,
          -0.7908459901809692,
          0.0037433591205626726,
          107.3038330078125
        ],
        [
          0.7908535003662109,
          -0.6120046377182007,
          0.0010531819425523281,
          -35.637718200683594
        ],
        [
          0.0014580482384189963,
          0.0036049997434020042,
          0.9999924302101135,
          1.6940838098526
        ],
        [
          0.0,
          0.0,
          0.0,
          1.0
        ]
      ],
      "matrix_world_from_sensor_bevfusion": [
        [
          -0.7908459901809692,
          -0.0037433591205626726,
          -0.6120038032531738,
          107.3038330078125
        ],
        [
          0.6120046377182007,
          0.0010531819425523281,
          -0.7908535003662109,
          35.637718200683594
        ],
        [
          0.0036049997434020042,
          -0.9999924302101135,
          0.0014580482384189963,
          1.6940838098526
        ],
        [
          0.0,
          0.0,
          0.0,
          1.0
        ]
      ],
      "matrix_ego_from_sensor_carla": [
        [
          -0.5735767483711243,
          0.8191518783569336,
          -6.119195461451454e-08,
          -1.3000004291534424
        ],
        [
          -0.8191518783569336,
          -0.5735766887664795,
          -8.916004645698195e-08,
          -0.5499954223632812
        ],
        [
          -1.0801107919178321e-07,
          -9.792278099496343e-10,
          1.0,
          1.7000000476837158
        ],
        [
          0.0,
          0.0,
          0.0,
          1.0
        ]
      ],
      "matrix_ego_from_sensor_bevfusion": [
        [
          0.8191518783569336,
          6.119195461451454e-08,
          -0.5735767483711243,
          -1.3000004291534424
        ],
        [
          0.5735766887664795,
          -8.916004645698195e-08,
          0.8191518783569336,
          0.5499954223632812
        ],
        [
          -9.792278099496343e-10,
          -1.0,
          -1.0801107919178321e-07,
          1.7000000476837158
        ],
        [
          0.0,
          0.0,
          0.0,
          1.0
        ]
      ],
      "camera_intrinsics": [
        [
          685.5110473632812,
          0.0,
          480.0
        ],
        [
          0.0,
          685.5110473632812,
          270.0
        ],
        [
          0.0,
          0.0,
          1.0
        ]
      ],
      "data_path": "D:\\Agent-AI\\outputs\\s3a_left_v3\\sample_000038\\images\\CAM_BACK_LEFT.png",
      "raw_layout": "bgra8"
    },
    "CAM_BACK_RIGHT": {
      "type_id": "sensor.camera.rgb",
      "blueprint_attributes": {
        "role_name": "front",
        "ros_name": "sensor.camera.rgb",
        "chromatic_aberration_offset": "0.0",
        "sensor_tick": "0.100000",
        "fstop": "1.4",
        "image_size_x": "960",
        "image_size_y": "540",
        "fov": "70.00",
        "lens_circle_falloff": "5.0",
        "lens_circle_multiplier": "0.0",
        "exposure_compensation": "0.0",
        "lens_y_size": "0.08",
        "lens_k": "-1.0",
        "exposure_mode": "histogram",
        "lens_kcube": "0.0",
        "lens_x_size": "0.08",
        "exposure_max_bright": "12.0",
        "shutter_speed": "200.0",
        "bloom_intensity": "0.675",
        "iso": "100.0",
        "enable_postprocess_effects": "false",
        "gamma": "2.2",
        "motion_blur_intensity": "0.0",
        "motion_blur_max_distortion": "0.35",
        "lens_flare_intensity": "0.1",
        "motion_blur_min_object_screen_size": "0.1",
        "exposure_min_bright": "10.0",
        "exposure_speed_up": "3.0",
        "exposure_speed_down": "1.0",
        "tint": "0.0",
        "calibration_constant": "16.0",
        "focal_distance": "1000.0",
        "min_fstop": "1.2",
        "blade_count": "5",
        "blur_amount": "0.0",
        "blur_radius": "0.0",
        "slope": "0.88",
        "toe": "0.55",
        "white_clip": "0.04",
        "shoulder": "0.26",
        "black_clip": "0.0",
        "temp": "6500.0",
        "chromatic_aberration_intensity": "0.0"
      },
      "transform_carla": {
        "location": {
          "x": 108.35425567626953,
          "y": -35.964195251464844,
          "z": 1.690495252609253
        },
        "rotation": {
          "roll": -0.007863138802349567,
          "pitch": -0.22267098724842072,
          "yaw": 17.734773635864258
        }
      },
      "matrix_world_from_sensor_carla": [
        [
          0.9524695873260498,
          -0.3046106994152069,
          0.003743445035070181,
          108.35425567626953
        ],
        [
          0.30460891127586365,
          0.952476978302002,
          0.001053104642778635,
          -35.964195251464844
        ],
        [
          -0.0038863320369273424,
          0.00013723662414122373,
          0.9999924302101135,
          1.690495252609253
        ],
        [
          0.0,
          0.0,
          0.0,
          1.0
        ]
      ],
      "matrix_world_from_sensor_bevfusion": [
        [
          -0.3046106994152069,
          -0.003743445035070181,
          0.9524695873260498,
          108.35425567626953
        ],
        [
          -0.952476978302002,
          0.001053104642778635,
          -0.30460891127586365,
          35.964195251464844
        ],
        [
          0.00013723662414122373,
          -0.9999924302101135,
          -0.0038863320369273424,
          1.690495252609253
        ],
        [
          0.0,
          0.0,
          0.0,
          1.0
        ]
      ],
      "matrix_ego_from_sensor_carla": [
        [
          -0.5735765695571899,
          -0.8191519975662231,
          -1.27631825108665e-08,
          -1.2999982833862305
        ],
        [
          0.8191519379615784,
          -0.5735766291618347,
          1.5613744963616227e-08,
          0.54998779296875
        ],
        [
          -2.087270267736585e-08,
          -1.3007869226200341e-09,
          1.0,
          1.6999998092651367
        ],
        [
          0.0,
          0.0,
          0.0,
          1.0
        ]
      ],
      "matrix_ego_from_sensor_bevfusion": [
        [
          -0.8191519975662231,
          1.27631825108665e-08,
          -0.5735765695571899,
          -1.2999982833862305
        ],
        [
          0.5735766291618347,
          1.5613744963616227e-08,
          -0.8191519379615784,
          -0.54998779296875
        ],
        [
          -1.3007869226200341e-09,
          -1.0,
          -2.087270267736585e-08,
          1.6999998092651367
        ],
        [
          0.0,
          0.0,
          0.0,
          1.0
        ]
      ],
      "camera_intrinsics": [
        [
          685.5110473632812,
          0.0,
          480.0
        ],
        [
          0.0,
          685.5110473632812,
          270.0
        ],
        [
          0.0,
          0.0,
          1.0
        ]
      ],
      "data_path": "D:\\Agent-AI\\outputs\\s3a_left_v3\\sample_000038\\images\\CAM_BACK_RIGHT.png",
      "raw_layout": "bgra8"
    },
    "LIDAR_TOP": {
      "type_id": "sensor.lidar.ray_cast",
      "blueprint_attributes": {
        "atmosphere_attenuation_rate": "0.004",
        "role_name": "front",
        "noise_seed": "0",
        "upper_fov": "10.0",
        "ros_name": "sensor.lidar.ray_cast",
        "sensor_tick": "0.100000",
        "channels": "32",
        "range": "120.0",
        "points_per_second": "360000",
        "lower_fov": "-30.0",
        "rotation_frequency": "10.000000",
        "horizontal_fov": "360.0",
        "dropoff_general_rate": "0.0",
        "dropoff_intensity_limit": "1.0",
        "noise_stddev": "0.0",
        "dropoff_zero_intensity": "0.0"
      },
      "transform_carla": {
        "location": {
          "x": 107.44508361816406,
          "y": -37.04185104370117,
          "z": 2.195037603378296
        },
        "rotation": {
          "roll": 0.18691082298755646,
          "pitch": 0.12127683311700821,
          "yaw": -107.26505279541016
        }
      },
      "matrix_world_from_sensor_carla": [
        [
          -0.29679179191589355,
          0.9549348950386047,
          0.0037434259429574013,
          107.44508361816406
        ],
        [
          -0.9549398422241211,
          -0.2967974841594696,
          0.0010530969593673944,
          -37.04185104370117
        ],
        [
          0.0021166782826185226,
          -0.0032621959690004587,
          0.9999924302101135,
          2.195037603378296
        ],
        [
          0.0,
          0.0,
          0.0,
          1.0
        ]
      ],
      "matrix_world_from_sensor_bevfusion": [
        [
          -0.29679179191589355,
          -0.9549348950386047,
          0.0037434259429574013,
          107.44508361816406
        ],
        [
          0.9549398422241211,
          -0.2967974841594696,
          -0.0010530969593673944,
          37.04185104370117
        ],
        [
          0.0021166782826185226,
          0.0032621959690004587,
          0.9999924302101135,
          2.195037603378296
        ],
        [
          0.0,
          0.0,
          0.0,
          1.0
        ]
      ],
      "matrix_ego_from_sensor_carla": [
        [
          1.0,
          1.7912123340124708e-08,
          4.250279295181514e-11,
          9.5367431640625e-07
        ],
        [
          3.002458370815475e-08,
          1.0,
          -2.1873905464708798e-10,
          -1.52587890625e-05
        ],
        [
          4.250455543086673e-11,
          1.4089826527730054e-11,
          1.0,
          2.200000047683716
        ],
        [
          0.0,
          0.0,
          0.0,
          1.0
        ]
      ],
      "matrix_ego_from_sensor_bevfusion": [
        [
          1.0,
          -1.7912123340124708e-08,
          4.250279295181514e-11,
          9.5367431640625e-07
        ],
        [
          -3.002458370815475e-08,
          1.0,
          2.1873905464708798e-10,
          1.52587890625e-05
        ],
        [
          4.250455543086673e-11,
          -1.4089826527730054e-11,
          1.0,
          2.200000047683716
        ],
        [
          0.0,
          0.0,
          0.0,
          1.0
        ]
      ],
      "data_path": "D:\\Agent-AI\\outputs\\s3a_left_v3\\sample_000038\\lidar\\LIDAR_TOP.npy",
      "raw_layout": [
        "x",
        "y",
        "z",
        "intensity"
      ]
    },
    "RADAR_FRONT": {
      "type_id": "sensor.other.radar",
      "blueprint_attributes": {
        "sensor_tick": "0.100000",
        "role_name": "default",
        "noise_seed": "0",
        "ros_name": "sensor.other.radar",
        "horizontal_fov": "35.0",
        "points_per_second": "1500",
        "vertical_fov": "20.0",
        "range": "120.0"
      },
      "transform_carla": {
        "location": {
          "x": 106.84664154052734,
          "y": -38.953102111816406,
          "z": 0.8992806077003479
        },
        "rotation": {
          "roll": 0.18691082298755646,
          "pitch": 0.12127683311700821,
          "yaw": -107.26505279541016
        }
      },
      "matrix_world_from_sensor_carla": [
        [
          -0.29679179191589355,
          0.9549348950386047,
          0.0037434259429574013,
          106.84664154052734
        ],
        [
          -0.9549398422241211,
          -0.2967974841594696,
          0.0010530969593673944,
          -38.953102111816406
        ],
        [
          0.0021166782826185226,
          -0.0032621959690004587,
          0.9999924302101135,
          0.8992806077003479
        ],
        [
          0.0,
          0.0,
          0.0,
          1.0
        ]
      ],
      "matrix_world_from_sensor_bevfusion": [
        [
          -0.29679179191589355,
          -0.9549348950386047,
          0.0037434259429574013,
          106.84664154052734
        ],
        [
          0.9549398422241211,
          -0.2967974841594696,
          -0.0010530969593673944,
          38.953102111816406
        ],
        [
          0.0021166782826185226,
          0.0032621959690004587,
          0.9999924302101135,
          0.8992806077003479
        ],
        [
          0.0,
          0.0,
          0.0,
          1.0
        ]
      ],
      "matrix_ego_from_sensor_carla": [
        [
          1.0,
          1.7912123340124708e-08,
          4.250279295181514e-11,
          2.000000476837158
        ],
        [
          3.002458370815475e-08,
          1.0,
          -2.1873905464708798e-10,
          -7.62939453125e-06
        ],
        [
          4.250455543086673e-11,
          1.4089826527730054e-11,
          1.0,
          0.8999999761581421
        ],
        [
          0.0,
          0.0,
          0.0,
          1.0
        ]
      ],
      "matrix_ego_from_sensor_bevfusion": [
        [
          1.0,
          -1.7912123340124708e-08,
          4.250279295181514e-11,
          2.000000476837158
        ],
        [
          -3.002458370815475e-08,
          1.0,
          2.1873905464708798e-10,
          7.62939453125e-06
        ],
        [
          4.250455543086673e-11,
          -1.4089826527730054e-11,
          1.0,
          0.8999999761581421
        ],
        [
          0.0,
          0.0,
          0.0,
          1.0
        ]
      ],
      "data_path": "D:\\Agent-AI\\outputs\\s3a_left_v3\\sample_000038\\radar\\RADAR_FRONT.npy",
      "raw_layout": [
        "velocity",
        "altitude",
        "azimuth",
        "depth"
      ]
    },
    "RADAR_FRONT_LEFT": {
      "type_id": "sensor.other.radar",
      "blueprint_attributes": {
        "sensor_tick": "0.100000",
        "role_name": "default",
        "noise_seed": "0",
        "ros_name": "sensor.other.radar",
        "horizontal_fov": "35.0",
        "points_per_second": "1500",
        "vertical_fov": "20.0",
        "range": "120.0"
      },
      "transform_carla": {
        "location": {
          "x": 106.23431396484375,
          "y": -38.39627456665039,
          "z": 0.9009864330291748
        },
        "rotation": {
          "roll": 0.04641009867191315,
          "pitch": 0.21791717410087585,
          "yaw": -152.26516723632812
        }
      },
      "matrix_world_from_sensor_carla": [
        [
          -0.8851044178009033,
          0.46537742018699646,
          0.0037433586549013853,
          106.23431396484375
        ],
        [
          -0.46537694334983826,
          -0.885111927986145,
          0.0010530621511861682,
          -38.39627456665039
        ],
        [
          0.0038033630698919296,
          -0.0008100030827336013,
          0.9999924302101135,
          0.9009864330291748
        ],
        [
          0.0,
          0.0,
          0.0,
          1.0
        ]
      ],
      "matrix_world_from_sensor_bevfusion": [
        [
          -0.8851044178009033,
          -0.46537742018699646,
          0.0037433586549013853,
          106.23431396484375
        ],
        [
          0.46537694334983826,
          -0.885111927986145,
          -0.0010530621511861682,
          38.39627456665039
        ],
        [
          0.0038033630698919296,
          0.0008100030827336013,
          0.9999924302101135,
          0.9009864330291748
        ],
        [
          0.0,
          0.0,
          0.0,
          1.0
        ]
      ],
      "matrix_ego_from_sensor_carla": [
        [
          0.7071067690849304,
          0.7071067690849304,
          5.3360718510475635e-08,
          1.650001049041748
        ],
        [
          -0.7071067690849304,
          0.7071067094802856,
          -5.42354499089015e-08,
          -0.75
        ],
        [
          -7.535678747672137e-08,
          1.9437172704694916e-10,
          1.0,
          0.8999999761581421
        ],
        [
          0.0,
          0.0,
          0.0,
          1.0
        ]
      ],
      "matrix_ego_from_sensor_bevfusion": [
        [
          0.7071067690849304,
          -0.7071067690849304,
          5.3360718510475635e-08,
          1.650001049041748
        ],
        [
          0.7071067690849304,
          0.7071067094802856,
          5.42354499089015e-08,
          0.75
        ],
        [
          -7.535678747672137e-08,
          -1.9437172704694916e-10,
          1.0,
          0.8999999761581421
        ],
        [
          0.0,
          0.0,
          0.0,
          1.0
        ]
      ],
      "data_path": "D:\\Agent-AI\\outputs\\s3a_left_v3\\sample_000038\\radar\\RADAR_FRONT_LEFT.npy",
      "raw_layout": [
        "velocity",
        "altitude",
        "azimuth",
        "depth"
      ]
    },
    "RADAR_FRONT_RIGHT": {
      "type_id": "sensor.other.radar",
      "blueprint_attributes": {
        "sensor_tick": "0.100000",
        "role_name": "default",
        "noise_seed": "0",
        "ros_name": "sensor.other.radar",
        "horizontal_fov": "35.0",
