{
  "schema_version": "stage1.v1",
  "sample_name": "sample_000035",
  "sequence_index": 35,
  "previous_sample_name": "sample_000034",
  "frame_id": 60036,
  "timestamp": 438.51970080286264,
  "platform_timestamp": 16814576.8942622,
  "delta_seconds": 0.10000000149011612,
  "town": "Carla/Maps/Town10HD_Opt",
  "weather": {
    "cloudiness": 20.0,
    "dust_storm": 0.0,
    "fog_density": 2.0,
    "fog_distance": 0.75,
    "fog_falloff": 0.10000000149011612,
    "mie_scattering_scale": 0.029999999329447746,
    "precipitation": 0.0,
    "precipitation_deposits": 0.0,
    "rayleigh_scattering_scale": 0.03310000151395798,
    "scattering_intensity": 1.0,
    "sun_altitude_angle": 45.0,
    "sun_azimuth_angle": 300.0,
    "wetness": 0.0,
    "wind_intensity": 10.0
  },
  "sensor_names": [
    "CAM_FRONT",
    "CAM_FRONT_RIGHT",
    "CAM_FRONT_LEFT",
    "CAM_BACK",
    "CAM_BACK_LEFT",
    "CAM_BACK_RIGHT",
    "LIDAR_TOP",
    "RADAR_FRONT",
    "RADAR_FRONT_LEFT",
    "RADAR_FRONT_RIGHT",
    "RADAR_BACK_LEFT",
    "RADAR_BACK_RIGHT"
  ],
  "camera_order_for_model": [
    "CAM_FRONT",
    "CAM_FRONT_RIGHT",
    "CAM_FRONT_LEFT",
    "CAM_BACK",
    "CAM_BACK_LEFT",
    "CAM_BACK_RIGHT"
  ],
  "radar_order_for_model": [
    "RADAR_FRONT",
    "RADAR_FRONT_LEFT",
    "RADAR_FRONT_RIGHT",
    "RADAR_BACK_LEFT",
    "RADAR_BACK_RIGHT"
  ],
  "coordinate_notes": {
    "carla_world": "left-handed x-forward y-right z-up",
    "bevfusion_lidar": "x-forward y-left z-up",
    "camera_frame_for_model": "OpenCV style x-right y-down z-forward"
  },
  "ego": {
    "actor_id": 28,
    "transform_carla": {
      "location": {
        "x": 99.7402114868164,
        "y": -45.34963607788086,
        "z": -0.0038545227143913507
      },
      "rotation": {
        "roll": 0.4889357089996338,
        "pitch": -0.13177482783794403,
        "yaw": -121.16903686523438
      }
    },
    "velocity_carla": [
      -4.070446491241455,
      -6.515970230102539,
      6.991386180743575e-05
    ],
    "angular_velocity_carla": [
      -0.3285541534423828,
      -0.840764045715332,
      -7.5695343017578125
    ],
    "matrix_world_from_ego_carla": [
      [
        -0.5175632238388062,
        0.8556230664253235,
        0.006111278664320707,
        99.7402114868164
      ],
      [
        -0.8556418418884277,
        -0.5175289511680603,
        -0.0063844299875199795,
        -45.34963607788086
      ],
      [
        -0.002299902494996786,
        -0.008533412590622902,
        0.9999609589576721,
        -0.0038545227143913507
      ],
      [
        0.0,
        0.0,
        0.0,
        1.0
      ]
    ],
    "matrix_world_from_ego_bevfusion": [
      [
        -0.5175632238388062,
        -0.8556230664253235,
        0.006111278664320707,
        99.7402114868164
      ],
      [
        0.8556418418884277,
        -0.5175289511680603,
        0.0063844299875199795,
        45.34963607788086
      ],
      [
        -0.002299902494996786,
        0.008533412590622902,
        0.9999609589576721,
        -0.0038545227143913507
      ],
      [
        0.0,
        0.0,
        0.0,
        1.0
      ]
    ]
  },
  "sensors": {
    "CAM_FRONT": {
      "type_id": "sensor.camera.rgb",
      "blueprint_attributes": {
        "role_name": "front",
        "ros_name": "sensor.camera.rgb",
        "chromatic_aberration_offset": "0.0",
        "sensor_tick": "0.100000",
        "fstop": "1.4",
        "image_size_x": "960",
        "image_size_y": "540",
        "fov": "70.00",
        "lens_circle_falloff": "5.0",
        "lens_circle_multiplier": "0.0",
        "exposure_compensation": "0.0",
        "lens_y_size": "0.08",
        "lens_k": "-1.0",
        "exposure_mode": "histogram",
        "lens_kcube": "0.0",
        "lens_x_size": "0.08",
        "exposure_max_bright": "12.0",
        "shutter_speed": "200.0",
        "bloom_intensity": "0.675",
        "iso": "100.0",
        "enable_postprocess_effects": "false",
        "gamma": "2.2",
        "motion_blur_intensity": "0.0",
        "motion_blur_max_distortion": "0.35",
        "lens_flare_intensity": "0.1",
        "motion_blur_min_object_screen_size": "0.1",
        "exposure_min_bright": "10.0",
        "exposure_speed_up": "3.0",
        "exposure_speed_down": "1.0",
        "tint": "0.0",
        "calibration_constant": "16.0",
        "focal_distance": "1000.0",
        "min_fstop": "1.2",
        "blade_count": "5",
        "blur_amount": "0.0",
        "blur_radius": "0.0",
        "slope": "0.88",
        "toe": "0.55",
        "white_clip": "0.04",
        "shoulder": "0.26",
        "black_clip": "0.0",
        "temp": "6500.0",
        "chromatic_aberration_intensity": "0.0"
      },
      "transform_carla": {
        "location": {
          "x": 98.94837951660156,
          "y": -46.686737060546875,
          "z": 1.692514181137085
        },
        "rotation": {
          "roll": 0.4889357089996338,
          "pitch": -0.13177482783794403,
          "yaw": -121.16903686523438
        }
      },
      "matrix_world_from_sensor_carla": [
        [
          -0.5175632238388062,
          0.8556230664253235,
          0.006111278664320707,
          98.94837951660156
        ],
        [
          -0.8556418418884277,
          -0.5175289511680603,
          -0.0063844299875199795,
          -46.686737060546875
        ],
        [
          -0.002299902494996786,
          -0.008533412590622902,
          0.9999609589576721,
          1.692514181137085
        ],
        [
          0.0,
          0.0,
          0.0,
          1.0
        ]
      ],
      "matrix_world_from_sensor_bevfusion": [
        [
          0.8556230664253235,
          -0.006111278664320707,
          -0.5175632238388062,
          98.94837951660156
        ],
        [
          0.5175289511680603,
          -0.0063844299875199795,
          0.8556418418884277,
          46.686737060546875
        ],
        [
          -0.008533412590622902,
          -0.9999609589576721,
          -0.002299902494996786,
          1.692514181137085
        ],
        [
          0.0,
          0.0,
          0.0,
          1.0
        ]
      ],
      "matrix_ego_from_sensor_carla": [
        [
          1.0,
          -4.187833635427296e-09,
          -8.205597312738178e-11,
          1.5500011444091797
        ],
        [
          1.5968723232617776e-08,
          1.0,
          -2.601595605611351e-10,
          7.62939453125e-06
        ],
        [
          -3.1486843687922317e-10,
          -2.601595605611351e-10,
          1.0,
          1.6999999284744263
        ],
        [
          0.0,
          0.0,
          0.0,
          1.0
        ]
      ],
      "matrix_ego_from_sensor_bevfusion": [
        [
          -4.187833635427296e-09,
          8.205597312738178e-11,
          1.0,
          1.5500011444091797
        ],
        [
          -1.0,
          -2.601595605611351e-10,
          -1.5968723232617776e-08,
          -7.62939453125e-06
        ],
        [
          -2.601595605611351e-10,
          -1.0,
          -3.1486843687922317e-10,
          1.6999999284744263
        ],
        [
          0.0,
          0.0,
          0.0,
          1.0
        ]
      ],
      "camera_intrinsics": [
        [
          685.5110473632812,
          0.0,
          480.0
        ],
        [
          0.0,
          685.5110473632812,
          270.0
        ],
        [
          0.0,
          0.0,
          1.0
        ]
      ],
      "data_path": "D:\\Agent-AI\\outputs\\s3a_ml_long_v2\\sample_000035\\images\\CAM_FRONT.png",
      "raw_layout": "bgra8"
    },
    "CAM_FRONT_RIGHT": {
      "type_id": "sensor.camera.rgb",
      "blueprint_attributes": {
        "role_name": "front",
        "ros_name": "sensor.camera.rgb",
        "chromatic_aberration_offset": "0.0",
        "sensor_tick": "0.100000",
        "fstop": "1.4",
        "image_size_x": "960",
        "image_size_y": "540",
        "fov": "70.00",
        "lens_circle_falloff": "5.0",
        "lens_circle_multiplier": "0.0",
        "exposure_compensation": "0.0",
        "lens_y_size": "0.08",
        "lens_k": "-1.0",
        "exposure_mode": "histogram",
        "lens_kcube": "0.0",
        "lens_x_size": "0.08",
        "exposure_max_bright": "12.0",
        "shutter_speed": "200.0",
        "bloom_intensity": "0.675",
        "iso": "100.0",
        "enable_postprocess_effects": "false",
        "gamma": "2.2",
        "motion_blur_intensity": "0.0",
        "motion_blur_max_distortion": "0.35",
        "lens_flare_intensity": "0.1",
        "motion_blur_min_object_screen_size": "0.1",
        "exposure_min_bright": "10.0",
        "exposure_speed_up": "3.0",
        "exposure_speed_down": "1.0",
        "tint": "0.0",
        "calibration_constant": "16.0",
        "focal_distance": "1000.0",
        "min_fstop": "1.2",
        "blade_count": "5",
        "blur_amount": "0.0",
        "blur_radius": "0.0",
        "slope": "0.88",
        "toe": "0.55",
        "white_clip": "0.04",
        "shoulder": "0.26",
        "black_clip": "0.0",
        "temp": "6500.0",
        "chromatic_aberration_intensity": "0.0"
      },
      "transform_carla": {
        "location": {
          "x": 99.54837036132812,
          "y": -46.75746536254883,
          "z": 1.6883958578109741
        },
        "rotation": {
          "roll": 0.17250052094459534,
          "pitch": -0.4760914742946625,
          "yaw": -66.1692123413086
        }
      },
      "matrix_world_from_sensor_carla": [
        [
          0.4040229320526123,
          0.9147284030914307,
          0.00611124886199832,
          99.54837036132812
        ],
        [
          -0.9147111177444458,
          0.40405794978141785,
          -0.00638437457382679,
          -46.75746536254883
        ],
        [
          -0.008309267461299896,
          -0.0030105935875326395,
          0.9999609589576721,
          1.6883958578109741
        ],
        [
          0.0,
          0.0,
          0.0,
          1.0
        ]
      ],
      "matrix_world_from_sensor_bevfusion": [
        [
          0.9147284030914307,
          -0.00611124886199832,
          0.4040229320526123,
          99.54837036132812
        ],
        [
          -0.40405794978141785,
          -0.00638437457382679,
          0.9147111177444458,
          46.75746536254883
        ],
        [
          -0.0030105935875326395,
          -0.9999609589576721,
          -0.008309267461299896,
          1.6883958578109741
        ],
        [
          0.0,
          0.0,
          0.0,
          1.0
        ]
      ],
      "matrix_ego_from_sensor_carla": [
        [
          0.5735768675804138,
          -0.8191518187522888,
          -3.1747024564765525e-08,
          1.2999935150146484
        ],
        [
          0.8191518783569336,
          0.573576807975769,
          -5.427686744496896e-08,
          0.5500106811523438
        ],
        [
          6.363214311022602e-08,
          4.381018658961011e-09,
          1.0,
          1.7000001668930054
        ],
        [
          0.0,
          0.0,
          0.0,
          1.0
        ]
      ],
      "matrix_ego_from_sensor_bevfusion": [
        [
          -0.8191518187522888,
          3.1747024564765525e-08,
          0.5735768675804138,
          1.2999935150146484
        ],
        [
          -0.573576807975769,
          -5.427686744496896e-08,
          -0.8191518783569336,
          -0.5500106811523438
        ],
        [
          4.381018658961011e-09,
          -1.0,
          6.363214311022602e-08,
          1.7000001668930054
        ],
        [
          0.0,
          0.0,
          0.0,
          1.0
        ]
      ],
      "camera_intrinsics": [
        [
          685.5110473632812,
          0.0,
          480.0
        ],
        [
          0.0,
          685.5110473632812,
          270.0
        ],
        [
          0.0,
          0.0,
          1.0
        ]
      ],
      "data_path": "D:\\Agent-AI\\outputs\\s3a_ml_long_v2\\sample_000035\\images\\CAM_FRONT_RIGHT.png",
      "raw_layout": "bgra8"
    },
    "CAM_FRONT_LEFT": {
      "type_id": "sensor.camera.rgb",
      "blueprint_attributes": {
        "role_name": "front",
        "ros_name": "sensor.camera.rgb",
        "chromatic_aberration_offset": "0.0",
        "sensor_tick": "0.100000",
        "fstop": "1.4",
        "image_size_x": "960",
        "image_size_y": "540",
        "fov": "70.00",
        "lens_circle_falloff": "5.0",
        "lens_circle_multiplier": "0.0",
        "exposure_compensation": "0.0",
        "lens_y_size": "0.08",
        "lens_k": "-1.0",
        "exposure_mode": "histogram",
        "lens_kcube": "0.0",
        "lens_x_size": "0.08",
        "exposure_max_bright": "12.0",
        "shutter_speed": "200.0",
        "bloom_intensity": "0.675",
        "iso": "100.0",
        "enable_postprocess_effects": "false",
        "gamma": "2.2",
        "motion_blur_intensity": "0.0",
        "motion_blur_max_distortion": "0.35",
        "lens_flare_intensity": "0.1",
        "motion_blur_min_object_screen_size": "0.1",
        "exposure_min_bright": "10.0",
        "exposure_speed_up": "3.0",
        "exposure_speed_down": "1.0",
        "tint": "0.0",
        "calibration_constant": "16.0",
        "focal_distance": "1000.0",
        "min_fstop": "1.2",
        "blade_count": "5",
        "blur_amount": "0.0",
        "blur_radius": "0.0",
        "slope": "0.88",
        "toe": "0.55",
        "white_clip": "0.04",
        "shoulder": "0.26",
        "black_clip": "0.0",
        "temp": "6500.0",
        "chromatic_aberration_intensity": "0.0"
      },
      "transform_carla": {
        "location": {
          "x": 98.607177734375,
          "y": -46.18818283081055,
          "z": 1.6977825164794922
        },
        "rotation": {
          "roll": 0.38839060068130493,
          "pitch": 0.3249257504940033,
          "yaw": -176.1673583984375
        }
      },
      "matrix_world_from_sensor_carla": [
        [
          -0.997747540473938,
          0.06680253148078918,
          0.006111282389611006,
          98.607177734375
        ],
        [
          -0.06684134900569916,
          -0.9977432489395142,
          -0.0063844285905361176,
          -46.18818283081055
        ],
        [
          0.005670994054526091,
          -0.006778534036129713,
          0.9999609589576721,
          1.6977825164794922
        ],
        [
          0.0,
          0.0,
          0.0,
          1.0
        ]
      ],
      "matrix_world_from_sensor_bevfusion": [
        [
          0.06680253148078918,
          -0.006111282389611006,
          -0.997747540473938,
          98.607177734375
        ],
        [
          0.9977432489395142,
          -0.0063844285905361176,
          0.06684134900569916,
          46.18818283081055
        ],
        [
          -0.006778534036129713,
          -0.9999609589576721,
          0.005670994054526091,
          1.6977825164794922
        ],
        [
          0.0,
          0.0,
          0.0,
          1.0
        ]
      ],
      "matrix_ego_from_sensor_carla": [
        [
          0.5735766887664795,
          0.8191519975662231,
          -3.1088542851165357e-09,
          1.3000001907348633
        ],
        [
          -0.8191519975662231,
          0.5735766887664795,
          2.533808274307603e-09,
          -0.5499954223632812
        ],
        [
          3.0472215861720997e-09,
          2.008068156200693e-09,
          1.0,
          1.6999999284744263
        ],
        [
          0.0,
          0.0,
          0.0,
          1.0
        ]
      ],
      "matrix_ego_from_sensor_bevfusion": [
        [
          0.8191519975662231,
          3.1088542851165357e-09,
          0.5735766887664795,
          1.3000001907348633
        ],
        [
          -0.5735766887664795,
          2.533808274307603e-09,
          0.8191519975662231,
          0.5499954223632812
        ],
        [
          2.008068156200693e-09,
          -1.0,
          3.0472215861720997e-09,
          1.6999999284744263
        ],
        [
          0.0,
          0.0,
          0.0,
          1.0
        ]
      ],
      "camera_intrinsics": [
        [
          685.5110473632812,
          0.0,
          480.0
        ],
        [
          0.0,
          685.5110473632812,
          270.0
        ],
        [
          0.0,
          0.0,
          1.0
        ]
      ],
      "data_path": "D:\\Agent-AI\\outputs\\s3a_ml_long_v2\\sample_000035\\images\\CAM_FRONT_LEFT.png",
      "raw_layout": "bgra8"
    },
    "CAM_BACK": {
      "type_id": "sensor.camera.rgb",
      "blueprint_attributes": {
        "role_name": "front",
        "ros_name": "sensor.camera.rgb",
        "chromatic_aberration_offset": "0.0",
        "sensor_tick": "0.100000",
        "fstop": "1.4",
        "image_size_x": "960",
        "image_size_y": "540",
        "fov": "70.00",
        "lens_circle_falloff": "5.0",
        "lens_circle_multiplier": "0.0",
        "exposure_compensation": "0.0",
        "lens_y_size": "0.08",
        "lens_k": "-1.0",
        "exposure_mode": "histogram",
        "lens_kcube": "0.0",
        "lens_x_size": "0.08",
        "exposure_max_bright": "12.0",
        "shutter_speed": "200.0",
        "bloom_intensity": "0.675",
        "iso": "100.0",
        "enable_postprocess_effects": "false",
        "gamma": "2.2",
        "motion_blur_intensity": "0.0",
        "motion_blur_max_distortion": "0.35",
        "lens_flare_intensity": "0.1",
        "motion_blur_min_object_screen_size": "0.1",
        "exposure_min_bright": "10.0",
        "exposure_speed_up": "3.0",
        "exposure_speed_down": "1.0",
        "tint": "0.0",
        "calibration_constant": "16.0",
        "focal_distance": "1000.0",
        "min_fstop": "1.2",
        "blade_count": "5",
        "blur_amount": "0.0",
        "blur_radius": "0.0",
        "slope": "0.88",
        "toe": "0.55",
        "white_clip": "0.04",
        "shoulder": "0.26",
        "black_clip": "0.0",
        "temp": "6500.0",
        "chromatic_aberration_intensity": "0.0"
      },
      "transform_carla": {
        "location": {
          "x": 100.55281829833984,
          "y": -44.03424835205078,
          "z": 1.6996439695358276
        },
        "rotation": {
          "roll": -0.48893558979034424,
          "pitch": 0.13177482783794403,
          "yaw": 58.830955505371094
        }
      },
      "matrix_world_from_sensor_carla": [
        [
          0.5175634622573853,
          -0.8556229472160339,
          0.0061112744733691216,
          100.55281829833984
        ],
        [
          0.8556417226791382,
          0.5175291895866394,
          -0.006384430453181267,
          -44.03424835205078
        ],
        [
          0.002299902494996786,
          0.008533409796655178,
          0.9999609589576721,
          1.6996439695358276
        ],
        [
          0.0,
          0.0,
          0.0,
          1.0
        ]
      ],
      "matrix_world_from_sensor_bevfusion": [
        [
          -0.8556229472160339,
          -0.0061112744733691216,
          0.5175634622573853,
          100.55281829833984
        ],
        [
          -0.5175291895866394,
          -0.006384430453181267,
          -0.8556417226791382,
          44.03424835205078
        ],
        [
          0.008533409796655178,
          -0.9999609589576721,
          0.002299902494996786,
          1.6996439695358276
        ],
        [
          0.0,
          0.0,
          0.0,
          1.0
        ]
      ],
      "matrix_ego_from_sensor_carla": [
        [
          -1.0,
          -2.594118768683984e-07,
          2.711911806230205e-09,
          -1.5499935150146484
        ],
        [
          2.5434036388105596e-07,
          -1.0,
          -3.054127173385268e-09,
          0.0
        ],
        [
          2.410344146497323e-09,
          -3.4650216029774583e-09,
          1.0,
          1.6999999284744263
        ],
        [
          0.0,
          0.0,
          0.0,
          1.0
        ]
      ],
      "matrix_ego_from_sensor_bevfusion": [
        [
          -2.594118768683984e-07,
          -2.711911806230205e-09,
          -1.0,
          -1.5499935150146484
        ],
        [
          1.0,
          -3.054127173385268e-09,
          -2.5434036388105596e-07,
          0.0
        ],
        [
          -3.4650216029774583e-09,
          -1.0,
          2.410344146497323e-09,
          1.6999999284744263
        ],
        [
          0.0,
          0.0,
          0.0,
          1.0
        ]
      ],
      "camera_intrinsics": [
        [
          685.5110473632812,
          0.0,
          480.0
        ],
        [
          0.0,
          685.5110473632812,
          270.0
        ],
        [
          0.0,
          0.0,
          1.0
        ]
      ],
      "data_path": "D:\\Agent-AI\\outputs\\s3a_ml_long_v2\\sample_000035\\images\\CAM_BACK.png",
      "raw_layout": "bgra8"
    },
    "CAM_BACK_LEFT": {
      "type_id": "sensor.camera.rgb",
      "blueprint_attributes": {
        "role_name": "front",
        "ros_name": "sensor.camera.rgb",
        "chromatic_aberration_offset": "0.0",
        "sensor_tick": "0.100000",
        "fstop": "1.4",
        "image_size_x": "960",
        "image_size_y": "540",
        "fov": "70.00",
        "lens_circle_falloff": "5.0",
        "lens_circle_multiplier": "0.0",
        "exposure_compensation": "0.0",
        "lens_y_size": "0.08",
        "lens_k": "-1.0",
        "exposure_mode": "histogram",
        "lens_kcube": "0.0",
        "lens_x_size": "0.08",
        "exposure_max_bright": "12.0",
        "shutter_speed": "200.0",
        "bloom_intensity": "0.675",
        "iso": "100.0",
        "enable_postprocess_effects": "false",
        "gamma": "2.2",
        "motion_blur_intensity": "0.0",
        "motion_blur_max_distortion": "0.35",
        "lens_flare_intensity": "0.1",
        "motion_blur_min_object_screen_size": "0.1",
        "exposure_min_bright": "10.0",
        "exposure_speed_up": "3.0",
        "exposure_speed_down": "1.0",
        "tint": "0.0",
        "calibration_constant": "16.0",
        "focal_distance": "1000.0",
        "min_fstop": "1.2",
        "blade_count": "5",
        "blur_amount": "0.0",
        "blur_radius": "0.0",
        "slope": "0.88",
        "toe": "0.55",
        "white_clip": "0.04",
        "shoulder": "0.26",
        "black_clip": "0.0",
        "temp": "6500.0",
        "chromatic_aberration_intensity": "0.0"
      },
      "transform_carla": {
        "location": {
          "x": 99.95284271240234,
          "y": -43.96351623535156,
          "z": 1.7037622928619385
        },
        "rotation": {
          "roll": -0.17250047624111176,
          "pitch": 0.4760914742946625,
          "yaw": 113.83078002929688
        }
      },
      "matrix_world_from_sensor_carla": [
        [
          -0.40402278304100037,
          -0.9147284626960754,
          0.00611124699935317,
          99.95284271240234
        ],
        [
          0.9147111773490906,
          -0.4040578007698059,
          -0.006384375970810652,
          -43.96351623535156
        ],
        [
          0.008309267461299896,
          0.003010592656210065,
          0.9999609589576721,
          1.7037622928619385
        ],
        [
          0.0,
          0.0,
          0.0,
          1.0
        ]
      ],
      "matrix_world_from_sensor_bevfusion": [
        [
          -0.9147284626960754,
          -0.00611124699935317,
          -0.40402278304100037,
          99.95284271240234
        ],
        [
          0.4040578007698059,
          -0.006384375970810652,
          -0.9147111773490906,
          43.96351623535156
        ],
        [
          0.003010592656210065,
          -0.9999609589576721,
          0.008309267461299896,
          1.7037622928619385
        ],
        [
          0.0,
          0.0,
          0.0,
          1.0
        ]
      ],
      "matrix_ego_from_sensor_carla": [
        [
          -0.5735769867897034,
          0.819151759147644,
          -2.965154699552386e-08,
          -1.3000011444091797
        ],
        [
          -0.819151759147644,
          -0.5735769271850586,
          -5.5208190019584436e-08,
          -0.5499954223632812
        ],
        [
          -6.270082053561055e-08,
          -6.70928912427371e-09,
          1.0,
          1.6999999284744263
        ],
        [
          0.0,
          0.0,
          0.0,
          1.0
        ]
      ],
      "matrix_ego_from_sensor_bevfusion": [
        [
          0.819151759147644,
          2.965154699552386e-08,
          -0.5735769867897034,
          -1.3000011444091797
        ],
        [
          0.5735769271850586,
          -5.5208190019584436e-08,
          0.819151759147644,
          0.5499954223632812
        ],
        [
          -6.70928912427371e-09,
          -1.0,
          -6.270082053561055e-08,
          1.6999999284744263
        ],
        [
          0.0,
          0.0,
          0.0,
          1.0
        ]
      ],
      "camera_intrinsics": [
        [
          685.5110473632812,
          0.0,
          480.0
        ],
        [
          0.0,
          685.5110473632812,
          270.0
        ],
        [
          0.0,
          0.0,
          1.0
        ]
      ],
      "data_path": "D:\\Agent-AI\\outputs\\s3a_ml_long_v2\\sample_000035\\images\\CAM_BACK_LEFT.png",
      "raw_layout": "bgra8"
    },
    "CAM_BACK_RIGHT": {
      "type_id": "sensor.camera.rgb",
      "blueprint_attributes": {
        "role_name": "front",
        "ros_name": "sensor.camera.rgb",
        "chromatic_aberration_offset": "0.0",
        "sensor_tick": "0.100000",
        "fstop": "1.4",
        "image_size_x": "960",
        "image_size_y": "540",
        "fov": "70.00",
        "lens_circle_falloff": "5.0",
        "lens_circle_multiplier": "0.0",
        "exposure_compensation": "0.0",
        "lens_y_size": "0.08",
        "lens_k": "-1.0",
        "exposure_mode": "histogram",
        "lens_kcube": "0.0",
        "lens_x_size": "0.08",
        "exposure_max_bright": "12.0",
        "shutter_speed": "200.0",
        "bloom_intensity": "0.675",
        "iso": "100.0",
        "enable_postprocess_effects": "false",
        "gamma": "2.2",
        "motion_blur_intensity": "0.0",
        "motion_blur_max_distortion": "0.35",
        "lens_flare_intensity": "0.1",
        "motion_blur_min_object_screen_size": "0.1",
        "exposure_min_bright": "10.0",
        "exposure_speed_up": "3.0",
        "exposure_speed_down": "1.0",
        "tint": "0.0",
        "calibration_constant": "16.0",
        "focal_distance": "1000.0",
        "min_fstop": "1.2",
        "blade_count": "5",
        "blur_amount": "0.0",
        "blur_radius": "0.0",
        "slope": "0.88",
        "toe": "0.55",
        "white_clip": "0.04",
        "shoulder": "0.26",
        "black_clip": "0.0",
        "temp": "6500.0",
        "chromatic_aberration_intensity": "0.0"
      },
      "transform_carla": {
        "location": {
          "x": 100.89402770996094,
          "y": -44.53279495239258,
          "z": 1.6943755149841309
        },
        "rotation": {
          "roll": -0.38839051127433777,
          "pitch": -0.3249257504940033,
          "yaw": 3.83262300491333
        }
      },
      "matrix_world_from_sensor_carla": [
        [
          0.997747540473938,
          -0.06680212169885635,
          0.006111279595643282,
          100.89402770996094
        ],
        [
          0.06684093922376633,
          0.9977432489395142,
          -0.006384429521858692,
          -44.53279495239258
        ],
        [
          -0.005670994054526091,
          0.006778532639145851,
          0.9999609589576721,
          1.6943755149841309
        ],
        [
          0.0,
          0.0,
          0.0,
          1.0
        ]
      ],
      "matrix_world_from_sensor_bevfusion": [
        [
          -0.06680212169885635,
          -0.006111279595643282,
          0.997747540473938,
          100.89402770996094
        ],
        [
          -0.9977432489395142,
          -0.006384429521858692,
          -0.06684093922376633,
          44.53279495239258
        ],
        [
          0.006778532639145851,
          -0.9999609589576721,
          -0.005670994054526091,
          1.6943755149841309
        ],
        [
          0.0,
          0.0,
          0.0,
          1.0
        ]
      ],
      "matrix_ego_from_sensor_carla": [
        [
          -0.5735763311386108,
          -0.8191522359848022,
          -7.805479040889907e-10,
          -1.300002098083496
        ],
        [
          0.8191521763801575,
          -0.5735763311386108,
          6.711630140543434e-10,
          0.5500030517578125
        ],
        [
          -2.5325383457008854e-10,
          -6.110297823269661e-10,
          1.0,
          1.6999999284744263
        ],
        [
          0.0,
          0.0,
          0.0,
          1.0
        ]
      ],
      "matrix_ego_from_sensor_bevfusion": [
        [
          -0.8191522359848022,
          7.805479040889907e-10,
          -0.5735763311386108,
          -1.300002098083496
        ],
        [
          0.5735763311386108,
          6.711630140543434e-10,
          -0.8191521763801575,
          -0.5500030517578125
        ],
        [
          -6.110297823269661e-10,
          -1.0,
          -2.5325383457008854e-10,
          1.6999999284744263
        ],
        [
          0.0,
          0.0,
          0.0,
          1.0
        ]
      ],
      "camera_intrinsics": [
        [
          685.5110473632812,
          0.0,
          480.0
        ],
        [
          0.0,
          685.5110473632812,
          270.0
        ],
        [
          0.0,
          0.0,
          1.0
        ]
      ],
      "data_path": "D:\\Agent-AI\\outputs\\s3a_ml_long_v2\\sample_000035\\images\\CAM_BACK_RIGHT.png",
      "raw_layout": "bgra8"
    },
    "LIDAR_TOP": {
      "type_id": "sensor.lidar.ray_cast",
      "blueprint_attributes": {
        "atmosphere_attenuation_rate": "0.004",
        "role_name": "front",
        "noise_seed": "0",
        "upper_fov": "10.0",
        "ros_name": "sensor.lidar.ray_cast",
        "sensor_tick": "0.100000",
        "channels": "32",
        "range": "120.0",
        "points_per_second": "360000",
        "lower_fov": "-30.0",
        "rotation_frequency": "10.000000",
        "horizontal_fov": "360.0",
        "dropoff_general_rate": "0.0",
        "dropoff_intensity_limit": "1.0",
        "noise_stddev": "0.0",
        "dropoff_zero_intensity": "0.0"
      },
      "transform_carla": {
        "location": {
          "x": 99.753662109375,
          "y": -45.363685607910156,
          "z": 2.196059465408325
        },
        "rotation": {
          "roll": 0.4889357089996338,
          "pitch": -0.13177482783794403,
          "yaw": -121.16903686523438
        }
      },
      "matrix_world_from_sensor_carla": [
        [
          -0.5175632238388062,
          0.8556230664253235,
          0.006111278664320707,
          99.753662109375
        ],
        [
          -0.8556418418884277,
          -0.5175289511680603,
          -0.0063844299875199795,
          -45.363685607910156
        ],
        [
          -0.002299902494996786,
          -0.008533412590622902,
          0.9999609589576721,
          2.196059465408325
        ],
        [
          0.0,
          0.0,
          0.0,
          1.0
        ]
      ],
      "matrix_world_from_sensor_bevfusion": [
        [
          -0.5175632238388062,
          -0.8556230664253235,
          0.006111278664320707,
          99.753662109375
        ],
        [
          0.8556418418884277,
          -0.5175289511680603,
          0.0063844299875199795,
          45.363685607910156
        ],
        [
          -0.002299902494996786,
          0.008533412590622902,
          0.9999609589576721,
          2.196059465408325
        ],
        [
          0.0,
          0.0,
          0.0,
          1.0
        ]
      ],
      "matrix_ego_from_sensor_carla": [
        [
          1.0,
          -4.187833635427296e-09,
          -8.205597312738178e-11,
          -9.5367431640625e-07
        ],
        [
          1.5968723232617776e-08,
          1.0,
          -2.601595605611351e-10,
          7.62939453125e-06
        ],
        [
          -3.1486843687922317e-10,
          -2.601595605611351e-10,
          1.0,
          2.1999998092651367
        ],
        [
          0.0,
          0.0,
          0.0,
          1.0
        ]
      ],
      "matrix_ego_from_sensor_bevfusion": [
        [
          1.0,
          4.187833635427296e-09,
          -8.205597312738178e-11,
          -9.5367431640625e-07
        ],
        [
          -1.5968723232617776e-08,
          1.0,
          2.601595605611351e-10,
          -7.62939453125e-06
        ],
        [
          -3.1486843687922317e-10,
          2.601595605611351e-10,
          1.0,
          2.1999998092651367
        ],
        [
          0.0,
          0.0,
          0.0,
          1.0
        ]
      ],
      "data_path": "D:\\Agent-AI\\outputs\\s3a_ml_long_v2\\sample_000035\\lidar\\LIDAR_TOP.npy",
      "raw_layout": [
        "x",
        "y",
        "z",
        "intensity"
      ]
    },
    "RADAR_FRONT": {
      "type_id": "sensor.other.radar",
      "blueprint_attributes": {
        "sensor_tick": "0.100000",
        "role_name": "default",
        "noise_seed": "0",
        "ros_name": "sensor.other.radar",
        "horizontal_fov": "35.0",
        "points_per_second": "1500",
        "vertical_fov": "20.0",
        "range": "120.0"
      },
      "transform_carla": {
        "location": {
          "x": 98.71058654785156,
          "y": -47.06666946411133,
          "z": 0.891510546207428
        },
        "rotation": {
          "roll": 0.4889357089996338,
          "pitch": -0.13177482783794403,
          "yaw": -121.16903686523438
        }
      },
      "matrix_world_from_sensor_carla": [
        [
          -0.5175632238388062,
          0.8556230664253235,
          0.006111278664320707,
          98.71058654785156
        ],
        [
          -0.8556418418884277,
          -0.5175289511680603,
          -0.0063844299875199795,
          -47.06666946411133
        ],
        [
          -0.002299902494996786,
          -0.008533412590622902,
          0.9999609589576721,
          0.891510546207428
        ],
        [
          0.0,
          0.0,
          0.0,
          1.0
        ]
      ],
      "matrix_world_from_sensor_bevfusion": [
        [
          -0.5175632238388062,
          -0.8556230664253235,
          0.006111278664320707,
          98.71058654785156
        ],
        [
          0.8556418418884277,
          -0.5175289511680603,
          0.0063844299875199795,
          47.06666946411133
        ],
        [
          -0.002299902494996786,
          0.008533412590622902,
          0.9999609589576721,
          0.891510546207428
        ],
        [
          0.0,
          0.0,
          0.0,
          1.0
        ]
      ],
      "matrix_ego_from_sensor_carla": [
        [
          1.0,
          -4.187833635427296e-09,
          -8.205597312738178e-11,
          2.0000038146972656
        ],
        [
          1.5968723232617776e-08,
          1.0,
          -2.601595605611351e-10,
          7.62939453125e-06
        ],
        [
          -3.1486843687922317e-10,
          -2.601595605611351e-10,
          1.0,
          0.9000000953674316
        ],
        [
          0.0,
          0.0,
          0.0,
          1.0
        ]
      ],
      "matrix_ego_from_sensor_bevfusion": [
        [
          1.0,
          4.187833635427296e-09,
          -8.205597312738178e-11,
          2.0000038146972656
        ],
        [
          -1.5968723232617776e-08,
          1.0,
          2.601595605611351e-10,
          -7.62939453125e-06
        ],
        [
          -3.1486843687922317e-10,
          2.601595605611351e-10,
          1.0,
          0.9000000953674316
        ],
        [
          0.0,
          0.0,
          0.0,
          1.0
        ]
      ],
      "data_path": "D:\\Agent-AI\\outputs\\s3a_ml_long_v2\\sample_000035\\radar\\RADAR_FRONT.npy",
      "raw_layout": [
        "velocity",
        "altitude",
        "azimuth",
        "depth"
      ]
    },
    "RADAR_FRONT_LEFT": {
      "type_id": "sensor.other.radar",
      "blueprint_attributes": {
        "sensor_tick": "0.100000",
        "role_name": "default",
        "noise_seed": "0",
        "ros_name": "sensor.other.radar",
        "horizontal_fov": "35.0",
        "points_per_second": "1500",
        "vertical_fov": "20.0",
        "range": "120.0"
      },
      "transform_carla": {
        "location": {
          "x": 98.25001525878906,
          "y": -46.37904739379883,
          "z": 0.8987155556678772
        },
        "rotation": {
          "roll": 0.4389120042324066,
          "pitch": 0.2525462210178375,
          "yaw": -166.16746520996094
        }
      },
      "matrix_world_from_sensor_carla": [
        [
          -0.9709892272949219,
          0.23904506862163544,
          0.0061112744733691216,
          98.25001525878906
        ],
        [
          -0.23908254504203796,
          -0.9709782004356384,
          -0.00638442812487483,
          -46.37904739379883
        ],
        [
          0.004407748579978943,
          -0.007660310249775648,
          0.9999609589576721,
          0.8987155556678772
        ],
        [
          0.0,
          0.0,
          0.0,
          1.0
        ]
      ],
      "matrix_world_from_sensor_bevfusion": [
        [
          -0.9709892272949219,
          -0.23904506862163544,
          0.0061112744733691216,
          98.25001525878906
        ],
        [
          0.23908254504203796,
          -0.9709782004356384,
          0.00638442812487483,
          46.37904739379883
        ],
        [
          0.004407748579978943,
          0.007660310249775648,
          0.9999609589576721,
          0.8987155556678772
        ],
        [
          0.0,
          0.0,
          0.0,
          1.0
        ]
      ],
      "matrix_ego_from_sensor_carla": [
        [
          0.7071073055267334,
          0.707106351852417,
          8.492666014880967e-10,
          1.6500015258789062
        ],
        [
          -0.707106351852417,
          0.7071073055267334,
          -3.985449748000747e-09,
          -0.7499923706054688
        ],
        [
          -3.5137128762130487e-09,
          2.905917950712933e-09,
          1.0,
          0.8999999761581421
        ],
        [
          0.0,
          0.0,
          0.0,
          1.0
        ]
      ],
      "matrix_ego_from_sensor_bevfusion": [
        [
          0.7071073055267334,
          -0.707106351852417,
          8.492666014880967e-10,
          1.6500015258789062
        ],
        [
          0.707106351852417,
          0.7071073055267334,
          3.985449748000747e-09,
          0.7499923706054688
        ],
        [
          -3.5137128762130487e-09,
          -2.905917950712933e-09,
          1.0,
          0.8999999761581421
        ],
        [
          0.0,
          0.0,
          0.0,
          1.0
        ]
      ],
      "data_path": "D:\\Agent-AI\\outputs\\s3a_ml_long_v2\\sample_000035\\radar\\RADAR_FRONT_LEFT.npy",
      "raw_layout": [
        "velocity",
        "altitude",
        "azimuth",
        "depth"
      ]
    },
    "RADAR_FRONT_RIGHT": {
      "type_id": "sensor.other.radar",
      "blueprint_attributes": {
        "sensor_tick": "0.100000",
        "role_name": "default",
        "noise_seed": "0",
        "ros_name": "sensor.other.radar",
        "horizontal_fov": "35.0",
        "points_per_second": "1500",
