{
  "schema_version": "stage1.v1",
  "sample_name": "sample_000048",
  "sequence_index": 48,
  "previous_sample_name": "sample_000047",
  "frame_id": 3968,
  "timestamp": 43.931086618453264,
  "platform_timestamp": 16816504.0710641,
  "delta_seconds": 0.10000000149011612,
  "town": "Carla/Maps/Town10HD_Opt",
  "weather": {
    "cloudiness": 20.0,
    "dust_storm": 0.0,
    "fog_density": 2.0,
    "fog_distance": 0.75,
    "fog_falloff": 0.10000000149011612,
    "mie_scattering_scale": 0.029999999329447746,
    "precipitation": 0.0,
    "precipitation_deposits": 0.0,
    "rayleigh_scattering_scale": 0.03310000151395798,
    "scattering_intensity": 1.0,
    "sun_altitude_angle": 45.0,
    "sun_azimuth_angle": 300.0,
    "wetness": 0.0,
    "wind_intensity": 10.0
  },
  "sensor_names": [
    "CAM_FRONT",
    "CAM_FRONT_RIGHT",
    "CAM_FRONT_LEFT",
    "CAM_BACK",
    "CAM_BACK_LEFT",
    "CAM_BACK_RIGHT",
    "LIDAR_TOP",
    "RADAR_FRONT",
    "RADAR_FRONT_LEFT",
    "RADAR_FRONT_RIGHT",
    "RADAR_BACK_LEFT",
    "RADAR_BACK_RIGHT"
  ],
  "camera_order_for_model": [
    "CAM_FRONT",
    "CAM_FRONT_RIGHT",
    "CAM_FRONT_LEFT",
    "CAM_BACK",
    "CAM_BACK_LEFT",
    "CAM_BACK_RIGHT"
  ],
  "radar_order_for_model": [
    "RADAR_FRONT",
    "RADAR_FRONT_LEFT",
    "RADAR_FRONT_RIGHT",
    "RADAR_BACK_LEFT",
    "RADAR_BACK_RIGHT"
  ],
  "coordinate_notes": {
    "carla_world": "left-handed x-forward y-right z-up",
    "bevfusion_lidar": "x-forward y-left z-up",
    "camera_frame_for_model": "OpenCV style x-right y-down z-forward"
  },
  "ego": {
    "actor_id": 24,
    "transform_carla": {
      "location": {
        "x": 106.42084503173828,
        "y": -39.7361946105957,
        "z": -0.0017515182262286544
      },
      "rotation": {
        "roll": -0.015869170427322388,
        "pitch": -0.735474705696106,
        "yaw": -110.90497589111328
      }
    },
    "velocity_carla": [
      -0.015320033766329288,
      -0.017124585807323456,
      -0.00036325454129837453
    ],
    "angular_velocity_carla": [
      4.570807456970215,
      -2.9101529121398926,
      -0.020306965336203575
    ],
    "matrix_world_from_ego_carla": [
      [
        -0.356789767742157,
        0.9341721534729004,
        -0.004838903900235891,
        106.42084503173828
      ],
      [
        -0.9340965151786804,
        -0.3568224310874939,
        -0.011892316862940788,
        -39.7361946105957
      ],
      [
        -0.012836102396249771,
        0.00027694646269083023,
        0.9999175667762756,
        -0.0017515182262286544
      ],
      [
        0.0,
        0.0,
        0.0,
        1.0
      ]
    ],
    "matrix_world_from_ego_bevfusion": [
      [
        -0.356789767742157,
        -0.9341721534729004,
        -0.004838903900235891,
        106.42084503173828
      ],
      [
        0.9340965151786804,
        -0.3568224310874939,
        0.011892316862940788,
        39.7361946105957
      ],
      [
        -0.012836102396249771,
        -0.00027694646269083023,
        0.9999175667762756,
        -0.0017515182262286544
      ],
      [
        0.0,
        0.0,
        0.0,
        1.0
      ]
    ]
  },
  "sensors": {
    "CAM_FRONT": {
      "type_id": "sensor.camera.rgb",
      "blueprint_attributes": {
        "role_name": "front",
        "ros_name": "sensor.camera.rgb",
        "chromatic_aberration_offset": "0.0",
        "sensor_tick": "0.100000",
        "fstop": "1.4",
        "image_size_x": "960",
        "image_size_y": "540",
        "fov": "70.00",
        "lens_circle_falloff": "5.0",
        "lens_circle_multiplier": "0.0",
        "exposure_compensation": "0.0",
        "lens_y_size": "0.08",
        "lens_k": "-1.0",
        "exposure_mode": "histogram",
        "lens_kcube": "0.0",
        "lens_x_size": "0.08",
        "exposure_max_bright": "12.0",
        "shutter_speed": "200.0",
        "bloom_intensity": "0.675",
        "iso": "100.0",
        "enable_postprocess_effects": "false",
        "gamma": "2.2",
        "motion_blur_intensity": "0.0",
        "motion_blur_max_distortion": "0.35",
        "lens_flare_intensity": "0.1",
        "motion_blur_min_object_screen_size": "0.1",
        "exposure_min_bright": "10.0",
        "exposure_speed_up": "3.0",
        "exposure_speed_down": "1.0",
        "tint": "0.0",
        "calibration_constant": "16.0",
        "focal_distance": "1000.0",
        "min_fstop": "1.2",
        "blade_count": "5",
        "blur_amount": "0.0",
        "blur_radius": "0.0",
        "slope": "0.88",
        "toe": "0.55",
        "white_clip": "0.04",
        "shoulder": "0.26",
        "black_clip": "0.0",
        "temp": "6500.0",
        "chromatic_aberration_intensity": "0.0"
      },
      "transform_carla": {
        "location": {
          "x": 105.8595962524414,
          "y": -41.20425796508789,
          "z": 1.6782124042510986
        },
        "rotation": {
          "roll": -0.015869170427322388,
          "pitch": -0.735474705696106,
          "yaw": -110.90497589111328
        }
      },
      "matrix_world_from_sensor_carla": [
        [
          -0.356789767742157,
          0.9341721534729004,
          -0.004838903900235891,
          105.8595962524414
        ],
        [
          -0.9340965151786804,
          -0.3568224310874939,
          -0.011892316862940788,
          -41.20425796508789
        ],
        [
          -0.012836102396249771,
          0.00027694646269083023,
          0.9999175667762756,
          1.6782124042510986
        ],
        [
          0.0,
          0.0,
          0.0,
          1.0
        ]
      ],
      "matrix_world_from_sensor_bevfusion": [
        [
          0.9341721534729004,
          0.004838903900235891,
          -0.356789767742157,
          105.8595962524414
        ],
        [
          0.3568224310874939,
          -0.011892316862940788,
          0.9340965151786804,
          41.20425796508789
        ],
        [
          0.00027694646269083023,
          -0.9999175667762756,
          -0.012836102396249771,
          1.6782124042510986
        ],
        [
          0.0,
          0.0,
          0.0,
          1.0
        ]
      ],
      "matrix_ego_from_sensor_carla": [
        [
          0.9999999403953552,
          1.979840041910208e-10,
          -7.925435308031581e-10,
          1.549994707107544
        ],
        [
          -3.728513497947006e-09,
          1.0,
          -7.038230415146174e-11,
          0.0
        ],
        [
          1.3885581573447325e-10,
          -3.032249451528912e-10,
          1.0,
          1.6999999284744263
        ],
        [
          0.0,
          0.0,
          0.0,
          1.0
        ]
      ],
      "matrix_ego_from_sensor_bevfusion": [
        [
          1.979840041910208e-10,
          7.925435308031581e-10,
          0.9999999403953552,
          1.549994707107544
        ],
        [
          -1.0,
          -7.038230415146174e-11,
          3.728513497947006e-09,
          0.0
        ],
        [
          -3.032249451528912e-10,
          -1.0,
          1.3885581573447325e-10,
          1.6999999284744263
        ],
        [
          0.0,
          0.0,
          0.0,
          1.0
        ]
      ],
      "camera_intrinsics": [
        [
          685.5110473632812,
          0.0,
          480.0
        ],
        [
          0.0,
          685.5110473632812,
          270.0
        ],
        [
          0.0,
          0.0,
          1.0
        ]
      ],
      "data_path": "D:\\Agent-AI\\outputs\\s3a_left_v3\\sample_000048\\images\\CAM_FRONT.png",
      "raw_layout": "bgra8"
    },
    "CAM_FRONT_RIGHT": {
      "type_id": "sensor.camera.rgb",
      "blueprint_attributes": {
        "role_name": "front",
        "ros_name": "sensor.camera.rgb",
        "chromatic_aberration_offset": "0.0",
        "sensor_tick": "0.100000",
        "fstop": "1.4",
        "image_size_x": "960",
        "image_size_y": "540",
        "fov": "70.00",
        "lens_circle_falloff": "5.0",
        "lens_circle_multiplier": "0.0",
        "exposure_compensation": "0.0",
        "lens_y_size": "0.08",
        "lens_k": "-1.0",
        "exposure_mode": "histogram",
        "lens_kcube": "0.0",
        "lens_x_size": "0.08",
        "exposure_max_bright": "12.0",
        "shutter_speed": "200.0",
        "bloom_intensity": "0.675",
        "iso": "100.0",
        "enable_postprocess_effects": "false",
        "gamma": "2.2",
        "motion_blur_intensity": "0.0",
        "motion_blur_max_distortion": "0.35",
        "lens_flare_intensity": "0.1",
        "motion_blur_min_object_screen_size": "0.1",
        "exposure_min_bright": "10.0",
        "exposure_speed_up": "3.0",
        "exposure_speed_down": "1.0",
        "tint": "0.0",
        "calibration_constant": "16.0",
        "focal_distance": "1000.0",
        "min_fstop": "1.2",
        "blade_count": "5",
        "blur_amount": "0.0",
        "blur_radius": "0.0",
        "slope": "0.88",
        "toe": "0.55",
        "white_clip": "0.04",
        "shoulder": "0.26",
        "black_clip": "0.0",
        "temp": "6500.0",
        "chromatic_aberration_intensity": "0.0"
      },
      "transform_carla": {
        "location": {
          "x": 106.46258544921875,
          "y": -41.16698455810547,
          "z": 1.6815736293792725
        },
        "rotation": {
          "roll": -0.6115767359733582,
          "pitch": -0.40884828567504883,
          "yaw": -55.90290451049805
        }
      },
      "matrix_world_from_sensor_carla": [
        [
          0.5605828166007996,
          0.8280842304229736,
          -0.004838856402784586,
          106.46258544921875
        ],
        [
          -0.8280676603317261,
          0.5605020523071289,
          -0.01189236156642437,
          -41.16698455810547
        ],
        [
          -0.007135688327252865,
          0.010673552751541138,
          0.9999175667762756,
          1.6815736293792725
        ],
        [
          0.0,
          0.0,
          0.0,
          1.0
        ]
      ],
      "matrix_world_from_sensor_bevfusion": [
        [
          0.8280842304229736,
          0.004838856402784586,
          0.5605828166007996,
          106.46258544921875
        ],
        [
          -0.5605020523071289,
          -0.01189236156642437,
          0.8280676603317261,
          41.16698455810547
        ],
        [
          0.010673552751541138,
          -0.9999175667762756,
          -0.007135688327252865,
          1.6815736293792725
        ],
        [
          0.0,
          0.0,
          0.0,
          1.0
        ]
      ],
      "matrix_ego_from_sensor_carla": [
        [
          0.5735765099525452,
          -0.8191519975662231,
          2.4353166594437425e-08,
          1.299997091293335
        ],
        [
          0.8191520571708679,
          0.5735765099525452,
          6.0582003413856e-08,
          0.5500030517578125
        ],
        [
          -6.324234647081539e-08,
          -1.6519335233056154e-08,
          1.0,
          1.6999998092651367
        ],
        [
          0.0,
          0.0,
          0.0,
          1.0
        ]
      ],
      "matrix_ego_from_sensor_bevfusion": [
        [
          -0.8191519975662231,
          -2.4353166594437425e-08,
          0.5735765099525452,
          1.299997091293335
        ],
        [
          -0.5735765099525452,
          6.0582003413856e-08,
          -0.8191520571708679,
          -0.5500030517578125
        ],
        [
          -1.6519335233056154e-08,
          -1.0,
          -6.324234647081539e-08,
          1.6999998092651367
        ],
        [
          0.0,
          0.0,
          0.0,
          1.0
        ]
      ],
      "camera_intrinsics": [
        [
          685.5110473632812,
          0.0,
          480.0
        ],
        [
          0.0,
          685.5110473632812,
          270.0
        ],
        [
          0.0,
          0.0,
          1.0
        ]
      ],
      "data_path": "D:\\Agent-AI\\outputs\\s3a_left_v3\\sample_000048\\images\\CAM_FRONT_RIGHT.png",
      "raw_layout": "bgra8"
    },
    "CAM_FRONT_LEFT": {
      "type_id": "sensor.camera.rgb",
      "blueprint_attributes": {
        "role_name": "front",
        "ros_name": "sensor.camera.rgb",
        "chromatic_aberration_offset": "0.0",
        "sensor_tick": "0.100000",
        "fstop": "1.4",
        "image_size_x": "960",
        "image_size_y": "540",
        "fov": "70.00",
        "lens_circle_falloff": "5.0",
        "lens_circle_multiplier": "0.0",
        "exposure_compensation": "0.0",
        "lens_y_size": "0.08",
        "lens_k": "-1.0",
        "exposure_mode": "histogram",
        "lens_kcube": "0.0",
        "lens_x_size": "0.08",
        "exposure_max_bright": "12.0",
        "shutter_speed": "200.0",
        "bloom_intensity": "0.675",
        "iso": "100.0",
        "enable_postprocess_effects": "false",
        "gamma": "2.2",
        "motion_blur_intensity": "0.0",
        "motion_blur_max_distortion": "0.35",
        "lens_flare_intensity": "0.1",
        "motion_blur_min_object_screen_size": "0.1",
        "exposure_min_bright": "10.0",
        "exposure_speed_up": "3.0",
        "exposure_speed_down": "1.0",
        "tint": "0.0",
        "calibration_constant": "16.0",
        "focal_distance": "1000.0",
        "min_fstop": "1.2",
        "blade_count": "5",
        "blur_amount": "0.0",
        "blur_radius": "0.0",
        "slope": "0.88",
        "toe": "0.55",
        "white_clip": "0.04",
        "shoulder": "0.26",
        "black_clip": "0.0",
        "temp": "6500.0",
        "chromatic_aberration_intensity": "0.0"
      },
      "transform_carla": {
        "location": {
          "x": 105.43499755859375,
          "y": -40.77448272705078,
          "z": 1.6812690496444702
        },
        "rotation": {
          "roll": 0.5933744311332703,
          "pitch": -0.43483713269233704,
          "yaw": -165.90731811523438
        }
      },
      "matrix_world_from_sensor_carla": [
        [
          -0.9698752164840698,
          0.24355432391166687,
          -0.0048388270661234856,
          105.43499755859375
        ],
        [
          -0.24348415434360504,
          -0.9698319435119629,
          -0.011892285197973251,
          -40.77448272705078
        ],
        [
          -0.00758926710113883,
          -0.010355854406952858,
          0.9999175667762756,
          1.6812690496444702
        ],
        [
          0.0,
          0.0,
          0.0,
          1.0
        ]
      ],
      "matrix_world_from_sensor_bevfusion": [
        [
          0.24355432391166687,
          0.0048388270661234856,
          -0.9698752164840698,
          105.43499755859375
        ],
        [
          0.9698319435119629,
          -0.011892285197973251,
          0.24348415434360504,
          40.77448272705078
        ],
        [
          -0.010355854406952858,
          -0.9999175667762756,
          -0.00758926710113883,
          1.6812690496444702
        ],
        [
          0.0,
          0.0,
          0.0,
          1.0
        ]
      ],
      "matrix_ego_from_sensor_carla": [
        [
          0.5735766291618347,
          0.8191518783569336,
          -5.7603219971724684e-08,
          1.2999969720840454
        ],
        [
          -0.8191519379615784,
          0.5735766887664795,
          6.03200689397454e-08,
          -0.5499954223632812
        ],
        [
          8.264669304480776e-08,
          1.268217797445459e-08,
          1.0,
          1.6999998092651367
        ],
        [
          0.0,
          0.0,
          0.0,
          1.0
        ]
      ],
      "matrix_ego_from_sensor_bevfusion": [
        [
          0.8191518783569336,
          5.7603219971724684e-08,
          0.5735766291618347,
          1.2999969720840454
        ],
        [
          -0.5735766887664795,
          6.03200689397454e-08,
          0.8191519379615784,
          0.5499954223632812
        ],
        [
          1.268217797445459e-08,
          -1.0,
          8.264669304480776e-08,
          1.6999998092651367
        ],
        [
          0.0,
          0.0,
          0.0,
          1.0
        ]
      ],
      "camera_intrinsics": [
        [
          685.5110473632812,
          0.0,
          480.0
        ],
        [
          0.0,
          685.5110473632812,
          270.0
        ],
        [
          0.0,
          0.0,
          1.0
        ]
      ],
      "data_path": "D:\\Agent-AI\\outputs\\s3a_left_v3\\sample_000048\\images\\CAM_FRONT_LEFT.png",
      "raw_layout": "bgra8"
    },
    "CAM_BACK": {
      "type_id": "sensor.camera.rgb",
      "blueprint_attributes": {
        "role_name": "front",
        "ros_name": "sensor.camera.rgb",
        "chromatic_aberration_offset": "0.0",
        "sensor_tick": "0.100000",
        "fstop": "1.4",
        "image_size_x": "960",
        "image_size_y": "540",
        "fov": "70.00",
        "lens_circle_falloff": "5.0",
        "lens_circle_multiplier": "0.0",
        "exposure_compensation": "0.0",
        "lens_y_size": "0.08",
        "lens_k": "-1.0",
        "exposure_mode": "histogram",
        "lens_kcube": "0.0",
        "lens_x_size": "0.08",
        "exposure_max_bright": "12.0",
        "shutter_speed": "200.0",
        "bloom_intensity": "0.675",
        "iso": "100.0",
        "enable_postprocess_effects": "false",
        "gamma": "2.2",
        "motion_blur_intensity": "0.0",
        "motion_blur_max_distortion": "0.35",
        "lens_flare_intensity": "0.1",
        "motion_blur_min_object_screen_size": "0.1",
        "exposure_min_bright": "10.0",
        "exposure_speed_up": "3.0",
        "exposure_speed_down": "1.0",
        "tint": "0.0",
        "calibration_constant": "16.0",
        "focal_distance": "1000.0",
        "min_fstop": "1.2",
        "blade_count": "5",
        "blur_amount": "0.0",
        "blur_radius": "0.0",
        "slope": "0.88",
        "toe": "0.55",
        "white_clip": "0.04",
        "shoulder": "0.26",
        "black_clip": "0.0",
        "temp": "6500.0",
        "chromatic_aberration_intensity": "0.0"
      },
      "transform_carla": {
        "location": {
          "x": 106.96564483642578,
          "y": -38.30855941772461,
          "z": 1.7180042266845703
        },
        "rotation": {
          "roll": 0.0158693827688694,
          "pitch": 0.735474705696106,
          "yaw": 69.09502410888672
        }
      },
      "matrix_world_from_sensor_carla": [
        [
          0.3567897081375122,
          -0.9341722130775452,
          -0.004838906694203615,
          106.96564483642578
        ],
        [
          0.9340965747833252,
          0.3568223714828491,
          -0.011892316862940788,
          -38.30855941772461
        ],
        [
          0.012836102396249771,
          -0.00027695015887729824,
          0.9999175667762756,
          1.7180042266845703
        ],
        [
          0.0,
          0.0,
          0.0,
          1.0
        ]
      ],
      "matrix_world_from_sensor_bevfusion": [
        [
          -0.9341722130775452,
          0.004838906694203615,
          0.3567897081375122,
          106.96564483642578
        ],
        [
          -0.3568223714828491,
          -0.011892316862940788,
          -0.9340965747833252,
          38.30855941772461
        ],
        [
          -0.00027695015887729824,
          -0.9999175667762756,
          0.012836102396249771,
          1.7180042266845703
        ],
        [
          0.0,
          0.0,
          0.0,
          1.0
        ]
      ],
      "matrix_ego_from_sensor_carla": [
        [
          -1.0,
          8.532831685670317e-08,
          1.0701015629166477e-09,
          -1.5500046014785767
        ],
        [
          -7.714443484019284e-08,
          -1.0000001192092896,
          -2.398688803140203e-09,
          0.0
        ],
        [
          -1.3885581573447325e-10,
          -2.199399773417099e-09,
          1.0,
          1.6999998092651367
        ],
        [
          0.0,
          0.0,
          0.0,
          1.0
        ]
      ],
      "matrix_ego_from_sensor_bevfusion": [
        [
          8.532831685670317e-08,
          -1.0701015629166477e-09,
          -1.0,
          -1.5500046014785767
        ],
        [
          1.0000001192092896,
          -2.398688803140203e-09,
          7.714443484019284e-08,
          0.0
        ],
        [
          -2.199399773417099e-09,
          -1.0,
          -1.3885581573447325e-10,
          1.6999998092651367
        ],
        [
          0.0,
          0.0,
          0.0,
          1.0
        ]
      ],
      "camera_intrinsics": [
        [
          685.5110473632812,
          0.0,
          480.0
        ],
        [
          0.0,
          685.5110473632812,
          270.0
        ],
        [
          0.0,
          0.0,
          1.0
        ]
      ],
      "data_path": "D:\\Agent-AI\\outputs\\s3a_left_v3\\sample_000048\\images\\CAM_BACK.png",
      "raw_layout": "bgra8"
    },
    "CAM_BACK_LEFT": {
      "type_id": "sensor.camera.rgb",
      "blueprint_attributes": {
        "role_name": "front",
        "ros_name": "sensor.camera.rgb",
        "chromatic_aberration_offset": "0.0",
        "sensor_tick": "0.100000",
        "fstop": "1.4",
        "image_size_x": "960",
        "image_size_y": "540",
        "fov": "70.00",
        "lens_circle_falloff": "5.0",
        "lens_circle_multiplier": "0.0",
        "exposure_compensation": "0.0",
        "lens_y_size": "0.08",
        "lens_k": "-1.0",
        "exposure_mode": "histogram",
        "lens_kcube": "0.0",
        "lens_x_size": "0.08",
        "exposure_max_bright": "12.0",
        "shutter_speed": "200.0",
        "bloom_intensity": "0.675",
        "iso": "100.0",
        "enable_postprocess_effects": "false",
        "gamma": "2.2",
        "motion_blur_intensity": "0.0",
        "motion_blur_max_distortion": "0.35",
        "lens_flare_intensity": "0.1",
        "motion_blur_min_object_screen_size": "0.1",
        "exposure_min_bright": "10.0",
        "exposure_speed_up": "3.0",
        "exposure_speed_down": "1.0",
        "tint": "0.0",
        "calibration_constant": "16.0",
        "focal_distance": "1000.0",
        "min_fstop": "1.2",
        "blade_count": "5",
        "blur_amount": "0.0",
        "blur_radius": "0.0",
        "slope": "0.88",
        "toe": "0.55",
        "white_clip": "0.04",
        "shoulder": "0.26",
        "black_clip": "0.0",
        "temp": "6500.0",
        "chromatic_aberration_intensity": "0.0"
      },
      "transform_carla": {
        "location": {
          "x": 106.36265563964844,
          "y": -38.34583282470703,
          "z": 1.714642882347107
        },
        "rotation": {
          "roll": 0.6115767359733582,
          "pitch": 0.40884828567504883,
          "yaw": 124.09709930419922
        }
      },
      "matrix_world_from_sensor_carla": [
        [
          -0.56058269739151,
          -0.8280842304229736,
          -0.004838857334107161,
          106.36265563964844
        ],
        [
          0.8280676603317261,
          -0.5605019330978394,
          -0.01189235970377922,
          -38.34583282470703
        ],
        [
          0.007135688327252865,
          -0.010673552751541138,
          0.9999175667762756,
          1.714642882347107
        ],
        [
          0.0,
          0.0,
          0.0,
          1.0
        ]
      ],
      "matrix_world_from_sensor_bevfusion": [
        [
          -0.8280842304229736,
          0.004838857334107161,
          -0.56058269739151,
          106.36265563964844
        ],
        [
          0.5605019330978394,
          -0.01189235970377922,
          -0.8280676603317261,
          38.34583282470703
        ],
        [
          -0.010673552751541138,
          -0.9999175667762756,
          0.007135688327252865,
          1.714642882347107
        ],
        [
          0.0,
          0.0,
          0.0,
          1.0
        ]
      ],
      "matrix_ego_from_sensor_carla": [
        [
          -0.5735765695571899,
          0.8191518783569336,
          2.3421844019821947e-08,
          -1.300003170967102
        ],
        [
          -0.8191519975662231,
          -0.5735765695571899,
          5.898128918602197e-08,
          -0.5499954223632812
        ],
        [
          6.231102389619991e-08,
          1.4656690083825197e-08,
          1.0,
          1.6999998092651367
        ],
        [
          0.0,
          0.0,
          0.0,
          1.0
        ]
      ],
      "matrix_ego_from_sensor_bevfusion": [
        [
          0.8191518783569336,
          -2.3421844019821947e-08,
          -0.5735765695571899,
          -1.300003170967102
        ],
        [
          0.5735765695571899,
          5.898128918602197e-08,
          0.8191519975662231,
          0.5499954223632812
        ],
        [
          1.4656690083825197e-08,
          -1.0,
          6.231102389619991e-08,
          1.6999998092651367
        ],
        [
          0.0,
          0.0,
          0.0,
          1.0
        ]
      ],
      "camera_intrinsics": [
        [
          685.5110473632812,
          0.0,
          480.0
        ],
        [
          0.0,
          685.5110473632812,
          270.0
        ],
        [
          0.0,
          0.0,
          1.0
        ]
      ],
      "data_path": "D:\\Agent-AI\\outputs\\s3a_left_v3\\sample_000048\\images\\CAM_BACK_LEFT.png",
      "raw_layout": "bgra8"
    },
    "CAM_BACK_RIGHT": {
      "type_id": "sensor.camera.rgb",
      "blueprint_attributes": {
        "role_name": "front",
        "ros_name": "sensor.camera.rgb",
        "chromatic_aberration_offset": "0.0",
        "sensor_tick": "0.100000",
        "fstop": "1.4",
        "image_size_x": "960",
        "image_size_y": "540",
        "fov": "70.00",
        "lens_circle_falloff": "5.0",
        "lens_circle_multiplier": "0.0",
        "exposure_compensation": "0.0",
        "lens_y_size": "0.08",
        "lens_k": "-1.0",
        "exposure_mode": "histogram",
        "lens_kcube": "0.0",
        "lens_x_size": "0.08",
        "exposure_max_bright": "12.0",
        "shutter_speed": "200.0",
        "bloom_intensity": "0.675",
        "iso": "100.0",
        "enable_postprocess_effects": "false",
        "gamma": "2.2",
        "motion_blur_intensity": "0.0",
        "motion_blur_max_distortion": "0.35",
        "lens_flare_intensity": "0.1",
        "motion_blur_min_object_screen_size": "0.1",
        "exposure_min_bright": "10.0",
        "exposure_speed_up": "3.0",
        "exposure_speed_down": "1.0",
        "tint": "0.0",
        "calibration_constant": "16.0",
        "focal_distance": "1000.0",
        "min_fstop": "1.2",
        "blade_count": "5",
        "blur_amount": "0.0",
        "blur_radius": "0.0",
        "slope": "0.88",
        "toe": "0.55",
        "white_clip": "0.04",
        "shoulder": "0.26",
        "black_clip": "0.0",
        "temp": "6500.0",
        "chromatic_aberration_intensity": "0.0"
      },
      "transform_carla": {
        "location": {
          "x": 107.39024353027344,
          "y": -38.73833465576172,
          "z": 1.7149475812911987
        },
        "rotation": {
          "roll": -0.593374490737915,
          "pitch": 0.43483713269233704,
          "yaw": 14.09266185760498
        }
      },
      "matrix_world_from_sensor_carla": [
        [
          0.9698753356933594,
          -0.24355396628379822,
          -0.004838831722736359,
          107.39024353027344
        ],
        [
          0.2434837967157364,
          0.9698320627212524,
          -0.011892284266650677,
          -38.73833465576172
        ],
        [
          0.00758926710113883,
          0.010355855338275433,
          0.9999175667762756,
          1.7149475812911987
        ],
        [
          0.0,
          0.0,
          0.0,
          1.0
        ]
      ],
      "matrix_world_from_sensor_bevfusion": [
        [
          -0.24355396628379822,
          0.004838831722736359,
          0.9698753356933594,
          107.39024353027344
        ],
        [
          -0.9698320627212524,
          -0.011892284266650677,
          -0.2434837967157364,
          38.73833465576172
        ],
        [
          0.010355855338275433,
          -0.9999175667762756,
          0.00758926710113883,
          1.7149475812911987
        ],
        [
          0.0,
          0.0,
          0.0,
          1.0
        ]
      ],
      "matrix_ego_from_sensor_carla": [
        [
          -0.5735763311386108,
          -0.8191521167755127,
          -5.6671897397109205e-08,
          -1.3000067472457886
        ],
        [
          0.8191521763801575,
          -0.5735763907432556,
          5.5808971666237994e-08,
          0.5500030517578125
        ],
        [
          -7.938706403365359e-08,
          -1.547622296982354e-08,
          1.0,
          1.6999999284744263
        ],
        [
          0.0,
          0.0,
          0.0,
          1.0
        ]
      ],
      "matrix_ego_from_sensor_bevfusion": [
        [
          -0.8191521167755127,
          5.6671897397109205e-08,
          -0.5735763311386108,
          -1.3000067472457886
        ],
        [
          0.5735763907432556,
          5.5808971666237994e-08,
          -0.8191521763801575,
          -0.5500030517578125
        ],
        [
          -1.547622296982354e-08,
          -1.0,
          -7.938706403365359e-08,
          1.6999999284744263
        ],
        [
          0.0,
          0.0,
          0.0,
          1.0
        ]
      ],
      "camera_intrinsics": [
        [
          685.5110473632812,
          0.0,
          480.0
        ],
        [
          0.0,
          685.5110473632812,
          270.0
        ],
        [
          0.0,
          0.0,
          1.0
        ]
      ],
      "data_path": "D:\\Agent-AI\\outputs\\s3a_left_v3\\sample_000048\\images\\CAM_BACK_RIGHT.png",
      "raw_layout": "bgra8"
    },
    "LIDAR_TOP": {
      "type_id": "sensor.lidar.ray_cast",
      "blueprint_attributes": {
        "atmosphere_attenuation_rate": "0.004",
        "role_name": "front",
        "noise_seed": "0",
        "upper_fov": "10.0",
        "ros_name": "sensor.lidar.ray_cast",
        "sensor_tick": "0.100000",
        "channels": "32",
        "range": "120.0",
        "points_per_second": "360000",
        "lower_fov": "-30.0",
        "rotation_frequency": "10.000000",
        "horizontal_fov": "360.0",
        "dropoff_general_rate": "0.0",
        "dropoff_intensity_limit": "1.0",
        "noise_stddev": "0.0",
        "dropoff_zero_intensity": "0.0"
      },
      "transform_carla": {
        "location": {
          "x": 106.41020202636719,
          "y": -39.76235580444336,
          "z": 2.1980671882629395
        },
        "rotation": {
          "roll": -0.015869170427322388,
          "pitch": -0.735474705696106,
          "yaw": -110.90497589111328
        }
      },
      "matrix_world_from_sensor_carla": [
        [
          -0.356789767742157,
          0.9341721534729004,
          -0.004838903900235891,
          106.41020202636719
        ],
        [
          -0.9340965151786804,
          -0.3568224310874939,
          -0.011892316862940788,
          -39.76235580444336
        ],
        [
          -0.012836102396249771,
          0.00027694646269083023,
          0.9999175667762756,
          2.1980671882629395
        ],
        [
          0.0,
          0.0,
          0.0,
          1.0
        ]
      ],
      "matrix_world_from_sensor_bevfusion": [
        [
          -0.356789767742157,
          -0.9341721534729004,
          -0.004838903900235891,
          106.41020202636719
        ],
        [
          0.9340965151786804,
          -0.3568224310874939,
          0.011892316862940788,
          39.76235580444336
        ],
        [
          -0.012836102396249771,
          -0.00027694646269083023,
          0.9999175667762756,
          2.1980671882629395
        ],
        [
          0.0,
          0.0,
          0.0,
          1.0
        ]
      ],
      "matrix_ego_from_sensor_carla": [
        [
          0.9999999403953552,
          1.979840041910208e-10,
          -7.925435308031581e-10,
          -3.2782554626464844e-06
        ],
        [
          -3.728513497947006e-09,
          1.0,
          -7.038230415146174e-11,
          7.62939453125e-06
        ],
        [
          1.3885581573447325e-10,
          -3.032249451528912e-10,
          1.0,
          2.1999998092651367
        ],
        [
          0.0,
          0.0,
          0.0,
          1.0
        ]
      ],
      "matrix_ego_from_sensor_bevfusion": [
        [
          0.9999999403953552,
          -1.979840041910208e-10,
          -7.925435308031581e-10,
          -3.2782554626464844e-06
        ],
        [
          3.728513497947006e-09,
          1.0,
          7.038230415146174e-11,
          -7.62939453125e-06
        ],
        [
          1.3885581573447325e-10,
          3.032249451528912e-10,
          1.0,
          2.1999998092651367
        ],
        [
          0.0,
          0.0,
          0.0,
          1.0
        ]
      ],
      "data_path": "D:\\Agent-AI\\outputs\\s3a_left_v3\\sample_000048\\lidar\\LIDAR_TOP.npy",
      "raw_layout": [
        "x",
        "y",
        "z",
        "intensity"
      ]
    },
    "RADAR_FRONT": {
      "type_id": "sensor.other.radar",
      "blueprint_attributes": {
        "sensor_tick": "0.100000",
        "role_name": "default",
        "noise_seed": "0",
        "ros_name": "sensor.other.radar",
        "horizontal_fov": "35.0",
        "points_per_second": "1500",
        "vertical_fov": "20.0",
        "range": "120.0"
      },
      "transform_carla": {
        "location": {
          "x": 105.70291137695312,
          "y": -41.61508560180664,
          "z": 0.8725020885467529
        },
        "rotation": {
          "roll": -0.015869170427322388,
          "pitch": -0.735474705696106,
          "yaw": -110.90497589111328
        }
      },
      "matrix_world_from_sensor_carla": [
        [
          -0.356789767742157,
          0.9341721534729004,
          -0.004838903900235891,
          105.70291137695312
        ],
        [
          -0.9340965151786804,
          -0.3568224310874939,
          -0.011892316862940788,
          -41.61508560180664
        ],
        [
          -0.012836102396249771,
          0.00027694646269083023,
          0.9999175667762756,
          0.8725020885467529
        ],
        [
          0.0,
          0.0,
          0.0,
          1.0
        ]
      ],
      "matrix_world_from_sensor_bevfusion": [
        [
          -0.356789767742157,
          -0.9341721534729004,
          -0.004838903900235891,
          105.70291137695312
        ],
        [
          0.9340965151786804,
          -0.3568224310874939,
          0.011892316862940788,
          41.61508560180664
        ],
        [
          -0.012836102396249771,
          -0.00027694646269083023,
          0.9999175667762756,
          0.8725020885467529
        ],
        [
          0.0,
          0.0,
          0.0,
          1.0
        ]
      ],
      "matrix_ego_from_sensor_carla": [
        [
          0.9999999403953552,
          1.979840041910208e-10,
          -7.925435308031581e-10,
          1.999993920326233
        ],
        [
          -3.728513497947006e-09,
          1.0,
          -7.038230415146174e-11,
          0.0
        ],
        [
          1.3885581573447325e-10,
          -3.032249451528912e-10,
          1.0,
          0.8999999165534973
        ],
        [
          0.0,
          0.0,
          0.0,
          1.0
        ]
      ],
      "matrix_ego_from_sensor_bevfusion": [
        [
          0.9999999403953552,
          -1.979840041910208e-10,
          -7.925435308031581e-10,
          1.999993920326233
        ],
        [
          3.728513497947006e-09,
          1.0,
          7.038230415146174e-11,
          0.0
        ],
        [
          1.3885581573447325e-10,
          3.032249451528912e-10,
          1.0,
          0.8999999165534973
        ],
        [
          0.0,
          0.0,
          0.0,
          1.0
        ]
      ],
      "data_path": "D:\\Agent-AI\\outputs\\s3a_left_v3\\sample_000048\\radar\\RADAR_FRONT.npy",
      "raw_layout": [
        "velocity",
        "altitude",
        "azimuth",
        "depth"
      ]
    },
    "RADAR_FRONT_LEFT": {
      "type_id": "sensor.other.radar",
      "blueprint_attributes": {
        "sensor_tick": "0.100000",
        "role_name": "default",
        "noise_seed": "0",
        "ros_name": "sensor.other.radar",
        "horizontal_fov": "35.0",
        "points_per_second": "1500",
        "vertical_fov": "20.0",
        "range": "120.0"
      },
      "transform_carla": {
        "location": {
          "x": 105.12715911865234,
          "y": -41.02053451538086,
          "z": 0.8767870664596558
        },
        "rotation": {
          "roll": 0.5088523626327515,
          "pitch": -0.5312725901603699,
          "yaw": -155.90745544433594
        }
      },
      "matrix_world_from_sensor_carla": [
        [
          -0.9128480553627014,
          0.4082707464694977,
          -0.004838910419493914,
          105.12715911865234
        ],
        [
          -0.4081941246986389,
          -0.912817656993866,
          -0.011892302893102169,
          -41.02053451538086
        ],
        [
          -0.009272322990000248,
          -0.008880650624632835,
          0.9999175667762756,
          0.8767870664596558
        ],
        [
          0.0,
          0.0,
          0.0,
          1.0
        ]
      ],
      "matrix_world_from_sensor_bevfusion": [
        [
          -0.9128480553627014,
          -0.4082707464694977,
          -0.004838910419493914,
          105.12715911865234
        ],
        [
          0.4081941246986389,
          -0.912817656993866,
          0.011892302893102169,
          41.02053451538086
        ],
        [
          -0.009272322990000248,
          0.008880650624632835,
          0.9999175667762756,
          0.8767870664596558
        ],
        [
          0.0,
          0.0,
          0.0,
          1.0
        ]
      ],
      "matrix_ego_from_sensor_carla": [
        [
          0.7071065902709961,
          0.7071069478988647,
          -1.1037092129129178e-08,
          1.6499922275543213
        ],
        [
          -0.7071070075035095,
          0.7071065902709961,
          -1.1129837496071104e-08,
          -0.75
        ],
        [
          -2.683582800422357e-10,
          1.5873599323867893e-08,
          1.0,
          0.8999999761581421
        ],
        [
          0.0,
          0.0,
          0.0,
          1.0
        ]
      ],
      "matrix_ego_from_sensor_bevfusion": [
        [
          0.7071065902709961,
          -0.7071069478988647,
          -1.1037092129129178e-08,
          1.6499922275543213
        ],
        [
          0.7071070075035095,
          0.7071065902709961,
          1.1129837496071104e-08,
          0.75
        ],
        [
          -2.683582800422357e-10,
          -1.5873599323867893e-08,
          1.0,
          0.8999999761581421
        ],
        [
          0.0,
          0.0,
          0.0,
          1.0
        ]
      ],
      "data_path": "D:\\Agent-AI\\outputs\\s3a_left_v3\\sample_000048\\radar\\RADAR_FRONT_LEFT.npy",
      "raw_layout": [
        "velocity",
        "altitude",
        "azimuth",
        "depth"
      ]
    },
    "RADAR_FRONT_RIGHT": {
      "type_id": "sensor.other.radar",
      "blueprint_attributes": {
        "sensor_tick": "0.100000",
        "role_name": "default",
        "noise_seed": "0",
        "ros_name": "sensor.other.radar",
        "horizontal_fov": "35.0",
