{
  "schema_version": "stage1.v1",
  "sample_name": "sample_000105",
  "sequence_index": 105,
  "previous_sample_name": "sample_000104",
  "frame_id": 60106,
  "timestamp": 445.5197009071708,
  "platform_timestamp": 16814610.6285047,
  "delta_seconds": 0.10000000149011612,
  "town": "Carla/Maps/Town10HD_Opt",
  "weather": {
    "cloudiness": 20.0,
    "dust_storm": 0.0,
    "fog_density": 2.0,
    "fog_distance": 0.75,
    "fog_falloff": 0.10000000149011612,
    "mie_scattering_scale": 0.029999999329447746,
    "precipitation": 0.0,
    "precipitation_deposits": 0.0,
    "rayleigh_scattering_scale": 0.03310000151395798,
    "scattering_intensity": 1.0,
    "sun_altitude_angle": 45.0,
    "sun_azimuth_angle": 300.0,
    "wetness": 0.0,
    "wind_intensity": 10.0
  },
  "sensor_names": [
    "CAM_FRONT",
    "CAM_FRONT_RIGHT",
    "CAM_FRONT_LEFT",
    "CAM_BACK",
    "CAM_BACK_LEFT",
    "CAM_BACK_RIGHT",
    "LIDAR_TOP",
    "RADAR_FRONT",
    "RADAR_FRONT_LEFT",
    "RADAR_FRONT_RIGHT",
    "RADAR_BACK_LEFT",
    "RADAR_BACK_RIGHT"
  ],
  "camera_order_for_model": [
    "CAM_FRONT",
    "CAM_FRONT_RIGHT",
    "CAM_FRONT_LEFT",
    "CAM_BACK",
    "CAM_BACK_LEFT",
    "CAM_BACK_RIGHT"
  ],
  "radar_order_for_model": [
    "RADAR_FRONT",
    "RADAR_FRONT_LEFT",
    "RADAR_FRONT_RIGHT",
    "RADAR_BACK_LEFT",
    "RADAR_BACK_RIGHT"
  ],
  "coordinate_notes": {
    "carla_world": "left-handed x-forward y-right z-up",
    "bevfusion_lidar": "x-forward y-left z-up",
    "camera_frame_for_model": "OpenCV style x-right y-down z-forward"
  },
  "ego": {
    "actor_id": 28,
    "transform_carla": {
      "location": {
        "x": 77.28752899169922,
        "y": -62.279911041259766,
        "z": -0.004495697095990181
      },
      "rotation": {
        "roll": -0.00015258787607308477,
        "pitch": -0.0013455471489578485,
        "yaw": -161.72349548339844
      }
    },
    "velocity_carla": [
      1.5339290257543325e-05,
      3.2633711271046195e-06,
      2.1839141481905244e-06
    ],
    "angular_velocity_carla": [
      -0.0009534693672321737,
      0.004729029256850481,
      4.383732175483601e-06
    ],
    "matrix_world_from_ego_carla": [
      [
        -0.9495541453361511,
        0.3136030435562134,
        -2.313472214154899e-05,
        77.28752899169922
      ],
      [
        -0.3136030435562134,
        -0.9495541453361511,
        -4.835910203837557e-06,
        -62.279911041259766
      ],
      [
        -2.3484228222514503e-05,
        2.6631607852323214e-06,
        1.0,
        -0.004495697095990181
      ],
      [
        0.0,
        0.0,
        0.0,
        1.0
      ]
    ],
    "matrix_world_from_ego_bevfusion": [
      [
        -0.9495541453361511,
        -0.3136030435562134,
        -2.313472214154899e-05,
        77.28752899169922
      ],
      [
        0.3136030435562134,
        -0.9495541453361511,
        4.835910203837557e-06,
        62.279911041259766
      ],
      [
        -2.3484228222514503e-05,
        -2.6631607852323214e-06,
        1.0,
        -0.004495697095990181
      ],
      [
        0.0,
        0.0,
        0.0,
        1.0
      ]
    ]
  },
  "sensors": {
    "CAM_FRONT": {
      "type_id": "sensor.camera.rgb",
      "blueprint_attributes": {
        "role_name": "front",
        "ros_name": "sensor.camera.rgb",
        "chromatic_aberration_offset": "0.0",
        "sensor_tick": "0.100000",
        "fstop": "1.4",
        "image_size_x": "960",
        "image_size_y": "540",
        "fov": "70.00",
        "lens_circle_falloff": "5.0",
        "lens_circle_multiplier": "0.0",
        "exposure_compensation": "0.0",
        "lens_y_size": "0.08",
        "lens_k": "-1.0",
        "exposure_mode": "histogram",
        "lens_kcube": "0.0",
        "lens_x_size": "0.08",
        "exposure_max_bright": "12.0",
        "shutter_speed": "200.0",
        "bloom_intensity": "0.675",
        "iso": "100.0",
        "enable_postprocess_effects": "false",
        "gamma": "2.2",
        "motion_blur_intensity": "0.0",
        "motion_blur_max_distortion": "0.35",
        "lens_flare_intensity": "0.1",
        "motion_blur_min_object_screen_size": "0.1",
        "exposure_min_bright": "10.0",
        "exposure_speed_up": "3.0",
        "exposure_speed_down": "1.0",
        "tint": "0.0",
        "calibration_constant": "16.0",
        "focal_distance": "1000.0",
        "min_fstop": "1.2",
        "blade_count": "5",
        "blur_amount": "0.0",
        "blur_radius": "0.0",
        "slope": "0.88",
        "toe": "0.55",
        "white_clip": "0.04",
        "shoulder": "0.26",
        "black_clip": "0.0",
        "temp": "6500.0",
        "chromatic_aberration_intensity": "0.0"
      },
      "transform_carla": {
        "location": {
          "x": 75.81568145751953,
          "y": -62.7660026550293,
          "z": 1.6954679489135742
        },
        "rotation": {
          "roll": -0.00015258787607308477,
          "pitch": -0.0013455471489578485,
          "yaw": -161.72349548339844
        }
      },
      "matrix_world_from_sensor_carla": [
        [
          -0.9495541453361511,
          0.3136030435562134,
          -2.313472214154899e-05,
          75.81568145751953
        ],
        [
          -0.3136030435562134,
          -0.9495541453361511,
          -4.835910203837557e-06,
          -62.7660026550293
        ],
        [
          -2.3484228222514503e-05,
          2.6631607852323214e-06,
          1.0,
          1.6954679489135742
        ],
        [
          0.0,
          0.0,
          0.0,
          1.0
        ]
      ],
      "matrix_world_from_sensor_bevfusion": [
        [
          0.3136030435562134,
          2.313472214154899e-05,
          -0.9495541453361511,
          75.81568145751953
        ],
        [
          0.9495541453361511,
          -4.835910203837557e-06,
          0.3136030435562134,
          62.7660026550293
        ],
        [
          2.6631607852323214e-06,
          -1.0,
          -2.3484228222514503e-05,
          1.6954679489135742
        ],
        [
          0.0,
          0.0,
          0.0,
          1.0
        ]
      ],
      "matrix_ego_from_sensor_carla": [
        [
          1.0,
          2.147205968583421e-08,
          1.8189894035458565e-12,
          1.5500030517578125
        ],
        [
          -1.7936983454092115e-08,
          1.0,
          -4.547473508864641e-13,
          7.62939453125e-06
        ],
        [
          0.0,
          0.0,
          1.0,
          1.7000000476837158
        ],
        [
          0.0,
          0.0,
          0.0,
          1.0
        ]
      ],
      "matrix_ego_from_sensor_bevfusion": [
        [
          2.147205968583421e-08,
          -1.8189894035458565e-12,
          1.0,
          1.5500030517578125
        ],
        [
          -1.0,
          -4.547473508864641e-13,
          1.7936983454092115e-08,
          -7.62939453125e-06
        ],
        [
          0.0,
          -1.0,
          0.0,
          1.7000000476837158
        ],
        [
          0.0,
          0.0,
          0.0,
          1.0
        ]
      ],
      "camera_intrinsics": [
        [
          685.5110473632812,
          0.0,
          480.0
        ],
        [
          0.0,
          685.5110473632812,
          270.0
        ],
        [
          0.0,
          0.0,
          1.0
        ]
      ],
      "data_path": "D:\\Agent-AI\\outputs\\s3a_ml_long_v2\\sample_000105\\images\\CAM_FRONT.png",
      "raw_layout": "bgra8"
    },
    "CAM_FRONT_RIGHT": {
      "type_id": "sensor.camera.rgb",
      "blueprint_attributes": {
        "role_name": "front",
        "ros_name": "sensor.camera.rgb",
        "chromatic_aberration_offset": "0.0",
        "sensor_tick": "0.100000",
        "fstop": "1.4",
        "image_size_x": "960",
        "image_size_y": "540",
        "fov": "70.00",
        "lens_circle_falloff": "5.0",
        "lens_circle_multiplier": "0.0",
        "exposure_compensation": "0.0",
        "lens_y_size": "0.08",
        "lens_k": "-1.0",
        "exposure_mode": "histogram",
        "lens_kcube": "0.0",
        "lens_x_size": "0.08",
        "exposure_max_bright": "12.0",
        "shutter_speed": "200.0",
        "bloom_intensity": "0.675",
        "iso": "100.0",
        "enable_postprocess_effects": "false",
        "gamma": "2.2",
        "motion_blur_intensity": "0.0",
        "motion_blur_max_distortion": "0.35",
        "lens_flare_intensity": "0.1",
        "motion_blur_min_object_screen_size": "0.1",
        "exposure_min_bright": "10.0",
        "exposure_speed_up": "3.0",
        "exposure_speed_down": "1.0",
        "tint": "0.0",
        "calibration_constant": "16.0",
        "focal_distance": "1000.0",
        "min_fstop": "1.2",
        "blade_count": "5",
        "blur_amount": "0.0",
        "blur_radius": "0.0",
        "slope": "0.88",
        "toe": "0.55",
        "white_clip": "0.04",
        "shoulder": "0.26",
        "black_clip": "0.0",
        "temp": "6500.0",
        "chromatic_aberration_intensity": "0.0"
      },
      "transform_carla": {
        "location": {
          "x": 76.22555541992188,
          "y": -63.20985794067383,
          "z": 1.6954752206802368
        },
        "rotation": {
          "roll": -0.0011874563060700893,
          "pitch": -0.0006488679209724069,
          "yaw": -106.72351837158203
        }
      },
      "matrix_world_from_sensor_carla": [
        [
          -0.2877536118030548,
          0.957704484462738,
          -2.3107222659746185e-05,
          76.22555541992188
        ],
        [
          -0.957704484462738,
          -0.2877536118030548,
          -4.882190296484623e-06,
          -63.20985794067383
        ],
        [
          -1.1324881597829517e-05,
          2.072502138616983e-05,
          1.0,
          1.6954752206802368
        ],
        [
          0.0,
          0.0,
          0.0,
          1.0
        ]
      ],
      "matrix_world_from_sensor_bevfusion": [
        [
          0.957704484462738,
          2.3107222659746185e-05,
          -0.2877536118030548,
          76.22555541992188
        ],
        [
          0.2877536118030548,
          -4.882190296484623e-06,
          0.957704484462738,
          63.20985794067383
        ],
        [
          2.072502138616983e-05,
          -1.0,
          -1.1324881597829517e-05,
          1.6954752206802368
        ],
        [
          0.0,
          0.0,
          0.0,
          1.0
        ]
      ],
      "matrix_ego_from_sensor_carla": [
        [
          0.5735766887664795,
          -0.8191518783569336,
          -1.1597876437008381e-08,
          1.2999992370605469
        ],
        [
          0.8191518783569336,
          0.5735767483711243,
          5.256924850982614e-08,
          0.5500030517578125
        ],
        [
          -3.640889190137386e-08,
          -3.965578798670322e-08,
          1.0,
          1.6999999284744263
        ],
        [
          0.0,
          0.0,
          0.0,
          1.0
        ]
      ],
      "matrix_ego_from_sensor_bevfusion": [
        [
          -0.8191518783569336,
          1.1597876437008381e-08,
          0.5735766887664795,
          1.2999992370605469
        ],
        [
          -0.5735767483711243,
          5.256924850982614e-08,
          -0.8191518783569336,
          -0.5500030517578125
        ],
        [
          -3.965578798670322e-08,
          -1.0,
          -3.640889190137386e-08,
          1.6999999284744263
        ],
        [
          0.0,
          0.0,
          0.0,
          1.0
        ]
      ],
      "camera_intrinsics": [
        [
          685.5110473632812,
          0.0,
          480.0
        ],
        [
          0.0,
          685.5110473632812,
          270.0
        ],
        [
          0.0,
          0.0,
          1.0
        ]
      ],
      "data_path": "D:\\Agent-AI\\outputs\\s3a_ml_long_v2\\sample_000105\\images\\CAM_FRONT_RIGHT.png",
      "raw_layout": "bgra8"
    },
    "CAM_FRONT_LEFT": {
      "type_id": "sensor.camera.rgb",
      "blueprint_attributes": {
        "role_name": "front",
        "ros_name": "sensor.camera.rgb",
        "chromatic_aberration_offset": "0.0",
        "sensor_tick": "0.100000",
        "fstop": "1.4",
        "image_size_x": "960",
        "image_size_y": "540",
        "fov": "70.00",
        "lens_circle_falloff": "5.0",
        "lens_circle_multiplier": "0.0",
        "exposure_compensation": "0.0",
        "lens_y_size": "0.08",
        "lens_k": "-1.0",
        "exposure_mode": "histogram",
        "lens_kcube": "0.0",
        "lens_x_size": "0.08",
        "exposure_max_bright": "12.0",
        "shutter_speed": "200.0",
        "bloom_intensity": "0.675",
        "iso": "100.0",
        "enable_postprocess_effects": "false",
        "gamma": "2.2",
        "motion_blur_intensity": "0.0",
        "motion_blur_max_distortion": "0.35",
        "lens_flare_intensity": "0.1",
        "motion_blur_min_object_screen_size": "0.1",
        "exposure_min_bright": "10.0",
        "exposure_speed_up": "3.0",
        "exposure_speed_down": "1.0",
        "tint": "0.0",
        "calibration_constant": "16.0",
        "focal_distance": "1000.0",
        "min_fstop": "1.2",
        "blade_count": "5",
        "blur_amount": "0.0",
        "blur_radius": "0.0",
        "slope": "0.88",
        "toe": "0.55",
        "white_clip": "0.04",
        "shoulder": "0.26",
        "black_clip": "0.0",
        "temp": "6500.0",
        "chromatic_aberration_intensity": "0.0"
      },
      "transform_carla": {
        "location": {
          "x": 75.8805923461914,
          "y": -62.16535186767578,
          "z": 1.6954723596572876
        },
        "rotation": {
          "roll": 0.0010124146938323975,
          "pitch": -0.00089475471759215,
          "yaw": 143.27650451660156
        }
      },
      "matrix_world_from_sensor_carla": [
        [
          -0.8015305399894714,
          -0.5979537963867188,
          -2.3082859115675092e-05,
          75.8805923461914
        ],
        [
          0.5979537963867188,
          -0.8015305399894714,
          -4.825125870411284e-06,
          -62.16535186767578
        ],
        [
          -1.561641511216294e-05,
          -1.766997047525365e-05,
          1.0,
          1.6954723596572876
        ],
        [
          0.0,
          0.0,
          0.0,
          1.0
        ]
      ],
      "matrix_world_from_sensor_bevfusion": [
        [
          -0.5979537963867188,
          2.3082859115675092e-05,
          -0.8015305399894714,
          75.8805923461914
        ],
        [
          0.8015305399894714,
          -4.825125870411284e-06,
          -0.5979537963867188,
          62.16535186767578
        ],
        [
          -1.766997047525365e-05,
          -1.0,
          -1.561641511216294e-05,
          1.6954723596572876
        ],
        [
          0.0,
          0.0,
          0.0,
          1.0
        ]
      ],
      "matrix_ego_from_sensor_carla": [
        [
          0.5735765695571899,
          0.8191519975662231,
          -5.2628820412792265e-08,
          1.2999992370605469
        ],
        [
          -0.8191519975662231,
          0.5735765695571899,
          6.023583409842104e-09,
          -0.54998779296875
        ],
        [
          3.511922841425985e-08,
          3.965396899729967e-08,
          1.0,
          1.7000000476837158
        ],
        [
          0.0,
          0.0,
          0.0,
          1.0
        ]
      ],
      "matrix_ego_from_sensor_bevfusion": [
        [
          0.8191519975662231,
          5.2628820412792265e-08,
          0.5735765695571899,
          1.2999992370605469
        ],
        [
          -0.5735765695571899,
          6.023583409842104e-09,
          0.8191519975662231,
          0.54998779296875
        ],
        [
          3.965396899729967e-08,
          -1.0,
          3.511922841425985e-08,
          1.7000000476837158
        ],
        [
          0.0,
          0.0,
          0.0,
          1.0
        ]
      ],
      "camera_intrinsics": [
        [
          685.5110473632812,
          0.0,
          480.0
        ],
        [
          0.0,
          685.5110473632812,
          270.0
        ],
        [
          0.0,
          0.0,
          1.0
        ]
      ],
      "data_path": "D:\\Agent-AI\\outputs\\s3a_ml_long_v2\\sample_000105\\images\\CAM_FRONT_LEFT.png",
      "raw_layout": "bgra8"
    },
    "CAM_BACK": {
      "type_id": "sensor.camera.rgb",
      "blueprint_attributes": {
        "role_name": "front",
        "ros_name": "sensor.camera.rgb",
        "chromatic_aberration_offset": "0.0",
        "sensor_tick": "0.100000",
        "fstop": "1.4",
        "image_size_x": "960",
        "image_size_y": "540",
        "fov": "70.00",
        "lens_circle_falloff": "5.0",
        "lens_circle_multiplier": "0.0",
        "exposure_compensation": "0.0",
        "lens_y_size": "0.08",
        "lens_k": "-1.0",
        "exposure_mode": "histogram",
        "lens_kcube": "0.0",
        "lens_x_size": "0.08",
        "exposure_max_bright": "12.0",
        "shutter_speed": "200.0",
        "bloom_intensity": "0.675",
        "iso": "100.0",
        "enable_postprocess_effects": "false",
        "gamma": "2.2",
        "motion_blur_intensity": "0.0",
        "motion_blur_max_distortion": "0.35",
        "lens_flare_intensity": "0.1",
        "motion_blur_min_object_screen_size": "0.1",
        "exposure_min_bright": "10.0",
        "exposure_speed_up": "3.0",
        "exposure_speed_down": "1.0",
        "tint": "0.0",
        "calibration_constant": "16.0",
        "focal_distance": "1000.0",
        "min_fstop": "1.2",
        "blade_count": "5",
        "blur_amount": "0.0",
        "blur_radius": "0.0",
        "slope": "0.88",
        "toe": "0.55",
        "white_clip": "0.04",
        "shoulder": "0.26",
        "black_clip": "0.0",
        "temp": "6500.0",
        "chromatic_aberration_intensity": "0.0"
      },
      "transform_carla": {
        "location": {
          "x": 78.75930786132812,
          "y": -61.7938346862793,
          "z": 1.6955405473709106
        },
        "rotation": {
          "roll": 0.00015258834173437208,
          "pitch": 0.0013455471489578485,
          "yaw": 18.276527404785156
        }
      },
      "matrix_world_from_sensor_carla": [
        [
          0.9495540261268616,
          -0.3136034905910492,
          -2.3134723960538395e-05,
          78.75930786132812
        ],
        [
          0.3136034905910492,
          0.9495540261268616,
          -4.835913387069013e-06,
          -61.7938346862793
        ],
        [
          2.3484228222514503e-05,
          -2.6631689706846373e-06,
          1.0,
          1.6955405473709106
        ],
        [
          0.0,
          0.0,
          0.0,
          1.0
        ]
      ],
      "matrix_world_from_sensor_bevfusion": [
        [
          -0.3136034905910492,
          2.3134723960538395e-05,
          0.9495540261268616,
          78.75930786132812
        ],
        [
          -0.9495540261268616,
          -4.835913387069013e-06,
          -0.3136034905910492,
          61.7938346862793
        ],
        [
          -2.6631689706846373e-06,
          -1.0,
          2.3484228222514503e-05,
          1.6955405473709106
        ],
        [
          0.0,
          0.0,
          0.0,
          1.0
        ]
      ],
      "matrix_ego_from_sensor_carla": [
        [
          -1.0,
          4.6294718458739226e-07,
          3.637978807091713e-12,
          -1.5500106811523438
        ],
        [
          -4.66151448108576e-07,
          -1.0,
          2.0463630789890885e-12,
          7.62939453125e-06
        ],
        [
          0.0,
          2.7284841053187847e-12,
          1.0,
          1.6999998092651367
        ],
        [
          0.0,
          0.0,
          0.0,
          1.0
        ]
      ],
      "matrix_ego_from_sensor_bevfusion": [
        [
          4.6294718458739226e-07,
          -3.637978807091713e-12,
          -1.0,
          -1.5500106811523438
        ],
        [
          1.0,
          2.0463630789890885e-12,
          4.66151448108576e-07,
          -7.62939453125e-06
        ],
        [
          2.7284841053187847e-12,
          -1.0,
          0.0,
          1.6999998092651367
        ],
        [
          0.0,
          0.0,
          0.0,
          1.0
        ]
      ],
      "camera_intrinsics": [
        [
          685.5110473632812,
          0.0,
          480.0
        ],
        [
          0.0,
          685.5110473632812,
          270.0
        ],
        [
          0.0,
          0.0,
          1.0
        ]
      ],
      "data_path": "D:\\Agent-AI\\outputs\\s3a_ml_long_v2\\sample_000105\\images\\CAM_BACK.png",
      "raw_layout": "bgra8"
    },
    "CAM_BACK_LEFT": {
      "type_id": "sensor.camera.rgb",
      "blueprint_attributes": {
        "role_name": "front",
        "ros_name": "sensor.camera.rgb",
        "chromatic_aberration_offset": "0.0",
        "sensor_tick": "0.100000",
        "fstop": "1.4",
        "image_size_x": "960",
        "image_size_y": "540",
        "fov": "70.00",
        "lens_circle_falloff": "5.0",
        "lens_circle_multiplier": "0.0",
        "exposure_compensation": "0.0",
        "lens_y_size": "0.08",
        "lens_k": "-1.0",
        "exposure_mode": "histogram",
        "lens_kcube": "0.0",
        "lens_x_size": "0.08",
        "exposure_max_bright": "12.0",
        "shutter_speed": "200.0",
        "bloom_intensity": "0.675",
        "iso": "100.0",
        "enable_postprocess_effects": "false",
        "gamma": "2.2",
        "motion_blur_intensity": "0.0",
        "motion_blur_max_distortion": "0.35",
        "lens_flare_intensity": "0.1",
        "motion_blur_min_object_screen_size": "0.1",
        "exposure_min_bright": "10.0",
        "exposure_speed_up": "3.0",
        "exposure_speed_down": "1.0",
        "tint": "0.0",
        "calibration_constant": "16.0",
        "focal_distance": "1000.0",
        "min_fstop": "1.2",
        "blade_count": "5",
        "blur_amount": "0.0",
        "blur_radius": "0.0",
        "slope": "0.88",
        "toe": "0.55",
        "white_clip": "0.04",
        "shoulder": "0.26",
        "black_clip": "0.0",
        "temp": "6500.0",
        "chromatic_aberration_intensity": "0.0"
      },
      "transform_carla": {
        "location": {
          "x": 78.34943389892578,
          "y": -61.349979400634766,
          "z": 1.695533275604248
        },
        "rotation": {
          "roll": 0.0011874563060700893,
          "pitch": 0.0006488679209724069,
          "yaw": 73.27648162841797
        }
      },
      "matrix_world_from_sensor_carla": [
        [
          0.2877536416053772,
          -0.957704484462738,
          -2.3107222659746185e-05,
          78.34943389892578
        ],
        [
          0.957704484462738,
          0.2877536416053772,
          -4.882189386989921e-06,
          -61.349979400634766
        ],
        [
          1.1324881597829517e-05,
          -2.072502138616983e-05,
          1.0,
          1.695533275604248
        ],
        [
          0.0,
          0.0,
          0.0,
          1.0
        ]
      ],
      "matrix_world_from_sensor_bevfusion": [
        [
          -0.957704484462738,
          2.3107222659746185e-05,
          0.2877536416053772,
          78.34943389892578
        ],
        [
          -0.2877536416053772,
          -4.882189386989921e-06,
          -0.957704484462738,
          61.349979400634766
        ],
        [
          -2.072502138616983e-05,
          -1.0,
          1.1324881597829517e-05,
          1.695533275604248
        ],
        [
          0.0,
          0.0,
          0.0,
          1.0
        ]
      ],
      "matrix_ego_from_sensor_carla": [
        [
          -0.5735767483711243,
          0.8191518783569336,
          -1.1599695426411927e-08,
          -1.3000030517578125
        ],
        [
          -0.8191518783569336,
          -0.5735767483711243,
          5.2568339015124366e-08,
          -0.5499954223632812
        ],
        [
          3.640798240667209e-08,
          3.965578798670322e-08,
          1.0,
          1.6999999284744263
        ],
        [
          0.0,
          0.0,
          0.0,
          1.0
        ]
      ],
      "matrix_ego_from_sensor_bevfusion": [
        [
          0.8191518783569336,
          1.1599695426411927e-08,
          -0.5735767483711243,
          -1.3000030517578125
        ],
        [
          0.5735767483711243,
          5.2568339015124366e-08,
          0.8191518783569336,
          0.5499954223632812
        ],
        [
          3.965578798670322e-08,
          -1.0,
          3.640798240667209e-08,
          1.6999999284744263
        ],
        [
          0.0,
          0.0,
          0.0,
          1.0
        ]
      ],
      "camera_intrinsics": [
        [
          685.5110473632812,
          0.0,
          480.0
        ],
        [
          0.0,
          685.5110473632812,
          270.0
        ],
        [
          0.0,
          0.0,
          1.0
        ]
      ],
      "data_path": "D:\\Agent-AI\\outputs\\s3a_ml_long_v2\\sample_000105\\images\\CAM_BACK_LEFT.png",
      "raw_layout": "bgra8"
    },
    "CAM_BACK_RIGHT": {
      "type_id": "sensor.camera.rgb",
      "blueprint_attributes": {
        "role_name": "front",
        "ros_name": "sensor.camera.rgb",
        "chromatic_aberration_offset": "0.0",
        "sensor_tick": "0.100000",
        "fstop": "1.4",
        "image_size_x": "960",
        "image_size_y": "540",
        "fov": "70.00",
        "lens_circle_falloff": "5.0",
        "lens_circle_multiplier": "0.0",
        "exposure_compensation": "0.0",
        "lens_y_size": "0.08",
        "lens_k": "-1.0",
        "exposure_mode": "histogram",
        "lens_kcube": "0.0",
        "lens_x_size": "0.08",
        "exposure_max_bright": "12.0",
        "shutter_speed": "200.0",
        "bloom_intensity": "0.675",
        "iso": "100.0",
        "enable_postprocess_effects": "false",
        "gamma": "2.2",
        "motion_blur_intensity": "0.0",
        "motion_blur_max_distortion": "0.35",
        "lens_flare_intensity": "0.1",
        "motion_blur_min_object_screen_size": "0.1",
        "exposure_min_bright": "10.0",
        "exposure_speed_up": "3.0",
        "exposure_speed_down": "1.0",
        "tint": "0.0",
        "calibration_constant": "16.0",
        "focal_distance": "1000.0",
        "min_fstop": "1.2",
        "blade_count": "5",
        "blur_amount": "0.0",
        "blur_radius": "0.0",
        "slope": "0.88",
        "toe": "0.55",
        "white_clip": "0.04",
        "shoulder": "0.26",
        "black_clip": "0.0",
        "temp": "6500.0",
        "chromatic_aberration_intensity": "0.0"
      },
      "transform_carla": {
        "location": {
          "x": 78.69439697265625,
          "y": -62.39448928833008,
          "z": 1.6955361366271973
        },
        "rotation": {
          "roll": -0.0010124148102477193,
          "pitch": 0.00089475471759215,
          "yaw": -36.72349166870117
        }
      },
      "matrix_world_from_sensor_carla": [
        [
          0.8015305399894714,
          0.5979538559913635,
          -2.30828627536539e-05,
          78.69439697265625
        ],
        [
          -0.5979538559913635,
          0.8015305399894714,
          -4.825126779905986e-06,
          -62.39448928833008
        ],
        [
          1.561641511216294e-05,
          1.7669972294243053e-05,
          1.0,
          1.6955361366271973
        ],
        [
          0.0,
          0.0,
          0.0,
          1.0
        ]
      ],
      "matrix_world_from_sensor_bevfusion": [
        [
          0.5979538559913635,
          2.30828627536539e-05,
          0.8015305399894714,
          78.69439697265625
        ],
        [
          -0.8015305399894714,
          -4.825126779905986e-06,
          0.5979538559913635,
          62.39448928833008
        ],
        [
          1.7669972294243053e-05,
          -1.0,
          1.561641511216294e-05,
          1.6955361366271973
        ],
        [
          0.0,
          0.0,
          0.0,
          1.0
        ]
      ],
      "matrix_ego_from_sensor_carla": [
        [
          -0.5735765695571899,
          -0.8191520571708679,
          -5.262336344458163e-08,
          -1.3000030517578125
        ],
        [
          0.8191520571708679,
          -0.5735765099525452,
          6.023583409842104e-09,
          0.5500030517578125
        ],
        [
          -3.511922841425985e-08,
          -3.965396899729967e-08,
          1.0,
          1.6999998092651367
        ],
        [
          0.0,
          0.0,
          0.0,
          1.0
        ]
      ],
      "matrix_ego_from_sensor_bevfusion": [
        [
          -0.8191520571708679,
          5.262336344458163e-08,
          -0.5735765695571899,
          -1.3000030517578125
        ],
        [
          0.5735765099525452,
          6.023583409842104e-09,
          -0.8191520571708679,
          -0.5500030517578125
        ],
        [
          -3.965396899729967e-08,
          -1.0,
          -3.511922841425985e-08,
          1.6999998092651367
        ],
        [
          0.0,
          0.0,
          0.0,
          1.0
        ]
      ],
      "camera_intrinsics": [
        [
          685.5110473632812,
          0.0,
          480.0
        ],
        [
          0.0,
          685.5110473632812,
          270.0
        ],
        [
          0.0,
          0.0,
          1.0
        ]
      ],
      "data_path": "D:\\Agent-AI\\outputs\\s3a_ml_long_v2\\sample_000105\\images\\CAM_BACK_RIGHT.png",
      "raw_layout": "bgra8"
    },
    "LIDAR_TOP": {
      "type_id": "sensor.lidar.ray_cast",
      "blueprint_attributes": {
        "atmosphere_attenuation_rate": "0.004",
        "role_name": "front",
        "noise_seed": "0",
        "upper_fov": "10.0",
        "ros_name": "sensor.lidar.ray_cast",
        "sensor_tick": "0.100000",
        "channels": "32",
        "range": "120.0",
        "points_per_second": "360000",
        "lower_fov": "-30.0",
        "rotation_frequency": "10.000000",
        "horizontal_fov": "360.0",
        "dropoff_general_rate": "0.0",
        "dropoff_intensity_limit": "1.0",
        "noise_stddev": "0.0",
        "dropoff_zero_intensity": "0.0"
      },
      "transform_carla": {
        "location": {
          "x": 77.28748321533203,
          "y": -62.2799186706543,
          "z": 2.1955041885375977
        },
        "rotation": {
          "roll": -0.00015258787607308477,
          "pitch": -0.0013455471489578485,
          "yaw": -161.72349548339844
        }
      },
      "matrix_world_from_sensor_carla": [
        [
          -0.9495541453361511,
          0.3136030435562134,
          -2.313472214154899e-05,
          77.28748321533203
        ],
        [
          -0.3136030435562134,
          -0.9495541453361511,
          -4.835910203837557e-06,
          -62.2799186706543
        ],
        [
          -2.3484228222514503e-05,
          2.6631607852323214e-06,
          1.0,
          2.1955041885375977
        ],
        [
          0.0,
          0.0,
          0.0,
          1.0
        ]
      ],
      "matrix_world_from_sensor_bevfusion": [
        [
          -0.9495541453361511,
          -0.3136030435562134,
          -2.313472214154899e-05,
          77.28748321533203
        ],
        [
          0.3136030435562134,
          -0.9495541453361511,
          4.835910203837557e-06,
          62.2799186706543
        ],
        [
          -2.3484228222514503e-05,
          -2.6631607852323214e-06,
          1.0,
          2.1955041885375977
        ],
        [
          0.0,
          0.0,
          0.0,
          1.0
        ]
      ],
      "matrix_ego_from_sensor_carla": [
        [
          1.0,
          2.147205968583421e-08,
          1.8189894035458565e-12,
          -1.1444091796875e-05
        ],
        [
          -1.7936983454092115e-08,
          1.0,
          -4.547473508864641e-13,
          0.0
        ],
        [
          0.0,
          0.0,
          1.0,
          2.200000047683716
        ],
        [
          0.0,
          0.0,
          0.0,
          1.0
        ]
      ],
      "matrix_ego_from_sensor_bevfusion": [
        [
          1.0,
          -2.147205968583421e-08,
          1.8189894035458565e-12,
          -1.1444091796875e-05
        ],
        [
          1.7936983454092115e-08,
          1.0,
          4.547473508864641e-13,
          0.0
        ],
        [
          0.0,
          0.0,
          1.0,
          2.200000047683716
        ],
        [
          0.0,
          0.0,
          0.0,
          1.0
        ]
      ],
      "data_path": "D:\\Agent-AI\\outputs\\s3a_ml_long_v2\\sample_000105\\lidar\\LIDAR_TOP.npy",
      "raw_layout": [
        "x",
        "y",
        "z",
        "intensity"
      ]
    },
    "RADAR_FRONT": {
      "type_id": "sensor.other.radar",
      "blueprint_attributes": {
        "sensor_tick": "0.100000",
        "role_name": "default",
        "noise_seed": "0",
        "ros_name": "sensor.other.radar",
        "horizontal_fov": "35.0",
        "points_per_second": "1500",
        "vertical_fov": "20.0",
        "range": "120.0"
      },
      "transform_carla": {
        "location": {
          "x": 75.3884048461914,
          "y": -62.90712356567383,
          "z": 0.89545738697052
        },
        "rotation": {
          "roll": -0.00015258787607308477,
          "pitch": -0.0013455471489578485,
          "yaw": -161.72349548339844
        }
      },
      "matrix_world_from_sensor_carla": [
        [
          -0.9495541453361511,
          0.3136030435562134,
          -2.313472214154899e-05,
          75.3884048461914
        ],
        [
          -0.3136030435562134,
          -0.9495541453361511,
          -4.835910203837557e-06,
          -62.90712356567383
        ],
        [
          -2.3484228222514503e-05,
          2.6631607852323214e-06,
          1.0,
          0.89545738697052
        ],
        [
          0.0,
          0.0,
          0.0,
          1.0
        ]
      ],
      "matrix_world_from_sensor_bevfusion": [
        [
          -0.9495541453361511,
          -0.3136030435562134,
          -2.313472214154899e-05,
          75.3884048461914
        ],
        [
          0.3136030435562134,
          -0.9495541453361511,
          4.835910203837557e-06,
          62.90712356567383
        ],
        [
          -2.3484228222514503e-05,
          -2.6631607852323214e-06,
          1.0,
          0.89545738697052
        ],
        [
          0.0,
          0.0,
          0.0,
          1.0
        ]
      ],
      "matrix_ego_from_sensor_carla": [
        [
          1.0,
          2.147205968583421e-08,
          1.8189894035458565e-12,
          1.9999885559082031
        ],
        [
          -1.7936983454092115e-08,
          1.0,
          -4.547473508864641e-13,
          0.0
        ],
        [
          0.0,
          0.0,
          1.0,
          0.9000000357627869
        ],
        [
          0.0,
          0.0,
          0.0,
          1.0
        ]
      ],
      "matrix_ego_from_sensor_bevfusion": [
        [
          1.0,
          -2.147205968583421e-08,
          1.8189894035458565e-12,
          1.9999885559082031
        ],
        [
          1.7936983454092115e-08,
          1.0,
          4.547473508864641e-13,
          0.0
        ],
        [
          0.0,
          0.0,
          1.0,
          0.9000000357627869
        ],
        [
          0.0,
          0.0,
          0.0,
          1.0
        ]
      ],
      "data_path": "D:\\Agent-AI\\outputs\\s3a_ml_long_v2\\sample_000105\\radar\\RADAR_FRONT.npy",
      "raw_layout": [
        "velocity",
        "altitude",
        "azimuth",
        "depth"
      ]
    },
    "RADAR_FRONT_LEFT": {
      "type_id": "sensor.other.radar",
      "blueprint_attributes": {
        "sensor_tick": "0.100000",
        "role_name": "default",
        "noise_seed": "0",
        "ros_name": "sensor.other.radar",
        "horizontal_fov": "35.0",
        "points_per_second": "1500",
        "vertical_fov": "20.0",
        "range": "120.0"
      },
      "transform_carla": {
        "location": {
          "x": 75.48554229736328,
          "y": -62.0851936340332,
          "z": 0.8954636454582214
        },
        "rotation": {
          "roll": 0.0008415881311520934,
          "pitch": -0.0010586793068796396,
          "yaw": 153.27651977539062
        }
      },
      "matrix_world_from_sensor_carla": [
        [
          -0.8931871652603149,
          -0.4496850371360779,
          -2.310900526936166e-05,
          75.48554229736328
        ],
        [
          0.4496850371360779,
          -0.8931871652603149,
          -4.8105375753948465e-06,
          -62.0851936340332
        ],
        [
          -1.8477439880371094e-05,
          -1.4688484043290373e-05,
          1.0,
          0.8954636454582214
        ],
        [
          0.0,
          0.0,
          0.0,
          1.0
        ]
      ],
      "matrix_world_from_sensor_bevfusion": [
        [
          -0.8931871652603149,
          0.4496850371360779,
          -2.310900526936166e-05,
          75.48554229736328
        ],
        [
          -0.4496850371360779,
          -0.8931871652603149,
          4.8105375753948465e-06,
          62.0851936340332
        ],
        [
          -1.8477439880371094e-05,
          1.4688484043290373e-05,
          1.0,
          0.8954636454582214
        ],
        [
          0.0,
          0.0,
          0.0,
          1.0
        ]
      ],
      "matrix_ego_from_sensor_carla": [
        [
          0.7071070075035095,
          0.7071065306663513,
          -3.23761923937127e-08,
          1.6499977111816406
        ],
        [
          -0.7071065902709961,
          0.7071070075035095,
          -1.6028252503019758e-08,
          -0.75
        ],
        [
          1.1561496648937464e-08,
          3.422792360652238e-08,
          1.0,
          0.9000000357627869
        ],
        [
          0.0,
          0.0,
          0.0,
          1.0
        ]
      ],
      "matrix_ego_from_sensor_bevfusion": [
        [
          0.7071070075035095,
          -0.7071065306663513,
          -3.23761923937127e-08,
          1.6499977111816406
        ],
        [
          0.7071065902709961,
          0.7071070075035095,
          1.6028252503019758e-08,
          0.75
        ],
        [
          1.1561496648937464e-08,
          -3.422792360652238e-08,
          1.0,
          0.9000000357627869
        ],
        [
          0.0,
          0.0,
          0.0,
          1.0
        ]
      ],
      "data_path": "D:\\Agent-AI\\outputs\\s3a_ml_long_v2\\sample_000105\\radar\\RADAR_FRONT_LEFT.npy",
      "raw_layout": [
        "velocity",
        "altitude",
        "azimuth",
        "depth"
      ]
    },
    "RADAR_FRONT_RIGHT": {
      "type_id": "sensor.other.radar",
      "blueprint_attributes": {
        "sensor_tick": "0.100000",
        "role_name": "default",
        "noise_seed": "0",
        "ros_name": "sensor.other.radar",
        "horizontal_fov": "35.0",
        "points_per_second": "1500",
        "vertical_fov": "20.0",
        "range": "120.0"
      },
      "transform_carla": {
        "location": {
          "x": 75.95594787597656,
          "y": -63.509525299072266,
          "z": 0.8954675793647766
        },
        "rotation": {
          "roll": -0.0010573799954727292,
          "pitch": -0.0008401132072322071,
          "yaw": -116.7234878540039
        }
      },
      "matrix_world_from_sensor_carla": [
        [
          -0.449685275554657,
