{
  "schema_version": "stage1.v1",
  "sample_name": "sample_000038",
  "sequence_index": 38,
  "previous_sample_name": "sample_000037",
  "frame_id": 60039,
  "timestamp": 438.819700807333,
  "platform_timestamp": 16814578.2295499,
  "delta_seconds": 0.10000000149011612,
  "town": "Carla/Maps/Town10HD_Opt",
  "weather": {
    "cloudiness": 20.0,
    "dust_storm": 0.0,
    "fog_density": 2.0,
    "fog_distance": 0.75,
    "fog_falloff": 0.10000000149011612,
    "mie_scattering_scale": 0.029999999329447746,
    "precipitation": 0.0,
    "precipitation_deposits": 0.0,
    "rayleigh_scattering_scale": 0.03310000151395798,
    "scattering_intensity": 1.0,
    "sun_altitude_angle": 45.0,
    "sun_azimuth_angle": 300.0,
    "wetness": 0.0,
    "wind_intensity": 10.0
  },
  "sensor_names": [
    "CAM_FRONT",
    "CAM_FRONT_RIGHT",
    "CAM_FRONT_LEFT",
    "CAM_BACK",
    "CAM_BACK_LEFT",
    "CAM_BACK_RIGHT",
    "LIDAR_TOP",
    "RADAR_FRONT",
    "RADAR_FRONT_LEFT",
    "RADAR_FRONT_RIGHT",
    "RADAR_BACK_LEFT",
    "RADAR_BACK_RIGHT"
  ],
  "camera_order_for_model": [
    "CAM_FRONT",
    "CAM_FRONT_RIGHT",
    "CAM_FRONT_LEFT",
    "CAM_BACK",
    "CAM_BACK_LEFT",
    "CAM_BACK_RIGHT"
  ],
  "radar_order_for_model": [
    "RADAR_FRONT",
    "RADAR_FRONT_LEFT",
    "RADAR_FRONT_RIGHT",
    "RADAR_BACK_LEFT",
    "RADAR_BACK_RIGHT"
  ],
  "coordinate_notes": {
    "carla_world": "left-handed x-forward y-right z-up",
    "bevfusion_lidar": "x-forward y-left z-up",
    "camera_frame_for_model": "OpenCV style x-right y-down z-forward"
  },
  "ego": {
    "actor_id": 28,
    "transform_carla": {
      "location": {
        "x": 98.39247131347656,
        "y": -47.32374572753906,
        "z": -0.004791488405317068
      },
      "rotation": {
        "roll": 0.533101499080658,
        "pitch": 0.12083286792039871,
        "yaw": -124.79571533203125
      }
    },
    "velocity_carla": [
      -4.8711838722229,
      -6.78350830078125,
      8.248328958870843e-05
    ],
    "angular_velocity_carla": [
      -1.1413079500198364,
      -0.3474786579608917,
      -8.130422592163086
    ],
    "matrix_world_from_ego_carla": [
      [
        -0.5706508755683899,
        0.8211451768875122,
        0.0088439816609025,
        98.39247131347656
      ],
      [
        -0.8211901187896729,
        -0.5706435441970825,
        -0.0035777247976511717,
        -47.32374572753906
      ],
      [
        0.002108929678797722,
        -0.009304221719503403,
        0.9999545216560364,
        -0.004791488405317068
      ],
      [
        0.0,
        0.0,
        0.0,
        1.0
      ]
    ],
    "matrix_world_from_ego_bevfusion": [
      [
        -0.5706508755683899,
        -0.8211451768875122,
        0.0088439816609025,
        98.39247131347656
      ],
      [
        0.8211901187896729,
        -0.5706435441970825,
        0.0035777247976511717,
        47.32374572753906
      ],
      [
        0.002108929678797722,
        0.009304221719503403,
        0.9999545216560364,
        -0.004791488405317068
      ],
      [
        0.0,
        0.0,
        0.0,
        1.0
      ]
    ]
  },
  "sensors": {
    "CAM_FRONT": {
      "type_id": "sensor.camera.rgb",
      "blueprint_attributes": {
        "role_name": "front",
        "ros_name": "sensor.camera.rgb",
        "chromatic_aberration_offset": "0.0",
        "sensor_tick": "0.100000",
        "fstop": "1.4",
        "image_size_x": "960",
        "image_size_y": "540",
        "fov": "70.00",
        "lens_circle_falloff": "5.0",
        "lens_circle_multiplier": "0.0",
        "exposure_compensation": "0.0",
        "lens_y_size": "0.08",
        "lens_k": "-1.0",
        "exposure_mode": "histogram",
        "lens_kcube": "0.0",
        "lens_x_size": "0.08",
        "exposure_max_bright": "12.0",
        "shutter_speed": "200.0",
        "bloom_intensity": "0.675",
        "iso": "100.0",
        "enable_postprocess_effects": "false",
        "gamma": "2.2",
        "motion_blur_intensity": "0.0",
        "motion_blur_max_distortion": "0.35",
        "lens_flare_intensity": "0.1",
        "motion_blur_min_object_screen_size": "0.1",
        "exposure_min_bright": "10.0",
        "exposure_speed_up": "3.0",
        "exposure_speed_down": "1.0",
        "tint": "0.0",
        "calibration_constant": "16.0",
        "focal_distance": "1000.0",
        "min_fstop": "1.2",
        "blade_count": "5",
        "blur_amount": "0.0",
        "blur_radius": "0.0",
        "slope": "0.88",
        "toe": "0.55",
        "white_clip": "0.04",
        "shoulder": "0.26",
        "black_clip": "0.0",
        "temp": "6500.0",
        "chromatic_aberration_intensity": "0.0"
      },
      "transform_carla": {
        "location": {
          "x": 97.52299499511719,
          "y": -48.60266876220703,
          "z": 1.6983999013900757
        },
        "rotation": {
          "roll": 0.533101499080658,
          "pitch": 0.12083286792039871,
          "yaw": -124.79571533203125
        }
      },
      "matrix_world_from_sensor_carla": [
        [
          -0.5706508755683899,
          0.8211451768875122,
          0.0088439816609025,
          97.52299499511719
        ],
        [
          -0.8211901187896729,
          -0.5706435441970825,
          -0.0035777247976511717,
          -48.60266876220703
        ],
        [
          0.002108929678797722,
          -0.009304221719503403,
          0.9999545216560364,
          1.6983999013900757
        ],
        [
          0.0,
          0.0,
          0.0,
          1.0
        ]
      ],
      "matrix_world_from_sensor_bevfusion": [
        [
          0.8211451768875122,
          -0.0088439816609025,
          -0.5706508755683899,
          97.52299499511719
        ],
        [
          0.5706435441970825,
          -0.0035777247976511717,
          0.8211901187896729,
          48.60266876220703
        ],
        [
          -0.009304221719503403,
          -0.9999545216560364,
          0.002108929678797722,
          1.6983999013900757
        ],
        [
          0.0,
          0.0,
          0.0,
          1.0
        ]
      ],
      "matrix_ego_from_sensor_carla": [
        [
          1.0,
          2.3775047708340935e-08,
          2.484371042221767e-10,
          1.5500001907348633
        ],
        [
          -1.818479700155251e-09,
          1.0,
          -6.111757766547044e-10,
          0.0
        ],
        [
          -1.1010614642259497e-10,
          -5.660094615222988e-11,
          1.0,
          1.6999999284744263
        ],
        [
          0.0,
          0.0,
          0.0,
          1.0
        ]
      ],
      "matrix_ego_from_sensor_bevfusion": [
        [
          2.3775047708340935e-08,
          -2.484371042221767e-10,
          1.0,
          1.5500001907348633
        ],
        [
          -1.0,
          -6.111757766547044e-10,
          1.818479700155251e-09,
          0.0
        ],
        [
          -5.660094615222988e-11,
          -1.0,
          -1.1010614642259497e-10,
          1.6999999284744263
        ],
        [
          0.0,
          0.0,
          0.0,
          1.0
        ]
      ],
      "camera_intrinsics": [
        [
          685.5110473632812,
          0.0,
          480.0
        ],
        [
          0.0,
          685.5110473632812,
          270.0
        ],
        [
          0.0,
          0.0,
          1.0
        ]
      ],
      "data_path": "D:\\Agent-AI\\outputs\\s3a_ml_long_v2\\sample_000038\\images\\CAM_FRONT.png",
      "raw_layout": "bgra8"
    },
    "CAM_FRONT_RIGHT": {
      "type_id": "sensor.camera.rgb",
      "blueprint_attributes": {
        "role_name": "front",
        "ros_name": "sensor.camera.rgb",
        "chromatic_aberration_offset": "0.0",
        "sensor_tick": "0.100000",
        "fstop": "1.4",
        "image_size_x": "960",
        "image_size_y": "540",
        "fov": "70.00",
        "lens_circle_falloff": "5.0",
        "lens_circle_multiplier": "0.0",
        "exposure_compensation": "0.0",
        "lens_y_size": "0.08",
        "lens_k": "-1.0",
        "exposure_mode": "histogram",
        "lens_kcube": "0.0",
        "lens_x_size": "0.08",
        "exposure_max_bright": "12.0",
        "shutter_speed": "200.0",
        "bloom_intensity": "0.675",
        "iso": "100.0",
        "enable_postprocess_effects": "false",
        "gamma": "2.2",
        "motion_blur_intensity": "0.0",
        "motion_blur_max_distortion": "0.35",
        "lens_flare_intensity": "0.1",
        "motion_blur_min_object_screen_size": "0.1",
        "exposure_min_bright": "10.0",
        "exposure_speed_up": "3.0",
        "exposure_speed_down": "1.0",
        "tint": "0.0",
        "calibration_constant": "16.0",
        "focal_distance": "1000.0",
        "min_fstop": "1.2",
        "blade_count": "5",
        "blur_amount": "0.0",
        "blur_radius": "0.0",
        "slope": "0.88",
        "toe": "0.55",
        "white_clip": "0.04",
        "shoulder": "0.26",
        "black_clip": "0.0",
        "temp": "6500.0",
        "chromatic_aberration_intensity": "0.0"
      },
      "transform_carla": {
        "location": {
          "x": 98.1172866821289,
          "y": -48.71123123168945,
          "z": 1.6927553415298462
        },
        "rotation": {
          "roll": 0.40476158261299133,
          "pitch": -0.36737537384033203,
          "yaw": -69.79759216308594
        }
      },
      "matrix_world_from_sensor_carla": [
        [
          0.34533050656318665,
          0.9384394884109497,
          0.008843956515192986,
          98.1172866821289
        ],
        [
          -0.9384592175483704,
          0.3453714847564697,
          -0.0035776577424257994,
          -48.71123123168945
        ],
        [
          -0.006411865819245577,
          -0.007064218167215586,
          0.9999544620513916,
          1.6927553415298462
        ],
        [
          0.0,
          0.0,
          0.0,
          1.0
        ]
      ],
      "matrix_world_from_sensor_bevfusion": [
        [
          0.9384394884109497,
          -0.008843956515192986,
          0.34533050656318665,
          98.1172866821289
        ],
        [
          -0.3453714847564697,
          -0.0035776577424257994,
          0.9384592175483704,
          48.71123123168945
        ],
        [
          -0.007064218167215586,
          -0.9999544620513916,
          -0.006411865819245577,
          1.6927553415298462
        ],
        [
          0.0,
          0.0,
          0.0,
          1.0
        ]
      ],
      "matrix_ego_from_sensor_carla": [
        [
          0.5735766887664795,
          -0.8191518187522888,
          -4.0622627039965664e-08,
          1.300004005432129
        ],
        [
          0.8191518187522888,
          0.573576807975769,
          -5.8729924035105796e-08,
          0.5500030517578125
        ],
        [
          7.125976253519184e-08,
          1.3150381894533325e-09,
          0.9999999403953552,
          1.6999999284744263
        ],
        [
          0.0,
          0.0,
          0.0,
          1.0
        ]
      ],
      "matrix_ego_from_sensor_bevfusion": [
        [
          -0.8191518187522888,
          4.0622627039965664e-08,
          0.5735766887664795,
          1.300004005432129
        ],
        [
          -0.573576807975769,
          -5.8729924035105796e-08,
          -0.8191518187522888,
          -0.5500030517578125
        ],
        [
          1.3150381894533325e-09,
          -0.9999999403953552,
          7.125976253519184e-08,
          1.6999999284744263
        ],
        [
          0.0,
          0.0,
          0.0,
          1.0
        ]
      ],
      "camera_intrinsics": [
        [
          685.5110473632812,
          0.0,
          480.0
        ],
        [
          0.0,
          685.5110473632812,
          270.0
        ],
        [
          0.0,
          0.0,
          1.0
        ]
      ],
      "data_path": "D:\\Agent-AI\\outputs\\s3a_ml_long_v2\\sample_000038\\images\\CAM_FRONT_RIGHT.png",
      "raw_layout": "bgra8"
    },
    "CAM_FRONT_LEFT": {
      "type_id": "sensor.camera.rgb",
      "blueprint_attributes": {
        "role_name": "front",
        "ros_name": "sensor.camera.rgb",
        "chromatic_aberration_offset": "0.0",
        "sensor_tick": "0.100000",
        "fstop": "1.4",
        "image_size_x": "960",
        "image_size_y": "540",
        "fov": "70.00",
        "lens_circle_falloff": "5.0",
        "lens_circle_multiplier": "0.0",
        "exposure_compensation": "0.0",
        "lens_y_size": "0.08",
        "lens_k": "-1.0",
        "exposure_mode": "histogram",
        "lens_kcube": "0.0",
        "lens_x_size": "0.08",
        "exposure_max_bright": "12.0",
        "shutter_speed": "200.0",
        "bloom_intensity": "0.675",
        "iso": "100.0",
        "enable_postprocess_effects": "false",
        "gamma": "2.2",
        "motion_blur_intensity": "0.0",
        "motion_blur_max_distortion": "0.35",
        "lens_flare_intensity": "0.1",
        "motion_blur_min_object_screen_size": "0.1",
        "exposure_min_bright": "10.0",
        "exposure_speed_up": "3.0",
        "exposure_speed_down": "1.0",
        "tint": "0.0",
        "calibration_constant": "16.0",
        "focal_distance": "1000.0",
        "min_fstop": "1.2",
        "blade_count": "5",
        "blur_amount": "0.0",
        "blur_radius": "0.0",
        "slope": "0.88",
        "toe": "0.55",
        "white_clip": "0.04",
        "shoulder": "0.26",
        "black_clip": "0.0",
        "temp": "6500.0",
        "chromatic_aberration_intensity": "0.0"
      },
      "transform_carla": {
        "location": {
          "x": 97.21402740478516,
          "y": -48.083518981933594,
          "z": 1.7029900550842285
        },
        "rotation": {
          "roll": 0.20679743587970734,
          "pitch": 0.5060008764266968,
          "yaw": -179.79534912109375
        }
      },
      "matrix_world_from_sensor_carla": [
        [
          -0.9999546408653259,
          0.003539994591847062,
          0.008844044990837574,
          97.21402740478516
        ],
        [
          -0.0035717529244720936,
          -0.9999872446060181,
          -0.0035777210723608732,
          -48.083518981933594
        ],
        [
          0.008831266313791275,
          -0.003609147621318698,
          0.9999545216560364,
          1.7029900550842285
        ],
        [
          0.0,
          0.0,
          0.0,
          1.0
        ]
      ],
      "matrix_world_from_sensor_bevfusion": [
        [
          0.003539994591847062,
          -0.008844044990837574,
          -0.9999546408653259,
          97.21402740478516
        ],
        [
          0.9999872446060181,
          -0.0035777210723608732,
          0.0035717529244720936,
          48.083518981933594
        ],
        [
          -0.003609147621318698,
          -0.9999545216560364,
          0.008831266313791275,
          1.7029900550842285
        ],
        [
          0.0,
          0.0,
          0.0,
          1.0
        ]
      ],
      "matrix_ego_from_sensor_carla": [
        [
          0.5735766291618347,
          0.8191518783569336,
          -3.909994106265913e-08,
          1.3000011444091797
        ],
        [
          -0.8191519379615784,
          0.5735766887664795,
          4.968024214235811e-08,
          -0.5500030517578125
        ],
        [
          6.257221230043797e-08,
          3.234373435745397e-09,
          1.0,
          1.6999999284744263
        ],
        [
          0.0,
          0.0,
          0.0,
          1.0
        ]
      ],
      "matrix_ego_from_sensor_bevfusion": [
        [
          0.8191518783569336,
          3.909994106265913e-08,
          0.5735766291618347,
          1.3000011444091797
        ],
        [
          -0.5735766887664795,
          4.968024214235811e-08,
          0.8191519379615784,
          0.5500030517578125
        ],
        [
          3.234373435745397e-09,
          -1.0,
          6.257221230043797e-08,
          1.6999999284744263
        ],
        [
          0.0,
          0.0,
          0.0,
          1.0
        ]
      ],
      "camera_intrinsics": [
        [
          685.5110473632812,
          0.0,
          480.0
        ],
        [
          0.0,
          685.5110473632812,
          270.0
        ],
        [
          0.0,
          0.0,
          1.0
        ]
      ],
      "data_path": "D:\\Agent-AI\\outputs\\s3a_ml_long_v2\\sample_000038\\images\\CAM_FRONT_LEFT.png",
      "raw_layout": "bgra8"
    },
    "CAM_BACK": {
      "type_id": "sensor.camera.rgb",
      "blueprint_attributes": {
        "role_name": "front",
        "ros_name": "sensor.camera.rgb",
        "chromatic_aberration_offset": "0.0",
        "sensor_tick": "0.100000",
        "fstop": "1.4",
        "image_size_x": "960",
        "image_size_y": "540",
        "fov": "70.00",
        "lens_circle_falloff": "5.0",
        "lens_circle_multiplier": "0.0",
        "exposure_compensation": "0.0",
        "lens_y_size": "0.08",
        "lens_k": "-1.0",
        "exposure_mode": "histogram",
        "lens_kcube": "0.0",
        "lens_x_size": "0.08",
        "exposure_max_bright": "12.0",
        "shutter_speed": "200.0",
        "bloom_intensity": "0.675",
        "iso": "100.0",
        "enable_postprocess_effects": "false",
        "gamma": "2.2",
        "motion_blur_intensity": "0.0",
        "motion_blur_max_distortion": "0.35",
        "lens_flare_intensity": "0.1",
        "motion_blur_min_object_screen_size": "0.1",
        "exposure_min_bright": "10.0",
        "exposure_speed_up": "3.0",
        "exposure_speed_down": "1.0",
        "tint": "0.0",
        "calibration_constant": "16.0",
        "focal_distance": "1000.0",
        "min_fstop": "1.2",
        "blade_count": "5",
        "blur_amount": "0.0",
        "blur_radius": "0.0",
        "slope": "0.88",
        "toe": "0.55",
        "white_clip": "0.04",
        "shoulder": "0.26",
        "black_clip": "0.0",
        "temp": "6500.0",
        "chromatic_aberration_intensity": "0.0"
      },
      "transform_carla": {
        "location": {
          "x": 99.29200744628906,
          "y": -46.05698013305664,
          "z": 1.6918624639511108
        },
        "rotation": {
          "roll": -0.5331014394760132,
          "pitch": -0.12083286792039871,
          "yaw": 55.20429229736328
        }
      },
      "matrix_world_from_sensor_carla": [
        [
          0.5706508159637451,
          -0.821145236492157,
          0.008843980729579926,
          99.29200744628906
        ],
        [
          0.8211901783943176,
          0.5706434845924377,
          -0.003577723167836666,
          -46.05698013305664
        ],
        [
          -0.002108929678797722,
          0.009304220788180828,
          0.9999545216560364,
          1.6918624639511108
        ],
        [
          0.0,
          0.0,
          0.0,
          1.0
        ]
      ],
      "matrix_world_from_sensor_bevfusion": [
        [
          -0.821145236492157,
          -0.008843980729579926,
          0.5706508159637451,
          99.29200744628906
        ],
        [
          -0.5706434845924377,
          -0.003577723167836666,
          -0.8211901783943176,
          46.05698013305664
        ],
        [
          0.009304220788180828,
          -0.9999545216560364,
          -0.002108929678797722,
          1.6918624639511108
        ],
        [
          0.0,
          0.0,
          0.0,
          1.0
        ]
      ],
      "matrix_ego_from_sensor_carla": [
        [
          -1.0,
          5.497249588870545e-08,
          -6.828854703933018e-10,
          -1.5499935150146484
        ],
        [
          -9.179944981951849e-08,
          -1.0,
          -1.5424983512701829e-09,
          -7.62939453125e-06
        ],
        [
          -5.883857845390139e-10,
          -1.8060017925591865e-09,
          1.0,
          1.7000001668930054
        ],
        [
          0.0,
          0.0,
          0.0,
          1.0
        ]
      ],
      "matrix_ego_from_sensor_bevfusion": [
        [
          5.497249588870545e-08,
          6.828854703933018e-10,
          -1.0,
          -1.5499935150146484
        ],
        [
          1.0,
          -1.5424983512701829e-09,
          9.179944981951849e-08,
          7.62939453125e-06
        ],
        [
          -1.8060017925591865e-09,
          -1.0,
          -5.883857845390139e-10,
          1.7000001668930054
        ],
        [
          0.0,
          0.0,
          0.0,
          1.0
        ]
      ],
      "camera_intrinsics": [
        [
          685.5110473632812,
          0.0,
          480.0
        ],
        [
          0.0,
          685.5110473632812,
          270.0
        ],
        [
          0.0,
          0.0,
          1.0
        ]
      ],
      "data_path": "D:\\Agent-AI\\outputs\\s3a_ml_long_v2\\sample_000038\\images\\CAM_BACK.png",
      "raw_layout": "bgra8"
    },
    "CAM_BACK_LEFT": {
      "type_id": "sensor.camera.rgb",
      "blueprint_attributes": {
        "role_name": "front",
        "ros_name": "sensor.camera.rgb",
        "chromatic_aberration_offset": "0.0",
        "sensor_tick": "0.100000",
        "fstop": "1.4",
        "image_size_x": "960",
        "image_size_y": "540",
        "fov": "70.00",
        "lens_circle_falloff": "5.0",
        "lens_circle_multiplier": "0.0",
        "exposure_compensation": "0.0",
        "lens_y_size": "0.08",
        "lens_k": "-1.0",
        "exposure_mode": "histogram",
        "lens_kcube": "0.0",
        "lens_x_size": "0.08",
        "exposure_max_bright": "12.0",
        "shutter_speed": "200.0",
        "bloom_intensity": "0.675",
        "iso": "100.0",
        "enable_postprocess_effects": "false",
        "gamma": "2.2",
        "motion_blur_intensity": "0.0",
        "motion_blur_max_distortion": "0.35",
        "lens_flare_intensity": "0.1",
        "motion_blur_min_object_screen_size": "0.1",
        "exposure_min_bright": "10.0",
        "exposure_speed_up": "3.0",
        "exposure_speed_down": "1.0",
        "tint": "0.0",
        "calibration_constant": "16.0",
        "focal_distance": "1000.0",
        "min_fstop": "1.2",
        "blade_count": "5",
        "blur_amount": "0.0",
        "blur_radius": "0.0",
        "slope": "0.88",
        "toe": "0.55",
        "white_clip": "0.04",
        "shoulder": "0.26",
        "black_clip": "0.0",
        "temp": "6500.0",
        "chromatic_aberration_intensity": "0.0"
      },
      "transform_carla": {
        "location": {
          "x": 98.69772338867188,
          "y": -45.94842529296875,
          "z": 1.6975070238113403
        },
        "rotation": {
          "roll": -0.4047614634037018,
          "pitch": 0.36737537384033203,
          "yaw": 110.2024154663086
        }
      },
      "matrix_world_from_sensor_carla": [
        [
          -0.34533071517944336,
          -0.9384394288063049,
          0.008843955583870411,
          98.69772338867188
        ],
        [
          0.9384591579437256,
          -0.34537169337272644,
          -0.003577656578272581,
          -45.94842529296875
        ],
        [
          0.006411865819245577,
          0.0070642163045704365,
          0.9999544620513916,
          1.6975070238113403
        ],
        [
          0.0,
          0.0,
          0.0,
          1.0
        ]
      ],
      "matrix_world_from_sensor_bevfusion": [
        [
          -0.9384394288063049,
          -0.008843955583870411,
          -0.34533071517944336,
          98.69772338867188
        ],
        [
          0.34537169337272644,
          -0.003577656578272581,
          -0.9384591579437256,
          45.94842529296875
        ],
        [
          0.0070642163045704365,
          -0.9999544620513916,
          0.006411865819245577,
          1.6975070238113403
        ],
        [
          0.0,
          0.0,
          0.0,
          1.0
        ]
      ],
      "matrix_ego_from_sensor_carla": [
        [
          -0.5735765695571899,
          0.8191519379615784,
          -4.1088288327273403e-08,
          -1.3000011444091797
        ],
        [
          -0.8191519975662231,
          -0.5735766291618347,
          -6.059256918433675e-08,
          -0.5500030517578125
        ],
        [
          -7.31224076844228e-08,
          -1.3149533684142511e-09,
          0.9999999403953552,
          1.7000001668930054
        ],
        [
          0.0,
          0.0,
          0.0,
          1.0
        ]
      ],
      "matrix_ego_from_sensor_bevfusion": [
        [
          0.8191519379615784,
          4.1088288327273403e-08,
          -0.5735765695571899,
          -1.3000011444091797
        ],
        [
          0.5735766291618347,
          -6.059256918433675e-08,
          0.8191519975662231,
          0.5500030517578125
        ],
        [
          -1.3149533684142511e-09,
          -0.9999999403953552,
          -7.31224076844228e-08,
          1.7000001668930054
        ],
        [
          0.0,
          0.0,
          0.0,
          1.0
        ]
      ],
      "camera_intrinsics": [
        [
          685.5110473632812,
          0.0,
          480.0
        ],
        [
          0.0,
          685.5110473632812,
          270.0
        ],
        [
          0.0,
          0.0,
          1.0
        ]
      ],
      "data_path": "D:\\Agent-AI\\outputs\\s3a_ml_long_v2\\sample_000038\\images\\CAM_BACK_LEFT.png",
      "raw_layout": "bgra8"
    },
    "CAM_BACK_RIGHT": {
      "type_id": "sensor.camera.rgb",
      "blueprint_attributes": {
        "role_name": "front",
        "ros_name": "sensor.camera.rgb",
        "chromatic_aberration_offset": "0.0",
        "sensor_tick": "0.100000",
        "fstop": "1.4",
        "image_size_x": "960",
        "image_size_y": "540",
        "fov": "70.00",
        "lens_circle_falloff": "5.0",
        "lens_circle_multiplier": "0.0",
        "exposure_compensation": "0.0",
        "lens_y_size": "0.08",
        "lens_k": "-1.0",
        "exposure_mode": "histogram",
        "lens_kcube": "0.0",
        "lens_x_size": "0.08",
        "exposure_max_bright": "12.0",
        "shutter_speed": "200.0",
        "bloom_intensity": "0.675",
        "iso": "100.0",
        "enable_postprocess_effects": "false",
        "gamma": "2.2",
        "motion_blur_intensity": "0.0",
        "motion_blur_max_distortion": "0.35",
        "lens_flare_intensity": "0.1",
        "motion_blur_min_object_screen_size": "0.1",
        "exposure_min_bright": "10.0",
        "exposure_speed_up": "3.0",
        "exposure_speed_down": "1.0",
        "tint": "0.0",
        "calibration_constant": "16.0",
        "focal_distance": "1000.0",
        "min_fstop": "1.2",
        "blade_count": "5",
        "blur_amount": "0.0",
        "blur_radius": "0.0",
        "slope": "0.88",
        "toe": "0.55",
        "white_clip": "0.04",
        "shoulder": "0.26",
        "black_clip": "0.0",
        "temp": "6500.0",
        "chromatic_aberration_intensity": "0.0"
      },
      "transform_carla": {
        "location": {
          "x": 99.6009750366211,
          "y": -46.57612991333008,
          "z": 1.687272310256958
        },
        "rotation": {
          "roll": -0.20679734647274017,
          "pitch": -0.5060008764266968,
          "yaw": 0.20462937653064728
        }
      },
      "matrix_world_from_sensor_carla": [
        [
          0.9999546408653259,
          -0.0035395510494709015,
          0.008844043128192425,
          99.6009750366211
        ],
        [
          0.003571309382095933,
          0.9999872446060181,
          -0.0035777234006673098,
          -46.57612991333008
        ],
        [
          -0.008831266313791275,
          0.0036091459915041924,
          0.9999545216560364,
          1.687272310256958
        ],
        [
          0.0,
          0.0,
          0.0,
          1.0
        ]
      ],
      "matrix_world_from_sensor_bevfusion": [
        [
          -0.0035395510494709015,
          -0.008844043128192425,
          0.9999546408653259,
          99.6009750366211
        ],
        [
          -0.9999872446060181,
          -0.0035777234006673098,
          -0.003571309382095933,
          46.57612991333008
        ],
        [
          0.0036091459915041924,
          -0.9999545216560364,
          -0.008831266313791275,
          1.687272310256958
        ],
        [
          0.0,
          0.0,
          0.0,
          1.0
        ]
      ],
      "matrix_ego_from_sensor_carla": [
        [
          -0.5735762715339661,
          -0.8191521167755127,
          -3.584031205150495e-08,
          -1.2999992370605469
        ],
        [
          0.8191521763801575,
          -0.5735763311386108,
          4.968024214235811e-08,
          0.54998779296875
        ],
        [
          -6.070956715120701e-08,
          -9.059928363086556e-10,
          1.0,
          1.6999999284744263
        ],
        [
          0.0,
          0.0,
          0.0,
          1.0
        ]
      ],
      "matrix_ego_from_sensor_bevfusion": [
        [
          -0.8191521167755127,
          3.584031205150495e-08,
          -0.5735762715339661,
          -1.2999992370605469
        ],
        [
          0.5735763311386108,
          4.968024214235811e-08,
          -0.8191521763801575,
          -0.54998779296875
        ],
        [
          -9.059928363086556e-10,
          -1.0,
          -6.070956715120701e-08,
          1.6999999284744263
        ],
        [
          0.0,
          0.0,
          0.0,
          1.0
        ]
      ],
      "camera_intrinsics": [
        [
          685.5110473632812,
          0.0,
          480.0
        ],
        [
          0.0,
          685.5110473632812,
          270.0
        ],
        [
          0.0,
          0.0,
          1.0
        ]
      ],
      "data_path": "D:\\Agent-AI\\outputs\\s3a_ml_long_v2\\sample_000038\\images\\CAM_BACK_RIGHT.png",
      "raw_layout": "bgra8"
    },
    "LIDAR_TOP": {
      "type_id": "sensor.lidar.ray_cast",
      "blueprint_attributes": {
        "atmosphere_attenuation_rate": "0.004",
        "role_name": "front",
        "noise_seed": "0",
        "upper_fov": "10.0",
        "ros_name": "sensor.lidar.ray_cast",
        "sensor_tick": "0.100000",
        "channels": "32",
        "range": "120.0",
        "points_per_second": "360000",
        "lower_fov": "-30.0",
        "rotation_frequency": "10.000000",
        "horizontal_fov": "360.0",
        "dropoff_general_rate": "0.0",
        "dropoff_intensity_limit": "1.0",
        "noise_stddev": "0.0",
        "dropoff_zero_intensity": "0.0"
      },
      "transform_carla": {
        "location": {
          "x": 98.41191864013672,
          "y": -47.33161544799805,
          "z": 2.19510817527771
        },
        "rotation": {
          "roll": 0.533101499080658,
          "pitch": 0.12083286792039871,
          "yaw": -124.79571533203125
        }
      },
      "matrix_world_from_sensor_carla": [
        [
          -0.5706508755683899,
          0.8211451768875122,
          0.0088439816609025,
          98.41191864013672
        ],
        [
          -0.8211901187896729,
          -0.5706435441970825,
          -0.0035777247976511717,
          -47.33161544799805
        ],
        [
          0.002108929678797722,
          -0.009304221719503403,
          0.9999545216560364,
          2.19510817527771
        ],
        [
          0.0,
          0.0,
          0.0,
          1.0
        ]
      ],
      "matrix_world_from_sensor_bevfusion": [
        [
          -0.5706508755683899,
          -0.8211451768875122,
          0.0088439816609025,
          98.41191864013672
        ],
        [
          0.8211901187896729,
          -0.5706435441970825,
          0.0035777247976511717,
          47.33161544799805
        ],
        [
          0.002108929678797722,
          0.009304221719503403,
          0.9999545216560364,
          2.19510817527771
        ],
        [
          0.0,
          0.0,
          0.0,
          1.0
        ]
      ],
      "matrix_ego_from_sensor_carla": [
        [
          1.0,
          2.3775047708340935e-08,
          2.484371042221767e-10,
          7.62939453125e-06
        ],
        [
          -1.818479700155251e-09,
          1.0,
          -6.111757766547044e-10,
          -7.62939453125e-06
        ],
        [
          -1.1010614642259497e-10,
          -5.660094615222988e-11,
          1.0,
          2.1999998092651367
        ],
        [
          0.0,
          0.0,
          0.0,
          1.0
        ]
      ],
      "matrix_ego_from_sensor_bevfusion": [
        [
          1.0,
          -2.3775047708340935e-08,
          2.484371042221767e-10,
          7.62939453125e-06
        ],
        [
          1.818479700155251e-09,
          1.0,
          6.111757766547044e-10,
          7.62939453125e-06
        ],
        [
          -1.1010614642259497e-10,
          5.660094615222988e-11,
          1.0,
          2.1999998092651367
        ],
        [
          0.0,
          0.0,
          0.0,
          1.0
        ]
      ],
      "data_path": "D:\\Agent-AI\\outputs\\s3a_ml_long_v2\\sample_000038\\lidar\\LIDAR_TOP.npy",
      "raw_layout": [
        "x",
        "y",
        "z",
        "intensity"
      ]
    },
    "RADAR_FRONT": {
      "type_id": "sensor.other.radar",
      "blueprint_attributes": {
        "sensor_tick": "0.100000",
        "role_name": "default",
        "noise_seed": "0",
        "ros_name": "sensor.other.radar",
        "horizontal_fov": "35.0",
        "points_per_second": "1500",
        "vertical_fov": "20.0",
        "range": "120.0"
      },
      "transform_carla": {
        "location": {
          "x": 97.2591323852539,
          "y": -48.96934509277344,
          "z": 0.8993853330612183
        },
        "rotation": {
          "roll": 0.533101499080658,
          "pitch": 0.12083286792039871,
          "yaw": -124.79571533203125
        }
      },
      "matrix_world_from_sensor_carla": [
        [
          -0.5706508755683899,
          0.8211451768875122,
          0.0088439816609025,
          97.2591323852539
        ],
        [
          -0.8211901187896729,
          -0.5706435441970825,
          -0.0035777247976511717,
          -48.96934509277344
        ],
        [
          0.002108929678797722,
          -0.009304221719503403,
          0.9999545216560364,
          0.8993853330612183
        ],
        [
          0.0,
          0.0,
          0.0,
          1.0
        ]
      ],
      "matrix_world_from_sensor_bevfusion": [
        [
          -0.5706508755683899,
          -0.8211451768875122,
          0.0088439816609025,
          97.2591323852539
        ],
        [
          0.8211901187896729,
          -0.5706435441970825,
          0.0035777247976511717,
          48.96934509277344
        ],
        [
          0.002108929678797722,
          0.009304221719503403,
          0.9999545216560364,
          0.8993853330612183
        ],
        [
          0.0,
          0.0,
          0.0,
          1.0
        ]
      ],
      "matrix_ego_from_sensor_carla": [
        [
          1.0,
          2.3775047708340935e-08,
          2.484371042221767e-10,
          2.0
        ],
        [
          -1.818479700155251e-09,
          1.0,
          -6.111757766547044e-10,
          0.0
        ],
        [
          -1.1010614642259497e-10,
          -5.660094615222988e-11,
          1.0,
          0.8999998569488525
        ],
        [
          0.0,
          0.0,
          0.0,
          1.0
        ]
      ],
      "matrix_ego_from_sensor_bevfusion": [
        [
          1.0,
          -2.3775047708340935e-08,
          2.484371042221767e-10,
          2.0
        ],
        [
          1.818479700155251e-09,
          1.0,
          6.111757766547044e-10,
          0.0
        ],
        [
          -1.1010614642259497e-10,
          5.660094615222988e-11,
          1.0,
          0.8999998569488525
        ],
        [
          0.0,
          0.0,
          0.0,
          1.0
        ]
      ],
      "data_path": "D:\\Agent-AI\\outputs\\s3a_ml_long_v2\\sample_000038\\radar\\RADAR_FRONT.npy",
      "raw_layout": [
        "velocity",
        "altitude",
        "azimuth",
        "depth"
      ]
    },
    "RADAR_FRONT_LEFT": {
      "type_id": "sensor.other.radar",
      "blueprint_attributes": {
        "sensor_tick": "0.100000",
        "role_name": "default",
        "noise_seed": "0",
        "ros_name": "sensor.other.radar",
        "horizontal_fov": "35.0",
        "points_per_second": "1500",
        "vertical_fov": "20.0",
        "range": "120.0"
      },
      "transform_carla": {
        "location": {
          "x": 96.8429946899414,
          "y": -48.253944396972656,
          "z": 0.9056254625320435
        },
        "rotation": {
          "roll": 0.29152244329452515,
          "pitch": 0.4624037742614746,
          "yaw": -169.79507446289062
        }
      },
      "matrix_world_from_sensor_carla": [
        [
          -0.984148383140564,
          0.17712664604187012,
          0.008844045922160149,
          96.8429946899414
        ],
        [
          -0.17716358602046967,
          -0.984174907207489,
          -0.003577709197998047,
          -48.253944396972656
        ],
        [
          0.008070380426943302,
          -0.005087838973850012,
          0.9999545216560364,
          0.9056254625320435
        ],
        [
          0.0,
          0.0,
          0.0,
          1.0
        ]
      ],
      "matrix_world_from_sensor_bevfusion": [
        [
          -0.984148383140564,
          -0.17712664604187012,
          0.008844045922160149,
          96.8429946899414
        ],
        [
          0.17716358602046967,
          -0.984174907207489,
          0.003577709197998047,
          48.253944396972656
        ],
        [
          0.008070380426943302,
          0.005087838973850012,
          0.9999545216560364,
          0.9056254625320435
        ],
        [
          0.0,
          0.0,
          0.0,
          1.0
        ]
      ],
      "matrix_ego_from_sensor_carla": [
        [
          0.7071071267127991,
          0.7071064710617065,
          -4.934448938342939e-08,
          1.6500015258789062
        ],
        [
          -0.7071065306663513,
          0.7071070671081543,
          4.409230669466524e-08,
          -0.75
        ],
        [
          6.462510526716869e-08,
          4.44704140178942e-09,
          1.0,
          0.8999999761581421
        ],
        [
          0.0,
          0.0,
          0.0,
          1.0
        ]
      ],
      "matrix_ego_from_sensor_bevfusion": [
        [
          0.7071071267127991,
          -0.7071064710617065,
          -4.934448938342939e-08,
          1.6500015258789062
        ],
        [
          0.7071065306663513,
          0.7071070671081543,
          -4.409230669466524e-08,
          0.75
        ],
        [
          6.462510526716869e-08,
          -4.44704140178942e-09,
          1.0,
          0.8999999761581421
        ],
        [
          0.0,
          0.0,
          0.0,
          1.0
        ]
      ],
      "data_path": "D:\\Agent-AI\\outputs\\s3a_ml_long_v2\\sample_000038\\radar\\RADAR_FRONT_LEFT.npy",
      "raw_layout": [
        "velocity",
        "altitude",
        "azimuth",
        "depth"
      ]
    },
    "RADAR_FRONT_RIGHT": {
      "type_id": "sensor.other.radar",
      "blueprint_attributes": {
        "sensor_tick": "0.100000",
        "role_name": "default",
        "noise_seed": "0",
        "ros_name": "sensor.other.radar",
        "horizontal_fov": "35.0",
        "points_per_second": "1500",
        "vertical_fov": "20.0",
        "range": "120.0"
      },
