{
  "schema_version": "stage1.v1",
  "sample_name": "sample_000023",
  "sequence_index": 23,
  "previous_sample_name": "sample_000022",
  "frame_id": 60024,
  "timestamp": 437.31970078498125,
  "platform_timestamp": 16814571.4208612,
  "delta_seconds": 0.10000000149011612,
  "town": "Carla/Maps/Town10HD_Opt",
  "weather": {
    "cloudiness": 20.0,
    "dust_storm": 0.0,
    "fog_density": 2.0,
    "fog_distance": 0.75,
    "fog_falloff": 0.10000000149011612,
    "mie_scattering_scale": 0.029999999329447746,
    "precipitation": 0.0,
    "precipitation_deposits": 0.0,
    "rayleigh_scattering_scale": 0.03310000151395798,
    "scattering_intensity": 1.0,
    "sun_altitude_angle": 45.0,
    "sun_azimuth_angle": 300.0,
    "wetness": 0.0,
    "wind_intensity": 10.0
  },
  "sensor_names": [
    "CAM_FRONT",
    "CAM_FRONT_RIGHT",
    "CAM_FRONT_LEFT",
    "CAM_BACK",
    "CAM_BACK_LEFT",
    "CAM_BACK_RIGHT",
    "LIDAR_TOP",
    "RADAR_FRONT",
    "RADAR_FRONT_LEFT",
    "RADAR_FRONT_RIGHT",
    "RADAR_BACK_LEFT",
    "RADAR_BACK_RIGHT"
  ],
  "camera_order_for_model": [
    "CAM_FRONT",
    "CAM_FRONT_RIGHT",
    "CAM_FRONT_LEFT",
    "CAM_BACK",
    "CAM_BACK_LEFT",
    "CAM_BACK_RIGHT"
  ],
  "radar_order_for_model": [
    "RADAR_FRONT",
    "RADAR_FRONT_LEFT",
    "RADAR_FRONT_RIGHT",
    "RADAR_BACK_LEFT",
    "RADAR_BACK_RIGHT"
  ],
  "coordinate_notes": {
    "carla_world": "left-handed x-forward y-right z-up",
    "bevfusion_lidar": "x-forward y-left z-up",
    "camera_frame_for_model": "OpenCV style x-right y-down z-forward"
  },
  "ego": {
    "actor_id": 28,
    "transform_carla": {
      "location": {
        "x": 103.93633270263672,
        "y": -36.662261962890625,
        "z": -0.005329551640897989
      },
      "rotation": {
        "roll": 0.5907623171806335,
        "pitch": 0.2716502547264099,
        "yaw": -107.98237609863281
      }
    },
    "velocity_carla": [
      -2.884883403778076,
      -7.971362590789795,
      -0.00018803596321959049
    ],
    "angular_velocity_carla": [
      0.08948217332363129,
      2.2308664321899414,
      -15.872221946716309
    ],
    "matrix_world_from_ego_carla": [
      [
        -0.3087209165096283,
        0.9510859251022339,
        0.011270548216998577,
        103.93633270263672
      ],
      [
        -0.951140820980072,
        -0.30875447392463684,
        0.0013262119609862566,
        -36.662261962890625
      ],
      [
        0.004741173703223467,
        -0.010310448706150055,
        0.9999355673789978,
        -0.005329551640897989
      ],
      [
        0.0,
        0.0,
        0.0,
        1.0
      ]
    ],
    "matrix_world_from_ego_bevfusion": [
      [
        -0.3087209165096283,
        -0.9510859251022339,
        0.011270548216998577,
        103.93633270263672
      ],
      [
        0.951140820980072,
        -0.30875447392463684,
        -0.0013262119609862566,
        36.662261962890625
      ],
      [
        0.004741173703223467,
        0.010310448706150055,
        0.9999355673789978,
        -0.005329551640897989
      ],
      [
        0.0,
        0.0,
        0.0,
        1.0
      ]
    ]
  },
  "sensors": {
    "CAM_FRONT": {
      "type_id": "sensor.camera.rgb",
      "blueprint_attributes": {
        "role_name": "front",
        "ros_name": "sensor.camera.rgb",
        "chromatic_aberration_offset": "0.0",
        "sensor_tick": "0.100000",
        "fstop": "1.4",
        "image_size_x": "960",
        "image_size_y": "540",
        "fov": "70.00",
        "lens_circle_falloff": "5.0",
        "lens_circle_multiplier": "0.0",
        "exposure_compensation": "0.0",
        "lens_y_size": "0.08",
        "lens_k": "-1.0",
        "exposure_mode": "histogram",
        "lens_kcube": "0.0",
        "lens_x_size": "0.08",
        "exposure_max_bright": "12.0",
        "shutter_speed": "200.0",
        "bloom_intensity": "0.675",
        "iso": "100.0",
        "enable_postprocess_effects": "false",
        "gamma": "2.2",
        "motion_blur_intensity": "0.0",
        "motion_blur_max_distortion": "0.35",
        "lens_flare_intensity": "0.1",
        "motion_blur_min_object_screen_size": "0.1",
        "exposure_min_bright": "10.0",
        "exposure_speed_up": "3.0",
        "exposure_speed_down": "1.0",
        "tint": "0.0",
        "calibration_constant": "16.0",
        "focal_distance": "1000.0",
        "min_fstop": "1.2",
        "blade_count": "5",
        "blur_amount": "0.0",
        "blur_radius": "0.0",
        "slope": "0.88",
        "toe": "0.55",
        "white_clip": "0.04",
        "shoulder": "0.26",
        "black_clip": "0.0",
        "temp": "6500.0",
        "chromatic_aberration_intensity": "0.0"
      },
      "transform_carla": {
        "location": {
          "x": 103.47698211669922,
          "y": -38.13427734375,
          "z": 1.7019097805023193
        },
        "rotation": {
          "roll": 0.5907623171806335,
          "pitch": 0.2716502547264099,
          "yaw": -107.98237609863281
        }
      },
      "matrix_world_from_sensor_carla": [
        [
          -0.3087209165096283,
          0.9510859251022339,
          0.011270548216998577,
          103.47698211669922
        ],
        [
          -0.951140820980072,
          -0.30875447392463684,
          0.0013262119609862566,
          -38.13427734375
        ],
        [
          0.004741173703223467,
          -0.010310448706150055,
          0.9999355673789978,
          1.7019097805023193
        ],
        [
          0.0,
          0.0,
          0.0,
          1.0
        ]
      ],
      "matrix_world_from_sensor_bevfusion": [
        [
          0.9510859251022339,
          -0.011270548216998577,
          -0.3087209165096283,
          103.47698211669922
        ],
        [
          0.30875447392463684,
          0.0013262119609862566,
          0.951140820980072,
          38.13427734375
        ],
        [
          -0.010310448706150055,
          -0.9999355673789978,
          0.004741173703223467,
          1.7019097805023193
        ],
        [
          0.0,
          0.0,
          0.0,
          1.0
        ]
      ],
      "matrix_ego_from_sensor_carla": [
        [
          1.0,
          9.027921521465032e-09,
          -1.244385150478422e-11,
          1.5499992370605469
        ],
        [
          -9.381028398536273e-09,
          1.0,
          2.962981526799524e-10,
          1.52587890625e-05
        ],
        [
          -1.9550916441346544e-10,
          6.1301008713599e-10,
          1.0,
          1.6999999284744263
        ],
        [
          0.0,
          0.0,
          0.0,
          1.0
        ]
      ],
      "matrix_ego_from_sensor_bevfusion": [
        [
          9.027921521465032e-09,
          1.244385150478422e-11,
          1.0,
          1.5499992370605469
        ],
        [
          -1.0,
          2.962981526799524e-10,
          9.381028398536273e-09,
          -1.52587890625e-05
        ],
        [
          6.1301008713599e-10,
          -1.0,
          -1.9550916441346544e-10,
          1.6999999284744263
        ],
        [
          0.0,
          0.0,
          0.0,
          1.0
        ]
      ],
      "camera_intrinsics": [
        [
          685.5110473632812,
          0.0,
          480.0
        ],
        [
          0.0,
          685.5110473632812,
          270.0
        ],
        [
          0.0,
          0.0,
          1.0
        ]
      ],
      "data_path": "D:\\Agent-AI\\outputs\\s3a_ml_long_v2\\sample_000023\\images\\CAM_FRONT.png",
      "raw_layout": "bgra8"
    },
    "CAM_FRONT_RIGHT": {
      "type_id": "sensor.camera.rgb",
      "blueprint_attributes": {
        "role_name": "front",
        "ros_name": "sensor.camera.rgb",
        "chromatic_aberration_offset": "0.0",
        "sensor_tick": "0.100000",
        "fstop": "1.4",
        "image_size_x": "960",
        "image_size_y": "540",
        "fov": "70.00",
        "lens_circle_falloff": "5.0",
        "lens_circle_multiplier": "0.0",
        "exposure_compensation": "0.0",
        "lens_y_size": "0.08",
        "lens_k": "-1.0",
        "exposure_mode": "histogram",
        "lens_kcube": "0.0",
        "lens_x_size": "0.08",
        "exposure_max_bright": "12.0",
        "shutter_speed": "200.0",
        "bloom_intensity": "0.675",
        "iso": "100.0",
        "enable_postprocess_effects": "false",
        "gamma": "2.2",
        "motion_blur_intensity": "0.0",
        "motion_blur_max_distortion": "0.35",
        "lens_flare_intensity": "0.1",
        "motion_blur_min_object_screen_size": "0.1",
        "exposure_min_bright": "10.0",
        "exposure_speed_up": "3.0",
        "exposure_speed_down": "1.0",
        "tint": "0.0",
        "calibration_constant": "16.0",
        "focal_distance": "1000.0",
        "min_fstop": "1.2",
        "blade_count": "5",
        "blur_amount": "0.0",
        "blur_radius": "0.0",
        "slope": "0.88",
        "toe": "0.55",
        "white_clip": "0.04",
        "shoulder": "0.26",
        "black_clip": "0.0",
        "temp": "6500.0",
        "chromatic_aberration_intensity": "0.0"
      },
      "transform_carla": {
        "location": {
          "x": 104.07725524902344,
          "y": -38.066307067871094,
          "z": 1.6950536966323853
        },
        "rotation": {
          "roll": 0.5613778233528137,
          "pitch": -0.3280949592590332,
          "yaw": -52.98540496826172
        }
      },
      "matrix_world_from_sensor_carla": [
        [
          0.602008581161499,
          0.7984100580215454,
          0.01127049420028925,
          104.07725524902344
        ],
        [
          -0.798469066619873,
          0.6020343899726868,
          0.0013262834399938583,
          -38.066307067871094
        ],
        [
          -0.0057263062335550785,
          -0.009797574952244759,
          0.9999356269836426,
          1.6950536966323853
        ],
        [
          0.0,
          0.0,
          0.0,
          1.0
        ]
      ],
      "matrix_world_from_sensor_bevfusion": [
        [
          0.7984100580215454,
          -0.01127049420028925,
          0.602008581161499,
          104.07725524902344
        ],
        [
          -0.6020343899726868,
          0.0013262834399938583,
          0.798469066619873,
          38.066307067871094
        ],
        [
          -0.009797574952244759,
          -0.9999356269836426,
          -0.0057263062335550785,
          1.6950536966323853
        ],
        [
          0.0,
          0.0,
          0.0,
          1.0
        ]
      ],
      "matrix_ego_from_sensor_carla": [
        [
          0.573576807975769,
          -0.8191518187522888,
          -5.095258970300165e-08,
          1.300001621246338
        ],
        [
          0.8191518187522888,
          0.5735766887664795,
          -7.389273548596975e-08,
          0.5500030517578125
        ],
        [
          8.922283001311371e-08,
          -7.372529253757421e-10,
          1.0,
          1.6999999284744263
        ],
        [
          0.0,
          0.0,
          0.0,
          1.0
        ]
      ],
      "matrix_ego_from_sensor_bevfusion": [
        [
          -0.8191518187522888,
          5.095258970300165e-08,
          0.573576807975769,
          1.300001621246338
        ],
        [
          -0.5735766887664795,
          -7.389273548596975e-08,
          -0.8191518187522888,
          -0.5500030517578125
        ],
        [
          -7.372529253757421e-10,
          -1.0,
          8.922283001311371e-08,
          1.6999999284744263
        ],
        [
          0.0,
          0.0,
          0.0,
          1.0
        ]
      ],
      "camera_intrinsics": [
        [
          685.5110473632812,
          0.0,
          480.0
        ],
        [
          0.0,
          685.5110473632812,
          270.0
        ],
        [
          0.0,
          0.0,
          1.0
        ]
      ],
      "data_path": "D:\\Agent-AI\\outputs\\s3a_ml_long_v2\\sample_000023\\images\\CAM_FRONT_RIGHT.png",
      "raw_layout": "bgra8"
    },
    "CAM_FRONT_LEFT": {
      "type_id": "sensor.camera.rgb",
      "blueprint_attributes": {
        "role_name": "front",
        "ros_name": "sensor.camera.rgb",
        "chromatic_aberration_offset": "0.0",
        "sensor_tick": "0.100000",
        "fstop": "1.4",
        "image_size_x": "960",
        "image_size_y": "540",
        "fov": "70.00",
        "lens_circle_falloff": "5.0",
        "lens_circle_multiplier": "0.0",
        "exposure_compensation": "0.0",
        "lens_y_size": "0.08",
        "lens_k": "-1.0",
        "exposure_mode": "histogram",
        "lens_kcube": "0.0",
        "lens_x_size": "0.08",
        "exposure_max_bright": "12.0",
        "shutter_speed": "200.0",
        "bloom_intensity": "0.675",
        "iso": "100.0",
        "enable_postprocess_effects": "false",
        "gamma": "2.2",
        "motion_blur_intensity": "0.0",
        "motion_blur_max_distortion": "0.35",
        "lens_flare_intensity": "0.1",
        "motion_blur_min_object_screen_size": "0.1",
        "exposure_min_bright": "10.0",
        "exposure_speed_up": "3.0",
        "exposure_speed_down": "1.0",
        "tint": "0.0",
        "calibration_constant": "16.0",
        "focal_distance": "1000.0",
        "min_fstop": "1.2",
        "blade_count": "5",
        "blur_amount": "0.0",
        "blur_radius": "0.0",
        "slope": "0.88",
        "toe": "0.55",
        "white_clip": "0.04",
        "shoulder": "0.26",
        "black_clip": "0.0",
        "temp": "6500.0",
        "chromatic_aberration_intensity": "0.0"
      },
      "transform_carla": {
        "location": {
          "x": 103.03105926513672,
          "y": -37.72667694091797,
          "z": 1.7063952684402466
        },
        "rotation": {
          "roll": 0.11632278561592102,
          "pitch": 0.639735996723175,
          "yaw": -162.98309326171875
        }
      },
      "matrix_world_from_sensor_carla": [
        [
          -0.9561588168144226,
          0.292631596326828,
          0.011270563118159771,
          103.03105926513672
        ],
        [
          -0.29263561964035034,
          -0.9562230706214905,
          0.0013262237189337611,
          -37.72667694091797
        ],
        [
          0.011165267787873745,
          -0.002030087634921074,
          0.9999355673789978,
          1.7063952684402466
        ],
        [
          0.0,
          0.0,
          0.0,
          1.0
        ]
      ],
      "matrix_world_from_sensor_bevfusion": [
        [
          0.292631596326828,
          -0.011270563118159771,
          -0.9561588168144226,
          103.03105926513672
        ],
        [
          0.9562230706214905,
          0.0013262237189337611,
          0.29263561964035034,
          37.72667694091797
        ],
        [
          -0.002030087634921074,
          -0.9999355673789978,
          0.011165267787873745,
          1.7063952684402466
        ],
        [
          0.0,
          0.0,
          0.0,
          1.0
        ]
      ],
      "matrix_ego_from_sensor_carla": [
        [
          0.5735768675804138,
          0.819151759147644,
          -1.5844927148123134e-08,
          1.300002098083496
        ],
        [
          -0.8191516995429993,
          0.5735768675804138,
          1.0540846417939065e-08,
          -0.5499954223632812
        ],
        [
          1.8865513595756056e-08,
          6.351300818607797e-09,
          1.0,
          1.6999999284744263
        ],
        [
          0.0,
          0.0,
          0.0,
          1.0
        ]
      ],
      "matrix_ego_from_sensor_bevfusion": [
        [
          0.819151759147644,
          1.5844927148123134e-08,
          0.5735768675804138,
          1.300002098083496
        ],
        [
          -0.5735768675804138,
          1.0540846417939065e-08,
          0.8191516995429993,
          0.5499954223632812
        ],
        [
          6.351300818607797e-09,
          -1.0,
          1.8865513595756056e-08,
          1.6999999284744263
        ],
        [
          0.0,
          0.0,
          0.0,
          1.0
        ]
      ],
      "camera_intrinsics": [
        [
          685.5110473632812,
          0.0,
          480.0
        ],
        [
          0.0,
          685.5110473632812,
          270.0
        ],
        [
          0.0,
          0.0,
          1.0
        ]
      ],
      "data_path": "D:\\Agent-AI\\outputs\\s3a_ml_long_v2\\sample_000023\\images\\CAM_FRONT_LEFT.png",
      "raw_layout": "bgra8"
    },
    "CAM_BACK": {
      "type_id": "sensor.camera.rgb",
      "blueprint_attributes": {
        "role_name": "front",
        "ros_name": "sensor.camera.rgb",
        "chromatic_aberration_offset": "0.0",
        "sensor_tick": "0.100000",
        "fstop": "1.4",
        "image_size_x": "960",
        "image_size_y": "540",
        "fov": "70.00",
        "lens_circle_falloff": "5.0",
        "lens_circle_multiplier": "0.0",
        "exposure_compensation": "0.0",
        "lens_y_size": "0.08",
        "lens_k": "-1.0",
        "exposure_mode": "histogram",
        "lens_kcube": "0.0",
        "lens_x_size": "0.08",
        "exposure_max_bright": "12.0",
        "shutter_speed": "200.0",
        "bloom_intensity": "0.675",
        "iso": "100.0",
        "enable_postprocess_effects": "false",
        "gamma": "2.2",
        "motion_blur_intensity": "0.0",
        "motion_blur_max_distortion": "0.35",
        "lens_flare_intensity": "0.1",
        "motion_blur_min_object_screen_size": "0.1",
        "exposure_min_bright": "10.0",
        "exposure_speed_up": "3.0",
        "exposure_speed_down": "1.0",
        "tint": "0.0",
        "calibration_constant": "16.0",
        "focal_distance": "1000.0",
        "min_fstop": "1.2",
        "blade_count": "5",
        "blur_amount": "0.0",
        "blur_radius": "0.0",
        "slope": "0.88",
        "toe": "0.55",
        "white_clip": "0.04",
        "shoulder": "0.26",
        "black_clip": "0.0",
        "temp": "6500.0",
        "chromatic_aberration_intensity": "0.0"
      },
      "transform_carla": {
        "location": {
          "x": 104.43401336669922,
          "y": -35.18573760986328,
          "z": 1.6872119903564453
        },
        "rotation": {
          "roll": -0.5907623171806335,
          "pitch": -0.2716502547264099,
          "yaw": 72.01763153076172
        }
      },
      "matrix_world_from_sensor_carla": [
        [
          0.30872082710266113,
          -0.9510859251022339,
          0.011270547285676003,
          104.43401336669922
        ],
        [
          0.951140820980072,
          0.3087543845176697,
          0.0013262126594781876,
          -35.18573760986328
        ],
        [
          -0.004741173703223467,
          0.010310448706150055,
          0.9999355673789978,
          1.6872119903564453
        ],
        [
          0.0,
          0.0,
          0.0,
          1.0
        ]
      ],
      "matrix_world_from_sensor_bevfusion": [
        [
          -0.9510859251022339,
          -0.011270547285676003,
          0.30872082710266113,
          104.43401336669922
        ],
        [
          -0.3087543845176697,
          0.0013262126594781876,
          -0.951140820980072,
          35.18573760986328
        ],
        [
          0.010310448706150055,
          -0.9999355673789978,
          -0.004741173703223467,
          1.6872119903564453
        ],
        [
          0.0,
          0.0,
          0.0,
          1.0
        ]
      ],
      "matrix_ego_from_sensor_carla": [
        [
          -0.9999999403953552,
          7.601347107311085e-08,
          -4.781051110569479e-10,
          -1.5500009059906006
        ],
        [
          -8.002594142908492e-08,
          -1.0,
          -6.350244219355261e-10,
          7.62939453125e-06
        ],
        [
          -1.2014746975097523e-09,
          -6.1301008713599e-10,
          1.0,
          1.6999999284744263
        ],
        [
          0.0,
          0.0,
          0.0,
          1.0
        ]
      ],
      "matrix_ego_from_sensor_bevfusion": [
        [
          7.601347107311085e-08,
          4.781051110569479e-10,
          -0.9999999403953552,
          -1.5500009059906006
        ],
        [
          1.0,
          -6.350244219355261e-10,
          8.002594142908492e-08,
          -7.62939453125e-06
        ],
        [
          -6.1301008713599e-10,
          -1.0,
          -1.2014746975097523e-09,
          1.6999999284744263
        ],
        [
          0.0,
          0.0,
          0.0,
          1.0
        ]
      ],
      "camera_intrinsics": [
        [
          685.5110473632812,
          0.0,
          480.0
        ],
        [
          0.0,
          685.5110473632812,
          270.0
        ],
        [
          0.0,
          0.0,
          1.0
        ]
      ],
      "data_path": "D:\\Agent-AI\\outputs\\s3a_ml_long_v2\\sample_000023\\images\\CAM_BACK.png",
      "raw_layout": "bgra8"
    },
    "CAM_BACK_LEFT": {
      "type_id": "sensor.camera.rgb",
      "blueprint_attributes": {
        "role_name": "front",
        "ros_name": "sensor.camera.rgb",
        "chromatic_aberration_offset": "0.0",
        "sensor_tick": "0.100000",
        "fstop": "1.4",
        "image_size_x": "960",
        "image_size_y": "540",
        "fov": "70.00",
        "lens_circle_falloff": "5.0",
        "lens_circle_multiplier": "0.0",
        "exposure_compensation": "0.0",
        "lens_y_size": "0.08",
        "lens_k": "-1.0",
        "exposure_mode": "histogram",
        "lens_kcube": "0.0",
        "lens_x_size": "0.08",
        "exposure_max_bright": "12.0",
        "shutter_speed": "200.0",
        "bloom_intensity": "0.675",
        "iso": "100.0",
        "enable_postprocess_effects": "false",
        "gamma": "2.2",
        "motion_blur_intensity": "0.0",
        "motion_blur_max_distortion": "0.35",
        "lens_flare_intensity": "0.1",
        "motion_blur_min_object_screen_size": "0.1",
        "exposure_min_bright": "10.0",
        "exposure_speed_up": "3.0",
        "exposure_speed_down": "1.0",
        "tint": "0.0",
        "calibration_constant": "16.0",
        "focal_distance": "1000.0",
        "min_fstop": "1.2",
        "blade_count": "5",
        "blur_amount": "0.0",
        "blur_radius": "0.0",
        "slope": "0.88",
        "toe": "0.55",
        "white_clip": "0.04",
        "shoulder": "0.26",
        "black_clip": "0.0",
        "temp": "6500.0",
        "chromatic_aberration_intensity": "0.0"
      },
      "transform_carla": {
        "location": {
          "x": 103.833740234375,
          "y": -35.25371170043945,
          "z": 1.6940680742263794
        },
        "rotation": {
          "roll": -0.5613776445388794,
          "pitch": 0.3280949592590332,
          "yaw": 127.01461791992188
        }
      },
      "matrix_world_from_sensor_carla": [
        [
          -0.6020089387893677,
          -0.7984097599983215,
          0.011270489543676376,
          103.833740234375
        ],
        [
          0.7984687685966492,
          -0.6020347476005554,
          0.0013262862339615822,
          -35.25371170043945
        ],
        [
          0.0057263062335550785,
          0.00979757122695446,
          0.9999356269836426,
          1.6940680742263794
        ],
        [
          0.0,
          0.0,
          0.0,
          1.0
        ]
      ],
      "matrix_world_from_sensor_bevfusion": [
        [
          -0.7984097599983215,
          -0.011270489543676376,
          -0.6020089387893677,
          103.833740234375
        ],
        [
          0.6020347476005554,
          0.0013262862339615822,
          -0.7984687685966492,
          35.25371170043945
        ],
        [
          0.00979757122695446,
          -0.9999356269836426,
          0.0057263062335550785,
          1.6940680742263794
        ],
        [
          0.0,
          0.0,
          0.0,
          1.0
        ]
      ],
      "matrix_ego_from_sensor_carla": [
        [
          -0.5735763907432556,
          0.8191521167755127,
          -5.234957356492487e-08,
          -1.3000013828277588
        ],
        [
          -0.8191521167755127,
          -0.5735763907432556,
          -7.948067093366262e-08,
          -0.54998779296875
        ],
        [
          -9.341378159888336e-08,
          -1.9382984106641743e-10,
          1.0,
          1.6999999284744263
        ],
        [
          0.0,
          0.0,
          0.0,
          1.0
        ]
      ],
      "matrix_ego_from_sensor_bevfusion": [
        [
          0.8191521167755127,
          5.234957356492487e-08,
          -0.5735763907432556,
          -1.3000013828277588
        ],
        [
          0.5735763907432556,
          -7.948067093366262e-08,
          0.8191521167755127,
          0.54998779296875
        ],
        [
          -1.9382984106641743e-10,
          -1.0,
          -9.341378159888336e-08,
          1.6999999284744263
        ],
        [
          0.0,
          0.0,
          0.0,
          1.0
        ]
      ],
      "camera_intrinsics": [
        [
          685.5110473632812,
          0.0,
          480.0
        ],
        [
          0.0,
          685.5110473632812,
          270.0
        ],
        [
          0.0,
          0.0,
          1.0
        ]
      ],
      "data_path": "D:\\Agent-AI\\outputs\\s3a_ml_long_v2\\sample_000023\\images\\CAM_BACK_LEFT.png",
      "raw_layout": "bgra8"
    },
    "CAM_BACK_RIGHT": {
      "type_id": "sensor.camera.rgb",
      "blueprint_attributes": {
        "role_name": "front",
        "ros_name": "sensor.camera.rgb",
        "chromatic_aberration_offset": "0.0",
        "sensor_tick": "0.100000",
        "fstop": "1.4",
        "image_size_x": "960",
        "image_size_y": "540",
        "fov": "70.00",
        "lens_circle_falloff": "5.0",
        "lens_circle_multiplier": "0.0",
        "exposure_compensation": "0.0",
        "lens_y_size": "0.08",
        "lens_k": "-1.0",
        "exposure_mode": "histogram",
        "lens_kcube": "0.0",
        "lens_x_size": "0.08",
        "exposure_max_bright": "12.0",
        "shutter_speed": "200.0",
        "bloom_intensity": "0.675",
        "iso": "100.0",
        "enable_postprocess_effects": "false",
        "gamma": "2.2",
        "motion_blur_intensity": "0.0",
        "motion_blur_max_distortion": "0.35",
        "lens_flare_intensity": "0.1",
        "motion_blur_min_object_screen_size": "0.1",
        "exposure_min_bright": "10.0",
        "exposure_speed_up": "3.0",
        "exposure_speed_down": "1.0",
        "tint": "0.0",
        "calibration_constant": "16.0",
        "focal_distance": "1000.0",
        "min_fstop": "1.2",
        "blade_count": "5",
        "blur_amount": "0.0",
        "blur_radius": "0.0",
        "slope": "0.88",
        "toe": "0.55",
        "white_clip": "0.04",
        "shoulder": "0.26",
        "black_clip": "0.0",
        "temp": "6500.0",
        "chromatic_aberration_intensity": "0.0"
      },
      "transform_carla": {
        "location": {
          "x": 104.87992858886719,
          "y": -35.59333801269531,
          "z": 1.682726502418518
        },
        "rotation": {
          "roll": -0.11632271856069565,
          "pitch": -0.639735996723175,
          "yaw": 17.01688575744629
        }
      },
      "matrix_world_from_sensor_carla": [
        [
          0.9561589360237122,
          -0.29263126850128174,
          0.011270563118159771,
          104.87992858886719
        ],
        [
          0.2926352918148041,
          0.95622318983078,
          0.0013262208085507154,
          -35.59333801269531
        ],
        [
          -0.011165267787873745,
          0.0020300864707678556,
          0.9999355673789978,
          1.682726502418518
        ],
        [
          0.0,
          0.0,
          0.0,
          1.0
        ]
      ],
      "matrix_world_from_sensor_bevfusion": [
        [
          -0.29263126850128174,
          -0.011270563118159771,
          0.9561589360237122,
          104.87992858886719
        ],
        [
          -0.95622318983078,
          0.0013262208085507154,
          -0.2926352918148041,
          35.59333801269531
        ],
        [
          0.0020300864707678556,
          -0.9999355673789978,
          -0.011165267787873745,
          1.682726502418518
        ],
        [
          0.0,
          0.0,
          0.0,
          1.0
        ]
      ],
      "matrix_ego_from_sensor_carla": [
        [
          -0.5735765695571899,
          -0.8191519975662231,
          -1.3050960312455118e-08,
          -1.3000017404556274
        ],
        [
          0.8191518783569336,
          -0.5735765695571899,
          1.1472168992554543e-08,
          0.5500030517578125
        ],
        [
          -1.7934191021140578e-08,
          -3.5572580436848966e-09,
          1.0,
          1.6999996900558472
        ],
        [
          0.0,
          0.0,
          0.0,
          1.0
        ]
      ],
      "matrix_ego_from_sensor_bevfusion": [
        [
          -0.8191519975662231,
          1.3050960312455118e-08,
          -0.5735765695571899,
          -1.3000017404556274
        ],
        [
          0.5735765695571899,
          1.1472168992554543e-08,
          -0.8191518783569336,
          -0.5500030517578125
        ],
        [
          -3.5572580436848966e-09,
          -1.0,
          -1.7934191021140578e-08,
          1.6999996900558472
        ],
        [
          0.0,
          0.0,
          0.0,
          1.0
        ]
      ],
      "camera_intrinsics": [
        [
          685.5110473632812,
          0.0,
          480.0
        ],
        [
          0.0,
          685.5110473632812,
          270.0
        ],
        [
          0.0,
          0.0,
          1.0
        ]
      ],
      "data_path": "D:\\Agent-AI\\outputs\\s3a_ml_long_v2\\sample_000023\\images\\CAM_BACK_RIGHT.png",
      "raw_layout": "bgra8"
    },
    "LIDAR_TOP": {
      "type_id": "sensor.lidar.ray_cast",
      "blueprint_attributes": {
        "atmosphere_attenuation_rate": "0.004",
        "role_name": "front",
        "noise_seed": "0",
        "upper_fov": "10.0",
        "ros_name": "sensor.lidar.ray_cast",
        "sensor_tick": "0.100000",
        "channels": "32",
        "range": "120.0",
        "points_per_second": "360000",
        "lower_fov": "-30.0",
        "rotation_frequency": "10.000000",
        "horizontal_fov": "360.0",
        "dropoff_general_rate": "0.0",
        "dropoff_intensity_limit": "1.0",
        "noise_stddev": "0.0",
        "dropoff_zero_intensity": "0.0"
      },
      "transform_carla": {
        "location": {
          "x": 103.96112823486328,
          "y": -36.65934371948242,
          "z": 2.194528818130493
        },
        "rotation": {
          "roll": 0.5907623171806335,
          "pitch": 0.2716502547264099,
          "yaw": -107.98237609863281
        }
      },
      "matrix_world_from_sensor_carla": [
        [
          -0.3087209165096283,
          0.9510859251022339,
          0.011270548216998577,
          103.96112823486328
        ],
        [
          -0.951140820980072,
          -0.30875447392463684,
          0.0013262119609862566,
          -36.65934371948242
        ],
        [
          0.004741173703223467,
          -0.010310448706150055,
          0.9999355673789978,
          2.194528818130493
        ],
        [
          0.0,
          0.0,
          0.0,
          1.0
        ]
      ],
      "matrix_world_from_sensor_bevfusion": [
        [
          -0.3087209165096283,
          -0.9510859251022339,
          0.011270548216998577,
          103.96112823486328
        ],
        [
          0.951140820980072,
          -0.30875447392463684,
          -0.0013262119609862566,
          36.65934371948242
        ],
        [
          0.004741173703223467,
          0.010310448706150055,
          0.9999355673789978,
          2.194528818130493
        ],
        [
          0.0,
          0.0,
          0.0,
          1.0
        ]
      ],
      "matrix_ego_from_sensor_carla": [
        [
          1.0,
          9.027921521465032e-09,
          -1.244385150478422e-11,
          -2.384185791015625e-07
        ],
        [
          -9.381028398536273e-09,
          1.0,
          2.962981526799524e-10,
          0.0
        ],
        [
          -1.9550916441346544e-10,
          6.1301008713599e-10,
          1.0,
          2.1999998092651367
        ],
        [
          0.0,
          0.0,
          0.0,
          1.0
        ]
      ],
      "matrix_ego_from_sensor_bevfusion": [
        [
          1.0,
          -9.027921521465032e-09,
          -1.244385150478422e-11,
          -2.384185791015625e-07
        ],
        [
          9.381028398536273e-09,
          1.0,
          -2.962981526799524e-10,
          0.0
        ],
        [
          -1.9550916441346544e-10,
          -6.1301008713599e-10,
          1.0,
          2.1999998092651367
        ],
        [
          0.0,
          0.0,
          0.0,
          1.0
        ]
      ],
      "data_path": "D:\\Agent-AI\\outputs\\s3a_ml_long_v2\\sample_000023\\lidar\\LIDAR_TOP.npy",
      "raw_layout": [
        "x",
        "y",
        "z",
        "intensity"
      ]
    },
    "RADAR_FRONT": {
      "type_id": "sensor.other.radar",
      "blueprint_attributes": {
        "sensor_tick": "0.100000",
        "role_name": "default",
        "noise_seed": "0",
        "ros_name": "sensor.other.radar",
        "horizontal_fov": "35.0",
        "points_per_second": "1500",
        "vertical_fov": "20.0",
        "range": "120.0"
      },
      "transform_carla": {
        "location": {
          "x": 103.32904052734375,
          "y": -38.563350677490234,
          "z": 0.9040948152542114
        },
        "rotation": {
          "roll": 0.5907623171806335,
          "pitch": 0.2716502547264099,
          "yaw": -107.98237609863281
        }
      },
      "matrix_world_from_sensor_carla": [
        [
          -0.3087209165096283,
          0.9510859251022339,
          0.011270548216998577,
          103.32904052734375
        ],
        [
          -0.951140820980072,
          -0.30875447392463684,
          0.0013262119609862566,
          -38.563350677490234
        ],
        [
          0.004741173703223467,
          -0.010310448706150055,
          0.9999355673789978,
          0.9040948152542114
        ],
        [
          0.0,
          0.0,
          0.0,
          1.0
        ]
      ],
      "matrix_world_from_sensor_bevfusion": [
        [
          -0.3087209165096283,
          -0.9510859251022339,
          0.011270548216998577,
          103.32904052734375
        ],
        [
          0.951140820980072,
          -0.30875447392463684,
          -0.0013262119609862566,
          38.563350677490234
        ],
        [
          0.004741173703223467,
          0.010310448706150055,
          0.9999355673789978,
          0.9040948152542114
        ],
        [
          0.0,
          0.0,
          0.0,
          1.0
        ]
      ],
      "matrix_ego_from_sensor_carla": [
        [
          1.0,
          9.027921521465032e-09,
          -1.244385150478422e-11,
          1.9999990463256836
        ],
        [
          -9.381028398536273e-09,
          1.0,
          2.962981526799524e-10,
          7.62939453125e-06
        ],
        [
          -1.9550916441346544e-10,
          6.1301008713599e-10,
          1.0,
          0.8999999761581421
        ],
        [
          0.0,
          0.0,
          0.0,
          1.0
        ]
      ],
      "matrix_ego_from_sensor_bevfusion": [
        [
          1.0,
          -9.027921521465032e-09,
          -1.244385150478422e-11,
          1.9999990463256836
        ],
        [
          9.381028398536273e-09,
          1.0,
          -2.962981526799524e-10,
          -7.62939453125e-06
        ],
        [
          -1.9550916441346544e-10,
          -6.1301008713599e-10,
          1.0,
          0.8999999761581421
        ],
        [
          0.0,
          0.0,
          0.0,
          1.0
        ]
      ],
      "data_path": "D:\\Agent-AI\\outputs\\s3a_ml_long_v2\\sample_000023\\radar\\RADAR_FRONT.npy",
      "raw_layout": [
        "velocity",
        "altitude",
        "azimuth",
        "depth"
      ]
    },
    "RADAR_FRONT_LEFT": {
      "type_id": "sensor.other.radar",
      "blueprint_attributes": {
        "sensor_tick": "0.100000",
        "role_name": "default",
        "noise_seed": "0",
        "ros_name": "sensor.other.radar",
        "horizontal_fov": "35.0",
        "points_per_second": "1500",
        "vertical_fov": "20.0",
        "range": "120.0"
      },
      "transform_carla": {
        "location": {
          "x": 102.7237777709961,
          "y": -37.99888610839844,
          "z": 0.9101682901382446
        },
        "rotation": {
          "roll": 0.2256481945514679,
          "pitch": 0.609819769859314,
          "yaw": -152.9825897216797
        }
      },
      "matrix_world_from_sensor_carla": [
        [
          -0.8908181190490723,
          0.45422035455703735,
          0.011270598508417606,
          102.7237777709961
        ],
        [
          -0.4542354941368103,
          -0.8908806443214417,
          0.001326236641034484,
          -37.99888610839844
        ],
        [
          0.010643161833286285,
          -0.003938070498406887,
          0.9999356269836426,
          0.9101682901382446
        ],
        [
          0.0,
          0.0,
          0.0,
          1.0
        ]
      ],
      "matrix_world_from_sensor_bevfusion": [
        [
          -0.8908181190490723,
          -0.45422035455703735,
          0.011270598508417606,
          102.7237777709961
        ],
        [
          0.4542354941368103,
          -0.8908806443214417,
          -0.001326236641034484,
          37.99888610839844
        ],
        [
          0.010643161833286285,
          0.003938070498406887,
          0.9999356269836426,
          0.9101682901382446
        ],
        [
          0.0,
          0.0,
          0.0,
          1.0
        ]
      ],
      "matrix_ego_from_sensor_carla": [
        [
          0.7071066498756409,
          0.7071070075035095,
          -3.884539623300043e-08,
          1.6500000953674316
        ],
        [
          -0.7071070075035095,
          0.7071065306663513,
          3.972861861711863e-08,
          -0.7499923706054688
        ],
        [
          5.620033860509466e-08,
          -1.676908834014057e-09,
          1.0,
          0.8999999761581421
        ],
        [
          0.0,
          0.0,
          0.0,
          1.0
        ]
      ],
      "matrix_ego_from_sensor_bevfusion": [
        [
          0.7071066498756409,
          -0.7071070075035095,
          -3.884539623300043e-08,
          1.6500000953674316
        ],
        [
          0.7071070075035095,
          0.7071065306663513,
          -3.972861861711863e-08,
          0.7499923706054688
        ],
        [
          5.620033860509466e-08,
          1.676908834014057e-09,
          1.0,
          0.8999999761581421
        ],
        [
          0.0,
          0.0,
          0.0,
          1.0
        ]
      ],
      "data_path": "D:\\Agent-AI\\outputs\\s3a_ml_long_v2\\sample_000023\\radar\\RADAR_FRONT_LEFT.npy",
      "raw_layout": [
        "velocity",
        "altitude",
        "azimuth",
        "depth"
      ]
    },
    "RADAR_FRONT_RIGHT": {
      "type_id": "sensor.other.radar",
      "blueprint_attributes": {
        "sensor_tick": "0.100000",
        "role_name": "default",
        "noise_seed": "0",
        "ros_name": "sensor.other.radar",
        "horizontal_fov": "35.0",
        "points_per_second": "1500",
