{
  "schema_version": "stage1.v1",
  "sample_name": "sample_000055",
  "sequence_index": 55,
  "previous_sample_name": "sample_000054",
  "frame_id": 60056,
  "timestamp": 440.51970083266497,
  "platform_timestamp": 16814586.4584012,
  "delta_seconds": 0.10000000149011612,
  "town": "Carla/Maps/Town10HD_Opt",
  "weather": {
    "cloudiness": 20.0,
    "dust_storm": 0.0,
    "fog_density": 2.0,
    "fog_distance": 0.75,
    "fog_falloff": 0.10000000149011612,
    "mie_scattering_scale": 0.029999999329447746,
    "precipitation": 0.0,
    "precipitation_deposits": 0.0,
    "rayleigh_scattering_scale": 0.03310000151395798,
    "scattering_intensity": 1.0,
    "sun_altitude_angle": 45.0,
    "sun_azimuth_angle": 300.0,
    "wetness": 0.0,
    "wind_intensity": 10.0
  },
  "sensor_names": [
    "CAM_FRONT",
    "CAM_FRONT_RIGHT",
    "CAM_FRONT_LEFT",
    "CAM_BACK",
    "CAM_BACK_LEFT",
    "CAM_BACK_RIGHT",
    "LIDAR_TOP",
    "RADAR_FRONT",
    "RADAR_FRONT_LEFT",
    "RADAR_FRONT_RIGHT",
    "RADAR_BACK_LEFT",
    "RADAR_BACK_RIGHT"
  ],
  "camera_order_for_model": [
    "CAM_FRONT",
    "CAM_FRONT_RIGHT",
    "CAM_FRONT_LEFT",
    "CAM_BACK",
    "CAM_BACK_LEFT",
    "CAM_BACK_RIGHT"
  ],
  "radar_order_for_model": [
    "RADAR_FRONT",
    "RADAR_FRONT_LEFT",
    "RADAR_FRONT_RIGHT",
    "RADAR_BACK_LEFT",
    "RADAR_BACK_RIGHT"
  ],
  "coordinate_notes": {
    "carla_world": "left-handed x-forward y-right z-up",
    "bevfusion_lidar": "x-forward y-left z-up",
    "camera_frame_for_model": "OpenCV style x-right y-down z-forward"
  },
  "ego": {
    "actor_id": 28,
    "transform_carla": {
      "location": {
        "x": 88.63701629638672,
        "y": -56.86116027832031,
        "z": -0.004310302436351776
      },
      "rotation": {
        "roll": 0.6884952783584595,
        "pitch": -0.0051294718869030476,
        "yaw": -144.3975067138672
      }
    },
    "velocity_carla": [
      -6.665327072143555,
      -4.451421737670898,
      -0.00010554313485044986
    ],
    "angular_velocity_carla": [
      1.7578338384628296,
      -0.1078982800245285,
      -15.669116020202637
    ],
    "matrix_world_from_ego_carla": [
      [
        -0.8130754232406616,
        0.5821171998977661,
        0.0069225565530359745,
        88.63701629638672
      ],
      [
        -0.5821583271026611,
        -0.8130160570144653,
        -0.009822208434343338,
        -56.86116027832031
      ],
      [
        -8.95261691766791e-05,
        -0.012016220018267632,
        0.999927818775177,
        -0.004310302436351776
      ],
      [
        0.0,
        0.0,
        0.0,
        1.0
      ]
    ],
    "matrix_world_from_ego_bevfusion": [
      [
        -0.8130754232406616,
        -0.5821171998977661,
        0.0069225565530359745,
        88.63701629638672
      ],
      [
        0.5821583271026611,
        -0.8130160570144653,
        0.009822208434343338,
        56.86116027832031
      ],
      [
        -8.95261691766791e-05,
        0.012016220018267632,
        0.999927818775177,
        -0.004310302436351776
      ],
      [
        0.0,
        0.0,
        0.0,
        1.0
      ]
    ]
  },
  "sensors": {
    "CAM_FRONT": {
      "type_id": "sensor.camera.rgb",
      "blueprint_attributes": {
        "role_name": "front",
        "ros_name": "sensor.camera.rgb",
        "chromatic_aberration_offset": "0.0",
        "sensor_tick": "0.100000",
        "fstop": "1.4",
        "image_size_x": "960",
        "image_size_y": "540",
        "fov": "70.00",
        "lens_circle_falloff": "5.0",
        "lens_circle_multiplier": "0.0",
        "exposure_compensation": "0.0",
        "lens_y_size": "0.08",
        "lens_k": "-1.0",
        "exposure_mode": "histogram",
        "lens_kcube": "0.0",
        "lens_x_size": "0.08",
        "exposure_max_bright": "12.0",
        "shutter_speed": "200.0",
        "bloom_intensity": "0.675",
        "iso": "100.0",
        "enable_postprocess_effects": "false",
        "gamma": "2.2",
        "motion_blur_intensity": "0.0",
        "motion_blur_max_distortion": "0.35",
        "lens_flare_intensity": "0.1",
        "motion_blur_min_object_screen_size": "0.1",
        "exposure_min_bright": "10.0",
        "exposure_speed_up": "3.0",
        "exposure_speed_down": "1.0",
        "tint": "0.0",
        "calibration_constant": "16.0",
        "focal_distance": "1000.0",
        "min_fstop": "1.2",
        "blade_count": "5",
        "blur_amount": "0.0",
        "blur_radius": "0.0",
        "slope": "0.88",
        "toe": "0.55",
        "white_clip": "0.04",
        "shoulder": "0.26",
        "black_clip": "0.0",
        "temp": "6500.0",
        "chromatic_aberration_intensity": "0.0"
      },
      "transform_carla": {
        "location": {
          "x": 87.3885269165039,
          "y": -57.78020477294922,
          "z": 1.6954281330108643
        },
        "rotation": {
          "roll": 0.6884952783584595,
          "pitch": -0.0051294718869030476,
          "yaw": -144.3975067138672
        }
      },
      "matrix_world_from_sensor_carla": [
        [
          -0.8130754232406616,
          0.5821171998977661,
          0.0069225565530359745,
          87.3885269165039
        ],
        [
          -0.5821583271026611,
          -0.8130160570144653,
          -0.009822208434343338,
          -57.78020477294922
        ],
        [
          -8.95261691766791e-05,
          -0.012016220018267632,
          0.999927818775177,
          1.6954281330108643
        ],
        [
          0.0,
          0.0,
          0.0,
          1.0
        ]
      ],
      "matrix_world_from_sensor_bevfusion": [
        [
          0.5821171998977661,
          -0.0069225565530359745,
          -0.8130754232406616,
          87.3885269165039
        ],
        [
          0.8130160570144653,
          -0.009822208434343338,
          0.5821583271026611,
          57.78020477294922
        ],
        [
          -0.012016220018267632,
          -0.999927818775177,
          -8.95261691766791e-05,
          1.6954281330108643
        ],
        [
          0.0,
          0.0,
          0.0,
          1.0
        ]
      ],
      "matrix_ego_from_sensor_carla": [
        [
          1.0,
          -3.677104842836343e-09,
          -2.7997330148687993e-11,
          1.54998779296875
        ],
        [
          -1.7445264788307213e-08,
          0.9999999403953552,
          -6.470936564362262e-10,
          7.62939453125e-06
        ],
        [
          5.7326060565188186e-11,
          6.906164529141279e-11,
          1.0,
          1.6999999284744263
        ],
        [
          0.0,
          0.0,
          0.0,
          1.0
        ]
      ],
      "matrix_ego_from_sensor_bevfusion": [
        [
          -3.677104842836343e-09,
          2.7997330148687993e-11,
          1.0,
          1.54998779296875
        ],
        [
          -0.9999999403953552,
          -6.470936564362262e-10,
          1.7445264788307213e-08,
          -7.62939453125e-06
        ],
        [
          6.906164529141279e-11,
          -1.0,
          5.7326060565188186e-11,
          1.6999999284744263
        ],
        [
          0.0,
          0.0,
          0.0,
          1.0
        ]
      ],
      "camera_intrinsics": [
        [
          685.5110473632812,
          0.0,
          480.0
        ],
        [
          0.0,
          685.5110473632812,
          270.0
        ],
        [
          0.0,
          0.0,
          1.0
        ]
      ],
      "data_path": "D:\\Agent-AI\\outputs\\s3a_ml_long_v2\\sample_000055\\images\\CAM_FRONT.png",
      "raw_layout": "bgra8"
    },
    "CAM_FRONT_RIGHT": {
      "type_id": "sensor.camera.rgb",
      "blueprint_attributes": {
        "role_name": "front",
        "ros_name": "sensor.camera.rgb",
        "chromatic_aberration_offset": "0.0",
        "sensor_tick": "0.100000",
        "fstop": "1.4",
        "image_size_x": "960",
        "image_size_y": "540",
        "fov": "70.00",
        "lens_circle_falloff": "5.0",
        "lens_circle_multiplier": "0.0",
        "exposure_compensation": "0.0",
        "lens_y_size": "0.08",
        "lens_k": "-1.0",
        "exposure_mode": "histogram",
        "lens_kcube": "0.0",
        "lens_x_size": "0.08",
        "exposure_max_bright": "12.0",
        "shutter_speed": "200.0",
        "bloom_intensity": "0.675",
        "iso": "100.0",
        "enable_postprocess_effects": "false",
        "gamma": "2.2",
        "motion_blur_intensity": "0.0",
        "motion_blur_max_distortion": "0.35",
        "lens_flare_intensity": "0.1",
        "motion_blur_min_object_screen_size": "0.1",
        "exposure_min_bright": "10.0",
        "exposure_speed_up": "3.0",
        "exposure_speed_down": "1.0",
        "tint": "0.0",
        "calibration_constant": "16.0",
        "focal_distance": "1000.0",
        "min_fstop": "1.2",
        "blade_count": "5",
        "blur_amount": "0.0",
        "blur_radius": "0.0",
        "slope": "0.88",
        "toe": "0.55",
        "white_clip": "0.04",
        "shoulder": "0.26",
        "black_clip": "0.0",
        "temp": "6500.0",
        "chromatic_aberration_intensity": "0.0"
      },
      "transform_carla": {
        "location": {
          "x": 87.91194915771484,
          "y": -58.081825256347656,
          "z": 1.6888418197631836
        },
        "rotation": {
          "roll": 0.39071765542030334,
          "pitch": -0.5669193267822266,
          "yaw": -89.39942932128906
        }
      },
      "matrix_world_from_sensor_carla": [
        [
          0.010481204837560654,
          0.9999210834503174,
          0.006922590080648661,
          87.91194915771484
        ],
        [
          -0.9998961091041565,
          0.010548942722380161,
          -0.009822196327149868,
          -58.081825256347656
        ],
        [
          -0.009894447401165962,
          -0.0068189227022230625,
          0.999927818775177,
          1.6888418197631836
        ],
        [
          0.0,
          0.0,
          0.0,
          1.0
        ]
      ],
      "matrix_world_from_sensor_bevfusion": [
        [
          0.9999210834503174,
          -0.006922590080648661,
          0.010481204837560654,
          87.91194915771484
        ],
        [
          -0.010548942722380161,
          -0.009822196327149868,
          0.9998961091041565,
          58.081825256347656
        ],
        [
          -0.0068189227022230625,
          -0.999927818775177,
          -0.009894447401165962,
          1.6888418197631836
        ],
        [
          0.0,
          0.0,
          0.0,
          1.0
        ]
      ],
      "matrix_ego_from_sensor_carla": [
        [
          0.573576807975769,
          -0.819151759147644,
          -3.4086756528495243e-08,
          1.3000030517578125
        ],
        [
          0.8191518783569336,
          0.5735767483711243,
          8.666131812162803e-09,
          0.5499954223632812
        ],
        [
          1.256586656950276e-08,
          -3.35926237937656e-08,
          1.0,
          1.7000001668930054
        ],
        [
          0.0,
          0.0,
          0.0,
          1.0
        ]
      ],
      "matrix_ego_from_sensor_bevfusion": [
        [
          -0.819151759147644,
          3.4086756528495243e-08,
          0.573576807975769,
          1.3000030517578125
        ],
        [
          -0.5735767483711243,
          8.666131812162803e-09,
          -0.8191518783569336,
          -0.5499954223632812
        ],
        [
          -3.35926237937656e-08,
          -1.0,
          1.256586656950276e-08,
          1.7000001668930054
        ],
        [
          0.0,
          0.0,
          0.0,
          1.0
        ]
      ],
      "camera_intrinsics": [
        [
          685.5110473632812,
          0.0,
          480.0
        ],
        [
          0.0,
          685.5110473632812,
          270.0
        ],
        [
          0.0,
          0.0,
          1.0
        ]
      ],
      "data_path": "D:\\Agent-AI\\outputs\\s3a_ml_long_v2\\sample_000055\\images\\CAM_FRONT_RIGHT.png",
      "raw_layout": "bgra8"
    },
    "CAM_FRONT_LEFT": {
      "type_id": "sensor.camera.rgb",
      "blueprint_attributes": {
        "role_name": "front",
        "ros_name": "sensor.camera.rgb",
        "chromatic_aberration_offset": "0.0",
        "sensor_tick": "0.100000",
        "fstop": "1.4",
        "image_size_x": "960",
        "image_size_y": "540",
        "fov": "70.00",
        "lens_circle_falloff": "5.0",
        "lens_circle_multiplier": "0.0",
        "exposure_compensation": "0.0",
        "lens_y_size": "0.08",
        "lens_k": "-1.0",
        "exposure_mode": "histogram",
        "lens_kcube": "0.0",
        "lens_x_size": "0.08",
        "exposure_max_bright": "12.0",
        "shutter_speed": "200.0",
        "bloom_intensity": "0.675",
        "iso": "100.0",
        "enable_postprocess_effects": "false",
        "gamma": "2.2",
        "motion_blur_intensity": "0.0",
        "motion_blur_max_distortion": "0.35",
        "lens_flare_intensity": "0.1",
        "motion_blur_min_object_screen_size": "0.1",
        "exposure_min_bright": "10.0",
        "exposure_speed_up": "3.0",
        "exposure_speed_down": "1.0",
        "tint": "0.0",
        "calibration_constant": "16.0",
        "focal_distance": "1000.0",
        "min_fstop": "1.2",
        "blade_count": "5",
        "blur_amount": "0.0",
        "blur_radius": "0.0",
        "slope": "0.88",
        "toe": "0.55",
        "white_clip": "0.04",
        "shoulder": "0.26",
        "black_clip": "0.0",
        "temp": "6500.0",
        "chromatic_aberration_intensity": "0.0"
      },
      "transform_carla": {
        "location": {
          "x": 87.2716293334961,
          "y": -57.187503814697266,
          "z": 1.7020596265792847
        },
        "rotation": {
          "roll": 0.3991171717643738,
          "pitch": 0.5610385537147522,
          "yaw": 160.60447692871094
        }
      },
      "matrix_world_from_sensor_carla": [
        [
          -0.9432034492492676,
          -0.3321436643600464,
          0.006922618951648474,
          87.2716293334961
        ],
        [
          0.332071453332901,
          -0.9432030916213989,
          -0.009822189807891846,
          -57.187503814697266
        ],
        [
          0.009791813790798187,
          -0.0069655184634029865,
          0.999927818775177,
          1.7020596265792847
        ],
        [
          0.0,
          0.0,
          0.0,
          1.0
        ]
      ],
      "matrix_world_from_sensor_bevfusion": [
        [
          -0.3321436643600464,
          -0.006922618951648474,
          -0.9432034492492676,
          87.2716293334961
        ],
        [
          0.9432030916213989,
          -0.009822189807891846,
          -0.332071453332901,
          57.187503814697266
        ],
        [
          -0.0069655184634029865,
          -0.999927818775177,
          0.009791813790798187,
          1.7020596265792847
        ],
        [
          0.0,
          0.0,
          0.0,
          1.0
        ]
      ],
      "matrix_ego_from_sensor_carla": [
        [
          0.5735764503479004,
          0.8191520571708679,
          -6.163352850308002e-08,
          1.2999916076660156
        ],
        [
          -0.8191520571708679,
          0.5735764503479004,
          2.0773326170342443e-08,
          -0.5500030517578125
        ],
        [
          5.259047242134329e-08,
          3.846486507086411e-08,
          1.0,
          1.7000001668930054
        ],
        [
          0.0,
          0.0,
          0.0,
          1.0
        ]
      ],
      "matrix_ego_from_sensor_bevfusion": [
        [
          0.8191520571708679,
          6.163352850308002e-08,
          0.5735764503479004,
          1.2999916076660156
        ],
        [
          -0.5735764503479004,
          2.0773326170342443e-08,
          0.8191520571708679,
          0.5500030517578125
        ],
        [
          3.846486507086411e-08,
          -1.0,
          5.259047242134329e-08,
          1.7000001668930054
        ],
        [
          0.0,
          0.0,
          0.0,
          1.0
        ]
      ],
      "camera_intrinsics": [
        [
          685.5110473632812,
          0.0,
          480.0
        ],
        [
          0.0,
          685.5110473632812,
          270.0
        ],
        [
          0.0,
          0.0,
          1.0
        ]
      ],
      "data_path": "D:\\Agent-AI\\outputs\\s3a_ml_long_v2\\sample_000055\\images\\CAM_FRONT_LEFT.png",
      "raw_layout": "bgra8"
    },
    "CAM_BACK": {
      "type_id": "sensor.camera.rgb",
      "blueprint_attributes": {
        "role_name": "front",
        "ros_name": "sensor.camera.rgb",
        "chromatic_aberration_offset": "0.0",
        "sensor_tick": "0.100000",
        "fstop": "1.4",
        "image_size_x": "960",
        "image_size_y": "540",
        "fov": "70.00",
        "lens_circle_falloff": "5.0",
        "lens_circle_multiplier": "0.0",
        "exposure_compensation": "0.0",
        "lens_y_size": "0.08",
        "lens_k": "-1.0",
        "exposure_mode": "histogram",
        "lens_kcube": "0.0",
        "lens_x_size": "0.08",
        "exposure_max_bright": "12.0",
        "shutter_speed": "200.0",
        "bloom_intensity": "0.675",
        "iso": "100.0",
        "enable_postprocess_effects": "false",
        "gamma": "2.2",
        "motion_blur_intensity": "0.0",
        "motion_blur_max_distortion": "0.35",
        "lens_flare_intensity": "0.1",
        "motion_blur_min_object_screen_size": "0.1",
        "exposure_min_bright": "10.0",
        "exposure_speed_up": "3.0",
        "exposure_speed_down": "1.0",
        "tint": "0.0",
        "calibration_constant": "16.0",
        "focal_distance": "1000.0",
        "min_fstop": "1.2",
        "blade_count": "5",
        "blur_amount": "0.0",
        "blur_radius": "0.0",
        "slope": "0.88",
        "toe": "0.55",
        "white_clip": "0.04",
        "shoulder": "0.26",
        "black_clip": "0.0",
        "temp": "6500.0",
        "chromatic_aberration_intensity": "0.0"
      },
      "transform_carla": {
        "location": {
          "x": 89.90904998779297,
          "y": -55.97550964355469,
          "z": 1.6957056522369385
        },
        "rotation": {
          "roll": -0.6884951591491699,
          "pitch": 0.0051294718869030476,
          "yaw": 35.60250473022461
        }
      },
      "matrix_world_from_sensor_carla": [
        [
          0.8130753040313721,
          -0.5821173787117004,
          0.006922557018697262,
          89.90904998779297
        ],
        [
          0.5821585059165955,
          0.8130159378051758,
          -0.00982220470905304,
          -55.97550964355469
        ],
        [
          8.95261691766791e-05,
          0.012016217224299908,
          0.999927818775177,
          1.6957056522369385
        ],
        [
          0.0,
          0.0,
          0.0,
          1.0
        ]
      ],
      "matrix_world_from_sensor_bevfusion": [
        [
          -0.5821173787117004,
          -0.006922557018697262,
          0.8130753040313721,
          89.90904998779297
        ],
        [
          -0.8130159378051758,
          -0.00982220470905304,
          -0.5821585059165955,
          55.97550964355469
        ],
        [
          0.012016217224299908,
          -0.999927818775177,
          8.95261691766791e-05,
          1.6957056522369385
        ],
        [
          0.0,
          0.0,
          0.0,
          1.0
        ]
      ],
      "matrix_ego_from_sensor_carla": [
        [
          -1.0,
          2.2208773486909195e-07,
          -2.6618940385247924e-09,
          -1.5499992370605469
        ],
        [
          -2.1734028621267498e-07,
          -0.9999999403953552,
          -3.441061435793813e-09,
          -7.62939453125e-06
        ],
        [
          -2.7494304610797826e-09,
          -3.794149883162845e-09,
          1.0,
          1.6999996900558472
        ],
        [
          0.0,
          0.0,
          0.0,
          1.0
        ]
      ],
      "matrix_ego_from_sensor_bevfusion": [
        [
          2.2208773486909195e-07,
          2.6618940385247924e-09,
          -1.0,
          -1.5499992370605469
        ],
        [
          0.9999999403953552,
          -3.441061435793813e-09,
          2.1734028621267498e-07,
          7.62939453125e-06
        ],
        [
          -3.794149883162845e-09,
          -1.0,
          -2.7494304610797826e-09,
          1.6999996900558472
        ],
        [
          0.0,
          0.0,
          0.0,
          1.0
        ]
      ],
      "camera_intrinsics": [
        [
          685.5110473632812,
          0.0,
          480.0
        ],
        [
          0.0,
          685.5110473632812,
          270.0
        ],
        [
          0.0,
          0.0,
          1.0
        ]
      ],
      "data_path": "D:\\Agent-AI\\outputs\\s3a_ml_long_v2\\sample_000055\\images\\CAM_BACK.png",
      "raw_layout": "bgra8"
    },
    "CAM_BACK_LEFT": {
      "type_id": "sensor.camera.rgb",
      "blueprint_attributes": {
        "role_name": "front",
        "ros_name": "sensor.camera.rgb",
        "chromatic_aberration_offset": "0.0",
        "sensor_tick": "0.100000",
        "fstop": "1.4",
        "image_size_x": "960",
        "image_size_y": "540",
        "fov": "70.00",
        "lens_circle_falloff": "5.0",
        "lens_circle_multiplier": "0.0",
        "exposure_compensation": "0.0",
        "lens_y_size": "0.08",
        "lens_k": "-1.0",
        "exposure_mode": "histogram",
        "lens_kcube": "0.0",
        "lens_x_size": "0.08",
        "exposure_max_bright": "12.0",
        "shutter_speed": "200.0",
        "bloom_intensity": "0.675",
        "iso": "100.0",
        "enable_postprocess_effects": "false",
        "gamma": "2.2",
        "motion_blur_intensity": "0.0",
        "motion_blur_max_distortion": "0.35",
        "lens_flare_intensity": "0.1",
        "motion_blur_min_object_screen_size": "0.1",
        "exposure_min_bright": "10.0",
        "exposure_speed_up": "3.0",
        "exposure_speed_down": "1.0",
        "tint": "0.0",
        "calibration_constant": "16.0",
        "focal_distance": "1000.0",
        "min_fstop": "1.2",
        "blade_count": "5",
        "blur_amount": "0.0",
        "blur_radius": "0.0",
        "slope": "0.88",
        "toe": "0.55",
        "white_clip": "0.04",
        "shoulder": "0.26",
        "black_clip": "0.0",
        "temp": "6500.0",
        "chromatic_aberration_intensity": "0.0"
      },
      "transform_carla": {
        "location": {
          "x": 89.3856201171875,
          "y": -55.67389678955078,
          "z": 1.7022920846939087
        },
        "rotation": {
          "roll": -0.3907175660133362,
          "pitch": 0.5669193267822266,
          "yaw": 90.6005859375
        }
      },
      "matrix_world_from_sensor_carla": [
        [
          -0.010481530800461769,
          -0.9999210834503174,
          0.006922591477632523,
          89.3856201171875
        ],
        [
          0.9998961091041565,
          -0.010549268685281277,
          -0.009822193533182144,
          -55.67389678955078
        ],
        [
          0.009894447401165962,
          0.006818920839577913,
          0.999927818775177,
          1.7022920846939087
        ],
        [
          0.0,
          0.0,
          0.0,
          1.0
        ]
      ],
      "matrix_world_from_sensor_bevfusion": [
        [
          -0.9999210834503174,
          -0.006922591477632523,
          -0.010481530800461769,
          89.3856201171875
        ],
        [
          0.010549268685281277,
          -0.009822193533182144,
          -0.9998961091041565,
          55.67389678955078
        ],
        [
          0.006818920839577913,
          -0.999927818775177,
          0.009894447401165962,
          1.7022920846939087
        ],
        [
          0.0,
          0.0,
          0.0,
          1.0
        ]
      ],
      "matrix_ego_from_sensor_carla": [
        [
          -0.5735765099525452,
          0.8191519975662231,
          -3.711355489599555e-08,
          -1.3000030517578125
        ],
        [
          -0.8191520571708679,
          -0.5735764503479004,
          7.734809237547324e-09,
          -0.5499954223632812
        ],
        [
          -1.4428511718733716e-08,
          3.498974265880861e-08,
          1.0,
          1.6999999284744263
        ],
        [
          0.0,
          0.0,
          0.0,
          1.0
        ]
      ],
      "matrix_ego_from_sensor_bevfusion": [
        [
          0.8191519975662231,
          3.711355489599555e-08,
          -0.5735765099525452,
          -1.3000030517578125
        ],
        [
          0.5735764503479004,
          7.734809237547324e-09,
          0.8191520571708679,
          0.5499954223632812
        ],
        [
          3.498974265880861e-08,
          -1.0,
          -1.4428511718733716e-08,
          1.6999999284744263
        ],
        [
          0.0,
          0.0,
          0.0,
          1.0
        ]
      ],
      "camera_intrinsics": [
        [
          685.5110473632812,
          0.0,
          480.0
        ],
        [
          0.0,
          685.5110473632812,
          270.0
        ],
        [
          0.0,
          0.0,
          1.0
        ]
      ],
      "data_path": "D:\\Agent-AI\\outputs\\s3a_ml_long_v2\\sample_000055\\images\\CAM_BACK_LEFT.png",
      "raw_layout": "bgra8"
    },
    "CAM_BACK_RIGHT": {
      "type_id": "sensor.camera.rgb",
      "blueprint_attributes": {
        "role_name": "front",
        "ros_name": "sensor.camera.rgb",
        "chromatic_aberration_offset": "0.0",
        "sensor_tick": "0.100000",
        "fstop": "1.4",
        "image_size_x": "960",
        "image_size_y": "540",
        "fov": "70.00",
        "lens_circle_falloff": "5.0",
        "lens_circle_multiplier": "0.0",
        "exposure_compensation": "0.0",
        "lens_y_size": "0.08",
        "lens_k": "-1.0",
        "exposure_mode": "histogram",
        "lens_kcube": "0.0",
        "lens_x_size": "0.08",
        "exposure_max_bright": "12.0",
        "shutter_speed": "200.0",
        "bloom_intensity": "0.675",
        "iso": "100.0",
        "enable_postprocess_effects": "false",
        "gamma": "2.2",
        "motion_blur_intensity": "0.0",
        "motion_blur_max_distortion": "0.35",
        "lens_flare_intensity": "0.1",
        "motion_blur_min_object_screen_size": "0.1",
        "exposure_min_bright": "10.0",
        "exposure_speed_up": "3.0",
        "exposure_speed_down": "1.0",
        "tint": "0.0",
        "calibration_constant": "16.0",
        "focal_distance": "1000.0",
        "min_fstop": "1.2",
        "blade_count": "5",
        "blur_amount": "0.0",
        "blur_radius": "0.0",
        "slope": "0.88",
        "toe": "0.55",
        "white_clip": "0.04",
        "shoulder": "0.26",
        "black_clip": "0.0",
        "temp": "6500.0",
        "chromatic_aberration_intensity": "0.0"
      },
      "transform_carla": {
        "location": {
          "x": 90.02595520019531,
          "y": -56.56821060180664,
          "z": 1.6890743970870972
        },
        "rotation": {
          "roll": -0.399117112159729,
          "pitch": -0.5610385537147522,
          "yaw": -19.395536422729492
        }
      },
      "matrix_world_from_sensor_carla": [
        [
          0.943203330039978,
          0.3321439325809479,
          0.006922616623342037,
          90.02595520019531
        ],
        [
          -0.3320717215538025,
          0.9432029724121094,
          -0.00982219073921442,
          -56.56821060180664
        ],
        [
          -0.009791813790798187,
          0.006965517532080412,
          0.999927818775177,
          1.6890743970870972
        ],
        [
          0.0,
          0.0,
          0.0,
          1.0
        ]
      ],
      "matrix_world_from_sensor_bevfusion": [
        [
          0.3321439325809479,
          -0.006922616623342037,
          0.943203330039978,
          90.02595520019531
        ],
        [
          -0.9432029724121094,
          -0.00982219073921442,
          0.3320717215538025,
          56.56821060180664
        ],
        [
          0.006965517532080412,
          -0.999927818775177,
          -0.009791813790798187,
          1.6890743970870972
        ],
        [
          0.0,
          0.0,
          0.0,
          1.0
        ]
      ],
      "matrix_ego_from_sensor_carla": [
        [
          -0.5735762119293213,
          -0.8191521763801575,
          -5.922519008549898e-08,
          -1.3000068664550781
        ],
        [
          0.8191521763801575,
          -0.5735762119293213,
          1.9842003595726965e-08,
          0.5500030517578125
        ],
        [
          -5.0727827272112336e-08,
          -3.660215597278693e-08,
          1.0,
          1.6999999284744263
        ],
        [
          0.0,
          0.0,
          0.0,
          1.0
        ]
      ],
      "matrix_ego_from_sensor_bevfusion": [
        [
          -0.8191521763801575,
          5.922519008549898e-08,
          -0.5735762119293213,
          -1.3000068664550781
        ],
        [
          0.5735762119293213,
          1.9842003595726965e-08,
          -0.8191521763801575,
          -0.5500030517578125
        ],
        [
          -3.660215597278693e-08,
          -1.0,
          -5.0727827272112336e-08,
          1.6999999284744263
        ],
        [
          0.0,
          0.0,
          0.0,
          1.0
        ]
      ],
      "camera_intrinsics": [
        [
          685.5110473632812,
          0.0,
          480.0
        ],
        [
          0.0,
          685.5110473632812,
          270.0
        ],
        [
          0.0,
          0.0,
          1.0
        ]
      ],
      "data_path": "D:\\Agent-AI\\outputs\\s3a_ml_long_v2\\sample_000055\\images\\CAM_BACK_RIGHT.png",
      "raw_layout": "bgra8"
    },
    "LIDAR_TOP": {
      "type_id": "sensor.lidar.ray_cast",
      "blueprint_attributes": {
        "atmosphere_attenuation_rate": "0.004",
        "role_name": "front",
        "noise_seed": "0",
        "upper_fov": "10.0",
        "ros_name": "sensor.lidar.ray_cast",
        "sensor_tick": "0.100000",
        "channels": "32",
        "range": "120.0",
        "points_per_second": "360000",
        "lower_fov": "-30.0",
        "rotation_frequency": "10.000000",
        "horizontal_fov": "360.0",
        "dropoff_general_rate": "0.0",
        "dropoff_intensity_limit": "1.0",
        "noise_stddev": "0.0",
        "dropoff_zero_intensity": "0.0"
      },
      "transform_carla": {
        "location": {
          "x": 88.65225219726562,
          "y": -56.88276672363281,
          "z": 2.195530891418457
        },
        "rotation": {
          "roll": 0.6884952783584595,
          "pitch": -0.0051294718869030476,
          "yaw": -144.3975067138672
        }
      },
      "matrix_world_from_sensor_carla": [
        [
          -0.8130754232406616,
          0.5821171998977661,
          0.0069225565530359745,
          88.65225219726562
        ],
        [
          -0.5821583271026611,
          -0.8130160570144653,
          -0.009822208434343338,
          -56.88276672363281
        ],
        [
          -8.95261691766791e-05,
          -0.012016220018267632,
          0.999927818775177,
          2.195530891418457
        ],
        [
          0.0,
          0.0,
          0.0,
          1.0
        ]
      ],
      "matrix_world_from_sensor_bevfusion": [
        [
          -0.8130754232406616,
          -0.5821171998977661,
          0.0069225565530359745,
          88.65225219726562
        ],
        [
          0.5821583271026611,
          -0.8130160570144653,
          0.009822208434343338,
          56.88276672363281
        ],
        [
          -8.95261691766791e-05,
          0.012016220018267632,
          0.999927818775177,
          2.195530891418457
        ],
        [
          0.0,
          0.0,
          0.0,
          1.0
        ]
      ],
      "matrix_ego_from_sensor_carla": [
        [
          1.0,
          -3.677104842836343e-09,
          -2.7997330148687993e-11,
          -1.1444091796875e-05
        ],
        [
          -1.7445264788307213e-08,
          0.9999999403953552,
          -6.470936564362262e-10,
          0.0
        ],
        [
          5.7326060565188186e-11,
          6.906164529141279e-11,
          1.0,
          2.1999998092651367
        ],
        [
          0.0,
          0.0,
          0.0,
          1.0
        ]
      ],
      "matrix_ego_from_sensor_bevfusion": [
        [
          1.0,
          3.677104842836343e-09,
          -2.7997330148687993e-11,
          -1.1444091796875e-05
        ],
        [
          1.7445264788307213e-08,
          0.9999999403953552,
          6.470936564362262e-10,
          0.0
        ],
        [
          5.7326060565188186e-11,
          -6.906164529141279e-11,
          1.0,
          2.1999998092651367
        ],
        [
          0.0,
          0.0,
          0.0,
          1.0
        ]
      ],
      "data_path": "D:\\Agent-AI\\outputs\\s3a_ml_long_v2\\sample_000055\\lidar\\LIDAR_TOP.npy",
      "raw_layout": [
        "x",
        "y",
        "z",
        "intensity"
      ]
    },
    "RADAR_FRONT": {
      "type_id": "sensor.other.radar",
      "blueprint_attributes": {
        "sensor_tick": "0.100000",
        "role_name": "default",
        "noise_seed": "0",
        "ros_name": "sensor.other.radar",
        "horizontal_fov": "35.0",
        "points_per_second": "1500",
        "vertical_fov": "20.0",
        "range": "120.0"
      },
      "transform_carla": {
        "location": {
          "x": 87.01709747314453,
          "y": -58.0343132019043,
          "z": 0.895445704460144
        },
        "rotation": {
          "roll": 0.6884952783584595,
          "pitch": -0.0051294718869030476,
          "yaw": -144.3975067138672
        }
      },
      "matrix_world_from_sensor_carla": [
        [
          -0.8130754232406616,
          0.5821171998977661,
          0.0069225565530359745,
          87.01709747314453
        ],
        [
          -0.5821583271026611,
          -0.8130160570144653,
          -0.009822208434343338,
          -58.0343132019043
        ],
        [
          -8.95261691766791e-05,
          -0.012016220018267632,
          0.999927818775177,
          0.895445704460144
        ],
        [
          0.0,
          0.0,
          0.0,
          1.0
        ]
      ],
      "matrix_world_from_sensor_bevfusion": [
        [
          -0.8130754232406616,
          -0.5821171998977661,
          0.0069225565530359745,
          87.01709747314453
        ],
        [
          0.5821583271026611,
          -0.8130160570144653,
          0.009822208434343338,
          58.0343132019043
        ],
        [
          -8.95261691766791e-05,
          0.012016220018267632,
          0.999927818775177,
          0.895445704460144
        ],
        [
          0.0,
          0.0,
          0.0,
          1.0
        ]
      ],
      "matrix_ego_from_sensor_carla": [
        [
          1.0,
          -3.677104842836343e-09,
          -2.7997330148687993e-11,
          1.9999961853027344
        ],
        [
          -1.7445264788307213e-08,
          0.9999999403953552,
          -6.470936564362262e-10,
          0.0
        ],
        [
          5.7326060565188186e-11,
          6.906164529141279e-11,
          1.0,
          0.8999999761581421
        ],
        [
          0.0,
          0.0,
          0.0,
          1.0
        ]
      ],
      "matrix_ego_from_sensor_bevfusion": [
        [
          1.0,
          3.677104842836343e-09,
          -2.7997330148687993e-11,
          1.9999961853027344
        ],
        [
          1.7445264788307213e-08,
          0.9999999403953552,
          6.470936564362262e-10,
          0.0
        ],
        [
          5.7326060565188186e-11,
          -6.906164529141279e-11,
          1.0,
          0.8999999761581421
        ],
        [
          0.0,
          0.0,
          0.0,
          1.0
        ]
      ],
      "data_path": "D:\\Agent-AI\\outputs\\s3a_ml_long_v2\\sample_000055\\radar\\RADAR_FRONT.npy",
      "raw_layout": [
        "velocity",
        "altitude",
        "azimuth",
        "depth"
      ]
    },
    "RADAR_FRONT_LEFT": {
      "type_id": "sensor.other.radar",
      "blueprint_attributes": {
        "sensor_tick": "0.100000",
        "role_name": "default",
        "noise_seed": "0",
        "ros_name": "sensor.other.radar",
        "horizontal_fov": "35.0",
        "points_per_second": "1500",
        "vertical_fov": "20.0",
        "range": "120.0"
      },
      "transform_carla": {
        "location": {
          "x": 86.8650894165039,
          "y": -57.22079849243164,
          "z": 0.9044892191886902
        },
        "rotation": {
          "roll": 0.49047666788101196,
          "pitch": 0.4832085371017456,
          "yaw": 170.60458374023438
        }
      },
      "matrix_world_from_sensor_carla": [
        [
          -0.9865501523017883,
          -0.16331219673156738,
          0.006922594271600246,
          86.8650894165039
        ],
        [
          0.16324114799499512,
          -0.9865372776985168,
          -0.009822183288633823,
          -57.22079849243164
        ],
        [
          0.008433479815721512,
          -0.008560024201869965,
          0.9999277591705322,
          0.9044892191886902
        ],
        [
          0.0,
          0.0,
          0.0,
          1.0
        ]
      ],
      "matrix_world_from_sensor_bevfusion": [
        [
          -0.9865501523017883,
          0.16331219673156738,
          0.006922594271600246,
          86.8650894165039
        ],
        [
          -0.16324114799499512,
          -0.9865372776985168,
          0.009822183288633823,
          57.22079849243164
        ],
        [
          0.008433479815721512,
          0.008560024201869965,
          0.9999277591705322,
          0.9044892191886902
        ],
        [
          0.0,
          0.0,
          0.0,
          1.0
        ]
      ],
      "matrix_ego_from_sensor_carla": [
        [
          0.7071067094802856,
          0.7071068286895752,
          -4.539553444260491e-08,
          1.6499977111816406
        ],
        [
          -0.7071068286895752,
          0.7071067690849304,
          1.931774074037662e-09,
          -0.75
        ],
        [
          3.2439675834439186e-08,
          3.0718702248577756e-08,
          0.9999999403953552,
          0.8999999761581421
        ],
        [
          0.0,
          0.0,
          0.0,
          1.0
        ]
      ],
      "matrix_ego_from_sensor_bevfusion": [
        [
          0.7071067094802856,
          -0.7071068286895752,
          -4.539553444260491e-08,
          1.6499977111816406
        ],
        [
          0.7071068286895752,
          0.7071067690849304,
          -1.931774074037662e-09,
          0.75
        ],
        [
          3.2439675834439186e-08,
          -3.0718702248577756e-08,
          0.9999999403953552,
          0.8999999761581421
        ],
        [
          0.0,
          0.0,
          0.0,
          1.0
        ]
      ],
      "data_path": "D:\\Agent-AI\\outputs\\s3a_ml_long_v2\\sample_000055\\radar\\RADAR_FRONT_LEFT.npy",
      "raw_layout": [
        "velocity",
        "altitude",
        "azimuth",
        "depth"
      ]
    },
    "RADAR_FRONT_RIGHT": {
      "type_id": "sensor.other.radar",
      "blueprint_attributes": {
        "sensor_tick": "0.100000",
        "role_name": "default",
        "noise_seed": "0",
        "ros_name": "sensor.other.radar",
