{
  "schema_version": "stage1.v1",
  "sample_name": "sample_000022",
  "sequence_index": 22,
  "previous_sample_name": "sample_000021",
  "frame_id": 2199,
  "timestamp": 33.99063231050968,
  "platform_timestamp": 16781883.9149766,
  "delta_seconds": 0.05000000074505806,
  "town": "Carla/Maps/Town10HD_Opt",
  "weather": {
    "cloudiness": 20.0,
    "dust_storm": 0.0,
    "fog_density": 2.0,
    "fog_distance": 0.75,
    "fog_falloff": 0.10000000149011612,
    "mie_scattering_scale": 0.029999999329447746,
    "precipitation": 0.0,
    "precipitation_deposits": 0.0,
    "rayleigh_scattering_scale": 0.03310000151395798,
    "scattering_intensity": 1.0,
    "sun_altitude_angle": 45.0,
    "sun_azimuth_angle": 300.0,
    "wetness": 0.0,
    "wind_intensity": 10.0
  },
  "sensor_names": [
    "CAM_FRONT",
    "CAM_FRONT_RIGHT",
    "CAM_FRONT_LEFT",
    "CAM_BACK",
    "CAM_BACK_LEFT",
    "CAM_BACK_RIGHT",
    "LIDAR_TOP",
    "RADAR_FRONT",
    "RADAR_FRONT_LEFT",
    "RADAR_FRONT_RIGHT",
    "RADAR_BACK_LEFT",
    "RADAR_BACK_RIGHT"
  ],
  "camera_order_for_model": [
    "CAM_FRONT",
    "CAM_FRONT_RIGHT",
    "CAM_FRONT_LEFT",
    "CAM_BACK",
    "CAM_BACK_LEFT",
    "CAM_BACK_RIGHT"
  ],
  "radar_order_for_model": [
    "RADAR_FRONT",
    "RADAR_FRONT_LEFT",
    "RADAR_FRONT_RIGHT",
    "RADAR_BACK_LEFT",
    "RADAR_BACK_RIGHT"
  ],
  "coordinate_notes": {
    "carla_world": "left-handed x-forward y-right z-up",
    "bevfusion_lidar": "x-forward y-left z-up",
    "camera_frame_for_model": "OpenCV style x-right y-down z-forward"
  },
  "ego": {
    "actor_id": 24,
    "transform_carla": {
      "location": {
        "x": -55.53015899658203,
        "y": 22.072250366210938,
        "z": -0.0051068877801299095
      },
      "rotation": {
        "roll": 1.22416090965271,
        "pitch": 0.20943407714366913,
        "yaw": -24.90039825439453
      }
    },
    "velocity_carla": [
      7.162853240966797,
      -3.796926736831665,
      -0.00019906996749341488
    ],
    "angular_velocity_carla": [
      -0.09337000548839569,
      2.170775890350342,
      -31.21180534362793
    ],
    "matrix_world_from_ego_carla": [
      [
        0.9070349931716919,
        0.4210168719291687,
        0.005680393427610397,
        -55.53015899658203
      ],
      [
        -0.42103931307792664,
        0.906801164150238,
        0.02091672271490097,
        22.072250366210938
      ],
      [
        0.003655306063592434,
        -0.021363869309425354,
        0.9997650980949402,
        -0.0051068877801299095
      ],
      [
        0.0,
        0.0,
        0.0,
        1.0
      ]
    ],
    "matrix_world_from_ego_bevfusion": [
      [
        0.9070349931716919,
        -0.4210168719291687,
        0.005680393427610397,
        -55.53015899658203
      ],
      [
        0.42103931307792664,
        0.906801164150238,
        -0.02091672271490097,
        -22.072250366210938
      ],
      [
        0.003655306063592434,
        0.021363869309425354,
        0.9997650980949402,
        -0.0051068877801299095
      ],
      [
        0.0,
        0.0,
        0.0,
        1.0
      ]
    ]
  },
  "sensors": {
    "CAM_FRONT": {
      "type_id": "sensor.camera.rgb",
      "blueprint_attributes": {
        "role_name": "front",
        "ros_name": "sensor.camera.rgb",
        "chromatic_aberration_offset": "0.0",
        "sensor_tick": "0.050000",
        "fstop": "1.4",
        "image_size_x": "1600",
        "image_size_y": "900",
        "fov": "70.00",
        "lens_circle_falloff": "5.0",
        "lens_circle_multiplier": "0.0",
        "exposure_compensation": "0.0",
        "lens_y_size": "0.08",
        "lens_k": "-1.0",
        "exposure_mode": "histogram",
        "lens_kcube": "0.0",
        "lens_x_size": "0.08",
        "exposure_max_bright": "12.0",
        "shutter_speed": "200.0",
        "bloom_intensity": "0.675",
        "iso": "100.0",
        "enable_postprocess_effects": "false",
        "gamma": "2.2",
        "motion_blur_intensity": "0.0",
        "motion_blur_max_distortion": "0.35",
        "lens_flare_intensity": "0.1",
        "motion_blur_min_object_screen_size": "0.1",
        "exposure_min_bright": "10.0",
        "exposure_speed_up": "3.0",
        "exposure_speed_down": "1.0",
        "tint": "0.0",
        "calibration_constant": "16.0",
        "focal_distance": "1000.0",
        "min_fstop": "1.2",
        "blade_count": "5",
        "blur_amount": "0.0",
        "blur_radius": "0.0",
        "slope": "0.88",
        "toe": "0.55",
        "white_clip": "0.04",
        "shoulder": "0.26",
        "black_clip": "0.0",
        "temp": "6500.0",
        "chromatic_aberration_intensity": "0.0"
      },
      "transform_carla": {
        "location": {
          "x": -54.11459732055664,
          "y": 21.455196380615234,
          "z": 1.7001593112945557
        },
        "rotation": {
          "roll": 1.22416090965271,
          "pitch": 0.20943407714366913,
          "yaw": -24.90039825439453
        }
      },
      "matrix_world_from_sensor_carla": [
        [
          0.9070349931716919,
          0.4210168719291687,
          0.005680393427610397,
          -54.11459732055664
        ],
        [
          -0.42103931307792664,
          0.906801164150238,
          0.02091672271490097,
          21.455196380615234
        ],
        [
          0.003655306063592434,
          -0.021363869309425354,
          0.9997650980949402,
          1.7001593112945557
        ],
        [
          0.0,
          0.0,
          0.0,
          1.0
        ]
      ],
      "matrix_world_from_sensor_bevfusion": [
        [
          0.4210168719291687,
          -0.005680393427610397,
          0.9070349931716919,
          -54.11459732055664
        ],
        [
          -0.906801164150238,
          0.02091672271490097,
          0.42103931307792664,
          -21.455196380615234
        ],
        [
          -0.021363869309425354,
          -0.9997650980949402,
          0.003655306063592434,
          1.7001593112945557
        ],
        [
          0.0,
          0.0,
          0.0,
          1.0
        ]
      ],
      "matrix_ego_from_sensor_carla": [
        [
          1.0,
          6.950402031691283e-09,
          -1.9172007037493444e-10,
          1.5500030517578125
        ],
        [
          4.1660124239228935e-09,
          0.9999999403953552,
          -1.415076944510929e-09,
          -1.6689300537109375e-06
        ],
        [
          7.395478118787935e-10,
          -1.415076944510929e-09,
          1.0,
          1.6999998092651367
        ],
        [
          0.0,
          0.0,
          0.0,
          1.0
        ]
      ],
      "matrix_ego_from_sensor_bevfusion": [
        [
          6.950402031691283e-09,
          1.9172007037493444e-10,
          1.0,
          1.5500030517578125
        ],
        [
          -0.9999999403953552,
          -1.415076944510929e-09,
          -4.1660124239228935e-09,
          1.6689300537109375e-06
        ],
        [
          -1.415076944510929e-09,
          -1.0,
          7.395478118787935e-10,
          1.6999998092651367
        ],
        [
          0.0,
          0.0,
          0.0,
          1.0
        ]
      ],
      "camera_intrinsics": [
        [
          1142.5184326171875,
          0.0,
          800.0
        ],
        [
          0.0,
          1142.5184326171875,
          450.0
        ],
        [
          0.0,
          0.0,
          1.0
        ]
      ],
      "data_path": "D:\\Agent-AI\\outputs\\samples\\sample_000022\\images\\CAM_FRONT.png",
      "raw_layout": "bgra8"
    },
    "CAM_FRONT_RIGHT": {
      "type_id": "sensor.camera.rgb",
      "blueprint_attributes": {
        "role_name": "front",
        "ros_name": "sensor.camera.rgb",
        "chromatic_aberration_offset": "0.0",
        "sensor_tick": "0.050000",
        "fstop": "1.4",
        "image_size_x": "1600",
        "image_size_y": "900",
        "fov": "70.00",
        "lens_circle_falloff": "5.0",
        "lens_circle_multiplier": "0.0",
        "exposure_compensation": "0.0",
        "lens_y_size": "0.08",
        "lens_k": "-1.0",
        "exposure_mode": "histogram",
        "lens_kcube": "0.0",
        "lens_x_size": "0.08",
        "exposure_max_bright": "12.0",
        "shutter_speed": "200.0",
        "bloom_intensity": "0.675",
        "iso": "100.0",
        "enable_postprocess_effects": "false",
        "gamma": "2.2",
        "motion_blur_intensity": "0.0",
        "motion_blur_max_distortion": "0.35",
        "lens_flare_intensity": "0.1",
        "motion_blur_min_object_screen_size": "0.1",
        "exposure_min_bright": "10.0",
        "exposure_speed_up": "3.0",
        "exposure_speed_down": "1.0",
        "tint": "0.0",
        "calibration_constant": "16.0",
        "focal_distance": "1000.0",
        "min_fstop": "1.2",
        "blade_count": "5",
        "blur_amount": "0.0",
        "blur_radius": "0.0",
        "slope": "0.88",
        "toe": "0.55",
        "white_clip": "0.04",
        "shoulder": "0.26",
        "black_clip": "0.0",
        "temp": "6500.0",
        "chromatic_aberration_intensity": "0.0"
      },
      "transform_carla": {
        "location": {
          "x": -54.109798431396484,
          "y": 22.0591983795166,
          "z": 1.6874957084655762
        },
        "rotation": {
          "roll": 0.8737874627113342,
          "pitch": -0.8825969696044922,
          "yaw": 30.090608596801758
        }
      },
      "matrix_world_from_sensor_carla": [
        [
          0.8651309609413147,
          -0.5015138387680054,
          0.005680361296981573,
          -54.109798431396484
        ],
        [
          0.5013093948364258,
          0.8650152087211609,
          0.02091670036315918,
          22.0591983795166
        ],
        [
          -0.015403613448143005,
          -0.015248067677021027,
          0.9997650980949402,
          1.6874957084655762
        ],
        [
          0.0,
          0.0,
          0.0,
          1.0
        ]
      ],
      "matrix_world_from_sensor_bevfusion": [
        [
          -0.5015138387680054,
          -0.005680361296981573,
          0.8651309609413147,
          -54.109798431396484
        ],
        [
          -0.8650152087211609,
          0.02091670036315918,
          -0.5013093948364258,
          -22.0591983795166
        ],
        [
          -0.015248067677021027,
          -0.9997650980949402,
          -0.015403613448143005,
          1.6874957084655762
        ],
        [
          0.0,
          0.0,
          0.0,
          1.0
        ]
      ],
      "matrix_ego_from_sensor_carla": [
        [
          0.573576807975769,
          -0.8191518187522888,
          -1.951666384059081e-08,
          1.2999992370605469
        ],
        [
          0.819151759147644,
          0.5735767483711243,
          -3.4942690518846575e-08,
          0.5500001907348633
        ],
        [
          3.8334167840048394e-08,
          1.7961689913192913e-09,
          1.0,
          1.7000001668930054
        ],
        [
          0.0,
          0.0,
          0.0,
          1.0
        ]
      ],
      "matrix_ego_from_sensor_bevfusion": [
        [
          -0.8191518187522888,
          1.951666384059081e-08,
          0.573576807975769,
          1.2999992370605469
        ],
        [
          -0.5735767483711243,
          -3.4942690518846575e-08,
          -0.819151759147644,
          -0.5500001907348633
        ],
        [
          1.7961689913192913e-09,
          -1.0,
          3.8334167840048394e-08,
          1.7000001668930054
        ],
        [
          0.0,
          0.0,
          0.0,
          1.0
        ]
      ],
      "camera_intrinsics": [
        [
          1142.5184326171875,
          0.0,
          800.0
        ],
        [
          0.0,
          1142.5184326171875,
          450.0
        ],
        [
          0.0,
          0.0,
          1.0
        ]
      ],
      "data_path": "D:\\Agent-AI\\outputs\\samples\\sample_000022\\images\\CAM_FRONT_RIGHT.png",
      "raw_layout": "bgra8"
    },
    "CAM_FRONT_LEFT": {
      "type_id": "sensor.camera.rgb",
      "blueprint_attributes": {
        "role_name": "front",
        "ros_name": "sensor.camera.rgb",
        "chromatic_aberration_offset": "0.0",
        "sensor_tick": "0.050000",
        "fstop": "1.4",
        "image_size_x": "1600",
        "image_size_y": "900",
        "fov": "70.00",
        "lens_circle_falloff": "5.0",
        "lens_circle_multiplier": "0.0",
        "exposure_compensation": "0.0",
        "lens_y_size": "0.08",
        "lens_k": "-1.0",
        "exposure_mode": "histogram",
        "lens_kcube": "0.0",
        "lens_x_size": "0.08",
        "exposure_max_bright": "12.0",
        "shutter_speed": "200.0",
        "bloom_intensity": "0.675",
        "iso": "100.0",
        "enable_postprocess_effects": "false",
        "gamma": "2.2",
        "motion_blur_intensity": "0.0",
        "motion_blur_max_distortion": "0.35",
        "lens_flare_intensity": "0.1",
        "motion_blur_min_object_screen_size": "0.1",
        "exposure_min_bright": "10.0",
        "exposure_speed_up": "3.0",
        "exposure_speed_down": "1.0",
        "tint": "0.0",
        "calibration_constant": "16.0",
        "focal_distance": "1000.0",
        "min_fstop": "1.2",
        "blade_count": "5",
        "blur_amount": "0.0",
        "blur_radius": "0.0",
        "slope": "0.88",
        "toe": "0.55",
        "white_clip": "0.04",
        "shoulder": "0.26",
        "black_clip": "0.0",
        "temp": "6500.0",
        "chromatic_aberration_intensity": "0.0"
      },
      "transform_carla": {
        "location": {
          "x": -54.57291793823242,
          "y": 21.061716079711914,
          "z": 1.7109957933425903
        },
        "rotation": {
          "roll": 0.5306431651115417,
          "pitch": 1.1228830814361572,
          "yaw": -79.89743041992188
        }
      },
      "matrix_world_from_sensor_carla": [
        [
          0.17537721991539001,
          0.984484851360321,
          0.005680407397449017,
          -54.57291793823242
        ],
        [
          -0.9843062162399292,
          0.17522470653057098,
          0.020916620269417763,
          21.061716079711914
        ],
        [
          0.019596751779317856,
          -0.009259559214115143,
          0.9997650384902954,
          1.7109957933425903
        ],
        [
          0.0,
          0.0,
          0.0,
          1.0
        ]
      ],
      "matrix_world_from_sensor_bevfusion": [
        [
          0.984484851360321,
          -0.005680407397449017,
          0.17537721991539001,
          -54.57291793823242
        ],
        [
          -0.17522470653057098,
          0.020916620269417763,
          0.9843062162399292,
          -21.061716079711914
        ],
        [
          -0.009259559214115143,
          -0.9997650384902954,
          0.019596751779317856,
          1.7109957933425903
        ],
        [
          0.0,
          0.0,
          0.0,
          1.0
        ]
      ],
      "matrix_ego_from_sensor_carla": [
        [
          0.5735765695571899,
          0.8191519379615784,
          5.523693147324593e-08,
          1.3000030517578125
        ],
        [
          -0.8191519379615784,
          0.5735765099525452,
          -8.582336619156195e-08,
          -0.5500023365020752
        ],
        [
          -9.943835266312817e-08,
          4.175177981124989e-09,
          0.9999999403953552,
          1.6999999284744263
        ],
        [
          0.0,
          0.0,
          0.0,
          1.0
        ]
      ],
      "matrix_ego_from_sensor_bevfusion": [
        [
          0.8191519379615784,
          -5.523693147324593e-08,
          0.5735765695571899,
          1.3000030517578125
        ],
        [
          -0.5735765099525452,
          -8.582336619156195e-08,
          0.8191519379615784,
          0.5500023365020752
        ],
        [
          4.175177981124989e-09,
          -0.9999999403953552,
          -9.943835266312817e-08,
          1.6999999284744263
        ],
        [
          0.0,
          0.0,
          0.0,
          1.0
        ]
      ],
      "camera_intrinsics": [
        [
          1142.5184326171875,
          0.0,
          800.0
        ],
        [
          0.0,
          1142.5184326171875,
          450.0
        ],
        [
          0.0,
          0.0,
          1.0
        ]
      ],
      "data_path": "D:\\Agent-AI\\outputs\\samples\\sample_000022\\images\\CAM_FRONT_LEFT.png",
      "raw_layout": "bgra8"
    },
    "CAM_BACK": {
      "type_id": "sensor.camera.rgb",
      "blueprint_attributes": {
        "role_name": "front",
        "ros_name": "sensor.camera.rgb",
        "chromatic_aberration_offset": "0.0",
        "sensor_tick": "0.050000",
        "fstop": "1.4",
        "image_size_x": "1600",
        "image_size_y": "900",
        "fov": "70.00",
        "lens_circle_falloff": "5.0",
        "lens_circle_multiplier": "0.0",
        "exposure_compensation": "0.0",
        "lens_y_size": "0.08",
        "lens_k": "-1.0",
        "exposure_mode": "histogram",
        "lens_kcube": "0.0",
        "lens_x_size": "0.08",
        "exposure_max_bright": "12.0",
        "shutter_speed": "200.0",
        "bloom_intensity": "0.675",
        "iso": "100.0",
        "enable_postprocess_effects": "false",
        "gamma": "2.2",
        "motion_blur_intensity": "0.0",
        "motion_blur_max_distortion": "0.35",
        "lens_flare_intensity": "0.1",
        "motion_blur_min_object_screen_size": "0.1",
        "exposure_min_bright": "10.0",
        "exposure_speed_up": "3.0",
        "exposure_speed_down": "1.0",
        "tint": "0.0",
        "calibration_constant": "16.0",
        "focal_distance": "1000.0",
        "min_fstop": "1.2",
        "blade_count": "5",
        "blur_amount": "0.0",
        "blur_radius": "0.0",
        "slope": "0.88",
        "toe": "0.55",
        "white_clip": "0.04",
        "shoulder": "0.26",
        "black_clip": "0.0",
        "temp": "6500.0",
        "chromatic_aberration_intensity": "0.0"
      },
      "transform_carla": {
        "location": {
          "x": -56.92640686035156,
          "y": 22.760419845581055,
          "z": 1.6888281106948853
        },
        "rotation": {
          "roll": -1.22416090965271,
          "pitch": -0.20943407714366913,
          "yaw": 155.099609375
        }
      },
      "matrix_world_from_sensor_carla": [
        [
          -0.9070350527763367,
          -0.42101678252220154,
          0.005680391099303961,
          -56.92640686035156
        ],
        [
          0.4210392236709595,
          -0.9068012237548828,
          0.02091672457754612,
          22.760419845581055
        ],
        [
          -0.003655306063592434,
          0.021363869309425354,
          0.9997650980949402,
          1.6888281106948853
        ],
        [
          0.0,
          0.0,
          0.0,
          1.0
        ]
      ],
      "matrix_world_from_sensor_bevfusion": [
        [
          -0.42101678252220154,
          -0.005680391099303961,
          -0.9070350527763367,
          -56.92640686035156
        ],
        [
          0.9068012237548828,
          0.02091672457754612,
          -0.4210392236709595,
          -22.760419845581055
        ],
        [
          0.021363869309425354,
          -0.9997650980949402,
          -0.003655306063592434,
          1.6888281106948853
        ],
        [
          0.0,
          0.0,
          0.0,
          1.0
        ]
      ],
      "matrix_ego_from_sensor_carla": [
        [
          -1.0,
          1.0755134383089171e-07,
          -2.7528570534229857e-09,
          -1.5499992370605469
        ],
        [
          -1.150443296182857e-07,
          -0.9999999403953552,
          4.47568204720028e-10,
          -4.76837158203125e-07
        ],
        [
          -2.6021929055985993e-09,
          -4.47568204720028e-10,
          1.0,
          1.7000000476837158
        ],
        [
          0.0,
          0.0,
          0.0,
          1.0
        ]
      ],
      "matrix_ego_from_sensor_bevfusion": [
        [
          1.0755134383089171e-07,
          2.7528570534229857e-09,
          -1.0,
          -1.5499992370605469
        ],
        [
          0.9999999403953552,
          4.47568204720028e-10,
          1.150443296182857e-07,
          4.76837158203125e-07
        ],
        [
          -4.47568204720028e-10,
          -1.0,
          -2.6021929055985993e-09,
          1.7000000476837158
        ],
        [
          0.0,
          0.0,
          0.0,
          1.0
        ]
      ],
      "camera_intrinsics": [
        [
          1142.5184326171875,
          0.0,
          800.0
        ],
        [
          0.0,
          1142.5184326171875,
          450.0
        ],
        [
          0.0,
          0.0,
          1.0
        ]
      ],
      "data_path": "D:\\Agent-AI\\outputs\\samples\\sample_000022\\images\\CAM_BACK.png",
      "raw_layout": "bgra8"
    },
    "CAM_BACK_LEFT": {
      "type_id": "sensor.camera.rgb",
      "blueprint_attributes": {
        "role_name": "front",
        "ros_name": "sensor.camera.rgb",
        "chromatic_aberration_offset": "0.0",
        "sensor_tick": "0.050000",
        "fstop": "1.4",
        "image_size_x": "1600",
        "image_size_y": "900",
        "fov": "70.00",
        "lens_circle_falloff": "5.0",
        "lens_circle_multiplier": "0.0",
        "exposure_compensation": "0.0",
        "lens_y_size": "0.08",
        "lens_k": "-1.0",
        "exposure_mode": "histogram",
        "lens_kcube": "0.0",
        "lens_x_size": "0.08",
        "exposure_max_bright": "12.0",
        "shutter_speed": "200.0",
        "bloom_intensity": "0.675",
        "iso": "100.0",
        "enable_postprocess_effects": "false",
        "gamma": "2.2",
        "motion_blur_intensity": "0.0",
        "motion_blur_max_distortion": "0.35",
        "lens_flare_intensity": "0.1",
        "motion_blur_min_object_screen_size": "0.1",
        "exposure_min_bright": "10.0",
        "exposure_speed_up": "3.0",
        "exposure_speed_down": "1.0",
        "tint": "0.0",
        "calibration_constant": "16.0",
        "focal_distance": "1000.0",
        "min_fstop": "1.2",
        "blade_count": "5",
        "blur_amount": "0.0",
        "blur_radius": "0.0",
        "slope": "0.88",
        "toe": "0.55",
        "white_clip": "0.04",
        "shoulder": "0.26",
        "black_clip": "0.0",
        "temp": "6500.0",
        "chromatic_aberration_intensity": "0.0"
      },
      "transform_carla": {
        "location": {
          "x": -56.931209564208984,
          "y": 22.15641975402832,
          "z": 1.7014919519424438
        },
        "rotation": {
          "roll": -0.8737872242927551,
          "pitch": 0.8825969696044922,
          "yaw": -149.9093780517578
        }
      },
      "matrix_world_from_sensor_carla": [
        [
          -0.8651308417320251,
          0.5015141367912292,
          0.0056803566403687,
          -56.931209564208984
        ],
        [
          -0.5013096928596497,
          -0.8650150895118713,
          0.02091670036315918,
          22.15641975402832
        ],
        [
          0.015403613448143005,
          0.015248063951730728,
          0.9997650980949402,
          1.7014919519424438
        ],
        [
          0.0,
          0.0,
          0.0,
          1.0
        ]
      ],
      "matrix_world_from_sensor_bevfusion": [
        [
          0.5015141367912292,
          -0.0056803566403687,
          -0.8651308417320251,
          -56.931209564208984
        ],
        [
          0.8650150895118713,
          0.02091670036315918,
          0.5013096928596497,
          -22.15641975402832
        ],
        [
          0.015248063951730728,
          -0.9997650980949402,
          0.015403613448143005,
          1.7014919519424438
        ],
        [
          0.0,
          0.0,
          0.0,
          1.0
        ]
      ],
      "matrix_ego_from_sensor_carla": [
        [
          -0.5735765695571899,
          0.8191519975662231,
          -2.3707615426360462e-08,
          -1.3000030517578125
        ],
        [
          -0.8191519975662231,
          -0.5735765099525452,
          -3.680533566807753e-08,
          -0.5500009059906006
        ],
        [
          -4.4853425862356744e-08,
          -8.639713389158032e-10,
          1.0,
          1.6999999284744263
        ],
        [
          0.0,
          0.0,
          0.0,
          1.0
        ]
      ],
      "matrix_ego_from_sensor_bevfusion": [
        [
          0.8191519975662231,
          2.3707615426360462e-08,
          -0.5735765695571899,
          -1.3000030517578125
        ],
        [
          0.5735765099525452,
          -3.680533566807753e-08,
          0.8191519975662231,
          0.5500009059906006
        ],
        [
          -8.639713389158032e-10,
          -1.0,
          -4.4853425862356744e-08,
          1.6999999284744263
        ],
        [
          0.0,
          0.0,
          0.0,
          1.0
        ]
      ],
      "camera_intrinsics": [
        [
          1142.5184326171875,
          0.0,
          800.0
        ],
        [
          0.0,
          1142.5184326171875,
          450.0
        ],
        [
          0.0,
          0.0,
          1.0
        ]
      ],
      "data_path": "D:\\Agent-AI\\outputs\\samples\\sample_000022\\images\\CAM_BACK_LEFT.png",
      "raw_layout": "bgra8"
    },
    "CAM_BACK_RIGHT": {
      "type_id": "sensor.camera.rgb",
      "blueprint_attributes": {
        "role_name": "front",
        "ros_name": "sensor.camera.rgb",
        "chromatic_aberration_offset": "0.0",
        "sensor_tick": "0.050000",
        "fstop": "1.4",
        "image_size_x": "1600",
        "image_size_y": "900",
        "fov": "70.00",
        "lens_circle_falloff": "5.0",
        "lens_circle_multiplier": "0.0",
        "exposure_compensation": "0.0",
        "lens_y_size": "0.08",
        "lens_k": "-1.0",
        "exposure_mode": "histogram",
        "lens_kcube": "0.0",
        "lens_x_size": "0.08",
        "exposure_max_bright": "12.0",
        "shutter_speed": "200.0",
        "bloom_intensity": "0.675",
        "iso": "100.0",
        "enable_postprocess_effects": "false",
        "gamma": "2.2",
        "motion_blur_intensity": "0.0",
        "motion_blur_max_distortion": "0.35",
        "lens_flare_intensity": "0.1",
        "motion_blur_min_object_screen_size": "0.1",
        "exposure_min_bright": "10.0",
        "exposure_speed_up": "3.0",
        "exposure_speed_down": "1.0",
        "tint": "0.0",
        "calibration_constant": "16.0",
        "focal_distance": "1000.0",
        "min_fstop": "1.2",
        "blade_count": "5",
        "blur_amount": "0.0",
        "blur_radius": "0.0",
        "slope": "0.88",
        "toe": "0.55",
        "white_clip": "0.04",
        "shoulder": "0.26",
        "black_clip": "0.0",
        "temp": "6500.0",
        "chromatic_aberration_intensity": "0.0"
      },
      "transform_carla": {
        "location": {
          "x": -56.46809005737305,
          "y": 23.153900146484375,
          "z": 1.6779916286468506
        },
        "rotation": {
          "roll": -0.5306429862976074,
          "pitch": -1.1228830814361572,
          "yaw": 100.10254669189453
        }
      },
      "matrix_world_from_sensor_carla": [
        [
          -0.17537683248519897,
          -0.9844849705696106,
          0.005680412985384464,
          -56.46809005737305
        ],
        [
          0.9843063354492188,
          -0.17522431910037994,
          0.020916618406772614,
          23.153900146484375
        ],
        [
          -0.019596751779317856,
          0.009259556420147419,
          0.9997650384902954,
          1.6779916286468506
        ],
        [
          0.0,
          0.0,
          0.0,
          1.0
        ]
      ],
      "matrix_world_from_sensor_bevfusion": [
        [
          -0.9844849705696106,
          -0.005680412985384464,
          -0.17537683248519897,
          -56.46809005737305
        ],
        [
          0.17522431910037994,
          0.020916618406772614,
          -0.9843063354492188,
          -23.153900146484375
        ],
        [
          0.009259556420147419,
          -0.9997650384902954,
          -0.019596751779317856,
          1.6779916286468506
        ],
        [
          0.0,
          0.0,
          0.0,
          1.0
        ]
      ],
      "matrix_ego_from_sensor_carla": [
        [
          -0.5735762715339661,
          -0.8191522359848022,
          6.129052820824654e-08,
          -1.2999992370605469
        ],
        [
          0.8191521763801575,
          -0.5735762119293213,
          -8.582336619156195e-08,
          0.5499982833862305
        ],
        [
          1.0502628811082104e-07,
          4.820912002934108e-10,
          0.9999999403953552,
          1.6999999284744263
        ],
        [
          0.0,
          0.0,
          0.0,
          1.0
        ]
      ],
      "matrix_ego_from_sensor_bevfusion": [
        [
          -0.8191522359848022,
          -6.129052820824654e-08,
          -0.5735762715339661,
          -1.2999992370605469
        ],
        [
          0.5735762119293213,
          -8.582336619156195e-08,
          -0.8191521763801575,
          -0.5499982833862305
        ],
        [
          4.820912002934108e-10,
          -0.9999999403953552,
          1.0502628811082104e-07,
          1.6999999284744263
        ],
        [
          0.0,
          0.0,
          0.0,
          1.0
        ]
      ],
      "camera_intrinsics": [
        [
          1142.5184326171875,
          0.0,
          800.0
        ],
        [
          0.0,
          1142.5184326171875,
          450.0
        ],
        [
          0.0,
          0.0,
          1.0
        ]
      ],
      "data_path": "D:\\Agent-AI\\outputs\\samples\\sample_000022\\images\\CAM_BACK_RIGHT.png",
      "raw_layout": "bgra8"
    },
    "LIDAR_TOP": {
      "type_id": "sensor.lidar.ray_cast",
      "blueprint_attributes": {
        "atmosphere_attenuation_rate": "0.004",
        "role_name": "front",
        "noise_seed": "0",
        "upper_fov": "10.0",
        "ros_name": "sensor.lidar.ray_cast",
        "sensor_tick": "0.050000",
        "channels": "32",
        "range": "120.0",
        "points_per_second": "360000",
        "lower_fov": "-30.0",
        "rotation_frequency": "20.000000",
        "horizontal_fov": "360.0",
        "dropoff_general_rate": "0.0",
        "dropoff_intensity_limit": "1.0",
        "noise_stddev": "0.0",
        "dropoff_zero_intensity": "0.0"
      },
      "transform_carla": {
        "location": {
          "x": -55.51766586303711,
          "y": 22.118267059326172,
          "z": 2.194376230239868
        },
        "rotation": {
          "roll": 1.22416090965271,
          "pitch": 0.20943407714366913,
          "yaw": -24.90039825439453
        }
      },
      "matrix_world_from_sensor_carla": [
        [
          0.9070349931716919,
          0.4210168719291687,
          0.005680393427610397,
          -55.51766586303711
        ],
        [
          -0.42103931307792664,
          0.906801164150238,
          0.02091672271490097,
          22.118267059326172
        ],
        [
          0.003655306063592434,
          -0.021363869309425354,
          0.9997650980949402,
          2.194376230239868
        ],
        [
          0.0,
          0.0,
          0.0,
          1.0
        ]
      ],
      "matrix_world_from_sensor_bevfusion": [
        [
          0.9070349931716919,
          -0.4210168719291687,
          0.005680393427610397,
          -55.51766586303711
        ],
        [
          0.42103931307792664,
          0.906801164150238,
          -0.02091672271490097,
          -22.118267059326172
        ],
        [
          0.003655306063592434,
          0.021363869309425354,
          0.9997650980949402,
          2.194376230239868
        ],
        [
          0.0,
          0.0,
          0.0,
          1.0
        ]
      ],
      "matrix_ego_from_sensor_carla": [
        [
          1.0,
          6.950402031691283e-09,
          -1.9172007037493444e-10,
          0.0
        ],
        [
          4.1660124239228935e-09,
          0.9999999403953552,
          -1.415076944510929e-09,
          -2.6226043701171875e-06
        ],
        [
          7.395478118787935e-10,
          -1.415076944510929e-09,
          1.0,
          2.200000047683716
        ],
        [
          0.0,
          0.0,
          0.0,
          1.0
        ]
      ],
      "matrix_ego_from_sensor_bevfusion": [
        [
          1.0,
          -6.950402031691283e-09,
          -1.9172007037493444e-10,
          0.0
        ],
        [
          -4.1660124239228935e-09,
          0.9999999403953552,
          1.415076944510929e-09,
          2.6226043701171875e-06
        ],
        [
          7.395478118787935e-10,
          1.415076944510929e-09,
          1.0,
          2.200000047683716
        ],
        [
          0.0,
          0.0,
          0.0,
          1.0
        ]
      ],
      "data_path": "D:\\Agent-AI\\outputs\\samples\\sample_000022\\lidar\\LIDAR_TOP.npy",
      "raw_layout": [
        "x",
        "y",
        "z",
        "intensity"
      ]
    },
    "RADAR_FRONT": {
      "type_id": "sensor.other.radar",
      "blueprint_attributes": {
        "sensor_tick": "0.050000",
        "role_name": "default",
        "noise_seed": "0",
        "ros_name": "sensor.other.radar",
        "horizontal_fov": "35.0",
        "points_per_second": "1500",
        "vertical_fov": "20.0",
        "range": "120.0"
      },
      "transform_carla": {
        "location": {
          "x": -53.710975646972656,
          "y": 21.24899673461914,
          "z": 0.9019923210144043
        },
        "rotation": {
          "roll": 1.22416090965271,
          "pitch": 0.20943407714366913,
          "yaw": -24.90039825439453
        }
      },
      "matrix_world_from_sensor_carla": [
        [
          0.9070349931716919,
          0.4210168719291687,
          0.005680393427610397,
          -53.710975646972656
        ],
        [
          -0.42103931307792664,
          0.906801164150238,
          0.02091672271490097,
          21.24899673461914
        ],
        [
          0.003655306063592434,
          -0.021363869309425354,
          0.9997650980949402,
          0.9019923210144043
        ],
        [
          0.0,
          0.0,
          0.0,
          1.0
        ]
      ],
      "matrix_world_from_sensor_bevfusion": [
        [
          0.9070349931716919,
          -0.4210168719291687,
          0.005680393427610397,
          -53.710975646972656
        ],
        [
          0.42103931307792664,
          0.906801164150238,
          -0.02091672271490097,
          -21.24899673461914
        ],
        [
          0.003655306063592434,
          0.021363869309425354,
          0.9997650980949402,
          0.9019923210144043
        ],
        [
          0.0,
          0.0,
          0.0,
          1.0
        ]
      ],
      "matrix_ego_from_sensor_carla": [
        [
          1.0,
          6.950402031691283e-09,
          -1.9172007037493444e-10,
          2.0
        ],
        [
          4.1660124239228935e-09,
          0.9999999403953552,
          -1.415076944510929e-09,
          -4.76837158203125e-07
        ],
        [
          7.395478118787935e-10,
          -1.415076944510929e-09,
          1.0,
          0.8999999761581421
        ],
        [
          0.0,
          0.0,
          0.0,
          1.0
        ]
      ],
      "matrix_ego_from_sensor_bevfusion": [
        [
          1.0,
          -6.950402031691283e-09,
          -1.9172007037493444e-10,
          2.0
        ],
        [
          -4.1660124239228935e-09,
          0.9999999403953552,
          1.415076944510929e-09,
          4.76837158203125e-07
        ],
        [
          7.395478118787935e-10,
          1.415076944510929e-09,
          1.0,
          0.8999999761581421
        ],
        [
          0.0,
          0.0,
          0.0,
          1.0
        ]
      ],
      "data_path": "D:\\Agent-AI\\outputs\\samples\\sample_000022\\radar\\RADAR_FRONT.npy",
      "raw_layout": [
        "velocity",
        "altitude",
        "azimuth",
        "depth"
      ]
    },
    "RADAR_FRONT_LEFT": {
      "type_id": "sensor.other.radar",
      "blueprint_attributes": {
        "sensor_tick": "0.050000",
        "role_name": "default",
        "noise_seed": "0",
        "ros_name": "sensor.other.radar",
        "horizontal_fov": "35.0",
        "points_per_second": "1500",
        "vertical_fov": "20.0",
        "range": "120.0"
      },
      "transform_carla": {
        "location": {
          "x": -54.34420394897461,
          "y": 20.716259002685547,
          "z": 0.916735827922821
        },
        "rotation": {
          "roll": 0.7175799012184143,
          "pitch": 1.0136820077896118,
          "yaw": -69.89631652832031
        }
      },
      "matrix_world_from_sensor_carla": [
        [
          0.3436662554740906,
          0.939074695110321,
          0.005680425092577934,
          -54.34420394897461
        ],
        [
          -0.9389252066612244,
          0.343485027551651,
          0.020916659384965897,
          20.716259002685547
        ],
        [
          0.01769116520881653,
          -0.012521843425929546,
          0.9997650384902954,
          0.916735827922821
        ],
        [
          0.0,
          0.0,
          0.0,
          1.0
        ]
      ],
      "matrix_world_from_sensor_bevfusion": [
        [
          0.3436662554740906,
          -0.939074695110321,
          0.005680425092577934,
          -54.34420394897461
        ],
        [
          0.9389252066612244,
          0.343485027551651,
          -0.020916659384965897,
          -20.716259002685547
        ],
        [
          0.01769116520881653,
          0.012521843425929546,
          0.9997650384902954,
          0.916735827922821
        ],
        [
          0.0,
          0.0,
          0.0,
          1.0
        ]
      ],
      "matrix_ego_from_sensor_carla": [
        [
          0.7071064710617065,
          0.7071071863174438,
          5.523693147324593e-08,
          1.6499977111816406
        ],
        [
          -0.7071071267127991,
          0.7071064114570618,
          -4.298252775924993e-08,
          -0.7500026226043701
        ],
        [
          -6.90449510898361e-08,
          -7.162395565529778e-09,
          0.9999999403953552,
          0.8999999761581421
        ],
        [
          0.0,
          0.0,
          0.0,
          1.0
        ]
      ],
      "matrix_ego_from_sensor_bevfusion": [
        [
          0.7071064710617065,
          -0.7071071863174438,
          5.523693147324593e-08,
          1.6499977111816406
        ],
        [
          0.7071071267127991,
          0.7071064114570618,
          4.298252775924993e-08,
          0.7500026226043701
        ],
        [
          -6.90449510898361e-08,
          7.162395565529778e-09,
          0.9999999403953552,
          0.8999999761581421
        ],
        [
          0.0,
          0.0,
          0.0,
          1.0
        ]
      ],
      "data_path": "D:\\Agent-AI\\outputs\\samples\\sample_000022\\radar\\RADAR_FRONT_LEFT.npy",
      "raw_layout": [
        "velocity",
        "altitude",
        "azimuth",
        "depth"
      ]
    },
    "RADAR_FRONT_RIGHT": {
      "type_id": "sensor.other.radar",
      "blueprint_attributes": {
        "sensor_tick": "0.050000",
        "role_name": "default",
        "noise_seed": "0",
