{
  "schema_version": "stage1.v1",
  "sample_name": "sample_000015",
  "sequence_index": 15,
  "previous_sample_name": "sample_000014",
  "frame_id": 60016,
  "timestamp": 436.5197007730603,
  "platform_timestamp": 16814567.6902914,
  "delta_seconds": 0.10000000149011612,
  "town": "Carla/Maps/Town10HD_Opt",
  "weather": {
    "cloudiness": 20.0,
    "dust_storm": 0.0,
    "fog_density": 2.0,
    "fog_distance": 0.75,
    "fog_falloff": 0.10000000149011612,
    "mie_scattering_scale": 0.029999999329447746,
    "precipitation": 0.0,
    "precipitation_deposits": 0.0,
    "rayleigh_scattering_scale": 0.03310000151395798,
    "scattering_intensity": 1.0,
    "sun_altitude_angle": 45.0,
    "sun_azimuth_angle": 300.0,
    "wetness": 0.0,
    "wind_intensity": 10.0
  },
  "sensor_names": [
    "CAM_FRONT",
    "CAM_FRONT_RIGHT",
    "CAM_FRONT_LEFT",
    "CAM_BACK",
    "CAM_BACK_LEFT",
    "CAM_BACK_RIGHT",
    "LIDAR_TOP",
    "RADAR_FRONT",
    "RADAR_FRONT_LEFT",
    "RADAR_FRONT_RIGHT",
    "RADAR_BACK_LEFT",
    "RADAR_BACK_RIGHT"
  ],
  "camera_order_for_model": [
    "CAM_FRONT",
    "CAM_FRONT_RIGHT",
    "CAM_FRONT_LEFT",
    "CAM_BACK",
    "CAM_BACK_LEFT",
    "CAM_BACK_RIGHT"
  ],
  "radar_order_for_model": [
    "RADAR_FRONT",
    "RADAR_FRONT_LEFT",
    "RADAR_FRONT_RIGHT",
    "RADAR_BACK_LEFT",
    "RADAR_BACK_RIGHT"
  ],
  "coordinate_notes": {
    "carla_world": "left-handed x-forward y-right z-up",
    "bevfusion_lidar": "x-forward y-left z-up",
    "camera_frame_for_model": "OpenCV style x-right y-down z-forward"
  },
  "ego": {
    "actor_id": 28,
    "transform_carla": {
      "location": {
        "x": 105.539306640625,
        "y": -30.75734519958496,
        "z": -0.004341240040957928
      },
      "rotation": {
        "roll": 0.473744660615921,
        "pitch": -0.00131139624863863,
        "yaw": -99.76786041259766
      }
    },
    "velocity_carla": [
      -1.46452796459198,
      -8.023847579956055,
      0.00011743545474018902
    ],
    "angular_velocity_carla": [
      1.4841396808624268,
      -1.012447714805603,
      -7.092859268188477
    ],
    "matrix_world_from_ego_carla": [
      [
        -0.16965675354003906,
        0.9854695796966553,
        0.008144563063979149,
        105.539306640625
      ],
      [
        -0.9855031967163086,
        -0.16965076327323914,
        -0.0014253301778808236,
        -30.75734519958496
      ],
      [
        -2.2888181774760596e-05,
        -0.008268309757113457,
        0.9999658465385437,
        -0.004341240040957928
      ],
      [
        0.0,
        0.0,
        0.0,
        1.0
      ]
    ],
    "matrix_world_from_ego_bevfusion": [
      [
        -0.16965675354003906,
        -0.9854695796966553,
        0.008144563063979149,
        105.539306640625
      ],
      [
        0.9855031967163086,
        -0.16965076327323914,
        0.0014253301778808236,
        30.75734519958496
      ],
      [
        -2.2888181774760596e-05,
        0.008268309757113457,
        0.9999658465385437,
        -0.004341240040957928
      ],
      [
        0.0,
        0.0,
        0.0,
        1.0
      ]
    ]
  },
  "sensors": {
    "CAM_FRONT": {
      "type_id": "sensor.camera.rgb",
      "blueprint_attributes": {
        "role_name": "front",
        "ros_name": "sensor.camera.rgb",
        "chromatic_aberration_offset": "0.0",
        "sensor_tick": "0.100000",
        "fstop": "1.4",
        "image_size_x": "960",
        "image_size_y": "540",
        "fov": "70.00",
        "lens_circle_falloff": "5.0",
        "lens_circle_multiplier": "0.0",
        "exposure_compensation": "0.0",
        "lens_y_size": "0.08",
        "lens_k": "-1.0",
        "exposure_mode": "histogram",
        "lens_kcube": "0.0",
        "lens_x_size": "0.08",
        "exposure_max_bright": "12.0",
        "shutter_speed": "200.0",
        "bloom_intensity": "0.675",
        "iso": "100.0",
        "enable_postprocess_effects": "false",
        "gamma": "2.2",
        "motion_blur_intensity": "0.0",
        "motion_blur_max_distortion": "0.35",
        "lens_flare_intensity": "0.1",
        "motion_blur_min_object_screen_size": "0.1",
        "exposure_min_bright": "10.0",
        "exposure_speed_up": "3.0",
        "exposure_speed_down": "1.0",
        "tint": "0.0",
        "calibration_constant": "16.0",
        "focal_distance": "1000.0",
        "min_fstop": "1.2",
        "blade_count": "5",
        "blur_amount": "0.0",
        "blur_radius": "0.0",
        "slope": "0.88",
        "toe": "0.55",
        "white_clip": "0.04",
        "shoulder": "0.26",
        "black_clip": "0.0",
        "temp": "6500.0",
        "chromatic_aberration_intensity": "0.0"
      },
      "transform_carla": {
        "location": {
          "x": 105.2901840209961,
          "y": -32.28730010986328,
          "z": 1.6955649852752686
        },
        "rotation": {
          "roll": 0.473744660615921,
          "pitch": -0.00131139624863863,
          "yaw": -99.76786041259766
        }
      },
      "matrix_world_from_sensor_carla": [
        [
          -0.16965675354003906,
          0.9854695796966553,
          0.008144563063979149,
          105.2901840209961
        ],
        [
          -0.9855031967163086,
          -0.16965076327323914,
          -0.0014253301778808236,
          -32.28730010986328
        ],
        [
          -2.2888181774760596e-05,
          -0.008268309757113457,
          0.9999658465385437,
          1.6955649852752686
        ],
        [
          0.0,
          0.0,
          0.0,
          1.0
        ]
      ],
      "matrix_world_from_sensor_bevfusion": [
        [
          0.9854695796966553,
          -0.008144563063979149,
          -0.16965675354003906,
          105.2901840209961
        ],
        [
          0.16965076327323914,
          -0.0014253301778808236,
          0.9855031967163086,
          32.28730010986328
        ],
        [
          -0.008268309757113457,
          -0.9999658465385437,
          -2.2888181774760596e-05,
          1.6955649852752686
        ],
        [
          0.0,
          0.0,
          0.0,
          1.0
        ]
      ],
      "matrix_ego_from_sensor_carla": [
        [
          1.0,
          3.852992147557188e-09,
          -1.500641451379625e-11,
          1.5500011444091797
        ],
        [
          -6.259058160651421e-09,
          0.9999999403953552,
          2.0065848982397938e-10,
          -7.62939453125e-06
        ],
        [
          2.6375283901369784e-11,
          -2.378344188258552e-10,
          1.0,
          1.6999998092651367
        ],
        [
          0.0,
          0.0,
          0.0,
          1.0
        ]
      ],
      "matrix_ego_from_sensor_bevfusion": [
        [
          3.852992147557188e-09,
          1.500641451379625e-11,
          1.0,
          1.5500011444091797
        ],
        [
          -0.9999999403953552,
          2.0065848982397938e-10,
          6.259058160651421e-09,
          7.62939453125e-06
        ],
        [
          -2.378344188258552e-10,
          -1.0,
          2.6375283901369784e-11,
          1.6999998092651367
        ],
        [
          0.0,
          0.0,
          0.0,
          1.0
        ]
      ],
      "camera_intrinsics": [
        [
          685.5110473632812,
          0.0,
          480.0
        ],
        [
          0.0,
          685.5110473632812,
          270.0
        ],
        [
          0.0,
          0.0,
          1.0
        ]
      ],
      "data_path": "D:\\Agent-AI\\outputs\\s3a_ml_long_v2\\sample_000015\\images\\CAM_FRONT.png",
      "raw_layout": "bgra8"
    },
    "CAM_FRONT_RIGHT": {
      "type_id": "sensor.camera.rgb",
      "blueprint_attributes": {
        "role_name": "front",
        "ros_name": "sensor.camera.rgb",
        "chromatic_aberration_offset": "0.0",
        "sensor_tick": "0.100000",
        "fstop": "1.4",
        "image_size_x": "960",
        "image_size_y": "540",
        "fov": "70.00",
        "lens_circle_falloff": "5.0",
        "lens_circle_multiplier": "0.0",
        "exposure_compensation": "0.0",
        "lens_y_size": "0.08",
        "lens_k": "-1.0",
        "exposure_mode": "histogram",
        "lens_kcube": "0.0",
        "lens_x_size": "0.08",
        "exposure_max_bright": "12.0",
        "shutter_speed": "200.0",
        "bloom_intensity": "0.675",
        "iso": "100.0",
        "enable_postprocess_effects": "false",
        "gamma": "2.2",
        "motion_blur_intensity": "0.0",
        "motion_blur_max_distortion": "0.35",
        "lens_flare_intensity": "0.1",
        "motion_blur_min_object_screen_size": "0.1",
        "exposure_min_bright": "10.0",
        "exposure_speed_up": "3.0",
        "exposure_speed_down": "1.0",
        "tint": "0.0",
        "calibration_constant": "16.0",
        "focal_distance": "1000.0",
        "min_fstop": "1.2",
        "blade_count": "5",
        "blur_amount": "0.0",
        "blur_radius": "0.0",
        "slope": "0.88",
        "toe": "0.55",
        "white_clip": "0.04",
        "shoulder": "0.26",
        "black_clip": "0.0",
        "temp": "6500.0",
        "chromatic_aberration_intensity": "0.0"
      },
      "transform_carla": {
        "location": {
          "x": 105.87460327148438,
          "y": -32.13423156738281,
          "z": 1.6910232305526733
        },
        "rotation": {
          "roll": 0.27065804600715637,
          "pitch": -0.388815313577652,
          "yaw": -44.76875305175781
        }
      },
      "matrix_world_from_sensor_carla": [
        [
          0.7099385857582092,
          0.704216480255127,
          0.008144502528011799,
          105.87460327148438
        ],
        [
          -0.7042309045791626,
          0.7099695801734924,
          -0.0014252818655222654,
          -32.13423156738281
        ],
        [
          -0.006786055397242308,
          -0.004723747726529837,
          0.9999658465385437,
          1.6910232305526733
        ],
        [
          0.0,
          0.0,
          0.0,
          1.0
        ]
      ],
      "matrix_world_from_sensor_bevfusion": [
        [
          0.704216480255127,
          -0.008144502528011799,
          0.7099385857582092,
          105.87460327148438
        ],
        [
          -0.7099695801734924,
          -0.0014252818655222654,
          0.7042309045791626,
          32.13423156738281
        ],
        [
          -0.004723747726529837,
          -0.9999658465385437,
          -0.006786055397242308,
          1.6910232305526733
        ],
        [
          0.0,
          0.0,
          0.0,
          1.0
        ]
      ],
      "matrix_ego_from_sensor_carla": [
        [
          0.5735761523246765,
          -0.819152295589447,
          -3.738250597962178e-08,
          1.300002098083496
        ],
        [
          0.8191522359848022,
          0.573576033115387,
          -6.778589067835128e-08,
          0.5499954223632812
        ],
        [
          7.757221709425721e-08,
          7.480006836146913e-09,
          1.0,
          1.6999998092651367
        ],
        [
          0.0,
          0.0,
          0.0,
          1.0
        ]
      ],
      "matrix_ego_from_sensor_bevfusion": [
        [
          -0.819152295589447,
          3.738250597962178e-08,
          0.5735761523246765,
          1.300002098083496
        ],
        [
          -0.573576033115387,
          -6.778589067835128e-08,
          -0.8191522359848022,
          -0.5499954223632812
        ],
        [
          7.480006836146913e-09,
          -1.0,
          7.757221709425721e-08,
          1.6999998092651367
        ],
        [
          0.0,
          0.0,
          0.0,
          1.0
        ]
      ],
      "camera_intrinsics": [
        [
          685.5110473632812,
          0.0,
          480.0
        ],
        [
          0.0,
          685.5110473632812,
          270.0
        ],
        [
          0.0,
          0.0,
          1.0
        ]
      ],
      "data_path": "D:\\Agent-AI\\outputs\\s3a_ml_long_v2\\sample_000015\\images\\CAM_FRONT_RIGHT.png",
      "raw_layout": "bgra8"
    },
    "CAM_FRONT_LEFT": {
      "type_id": "sensor.camera.rgb",
      "blueprint_attributes": {
        "role_name": "front",
        "ros_name": "sensor.camera.rgb",
        "chromatic_aberration_offset": "0.0",
        "sensor_tick": "0.100000",
        "fstop": "1.4",
        "image_size_x": "960",
        "image_size_y": "540",
        "fov": "70.00",
        "lens_circle_falloff": "5.0",
        "lens_circle_multiplier": "0.0",
        "exposure_compensation": "0.0",
        "lens_y_size": "0.08",
        "lens_k": "-1.0",
        "exposure_mode": "histogram",
        "lens_kcube": "0.0",
        "lens_x_size": "0.08",
        "exposure_max_bright": "12.0",
        "shutter_speed": "200.0",
        "bloom_intensity": "0.675",
        "iso": "100.0",
        "enable_postprocess_effects": "false",
        "gamma": "2.2",
        "motion_blur_intensity": "0.0",
        "motion_blur_max_distortion": "0.35",
        "lens_flare_intensity": "0.1",
        "motion_blur_min_object_screen_size": "0.1",
        "exposure_min_bright": "10.0",
        "exposure_speed_up": "3.0",
        "exposure_speed_down": "1.0",
        "tint": "0.0",
        "calibration_constant": "16.0",
        "focal_distance": "1000.0",
        "min_fstop": "1.2",
        "blade_count": "5",
        "blur_amount": "0.0",
        "blur_radius": "0.0",
        "slope": "0.88",
        "toe": "0.55",
        "white_clip": "0.04",
        "shoulder": "0.26",
        "black_clip": "0.0",
        "temp": "6500.0",
        "chromatic_aberration_intensity": "0.0"
      },
      "transform_carla": {
        "location": {
          "x": 104.79058074951172,
          "y": -31.947614669799805,
          "z": 1.7001184225082397
        },
        "rotation": {
          "roll": 0.27280786633491516,
          "pitch": 0.3873126804828644,
          "yaw": -154.76693725585938
        }
      },
      "matrix_world_from_sensor_carla": [
        [
          -0.9045605659484863,
          0.4262674152851105,
          0.008144527673721313,
          104.79058074951172
        ],
        [
          -0.4262916147708893,
          -0.9045846462249756,
          -0.0014253605622798204,
          -31.947614669799805
        ],
        [
          0.006759829819202423,
          -0.004761268850415945,
          0.9999658465385437,
          1.7001184225082397
        ],
        [
          0.0,
          0.0,
          0.0,
          1.0
        ]
      ],
      "matrix_world_from_sensor_bevfusion": [
        [
          0.4262674152851105,
          -0.008144527673721313,
          -0.9045605659484863,
          104.79058074951172
        ],
        [
          0.9045846462249756,
          -0.0014253605622798204,
          0.4262916147708893,
          31.947614669799805
        ],
        [
          -0.004761268850415945,
          -0.9999658465385437,
          0.006759829819202423,
          1.7001184225082397
        ],
        [
          0.0,
          0.0,
          0.0,
          1.0
        ]
      ],
      "matrix_ego_from_sensor_carla": [
        [
          0.5735763907432556,
          0.8191521167755127,
          3.5982793633593246e-08,
          1.300002098083496
        ],
        [
          -0.8191520571708679,
          0.5735763311386108,
          -3.053298769373214e-08,
          -0.5500106811523438
        ],
        [
          -4.4544329114160064e-08,
          -1.2656699688307071e-08,
          1.0,
          1.6999998092651367
        ],
        [
          0.0,
          0.0,
          0.0,
          1.0
        ]
      ],
      "matrix_ego_from_sensor_bevfusion": [
        [
          0.8191521167755127,
          -3.5982793633593246e-08,
          0.5735763907432556,
          1.300002098083496
        ],
        [
          -0.5735763311386108,
          -3.053298769373214e-08,
          0.8191520571708679,
          0.5500106811523438
        ],
        [
          -1.2656699688307071e-08,
          -1.0,
          -4.4544329114160064e-08,
          1.6999998092651367
        ],
        [
          0.0,
          0.0,
          0.0,
          1.0
        ]
      ],
      "camera_intrinsics": [
        [
          685.5110473632812,
          0.0,
          480.0
        ],
        [
          0.0,
          685.5110473632812,
          270.0
        ],
        [
          0.0,
          0.0,
          1.0
        ]
      ],
      "data_path": "D:\\Agent-AI\\outputs\\s3a_ml_long_v2\\sample_000015\\images\\CAM_FRONT_LEFT.png",
      "raw_layout": "bgra8"
    },
    "CAM_BACK": {
      "type_id": "sensor.camera.rgb",
      "blueprint_attributes": {
        "role_name": "front",
        "ros_name": "sensor.camera.rgb",
        "chromatic_aberration_offset": "0.0",
        "sensor_tick": "0.100000",
        "fstop": "1.4",
        "image_size_x": "960",
        "image_size_y": "540",
        "fov": "70.00",
        "lens_circle_falloff": "5.0",
        "lens_circle_multiplier": "0.0",
        "exposure_compensation": "0.0",
        "lens_y_size": "0.08",
        "lens_k": "-1.0",
        "exposure_mode": "histogram",
        "lens_kcube": "0.0",
        "lens_x_size": "0.08",
        "exposure_max_bright": "12.0",
        "shutter_speed": "200.0",
        "bloom_intensity": "0.675",
        "iso": "100.0",
        "enable_postprocess_effects": "false",
        "gamma": "2.2",
        "motion_blur_intensity": "0.0",
        "motion_blur_max_distortion": "0.35",
        "lens_flare_intensity": "0.1",
        "motion_blur_min_object_screen_size": "0.1",
        "exposure_min_bright": "10.0",
        "exposure_speed_up": "3.0",
        "exposure_speed_down": "1.0",
        "tint": "0.0",
        "calibration_constant": "16.0",
        "focal_distance": "1000.0",
        "min_fstop": "1.2",
        "blade_count": "5",
        "blur_amount": "0.0",
        "blur_radius": "0.0",
        "slope": "0.88",
        "toe": "0.55",
        "white_clip": "0.04",
        "shoulder": "0.26",
        "black_clip": "0.0",
        "temp": "6500.0",
        "chromatic_aberration_intensity": "0.0"
      },
      "transform_carla": {
        "location": {
          "x": 105.81612396240234,
          "y": -29.23223876953125,
          "z": 1.6956361532211304
        },
        "rotation": {
          "roll": -0.47374463081359863,
          "pitch": 0.00131139624863863,
          "yaw": 80.2321548461914
        }
      },
      "matrix_world_from_sensor_carla": [
        [
          0.169656440615654,
          -0.9854696393013,
          0.008144563063979149,
          105.81612396240234
        ],
        [
          0.9855032563209534,
          0.16965045034885406,
          -0.0014253276167437434,
          -29.23223876953125
        ],
        [
          2.2888181774760596e-05,
          0.008268309757113457,
          0.9999658465385437,
          1.6956361532211304
        ],
        [
          0.0,
          0.0,
          0.0,
          1.0
        ]
      ],
      "matrix_world_from_sensor_bevfusion": [
        [
          -0.9854696393013,
          -0.008144563063979149,
          0.169656440615654,
          105.81612396240234
        ],
        [
          -0.16965045034885406,
          -0.0014253276167437434,
          -0.9855032563209534,
          29.23223876953125
        ],
        [
          0.008268309757113457,
          -0.9999658465385437,
          2.2888181774760596e-05,
          1.6956361532211304
        ],
        [
          0.0,
          0.0,
          0.0,
          1.0
        ]
      ],
      "matrix_ego_from_sensor_carla": [
        [
          -1.0,
          3.1943616818352893e-07,
          -2.5379447432527513e-09,
          -1.5499992370605469
        ],
        [
          -3.167772888446052e-07,
          -1.0,
          -7.306640847914991e-10,
          0.0
        ],
        [
          -2.673004928510636e-09,
          2.378344188258552e-10,
          1.0,
          1.7000000476837158
        ],
        [
          0.0,
          0.0,
          0.0,
          1.0
        ]
      ],
      "matrix_ego_from_sensor_bevfusion": [
        [
          3.1943616818352893e-07,
          2.5379447432527513e-09,
          -1.0,
          -1.5499992370605469
        ],
        [
          1.0,
          -7.306640847914991e-10,
          3.167772888446052e-07,
          0.0
        ],
        [
          2.378344188258552e-10,
          -1.0,
          -2.673004928510636e-09,
          1.7000000476837158
        ],
        [
          0.0,
          0.0,
          0.0,
          1.0
        ]
      ],
      "camera_intrinsics": [
        [
          685.5110473632812,
          0.0,
          480.0
        ],
        [
          0.0,
          685.5110473632812,
          270.0
        ],
        [
          0.0,
          0.0,
          1.0
        ]
      ],
      "data_path": "D:\\Agent-AI\\outputs\\s3a_ml_long_v2\\sample_000015\\images\\CAM_BACK.png",
      "raw_layout": "bgra8"
    },
    "CAM_BACK_LEFT": {
      "type_id": "sensor.camera.rgb",
      "blueprint_attributes": {
        "role_name": "front",
        "ros_name": "sensor.camera.rgb",
        "chromatic_aberration_offset": "0.0",
        "sensor_tick": "0.100000",
        "fstop": "1.4",
        "image_size_x": "960",
        "image_size_y": "540",
        "fov": "70.00",
        "lens_circle_falloff": "5.0",
        "lens_circle_multiplier": "0.0",
        "exposure_compensation": "0.0",
        "lens_y_size": "0.08",
        "lens_k": "-1.0",
        "exposure_mode": "histogram",
        "lens_kcube": "0.0",
        "lens_x_size": "0.08",
        "exposure_max_bright": "12.0",
        "shutter_speed": "200.0",
        "bloom_intensity": "0.675",
        "iso": "100.0",
        "enable_postprocess_effects": "false",
        "gamma": "2.2",
        "motion_blur_intensity": "0.0",
        "motion_blur_max_distortion": "0.35",
        "lens_flare_intensity": "0.1",
        "motion_blur_min_object_screen_size": "0.1",
        "exposure_min_bright": "10.0",
        "exposure_speed_up": "3.0",
        "exposure_speed_down": "1.0",
        "tint": "0.0",
        "calibration_constant": "16.0",
        "focal_distance": "1000.0",
        "min_fstop": "1.2",
        "blade_count": "5",
        "blur_amount": "0.0",
        "blur_radius": "0.0",
        "slope": "0.88",
        "toe": "0.55",
        "white_clip": "0.04",
        "shoulder": "0.26",
        "black_clip": "0.0",
        "temp": "6500.0",
        "chromatic_aberration_intensity": "0.0"
      },
      "transform_carla": {
        "location": {
          "x": 105.23169708251953,
          "y": -29.38530731201172,
          "z": 1.7001779079437256
        },
        "rotation": {
          "roll": -0.2706579566001892,
          "pitch": 0.388815313577652,
          "yaw": 135.2312469482422
        }
      },
      "matrix_world_from_sensor_carla": [
        [
          -0.7099385261535645,
          -0.7042165398597717,
          0.008144501596689224,
          105.23169708251953
        ],
        [
          0.7042309641838074,
          -0.7099695205688477,
          -0.001425283495336771,
          -29.38530731201172
        ],
        [
          0.006786055397242308,
          0.004723746329545975,
          0.9999658465385437,
          1.7001779079437256
        ],
        [
          0.0,
          0.0,
          0.0,
          1.0
        ]
      ],
      "matrix_world_from_sensor_bevfusion": [
        [
          -0.7042165398597717,
          -0.008144501596689224,
          -0.7099385261535645,
          105.23169708251953
        ],
        [
          0.7099695205688477,
          -0.001425283495336771,
          -0.7042309641838074,
          29.38530731201172
        ],
        [
          0.004723746329545975,
          -0.9999658465385437,
          0.006786055397242308,
          1.7001779079437256
        ],
        [
          0.0,
          0.0,
          0.0,
          1.0
        ]
      ],
      "matrix_ego_from_sensor_carla": [
        [
          -0.5735762119293213,
          0.8191522359848022,
          -3.554350769263692e-08,
          -1.2999982833862305
        ],
        [
          -0.8191521763801575,
          -0.5735760927200317,
          -6.871721325296676e-08,
          -0.5500106811523438
        ],
        [
          -7.710655580694947e-08,
          -9.342604911921626e-09,
          1.0,
          1.6999998092651367
        ],
        [
          0.0,
          0.0,
          0.0,
          1.0
        ]
      ],
      "matrix_ego_from_sensor_bevfusion": [
        [
          0.8191522359848022,
          3.554350769263692e-08,
          -0.5735762119293213,
          -1.2999982833862305
        ],
        [
          0.5735760927200317,
          -6.871721325296676e-08,
          0.8191521763801575,
          0.5500106811523438
        ],
        [
          -9.342604911921626e-09,
          -1.0,
          -7.710655580694947e-08,
          1.6999998092651367
        ],
        [
          0.0,
          0.0,
          0.0,
          1.0
        ]
      ],
      "camera_intrinsics": [
        [
          685.5110473632812,
          0.0,
          480.0
        ],
        [
          0.0,
          685.5110473632812,
          270.0
        ],
        [
          0.0,
          0.0,
          1.0
        ]
      ],
      "data_path": "D:\\Agent-AI\\outputs\\s3a_ml_long_v2\\sample_000015\\images\\CAM_BACK_LEFT.png",
      "raw_layout": "bgra8"
    },
    "CAM_BACK_RIGHT": {
      "type_id": "sensor.camera.rgb",
      "blueprint_attributes": {
        "role_name": "front",
        "ros_name": "sensor.camera.rgb",
        "chromatic_aberration_offset": "0.0",
        "sensor_tick": "0.100000",
        "fstop": "1.4",
        "image_size_x": "960",
        "image_size_y": "540",
        "fov": "70.00",
        "lens_circle_falloff": "5.0",
        "lens_circle_multiplier": "0.0",
        "exposure_compensation": "0.0",
        "lens_y_size": "0.08",
        "lens_k": "-1.0",
        "exposure_mode": "histogram",
        "lens_kcube": "0.0",
        "lens_x_size": "0.08",
        "exposure_max_bright": "12.0",
        "shutter_speed": "200.0",
        "bloom_intensity": "0.675",
        "iso": "100.0",
        "enable_postprocess_effects": "false",
        "gamma": "2.2",
        "motion_blur_intensity": "0.0",
        "motion_blur_max_distortion": "0.35",
        "lens_flare_intensity": "0.1",
        "motion_blur_min_object_screen_size": "0.1",
        "exposure_min_bright": "10.0",
        "exposure_speed_up": "3.0",
        "exposure_speed_down": "1.0",
        "tint": "0.0",
        "calibration_constant": "16.0",
        "focal_distance": "1000.0",
        "min_fstop": "1.2",
        "blade_count": "5",
        "blur_amount": "0.0",
        "blur_radius": "0.0",
        "slope": "0.88",
        "toe": "0.55",
        "white_clip": "0.04",
        "shoulder": "0.26",
        "black_clip": "0.0",
        "temp": "6500.0",
        "chromatic_aberration_intensity": "0.0"
      },
      "transform_carla": {
        "location": {
          "x": 106.31571197509766,
          "y": -29.571922302246094,
          "z": 1.6910827159881592
        },
        "rotation": {
          "roll": -0.2728078067302704,
          "pitch": -0.3873126804828644,
          "yaw": 25.233049392700195
        }
      },
      "matrix_world_from_sensor_carla": [
        [
          0.9045606851577759,
          -0.42626720666885376,
          0.008144526742398739,
          106.31571197509766
        ],
        [
          0.42629140615463257,
          0.9045847654342651,
          -0.001425361493602395,
          -29.571922302246094
        ],
        [
          -0.006759829819202423,
          0.0047612679190933704,
          0.9999658465385437,
          1.6910827159881592
        ],
        [
          0.0,
          0.0,
          0.0,
          1.0
        ]
      ],
      "matrix_world_from_sensor_bevfusion": [
        [
          -0.42626720666885376,
          -0.008144526742398739,
          0.9045606851577759,
          106.31571197509766
        ],
        [
          -0.9045847654342651,
          -0.001425361493602395,
          -0.42629140615463257,
          29.571922302246094
        ],
        [
          0.0047612679190933704,
          -0.9999658465385437,
          -0.006759829819202423,
          1.6910827159881592
        ],
        [
          0.0,
          0.0,
          0.0,
          1.0
        ]
      ],
      "matrix_ego_from_sensor_carla": [
        [
          -0.5735762119293213,
          -0.8191522359848022,
          3.701779860421084e-08,
          -1.2999992370605469
        ],
        [
          0.8191522359848022,
          -0.5735761523246765,
          -3.146431026834762e-08,
          0.5499954223632812
        ],
        [
          4.594131297608328e-08,
          1.312239295003792e-08,
          1.0,
          1.6999998092651367
        ],
        [
          0.0,
          0.0,
          0.0,
          1.0
        ]
      ],
      "matrix_ego_from_sensor_bevfusion": [
        [
          -0.8191522359848022,
          -3.701779860421084e-08,
          -0.5735762119293213,
          -1.2999992370605469
        ],
        [
          0.5735761523246765,
          -3.146431026834762e-08,
          -0.8191522359848022,
          -0.5499954223632812
        ],
        [
          1.312239295003792e-08,
          -1.0,
          4.594131297608328e-08,
          1.6999998092651367
        ],
        [
          0.0,
          0.0,
          0.0,
          1.0
        ]
      ],
      "camera_intrinsics": [
        [
          685.5110473632812,
          0.0,
          480.0
        ],
        [
          0.0,
          685.5110473632812,
          270.0
        ],
        [
          0.0,
          0.0,
          1.0
        ]
      ],
      "data_path": "D:\\Agent-AI\\outputs\\s3a_ml_long_v2\\sample_000015\\images\\CAM_BACK_RIGHT.png",
      "raw_layout": "bgra8"
    },
    "LIDAR_TOP": {
      "type_id": "sensor.lidar.ray_cast",
      "blueprint_attributes": {
        "atmosphere_attenuation_rate": "0.004",
        "role_name": "front",
        "noise_seed": "0",
        "upper_fov": "10.0",
        "ros_name": "sensor.lidar.ray_cast",
        "sensor_tick": "0.100000",
        "channels": "32",
        "range": "120.0",
        "points_per_second": "360000",
        "lower_fov": "-30.0",
        "rotation_frequency": "10.000000",
        "horizontal_fov": "360.0",
        "dropoff_general_rate": "0.0",
        "dropoff_intensity_limit": "1.0",
        "noise_stddev": "0.0",
        "dropoff_zero_intensity": "0.0"
      },
      "transform_carla": {
        "location": {
          "x": 105.55722045898438,
          "y": -30.760480880737305,
          "z": 2.1955833435058594
        },
        "rotation": {
          "roll": 0.473744660615921,
          "pitch": -0.00131139624863863,
          "yaw": -99.76786041259766
        }
      },
      "matrix_world_from_sensor_carla": [
        [
          -0.16965675354003906,
          0.9854695796966553,
          0.008144563063979149,
          105.55722045898438
        ],
        [
          -0.9855031967163086,
          -0.16965076327323914,
          -0.0014253301778808236,
          -30.760480880737305
        ],
        [
          -2.2888181774760596e-05,
          -0.008268309757113457,
          0.9999658465385437,
          2.1955833435058594
        ],
        [
          0.0,
          0.0,
          0.0,
          1.0
        ]
      ],
      "matrix_world_from_sensor_bevfusion": [
        [
          -0.16965675354003906,
          -0.9854695796966553,
          0.008144563063979149,
          105.55722045898438
        ],
        [
          0.9855031967163086,
          -0.16965076327323914,
          0.0014253301778808236,
          30.760480880737305
        ],
        [
          -2.2888181774760596e-05,
          0.008268309757113457,
          0.9999658465385437,
          2.1955833435058594
        ],
        [
          0.0,
          0.0,
          0.0,
          1.0
        ]
      ],
      "matrix_ego_from_sensor_carla": [
        [
          1.0,
          3.852992147557188e-09,
          -1.500641451379625e-11,
          9.5367431640625e-07
        ],
        [
          -6.259058160651421e-09,
          0.9999999403953552,
          2.0065848982397938e-10,
          -7.62939453125e-06
        ],
        [
          2.6375283901369784e-11,
          -2.378344188258552e-10,
          1.0,
          2.1999995708465576
        ],
        [
          0.0,
          0.0,
          0.0,
          1.0
        ]
      ],
      "matrix_ego_from_sensor_bevfusion": [
        [
          1.0,
          -3.852992147557188e-09,
          -1.500641451379625e-11,
          9.5367431640625e-07
        ],
        [
          6.259058160651421e-09,
          0.9999999403953552,
          -2.0065848982397938e-10,
          7.62939453125e-06
        ],
        [
          2.6375283901369784e-11,
          2.378344188258552e-10,
          1.0,
          2.1999995708465576
        ],
        [
          0.0,
          0.0,
          0.0,
          1.0
        ]
      ],
      "data_path": "D:\\Agent-AI\\outputs\\s3a_ml_long_v2\\sample_000015\\lidar\\LIDAR_TOP.npy",
      "raw_layout": [
        "x",
        "y",
        "z",
        "intensity"
      ]
    },
    "RADAR_FRONT": {
      "type_id": "sensor.other.radar",
      "blueprint_attributes": {
        "sensor_tick": "0.100000",
        "role_name": "default",
        "noise_seed": "0",
        "ros_name": "sensor.other.radar",
        "horizontal_fov": "35.0",
        "points_per_second": "1500",
        "vertical_fov": "20.0",
        "range": "120.0"
      },
      "transform_carla": {
        "location": {
          "x": 105.20732116699219,
          "y": -32.729637145996094,
          "z": 0.8955820798873901
        },
        "rotation": {
          "roll": 0.473744660615921,
          "pitch": -0.00131139624863863,
          "yaw": -99.76786041259766
        }
      },
      "matrix_world_from_sensor_carla": [
        [
          -0.16965675354003906,
          0.9854695796966553,
          0.008144563063979149,
          105.20732116699219
        ],
        [
          -0.9855031967163086,
          -0.16965076327323914,
          -0.0014253301778808236,
          -32.729637145996094
        ],
        [
          -2.2888181774760596e-05,
          -0.008268309757113457,
          0.9999658465385437,
          0.8955820798873901
        ],
        [
          0.0,
          0.0,
          0.0,
          1.0
        ]
      ],
      "matrix_world_from_sensor_bevfusion": [
        [
          -0.16965675354003906,
          -0.9854695796966553,
          0.008144563063979149,
          105.20732116699219
        ],
        [
          0.9855031967163086,
          -0.16965076327323914,
          0.0014253301778808236,
          32.729637145996094
        ],
        [
          -2.2888181774760596e-05,
          0.008268309757113457,
          0.9999658465385437,
          0.8955820798873901
        ],
        [
          0.0,
          0.0,
          0.0,
          1.0
        ]
      ],
      "matrix_ego_from_sensor_carla": [
        [
          1.0,
          3.852992147557188e-09,
          -1.500641451379625e-11,
          2.0000038146972656
        ],
        [
          -6.259058160651421e-09,
          0.9999999403953552,
          2.0065848982397938e-10,
          -7.62939453125e-06
        ],
        [
          2.6375283901369784e-11,
          -2.378344188258552e-10,
          1.0,
          0.8999997973442078
        ],
        [
          0.0,
          0.0,
          0.0,
          1.0
        ]
      ],
      "matrix_ego_from_sensor_bevfusion": [
        [
          1.0,
          -3.852992147557188e-09,
          -1.500641451379625e-11,
          2.0000038146972656
        ],
        [
          6.259058160651421e-09,
          0.9999999403953552,
          -2.0065848982397938e-10,
          7.62939453125e-06
        ],
        [
          2.6375283901369784e-11,
          2.378344188258552e-10,
          1.0,
          0.8999997973442078
        ],
        [
          0.0,
          0.0,
          0.0,
          1.0
        ]
      ],
      "data_path": "D:\\Agent-AI\\outputs\\s3a_ml_long_v2\\sample_000015\\radar\\RADAR_FRONT.npy",
      "raw_layout": [
        "velocity",
        "altitude",
        "azimuth",
        "depth"
      ]
    },
    "RADAR_FRONT_LEFT": {
      "type_id": "sensor.other.radar",
      "blueprint_attributes": {
        "sensor_tick": "0.100000",
        "role_name": "default",
        "noise_seed": "0",
        "ros_name": "sensor.other.radar",
        "horizontal_fov": "35.0",
        "points_per_second": "1500",
        "vertical_fov": "20.0",
        "range": "120.0"
      },
      "transform_carla": {
        "location": {
          "x": 104.52759552001953,
          "y": -32.257469177246094,
          "z": 0.9017913341522217
        },
        "rotation": {
          "roll": 0.3359197676181793,
          "pitch": 0.33405086398124695,
          "yaw": -144.766845703125
        }
      },
      "matrix_world_from_sensor_carla": [
        [
          -0.8167973160743713,
          0.5768672823905945,
          0.008144455961883068,
          104.52759552001953
        ],
        [
          -0.5768952965736389,
          -0.8168169260025024,
          -0.0014254145789891481,
          -32.257469177246094
        ],
        [
          0.005830254405736923,
          -0.005862772930413485,
          0.9999658465385437,
          0.9017913341522217
        ],
        [
          0.0,
          0.0,
          0.0,
          1.0
        ]
      ],
      "matrix_world_from_sensor_bevfusion": [
        [
          -0.8167973160743713,
          -0.5768672823905945,
          0.008144455961883068,
          104.52759552001953
        ],
        [
          0.5768952965736389,
          -0.8168169260025024,
          0.0014254145789891481,
          32.257469177246094
        ],
        [
          0.005830254405736923,
          0.005862772930413485,
          0.9999658465385437,
          0.9017913341522217
        ],
        [
          0.0,
          0.0,
          0.0,
          1.0
        ]
      ],
      "matrix_ego_from_sensor_carla": [
        [
          0.7071072459220886,
          0.7071064114570618,
          1.0132271199836396e-07,
          1.6499996185302734
        ],
        [
          -0.707106351852417,
          0.7071071863174438,
          -9.200027761835372e-08,
          -0.7500076293945312
        ],
        [
          -1.3567527901159337e-07,
          -7.101496279915409e-09,
          1.0,
          0.8999997973442078
        ],
        [
          0.0,
          0.0,
          0.0,
          1.0
        ]
      ],
      "matrix_ego_from_sensor_bevfusion": [
        [
          0.7071072459220886,
          -0.7071064114570618,
          1.0132271199836396e-07,
          1.6499996185302734
        ],
        [
          0.707106351852417,
          0.7071071863174438,
          9.200027761835372e-08,
          0.7500076293945312
        ],
        [
          -1.3567527901159337e-07,
          7.101496279915409e-09,
          1.0,
          0.8999997973442078
        ],
        [
          0.0,
          0.0,
          0.0,
          1.0
        ]
      ],
      "data_path": "D:\\Agent-AI\\outputs\\s3a_ml_long_v2\\sample_000015\\radar\\RADAR_FRONT_LEFT.npy",
      "raw_layout": [
        "velocity",
        "altitude",
        "azimuth",
        "depth"
      ]
    },
    "RADAR_FRONT_RIGHT": {
      "type_id": "sensor.other.radar",
      "blueprint_attributes": {
        "sensor_tick": "0.100000",
        "role_name": "default",
